month,date,gauge_code,pcp,quality_flag,name,category,tecnology,operation,state,municipality,latitude,longitude,elevation,instalation_date,suspention_date,stream,hidrographic_area,hidrographic_zone,hidrographic_subzone,year,day,nat_region,flag_ind,pcp_ideam,pcp_ideam_flag,na_count_ideam,chirpv2,chirpv3,chirpsv2,chirpsv3_era5,chirpsv3_imerg,mean_gauges_v2,mean_gauges_v3,max_gauges_v2,max_gauges_v3,mean_gauges_v2_005,mean_gauges_v3_005,max_gauges_v2_005,max_gauges_v3_005,pentad_id,factor,pcp_ideam_flag_scale
01,2001-01-01,52050040,,"",SANDONA [52050040],Pluviométrica,Convencional,Activa,Nariño,Sandoná,1.3223,-77.4792,20,9/15/1963,,Cudayari,Pacifico,Patía,Río Guáitara,2001,01,Andes,Preliminar,0,0,0,0.440628886222839,0.440628886222839,0,0.878318607807159,5.21432971954346,3.93818187713623,4.62545442581177,5,5,0.789855062961578,0.967391312122345,1,1,1,1.03999996185303,0
01,2001-01-02,52050040,,"",SANDONA [52050040],Pluviométrica,Convencional,Activa,Nariño,Sandoná,1.3223,-77.4792,20,9/15/1963,,Cudayari,Pacifico,Patía,Río Guáitara,2001,02,Andes,Preliminar,0,0,0,0.355892539024353,0.355892539024353,0,0.66926896572113,1.04683136940002,3.93818187713623,4.62545442581177,5,5,0.789855062961578,0.967391312122345,1,1,1,1.03999996185303,0
01,2001-01-03,52050040,,"",SANDONA [52050040],Pluviométrica,Convencional,Activa,Nariño,Sandoná,1.3223,-77.4792,20,9/15/1963,,Cudayari,Pacifico,Patía,Río Guáitara,2001,03,Andes,Preliminar,0,0,0,1.93198835849762,1.93198835849762,0,1.32034730911255,0,3.93818187713623,4.62545442581177,5,5,0.789855062961578,0.967391312122345,1,1,1,1.03999996185303,0
01,2001-01-04,52050040,12,Definitivo,SANDONA [52050040],Pluviométrica,Convencional,Activa,Nariño,Sandoná,1.3223,-77.4792,20,9/15/1963,,Cudayari,Pacifico,Patía,Río Guáitara,2001,04,Andes,Definitivo,12,12,0,8.4736328125,8.4736328125,0,2.67795944213867,2.85895991325378,3.93818187713623,4.62545442581177,5,5,0.789855062961578,0.967391312122345,1,1,1,1.03999996185303,12.4799995422363
01,2001-01-05,52050040,,"",SANDONA [52050040],Pluviométrica,Convencional,Activa,Nariño,Sandoná,1.3223,-77.4792,20,9/15/1963,,Cudayari,Pacifico,Patía,Río Guáitara,2001,05,Andes,Preliminar,0,0,0,2.03367185592651,2.03367185592651,0,8.2413501739502,4.66712284088135,3.93818187713623,4.62545442581177,5,5,0.789855062961578,0.967391312122345,1,1,1,1.03999996185303,0
01,2001-01-06,52050040,,"",SANDONA [52050040],Pluviométrica,Convencional,Activa,Nariño,Sandoná,1.3223,-77.4792,20,9/15/1963,,Cudayari,Pacifico,Patía,Río Guáitara,2001,06,Andes,Preliminar,0,0,0,0.27819550037384,0.27819550037384,0,3.17448925971985,0.0509615689516068,3.93818187713623,4.62545442581177,5,5,0.789855062961578,0.967391312122345,1,1,2,1.03999996185303,0
01,2001-01-07,52050040,,"",SANDONA [52050040],Pluviométrica,Convencional,Activa,Nariño,Sandoná,1.3223,-77.4792,20,9/15/1963,,Cudayari,Pacifico,Patía,Río Guáitara,2001,07,Andes,Preliminar,0,0,0,2.18847131729126,2.18847131729126,0,0.631249248981476,0.101923137903214,3.93818187713623,4.62545442581177,5,5,0.789855062961578,0.967391312122345,1,1,2,1.03999996185303,0
01,2001-01-08,52050040,,"",SANDONA [52050040],Pluviométrica,Convencional,Activa,Nariño,Sandoná,1.3223,-77.4792,20,9/15/1963,,Cudayari,Pacifico,Patía,Río Guáitara,2001,08,Andes,Preliminar,0,0,0,3.31979966163635,3.31979966163635,0,1.54545736312866,0.15288470685482,3.93818187713623,4.62545442581177,5,5,0.789855062961578,0.967391312122345,1,1,2,1.03999996185303,0
01,2001-01-09,52050040,2,Definitivo,SANDONA [52050040],Pluviométrica,Convencional,Activa,Nariño,Sandoná,1.3223,-77.4792,20,9/15/1963,,Cudayari,Pacifico,Patía,Río Guáitara,2001,09,Andes,Definitivo,2,2,0,3.30125308036804,3.30125308036804,0,2.8933699131012,12.2435169219971,3.93818187713623,4.62545442581177,5,5,0.789855062961578,0.967391312122345,1,1,2,1.03999996185303,2.07999992370605
01,2001-01-10,52050040,5,Definitivo,SANDONA [52050040],Pluviométrica,Convencional,Activa,Nariño,Sandoná,1.3223,-77.4792,20,9/15/1963,,Cudayari,Pacifico,Patía,Río Guáitara,2001,10,Andes,Definitivo,5,5,0,7.71528816223145,7.71528816223145,0,7.80832958221436,3.50360798835754,3.93818187713623,4.62545442581177,5,5,0.789855062961578,0.967391312122345,1,1,2,1.03999996185303,5.19999980926514
01,2001-01-11,52050040,,"",SANDONA [52050040],Pluviométrica,Convencional,Activa,Nariño,Sandoná,1.3223,-77.4792,20,9/15/1963,,Cudayari,Pacifico,Patía,Río Guáitara,2001,11,Andes,Preliminar,0,0,0,9.39463424682617,9.39463424682617,0,2.7633855342865,1.17519855499268,3.93818187713623,4.62545442581177,5,5,0.789855062961578,0.967391312122345,1,1,3,1.03999996185303,0
01,2001-01-12,52050040,,"",SANDONA [52050040],Pluviométrica,Convencional,Activa,Nariño,Sandoná,1.3223,-77.4792,20,9/15/1963,,Cudayari,Pacifico,Patía,Río Guáitara,2001,12,Andes,Preliminar,0,0,0,0.0774283036589623,0.0774283036589623,0,0.774029731750488,0.0319584272801876,3.93818187713623,4.62545442581177,5,5,0.789855062961578,0.967391312122345,1,1,3,1.03999996185303,0
01,2001-01-13,52050040,,"",SANDONA [52050040],Pluviométrica,Convencional,Activa,Nariño,Sandoná,1.3223,-77.4792,20,9/15/1963,,Cudayari,Pacifico,Patía,Río Guáitara,2001,13,Andes,Preliminar,0,0,0,0.219380214810371,0.219380214810371,21.8844738006592,0.818563640117645,4.11101579666138,3.93818187713623,4.62545442581177,5,5,0.789855062961578,0.967391312122345,1,1,3,1.03999996185303,0
01,2001-01-14,52050040,,"",SANDONA [52050040],Pluviométrica,Convencional,Activa,Nariño,Sandoná,1.3223,-77.4792,20,9/15/1963,,Cudayari,Pacifico,Patía,Río Guáitara,2001,14,Andes,Preliminar,0,0,0,1.7292320728302,1.7292320728302,0,0.657326221466065,0.560725152492523,3.93818187713623,4.62545442581177,5,5,0.789855062961578,0.967391312122345,1,1,3,1.03999996185303,0
01,2001-01-15,52050040,,"",SANDONA [52050040],Pluviométrica,Convencional,Activa,Nariño,Sandoná,1.3223,-77.4792,20,9/15/1963,,Cudayari,Pacifico,Patía,Río Guáitara,2001,15,Andes,Preliminar,0,0,0,3.27779793739319,3.27779793739319,0,0.93532007932663,0.0697274729609489,3.93818187713623,4.62545442581177,5,5,0.789855062961578,0.967391312122345,1,1,3,1.03999996185303,0
01,2001-01-16,52050040,6,Definitivo,SANDONA [52050040],Pluviométrica,Convencional,Activa,Nariño,Sandoná,1.3223,-77.4792,20,9/15/1963,,Cudayari,Pacifico,Patía,Río Guáitara,2001,16,Andes,Definitivo,6,6,0,1.33260452747345,1.33260452747345,0,5.56827545166016,0.571111261844635,3.93818187713623,4.62545442581177,5,5,0.789855062961578,0.967391312122345,1,1,4,1.03999996185303,6.23999977111816
01,2001-01-17,52050040,5,Definitivo,SANDONA [52050040],Pluviométrica,Convencional,Activa,Nariño,Sandoná,1.3223,-77.4792,20,9/15/1963,,Cudayari,Pacifico,Patía,Río Guáitara,2001,17,Andes,Definitivo,5,5,0,11.2205286026001,11.2205286026001,112.350868225098,10.6589326858521,9.36979293823242,3.93818187713623,4.62545442581177,5,5,0.789855062961578,0.967391312122345,1,1,4,1.03999996185303,5.19999980926514
01,2001-01-18,52050040,10,Definitivo,SANDONA [52050040],Pluviométrica,Convencional,Activa,Nariño,Sandoná,1.3223,-77.4792,20,9/15/1963,,Cudayari,Pacifico,Patía,Río Guáitara,2001,18,Andes,Definitivo,10,10,0,10.7852125167847,10.7852125167847,0,4.37908887863159,0.342666804790497,3.93818187713623,4.62545442581177,5,5,0.789855062961578,0.967391312122345,1,1,4,1.03999996185303,10.3999996185303
01,2001-01-19,52050040,22,Definitivo,SANDONA [52050040],Pluviométrica,Convencional,Activa,Nariño,Sandoná,1.3223,-77.4792,20,9/15/1963,,Cudayari,Pacifico,Patía,Río Guáitara,2001,19,Andes,Definitivo,22,22,0,6.29877662658691,6.29877662658691,0,4.59088087081909,18.0506896972656,3.93818187713623,4.62545442581177,5,5,0.789855062961578,0.967391312122345,1,1,4,1.03999996185303,22.8799991607666
01,2001-01-20,52050040,7,Definitivo,SANDONA [52050040],Pluviométrica,Convencional,Activa,Nariño,Sandoná,1.3223,-77.4792,20,9/15/1963,,Cudayari,Pacifico,Patía,Río Guáitara,2001,20,Andes,Definitivo,7,7,0,9.6658239364624,9.6658239364624,0,7.04205703735352,3.90497303009033,3.93818187713623,4.62545442581177,5,5,0.789855062961578,0.967391312122345,1,1,4,1.03999996185303,7.27999973297119
01,2001-01-21,52050040,4,Definitivo,SANDONA [52050040],Pluviométrica,Convencional,Activa,Nariño,Sandoná,1.3223,-77.4792,20,9/15/1963,,Cudayari,Pacifico,Patía,Río Guáitara,2001,21,Andes,Definitivo,4,4,0,3.77736568450928,3.77736568450928,0,2.82836055755615,4.4855432510376,3.93818187713623,4.62545442581177,5,5,0.789855062961578,0.967391312122345,1,1,5,1.03999996185303,4.15999984741211
01,2001-01-22,52050040,8,Definitivo,SANDONA [52050040],Pluviométrica,Convencional,Activa,Nariño,Sandoná,1.3223,-77.4792,20,9/15/1963,,Cudayari,Pacifico,Patía,Río Guáitara,2001,22,Andes,Definitivo,8,8,0,5.02608108520508,5.02608108520508,0,3.58664727210999,1.03023099899292,3.93818187713623,4.62545442581177,5,5,0.789855062961578,0.967391312122345,1,1,5,1.03999996185303,8.31999969482422
01,2001-01-23,52050040,11,Definitivo,SANDONA [52050040],Pluviométrica,Convencional,Activa,Nariño,Sandoná,1.3223,-77.4792,20,9/15/1963,,Cudayari,Pacifico,Patía,Río Guáitara,2001,23,Andes,Definitivo,11,11,0,9.81022453308105,9.81022453308105,0,2.40262675285339,3.81258964538574,3.93818187713623,4.62545442581177,5,5,0.789855062961578,0.967391312122345,1,1,5,1.03999996185303,11.4399995803833
01,2001-01-24,52050040,,"",SANDONA [52050040],Pluviométrica,Convencional,Activa,Nariño,Sandoná,1.3223,-77.4792,20,9/15/1963,,Cudayari,Pacifico,Patía,Río Guáitara,2001,24,Andes,Preliminar,0,0,0,1.02238607406616,1.02238607406616,0,0.512406229972839,0.193321287631989,3.93818187713623,4.62545442581177,5,5,0.789855062961578,0.967391312122345,1,1,5,1.03999996185303,0
01,2001-01-25,52050040,,"",SANDONA [52050040],Pluviométrica,Convencional,Activa,Nariño,Sandoná,1.3223,-77.4792,20,9/15/1963,,Cudayari,Pacifico,Patía,Río Guáitara,2001,25,Andes,Preliminar,0,0,0,1.59211266040802,1.59211266040802,0,0.734901428222656,0.543257236480713,3.93818187713623,4.62545442581177,5,5,0.789855062961578,0.967391312122345,1,1,5,1.03999996185303,0
01,2001-01-26,52050040,,"",SANDONA [52050040],Pluviométrica,Convencional,Activa,Nariño,Sandoná,1.3223,-77.4792,20,9/15/1963,,Cudayari,Pacifico,Patía,Río Guáitara,2001,26,Andes,Preliminar,0,0,0,2.62290191650391,2.62290191650391,0,0.315062999725342,0.0196605920791626,3.93818187713623,4.62545442581177,5,5,0.789855062961578,0.967391312122345,1,1,6,1.03999996185303,0
01,2001-01-27,52050040,,"",SANDONA [52050040],Pluviométrica,Convencional,Activa,Nariño,Sandoná,1.3223,-77.4792,20,9/15/1963,,Cudayari,Pacifico,Patía,Río Guáitara,2001,27,Andes,Preliminar,0,0,0,2.98468112945557,2.98468112945557,0,0.21645624935627,0.385347664356232,3.93818187713623,4.62545442581177,5,5,0.789855062961578,0.967391312122345,1,1,6,1.03999996185303,0
01,2001-01-28,52050040,,"",SANDONA [52050040],Pluviométrica,Convencional,Activa,Nariño,Sandoná,1.3223,-77.4792,20,9/15/1963,,Cudayari,Pacifico,Patía,Río Guáitara,2001,28,Andes,Preliminar,0,0,0,2.57767963409424,2.57767963409424,0,0.17406365275383,0.0393211841583252,3.93818187713623,4.62545442581177,5,5,0.789855062961578,0.967391312122345,1,1,6,1.03999996185303,0
01,2001-01-29,52050040,,"",SANDONA [52050040],Pluviométrica,Convencional,Activa,Nariño,Sandoná,1.3223,-77.4792,20,9/15/1963,,Cudayari,Pacifico,Patía,Río Guáitara,2001,29,Andes,Preliminar,0,0,0,3.07512664794922,3.07512664794922,0,0.160804510116577,0,3.93818187713623,4.62545442581177,5,5,0.789855062961578,0.967391312122345,1,1,6,1.03999996185303,0
01,2001-01-30,52050040,,"",SANDONA [52050040],Pluviométrica,Convencional,Activa,Nariño,Sandoná,1.3223,-77.4792,20,9/15/1963,,Cudayari,Pacifico,Patía,Río Guáitara,2001,30,Andes,Preliminar,0,0,0,2.17067742347717,2.17067742347717,0,0.159715667366982,0.770695328712463,3.93818187713623,4.62545442581177,5,5,0.789855062961578,0.967391312122345,1,1,6,1.03999996185303,0
01,2001-01-31,52050040,,"",SANDONA [52050040],Pluviométrica,Convencional,Activa,Nariño,Sandoná,1.3223,-77.4792,20,9/15/1963,,Cudayari,Pacifico,Patía,Río Guáitara,2001,31,Andes,Preliminar,0,0,0,1.98978781700134,1.98978781700134,0,0.18892166018486,0,3.93818187713623,4.62545442581177,5,5,0.789855062961578,0.967391312122345,1,1,6,1.03999996185303,0
01,2004-01-30,52050040,,"",SANDONA [52050040],Pluviométrica,Convencional,Activa,Nariño,Sandoná,1.3223,-77.4792,20,9/15/1963,,Cudayari,Pacifico,Patía,Río Guáitara,2004,30,Andes,Preliminar,0,0,0,0.154790416359901,0.154790416359901,0,0.0248192809522152,0,3.93818187713623,4.62545442581177,5,5,0.789855062961578,0.967391312122345,1,1,6,1.03999996185303,0
01,2004-01-31,52050040,,"",SANDONA [52050040],Pluviométrica,Convencional,Activa,Nariño,Sandoná,1.3223,-77.4792,20,9/15/1963,,Cudayari,Pacifico,Patía,Río Guáitara,2004,31,Andes,Preliminar,0,0,0,1.39311361312866,1.39311361312866,0,0.0251823756843805,0,3.93818187713623,4.62545442581177,5,5,0.789855062961578,0.967391312122345,1,1,6,1.03999996185303,0
01,2007-01-29,52050040,,"",SANDONA [52050040],Pluviométrica,Convencional,Activa,Nariño,Sandoná,1.3223,-77.4792,20,9/15/1963,,Cudayari,Pacifico,Patía,Río Guáitara,2007,29,Andes,Preliminar,0,0,0,1.86734318733215,1.86734318733215,0,0.693759799003601,0.857697784900665,3.93818187713623,4.62545442581177,5,5,0.789855062961578,0.967391312122345,1,1,6,1.03999996185303,0
01,2007-01-30,52050040,,"",SANDONA [52050040],Pluviométrica,Convencional,Activa,Nariño,Sandoná,1.3223,-77.4792,20,9/15/1963,,Cudayari,Pacifico,Patía,Río Guáitara,2007,30,Andes,Preliminar,0,0,0,1.98552942276001,1.98552942276001,0,1.6127610206604,0,3.93818187713623,4.62545442581177,5,5,0.789855062961578,0.967391312122345,1,1,6,1.03999996185303,0
01,2007-01-31,52050040,,"",SANDONA [52050040],Pluviométrica,Convencional,Activa,Nariño,Sandoná,1.3223,-77.4792,20,9/15/1963,,Cudayari,Pacifico,Patía,Río Guáitara,2007,31,Andes,Preliminar,0,0,0,1.65460777282715,1.65460777282715,0,1.22084057331085,0,3.93818187713623,4.62545442581177,5,5,0.789855062961578,0.967391312122345,1,1,6,1.03999996185303,0
01,2010-01-29,52050040,,"",SANDONA [52050040],Pluviométrica,Convencional,Activa,Nariño,Sandoná,1.3223,-77.4792,20,9/15/1963,,Cudayari,Pacifico,Patía,Río Guáitara,2010,29,Andes,Preliminar,0,0,0,5.30665874481201,5.30665874481201,0,2.83675289154053,0.0120377624407411,3.93818187713623,4.62545442581177,5,5,0.789855062961578,0.967391312122345,1,1,6,1.03999996185303,0
01,2010-01-30,52050040,,"",SANDONA [52050040],Pluviométrica,Convencional,Activa,Nariño,Sandoná,1.3223,-77.4792,20,9/15/1963,,Cudayari,Pacifico,Patía,Río Guáitara,2010,30,Andes,Preliminar,0,0,0,0.0138555057346821,0.0138555057346821,0,0.777545392513275,0,3.93818187713623,4.62545442581177,5,5,0.789855062961578,0.967391312122345,1,1,6,1.03999996185303,0
01,2010-01-31,52050040,,"",SANDONA [52050040],Pluviométrica,Convencional,Activa,Nariño,Sandoná,1.3223,-77.4792,20,9/15/1963,,Cudayari,Pacifico,Patía,Río Guáitara,2010,31,Andes,Preliminar,0,0,0,0,0,0,0.408180385828018,0,3.93818187713623,4.62545442581177,5,5,0.789855062961578,0.967391312122345,1,1,6,1.03999996185303,0
01,2013-01-29,52050040,,"",SANDONA [52050040],Pluviométrica,Convencional,Activa,Nariño,Sandoná,1.3223,-77.4792,20,9/15/1963,,Cudayari,Pacifico,Patía,Río Guáitara,2013,29,Andes,Preliminar,0,0,0,2.84740161895752,2.84740161895752,0,0.135588601231575,0.146602272987366,3.93818187713623,4.62545442581177,5,5,0.789855062961578,0.967391312122345,1,1,6,1.03999996185303,0
01,2013-01-30,52050040,,"",SANDONA [52050040],Pluviométrica,Convencional,Activa,Nariño,Sandoná,1.3223,-77.4792,20,9/15/1963,,Cudayari,Pacifico,Patía,Río Guáitara,2013,30,Andes,Preliminar,0,0,0,5.12224340438843,5.12224340438843,0,0.277121543884277,0.0207946486771107,3.93818187713623,4.62545442581177,5,5,0.789855062961578,0.967391312122345,1,1,6,1.03999996185303,0
01,2013-01-31,52050040,,"",SANDONA [52050040],Pluviométrica,Convencional,Activa,Nariño,Sandoná,1.3223,-77.4792,20,9/15/1963,,Cudayari,Pacifico,Patía,Río Guáitara,2013,31,Andes,Preliminar,0,0,0,4.8398175239563,4.8398175239563,0,0.379510819911957,0,3.93818187713623,4.62545442581177,5,5,0.789855062961578,0.967391312122345,1,1,6,1.03999996185303,0
01,2016-01-30,52050040,5,Definitivo,SANDONA [52050040],Pluviométrica,Convencional,Activa,Nariño,Sandoná,1.3223,-77.4792,20,9/15/1963,,Cudayari,Pacifico,Patía,Río Guáitara,2016,30,Andes,Definitivo,5,5,0,7.13256692886353,7.13256692886353,0,1.55434966087341,0.320986479520798,3.93818187713623,4.62545442581177,5,5,0.789855062961578,0.967391312122345,1,1,6,1.03999996185303,5.19999980926514
01,2016-01-31,52050040,,"",SANDONA [52050040],Pluviométrica,Convencional,Activa,Nariño,Sandoná,1.3223,-77.4792,20,9/15/1963,,Cudayari,Pacifico,Patía,Río Guáitara,2016,31,Andes,Preliminar,0,0,0,4.55538702011108,4.55538702011108,0,0.422069609165192,0,3.93818187713623,4.62545442581177,5,5,0.789855062961578,0.967391312122345,1,1,6,1.03999996185303,0
01,2019-01-29,52050040,15,Definitivo,SANDONA [52050040],Pluviométrica,Convencional,Activa,Nariño,Sandoná,1.3223,-77.4792,20,9/15/1963,,Cudayari,Pacifico,Patía,Río Guáitara,2019,29,Andes,Definitivo,15,15,0,7.70883464813232,7.70883464813232,45.0779647827149,3.62805700302124,7.06350135803223,3.93818187713623,4.62545442581177,5,5,0.789855062961578,0.967391312122345,1,1,6,1.03999996185303,15.5999994277954
01,2019-01-30,52050040,5,Definitivo,SANDONA [52050040],Pluviométrica,Convencional,Activa,Nariño,Sandoná,1.3223,-77.4792,20,9/15/1963,,Cudayari,Pacifico,Patía,Río Guáitara,2019,30,Andes,Definitivo,5,5,0,7.21696329116821,7.21696329116821,0,6.67799139022827,8.24178791046143,3.93818187713623,4.62545442581177,5,5,0.789855062961578,0.967391312122345,1,1,6,1.03999996185303,5.19999980926514
01,2019-01-31,52050040,5,Definitivo,SANDONA [52050040],Pluviométrica,Convencional,Activa,Nariño,Sandoná,1.3223,-77.4792,20,9/15/1963,,Cudayari,Pacifico,Patía,Río Guáitara,2019,31,Andes,Definitivo,5,5,0,4.87148809432983,4.87148809432983,0,3.50401067733765,0.0716948285698891,3.93818187713623,4.62545442581177,5,5,0.789855062961578,0.967391312122345,1,1,6,1.03999996185303,5.19999980926514
01,2022-01-29,52050040,3,En revisión,SANDONA [52050040],Pluviométrica,Convencional,Activa,Nariño,Sandoná,1.3223,-77.4792,20,9/15/1963,,Cudayari,Pacifico,Patía,Río Guáitara,2022,29,Andes,En revisión,3,3,0,7.90654850006104,7.90654850006104,0,6.69878339767456,8.9267578125,3.93818187713623,4.62545442581177,5,5,0.789855062961578,0.967391312122345,1,1,6,1.03999996185303,3.11999988555908
01,2022-01-30,52050040,21,En revisión,SANDONA [52050040],Pluviométrica,Convencional,Activa,Nariño,Sandoná,1.3223,-77.4792,20,9/15/1963,,Cudayari,Pacifico,Patía,Río Guáitara,2022,30,Andes,En revisión,21,21,0,6.6827335357666,6.6827335357666,0,9.70041561126709,0,3.93818187713623,4.62545442581177,5,5,0.789855062961578,0.967391312122345,1,1,6,1.03999996185303,21.8399991989136
01,2022-01-31,52050040,1,En revisión,SANDONA [52050040],Pluviométrica,Convencional,Activa,Nariño,Sandoná,1.3223,-77.4792,20,9/15/1963,,Cudayari,Pacifico,Patía,Río Guáitara,2022,31,Andes,En revisión,1,1,0,6.91844081878662,6.91844081878662,57.9053573608399,6.10854005813599,23.7657413482666,3.93818187713623,4.62545442581177,5,5,0.789855062961578,0.967391312122345,1,1,6,1.03999996185303,1.03999996185303
01,2023-01-31,52050040,5,En revisión,SANDONA [52050040],Pluviométrica,Convencional,Activa,Nariño,Sandoná,1.3223,-77.4792,20,9/15/1963,,Cudayari,Pacifico,Patía,Río Guáitara,2023,31,Andes,En revisión,5,5,0,6.14853477478027,6.14853477478027,0,0.100788973271847,0.160671219229698,3.93818187713623,4.62545442581177,5,5,0.789855062961578,0.967391312122345,1,1,6,1.03999996185303,5.19999980926514
01,2021-01-31,52050040,,"",SANDONA [52050040],Pluviométrica,Convencional,Activa,Nariño,Sandoná,1.3223,-77.4792,20,9/15/1963,,Cudayari,Pacifico,Patía,Río Guáitara,2021,31,Andes,Preliminar,0,0,0,0.625645577907562,0.625645577907562,0,1.00892102718353,0,3.93818187713623,4.62545442581177,5,5,0.789855062961578,0.967391312122345,1,1,6,1.03999996185303,0
01,2021-01-28,52050040,9,En revisión,SANDONA [52050040],Pluviométrica,Convencional,Activa,Nariño,Sandoná,1.3223,-77.4792,20,9/15/1963,,Cudayari,Pacifico,Patía,Río Guáitara,2021,28,Andes,En revisión,9,9,0,14.5095977783203,14.5095977783203,0,3.58477807044983,0.713026940822601,3.93818187713623,4.62545442581177,5,5,0.789855062961578,0.967391312122345,1,1,6,1.03999996185303,9.35999965667725
01,2023-01-26,52050040,,"",SANDONA [52050040],Pluviométrica,Convencional,Activa,Nariño,Sandoná,1.3223,-77.4792,20,9/15/1963,,Cudayari,Pacifico,Patía,Río Guáitara,2023,26,Andes,Preliminar,0,0,0,3.17995762825012,3.17995762825012,0,0.0495579615235329,0,3.93818187713623,4.62545442581177,5,5,0.789855062961578,0.967391312122345,1,1,6,1.03999996185303,0
01,2023-01-23,52050040,0,En revisión,SANDONA [52050040],Pluviométrica,Convencional,Activa,Nariño,Sandoná,1.3223,-77.4792,20,9/15/1963,,Cudayari,Pacifico,Patía,Río Guáitara,2023,23,Andes,En revisión,0,0,0,4.8586573600769,4.8586573600769,0,2.75938534736633,0.421467572450638,3.93818187713623,4.62545442581177,5,5,0.789855062961578,0.967391312122345,1,1,5,1.03999996185303,0
01,2023-01-20,52050040,5,En revisión,SANDONA [52050040],Pluviométrica,Convencional,Activa,Nariño,Sandoná,1.3223,-77.4792,20,9/15/1963,,Cudayari,Pacifico,Patía,Río Guáitara,2023,20,Andes,En revisión,5,5,0,12.0038375854492,12.0038375854492,34.7970237731934,5.60803604125977,23.0710182189941,3.93818187713623,4.62545442581177,5,5,0.789855062961578,0.967391312122345,1,1,4,1.03999996185303,5.19999980926514
01,2021-01-20,52050040,,"",SANDONA [52050040],Pluviométrica,Convencional,Activa,Nariño,Sandoná,1.3223,-77.4792,20,9/15/1963,,Cudayari,Pacifico,Patía,Río Guáitara,2021,20,Andes,Preliminar,0,0,0,2.49306130409241,2.49306130409241,0,1.09860336780548,0.8700070977211,3.93818187713623,4.62545442581177,5,5,0.789855062961578,0.967391312122345,1,1,4,1.03999996185303,0
01,2021-01-17,52050040,,"",SANDONA [52050040],Pluviométrica,Convencional,Activa,Nariño,Sandoná,1.3223,-77.4792,20,9/15/1963,,Cudayari,Pacifico,Patía,Río Guáitara,2021,17,Andes,Preliminar,5,5,0,3.21285629272461,3.21285629272461,0,0.816302120685577,0.952633321285248,3.93818187713623,4.62545442581177,5,5,0.789855062961578,0.967391312122345,1,1,4,1.03999996185303,5.19999980926514
01,2023-01-15,52050040,9,En revisión,SANDONA [52050040],Pluviométrica,Convencional,Activa,Nariño,Sandoná,1.3223,-77.4792,20,9/15/1963,,Cudayari,Pacifico,Patía,Río Guáitara,2023,15,Andes,En revisión,9,9,0,24.3183898925781,24.3183898925781,14.6157512664795,8.78116607666016,9.09053611755371,3.93818187713623,4.62545442581177,5,5,0.789855062961578,0.967391312122345,1,1,3,1.03999996185303,9.35999965667725
01,2023-01-12,52050040,3,En revisión,SANDONA [52050040],Pluviométrica,Convencional,Activa,Nariño,Sandoná,1.3223,-77.4792,20,9/15/1963,,Cudayari,Pacifico,Patía,Río Guáitara,2023,12,Andes,En revisión,3,3,0,10.3032064437866,10.3032064437866,0,19.1400051116943,3.53486275672913,3.93818187713623,4.62545442581177,5,5,0.789855062961578,0.967391312122345,1,1,3,1.03999996185303,3.11999988555908
01,2002-01-18,52050040,,"",SANDONA [52050040],Pluviométrica,Convencional,Activa,Nariño,Sandoná,1.3223,-77.4792,20,9/15/1963,,Cudayari,Pacifico,Patía,Río Guáitara,2002,18,Andes,Preliminar,0,0,0,0.00963515695184469,0.00963515695184469,0,0.420850366353989,0.038402147591114,3.93818187713623,4.62545442581177,5,5,0.789855062961578,0.967391312122345,1,1,4,1.03999996185303,0
01,2002-01-19,52050040,,"",SANDONA [52050040],Pluviométrica,Convencional,Activa,Nariño,Sandoná,1.3223,-77.4792,20,9/15/1963,,Cudayari,Pacifico,Patía,Río Guáitara,2002,19,Andes,Preliminar,0,0,0,0.0385406278073788,0.0385406278073788,0,0.122741848230362,0.108348935842514,3.93818187713623,4.62545442581177,5,5,0.789855062961578,0.967391312122345,1,1,4,1.03999996185303,0
01,2002-01-20,52050040,,"",SANDONA [52050040],Pluviométrica,Convencional,Activa,Nariño,Sandoná,1.3223,-77.4792,20,9/15/1963,,Cudayari,Pacifico,Patía,Río Guáitara,2002,20,Andes,Preliminar,0,0,0,6.01233816146851,6.01233816146851,0,0.199873313307762,0.0438881739974022,3.93818187713623,4.62545442581177,5,5,0.789855062961578,0.967391312122345,1,1,4,1.03999996185303,0
01,2002-01-21,52050040,,"",SANDONA [52050040],Pluviométrica,Convencional,Activa,Nariño,Sandoná,1.3223,-77.4792,20,9/15/1963,,Cudayari,Pacifico,Patía,Río Guáitara,2002,21,Andes,Preliminar,0,0,0,2.15505909919739,2.15505909919739,0,1.31876313686371,0.304739087820053,3.93818187713623,4.62545442581177,5,5,0.789855062961578,0.967391312122345,1,1,5,1.03999996185303,0
01,2002-01-22,52050040,,"",SANDONA [52050040],Pluviométrica,Convencional,Activa,Nariño,Sandoná,1.3223,-77.4792,20,9/15/1963,,Cudayari,Pacifico,Patía,Río Guáitara,2002,22,Andes,Preliminar,0,0,0,2.6713752746582,2.6713752746582,0,0.271399676799774,0.152369543910027,3.93818187713623,4.62545442581177,5,5,0.789855062961578,0.967391312122345,1,1,5,1.03999996185303,0
01,2002-01-23,52050040,,"",SANDONA [52050040],Pluviométrica,Convencional,Activa,Nariño,Sandoná,1.3223,-77.4792,20,9/15/1963,,Cudayari,Pacifico,Patía,Río Guáitara,2002,23,Andes,Preliminar,0,0,0,1.72853672504425,1.72853672504425,0,0.306159466505051,0,3.93818187713623,4.62545442581177,5,5,0.789855062961578,0.967391312122345,1,1,5,1.03999996185303,0
01,2002-01-24,52050040,,"",SANDONA [52050040],Pluviométrica,Convencional,Activa,Nariño,Sandoná,1.3223,-77.4792,20,9/15/1963,,Cudayari,Pacifico,Patía,Río Guáitara,2002,24,Andes,Preliminar,0,0,0,3.54686808586121,3.54686808586121,0,0.309388488531113,0,3.93818187713623,4.62545442581177,5,5,0.789855062961578,0.967391312122345,1,1,5,1.03999996185303,0
01,2002-01-25,52050040,,"",SANDONA [52050040],Pluviométrica,Convencional,Activa,Nariño,Sandoná,1.3223,-77.4792,20,9/15/1963,,Cudayari,Pacifico,Patía,Río Guáitara,2002,25,Andes,Preliminar,0,0,0,1.03263247013092,1.03263247013092,0,0.27029424905777,2.01889610290527,3.93818187713623,4.62545442581177,5,5,0.789855062961578,0.967391312122345,1,1,5,1.03999996185303,0
01,2002-01-26,52050040,,"",SANDONA [52050040],Pluviométrica,Convencional,Activa,Nariño,Sandoná,1.3223,-77.4792,20,9/15/1963,,Cudayari,Pacifico,Patía,Río Guáitara,2002,26,Andes,Preliminar,0,0,0,0.365636229515076,0.365636229515076,0,0.0298990812152624,0.0471800267696381,3.93818187713623,4.62545442581177,5,5,0.789855062961578,0.967391312122345,1,1,6,1.03999996185303,0
01,2002-01-27,52050040,,"",SANDONA [52050040],Pluviométrica,Convencional,Activa,Nariño,Sandoná,1.3223,-77.4792,20,9/15/1963,,Cudayari,Pacifico,Patía,Río Guáitara,2002,27,Andes,Preliminar,0,0,0,0.0997189730405807,0.0997189730405807,0,0.0222399532794952,0.0620080232620239,3.93818187713623,4.62545442581177,5,5,0.789855062961578,0.967391312122345,1,1,6,1.03999996185303,0
01,2002-01-28,52050040,,"",SANDONA [52050040],Pluviométrica,Convencional,Activa,Nariño,Sandoná,1.3223,-77.4792,20,9/15/1963,,Cudayari,Pacifico,Patía,Río Guáitara,2002,28,Andes,Preliminar,0,0,0,0.797751784324646,0.797751784324646,0,0.00625324528664351,0,3.93818187713623,4.62545442581177,5,5,0.789855062961578,0.967391312122345,1,1,6,1.03999996185303,0
01,2002-01-29,52050040,,"",SANDONA [52050040],Pluviométrica,Convencional,Activa,Nariño,Sandoná,1.3223,-77.4792,20,9/15/1963,,Cudayari,Pacifico,Patía,Río Guáitara,2002,29,Andes,Preliminar,0,0,0,2.89184975624084,2.89184975624084,0,0.0287070143967867,0.0363960154354572,3.93818187713623,4.62545442581177,5,5,0.789855062961578,0.967391312122345,1,1,6,1.03999996185303,0
01,2002-01-30,52050040,,"",SANDONA [52050040],Pluviométrica,Convencional,Activa,Nariño,Sandoná,1.3223,-77.4792,20,9/15/1963,,Cudayari,Pacifico,Patía,Río Guáitara,2002,30,Andes,Preliminar,0,0,0,4.05523824691772,4.05523824691772,0,0.0414330027997494,0,3.93818187713623,4.62545442581177,5,5,0.789855062961578,0.967391312122345,1,1,6,1.03999996185303,0
01,2002-01-31,52050040,,"",SANDONA [52050040],Pluviométrica,Convencional,Activa,Nariño,Sandoná,1.3223,-77.4792,20,9/15/1963,,Cudayari,Pacifico,Patía,Río Guáitara,2002,31,Andes,Preliminar,0,0,0,6.98032712936401,6.98032712936401,0,0.0871477946639061,0.070096030831337,3.93818187713623,4.62545442581177,5,5,0.789855062961578,0.967391312122345,1,1,6,1.03999996185303,0
01,2005-01-29,52050040,5,Definitivo,SANDONA [52050040],Pluviométrica,Convencional,Activa,Nariño,Sandoná,1.3223,-77.4792,20,9/15/1963,,Cudayari,Pacifico,Patía,Río Guáitara,2005,29,Andes,Definitivo,5,5,0,9.64045333862305,9.64045333862305,0,0.0728752538561821,0.025752255693078,3.93818187713623,4.62545442581177,5,5,0.789855062961578,0.967391312122345,1,1,6,1.03999996185303,5.19999980926514
01,2005-01-30,52050040,3,Definitivo,SANDONA [52050040],Pluviométrica,Convencional,Activa,Nariño,Sandoná,1.3223,-77.4792,20,9/15/1963,,Cudayari,Pacifico,Patía,Río Guáitara,2005,30,Andes,Definitivo,3,3,0,6.73887300491333,6.73887300491333,0,0.228162333369255,0.153756126761436,3.93818187713623,4.62545442581177,5,5,0.789855062961578,0.967391312122345,1,1,6,1.03999996185303,3.11999988555908
01,2005-01-31,52050040,,"",SANDONA [52050040],Pluviométrica,Convencional,Activa,Nariño,Sandoná,1.3223,-77.4792,20,9/15/1963,,Cudayari,Pacifico,Patía,Río Guáitara,2005,31,Andes,Preliminar,0,0,0,4.48113632202148,4.48113632202148,0,0.0414818376302719,0.128003865480423,3.93818187713623,4.62545442581177,5,5,0.789855062961578,0.967391312122345,1,1,6,1.03999996185303,0
01,2008-01-30,52050040,3,Definitivo,SANDONA [52050040],Pluviométrica,Convencional,Activa,Nariño,Sandoná,1.3223,-77.4792,20,9/15/1963,,Cudayari,Pacifico,Patía,Río Guáitara,2008,30,Andes,Definitivo,3,3,0,2.32315421104431,2.32315421104431,0,0.0936830341815948,0.18766251206398,3.93818187713623,4.62545442581177,5,5,0.789855062961578,0.967391312122345,1,1,6,1.03999996185303,3.11999988555908
01,2008-01-31,52050040,2,Definitivo,SANDONA [52050040],Pluviométrica,Convencional,Activa,Nariño,Sandoná,1.3223,-77.4792,20,9/15/1963,,Cudayari,Pacifico,Patía,Río Guáitara,2008,31,Andes,Definitivo,2,2,0,0.6582270860672,0.6582270860672,0,0.059373565018177,0,3.93818187713623,4.62545442581177,5,5,0.789855062961578,0.967391312122345,1,1,6,1.03999996185303,2.07999992370605
01,2011-01-29,52050040,,"",SANDONA [52050040],Pluviométrica,Convencional,Activa,Nariño,Sandoná,1.3223,-77.4792,20,9/15/1963,,Cudayari,Pacifico,Patía,Río Guáitara,2011,29,Andes,Preliminar,0,0,0,4.70193958282471,4.70193958282471,0,2.81067442893982,0.60481595993042,3.93818187713623,4.62545442581177,5,5,0.789855062961578,0.967391312122345,1,1,6,1.03999996185303,0
01,2011-01-30,52050040,,"",SANDONA [52050040],Pluviométrica,Convencional,Activa,Nariño,Sandoná,1.3223,-77.4792,20,9/15/1963,,Cudayari,Pacifico,Patía,Río Guáitara,2011,30,Andes,Preliminar,0,0,0,4.25836086273193,4.25836086273193,43.1283264160156,1.51565098762512,3.51237201690674,3.93818187713623,4.62545442581177,5,5,0.789855062961578,0.967391312122345,1,1,6,1.03999996185303,0
01,2011-01-31,52050040,,"",SANDONA [52050040],Pluviométrica,Convencional,Activa,Nariño,Sandoná,1.3223,-77.4792,20,9/15/1963,,Cudayari,Pacifico,Patía,Río Guáitara,2011,31,Andes,Preliminar,0,0,0,1.37509572505951,1.37509572505951,0,1.89186012744904,0.810120522975922,3.93818187713623,4.62545442581177,5,5,0.789855062961578,0.967391312122345,1,1,6,1.03999996185303,0
01,2014-01-29,52050040,10,Definitivo,SANDONA [52050040],Pluviométrica,Convencional,Activa,Nariño,Sandoná,1.3223,-77.4792,20,9/15/1963,,Cudayari,Pacifico,Patía,Río Guáitara,2014,29,Andes,Definitivo,10,10,0,18.6579875946045,18.6579875946045,33.7084503173828,5.04473781585693,14.2249584197998,3.93818187713623,4.62545442581177,5,5,0.789855062961578,0.967391312122345,1,1,6,1.03999996185303,10.3999996185303
01,2002-01-01,52050040,35,Definitivo,SANDONA [52050040],Pluviométrica,Convencional,Activa,Nariño,Sandoná,1.3223,-77.4792,20,9/15/1963,,Cudayari,Pacifico,Patía,Río Guáitara,2002,01,Andes,Definitivo,35,35,0,4.08213996887207,4.08213996887207,0,3.9427478313446,0,3.93818187713623,4.62545442581177,5,5,0.789855062961578,0.967391312122345,1,1,1,1.03999996185303,36.399998664856
01,2002-01-02,52050040,38,Definitivo,SANDONA [52050040],Pluviométrica,Convencional,Activa,Nariño,Sandoná,1.3223,-77.4792,20,9/15/1963,,Cudayari,Pacifico,Patía,Río Guáitara,2002,02,Andes,Definitivo,38,38,0,4.97410392761231,4.97410392761231,0,1.36061882972717,4.84739303588867,3.93818187713623,4.62545442581177,5,5,0.789855062961578,0.967391312122345,1,1,1,1.03999996185303,39.519998550415
01,2002-01-03,52050040,,"",SANDONA [52050040],Pluviométrica,Convencional,Activa,Nariño,Sandoná,1.3223,-77.4792,20,9/15/1963,,Cudayari,Pacifico,Patía,Río Guáitara,2002,03,Andes,Preliminar,0,0,0,3.0455334186554,3.0455334186554,0,2.96521234512329,1.18335020542145,3.93818187713623,4.62545442581177,5,5,0.789855062961578,0.967391312122345,1,1,1,1.03999996185303,0
01,2002-01-04,52050040,,"",SANDONA [52050040],Pluviométrica,Convencional,Activa,Nariño,Sandoná,1.3223,-77.4792,20,9/15/1963,,Cudayari,Pacifico,Patía,Río Guáitara,2002,04,Andes,Preliminar,0,0,0,3.89731884002686,3.89731884002686,0,1.73463761806488,0,3.93818187713623,4.62545442581177,5,5,0.789855062961578,0.967391312122345,1,1,1,1.03999996185303,0
01,2002-01-05,52050040,,"",SANDONA [52050040],Pluviométrica,Convencional,Activa,Nariño,Sandoná,1.3223,-77.4792,20,9/15/1963,,Cudayari,Pacifico,Patía,Río Guáitara,2002,05,Andes,Preliminar,0,0,0,0.377678334712982,0.377678334712982,0,2.03655791282654,6.00903129577637,3.93818187713623,4.62545442581177,5,5,0.789855062961578,0.967391312122345,1,1,1,1.03999996185303,0
01,2002-01-06,52050040,16,Definitivo,SANDONA [52050040],Pluviométrica,Convencional,Activa,Nariño,Sandoná,1.3223,-77.4792,20,9/15/1963,,Cudayari,Pacifico,Patía,Río Guáitara,2002,06,Andes,Definitivo,16,16,0,2.96182823181152,2.96182823181152,141.242294311523,1.78187024593353,0.279399454593658,3.93818187713623,4.62545442581177,5,5,0.789855062961578,0.967391312122345,1,1,2,1.03999996185303,16.6399993896484
01,2002-01-07,52050040,3,Definitivo,SANDONA [52050040],Pluviométrica,Convencional,Activa,Nariño,Sandoná,1.3223,-77.4792,20,9/15/1963,,Cudayari,Pacifico,Patía,Río Guáitara,2002,07,Andes,Definitivo,3,3,0,5.47938251495361,5.47938251495361,0,6.28941059112549,17.587459564209,3.93818187713623,4.62545442581177,5,5,0.789855062961578,0.967391312122345,1,1,2,1.03999996185303,3.11999988555908
01,2002-01-08,52050040,19,Definitivo,SANDONA [52050040],Pluviométrica,Convencional,Activa,Nariño,Sandoná,1.3223,-77.4792,20,9/15/1963,,Cudayari,Pacifico,Patía,Río Guáitara,2002,08,Andes,Definitivo,19,19,0,2.93714666366577,2.93714666366577,0,5.23616981506348,0.387237817049027,3.93818187713623,4.62545442581177,5,5,0.789855062961578,0.967391312122345,1,1,2,1.03999996185303,19.7599992752075
01,2002-01-09,52050040,2,Definitivo,SANDONA [52050040],Pluviométrica,Convencional,Activa,Nariño,Sandoná,1.3223,-77.4792,20,9/15/1963,,Cudayari,Pacifico,Patía,Río Guáitara,2002,09,Andes,Definitivo,2,2,0,3.23332905769348,3.23332905769348,0,4.41325187683105,0.436255276203156,3.93818187713623,4.62545442581177,5,5,0.789855062961578,0.967391312122345,1,1,2,1.03999996185303,2.07999992370605
01,2002-01-10,52050040,,"",SANDONA [52050040],Pluviométrica,Convencional,Activa,Nariño,Sandoná,1.3223,-77.4792,20,9/15/1963,,Cudayari,Pacifico,Patía,Río Guáitara,2002,10,Andes,Preliminar,0,0,0,6.07174777984619,6.07174777984619,0,0.994158267974854,0.0245087221264839,3.93818187713623,4.62545442581177,5,5,0.789855062961578,0.967391312122345,1,1,2,1.03999996185303,0
01,2002-01-11,52050040,,"",SANDONA [52050040],Pluviométrica,Convencional,Activa,Nariño,Sandoná,1.3223,-77.4792,20,9/15/1963,,Cudayari,Pacifico,Patía,Río Guáitara,2002,11,Andes,Preliminar,0,0,0,4.38718271255493,4.38718271255493,0,1.89278972148895,12.0361156463623,3.93818187713623,4.62545442581177,5,5,0.789855062961578,0.967391312122345,1,1,3,1.03999996185303,0
01,2002-01-12,52050040,39,Definitivo,SANDONA [52050040],Pluviométrica,Convencional,Activa,Nariño,Sandoná,1.3223,-77.4792,20,9/15/1963,,Cudayari,Pacifico,Patía,Río Guáitara,2002,12,Andes,Definitivo,39,39,0,3.54942965507507,3.54942965507507,0,3.35324501991272,2.00170063972473,3.93818187713623,4.62545442581177,5,5,0.789855062961578,0.967391312122345,1,1,3,1.03999996185303,40.5599985122681
01,2002-01-13,52050040,11,Definitivo,SANDONA [52050040],Pluviométrica,Convencional,Activa,Nariño,Sandoná,1.3223,-77.4792,20,9/15/1963,,Cudayari,Pacifico,Patía,Río Guáitara,2002,13,Andes,Definitivo,11,11,0,2.95418334007263,2.95418334007263,0,14.2974405288696,7.48208475112915,3.93818187713623,4.62545442581177,5,5,0.789855062961578,0.967391312122345,1,1,3,1.03999996185303,11.4399995803833
01,2002-01-14,52050040,6,Definitivo,SANDONA [52050040],Pluviométrica,Convencional,Activa,Nariño,Sandoná,1.3223,-77.4792,20,9/15/1963,,Cudayari,Pacifico,Patía,Río Guáitara,2002,14,Andes,Definitivo,6,6,0,5.15879821777344,5.15879821777344,0,1.81937313079834,0,3.93818187713623,4.62545442581177,5,5,0.789855062961578,0.967391312122345,1,1,3,1.03999996185303,6.23999977111816
01,2002-01-15,52050040,8,Definitivo,SANDONA [52050040],Pluviométrica,Convencional,Activa,Nariño,Sandoná,1.3223,-77.4792,20,9/15/1963,,Cudayari,Pacifico,Patía,Río Guáitara,2002,15,Andes,Definitivo,8,8,0,1.41095340251923,1.41095340251923,0,1.69881844520569,1.54176294803619,3.93818187713623,4.62545442581177,5,5,0.789855062961578,0.967391312122345,1,1,3,1.03999996185303,8.31999969482422
01,2002-01-16,52050040,4,Definitivo,SANDONA [52050040],Pluviométrica,Convencional,Activa,Nariño,Sandoná,1.3223,-77.4792,20,9/15/1963,,Cudayari,Pacifico,Patía,Río Guáitara,2002,16,Andes,Definitivo,4,4,0,1.51271963119507,1.51271963119507,0,0.607075035572052,0.0630892366170883,3.93818187713623,4.62545442581177,5,5,0.789855062961578,0.967391312122345,1,1,4,1.03999996185303,4.15999984741211
01,2002-01-17,52050040,18,Definitivo,SANDONA [52050040],Pluviométrica,Convencional,Activa,Nariño,Sandoná,1.3223,-77.4792,20,9/15/1963,,Cudayari,Pacifico,Patía,Río Guáitara,2002,17,Andes,Definitivo,18,18,0,4.11421203613281,4.11421203613281,0,0.607968747615814,1.70478093624115,3.93818187713623,4.62545442581177,5,5,0.789855062961578,0.967391312122345,1,1,4,1.03999996185303,18.7199993133545
01,2023-01-11,52050040,9,En revisión,SANDONA [52050040],Pluviométrica,Convencional,Activa,Nariño,Sandoná,1.3223,-77.4792,20,9/15/1963,,Cudayari,Pacifico,Patía,Río Guáitara,2023,11,Andes,En revisión,9,9,0,8.82057666778565,8.82057666778565,14.6157512664795,4.27539587020874,14.8829746246338,3.93818187713623,4.62545442581177,5,5,0.789855062961578,0.967391312122345,1,1,3,1.03999996185303,9.35999965667725
01,2003-01-16,52050040,,"",SANDONA [52050040],Pluviométrica,Convencional,Activa,Nariño,Sandoná,1.3223,-77.4792,20,9/15/1963,,Cudayari,Pacifico,Patía,Río Guáitara,2003,16,Andes,Preliminar,0,0,0,0.102631732821465,0.102631732821465,0,1.44252717494965,0,3.93818187713623,4.62545442581177,5,5,0.789855062961578,0.967391312122345,1,1,4,1.03999996185303,0
01,2003-01-17,52050040,,"",SANDONA [52050040],Pluviométrica,Convencional,Activa,Nariño,Sandoná,1.3223,-77.4792,20,9/15/1963,,Cudayari,Pacifico,Patía,Río Guáitara,2003,17,Andes,Preliminar,0,0,0,3.4210569858551,3.4210569858551,0,3.49136900901794,0,3.93818187713623,4.62545442581177,5,5,0.789855062961578,0.967391312122345,1,1,4,1.03999996185303,0
01,2003-01-18,52050040,2,Definitivo,SANDONA [52050040],Pluviométrica,Convencional,Activa,Nariño,Sandoná,1.3223,-77.4792,20,9/15/1963,,Cudayari,Pacifico,Patía,Río Guáitara,2003,18,Andes,Definitivo,2,2,0,4.10526895523071,4.10526895523071,0,1.7033257484436,0.904193699359894,3.93818187713623,4.62545442581177,5,5,0.789855062961578,0.967391312122345,1,1,4,1.03999996185303,2.07999992370605
01,2003-01-19,52050040,5,Definitivo,SANDONA [52050040],Pluviométrica,Convencional,Activa,Nariño,Sandoná,1.3223,-77.4792,20,9/15/1963,,Cudayari,Pacifico,Patía,Río Guáitara,2003,19,Andes,Definitivo,5,5,0,14.2315988540649,14.2315988540649,18.9004192352295,5.55154943466187,6.52191495895386,3.93818187713623,4.62545442581177,5,5,0.789855062961578,0.967391312122345,1,1,4,1.03999996185303,5.19999980926514
01,2003-01-20,52050040,,"",SANDONA [52050040],Pluviométrica,Convencional,Activa,Nariño,Sandoná,1.3223,-77.4792,20,9/15/1963,,Cudayari,Pacifico,Patía,Río Guáitara,2003,20,Andes,Preliminar,0,0,0,0.718422055244446,0.718422055244446,18.9004192352295,2.05227756500244,6.81494092941284,3.93818187713623,4.62545442581177,5,5,0.789855062961578,0.967391312122345,1,1,4,1.03999996185303,0
01,2003-01-21,52050040,,"",SANDONA [52050040],Pluviométrica,Convencional,Activa,Nariño,Sandoná,1.3223,-77.4792,20,9/15/1963,,Cudayari,Pacifico,Patía,Río Guáitara,2003,21,Andes,Preliminar,0,0,0,1.68257737159729,1.68257737159729,0,1.55370664596558,0.723927676677704,3.93818187713623,4.62545442581177,5,5,0.789855062961578,0.967391312122345,1,1,5,1.03999996185303,0
01,2003-01-22,52050040,6,Definitivo,SANDONA [52050040],Pluviométrica,Convencional,Activa,Nariño,Sandoná,1.3223,-77.4792,20,9/15/1963,,Cudayari,Pacifico,Patía,Río Guáitara,2003,22,Andes,Definitivo,6,6,0,3.1684901714325,3.1684901714325,0,2.02502131462097,0,3.93818187713623,4.62545442581177,5,5,0.789855062961578,0.967391312122345,1,1,5,1.03999996185303,6.23999977111816
01,2003-01-23,52050040,4,Definitivo,SANDONA [52050040],Pluviométrica,Convencional,Activa,Nariño,Sandoná,1.3223,-77.4792,20,9/15/1963,,Cudayari,Pacifico,Patía,Río Guáitara,2003,23,Andes,Definitivo,4,4,0,5.92179775238037,5.92179775238037,0,2.94919419288635,0.0120654618367553,3.93818187713623,4.62545442581177,5,5,0.789855062961578,0.967391312122345,1,1,5,1.03999996185303,4.15999984741211
01,2003-01-24,52050040,,"",SANDONA [52050040],Pluviométrica,Convencional,Activa,Nariño,Sandoná,1.3223,-77.4792,20,9/15/1963,,Cudayari,Pacifico,Patía,Río Guáitara,2003,24,Andes,Preliminar,0,0,0,0.371478140354157,0.371478140354157,0,1.44335353374481,0.18098196387291,3.93818187713623,4.62545442581177,5,5,0.789855062961578,0.967391312122345,1,1,5,1.03999996185303,0
01,2003-01-25,52050040,,"",SANDONA [52050040],Pluviométrica,Convencional,Activa,Nariño,Sandoná,1.3223,-77.4792,20,9/15/1963,,Cudayari,Pacifico,Patía,Río Guáitara,2003,25,Andes,Preliminar,0,0,0,0.0218516550958157,0.0218516550958157,0,1.27086794376373,8.32516765594482,3.93818187713623,4.62545442581177,5,5,0.789855062961578,0.967391312122345,1,1,5,1.03999996185303,0
01,2003-01-26,52050040,,"",SANDONA [52050040],Pluviométrica,Convencional,Activa,Nariño,Sandoná,1.3223,-77.4792,20,9/15/1963,,Cudayari,Pacifico,Patía,Río Guáitara,2003,26,Andes,Preliminar,0,0,0,1.16195523738861,1.16195523738861,0,0.0148117337375879,0.00205763499252498,3.93818187713623,4.62545442581177,5,5,0.789855062961578,0.967391312122345,1,1,6,1.03999996185303,0
01,2003-01-27,52050040,3,Definitivo,SANDONA [52050040],Pluviométrica,Convencional,Activa,Nariño,Sandoná,1.3223,-77.4792,20,9/15/1963,,Cudayari,Pacifico,Patía,Río Guáitara,2003,27,Andes,Definitivo,3,3,0,4.80484199523926,4.80484199523926,0,0.0406846441328526,0.000685878389049321,3.93818187713623,4.62545442581177,5,5,0.789855062961578,0.967391312122345,1,1,6,1.03999996185303,3.11999988555908
01,2003-01-28,52050040,,"",SANDONA [52050040],Pluviométrica,Convencional,Activa,Nariño,Sandoná,1.3223,-77.4792,20,9/15/1963,,Cudayari,Pacifico,Patía,Río Guáitara,2003,28,Andes,Preliminar,0,0,0,1.63301801681519,1.63301801681519,0,0.0221258960664272,0,3.93818187713623,4.62545442581177,5,5,0.789855062961578,0.967391312122345,1,1,6,1.03999996185303,0
01,2003-01-29,52050040,,"",SANDONA [52050040],Pluviométrica,Convencional,Activa,Nariño,Sandoná,1.3223,-77.4792,20,9/15/1963,,Cudayari,Pacifico,Patía,Río Guáitara,2003,29,Andes,Preliminar,0,0,0,0.188425183296204,0.188425183296204,0,0.0100769475102425,0,3.93818187713623,4.62545442581177,5,5,0.789855062961578,0.967391312122345,1,1,6,1.03999996185303,0
01,2003-01-30,52050040,,"",SANDONA [52050040],Pluviométrica,Convencional,Activa,Nariño,Sandoná,1.3223,-77.4792,20,9/15/1963,,Cudayari,Pacifico,Patía,Río Guáitara,2003,30,Andes,Preliminar,0,0,0,5.40152168273926,5.40152168273926,0,0.0856286659836769,0.158895149827003,3.93818187713623,4.62545442581177,5,5,0.789855062961578,0.967391312122345,1,1,6,1.03999996185303,0
01,2003-01-31,52050040,,"",SANDONA [52050040],Pluviométrica,Convencional,Activa,Nariño,Sandoná,1.3223,-77.4792,20,9/15/1963,,Cudayari,Pacifico,Patía,Río Guáitara,2003,31,Andes,Preliminar,0,0,0,0.439658731222153,0.439658731222153,0,0.0941646844148636,0.105853892862797,3.93818187713623,4.62545442581177,5,5,0.789855062961578,0.967391312122345,1,1,6,1.03999996185303,0
01,2006-01-29,52050040,,"",SANDONA [52050040],Pluviométrica,Convencional,Activa,Nariño,Sandoná,1.3223,-77.4792,20,9/15/1963,,Cudayari,Pacifico,Patía,Río Guáitara,2006,29,Andes,Preliminar,1,1,0,0.545885682106018,0.545885682106018,0,2.55695199966431,2.29771637916565,3.93818187713623,4.62545442581177,5,5,0.789855062961578,0.967391312122345,1,1,6,1.03999996185303,1.03999996185303
01,2006-01-30,52050040,3,Definitivo,SANDONA [52050040],Pluviométrica,Convencional,Activa,Nariño,Sandoná,1.3223,-77.4792,20,9/15/1963,,Cudayari,Pacifico,Patía,Río Guáitara,2006,30,Andes,Definitivo,3,3,0,6.73646211624146,6.73646211624146,0,1.26166462898254,1.11982572078705,3.93818187713623,4.62545442581177,5,5,0.789855062961578,0.967391312122345,1,1,6,1.03999996185303,3.11999988555908
01,2006-01-31,52050040,11,Definitivo,SANDONA [52050040],Pluviométrica,Convencional,Activa,Nariño,Sandoná,1.3223,-77.4792,20,9/15/1963,,Cudayari,Pacifico,Patía,Río Guáitara,2006,31,Andes,Definitivo,11,11,0,7.74693012237549,7.74693012237549,0,4.40339231491089,7.58163595199585,3.93818187713623,4.62545442581177,5,5,0.789855062961578,0.967391312122345,1,1,6,1.03999996185303,11.4399995803833
01,2009-01-29,52050040,5,Definitivo,SANDONA [52050040],Pluviométrica,Convencional,Activa,Nariño,Sandoná,1.3223,-77.4792,20,9/15/1963,,Cudayari,Pacifico,Patía,Río Guáitara,2009,29,Andes,Definitivo,5,5,0,4.28133344650269,4.28133344650269,0,5.01583433151245,0.431843668222427,3.93818187713623,4.62545442581177,5,5,0.789855062961578,0.967391312122345,1,1,6,1.03999996185303,5.19999980926514
01,2009-01-30,52050040,,"",SANDONA [52050040],Pluviométrica,Convencional,Activa,Nariño,Sandoná,1.3223,-77.4792,20,9/15/1963,,Cudayari,Pacifico,Patía,Río Guáitara,2009,30,Andes,Preliminar,0,0,0,6.77669143676758,6.77669143676758,0,3.00465893745422,0.0744558051228523,3.93818187713623,4.62545442581177,5,5,0.789855062961578,0.967391312122345,1,1,6,1.03999996185303,0
01,2009-01-31,52050040,7,Definitivo,SANDONA [52050040],Pluviométrica,Convencional,Activa,Nariño,Sandoná,1.3223,-77.4792,20,9/15/1963,,Cudayari,Pacifico,Patía,Río Guáitara,2009,31,Andes,Definitivo,7,7,0,12.3682975769043,12.3682975769043,0,4.26465320587158,10.9003295898437,3.93818187713623,4.62545442581177,5,5,0.789855062961578,0.967391312122345,1,1,6,1.03999996185303,7.27999973297119
01,2014-01-30,52050040,,"",SANDONA [52050040],Pluviométrica,Convencional,Activa,Nariño,Sandoná,1.3223,-77.4792,20,9/15/1963,,Cudayari,Pacifico,Patía,Río Guáitara,2014,30,Andes,Preliminar,0,0,0,13.103687286377,13.103687286377,0,6.04194688796997,1.48429846763611,3.93818187713623,4.62545442581177,5,5,0.789855062961578,0.967391312122345,1,1,6,1.03999996185303,0
01,2014-01-31,52050040,,"",SANDONA [52050040],Pluviométrica,Convencional,Activa,Nariño,Sandoná,1.3223,-77.4792,20,9/15/1963,,Cudayari,Pacifico,Patía,Río Guáitara,2014,31,Andes,Preliminar,,,1,5.07425880432129,5.07425880432129,0,2.76327466964722,0,3.93818187713623,4.62545442581177,5,5,0.789855062961578,0.967391312122345,1,1,6,1.03999996185303,
01,2017-01-29,52050040,5,Definitivo,SANDONA [52050040],Pluviométrica,Convencional,Activa,Nariño,Sandoná,1.3223,-77.4792,20,9/15/1963,,Cudayari,Pacifico,Patía,Río Guáitara,2017,29,Andes,Definitivo,5,5,0,4.18003416061401,4.18003416061401,0,0.809879958629608,1.16111123561859,3.93818187713623,4.62545442581177,5,5,0.789855062961578,0.967391312122345,1,1,6,1.03999996185303,5.19999980926514
01,2017-01-30,52050040,24,Definitivo,SANDONA [52050040],Pluviométrica,Convencional,Activa,Nariño,Sandoná,1.3223,-77.4792,20,9/15/1963,,Cudayari,Pacifico,Patía,Río Guáitara,2017,30,Andes,Definitivo,24,24,0,3.26656007766724,3.26656007766724,0,3.1627893447876,5.46165990829468,3.93818187713623,4.62545442581177,5,5,0.789855062961578,0.967391312122345,1,1,6,1.03999996185303,24.9599990844727
01,2017-01-31,52050040,25,Definitivo,SANDONA [52050040],Pluviométrica,Convencional,Activa,Nariño,Sandoná,1.3223,-77.4792,20,9/15/1963,,Cudayari,Pacifico,Patía,Río Guáitara,2017,31,Andes,Definitivo,25,25,0,3.78972387313843,3.78972387313843,0,2.73160552978516,7.00734186172485,3.93818187713623,4.62545442581177,5,5,0.789855062961578,0.967391312122345,1,1,6,1.03999996185303,25.9999990463257
01,2020-01-30,52050040,,"",SANDONA [52050040],Pluviométrica,Convencional,Activa,Nariño,Sandoná,1.3223,-77.4792,20,9/15/1963,,Cudayari,Pacifico,Patía,Río Guáitara,2020,30,Andes,Preliminar,0,0,0,1.77670979499817,1.77670979499817,0,0.0270588528364897,0.00242264149710536,3.93818187713623,4.62545442581177,5,5,0.789855062961578,0.967391312122345,1,1,6,1.03999996185303,0
01,2020-01-31,52050040,,"",SANDONA [52050040],Pluviométrica,Convencional,Activa,Nariño,Sandoná,1.3223,-77.4792,20,9/15/1963,,Cudayari,Pacifico,Patía,Río Guáitara,2020,31,Andes,Preliminar,0,0,0,0.848420977592468,0.848420977592468,0,0.0220141410827637,0,3.93818187713623,4.62545442581177,5,5,0.789855062961578,0.967391312122345,1,1,6,1.03999996185303,0
01,2023-01-29,52050040,,"",SANDONA [52050040],Pluviométrica,Convencional,Activa,Nariño,Sandoná,1.3223,-77.4792,20,9/15/1963,,Cudayari,Pacifico,Patía,Río Guáitara,2023,29,Andes,Preliminar,0,0,0,2.54429483413696,2.54429483413696,0,0.0284101497381926,0,3.93818187713623,4.62545442581177,5,5,0.789855062961578,0.967391312122345,1,1,6,1.03999996185303,0
01,2023-01-30,52050040,1,En revisión,SANDONA [52050040],Pluviométrica,Convencional,Activa,Nariño,Sandoná,1.3223,-77.4792,20,9/15/1963,,Cudayari,Pacifico,Patía,Río Guáitara,2023,30,Andes,En revisión,1,1,0,3.14630556106567,3.14630556106567,0,0.0962874293327332,0.201929956674576,3.93818187713623,4.62545442581177,5,5,0.789855062961578,0.967391312122345,1,1,6,1.03999996185303,1.03999996185303
01,2023-01-28,52050040,,"",SANDONA [52050040],Pluviométrica,Convencional,Activa,Nariño,Sandoná,1.3223,-77.4792,20,9/15/1963,,Cudayari,Pacifico,Patía,Río Guáitara,2023,28,Andes,Preliminar,0,0,0,1.24292778968811,1.24292778968811,0,0.0457612089812756,0,3.93818187713623,4.62545442581177,5,5,0.789855062961578,0.967391312122345,1,1,6,1.03999996185303,0
01,2023-01-25,52050040,1,En revisión,SANDONA [52050040],Pluviométrica,Convencional,Activa,Nariño,Sandoná,1.3223,-77.4792,20,9/15/1963,,Cudayari,Pacifico,Patía,Río Guáitara,2023,25,Andes,En revisión,1,1,0,5.06224203109741,5.06224203109741,0,2.11057806015015,1.18335127830505,3.93818187713623,4.62545442581177,5,5,0.789855062961578,0.967391312122345,1,1,5,1.03999996185303,1.03999996185303
01,2021-01-25,52050040,,"",SANDONA [52050040],Pluviométrica,Convencional,Activa,Nariño,Sandoná,1.3223,-77.4792,20,9/15/1963,,Cudayari,Pacifico,Patía,Río Guáitara,2021,25,Andes,Preliminar,0,0,0,4.8625283241272,4.8625283241272,0,1.9414895772934,1.83574485778809,3.93818187713623,4.62545442581177,5,5,0.789855062961578,0.967391312122345,1,1,5,1.03999996185303,0
01,2023-01-22,52050040,,"",SANDONA [52050040],Pluviométrica,Convencional,Activa,Nariño,Sandoná,1.3223,-77.4792,20,9/15/1963,,Cudayari,Pacifico,Patía,Río Guáitara,2023,22,Andes,Preliminar,0,0,0,7.25361919403076,7.25361919403076,0,4.44927501678467,1.46703124046326,3.93818187713623,4.62545442581177,5,5,0.789855062961578,0.967391312122345,1,1,5,1.03999996185303,0
01,2023-01-19,52050040,6,En revisión,SANDONA [52050040],Pluviométrica,Convencional,Activa,Nariño,Sandoná,1.3223,-77.4792,20,9/15/1963,,Cudayari,Pacifico,Patía,Río Guáitara,2023,19,Andes,En revisión,6,6,0,7.17743539810181,7.17743539810181,0,9.07323837280273,0.475067853927612,3.93818187713623,4.62545442581177,5,5,0.789855062961578,0.967391312122345,1,1,4,1.03999996185303,6.23999977111816
01,2023-01-17,52050040,0,En revisión,SANDONA [52050040],Pluviométrica,Convencional,Activa,Nariño,Sandoná,1.3223,-77.4792,20,9/15/1963,,Cudayari,Pacifico,Patía,Río Guáitara,2023,17,Andes,En revisión,0,0,0,5.4712929725647,5.4712929725647,8.69925594329834,3.42629599571228,0,3.93818187713623,4.62545442581177,5,5,0.789855062961578,0.967391312122345,1,1,4,1.03999996185303,0
01,2023-01-14,52050040,7,En revisión,SANDONA [52050040],Pluviométrica,Convencional,Activa,Nariño,Sandoná,1.3223,-77.4792,20,9/15/1963,,Cudayari,Pacifico,Patía,Río Guáitara,2023,14,Andes,En revisión,7,7,0,9.0351505279541,9.0351505279541,29.231502532959,9.82541465759277,17.4230098724365,3.93818187713623,4.62545442581177,5,5,0.789855062961578,0.967391312122345,1,1,3,1.03999996185303,7.27999973297119
01,2021-01-14,52050040,5,En revisión,SANDONA [52050040],Pluviométrica,Convencional,Activa,Nariño,Sandoná,1.3223,-77.4792,20,9/15/1963,,Cudayari,Pacifico,Patía,Río Guáitara,2021,14,Andes,En revisión,5,5,0,3.61841249465942,3.61841249465942,0,0.0704356506466866,0.00840107630938292,3.93818187713623,4.62545442581177,5,5,0.789855062961578,0.967391312122345,1,1,3,1.03999996185303,5.19999980926514
01,2003-01-15,52050040,,"",SANDONA [52050040],Pluviométrica,Convencional,Activa,Nariño,Sandoná,1.3223,-77.4792,20,9/15/1963,,Cudayari,Pacifico,Patía,Río Guáitara,2003,15,Andes,Preliminar,0,0,0,5.41481637954712,5.41481637954712,0,2.85989713668823,0.313821494579315,3.93818187713623,4.62545442581177,5,5,0.789855062961578,0.967391312122345,1,1,3,1.03999996185303,0
01,2004-01-13,52050040,,"",SANDONA [52050040],Pluviométrica,Convencional,Activa,Nariño,Sandoná,1.3223,-77.4792,20,9/15/1963,,Cudayari,Pacifico,Patía,Río Guáitara,2004,13,Andes,Preliminar,0,0,0,5.93977928161621,5.93977928161621,39.4389228820801,2.48567938804626,34.4915237426758,3.93818187713623,4.62545442581177,5,5,0.789855062961578,0.967391312122345,1,1,3,1.03999996185303,0
01,2004-01-14,52050040,12,Definitivo,SANDONA [52050040],Pluviométrica,Convencional,Activa,Nariño,Sandoná,1.3223,-77.4792,20,9/15/1963,,Cudayari,Pacifico,Patía,Río Guáitara,2004,14,Andes,Definitivo,12,12,0,0.796217024326325,0.796217024326325,0,3.17228841781616,0.0903144553303719,3.93818187713623,4.62545442581177,5,5,0.789855062961578,0.967391312122345,1,1,3,1.03999996185303,12.4799995422363
01,2004-01-15,52050040,22,Definitivo,SANDONA [52050040],Pluviométrica,Convencional,Activa,Nariño,Sandoná,1.3223,-77.4792,20,9/15/1963,,Cudayari,Pacifico,Patía,Río Guáitara,2004,15,Andes,Definitivo,22,22,0,0.127394735813141,0.127394735813141,39.4389228820801,7.84086513519287,4.26198196411133,3.93818187713623,4.62545442581177,5,5,0.789855062961578,0.967391312122345,1,1,3,1.03999996185303,22.8799991607666
01,2004-01-16,52050040,,"",SANDONA [52050040],Pluviométrica,Convencional,Activa,Nariño,Sandoná,1.3223,-77.4792,20,9/15/1963,,Cudayari,Pacifico,Patía,Río Guáitara,2004,16,Andes,Preliminar,0,0,0,0.859905004501343,0.859905004501343,41.2337379455566,27.9375724792481,22.5944080352783,3.93818187713623,4.62545442581177,5,5,0.789855062961578,0.967391312122345,1,1,4,1.03999996185303,0
01,2004-01-17,52050040,,"",SANDONA [52050040],Pluviométrica,Convencional,Activa,Nariño,Sandoná,1.3223,-77.4792,20,9/15/1963,,Cudayari,Pacifico,Patía,Río Guáitara,2004,17,Andes,Preliminar,0,0,0,1.10559213161469,1.10559213161469,20.6168689727783,3.54617857933044,14.6586227416992,3.93818187713623,4.62545442581177,5,5,0.789855062961578,0.967391312122345,1,1,4,1.03999996185303,0
01,2004-01-18,52050040,,"",SANDONA [52050040],Pluviométrica,Convencional,Activa,Nariño,Sandoná,1.3223,-77.4792,20,9/15/1963,,Cudayari,Pacifico,Patía,Río Guáitara,2004,18,Andes,Preliminar,0,0,0,5.48701333999634,5.48701333999634,0,1.47800886631012,0,3.93818187713623,4.62545442581177,5,5,0.789855062961578,0.967391312122345,1,1,4,1.03999996185303,0
01,2004-01-19,52050040,,"",SANDONA [52050040],Pluviométrica,Convencional,Activa,Nariño,Sandoná,1.3223,-77.4792,20,9/15/1963,,Cudayari,Pacifico,Patía,Río Guáitara,2004,19,Andes,Preliminar,0,0,0,12.652889251709,12.652889251709,0,2.25693464279175,0,3.93818187713623,4.62545442581177,5,5,0.789855062961578,0.967391312122345,1,1,4,1.03999996185303,0
01,2004-01-20,52050040,,"",SANDONA [52050040],Pluviométrica,Convencional,Activa,Nariño,Sandoná,1.3223,-77.4792,20,9/15/1963,,Cudayari,Pacifico,Patía,Río Guáitara,2004,20,Andes,Preliminar,0,0,0,10.7283391952515,10.7283391952515,0,2.911785364151,0.877452552318573,3.93818187713623,4.62545442581177,5,5,0.789855062961578,0.967391312122345,1,1,4,1.03999996185303,0
01,2004-01-21,52050040,5,Definitivo,SANDONA [52050040],Pluviométrica,Convencional,Activa,Nariño,Sandoná,1.3223,-77.4792,20,9/15/1963,,Cudayari,Pacifico,Patía,Río Guáitara,2004,21,Andes,Definitivo,5,5,0,1.93255352973938,1.93255352973938,14.3927631378174,4.6170506477356,14.1538686752319,3.93818187713623,4.62545442581177,5,5,0.789855062961578,0.967391312122345,1,1,5,1.03999996185303,5.19999980926514
01,2004-01-22,52050040,,"",SANDONA [52050040],Pluviométrica,Convencional,Activa,Nariño,Sandoná,1.3223,-77.4792,20,9/15/1963,,Cudayari,Pacifico,Patía,Río Guáitara,2004,22,Andes,Preliminar,0,0,0,1.09389817714691,1.09389817714691,14.3927631378174,6.61086654663086,0.81932669878006,3.93818187713623,4.62545442581177,5,5,0.789855062961578,0.967391312122345,1,1,5,1.03999996185303,0
01,2004-01-23,52050040,,"",SANDONA [52050040],Pluviométrica,Convencional,Activa,Nariño,Sandoná,1.3223,-77.4792,20,9/15/1963,,Cudayari,Pacifico,Patía,Río Guáitara,2004,23,Andes,Preliminar,0,0,0,2.62535572052002,2.62535572052002,0,1.33495688438416,0.235556453466415,3.93818187713623,4.62545442581177,5,5,0.789855062961578,0.967391312122345,1,1,5,1.03999996185303,0
01,2004-01-24,52050040,,"",SANDONA [52050040],Pluviométrica,Convencional,Activa,Nariño,Sandoná,1.3223,-77.4792,20,9/15/1963,,Cudayari,Pacifico,Patía,Río Guáitara,2004,24,Andes,Preliminar,0,0,0,4.8496150970459,4.8496150970459,0,1.23847043514252,0.143382176756859,3.93818187713623,4.62545442581177,5,5,0.789855062961578,0.967391312122345,1,1,5,1.03999996185303,0
01,2004-01-25,52050040,,"",SANDONA [52050040],Pluviométrica,Convencional,Activa,Nariño,Sandoná,1.3223,-77.4792,20,9/15/1963,,Cudayari,Pacifico,Patía,Río Guáitara,2004,25,Andes,Preliminar,0,0,0,1.49499428272247,1.49499428272247,0,1.68393158912659,0.133140593767166,3.93818187713623,4.62545442581177,5,5,0.789855062961578,0.967391312122345,1,1,5,1.03999996185303,0
01,2004-01-26,52050040,,"",SANDONA [52050040],Pluviométrica,Convencional,Activa,Nariño,Sandoná,1.3223,-77.4792,20,9/15/1963,,Cudayari,Pacifico,Patía,Río Guáitara,2004,26,Andes,Preliminar,0,0,0,1.03193616867065,1.03193616867065,0,0.0205912962555885,0,3.93818187713623,4.62545442581177,5,5,0.789855062961578,0.967391312122345,1,1,6,1.03999996185303,0
01,2004-01-27,52050040,,"",SANDONA [52050040],Pluviométrica,Convencional,Activa,Nariño,Sandoná,1.3223,-77.4792,20,9/15/1963,,Cudayari,Pacifico,Patía,Río Guáitara,2004,27,Andes,Preliminar,0,0,0,1.65109777450562,1.65109777450562,0,0.0276096295565367,0,3.93818187713623,4.62545442581177,5,5,0.789855062961578,0.967391312122345,1,1,6,1.03999996185303,0
01,2004-01-28,52050040,,"",SANDONA [52050040],Pluviométrica,Convencional,Activa,Nariño,Sandoná,1.3223,-77.4792,20,9/15/1963,,Cudayari,Pacifico,Patía,Río Guáitara,2004,28,Andes,Preliminar,0,0,0,6.08842325210571,6.08842325210571,0,0.0194374602288008,0,3.93818187713623,4.62545442581177,5,5,0.789855062961578,0.967391312122345,1,1,6,1.03999996185303,0
01,2004-01-29,52050040,,"",SANDONA [52050040],Pluviométrica,Convencional,Activa,Nariño,Sandoná,1.3223,-77.4792,20,9/15/1963,,Cudayari,Pacifico,Patía,Río Guáitara,2004,29,Andes,Preliminar,0,0,0,0.154790416359901,0.154790416359901,0,0.0313882082700729,0.14902825653553,3.93818187713623,4.62545442581177,5,5,0.789855062961578,0.967391312122345,1,1,6,1.03999996185303,0
01,2007-01-27,52050040,,"",SANDONA [52050040],Pluviométrica,Convencional,Activa,Nariño,Sandoná,1.3223,-77.4792,20,9/15/1963,,Cudayari,Pacifico,Patía,Río Guáitara,2007,27,Andes,Preliminar,0,0,0,6.85480356216431,6.85480356216431,19.3713359832764,1.03841876983643,6.24262475967407,3.93818187713623,4.62545442581177,5,5,0.789855062961578,0.967391312122345,1,1,6,1.03999996185303,0
01,2007-01-28,52050040,,"",SANDONA [52050040],Pluviométrica,Convencional,Activa,Nariño,Sandoná,1.3223,-77.4792,20,9/15/1963,,Cudayari,Pacifico,Patía,Río Guáitara,2007,28,Andes,Preliminar,0,0,0,0.827303886413574,0.827303886413574,0,0.577841222286224,0.191581979393959,3.93818187713623,4.62545442581177,5,5,0.789855062961578,0.967391312122345,1,1,6,1.03999996185303,0
01,2010-01-26,52050040,4,Definitivo,SANDONA [52050040],Pluviométrica,Convencional,Activa,Nariño,Sandoná,1.3223,-77.4792,20,9/15/1963,,Cudayari,Pacifico,Patía,Río Guáitara,2010,26,Andes,Definitivo,4,4,0,18.788064956665,18.788064956665,12.9568071365356,3.54991030693054,1.79143810272217,3.93818187713623,4.62545442581177,5,5,0.789855062961578,0.967391312122345,1,1,6,1.03999996185303,4.15999984741211
01,2010-01-27,52050040,,"",SANDONA [52050040],Pluviométrica,Convencional,Activa,Nariño,Sandoná,1.3223,-77.4792,20,9/15/1963,,Cudayari,Pacifico,Patía,Río Guáitara,2010,27,Andes,Preliminar,0,0,0,6.48437595367432,6.48437595367432,12.9568071365356,3.59959435462952,12.401083946228,3.93818187713623,4.62545442581177,5,5,0.789855062961578,0.967391312122345,1,1,6,1.03999996185303,0
01,2010-01-28,52050040,,"",SANDONA [52050040],Pluviométrica,Convencional,Activa,Nariño,Sandoná,1.3223,-77.4792,20,9/15/1963,,Cudayari,Pacifico,Patía,Río Guáitara,2010,28,Andes,Preliminar,0,0,0,7.48197317123413,7.48197317123413,0,3.58850026130676,0.555925726890564,3.93818187713623,4.62545442581177,5,5,0.789855062961578,0.967391312122345,1,1,6,1.03999996185303,0
01,2012-01-30,52050040,3,Definitivo,SANDONA [52050040],Pluviométrica,Convencional,Activa,Nariño,Sandoná,1.3223,-77.4792,20,9/15/1963,,Cudayari,Pacifico,Patía,Río Guáitara,2012,30,Andes,Definitivo,3,3,0,4.5393009185791,4.5393009185791,0,0.0887845307588577,0.0696633607149124,3.93818187713623,4.62545442581177,5,5,0.789855062961578,0.967391312122345,1,1,6,1.03999996185303,3.11999988555908
01,2012-01-31,52050040,2,Definitivo,SANDONA [52050040],Pluviométrica,Convencional,Activa,Nariño,Sandoná,1.3223,-77.4792,20,9/15/1963,,Cudayari,Pacifico,Patía,Río Guáitara,2012,31,Andes,Definitivo,2,2,0,4.11704444885254,4.11704444885254,0,0.187730982899666,0,3.93818187713623,4.62545442581177,5,5,0.789855062961578,0.967391312122345,1,1,6,1.03999996185303,2.07999992370605
01,2015-01-29,52050040,,"",SANDONA [52050040],Pluviométrica,Convencional,Activa,Nariño,Sandoná,1.3223,-77.4792,20,9/15/1963,,Cudayari,Pacifico,Patía,Río Guáitara,2015,29,Andes,Preliminar,0,0,0,6.03466033935547,6.03466033935547,0,0.206915184855461,0,3.93818187713623,4.62545442581177,5,5,0.789855062961578,0.967391312122345,1,1,6,1.03999996185303,0
01,2003-01-01,52050040,,"",SANDONA [52050040],Pluviométrica,Convencional,Activa,Nariño,Sandoná,1.3223,-77.4792,20,9/15/1963,,Cudayari,Pacifico,Patía,Río Guáitara,2003,01,Andes,Preliminar,0,0,0,0,0,0,0.124237217009068,0,3.93818187713623,4.62545442581177,5,5,0.789855062961578,0.967391312122345,1,1,1,1.03999996185303,0
01,2003-01-02,52050040,,"",SANDONA [52050040],Pluviométrica,Convencional,Activa,Nariño,Sandoná,1.3223,-77.4792,20,9/15/1963,,Cudayari,Pacifico,Patía,Río Guáitara,2003,02,Andes,Preliminar,0,0,0,4.03875398635864,4.03875398635864,0,0.242502793669701,1.49516916275024,3.93818187713623,4.62545442581177,5,5,0.789855062961578,0.967391312122345,1,1,1,1.03999996185303,0
01,2003-01-03,52050040,,"",SANDONA [52050040],Pluviométrica,Convencional,Activa,Nariño,Sandoná,1.3223,-77.4792,20,9/15/1963,,Cudayari,Pacifico,Patía,Río Guáitara,2003,03,Andes,Preliminar,0,0,0,1.34625124931335,1.34625124931335,0,0.875257432460785,0.467240333557129,3.93818187713623,4.62545442581177,5,5,0.789855062961578,0.967391312122345,1,1,1,1.03999996185303,0
01,2003-01-04,52050040,,"",SANDONA [52050040],Pluviométrica,Convencional,Activa,Nariño,Sandoná,1.3223,-77.4792,20,9/15/1963,,Cudayari,Pacifico,Patía,Río Guáitara,2003,04,Andes,Preliminar,0,0,0,0,0,0,0.423462897539139,0,3.93818187713623,4.62545442581177,5,5,0.789855062961578,0.967391312122345,1,1,1,1.03999996185303,0
01,2003-01-05,52050040,,"",SANDONA [52050040],Pluviométrica,Convencional,Activa,Nariño,Sandoná,1.3223,-77.4792,20,9/15/1963,,Cudayari,Pacifico,Patía,Río Guáitara,2003,05,Andes,Preliminar,0,0,0,2.01937699317932,2.01937699317932,0,0.296949177980423,0,3.93818187713623,4.62545442581177,5,5,0.789855062961578,0.967391312122345,1,1,1,1.03999996185303,0
01,2003-01-06,52050040,,"",SANDONA [52050040],Pluviométrica,Convencional,Activa,Nariño,Sandoná,1.3223,-77.4792,20,9/15/1963,,Cudayari,Pacifico,Patía,Río Guáitara,2003,06,Andes,Preliminar,0,0,0,4.29281377792358,4.29281377792358,0,0.190674498677254,0.121925786137581,3.93818187713623,4.62545442581177,5,5,0.789855062961578,0.967391312122345,1,1,2,1.03999996185303,0
01,2003-01-07,52050040,,"",SANDONA [52050040],Pluviométrica,Convencional,Activa,Nariño,Sandoná,1.3223,-77.4792,20,9/15/1963,,Cudayari,Pacifico,Patía,Río Guáitara,2003,07,Andes,Preliminar,0,0,0,0,0,0,0.429356068372726,0,3.93818187713623,4.62545442581177,5,5,0.789855062961578,0.967391312122345,1,1,2,1.03999996185303,0
01,2003-01-08,52050040,,"",SANDONA [52050040],Pluviométrica,Convencional,Activa,Nariño,Sandoná,1.3223,-77.4792,20,9/15/1963,,Cudayari,Pacifico,Patía,Río Guáitara,2003,08,Andes,Preliminar,0,0,0,1.95127904415131,1.95127904415131,0,0.460075885057449,1.55294942855835,3.93818187713623,4.62545442581177,5,5,0.789855062961578,0.967391312122345,1,1,2,1.03999996185303,0
01,2003-01-09,52050040,,"",SANDONA [52050040],Pluviométrica,Convencional,Activa,Nariño,Sandoná,1.3223,-77.4792,20,9/15/1963,,Cudayari,Pacifico,Patía,Río Guáitara,2003,09,Andes,Preliminar,0,0,0,0.780511617660523,0.780511617660523,0,0.344542145729065,0,3.93818187713623,4.62545442581177,5,5,0.789855062961578,0.967391312122345,1,1,2,1.03999996185303,0
01,2003-01-10,52050040,,"",SANDONA [52050040],Pluviométrica,Convencional,Activa,Nariño,Sandoná,1.3223,-77.4792,20,9/15/1963,,Cudayari,Pacifico,Patía,Río Guáitara,2003,10,Andes,Preliminar,0,0,0,0.390255808830261,0.390255808830261,0,0.320815205574036,0.0705886110663414,3.93818187713623,4.62545442581177,5,5,0.789855062961578,0.967391312122345,1,1,2,1.03999996185303,0
01,2003-01-11,52050040,,"",SANDONA [52050040],Pluviométrica,Convencional,Activa,Nariño,Sandoná,1.3223,-77.4792,20,9/15/1963,,Cudayari,Pacifico,Patía,Río Guáitara,2003,11,Andes,Preliminar,0,0,0,0,0,0,0.825413763523102,0.325891524553299,3.93818187713623,4.62545442581177,5,5,0.789855062961578,0.967391312122345,1,1,3,1.03999996185303,0
01,2003-01-12,52050040,,"",SANDONA [52050040],Pluviométrica,Convencional,Activa,Nariño,Sandoná,1.3223,-77.4792,20,9/15/1963,,Cudayari,Pacifico,Patía,Río Guáitara,2003,12,Andes,Preliminar,0,0,0,3.92574143409729,3.92574143409729,0,1.25860488414764,0.808693945407867,3.93818187713623,4.62545442581177,5,5,0.789855062961578,0.967391312122345,1,1,3,1.03999996185303,0
01,2003-01-13,52050040,,"",SANDONA [52050040],Pluviométrica,Convencional,Activa,Nariño,Sandoná,1.3223,-77.4792,20,9/15/1963,,Cudayari,Pacifico,Patía,Río Guáitara,2003,13,Andes,Preliminar,0,0,0,1.2183336019516,1.2183336019516,0,1.11343252658844,0.36210173368454,3.93818187713623,4.62545442581177,5,5,0.789855062961578,0.967391312122345,1,1,3,1.03999996185303,0
01,2003-01-14,52050040,,"",SANDONA [52050040],Pluviométrica,Convencional,Activa,Nariño,Sandoná,1.3223,-77.4792,20,9/15/1963,,Cudayari,Pacifico,Patía,Río Guáitara,2003,14,Andes,Preliminar,0,0,0,3.79037117958069,3.79037117958069,29.0750751495361,2.74172401428223,6.9885630607605,3.93818187713623,4.62545442581177,5,5,0.789855062961578,0.967391312122345,1,1,3,1.03999996185303,0
01,2022-01-12,52050040,10,En revisión,SANDONA [52050040],Pluviométrica,Convencional,Activa,Nariño,Sandoná,1.3223,-77.4792,20,9/15/1963,,Cudayari,Pacifico,Patía,Río Guáitara,2022,12,Andes,En revisión,10,10,0,1.68067336082459,1.68067336082459,0,0.052624799311161,0.00327420490793884,3.93818187713623,4.62545442581177,5,5,0.789855062961578,0.967391312122345,1,1,3,1.03999996185303,10.3999996185303
01,2023-01-10,52050040,16,En revisión,SANDONA [52050040],Pluviométrica,Convencional,Activa,Nariño,Sandoná,1.3223,-77.4792,20,9/15/1963,,Cudayari,Pacifico,Patía,Río Guáitara,2023,10,Andes,En revisión,16,16,0,5.63709449768066,5.63709449768066,0,7.73153448104858,32.8095359802246,3.93818187713623,4.62545442581177,5,5,0.789855062961578,0.967391312122345,1,1,2,1.03999996185303,16.6399993896484
01,2005-01-10,52050040,,"",SANDONA [52050040],Pluviométrica,Convencional,Activa,Nariño,Sandoná,1.3223,-77.4792,20,9/15/1963,,Cudayari,Pacifico,Patía,Río Guáitara,2005,10,Andes,Preliminar,0,0,0,4.8045129776001,4.8045129776001,0,0.981304407119751,0,3.93818187713623,4.62545442581177,5,5,0.789855062961578,0.967391312122345,1,1,2,1.03999996185303,0
01,2005-01-11,52050040,1,Definitivo,SANDONA [52050040],Pluviométrica,Convencional,Activa,Nariño,Sandoná,1.3223,-77.4792,20,9/15/1963,,Cudayari,Pacifico,Patía,Río Guáitara,2005,11,Andes,Definitivo,1,1,0,4.76494932174683,4.76494932174683,0,2.7925877571106,0,3.93818187713623,4.62545442581177,5,5,0.789855062961578,0.967391312122345,1,1,3,1.03999996185303,1.03999996185303
01,2005-01-12,52050040,,"",SANDONA [52050040],Pluviométrica,Convencional,Activa,Nariño,Sandoná,1.3223,-77.4792,20,9/15/1963,,Cudayari,Pacifico,Patía,Río Guáitara,2005,12,Andes,Preliminar,0,0,0,4.86101675033569,4.86101675033569,0,4.35261249542236,0.412780314683914,3.93818187713623,4.62545442581177,5,5,0.789855062961578,0.967391312122345,1,1,3,1.03999996185303,0
01,2005-01-13,52050040,,"",SANDONA [52050040],Pluviométrica,Convencional,Activa,Nariño,Sandoná,1.3223,-77.4792,20,9/15/1963,,Cudayari,Pacifico,Patía,Río Guáitara,2005,13,Andes,Preliminar,0,0,0,4.28461170196533,4.28461170196533,0,4.3165078163147,0,3.93818187713623,4.62545442581177,5,5,0.789855062961578,0.967391312122345,1,1,3,1.03999996185303,0
01,2005-01-14,52050040,26,Definitivo,SANDONA [52050040],Pluviométrica,Convencional,Activa,Nariño,Sandoná,1.3223,-77.4792,20,9/15/1963,,Cudayari,Pacifico,Patía,Río Guáitara,2005,14,Andes,Definitivo,26,26,0,2.88202548027039,2.88202548027039,0,4.99159479141235,0,3.93818187713623,4.62545442581177,5,5,0.789855062961578,0.967391312122345,1,1,3,1.03999996185303,27.0399990081787
01,2005-01-15,52050040,,"",SANDONA [52050040],Pluviométrica,Convencional,Activa,Nariño,Sandoná,1.3223,-77.4792,20,9/15/1963,,Cudayari,Pacifico,Patía,Río Guáitara,2005,15,Andes,Preliminar,0,0,0,0.249775588512421,0.249775588512421,66.4922790527344,18.7430992126465,34.7836265563965,3.93818187713623,4.62545442581177,5,5,0.789855062961578,0.967391312122345,1,1,3,1.03999996185303,0
01,2005-01-16,52050040,12,Definitivo,SANDONA [52050040],Pluviométrica,Convencional,Activa,Nariño,Sandoná,1.3223,-77.4792,20,9/15/1963,,Cudayari,Pacifico,Patía,Río Guáitara,2005,16,Andes,Definitivo,12,12,0,0.550326764583588,0.550326764583588,0,6.6836953163147,11.9792833328247,3.93818187713623,4.62545442581177,5,5,0.789855062961578,0.967391312122345,1,1,4,1.03999996185303,12.4799995422363
01,2005-01-17,52050040,18,Definitivo,SANDONA [52050040],Pluviométrica,Convencional,Activa,Nariño,Sandoná,1.3223,-77.4792,20,9/15/1963,,Cudayari,Pacifico,Patía,Río Guáitara,2005,17,Andes,Definitivo,18,18,0,2.20130705833435,2.20130705833435,66.0293350219727,14.6202564239502,23.2664279937744,3.93818187713623,4.62545442581177,5,5,0.789855062961578,0.967391312122345,1,1,4,1.03999996185303,18.7199993133545
01,2005-01-18,52050040,11,Definitivo,SANDONA [52050040],Pluviométrica,Convencional,Activa,Nariño,Sandoná,1.3223,-77.4792,20,9/15/1963,,Cudayari,Pacifico,Patía,Río Guáitara,2005,18,Andes,Definitivo,11,11,0,3.16437888145447,3.16437888145447,0,1.34098422527313,2.92826890945435,3.93818187713623,4.62545442581177,5,5,0.789855062961578,0.967391312122345,1,1,4,1.03999996185303,11.4399995803833
01,2005-01-19,52050040,6,Definitivo,SANDONA [52050040],Pluviométrica,Convencional,Activa,Nariño,Sandoná,1.3223,-77.4792,20,9/15/1963,,Cudayari,Pacifico,Patía,Río Guáitara,2005,19,Andes,Definitivo,6,6,0,4.67777729034424,4.67777729034424,0,5.26721668243408,0,3.93818187713623,4.62545442581177,5,5,0.789855062961578,0.967391312122345,1,1,4,1.03999996185303,6.23999977111816
01,2005-01-20,52050040,0,Definitivo,SANDONA [52050040],Pluviométrica,Convencional,Activa,Nariño,Sandoná,1.3223,-77.4792,20,9/15/1963,,Cudayari,Pacifico,Patía,Río Guáitara,2005,20,Andes,Definitivo,0,0,0,3.16437888145447,3.16437888145447,0,10.2618293762207,0,3.93818187713623,4.62545442581177,5,5,0.789855062961578,0.967391312122345,1,1,4,1.03999996185303,0
01,2005-01-21,52050040,,"",SANDONA [52050040],Pluviométrica,Convencional,Activa,Nariño,Sandoná,1.3223,-77.4792,20,9/15/1963,,Cudayari,Pacifico,Patía,Río Guáitara,2005,21,Andes,Preliminar,0,0,0,3.37913656234741,3.37913656234741,0,1.31045186519623,0.0866309106349945,3.93818187713623,4.62545442581177,5,5,0.789855062961578,0.967391312122345,1,1,5,1.03999996185303,0
01,2005-01-22,52050040,,"",SANDONA [52050040],Pluviométrica,Convencional,Activa,Nariño,Sandoná,1.3223,-77.4792,20,9/15/1963,,Cudayari,Pacifico,Patía,Río Guáitara,2005,22,Andes,Preliminar,0,0,0,7.44183874130249,7.44183874130249,0,0.559863448143005,0.519785523414612,3.93818187713623,4.62545442581177,5,5,0.789855062961578,0.967391312122345,1,1,5,1.03999996185303,0
01,2005-01-23,52050040,,"",SANDONA [52050040],Pluviométrica,Convencional,Activa,Nariño,Sandoná,1.3223,-77.4792,20,9/15/1963,,Cudayari,Pacifico,Patía,Río Guáitara,2005,23,Andes,Preliminar,0,0,0,2.16677451133728,2.16677451133728,18.3070888519287,0.424288213253021,0.504034459590912,3.93818187713623,4.62545442581177,5,5,0.789855062961578,0.967391312122345,1,1,5,1.03999996185303,0
01,2005-01-24,52050040,5,Definitivo,SANDONA [52050040],Pluviométrica,Convencional,Activa,Nariño,Sandoná,1.3223,-77.4792,20,9/15/1963,,Cudayari,Pacifico,Patía,Río Guáitara,2005,24,Andes,Definitivo,5,5,0,6.29396438598633,6.29396438598633,0,4.93618822097778,1.96100914478302,3.93818187713623,4.62545442581177,5,5,0.789855062961578,0.967391312122345,1,1,5,1.03999996185303,5.19999980926514
01,2005-01-25,52050040,,"",SANDONA [52050040],Pluviométrica,Convencional,Activa,Nariño,Sandoná,1.3223,-77.4792,20,9/15/1963,,Cudayari,Pacifico,Patía,Río Guáitara,2005,25,Andes,Preliminar,0,0,0,1.4316189289093,1.4316189289093,0,1.11727929115295,5.27661085128784,3.93818187713623,4.62545442581177,5,5,0.789855062961578,0.967391312122345,1,1,5,1.03999996185303,0
01,2005-01-26,52050040,,"",SANDONA [52050040],Pluviométrica,Convencional,Activa,Nariño,Sandoná,1.3223,-77.4792,20,9/15/1963,,Cudayari,Pacifico,Patía,Río Guáitara,2005,26,Andes,Preliminar,0,0,0,2.66979575157166,2.66979575157166,0,0.00742418132722378,0.0477174110710621,3.93818187713623,4.62545442581177,5,5,0.789855062961578,0.967391312122345,1,1,6,1.03999996185303,0
01,2005-01-27,52050040,,"",SANDONA [52050040],Pluviométrica,Convencional,Activa,Nariño,Sandoná,1.3223,-77.4792,20,9/15/1963,,Cudayari,Pacifico,Patía,Río Guáitara,2005,27,Andes,Preliminar,0,0,0,0.875624299049377,0.875624299049377,0,0.0140843065455556,0.0363561287522316,3.93818187713623,4.62545442581177,5,5,0.789855062961578,0.967391312122345,1,1,6,1.03999996185303,0
01,2005-01-28,52050040,1,Definitivo,SANDONA [52050040],Pluviométrica,Convencional,Activa,Nariño,Sandoná,1.3223,-77.4792,20,9/15/1963,,Cudayari,Pacifico,Patía,Río Guáitara,2005,28,Andes,Definitivo,1,1,0,4.57556629180908,4.57556629180908,0,0.0275578871369362,0,3.93818187713623,4.62545442581177,5,5,0.789855062961578,0.967391312122345,1,1,6,1.03999996185303,1.03999996185303
01,2008-01-27,52050040,0,Definitivo,SANDONA [52050040],Pluviométrica,Convencional,Activa,Nariño,Sandoná,1.3223,-77.4792,20,9/15/1963,,Cudayari,Pacifico,Patía,Río Guáitara,2008,27,Andes,Definitivo,0,0,0,4.06552028656006,4.06552028656006,0,0.169747412204742,0,3.93818187713623,4.62545442581177,5,5,0.789855062961578,0.967391312122345,1,1,6,1.03999996185303,0
01,2008-01-28,52050040,4,Definitivo,SANDONA [52050040],Pluviométrica,Convencional,Activa,Nariño,Sandoná,1.3223,-77.4792,20,9/15/1963,,Cudayari,Pacifico,Patía,Río Guáitara,2008,28,Andes,Definitivo,4,4,0,10.0282831192017,10.0282831192017,0,0.177907556295395,0.703734397888184,3.93818187713623,4.62545442581177,5,5,0.789855062961578,0.967391312122345,1,1,6,1.03999996185303,4.15999984741211
01,2013-01-26,52050040,,"",SANDONA [52050040],Pluviométrica,Convencional,Activa,Nariño,Sandoná,1.3223,-77.4792,20,9/15/1963,,Cudayari,Pacifico,Patía,Río Guáitara,2013,26,Andes,Preliminar,0,0,0,3.04153323173523,3.04153323173523,0,0.151170983910561,0.00311919720843434,3.93818187713623,4.62545442581177,5,5,0.789855062961578,0.967391312122345,1,1,6,1.03999996185303,0
01,2013-01-27,52050040,,"",SANDONA [52050040],Pluviométrica,Convencional,Activa,Nariño,Sandoná,1.3223,-77.4792,20,9/15/1963,,Cudayari,Pacifico,Patía,Río Guáitara,2013,27,Andes,Preliminar,0,0,0,1.79117357730865,1.79117357730865,0,0.141445487737656,0,3.93818187713623,4.62545442581177,5,5,0.789855062961578,0.967391312122345,1,1,6,1.03999996185303,0
01,2013-01-28,52050040,,"",SANDONA [52050040],Pluviométrica,Convencional,Activa,Nariño,Sandoná,1.3223,-77.4792,20,9/15/1963,,Cudayari,Pacifico,Patía,Río Guáitara,2013,28,Andes,Preliminar,0,0,0,3.06526064872742,3.06526064872742,0,0.135808423161507,1.05012977123261,3.93818187713623,4.62545442581177,5,5,0.789855062961578,0.967391312122345,1,1,6,1.03999996185303,0
01,2015-01-30,52050040,1,Definitivo,SANDONA [52050040],Pluviométrica,Convencional,Activa,Nariño,Sandoná,1.3223,-77.4792,20,9/15/1963,,Cudayari,Pacifico,Patía,Río Guáitara,2015,30,Andes,Definitivo,1,1,0,2.91826176643372,2.91826176643372,0,0.591032981872559,0,3.93818187713623,4.62545442581177,5,5,0.789855062961578,0.967391312122345,1,1,6,1.03999996185303,1.03999996185303
01,2015-01-31,52050040,,"",SANDONA [52050040],Pluviométrica,Convencional,Activa,Nariño,Sandoná,1.3223,-77.4792,20,9/15/1963,,Cudayari,Pacifico,Patía,Río Guáitara,2015,31,Andes,Preliminar,0,0,0,6.09142303466797,6.09142303466797,9.71388626098633,1.46775829792023,0.699274241924286,3.93818187713623,4.62545442581177,5,5,0.789855062961578,0.967391312122345,1,1,6,1.03999996185303,0
01,2018-01-29,52050040,,"",SANDONA [52050040],Pluviométrica,Convencional,Activa,Nariño,Sandoná,1.3223,-77.4792,20,9/15/1963,,Cudayari,Pacifico,Patía,Río Guáitara,2018,29,Andes,Preliminar,0,0,0,2.85815286636353,2.85815286636353,0,0.0171725023537874,0,3.93818187713623,4.62545442581177,5,5,0.789855062961578,0.967391312122345,1,1,6,1.03999996185303,0
01,2018-01-30,52050040,,"",SANDONA [52050040],Pluviométrica,Convencional,Activa,Nariño,Sandoná,1.3223,-77.4792,20,9/15/1963,,Cudayari,Pacifico,Patía,Río Guáitara,2018,30,Andes,Preliminar,0,0,0,3.85518288612366,3.85518288612366,0,0.0613774582743645,0,3.93818187713623,4.62545442581177,5,5,0.789855062961578,0.967391312122345,1,1,6,1.03999996185303,0
01,2018-01-31,52050040,,"",SANDONA [52050040],Pluviométrica,Convencional,Activa,Nariño,Sandoná,1.3223,-77.4792,20,9/15/1963,,Cudayari,Pacifico,Patía,Río Guáitara,2018,31,Andes,Preliminar,0,0,0,4.07368516921997,4.07368516921997,0,0.0253115631639957,0,3.93818187713623,4.62545442581177,5,5,0.789855062961578,0.967391312122345,1,1,6,1.03999996185303,0
01,2021-01-29,52050040,,"",SANDONA [52050040],Pluviométrica,Convencional,Activa,Nariño,Sandoná,1.3223,-77.4792,20,9/15/1963,,Cudayari,Pacifico,Patía,Río Guáitara,2021,29,Andes,Preliminar,0,0,0,17.6617889404297,17.6617889404297,0,3.41448140144348,0.466548413038254,3.93818187713623,4.62545442581177,5,5,0.789855062961578,0.967391312122345,1,1,6,1.03999996185303,0
01,2021-01-30,52050040,,"",SANDONA [52050040],Pluviométrica,Convencional,Activa,Nariño,Sandoná,1.3223,-77.4792,20,9/15/1963,,Cudayari,Pacifico,Patía,Río Guáitara,2021,30,Andes,Preliminar,0,0,0,1.54893577098846,1.54893577098846,0,0.865163683891296,0.360914826393127,3.93818187713623,4.62545442581177,5,5,0.789855062961578,0.967391312122345,1,1,6,1.03999996185303,0
01,2023-01-27,52050040,,"",SANDONA [52050040],Pluviométrica,Convencional,Activa,Nariño,Sandoná,1.3223,-77.4792,20,9/15/1963,,Cudayari,Pacifico,Patía,Río Guáitara,2023,27,Andes,Preliminar,0,0,0,4.44540739059448,4.44540739059448,0,0.0417954474687576,0,3.93818187713623,4.62545442581177,5,5,0.789855062961578,0.967391312122345,1,1,6,1.03999996185303,0
01,2023-01-24,52050040,,"",SANDONA [52050040],Pluviométrica,Convencional,Activa,Nariño,Sandoná,1.3223,-77.4792,20,9/15/1963,,Cudayari,Pacifico,Patía,Río Guáitara,2023,24,Andes,Preliminar,0,0,0,8.28604793548584,8.28604793548584,5.07943868637085,3.88961529731751,5.79517841339111,3.93818187713623,4.62545442581177,5,5,0.789855062961578,0.967391312122345,1,1,5,1.03999996185303,0
01,2022-01-23,52050040,,"",SANDONA [52050040],Pluviométrica,Convencional,Activa,Nariño,Sandoná,1.3223,-77.4792,20,9/15/1963,,Cudayari,Pacifico,Patía,Río Guáitara,2022,23,Andes,Preliminar,0,0,0,1.51278030872345,1.51278030872345,0,1.14214825630188,0,3.93818187713623,4.62545442581177,5,5,0.789855062961578,0.967391312122345,1,1,5,1.03999996185303,0
01,2021-01-22,52050040,,"",SANDONA [52050040],Pluviométrica,Convencional,Activa,Nariño,Sandoná,1.3223,-77.4792,20,9/15/1963,,Cudayari,Pacifico,Patía,Río Guáitara,2021,22,Andes,Preliminar,1,1,0,3.9313600063324,3.9313600063324,22.0617504119873,2.62986254692078,4.97310495376587,3.93818187713623,4.62545442581177,5,5,0.789855062961578,0.967391312122345,1,1,5,1.03999996185303,1.03999996185303
01,2021-01-19,52050040,2,En revisión,SANDONA [52050040],Pluviométrica,Convencional,Activa,Nariño,Sandoná,1.3223,-77.4792,20,9/15/1963,,Cudayari,Pacifico,Patía,Río Guáitara,2021,19,Andes,En revisión,2,2,0,2.29398488998413,2.29398488998413,0,0.742222905158997,1.51157653331757,3.93818187713623,4.62545442581177,5,5,0.789855062961578,0.967391312122345,1,1,4,1.03999996185303,2.07999992370605
01,2023-01-16,52050040,3,En revisión,SANDONA [52050040],Pluviométrica,Convencional,Activa,Nariño,Sandoná,1.3223,-77.4792,20,9/15/1963,,Cudayari,Pacifico,Patía,Río Guáitara,2023,16,Andes,En revisión,3,3,0,22.855094909668,22.855094909668,0,6.00374031066895,5.61012029647827,3.93818187713623,4.62545442581177,5,5,0.789855062961578,0.967391312122345,1,1,4,1.03999996185303,3.11999988555908
01,2023-01-13,52050040,6,En revisión,SANDONA [52050040],Pluviométrica,Convencional,Activa,Nariño,Sandoná,1.3223,-77.4792,20,9/15/1963,,Cudayari,Pacifico,Patía,Río Guáitara,2023,13,Andes,En revisión,6,6,0,4.64831924438477,4.64831924438477,14.6157512664795,10.7143402099609,7.8049430847168,3.93818187713623,4.62545442581177,5,5,0.789855062961578,0.967391312122345,1,1,3,1.03999996185303,6.23999977111816
01,2004-01-12,52050040,,"",SANDONA [52050040],Pluviométrica,Convencional,Activa,Nariño,Sandoná,1.3223,-77.4792,20,9/15/1963,,Cudayari,Pacifico,Patía,Río Guáitara,2004,12,Andes,Preliminar,0,0,0,10.1278810501099,10.1278810501099,0,15.0684041976929,0,3.93818187713623,4.62545442581177,5,5,0.789855062961578,0.967391312122345,1,1,3,1.03999996185303,0
01,2005-01-09,52050040,,"",SANDONA [52050040],Pluviométrica,Convencional,Activa,Nariño,Sandoná,1.3223,-77.4792,20,9/15/1963,,Cudayari,Pacifico,Patía,Río Guáitara,2005,09,Andes,Preliminar,2,2,0,4.65132474899292,4.65132474899292,0,0.325880438089371,0,3.93818187713623,4.62545442581177,5,5,0.789855062961578,0.967391312122345,1,1,2,1.03999996185303,2.07999992370605
01,2006-01-07,52050040,0,Definitivo,SANDONA [52050040],Pluviométrica,Convencional,Activa,Nariño,Sandoná,1.3223,-77.4792,20,9/15/1963,,Cudayari,Pacifico,Patía,Río Guáitara,2006,07,Andes,Definitivo,0,0,0,6.85165548324585,6.85165548324585,45.3133201599121,9.421311378479,4.78018760681152,3.93818187713623,4.62545442581177,5,5,0.789855062961578,0.967391312122345,1,1,2,1.03999996185303,0
01,2006-01-08,52050040,2,Definitivo,SANDONA [52050040],Pluviométrica,Convencional,Activa,Nariño,Sandoná,1.3223,-77.4792,20,9/15/1963,,Cudayari,Pacifico,Patía,Río Guáitara,2006,08,Andes,Definitivo,2,2,0,1.08578145503998,1.08578145503998,0,5.28045511245728,0,3.93818187713623,4.62545442581177,5,5,0.789855062961578,0.967391312122345,1,1,2,1.03999996185303,2.07999992370605
01,2006-01-09,52050040,1,Definitivo,SANDONA [52050040],Pluviométrica,Convencional,Activa,Nariño,Sandoná,1.3223,-77.4792,20,9/15/1963,,Cudayari,Pacifico,Patía,Río Guáitara,2006,09,Andes,Definitivo,1,1,0,6.7268533706665,6.7268533706665,0,2.79366040229797,0,3.93818187713623,4.62545442581177,5,5,0.789855062961578,0.967391312122345,1,1,2,1.03999996185303,1.03999996185303
01,2006-01-10,52050040,0,Definitivo,SANDONA [52050040],Pluviométrica,Convencional,Activa,Nariño,Sandoná,1.3223,-77.4792,20,9/15/1963,,Cudayari,Pacifico,Patía,Río Guáitara,2006,10,Andes,Definitivo,0,0,0,11.8562326431274,11.8562326431274,22.6566600799561,3.30696153640747,19.8980159759522,3.93818187713623,4.62545442581177,5,5,0.789855062961578,0.967391312122345,1,1,2,1.03999996185303,0
01,2006-01-11,52050040,,"",SANDONA [52050040],Pluviométrica,Convencional,Activa,Nariño,Sandoná,1.3223,-77.4792,20,9/15/1963,,Cudayari,Pacifico,Patía,Río Guáitara,2006,11,Andes,Preliminar,0,0,0,8.57179260253906,8.57179260253906,29.7170658111572,12.4450359344482,7.62660312652588,3.93818187713623,4.62545442581177,5,5,0.789855062961578,0.967391312122345,1,1,3,1.03999996185303,0
01,2006-01-12,52050040,,"",SANDONA [52050040],Pluviométrica,Convencional,Activa,Nariño,Sandoná,1.3223,-77.4792,20,9/15/1963,,Cudayari,Pacifico,Patía,Río Guáitara,2006,12,Andes,Preliminar,0,0,0,3.76357460021973,3.76357460021973,0,2.76673245429993,0,3.93818187713623,4.62545442581177,5,5,0.789855062961578,0.967391312122345,1,1,3,1.03999996185303,0
01,2006-01-13,52050040,,"",SANDONA [52050040],Pluviométrica,Convencional,Activa,Nariño,Sandoná,1.3223,-77.4792,20,9/15/1963,,Cudayari,Pacifico,Patía,Río Guáitara,2006,13,Andes,Preliminar,0,0,0,4.56494379043579,4.56494379043579,0,1.05246889591217,0.108757264912128,3.93818187713623,4.62545442581177,5,5,0.789855062961578,0.967391312122345,1,1,3,1.03999996185303,0
01,2006-01-14,52050040,24,Definitivo,SANDONA [52050040],Pluviométrica,Convencional,Activa,Nariño,Sandoná,1.3223,-77.4792,20,9/15/1963,,Cudayari,Pacifico,Patía,Río Guáitara,2006,14,Andes,Definitivo,24,24,0,7.8992133140564,7.8992133140564,0,3.66032218933105,0,3.93818187713623,4.62545442581177,5,5,0.789855062961578,0.967391312122345,1,1,3,1.03999996185303,24.9599990844727
01,2006-01-15,52050040,2,Definitivo,SANDONA [52050040],Pluviométrica,Convencional,Activa,Nariño,Sandoná,1.3223,-77.4792,20,9/15/1963,,Cudayari,Pacifico,Patía,Río Guáitara,2006,15,Andes,Definitivo,2,2,0,7.52714824676514,7.52714824676514,59.4341316223145,11.0848531723022,23.274055480957,3.93818187713623,4.62545442581177,5,5,0.789855062961578,0.967391312122345,1,1,3,1.03999996185303,2.07999992370605
01,2006-01-16,52050040,,"",SANDONA [52050040],Pluviométrica,Convencional,Activa,Nariño,Sandoná,1.3223,-77.4792,20,9/15/1963,,Cudayari,Pacifico,Patía,Río Guáitara,2006,16,Andes,Preliminar,0,0,0,8.32870674133301,8.32870674133301,0,2.96943998336792,1.06036901473999,3.93818187713623,4.62545442581177,5,5,0.789855062961578,0.967391312122345,1,1,4,1.03999996185303,0
01,2006-01-17,52050040,0,Definitivo,SANDONA [52050040],Pluviométrica,Convencional,Activa,Nariño,Sandoná,1.3223,-77.4792,20,9/15/1963,,Cudayari,Pacifico,Patía,Río Guáitara,2006,17,Andes,Definitivo,0,0,0,4.07064628601074,4.07064628601074,0,0.578302502632141,0.353456348180771,3.93818187713623,4.62545442581177,5,5,0.789855062961578,0.967391312122345,1,1,4,1.03999996185303,0
01,2006-01-18,52050040,0,Definitivo,SANDONA [52050040],Pluviométrica,Convencional,Activa,Nariño,Sandoná,1.3223,-77.4792,20,9/15/1963,,Cudayari,Pacifico,Patía,Río Guáitara,2006,18,Andes,Definitivo,0,0,0,10.8700494766235,10.8700494766235,0,1.75522220134735,2.34107422828674,3.93818187713623,4.62545442581177,5,5,0.789855062961578,0.967391312122345,1,1,4,1.03999996185303,0
01,2006-01-19,52050040,5,Definitivo,SANDONA [52050040],Pluviométrica,Convencional,Activa,Nariño,Sandoná,1.3223,-77.4792,20,9/15/1963,,Cudayari,Pacifico,Patía,Río Guáitara,2006,19,Andes,Definitivo,5,5,0,3.13357305526733,3.13357305526733,0,2.07814168930054,2.95617961883545,3.93818187713623,4.62545442581177,5,5,0.789855062961578,0.967391312122345,1,1,4,1.03999996185303,5.19999980926514
01,2006-01-20,52050040,0,Definitivo,SANDONA [52050040],Pluviométrica,Convencional,Activa,Nariño,Sandoná,1.3223,-77.4792,20,9/15/1963,,Cudayari,Pacifico,Patía,Río Guáitara,2006,20,Andes,Definitivo,0,0,0,5.58495664596558,5.58495664596558,0,1.78580558300018,2.45583295822144,3.93818187713623,4.62545442581177,5,5,0.789855062961578,0.967391312122345,1,1,4,1.03999996185303,0
01,2006-01-21,52050040,,"",SANDONA [52050040],Pluviométrica,Convencional,Activa,Nariño,Sandoná,1.3223,-77.4792,20,9/15/1963,,Cudayari,Pacifico,Patía,Río Guáitara,2006,21,Andes,Preliminar,0,0,0,1.92932498455048,1.92932498455048,0,0.940389335155487,3.10467982292175,3.93818187713623,4.62545442581177,5,5,0.789855062961578,0.967391312122345,1,1,5,1.03999996185303,0
01,2006-01-22,52050040,,"",SANDONA [52050040],Pluviométrica,Convencional,Activa,Nariño,Sandoná,1.3223,-77.4792,20,9/15/1963,,Cudayari,Pacifico,Patía,Río Guáitara,2006,22,Andes,Preliminar,0,0,0,0.971915662288666,0.971915662288666,0,0.371011674404144,0.0241296384483576,3.93818187713623,4.62545442581177,5,5,0.789855062961578,0.967391312122345,1,1,5,1.03999996185303,0
01,2006-01-23,52050040,0,Definitivo,SANDONA [52050040],Pluviométrica,Convencional,Activa,Nariño,Sandoná,1.3223,-77.4792,20,9/15/1963,,Cudayari,Pacifico,Patía,Río Guáitara,2006,23,Andes,Definitivo,0,0,0,2.85772252082825,2.85772252082825,0,0.506553053855896,0,3.93818187713623,4.62545442581177,5,5,0.789855062961578,0.967391312122345,1,1,5,1.03999996185303,0
01,2006-01-24,52050040,24,Definitivo,SANDONA [52050040],Pluviométrica,Convencional,Activa,Nariño,Sandoná,1.3223,-77.4792,20,9/15/1963,,Cudayari,Pacifico,Patía,Río Guáitara,2006,24,Andes,Definitivo,24,24,0,3.52500772476196,3.52500772476196,0,1.27785456180573,0.0804321244359016,3.93818187713623,4.62545442581177,5,5,0.789855062961578,0.967391312122345,1,1,5,1.03999996185303,24.9599990844727
01,2006-01-25,52050040,,"",SANDONA [52050040],Pluviométrica,Convencional,Activa,Nariño,Sandoná,1.3223,-77.4792,20,9/15/1963,,Cudayari,Pacifico,Patía,Río Guáitara,2006,25,Andes,Preliminar,0,0,0,4.61297225952148,4.61297225952148,0,0.113433249294758,0,3.93818187713623,4.62545442581177,5,5,0.789855062961578,0.967391312122345,1,1,5,1.03999996185303,0
01,2006-01-26,52050040,,"",SANDONA [52050040],Pluviométrica,Convencional,Activa,Nariño,Sandoná,1.3223,-77.4792,20,9/15/1963,,Cudayari,Pacifico,Patía,Río Guáitara,2006,26,Andes,Preliminar,0,0,0,1.56796956062317,1.56796956062317,0,0.495575040578842,0,3.93818187713623,4.62545442581177,5,5,0.789855062961578,0.967391312122345,1,1,6,1.03999996185303,0
01,2006-01-27,52050040,1,Definitivo,SANDONA [52050040],Pluviométrica,Convencional,Activa,Nariño,Sandoná,1.3223,-77.4792,20,9/15/1963,,Cudayari,Pacifico,Patía,Río Guáitara,2006,27,Andes,Definitivo,1,1,0,4.57614803314209,4.57614803314209,0,2.10417079925537,0.0497700348496437,3.93818187713623,4.62545442581177,5,5,0.789855062961578,0.967391312122345,1,1,6,1.03999996185303,1.03999996185303
01,2008-01-29,52050040,8,Definitivo,SANDONA [52050040],Pluviométrica,Convencional,Activa,Nariño,Sandoná,1.3223,-77.4792,20,9/15/1963,,Cudayari,Pacifico,Patía,Río Guáitara,2008,29,Andes,Definitivo,8,8,0,7.88904619216919,7.88904619216919,0,0.116482876241207,0,3.93818187713623,4.62545442581177,5,5,0.789855062961578,0.967391312122345,1,1,6,1.03999996185303,8.31999969482422
01,2011-01-27,52050040,2,Definitivo,SANDONA [52050040],Pluviométrica,Convencional,Activa,Nariño,Sandoná,1.3223,-77.4792,20,9/15/1963,,Cudayari,Pacifico,Patía,Río Guáitara,2011,27,Andes,Definitivo,2,2,0,7.94006776809692,7.94006776809692,0,3.20390915870667,0.660303711891174,3.93818187713623,4.62545442581177,5,5,0.789855062961578,0.967391312122345,1,1,6,1.03999996185303,2.07999992370605
01,2011-01-28,52050040,1,Definitivo,SANDONA [52050040],Pluviométrica,Convencional,Activa,Nariño,Sandoná,1.3223,-77.4792,20,9/15/1963,,Cudayari,Pacifico,Patía,Río Guáitara,2011,28,Andes,Definitivo,1,1,0,1.86303269863129,1.86303269863129,0,4.87807416915894,4.57218742370606,3.93818187713623,4.62545442581177,5,5,0.789855062961578,0.967391312122345,1,1,6,1.03999996185303,1.03999996185303
01,2016-01-27,52050040,,"",SANDONA [52050040],Pluviométrica,Convencional,Activa,Nariño,Sandoná,1.3223,-77.4792,20,9/15/1963,,Cudayari,Pacifico,Patía,Río Guáitara,2016,27,Andes,Preliminar,0,0,0,1.71871650218964,1.71871650218964,0,0.264957398176193,0,3.93818187713623,4.62545442581177,5,5,0.789855062961578,0.967391312122345,1,1,6,1.03999996185303,0
01,2016-01-28,52050040,,"",SANDONA [52050040],Pluviométrica,Convencional,Activa,Nariño,Sandoná,1.3223,-77.4792,20,9/15/1963,,Cudayari,Pacifico,Patía,Río Guáitara,2016,28,Andes,Preliminar,0,0,0,1.9352605342865,1.9352605342865,0,0.614081561565399,0,3.93818187713623,4.62545442581177,5,5,0.789855062961578,0.967391312122345,1,1,6,1.03999996185303,0
01,2016-01-29,52050040,7,Definitivo,SANDONA [52050040],Pluviométrica,Convencional,Activa,Nariño,Sandoná,1.3223,-77.4792,20,9/15/1963,,Cudayari,Pacifico,Patía,Río Guáitara,2016,29,Andes,Definitivo,7,7,0,4.65418529510498,4.65418529510498,0,2.21282529830933,1.98055458068848,3.93818187713623,4.62545442581177,5,5,0.789855062961578,0.967391312122345,1,1,6,1.03999996185303,7.27999973297119
01,2004-01-01,52050040,,"",SANDONA [52050040],Pluviométrica,Convencional,Activa,Nariño,Sandoná,1.3223,-77.4792,20,9/15/1963,,Cudayari,Pacifico,Patía,Río Guáitara,2004,01,Andes,Preliminar,0,0,0,0.0579138807952404,0.0579138807952404,0,0.382571786642075,2.91851949691772,3.93818187713623,4.62545442581177,5,5,0.789855062961578,0.967391312122345,1,1,1,1.03999996185303,0
01,2004-01-02,52050040,,"",SANDONA [52050040],Pluviométrica,Convencional,Activa,Nariño,Sandoná,1.3223,-77.4792,20,9/15/1963,,Cudayari,Pacifico,Patía,Río Guáitara,2004,02,Andes,Preliminar,0,0,0,0,0,0,0.459383457899094,1.57600057125092,3.93818187713623,4.62545442581177,5,5,0.789855062961578,0.967391312122345,1,1,1,1.03999996185303,0
01,2004-01-03,52050040,2,Definitivo,SANDONA [52050040],Pluviométrica,Convencional,Activa,Nariño,Sandoná,1.3223,-77.4792,20,9/15/1963,,Cudayari,Pacifico,Patía,Río Guáitara,2004,03,Andes,Definitivo,2,2,0,0.347483307123184,0.347483307123184,0,0.933632910251617,1.80948221683502,3.93818187713623,4.62545442581177,5,5,0.789855062961578,0.967391312122345,1,1,1,1.03999996185303,2.07999992370605
01,2004-01-04,52050040,,"",SANDONA [52050040],Pluviométrica,Convencional,Activa,Nariño,Sandoná,1.3223,-77.4792,20,9/15/1963,,Cudayari,Pacifico,Patía,Río Guáitara,2004,04,Andes,Preliminar,0,0,0,1.94011509418488,1.94011509418488,0,1.16380786895752,0,3.93818187713623,4.62545442581177,5,5,0.789855062961578,0.967391312122345,1,1,1,1.03999996185303,0
01,2004-01-05,52050040,,"",SANDONA [52050040],Pluviométrica,Convencional,Activa,Nariño,Sandoná,1.3223,-77.4792,20,9/15/1963,,Cudayari,Pacifico,Patía,Río Guáitara,2004,05,Andes,Preliminar,0,0,0,6.86279439926148,6.86279439926148,0,3.36460614204407,0,3.93818187713623,4.62545442581177,5,5,0.789855062961578,0.967391312122345,1,1,1,1.03999996185303,0
01,2004-01-06,52050040,6,Definitivo,SANDONA [52050040],Pluviométrica,Convencional,Activa,Nariño,Sandoná,1.3223,-77.4792,20,9/15/1963,,Cudayari,Pacifico,Patía,Río Guáitara,2004,06,Andes,Definitivo,6,6,0,3.11734008789063,3.11734008789063,0,1.61635994911194,0.274337828159332,3.93818187713623,4.62545442581177,5,5,0.789855062961578,0.967391312122345,1,1,2,1.03999996185303,6.23999977111816
01,2004-01-07,52050040,5,Definitivo,SANDONA [52050040],Pluviométrica,Convencional,Activa,Nariño,Sandoná,1.3223,-77.4792,20,9/15/1963,,Cudayari,Pacifico,Patía,Río Guáitara,2004,07,Andes,Definitivo,5,5,0,4.90871334075928,4.90871334075928,0,2.65068197250366,10.5312128067017,3.93818187713623,4.62545442581177,5,5,0.789855062961578,0.967391312122345,1,1,2,1.03999996185303,5.19999980926514
01,2004-01-08,52050040,17,Definitivo,SANDONA [52050040],Pluviométrica,Convencional,Activa,Nariño,Sandoná,1.3223,-77.4792,20,9/15/1963,,Cudayari,Pacifico,Patía,Río Guáitara,2004,08,Andes,Definitivo,17,17,0,3.27540254592896,3.27540254592896,0,3.03918051719666,0.184758126735687,3.93818187713623,4.62545442581177,5,5,0.789855062961578,0.967391312122345,1,1,2,1.03999996185303,17.6799993515015
01,2004-01-09,52050040,8,Definitivo,SANDONA [52050040],Pluviométrica,Convencional,Activa,Nariño,Sandoná,1.3223,-77.4792,20,9/15/1963,,Cudayari,Pacifico,Patía,Río Guáitara,2004,09,Andes,Definitivo,8,8,0,4.33793258666992,4.33793258666992,0,1.04191780090332,0.139968276023865,3.93818187713623,4.62545442581177,5,5,0.789855062961578,0.967391312122345,1,1,2,1.03999996185303,8.31999969482422
01,2004-01-10,52050040,,"",SANDONA [52050040],Pluviométrica,Convencional,Activa,Nariño,Sandoná,1.3223,-77.4792,20,9/15/1963,,Cudayari,Pacifico,Patía,Río Guáitara,2004,10,Andes,Preliminar,0,0,0,4.08327627182007,4.08327627182007,0,3.01168465614319,0.229547992348671,3.93818187713623,4.62545442581177,5,5,0.789855062961578,0.967391312122345,1,1,2,1.03999996185303,0
01,2004-01-11,52050040,,"",SANDONA [52050040],Pluviométrica,Convencional,Activa,Nariño,Sandoná,1.3223,-77.4792,20,9/15/1963,,Cudayari,Pacifico,Patía,Río Guáitara,2004,11,Andes,Preliminar,0,0,0,7.46851682662964,7.46851682662964,0,10.2765789031982,0,3.93818187713623,4.62545442581177,5,5,0.789855062961578,0.967391312122345,1,1,3,1.03999996185303,0
01,2021-01-13,52050040,23,En revisión,SANDONA [52050040],Pluviométrica,Convencional,Activa,Nariño,Sandoná,1.3223,-77.4792,20,9/15/1963,,Cudayari,Pacifico,Patía,Río Guáitara,2021,13,Andes,En revisión,23,23,0,3.44654631614685,3.44654631614685,0,0.0695335492491722,0.0910116583108902,3.93818187713623,4.62545442581177,5,5,0.789855062961578,0.967391312122345,1,1,3,1.03999996185303,23.9199991226196
01,2022-01-11,52050040,,"",SANDONA [52050040],Pluviométrica,Convencional,Activa,Nariño,Sandoná,1.3223,-77.4792,20,9/15/1963,,Cudayari,Pacifico,Patía,Río Guáitara,2022,11,Andes,Preliminar,0,0,0,1.28214752674103,1.28214752674103,0,0.136718153953552,0.00514517864212394,3.93818187713623,4.62545442581177,5,5,0.789855062961578,0.967391312122345,1,1,3,1.03999996185303,0
01,2023-01-09,52050040,5,En revisión,SANDONA [52050040],Pluviométrica,Convencional,Activa,Nariño,Sandoná,1.3223,-77.4792,20,9/15/1963,,Cudayari,Pacifico,Patía,Río Guáitara,2023,09,Andes,En revisión,5,5,0,10.3638200759888,10.3638200759888,0,12.9713535308838,7.22071075439453,3.93818187713623,4.62545442581177,5,5,0.789855062961578,0.967391312122345,1,1,2,1.03999996185303,5.19999980926514
01,2007-01-05,52050040,,"",SANDONA [52050040],Pluviométrica,Convencional,Activa,Nariño,Sandoná,1.3223,-77.4792,20,9/15/1963,,Cudayari,Pacifico,Patía,Río Guáitara,2007,05,Andes,Preliminar,0,0,0,4.55508852005005,4.55508852005005,0,2.19850993156433,0.261144399642944,3.93818187713623,4.62545442581177,5,5,0.789855062961578,0.967391312122345,1,1,1,1.03999996185303,0
01,2007-01-06,52050040,,"",SANDONA [52050040],Pluviométrica,Convencional,Activa,Nariño,Sandoná,1.3223,-77.4792,20,9/15/1963,,Cudayari,Pacifico,Patía,Río Guáitara,2007,06,Andes,Preliminar,0,0,0,1.59574258327484,1.59574258327484,0,0.289427280426025,0.42843621969223,3.93818187713623,4.62545442581177,5,5,0.789855062961578,0.967391312122345,1,1,2,1.03999996185303,0
01,2007-01-07,52050040,,"",SANDONA [52050040],Pluviométrica,Convencional,Activa,Nariño,Sandoná,1.3223,-77.4792,20,9/15/1963,,Cudayari,Pacifico,Patía,Río Guáitara,2007,07,Andes,Preliminar,0,0,0,0.509751081466675,0.509751081466675,0,0.418588936328888,0.42843621969223,3.93818187713623,4.62545442581177,5,5,0.789855062961578,0.967391312122345,1,1,2,1.03999996185303,0
01,2007-01-08,52050040,,"",SANDONA [52050040],Pluviométrica,Convencional,Activa,Nariño,Sandoná,1.3223,-77.4792,20,9/15/1963,,Cudayari,Pacifico,Patía,Río Guáitara,2007,08,Andes,Preliminar,0,0,0,5.30806064605713,5.30806064605713,0,0.689107656478882,0.42843621969223,3.93818187713623,4.62545442581177,5,5,0.789855062961578,0.967391312122345,1,1,2,1.03999996185303,0
01,2007-01-09,52050040,1,Definitivo,SANDONA [52050040],Pluviométrica,Convencional,Activa,Nariño,Sandoná,1.3223,-77.4792,20,9/15/1963,,Cudayari,Pacifico,Patía,Río Guáitara,2007,09,Andes,Definitivo,1,1,0,5.91754627227783,5.91754627227783,0,0.584463059902191,0.42843621969223,3.93818187713623,4.62545442581177,5,5,0.789855062961578,0.967391312122345,1,1,2,1.03999996185303,1.03999996185303
01,2007-01-10,52050040,,"",SANDONA [52050040],Pluviométrica,Convencional,Activa,Nariño,Sandoná,1.3223,-77.4792,20,9/15/1963,,Cudayari,Pacifico,Patía,Río Guáitara,2007,10,Andes,Preliminar,0,0,0,0.609485030174255,0.609485030174255,0,0.160593912005425,0.42843621969223,3.93818187713623,4.62545442581177,5,5,0.789855062961578,0.967391312122345,1,1,2,1.03999996185303,0
01,2007-01-11,52050040,,"",SANDONA [52050040],Pluviométrica,Convencional,Activa,Nariño,Sandoná,1.3223,-77.4792,20,9/15/1963,,Cudayari,Pacifico,Patía,Río Guáitara,2007,11,Andes,Preliminar,0,0,0,2.04831671714783,2.04831671714783,0,0.0126371905207634,0.0988433286547661,3.93818187713623,4.62545442581177,5,5,0.789855062961578,0.967391312122345,1,1,3,1.03999996185303,0
01,2007-01-12,52050040,,"",SANDONA [52050040],Pluviométrica,Convencional,Activa,Nariño,Sandoná,1.3223,-77.4792,20,9/15/1963,,Cudayari,Pacifico,Patía,Río Guáitara,2007,12,Andes,Preliminar,0,0,0,1.21381747722626,1.21381747722626,0,0.0305646471679211,0,3.93818187713623,4.62545442581177,5,5,0.789855062961578,0.967391312122345,1,1,3,1.03999996185303,0
01,2007-01-13,52050040,,"",SANDONA [52050040],Pluviométrica,Convencional,Activa,Nariño,Sandoná,1.3223,-77.4792,20,9/15/1963,,Cudayari,Pacifico,Patía,Río Guáitara,2007,13,Andes,Preliminar,0,0,0,2.15452599525452,2.15452599525452,0,0.0100337872281671,0,3.93818187713623,4.62545442581177,5,5,0.789855062961578,0.967391312122345,1,1,3,1.03999996185303,0
01,2007-01-14,52050040,2,Definitivo,SANDONA [52050040],Pluviométrica,Convencional,Activa,Nariño,Sandoná,1.3223,-77.4792,20,9/15/1963,,Cudayari,Pacifico,Patía,Río Guáitara,2007,14,Andes,Definitivo,2,2,0,5.52286911010742,5.52286911010742,0,0.0345556139945984,0,3.93818187713623,4.62545442581177,5,5,0.789855062961578,0.967391312122345,1,1,3,1.03999996185303,2.07999992370605
01,2007-01-15,52050040,,"",SANDONA [52050040],Pluviométrica,Convencional,Activa,Nariño,Sandoná,1.3223,-77.4792,20,9/15/1963,,Cudayari,Pacifico,Patía,Río Guáitara,2007,15,Andes,Preliminar,0,0,0,2.94350719451904,2.94350719451904,0,0.0110520860180259,0,3.93818187713623,4.62545442581177,5,5,0.789855062961578,0.967391312122345,1,1,3,1.03999996185303,0
01,2007-01-16,52050040,,"",SANDONA [52050040],Pluviométrica,Convencional,Activa,Nariño,Sandoná,1.3223,-77.4792,20,9/15/1963,,Cudayari,Pacifico,Patía,Río Guáitara,2007,16,Andes,Preliminar,0,0,0,0.70371013879776,0.70371013879776,0,0.712893009185791,0,3.93818187713623,4.62545442581177,5,5,0.789855062961578,0.967391312122345,1,1,4,1.03999996185303,0
01,2007-01-17,52050040,1,Definitivo,SANDONA [52050040],Pluviométrica,Convencional,Activa,Nariño,Sandoná,1.3223,-77.4792,20,9/15/1963,,Cudayari,Pacifico,Patía,Río Guáitara,2007,17,Andes,Definitivo,1,1,0,4.27639245986939,4.27639245986939,0,3.16006803512573,0.0535179637372494,3.93818187713623,4.62545442581177,5,5,0.789855062961578,0.967391312122345,1,1,4,1.03999996185303,1.03999996185303
01,2007-01-18,52050040,9,Definitivo,SANDONA [52050040],Pluviométrica,Convencional,Activa,Nariño,Sandoná,1.3223,-77.4792,20,9/15/1963,,Cudayari,Pacifico,Patía,Río Guáitara,2007,18,Andes,Definitivo,9,9,0,10.3120603561401,10.3120603561401,30.0019626617432,4.82682514190674,11.8784379959106,3.93818187713623,4.62545442581177,5,5,0.789855062961578,0.967391312122345,1,1,4,1.03999996185303,9.35999965667725
01,2007-01-19,52050040,,"",SANDONA [52050040],Pluviométrica,Convencional,Activa,Nariño,Sandoná,1.3223,-77.4792,20,9/15/1963,,Cudayari,Pacifico,Patía,Río Guáitara,2007,19,Andes,Preliminar,0,0,0,7.03710126876831,7.03710126876831,0,6.10296297073364,4.45218420028687,3.93818187713623,4.62545442581177,5,5,0.789855062961578,0.967391312122345,1,1,4,1.03999996185303,0
01,2007-01-20,52050040,,"",SANDONA [52050040],Pluviométrica,Convencional,Activa,Nariño,Sandoná,1.3223,-77.4792,20,9/15/1963,,Cudayari,Pacifico,Patía,Río Guáitara,2007,20,Andes,Preliminar,0,0,0,4.93950414657593,4.93950414657593,0,1.73684847354889,0.155456930398941,3.93818187713623,4.62545442581177,5,5,0.789855062961578,0.967391312122345,1,1,4,1.03999996185303,0
01,2007-01-21,52050040,3,Definitivo,SANDONA [52050040],Pluviométrica,Convencional,Activa,Nariño,Sandoná,1.3223,-77.4792,20,9/15/1963,,Cudayari,Pacifico,Patía,Río Guáitara,2007,21,Andes,Definitivo,3,3,0,1.45062792301178,1.45062792301178,0,3.85762429237366,0.222305148839951,3.93818187713623,4.62545442581177,5,5,0.789855062961578,0.967391312122345,1,1,5,1.03999996185303,3.11999988555908
01,2007-01-22,52050040,0,Definitivo,SANDONA [52050040],Pluviométrica,Convencional,Activa,Nariño,Sandoná,1.3223,-77.4792,20,9/15/1963,,Cudayari,Pacifico,Patía,Río Guáitara,2007,22,Andes,Definitivo,0,0,0,0.45423698425293,0.45423698425293,72.6938171386719,7.398024559021,11.1758871078491,3.93818187713623,4.62545442581177,5,5,0.789855062961578,0.967391312122345,1,1,5,1.03999996185303,0
01,2007-01-23,52050040,,"",SANDONA [52050040],Pluviométrica,Convencional,Activa,Nariño,Sandoná,1.3223,-77.4792,20,9/15/1963,,Cudayari,Pacifico,Patía,Río Guáitara,2007,23,Andes,Preliminar,0,0,0,4.14674425125122,4.14674425125122,0,4.71818447113037,0.92963969707489,3.93818187713623,4.62545442581177,5,5,0.789855062961578,0.967391312122345,1,1,5,1.03999996185303,0
01,2007-01-24,52050040,9,Definitivo,SANDONA [52050040],Pluviométrica,Convencional,Activa,Nariño,Sandoná,1.3223,-77.4792,20,9/15/1963,,Cudayari,Pacifico,Patía,Río Guáitara,2007,24,Andes,Definitivo,9,9,0,5.84647035598755,5.84647035598755,0,14.9640817642212,0,3.93818187713623,4.62545442581177,5,5,0.789855062961578,0.967391312122345,1,1,5,1.03999996185303,9.35999965667725
01,2006-01-28,52050040,1,Definitivo,SANDONA [52050040],Pluviométrica,Convencional,Activa,Nariño,Sandoná,1.3223,-77.4792,20,9/15/1963,,Cudayari,Pacifico,Patía,Río Guáitara,2006,28,Andes,Definitivo,1,1,0,7.02682542800903,7.02682542800903,0,1.00360572338104,0.776412546634674,3.93818187713623,4.62545442581177,5,5,0.789855062961578,0.967391312122345,1,1,6,1.03999996185303,1.03999996185303
01,2009-01-26,52050040,,"",SANDONA [52050040],Pluviométrica,Convencional,Activa,Nariño,Sandoná,1.3223,-77.4792,20,9/15/1963,,Cudayari,Pacifico,Patía,Río Guáitara,2009,26,Andes,Preliminar,1,1,0,3.40503692626953,3.40503692626953,0,2.53381514549255,5.43527317047119,3.93818187713623,4.62545442581177,5,5,0.789855062961578,0.967391312122345,1,1,6,1.03999996185303,1.03999996185303
01,2009-01-27,52050040,,"",SANDONA [52050040],Pluviométrica,Convencional,Activa,Nariño,Sandoná,1.3223,-77.4792,20,9/15/1963,,Cudayari,Pacifico,Patía,Río Guáitara,2009,27,Andes,Preliminar,0,0,0,5.30785226821899,5.30785226821899,0,1.01186621189117,0.0446734838187695,3.93818187713623,4.62545442581177,5,5,0.789855062961578,0.967391312122345,1,1,6,1.03999996185303,0
01,2014-01-26,52050040,,"",SANDONA [52050040],Pluviométrica,Convencional,Activa,Nariño,Sandoná,1.3223,-77.4792,20,9/15/1963,,Cudayari,Pacifico,Patía,Río Guáitara,2014,26,Andes,Preliminar,0,0,0,13.2589206695557,13.2589206695557,16.8542251586914,14.0535821914673,11.7476797103882,3.93818187713623,4.62545442581177,5,5,0.789855062961578,0.967391312122345,1,1,6,1.03999996185303,0
01,2014-01-27,52050040,2,Definitivo,SANDONA [52050040],Pluviométrica,Convencional,Activa,Nariño,Sandoná,1.3223,-77.4792,20,9/15/1963,,Cudayari,Pacifico,Patía,Río Guáitara,2014,27,Andes,Definitivo,2,2,0,7.69972705841065,7.69972705841065,33.7084503173828,1.57811439037323,5.22348880767822,3.93818187713623,4.62545442581177,5,5,0.789855062961578,0.967391312122345,1,1,6,1.03999996185303,2.07999992370605
01,2014-01-28,52050040,8,Definitivo,SANDONA [52050040],Pluviométrica,Convencional,Activa,Nariño,Sandoná,1.3223,-77.4792,20,9/15/1963,,Cudayari,Pacifico,Patía,Río Guáitara,2014,28,Andes,Definitivo,8,8,0,12.5601949691772,12.5601949691772,16.8542251586914,3.23497200012207,0.0362024046480656,3.93818187713623,4.62545442581177,5,5,0.789855062961578,0.967391312122345,1,1,6,1.03999996185303,8.31999969482422
01,2019-01-27,52050040,2,Definitivo,SANDONA [52050040],Pluviométrica,Convencional,Activa,Nariño,Sandoná,1.3223,-77.4792,20,9/15/1963,,Cudayari,Pacifico,Patía,Río Guáitara,2019,27,Andes,Definitivo,2,2,0,6.71451044082642,6.71451044082642,0,2.65349650382996,0,3.93818187713623,4.62545442581177,5,5,0.789855062961578,0.967391312122345,1,1,6,1.03999996185303,2.07999992370605
01,2019-01-28,52050040,8,Definitivo,SANDONA [52050040],Pluviométrica,Convencional,Activa,Nariño,Sandoná,1.3223,-77.4792,20,9/15/1963,,Cudayari,Pacifico,Patía,Río Guáitara,2019,28,Andes,Definitivo,8,8,0,9.48619842529297,9.48619842529297,0,7.8146390914917,9.49488925933838,3.93818187713623,4.62545442581177,5,5,0.789855062961578,0.967391312122345,1,1,6,1.03999996185303,8.31999969482422
01,2022-01-26,52050040,6,En revisión,SANDONA [52050040],Pluviométrica,Convencional,Activa,Nariño,Sandoná,1.3223,-77.4792,20,9/15/1963,,Cudayari,Pacifico,Patía,Río Guáitara,2022,26,Andes,En revisión,6,6,0,15.3124198913574,15.3124198913574,28.9526786804199,5.39251756668091,5.95896148681641,3.93818187713623,4.62545442581177,5,5,0.789855062961578,0.967391312122345,1,1,6,1.03999996185303,6.23999977111816
01,2022-01-27,52050040,,"",SANDONA [52050040],Pluviométrica,Convencional,Activa,Nariño,Sandoná,1.3223,-77.4792,20,9/15/1963,,Cudayari,Pacifico,Patía,Río Guáitara,2022,27,Andes,Preliminar,2,2,0,34.6586990356445,34.6586990356445,14.47633934021,30.7808341979981,25.5183753967285,3.93818187713623,4.62545442581177,5,5,0.789855062961578,0.967391312122345,1,1,6,1.03999996185303,2.07999992370605
01,2022-01-28,52050040,8,En revisión,SANDONA [52050040],Pluviométrica,Convencional,Activa,Nariño,Sandoná,1.3223,-77.4792,20,9/15/1963,,Cudayari,Pacifico,Patía,Río Guáitara,2022,28,Andes,En revisión,8,8,0,13.7701396942139,13.7701396942139,0,5.48874855041504,0,3.93818187713623,4.62545442581177,5,5,0.789855062961578,0.967391312122345,1,1,6,1.03999996185303,8.31999969482422
01,2021-01-27,52050040,,"",SANDONA [52050040],Pluviométrica,Convencional,Activa,Nariño,Sandoná,1.3223,-77.4792,20,9/15/1963,,Cudayari,Pacifico,Patía,Río Guáitara,2021,27,Andes,Preliminar,0,0,0,3.40679574012756,3.40679574012756,0,2.88344788551331,0.884681463241577,3.93818187713623,4.62545442581177,5,5,0.789855062961578,0.967391312122345,1,1,6,1.03999996185303,0
01,2021-01-24,52050040,,"",SANDONA [52050040],Pluviométrica,Convencional,Activa,Nariño,Sandoná,1.3223,-77.4792,20,9/15/1963,,Cudayari,Pacifico,Patía,Río Guáitara,2021,24,Andes,Preliminar,0,0,0,6.18254613876343,6.18254613876343,0,2.7577178478241,4.19006109237671,3.93818187713623,4.62545442581177,5,5,0.789855062961578,0.967391312122345,1,1,5,1.03999996185303,0
01,2023-01-21,52050040,3,En revisión,SANDONA [52050040],Pluviométrica,Convencional,Activa,Nariño,Sandoná,1.3223,-77.4792,20,9/15/1963,,Cudayari,Pacifico,Patía,Río Guáitara,2023,21,Andes,En revisión,3,3,0,12.8790092468262,12.8790092468262,15.2383184432983,2.29628849029541,6.6381139755249,3.93818187713623,4.62545442581177,5,5,0.789855062961578,0.967391312122345,1,1,5,1.03999996185303,3.11999988555908
01,2022-01-20,52050040,,"",SANDONA [52050040],Pluviométrica,Convencional,Activa,Nariño,Sandoná,1.3223,-77.4792,20,9/15/1963,,Cudayari,Pacifico,Patía,Río Guáitara,2022,20,Andes,Preliminar,0,0,0,11.2772722244263,11.2772722244263,3.35511708259583,1.59480357170105,0.0895895510911942,3.93818187713623,4.62545442581177,5,5,0.789855062961578,0.967391312122345,1,1,4,1.03999996185303,0
01,2022-01-17,52050040,,"",SANDONA [52050040],Pluviométrica,Convencional,Activa,Nariño,Sandoná,1.3223,-77.4792,20,9/15/1963,,Cudayari,Pacifico,Patía,Río Guáitara,2022,17,Andes,Preliminar,0,0,0,6.31719017028809,6.31719017028809,3.35511708259583,2.37668585777283,1.04521143436432,3.93818187713623,4.62545442581177,5,5,0.789855062961578,0.967391312122345,1,1,4,1.03999996185303,0
01,2021-01-16,52050040,3,En revisión,SANDONA [52050040],Pluviométrica,Convencional,Activa,Nariño,Sandoná,1.3223,-77.4792,20,9/15/1963,,Cudayari,Pacifico,Patía,Río Guáitara,2021,16,Andes,En revisión,3,3,0,2.5425980091095,2.5425980091095,0,0.670969367027283,0.281901746988297,3.93818187713623,4.62545442581177,5,5,0.789855062961578,0.967391312122345,1,1,4,1.03999996185303,3.11999988555908
01,2005-01-08,52050040,2,Definitivo,SANDONA [52050040],Pluviométrica,Convencional,Activa,Nariño,Sandoná,1.3223,-77.4792,20,9/15/1963,,Cudayari,Pacifico,Patía,Río Guáitara,2005,08,Andes,Definitivo,2,2,0,2.04714012145996,2.04714012145996,0,0.335176855325699,1.9685126543045,3.93818187713623,4.62545442581177,5,5,0.789855062961578,0.967391312122345,1,1,2,1.03999996185303,2.07999992370605
01,2006-01-06,52050040,0,Definitivo,SANDONA [52050040],Pluviométrica,Convencional,Activa,Nariño,Sandoná,1.3223,-77.4792,20,9/15/1963,,Cudayari,Pacifico,Patía,Río Guáitara,2006,06,Andes,Definitivo,0,0,0,0.249604925513268,0.249604925513268,0,4.07013130187988,0.194316565990448,3.93818187713623,4.62545442581177,5,5,0.789855062961578,0.967391312122345,1,1,2,1.03999996185303,0
01,2007-01-04,52050040,,"",SANDONA [52050040],Pluviométrica,Convencional,Activa,Nariño,Sandoná,1.3223,-77.4792,20,9/15/1963,,Cudayari,Pacifico,Patía,Río Guáitara,2007,04,Andes,Preliminar,0,0,0,4.51086378097534,4.51086378097534,0,1.2856924533844,2.04167437553406,3.93818187713623,4.62545442581177,5,5,0.789855062961578,0.967391312122345,1,1,1,1.03999996185303,0
01,2008-01-02,52050040,20,Definitivo,SANDONA [52050040],Pluviométrica,Convencional,Activa,Nariño,Sandoná,1.3223,-77.4792,20,9/15/1963,,Cudayari,Pacifico,Patía,Río Guáitara,2008,02,Andes,Definitivo,20,20,0,9.19397258758545,9.19397258758545,0,16.7940902709961,0.356263846158981,3.93818187713623,4.62545442581177,5,5,0.789855062961578,0.967391312122345,1,1,1,1.03999996185303,20.7999992370605
01,2008-01-03,52050040,3,Definitivo,SANDONA [52050040],Pluviométrica,Convencional,Activa,Nariño,Sandoná,1.3223,-77.4792,20,9/15/1963,,Cudayari,Pacifico,Patía,Río Guáitara,2008,03,Andes,Definitivo,3,3,0,4.07390213012695,4.07390213012695,45.7954559326172,16.3328323364258,42.9001045227051,3.93818187713623,4.62545442581177,5,5,0.789855062961578,0.967391312122345,1,1,1,1.03999996185303,3.11999988555908
01,2008-01-04,52050040,1,Definitivo,SANDONA [52050040],Pluviométrica,Convencional,Activa,Nariño,Sandoná,1.3223,-77.4792,20,9/15/1963,,Cudayari,Pacifico,Patía,Río Guáitara,2008,04,Andes,Definitivo,1,1,0,0,0,0,1.59863936901093,0,3.93818187713623,4.62545442581177,5,5,0.789855062961578,0.967391312122345,1,1,1,1.03999996185303,1.03999996185303
01,2008-01-05,52050040,4,Definitivo,SANDONA [52050040],Pluviométrica,Convencional,Activa,Nariño,Sandoná,1.3223,-77.4792,20,9/15/1963,,Cudayari,Pacifico,Patía,Río Guáitara,2008,05,Andes,Definitivo,4,4,0,1.12001550197601,1.12001550197601,0,4.01879835128784,0.801593661308289,3.93818187713623,4.62545442581177,5,5,0.789855062961578,0.967391312122345,1,1,1,1.03999996185303,4.15999984741211
01,2008-01-06,52050040,,"",SANDONA [52050040],Pluviométrica,Convencional,Activa,Nariño,Sandoná,1.3223,-77.4792,20,9/15/1963,,Cudayari,Pacifico,Patía,Río Guáitara,2008,06,Andes,Preliminar,0,0,0,0.496582746505737,0.496582746505737,0,4.86514234542847,0.581595897674561,3.93818187713623,4.62545442581177,5,5,0.789855062961578,0.967391312122345,1,1,2,1.03999996185303,0
01,2008-01-07,52050040,4,Definitivo,SANDONA [52050040],Pluviométrica,Convencional,Activa,Nariño,Sandoná,1.3223,-77.4792,20,9/15/1963,,Cudayari,Pacifico,Patía,Río Guáitara,2008,07,Andes,Definitivo,4,4,0,6.39715433120728,6.39715433120728,0,3.59468388557434,0.550577402114868,3.93818187713623,4.62545442581177,5,5,0.789855062961578,0.967391312122345,1,1,2,1.03999996185303,4.15999984741211
01,2008-01-08,52050040,15,Definitivo,SANDONA [52050040],Pluviométrica,Convencional,Activa,Nariño,Sandoná,1.3223,-77.4792,20,9/15/1963,,Cudayari,Pacifico,Patía,Río Guáitara,2008,08,Andes,Definitivo,15,15,0,6.90834188461304,6.90834188461304,0,2.66948628425598,0.341202914714813,3.93818187713623,4.62545442581177,5,5,0.789855062961578,0.967391312122345,1,1,2,1.03999996185303,15.5999994277954
01,2008-01-09,52050040,10,Definitivo,SANDONA [52050040],Pluviométrica,Convencional,Activa,Nariño,Sandoná,1.3223,-77.4792,20,9/15/1963,,Cudayari,Pacifico,Patía,Río Guáitara,2008,09,Andes,Definitivo,10,10,0,0.598820388317108,0.598820388317108,63.816764831543,10.7400541305542,27.6374397277832,3.93818187713623,4.62545442581177,5,5,0.789855062961578,0.967391312122345,1,1,2,1.03999996185303,10.3999996185303
01,2008-01-10,52050040,25,Definitivo,SANDONA [52050040],Pluviométrica,Convencional,Activa,Nariño,Sandoná,1.3223,-77.4792,20,9/15/1963,,Cudayari,Pacifico,Patía,Río Guáitara,2008,10,Andes,Definitivo,25,25,0,0.408950507640839,0.408950507640839,0,8.04017066955566,0.798724889755249,3.93818187713623,4.62545442581177,5,5,0.789855062961578,0.967391312122345,1,1,2,1.03999996185303,25.9999990463257
01,2008-01-11,52050040,6,Definitivo,SANDONA [52050040],Pluviométrica,Convencional,Activa,Nariño,Sandoná,1.3223,-77.4792,20,9/15/1963,,Cudayari,Pacifico,Patía,Río Guáitara,2008,11,Andes,Definitivo,6,6,0,0.198825344443321,0.198825344443321,0,19.5468597412109,20.6841049194336,3.93818187713623,4.62545442581177,5,5,0.789855062961578,0.967391312122345,1,1,3,1.03999996185303,6.23999977111816
01,2008-01-12,52050040,7,Definitivo,SANDONA [52050040],Pluviométrica,Convencional,Activa,Nariño,Sandoná,1.3223,-77.4792,20,9/15/1963,,Cudayari,Pacifico,Patía,Río Guáitara,2008,12,Andes,Definitivo,7,7,0,2.36933541297913,2.36933541297913,69.6982040405274,2.16875267028809,11.436450958252,3.93818187713623,4.62545442581177,5,5,0.789855062961578,0.967391312122345,1,1,3,1.03999996185303,7.27999973297119
01,2008-01-13,52050040,3,Definitivo,SANDONA [52050040],Pluviométrica,Convencional,Activa,Nariño,Sandoná,1.3223,-77.4792,20,9/15/1963,,Cudayari,Pacifico,Patía,Río Guáitara,2008,13,Andes,Definitivo,3,3,0,8.9802770614624,8.9802770614624,0,4.22851085662842,8.04381942749023,3.93818187713623,4.62545442581177,5,5,0.789855062961578,0.967391312122345,1,1,3,1.03999996185303,3.11999988555908
01,2008-01-14,52050040,9,Definitivo,SANDONA [52050040],Pluviométrica,Convencional,Activa,Nariño,Sandoná,1.3223,-77.4792,20,9/15/1963,,Cudayari,Pacifico,Patía,Río Guáitara,2008,14,Andes,Definitivo,9,9,0,4.55641412734985,4.55641412734985,0,7.72055244445801,0,3.93818187713623,4.62545442581177,5,5,0.789855062961578,0.967391312122345,1,1,3,1.03999996185303,9.35999965667725
01,2008-01-15,52050040,7,Definitivo,SANDONA [52050040],Pluviométrica,Convencional,Activa,Nariño,Sandoná,1.3223,-77.4792,20,9/15/1963,,Cudayari,Pacifico,Patía,Río Guáitara,2008,15,Andes,Definitivo,7,7,0,6.59437370300293,6.59437370300293,0,6.49969959259033,0,3.93818187713623,4.62545442581177,5,5,0.789855062961578,0.967391312122345,1,1,3,1.03999996185303,7.27999973297119
01,2008-01-16,52050040,4,Definitivo,SANDONA [52050040],Pluviométrica,Convencional,Activa,Nariño,Sandoná,1.3223,-77.4792,20,9/15/1963,,Cudayari,Pacifico,Patía,Río Guáitara,2008,16,Andes,Definitivo,4,4,0,5.15278768539429,5.15278768539429,37.3806381225586,14.1491556167603,10.621190071106,3.93818187713623,4.62545442581177,5,5,0.789855062961578,0.967391312122345,1,1,4,1.03999996185303,4.15999984741211
01,2008-01-17,52050040,2,Definitivo,SANDONA [52050040],Pluviométrica,Convencional,Activa,Nariño,Sandoná,1.3223,-77.4792,20,9/15/1963,,Cudayari,Pacifico,Patía,Río Guáitara,2008,17,Andes,Definitivo,2,2,0,8.78465080261231,8.78465080261231,0,4.55233716964722,13.6235904693604,3.93818187713623,4.62545442581177,5,5,0.789855062961578,0.967391312122345,1,1,4,1.03999996185303,2.07999992370605
01,2008-01-18,52050040,,"",SANDONA [52050040],Pluviométrica,Convencional,Activa,Nariño,Sandoná,1.3223,-77.4792,20,9/15/1963,,Cudayari,Pacifico,Patía,Río Guáitara,2008,18,Andes,Preliminar,0,0,0,6.42459440231323,6.42459440231323,0,2.06102395057678,0,3.93818187713623,4.62545442581177,5,5,0.789855062961578,0.967391312122345,1,1,4,1.03999996185303,0
01,2008-01-19,52050040,,"",SANDONA [52050040],Pluviométrica,Convencional,Activa,Nariño,Sandoná,1.3223,-77.4792,20,9/15/1963,,Cudayari,Pacifico,Patía,Río Guáitara,2008,19,Andes,Preliminar,0,0,0,1.03580212593079,1.03580212593079,0,0.892339944839478,0,3.93818187713623,4.62545442581177,5,5,0.789855062961578,0.967391312122345,1,1,4,1.03999996185303,0
01,2008-01-20,52050040,,"",SANDONA [52050040],Pluviométrica,Convencional,Activa,Nariño,Sandoná,1.3223,-77.4792,20,9/15/1963,,Cudayari,Pacifico,Patía,Río Guáitara,2008,20,Andes,Preliminar,0,0,0,4.87744808197022,4.87744808197022,0,2.61247873306274,0.0225556194782257,3.93818187713623,4.62545442581177,5,5,0.789855062961578,0.967391312122345,1,1,4,1.03999996185303,0
01,2008-01-21,52050040,,"",SANDONA [52050040],Pluviométrica,Convencional,Activa,Nariño,Sandoná,1.3223,-77.4792,20,9/15/1963,,Cudayari,Pacifico,Patía,Río Guáitara,2008,21,Andes,Preliminar,0,0,0,2.74620676040649,2.74620676040649,0,1.27492094039917,0,3.93818187713623,4.62545442581177,5,5,0.789855062961578,0.967391312122345,1,1,5,1.03999996185303,0
01,2007-01-25,52050040,2.3,Definitivo,SANDONA [52050040],Pluviométrica,Convencional,Activa,Nariño,Sandoná,1.3223,-77.4792,20,9/15/1963,,Cudayari,Pacifico,Patía,Río Guáitara,2007,25,Andes,Definitivo,2.3,2.3,0,10.1983528137207,10.1983528137207,0,17.4841918945313,36.0942726135254,3.93818187713623,4.62545442581177,5,5,0.789855062961578,0.967391312122345,1,1,5,1.03999996185303,2.39199991226196
01,2007-01-26,52050040,5,Definitivo,SANDONA [52050040],Pluviométrica,Convencional,Activa,Nariño,Sandoná,1.3223,-77.4792,20,9/15/1963,,Cudayari,Pacifico,Patía,Río Guáitara,2007,26,Andes,Definitivo,5,5,0,12.8823041915894,12.8823041915894,9.68566799163818,9.11597347259521,6.96769094467163,3.93818187713623,4.62545442581177,5,5,0.789855062961578,0.967391312122345,1,1,6,1.03999996185303,5.19999980926514
01,2010-01-24,52050040,3,Definitivo,SANDONA [52050040],Pluviométrica,Convencional,Activa,Nariño,Sandoná,1.3223,-77.4792,20,9/15/1963,,Cudayari,Pacifico,Patía,Río Guáitara,2010,24,Andes,Definitivo,3,3,0,6.47962856292725,6.47962856292725,0,4.5007472038269,0,3.93818187713623,4.62545442581177,5,5,0.789855062961578,0.967391312122345,1,1,5,1.03999996185303,3.11999988555908
01,2009-01-28,52050040,23,Definitivo,SANDONA [52050040],Pluviométrica,Convencional,Activa,Nariño,Sandoná,1.3223,-77.4792,20,9/15/1963,,Cudayari,Pacifico,Patía,Río Guáitara,2009,28,Andes,Definitivo,23,23,0,6.45121049880981,6.45121049880981,0,1.10042190551758,0.0446734838187695,3.93818187713623,4.62545442581177,5,5,0.789855062961578,0.967391312122345,1,1,6,1.03999996185303,23.9199991226196
01,2012-01-27,52050040,0,Definitivo,SANDONA [52050040],Pluviométrica,Convencional,Activa,Nariño,Sandoná,1.3223,-77.4792,20,9/15/1963,,Cudayari,Pacifico,Patía,Río Guáitara,2012,27,Andes,Definitivo,0,0,0,3.24631142616272,3.24631142616272,0,0.197649657726288,0,3.93818187713623,4.62545442581177,5,5,0.789855062961578,0.967391312122345,1,1,6,1.03999996185303,0
01,2012-01-28,52050040,,"",SANDONA [52050040],Pluviométrica,Convencional,Activa,Nariño,Sandoná,1.3223,-77.4792,20,9/15/1963,,Cudayari,Pacifico,Patía,Río Guáitara,2012,28,Andes,Preliminar,0,0,0,5.62556314468384,5.62556314468384,0,0.0662117302417755,0,3.93818187713623,4.62545442581177,5,5,0.789855062961578,0.967391312122345,1,1,6,1.03999996185303,0
01,2017-01-26,52050040,3,Definitivo,SANDONA [52050040],Pluviométrica,Convencional,Activa,Nariño,Sandoná,1.3223,-77.4792,20,9/15/1963,,Cudayari,Pacifico,Patía,Río Guáitara,2017,26,Andes,Definitivo,3,3,0,3.41305160522461,3.41305160522461,0,5.45568084716797,0.221868366003037,3.93818187713623,4.62545442581177,5,5,0.789855062961578,0.967391312122345,1,1,6,1.03999996185303,3.11999988555908
01,2017-01-27,52050040,,"",SANDONA [52050040],Pluviométrica,Convencional,Activa,Nariño,Sandoná,1.3223,-77.4792,20,9/15/1963,,Cudayari,Pacifico,Patía,Río Guáitara,2017,27,Andes,Preliminar,0,0,0,7.5262131690979,7.5262131690979,0,1.60243499279022,0.706281006336212,3.93818187713623,4.62545442581177,5,5,0.789855062961578,0.967391312122345,1,1,6,1.03999996185303,0
01,2017-01-28,52050040,,"",SANDONA [52050040],Pluviométrica,Convencional,Activa,Nariño,Sandoná,1.3223,-77.4792,20,9/15/1963,,Cudayari,Pacifico,Patía,Río Guáitara,2017,28,Andes,Preliminar,0,0,0,1.85320258140564,1.85320258140564,0,0.795872271060944,0,3.93818187713623,4.62545442581177,5,5,0.789855062961578,0.967391312122345,1,1,6,1.03999996185303,0
01,2020-01-27,52050040,0,En revisión,SANDONA [52050040],Pluviométrica,Convencional,Activa,Nariño,Sandoná,1.3223,-77.4792,20,9/15/1963,,Cudayari,Pacifico,Patía,Río Guáitara,2020,27,Andes,En revisión,0,0,0,3.81605887413025,3.81605887413025,0,0.13444983959198,0.0673239305615425,3.93818187713623,4.62545442581177,5,5,0.789855062961578,0.967391312122345,1,1,6,1.03999996185303,0
01,2005-01-01,52050040,,"",SANDONA [52050040],Pluviométrica,Convencional,Activa,Nariño,Sandoná,1.3223,-77.4792,20,9/15/1963,,Cudayari,Pacifico,Patía,Río Guáitara,2005,01,Andes,Preliminar,0,0,0,2.3910174369812,2.3910174369812,0,1.71385395526886,4.012770652771,3.93818187713623,4.62545442581177,5,5,0.789855062961578,0.967391312122345,1,1,1,1.03999996185303,0
01,2005-01-02,52050040,,"",SANDONA [52050040],Pluviométrica,Convencional,Activa,Nariño,Sandoná,1.3223,-77.4792,20,9/15/1963,,Cudayari,Pacifico,Patía,Río Guáitara,2005,02,Andes,Preliminar,0,0,0,5.61682987213135,5.61682987213135,0,1.40357911586761,0,3.93818187713623,4.62545442581177,5,5,0.789855062961578,0.967391312122345,1,1,1,1.03999996185303,0
01,2005-01-03,52050040,,"",SANDONA [52050040],Pluviométrica,Convencional,Activa,Nariño,Sandoná,1.3223,-77.4792,20,9/15/1963,,Cudayari,Pacifico,Patía,Río Guáitara,2005,03,Andes,Preliminar,0,0,0,4.21519947052002,4.21519947052002,0,3.72072529792786,0.535036146640778,3.93818187713623,4.62545442581177,5,5,0.789855062961578,0.967391312122345,1,1,1,1.03999996185303,0
01,2005-01-04,52050040,4,Definitivo,SANDONA [52050040],Pluviométrica,Convencional,Activa,Nariño,Sandoná,1.3223,-77.4792,20,9/15/1963,,Cudayari,Pacifico,Patía,Río Guáitara,2005,04,Andes,Definitivo,4,4,0,5.49315643310547,5.49315643310547,10.8739204406738,3.02434754371643,0,3.93818187713623,4.62545442581177,5,5,0.789855062961578,0.967391312122345,1,1,1,1.03999996185303,4.15999984741211
01,2005-01-05,52050040,2,Definitivo,SANDONA [52050040],Pluviométrica,Convencional,Activa,Nariño,Sandoná,1.3223,-77.4792,20,9/15/1963,,Cudayari,Pacifico,Patía,Río Guáitara,2005,05,Andes,Definitivo,2,2,0,4.46254587173462,4.46254587173462,10.8739204406738,2.79444265365601,8.10914134979248,3.93818187713623,4.62545442581177,5,5,0.789855062961578,0.967391312122345,1,1,1,1.03999996185303,2.07999992370605
01,2005-01-06,52050040,3,Definitivo,SANDONA [52050040],Pluviométrica,Convencional,Activa,Nariño,Sandoná,1.3223,-77.4792,20,9/15/1963,,Cudayari,Pacifico,Patía,Río Guáitara,2005,06,Andes,Definitivo,3,3,0,2.07499241828918,2.07499241828918,0,0.776919782161713,0,3.93818187713623,4.62545442581177,5,5,0.789855062961578,0.967391312122345,1,1,2,1.03999996185303,3.11999988555908
01,2005-01-07,52050040,,"",SANDONA [52050040],Pluviométrica,Convencional,Activa,Nariño,Sandoná,1.3223,-77.4792,20,9/15/1963,,Cudayari,Pacifico,Patía,Río Guáitara,2005,07,Andes,Preliminar,0,0,0,1.65720844268799,1.65720844268799,0,0.79981541633606,1.25058436393738,3.93818187713623,4.62545442581177,5,5,0.789855062961578,0.967391312122345,1,1,2,1.03999996185303,0
01,2022-01-14,52050040,,"",SANDONA [52050040],Pluviométrica,Convencional,Activa,Nariño,Sandoná,1.3223,-77.4792,20,9/15/1963,,Cudayari,Pacifico,Patía,Río Guáitara,2022,14,Andes,Preliminar,0,0,0,7.51340103149414,7.51340103149414,0,0.0494531616568565,0.0216721203178167,3.93818187713623,4.62545442581177,5,5,0.789855062961578,0.967391312122345,1,1,3,1.03999996185303,0
01,2020-01-15,52050040,,"",SANDONA [52050040],Pluviométrica,Convencional,Activa,Nariño,Sandoná,1.3223,-77.4792,20,9/15/1963,,Cudayari,Pacifico,Patía,Río Guáitara,2020,15,Andes,Preliminar,0,0,0,3.73425245285034,3.73425245285034,0,0.0255396235734224,0.0209244266152382,3.93818187713623,4.62545442581177,5,5,0.789855062961578,0.967391312122345,1,1,3,1.03999996185303,0
01,2021-01-12,52050040,,"",SANDONA [52050040],Pluviométrica,Convencional,Activa,Nariño,Sandoná,1.3223,-77.4792,20,9/15/1963,,Cudayari,Pacifico,Patía,Río Guáitara,2021,12,Andes,Preliminar,0,0,0,2.40305709838867,2.40305709838867,0,0.127587795257568,0.0595076233148575,3.93818187713623,4.62545442581177,5,5,0.789855062961578,0.967391312122345,1,1,3,1.03999996185303,0
01,2022-01-10,52050040,2,En revisión,SANDONA [52050040],Pluviométrica,Convencional,Activa,Nariño,Sandoná,1.3223,-77.4792,20,9/15/1963,,Cudayari,Pacifico,Patía,Río Guáitara,2022,10,Andes,En revisión,2,2,0,7.62681865692139,7.62681865692139,0,3.22058486938477,16.807933807373,3.93818187713623,4.62545442581177,5,5,0.789855062961578,0.967391312122345,1,1,2,1.03999996185303,2.07999992370605
01,2023-01-08,52050040,7,En revisión,SANDONA [52050040],Pluviométrica,Convencional,Activa,Nariño,Sandoná,1.3223,-77.4792,20,9/15/1963,,Cudayari,Pacifico,Patía,Río Guáitara,2023,08,Andes,En revisión,7,7,0,11.9082736968994,11.9082736968994,0,10.642786026001,3.30777263641357,3.93818187713623,4.62545442581177,5,5,0.789855062961578,0.967391312122345,1,1,2,1.03999996185303,7.27999973297119
01,2023-01-07,52050040,,"",SANDONA [52050040],Pluviométrica,Convencional,Activa,Nariño,Sandoná,1.3223,-77.4792,20,9/15/1963,,Cudayari,Pacifico,Patía,Río Guáitara,2023,07,Andes,Preliminar,0,0,0,7.95659685134888,7.95659685134888,49.7544708251953,10.656834602356,0.508888185024262,3.93818187713623,4.62545442581177,5,5,0.789855062961578,0.967391312122345,1,1,2,1.03999996185303,0
01,2009-01-01,52050040,,"",SANDONA [52050040],Pluviométrica,Convencional,Activa,Nariño,Sandoná,1.3223,-77.4792,20,9/15/1963,,Cudayari,Pacifico,Patía,Río Guáitara,2009,01,Andes,Preliminar,0,0,0,6.22972345352173,6.22972345352173,0,4.74071359634399,4.78775930404663,3.93818187713623,4.62545442581177,5,5,0.789855062961578,0.967391312122345,1,1,1,1.03999996185303,0
01,2009-01-02,52050040,9,Definitivo,SANDONA [52050040],Pluviométrica,Convencional,Activa,Nariño,Sandoná,1.3223,-77.4792,20,9/15/1963,,Cudayari,Pacifico,Patía,Río Guáitara,2009,02,Andes,Definitivo,9,9,0,3.10373711585999,3.10373711585999,0,5.42601871490479,6.25144481658936,3.93818187713623,4.62545442581177,5,5,0.789855062961578,0.967391312122345,1,1,1,1.03999996185303,9.35999965667725
01,2009-01-03,52050040,2,Definitivo,SANDONA [52050040],Pluviométrica,Convencional,Activa,Nariño,Sandoná,1.3223,-77.4792,20,9/15/1963,,Cudayari,Pacifico,Patía,Río Guáitara,2009,03,Andes,Definitivo,2,2,0,4.71679067611694,4.71679067611694,15.6486864089966,3.05304336547852,5.07502412796021,3.93818187713623,4.62545442581177,5,5,0.789855062961578,0.967391312122345,1,1,1,1.03999996185303,2.07999992370605
01,2009-01-04,52050040,,"",SANDONA [52050040],Pluviométrica,Convencional,Activa,Nariño,Sandoná,1.3223,-77.4792,20,9/15/1963,,Cudayari,Pacifico,Patía,Río Guáitara,2009,04,Andes,Preliminar,0,0,0,4.93928098678589,4.93928098678589,0,3.54759621620178,0.177831053733826,3.93818187713623,4.62545442581177,5,5,0.789855062961578,0.967391312122345,1,1,1,1.03999996185303,0
01,2009-01-05,52050040,12,Definitivo,SANDONA [52050040],Pluviométrica,Convencional,Activa,Nariño,Sandoná,1.3223,-77.4792,20,9/15/1963,,Cudayari,Pacifico,Patía,Río Guáitara,2009,05,Andes,Definitivo,12,12,0,9.38908290863037,9.38908290863037,15.6486864089966,9.7157735824585,10.191086769104,3.93818187713623,4.62545442581177,5,5,0.789855062961578,0.967391312122345,1,1,1,1.03999996185303,12.4799995422363
01,2009-01-06,52050040,17,Definitivo,SANDONA [52050040],Pluviométrica,Convencional,Activa,Nariño,Sandoná,1.3223,-77.4792,20,9/15/1963,,Cudayari,Pacifico,Patía,Río Guáitara,2009,06,Andes,Definitivo,17,17,0,5.21386623382568,5.21386623382568,67.0741348266602,11.1130695343018,30.7725868225098,3.93818187713623,4.62545442581177,5,5,0.789855062961578,0.967391312122345,1,1,2,1.03999996185303,17.6799993515015
01,2009-01-07,52050040,15,Definitivo,SANDONA [52050040],Pluviométrica,Convencional,Activa,Nariño,Sandoná,1.3223,-77.4792,20,9/15/1963,,Cudayari,Pacifico,Patía,Río Guáitara,2009,07,Andes,Definitivo,15,15,0,10.127781867981,10.127781867981,22.3580436706543,13.5764398574829,6.85504627227783,3.93818187713623,4.62545442581177,5,5,0.789855062961578,0.967391312122345,1,1,2,1.03999996185303,15.5999994277954
01,2009-01-08,52050040,42,Definitivo,SANDONA [52050040],Pluviométrica,Convencional,Activa,Nariño,Sandoná,1.3223,-77.4792,20,9/15/1963,,Cudayari,Pacifico,Patía,Río Guáitara,2009,08,Andes,Definitivo,42,42,0,12.5979709625244,12.5979709625244,0,25.8261032104492,18.8936386108398,3.93818187713623,4.62545442581177,5,5,0.789855062961578,0.967391312122345,1,1,2,1.03999996185303,43.6799983978271
01,2009-01-09,52050040,12,Definitivo,SANDONA [52050040],Pluviométrica,Convencional,Activa,Nariño,Sandoná,1.3223,-77.4792,20,9/15/1963,,Cudayari,Pacifico,Patía,Río Guáitara,2009,09,Andes,Definitivo,12,12,0,5.22268867492676,5.22268867492676,0,6.34175634384155,2.65750455856323,3.93818187713623,4.62545442581177,5,5,0.789855062961578,0.967391312122345,1,1,2,1.03999996185303,12.4799995422363
01,2009-01-10,52050040,,"",SANDONA [52050040],Pluviométrica,Convencional,Activa,Nariño,Sandoná,1.3223,-77.4792,20,9/15/1963,,Cudayari,Pacifico,Patía,Río Guáitara,2009,10,Andes,Preliminar,0,0,0,5.90199041366577,5.90199041366577,0,8.04020404815674,5.71879959106445,3.93818187713623,4.62545442581177,5,5,0.789855062961578,0.967391312122345,1,1,2,1.03999996185303,0
01,2009-01-11,52050040,3,Definitivo,SANDONA [52050040],Pluviométrica,Convencional,Activa,Nariño,Sandoná,1.3223,-77.4792,20,9/15/1963,,Cudayari,Pacifico,Patía,Río Guáitara,2009,11,Andes,Definitivo,3,3,0,1.4746481180191,1.4746481180191,0,0.101385891437531,0.00465985527262092,3.93818187713623,4.62545442581177,5,5,0.789855062961578,0.967391312122345,1,1,3,1.03999996185303,3.11999988555908
01,2009-01-12,52050040,4,Definitivo,SANDONA [52050040],Pluviométrica,Convencional,Activa,Nariño,Sandoná,1.3223,-77.4792,20,9/15/1963,,Cudayari,Pacifico,Patía,Río Guáitara,2009,12,Andes,Definitivo,4,4,0,2.7640745639801,2.7640745639801,0,0.103862076997757,0.262116849422455,3.93818187713623,4.62545442581177,5,5,0.789855062961578,0.967391312122345,1,1,3,1.03999996185303,4.15999984741211
01,2009-01-13,52050040,20,Definitivo,SANDONA [52050040],Pluviométrica,Convencional,Activa,Nariño,Sandoná,1.3223,-77.4792,20,9/15/1963,,Cudayari,Pacifico,Patía,Río Guáitara,2009,13,Andes,Definitivo,20,20,0,4.30996179580689,4.30996179580689,0,0.120062366127968,0.00349489110521972,3.93818187713623,4.62545442581177,5,5,0.789855062961578,0.967391312122345,1,1,3,1.03999996185303,20.7999992370605
01,2009-01-14,52050040,12,Definitivo,SANDONA [52050040],Pluviométrica,Convencional,Activa,Nariño,Sandoná,1.3223,-77.4792,20,9/15/1963,,Cudayari,Pacifico,Patía,Río Guáitara,2009,14,Andes,Definitivo,12,12,0,4.30283832550049,4.30283832550049,0,0.0882396250963211,0.0757226422429085,3.93818187713623,4.62545442581177,5,5,0.789855062961578,0.967391312122345,1,1,3,1.03999996185303,12.4799995422363
01,2009-01-15,52050040,15,Definitivo,SANDONA [52050040],Pluviométrica,Convencional,Activa,Nariño,Sandoná,1.3223,-77.4792,20,9/15/1963,,Cudayari,Pacifico,Patía,Río Guáitara,2009,15,Andes,Definitivo,15,15,0,5.77748680114746,5.77748680114746,0,0.138642847537994,0.20619860291481,3.93818187713623,4.62545442581177,5,5,0.789855062961578,0.967391312122345,1,1,3,1.03999996185303,15.5999994277954
01,2009-01-16,52050040,3,Definitivo,SANDONA [52050040],Pluviométrica,Convencional,Activa,Nariño,Sandoná,1.3223,-77.4792,20,9/15/1963,,Cudayari,Pacifico,Patía,Río Guáitara,2009,16,Andes,Definitivo,3,3,0,9.27574920654297,9.27574920654297,0,12.0292558670044,11.3190784454346,3.93818187713623,4.62545442581177,5,5,0.789855062961578,0.967391312122345,1,1,4,1.03999996185303,3.11999988555908
01,2009-01-17,52050040,0,Definitivo,SANDONA [52050040],Pluviométrica,Convencional,Activa,Nariño,Sandoná,1.3223,-77.4792,20,9/15/1963,,Cudayari,Pacifico,Patía,Río Guáitara,2009,17,Andes,Definitivo,0,0,0,11.2311124801636,11.2311124801636,23.4616870880127,12.6042928695679,0.322743594646454,3.93818187713623,4.62545442581177,5,5,0.789855062961578,0.967391312122345,1,1,4,1.03999996185303,0
01,2008-01-22,52050040,,"",SANDONA [52050040],Pluviométrica,Convencional,Activa,Nariño,Sandoná,1.3223,-77.4792,20,9/15/1963,,Cudayari,Pacifico,Patía,Río Guáitara,2008,22,Andes,Preliminar,0,0,0,2.55949592590332,2.55949592590332,0,0.286465466022491,0,3.93818187713623,4.62545442581177,5,5,0.789855062961578,0.967391312122345,1,1,5,1.03999996185303,0
01,2008-01-23,52050040,3,Definitivo,SANDONA [52050040],Pluviométrica,Convencional,Activa,Nariño,Sandoná,1.3223,-77.4792,20,9/15/1963,,Cudayari,Pacifico,Patía,Río Guáitara,2008,23,Andes,Definitivo,3,3,0,1.86710929870605,1.86710929870605,0,0.580562233924866,0,3.93818187713623,4.62545442581177,5,5,0.789855062961578,0.967391312122345,1,1,5,1.03999996185303,3.11999988555908
01,2008-01-24,52050040,,"",SANDONA [52050040],Pluviométrica,Convencional,Activa,Nariño,Sandoná,1.3223,-77.4792,20,9/15/1963,,Cudayari,Pacifico,Patía,Río Guáitara,2008,24,Andes,Preliminar,0,0,0,3.92870903015137,3.92870903015137,0,0.754828572273254,2.34737586975098,3.93818187713623,4.62545442581177,5,5,0.789855062961578,0.967391312122345,1,1,5,1.03999996185303,0
01,2010-01-25,52050040,,"",SANDONA [52050040],Pluviométrica,Convencional,Activa,Nariño,Sandoná,1.3223,-77.4792,20,9/15/1963,,Cudayari,Pacifico,Patía,Río Guáitara,2010,25,Andes,Preliminar,0,0,0,8.73669910430908,8.73669910430908,29.4276657104492,4.11282300949097,17.5342597961426,3.93818187713623,4.62545442581177,5,5,0.789855062961578,0.967391312122345,1,1,5,1.03999996185303,0
01,2013-01-23,52050040,,"",SANDONA [52050040],Pluviométrica,Convencional,Activa,Nariño,Sandoná,1.3223,-77.4792,20,9/15/1963,,Cudayari,Pacifico,Patía,Río Guáitara,2013,23,Andes,Preliminar,0,0,0,4.02849769592285,4.02849769592285,0,1.78506994247437,0,3.93818187713623,4.62545442581177,5,5,0.789855062961578,0.967391312122345,1,1,5,1.03999996185303,0
01,2013-01-24,52050040,1,Definitivo,SANDONA [52050040],Pluviométrica,Convencional,Activa,Nariño,Sandoná,1.3223,-77.4792,20,9/15/1963,,Cudayari,Pacifico,Patía,Río Guáitara,2013,24,Andes,Definitivo,1,1,0,5.4719033241272,5.4719033241272,0,4.17306804656982,8.09475040435791,3.93818187713623,4.62545442581177,5,5,0.789855062961578,0.967391312122345,1,1,5,1.03999996185303,1.03999996185303
01,2012-01-29,52050040,14,Definitivo,SANDONA [52050040],Pluviométrica,Convencional,Activa,Nariño,Sandoná,1.3223,-77.4792,20,9/15/1963,,Cudayari,Pacifico,Patía,Río Guáitara,2012,29,Andes,Definitivo,14,14,0,4.86696004867554,4.86696004867554,0,0.092154361307621,0.607179582118988,3.93818187713623,4.62545442581177,5,5,0.789855062961578,0.967391312122345,1,1,6,1.03999996185303,14.5599994659424
01,2015-01-27,52050040,0,Definitivo,SANDONA [52050040],Pluviométrica,Convencional,Activa,Nariño,Sandoná,1.3223,-77.4792,20,9/15/1963,,Cudayari,Pacifico,Patía,Río Guáitara,2015,27,Andes,Definitivo,0,0,0,5.36362791061401,5.36362791061401,0,1.34780824184418,0,3.93818187713623,4.62545442581177,5,5,0.789855062961578,0.967391312122345,1,1,6,1.03999996185303,0
01,2015-01-28,52050040,,"",SANDONA [52050040],Pluviométrica,Convencional,Activa,Nariño,Sandoná,1.3223,-77.4792,20,9/15/1963,,Cudayari,Pacifico,Patía,Río Guáitara,2015,28,Andes,Preliminar,0,0,0,3.52305555343628,3.52305555343628,9.71388626098633,0.662937581539154,1.70670306682587,3.93818187713623,4.62545442581177,5,5,0.789855062961578,0.967391312122345,1,1,6,1.03999996185303,0
01,2018-01-26,52050040,,"",SANDONA [52050040],Pluviométrica,Convencional,Activa,Nariño,Sandoná,1.3223,-77.4792,20,9/15/1963,,Cudayari,Pacifico,Patía,Río Guáitara,2018,26,Andes,Preliminar,0,0,0,1.98574697971344,1.98574697971344,0,0.0215006191283464,0.152717739343643,3.93818187713623,4.62545442581177,5,5,0.789855062961578,0.967391312122345,1,1,6,1.03999996185303,0
01,2020-01-28,52050040,3,En revisión,SANDONA [52050040],Pluviométrica,Convencional,Activa,Nariño,Sandoná,1.3223,-77.4792,20,9/15/1963,,Cudayari,Pacifico,Patía,Río Guáitara,2020,28,Andes,En revisión,3,3,0,2.55336666107178,2.55336666107178,0,0.0882190018892288,0.128782525658607,3.93818187713623,4.62545442581177,5,5,0.789855062961578,0.967391312122345,1,1,6,1.03999996185303,3.11999988555908
01,2020-01-29,52050040,,"",SANDONA [52050040],Pluviométrica,Convencional,Activa,Nariño,Sandoná,1.3223,-77.4792,20,9/15/1963,,Cudayari,Pacifico,Patía,Río Guáitara,2020,29,Andes,Preliminar,0,0,0,2.72281885147095,2.72281885147095,0,0.0528244040906429,0.00969056598842144,3.93818187713623,4.62545442581177,5,5,0.789855062961578,0.967391312122345,1,1,6,1.03999996185303,0
01,2022-01-25,52050040,2,En revisión,SANDONA [52050040],Pluviométrica,Convencional,Activa,Nariño,Sandoná,1.3223,-77.4792,20,9/15/1963,,Cudayari,Pacifico,Patía,Río Guáitara,2022,25,Andes,En revisión,2,2,0,13.5551252365112,13.5551252365112,29.6764602661133,11.0770893096924,12.6262273788452,3.93818187713623,4.62545442581177,5,5,0.789855062961578,0.967391312122345,1,1,5,1.03999996185303,2.07999992370605
01,2022-01-22,52050040,3,En revisión,SANDONA [52050040],Pluviométrica,Convencional,Activa,Nariño,Sandoná,1.3223,-77.4792,20,9/15/1963,,Cudayari,Pacifico,Patía,Río Guáitara,2022,22,Andes,En revisión,3,3,0,2.46880912780762,2.46880912780762,0,2.54501175880432,6.58490133285523,3.93818187713623,4.62545442581177,5,5,0.789855062961578,0.967391312122345,1,1,5,1.03999996185303,3.11999988555908
01,2021-01-21,52050040,6,En revisión,SANDONA [52050040],Pluviométrica,Convencional,Activa,Nariño,Sandoná,1.3223,-77.4792,20,9/15/1963,,Cudayari,Pacifico,Patía,Río Guáitara,2021,21,Andes,En revisión,6,6,0,5.2998161315918,5.2998161315918,0,1.86233735084534,0.917872428894043,3.93818187713623,4.62545442581177,5,5,0.789855062961578,0.967391312122345,1,1,5,1.03999996185303,6.23999977111816
01,2023-01-18,52050040,7,En revisión,SANDONA [52050040],Pluviométrica,Convencional,Activa,Nariño,Sandoná,1.3223,-77.4792,20,9/15/1963,,Cudayari,Pacifico,Patía,Río Guáitara,2023,18,Andes,En revisión,7,7,0,6.49129819869995,6.49129819869995,0,5.04489898681641,0,3.93818187713623,4.62545442581177,5,5,0.789855062961578,0.967391312122345,1,1,4,1.03999996185303,7.27999973297119
01,2020-01-18,52050040,,"",SANDONA [52050040],Pluviométrica,Convencional,Activa,Nariño,Sandoná,1.3223,-77.4792,20,9/15/1963,,Cudayari,Pacifico,Patía,Río Guáitara,2020,18,Andes,Preliminar,0,0,0,2.85124945640564,2.85124945640564,0,1.26267111301422,0,3.93818187713623,4.62545442581177,5,5,0.789855062961578,0.967391312122345,1,1,4,1.03999996185303,0
01,2006-01-05,52050040,3,Definitivo,SANDONA [52050040],Pluviométrica,Convencional,Activa,Nariño,Sandoná,1.3223,-77.4792,20,9/15/1963,,Cudayari,Pacifico,Patía,Río Guáitara,2006,05,Andes,Definitivo,3,3,0,0.0634344145655632,0.0634344145655632,0,1.94133305549622,0.31245818734169,3.93818187713623,4.62545442581177,5,5,0.789855062961578,0.967391312122345,1,1,1,1.03999996185303,3.11999988555908
01,2007-01-03,52050040,,"",SANDONA [52050040],Pluviométrica,Convencional,Activa,Nariño,Sandoná,1.3223,-77.4792,20,9/15/1963,,Cudayari,Pacifico,Patía,Río Guáitara,2007,03,Andes,Preliminar,0,0,0,2.07853531837463,2.07853531837463,0,1.10824978351593,0.261144399642944,3.93818187713623,4.62545442581177,5,5,0.789855062961578,0.967391312122345,1,1,1,1.03999996185303,0
01,2008-01-01,52050040,2,Definitivo,SANDONA [52050040],Pluviométrica,Convencional,Activa,Nariño,Sandoná,1.3223,-77.4792,20,9/15/1963,,Cudayari,Pacifico,Patía,Río Guáitara,2008,01,Andes,Definitivo,2,2,0,3.98774719238281,3.98774719238281,0,5.3136043548584,0,3.93818187713623,4.62545442581177,5,5,0.789855062961578,0.967391312122345,1,1,1,1.03999996185303,2.07999992370605
01,2021-01-11,52050040,,"",SANDONA [52050040],Pluviométrica,Convencional,Activa,Nariño,Sandoná,1.3223,-77.4792,20,9/15/1963,,Cudayari,Pacifico,Patía,Río Guáitara,2021,11,Andes,Preliminar,0,0,0,3.17869424819946,3.17869424819946,0,0.143985509872437,0.0357045717537403,3.93818187713623,4.62545442581177,5,5,0.789855062961578,0.967391312122345,1,1,3,1.03999996185303,0
01,2022-01-09,52050040,0,En revisión,SANDONA [52050040],Pluviométrica,Convencional,Activa,Nariño,Sandoná,1.3223,-77.4792,20,9/15/1963,,Cudayari,Pacifico,Patía,Río Guáitara,2022,09,Andes,En revisión,0,0,0,4.0832633972168,4.0832633972168,0,1.25169932842255,0,3.93818187713623,4.62545442581177,5,5,0.789855062961578,0.967391312122345,1,1,2,1.03999996185303,0
01,2021-01-10,52050040,0,En revisión,SANDONA [52050040],Pluviométrica,Convencional,Activa,Nariño,Sandoná,1.3223,-77.4792,20,9/15/1963,,Cudayari,Pacifico,Patía,Río Guáitara,2021,10,Andes,En revisión,0,0,0,1.17341446876526,1.17341446876526,0,3.29973888397217,0.19447349011898,3.93818187713623,4.62545442581177,5,5,0.789855062961578,0.967391312122345,1,1,2,1.03999996185303,0
01,2022-01-08,52050040,1,En revisión,SANDONA [52050040],Pluviométrica,Convencional,Activa,Nariño,Sandoná,1.3223,-77.4792,20,9/15/1963,,Cudayari,Pacifico,Patía,Río Guáitara,2022,08,Andes,En revisión,1,1,0,3.66525983810425,3.66525983810425,0,5.77336645126343,0,3.93818187713623,4.62545442581177,5,5,0.789855062961578,0.967391312122345,1,1,2,1.03999996185303,1.03999996185303
01,2023-01-06,52050040,8,En revisión,SANDONA [52050040],Pluviométrica,Convencional,Activa,Nariño,Sandoná,1.3223,-77.4792,20,9/15/1963,,Cudayari,Pacifico,Patía,Río Guáitara,2023,06,Andes,En revisión,8,8,0,6.54393100738525,6.54393100738525,12.4386177062988,7.67598152160645,5.83158254623413,3.93818187713623,4.62545442581177,5,5,0.789855062961578,0.967391312122345,1,1,2,1.03999996185303,8.31999969482422
01,2023-01-05,52050040,1,En revisión,SANDONA [52050040],Pluviométrica,Convencional,Activa,Nariño,Sandoná,1.3223,-77.4792,20,9/15/1963,,Cudayari,Pacifico,Patía,Río Guáitara,2023,05,Andes,En revisión,1,1,0,6.50662612915039,6.50662612915039,30.4496574401855,3.18020153045654,10.0248079299927,3.93818187713623,4.62545442581177,5,5,0.789855062961578,0.967391312122345,1,1,1,1.03999996185303,1.03999996185303
01,2010-01-01,52050040,,"",SANDONA [52050040],Pluviométrica,Convencional,Activa,Nariño,Sandoná,1.3223,-77.4792,20,9/15/1963,,Cudayari,Pacifico,Patía,Río Guáitara,2010,01,Andes,Preliminar,0,0,0,1.87514412403107,1.87514412403107,0,0.313559293746948,0.66814661026001,3.93818187713623,4.62545442581177,5,5,0.789855062961578,0.967391312122345,1,1,1,1.03999996185303,0
01,2010-01-02,52050040,,"",SANDONA [52050040],Pluviométrica,Convencional,Activa,Nariño,Sandoná,1.3223,-77.4792,20,9/15/1963,,Cudayari,Pacifico,Patía,Río Guáitara,2010,02,Andes,Preliminar,0,0,0,0,0,0,0.574534058570862,0,3.93818187713623,4.62545442581177,5,5,0.789855062961578,0.967391312122345,1,1,1,1.03999996185303,0
01,2010-01-03,52050040,,"",SANDONA [52050040],Pluviométrica,Convencional,Activa,Nariño,Sandoná,1.3223,-77.4792,20,9/15/1963,,Cudayari,Pacifico,Patía,Río Guáitara,2010,03,Andes,Preliminar,0,0,0,0.468786060810089,0.468786060810089,0,0.455091953277588,1.51355671882629,3.93818187713623,4.62545442581177,5,5,0.789855062961578,0.967391312122345,1,1,1,1.03999996185303,0
01,2010-01-04,52050040,,"",SANDONA [52050040],Pluviométrica,Convencional,Activa,Nariño,Sandoná,1.3223,-77.4792,20,9/15/1963,,Cudayari,Pacifico,Patía,Río Guáitara,2010,04,Andes,Preliminar,0,0,0,0,0,0,0.241561651229858,0,3.93818187713623,4.62545442581177,5,5,0.789855062961578,0.967391312122345,1,1,1,1.03999996185303,0
01,2010-01-05,52050040,,"",SANDONA [52050040],Pluviométrica,Convencional,Activa,Nariño,Sandoná,1.3223,-77.4792,20,9/15/1963,,Cudayari,Pacifico,Patía,Río Guáitara,2010,05,Andes,Preliminar,0,0,0,4.84412288665772,4.84412288665772,0,0.596956312656403,0,3.93818187713623,4.62545442581177,5,5,0.789855062961578,0.967391312122345,1,1,1,1.03999996185303,0
01,2010-01-06,52050040,,"",SANDONA [52050040],Pluviométrica,Convencional,Activa,Nariño,Sandoná,1.3223,-77.4792,20,9/15/1963,,Cudayari,Pacifico,Patía,Río Guáitara,2010,06,Andes,Preliminar,0,0,0,1.59685504436493,1.59685504436493,0,0.479454427957535,1.65828835964203,3.93818187713623,4.62545442581177,5,5,0.789855062961578,0.967391312122345,1,1,2,1.03999996185303,0
01,2010-01-07,52050040,,"",SANDONA [52050040],Pluviométrica,Convencional,Activa,Nariño,Sandoná,1.3223,-77.4792,20,9/15/1963,,Cudayari,Pacifico,Patía,Río Guáitara,2010,07,Andes,Preliminar,0,0,0,0.353733777999878,0.353733777999878,0,0.207520797848701,0,3.93818187713623,4.62545442581177,5,5,0.789855062961578,0.967391312122345,1,1,2,1.03999996185303,0
01,2010-01-08,52050040,,"",SANDONA [52050040],Pluviométrica,Convencional,Activa,Nariño,Sandoná,1.3223,-77.4792,20,9/15/1963,,Cudayari,Pacifico,Patía,Río Guáitara,2010,08,Andes,Preliminar,0,0,0,1.10162782669067,1.10162782669067,0,0.185391172766685,1.31449675559998,3.93818187713623,4.62545442581177,5,5,0.789855062961578,0.967391312122345,1,1,2,1.03999996185303,0
01,2010-01-09,52050040,,"",SANDONA [52050040],Pluviométrica,Convencional,Activa,Nariño,Sandoná,1.3223,-77.4792,20,9/15/1963,,Cudayari,Pacifico,Patía,Río Guáitara,2010,09,Andes,Preliminar,0,0,0,3.56765699386597,3.56765699386597,0,0.892028748989105,0,3.93818187713623,4.62545442581177,5,5,0.789855062961578,0.967391312122345,1,1,2,1.03999996185303,0
01,2010-01-10,52050040,2,Definitivo,SANDONA [52050040],Pluviométrica,Convencional,Activa,Nariño,Sandoná,1.3223,-77.4792,20,9/15/1963,,Cudayari,Pacifico,Patía,Río Guáitara,2010,10,Andes,Definitivo,2,2,0,6.10443305969238,6.10443305969238,0,1.20838987827301,0,3.93818187713623,4.62545442581177,5,5,0.789855062961578,0.967391312122345,1,1,2,1.03999996185303,2.07999992370605
01,2010-01-11,52050040,,"",SANDONA [52050040],Pluviométrica,Convencional,Activa,Nariño,Sandoná,1.3223,-77.4792,20,9/15/1963,,Cudayari,Pacifico,Patía,Río Guáitara,2010,11,Andes,Preliminar,0,0,0,6.63494491577148,6.63494491577148,0,0.179152205586433,0.139937296509743,3.93818187713623,4.62545442581177,5,5,0.789855062961578,0.967391312122345,1,1,3,1.03999996185303,0
01,2010-01-12,52050040,,"",SANDONA [52050040],Pluviométrica,Convencional,Activa,Nariño,Sandoná,1.3223,-77.4792,20,9/15/1963,,Cudayari,Pacifico,Patía,Río Guáitara,2010,12,Andes,Preliminar,0,0,0,0.875900208950043,0.875900208950043,0,0.0161607097834349,0.0423897728323936,3.93818187713623,4.62545442581177,5,5,0.789855062961578,0.967391312122345,1,1,3,1.03999996185303,0
01,2010-01-13,52050040,,"",SANDONA [52050040],Pluviométrica,Convencional,Activa,Nariño,Sandoná,1.3223,-77.4792,20,9/15/1963,,Cudayari,Pacifico,Patía,Río Guáitara,2010,13,Andes,Preliminar,0,0,0,0.810207784175873,0.810207784175873,0,0.0130806853994727,0.0234931241720915,3.93818187713623,4.62545442581177,5,5,0.789855062961578,0.967391312122345,1,1,3,1.03999996185303,0
01,2010-01-14,52050040,,"",SANDONA [52050040],Pluviométrica,Convencional,Activa,Nariño,Sandoná,1.3223,-77.4792,20,9/15/1963,,Cudayari,Pacifico,Patía,Río Guáitara,2010,14,Andes,Preliminar,0,0,0,1.00728523731232,1.00728523731232,0,0.00739276735112071,0,3.93818187713623,4.62545442581177,5,5,0.789855062961578,0.967391312122345,1,1,3,1.03999996185303,0
01,2009-01-18,52050040,15,Definitivo,SANDONA [52050040],Pluviométrica,Convencional,Activa,Nariño,Sandoná,1.3223,-77.4792,20,9/15/1963,,Cudayari,Pacifico,Patía,Río Guáitara,2009,18,Andes,Definitivo,15,15,0,2.6152970790863,2.6152970790863,0,3.76963305473328,3.919029712677,3.93818187713623,4.62545442581177,5,5,0.789855062961578,0.967391312122345,1,1,4,1.03999996185303,15.5999994277954
01,2009-01-19,52050040,4,Definitivo,SANDONA [52050040],Pluviométrica,Convencional,Activa,Nariño,Sandoná,1.3223,-77.4792,20,9/15/1963,,Cudayari,Pacifico,Patía,Río Guáitara,2009,19,Andes,Definitivo,4,4,0,0.195536240935326,0.195536240935326,0,6.63974046707153,3.71155214309692,3.93818187713623,4.62545442581177,5,5,0.789855062961578,0.967391312122345,1,1,4,1.03999996185303,4.15999984741211
01,2009-01-20,52050040,1,Definitivo,SANDONA [52050040],Pluviométrica,Convencional,Activa,Nariño,Sandoná,1.3223,-77.4792,20,9/15/1963,,Cudayari,Pacifico,Patía,Río Guáitara,2009,20,Andes,Definitivo,1,1,0,0.452177554368973,0.452177554368973,46.9233741760254,1.86511421203613,17.6356334686279,3.93818187713623,4.62545442581177,5,5,0.789855062961578,0.967391312122345,1,1,4,1.03999996185303,1.03999996185303
01,2008-01-25,52050040,0,Definitivo,SANDONA [52050040],Pluviométrica,Convencional,Activa,Nariño,Sandoná,1.3223,-77.4792,20,9/15/1963,,Cudayari,Pacifico,Patía,Río Guáitara,2008,25,Andes,Definitivo,0,0,0,5.7880392074585,5.7880392074585,0,1.3922553062439,1.94165658950806,3.93818187713623,4.62545442581177,5,5,0.789855062961578,0.967391312122345,1,1,5,1.03999996185303,0
01,2008-01-26,52050040,0,Definitivo,SANDONA [52050040],Pluviométrica,Convencional,Activa,Nariño,Sandoná,1.3223,-77.4792,20,9/15/1963,,Cudayari,Pacifico,Patía,Río Guáitara,2008,26,Andes,Definitivo,0,0,0,3.68800759315491,3.68800759315491,0,0.274202525615692,0,3.93818187713623,4.62545442581177,5,5,0.789855062961578,0.967391312122345,1,1,6,1.03999996185303,0
01,2011-01-24,52050040,,"",SANDONA [52050040],Pluviométrica,Convencional,Activa,Nariño,Sandoná,1.3223,-77.4792,20,9/15/1963,,Cudayari,Pacifico,Patía,Río Guáitara,2011,24,Andes,Preliminar,0,0,0,13.6819267272949,13.6819267272949,10.5873956680298,2.5276083946228,0.732639729976654,3.93818187713623,4.62545442581177,5,5,0.789855062961578,0.967391312122345,1,1,5,1.03999996185303,0
01,2013-01-25,52050040,5,Definitivo,SANDONA [52050040],Pluviométrica,Convencional,Activa,Nariño,Sandoná,1.3223,-77.4792,20,9/15/1963,,Cudayari,Pacifico,Patía,Río Guáitara,2013,25,Andes,Definitivo,5,5,0,7.82909297943115,7.82909297943115,0,3.33530521392822,3.18642044067383,3.93818187713623,4.62545442581177,5,5,0.789855062961578,0.967391312122345,1,1,5,1.03999996185303,5.19999980926514
01,2016-01-24,52050040,,"",SANDONA [52050040],Pluviométrica,Convencional,Activa,Nariño,Sandoná,1.3223,-77.4792,20,9/15/1963,,Cudayari,Pacifico,Patía,Río Guáitara,2016,24,Andes,Preliminar,0,0,0,2.74595236778259,2.74595236778259,0,0.567082047462463,0,3.93818187713623,4.62545442581177,5,5,0.789855062961578,0.967391312122345,1,1,5,1.03999996185303,0
01,2016-01-25,52050040,6,Definitivo,SANDONA [52050040],Pluviométrica,Convencional,Activa,Nariño,Sandoná,1.3223,-77.4792,20,9/15/1963,,Cudayari,Pacifico,Patía,Río Guáitara,2016,25,Andes,Definitivo,6,6,0,4.83718585968018,4.83718585968018,10.2098970413208,2.10365343093872,6.10837125778198,3.93818187713623,4.62545442581177,5,5,0.789855062961578,0.967391312122345,1,1,5,1.03999996185303,6.23999977111816
01,2016-01-26,52050040,,"",SANDONA [52050040],Pluviométrica,Convencional,Activa,Nariño,Sandoná,1.3223,-77.4792,20,9/15/1963,,Cudayari,Pacifico,Patía,Río Guáitara,2016,26,Andes,Preliminar,0,0,0,2.3777961730957,2.3777961730957,13.5410232543945,0.948505699634552,3.71524786949158,3.93818187713623,4.62545442581177,5,5,0.789855062961578,0.967391312122345,1,1,6,1.03999996185303,0
01,2018-01-27,52050040,,"",SANDONA [52050040],Pluviométrica,Convencional,Activa,Nariño,Sandoná,1.3223,-77.4792,20,9/15/1963,,Cudayari,Pacifico,Patía,Río Guáitara,2018,27,Andes,Preliminar,0,0,0,2.93792343139648,2.93792343139648,0,0.0176980644464493,0.0165100246667862,3.93818187713623,4.62545442581177,5,5,0.789855062961578,0.967391312122345,1,1,6,1.03999996185303,0
01,2018-01-28,52050040,,"",SANDONA [52050040],Pluviométrica,Convencional,Activa,Nariño,Sandoná,1.3223,-77.4792,20,9/15/1963,,Cudayari,Pacifico,Patía,Río Guáitara,2018,28,Andes,Preliminar,0,0,0,4.99673795700073,4.99673795700073,0,0.0261675603687763,0,3.93818187713623,4.62545442581177,5,5,0.789855062961578,0.967391312122345,1,1,6,1.03999996185303,0
01,2021-01-26,52050040,3,En revisión,SANDONA [52050040],Pluviométrica,Convencional,Activa,Nariño,Sandoná,1.3223,-77.4792,20,9/15/1963,,Cudayari,Pacifico,Patía,Río Guáitara,2021,26,Andes,En revisión,3,3,0,2.81360578536987,2.81360578536987,26.1334075927734,4.18947887420654,13.5211009979248,3.93818187713623,4.62545442581177,5,5,0.789855062961578,0.967391312122345,1,1,6,1.03999996185303,3.11999988555908
01,2006-01-01,52050040,,"",SANDONA [52050040],Pluviométrica,Convencional,Activa,Nariño,Sandoná,1.3223,-77.4792,20,9/15/1963,,Cudayari,Pacifico,Patía,Río Guáitara,2006,01,Andes,Preliminar,0,0,0,1.9392808675766,1.9392808675766,0,1.80365228652954,1.06143879890442,3.93818187713623,4.62545442581177,5,5,0.789855062961578,0.967391312122345,1,1,1,1.03999996185303,0
01,2006-01-02,52050040,0,Definitivo,SANDONA [52050040],Pluviométrica,Convencional,Activa,Nariño,Sandoná,1.3223,-77.4792,20,9/15/1963,,Cudayari,Pacifico,Patía,Río Guáitara,2006,02,Andes,Definitivo,0,0,0,3.29858994483948,3.29858994483948,0,5.11241674423218,0.321648120880127,3.93818187713623,4.62545442581177,5,5,0.789855062961578,0.967391312122345,1,1,1,1.03999996185303,0
01,2006-01-03,52050040,13,Definitivo,SANDONA [52050040],Pluviométrica,Convencional,Activa,Nariño,Sandoná,1.3223,-77.4792,20,9/15/1963,,Cudayari,Pacifico,Patía,Río Guáitara,2006,03,Andes,Definitivo,13,13,0,5.85409069061279,5.85409069061279,0,2.52588057518005,0.542206943035126,3.93818187713623,4.62545442581177,5,5,0.789855062961578,0.967391312122345,1,1,1,1.03999996185303,13.5199995040894
01,2006-01-04,52050040,3,Definitivo,SANDONA [52050040],Pluviométrica,Convencional,Activa,Nariño,Sandoná,1.3223,-77.4792,20,9/15/1963,,Cudayari,Pacifico,Patía,Río Guáitara,2006,04,Andes,Definitivo,3,3,0,3.60669994354248,3.60669994354248,0,2.47515392303467,11.6206855773926,3.93818187713623,4.62545442581177,5,5,0.789855062961578,0.967391312122345,1,1,1,1.03999996185303,3.11999988555908
01,2021-01-15,52050040,4,En revisión,SANDONA [52050040],Pluviométrica,Convencional,Activa,Nariño,Sandoná,1.3223,-77.4792,20,9/15/1963,,Cudayari,Pacifico,Patía,Río Guáitara,2021,15,Andes,En revisión,4,4,0,2.18862366676331,2.18862366676331,0,0.098122738301754,0.315040349960327,3.93818187713623,4.62545442581177,5,5,0.789855062961578,0.967391312122345,1,1,3,1.03999996185303,4.15999984741211
01,2022-01-13,52050040,6,En revisión,SANDONA [52050040],Pluviométrica,Convencional,Activa,Nariño,Sandoná,1.3223,-77.4792,20,9/15/1963,,Cudayari,Pacifico,Patía,Río Guáitara,2022,13,Andes,En revisión,6,6,0,3.74800372123718,3.74800372123718,0,0.0905023142695427,0.415979892015457,3.93818187713623,4.62545442581177,5,5,0.789855062961578,0.967391312122345,1,1,3,1.03999996185303,6.23999977111816
01,2020-01-14,52050040,,"",SANDONA [52050040],Pluviométrica,Convencional,Activa,Nariño,Sandoná,1.3223,-77.4792,20,9/15/1963,,Cudayari,Pacifico,Patía,Río Guáitara,2020,14,Andes,Preliminar,0,0,0,3.70077681541443,3.70077681541443,0,0.0274496115744114,0,3.93818187713623,4.62545442581177,5,5,0.789855062961578,0.967391312122345,1,1,3,1.03999996185303,0
01,2019-01-15,52050040,,"",SANDONA [52050040],Pluviométrica,Convencional,Activa,Nariño,Sandoná,1.3223,-77.4792,20,9/15/1963,,Cudayari,Pacifico,Patía,Río Guáitara,2019,15,Andes,Preliminar,0,0,0,1.84009826183319,1.84009826183319,0,1.48424649238586,0.310866445302963,3.93818187713623,4.62545442581177,5,5,0.789855062961578,0.967391312122345,1,1,3,1.03999996185303,0
01,2020-01-13,52050040,,"",SANDONA [52050040],Pluviométrica,Convencional,Activa,Nariño,Sandoná,1.3223,-77.4792,20,9/15/1963,,Cudayari,Pacifico,Patía,Río Guáitara,2020,13,Andes,Preliminar,0,0,0,2.97780346870422,2.97780346870422,0,0.0129947206005454,0,3.93818187713623,4.62545442581177,5,5,0.789855062961578,0.967391312122345,1,1,3,1.03999996185303,0
01,2020-01-12,52050040,,"",SANDONA [52050040],Pluviométrica,Convencional,Activa,Nariño,Sandoná,1.3223,-77.4792,20,9/15/1963,,Cudayari,Pacifico,Patía,Río Guáitara,2020,12,Andes,Preliminar,0,0,0,2.56447768211365,2.56447768211365,0,0.016859533265233,0.0347345508635044,3.93818187713623,4.62545442581177,5,5,0.789855062961578,0.967391312122345,1,1,3,1.03999996185303,0
01,2021-01-09,52050040,,"",SANDONA [52050040],Pluviométrica,Convencional,Activa,Nariño,Sandoná,1.3223,-77.4792,20,9/15/1963,,Cudayari,Pacifico,Patía,Río Guáitara,2021,09,Andes,Preliminar,7,7,0,6.21633100509644,6.21633100509644,43.8321189880371,2.82210493087769,6.75525283813477,3.93818187713623,4.62545442581177,5,5,0.789855062961578,0.967391312122345,1,1,2,1.03999996185303,7.27999973297119
01,2022-01-07,52050040,,"",SANDONA [52050040],Pluviométrica,Convencional,Activa,Nariño,Sandoná,1.3223,-77.4792,20,9/15/1963,,Cudayari,Pacifico,Patía,Río Guáitara,2022,07,Andes,Preliminar,0,0,0,3.22398042678833,3.22398042678833,0,4.71304702758789,1.9695999622345,3.93818187713623,4.62545442581177,5,5,0.789855062961578,0.967391312122345,1,1,2,1.03999996185303,0
01,2022-01-06,52050040,,"",SANDONA [52050040],Pluviométrica,Convencional,Activa,Nariño,Sandoná,1.3223,-77.4792,20,9/15/1963,,Cudayari,Pacifico,Patía,Río Guáitara,2022,06,Andes,Preliminar,0,0,0,5.13650846481323,5.13650846481323,0,5.04345750808716,1.22462177276611,3.93818187713623,4.62545442581177,5,5,0.789855062961578,0.967391312122345,1,1,2,1.03999996185303,0
01,2023-01-04,52050040,,"",SANDONA [52050040],Pluviométrica,Convencional,Activa,Nariño,Sandoná,1.3223,-77.4792,20,9/15/1963,,Cudayari,Pacifico,Patía,Río Guáitara,2023,04,Andes,Preliminar,0,0,0,7.12875032424927,7.12875032424927,0,1.35954582691193,1.6194726228714,3.93818187713623,4.62545442581177,5,5,0.789855062961578,0.967391312122345,1,1,1,1.03999996185303,0
01,2022-01-05,52050040,30,En revisión,SANDONA [52050040],Pluviométrica,Convencional,Activa,Nariño,Sandoná,1.3223,-77.4792,20,9/15/1963,,Cudayari,Pacifico,Patía,Río Guáitara,2022,05,Andes,En revisión,30,30,0,2.05233883857727,2.05233883857727,0,3.28279709815979,7.13568019866943,3.93818187713623,4.62545442581177,5,5,0.789855062961578,0.967391312122345,1,1,1,1.03999996185303,31.1999988555908
01,2023-01-03,52050040,1,En revisión,SANDONA [52050040],Pluviométrica,Convencional,Activa,Nariño,Sandoná,1.3223,-77.4792,20,9/15/1963,,Cudayari,Pacifico,Patía,Río Guáitara,2023,03,Andes,En revisión,1,1,0,7.28564262390137,7.28564262390137,0,2.58908486366272,3.21380424499512,3.93818187713623,4.62545442581177,5,5,0.789855062961578,0.967391312122345,1,1,1,1.03999996185303,1.03999996185303
01,2011-01-01,52050040,1,Definitivo,SANDONA [52050040],Pluviométrica,Convencional,Activa,Nariño,Sandoná,1.3223,-77.4792,20,9/15/1963,,Cudayari,Pacifico,Patía,Río Guáitara,2011,01,Andes,Definitivo,1,1,0,7.07228231430054,7.07228231430054,0,1.79082727432251,0.0624039955437183,3.93818187713623,4.62545442581177,5,5,0.789855062961578,0.967391312122345,1,1,1,1.03999996185303,1.03999996185303
01,2011-01-02,52050040,8,Definitivo,SANDONA [52050040],Pluviométrica,Convencional,Activa,Nariño,Sandoná,1.3223,-77.4792,20,9/15/1963,,Cudayari,Pacifico,Patía,Río Guáitara,2011,02,Andes,Definitivo,8,8,0,2.51165175437927,2.51165175437927,0,3.47077655792236,0.00780049944296479,3.93818187713623,4.62545442581177,5,5,0.789855062961578,0.967391312122345,1,1,1,1.03999996185303,8.31999969482422
01,2011-01-03,52050040,11,Definitivo,SANDONA [52050040],Pluviométrica,Convencional,Activa,Nariño,Sandoná,1.3223,-77.4792,20,9/15/1963,,Cudayari,Pacifico,Patía,Río Guáitara,2011,03,Andes,Definitivo,11,11,0,5.28768825531006,5.28768825531006,0,7.09946918487549,12.4261960983276,3.93818187713623,4.62545442581177,5,5,0.789855062961578,0.967391312122345,1,1,1,1.03999996185303,11.4399995803833
01,2011-01-04,52050040,2,Definitivo,SANDONA [52050040],Pluviométrica,Convencional,Activa,Nariño,Sandoná,1.3223,-77.4792,20,9/15/1963,,Cudayari,Pacifico,Patía,Río Guáitara,2011,04,Andes,Definitivo,2,2,0,4.49453496932983,4.49453496932983,0,3.62390184402466,0.990663409233093,3.93818187713623,4.62545442581177,5,5,0.789855062961578,0.967391312122345,1,1,1,1.03999996185303,2.07999992370605
01,2011-01-05,52050040,1,Definitivo,SANDONA [52050040],Pluviométrica,Convencional,Activa,Nariño,Sandoná,1.3223,-77.4792,20,9/15/1963,,Cudayari,Pacifico,Patía,Río Guáitara,2011,05,Andes,Definitivo,1,1,0,1.78459465503693,1.78459465503693,0,2.30719614028931,4.80510759353638,3.93818187713623,4.62545442581177,5,5,0.789855062961578,0.967391312122345,1,1,1,1.03999996185303,1.03999996185303
01,2011-01-06,52050040,0,Definitivo,SANDONA [52050040],Pluviométrica,Convencional,Activa,Nariño,Sandoná,1.3223,-77.4792,20,9/15/1963,,Cudayari,Pacifico,Patía,Río Guáitara,2011,06,Andes,Definitivo,0,0,0,6.58947134017944,6.58947134017944,0,6.59576368331909,0.481730312108994,3.93818187713623,4.62545442581177,5,5,0.789855062961578,0.967391312122345,1,1,2,1.03999996185303,0
01,2011-01-07,52050040,7,Definitivo,SANDONA [52050040],Pluviométrica,Convencional,Activa,Nariño,Sandoná,1.3223,-77.4792,20,9/15/1963,,Cudayari,Pacifico,Patía,Río Guáitara,2011,07,Andes,Definitivo,7,7,0,2.68719577789307,2.68719577789307,0,7.51382732391357,7.97531318664551,3.93818187713623,4.62545442581177,5,5,0.789855062961578,0.967391312122345,1,1,2,1.03999996185303,7.27999973297119
01,2011-01-08,52050040,6,Definitivo,SANDONA [52050040],Pluviométrica,Convencional,Activa,Nariño,Sandoná,1.3223,-77.4792,20,9/15/1963,,Cudayari,Pacifico,Patía,Río Guáitara,2011,08,Andes,Definitivo,6,6,0,7.38394689559937,7.38394689559937,0,3.84070682525635,8.69790744781494,3.93818187713623,4.62545442581177,5,5,0.789855062961578,0.967391312122345,1,1,2,1.03999996185303,6.23999977111816
01,2011-01-09,52050040,0,Definitivo,SANDONA [52050040],Pluviométrica,Convencional,Activa,Nariño,Sandoná,1.3223,-77.4792,20,9/15/1963,,Cudayari,Pacifico,Patía,Río Guáitara,2011,09,Andes,Definitivo,0,0,0,7.26711177825928,7.26711177825928,0,4.00007486343384,6.53012132644653,3.93818187713623,4.62545442581177,5,5,0.789855062961578,0.967391312122345,1,1,2,1.03999996185303,0
01,2011-01-10,52050040,1,Definitivo,SANDONA [52050040],Pluviométrica,Convencional,Activa,Nariño,Sandoná,1.3223,-77.4792,20,9/15/1963,,Cudayari,Pacifico,Patía,Río Guáitara,2011,10,Andes,Definitivo,1,1,0,2.57036113739014,2.57036113739014,0,1.734699010849,0,3.93818187713623,4.62545442581177,5,5,0.789855062961578,0.967391312122345,1,1,2,1.03999996185303,1.03999996185303
01,2011-01-11,52050040,,"",SANDONA [52050040],Pluviométrica,Convencional,Activa,Nariño,Sandoná,1.3223,-77.4792,20,9/15/1963,,Cudayari,Pacifico,Patía,Río Guáitara,2011,11,Andes,Preliminar,0,0,0,0.659670472145081,0.659670472145081,0,0.0256580002605915,0.00299850315786898,3.93818187713623,4.62545442581177,5,5,0.789855062961578,0.967391312122345,1,1,3,1.03999996185303,0
01,2010-01-15,52050040,,"",SANDONA [52050040],Pluviométrica,Convencional,Activa,Nariño,Sandoná,1.3223,-77.4792,20,9/15/1963,,Cudayari,Pacifico,Patía,Río Guáitara,2010,15,Andes,Preliminar,0,0,0,0.591232657432556,0.591232657432556,0,0.00688757793977857,0.0168537627905607,3.93818187713623,4.62545442581177,5,5,0.789855062961578,0.967391312122345,1,1,3,1.03999996185303,0
01,2010-01-16,52050040,,"",SANDONA [52050040],Pluviométrica,Convencional,Activa,Nariño,Sandoná,1.3223,-77.4792,20,9/15/1963,,Cudayari,Pacifico,Patía,Río Guáitara,2010,16,Andes,Preliminar,0,0,0,0.835979759693146,0.835979759693146,0,0.194064661860466,0.667916119098663,3.93818187713623,4.62545442581177,5,5,0.789855062961578,0.967391312122345,1,1,4,1.03999996185303,0
01,2010-01-17,52050040,,"",SANDONA [52050040],Pluviométrica,Convencional,Activa,Nariño,Sandoná,1.3223,-77.4792,20,9/15/1963,,Cudayari,Pacifico,Patía,Río Guáitara,2010,17,Andes,Preliminar,0,0,0,3.63764119148254,3.63764119148254,0,0.402430027723312,0.429552048444748,3.93818187713623,4.62545442581177,5,5,0.789855062961578,0.967391312122345,1,1,4,1.03999996185303,0
01,2009-01-21,52050040,3,Definitivo,SANDONA [52050040],Pluviométrica,Convencional,Activa,Nariño,Sandoná,1.3223,-77.4792,20,9/15/1963,,Cudayari,Pacifico,Patía,Río Guáitara,2009,21,Andes,Definitivo,3,3,0,7.4264988899231,7.4264988899231,12.081449508667,12.0049486160278,0.170476242899895,3.93818187713623,4.62545442581177,5,5,0.789855062961578,0.967391312122345,1,1,5,1.03999996185303,3.11999988555908
01,2009-01-22,52050040,6,Definitivo,SANDONA [52050040],Pluviométrica,Convencional,Activa,Nariño,Sandoná,1.3223,-77.4792,20,9/15/1963,,Cudayari,Pacifico,Patía,Río Guáitara,2009,22,Andes,Definitivo,6,6,0,10.7547187805176,10.7547187805176,24.162899017334,8.7253303527832,5.19597387313843,3.93818187713623,4.62545442581177,5,5,0.789855062961578,0.967391312122345,1,1,5,1.03999996185303,6.23999977111816
01,2009-01-23,52050040,10,Definitivo,SANDONA [52050040],Pluviométrica,Convencional,Activa,Nariño,Sandoná,1.3223,-77.4792,20,9/15/1963,,Cudayari,Pacifico,Patía,Río Guáitara,2009,23,Andes,Definitivo,10,10,0,9.64531230926514,9.64531230926514,24.162899017334,6.24608659744263,25.9479026794434,3.93818187713623,4.62545442581177,5,5,0.789855062961578,0.967391312122345,1,1,5,1.03999996185303,10.3999996185303
01,2011-01-25,52050040,,"",SANDONA [52050040],Pluviométrica,Convencional,Activa,Nariño,Sandoná,1.3223,-77.4792,20,9/15/1963,,Cudayari,Pacifico,Patía,Río Guáitara,2011,25,Andes,Preliminar,0,0,0,9.406325340271,9.406325340271,21.1747913360596,2.4195761680603,9.61661815643311,3.93818187713623,4.62545442581177,5,5,0.789855062961578,0.967391312122345,1,1,5,1.03999996185303,0
01,2011-01-26,52050040,,"",SANDONA [52050040],Pluviométrica,Convencional,Activa,Nariño,Sandoná,1.3223,-77.4792,20,9/15/1963,,Cudayari,Pacifico,Patía,Río Guáitara,2011,26,Andes,Preliminar,0,0,0,11.0007658004761,11.0007658004761,43.1283264160156,0.687060296535492,4.82743072509766,3.93818187713623,4.62545442581177,5,5,0.789855062961578,0.967391312122345,1,1,6,1.03999996185303,0
01,2014-01-24,52050040,3,Definitivo,SANDONA [52050040],Pluviométrica,Convencional,Activa,Nariño,Sandoná,1.3223,-77.4792,20,9/15/1963,,Cudayari,Pacifico,Patía,Río Guáitara,2014,24,Andes,Definitivo,3,3,0,2.63570308685303,2.63570308685303,0,3.05117774009705,0,3.93818187713623,4.62545442581177,5,5,0.789855062961578,0.967391312122345,1,1,5,1.03999996185303,3.11999988555908
01,2014-01-25,52050040,2,Definitivo,SANDONA [52050040],Pluviométrica,Convencional,Activa,Nariño,Sandoná,1.3223,-77.4792,20,9/15/1963,,Cudayari,Pacifico,Patía,Río Guáitara,2014,25,Andes,Definitivo,2,2,0,6.84386682510376,6.84386682510376,13.6765432357788,4.89737033843994,0.581841111183167,3.93818187713623,4.62545442581177,5,5,0.789855062961578,0.967391312122345,1,1,5,1.03999996185303,2.07999992370605
01,2019-01-24,52050040,,"",SANDONA [52050040],Pluviométrica,Convencional,Activa,Nariño,Sandoná,1.3223,-77.4792,20,9/15/1963,,Cudayari,Pacifico,Patía,Río Guáitara,2019,24,Andes,Preliminar,0,0,0,2.40213751792908,2.40213751792908,0,0.0960938110947609,0,3.93818187713623,4.62545442581177,5,5,0.789855062961578,0.967391312122345,1,1,5,1.03999996185303,0
01,2019-01-25,52050040,,"",SANDONA [52050040],Pluviométrica,Convencional,Activa,Nariño,Sandoná,1.3223,-77.4792,20,9/15/1963,,Cudayari,Pacifico,Patía,Río Guáitara,2019,25,Andes,Preliminar,0,0,0,4.12826251983643,4.12826251983643,0,0.181503146886826,0.750488042831421,3.93818187713623,4.62545442581177,5,5,0.789855062961578,0.967391312122345,1,1,5,1.03999996185303,0
01,2019-01-26,52050040,,"",SANDONA [52050040],Pluviométrica,Convencional,Activa,Nariño,Sandoná,1.3223,-77.4792,20,9/15/1963,,Cudayari,Pacifico,Patía,Río Guáitara,2019,26,Andes,Preliminar,0,0,0,1.25855183601379,1.25855183601379,0,0.593677818775177,0,3.93818187713623,4.62545442581177,5,5,0.789855062961578,0.967391312122345,1,1,6,1.03999996185303,0
01,2020-01-26,52050040,,"",SANDONA [52050040],Pluviométrica,Convencional,Activa,Nariño,Sandoná,1.3223,-77.4792,20,9/15/1963,,Cudayari,Pacifico,Patía,Río Guáitara,2020,26,Andes,Preliminar,1,1,0,8.99005699157715,8.99005699157715,0,0.187248706817627,0.303595215082169,3.93818187713623,4.62545442581177,5,5,0.789855062961578,0.967391312122345,1,1,6,1.03999996185303,1.03999996185303
01,2020-01-23,52050040,,"",SANDONA [52050040],Pluviométrica,Convencional,Activa,Nariño,Sandoná,1.3223,-77.4792,20,9/15/1963,,Cudayari,Pacifico,Patía,Río Guáitara,2020,23,Andes,Preliminar,1,1,0,3.02315807342529,3.02315807342529,0,4.22837162017822,0,3.93818187713623,4.62545442581177,5,5,0.789855062961578,0.967391312122345,1,1,5,1.03999996185303,1.03999996185303
01,2022-01-19,52050040,,"",SANDONA [52050040],Pluviométrica,Convencional,Activa,Nariño,Sandoná,1.3223,-77.4792,20,9/15/1963,,Cudayari,Pacifico,Patía,Río Guáitara,2022,19,Andes,Preliminar,0,0,0,7.00415849685669,7.00415849685669,0,0.602545499801636,0.283700257539749,3.93818187713623,4.62545442581177,5,5,0.789855062961578,0.967391312122345,1,1,4,1.03999996185303,0
01,2021-01-18,52050040,4,En revisión,SANDONA [52050040],Pluviométrica,Convencional,Activa,Nariño,Sandoná,1.3223,-77.4792,20,9/15/1963,,Cudayari,Pacifico,Patía,Río Guáitara,2021,18,Andes,En revisión,4,4,0,4.20887613296509,4.20887613296509,0,1.93568778038025,1.64766693115234,3.93818187713623,4.62545442581177,5,5,0.789855062961578,0.967391312122345,1,1,4,1.03999996185303,4.15999984741211
01,2007-01-02,52050040,,"",SANDONA [52050040],Pluviométrica,Convencional,Activa,Nariño,Sandoná,1.3223,-77.4792,20,9/15/1963,,Cudayari,Pacifico,Patía,Río Guáitara,2007,02,Andes,Preliminar,0,0,0,1.28250050544739,1.28250050544739,0,0.650114953517914,3.72724294662476,3.93818187713623,4.62545442581177,5,5,0.789855062961578,0.967391312122345,1,1,1,1.03999996185303,0
01,2020-01-17,52050040,,"",SANDONA [52050040],Pluviométrica,Convencional,Activa,Nariño,Sandoná,1.3223,-77.4792,20,9/15/1963,,Cudayari,Pacifico,Patía,Río Guáitara,2020,17,Andes,Preliminar,0,0,0,2.66522312164307,2.66522312164307,0,0.692892730236054,0,3.93818187713623,4.62545442581177,5,5,0.789855062961578,0.967391312122345,1,1,4,1.03999996185303,0
01,2018-01-17,52050040,1,Definitivo,SANDONA [52050040],Pluviométrica,Convencional,Activa,Nariño,Sandoná,1.3223,-77.4792,20,9/15/1963,,Cudayari,Pacifico,Patía,Río Guáitara,2018,17,Andes,Definitivo,1,1,0,3.49867939949036,3.49867939949036,0,1.59136545658112,0.35894787311554,3.93818187713623,4.62545442581177,5,5,0.789855062961578,0.967391312122345,1,1,4,1.03999996185303,1.03999996185303
01,2018-01-16,52050040,,"",SANDONA [52050040],Pluviométrica,Convencional,Activa,Nariño,Sandoná,1.3223,-77.4792,20,9/15/1963,,Cudayari,Pacifico,Patía,Río Guáitara,2018,16,Andes,Preliminar,0,0,0,3.42714595794678,3.42714595794678,0,1.97774076461792,6.77423048019409,3.93818187713623,4.62545442581177,5,5,0.789855062961578,0.967391312122345,1,1,4,1.03999996185303,0
01,2019-01-14,52050040,10,Definitivo,SANDONA [52050040],Pluviométrica,Convencional,Activa,Nariño,Sandoná,1.3223,-77.4792,20,9/15/1963,,Cudayari,Pacifico,Patía,Río Guáitara,2019,14,Andes,Definitivo,10,10,0,3.05749702453613,3.05749702453613,28.2052440643311,2.41396450996399,7.27486944198608,3.93818187713623,4.62545442581177,5,5,0.789855062961578,0.967391312122345,1,1,3,1.03999996185303,10.3999996185303
01,2019-01-13,52050040,25,Definitivo,SANDONA [52050040],Pluviométrica,Convencional,Activa,Nariño,Sandoná,1.3223,-77.4792,20,9/15/1963,,Cudayari,Pacifico,Patía,Río Guáitara,2019,13,Andes,Definitivo,25,25,0,7.79429578781128,7.79429578781128,0,3.62351894378662,0.987633228302002,3.93818187713623,4.62545442581177,5,5,0.789855062961578,0.967391312122345,1,1,3,1.03999996185303,25.9999990463257
01,2020-01-11,52050040,,"",SANDONA [52050040],Pluviométrica,Convencional,Activa,Nariño,Sandoná,1.3223,-77.4792,20,9/15/1963,,Cudayari,Pacifico,Patía,Río Guáitara,2020,11,Andes,Preliminar,0,0,0,1.8580230474472,1.8580230474472,0,0.0230341162532568,0.0502186231315136,3.93818187713623,4.62545442581177,5,5,0.789855062961578,0.967391312122345,1,1,3,1.03999996185303,0
01,2021-01-08,52050040,33,En revisión,SANDONA [52050040],Pluviométrica,Convencional,Activa,Nariño,Sandoná,1.3223,-77.4792,20,9/15/1963,,Cudayari,Pacifico,Patía,Río Guáitara,2021,08,Andes,En revisión,33,33,0,3.39676642417908,3.39676642417908,0,6.54503965377808,0.0243091862648726,3.93818187713623,4.62545442581177,5,5,0.789855062961578,0.967391312122345,1,1,2,1.03999996185303,34.3199987411499
01,2020-01-10,52050040,,"",SANDONA [52050040],Pluviométrica,Convencional,Activa,Nariño,Sandoná,1.3223,-77.4792,20,9/15/1963,,Cudayari,Pacifico,Patía,Río Guáitara,2020,10,Andes,Preliminar,0,0,0,0.694696843624115,0.694696843624115,0,0.107930585741997,0.168625310063362,3.93818187713623,4.62545442581177,5,5,0.789855062961578,0.967391312122345,1,1,2,1.03999996185303,0
01,2021-01-07,52050040,,"",SANDONA [52050040],Pluviométrica,Convencional,Activa,Nariño,Sandoná,1.3223,-77.4792,20,9/15/1963,,Cudayari,Pacifico,Patía,Río Guáitara,2021,07,Andes,Preliminar,0,0,0,3.14331579208374,3.14331579208374,0,2.62455320358276,7.64118814468384,3.93818187713623,4.62545442581177,5,5,0.789855062961578,0.967391312122345,1,1,2,1.03999996185303,0
01,2021-01-06,52050040,2,En revisión,SANDONA [52050040],Pluviométrica,Convencional,Activa,Nariño,Sandoná,1.3223,-77.4792,20,9/15/1963,,Cudayari,Pacifico,Patía,Río Guáitara,2021,06,Andes,En revisión,2,2,0,2.62374138832092,2.62374138832092,0,7.55379915237427,8.23001098632813,3.93818187713623,4.62545442581177,5,5,0.789855062961578,0.967391312122345,1,1,2,1.03999996185303,2.07999992370605
01,2022-01-04,52050040,8,En revisión,SANDONA [52050040],Pluviométrica,Convencional,Activa,Nariño,Sandoná,1.3223,-77.4792,20,9/15/1963,,Cudayari,Pacifico,Patía,Río Guáitara,2022,04,Andes,En revisión,8,8,0,3.33807802200317,3.33807802200317,0,3.74969696998596,4.31896448135376,3.93818187713623,4.62545442581177,5,5,0.789855062961578,0.967391312122345,1,1,1,1.03999996185303,8.31999969482422
01,2023-01-02,52050040,5,En revisión,SANDONA [52050040],Pluviométrica,Convencional,Activa,Nariño,Sandoná,1.3223,-77.4792,20,9/15/1963,,Cudayari,Pacifico,Patía,Río Guáitara,2023,02,Andes,En revisión,5,5,0,9.74096870422363,9.74096870422363,0,9.3435640335083,3.80670285224915,3.93818187713623,4.62545442581177,5,5,0.789855062961578,0.967391312122345,1,1,1,1.03999996185303,5.19999980926514
01,2010-01-18,52050040,,"",SANDONA [52050040],Pluviométrica,Convencional,Activa,Nariño,Sandoná,1.3223,-77.4792,20,9/15/1963,,Cudayari,Pacifico,Patía,Río Guáitara,2010,18,Andes,Preliminar,0,0,0,4.76734304428101,4.76734304428101,0,0.407807409763336,0.186221972107887,3.93818187713623,4.62545442581177,5,5,0.789855062961578,0.967391312122345,1,1,4,1.03999996185303,0
01,2010-01-19,52050040,,"",SANDONA [52050040],Pluviométrica,Convencional,Activa,Nariño,Sandoná,1.3223,-77.4792,20,9/15/1963,,Cudayari,Pacifico,Patía,Río Guáitara,2010,19,Andes,Preliminar,0,0,0,2.14643430709839,2.14643430709839,0,0.279155433177948,0.0124147981405258,3.93818187713623,4.62545442581177,5,5,0.789855062961578,0.967391312122345,1,1,4,1.03999996185303,0
01,2012-01-01,52050040,,"",SANDONA [52050040],Pluviométrica,Convencional,Activa,Nariño,Sandoná,1.3223,-77.4792,20,9/15/1963,,Cudayari,Pacifico,Patía,Río Guáitara,2012,01,Andes,Preliminar,0,0,0,0.678181231021881,0.678181231021881,0,1.01084089279175,0.143509447574615,3.93818187713623,4.62545442581177,5,5,0.789855062961578,0.967391312122345,1,1,1,1.03999996185303,0
01,2012-01-02,52050040,4,Definitivo,SANDONA [52050040],Pluviométrica,Convencional,Activa,Nariño,Sandoná,1.3223,-77.4792,20,9/15/1963,,Cudayari,Pacifico,Patía,Río Guáitara,2012,02,Andes,Definitivo,4,4,0,3.38122153282166,3.38122153282166,0,2.99485111236572,0.055552039295435,3.93818187713623,4.62545442581177,5,5,0.789855062961578,0.967391312122345,1,1,1,1.03999996185303,4.15999984741211
01,2012-01-03,52050040,18,Definitivo,SANDONA [52050040],Pluviométrica,Convencional,Activa,Nariño,Sandoná,1.3223,-77.4792,20,9/15/1963,,Cudayari,Pacifico,Patía,Río Guáitara,2012,03,Andes,Definitivo,18,18,0,8.19509029388428,8.19509029388428,32.6265106201172,18.8209648132324,13.3324890136719,3.93818187713623,4.62545442581177,5,5,0.789855062961578,0.967391312122345,1,1,1,1.03999996185303,18.7199993133545
01,2012-01-04,52050040,2,Definitivo,SANDONA [52050040],Pluviométrica,Convencional,Activa,Nariño,Sandoná,1.3223,-77.4792,20,9/15/1963,,Cudayari,Pacifico,Patía,Río Guáitara,2012,04,Andes,Definitivo,2,2,0,9.21371269226074,9.21371269226074,32.6265106201172,8.89334487915039,17.5868492126465,3.93818187713623,4.62545442581177,5,5,0.789855062961578,0.967391312122345,1,1,1,1.03999996185303,2.07999992370605
01,2012-01-05,52050040,3,Definitivo,SANDONA [52050040],Pluviométrica,Convencional,Activa,Nariño,Sandoná,1.3223,-77.4792,20,9/15/1963,,Cudayari,Pacifico,Patía,Río Guáitara,2012,05,Andes,Definitivo,3,3,0,10.5565757751465,10.5565757751465,0,12.5133123397827,13.1149101257324,3.93818187713623,4.62545442581177,5,5,0.789855062961578,0.967391312122345,1,1,1,1.03999996185303,3.11999988555908
01,2012-01-06,52050040,,"",SANDONA [52050040],Pluviométrica,Convencional,Activa,Nariño,Sandoná,1.3223,-77.4792,20,9/15/1963,,Cudayari,Pacifico,Patía,Río Guáitara,2012,06,Andes,Preliminar,5,5,0,5.81724405288696,5.81724405288696,0,10.9797191619873,1.01967489719391,3.93818187713623,4.62545442581177,5,5,0.789855062961578,0.967391312122345,1,1,2,1.03999996185303,5.19999980926514
01,2012-01-07,52050040,6,Definitivo,SANDONA [52050040],Pluviométrica,Convencional,Activa,Nariño,Sandoná,1.3223,-77.4792,20,9/15/1963,,Cudayari,Pacifico,Patía,Río Guáitara,2012,07,Andes,Definitivo,6,6,0,4.19001340866089,4.19001340866089,0,2.27027368545532,0.00837171450257301,3.93818187713623,4.62545442581177,5,5,0.789855062961578,0.967391312122345,1,1,2,1.03999996185303,6.23999977111816
01,2012-01-08,52050040,9,Definitivo,SANDONA [52050040],Pluviométrica,Convencional,Activa,Nariño,Sandoná,1.3223,-77.4792,20,9/15/1963,,Cudayari,Pacifico,Patía,Río Guáitara,2012,08,Andes,Definitivo,9,9,0,5.780113697052,5.780113697052,38.852668762207,3.42878866195679,1.08162546157837,3.93818187713623,4.62545442581177,5,5,0.789855062961578,0.967391312122345,1,1,2,1.03999996185303,9.35999965667725
01,2011-01-12,52050040,,"",SANDONA [52050040],Pluviométrica,Convencional,Activa,Nariño,Sandoná,1.3223,-77.4792,20,9/15/1963,,Cudayari,Pacifico,Patía,Río Guáitara,2011,12,Andes,Preliminar,0,0,0,3.7251980304718,3.7251980304718,0,0.0248889084905386,0,3.93818187713623,4.62545442581177,5,5,0.789855062961578,0.967391312122345,1,1,3,1.03999996185303,0
01,2011-01-13,52050040,1,Definitivo,SANDONA [52050040],Pluviométrica,Convencional,Activa,Nariño,Sandoná,1.3223,-77.4792,20,9/15/1963,,Cudayari,Pacifico,Patía,Río Guáitara,2011,13,Andes,Definitivo,1,1,0,0.232824876904488,0.232824876904488,0,0.0314832106232643,0.168515875935555,3.93818187713623,4.62545442581177,5,5,0.789855062961578,0.967391312122345,1,1,3,1.03999996185303,1.03999996185303
01,2011-01-14,52050040,,"",SANDONA [52050040],Pluviométrica,Convencional,Activa,Nariño,Sandoná,1.3223,-77.4792,20,9/15/1963,,Cudayari,Pacifico,Patía,Río Guáitara,2011,14,Andes,Preliminar,0,0,0,2.44466114044189,2.44466114044189,0,0.0566009841859341,0,3.93818187713623,4.62545442581177,5,5,0.789855062961578,0.967391312122345,1,1,3,1.03999996185303,0
01,2007-01-01,52050040,,"",SANDONA [52050040],Pluviométrica,Convencional,Activa,Nariño,Sandoná,1.3223,-77.4792,20,9/15/1963,,Cudayari,Pacifico,Patía,Río Guáitara,2007,01,Andes,Preliminar,0,0,0,1.99008703231812,1.99008703231812,0,1.11985957622528,0.0712212026119232,3.93818187713623,4.62545442581177,5,5,0.789855062961578,0.967391312122345,1,1,1,1.03999996185303,0
01,2022-01-16,52050040,,"",SANDONA [52050040],Pluviométrica,Convencional,Activa,Nariño,Sandoná,1.3223,-77.4792,20,9/15/1963,,Cudayari,Pacifico,Patía,Río Guáitara,2022,16,Andes,Preliminar,0,0,0,4.65500497817993,4.65500497817993,6.71023416519165,2.5762460231781,6.7341480255127,3.93818187713623,4.62545442581177,5,5,0.789855062961578,0.967391312122345,1,1,4,1.03999996185303,0
01,2010-01-20,52050040,,"",SANDONA [52050040],Pluviométrica,Convencional,Activa,Nariño,Sandoná,1.3223,-77.4792,20,9/15/1963,,Cudayari,Pacifico,Patía,Río Guáitara,2010,20,Andes,Preliminar,0,0,0,0.519663035869598,0.519663035869598,0,0.134312525391579,0.121665023267269,3.93818187713623,4.62545442581177,5,5,0.789855062961578,0.967391312122345,1,1,4,1.03999996185303,0
01,2009-01-24,52050040,,"",SANDONA [52050040],Pluviométrica,Convencional,Activa,Nariño,Sandoná,1.3223,-77.4792,20,9/15/1963,,Cudayari,Pacifico,Patía,Río Guáitara,2009,24,Andes,Preliminar,0,0,0,12.5167198181152,12.5167198181152,24.162899017334,17.1684131622314,11.4929399490356,3.93818187713623,4.62545442581177,5,5,0.789855062961578,0.967391312122345,1,1,5,1.03999996185303,0
01,2009-01-25,52050040,7,Definitivo,SANDONA [52050040],Pluviométrica,Convencional,Activa,Nariño,Sandoná,1.3223,-77.4792,20,9/15/1963,,Cudayari,Pacifico,Patía,Río Guáitara,2009,25,Andes,Definitivo,7,7,0,2.94971656799316,2.94971656799316,0,7.37101554870606,8.70849514007568,3.93818187713623,4.62545442581177,5,5,0.789855062961578,0.967391312122345,1,1,5,1.03999996185303,7.27999973297119
01,2012-01-24,52050040,,"",SANDONA [52050040],Pluviométrica,Convencional,Activa,Nariño,Sandoná,1.3223,-77.4792,20,9/15/1963,,Cudayari,Pacifico,Patía,Río Guáitara,2012,24,Andes,Preliminar,0,0,0,3.81547260284424,3.81547260284424,0,1.75105774402618,0,3.93818187713623,4.62545442581177,5,5,0.789855062961578,0.967391312122345,1,1,5,1.03999996185303,0
01,2012-01-25,52050040,,"",SANDONA [52050040],Pluviométrica,Convencional,Activa,Nariño,Sandoná,1.3223,-77.4792,20,9/15/1963,,Cudayari,Pacifico,Patía,Río Guáitara,2012,25,Andes,Preliminar,0,0,0,1.91866087913513,1.91866087913513,0,0.334916293621063,0,3.93818187713623,4.62545442581177,5,5,0.789855062961578,0.967391312122345,1,1,5,1.03999996185303,0
01,2017-01-23,52050040,,"",SANDONA [52050040],Pluviométrica,Convencional,Activa,Nariño,Sandoná,1.3223,-77.4792,20,9/15/1963,,Cudayari,Pacifico,Patía,Río Guáitara,2017,23,Andes,Preliminar,0,0,0,1.22610926628113,1.22610926628113,0,0.379422545433044,0.0271774418652058,3.93818187713623,4.62545442581177,5,5,0.789855062961578,0.967391312122345,1,1,5,1.03999996185303,0
01,2017-01-24,52050040,,"",SANDONA [52050040],Pluviométrica,Convencional,Activa,Nariño,Sandoná,1.3223,-77.4792,20,9/15/1963,,Cudayari,Pacifico,Patía,Río Guáitara,2017,24,Andes,Preliminar,0,0,0,2.34428548812866,2.34428548812866,0,7.39097690582275,0.13470558822155,3.93818187713623,4.62545442581177,5,5,0.789855062961578,0.967391312122345,1,1,5,1.03999996185303,0
01,2017-01-25,52050040,,"",SANDONA [52050040],Pluviométrica,Convencional,Activa,Nariño,Sandoná,1.3223,-77.4792,20,9/15/1963,,Cudayari,Pacifico,Patía,Río Guáitara,2017,25,Andes,Preliminar,0,0,0,4.04040670394897,4.04040670394897,0,2.08518528938293,0,3.93818187713623,4.62545442581177,5,5,0.789855062961578,0.967391312122345,1,1,5,1.03999996185303,0
01,2022-01-24,52050040,15,En revisión,SANDONA [52050040],Pluviométrica,Convencional,Activa,Nariño,Sandoná,1.3223,-77.4792,20,9/15/1963,,Cudayari,Pacifico,Patía,Río Guáitara,2022,24,Andes,En revisión,15,15,0,5.43914842605591,5.43914842605591,0,1.3415299654007,0,3.93818187713623,4.62545442581177,5,5,0.789855062961578,0.967391312122345,1,1,5,1.03999996185303,15.5999994277954
01,2021-01-23,52050040,,"",SANDONA [52050040],Pluviométrica,Convencional,Activa,Nariño,Sandoná,1.3223,-77.4792,20,9/15/1963,,Cudayari,Pacifico,Patía,Río Guáitara,2021,23,Andes,Preliminar,0,0,0,8.34387111663818,8.34387111663818,0,3.835120677948,1.10974395275116,3.93818187713623,4.62545442581177,5,5,0.789855062961578,0.967391312122345,1,1,5,1.03999996185303,0
01,2018-01-23,52050040,,"",SANDONA [52050040],Pluviométrica,Convencional,Activa,Nariño,Sandoná,1.3223,-77.4792,20,9/15/1963,,Cudayari,Pacifico,Patía,Río Guáitara,2018,23,Andes,Preliminar,0,0,0,2.74563455581665,2.74563455581665,0,0.726173341274262,0.79616379737854,3.93818187713623,4.62545442581177,5,5,0.789855062961578,0.967391312122345,1,1,5,1.03999996185303,0
01,2012-01-11,52050040,0,Definitivo,SANDONA [52050040],Pluviométrica,Convencional,Activa,Nariño,Sandoná,1.3223,-77.4792,20,9/15/1963,,Cudayari,Pacifico,Patía,Río Guáitara,2012,11,Andes,Definitivo,0,0,0,10.7905931472778,10.7905931472778,0,3.70696949958801,0,3.93818187713623,4.62545442581177,5,5,0.789855062961578,0.967391312122345,1,1,3,1.03999996185303,0
01,2011-01-15,52050040,,"",SANDONA [52050040],Pluviométrica,Convencional,Activa,Nariño,Sandoná,1.3223,-77.4792,20,9/15/1963,,Cudayari,Pacifico,Patía,Río Guáitara,2011,15,Andes,Preliminar,0,0,0,4.69530153274536,4.69530153274536,0,0.0328832864761353,0,3.93818187713623,4.62545442581177,5,5,0.789855062961578,0.967391312122345,1,1,3,1.03999996185303,0
01,2022-01-15,52050040,,"",SANDONA [52050040],Pluviométrica,Convencional,Activa,Nariño,Sandoná,1.3223,-77.4792,20,9/15/1963,,Cudayari,Pacifico,Patía,Río Guáitara,2022,15,Andes,Preliminar,0,0,0,0.611107349395752,0.611107349395752,0,0.120670855045319,0.0038978629745543,3.93818187713623,4.62545442581177,5,5,0.789855062961578,0.967391312122345,1,1,3,1.03999996185303,0
01,2020-01-16,52050040,,"",SANDONA [52050040],Pluviométrica,Convencional,Activa,Nariño,Sandoná,1.3223,-77.4792,20,9/15/1963,,Cudayari,Pacifico,Patía,Río Guáitara,2020,16,Andes,Preliminar,0,0,0,1.30440199375153,1.30440199375153,0,0.717603206634522,0,3.93818187713623,4.62545442581177,5,5,0.789855062961578,0.967391312122345,1,1,4,1.03999996185303,0
01,2017-01-17,52050040,2,Definitivo,SANDONA [52050040],Pluviométrica,Convencional,Activa,Nariño,Sandoná,1.3223,-77.4792,20,9/15/1963,,Cudayari,Pacifico,Patía,Río Guáitara,2017,17,Andes,Definitivo,2,2,0,1.62839138507843,1.62839138507843,0,7.76269626617432,3.12701106071472,3.93818187713623,4.62545442581177,5,5,0.789855062961578,0.967391312122345,1,1,4,1.03999996185303,2.07999992370605
01,2018-01-15,52050040,30,Definitivo,SANDONA [52050040],Pluviométrica,Convencional,Activa,Nariño,Sandoná,1.3223,-77.4792,20,9/15/1963,,Cudayari,Pacifico,Patía,Río Guáitara,2018,15,Andes,Definitivo,30,30,0,3.74554824829102,3.74554824829102,0,7.81543970108032,3.68531608581543,3.93818187713623,4.62545442581177,5,5,0.789855062961578,0.967391312122345,1,1,3,1.03999996185303,31.1999988555908
01,2017-01-16,52050040,30,Definitivo,SANDONA [52050040],Pluviométrica,Convencional,Activa,Nariño,Sandoná,1.3223,-77.4792,20,9/15/1963,,Cudayari,Pacifico,Patía,Río Guáitara,2017,16,Andes,Definitivo,30,30,0,1.01498782634735,1.01498782634735,0,6.91493558883667,16.8798236846924,3.93818187713623,4.62545442581177,5,5,0.789855062961578,0.967391312122345,1,1,4,1.03999996185303,31.1999988555908
01,2018-01-14,52050040,28,Definitivo,SANDONA [52050040],Pluviométrica,Convencional,Activa,Nariño,Sandoná,1.3223,-77.4792,20,9/15/1963,,Cudayari,Pacifico,Patía,Río Guáitara,2018,14,Andes,Definitivo,28,28,0,6.11499977111816,6.11499977111816,0,1.64098584651947,4.92118644714356,3.93818187713623,4.62545442581177,5,5,0.789855062961578,0.967391312122345,1,1,3,1.03999996185303,29.1199989318848
01,2019-01-12,52050040,,"",SANDONA [52050040],Pluviométrica,Convencional,Activa,Nariño,Sandoná,1.3223,-77.4792,20,9/15/1963,,Cudayari,Pacifico,Patía,Río Guáitara,2019,12,Andes,Preliminar,0,0,0,5.13986015319824,5.13986015319824,0,1.49876916408539,1.21817994117737,3.93818187713623,4.62545442581177,5,5,0.789855062961578,0.967391312122345,1,1,3,1.03999996185303,0
01,2019-01-11,52050040,,"",SANDONA [52050040],Pluviométrica,Convencional,Activa,Nariño,Sandoná,1.3223,-77.4792,20,9/15/1963,,Cudayari,Pacifico,Patía,Río Guáitara,2019,11,Andes,Preliminar,0,0,0,1.23261380195618,1.23261380195618,0,1.11910021305084,0.348051428794861,3.93818187713623,4.62545442581177,5,5,0.789855062961578,0.967391312122345,1,1,3,1.03999996185303,0
01,2020-01-09,52050040,,"",SANDONA [52050040],Pluviométrica,Convencional,Activa,Nariño,Sandoná,1.3223,-77.4792,20,9/15/1963,,Cudayari,Pacifico,Patía,Río Guáitara,2020,09,Andes,Preliminar,0,0,0,0.565246939659119,0.565246939659119,0,0.0730633363127708,1.31286835670471,3.93818187713623,4.62545442581177,5,5,0.789855062961578,0.967391312122345,1,1,2,1.03999996185303,0
01,2022-01-03,52050040,7,En revisión,SANDONA [52050040],Pluviométrica,Convencional,Activa,Nariño,Sandoná,1.3223,-77.4792,20,9/15/1963,,Cudayari,Pacifico,Patía,Río Guáitara,2022,03,Andes,En revisión,7,7,0,3.8557014465332,3.8557014465332,0,4.18302440643311,0,3.93818187713623,4.62545442581177,5,5,0.789855062961578,0.967391312122345,1,1,1,1.03999996185303,7.27999973297119
01,2023-01-01,52050040,1,En revisión,SANDONA [52050040],Pluviométrica,Convencional,Activa,Nariño,Sandoná,1.3223,-77.4792,20,9/15/1963,,Cudayari,Pacifico,Patía,Río Guáitara,2023,01,Andes,En revisión,1,1,0,3.31501483917236,3.31501483917236,0,2.36208963394165,0.169698938727379,3.93818187713623,4.62545442581177,5,5,0.789855062961578,0.967391312122345,1,1,1,1.03999996185303,1.03999996185303
01,2022-01-21,52050040,,"",SANDONA [52050040],Pluviométrica,Convencional,Activa,Nariño,Sandoná,1.3223,-77.4792,20,9/15/1963,,Cudayari,Pacifico,Patía,Río Guáitara,2022,21,Andes,Preliminar,0,0,0,1.47878062725067,1.47878062725067,0,3.8730297088623,0.767682194709778,3.93818187713623,4.62545442581177,5,5,0.789855062961578,0.967391312122345,1,1,5,1.03999996185303,0
01,2020-01-20,52050040,12,En revisión,SANDONA [52050040],Pluviométrica,Convencional,Activa,Nariño,Sandoná,1.3223,-77.4792,20,9/15/1963,,Cudayari,Pacifico,Patía,Río Guáitara,2020,20,Andes,En revisión,12,12,0,8.33471488952637,8.33471488952637,33.8547897338867,13.4546394348145,10.1712598800659,3.93818187713623,4.62545442581177,5,5,0.789855062961578,0.967391312122345,1,1,4,1.03999996185303,12.4799995422363
01,2011-01-16,52050040,1,Definitivo,SANDONA [52050040],Pluviométrica,Convencional,Activa,Nariño,Sandoná,1.3223,-77.4792,20,9/15/1963,,Cudayari,Pacifico,Patía,Río Guáitara,2011,16,Andes,Definitivo,1,1,0,6.40286588668823,6.40286588668823,0,1.87980270385742,2.16238355636597,3.93818187713623,4.62545442581177,5,5,0.789855062961578,0.967391312122345,1,1,4,1.03999996185303,1.03999996185303
01,2011-01-17,52050040,4,Definitivo,SANDONA [52050040],Pluviométrica,Convencional,Activa,Nariño,Sandoná,1.3223,-77.4792,20,9/15/1963,,Cudayari,Pacifico,Patía,Río Guáitara,2011,17,Andes,Definitivo,4,4,0,5.65787887573242,5.65787887573242,0,2.21033215522766,3.66281270980835,3.93818187713623,4.62545442581177,5,5,0.789855062961578,0.967391312122345,1,1,4,1.03999996185303,4.15999984741211
01,2010-01-21,52050040,,"",SANDONA [52050040],Pluviométrica,Convencional,Activa,Nariño,Sandoná,1.3223,-77.4792,20,9/15/1963,,Cudayari,Pacifico,Patía,Río Guáitara,2010,21,Andes,Preliminar,0,0,0,0.0539969019591808,0.0539969019591808,0,0.50125926733017,0,3.93818187713623,4.62545442581177,5,5,0.789855062961578,0.967391312122345,1,1,5,1.03999996185303,0
01,2010-01-22,52050040,,"",SANDONA [52050040],Pluviométrica,Convencional,Activa,Nariño,Sandoná,1.3223,-77.4792,20,9/15/1963,,Cudayari,Pacifico,Patía,Río Guáitara,2010,22,Andes,Preliminar,0,0,0,5.54008150100708,5.54008150100708,0,2.7120532989502,0.00475011672824621,3.93818187713623,4.62545442581177,5,5,0.789855062961578,0.967391312122345,1,1,5,1.03999996185303,0
01,2010-01-23,52050040,,"",SANDONA [52050040],Pluviométrica,Convencional,Activa,Nariño,Sandoná,1.3223,-77.4792,20,9/15/1963,,Cudayari,Pacifico,Patía,Río Guáitara,2010,23,Andes,Preliminar,0,0,0,10.1514186859131,10.1514186859131,0,5.71212768554688,0,3.93818187713623,4.62545442581177,5,5,0.789855062961578,0.967391312122345,1,1,5,1.03999996185303,0
01,2013-01-01,52050040,,"",SANDONA [52050040],Pluviométrica,Convencional,Activa,Nariño,Sandoná,1.3223,-77.4792,20,9/15/1963,,Cudayari,Pacifico,Patía,Río Guáitara,2013,01,Andes,Preliminar,0,0,0,2.92078995704651,2.92078995704651,0,0.373616993427277,0.0312522649765015,3.93818187713623,4.62545442581177,5,5,0.789855062961578,0.967391312122345,1,1,1,1.03999996185303,0
01,2013-01-02,52050040,,"",SANDONA [52050040],Pluviométrica,Convencional,Activa,Nariño,Sandoná,1.3223,-77.4792,20,9/15/1963,,Cudayari,Pacifico,Patía,Río Guáitara,2013,02,Andes,Preliminar,0,0,0,2.77751803398132,2.77751803398132,0,0.698972284793854,0.0880745574831963,3.93818187713623,4.62545442581177,5,5,0.789855062961578,0.967391312122345,1,1,1,1.03999996185303,0
01,2013-01-03,52050040,3,Definitivo,SANDONA [52050040],Pluviométrica,Convencional,Activa,Nariño,Sandoná,1.3223,-77.4792,20,9/15/1963,,Cudayari,Pacifico,Patía,Río Guáitara,2013,03,Andes,Definitivo,3,3,0,3.92134952545166,3.92134952545166,0,1.08974385261536,0.377868264913559,3.93818187713623,4.62545442581177,5,5,0.789855062961578,0.967391312122345,1,1,1,1.03999996185303,3.11999988555908
01,2013-01-04,52050040,,"",SANDONA [52050040],Pluviométrica,Convencional,Activa,Nariño,Sandoná,1.3223,-77.4792,20,9/15/1963,,Cudayari,Pacifico,Patía,Río Guáitara,2013,04,Andes,Preliminar,0,0,0,3.35400223731995,3.35400223731995,0,1.2705534696579,3.37808609008789,3.93818187713623,4.62545442581177,5,5,0.789855062961578,0.967391312122345,1,1,1,1.03999996185303,0
01,2012-01-09,52050040,11,Definitivo,SANDONA [52050040],Pluviométrica,Convencional,Activa,Nariño,Sandoná,1.3223,-77.4792,20,9/15/1963,,Cudayari,Pacifico,Patía,Río Guáitara,2012,09,Andes,Definitivo,11,11,0,3.94913601875305,3.94913601875305,0,2.74467730522156,17.3780078887939,3.93818187713623,4.62545442581177,5,5,0.789855062961578,0.967391312122345,1,1,2,1.03999996185303,11.4399995803833
01,2012-01-10,52050040,1,Definitivo,SANDONA [52050040],Pluviométrica,Convencional,Activa,Nariño,Sandoná,1.3223,-77.4792,20,9/15/1963,,Cudayari,Pacifico,Patía,Río Guáitara,2012,10,Andes,Definitivo,1,1,0,5.96795511245728,5.96795511245728,0,2.53387784957886,2.46965575218201,3.93818187713623,4.62545442581177,5,5,0.789855062961578,0.967391312122345,1,1,2,1.03999996185303,1.03999996185303
01,2013-01-06,52050040,,"",SANDONA [52050040],Pluviométrica,Convencional,Activa,Nariño,Sandoná,1.3223,-77.4792,20,9/15/1963,,Cudayari,Pacifico,Patía,Río Guáitara,2013,06,Andes,Preliminar,0,0,0,4.51105737686157,4.51105737686157,0,0.563086271286011,0.328048557043076,3.93818187713623,4.62545442581177,5,5,0.789855062961578,0.967391312122345,1,1,2,1.03999996185303,0
01,2013-01-07,52050040,,"",SANDONA [52050040],Pluviométrica,Convencional,Activa,Nariño,Sandoná,1.3223,-77.4792,20,9/15/1963,,Cudayari,Pacifico,Patía,Río Guáitara,2013,07,Andes,Preliminar,0,0,0,2.05348801612854,2.05348801612854,0,0.336021721363068,0.328048557043076,3.93818187713623,4.62545442581177,5,5,0.789855062961578,0.967391312122345,1,1,2,1.03999996185303,0
01,2018-01-20,52050040,0,Definitivo,SANDONA [52050040],Pluviométrica,Convencional,Activa,Nariño,Sandoná,1.3223,-77.4792,20,9/15/1963,,Cudayari,Pacifico,Patía,Río Guáitara,2018,20,Andes,Definitivo,0,0,0,1.7516028881073,1.7516028881073,0,1.86465108394623,0.434899151325226,3.93818187713623,4.62545442581177,5,5,0.789855062961578,0.967391312122345,1,1,4,1.03999996185303,0
01,2018-01-19,52050040,2,Definitivo,SANDONA [52050040],Pluviométrica,Convencional,Activa,Nariño,Sandoná,1.3223,-77.4792,20,9/15/1963,,Cudayari,Pacifico,Patía,Río Guáitara,2018,19,Andes,Definitivo,2,2,0,3.31698060035706,3.31698060035706,0,0.631429553031921,0.0208085738122463,3.93818187713623,4.62545442581177,5,5,0.789855062961578,0.967391312122345,1,1,4,1.03999996185303,2.07999992370605
01,2019-01-17,52050040,,"",SANDONA [52050040],Pluviométrica,Convencional,Activa,Nariño,Sandoná,1.3223,-77.4792,20,9/15/1963,,Cudayari,Pacifico,Patía,Río Guáitara,2019,17,Andes,Preliminar,0,0,0,2.82802820205689,2.82802820205689,0,0.173160865902901,0,3.93818187713623,4.62545442581177,5,5,0.789855062961578,0.967391312122345,1,1,4,1.03999996185303,0
01,2018-01-18,52050040,11,Definitivo,SANDONA [52050040],Pluviométrica,Convencional,Activa,Nariño,Sandoná,1.3223,-77.4792,20,9/15/1963,,Cudayari,Pacifico,Patía,Río Guáitara,2018,18,Andes,Definitivo,11,11,0,2.75696730613709,2.75696730613709,0,1.53410291671753,0.0104042869061232,3.93818187713623,4.62545442581177,5,5,0.789855062961578,0.967391312122345,1,1,4,1.03999996185303,11.4399995803833
01,2019-01-16,52050040,,"",SANDONA [52050040],Pluviométrica,Convencional,Activa,Nariño,Sandoná,1.3223,-77.4792,20,9/15/1963,,Cudayari,Pacifico,Patía,Río Guáitara,2019,16,Andes,Preliminar,0,0,0,3.50727510452271,3.50727510452271,0,0.825121760368347,0,3.93818187713623,4.62545442581177,5,5,0.789855062961578,0.967391312122345,1,1,4,1.03999996185303,0
01,2013-01-21,52050040,,"",SANDONA [52050040],Pluviométrica,Convencional,Activa,Nariño,Sandoná,1.3223,-77.4792,20,9/15/1963,,Cudayari,Pacifico,Patía,Río Guáitara,2013,21,Andes,Preliminar,0,0,0,2.82474493980408,2.82474493980408,0,0.890098631381989,0,3.93818187713623,4.62545442581177,5,5,0.789855062961578,0.967391312122345,1,1,5,1.03999996185303,0
01,2012-01-26,52050040,2,Definitivo,SANDONA [52050040],Pluviométrica,Convencional,Activa,Nariño,Sandoná,1.3223,-77.4792,20,9/15/1963,,Cudayari,Pacifico,Patía,Río Guáitara,2012,26,Andes,Definitivo,2,2,0,4.89160537719727,4.89160537719727,0,0.0522279441356659,0.0079162921756506,3.93818187713623,4.62545442581177,5,5,0.789855062961578,0.967391312122345,1,1,6,1.03999996185303,2.07999992370605
01,2015-01-24,52050040,,"",SANDONA [52050040],Pluviométrica,Convencional,Activa,Nariño,Sandoná,1.3223,-77.4792,20,9/15/1963,,Cudayari,Pacifico,Patía,Río Guáitara,2015,24,Andes,Preliminar,0,0,0,17.0293121337891,17.0293121337891,78.3771896362305,10.8836908340454,22.3131103515625,3.93818187713623,4.62545442581177,5,5,0.789855062961578,0.967391312122345,1,1,5,1.03999996185303,0
01,2015-01-25,52050040,,"",SANDONA [52050040],Pluviométrica,Convencional,Activa,Nariño,Sandoná,1.3223,-77.4792,20,9/15/1963,,Cudayari,Pacifico,Patía,Río Guáitara,2015,25,Andes,Preliminar,0,0,0,13.1777791976929,13.1777791976929,0,1.52606642246246,0,3.93818187713623,4.62545442581177,5,5,0.789855062961578,0.967391312122345,1,1,5,1.03999996185303,0
01,2020-01-24,52050040,,"",SANDONA [52050040],Pluviométrica,Convencional,Activa,Nariño,Sandoná,1.3223,-77.4792,20,9/15/1963,,Cudayari,Pacifico,Patía,Río Guáitara,2020,24,Andes,Preliminar,0,0,0,11.8741893768311,11.8741893768311,30.5808181762695,2.65324473381043,4.20568752288818,3.93818187713623,4.62545442581177,5,5,0.789855062961578,0.967391312122345,1,1,5,1.03999996185303,0
01,2020-01-25,52050040,0,En revisión,SANDONA [52050040],Pluviométrica,Convencional,Activa,Nariño,Sandoná,1.3223,-77.4792,20,9/15/1963,,Cudayari,Pacifico,Patía,Río Guáitara,2020,25,Andes,En revisión,0,0,0,37.9822769165039,37.9822769165039,7.64520454406738,12.7005405426025,4.40329074859619,3.93818187713623,4.62545442581177,5,5,0.789855062961578,0.967391312122345,1,1,5,1.03999996185303,0
01,2018-01-24,52050040,,"",SANDONA [52050040],Pluviométrica,Convencional,Activa,Nariño,Sandoná,1.3223,-77.4792,20,9/15/1963,,Cudayari,Pacifico,Patía,Río Guáitara,2018,24,Andes,Preliminar,0,0,0,3.37462210655212,3.37462210655212,0,0.0828417465090752,0.143484488129616,3.93818187713623,4.62545442581177,5,5,0.789855062961578,0.967391312122345,1,1,5,1.03999996185303,0
01,2018-01-25,52050040,,"",SANDONA [52050040],Pluviométrica,Convencional,Activa,Nariño,Sandoná,1.3223,-77.4792,20,9/15/1963,,Cudayari,Pacifico,Patía,Río Guáitara,2018,25,Andes,Preliminar,0,0,0,3.82949876785278,3.82949876785278,0,0.0609163977205753,0,3.93818187713623,4.62545442581177,5,5,0.789855062961578,0.967391312122345,1,1,5,1.03999996185303,0
01,2012-01-12,52050040,,"",SANDONA [52050040],Pluviométrica,Convencional,Activa,Nariño,Sandoná,1.3223,-77.4792,20,9/15/1963,,Cudayari,Pacifico,Patía,Río Guáitara,2012,12,Andes,Preliminar,0,0,0,3.92535901069641,3.92535901069641,24.1184692382813,2.91025876998901,7.09168815612793,3.93818187713623,4.62545442581177,5,5,0.789855062961578,0.967391312122345,1,1,3,1.03999996185303,0
01,2012-01-13,52050040,,"",SANDONA [52050040],Pluviométrica,Convencional,Activa,Nariño,Sandoná,1.3223,-77.4792,20,9/15/1963,,Cudayari,Pacifico,Patía,Río Guáitara,2012,13,Andes,Preliminar,0,0,0,3.53542757034302,3.53542757034302,24.1184692382813,3.14938163757324,18.4383850097656,3.93818187713623,4.62545442581177,5,5,0.789855062961578,0.967391312122345,1,1,3,1.03999996185303,0
01,2012-01-14,52050040,3,Definitivo,SANDONA [52050040],Pluviométrica,Convencional,Activa,Nariño,Sandoná,1.3223,-77.4792,20,9/15/1963,,Cudayari,Pacifico,Patía,Río Guáitara,2012,14,Andes,Definitivo,3,3,0,6.31078338623047,6.31078338623047,0,10.5622634887695,5.20057106018066,3.93818187713623,4.62545442581177,5,5,0.789855062961578,0.967391312122345,1,1,3,1.03999996185303,3.11999988555908
01,2011-01-18,52050040,5,Definitivo,SANDONA [52050040],Pluviométrica,Convencional,Activa,Nariño,Sandoná,1.3223,-77.4792,20,9/15/1963,,Cudayari,Pacifico,Patía,Río Guáitara,2011,18,Andes,Definitivo,5,5,0,3.14102864265442,3.14102864265442,0,1.73429358005524,0.926735877990723,3.93818187713623,4.62545442581177,5,5,0.789855062961578,0.967391312122345,1,1,4,1.03999996185303,5.19999980926514
01,2011-01-19,52050040,8,Definitivo,SANDONA [52050040],Pluviométrica,Convencional,Activa,Nariño,Sandoná,1.3223,-77.4792,20,9/15/1963,,Cudayari,Pacifico,Patía,Río Guáitara,2011,19,Andes,Definitivo,8,8,0,1.95307564735413,1.95307564735413,0,2.12542772293091,0.617823898792267,3.93818187713623,4.62545442581177,5,5,0.789855062961578,0.967391312122345,1,1,4,1.03999996185303,8.31999969482422
01,2016-01-18,52050040,,"",SANDONA [52050040],Pluviométrica,Convencional,Activa,Nariño,Sandoná,1.3223,-77.4792,20,9/15/1963,,Cudayari,Pacifico,Patía,Río Guáitara,2016,18,Andes,Preliminar,0,0,0,1.85788059234619,1.85788059234619,0,0.283239006996155,0,3.93818187713623,4.62545442581177,5,5,0.789855062961578,0.967391312122345,1,1,4,1.03999996185303,0
01,2017-01-15,52050040,1,Definitivo,SANDONA [52050040],Pluviométrica,Convencional,Activa,Nariño,Sandoná,1.3223,-77.4792,20,9/15/1963,,Cudayari,Pacifico,Patía,Río Guáitara,2017,15,Andes,Definitivo,1,1,0,1.2602790594101,1.2602790594101,0,0.0548130385577679,0.0184421297162771,3.93818187713623,4.62545442581177,5,5,0.789855062961578,0.967391312122345,1,1,3,1.03999996185303,1.03999996185303
01,2018-01-13,52050040,20,Definitivo,SANDONA [52050040],Pluviométrica,Convencional,Activa,Nariño,Sandoná,1.3223,-77.4792,20,9/15/1963,,Cudayari,Pacifico,Patía,Río Guáitara,2018,13,Andes,Definitivo,20,20,0,1.99174892902374,1.99174892902374,0,1.41437542438507,0.895050764083862,3.93818187713623,4.62545442581177,5,5,0.789855062961578,0.967391312122345,1,1,3,1.03999996185303,20.7999992370605
01,2020-01-08,52050040,,"",SANDONA [52050040],Pluviométrica,Convencional,Activa,Nariño,Sandoná,1.3223,-77.4792,20,9/15/1963,,Cudayari,Pacifico,Patía,Río Guáitara,2020,08,Andes,Preliminar,0,0,0,1.39361202716827,1.39361202716827,0,0.222450017929077,0,3.93818187713623,4.62545442581177,5,5,0.789855062961578,0.967391312122345,1,1,2,1.03999996185303,0
01,2021-01-05,52050040,8,En revisión,SANDONA [52050040],Pluviométrica,Convencional,Activa,Nariño,Sandoná,1.3223,-77.4792,20,9/15/1963,,Cudayari,Pacifico,Patía,Río Guáitara,2021,05,Andes,En revisión,8,8,0,4.88401460647583,4.88401460647583,0,15.4797115325928,0.251047074794769,3.93818187713623,4.62545442581177,5,5,0.789855062961578,0.967391312122345,1,1,1,1.03999996185303,8.31999969482422
01,2013-01-05,52050040,,"",SANDONA [52050040],Pluviométrica,Convencional,Activa,Nariño,Sandoná,1.3223,-77.4792,20,9/15/1963,,Cudayari,Pacifico,Patía,Río Guáitara,2013,05,Andes,Preliminar,0,0,0,2.22667074203491,2.22667074203491,0,0.442394345998764,0,3.93818187713623,4.62545442581177,5,5,0.789855062961578,0.967391312122345,1,1,1,1.03999996185303,0
01,2014-01-02,52050040,,"",SANDONA [52050040],Pluviométrica,Convencional,Activa,Nariño,Sandoná,1.3223,-77.4792,20,9/15/1963,,Cudayari,Pacifico,Patía,Río Guáitara,2014,02,Andes,Preliminar,0,0,0,2.33798384666443,2.33798384666443,0,0.396348565816879,0.246373504400253,3.93818187713623,4.62545442581177,5,5,0.789855062961578,0.967391312122345,1,1,1,1.03999996185303,0
01,2014-01-03,52050040,,"",SANDONA [52050040],Pluviométrica,Convencional,Activa,Nariño,Sandoná,1.3223,-77.4792,20,9/15/1963,,Cudayari,Pacifico,Patía,Río Guáitara,2014,03,Andes,Preliminar,0,0,0,2.70638489723206,2.70638489723206,0,0.498025387525559,0,3.93818187713623,4.62545442581177,5,5,0.789855062961578,0.967391312122345,1,1,1,1.03999996185303,0
01,2022-01-18,52050040,,"",SANDONA [52050040],Pluviométrica,Convencional,Activa,Nariño,Sandoná,1.3223,-77.4792,20,9/15/1963,,Cudayari,Pacifico,Patía,Río Guáitara,2022,18,Andes,Preliminar,0,0,0,6.52323627471924,6.52323627471924,0,1.2935346364975,0.291166037321091,3.93818187713623,4.62545442581177,5,5,0.789855062961578,0.967391312122345,1,1,4,1.03999996185303,0
01,2020-01-19,52050040,1,En revisión,SANDONA [52050040],Pluviométrica,Convencional,Activa,Nariño,Sandoná,1.3223,-77.4792,20,9/15/1963,,Cudayari,Pacifico,Patía,Río Guáitara,2020,19,Andes,En revisión,1,1,0,3.80088376998901,3.80088376998901,0,2.89440441131592,8.8509521484375,3.93818187713623,4.62545442581177,5,5,0.789855062961578,0.967391312122345,1,1,4,1.03999996185303,1.03999996185303
01,2019-01-20,52050040,,"",SANDONA [52050040],Pluviométrica,Convencional,Activa,Nariño,Sandoná,1.3223,-77.4792,20,9/15/1963,,Cudayari,Pacifico,Patía,Río Guáitara,2019,20,Andes,Preliminar,0,0,0,3.04173994064331,3.04173994064331,0,0.369234532117844,0.726090371608734,3.93818187713623,4.62545442581177,5,5,0.789855062961578,0.967391312122345,1,1,4,1.03999996185303,0
01,2017-01-20,52050040,25,Definitivo,SANDONA [52050040],Pluviométrica,Convencional,Activa,Nariño,Sandoná,1.3223,-77.4792,20,9/15/1963,,Cudayari,Pacifico,Patía,Río Guáitara,2017,20,Andes,Definitivo,25,25,0,15.2033271789551,15.2033271789551,88.2380981445313,12.8706588745117,12.9418268203735,3.93818187713623,4.62545442581177,5,5,0.789855062961578,0.967391312122345,1,1,4,1.03999996185303,25.9999990463257
01,2017-01-19,52050040,6,Definitivo,SANDONA [52050040],Pluviométrica,Convencional,Activa,Nariño,Sandoná,1.3223,-77.4792,20,9/15/1963,,Cudayari,Pacifico,Patía,Río Guáitara,2017,19,Andes,Definitivo,6,6,0,2.88815236091614,2.88815236091614,0,9.78881168365479,17.0835151672363,3.93818187713623,4.62545442581177,5,5,0.789855062961578,0.967391312122345,1,1,4,1.03999996185303,6.23999977111816
01,2011-01-20,52050040,,"",SANDONA [52050040],Pluviométrica,Convencional,Activa,Nariño,Sandoná,1.3223,-77.4792,20,9/15/1963,,Cudayari,Pacifico,Patía,Río Guáitara,2011,20,Andes,Preliminar,0,0,0,0.302021980285645,0.302021980285645,0,1.84706377983093,2.42716503143311,3.93818187713623,4.62545442581177,5,5,0.789855062961578,0.967391312122345,1,1,4,1.03999996185303,0
01,2011-01-21,52050040,2,Definitivo,SANDONA [52050040],Pluviométrica,Convencional,Activa,Nariño,Sandoná,1.3223,-77.4792,20,9/15/1963,,Cudayari,Pacifico,Patía,Río Guáitara,2011,21,Andes,Definitivo,2,2,0,0,0,0,7.39288139343262,0.0173064507544041,3.93818187713623,4.62545442581177,5,5,0.789855062961578,0.967391312122345,1,1,5,1.03999996185303,2.07999992370605
01,2013-01-22,52050040,,"",SANDONA [52050040],Pluviométrica,Convencional,Activa,Nariño,Sandoná,1.3223,-77.4792,20,9/15/1963,,Cudayari,Pacifico,Patía,Río Guáitara,2013,22,Andes,Preliminar,0,0,0,1.58176076412201,1.58176076412201,0,1.09762847423553,0,3.93818187713623,4.62545442581177,5,5,0.789855062961578,0.967391312122345,1,1,5,1.03999996185303,0
01,2016-01-21,52050040,,"",SANDONA [52050040],Pluviométrica,Convencional,Activa,Nariño,Sandoná,1.3223,-77.4792,20,9/15/1963,,Cudayari,Pacifico,Patía,Río Guáitara,2016,21,Andes,Preliminar,0,0,0,2.97040367126465,2.97040367126465,0,1.21162211894989,0,3.93818187713623,4.62545442581177,5,5,0.789855062961578,0.967391312122345,1,1,5,1.03999996185303,0
01,2014-01-01,52050040,2,Definitivo,SANDONA [52050040],Pluviométrica,Convencional,Activa,Nariño,Sandoná,1.3223,-77.4792,20,9/15/1963,,Cudayari,Pacifico,Patía,Río Guáitara,2014,01,Andes,Definitivo,2,2,0,9.36215591430664,9.36215591430664,0,1.33507001399994,1.96277558803558,3.93818187713623,4.62545442581177,5,5,0.789855062961578,0.967391312122345,1,1,1,1.03999996185303,2.07999992370605
01,2015-01-26,52050040,12,Definitivo,SANDONA [52050040],Pluviométrica,Convencional,Activa,Nariño,Sandoná,1.3223,-77.4792,20,9/15/1963,,Cudayari,Pacifico,Patía,Río Guáitara,2015,26,Andes,Definitivo,12,12,0,6.70587110519409,6.70587110519409,0,1.02143847942352,2.89191317558289,3.93818187713623,4.62545442581177,5,5,0.789855062961578,0.967391312122345,1,1,6,1.03999996185303,12.4799995422363
01,2016-01-23,52050040,,"",SANDONA [52050040],Pluviométrica,Convencional,Activa,Nariño,Sandoná,1.3223,-77.4792,20,9/15/1963,,Cudayari,Pacifico,Patía,Río Guáitara,2016,23,Andes,Preliminar,0,0,0,3.58215880393982,3.58215880393982,0,0.407963156700134,0,3.93818187713623,4.62545442581177,5,5,0.789855062961578,0.967391312122345,1,1,5,1.03999996185303,0
01,2019-01-21,52050040,,"",SANDONA [52050040],Pluviométrica,Convencional,Activa,Nariño,Sandoná,1.3223,-77.4792,20,9/15/1963,,Cudayari,Pacifico,Patía,Río Guáitara,2019,21,Andes,Preliminar,0,0,0,3.20787882804871,3.20787882804871,0,0.330544471740723,0,3.93818187713623,4.62545442581177,5,5,0.789855062961578,0.967391312122345,1,1,5,1.03999996185303,0
01,2014-01-04,52050040,,"",SANDONA [52050040],Pluviométrica,Convencional,Activa,Nariño,Sandoná,1.3223,-77.4792,20,9/15/1963,,Cudayari,Pacifico,Patía,Río Guáitara,2014,04,Andes,Preliminar,0,0,0,1.31016874313355,1.31016874313355,0,0.404966831207275,0,3.93818187713623,4.62545442581177,5,5,0.789855062961578,0.967391312122345,1,1,1,1.03999996185303,0
01,2013-01-08,52050040,,"",SANDONA [52050040],Pluviométrica,Convencional,Activa,Nariño,Sandoná,1.3223,-77.4792,20,9/15/1963,,Cudayari,Pacifico,Patía,Río Guáitara,2013,08,Andes,Preliminar,0,0,0,1.19711196422577,1.19711196422577,0,0.0674609765410423,0.328048557043076,3.93818187713623,4.62545442581177,5,5,0.789855062961578,0.967391312122345,1,1,2,1.03999996185303,0
01,2013-01-09,52050040,,"",SANDONA [52050040],Pluviométrica,Convencional,Activa,Nariño,Sandoná,1.3223,-77.4792,20,9/15/1963,,Cudayari,Pacifico,Patía,Río Guáitara,2013,09,Andes,Preliminar,0,0,0,2.98604846000671,2.98604846000671,0,0.266035169363022,0.328048557043076,3.93818187713623,4.62545442581177,5,5,0.789855062961578,0.967391312122345,1,1,2,1.03999996185303,0
01,2013-01-10,52050040,,"",SANDONA [52050040],Pluviométrica,Convencional,Activa,Nariño,Sandoná,1.3223,-77.4792,20,9/15/1963,,Cudayari,Pacifico,Patía,Río Guáitara,2013,10,Andes,Preliminar,0,0,0,4.36940956115723,4.36940956115723,0,0.40763857960701,0.328048557043076,3.93818187713623,4.62545442581177,5,5,0.789855062961578,0.967391312122345,1,1,2,1.03999996185303,0
01,2012-01-15,52050040,8,Definitivo,SANDONA [52050040],Pluviométrica,Convencional,Activa,Nariño,Sandoná,1.3223,-77.4792,20,9/15/1963,,Cudayari,Pacifico,Patía,Río Guáitara,2012,15,Andes,Definitivo,8,8,0,11.9986200332642,11.9986200332642,0,12.517804145813,2.11603116989136,3.93818187713623,4.62545442581177,5,5,0.789855062961578,0.967391312122345,1,1,3,1.03999996185303,8.31999969482422
01,2015-01-20,52050040,2,Definitivo,SANDONA [52050040],Pluviométrica,Convencional,Activa,Nariño,Sandoná,1.3223,-77.4792,20,9/15/1963,,Cudayari,Pacifico,Patía,Río Guáitara,2015,20,Andes,Definitivo,2,2,0,4.81127882003784,4.81127882003784,0,3.91609740257263,3.40070223808289,3.93818187713623,4.62545442581177,5,5,0.789855062961578,0.967391312122345,1,1,4,1.03999996185303,2.07999992370605
01,2017-01-14,52050040,1,Definitivo,SANDONA [52050040],Pluviométrica,Convencional,Activa,Nariño,Sandoná,1.3223,-77.4792,20,9/15/1963,,Cudayari,Pacifico,Patía,Río Guáitara,2017,14,Andes,Definitivo,1,1,0,5.04159927368164,5.04159927368164,0,0.104479216039181,0.280139297246933,3.93818187713623,4.62545442581177,5,5,0.789855062961578,0.967391312122345,1,1,3,1.03999996185303,1.03999996185303
01,2018-01-12,52050040,3,Definitivo,SANDONA [52050040],Pluviométrica,Convencional,Activa,Nariño,Sandoná,1.3223,-77.4792,20,9/15/1963,,Cudayari,Pacifico,Patía,Río Guáitara,2018,12,Andes,Definitivo,3,3,0,1.45880234241486,1.45880234241486,0,0.846908867359161,0.451241463422775,3.93818187713623,4.62545442581177,5,5,0.789855062961578,0.967391312122345,1,1,3,1.03999996185303,3.11999988555908
01,2019-01-10,52050040,,"",SANDONA [52050040],Pluviométrica,Convencional,Activa,Nariño,Sandoná,1.3223,-77.4792,20,9/15/1963,,Cudayari,Pacifico,Patía,Río Guáitara,2019,10,Andes,Preliminar,0,0,0,3.24498438835144,3.24498438835144,0,4.12040853500366,10.7420253753662,3.93818187713623,4.62545442581177,5,5,0.789855062961578,0.967391312122345,1,1,2,1.03999996185303,0
01,2016-01-22,52050040,,"",SANDONA [52050040],Pluviométrica,Convencional,Activa,Nariño,Sandoná,1.3223,-77.4792,20,9/15/1963,,Cudayari,Pacifico,Patía,Río Guáitara,2016,22,Andes,Preliminar,0,0,0,4.79997682571411,4.79997682571411,0,1.81805062294006,0,3.93818187713623,4.62545442581177,5,5,0.789855062961578,0.967391312122345,1,1,5,1.03999996185303,0
01,2022-01-02,52050040,,"",SANDONA [52050040],Pluviométrica,Convencional,Activa,Nariño,Sandoná,1.3223,-77.4792,20,9/15/1963,,Cudayari,Pacifico,Patía,Río Guáitara,2022,02,Andes,Preliminar,0,0,0,3.24000573158264,3.24000573158264,0,6.61778163909912,0,3.93818187713623,4.62545442581177,5,5,0.789855062961578,0.967391312122345,1,1,1,1.03999996185303,0
01,2012-01-21,52050040,5,Definitivo,SANDONA [52050040],Pluviométrica,Convencional,Activa,Nariño,Sandoná,1.3223,-77.4792,20,9/15/1963,,Cudayari,Pacifico,Patía,Río Guáitara,2012,21,Andes,Definitivo,5,5,0,7.4701247215271,7.4701247215271,0,0.755914866924286,2.98041129112244,3.93818187713623,4.62545442581177,5,5,0.789855062961578,0.967391312122345,1,1,5,1.03999996185303,5.19999980926514
01,2014-01-22,52050040,,"",SANDONA [52050040],Pluviométrica,Convencional,Activa,Nariño,Sandoná,1.3223,-77.4792,20,9/15/1963,,Cudayari,Pacifico,Patía,Río Guáitara,2014,22,Andes,Preliminar,0,0,0,11.869083404541,11.869083404541,27.3530864715576,5.77664756774902,4.01999235153198,3.93818187713623,4.62545442581177,5,5,0.789855062961578,0.967391312122345,1,1,5,1.03999996185303,0
01,2019-01-22,52050040,,"",SANDONA [52050040],Pluviométrica,Convencional,Activa,Nariño,Sandoná,1.3223,-77.4792,20,9/15/1963,,Cudayari,Pacifico,Patía,Río Guáitara,2019,22,Andes,Preliminar,0,0,0,2.32151484489441,2.32151484489441,0,0.0856245011091232,0,3.93818187713623,4.62545442581177,5,5,0.789855062961578,0.967391312122345,1,1,5,1.03999996185303,0
01,2020-01-22,52050040,3,En revisión,SANDONA [52050040],Pluviométrica,Convencional,Activa,Nariño,Sandoná,1.3223,-77.4792,20,9/15/1963,,Cudayari,Pacifico,Patía,Río Guáitara,2020,22,Andes,En revisión,3,3,0,19.4041900634766,19.4041900634766,0,12.0609083175659,7.49648475646973,3.93818187713623,4.62545442581177,5,5,0.789855062961578,0.967391312122345,1,1,5,1.03999996185303,3.11999988555908
01,2018-01-22,52050040,,"",SANDONA [52050040],Pluviométrica,Convencional,Activa,Nariño,Sandoná,1.3223,-77.4792,20,9/15/1963,,Cudayari,Pacifico,Patía,Río Guáitara,2018,22,Andes,Preliminar,0,0,0,3.22039151191711,3.22039151191711,0,0.146103397011757,0.235349550843239,3.93818187713623,4.62545442581177,5,5,0.789855062961578,0.967391312122345,1,1,5,1.03999996185303,0
01,2018-01-21,52050040,,"",SANDONA [52050040],Pluviométrica,Convencional,Activa,Nariño,Sandoná,1.3223,-77.4792,20,9/15/1963,,Cudayari,Pacifico,Patía,Río Guáitara,2018,21,Andes,Preliminar,0,0,0,1.56504333019257,1.56504333019257,0,0.164212465286255,0.00524943228811026,3.93818187713623,4.62545442581177,5,5,0.789855062961578,0.967391312122345,1,1,5,1.03999996185303,0
01,2019-01-19,52050040,0,Definitivo,SANDONA [52050040],Pluviométrica,Convencional,Activa,Nariño,Sandoná,1.3223,-77.4792,20,9/15/1963,,Cudayari,Pacifico,Patía,Río Guáitara,2019,19,Andes,Definitivo,0,0,0,2.9604320526123,2.9604320526123,0,0.124022416770458,0,3.93818187713623,4.62545442581177,5,5,0.789855062961578,0.967391312122345,1,1,4,1.03999996185303,0
01,2012-01-16,52050040,1,Definitivo,SANDONA [52050040],Pluviométrica,Convencional,Activa,Nariño,Sandoná,1.3223,-77.4792,20,9/15/1963,,Cudayari,Pacifico,Patía,Río Guáitara,2012,16,Andes,Definitivo,1,1,0,5.22655296325684,5.22655296325684,0,9.05241775512695,2.68277859687805,3.93818187713623,4.62545442581177,5,5,0.789855062961578,0.967391312122345,1,1,4,1.03999996185303,1.03999996185303
01,2012-01-17,52050040,11,Definitivo,SANDONA [52050040],Pluviométrica,Convencional,Activa,Nariño,Sandoná,1.3223,-77.4792,20,9/15/1963,,Cudayari,Pacifico,Patía,Río Guáitara,2012,17,Andes,Definitivo,11,11,0,2.54999995231628,2.54999995231628,0,13.4818668365479,0,3.93818187713623,4.62545442581177,5,5,0.789855062961578,0.967391312122345,1,1,4,1.03999996185303,11.4399995803833
01,2012-01-18,52050040,31,Definitivo,SANDONA [52050040],Pluviométrica,Convencional,Activa,Nariño,Sandoná,1.3223,-77.4792,20,9/15/1963,,Cudayari,Pacifico,Patía,Río Guáitara,2012,18,Andes,Definitivo,31,31,0,6.34904909133911,6.34904909133911,0,11.9061622619629,5.5420560836792,3.93818187713623,4.62545442581177,5,5,0.789855062961578,0.967391312122345,1,1,4,1.03999996185303,32.2399988174439
01,2011-01-22,52050040,,"",SANDONA [52050040],Pluviométrica,Convencional,Activa,Nariño,Sandoná,1.3223,-77.4792,20,9/15/1963,,Cudayari,Pacifico,Patía,Río Guáitara,2011,22,Andes,Preliminar,0,0,0,0.285040140151978,0.285040140151978,21.1747913360596,9.13639736175537,4.09009122848511,3.93818187713623,4.62545442581177,5,5,0.789855062961578,0.967391312122345,1,1,5,1.03999996185303,0
01,2021-01-04,52050040,16,En revisión,SANDONA [52050040],Pluviométrica,Convencional,Activa,Nariño,Sandoná,1.3223,-77.4792,20,9/15/1963,,Cudayari,Pacifico,Patía,Río Guáitara,2021,04,Andes,En revisión,16,16,0,4.05700588226318,4.05700588226318,0,2.7723982334137,0.0855842307209969,3.93818187713623,4.62545442581177,5,5,0.789855062961578,0.967391312122345,1,1,1,1.03999996185303,16.6399993896484
01,2014-01-21,52050040,0,Definitivo,SANDONA [52050040],Pluviométrica,Convencional,Activa,Nariño,Sandoná,1.3223,-77.4792,20,9/15/1963,,Cudayari,Pacifico,Patía,Río Guáitara,2014,21,Andes,Definitivo,0,0,0,7.15218734741211,7.15218734741211,0,5.80065298080444,4.12578248977661,3.93818187713623,4.62545442581177,5,5,0.789855062961578,0.967391312122345,1,1,5,1.03999996185303,0
01,2013-01-16,52050040,1,Definitivo,SANDONA [52050040],Pluviométrica,Convencional,Activa,Nariño,Sandoná,1.3223,-77.4792,20,9/15/1963,,Cudayari,Pacifico,Patía,Río Guáitara,2013,16,Andes,Definitivo,1,1,0,6.64490509033203,6.64490509033203,0,1.98776972293854,4.55522203445435,3.93818187713623,4.62545442581177,5,5,0.789855062961578,0.967391312122345,1,1,4,1.03999996185303,1.03999996185303
01,2013-01-17,52050040,4,Definitivo,SANDONA [52050040],Pluviométrica,Convencional,Activa,Nariño,Sandoná,1.3223,-77.4792,20,9/15/1963,,Cudayari,Pacifico,Patía,Río Guáitara,2013,17,Andes,Definitivo,4,4,0,3.75679922103882,3.75679922103882,0,0.771697700023651,0.0167882852256298,3.93818187713623,4.62545442581177,5,5,0.789855062961578,0.967391312122345,1,1,4,1.03999996185303,4.15999984741211
01,2014-01-23,52050040,,"",SANDONA [52050040],Pluviométrica,Convencional,Activa,Nariño,Sandoná,1.3223,-77.4792,20,9/15/1963,,Cudayari,Pacifico,Patía,Río Guáitara,2014,23,Andes,Preliminar,0,0,0,2.8962733745575,2.8962733745575,0,1.15595650672913,11.9541902542114,3.93818187713623,4.62545442581177,5,5,0.789855062961578,0.967391312122345,1,1,5,1.03999996185303,0
01,2015-01-01,52050040,,"",SANDONA [52050040],Pluviométrica,Convencional,Activa,Nariño,Sandoná,1.3223,-77.4792,20,9/15/1963,,Cudayari,Pacifico,Patía,Río Guáitara,2015,01,Andes,Preliminar,0,0,0,3.98568892478943,3.98568892478943,0,0.507068276405335,0.492677181959152,3.93818187713623,4.62545442581177,5,5,0.789855062961578,0.967391312122345,1,1,1,1.03999996185303,0
01,2014-01-05,52050040,,"",SANDONA [52050040],Pluviométrica,Convencional,Activa,Nariño,Sandoná,1.3223,-77.4792,20,9/15/1963,,Cudayari,Pacifico,Patía,Río Guáitara,2014,05,Andes,Preliminar,0,0,0,2.37235569953918,2.37235569953918,18.5234413146973,1.57036435604095,1.99562549591064,3.93818187713623,4.62545442581177,5,5,0.789855062961578,0.967391312122345,1,1,1,1.03999996185303,0
01,2014-01-06,52050040,34,Definitivo,SANDONA [52050040],Pluviométrica,Convencional,Activa,Nariño,Sandoná,1.3223,-77.4792,20,9/15/1963,,Cudayari,Pacifico,Patía,Río Guáitara,2014,06,Andes,Definitivo,34,34,0,2.00850486755371,2.00850486755371,0,9.61109256744385,31.8196506500244,3.93818187713623,4.62545442581177,5,5,0.789855062961578,0.967391312122345,1,1,2,1.03999996185303,35.3599987030029
01,2014-01-07,52050040,2,Definitivo,SANDONA [52050040],Pluviométrica,Convencional,Activa,Nariño,Sandoná,1.3223,-77.4792,20,9/15/1963,,Cudayari,Pacifico,Patía,Río Guáitara,2014,07,Andes,Definitivo,2,2,0,8.77817249298096,8.77817249298096,0,24.410457611084,21.8208541870117,3.93818187713623,4.62545442581177,5,5,0.789855062961578,0.967391312122345,1,1,2,1.03999996185303,2.07999992370605
01,2015-01-19,52050040,3,Definitivo,SANDONA [52050040],Pluviométrica,Convencional,Activa,Nariño,Sandoná,1.3223,-77.4792,20,9/15/1963,,Cudayari,Pacifico,Patía,Río Guáitara,2015,19,Andes,Definitivo,3,3,0,11.2807292938232,11.2807292938232,0,3.7357325553894,1.8601154088974,3.93818187713623,4.62545442581177,5,5,0.789855062961578,0.967391312122345,1,1,4,1.03999996185303,3.11999988555908
01,2016-01-17,52050040,,"",SANDONA [52050040],Pluviométrica,Convencional,Activa,Nariño,Sandoná,1.3223,-77.4792,20,9/15/1963,,Cudayari,Pacifico,Patía,Río Guáitara,2016,17,Andes,Preliminar,0,0,0,5.76652765274048,5.76652765274048,0,0.259297281503677,1.08861649036407,3.93818187713623,4.62545442581177,5,5,0.789855062961578,0.967391312122345,1,1,4,1.03999996185303,0
01,2018-01-11,52050040,,"",SANDONA [52050040],Pluviométrica,Convencional,Activa,Nariño,Sandoná,1.3223,-77.4792,20,9/15/1963,,Cudayari,Pacifico,Patía,Río Guáitara,2018,11,Andes,Preliminar,0,0,0,1.52423405647278,1.52423405647278,0,0.888385951519013,2.65330004692078,3.93818187713623,4.62545442581177,5,5,0.789855062961578,0.967391312122345,1,1,3,1.03999996185303,0
01,2019-01-09,52050040,0,Definitivo,SANDONA [52050040],Pluviométrica,Convencional,Activa,Nariño,Sandoná,1.3223,-77.4792,20,9/15/1963,,Cudayari,Pacifico,Patía,Río Guáitara,2019,09,Andes,Definitivo,0,0,0,8.75644302368164,8.75644302368164,22.3670864105225,6.52347612380981,6.292067527771,3.93818187713623,4.62545442581177,5,5,0.789855062961578,0.967391312122345,1,1,2,1.03999996185303,0
01,2011-01-23,52050040,,"",SANDONA [52050040],Pluviométrica,Convencional,Activa,Nariño,Sandoná,1.3223,-77.4792,20,9/15/1963,,Cudayari,Pacifico,Patía,Río Guáitara,2011,23,Andes,Preliminar,0,0,0,15.9622478485107,15.9622478485107,21.1747913360596,5.58505725860596,12.6048641204834,3.93818187713623,4.62545442581177,5,5,0.789855062961578,0.967391312122345,1,1,5,1.03999996185303,0
01,2022-01-01,52050040,,"",SANDONA [52050040],Pluviométrica,Convencional,Activa,Nariño,Sandoná,1.3223,-77.4792,20,9/15/1963,,Cudayari,Pacifico,Patía,Río Guáitara,2022,01,Andes,Preliminar,0,0,0,4.1465311050415,4.1465311050415,40.3296890258789,3.69893026351929,10.0775833129883,3.93818187713623,4.62545442581177,5,5,0.789855062961578,0.967391312122345,1,1,1,1.03999996185303,0
01,2014-01-12,52050040,1,Definitivo,SANDONA [52050040],Pluviométrica,Convencional,Activa,Nariño,Sandoná,1.3223,-77.4792,20,9/15/1963,,Cudayari,Pacifico,Patía,Río Guáitara,2014,12,Andes,Definitivo,1,1,0,1.76544463634491,1.76544463634491,0,0.0392485931515694,0.00851822458207607,3.93818187713623,4.62545442581177,5,5,0.789855062961578,0.967391312122345,1,1,3,1.03999996185303,1.03999996185303
01,2014-01-13,52050040,,"",SANDONA [52050040],Pluviométrica,Convencional,Activa,Nariño,Sandoná,1.3223,-77.4792,20,9/15/1963,,Cudayari,Pacifico,Patía,Río Guáitara,2014,13,Andes,Preliminar,0,0,0,1.16558766365051,1.16558766365051,0,0.0158085599541664,0,3.93818187713623,4.62545442581177,5,5,0.789855062961578,0.967391312122345,1,1,3,1.03999996185303,0
01,2012-01-22,52050040,20,Definitivo,SANDONA [52050040],Pluviométrica,Convencional,Activa,Nariño,Sandoná,1.3223,-77.4792,20,9/15/1963,,Cudayari,Pacifico,Patía,Río Guáitara,2012,22,Andes,Definitivo,20,20,0,6.11139106750488,6.11139106750488,0,1.45330595970154,0.705186605453491,3.93818187713623,4.62545442581177,5,5,0.789855062961578,0.967391312122345,1,1,5,1.03999996185303,20.7999992370605
01,2017-01-21,52050040,1,Definitivo,SANDONA [52050040],Pluviométrica,Convencional,Activa,Nariño,Sandoná,1.3223,-77.4792,20,9/15/1963,,Cudayari,Pacifico,Patía,Río Guáitara,2017,21,Andes,Definitivo,1,1,0,41.4659767150879,41.4659767150879,24.0508766174316,7.5366678237915,16.8039302825928,3.93818187713623,4.62545442581177,5,5,0.789855062961578,0.967391312122345,1,1,5,1.03999996185303,1.03999996185303
01,2019-01-23,52050040,,"",SANDONA [52050040],Pluviométrica,Convencional,Activa,Nariño,Sandoná,1.3223,-77.4792,20,9/15/1963,,Cudayari,Pacifico,Patía,Río Guáitara,2019,23,Andes,Preliminar,0,0,0,2.67539763450623,2.67539763450623,0,0.0567220896482468,0,3.93818187713623,4.62545442581177,5,5,0.789855062961578,0.967391312122345,1,1,5,1.03999996185303,0
01,2020-01-21,52050040,16,En revisión,SANDONA [52050040],Pluviométrica,Convencional,Activa,Nariño,Sandoná,1.3223,-77.4792,20,9/15/1963,,Cudayari,Pacifico,Patía,Río Guáitara,2020,21,Andes,En revisión,16,16,0,7.7105655670166,7.7105655670166,22.9356117248535,13.8072919845581,29.344898223877,3.93818187713623,4.62545442581177,5,5,0.789855062961578,0.967391312122345,1,1,5,1.03999996185303,16.6399993896484
01,2019-01-18,52050040,0,Definitivo,SANDONA [52050040],Pluviométrica,Convencional,Activa,Nariño,Sandoná,1.3223,-77.4792,20,9/15/1963,,Cudayari,Pacifico,Patía,Río Guáitara,2019,18,Andes,Definitivo,0,0,0,2.41389942169189,2.41389942169189,0,0.150056019425392,0.915505230426788,3.93818187713623,4.62545442581177,5,5,0.789855062961578,0.967391312122345,1,1,4,1.03999996185303,0
01,2013-01-11,52050040,,"",SANDONA [52050040],Pluviométrica,Convencional,Activa,Nariño,Sandoná,1.3223,-77.4792,20,9/15/1963,,Cudayari,Pacifico,Patía,Río Guáitara,2013,11,Andes,Preliminar,0,0,0,1.19476354122162,1.19476354122162,0,0.943982601165771,0,3.93818187713623,4.62545442581177,5,5,0.789855062961578,0.967391312122345,1,1,3,1.03999996185303,0
01,2013-01-12,52050040,20,Definitivo,SANDONA [52050040],Pluviométrica,Convencional,Activa,Nariño,Sandoná,1.3223,-77.4792,20,9/15/1963,,Cudayari,Pacifico,Patía,Río Guáitara,2013,12,Andes,Definitivo,20,20,0,3.39049673080444,3.39049673080444,0,2.97191786766052,11.7057867050171,3.93818187713623,4.62545442581177,5,5,0.789855062961578,0.967391312122345,1,1,3,1.03999996185303,20.7999992370605
01,2013-01-13,52050040,,"",SANDONA [52050040],Pluviométrica,Convencional,Activa,Nariño,Sandoná,1.3223,-77.4792,20,9/15/1963,,Cudayari,Pacifico,Patía,Río Guáitara,2013,13,Andes,Preliminar,0,0,0,8.77107048034668,8.77107048034668,92.1904067993164,7.12157011032105,2.6872410774231,3.93818187713623,4.62545442581177,5,5,0.789855062961578,0.967391312122345,1,1,3,1.03999996185303,0
01,2013-01-14,52050040,1,Definitivo,SANDONA [52050040],Pluviométrica,Convencional,Activa,Nariño,Sandoná,1.3223,-77.4792,20,9/15/1963,,Cudayari,Pacifico,Patía,Río Guáitara,2013,14,Andes,Definitivo,1,1,0,2.20306158065796,2.20306158065796,0,1.67491972446442,0,3.93818187713623,4.62545442581177,5,5,0.789855062961578,0.967391312122345,1,1,3,1.03999996185303,1.03999996185303
01,2020-01-07,52050040,,"",SANDONA [52050040],Pluviométrica,Convencional,Activa,Nariño,Sandoná,1.3223,-77.4792,20,9/15/1963,,Cudayari,Pacifico,Patía,Río Guáitara,2020,07,Andes,Preliminar,0,0,0,6.15822744369507,6.15822744369507,0,0.717056512832642,0,3.93818187713623,4.62545442581177,5,5,0.789855062961578,0.967391312122345,1,1,2,1.03999996185303,0
01,2012-01-20,52050040,0,Definitivo,SANDONA [52050040],Pluviométrica,Convencional,Activa,Nariño,Sandoná,1.3223,-77.4792,20,9/15/1963,,Cudayari,Pacifico,Patía,Río Guáitara,2012,20,Andes,Definitivo,0,0,0,15.3042049407959,15.3042049407959,72.7495727539063,18.0154132843018,41.794864654541,3.93818187713623,4.62545442581177,5,5,0.789855062961578,0.967391312122345,1,1,4,1.03999996185303,0
01,2016-01-05,52050040,,"",SANDONA [52050040],Pluviométrica,Convencional,Activa,Nariño,Sandoná,1.3223,-77.4792,20,9/15/1963,,Cudayari,Pacifico,Patía,Río Guáitara,2016,05,Andes,Preliminar,0,0,0,9.69079494476318,9.69079494476318,13.9985961914063,6.67356681823731,5.26146221160889,3.93818187713623,4.62545442581177,5,5,0.789855062961578,0.967391312122345,1,1,1,1.03999996185303,0
01,2015-01-09,52050040,,"",SANDONA [52050040],Pluviométrica,Convencional,Activa,Nariño,Sandoná,1.3223,-77.4792,20,9/15/1963,,Cudayari,Pacifico,Patía,Río Guáitara,2015,09,Andes,Preliminar,0,0,0,4.75906181335449,4.75906181335449,0,0.751304447650909,0.265853941440582,3.93818187713623,4.62545442581177,5,5,0.789855062961578,0.967391312122345,1,1,2,1.03999996185303,0
01,2014-01-14,52050040,,"",SANDONA [52050040],Pluviométrica,Convencional,Activa,Nariño,Sandoná,1.3223,-77.4792,20,9/15/1963,,Cudayari,Pacifico,Patía,Río Guáitara,2014,14,Andes,Preliminar,0,0,0,1.97125887870789,1.97125887870789,0,0.0333640426397324,0.0282805059105158,3.93818187713623,4.62545442581177,5,5,0.789855062961578,0.967391312122345,1,1,3,1.03999996185303,0
01,2012-01-23,52050040,2,Definitivo,SANDONA [52050040],Pluviométrica,Convencional,Activa,Nariño,Sandoná,1.3223,-77.4792,20,9/15/1963,,Cudayari,Pacifico,Patía,Río Guáitara,2012,23,Andes,Definitivo,2,2,0,4.18223094940186,4.18223094940186,0,0.738051354885101,1.34764790534973,3.93818187713623,4.62545442581177,5,5,0.789855062961578,0.967391312122345,1,1,5,1.03999996185303,2.07999992370605
01,2015-01-21,52050040,26,Definitivo,SANDONA [52050040],Pluviométrica,Convencional,Activa,Nariño,Sandoná,1.3223,-77.4792,20,9/15/1963,,Cudayari,Pacifico,Patía,Río Guáitara,2015,21,Andes,Definitivo,26,26,0,6.5875301361084,6.5875301361084,0,11.8629446029663,3.14327073097229,3.93818187713623,4.62545442581177,5,5,0.789855062961578,0.967391312122345,1,1,5,1.03999996185303,27.0399990081787
01,2015-01-02,52050040,,"",SANDONA [52050040],Pluviométrica,Convencional,Activa,Nariño,Sandoná,1.3223,-77.4792,20,9/15/1963,,Cudayari,Pacifico,Patía,Río Guáitara,2015,02,Andes,Preliminar,0,0,0,3.1023256778717,3.1023256778717,0,0.0875957608222961,0.129034489393234,3.93818187713623,4.62545442581177,5,5,0.789855062961578,0.967391312122345,1,1,1,1.03999996185303,0
01,2015-01-03,52050040,,"",SANDONA [52050040],Pluviométrica,Convencional,Activa,Nariño,Sandoná,1.3223,-77.4792,20,9/15/1963,,Cudayari,Pacifico,Patía,Río Guáitara,2015,03,Andes,Preliminar,0,0,0,2.84360837936401,2.84360837936401,0,0.0384483560919762,0.615846455097199,3.93818187713623,4.62545442581177,5,5,0.789855062961578,0.967391312122345,1,1,1,1.03999996185303,0
01,2017-01-18,52050040,10,Definitivo,SANDONA [52050040],Pluviométrica,Convencional,Activa,Nariño,Sandoná,1.3223,-77.4792,20,9/15/1963,,Cudayari,Pacifico,Patía,Río Guáitara,2017,18,Andes,Definitivo,10,10,0,1.02501273155212,1.02501273155212,0,17.6062602996826,4.91118049621582,3.93818187713623,4.62545442581177,5,5,0.789855062961578,0.967391312122345,1,1,4,1.03999996185303,10.3999996185303
01,2016-01-16,52050040,,"",SANDONA [52050040],Pluviométrica,Convencional,Activa,Nariño,Sandoná,1.3223,-77.4792,20,9/15/1963,,Cudayari,Pacifico,Patía,Río Guáitara,2016,16,Andes,Preliminar,0,0,0,3.03344082832336,3.03344082832336,0,0.157306045293808,0.14711032807827,3.93818187713623,4.62545442581177,5,5,0.789855062961578,0.967391312122345,1,1,4,1.03999996185303,0
01,2017-01-13,52050040,19,Definitivo,SANDONA [52050040],Pluviométrica,Convencional,Activa,Nariño,Sandoná,1.3223,-77.4792,20,9/15/1963,,Cudayari,Pacifico,Patía,Río Guáitara,2017,13,Andes,Definitivo,19,19,0,1.3689124584198,1.3689124584198,0,0.130731731653214,0.106127090752125,3.93818187713623,4.62545442581177,5,5,0.789855062961578,0.967391312122345,1,1,3,1.03999996185303,19.7599992752075
01,2019-01-08,52050040,,"",SANDONA [52050040],Pluviométrica,Convencional,Activa,Nariño,Sandoná,1.3223,-77.4792,20,9/15/1963,,Cudayari,Pacifico,Patía,Río Guáitara,2019,08,Andes,Preliminar,,,1,11.7022790908813,11.7022790908813,22.3670864105225,7.91766977310181,4.00929689407349,3.93818187713623,4.62545442581177,5,5,0.789855062961578,0.967391312122345,1,1,2,1.03999996185303,
01,2012-01-19,52050040,12,Definitivo,SANDONA [52050040],Pluviométrica,Convencional,Activa,Nariño,Sandoná,1.3223,-77.4792,20,9/15/1963,,Cudayari,Pacifico,Patía,Río Guáitara,2012,19,Andes,Definitivo,12,12,0,13.5715236663818,13.5715236663818,36.3747863769531,27.0744037628174,29.5105628967285,3.93818187713623,4.62545442581177,5,5,0.789855062961578,0.967391312122345,1,1,4,1.03999996185303,12.4799995422363
01,2021-01-03,52050040,5,En revisión,SANDONA [52050040],Pluviométrica,Convencional,Activa,Nariño,Sandoná,1.3223,-77.4792,20,9/15/1963,,Cudayari,Pacifico,Patía,Río Guáitara,2021,03,Andes,En revisión,5,5,0,3.27785491943359,3.27785491943359,0,1.65062761306763,4.5245532989502,3.93818187713623,4.62545442581177,5,5,0.789855062961578,0.967391312122345,1,1,1,1.03999996185303,5.19999980926514
01,2020-01-02,52050040,2,En revisión,SANDONA [52050040],Pluviométrica,Convencional,Activa,Nariño,Sandoná,1.3223,-77.4792,20,9/15/1963,,Cudayari,Pacifico,Patía,Río Guáitara,2020,02,Andes,En revisión,2,2,0,8.87770366668701,8.87770366668701,0,4.4698805809021,17.0536155700684,3.93818187713623,4.62545442581177,5,5,0.789855062961578,0.967391312122345,1,1,1,1.03999996185303,2.07999992370605
01,2017-01-01,52050040,1,Definitivo,SANDONA [52050040],Pluviométrica,Convencional,Activa,Nariño,Sandoná,1.3223,-77.4792,20,9/15/1963,,Cudayari,Pacifico,Patía,Río Guáitara,2017,01,Andes,Definitivo,1,1,0,5.76390647888184,5.76390647888184,0,8.71203422546387,0.584135472774506,3.93818187713623,4.62545442581177,5,5,0.789855062961578,0.967391312122345,1,1,1,1.03999996185303,1.03999996185303
01,2015-01-10,52050040,,"",SANDONA [52050040],Pluviométrica,Convencional,Activa,Nariño,Sandoná,1.3223,-77.4792,20,9/15/1963,,Cudayari,Pacifico,Patía,Río Guáitara,2015,10,Andes,Preliminar,0,0,0,3.55893015861511,3.55893015861511,0,0.486062616109848,0.870067536830902,3.93818187713623,4.62545442581177,5,5,0.789855062961578,0.967391312122345,1,1,2,1.03999996185303,0
01,2013-01-18,52050040,,"",SANDONA [52050040],Pluviométrica,Convencional,Activa,Nariño,Sandoná,1.3223,-77.4792,20,9/15/1963,,Cudayari,Pacifico,Patía,Río Guáitara,2013,18,Andes,Preliminar,0,0,0,2.84698271751404,2.84698271751404,0,1.28886413574219,0,3.93818187713623,4.62545442581177,5,5,0.789855062961578,0.967391312122345,1,1,4,1.03999996185303,0
01,2013-01-19,52050040,,"",SANDONA [52050040],Pluviométrica,Convencional,Activa,Nariño,Sandoná,1.3223,-77.4792,20,9/15/1963,,Cudayari,Pacifico,Patía,Río Guáitara,2013,19,Andes,Preliminar,0,0,0,0.564843237400055,0.564843237400055,0,0.220032438635826,0,3.93818187713623,4.62545442581177,5,5,0.789855062961578,0.967391312122345,1,1,4,1.03999996185303,0
01,2017-01-22,52050040,,"",SANDONA [52050040],Pluviométrica,Convencional,Activa,Nariño,Sandoná,1.3223,-77.4792,20,9/15/1963,,Cudayari,Pacifico,Patía,Río Guáitara,2017,22,Andes,Preliminar,0,0,0,0.662449598312378,0.662449598312378,0,0.0544822327792645,0.480922490358353,3.93818187713623,4.62545442581177,5,5,0.789855062961578,0.967391312122345,1,1,5,1.03999996185303,0
01,2015-01-23,52050040,16,Definitivo,SANDONA [52050040],Pluviométrica,Convencional,Activa,Nariño,Sandoná,1.3223,-77.4792,20,9/15/1963,,Cudayari,Pacifico,Patía,Río Guáitara,2015,23,Andes,Definitivo,16,16,0,10.6479396820068,10.6479396820068,0,6.56151676177979,6.63413238525391,3.93818187713623,4.62545442581177,5,5,0.789855062961578,0.967391312122345,1,1,5,1.03999996185303,16.6399993896484
01,2015-01-04,52050040,,"",SANDONA [52050040],Pluviométrica,Convencional,Activa,Nariño,Sandoná,1.3223,-77.4792,20,9/15/1963,,Cudayari,Pacifico,Patía,Río Guáitara,2015,04,Andes,Preliminar,0,0,0,2.68957901000977,2.68957901000977,0,0.498925656080246,0,3.93818187713623,4.62545442581177,5,5,0.789855062961578,0.967391312122345,1,1,1,1.03999996185303,0
01,2014-01-08,52050040,15,Definitivo,SANDONA [52050040],Pluviométrica,Convencional,Activa,Nariño,Sandoná,1.3223,-77.4792,20,9/15/1963,,Cudayari,Pacifico,Patía,Río Guáitara,2014,08,Andes,Definitivo,15,15,0,5.66493511199951,5.66493511199951,0,12.955020904541,0.707658410072327,3.93818187713623,4.62545442581177,5,5,0.789855062961578,0.967391312122345,1,1,2,1.03999996185303,15.5999994277954
01,2014-01-09,52050040,2,Definitivo,SANDONA [52050040],Pluviométrica,Convencional,Activa,Nariño,Sandoná,1.3223,-77.4792,20,9/15/1963,,Cudayari,Pacifico,Patía,Río Guáitara,2014,09,Andes,Definitivo,2,2,0,7.43397665023804,7.43397665023804,0,8.81250190734863,1.73168158531189,3.93818187713623,4.62545442581177,5,5,0.789855062961578,0.967391312122345,1,1,2,1.03999996185303,2.07999992370605
01,2014-01-10,52050040,10,Definitivo,SANDONA [52050040],Pluviométrica,Convencional,Activa,Nariño,Sandoná,1.3223,-77.4792,20,9/15/1963,,Cudayari,Pacifico,Patía,Río Guáitara,2014,10,Andes,Definitivo,10,10,0,8.46895503997803,8.46895503997803,0,9.5985631942749,9.30778884887695,3.93818187713623,4.62545442581177,5,5,0.789855062961578,0.967391312122345,1,1,2,1.03999996185303,10.3999996185303
01,2020-01-06,52050040,,"",SANDONA [52050040],Pluviométrica,Convencional,Activa,Nariño,Sandoná,1.3223,-77.4792,20,9/15/1963,,Cudayari,Pacifico,Patía,Río Guáitara,2020,06,Andes,Preliminar,0,0,0,6.30533218383789,6.30533218383789,0,0.529618442058563,0.168625310063362,3.93818187713623,4.62545442581177,5,5,0.789855062961578,0.967391312122345,1,1,2,1.03999996185303,0
01,2013-01-15,52050040,7,Definitivo,SANDONA [52050040],Pluviométrica,Convencional,Activa,Nariño,Sandoná,1.3223,-77.4792,20,9/15/1963,,Cudayari,Pacifico,Patía,Río Guáitara,2013,15,Andes,Definitivo,7,7,0,4.89105558395386,4.89105558395386,0,1.84350061416626,0.162863090634346,3.93818187713623,4.62545442581177,5,5,0.789855062961578,0.967391312122345,1,1,3,1.03999996185303,7.27999973297119
01,2020-01-01,52050040,7,En revisión,SANDONA [52050040],Pluviométrica,Convencional,Activa,Nariño,Sandoná,1.3223,-77.4792,20,9/15/1963,,Cudayari,Pacifico,Patía,Río Guáitara,2020,01,Andes,En revisión,7,7,0,2.72802186012268,2.72802186012268,0,4.66737222671509,6.79099273681641,3.93818187713623,4.62545442581177,5,5,0.789855062961578,0.967391312122345,1,1,1,1.03999996185303,7.27999973297119
01,2013-01-20,52050040,,"",SANDONA [52050040],Pluviométrica,Convencional,Activa,Nariño,Sandoná,1.3223,-77.4792,20,9/15/1963,,Cudayari,Pacifico,Patía,Río Guáitara,2013,20,Andes,Preliminar,0,0,0,0.937846183776855,0.937846183776855,0,0.303646206855774,0,3.93818187713623,4.62545442581177,5,5,0.789855062961578,0.967391312122345,1,1,4,1.03999996185303,0
01,2016-01-06,52050040,,"",SANDONA [52050040],Pluviométrica,Convencional,Activa,Nariño,Sandoná,1.3223,-77.4792,20,9/15/1963,,Cudayari,Pacifico,Patía,Río Guáitara,2016,06,Andes,Preliminar,0,0,0,2.64991521835327,2.64991521835327,7.00846099853516,4.21183681488037,0.492877691984177,3.93818187713623,4.62545442581177,5,5,0.789855062961578,0.967391312122345,1,1,2,1.03999996185303,0
01,2015-01-11,52050040,,"",SANDONA [52050040],Pluviométrica,Convencional,Activa,Nariño,Sandoná,1.3223,-77.4792,20,9/15/1963,,Cudayari,Pacifico,Patía,Río Guáitara,2015,11,Andes,Preliminar,0,0,0,1.68857491016388,1.68857491016388,0,0.543524026870728,0.0765247270464897,3.93818187713623,4.62545442581177,5,5,0.789855062961578,0.967391312122345,1,1,3,1.03999996185303,0
01,2014-01-15,52050040,9,Definitivo,SANDONA [52050040],Pluviométrica,Convencional,Activa,Nariño,Sandoná,1.3223,-77.4792,20,9/15/1963,,Cudayari,Pacifico,Patía,Río Guáitara,2014,15,Andes,Definitivo,9,9,0,2.15121722221375,2.15121722221375,0,0.00941972993314266,0,3.93818187713623,4.62545442581177,5,5,0.789855062961578,0.967391312122345,1,1,3,1.03999996185303,9.35999965667725
01,2017-01-12,52050040,5,Definitivo,SANDONA [52050040],Pluviométrica,Convencional,Activa,Nariño,Sandoná,1.3223,-77.4792,20,9/15/1963,,Cudayari,Pacifico,Patía,Río Guáitara,2017,12,Andes,Definitivo,5,5,0,3.46588230133057,3.46588230133057,0,0.0933278277516365,0,3.93818187713623,4.62545442581177,5,5,0.789855062961578,0.967391312122345,1,1,3,1.03999996185303,5.19999980926514
01,2015-01-22,52050040,23,Definitivo,SANDONA [52050040],Pluviométrica,Convencional,Activa,Nariño,Sandoná,1.3223,-77.4792,20,9/15/1963,,Cudayari,Pacifico,Patía,Río Guáitara,2015,22,Andes,Definitivo,23,23,0,3.8504364490509,3.8504364490509,0,14.2965669631958,13.0402746200562,3.93818187713623,4.62545442581177,5,5,0.789855062961578,0.967391312122345,1,1,5,1.03999996185303,23.9199991226196
01,2014-01-20,52050040,,"",SANDONA [52050040],Pluviométrica,Convencional,Activa,Nariño,Sandoná,1.3223,-77.4792,20,9/15/1963,,Cudayari,Pacifico,Patía,Río Guáitara,2014,20,Andes,Preliminar,0,0,0,3.03826498985291,3.03826498985291,30.4567184448242,3.09428691864014,1.22441589832306,3.93818187713623,4.62545442581177,5,5,0.789855062961578,0.967391312122345,1,1,4,1.03999996185303,0
01,2015-01-18,52050040,,"",SANDONA [52050040],Pluviométrica,Convencional,Activa,Nariño,Sandoná,1.3223,-77.4792,20,9/15/1963,,Cudayari,Pacifico,Patía,Río Guáitara,2015,18,Andes,Preliminar,0,0,0,9.6513204574585,9.6513204574585,15.5958738327026,5.7463846206665,3.16105556488037,3.93818187713623,4.62545442581177,5,5,0.789855062961578,0.967391312122345,1,1,4,1.03999996185303,0
01,2019-01-03,52050040,,"",SANDONA [52050040],Pluviométrica,Convencional,Activa,Nariño,Sandoná,1.3223,-77.4792,20,9/15/1963,,Cudayari,Pacifico,Patía,Río Guáitara,2019,03,Andes,Preliminar,0,0,0,3.23557138442993,3.23557138442993,0,0.292154103517532,0.573195099830627,3.93818187713623,4.62545442581177,5,5,0.789855062961578,0.967391312122345,1,1,1,1.03999996185303,0
01,2018-01-10,52050040,,"",SANDONA [52050040],Pluviométrica,Convencional,Activa,Nariño,Sandoná,1.3223,-77.4792,20,9/15/1963,,Cudayari,Pacifico,Patía,Río Guáitara,2018,10,Andes,Preliminar,0,0,0,6.3444299697876,6.3444299697876,0,9.99468898773193,12.7290153503418,3.93818187713623,4.62545442581177,5,5,0.789855062961578,0.967391312122345,1,1,2,1.03999996185303,0
01,2014-01-11,52050040,4,Definitivo,SANDONA [52050040],Pluviométrica,Convencional,Activa,Nariño,Sandoná,1.3223,-77.4792,20,9/15/1963,,Cudayari,Pacifico,Patía,Río Guáitara,2014,11,Andes,Definitivo,4,4,0,7.78182458877564,7.78182458877564,0,0.137943506240845,0.198985710740089,3.93818187713623,4.62545442581177,5,5,0.789855062961578,0.967391312122345,1,1,3,1.03999996185303,4.15999984741211
01,2021-01-02,52050040,,"",SANDONA [52050040],Pluviométrica,Convencional,Activa,Nariño,Sandoná,1.3223,-77.4792,20,9/15/1963,,Cudayari,Pacifico,Patía,Río Guáitara,2021,02,Andes,Preliminar,6,6,0,2.55176949501038,2.55176949501038,57.2571601867676,4.54551792144775,8.68394565582275,3.93818187713623,4.62545442581177,5,5,0.789855062961578,0.967391312122345,1,1,1,1.03999996185303,6.23999977111816
01,2016-01-08,52050040,10,Definitivo,SANDONA [52050040],Pluviométrica,Convencional,Activa,Nariño,Sandoná,1.3223,-77.4792,20,9/15/1963,,Cudayari,Pacifico,Patía,Río Guáitara,2016,08,Andes,Definitivo,10,10,0,6.83701133728027,6.83701133728027,0,5.34396553039551,0.198880448937416,3.93818187713623,4.62545442581177,5,5,0.789855062961578,0.967391312122345,1,1,2,1.03999996185303,10.3999996185303
01,2014-01-16,52050040,,"",SANDONA [52050040],Pluviométrica,Convencional,Activa,Nariño,Sandoná,1.3223,-77.4792,20,9/15/1963,,Cudayari,Pacifico,Patía,Río Guáitara,2014,16,Andes,Preliminar,0,0,0,3.7678439617157,3.7678439617157,0,0.791932702064514,0,3.93818187713623,4.62545442581177,5,5,0.789855062961578,0.967391312122345,1,1,4,1.03999996185303,0
01,2014-01-17,52050040,,"",SANDONA [52050040],Pluviométrica,Convencional,Activa,Nariño,Sandoná,1.3223,-77.4792,20,9/15/1963,,Cudayari,Pacifico,Patía,Río Guáitara,2014,17,Andes,Preliminar,0,0,0,3.59045743942261,3.59045743942261,0,0.697832882404327,0.384816348552704,3.93818187713623,4.62545442581177,5,5,0.789855062961578,0.967391312122345,1,1,4,1.03999996185303,0
01,2016-01-07,52050040,3,Definitivo,SANDONA [52050040],Pluviométrica,Convencional,Activa,Nariño,Sandoná,1.3223,-77.4792,20,9/15/1963,,Cudayari,Pacifico,Patía,Río Guáitara,2016,07,Andes,Definitivo,3,3,0,3.39899587631226,3.39899587631226,0,3.60457587242126,0,3.93818187713623,4.62545442581177,5,5,0.789855062961578,0.967391312122345,1,1,2,1.03999996185303,3.11999988555908
01,2016-01-01,52050040,,"",SANDONA [52050040],Pluviométrica,Convencional,Activa,Nariño,Sandoná,1.3223,-77.4792,20,9/15/1963,,Cudayari,Pacifico,Patía,Río Guáitara,2016,01,Andes,Preliminar,0,0,0,6.75250673294067,6.75250673294067,0,2.77677607536316,0.0571898072957993,3.93818187713623,4.62545442581177,5,5,0.789855062961578,0.967391312122345,1,1,1,1.03999996185303,0
01,2015-01-05,52050040,,"",SANDONA [52050040],Pluviométrica,Convencional,Activa,Nariño,Sandoná,1.3223,-77.4792,20,9/15/1963,,Cudayari,Pacifico,Patía,Río Guáitara,2015,05,Andes,Preliminar,0,0,0,2.57912945747376,2.57912945747376,0,0.639253735542297,0.533733546733856,3.93818187713623,4.62545442581177,5,5,0.789855062961578,0.967391312122345,1,1,1,1.03999996185303,0
01,2015-01-06,52050040,,"",SANDONA [52050040],Pluviométrica,Convencional,Activa,Nariño,Sandoná,1.3223,-77.4792,20,9/15/1963,,Cudayari,Pacifico,Patía,Río Guáitara,2015,06,Andes,Preliminar,0,0,0,1.92698204517365,1.92698204517365,0,0.131311610341072,0.684775352478027,3.93818187713623,4.62545442581177,5,5,0.789855062961578,0.967391312122345,1,1,2,1.03999996185303,0
01,2016-01-20,52050040,,"",SANDONA [52050040],Pluviométrica,Convencional,Activa,Nariño,Sandoná,1.3223,-77.4792,20,9/15/1963,,Cudayari,Pacifico,Patía,Río Guáitara,2016,20,Andes,Preliminar,0,0,0,2.36410212516785,2.36410212516785,0,0.380573332309723,0,3.93818187713623,4.62545442581177,5,5,0.789855062961578,0.967391312122345,1,1,4,1.03999996185303,0
01,2015-01-08,52050040,,"",SANDONA [52050040],Pluviométrica,Convencional,Activa,Nariño,Sandoná,1.3223,-77.4792,20,9/15/1963,,Cudayari,Pacifico,Patía,Río Guáitara,2015,08,Andes,Preliminar,0,0,0,3.23616695404053,3.23616695404053,0,0.545400083065033,0,3.93818187713623,4.62545442581177,5,5,0.789855062961578,0.967391312122345,1,1,2,1.03999996185303,0
01,2019-01-02,52050040,,"",SANDONA [52050040],Pluviométrica,Convencional,Activa,Nariño,Sandoná,1.3223,-77.4792,20,9/15/1963,,Cudayari,Pacifico,Patía,Río Guáitara,2019,02,Andes,Preliminar,0,0,0,3.84588003158569,3.84588003158569,0,0.102624103426933,0,3.93818187713623,4.62545442581177,5,5,0.789855062961578,0.967391312122345,1,1,1,1.03999996185303,0
01,2015-01-12,52050040,3,Definitivo,SANDONA [52050040],Pluviométrica,Convencional,Activa,Nariño,Sandoná,1.3223,-77.4792,20,9/15/1963,,Cudayari,Pacifico,Patía,Río Guáitara,2015,12,Andes,Definitivo,3,3,0,2.85157084465027,2.85157084465027,0,0.455762892961502,3.53034090995789,3.93818187713623,4.62545442581177,5,5,0.789855062961578,0.967391312122345,1,1,3,1.03999996185303,3.11999988555908
01,2020-01-05,52050040,,"",SANDONA [52050040],Pluviométrica,Convencional,Activa,Nariño,Sandoná,1.3223,-77.4792,20,9/15/1963,,Cudayari,Pacifico,Patía,Río Guáitara,2020,05,Andes,Preliminar,0,0,0,3.40281653404236,3.40281653404236,0,10.3607883453369,0,3.93818187713623,4.62545442581177,5,5,0.789855062961578,0.967391312122345,1,1,1,1.03999996185303,0
01,2017-01-02,52050040,,"",SANDONA [52050040],Pluviométrica,Convencional,Activa,Nariño,Sandoná,1.3223,-77.4792,20,9/15/1963,,Cudayari,Pacifico,Patía,Río Guáitara,2017,02,Andes,Preliminar,0,0,0,9.00563621520996,9.00563621520996,15.0662937164307,7.05374956130981,3.14863252639771,3.93818187713623,4.62545442581177,5,5,0.789855062961578,0.967391312122345,1,1,1,1.03999996185303,0
01,2017-01-03,52050040,,"",SANDONA [52050040],Pluviométrica,Convencional,Activa,Nariño,Sandoná,1.3223,-77.4792,20,9/15/1963,,Cudayari,Pacifico,Patía,Río Guáitara,2017,03,Andes,Preliminar,0,0,0,6.82972812652588,6.82972812652588,0,3.64151859283447,0,3.93818187713623,4.62545442581177,5,5,0.789855062961578,0.967391312122345,1,1,1,1.03999996185303,0
01,2016-01-15,52050040,,"",SANDONA [52050040],Pluviométrica,Convencional,Activa,Nariño,Sandoná,1.3223,-77.4792,20,9/15/1963,,Cudayari,Pacifico,Patía,Río Guáitara,2016,15,Andes,Preliminar,0,0,0,0.717734158039093,0.717734158039093,0,0.768248438835144,0,3.93818187713623,4.62545442581177,5,5,0.789855062961578,0.967391312122345,1,1,3,1.03999996185303,0
01,2015-01-13,52050040,,"",SANDONA [52050040],Pluviométrica,Convencional,Activa,Nariño,Sandoná,1.3223,-77.4792,20,9/15/1963,,Cudayari,Pacifico,Patía,Río Guáitara,2015,13,Andes,Preliminar,0,0,0,3.2991189956665,3.2991189956665,0,0.542950391769409,0,3.93818187713623,4.62545442581177,5,5,0.789855062961578,0.967391312122345,1,1,3,1.03999996185303,0
01,2016-01-19,52050040,,"",SANDONA [52050040],Pluviométrica,Convencional,Activa,Nariño,Sandoná,1.3223,-77.4792,20,9/15/1963,,Cudayari,Pacifico,Patía,Río Guáitara,2016,19,Andes,Preliminar,0,0,0,1.72942554950714,1.72942554950714,0,0.155311152338982,0,3.93818187713623,4.62545442581177,5,5,0.789855062961578,0.967391312122345,1,1,4,1.03999996185303,0
01,2015-01-17,52050040,5,Definitivo,SANDONA [52050040],Pluviométrica,Convencional,Activa,Nariño,Sandoná,1.3223,-77.4792,20,9/15/1963,,Cudayari,Pacifico,Patía,Río Guáitara,2015,17,Andes,Definitivo,5,5,0,4.76328039169312,4.76328039169312,15.5958738327026,5.14176797866821,5.06681823730469,3.93818187713623,4.62545442581177,5,5,0.789855062961578,0.967391312122345,1,1,4,1.03999996185303,5.19999980926514
01,2014-01-19,52050040,16,Definitivo,SANDONA [52050040],Pluviométrica,Convencional,Activa,Nariño,Sandoná,1.3223,-77.4792,20,9/15/1963,,Cudayari,Pacifico,Patía,Río Guáitara,2014,19,Andes,Definitivo,16,16,0,4.73412179946899,4.73412179946899,0,4.19535732269287,8.99071025848389,3.93818187713623,4.62545442581177,5,5,0.789855062961578,0.967391312122345,1,1,4,1.03999996185303,16.6399993896484
01,2018-01-09,52050040,19,Definitivo,SANDONA [52050040],Pluviométrica,Convencional,Activa,Nariño,Sandoná,1.3223,-77.4792,20,9/15/1963,,Cudayari,Pacifico,Patía,Río Guáitara,2018,09,Andes,Definitivo,19,19,0,6.84409379959106,6.84409379959106,0,12.4201536178589,15.4244070053101,3.93818187713623,4.62545442581177,5,5,0.789855062961578,0.967391312122345,1,1,2,1.03999996185303,19.7599992752075
01,2015-01-07,52050040,,"",SANDONA [52050040],Pluviométrica,Convencional,Activa,Nariño,Sandoná,1.3223,-77.4792,20,9/15/1963,,Cudayari,Pacifico,Patía,Río Guáitara,2015,07,Andes,Preliminar,0,0,0,1.63597464561462,1.63597464561462,0,0.0677416473627091,0.161123618483543,3.93818187713623,4.62545442581177,5,5,0.789855062961578,0.967391312122345,1,1,2,1.03999996185303,0
01,2021-01-01,52050040,24,En revisión,SANDONA [52050040],Pluviométrica,Convencional,Activa,Nariño,Sandoná,1.3223,-77.4792,20,9/15/1963,,Cudayari,Pacifico,Patía,Río Guáitara,2021,01,Andes,En revisión,24,24,0,3.29433345794678,3.29433345794678,0,2.91016888618469,13.8132963180542,3.93818187713623,4.62545442581177,5,5,0.789855062961578,0.967391312122345,1,1,1,1.03999996185303,24.9599990844727
01,2016-01-04,52050040,46,Definitivo,SANDONA [52050040],Pluviométrica,Convencional,Activa,Nariño,Sandoná,1.3223,-77.4792,20,9/15/1963,,Cudayari,Pacifico,Patía,Río Guáitara,2016,04,Andes,Definitivo,46,46,0,14.5765619277954,14.5765619277954,0,9.27639007568359,7.20928049087524,3.93818187713623,4.62545442581177,5,5,0.789855062961578,0.967391312122345,1,1,1,1.03999996185303,47.8399982452393
01,2017-01-04,52050040,16,Definitivo,SANDONA [52050040],Pluviométrica,Convencional,Activa,Nariño,Sandoná,1.3223,-77.4792,20,9/15/1963,,Cudayari,Pacifico,Patía,Río Guáitara,2017,04,Andes,Definitivo,16,16,0,13.8035926818848,13.8035926818848,0,8.90686893463135,0,3.93818187713623,4.62545442581177,5,5,0.789855062961578,0.967391312122345,1,1,1,1.03999996185303,16.6399993896484
01,2016-01-09,52050040,2,Definitivo,SANDONA [52050040],Pluviométrica,Convencional,Activa,Nariño,Sandoná,1.3223,-77.4792,20,9/15/1963,,Cudayari,Pacifico,Patía,Río Guáitara,2016,09,Andes,Definitivo,2,2,0,9.85581684112549,9.85581684112549,0,6.42515850067139,12.244119644165,3.93818187713623,4.62545442581177,5,5,0.789855062961578,0.967391312122345,1,1,2,1.03999996185303,2.07999992370605
01,2015-01-14,52050040,,"",SANDONA [52050040],Pluviométrica,Convencional,Activa,Nariño,Sandoná,1.3223,-77.4792,20,9/15/1963,,Cudayari,Pacifico,Patía,Río Guáitara,2015,14,Andes,Preliminar,0,0,0,4.35885953903198,4.35885953903198,0,1.73464620113373,2.53041768074036,3.93818187713623,4.62545442581177,5,5,0.789855062961578,0.967391312122345,1,1,3,1.03999996185303,0
01,2016-01-10,52050040,5,Definitivo,SANDONA [52050040],Pluviométrica,Convencional,Activa,Nariño,Sandoná,1.3223,-77.4792,20,9/15/1963,,Cudayari,Pacifico,Patía,Río Guáitara,2016,10,Andes,Definitivo,5,5,0,25.4137859344482,25.4137859344482,14.0169219970703,18.8589248657227,25.5085830688477,3.93818187713623,4.62545442581177,5,5,0.789855062961578,0.967391312122345,1,1,2,1.03999996185303,5.19999980926514
01,2016-01-14,52050040,,"",SANDONA [52050040],Pluviométrica,Convencional,Activa,Nariño,Sandoná,1.3223,-77.4792,20,9/15/1963,,Cudayari,Pacifico,Patía,Río Guáitara,2016,14,Andes,Preliminar,0,0,0,3.05070686340332,3.05070686340332,0,1.65406465530396,0,3.93818187713623,4.62545442581177,5,5,0.789855062961578,0.967391312122345,1,1,3,1.03999996185303,0
01,2016-01-02,52050040,7,Definitivo,SANDONA [52050040],Pluviométrica,Convencional,Activa,Nariño,Sandoná,1.3223,-77.4792,20,9/15/1963,,Cudayari,Pacifico,Patía,Río Guáitara,2016,02,Andes,Definitivo,7,7,0,51.5307388305664,51.5307388305664,17.4982433319092,24.6578330993652,34.1759567260742,3.93818187713623,4.62545442581177,5,5,0.789855062961578,0.967391312122345,1,1,1,1.03999996185303,7.27999973297119
01,2019-01-07,52050040,0,Definitivo,SANDONA [52050040],Pluviométrica,Convencional,Activa,Nariño,Sandoná,1.3223,-77.4792,20,9/15/1963,,Cudayari,Pacifico,Patía,Río Guáitara,2019,07,Andes,Definitivo,0,0,0,13.1615257263184,13.1615257263184,0,3.27802014350891,0,3.93818187713623,4.62545442581177,5,5,0.789855062961578,0.967391312122345,1,1,2,1.03999996185303,0
01,2016-01-03,52050040,,"",SANDONA [52050040],Pluviométrica,Convencional,Activa,Nariño,Sandoná,1.3223,-77.4792,20,9/15/1963,,Cudayari,Pacifico,Patía,Río Guáitara,2016,03,Andes,Preliminar,0,0,0,11.2415237426758,11.2415237426758,3.49964904785156,3.75665640830994,0.437333822250366,3.93818187713623,4.62545442581177,5,5,0.789855062961578,0.967391312122345,1,1,1,1.03999996185303,0
01,2014-01-18,52050040,,"",SANDONA [52050040],Pluviométrica,Convencional,Activa,Nariño,Sandoná,1.3223,-77.4792,20,9/15/1963,,Cudayari,Pacifico,Patía,Río Guáitara,2014,18,Andes,Preliminar,0,0,0,3.82578539848328,3.82578539848328,0,2.95749115943909,1.13695764541626,3.93818187713623,4.62545442581177,5,5,0.789855062961578,0.967391312122345,1,1,4,1.03999996185303,0
01,2015-01-16,52050040,1,Definitivo,SANDONA [52050040],Pluviométrica,Convencional,Activa,Nariño,Sandoná,1.3223,-77.4792,20,9/15/1963,,Cudayari,Pacifico,Patía,Río Guáitara,2015,16,Andes,Definitivo,1,1,0,3.86855721473694,3.86855721473694,0,2.65735054016113,7.70863914489746,3.93818187713623,4.62545442581177,5,5,0.789855062961578,0.967391312122345,1,1,4,1.03999996185303,1.03999996185303
01,2018-01-01,52050040,18,Definitivo,SANDONA [52050040],Pluviométrica,Convencional,Activa,Nariño,Sandoná,1.3223,-77.4792,20,9/15/1963,,Cudayari,Pacifico,Patía,Río Guáitara,2018,01,Andes,Definitivo,18,18,0,7.56772089004517,7.56772089004517,89.0260467529297,9.66895866394043,15.9367113113403,3.93818187713623,4.62545442581177,5,5,0.789855062961578,0.967391312122345,1,1,1,1.03999996185303,18.7199993133545
01,2017-01-10,52050040,7,Definitivo,SANDONA [52050040],Pluviométrica,Convencional,Activa,Nariño,Sandoná,1.3223,-77.4792,20,9/15/1963,,Cudayari,Pacifico,Patía,Río Guáitara,2017,10,Andes,Definitivo,7,7,0,7.96456718444824,7.96456718444824,0,13.7143535614014,7.59724187850952,3.93818187713623,4.62545442581177,5,5,0.789855062961578,0.967391312122345,1,1,2,1.03999996185303,7.27999973297119
01,2020-01-04,52050040,12,En revisión,SANDONA [52050040],Pluviométrica,Convencional,Activa,Nariño,Sandoná,1.3223,-77.4792,20,9/15/1963,,Cudayari,Pacifico,Patía,Río Guáitara,2020,04,Andes,En revisión,12,12,0,1.29837417602539,1.29837417602539,0,1.41533553600311,0,3.93818187713623,4.62545442581177,5,5,0.789855062961578,0.967391312122345,1,1,1,1.03999996185303,12.4799995422363
01,2016-01-11,52050040,5,Definitivo,SANDONA [52050040],Pluviométrica,Convencional,Activa,Nariño,Sandoná,1.3223,-77.4792,20,9/15/1963,,Cudayari,Pacifico,Patía,Río Guáitara,2016,11,Andes,Definitivo,5,5,0,9.55978202819824,9.55978202819824,0,2.26788735389709,0,3.93818187713623,4.62545442581177,5,5,0.789855062961578,0.967391312122345,1,1,3,1.03999996185303,5.19999980926514
01,2017-01-11,52050040,4,Definitivo,SANDONA [52050040],Pluviométrica,Convencional,Activa,Nariño,Sandoná,1.3223,-77.4792,20,9/15/1963,,Cudayari,Pacifico,Patía,Río Guáitara,2017,11,Andes,Definitivo,4,4,0,3.69865942001343,3.69865942001343,0,0.162105232477188,0.140748530626297,3.93818187713623,4.62545442581177,5,5,0.789855062961578,0.967391312122345,1,1,3,1.03999996185303,4.15999984741211
01,2017-01-07,52050040,,"",SANDONA [52050040],Pluviométrica,Convencional,Activa,Nariño,Sandoná,1.3223,-77.4792,20,9/15/1963,,Cudayari,Pacifico,Patía,Río Guáitara,2017,07,Andes,Preliminar,0,0,0,4.83913040161133,4.83913040161133,0,5.35915517807007,1.15352809429169,3.93818187713623,4.62545442581177,5,5,0.789855062961578,0.967391312122345,1,1,2,1.03999996185303,0
01,2017-01-05,52050040,10,Definitivo,SANDONA [52050040],Pluviométrica,Convencional,Activa,Nariño,Sandoná,1.3223,-77.4792,20,9/15/1963,,Cudayari,Pacifico,Patía,Río Guáitara,2017,05,Andes,Definitivo,10,10,0,9.87625598907471,9.87625598907471,45.1988792419434,14.8928461074829,39.4742469787598,3.93818187713623,4.62545442581177,5,5,0.789855062961578,0.967391312122345,1,1,1,1.03999996185303,10.3999996185303
01,2020-01-03,52050040,,"",SANDONA [52050040],Pluviométrica,Convencional,Activa,Nariño,Sandoná,1.3223,-77.4792,20,9/15/1963,,Cudayari,Pacifico,Patía,Río Guáitara,2020,03,Andes,Preliminar,0,0,0,1.78213512897491,1.78213512897491,35.1457786560059,2.93123078346252,0,3.93818187713623,4.62545442581177,5,5,0.789855062961578,0.967391312122345,1,1,1,1.03999996185303,0
01,2015-01-15,52050040,,"",SANDONA [52050040],Pluviométrica,Convencional,Activa,Nariño,Sandoná,1.3223,-77.4792,20,9/15/1963,,Cudayari,Pacifico,Patía,Río Guáitara,2015,15,Andes,Preliminar,0,0,0,8.29970836639404,8.29970836639404,0,2.86040019989014,0,3.93818187713623,4.62545442581177,5,5,0.789855062961578,0.967391312122345,1,1,3,1.03999996185303,0
01,2018-01-02,52050040,4,Definitivo,SANDONA [52050040],Pluviométrica,Convencional,Activa,Nariño,Sandoná,1.3223,-77.4792,20,9/15/1963,,Cudayari,Pacifico,Patía,Río Guáitara,2018,02,Andes,Definitivo,4,4,0,6.0638952255249,6.0638952255249,0,6.03007793426514,13.5139236450195,3.93818187713623,4.62545442581177,5,5,0.789855062961578,0.967391312122345,1,1,1,1.03999996185303,4.15999984741211
01,2019-01-06,52050040,10,Definitivo,SANDONA [52050040],Pluviométrica,Convencional,Activa,Nariño,Sandoná,1.3223,-77.4792,20,9/15/1963,,Cudayari,Pacifico,Patía,Río Guáitara,2019,06,Andes,Definitivo,10,10,0,5.54448366165161,5.54448366165161,0,3.03251504898071,3.82869815826416,3.93818187713623,4.62545442581177,5,5,0.789855062961578,0.967391312122345,1,1,2,1.03999996185303,10.3999996185303
01,2018-01-08,52050040,,"",SANDONA [52050040],Pluviométrica,Convencional,Activa,Nariño,Sandoná,1.3223,-77.4792,20,9/15/1963,,Cudayari,Pacifico,Patía,Río Guáitara,2018,08,Andes,Preliminar,0,0,0,4.22953844070435,4.22953844070435,89.5795135498047,10.2755784988403,3.77495765686035,3.93818187713623,4.62545442581177,5,5,0.789855062961578,0.967391312122345,1,1,2,1.03999996185303,0
01,2017-01-06,52050040,,"",SANDONA [52050040],Pluviométrica,Convencional,Activa,Nariño,Sandoná,1.3223,-77.4792,20,9/15/1963,,Cudayari,Pacifico,Patía,Río Guáitara,2017,06,Andes,Preliminar,0,0,0,4.76662540435791,4.76662540435791,0,12.8239936828613,22.4135837554932,3.93818187713623,4.62545442581177,5,5,0.789855062961578,0.967391312122345,1,1,2,1.03999996185303,0
01,2019-01-04,52050040,,"",SANDONA [52050040],Pluviométrica,Convencional,Activa,Nariño,Sandoná,1.3223,-77.4792,20,9/15/1963,,Cudayari,Pacifico,Patía,Río Guáitara,2019,04,Andes,Preliminar,0,0,0,2.53747940063477,2.53747940063477,0,0.18629452586174,0,3.93818187713623,4.62545442581177,5,5,0.789855062961578,0.967391312122345,1,1,1,1.03999996185303,0
01,2016-01-13,52050040,1,Definitivo,SANDONA [52050040],Pluviométrica,Convencional,Activa,Nariño,Sandoná,1.3223,-77.4792,20,9/15/1963,,Cudayari,Pacifico,Patía,Río Guáitara,2016,13,Andes,Definitivo,1,1,0,4.46601819992065,4.46601819992065,0,3.52639722824097,3.25324869155884,3.93818187713623,4.62545442581177,5,5,0.789855062961578,0.967391312122345,1,1,3,1.03999996185303,1.03999996185303
01,2016-01-12,52050040,1,Definitivo,SANDONA [52050040],Pluviométrica,Convencional,Activa,Nariño,Sandoná,1.3223,-77.4792,20,9/15/1963,,Cudayari,Pacifico,Patía,Río Guáitara,2016,12,Andes,Definitivo,1,1,0,5.49915266036987,5.49915266036987,19.8454303741455,1.43164503574371,6.39499425888062,3.93818187713623,4.62545442581177,5,5,0.789855062961578,0.967391312122345,1,1,3,1.03999996185303,1.03999996185303
01,2019-01-05,52050040,,"",SANDONA [52050040],Pluviométrica,Convencional,Activa,Nariño,Sandoná,1.3223,-77.4792,20,9/15/1963,,Cudayari,Pacifico,Patía,Río Guáitara,2019,05,Andes,Preliminar,0,0,0,4.93001508712769,4.93001508712769,0,1.17429673671722,1.22998118400574,3.93818187713623,4.62545442581177,5,5,0.789855062961578,0.967391312122345,1,1,1,1.03999996185303,0
01,2017-01-09,52050040,32,Definitivo,SANDONA [52050040],Pluviométrica,Convencional,Activa,Nariño,Sandoná,1.3223,-77.4792,20,9/15/1963,,Cudayari,Pacifico,Patía,Río Guáitara,2017,09,Andes,Definitivo,32,32,0,8.39776420593262,8.39776420593262,83.2677841186523,11.9091110229492,20.1065292358398,3.93818187713623,4.62545442581177,5,5,0.789855062961578,0.967391312122345,1,1,2,1.03999996185303,33.2799987792969
01,2018-01-03,52050040,,"",SANDONA [52050040],Pluviométrica,Convencional,Activa,Nariño,Sandoná,1.3223,-77.4792,20,9/15/1963,,Cudayari,Pacifico,Patía,Río Guáitara,2018,03,Andes,Preliminar,0,0,0,4.18132257461548,4.18132257461548,0,8.76961326599121,0.195853963494301,3.93818187713623,4.62545442581177,5,5,0.789855062961578,0.967391312122345,1,1,1,1.03999996185303,0
01,2018-01-05,52050040,9,Definitivo,SANDONA [52050040],Pluviométrica,Convencional,Activa,Nariño,Sandoná,1.3223,-77.4792,20,9/15/1963,,Cudayari,Pacifico,Patía,Río Guáitara,2018,05,Andes,Definitivo,9,9,0,5.59347486495972,5.59347486495972,0,17.4665203094482,12.0631561279297,3.93818187713623,4.62545442581177,5,5,0.789855062961578,0.967391312122345,1,1,1,1.03999996185303,9.35999965667725
01,2018-01-07,52050040,0,Definitivo,SANDONA [52050040],Pluviométrica,Convencional,Activa,Nariño,Sandoná,1.3223,-77.4792,20,9/15/1963,,Cudayari,Pacifico,Patía,Río Guáitara,2018,07,Andes,Definitivo,0,0,0,4.41858911514282,4.41858911514282,0,6.41840267181397,0.613871574401856,3.93818187713623,4.62545442581177,5,5,0.789855062961578,0.967391312122345,1,1,2,1.03999996185303,0
01,2018-01-06,52050040,0,Definitivo,SANDONA [52050040],Pluviométrica,Convencional,Activa,Nariño,Sandoná,1.3223,-77.4792,20,9/15/1963,,Cudayari,Pacifico,Patía,Río Guáitara,2018,06,Andes,Definitivo,0,0,0,6.20853614807129,6.20853614807129,0,2.40864849090576,8.97522640228272,3.93818187713623,4.62545442581177,5,5,0.789855062961578,0.967391312122345,1,1,2,1.03999996185303,0
01,2019-01-01,52050040,,"",SANDONA [52050040],Pluviométrica,Convencional,Activa,Nariño,Sandoná,1.3223,-77.4792,20,9/15/1963,,Cudayari,Pacifico,Patía,Río Guáitara,2019,01,Andes,Preliminar,0,0,0,0.651384115219116,0.651384115219116,0,0.0478069707751274,0,3.93818187713623,4.62545442581177,5,5,0.789855062961578,0.967391312122345,1,1,1,1.03999996185303,0
01,2018-01-04,52050040,6,Definitivo,SANDONA [52050040],Pluviométrica,Convencional,Activa,Nariño,Sandoná,1.3223,-77.4792,20,9/15/1963,,Cudayari,Pacifico,Patía,Río Guáitara,2018,04,Andes,Definitivo,6,6,0,4.79315042495728,4.79315042495728,0,7.5723671913147,7.79789209365845,3.93818187713623,4.62545442581177,5,5,0.789855062961578,0.967391312122345,1,1,1,1.03999996185303,6.23999977111816
01,2017-01-08,52050040,17,Definitivo,SANDONA [52050040],Pluviométrica,Convencional,Activa,Nariño,Sandoná,1.3223,-77.4792,20,9/15/1963,,Cudayari,Pacifico,Patía,Río Guáitara,2017,08,Andes,Definitivo,17,17,0,4.9500036239624,4.9500036239624,0,12.7773790359497,5.31310415267944,3.93818187713623,4.62545442581177,5,5,0.789855062961578,0.967391312122345,1,1,2,1.03999996185303,17.6799993515015
02,2017-02-27,52050040,5,Definitivo,SANDONA [52050040],Pluviométrica,Convencional,Activa,Nariño,Sandoná,1.3223,-77.4792,20,9/15/1963,,Cudayari,Pacifico,Patía,Río Guáitara,2017,27,Andes,Definitivo,5,5,0,4.50761985778809,4.50761985778809,0,7.86962938308716,3.48088312149048,3.93818187713623,4.62545442581177,5,5,0.789855062961578,0.967391312122345,1,1,12,1.04999995231628,5.24999976158142
02,2014-02-28,52050040,4,Definitivo,SANDONA [52050040],Pluviométrica,Convencional,Activa,Nariño,Sandoná,1.3223,-77.4792,20,9/15/1963,,Cudayari,Pacifico,Patía,Río Guáitara,2014,28,Andes,Definitivo,4,4,0,3.25946450233459,3.25946450233459,0,11.6154642105103,7.49296283721924,3.93818187713623,4.62545442581177,5,5,0.789855062961578,0.967391312122345,1,1,12,1.04999995231628,4.19999980926514
02,2019-02-28,52050040,1,Definitivo,SANDONA [52050040],Pluviométrica,Convencional,Activa,Nariño,Sandoná,1.3223,-77.4792,20,9/15/1963,,Cudayari,Pacifico,Patía,Río Guáitara,2019,28,Andes,Definitivo,1,1,0,0.711884558200836,0.711884558200836,11.4157075881958,0,0,3.93818187713623,4.62545442581177,5,5,0.789855062961578,0.967391312122345,1,1,12,1.04999995231628,1.04999995231628
02,2017-02-26,52050040,,"",SANDONA [52050040],Pluviométrica,Convencional,Activa,Nariño,Sandoná,1.3223,-77.4792,20,9/15/1963,,Cudayari,Pacifico,Patía,Río Guáitara,2017,26,Andes,Preliminar,0,0,0,9.82505702972412,9.82505702972412,27.0107402801514,8.60390663146973,9.87442398071289,3.93818187713623,4.62545442581177,5,5,0.789855062961578,0.967391312122345,1,1,12,1.04999995231628,0
02,2019-02-27,52050040,6,Definitivo,SANDONA [52050040],Pluviométrica,Convencional,Activa,Nariño,Sandoná,1.3223,-77.4792,20,9/15/1963,,Cudayari,Pacifico,Patía,Río Guáitara,2019,27,Andes,Definitivo,6,6,0,0.66669374704361,0.66669374704361,0,0,0,3.93818187713623,4.62545442581177,5,5,0.789855062961578,0.967391312122345,1,1,12,1.04999995231628,6.29999971389771
02,2012-02-29,52050040,2,Definitivo,SANDONA [52050040],Pluviométrica,Convencional,Activa,Nariño,Sandoná,1.3223,-77.4792,20,9/15/1963,,Cudayari,Pacifico,Patía,Río Guáitara,2012,29,Andes,Definitivo,2,2,0,1.61647760868073,1.61647760868073,20.8223056793213,5.70103406906128,4.33561944961548,3.93818187713623,4.62545442581177,5,5,0.789855062961578,0.967391312122345,1,1,12,1.04999995231628,2.09999990463257
02,2012-02-28,52050040,7,Definitivo,SANDONA [52050040],Pluviométrica,Convencional,Activa,Nariño,Sandoná,1.3223,-77.4792,20,9/15/1963,,Cudayari,Pacifico,Patía,Río Guáitara,2012,28,Andes,Definitivo,7,7,0,2.04616093635559,2.04616093635559,0,4.42098999023438,8.46068859100342,3.93818187713623,4.62545442581177,5,5,0.789855062961578,0.967391312122345,1,1,12,1.04999995231628,7.34999966621399
02,2022-02-26,52050040,12,En revisión,SANDONA [52050040],Pluviométrica,Convencional,Activa,Nariño,Sandoná,1.3223,-77.4792,20,9/15/1963,,Cudayari,Pacifico,Patía,Río Guáitara,2022,26,Andes,En revisión,12,12,0,1.29863464832306,1.29863464832306,0,0,0,3.93818187713623,4.62545442581177,5,5,0.789855062961578,0.967391312122345,1,1,12,1.04999995231628,12.5999994277954
02,2022-02-27,52050040,44,En revisión,SANDONA [52050040],Pluviométrica,Convencional,Activa,Nariño,Sandoná,1.3223,-77.4792,20,9/15/1963,,Cudayari,Pacifico,Patía,Río Guáitara,2022,27,Andes,En revisión,44,44,0,1.69177174568176,1.69177174568176,0,0,0,3.93818187713623,4.62545442581177,5,5,0.789855062961578,0.967391312122345,1,1,12,1.04999995231628,46.1999979019165
02,2014-02-27,52050040,7,Definitivo,SANDONA [52050040],Pluviométrica,Convencional,Activa,Nariño,Sandoná,1.3223,-77.4792,20,9/15/1963,,Cudayari,Pacifico,Patía,Río Guáitara,2014,27,Andes,Definitivo,7,7,0,5.1418833732605,5.1418833732605,17.1561470031738,6.99016714096069,11.8460178375244,3.93818187713623,4.62545442581177,5,5,0.789855062961578,0.967391312122345,1,1,12,1.04999995231628,7.34999966621399
02,2009-02-28,52050040,,"",SANDONA [52050040],Pluviométrica,Convencional,Activa,Nariño,Sandoná,1.3223,-77.4792,20,9/15/1963,,Cudayari,Pacifico,Patía,Río Guáitara,2009,28,Andes,Preliminar,0,0,0,2.98358654975891,2.98358654975891,7.19059038162231,1.4217621088028,0.0207740515470505,3.93818187713623,4.62545442581177,5,5,0.789855062961578,0.967391312122345,1,1,12,1.04999995231628,0
02,2012-02-27,52050040,17,Definitivo,SANDONA [52050040],Pluviométrica,Convencional,Activa,Nariño,Sandoná,1.3223,-77.4792,20,9/15/1963,,Cudayari,Pacifico,Patía,Río Guáitara,2012,27,Andes,Definitivo,17,17,0,3.18948554992676,3.18948554992676,0,2.9422492980957,1.13869118690491,3.93818187713623,4.62545442581177,5,5,0.789855062961578,0.967391312122345,1,1,12,1.04999995231628,17.8499991893768
02,2015-02-27,52050040,,"",SANDONA [52050040],Pluviométrica,Convencional,Activa,Nariño,Sandoná,1.3223,-77.4792,20,9/15/1963,,Cudayari,Pacifico,Patía,Río Guáitara,2015,27,Andes,Preliminar,,,1,1.58507585525513,1.58507585525513,0,0,0,3.93818187713623,4.62545442581177,5,5,0.789855062961578,0.967391312122345,1,1,12,1.04999995231628,
02,2016-02-29,52050040,1,Definitivo,SANDONA [52050040],Pluviométrica,Convencional,Activa,Nariño,Sandoná,1.3223,-77.4792,20,9/15/1963,,Cudayari,Pacifico,Patía,Río Guáitara,2016,29,Andes,Definitivo,1,1,0,0.836563169956207,0.836563169956207,0,0.229699075222015,1.30561423301697,3.93818187713623,4.62545442581177,5,5,0.789855062961578,0.967391312122345,1,1,12,1.04999995231628,1.04999995231628
02,2022-02-28,52050040,24,En revisión,SANDONA [52050040],Pluviométrica,Convencional,Activa,Nariño,Sandoná,1.3223,-77.4792,20,9/15/1963,,Cudayari,Pacifico,Patía,Río Guáitara,2022,28,Andes,En revisión,24,24,0,1.14685678482056,1.14685678482056,0,0,0,3.93818187713623,4.62545442581177,5,5,0.789855062961578,0.967391312122345,1,1,12,1.04999995231628,25.1999988555908
02,2021-02-20,52050040,0,En revisión,SANDONA [52050040],Pluviométrica,Convencional,Activa,Nariño,Sandoná,1.3223,-77.4792,20,9/15/1963,,Cudayari,Pacifico,Patía,Río Guáitara,2021,20,Andes,En revisión,0,0,0,8.36411476135254,8.36411476135254,0,1.83775782585144,25.4309139251709,3.93818187713623,4.62545442581177,5,5,0.789855062961578,0.967391312122345,1,1,10,1.04999995231628,0
02,2021-02-17,52050040,5,En revisión,SANDONA [52050040],Pluviométrica,Convencional,Activa,Nariño,Sandoná,1.3223,-77.4792,20,9/15/1963,,Cudayari,Pacifico,Patía,Río Guáitara,2021,17,Andes,En revisión,5,5,0,3.91111898422241,3.91111898422241,0,1.54784846305847,0.396232426166534,3.93818187713623,4.62545442581177,5,5,0.789855062961578,0.967391312122345,1,1,10,1.04999995231628,5.24999976158142
02,2017-02-28,52050040,15,Definitivo,SANDONA [52050040],Pluviométrica,Convencional,Activa,Nariño,Sandoná,1.3223,-77.4792,20,9/15/1963,,Cudayari,Pacifico,Patía,Río Guáitara,2017,28,Andes,Definitivo,15,15,0,4.1159029006958,4.1159029006958,0,7.94827747344971,11.0665054321289,3.93818187713623,4.62545442581177,5,5,0.789855062961578,0.967391312122345,1,1,12,1.04999995231628,15.7499992847443
02,2016-02-28,52050040,,"",SANDONA [52050040],Pluviométrica,Convencional,Activa,Nariño,Sandoná,1.3223,-77.4792,20,9/15/1963,,Cudayari,Pacifico,Patía,Río Guáitara,2016,28,Andes,Preliminar,0,0,0,1.55260801315308,1.55260801315308,0,0.302011787891388,0.689289808273315,3.93818187713623,4.62545442581177,5,5,0.789855062961578,0.967391312122345,1,1,12,1.04999995231628,0
02,2020-02-27,52050040,3,En revisión,SANDONA [52050040],Pluviométrica,Convencional,Activa,Nariño,Sandoná,1.3223,-77.4792,20,9/15/1963,,Cudayari,Pacifico,Patía,Río Guáitara,2020,27,Andes,En revisión,3,3,0,2.18221282958984,2.18221282958984,0,1.81826853752136,0.94687682390213,3.93818187713623,4.62545442581177,5,5,0.789855062961578,0.967391312122345,1,1,12,1.04999995231628,3.14999985694885
02,2023-02-28,52050040,,"",SANDONA [52050040],Pluviométrica,Convencional,Activa,Nariño,Sandoná,1.3223,-77.4792,20,9/15/1963,,Cudayari,Pacifico,Patía,Río Guáitara,2023,28,Andes,Preliminar,0,0,0,1.60642087459564,1.60642087459564,3.25339698791504,0.915329873561859,2.26893997192383,3.93818187713623,4.62545442581177,5,5,0.789855062961578,0.967391312122345,1,1,12,1.04999995231628,0
02,2013-02-25,52050040,,"",SANDONA [52050040],Pluviométrica,Convencional,Activa,Nariño,Sandoná,1.3223,-77.4792,20,9/15/1963,,Cudayari,Pacifico,Patía,Río Guáitara,2013,25,Andes,Preliminar,0,0,0,1.79893219470978,1.79893219470978,0,0.0820567756891251,0.325076580047607,3.93818187713623,4.62545442581177,5,5,0.789855062961578,0.967391312122345,1,1,11,1.04999995231628,0
02,2016-02-24,52050040,,"",SANDONA [52050040],Pluviométrica,Convencional,Activa,Nariño,Sandoná,1.3223,-77.4792,20,9/15/1963,,Cudayari,Pacifico,Patía,Río Guáitara,2016,24,Andes,Preliminar,0,0,0,3.30600810050964,3.30600810050964,15.4857330322266,1.51598620414734,0.502281010150909,3.93818187713623,4.62545442581177,5,5,0.789855062961578,0.967391312122345,1,1,11,1.04999995231628,0
02,2014-02-26,52050040,5,Definitivo,SANDONA [52050040],Pluviométrica,Convencional,Activa,Nariño,Sandoná,1.3223,-77.4792,20,9/15/1963,,Cudayari,Pacifico,Patía,Río Guáitara,2014,26,Andes,Definitivo,5,5,0,6.04006195068359,6.04006195068359,0,2.90477824211121,2.1714301109314,3.93818187713623,4.62545442581177,5,5,0.789855062961578,0.967391312122345,1,1,12,1.04999995231628,5.24999976158142
02,2011-02-28,52050040,6,Definitivo,SANDONA [52050040],Pluviométrica,Convencional,Activa,Nariño,Sandoná,1.3223,-77.4792,20,9/15/1963,,Cudayari,Pacifico,Patía,Río Guáitara,2011,28,Andes,Definitivo,6,6,0,10.7924785614014,10.7924785614014,0,8.59875583648682,5.42365741729736,3.93818187713623,4.62545442581177,5,5,0.789855062961578,0.967391312122345,1,1,12,1.04999995231628,6.29999971389771
02,2010-02-25,52050040,9,Definitivo,SANDONA [52050040],Pluviométrica,Convencional,Activa,Nariño,Sandoná,1.3223,-77.4792,20,9/15/1963,,Cudayari,Pacifico,Patía,Río Guáitara,2010,25,Andes,Definitivo,9,9,0,14.4277687072754,14.4277687072754,8.79675483703613,10.624813079834,18.8322372436523,3.93818187713623,4.62545442581177,5,5,0.789855062961578,0.967391312122345,1,1,11,1.04999995231628,9.44999957084656
02,2013-02-24,52050040,,"",SANDONA [52050040],Pluviométrica,Convencional,Activa,Nariño,Sandoná,1.3223,-77.4792,20,9/15/1963,,Cudayari,Pacifico,Patía,Río Guáitara,2013,24,Andes,Preliminar,0,0,0,1.83829998970032,1.83829998970032,0,0.536495745182037,0.548566699028015,3.93818187713623,4.62545442581177,5,5,0.789855062961578,0.967391312122345,1,1,11,1.04999995231628,0
02,2011-02-25,52050040,,"",SANDONA [52050040],Pluviométrica,Convencional,Activa,Nariño,Sandoná,1.3223,-77.4792,20,9/15/1963,,Cudayari,Pacifico,Patía,Río Guáitara,2011,25,Andes,Preliminar,0,0,0,0.39721417427063,0.39721417427063,15.5451459884644,3.1215705871582,0.449384301900864,3.93818187713623,4.62545442581177,5,5,0.789855062961578,0.967391312122345,1,1,11,1.04999995231628,0
02,2015-02-28,52050040,,"",SANDONA [52050040],Pluviométrica,Convencional,Activa,Nariño,Sandoná,1.3223,-77.4792,20,9/15/1963,,Cudayari,Pacifico,Patía,Río Guáitara,2015,28,Andes,Preliminar,,,1,0.96235203742981,0.96235203742981,0,0,0,3.93818187713623,4.62545442581177,5,5,0.789855062961578,0.967391312122345,1,1,12,1.04999995231628,
02,2020-02-28,52050040,2,En revisión,SANDONA [52050040],Pluviométrica,Convencional,Activa,Nariño,Sandoná,1.3223,-77.4792,20,9/15/1963,,Cudayari,Pacifico,Patía,Río Guáitara,2020,28,Andes,En revisión,2,2,0,3.06686329841614,3.06686329841614,0,0.543755829334259,2.90957808494568,3.93818187713623,4.62545442581177,5,5,0.789855062961578,0.967391312122345,1,1,12,1.04999995231628,2.09999990463257
02,2020-02-29,52050040,,"",SANDONA [52050040],Pluviométrica,Convencional,Activa,Nariño,Sandoná,1.3223,-77.4792,20,9/15/1963,,Cudayari,Pacifico,Patía,Río Guáitara,2020,29,Andes,Preliminar,0,0,0,2.18675756454468,2.18675756454468,0,1.32504463195801,0.344736725091934,3.93818187713623,4.62545442581177,5,5,0.789855062961578,0.967391312122345,1,1,12,1.04999995231628,0
02,2013-02-23,52050040,,"",SANDONA [52050040],Pluviométrica,Convencional,Activa,Nariño,Sandoná,1.3223,-77.4792,20,9/15/1963,,Cudayari,Pacifico,Patía,Río Guáitara,2013,23,Andes,Preliminar,0,0,0,1.90786027908325,1.90786027908325,0,0.294706046581268,0,3.93818187713623,4.62545442581177,5,5,0.789855062961578,0.967391312122345,1,1,11,1.04999995231628,0
02,2013-02-28,52050040,,"",SANDONA [52050040],Pluviométrica,Convencional,Activa,Nariño,Sandoná,1.3223,-77.4792,20,9/15/1963,,Cudayari,Pacifico,Patía,Río Guáitara,2013,28,Andes,Preliminar,0,0,0,1.72103035449982,1.72103035449982,0,1.06341469287872,0.864426076412201,3.93818187713623,4.62545442581177,5,5,0.789855062961578,0.967391312122345,1,1,12,1.04999995231628,0
02,2022-02-23,52050040,0,En revisión,SANDONA [52050040],Pluviométrica,Convencional,Activa,Nariño,Sandoná,1.3223,-77.4792,20,9/15/1963,,Cudayari,Pacifico,Patía,Río Guáitara,2022,23,Andes,En revisión,0,0,0,1.03483104705811,1.03483104705811,0,0,0,3.93818187713623,4.62545442581177,5,5,0.789855062961578,0.967391312122345,1,1,11,1.04999995231628,0
02,2023-02-19,52050040,2,En revisión,SANDONA [52050040],Pluviométrica,Convencional,Activa,Nariño,Sandoná,1.3223,-77.4792,20,9/15/1963,,Cudayari,Pacifico,Patía,Río Guáitara,2023,19,Andes,En revisión,2,2,0,2.05745816230774,2.05745816230774,11.9312219619751,9.57673835754395,0.830232560634613,3.93818187713623,4.62545442581177,5,5,0.789855062961578,0.967391312122345,1,1,10,1.04999995231628,2.09999990463257
02,2018-02-27,52050040,,"",SANDONA [52050040],Pluviométrica,Convencional,Activa,Nariño,Sandoná,1.3223,-77.4792,20,9/15/1963,,Cudayari,Pacifico,Patía,Río Guáitara,2018,27,Andes,Preliminar,,,1,1.54288852214813,1.54288852214813,0,0.496562153100967,1.28559553623199,3.93818187713623,4.62545442581177,5,5,0.789855062961578,0.967391312122345,1,1,12,1.04999995231628,
02,2011-02-24,52050040,7,Definitivo,SANDONA [52050040],Pluviométrica,Convencional,Activa,Nariño,Sandoná,1.3223,-77.4792,20,9/15/1963,,Cudayari,Pacifico,Patía,Río Guáitara,2011,24,Andes,Definitivo,7,7,0,2.41939544677734,2.41939544677734,7.77257299423218,10.9768180847168,14.5834474563599,3.93818187713623,4.62545442581177,5,5,0.789855062961578,0.967391312122345,1,1,11,1.04999995231628,7.34999966621399
02,2011-02-26,52050040,,"",SANDONA [52050040],Pluviométrica,Convencional,Activa,Nariño,Sandoná,1.3223,-77.4792,20,9/15/1963,,Cudayari,Pacifico,Patía,Río Guáitara,2011,26,Andes,Preliminar,0,0,0,0,0,0,0.438247621059418,0.462105423212051,3.93818187713623,4.62545442581177,5,5,0.789855062961578,0.967391312122345,1,1,12,1.04999995231628,0
02,2018-02-26,52050040,,"",SANDONA [52050040],Pluviométrica,Convencional,Activa,Nariño,Sandoná,1.3223,-77.4792,20,9/15/1963,,Cudayari,Pacifico,Patía,Río Guáitara,2018,26,Andes,Preliminar,,,1,1.46013522148132,1.46013522148132,0,0.197226315736771,1.28559553623199,3.93818187713623,4.62545442581177,5,5,0.789855062961578,0.967391312122345,1,1,12,1.04999995231628,
02,2009-02-27,52050040,1,Definitivo,SANDONA [52050040],Pluviométrica,Convencional,Activa,Nariño,Sandoná,1.3223,-77.4792,20,9/15/1963,,Cudayari,Pacifico,Patía,Río Guáitara,2009,27,Andes,Definitivo,1,1,0,3.47019577026367,3.47019577026367,0,1.41883313655853,5.87608909606934,3.93818187713623,4.62545442581177,5,5,0.789855062961578,0.967391312122345,1,1,12,1.04999995231628,1.04999995231628
02,2023-02-17,52050040,,"",SANDONA [52050040],Pluviométrica,Convencional,Activa,Nariño,Sandoná,1.3223,-77.4792,20,9/15/1963,,Cudayari,Pacifico,Patía,Río Guáitara,2023,17,Andes,Preliminar,17,17,0,7.35026502609253,7.35026502609253,0,3.1986882686615,7.38255882263184,3.93818187713623,4.62545442581177,5,5,0.789855062961578,0.967391312122345,1,1,10,1.04999995231628,17.8499991893768
02,2023-02-22,52050040,4,En revisión,SANDONA [52050040],Pluviométrica,Convencional,Activa,Nariño,Sandoná,1.3223,-77.4792,20,9/15/1963,,Cudayari,Pacifico,Patía,Río Guáitara,2023,22,Andes,En revisión,4,4,0,7.71493625640869,7.71493625640869,11.6468410491943,4.57267761230469,7.31174421310425,3.93818187713623,4.62545442581177,5,5,0.789855062961578,0.967391312122345,1,1,11,1.04999995231628,4.19999980926514
02,2011-02-27,52050040,,"",SANDONA [52050040],Pluviométrica,Convencional,Activa,Nariño,Sandoná,1.3223,-77.4792,20,9/15/1963,,Cudayari,Pacifico,Patía,Río Guáitara,2011,27,Andes,Preliminar,0,0,0,1.43524491786957,1.43524491786957,11.1448736190796,1.88327598571777,5.03451633453369,3.93818187713623,4.62545442581177,5,5,0.789855062961578,0.967391312122345,1,1,12,1.04999995231628,0
02,2016-02-25,52050040,1,Definitivo,SANDONA [52050040],Pluviométrica,Convencional,Activa,Nariño,Sandoná,1.3223,-77.4792,20,9/15/1963,,Cudayari,Pacifico,Patía,Río Guáitara,2016,25,Andes,Definitivo,1,1,0,5.65133094787598,5.65133094787598,0,1.92720425128937,5.66011333465576,3.93818187713623,4.62545442581177,5,5,0.789855062961578,0.967391312122345,1,1,11,1.04999995231628,1.04999995231628
02,2016-02-26,52050040,5,Definitivo,SANDONA [52050040],Pluviométrica,Convencional,Activa,Nariño,Sandoná,1.3223,-77.4792,20,9/15/1963,,Cudayari,Pacifico,Patía,Río Guáitara,2016,26,Andes,Definitivo,5,5,0,3.25319957733154,3.25319957733154,7.93733549118042,1.61433982849121,0.436239838600159,3.93818187713623,4.62545442581177,5,5,0.789855062961578,0.967391312122345,1,1,12,1.04999995231628,5.24999976158142
02,2023-02-15,52050040,1,En revisión,SANDONA [52050040],Pluviométrica,Convencional,Activa,Nariño,Sandoná,1.3223,-77.4792,20,9/15/1963,,Cudayari,Pacifico,Patía,Río Guáitara,2023,15,Andes,En revisión,1,1,0,2.66469717025757,2.66469717025757,0,0.225045442581177,1.97452926635742,3.93818187713623,4.62545442581177,5,5,0.789855062961578,0.967391312122345,1,1,9,1.04999995231628,1.04999995231628
02,2009-02-24,52050040,,"",SANDONA [52050040],Pluviométrica,Convencional,Activa,Nariño,Sandoná,1.3223,-77.4792,20,9/15/1963,,Cudayari,Pacifico,Patía,Río Guáitara,2009,24,Andes,Preliminar,0,0,0,2.96510100364685,2.96510100364685,32.9506721496582,6.36310911178589,3.24314260482788,3.93818187713623,4.62545442581177,5,5,0.789855062961578,0.967391312122345,1,1,11,1.04999995231628,0
02,2020-02-25,52050040,3,En revisión,SANDONA [52050040],Pluviométrica,Convencional,Activa,Nariño,Sandoná,1.3223,-77.4792,20,9/15/1963,,Cudayari,Pacifico,Patía,Río Guáitara,2020,25,Andes,En revisión,3,3,0,5.30694818496704,5.30694818496704,0,5.13339328765869,2.44967675209045,3.93818187713623,4.62545442581177,5,5,0.789855062961578,0.967391312122345,1,1,11,1.04999995231628,3.14999985694885
02,2021-02-24,52050040,,"",SANDONA [52050040],Pluviométrica,Convencional,Activa,Nariño,Sandoná,1.3223,-77.4792,20,9/15/1963,,Cudayari,Pacifico,Patía,Río Guáitara,2021,24,Andes,Preliminar,0,0,0,0.512360155582428,0.512360155582428,0,0.692727446556091,4.87091875076294,3.93818187713623,4.62545442581177,5,5,0.789855062961578,0.967391312122345,1,1,11,1.04999995231628,0
02,2021-02-28,52050040,11,En revisión,SANDONA [52050040],Pluviométrica,Convencional,Activa,Nariño,Sandoná,1.3223,-77.4792,20,9/15/1963,,Cudayari,Pacifico,Patía,Río Guáitara,2021,28,Andes,En revisión,11,11,0,1.35174834728241,1.35174834728241,0,0,0,3.93818187713623,4.62545442581177,5,5,0.789855062961578,0.967391312122345,1,1,12,1.04999995231628,11.5499994754791
02,2023-02-26,52050040,,"",SANDONA [52050040],Pluviométrica,Convencional,Activa,Nariño,Sandoná,1.3223,-77.4792,20,9/15/1963,,Cudayari,Pacifico,Patía,Río Guáitara,2023,26,Andes,Preliminar,0,0,0,2.5563907623291,2.5563907623291,0,0.714116275310516,0,3.93818187713623,4.62545442581177,5,5,0.789855062961578,0.967391312122345,1,1,12,1.04999995231628,0
02,2009-02-23,52050040,0,Definitivo,SANDONA [52050040],Pluviométrica,Convencional,Activa,Nariño,Sandoná,1.3223,-77.4792,20,9/15/1963,,Cudayari,Pacifico,Patía,Río Guáitara,2009,23,Andes,Definitivo,0,0,0,7.71247291564941,7.71247291564941,0,7.21415376663208,7.90058851242065,3.93818187713623,4.62545442581177,5,5,0.789855062961578,0.967391312122345,1,1,11,1.04999995231628,0
02,2009-02-25,52050040,15,Definitivo,SANDONA [52050040],Pluviométrica,Convencional,Activa,Nariño,Sandoná,1.3223,-77.4792,20,9/15/1963,,Cudayari,Pacifico,Patía,Río Guáitara,2009,25,Andes,Definitivo,15,15,0,5.00427675247192,5.00427675247192,0,4.04440355300903,0,3.93818187713623,4.62545442581177,5,5,0.789855062961578,0.967391312122345,1,1,11,1.04999995231628,15.7499992847443
02,2008-02-25,52050040,12,Definitivo,SANDONA [52050040],Pluviométrica,Convencional,Activa,Nariño,Sandoná,1.3223,-77.4792,20,9/15/1963,,Cudayari,Pacifico,Patía,Río Guáitara,2008,25,Andes,Definitivo,12,12,0,11.01975440979,11.01975440979,0,6.69006299972534,4.57854461669922,3.93818187713623,4.62545442581177,5,5,0.789855062961578,0.967391312122345,1,1,11,1.04999995231628,12.5999994277954
02,2013-02-27,52050040,4,Definitivo,SANDONA [52050040],Pluviométrica,Convencional,Activa,Nariño,Sandoná,1.3223,-77.4792,20,9/15/1963,,Cudayari,Pacifico,Patía,Río Guáitara,2013,27,Andes,Definitivo,4,4,0,1.28631234169006,1.28631234169006,0,0.302867412567139,0.364013820886612,3.93818187713623,4.62545442581177,5,5,0.789855062961578,0.967391312122345,1,1,12,1.04999995231628,4.19999980926514
02,2023-02-27,52050040,,"",SANDONA [52050040],Pluviométrica,Convencional,Activa,Nariño,Sandoná,1.3223,-77.4792,20,9/15/1963,,Cudayari,Pacifico,Patía,Río Guáitara,2023,27,Andes,Preliminar,0,0,0,1.69180929660797,1.69180929660797,0,0.639493763446808,0,3.93818187713623,4.62545442581177,5,5,0.789855062961578,0.967391312122345,1,1,12,1.04999995231628,0
02,2023-02-23,52050040,,"",SANDONA [52050040],Pluviométrica,Convencional,Activa,Nariño,Sandoná,1.3223,-77.4792,20,9/15/1963,,Cudayari,Pacifico,Patía,Río Guáitara,2023,23,Andes,Preliminar,0,0,0,2.6913378238678,2.6913378238678,0,4.04398822784424,0.233353480696678,3.93818187713623,4.62545442581177,5,5,0.789855062961578,0.967391312122345,1,1,11,1.04999995231628,0
02,2014-02-24,52050040,1,Definitivo,SANDONA [52050040],Pluviométrica,Convencional,Activa,Nariño,Sandoná,1.3223,-77.4792,20,9/15/1963,,Cudayari,Pacifico,Patía,Río Guáitara,2014,24,Andes,Definitivo,1,1,0,1.82559514045715,1.82559514045715,0,1.10883319377899,0.678261280059815,3.93818187713623,4.62545442581177,5,5,0.789855062961578,0.967391312122345,1,1,11,1.04999995231628,1.04999995231628
02,2008-02-26,52050040,5,Definitivo,SANDONA [52050040],Pluviométrica,Convencional,Activa,Nariño,Sandoná,1.3223,-77.4792,20,9/15/1963,,Cudayari,Pacifico,Patía,Río Guáitara,2008,26,Andes,Definitivo,5,5,0,2.3340015411377,2.3340015411377,0,4.61389970779419,3.45624375343323,3.93818187713623,4.62545442581177,5,5,0.789855062961578,0.967391312122345,1,1,12,1.04999995231628,5.24999976158142
02,2022-02-25,52050040,3,En revisión,SANDONA [52050040],Pluviométrica,Convencional,Activa,Nariño,Sandoná,1.3223,-77.4792,20,9/15/1963,,Cudayari,Pacifico,Patía,Río Guáitara,2022,25,Andes,En revisión,3,3,0,4.61307573318481,4.61307573318481,0,0,0,3.93818187713623,4.62545442581177,5,5,0.789855062961578,0.967391312122345,1,1,11,1.04999995231628,3.14999985694885
02,2008-02-29,52050040,2,Definitivo,SANDONA [52050040],Pluviométrica,Convencional,Activa,Nariño,Sandoná,1.3223,-77.4792,20,9/15/1963,,Cudayari,Pacifico,Patía,Río Guáitara,2008,29,Andes,Definitivo,2,2,0,3.55119585990906,3.55119585990906,12.1063814163208,4.24657344818115,5.95709323883057,3.93818187713623,4.62545442581177,5,5,0.789855062961578,0.967391312122345,1,1,12,1.04999995231628,2.09999990463257
02,2009-02-26,52050040,,"",SANDONA [52050040],Pluviométrica,Convencional,Activa,Nariño,Sandoná,1.3223,-77.4792,20,9/15/1963,,Cudayari,Pacifico,Patía,Río Guáitara,2009,26,Andes,Preliminar,0,0,0,2.56446409225464,2.56446409225464,0,4.04155015945435,0.985283613204956,3.93818187713623,4.62545442581177,5,5,0.789855062961578,0.967391312122345,1,1,12,1.04999995231628,0
02,2018-02-28,52050040,,"",SANDONA [52050040],Pluviométrica,Convencional,Activa,Nariño,Sandoná,1.3223,-77.4792,20,9/15/1963,,Cudayari,Pacifico,Patía,Río Guáitara,2018,28,Andes,Preliminar,,,1,2.85159730911255,2.85159730911255,10.4306230545044,3.16299772262573,1.28559553623199,3.93818187713623,4.62545442581177,5,5,0.789855062961578,0.967391312122345,1,1,12,1.04999995231628,
02,2021-02-19,52050040,18,En revisión,SANDONA [52050040],Pluviométrica,Convencional,Activa,Nariño,Sandoná,1.3223,-77.4792,20,9/15/1963,,Cudayari,Pacifico,Patía,Río Guáitara,2021,19,Andes,En revisión,18,18,0,5.1391544342041,5.1391544342041,0,3.73346781730652,1.26073956489563,3.93818187713623,4.62545442581177,5,5,0.789855062961578,0.967391312122345,1,1,10,1.04999995231628,18.8999991416931
02,2023-02-14,52050040,,"",SANDONA [52050040],Pluviométrica,Convencional,Activa,Nariño,Sandoná,1.3223,-77.4792,20,9/15/1963,,Cudayari,Pacifico,Patía,Río Guáitara,2023,14,Andes,Preliminar,0,0,0,1.59863770008087,1.59863770008087,0,0.488088816404343,0,3.93818187713623,4.62545442581177,5,5,0.789855062961578,0.967391312122345,1,1,9,1.04999995231628,0
02,2010-02-21,52050040,,"",SANDONA [52050040],Pluviométrica,Convencional,Activa,Nariño,Sandoná,1.3223,-77.4792,20,9/15/1963,,Cudayari,Pacifico,Patía,Río Guáitara,2010,21,Andes,Preliminar,0,0,0,1.89414834976196,1.89414834976196,0,3.35621285438538,0,3.93818187713623,4.62545442581177,5,5,0.789855062961578,0.967391312122345,1,1,11,1.04999995231628,0
02,2021-02-22,52050040,3,En revisión,SANDONA [52050040],Pluviométrica,Convencional,Activa,Nariño,Sandoná,1.3223,-77.4792,20,9/15/1963,,Cudayari,Pacifico,Patía,Río Guáitara,2021,22,Andes,En revisión,3,3,0,5.04910373687744,5.04910373687744,0,5.72291135787964,5.78510808944702,3.93818187713623,4.62545442581177,5,5,0.789855062961578,0.967391312122345,1,1,11,1.04999995231628,3.14999985694885
02,2019-02-24,52050040,2,Definitivo,SANDONA [52050040],Pluviométrica,Convencional,Activa,Nariño,Sandoná,1.3223,-77.4792,20,9/15/1963,,Cudayari,Pacifico,Patía,Río Guáitara,2019,24,Andes,Definitivo,2,2,0,4.48211240768433,4.48211240768433,0,8.04673099517822,5.95853710174561,3.93818187713623,4.62545442581177,5,5,0.789855062961578,0.967391312122345,1,1,11,1.04999995231628,2.09999990463257
02,2019-02-25,52050040,,"",SANDONA [52050040],Pluviométrica,Convencional,Activa,Nariño,Sandoná,1.3223,-77.4792,20,9/15/1963,,Cudayari,Pacifico,Patía,Río Guáitara,2019,25,Andes,Preliminar,0,0,0,4.76903295516968,4.76903295516968,0,7.44719982147217,15.1391830444336,3.93818187713623,4.62545442581177,5,5,0.789855062961578,0.967391312122345,1,1,11,1.04999995231628,0
02,2023-02-25,52050040,,"",SANDONA [52050040],Pluviométrica,Convencional,Activa,Nariño,Sandoná,1.3223,-77.4792,20,9/15/1963,,Cudayari,Pacifico,Patía,Río Guáitara,2023,25,Andes,Preliminar,0,0,0,2.18886184692383,2.18886184692383,0,3.26608633995056,0.114516071975231,3.93818187713623,4.62545442581177,5,5,0.789855062961578,0.967391312122345,1,1,11,1.04999995231628,0
02,2010-02-22,52050040,2,Definitivo,SANDONA [52050040],Pluviométrica,Convencional,Activa,Nariño,Sandoná,1.3223,-77.4792,20,9/15/1963,,Cudayari,Pacifico,Patía,Río Guáitara,2010,22,Andes,Definitivo,2,2,0,5.77648115158081,5.77648115158081,0,6.56829118728638,0.0537041053175926,3.93818187713623,4.62545442581177,5,5,0.789855062961578,0.967391312122345,1,1,11,1.04999995231628,2.09999990463257
02,2016-02-27,52050040,1,Definitivo,SANDONA [52050040],Pluviométrica,Convencional,Activa,Nariño,Sandoná,1.3223,-77.4792,20,9/15/1963,,Cudayari,Pacifico,Patía,Río Guáitara,2016,27,Andes,Definitivo,1,1,0,1.90760815143585,1.90760815143585,0,0.30838006734848,0.0232868194580078,3.93818187713623,4.62545442581177,5,5,0.789855062961578,0.967391312122345,1,1,12,1.04999995231628,1.04999995231628
02,2013-02-26,52050040,,"",SANDONA [52050040],Pluviométrica,Convencional,Activa,Nariño,Sandoná,1.3223,-77.4792,20,9/15/1963,,Cudayari,Pacifico,Patía,Río Guáitara,2013,26,Andes,Preliminar,0,0,0,1.7063764333725,1.7063764333725,0,0.121315084397793,0.259157329797745,3.93818187713623,4.62545442581177,5,5,0.789855062961578,0.967391312122345,1,1,12,1.04999995231628,0
02,2015-02-26,52050040,,"",SANDONA [52050040],Pluviométrica,Convencional,Activa,Nariño,Sandoná,1.3223,-77.4792,20,9/15/1963,,Cudayari,Pacifico,Patía,Río Guáitara,2015,26,Andes,Preliminar,,,1,1.58983516693115,1.58983516693115,0,0,0,3.93818187713623,4.62545442581177,5,5,0.789855062961578,0.967391312122345,1,1,12,1.04999995231628,
02,2018-02-24,52050040,,"",SANDONA [52050040],Pluviométrica,Convencional,Activa,Nariño,Sandoná,1.3223,-77.4792,20,9/15/1963,,Cudayari,Pacifico,Patía,Río Guáitara,2018,24,Andes,Preliminar,,,1,2.01533150672913,2.01533150672913,0,2.36623096466064,0.780098140239716,3.93818187713623,4.62545442581177,5,5,0.789855062961578,0.967391312122345,1,1,11,1.04999995231628,
02,2010-02-24,52050040,7,Definitivo,SANDONA [52050040],Pluviométrica,Convencional,Activa,Nariño,Sandoná,1.3223,-77.4792,20,9/15/1963,,Cudayari,Pacifico,Patía,Río Guáitara,2010,24,Andes,Definitivo,7,7,0,5.33316946029663,5.33316946029663,17.5935096740723,6.30318975448608,3.68768167495728,3.93818187713623,4.62545442581177,5,5,0.789855062961578,0.967391312122345,1,1,11,1.04999995231628,7.34999966621399
02,2006-02-24,52050040,2,Definitivo,SANDONA [52050040],Pluviométrica,Convencional,Activa,Nariño,Sandoná,1.3223,-77.4792,20,9/15/1963,,Cudayari,Pacifico,Patía,Río Guáitara,2006,24,Andes,Definitivo,2,2,0,3.57107996940613,3.57107996940613,0,1.79765152931213,0.5099937915802,3.93818187713623,4.62545442581177,5,5,0.789855062961578,0.967391312122345,1,1,11,1.04999995231628,2.09999990463257
02,2006-02-25,52050040,,"",SANDONA [52050040],Pluviométrica,Convencional,Activa,Nariño,Sandoná,1.3223,-77.4792,20,9/15/1963,,Cudayari,Pacifico,Patía,Río Guáitara,2006,25,Andes,Preliminar,0,0,0,2.23445630073547,2.23445630073547,0,3.04035830497742,0.15521551668644,3.93818187713623,4.62545442581177,5,5,0.789855062961578,0.967391312122345,1,1,11,1.04999995231628,0
02,2023-02-12,52050040,,"",SANDONA [52050040],Pluviométrica,Convencional,Activa,Nariño,Sandoná,1.3223,-77.4792,20,9/15/1963,,Cudayari,Pacifico,Patía,Río Guáitara,2023,12,Andes,Preliminar,0,0,0,2.27669668197632,2.27669668197632,0,0.355408161878586,0.186276331543922,3.93818187713623,4.62545442581177,5,5,0.789855062961578,0.967391312122345,1,1,9,1.04999995231628,0
02,2023-02-09,52050040,,"",SANDONA [52050040],Pluviométrica,Convencional,Activa,Nariño,Sandoná,1.3223,-77.4792,20,9/15/1963,,Cudayari,Pacifico,Patía,Río Guáitara,2023,09,Andes,Preliminar,0,0,0,1.66768848896027,1.66768848896027,0,0.155408874154091,0.125703856348991,3.93818187713623,4.62545442581177,5,5,0.789855062961578,0.967391312122345,1,1,8,1.04999995231628,0
02,2014-02-25,52050040,9,Definitivo,SANDONA [52050040],Pluviométrica,Convencional,Activa,Nariño,Sandoná,1.3223,-77.4792,20,9/15/1963,,Cudayari,Pacifico,Patía,Río Guáitara,2014,25,Andes,Definitivo,9,9,0,1.72053813934326,1.72053813934326,14.7858362197876,2.21729803085327,5.41224765777588,3.93818187713623,4.62545442581177,5,5,0.789855062961578,0.967391312122345,1,1,11,1.04999995231628,9.44999957084656
02,2017-02-23,52050040,,"",SANDONA [52050040],Pluviométrica,Convencional,Activa,Nariño,Sandoná,1.3223,-77.4792,20,9/15/1963,,Cudayari,Pacifico,Patía,Río Guáitara,2017,23,Andes,Preliminar,0,0,0,5.6040563583374,5.6040563583374,0,2.12060689926147,0,3.93818187713623,4.62545442581177,5,5,0.789855062961578,0.967391312122345,1,1,11,1.04999995231628,0
02,2021-02-26,52050040,3,En revisión,SANDONA [52050040],Pluviométrica,Convencional,Activa,Nariño,Sandoná,1.3223,-77.4792,20,9/15/1963,,Cudayari,Pacifico,Patía,Río Guáitara,2021,26,Andes,En revisión,3,3,0,0.712184190750122,0.712184190750122,0,0,0,3.93818187713623,4.62545442581177,5,5,0.789855062961578,0.967391312122345,1,1,12,1.04999995231628,3.14999985694885
02,2021-02-25,52050040,,"",SANDONA [52050040],Pluviométrica,Convencional,Activa,Nariño,Sandoná,1.3223,-77.4792,20,9/15/1963,,Cudayari,Pacifico,Patía,Río Guáitara,2021,25,Andes,Preliminar,0,0,0,0.499767780303955,0.499767780303955,0,2.24939012527466,0,3.93818187713623,4.62545442581177,5,5,0.789855062961578,0.967391312122345,1,1,11,1.04999995231628,0
02,2023-02-20,52050040,11,En revisión,SANDONA [52050040],Pluviométrica,Convencional,Activa,Nariño,Sandoná,1.3223,-77.4792,20,9/15/1963,,Cudayari,Pacifico,Patía,Río Guáitara,2023,20,Andes,En revisión,11,11,0,2.25079393386841,2.25079393386841,11.9312219619751,12.8703336715698,1.18023264408112,3.93818187713623,4.62545442581177,5,5,0.789855062961578,0.967391312122345,1,1,10,1.04999995231628,11.5499994754791
02,2020-02-24,52050040,25,En revisión,SANDONA [52050040],Pluviométrica,Convencional,Activa,Nariño,Sandoná,1.3223,-77.4792,20,9/15/1963,,Cudayari,Pacifico,Patía,Río Guáitara,2020,24,Andes,En revisión,25,25,0,2.6159188747406,2.6159188747406,0,5.81188440322876,8.67698001861572,3.93818187713623,4.62545442581177,5,5,0.789855062961578,0.967391312122345,1,1,11,1.04999995231628,26.2499988079071
02,2008-02-28,52050040,0,Definitivo,SANDONA [52050040],Pluviométrica,Convencional,Activa,Nariño,Sandoná,1.3223,-77.4792,20,9/15/1963,,Cudayari,Pacifico,Patía,Río Guáitara,2008,28,Andes,Definitivo,0,0,0,2.12486171722412,2.12486171722412,12.1063814163208,5.98212718963623,2.74218893051147,3.93818187713623,4.62545442581177,5,5,0.789855062961578,0.967391312122345,1,1,12,1.04999995231628,0
02,2006-02-28,52050040,,"",SANDONA [52050040],Pluviométrica,Convencional,Activa,Nariño,Sandoná,1.3223,-77.4792,20,9/15/1963,,Cudayari,Pacifico,Patía,Río Guáitara,2006,28,Andes,Preliminar,0,0,0,1.2847158908844,1.2847158908844,0,0.65122127532959,6.05932950973511,3.93818187713623,4.62545442581177,5,5,0.789855062961578,0.967391312122345,1,1,12,1.04999995231628,0
02,2020-02-26,52050040,7,En revisión,SANDONA [52050040],Pluviométrica,Convencional,Activa,Nariño,Sandoná,1.3223,-77.4792,20,9/15/1963,,Cudayari,Pacifico,Patía,Río Guáitara,2020,26,Andes,En revisión,7,7,0,2.40395665168762,2.40395665168762,46.7862854003906,5.11520862579346,4.60108613967896,3.93818187713623,4.62545442581177,5,5,0.789855062961578,0.967391312122345,1,1,12,1.04999995231628,7.34999966621399
02,2023-02-21,52050040,30,En revisión,SANDONA [52050040],Pluviométrica,Convencional,Activa,Nariño,Sandoná,1.3223,-77.4792,20,9/15/1963,,Cudayari,Pacifico,Patía,Río Guáitara,2023,21,Andes,En revisión,30,30,0,5.72780752182007,5.72780752182007,23.2936820983887,6.28012275695801,13.6663055419922,3.93818187713623,4.62545442581177,5,5,0.789855062961578,0.967391312122345,1,1,11,1.04999995231628,31.4999985694885
02,2022-02-20,52050040,20,En revisión,SANDONA [52050040],Pluviométrica,Convencional,Activa,Nariño,Sandoná,1.3223,-77.4792,20,9/15/1963,,Cudayari,Pacifico,Patía,Río Guáitara,2022,20,Andes,En revisión,20,20,0,10.4135341644287,10.4135341644287,45.6848907470703,46.5318260192871,79.0265579223633,3.93818187713623,4.62545442581177,5,5,0.789855062961578,0.967391312122345,1,1,10,1.04999995231628,20.9999990463257
02,2007-02-23,52050040,,"",SANDONA [52050040],Pluviométrica,Convencional,Activa,Nariño,Sandoná,1.3223,-77.4792,20,9/15/1963,,Cudayari,Pacifico,Patía,Río Guáitara,2007,23,Andes,Preliminar,0,0,0,0,0,0,0.107633017003536,0,3.93818187713623,4.62545442581177,5,5,0.789855062961578,0.967391312122345,1,1,11,1.04999995231628,0
02,2008-02-21,52050040,2,Definitivo,SANDONA [52050040],Pluviométrica,Convencional,Activa,Nariño,Sandoná,1.3223,-77.4792,20,9/15/1963,,Cudayari,Pacifico,Patía,Río Guáitara,2008,21,Andes,Definitivo,2,2,0,0.631669044494629,0.631669044494629,0,12.4046611785889,1.44062721729279,3.93818187713623,4.62545442581177,5,5,0.789855062961578,0.967391312122345,1,1,11,1.04999995231628,2.09999990463257
02,2012-02-24,52050040,,"",SANDONA [52050040],Pluviométrica,Convencional,Activa,Nariño,Sandoná,1.3223,-77.4792,20,9/15/1963,,Cudayari,Pacifico,Patía,Río Guáitara,2012,24,Andes,Preliminar,1,1,0,3.72535228729248,3.72535228729248,0,2.27883291244507,4.82042741775513,3.93818187713623,4.62545442581177,5,5,0.789855062961578,0.967391312122345,1,1,11,1.04999995231628,1.04999995231628
02,2012-02-25,52050040,2,Definitivo,SANDONA [52050040],Pluviométrica,Convencional,Activa,Nariño,Sandoná,1.3223,-77.4792,20,9/15/1963,,Cudayari,Pacifico,Patía,Río Guáitara,2012,25,Andes,Definitivo,2,2,0,5.76464223861694,5.76464223861694,0,5.04781532287598,5.2139310836792,3.93818187713623,4.62545442581177,5,5,0.789855062961578,0.967391312122345,1,1,11,1.04999995231628,2.09999990463257
02,2017-02-24,52050040,2,Definitivo,SANDONA [52050040],Pluviométrica,Convencional,Activa,Nariño,Sandoná,1.3223,-77.4792,20,9/15/1963,,Cudayari,Pacifico,Patía,Río Guáitara,2017,24,Andes,Definitivo,2,2,0,10.0962514877319,10.0962514877319,0,0.838910222053528,4.35131978988647,3.93818187713623,4.62545442581177,5,5,0.789855062961578,0.967391312122345,1,1,11,1.04999995231628,2.09999990463257
02,2021-02-27,52050040,35,En revisión,SANDONA [52050040],Pluviométrica,Convencional,Activa,Nariño,Sandoná,1.3223,-77.4792,20,9/15/1963,,Cudayari,Pacifico,Patía,Río Guáitara,2021,27,Andes,En revisión,35,35,0,2.07333064079285,2.07333064079285,0,0,0,3.93818187713623,4.62545442581177,5,5,0.789855062961578,0.967391312122345,1,1,12,1.04999995231628,36.7499983310699
02,2023-02-24,52050040,,"",SANDONA [52050040],Pluviométrica,Convencional,Activa,Nariño,Sandoná,1.3223,-77.4792,20,9/15/1963,,Cudayari,Pacifico,Patía,Río Guáitara,2023,24,Andes,Preliminar,0,0,0,3.61749243736267,3.61749243736267,0,3.38127326965332,0.218228757381439,3.93818187713623,4.62545442581177,5,5,0.789855062961578,0.967391312122345,1,1,11,1.04999995231628,0
02,2010-02-28,52050040,,"",SANDONA [52050040],Pluviométrica,Convencional,Activa,Nariño,Sandoná,1.3223,-77.4792,20,9/15/1963,,Cudayari,Pacifico,Patía,Río Guáitara,2010,28,Andes,Preliminar,0,0,0,1.63735902309418,1.63735902309418,3.27874064445496,1.62536180019379,0.00974911078810692,3.93818187713623,4.62545442581177,5,5,0.789855062961578,0.967391312122345,1,1,12,1.04999995231628,0
02,2016-02-22,52050040,,"",SANDONA [52050040],Pluviométrica,Convencional,Activa,Nariño,Sandoná,1.3223,-77.4792,20,9/15/1963,,Cudayari,Pacifico,Patía,Río Guáitara,2016,22,Andes,Preliminar,0,0,0,2.84494376182556,2.84494376182556,0,2.45085549354553,1.92811107635498,3.93818187713623,4.62545442581177,5,5,0.789855062961578,0.967391312122345,1,1,11,1.04999995231628,0
02,2016-02-23,52050040,,"",SANDONA [52050040],Pluviométrica,Convencional,Activa,Nariño,Sandoná,1.3223,-77.4792,20,9/15/1963,,Cudayari,Pacifico,Patía,Río Guáitara,2016,23,Andes,Preliminar,0,0,0,1.54789960384369,1.54789960384369,0,2.07149934768677,1.74988257884979,3.93818187713623,4.62545442581177,5,5,0.789855062961578,0.967391312122345,1,1,11,1.04999995231628,0
02,2007-02-26,52050040,,"",SANDONA [52050040],Pluviométrica,Convencional,Activa,Nariño,Sandoná,1.3223,-77.4792,20,9/15/1963,,Cudayari,Pacifico,Patía,Río Guáitara,2007,26,Andes,Preliminar,0,0,0,1.31426465511322,1.31426465511322,0,0,0,3.93818187713623,4.62545442581177,5,5,0.789855062961578,0.967391312122345,1,1,12,1.04999995231628,0
02,2008-02-24,52050040,4,Definitivo,SANDONA [52050040],Pluviométrica,Convencional,Activa,Nariño,Sandoná,1.3223,-77.4792,20,9/15/1963,,Cudayari,Pacifico,Patía,Río Guáitara,2008,24,Andes,Definitivo,4,4,0,3.84743905067444,3.84743905067444,18.9320106506348,10.5511589050293,17.7097797393799,3.93818187713623,4.62545442581177,5,5,0.789855062961578,0.967391312122345,1,1,11,1.04999995231628,4.19999980926514
02,2007-02-21,52050040,,"",SANDONA [52050040],Pluviométrica,Convencional,Activa,Nariño,Sandoná,1.3223,-77.4792,20,9/15/1963,,Cudayari,Pacifico,Patía,Río Guáitara,2007,21,Andes,Preliminar,0,0,0,2.92065501213074,2.92065501213074,0,0.312574207782745,1.43242108821869,3.93818187713623,4.62545442581177,5,5,0.789855062961578,0.967391312122345,1,1,11,1.04999995231628,0
02,2023-02-16,52050040,24,En revisión,SANDONA [52050040],Pluviométrica,Convencional,Activa,Nariño,Sandoná,1.3223,-77.4792,20,9/15/1963,,Cudayari,Pacifico,Patía,Río Guáitara,2023,16,Andes,En revisión,24,24,0,4.15503883361816,4.15503883361816,0,8.88368892669678,6.78837251663208,3.93818187713623,4.62545442581177,5,5,0.789855062961578,0.967391312122345,1,1,10,1.04999995231628,25.1999988555908
02,2021-02-14,52050040,2,En revisión,SANDONA [52050040],Pluviométrica,Convencional,Activa,Nariño,Sandoná,1.3223,-77.4792,20,9/15/1963,,Cudayari,Pacifico,Patía,Río Guáitara,2021,14,Andes,En revisión,2,2,0,2.1118323802948,2.1118323802948,0,6.37924480438232,0,3.93818187713623,4.62545442581177,5,5,0.789855062961578,0.967391312122345,1,1,9,1.04999995231628,2.09999990463257
02,2008-02-22,52050040,,"",SANDONA [52050040],Pluviométrica,Convencional,Activa,Nariño,Sandoná,1.3223,-77.4792,20,9/15/1963,,Cudayari,Pacifico,Patía,Río Guáitara,2008,22,Andes,Preliminar,2,2,0,0.815427362918854,0.815427362918854,0,5.69946241378784,0.521606385707855,3.93818187713623,4.62545442581177,5,5,0.789855062961578,0.967391312122345,1,1,11,1.04999995231628,2.09999990463257
02,2010-02-23,52050040,5,Definitivo,SANDONA [52050040],Pluviométrica,Convencional,Activa,Nariño,Sandoná,1.3223,-77.4792,20,9/15/1963,,Cudayari,Pacifico,Patía,Río Guáitara,2010,23,Andes,Definitivo,5,5,0,10.5454368591309,10.5454368591309,26.390266418457,14.3564367294312,18.6353225708008,3.93818187713623,4.62545442581177,5,5,0.789855062961578,0.967391312122345,1,1,11,1.04999995231628,5.24999976158142
02,2012-02-26,52050040,1,Definitivo,SANDONA [52050040],Pluviométrica,Convencional,Activa,Nariño,Sandoná,1.3223,-77.4792,20,9/15/1963,,Cudayari,Pacifico,Patía,Río Guáitara,2012,26,Andes,Definitivo,1,1,0,4.69664669036865,4.69664669036865,0,3.25123357772827,2.38050889968872,3.93818187713623,4.62545442581177,5,5,0.789855062961578,0.967391312122345,1,1,12,1.04999995231628,1.04999995231628
02,2019-02-26,52050040,,"",SANDONA [52050040],Pluviométrica,Convencional,Activa,Nariño,Sandoná,1.3223,-77.4792,20,9/15/1963,,Cudayari,Pacifico,Patía,Río Guáitara,2019,26,Andes,Preliminar,0,0,0,2.75868535041809,2.75868535041809,0,0,0,3.93818187713623,4.62545442581177,5,5,0.789855062961578,0.967391312122345,1,1,12,1.04999995231628,0
02,2022-02-24,52050040,11,En revisión,SANDONA [52050040],Pluviométrica,Convencional,Activa,Nariño,Sandoná,1.3223,-77.4792,20,9/15/1963,,Cudayari,Pacifico,Patía,Río Guáitara,2022,24,Andes,En revisión,11,11,0,2.69661712646484,2.69661712646484,0,0,0,3.93818187713623,4.62545442581177,5,5,0.789855062961578,0.967391312122345,1,1,11,1.04999995231628,11.5499994754791
02,2015-02-25,52050040,,"",SANDONA [52050040],Pluviométrica,Convencional,Activa,Nariño,Sandoná,1.3223,-77.4792,20,9/15/1963,,Cudayari,Pacifico,Patía,Río Guáitara,2015,25,Andes,Preliminar,,,1,4.24330520629883,4.24330520629883,0,0.546159088611603,0,3.93818187713623,4.62545442581177,5,5,0.789855062961578,0.967391312122345,1,1,11,1.04999995231628,
02,2008-02-27,52050040,15,Definitivo,SANDONA [52050040],Pluviométrica,Convencional,Activa,Nariño,Sandoná,1.3223,-77.4792,20,9/15/1963,,Cudayari,Pacifico,Patía,Río Guáitara,2008,27,Andes,Definitivo,15,15,0,5.04027271270752,5.04027271270752,0,3.61652803421021,6.30360317230225,3.93818187713623,4.62545442581177,5,5,0.789855062961578,0.967391312122345,1,1,12,1.04999995231628,15.7499992847443
02,2006-02-27,52050040,9,Definitivo,SANDONA [52050040],Pluviométrica,Convencional,Activa,Nariño,Sandoná,1.3223,-77.4792,20,9/15/1963,,Cudayari,Pacifico,Patía,Río Guáitara,2006,27,Andes,Definitivo,9,9,0,4.54873037338257,4.54873037338257,0,5.70175218582153,1.0113410949707,3.93818187713623,4.62545442581177,5,5,0.789855062961578,0.967391312122345,1,1,12,1.04999995231628,9.44999957084656
02,2019-02-21,52050040,,"",SANDONA [52050040],Pluviométrica,Convencional,Activa,Nariño,Sandoná,1.3223,-77.4792,20,9/15/1963,,Cudayari,Pacifico,Patía,Río Guáitara,2019,21,Andes,Preliminar,0,0,0,1.33223056793213,1.33223056793213,45.5176086425781,0.965172171592712,1.18459975719452,3.93818187713623,4.62545442581177,5,5,0.789855062961578,0.967391312122345,1,1,11,1.04999995231628,0
02,2018-02-25,52050040,,"",SANDONA [52050040],Pluviométrica,Convencional,Activa,Nariño,Sandoná,1.3223,-77.4792,20,9/15/1963,,Cudayari,Pacifico,Patía,Río Guáitara,2018,25,Andes,Preliminar,,,1,1.58130693435669,1.58130693435669,0,0.870671272277832,0.0408785045146942,3.93818187713623,4.62545442581177,5,5,0.789855062961578,0.967391312122345,1,1,11,1.04999995231628,
02,2022-02-22,52050040,,"",SANDONA [52050040],Pluviométrica,Convencional,Activa,Nariño,Sandoná,1.3223,-77.4792,20,9/15/1963,,Cudayari,Pacifico,Patía,Río Guáitara,2022,22,Andes,Preliminar,0,0,0,0.959093332290649,0.959093332290649,0,0,0,3.93818187713623,4.62545442581177,5,5,0.789855062961578,0.967391312122345,1,1,11,1.04999995231628,0
02,2007-02-22,52050040,,"",SANDONA [52050040],Pluviométrica,Convencional,Activa,Nariño,Sandoná,1.3223,-77.4792,20,9/15/1963,,Cudayari,Pacifico,Patía,Río Guáitara,2007,22,Andes,Preliminar,0,0,0,1.9849112033844,1.9849112033844,6.90941047668457,0.537443399429321,0,3.93818187713623,4.62545442581177,5,5,0.789855062961578,0.967391312122345,1,1,11,1.04999995231628,0
02,2008-02-20,52050040,7,Definitivo,SANDONA [52050040],Pluviométrica,Convencional,Activa,Nariño,Sandoná,1.3223,-77.4792,20,9/15/1963,,Cudayari,Pacifico,Patía,Río Guáitara,2008,20,Andes,Definitivo,7,7,0,2.44049167633057,2.44049167633057,28.3871688842773,13.3963508605957,3.36234641075134,3.93818187713623,4.62545442581177,5,5,0.789855062961578,0.967391312122345,1,1,10,1.04999995231628,7.34999966621399
02,2023-02-11,52050040,2,En revisión,SANDONA [52050040],Pluviométrica,Convencional,Activa,Nariño,Sandoná,1.3223,-77.4792,20,9/15/1963,,Cudayari,Pacifico,Patía,Río Guáitara,2023,11,Andes,En revisión,2,2,0,1.9499214887619,1.9499214887619,0,0.71813029050827,0,3.93818187713623,4.62545442581177,5,5,0.789855062961578,0.967391312122345,1,1,9,1.04999995231628,2.09999990463257
02,2023-02-08,52050040,,"",SANDONA [52050040],Pluviométrica,Convencional,Activa,Nariño,Sandoná,1.3223,-77.4792,20,9/15/1963,,Cudayari,Pacifico,Patía,Río Guáitara,2023,08,Andes,Preliminar,0,0,0,3.240877866745,3.240877866745,0,0.148388385772705,0.0279341898858547,3.93818187713623,4.62545442581177,5,5,0.789855062961578,0.967391312122345,1,1,8,1.04999995231628,0
02,2013-02-21,52050040,,"",SANDONA [52050040],Pluviométrica,Convencional,Activa,Nariño,Sandoná,1.3223,-77.4792,20,9/15/1963,,Cudayari,Pacifico,Patía,Río Guáitara,2013,21,Andes,Preliminar,0,0,0,2.12299633026123,2.12299633026123,0,0.175632536411285,0.477456212043762,3.93818187713623,4.62545442581177,5,5,0.789855062961578,0.967391312122345,1,1,11,1.04999995231628,0
02,2015-02-24,52050040,,"",SANDONA [52050040],Pluviométrica,Convencional,Activa,Nariño,Sandoná,1.3223,-77.4792,20,9/15/1963,,Cudayari,Pacifico,Patía,Río Guáitara,2015,24,Andes,Preliminar,,,1,2.62318348884583,2.62318348884583,0,1.68968880176544,0,3.93818187713623,4.62545442581177,5,5,0.789855062961578,0.967391312122345,1,1,11,1.04999995231628,
02,2017-02-25,52050040,,"",SANDONA [52050040],Pluviométrica,Convencional,Activa,Nariño,Sandoná,1.3223,-77.4792,20,9/15/1963,,Cudayari,Pacifico,Patía,Río Guáitara,2017,25,Andes,Preliminar,0,0,0,10.8543272018433,10.8543272018433,5.71868944168091,9.0451774597168,16.361213684082,3.93818187713623,4.62545442581177,5,5,0.789855062961578,0.967391312122345,1,1,11,1.04999995231628,0
02,2010-02-27,52050040,,"",SANDONA [52050040],Pluviométrica,Convencional,Activa,Nariño,Sandoná,1.3223,-77.4792,20,9/15/1963,,Cudayari,Pacifico,Patía,Río Guáitara,2010,27,Andes,Preliminar,0,0,0,6.23106098175049,6.23106098175049,0,7.87176275253296,1.2244884967804,3.93818187713623,4.62545442581177,5,5,0.789855062961578,0.967391312122345,1,1,12,1.04999995231628,0
02,2009-02-22,52050040,0,Definitivo,SANDONA [52050040],Pluviométrica,Convencional,Activa,Nariño,Sandoná,1.3223,-77.4792,20,9/15/1963,,Cudayari,Pacifico,Patía,Río Guáitara,2009,22,Andes,Definitivo,0,0,0,3.78933525085449,3.78933525085449,0,5.73239612579346,9.60750675201416,3.93818187713623,4.62545442581177,5,5,0.789855062961578,0.967391312122345,1,1,11,1.04999995231628,0
02,2014-02-21,52050040,4,Definitivo,SANDONA [52050040],Pluviométrica,Convencional,Activa,Nariño,Sandoná,1.3223,-77.4792,20,9/15/1963,,Cudayari,Pacifico,Patía,Río Guáitara,2014,21,Andes,Definitivo,4,4,0,3.44479084014893,3.44479084014893,0,1.82478785514832,0.996628820896149,3.93818187713623,4.62545442581177,5,5,0.789855062961578,0.967391312122345,1,1,11,1.04999995231628,4.19999980926514
02,2007-02-25,52050040,0,Definitivo,SANDONA [52050040],Pluviométrica,Convencional,Activa,Nariño,Sandoná,1.3223,-77.4792,20,9/15/1963,,Cudayari,Pacifico,Patía,Río Guáitara,2007,25,Andes,Definitivo,0,0,0,2.09833478927612,2.09833478927612,0,0.418177455663681,0.005968420766294,3.93818187713623,4.62545442581177,5,5,0.789855062961578,0.967391312122345,1,1,11,1.04999995231628,0
02,2005-02-25,52050040,,"",SANDONA [52050040],Pluviométrica,Convencional,Activa,Nariño,Sandoná,1.3223,-77.4792,20,9/15/1963,,Cudayari,Pacifico,Patía,Río Guáitara,2005,25,Andes,Preliminar,0,0,0,0.183412864804268,0.183412864804268,0,0,0,3.93818187713623,4.62545442581177,5,5,0.789855062961578,0.967391312122345,1,1,11,1.04999995231628,0
02,2006-02-23,52050040,,"",SANDONA [52050040],Pluviométrica,Convencional,Activa,Nariño,Sandoná,1.3223,-77.4792,20,9/15/1963,,Cudayari,Pacifico,Patía,Río Guáitara,2006,23,Andes,Preliminar,0,0,0,0.438790559768677,0.438790559768677,0,0.415810406208038,0.0517384968698025,3.93818187713623,4.62545442581177,5,5,0.789855062961578,0.967391312122345,1,1,11,1.04999995231628,0
02,2021-02-21,52050040,10,En revisión,SANDONA [52050040],Pluviométrica,Convencional,Activa,Nariño,Sandoná,1.3223,-77.4792,20,9/15/1963,,Cudayari,Pacifico,Patía,Río Guáitara,2021,21,Andes,En revisión,10,10,0,5.77520751953125,5.77520751953125,0,1.1598846912384,0,3.93818187713623,4.62545442581177,5,5,0.789855062961578,0.967391312122345,1,1,11,1.04999995231628,10.4999995231628
02,2022-02-17,52050040,12,En revisión,SANDONA [52050040],Pluviométrica,Convencional,Activa,Nariño,Sandoná,1.3223,-77.4792,20,9/15/1963,,Cudayari,Pacifico,Patía,Río Guáitara,2022,17,Andes,En revisión,12,12,0,6.91729545593262,6.91729545593262,22.8424453735352,8.33893203735352,0.0623156018555164,3.93818187713623,4.62545442581177,5,5,0.789855062961578,0.967391312122345,1,1,10,1.04999995231628,12.5999994277954
02,2009-02-17,52050040,6,Definitivo,SANDONA [52050040],Pluviométrica,Convencional,Activa,Nariño,Sandoná,1.3223,-77.4792,20,9/15/1963,,Cudayari,Pacifico,Patía,Río Guáitara,2009,17,Andes,Definitivo,6,6,0,0.626162350177765,0.626162350177765,0,1.23527669906616,2.25321173667908,3.93818187713623,4.62545442581177,5,5,0.789855062961578,0.967391312122345,1,1,10,1.04999995231628,6.29999971389771
02,2009-02-18,52050040,,"",SANDONA [52050040],Pluviométrica,Convencional,Activa,Nariño,Sandoná,1.3223,-77.4792,20,9/15/1963,,Cudayari,Pacifico,Patía,Río Guáitara,2009,18,Andes,Preliminar,1,1,0,9.05527114868164,9.05527114868164,0,3.61546587944031,4.8409161567688,3.93818187713623,4.62545442581177,5,5,0.789855062961578,0.967391312122345,1,1,10,1.04999995231628,1.04999995231628
02,2008-02-23,52050040,,"",SANDONA [52050040],Pluviométrica,Convencional,Activa,Nariño,Sandoná,1.3223,-77.4792,20,9/15/1963,,Cudayari,Pacifico,Patía,Río Guáitara,2008,23,Andes,Preliminar,3,3,0,2.22806930541992,2.22806930541992,18.9320106506348,5.84499740600586,16.9397869110107,3.93818187713623,4.62545442581177,5,5,0.789855062961578,0.967391312122345,1,1,11,1.04999995231628,3.14999985694885
02,2013-02-22,52050040,,"",SANDONA [52050040],Pluviométrica,Convencional,Activa,Nariño,Sandoná,1.3223,-77.4792,20,9/15/1963,,Cudayari,Pacifico,Patía,Río Guáitara,2013,22,Andes,Preliminar,0,0,0,2.46195197105408,2.46195197105408,0,0.26220828294754,0,3.93818187713623,4.62545442581177,5,5,0.789855062961578,0.967391312122345,1,1,11,1.04999995231628,0
02,2016-02-21,52050040,13,Definitivo,SANDONA [52050040],Pluviométrica,Convencional,Activa,Nariño,Sandoná,1.3223,-77.4792,20,9/15/1963,,Cudayari,Pacifico,Patía,Río Guáitara,2016,21,Andes,Definitivo,13,13,0,1.37981712818146,1.37981712818146,0,1.99366116523743,0.118819177150726,3.93818187713623,4.62545442581177,5,5,0.789855062961578,0.967391312122345,1,1,11,1.04999995231628,13.6499993801117
02,2011-02-23,52050040,18,Definitivo,SANDONA [52050040],Pluviométrica,Convencional,Activa,Nariño,Sandoná,1.3223,-77.4792,20,9/15/1963,,Cudayari,Pacifico,Patía,Río Guáitara,2011,23,Andes,Definitivo,18,18,0,29.4299602508545,29.4299602508545,7.77257299423218,16.5160694122314,12.6504774093628,3.93818187713623,4.62545442581177,5,5,0.789855062961578,0.967391312122345,1,1,11,1.04999995231628,18.8999991416931
02,2022-02-07,52050040,5,En revisión,SANDONA [52050040],Pluviométrica,Convencional,Activa,Nariño,Sandoná,1.3223,-77.4792,20,9/15/1963,,Cudayari,Pacifico,Patía,Río Guáitara,2022,07,Andes,En revisión,5,5,0,4.48466873168945,4.48466873168945,0,4.08328342437744,6.22919893264771,3.93818187713623,4.62545442581177,5,5,0.789855062961578,0.967391312122345,1,1,8,1.04999995231628,5.24999976158142
02,2023-02-05,52050040,,"",SANDONA [52050040],Pluviométrica,Convencional,Activa,Nariño,Sandoná,1.3223,-77.4792,20,9/15/1963,,Cudayari,Pacifico,Patía,Río Guáitara,2023,05,Andes,Preliminar,0,0,0,2.61440253257751,2.61440253257751,0,0,0,3.93818187713623,4.62545442581177,5,5,0.789855062961578,0.967391312122345,1,1,7,1.04999995231628,0
02,2014-02-22,52050040,,"",SANDONA [52050040],Pluviométrica,Convencional,Activa,Nariño,Sandoná,1.3223,-77.4792,20,9/15/1963,,Cudayari,Pacifico,Patía,Río Guáitara,2014,22,Andes,Preliminar,0,0,0,1.74328780174255,1.74328780174255,0,1.06527984142303,1.10736536979675,3.93818187713623,4.62545442581177,5,5,0.789855062961578,0.967391312122345,1,1,11,1.04999995231628,0
02,2014-02-23,52050040,2,Definitivo,SANDONA [52050040],Pluviométrica,Convencional,Activa,Nariño,Sandoná,1.3223,-77.4792,20,9/15/1963,,Cudayari,Pacifico,Patía,Río Guáitara,2014,23,Andes,Definitivo,2,2,0,1.39582872390747,1.39582872390747,0,1.97830486297607,0,3.93818187713623,4.62545442581177,5,5,0.789855062961578,0.967391312122345,1,1,11,1.04999995231628,2.09999990463257
02,2019-02-22,52050040,,"",SANDONA [52050040],Pluviométrica,Convencional,Activa,Nariño,Sandoná,1.3223,-77.4792,20,9/15/1963,,Cudayari,Pacifico,Patía,Río Guáitara,2019,22,Andes,Preliminar,0,0,0,0.677566826343536,0.677566826343536,0,0.926119744777679,0.533069908618927,3.93818187713623,4.62545442581177,5,5,0.789855062961578,0.967391312122345,1,1,11,1.04999995231628,0
02,2008-02-18,52050040,30,Definitivo,SANDONA [52050040],Pluviométrica,Convencional,Activa,Nariño,Sandoná,1.3223,-77.4792,20,9/15/1963,,Cudayari,Pacifico,Patía,Río Guáitara,2008,18,Andes,Definitivo,30,30,0,8.66061401367188,8.66061401367188,21.290376663208,9.45875453948975,25.4317836761475,3.93818187713623,4.62545442581177,5,5,0.789855062961578,0.967391312122345,1,1,10,1.04999995231628,31.4999985694885
02,2008-02-19,52050040,8,Definitivo,SANDONA [52050040],Pluviométrica,Convencional,Activa,Nariño,Sandoná,1.3223,-77.4792,20,9/15/1963,,Cudayari,Pacifico,Patía,Río Guáitara,2008,19,Andes,Definitivo,8,8,0,8.12245559692383,8.12245559692383,14.1935844421387,7.74023962020874,16.5005493164063,3.93818187713623,4.62545442581177,5,5,0.789855062961578,0.967391312122345,1,1,10,1.04999995231628,8.39999961853027
02,2023-02-13,52050040,1,En revisión,SANDONA [52050040],Pluviométrica,Convencional,Activa,Nariño,Sandoná,1.3223,-77.4792,20,9/15/1963,,Cudayari,Pacifico,Patía,Río Guáitara,2023,13,Andes,En revisión,1,1,0,2.56596541404724,2.56596541404724,0,0.37413302063942,0,3.93818187713623,4.62545442581177,5,5,0.789855062961578,0.967391312122345,1,1,9,1.04999995231628,1.04999995231628
02,2022-02-12,52050040,1,En revisión,SANDONA [52050040],Pluviométrica,Convencional,Activa,Nariño,Sandoná,1.3223,-77.4792,20,9/15/1963,,Cudayari,Pacifico,Patía,Río Guáitara,2022,12,Andes,En revisión,1,1,0,9.65045166015625,9.65045166015625,0,5.80753183364868,0.381593585014343,3.93818187713623,4.62545442581177,5,5,0.789855062961578,0.967391312122345,1,1,9,1.04999995231628,1.04999995231628
02,2021-02-11,52050040,,"",SANDONA [52050040],Pluviométrica,Convencional,Activa,Nariño,Sandoná,1.3223,-77.4792,20,9/15/1963,,Cudayari,Pacifico,Patía,Río Guáitara,2021,11,Andes,Preliminar,0,0,0,2.60222387313843,2.60222387313843,23.0009899139404,2.11785745620728,18.6313037872314,3.93818187713623,4.62545442581177,5,5,0.789855062961578,0.967391312122345,1,1,9,1.04999995231628,0
02,2011-02-21,52050040,,"",SANDONA [52050040],Pluviométrica,Convencional,Activa,Nariño,Sandoná,1.3223,-77.4792,20,9/15/1963,,Cudayari,Pacifico,Patía,Río Guáitara,2011,21,Andes,Preliminar,0,0,0,0,0,31.0902919769287,15.85719871521,17.8030071258545,3.93818187713623,4.62545442581177,5,5,0.789855062961578,0.967391312122345,1,1,11,1.04999995231628,0
02,2011-02-22,52050040,35,Definitivo,SANDONA [52050040],Pluviométrica,Convencional,Activa,Nariño,Sandoná,1.3223,-77.4792,20,9/15/1963,,Cudayari,Pacifico,Patía,Río Guáitara,2011,22,Andes,Definitivo,35,35,0,1.62496697902679,1.62496697902679,0,4.89974689483643,5.88508796691895,3.93818187713623,4.62545442581177,5,5,0.789855062961578,0.967391312122345,1,1,11,1.04999995231628,36.7499983310699
02,2023-02-06,52050040,,"",SANDONA [52050040],Pluviométrica,Convencional,Activa,Nariño,Sandoná,1.3223,-77.4792,20,9/15/1963,,Cudayari,Pacifico,Patía,Río Guáitara,2023,06,Andes,Preliminar,0,0,0,1.82737588882446,1.82737588882446,0,0.172394841909409,0.544716715812683,3.93818187713623,4.62545442581177,5,5,0.789855062961578,0.967391312122345,1,1,8,1.04999995231628,0
02,2005-02-28,52050040,9,Definitivo,SANDONA [52050040],Pluviométrica,Convencional,Activa,Nariño,Sandoná,1.3223,-77.4792,20,9/15/1963,,Cudayari,Pacifico,Patía,Río Guáitara,2005,28,Andes,Definitivo,9,9,0,6.54760408401489,6.54760408401489,7.89046144485474,10.0559225082397,8.17650318145752,3.93818187713623,4.62545442581177,5,5,0.789855062961578,0.967391312122345,1,1,12,1.04999995231628,9.44999957084656
02,2006-02-26,52050040,,"",SANDONA [52050040],Pluviométrica,Convencional,Activa,Nariño,Sandoná,1.3223,-77.4792,20,9/15/1963,,Cudayari,Pacifico,Patía,Río Guáitara,2006,26,Andes,Preliminar,0,0,0,3.20656776428223,3.20656776428223,0,0.83975625038147,0.122058413922787,3.93818187713623,4.62545442581177,5,5,0.789855062961578,0.967391312122345,1,1,12,1.04999995231628,0
02,2007-02-24,52050040,,"",SANDONA [52050040],Pluviométrica,Convencional,Activa,Nariño,Sandoná,1.3223,-77.4792,20,9/15/1963,,Cudayari,Pacifico,Patía,Río Guáitara,2007,24,Andes,Preliminar,0,0,0,0.510405719280243,0.510405719280243,0,0.062561422586441,0,3.93818187713623,4.62545442581177,5,5,0.789855062961578,0.967391312122345,1,1,11,1.04999995231628,0
02,2005-02-24,52050040,,"",SANDONA [52050040],Pluviométrica,Convencional,Activa,Nariño,Sandoná,1.3223,-77.4792,20,9/15/1963,,Cudayari,Pacifico,Patía,Río Guáitara,2005,24,Andes,Preliminar,0,0,0,0.961083292961121,0.961083292961121,0,0,0,3.93818187713623,4.62545442581177,5,5,0.789855062961578,0.967391312122345,1,1,11,1.04999995231628,0
02,2006-02-22,52050040,,"",SANDONA [52050040],Pluviométrica,Convencional,Activa,Nariño,Sandoná,1.3223,-77.4792,20,9/15/1963,,Cudayari,Pacifico,Patía,Río Guáitara,2006,22,Andes,Preliminar,0,0,0,2.30196261405945,2.30196261405945,0,0.513760447502136,4.72298669815064,3.93818187713623,4.62545442581177,5,5,0.789855062961578,0.967391312122345,1,1,11,1.04999995231628,0
02,2021-02-23,52050040,,"",SANDONA [52050040],Pluviométrica,Convencional,Activa,Nariño,Sandoná,1.3223,-77.4792,20,9/15/1963,,Cudayari,Pacifico,Patía,Río Guáitara,2021,23,Andes,Preliminar,0,0,0,1.92756700515747,1.92756700515747,18.9788665771484,1.7595876455307,0.928474187850952,3.93818187713623,4.62545442581177,5,5,0.789855062961578,0.967391312122345,1,1,11,1.04999995231628,0
02,2020-02-23,52050040,,"",SANDONA [52050040],Pluviométrica,Convencional,Activa,Nariño,Sandoná,1.3223,-77.4792,20,9/15/1963,,Cudayari,Pacifico,Patía,Río Guáitara,2020,23,Andes,Preliminar,0,0,0,2.78259634971619,2.78259634971619,0,5.14944791793823,0.724904298782349,3.93818187713623,4.62545442581177,5,5,0.789855062961578,0.967391312122345,1,1,11,1.04999995231628,0
02,2009-02-16,52050040,4,Definitivo,SANDONA [52050040],Pluviométrica,Convencional,Activa,Nariño,Sandoná,1.3223,-77.4792,20,9/15/1963,,Cudayari,Pacifico,Patía,Río Guáitara,2009,16,Andes,Definitivo,4,4,0,0.999451518058777,0.999451518058777,43.588550567627,26.688419342041,25.5569190979004,3.93818187713623,4.62545442581177,5,5,0.789855062961578,0.967391312122345,1,1,10,1.04999995231628,4.19999980926514
02,2010-02-14,52050040,,"",SANDONA [52050040],Pluviométrica,Convencional,Activa,Nariño,Sandoná,1.3223,-77.4792,20,9/15/1963,,Cudayari,Pacifico,Patía,Río Guáitara,2010,14,Andes,Preliminar,0,0,0,3.75017714500427,3.75017714500427,0,0,0,3.93818187713623,4.62545442581177,5,5,0.789855062961578,0.967391312122345,1,1,9,1.04999995231628,0
02,2010-02-15,52050040,4,Definitivo,SANDONA [52050040],Pluviométrica,Convencional,Activa,Nariño,Sandoná,1.3223,-77.4792,20,9/15/1963,,Cudayari,Pacifico,Patía,Río Guáitara,2010,15,Andes,Definitivo,4,4,0,4.29126739501953,4.29126739501953,0,0,0,3.93818187713623,4.62545442581177,5,5,0.789855062961578,0.967391312122345,1,1,9,1.04999995231628,4.19999980926514
02,2022-02-09,52050040,1,En revisión,SANDONA [52050040],Pluviométrica,Convencional,Activa,Nariño,Sandoná,1.3223,-77.4792,20,9/15/1963,,Cudayari,Pacifico,Patía,Río Guáitara,2022,09,Andes,En revisión,1,1,0,3.53333377838135,3.53333377838135,0,2.81922578811646,0.281831502914429,3.93818187713623,4.62545442581177,5,5,0.789855062961578,0.967391312122345,1,1,8,1.04999995231628,1.04999995231628
02,2023-02-07,52050040,,"",SANDONA [52050040],Pluviométrica,Convencional,Activa,Nariño,Sandoná,1.3223,-77.4792,20,9/15/1963,,Cudayari,Pacifico,Patía,Río Guáitara,2023,07,Andes,Preliminar,0,0,0,2.33448147773743,2.33448147773743,0,0.157670333981514,0.097769670188427,3.93818187713623,4.62545442581177,5,5,0.789855062961578,0.967391312122345,1,1,8,1.04999995231628,0
02,2010-02-26,52050040,2,Definitivo,SANDONA [52050040],Pluviométrica,Convencional,Activa,Nariño,Sandoná,1.3223,-77.4792,20,9/15/1963,,Cudayari,Pacifico,Patía,Río Guáitara,2010,26,Andes,Definitivo,2,2,0,3.68860626220703,3.68860626220703,9.83622169494629,5.3078784942627,13.570764541626,3.93818187713623,4.62545442581177,5,5,0.789855062961578,0.967391312122345,1,1,12,1.04999995231628,2.09999990463257
02,2010-02-18,52050040,,"",SANDONA [52050040],Pluviométrica,Convencional,Activa,Nariño,Sandoná,1.3223,-77.4792,20,9/15/1963,,Cudayari,Pacifico,Patía,Río Guáitara,2010,18,Andes,Preliminar,0,0,0,0.621402561664581,0.621402561664581,0,0,0,3.93818187713623,4.62545442581177,5,5,0.789855062961578,0.967391312122345,1,1,10,1.04999995231628,0
02,2010-02-19,52050040,,"",SANDONA [52050040],Pluviométrica,Convencional,Activa,Nariño,Sandoná,1.3223,-77.4792,20,9/15/1963,,Cudayari,Pacifico,Patía,Río Guáitara,2010,19,Andes,Preliminar,0,0,0,0.104483611881733,0.104483611881733,0,0,0,3.93818187713623,4.62545442581177,5,5,0.789855062961578,0.967391312122345,1,1,10,1.04999995231628,0
02,2012-02-21,52050040,,"",SANDONA [52050040],Pluviométrica,Convencional,Activa,Nariño,Sandoná,1.3223,-77.4792,20,9/15/1963,,Cudayari,Pacifico,Patía,Río Guáitara,2012,21,Andes,Preliminar,0,0,0,4.12780952453613,4.12780952453613,0,5.30178070068359,5.71674203872681,3.93818187713623,4.62545442581177,5,5,0.789855062961578,0.967391312122345,1,1,11,1.04999995231628,0
02,2012-02-22,52050040,9,Definitivo,SANDONA [52050040],Pluviométrica,Convencional,Activa,Nariño,Sandoná,1.3223,-77.4792,20,9/15/1963,,Cudayari,Pacifico,Patía,Río Guáitara,2012,22,Andes,Definitivo,9,9,0,4.56190299987793,4.56190299987793,26.003942489624,3.53970527648926,7.14865875244141,3.93818187713623,4.62545442581177,5,5,0.789855062961578,0.967391312122345,1,1,11,1.04999995231628,9.44999957084656
02,2012-02-23,52050040,,"",SANDONA [52050040],Pluviométrica,Convencional,Activa,Nariño,Sandoná,1.3223,-77.4792,20,9/15/1963,,Cudayari,Pacifico,Patía,Río Guáitara,2012,23,Andes,Preliminar,0,0,0,4.27513933181763,4.27513933181763,0,7.58421850204468,0.852592468261719,3.93818187713623,4.62545442581177,5,5,0.789855062961578,0.967391312122345,1,1,11,1.04999995231628,0
02,2007-02-20,52050040,6,Definitivo,SANDONA [52050040],Pluviométrica,Convencional,Activa,Nariño,Sandoná,1.3223,-77.4792,20,9/15/1963,,Cudayari,Pacifico,Patía,Río Guáitara,2007,20,Andes,Definitivo,6,6,0,3.01722359657288,3.01722359657288,0,2.88266491889954,6.07859706878662,3.93818187713623,4.62545442581177,5,5,0.789855062961578,0.967391312122345,1,1,10,1.04999995231628,6.29999971389771
02,2009-02-14,52050040,20,Definitivo,SANDONA [52050040],Pluviométrica,Convencional,Activa,Nariño,Sandoná,1.3223,-77.4792,20,9/15/1963,,Cudayari,Pacifico,Patía,Río Guáitara,2009,14,Andes,Definitivo,20,20,0,12.3316507339478,12.3316507339478,0,26.3040218353272,33.6012802124023,3.93818187713623,4.62545442581177,5,5,0.789855062961578,0.967391312122345,1,1,9,1.04999995231628,20.9999990463257
02,2023-02-18,52050040,0,En revisión,SANDONA [52050040],Pluviométrica,Convencional,Activa,Nariño,Sandoná,1.3223,-77.4792,20,9/15/1963,,Cudayari,Pacifico,Patía,Río Guáitara,2023,18,Andes,En revisión,0,0,0,4.72912645339966,4.72912645339966,23.8624439239502,9.25311946868896,27.6011657714844,3.93818187713623,4.62545442581177,5,5,0.789855062961578,0.967391312122345,1,1,10,1.04999995231628,0
02,2021-02-16,52050040,9,En revisión,SANDONA [52050040],Pluviométrica,Convencional,Activa,Nariño,Sandoná,1.3223,-77.4792,20,9/15/1963,,Cudayari,Pacifico,Patía,Río Guáitara,2021,16,Andes,En revisión,9,9,0,2.61795973777771,2.61795973777771,24.4334526062012,14.8880891799927,0.216126799583435,3.93818187713623,4.62545442581177,5,5,0.789855062961578,0.967391312122345,1,1,10,1.04999995231628,9.44999957084656
02,2021-02-13,52050040,,"",SANDONA [52050040],Pluviométrica,Convencional,Activa,Nariño,Sandoná,1.3223,-77.4792,20,9/15/1963,,Cudayari,Pacifico,Patía,Río Guáitara,2021,13,Andes,Preliminar,0,0,0,2.27608323097229,2.27608323097229,0,4.60428810119629,0,3.93818187713623,4.62545442581177,5,5,0.789855062961578,0.967391312122345,1,1,9,1.04999995231628,0
02,2009-02-19,52050040,3,Definitivo,SANDONA [52050040],Pluviométrica,Convencional,Activa,Nariño,Sandoná,1.3223,-77.4792,20,9/15/1963,,Cudayari,Pacifico,Patía,Río Guáitara,2009,19,Andes,Definitivo,3,3,0,7.86315393447876,7.86315393447876,0,3.62148928642273,4.31352519989014,3.93818187713623,4.62545442581177,5,5,0.789855062961578,0.967391312122345,1,1,10,1.04999995231628,3.14999985694885
02,2009-02-20,52050040,5,Definitivo,SANDONA [52050040],Pluviométrica,Convencional,Activa,Nariño,Sandoná,1.3223,-77.4792,20,9/15/1963,,Cudayari,Pacifico,Patía,Río Guáitara,2009,20,Andes,Definitivo,5,5,0,9.29610347747803,9.29610347747803,0,3.38814282417297,1.58422541618347,3.93818187713623,4.62545442581177,5,5,0.789855062961578,0.967391312122345,1,1,10,1.04999995231628,5.24999976158142
02,2009-02-21,52050040,17,Definitivo,SANDONA [52050040],Pluviométrica,Convencional,Activa,Nariño,Sandoná,1.3223,-77.4792,20,9/15/1963,,Cudayari,Pacifico,Patía,Río Guáitara,2009,21,Andes,Definitivo,17,17,0,2.80988836288452,2.80988836288452,0,6.89495086669922,9.49777698516846,3.93818187713623,4.62545442581177,5,5,0.789855062961578,0.967391312122345,1,1,11,1.04999995231628,17.8499991893768
02,2021-02-09,52050040,19,En revisión,SANDONA [52050040],Pluviométrica,Convencional,Activa,Nariño,Sandoná,1.3223,-77.4792,20,9/15/1963,,Cudayari,Pacifico,Patía,Río Guáitara,2021,09,Andes,En revisión,19,19,0,7.18090343475342,7.18090343475342,18.0563259124756,28.3813934326172,14.8929300308228,3.93818187713623,4.62545442581177,5,5,0.789855062961578,0.967391312122345,1,1,8,1.04999995231628,19.9499990940094
02,2020-02-11,52050040,,"",SANDONA [52050040],Pluviométrica,Convencional,Activa,Nariño,Sandoná,1.3223,-77.4792,20,9/15/1963,,Cudayari,Pacifico,Patía,Río Guáitara,2020,11,Andes,Preliminar,0,0,0,0.959122061729431,0.959122061729431,0,0,0,3.93818187713623,4.62545442581177,5,5,0.789855062961578,0.967391312122345,1,1,9,1.04999995231628,0
02,2021-02-08,52050040,0,En revisión,SANDONA [52050040],Pluviométrica,Convencional,Activa,Nariño,Sandoná,1.3223,-77.4792,20,9/15/1963,,Cudayari,Pacifico,Patía,Río Guáitara,2021,08,Andes,En revisión,0,0,0,6.77773666381836,6.77773666381836,0,8.20276641845703,8.87049770355225,3.93818187713623,4.62545442581177,5,5,0.789855062961578,0.967391312122345,1,1,8,1.04999995231628,0
02,2022-02-06,52050040,4,En revisión,SANDONA [52050040],Pluviométrica,Convencional,Activa,Nariño,Sandoná,1.3223,-77.4792,20,9/15/1963,,Cudayari,Pacifico,Patía,Río Guáitara,2022,06,Andes,En revisión,4,4,0,4.29872369766235,4.29872369766235,16.4846477508545,6.97279453277588,8.62115287780762,3.93818187713623,4.62545442581177,5,5,0.789855062961578,0.967391312122345,1,1,8,1.04999995231628,4.19999980926514
02,2023-02-04,52050040,,"",SANDONA [52050040],Pluviométrica,Convencional,Activa,Nariño,Sandoná,1.3223,-77.4792,20,9/15/1963,,Cudayari,Pacifico,Patía,Río Guáitara,2023,04,Andes,Preliminar,0,0,0,2.81252026557922,2.81252026557922,0,0,0,3.93818187713623,4.62545442581177,5,5,0.789855062961578,0.967391312122345,1,1,7,1.04999995231628,0
02,2017-02-21,52050040,15,Definitivo,SANDONA [52050040],Pluviométrica,Convencional,Activa,Nariño,Sandoná,1.3223,-77.4792,20,9/15/1963,,Cudayari,Pacifico,Patía,Río Guáitara,2017,21,Andes,Definitivo,15,15,0,6.03508949279785,6.03508949279785,5.71868944168091,8.1710901260376,0,3.93818187713623,4.62545442581177,5,5,0.789855062961578,0.967391312122345,1,1,11,1.04999995231628,15.7499992847443
02,2019-02-23,52050040,8,Definitivo,SANDONA [52050040],Pluviométrica,Convencional,Activa,Nariño,Sandoná,1.3223,-77.4792,20,9/15/1963,,Cudayari,Pacifico,Patía,Río Guáitara,2019,23,Andes,Definitivo,8,8,0,2.50306534767151,2.50306534767151,0,5.43016815185547,0,3.93818187713623,4.62545442581177,5,5,0.789855062961578,0.967391312122345,1,1,11,1.04999995231628,8.39999961853027
02,2009-02-15,52050040,43,Definitivo,SANDONA [52050040],Pluviométrica,Convencional,Activa,Nariño,Sandoná,1.3223,-77.4792,20,9/15/1963,,Cudayari,Pacifico,Patía,Río Guáitara,2009,15,Andes,Definitivo,43,43,0,1.06427013874054,1.06427013874054,0,8.27138710021973,15.5866250991821,3.93818187713623,4.62545442581177,5,5,0.789855062961578,0.967391312122345,1,1,9,1.04999995231628,45.1499979496002
02,2010-02-13,52050040,4,Definitivo,SANDONA [52050040],Pluviométrica,Convencional,Activa,Nariño,Sandoná,1.3223,-77.4792,20,9/15/1963,,Cudayari,Pacifico,Patía,Río Guáitara,2010,13,Andes,Definitivo,4,4,0,2.32252883911133,2.32252883911133,0,0,0,3.93818187713623,4.62545442581177,5,5,0.789855062961578,0.967391312122345,1,1,9,1.04999995231628,4.19999980926514
02,2008-02-14,52050040,,"",SANDONA [52050040],Pluviométrica,Convencional,Activa,Nariño,Sandoná,1.3223,-77.4792,20,9/15/1963,,Cudayari,Pacifico,Patía,Río Guáitara,2008,14,Andes,Preliminar,0,0,0,5.41207981109619,5.41207981109619,0,2.5581841468811,0.237791582942009,3.93818187713623,4.62545442581177,5,5,0.789855062961578,0.967391312122345,1,1,9,1.04999995231628,0
02,2023-02-10,52050040,,"",SANDONA [52050040],Pluviométrica,Convencional,Activa,Nariño,Sandoná,1.3223,-77.4792,20,9/15/1963,,Cudayari,Pacifico,Patía,Río Guáitara,2023,10,Andes,Preliminar,0,0,0,1.6768456697464,1.6768456697464,0,0.162262067198753,0,3.93818187713623,4.62545442581177,5,5,0.789855062961578,0.967391312122345,1,1,8,1.04999995231628,0
02,2021-02-10,52050040,20,En revisión,SANDONA [52050040],Pluviométrica,Convencional,Activa,Nariño,Sandoná,1.3223,-77.4792,20,9/15/1963,,Cudayari,Pacifico,Patía,Río Guáitara,2021,10,Andes,En revisión,20,20,0,8.03048229217529,8.03048229217529,36.1126518249512,9.13057899475098,31.5543193817139,3.93818187713623,4.62545442581177,5,5,0.789855062961578,0.967391312122345,1,1,8,1.04999995231628,20.9999990463257
02,2022-02-08,52050040,3,En revisión,SANDONA [52050040],Pluviométrica,Convencional,Activa,Nariño,Sandoná,1.3223,-77.4792,20,9/15/1963,,Cudayari,Pacifico,Patía,Río Guáitara,2022,08,Andes,En revisión,3,3,0,2.39592933654785,2.39592933654785,0,5.07013082504273,1.17791104316711,3.93818187713623,4.62545442581177,5,5,0.789855062961578,0.967391312122345,1,1,8,1.04999995231628,3.14999985694885
02,2005-02-27,52050040,20,Definitivo,SANDONA [52050040],Pluviométrica,Convencional,Activa,Nariño,Sandoná,1.3223,-77.4792,20,9/15/1963,,Cudayari,Pacifico,Patía,Río Guáitara,2005,27,Andes,Definitivo,20,20,0,2.54032731056213,2.54032731056213,15.7809228897095,4.09103536605835,9.5219087600708,3.93818187713623,4.62545442581177,5,5,0.789855062961578,0.967391312122345,1,1,12,1.04999995231628,20.9999990463257
02,2003-02-28,52050040,3,Definitivo,SANDONA [52050040],Pluviométrica,Convencional,Activa,Nariño,Sandoná,1.3223,-77.4792,20,9/15/1963,,Cudayari,Pacifico,Patía,Río Guáitara,2003,28,Andes,Definitivo,3,3,0,4.46701288223267,4.46701288223267,20.0214824676514,10.4853410720825,14.7468481063843,3.93818187713623,4.62545442581177,5,5,0.789855062961578,0.967391312122345,1,1,12,1.04999995231628,3.14999985694885
02,2004-02-26,52050040,,"",SANDONA [52050040],Pluviométrica,Convencional,Activa,Nariño,Sandoná,1.3223,-77.4792,20,9/15/1963,,Cudayari,Pacifico,Patía,Río Guáitara,2004,26,Andes,Preliminar,0,0,0,2.31762170791626,2.31762170791626,0,0.482935845851898,2.35845398902893,3.93818187713623,4.62545442581177,5,5,0.789855062961578,0.967391312122345,1,1,12,1.04999995231628,0
02,2005-02-23,52050040,,"",SANDONA [52050040],Pluviométrica,Convencional,Activa,Nariño,Sandoná,1.3223,-77.4792,20,9/15/1963,,Cudayari,Pacifico,Patía,Río Guáitara,2005,23,Andes,Preliminar,0,0,0,1.63604283332825,1.63604283332825,0,0,0,3.93818187713623,4.62545442581177,5,5,0.789855062961578,0.967391312122345,1,1,11,1.04999995231628,0
02,2006-02-21,52050040,,"",SANDONA [52050040],Pluviométrica,Convencional,Activa,Nariño,Sandoná,1.3223,-77.4792,20,9/15/1963,,Cudayari,Pacifico,Patía,Río Guáitara,2006,21,Andes,Preliminar,0,0,0,8.39102554321289,8.39102554321289,8.75149631500244,2.50318741798401,2.83083462715149,3.93818187713623,4.62545442581177,5,5,0.789855062961578,0.967391312122345,1,1,11,1.04999995231628,0
02,2007-02-19,52050040,1,Definitivo,SANDONA [52050040],Pluviométrica,Convencional,Activa,Nariño,Sandoná,1.3223,-77.4792,20,9/15/1963,,Cudayari,Pacifico,Patía,Río Guáitara,2007,19,Andes,Definitivo,1,1,0,0.582636296749115,0.582636296749115,0,2.45668888092041,2.24736905097961,3.93818187713623,4.62545442581177,5,5,0.789855062961578,0.967391312122345,1,1,10,1.04999995231628,1.04999995231628
02,2008-02-17,52050040,2,Definitivo,SANDONA [52050040],Pluviométrica,Convencional,Activa,Nariño,Sandoná,1.3223,-77.4792,20,9/15/1963,,Cudayari,Pacifico,Patía,Río Guáitara,2008,17,Andes,Definitivo,2,2,0,8.29767036437988,8.29767036437988,7.09679222106934,4.92631149291992,10.5234956741333,3.93818187713623,4.62545442581177,5,5,0.789855062961578,0.967391312122345,1,1,10,1.04999995231628,2.09999990463257
02,2022-02-21,52050040,0,En revisión,SANDONA [52050040],Pluviométrica,Convencional,Activa,Nariño,Sandoná,1.3223,-77.4792,20,9/15/1963,,Cudayari,Pacifico,Patía,Río Guáitara,2022,21,Andes,En revisión,0,0,0,0.82642412185669,0.82642412185669,0,0,0,3.93818187713623,4.62545442581177,5,5,0.789855062961578,0.967391312122345,1,1,11,1.04999995231628,0
02,2022-02-19,52050040,39,En revisión,SANDONA [52050040],Pluviométrica,Convencional,Activa,Nariño,Sandoná,1.3223,-77.4792,20,9/15/1963,,Cudayari,Pacifico,Patía,Río Guáitara,2022,19,Andes,En revisión,39,39,0,6.70759344100952,6.70759344100952,22.8424453735352,24.2110500335693,0.373893588781357,3.93818187713623,4.62545442581177,5,5,0.789855062961578,0.967391312122345,1,1,10,1.04999995231628,40.9499981403351
02,2020-02-18,52050040,,"",SANDONA [52050040],Pluviométrica,Convencional,Activa,Nariño,Sandoná,1.3223,-77.4792,20,9/15/1963,,Cudayari,Pacifico,Patía,Río Guáitara,2020,18,Andes,Preliminar,0,0,0,1.48303091526032,1.48303091526032,0,0.311553210020065,0,3.93818187713623,4.62545442581177,5,5,0.789855062961578,0.967391312122345,1,1,10,1.04999995231628,0
02,2011-02-12,52050040,6,Definitivo,SANDONA [52050040],Pluviométrica,Convencional,Activa,Nariño,Sandoná,1.3223,-77.4792,20,9/15/1963,,Cudayari,Pacifico,Patía,Río Guáitara,2011,12,Andes,Definitivo,6,6,0,7.49715566635132,7.49715566635132,8.25230884552002,2.01524019241333,0.931696116924286,3.93818187713623,4.62545442581177,5,5,0.789855062961578,0.967391312122345,1,1,9,1.04999995231628,6.29999971389771
02,2010-02-16,52050040,2,Definitivo,SANDONA [52050040],Pluviométrica,Convencional,Activa,Nariño,Sandoná,1.3223,-77.4792,20,9/15/1963,,Cudayari,Pacifico,Patía,Río Guáitara,2010,16,Andes,Definitivo,2,2,0,7.43483543395996,7.43483543395996,0,0,0,3.93818187713623,4.62545442581177,5,5,0.789855062961578,0.967391312122345,1,1,10,1.04999995231628,2.09999990463257
02,2007-02-28,52050040,,"",SANDONA [52050040],Pluviométrica,Convencional,Activa,Nariño,Sandoná,1.3223,-77.4792,20,9/15/1963,,Cudayari,Pacifico,Patía,Río Guáitara,2007,28,Andes,Preliminar,0,0,0,1.92980635166168,1.92980635166168,0,0,0,3.93818187713623,4.62545442581177,5,5,0.789855062961578,0.967391312122345,1,1,12,1.04999995231628,0
02,2011-02-14,52050040,6,Definitivo,SANDONA [52050040],Pluviométrica,Convencional,Activa,Nariño,Sandoná,1.3223,-77.4792,20,9/15/1963,,Cudayari,Pacifico,Patía,Río Guáitara,2011,14,Andes,Definitivo,6,6,0,0.43087100982666,0.43087100982666,4.12615442276001,11.9285755157471,1.80576169490814,3.93818187713623,4.62545442581177,5,5,0.789855062961578,0.967391312122345,1,1,9,1.04999995231628,6.29999971389771
02,2011-02-15,52050040,1,Definitivo,SANDONA [52050040],Pluviométrica,Convencional,Activa,Nariño,Sandoná,1.3223,-77.4792,20,9/15/1963,,Cudayari,Pacifico,Patía,Río Guáitara,2011,15,Andes,Definitivo,1,1,0,14.391092300415,14.391092300415,16.50461769104,5.72308683395386,12.6283235549927,3.93818187713623,4.62545442581177,5,5,0.789855062961578,0.967391312122345,1,1,9,1.04999995231628,1.04999995231628
02,2011-02-16,52050040,2,Definitivo,SANDONA [52050040],Pluviométrica,Convencional,Activa,Nariño,Sandoná,1.3223,-77.4792,20,9/15/1963,,Cudayari,Pacifico,Patía,Río Guáitara,2011,16,Andes,Definitivo,2,2,0,24.7407131195068,24.7407131195068,0,10.7212591171265,13.0861377716064,3.93818187713623,4.62545442581177,5,5,0.789855062961578,0.967391312122345,1,1,10,1.04999995231628,2.09999990463257
02,2010-02-20,52050040,,"",SANDONA [52050040],Pluviométrica,Convencional,Activa,Nariño,Sandoná,1.3223,-77.4792,20,9/15/1963,,Cudayari,Pacifico,Patía,Río Guáitara,2010,20,Andes,Preliminar,0,0,0,0.659896552562714,0.659896552562714,0,0,0,3.93818187713623,4.62545442581177,5,5,0.789855062961578,0.967391312122345,1,1,10,1.04999995231628,0
02,2013-02-18,52050040,,"",SANDONA [52050040],Pluviométrica,Convencional,Activa,Nariño,Sandoná,1.3223,-77.4792,20,9/15/1963,,Cudayari,Pacifico,Patía,Río Guáitara,2013,18,Andes,Preliminar,0,0,0,2.02416825294495,2.02416825294495,0,0,0,3.93818187713623,4.62545442581177,5,5,0.789855062961578,0.967391312122345,1,1,10,1.04999995231628,0
02,2013-02-19,52050040,,"",SANDONA [52050040],Pluviométrica,Convencional,Activa,Nariño,Sandoná,1.3223,-77.4792,20,9/15/1963,,Cudayari,Pacifico,Patía,Río Guáitara,2013,19,Andes,Preliminar,0,0,0,0.871468007564545,0.871468007564545,0,0,0,3.93818187713623,4.62545442581177,5,5,0.789855062961578,0.967391312122345,1,1,10,1.04999995231628,0
02,2015-02-21,52050040,,"",SANDONA [52050040],Pluviométrica,Convencional,Activa,Nariño,Sandoná,1.3223,-77.4792,20,9/15/1963,,Cudayari,Pacifico,Patía,Río Guáitara,2015,21,Andes,Preliminar,,,1,4.25181770324707,4.25181770324707,0,0.401733696460724,0,3.93818187713623,4.62545442581177,5,5,0.789855062961578,0.967391312122345,1,1,11,1.04999995231628,
02,2007-02-14,52050040,,"",SANDONA [52050040],Pluviométrica,Convencional,Activa,Nariño,Sandoná,1.3223,-77.4792,20,9/15/1963,,Cudayari,Pacifico,Patía,Río Guáitara,2007,14,Andes,Preliminar,0,0,0,3.9188985824585,3.9188985824585,36.3447341918945,9.08038806915283,11.8640556335449,3.93818187713623,4.62545442581177,5,5,0.789855062961578,0.967391312122345,1,1,9,1.04999995231628,0
02,2010-02-12,52050040,,"",SANDONA [52050040],Pluviométrica,Convencional,Activa,Nariño,Sandoná,1.3223,-77.4792,20,9/15/1963,,Cudayari,Pacifico,Patía,Río Guáitara,2010,12,Andes,Preliminar,0,0,0,2.11857914924622,2.11857914924622,0,0,0,3.93818187713623,4.62545442581177,5,5,0.789855062961578,0.967391312122345,1,1,9,1.04999995231628,0
02,2008-02-13,52050040,1,Definitivo,SANDONA [52050040],Pluviométrica,Convencional,Activa,Nariño,Sandoná,1.3223,-77.4792,20,9/15/1963,,Cudayari,Pacifico,Patía,Río Guáitara,2008,13,Andes,Definitivo,1,1,0,1.21710002422333,1.21710002422333,0,1.80186533927917,3.25477266311646,3.93818187713623,4.62545442581177,5,5,0.789855062961578,0.967391312122345,1,1,9,1.04999995231628,1.04999995231628
02,2022-02-14,52050040,,"",SANDONA [52050040],Pluviométrica,Convencional,Activa,Nariño,Sandoná,1.3223,-77.4792,20,9/15/1963,,Cudayari,Pacifico,Patía,Río Guáitara,2022,14,Andes,Preliminar,0,0,0,8.28295612335205,8.28295612335205,24.3347949981689,8.38103199005127,14.4187870025635,3.93818187713623,4.62545442581177,5,5,0.789855062961578,0.967391312122345,1,1,9,1.04999995231628,0
02,2022-02-11,52050040,,"",SANDONA [52050040],Pluviométrica,Convencional,Activa,Nariño,Sandoná,1.3223,-77.4792,20,9/15/1963,,Cudayari,Pacifico,Patía,Río Guáitara,2022,11,Andes,Preliminar,0,0,0,9.80410861968994,9.80410861968994,6.08369874954224,8.32789611816406,2.00336623191834,3.93818187713623,4.62545442581177,5,5,0.789855062961578,0.967391312122345,1,1,9,1.04999995231628,0
02,2010-02-17,52050040,,"",SANDONA [52050040],Pluviométrica,Convencional,Activa,Nariño,Sandoná,1.3223,-77.4792,20,9/15/1963,,Cudayari,Pacifico,Patía,Río Guáitara,2010,17,Andes,Preliminar,0,0,0,5.76859521865845,5.76859521865845,0,0,0,3.93818187713623,4.62545442581177,5,5,0.789855062961578,0.967391312122345,1,1,10,1.04999995231628,0
02,2021-02-12,52050040,6,En revisión,SANDONA [52050040],Pluviométrica,Convencional,Activa,Nariño,Sandoná,1.3223,-77.4792,20,9/15/1963,,Cudayari,Pacifico,Patía,Río Guáitara,2021,12,Andes,En revisión,6,6,0,2.24412822723389,2.24412822723389,0,5.79720973968506,0,3.93818187713623,4.62545442581177,5,5,0.789855062961578,0.967391312122345,1,1,9,1.04999995231628,6.29999971389771
02,2022-02-10,52050040,3,En revisión,SANDONA [52050040],Pluviométrica,Convencional,Activa,Nariño,Sandoná,1.3223,-77.4792,20,9/15/1963,,Cudayari,Pacifico,Patía,Río Guáitara,2022,10,Andes,En revisión,3,3,0,4.70922946929932,4.70922946929932,16.4846477508545,2.4665322303772,5.10187244415283,3.93818187713623,4.62545442581177,5,5,0.789855062961578,0.967391312122345,1,1,8,1.04999995231628,3.14999985694885
02,2019-02-12,52050040,,"",SANDONA [52050040],Pluviométrica,Convencional,Activa,Nariño,Sandoná,1.3223,-77.4792,20,9/15/1963,,Cudayari,Pacifico,Patía,Río Guáitara,2019,12,Andes,Preliminar,0,0,0,1.249183177948,1.249183177948,0,0,0,3.93818187713623,4.62545442581177,5,5,0.789855062961578,0.967391312122345,1,1,9,1.04999995231628,0
02,2020-02-10,52050040,,"",SANDONA [52050040],Pluviométrica,Convencional,Activa,Nariño,Sandoná,1.3223,-77.4792,20,9/15/1963,,Cudayari,Pacifico,Patía,Río Guáitara,2020,10,Andes,Preliminar,0,0,0,1.39139032363892,1.39139032363892,0,0.199178993701935,1.73627090454102,3.93818187713623,4.62545442581177,5,5,0.789855062961578,0.967391312122345,1,1,8,1.04999995231628,0
02,2021-02-07,52050040,,"",SANDONA [52050040],Pluviométrica,Convencional,Activa,Nariño,Sandoná,1.3223,-77.4792,20,9/15/1963,,Cudayari,Pacifico,Patía,Río Guáitara,2021,07,Andes,Preliminar,0,0,0,1.0988507270813,1.0988507270813,0,7.30139636993408,0.0563973486423492,3.93818187713623,4.62545442581177,5,5,0.789855062961578,0.967391312122345,1,1,8,1.04999995231628,0
02,2022-02-05,52050040,7,En revisión,SANDONA [52050040],Pluviométrica,Convencional,Activa,Nariño,Sandoná,1.3223,-77.4792,20,9/15/1963,,Cudayari,Pacifico,Patía,Río Guáitara,2022,05,Andes,En revisión,7,7,0,4.17889404296875,4.17889404296875,0,5.58972072601318,6.29567193984985,3.93818187713623,4.62545442581177,5,5,0.789855062961578,0.967391312122345,1,1,7,1.04999995231628,7.34999966621399
02,2023-02-03,52050040,,"",SANDONA [52050040],Pluviométrica,Convencional,Activa,Nariño,Sandoná,1.3223,-77.4792,20,9/15/1963,,Cudayari,Pacifico,Patía,Río Guáitara,2023,03,Andes,Preliminar,0,0,0,1.30303072929382,1.30303072929382,0,0,0,3.93818187713623,4.62545442581177,5,5,0.789855062961578,0.967391312122345,1,1,7,1.04999995231628,0
02,2017-02-22,52050040,,"",SANDONA [52050040],Pluviométrica,Convencional,Activa,Nariño,Sandoná,1.3223,-77.4792,20,9/15/1963,,Cudayari,Pacifico,Patía,Río Guáitara,2017,22,Andes,Preliminar,0,0,0,12.6481256484985,12.6481256484985,28.593448638916,9.65201377868652,9.11526489257812,3.93818187713623,4.62545442581177,5,5,0.789855062961578,0.967391312122345,1,1,11,1.04999995231628,0
02,2020-02-21,52050040,33,En revisión,SANDONA [52050040],Pluviométrica,Convencional,Activa,Nariño,Sandoná,1.3223,-77.4792,20,9/15/1963,,Cudayari,Pacifico,Patía,Río Guáitara,2020,21,Andes,En revisión,33,33,0,1.92187905311584,1.92187905311584,0,10.7371463775635,8.93944549560547,3.93818187713623,4.62545442581177,5,5,0.789855062961578,0.967391312122345,1,1,11,1.04999995231628,34.6499984264374
02,2018-02-23,52050040,,"",SANDONA [52050040],Pluviométrica,Convencional,Activa,Nariño,Sandoná,1.3223,-77.4792,20,9/15/1963,,Cudayari,Pacifico,Patía,Río Guáitara,2018,23,Andes,Preliminar,,,1,3.21148633956909,3.21148633956909,0,0.86100697517395,0,3.93818187713623,4.62545442581177,5,5,0.789855062961578,0.967391312122345,1,1,11,1.04999995231628,
02,2009-02-10,52050040,,"",SANDONA [52050040],Pluviométrica,Convencional,Activa,Nariño,Sandoná,1.3223,-77.4792,20,9/15/1963,,Cudayari,Pacifico,Patía,Río Guáitara,2009,10,Andes,Preliminar,0,0,0,7.01838207244873,7.01838207244873,7.59485149383545,0.195509657263756,0.805100977420807,3.93818187713623,4.62545442581177,5,5,0.789855062961578,0.967391312122345,1,1,8,1.04999995231628,0
02,2009-02-11,52050040,16,Definitivo,SANDONA [52050040],Pluviométrica,Convencional,Activa,Nariño,Sandoná,1.3223,-77.4792,20,9/15/1963,,Cudayari,Pacifico,Patía,Río Guáitara,2009,11,Andes,Definitivo,16,16,0,1.04113388061523,1.04113388061523,35.4810104370117,3.9487133026123,3.43019819259644,3.93818187713623,4.62545442581177,5,5,0.789855062961578,0.967391312122345,1,1,9,1.04999995231628,16.7999992370605
02,2020-02-12,52050040,,"",SANDONA [52050040],Pluviométrica,Convencional,Activa,Nariño,Sandoná,1.3223,-77.4792,20,9/15/1963,,Cudayari,Pacifico,Patía,Río Guáitara,2020,12,Andes,Preliminar,0,0,0,1.63988959789276,1.63988959789276,0,0,0,3.93818187713623,4.62545442581177,5,5,0.789855062961578,0.967391312122345,1,1,9,1.04999995231628,0
02,2007-02-27,52050040,,"",SANDONA [52050040],Pluviométrica,Convencional,Activa,Nariño,Sandoná,1.3223,-77.4792,20,9/15/1963,,Cudayari,Pacifico,Patía,Río Guáitara,2007,27,Andes,Preliminar,0,0,0,0.0748631805181503,0.0748631805181503,0,0,0,3.93818187713623,4.62545442581177,5,5,0.789855062961578,0.967391312122345,1,1,12,1.04999995231628,0
02,2003-02-27,52050040,41,Definitivo,SANDONA [52050040],Pluviométrica,Convencional,Activa,Nariño,Sandoná,1.3223,-77.4792,20,9/15/1963,,Cudayari,Pacifico,Patía,Río Guáitara,2003,27,Andes,Definitivo,41,41,0,1.94651985168457,1.94651985168457,10.0107412338257,7.90748119354248,10.8716478347778,3.93818187713623,4.62545442581177,5,5,0.789855062961578,0.967391312122345,1,1,12,1.04999995231628,43.0499980449677
02,2004-02-25,52050040,,"",SANDONA [52050040],Pluviométrica,Convencional,Activa,Nariño,Sandoná,1.3223,-77.4792,20,9/15/1963,,Cudayari,Pacifico,Patía,Río Guáitara,2004,25,Andes,Preliminar,0,0,0,3.62263202667236,3.62263202667236,18.2405395507813,1.77555847167969,1.56907975673676,3.93818187713623,4.62545442581177,5,5,0.789855062961578,0.967391312122345,1,1,11,1.04999995231628,0
02,2005-02-22,52050040,,"",SANDONA [52050040],Pluviométrica,Convencional,Activa,Nariño,Sandoná,1.3223,-77.4792,20,9/15/1963,,Cudayari,Pacifico,Patía,Río Guáitara,2005,22,Andes,Preliminar,0,0,0,2.59712624549866,2.59712624549866,0,0,0,3.93818187713623,4.62545442581177,5,5,0.789855062961578,0.967391312122345,1,1,11,1.04999995231628,0
02,2006-02-20,52050040,34,Definitivo,SANDONA [52050040],Pluviométrica,Convencional,Activa,Nariño,Sandoná,1.3223,-77.4792,20,9/15/1963,,Cudayari,Pacifico,Patía,Río Guáitara,2006,20,Andes,Definitivo,34,34,0,4.97646379470825,4.97646379470825,16.5972747802734,2.82788395881653,10.9997873306274,3.93818187713623,4.62545442581177,5,5,0.789855062961578,0.967391312122345,1,1,10,1.04999995231628,35.6999983787537
02,2007-02-18,52050040,,"",SANDONA [52050040],Pluviométrica,Convencional,Activa,Nariño,Sandoná,1.3223,-77.4792,20,9/15/1963,,Cudayari,Pacifico,Patía,Río Guáitara,2007,18,Andes,Preliminar,0,0,0,0.291318148374558,0.291318148374558,0,2.25806641578674,0.0142690083011985,3.93818187713623,4.62545442581177,5,5,0.789855062961578,0.967391312122345,1,1,10,1.04999995231628,0
02,2008-02-16,52050040,1,Definitivo,SANDONA [52050040],Pluviométrica,Convencional,Activa,Nariño,Sandoná,1.3223,-77.4792,20,9/15/1963,,Cudayari,Pacifico,Patía,Río Guáitara,2008,16,Andes,Definitivo,1,1,0,9.81202697753906,9.81202697753906,0,21.9413242340088,1.6448016166687,3.93818187713623,4.62545442581177,5,5,0.789855062961578,0.967391312122345,1,1,10,1.04999995231628,1.04999995231628
02,2009-02-13,52050040,12,Definitivo,SANDONA [52050040],Pluviométrica,Convencional,Activa,Nariño,Sandoná,1.3223,-77.4792,20,9/15/1963,,Cudayari,Pacifico,Patía,Río Guáitara,2009,13,Andes,Definitivo,12,12,0,8.74552345275879,8.74552345275879,35.4810104370117,13.4310111999512,12.0138425827026,3.93818187713623,4.62545442581177,5,5,0.789855062961578,0.967391312122345,1,1,9,1.04999995231628,12.5999994277954
02,2005-02-13,52050040,4,Definitivo,SANDONA [52050040],Pluviométrica,Convencional,Activa,Nariño,Sandoná,1.3223,-77.4792,20,9/15/1963,,Cudayari,Pacifico,Patía,Río Guáitara,2005,13,Andes,Definitivo,4,4,0,2.81972718238831,2.81972718238831,0,1.14202916622162,2.02372908592224,3.93818187713623,4.62545442581177,5,5,0.789855062961578,0.967391312122345,1,1,9,1.04999995231628,4.19999980926514
02,2008-02-12,52050040,23,Definitivo,SANDONA [52050040],Pluviométrica,Convencional,Activa,Nariño,Sandoná,1.3223,-77.4792,20,9/15/1963,,Cudayari,Pacifico,Patía,Río Guáitara,2008,12,Andes,Definitivo,23,23,0,1.11207115650177,1.11207115650177,0,0.70076984167099,0.331917405128479,3.93818187713623,4.62545442581177,5,5,0.789855062961578,0.967391312122345,1,1,9,1.04999995231628,24.1499989032745
02,2021-02-18,52050040,0,En revisión,SANDONA [52050040],Pluviométrica,Convencional,Activa,Nariño,Sandoná,1.3223,-77.4792,20,9/15/1963,,Cudayari,Pacifico,Patía,Río Guáitara,2021,18,Andes,En revisión,0,0,0,8.49655246734619,8.49655246734619,12.2167263031006,5.29685163497925,0,3.93818187713623,4.62545442581177,5,5,0.789855062961578,0.967391312122345,1,1,10,1.04999995231628,0
02,2021-02-15,52050040,1,En revisión,SANDONA [52050040],Pluviométrica,Convencional,Activa,Nariño,Sandoná,1.3223,-77.4792,20,9/15/1963,,Cudayari,Pacifico,Patía,Río Guáitara,2021,15,Andes,En revisión,1,1,0,10.9208707809448,10.9208707809448,0,3.61362671852112,3.88092494010925,3.93818187713623,4.62545442581177,5,5,0.789855062961578,0.967391312122345,1,1,9,1.04999995231628,1.04999995231628
02,2011-02-13,52050040,11,Definitivo,SANDONA [52050040],Pluviométrica,Convencional,Activa,Nariño,Sandoná,1.3223,-77.4792,20,9/15/1963,,Cudayari,Pacifico,Patía,Río Guáitara,2011,13,Andes,Definitivo,11,11,0,8.10037517547607,8.10037517547607,12.3784646987915,27.3179969787598,35.2916030883789,3.93818187713623,4.62545442581177,5,5,0.789855062961578,0.967391312122345,1,1,9,1.04999995231628,11.5499994754791
02,2012-02-10,52050040,2,Definitivo,SANDONA [52050040],Pluviométrica,Convencional,Activa,Nariño,Sandoná,1.3223,-77.4792,20,9/15/1963,,Cudayari,Pacifico,Patía,Río Guáitara,2012,10,Andes,Definitivo,2,2,0,3.06685781478882,3.06685781478882,0,2.34841561317444,0,3.93818187713623,4.62545442581177,5,5,0.789855062961578,0.967391312122345,1,1,8,1.04999995231628,2.09999990463257
02,2012-02-11,52050040,1,Definitivo,SANDONA [52050040],Pluviométrica,Convencional,Activa,Nariño,Sandoná,1.3223,-77.4792,20,9/15/1963,,Cudayari,Pacifico,Patía,Río Guáitara,2012,11,Andes,Definitivo,1,1,0,4.58913326263428,4.58913326263428,8.41370487213135,3.62203097343445,5.18369770050049,3.93818187713623,4.62545442581177,5,5,0.789855062961578,0.967391312122345,1,1,9,1.04999995231628,1.04999995231628
02,2012-02-12,52050040,4,Definitivo,SANDONA [52050040],Pluviométrica,Convencional,Activa,Nariño,Sandoná,1.3223,-77.4792,20,9/15/1963,,Cudayari,Pacifico,Patía,Río Guáitara,2012,12,Andes,Definitivo,4,4,0,6.64498519897461,6.64498519897461,8.41370487213135,4.0118670463562,8.2006254196167,3.93818187713623,4.62545442581177,5,5,0.789855062961578,0.967391312122345,1,1,9,1.04999995231628,4.19999980926514
02,2012-02-13,52050040,,"",SANDONA [52050040],Pluviométrica,Convencional,Activa,Nariño,Sandoná,1.3223,-77.4792,20,9/15/1963,,Cudayari,Pacifico,Patía,Río Guáitara,2012,13,Andes,Preliminar,0,0,0,5.67261123657227,5.67261123657227,0,4.78819608688355,0.0677115842700005,3.93818187713623,4.62545442581177,5,5,0.789855062961578,0.967391312122345,1,1,9,1.04999995231628,0
02,2011-02-17,52050040,,"",SANDONA [52050040],Pluviométrica,Convencional,Activa,Nariño,Sandoná,1.3223,-77.4792,20,9/15/1963,,Cudayari,Pacifico,Patía,Río Guáitara,2011,17,Andes,Preliminar,0,0,0,3.29876184463501,3.29876184463501,17.3553085327148,14.2875900268555,13.6149768829346,3.93818187713623,4.62545442581177,5,5,0.789855062961578,0.967391312122345,1,1,10,1.04999995231628,0
02,2011-02-18,52050040,7,Definitivo,SANDONA [52050040],Pluviométrica,Convencional,Activa,Nariño,Sandoná,1.3223,-77.4792,20,9/15/1963,,Cudayari,Pacifico,Patía,Río Guáitara,2011,18,Andes,Definitivo,7,7,0,0,0,5.78510236740112,4.15096569061279,3.43226003646851,3.93818187713623,4.62545442581177,5,5,0.789855062961578,0.967391312122345,1,1,10,1.04999995231628,7.34999966621399
02,2011-02-19,52050040,,"",SANDONA [52050040],Pluviométrica,Convencional,Activa,Nariño,Sandoná,1.3223,-77.4792,20,9/15/1963,,Cudayari,Pacifico,Patía,Río Guáitara,2011,19,Andes,Preliminar,0,0,0,0,0,23.1404094696045,3.21728420257568,5.09135866165161,3.93818187713623,4.62545442581177,5,5,0.789855062961578,0.967391312122345,1,1,10,1.04999995231628,0
02,2013-02-20,52050040,,"",SANDONA [52050040],Pluviométrica,Convencional,Activa,Nariño,Sandoná,1.3223,-77.4792,20,9/15/1963,,Cudayari,Pacifico,Patía,Río Guáitara,2013,20,Andes,Preliminar,0,0,0,1.30866169929504,1.30866169929504,0,0,0,3.93818187713623,4.62545442581177,5,5,0.789855062961578,0.967391312122345,1,1,10,1.04999995231628,0
02,2015-02-22,52050040,,"",SANDONA [52050040],Pluviométrica,Convencional,Activa,Nariño,Sandoná,1.3223,-77.4792,20,9/15/1963,,Cudayari,Pacifico,Patía,Río Guáitara,2015,22,Andes,Preliminar,,,1,2.568110704422,2.568110704422,0,0.186791226267815,3.3522367477417,3.93818187713623,4.62545442581177,5,5,0.789855062961578,0.967391312122345,1,1,11,1.04999995231628,
02,2015-02-23,52050040,,"",SANDONA [52050040],Pluviométrica,Convencional,Activa,Nariño,Sandoná,1.3223,-77.4792,20,9/15/1963,,Cudayari,Pacifico,Patía,Río Guáitara,2015,23,Andes,Preliminar,,,1,2.80306577682495,2.80306577682495,0,0.527863919734955,0,3.93818187713623,4.62545442581177,5,5,0.789855062961578,0.967391312122345,1,1,11,1.04999995231628,
02,2009-02-09,52050040,3,Definitivo,SANDONA [52050040],Pluviométrica,Convencional,Activa,Nariño,Sandoná,1.3223,-77.4792,20,9/15/1963,,Cudayari,Pacifico,Patía,Río Guáitara,2009,09,Andes,Definitivo,3,3,0,3.96493053436279,3.96493053436279,0,1.01876485347748,0.687281489372253,3.93818187713623,4.62545442581177,5,5,0.789855062961578,0.967391312122345,1,1,8,1.04999995231628,3.14999985694885
02,2007-02-10,52050040,,"",SANDONA [52050040],Pluviométrica,Convencional,Activa,Nariño,Sandoná,1.3223,-77.4792,20,9/15/1963,,Cudayari,Pacifico,Patía,Río Guáitara,2007,10,Andes,Preliminar,0,0,0,1.53509306907654,1.53509306907654,0,0.168095201253891,0,3.93818187713623,4.62545442581177,5,5,0.789855062961578,0.967391312122345,1,1,8,1.04999995231628,0
02,2020-02-15,52050040,,"",SANDONA [52050040],Pluviométrica,Convencional,Activa,Nariño,Sandoná,1.3223,-77.4792,20,9/15/1963,,Cudayari,Pacifico,Patía,Río Guáitara,2020,15,Andes,Preliminar,0,0,0,2.04640173912048,2.04640173912048,0,0,0,3.93818187713623,4.62545442581177,5,5,0.789855062961578,0.967391312122345,1,1,9,1.04999995231628,0
02,2022-02-13,52050040,11,En revisión,SANDONA [52050040],Pluviométrica,Convencional,Activa,Nariño,Sandoná,1.3223,-77.4792,20,9/15/1963,,Cudayari,Pacifico,Patía,Río Guáitara,2022,13,Andes,En revisión,11,11,0,4.81819581985474,4.81819581985474,0,9.5620641708374,3.36620044708252,3.93818187713623,4.62545442581177,5,5,0.789855062961578,0.967391312122345,1,1,9,1.04999995231628,11.5499994754791
02,2020-02-14,52050040,6,En revisión,SANDONA [52050040],Pluviométrica,Convencional,Activa,Nariño,Sandoná,1.3223,-77.4792,20,9/15/1963,,Cudayari,Pacifico,Patía,Río Guáitara,2020,14,Andes,En revisión,6,6,0,3.10433125495911,3.10433125495911,0,0,0,3.93818187713623,4.62545442581177,5,5,0.789855062961578,0.967391312122345,1,1,9,1.04999995231628,6.29999971389771
02,2018-02-14,52050040,,"",SANDONA [52050040],Pluviométrica,Convencional,Activa,Nariño,Sandoná,1.3223,-77.4792,20,9/15/1963,,Cudayari,Pacifico,Patía,Río Guáitara,2018,14,Andes,Preliminar,,,1,2.79386329650879,2.79386329650879,0,0,0,3.93818187713623,4.62545442581177,5,5,0.789855062961578,0.967391312122345,1,1,9,1.04999995231628,
02,2020-02-13,52050040,,"",SANDONA [52050040],Pluviométrica,Convencional,Activa,Nariño,Sandoná,1.3223,-77.4792,20,9/15/1963,,Cudayari,Pacifico,Patía,Río Guáitara,2020,13,Andes,Preliminar,0,0,0,2.39625191688538,2.39625191688538,0,0,0,3.93818187713623,4.62545442581177,5,5,0.789855062961578,0.967391312122345,1,1,9,1.04999995231628,0
02,2018-02-13,52050040,,"",SANDONA [52050040],Pluviométrica,Convencional,Activa,Nariño,Sandoná,1.3223,-77.4792,20,9/15/1963,,Cudayari,Pacifico,Patía,Río Guáitara,2018,13,Andes,Preliminar,,,1,1.85175728797913,1.85175728797913,0,0,0,3.93818187713623,4.62545442581177,5,5,0.789855062961578,0.967391312122345,1,1,9,1.04999995231628,
02,2019-02-11,52050040,,"",SANDONA [52050040],Pluviométrica,Convencional,Activa,Nariño,Sandoná,1.3223,-77.4792,20,9/15/1963,,Cudayari,Pacifico,Patía,Río Guáitara,2019,11,Andes,Preliminar,0,0,0,1.21309351921082,1.21309351921082,0,0,0,3.93818187713623,4.62545442581177,5,5,0.789855062961578,0.967391312122345,1,1,9,1.04999995231628,0
02,2020-02-09,52050040,3,En revisión,SANDONA [52050040],Pluviométrica,Convencional,Activa,Nariño,Sandoná,1.3223,-77.4792,20,9/15/1963,,Cudayari,Pacifico,Patía,Río Guáitara,2020,09,Andes,En revisión,3,3,0,3.55757260322571,3.55757260322571,0,1.14180099964142,1.99619126319885,3.93818187713623,4.62545442581177,5,5,0.789855062961578,0.967391312122345,1,1,8,1.04999995231628,3.14999985694885
02,2021-02-06,52050040,,"",SANDONA [52050040],Pluviométrica,Convencional,Activa,Nariño,Sandoná,1.3223,-77.4792,20,9/15/1963,,Cudayari,Pacifico,Patía,Río Guáitara,2021,06,Andes,Preliminar,0,0,0,6.93622255325317,6.93622255325317,0,3.08714890480042,0.729137182235718,3.93818187713623,4.62545442581177,5,5,0.789855062961578,0.967391312122345,1,1,8,1.04999995231628,0
02,2022-02-04,52050040,3,En revisión,SANDONA [52050040],Pluviométrica,Convencional,Activa,Nariño,Sandoná,1.3223,-77.4792,20,9/15/1963,,Cudayari,Pacifico,Patía,Río Guáitara,2022,04,Andes,En revisión,3,3,0,4.52190017700195,4.52190017700195,0,8.31362628936768,20.19677734375,3.93818187713623,4.62545442581177,5,5,0.789855062961578,0.967391312122345,1,1,7,1.04999995231628,3.14999985694885
02,2023-02-02,52050040,,"",SANDONA [52050040],Pluviométrica,Convencional,Activa,Nariño,Sandoná,1.3223,-77.4792,20,9/15/1963,,Cudayari,Pacifico,Patía,Río Guáitara,2023,02,Andes,Preliminar,0,0,0,1.77224886417389,1.77224886417389,0,0,0,3.93818187713623,4.62545442581177,5,5,0.789855062961578,0.967391312122345,1,1,7,1.04999995231628,0
02,2020-02-22,52050040,,"",SANDONA [52050040],Pluviométrica,Convencional,Activa,Nariño,Sandoná,1.3223,-77.4792,20,9/15/1963,,Cudayari,Pacifico,Patía,Río Guáitara,2020,22,Andes,Preliminar,0,0,0,4.77063131332398,4.77063131332398,0,6.97616481781006,13.0170316696167,3.93818187713623,4.62545442581177,5,5,0.789855062961578,0.967391312122345,1,1,11,1.04999995231628,0
02,2020-02-20,52050040,,"",SANDONA [52050040],Pluviométrica,Convencional,Activa,Nariño,Sandoná,1.3223,-77.4792,20,9/15/1963,,Cudayari,Pacifico,Patía,Río Guáitara,2020,20,Andes,Preliminar,0,0,0,19.6935920715332,19.6935920715332,21.0580501556397,7.83468818664551,11.0921020507813,3.93818187713623,4.62545442581177,5,5,0.789855062961578,0.967391312122345,1,1,10,1.04999995231628,0
02,2007-02-11,52050040,,"",SANDONA [52050040],Pluviométrica,Convencional,Activa,Nariño,Sandoná,1.3223,-77.4792,20,9/15/1963,,Cudayari,Pacifico,Patía,Río Guáitara,2007,11,Andes,Preliminar,0,0,0,0.614021062850952,0.614021062850952,0,0.770975947380066,0,3.93818187713623,4.62545442581177,5,5,0.789855062961578,0.967391312122345,1,1,9,1.04999995231628,0
02,2004-02-29,52050040,,"",SANDONA [52050040],Pluviométrica,Convencional,Activa,Nariño,Sandoná,1.3223,-77.4792,20,9/15/1963,,Cudayari,Pacifico,Patía,Río Guáitara,2004,29,Andes,Preliminar,,,1,1.20997929573059,1.20997929573059,0,0.280738979578018,0.341355204582214,3.93818187713623,4.62545442581177,5,5,0.789855062961578,0.967391312122345,1,1,12,1.04999995231628,
02,2005-02-26,52050040,3,Definitivo,SANDONA [52050040],Pluviométrica,Convencional,Activa,Nariño,Sandoná,1.3223,-77.4792,20,9/15/1963,,Cudayari,Pacifico,Patía,Río Guáitara,2005,26,Andes,Definitivo,3,3,0,0.465130388736725,0.465130388736725,0,3.56632256507874,0.0148663707077503,3.93818187713623,4.62545442581177,5,5,0.789855062961578,0.967391312122345,1,1,12,1.04999995231628,3.14999985694885
02,2004-02-24,52050040,14,Definitivo,SANDONA [52050040],Pluviométrica,Convencional,Activa,Nariño,Sandoná,1.3223,-77.4792,20,9/15/1963,,Cudayari,Pacifico,Patía,Río Guáitara,2004,24,Andes,Definitivo,14,14,0,6.55127334594727,6.55127334594727,0,5.84210538864136,0.218479469418526,3.93818187713623,4.62545442581177,5,5,0.789855062961578,0.967391312122345,1,1,11,1.04999995231628,14.699999332428
02,2005-02-21,52050040,,"",SANDONA [52050040],Pluviométrica,Convencional,Activa,Nariño,Sandoná,1.3223,-77.4792,20,9/15/1963,,Cudayari,Pacifico,Patía,Río Guáitara,2005,21,Andes,Preliminar,0,0,0,1.59202361106873,1.59202361106873,0,0,0,3.93818187713623,4.62545442581177,5,5,0.789855062961578,0.967391312122345,1,1,11,1.04999995231628,0
02,2006-02-19,52050040,,"",SANDONA [52050040],Pluviométrica,Convencional,Activa,Nariño,Sandoná,1.3223,-77.4792,20,9/15/1963,,Cudayari,Pacifico,Patía,Río Guáitara,2006,19,Andes,Preliminar,0,0,0,6.6352858543396,6.6352858543396,0,4.94635725021362,2.22512912750244,3.93818187713623,4.62545442581177,5,5,0.789855062961578,0.967391312122345,1,1,10,1.04999995231628,0
02,2007-02-17,52050040,,"",SANDONA [52050040],Pluviométrica,Convencional,Activa,Nariño,Sandoná,1.3223,-77.4792,20,9/15/1963,,Cudayari,Pacifico,Patía,Río Guáitara,2007,17,Andes,Preliminar,0,0,0,0.104042202234268,0.104042202234268,0,0.666662693023682,0.171228095889092,3.93818187713623,4.62545442581177,5,5,0.789855062961578,0.967391312122345,1,1,10,1.04999995231628,0
02,2008-02-15,52050040,4,Definitivo,SANDONA [52050040],Pluviométrica,Convencional,Activa,Nariño,Sandoná,1.3223,-77.4792,20,9/15/1963,,Cudayari,Pacifico,Patía,Río Guáitara,2008,15,Andes,Definitivo,4,4,0,6.77127742767334,6.77127742767334,0,2.38894844055176,4.70133781433106,3.93818187713623,4.62545442581177,5,5,0.789855062961578,0.967391312122345,1,1,9,1.04999995231628,4.19999980926514
02,2009-02-12,52050040,0,Definitivo,SANDONA [52050040],Pluviométrica,Convencional,Activa,Nariño,Sandoná,1.3223,-77.4792,20,9/15/1963,,Cudayari,Pacifico,Patía,Río Guáitara,2009,12,Andes,Definitivo,0,0,0,3.75965023040772,3.75965023040772,0,14.4693117141724,1.79250276088715,3.93818187713623,4.62545442581177,5,5,0.789855062961578,0.967391312122345,1,1,9,1.04999995231628,0
02,2007-02-13,52050040,,"",SANDONA [52050040],Pluviométrica,Convencional,Activa,Nariño,Sandoná,1.3223,-77.4792,20,9/15/1963,,Cudayari,Pacifico,Patía,Río Guáitara,2007,13,Andes,Preliminar,0,0,0,5.79708099365234,5.79708099365234,0,2.31674718856812,0.129204958677292,3.93818187713623,4.62545442581177,5,5,0.789855062961578,0.967391312122345,1,1,9,1.04999995231628,0
02,2007-02-12,52050040,,"",SANDONA [52050040],Pluviométrica,Convencional,Activa,Nariño,Sandoná,1.3223,-77.4792,20,9/15/1963,,Cudayari,Pacifico,Patía,Río Guáitara,2007,12,Andes,Preliminar,0,0,0,3.92792844772339,3.92792844772339,0,0.739331722259522,6.38424491882324,3.93818187713623,4.62545442581177,5,5,0.789855062961578,0.967391312122345,1,1,9,1.04999995231628,0
02,2006-02-11,52050040,,"",SANDONA [52050040],Pluviométrica,Convencional,Activa,Nariño,Sandoná,1.3223,-77.4792,20,9/15/1963,,Cudayari,Pacifico,Patía,Río Guáitara,2006,11,Andes,Preliminar,0,0,0,2.2837975025177,2.2837975025177,0,0.713244080543518,0.216193661093712,3.93818187713623,4.62545442581177,5,5,0.789855062961578,0.967391312122345,1,1,9,1.04999995231628,0
02,2007-02-09,52050040,,"",SANDONA [52050040],Pluviométrica,Convencional,Activa,Nariño,Sandoná,1.3223,-77.4792,20,9/15/1963,,Cudayari,Pacifico,Patía,Río Guáitara,2007,09,Andes,Preliminar,0,0,0,3.28339385986328,3.28339385986328,0,0.11207453161478,0.337130963802338,3.93818187713623,4.62545442581177,5,5,0.789855062961578,0.967391312122345,1,1,8,1.04999995231628,0
02,2022-02-16,52050040,,"",SANDONA [52050040],Pluviométrica,Convencional,Activa,Nariño,Sandoná,1.3223,-77.4792,20,9/15/1963,,Cudayari,Pacifico,Patía,Río Guáitara,2022,16,Andes,Preliminar,0,0,0,8.418532371521,8.418532371521,0,18.6468162536621,0.50371778011322,3.93818187713623,4.62545442581177,5,5,0.789855062961578,0.967391312122345,1,1,10,1.04999995231628,0
02,2005-02-10,52050040,5,Definitivo,SANDONA [52050040],Pluviométrica,Convencional,Activa,Nariño,Sandoná,1.3223,-77.4792,20,9/15/1963,,Cudayari,Pacifico,Patía,Río Guáitara,2005,10,Andes,Definitivo,5,5,0,4.40126037597656,4.40126037597656,0,1.56137561798096,2.57505965232849,3.93818187713623,4.62545442581177,5,5,0.789855062961578,0.967391312122345,1,1,8,1.04999995231628,5.24999976158142
02,2010-02-09,52050040,15,Definitivo,SANDONA [52050040],Pluviométrica,Convencional,Activa,Nariño,Sandoná,1.3223,-77.4792,20,9/15/1963,,Cudayari,Pacifico,Patía,Río Guáitara,2010,09,Andes,Definitivo,15,15,0,5.64283180236816,5.64283180236816,0,3.49508142471314,0.134448498487473,3.93818187713623,4.62545442581177,5,5,0.789855062961578,0.967391312122345,1,1,8,1.04999995231628,15.7499992847443
02,2010-02-10,52050040,6,Definitivo,SANDONA [52050040],Pluviométrica,Convencional,Activa,Nariño,Sandoná,1.3223,-77.4792,20,9/15/1963,,Cudayari,Pacifico,Patía,Río Guáitara,2010,10,Andes,Definitivo,6,6,0,5.43317079544067,5.43317079544067,0,5.09206533432007,1.62234532833099,3.93818187713623,4.62545442581177,5,5,0.789855062961578,0.967391312122345,1,1,8,1.04999995231628,6.29999971389771
02,2010-02-11,52050040,0,Definitivo,SANDONA [52050040],Pluviométrica,Convencional,Activa,Nariño,Sandoná,1.3223,-77.4792,20,9/15/1963,,Cudayari,Pacifico,Patía,Río Guáitara,2010,11,Andes,Definitivo,0,0,0,4.38699913024902,4.38699913024902,0,0,0,3.93818187713623,4.62545442581177,5,5,0.789855062961578,0.967391312122345,1,1,9,1.04999995231628,0
02,2013-02-09,52050040,10,Definitivo,SANDONA [52050040],Pluviométrica,Convencional,Activa,Nariño,Sandoná,1.3223,-77.4792,20,9/15/1963,,Cudayari,Pacifico,Patía,Río Guáitara,2013,09,Andes,Definitivo,10,10,0,25.2279930114746,25.2279930114746,52.2910842895508,30.9893226623535,61.8050956726074,3.93818187713623,4.62545442581177,5,5,0.789855062961578,0.967391312122345,1,1,8,1.04999995231628,10.4999995231628
02,2012-02-14,52050040,,"",SANDONA [52050040],Pluviométrica,Convencional,Activa,Nariño,Sandoná,1.3223,-77.4792,20,9/15/1963,,Cudayari,Pacifico,Patía,Río Guáitara,2012,14,Andes,Preliminar,0,0,0,4.2705659866333,4.2705659866333,4.20685243606567,2.87489748001099,5.02570486068726,3.93818187713623,4.62545442581177,5,5,0.789855062961578,0.967391312122345,1,1,9,1.04999995231628,0
02,2012-02-15,52050040,,"",SANDONA [52050040],Pluviométrica,Convencional,Activa,Nariño,Sandoná,1.3223,-77.4792,20,9/15/1963,,Cudayari,Pacifico,Patía,Río Guáitara,2012,15,Andes,Preliminar,0,0,0,6.43826627731323,6.43826627731323,0,3.19579386711121,0.0150470193475485,3.93818187713623,4.62545442581177,5,5,0.789855062961578,0.967391312122345,1,1,9,1.04999995231628,0
02,2012-02-16,52050040,9,Definitivo,SANDONA [52050040],Pluviométrica,Convencional,Activa,Nariño,Sandoná,1.3223,-77.4792,20,9/15/1963,,Cudayari,Pacifico,Patía,Río Guáitara,2012,16,Andes,Definitivo,9,9,0,1.20904016494751,1.20904016494751,0,2.99352812767029,0,3.93818187713623,4.62545442581177,5,5,0.789855062961578,0.967391312122345,1,1,10,1.04999995231628,9.44999957084656
02,2011-02-20,52050040,8,Definitivo,SANDONA [52050040],Pluviométrica,Convencional,Activa,Nariño,Sandoná,1.3223,-77.4792,20,9/15/1963,,Cudayari,Pacifico,Patía,Río Guáitara,2011,20,Andes,Definitivo,8,8,0,0,0,5.78510236740112,12.8851842880249,10.0375471115112,3.93818187713623,4.62545442581177,5,5,0.789855062961578,0.967391312122345,1,1,10,1.04999995231628,8.39999961853027
02,2016-02-19,52050040,,"",SANDONA [52050040],Pluviométrica,Convencional,Activa,Nariño,Sandoná,1.3223,-77.4792,20,9/15/1963,,Cudayari,Pacifico,Patía,Río Guáitara,2016,19,Andes,Preliminar,0,0,0,1.07760560512543,1.07760560512543,0,0,0,3.93818187713623,4.62545442581177,5,5,0.789855062961578,0.967391312122345,1,1,10,1.04999995231628,0
02,2016-02-20,52050040,,"",SANDONA [52050040],Pluviométrica,Convencional,Activa,Nariño,Sandoná,1.3223,-77.4792,20,9/15/1963,,Cudayari,Pacifico,Patía,Río Guáitara,2016,20,Andes,Preliminar,0,0,0,1.42559611797333,1.42559611797333,0,0,0,3.93818187713623,4.62545442581177,5,5,0.789855062961578,0.967391312122345,1,1,10,1.04999995231628,0
02,2018-02-21,52050040,,"",SANDONA [52050040],Pluviométrica,Convencional,Activa,Nariño,Sandoná,1.3223,-77.4792,20,9/15/1963,,Cudayari,Pacifico,Patía,Río Guáitara,2018,21,Andes,Preliminar,,,1,2.25450325012207,2.25450325012207,0,0.553699970245361,4.74531364440918,3.93818187713623,4.62545442581177,5,5,0.789855062961578,0.967391312122345,1,1,11,1.04999995231628,
02,2005-02-09,52050040,7,Definitivo,SANDONA [52050040],Pluviométrica,Convencional,Activa,Nariño,Sandoná,1.3223,-77.4792,20,9/15/1963,,Cudayari,Pacifico,Patía,Río Guáitara,2005,09,Andes,Definitivo,7,7,0,1.64272391796112,1.64272391796112,0,0.549944639205933,1.5786440372467,3.93818187713623,4.62545442581177,5,5,0.789855062961578,0.967391312122345,1,1,8,1.04999995231628,7.34999966621399
02,2018-02-20,52050040,,"",SANDONA [52050040],Pluviométrica,Convencional,Activa,Nariño,Sandoná,1.3223,-77.4792,20,9/15/1963,,Cudayari,Pacifico,Patía,Río Guáitara,2018,20,Andes,Preliminar,,,1,1.22959899902344,1.22959899902344,0,2.21892905235291,5.90769958496094,3.93818187713623,4.62545442581177,5,5,0.789855062961578,0.967391312122345,1,1,10,1.04999995231628,
02,2020-02-17,52050040,,"",SANDONA [52050040],Pluviométrica,Convencional,Activa,Nariño,Sandoná,1.3223,-77.4792,20,9/15/1963,,Cudayari,Pacifico,Patía,Río Guáitara,2020,17,Andes,Preliminar,0,0,0,3.19466233253479,3.19466233253479,0,1.07266736030579,0,3.93818187713623,4.62545442581177,5,5,0.789855062961578,0.967391312122345,1,1,10,1.04999995231628,0
02,2018-02-17,52050040,,"",SANDONA [52050040],Pluviométrica,Convencional,Activa,Nariño,Sandoná,1.3223,-77.4792,20,9/15/1963,,Cudayari,Pacifico,Patía,Río Guáitara,2018,17,Andes,Preliminar,,,1,0.991060316562653,0.991060316562653,51.2762489318848,4.35816192626953,4.24851655960083,3.93818187713623,4.62545442581177,5,5,0.789855062961578,0.967391312122345,1,1,10,1.04999995231628,
02,2019-02-15,52050040,,"",SANDONA [52050040],Pluviométrica,Convencional,Activa,Nariño,Sandoná,1.3223,-77.4792,20,9/15/1963,,Cudayari,Pacifico,Patía,Río Guáitara,2019,15,Andes,Preliminar,0,0,0,2.35006880760193,2.35006880760193,0,0,0,3.93818187713623,4.62545442581177,5,5,0.789855062961578,0.967391312122345,1,1,9,1.04999995231628,0
02,2019-02-14,52050040,,"",SANDONA [52050040],Pluviométrica,Convencional,Activa,Nariño,Sandoná,1.3223,-77.4792,20,9/15/1963,,Cudayari,Pacifico,Patía,Río Guáitara,2019,14,Andes,Preliminar,0,0,0,3.47767019271851,3.47767019271851,0,0,0,3.93818187713623,4.62545442581177,5,5,0.789855062961578,0.967391312122345,1,1,9,1.04999995231628,0
02,2017-02-14,52050040,,"",SANDONA [52050040],Pluviométrica,Convencional,Activa,Nariño,Sandoná,1.3223,-77.4792,20,9/15/1963,,Cudayari,Pacifico,Patía,Río Guáitara,2017,14,Andes,Preliminar,0,0,0,5.31904554367065,5.31904554367065,26.635835647583,3.4887580871582,0.783027052879334,3.93818187713623,4.62545442581177,5,5,0.789855062961578,0.967391312122345,1,1,9,1.04999995231628,0
02,2018-02-12,52050040,,"",SANDONA [52050040],Pluviométrica,Convencional,Activa,Nariño,Sandoná,1.3223,-77.4792,20,9/15/1963,,Cudayari,Pacifico,Patía,Río Guáitara,2018,12,Andes,Preliminar,,,1,1.21554660797119,1.21554660797119,0,0,0,3.93818187713623,4.62545442581177,5,5,0.789855062961578,0.967391312122345,1,1,9,1.04999995231628,
02,2019-02-10,52050040,15,Definitivo,SANDONA [52050040],Pluviométrica,Convencional,Activa,Nariño,Sandoná,1.3223,-77.4792,20,9/15/1963,,Cudayari,Pacifico,Patía,Río Guáitara,2019,10,Andes,Definitivo,15,15,0,0.899724185466766,0.899724185466766,0,0.968895852565765,3.31835031509399,3.93818187713623,4.62545442581177,5,5,0.789855062961578,0.967391312122345,1,1,8,1.04999995231628,15.7499992847443
02,2020-02-08,52050040,2,En revisión,SANDONA [52050040],Pluviométrica,Convencional,Activa,Nariño,Sandoná,1.3223,-77.4792,20,9/15/1963,,Cudayari,Pacifico,Patía,Río Guáitara,2020,08,Andes,En revisión,2,2,0,3.20754265785217,3.20754265785217,0,1.49746334552765,0,3.93818187713623,4.62545442581177,5,5,0.789855062961578,0.967391312122345,1,1,8,1.04999995231628,2.09999990463257
02,2021-02-05,52050040,,"",SANDONA [52050040],Pluviométrica,Convencional,Activa,Nariño,Sandoná,1.3223,-77.4792,20,9/15/1963,,Cudayari,Pacifico,Patía,Río Guáitara,2021,05,Andes,Preliminar,0,0,0,1.29364693164825,1.29364693164825,6.27487182617188,1.22622776031494,3.16521811485291,3.93818187713623,4.62545442581177,5,5,0.789855062961578,0.967391312122345,1,1,7,1.04999995231628,0
02,2022-02-03,52050040,0,En revisión,SANDONA [52050040],Pluviométrica,Convencional,Activa,Nariño,Sandoná,1.3223,-77.4792,20,9/15/1963,,Cudayari,Pacifico,Patía,Río Guáitara,2022,03,Andes,En revisión,0,0,0,1.07778453826904,1.07778453826904,0,4.78745651245117,0,3.93818187713623,4.62545442581177,5,5,0.789855062961578,0.967391312122345,1,1,7,1.04999995231628,0
02,2023-02-01,52050040,,"",SANDONA [52050040],Pluviométrica,Convencional,Activa,Nariño,Sandoná,1.3223,-77.4792,20,9/15/1963,,Cudayari,Pacifico,Patía,Río Guáitara,2023,01,Andes,Preliminar,1,1,0,2.96582794189453,2.96582794189453,0,0,0,3.93818187713623,4.62545442581177,5,5,0.789855062961578,0.967391312122345,1,1,7,1.04999995231628,1.04999995231628
02,2022-02-18,52050040,8,En revisión,SANDONA [52050040],Pluviométrica,Convencional,Activa,Nariño,Sandoná,1.3223,-77.4792,20,9/15/1963,,Cudayari,Pacifico,Patía,Río Guáitara,2022,18,Andes,En revisión,8,8,0,22.692684173584,22.692684173584,45.6848907470703,18.3237972259522,36.0859298706055,3.93818187713623,4.62545442581177,5,5,0.789855062961578,0.967391312122345,1,1,10,1.04999995231628,8.39999961853027
02,2004-02-28,52050040,,"",SANDONA [52050040],Pluviométrica,Convencional,Activa,Nariño,Sandoná,1.3223,-77.4792,20,9/15/1963,,Cudayari,Pacifico,Patía,Río Guáitara,2004,28,Andes,Preliminar,0,0,0,1.30629587173462,1.30629587173462,0,0.57634311914444,0.155161440372467,3.93818187713623,4.62545442581177,5,5,0.789855062961578,0.967391312122345,1,1,12,1.04999995231628,0
02,2002-02-28,52050040,,"",SANDONA [52050040],Pluviométrica,Convencional,Activa,Nariño,Sandoná,1.3223,-77.4792,20,9/15/1963,,Cudayari,Pacifico,Patía,Río Guáitara,2002,28,Andes,Preliminar,0,0,0,1.19956052303314,1.19956052303314,23.5858306884766,20.5795631408691,30.80442237854,3.93818187713623,4.62545442581177,5,5,0.789855062961578,0.967391312122345,1,1,12,1.04999995231628,0
02,2003-02-26,52050040,5,Definitivo,SANDONA [52050040],Pluviométrica,Convencional,Activa,Nariño,Sandoná,1.3223,-77.4792,20,9/15/1963,,Cudayari,Pacifico,Patía,Río Guáitara,2003,26,Andes,Definitivo,5,5,0,4.14883232116699,4.14883232116699,0,7.41213893890381,0.186463758349419,3.93818187713623,4.62545442581177,5,5,0.789855062961578,0.967391312122345,1,1,12,1.04999995231628,5.24999976158142
02,2003-02-25,52050040,,"",SANDONA [52050040],Pluviométrica,Convencional,Activa,Nariño,Sandoná,1.3223,-77.4792,20,9/15/1963,,Cudayari,Pacifico,Patía,Río Guáitara,2003,25,Andes,Preliminar,0,0,0,3.81301355361939,3.81301355361939,0,6.38497734069824,0,3.93818187713623,4.62545442581177,5,5,0.789855062961578,0.967391312122345,1,1,11,1.04999995231628,0
02,2004-02-23,52050040,2,Definitivo,SANDONA [52050040],Pluviométrica,Convencional,Activa,Nariño,Sandoná,1.3223,-77.4792,20,9/15/1963,,Cudayari,Pacifico,Patía,Río Guáitara,2004,23,Andes,Definitivo,2,2,0,6.00996065139771,6.00996065139771,0,6.24701976776123,11.6191349029541,3.93818187713623,4.62545442581177,5,5,0.789855062961578,0.967391312122345,1,1,11,1.04999995231628,2.09999990463257
02,2005-02-20,52050040,,"",SANDONA [52050040],Pluviométrica,Convencional,Activa,Nariño,Sandoná,1.3223,-77.4792,20,9/15/1963,,Cudayari,Pacifico,Patía,Río Guáitara,2005,20,Andes,Preliminar,0,0,0,2.51746320724487,2.51746320724487,0,1.48145949840546,0,3.93818187713623,4.62545442581177,5,5,0.789855062961578,0.967391312122345,1,1,10,1.04999995231628,0
02,2006-02-18,52050040,,"",SANDONA [52050040],Pluviométrica,Convencional,Activa,Nariño,Sandoná,1.3223,-77.4792,20,9/15/1963,,Cudayari,Pacifico,Patía,Río Guáitara,2006,18,Andes,Preliminar,0,0,0,5.79330825805664,5.79330825805664,0,3.26183938980103,0,3.93818187713623,4.62545442581177,5,5,0.789855062961578,0.967391312122345,1,1,10,1.04999995231628,0
02,2007-02-16,52050040,0,Definitivo,SANDONA [52050040],Pluviométrica,Convencional,Activa,Nariño,Sandoná,1.3223,-77.4792,20,9/15/1963,,Cudayari,Pacifico,Patía,Río Guáitara,2007,16,Andes,Definitivo,0,0,0,9.4262228012085,9.4262228012085,20.5276069641113,5.94784927368164,5.70046901702881,3.93818187713623,4.62545442581177,5,5,0.789855062961578,0.967391312122345,1,1,10,1.04999995231628,0
02,2005-02-16,52050040,,"",SANDONA [52050040],Pluviométrica,Convencional,Activa,Nariño,Sandoná,1.3223,-77.4792,20,9/15/1963,,Cudayari,Pacifico,Patía,Río Guáitara,2005,16,Andes,Preliminar,0,0,0,3.51273941993713,3.51273941993713,0,3.35956954956055,0,3.93818187713623,4.62545442581177,5,5,0.789855062961578,0.967391312122345,1,1,10,1.04999995231628,0
02,2006-02-14,52050040,,"",SANDONA [52050040],Pluviométrica,Convencional,Activa,Nariño,Sandoná,1.3223,-77.4792,20,9/15/1963,,Cudayari,Pacifico,Patía,Río Guáitara,2006,14,Andes,Preliminar,0,0,0,2.30199480056763,2.30199480056763,0,0.865103840827942,0.248392701148987,3.93818187713623,4.62545442581177,5,5,0.789855062961578,0.967391312122345,1,1,9,1.04999995231628,0
02,2006-02-13,52050040,1,Definitivo,SANDONA [52050040],Pluviométrica,Convencional,Activa,Nariño,Sandoná,1.3223,-77.4792,20,9/15/1963,,Cudayari,Pacifico,Patía,Río Guáitara,2006,13,Andes,Definitivo,1,1,0,4.84965753555298,4.84965753555298,10.4646100997925,1.77236592769623,1.7571485042572,3.93818187713623,4.62545442581177,5,5,0.789855062961578,0.967391312122345,1,1,9,1.04999995231628,1.04999995231628
02,2005-02-12,52050040,20,Definitivo,SANDONA [52050040],Pluviométrica,Convencional,Activa,Nariño,Sandoná,1.3223,-77.4792,20,9/15/1963,,Cudayari,Pacifico,Patía,Río Guáitara,2005,12,Andes,Definitivo,20,20,0,3.20533084869385,3.20533084869385,39.0845909118652,16.5492401123047,42.6468391418457,3.93818187713623,4.62545442581177,5,5,0.789855062961578,0.967391312122345,1,1,9,1.04999995231628,20.9999990463257
02,2006-02-10,52050040,,"",SANDONA [52050040],Pluviométrica,Convencional,Activa,Nariño,Sandoná,1.3223,-77.4792,20,9/15/1963,,Cudayari,Pacifico,Patía,Río Guáitara,2006,10,Andes,Preliminar,0,0,0,4.38011264801025,4.38011264801025,23.3790416717529,1.37975680828094,10.7011699676514,3.93818187713623,4.62545442581177,5,5,0.789855062961578,0.967391312122345,1,1,8,1.04999995231628,0
02,2004-02-11,52050040,,"",SANDONA [52050040],Pluviométrica,Convencional,Activa,Nariño,Sandoná,1.3223,-77.4792,20,9/15/1963,,Cudayari,Pacifico,Patía,Río Guáitara,2004,11,Andes,Preliminar,0,0,0,0.282340735197067,0.282340735197067,0,0,0,3.93818187713623,4.62545442581177,5,5,0.789855062961578,0.967391312122345,1,1,9,1.04999995231628,0
02,2006-02-07,52050040,,"",SANDONA [52050040],Pluviométrica,Convencional,Activa,Nariño,Sandoná,1.3223,-77.4792,20,9/15/1963,,Cudayari,Pacifico,Patía,Río Guáitara,2006,07,Andes,Preliminar,0,0,0,2.35108971595764,2.35108971595764,0,3.2872052192688,0,3.93818187713623,4.62545442581177,5,5,0.789855062961578,0.967391312122345,1,1,8,1.04999995231628,0
02,2005-02-11,52050040,24,Definitivo,SANDONA [52050040],Pluviométrica,Convencional,Activa,Nariño,Sandoná,1.3223,-77.4792,20,9/15/1963,,Cudayari,Pacifico,Patía,Río Guáitara,2005,11,Andes,Definitivo,24,24,0,3.64716839790344,3.64716839790344,39.0845909118652,28.6993865966797,13.1542415618896,3.93818187713623,4.62545442581177,5,5,0.789855062961578,0.967391312122345,1,1,9,1.04999995231628,25.1999988555908
02,2008-02-10,52050040,2,Definitivo,SANDONA [52050040],Pluviométrica,Convencional,Activa,Nariño,Sandoná,1.3223,-77.4792,20,9/15/1963,,Cudayari,Pacifico,Patía,Río Guáitara,2008,10,Andes,Definitivo,2,2,0,2.95040464401245,2.95040464401245,0,0.850878238677979,1.96279203891754,3.93818187713623,4.62545442581177,5,5,0.789855062961578,0.967391312122345,1,1,8,1.04999995231628,2.09999990463257
02,2008-02-11,52050040,,"",SANDONA [52050040],Pluviométrica,Convencional,Activa,Nariño,Sandoná,1.3223,-77.4792,20,9/15/1963,,Cudayari,Pacifico,Patía,Río Guáitara,2008,11,Andes,Preliminar,0,0,0,1.98319339752197,1.98319339752197,16.7440567016602,1.07605171203613,0,3.93818187713623,4.62545442581177,5,5,0.789855062961578,0.967391312122345,1,1,9,1.04999995231628,0
02,2011-02-09,52050040,,"",SANDONA [52050040],Pluviométrica,Convencional,Activa,Nariño,Sandoná,1.3223,-77.4792,20,9/15/1963,,Cudayari,Pacifico,Patía,Río Guáitara,2011,09,Andes,Preliminar,0,0,0,4.04319953918457,4.04319953918457,28.6351013183594,10.6199293136597,0.0132900765165687,3.93818187713623,4.62545442581177,5,5,0.789855062961578,0.967391312122345,1,1,8,1.04999995231628,0
02,2013-02-10,52050040,,"",SANDONA [52050040],Pluviométrica,Convencional,Activa,Nariño,Sandoná,1.3223,-77.4792,20,9/15/1963,,Cudayari,Pacifico,Patía,Río Guáitara,2013,10,Andes,Preliminar,0,0,0,13.7519197463989,13.7519197463989,10.4582166671753,10.3158435821533,2.59687399864197,3.93818187713623,4.62545442581177,5,5,0.789855062961578,0.967391312122345,1,1,8,1.04999995231628,0
02,2013-02-11,52050040,,"",SANDONA [52050040],Pluviométrica,Convencional,Activa,Nariño,Sandoná,1.3223,-77.4792,20,9/15/1963,,Cudayari,Pacifico,Patía,Río Guáitara,2013,11,Andes,Preliminar,4,4,0,2.64052557945251,2.64052557945251,37.4812469482422,16.1252956390381,8.87792301177979,3.93818187713623,4.62545442581177,5,5,0.789855062961578,0.967391312122345,1,1,9,1.04999995231628,4.19999980926514
02,2013-02-12,52050040,1,Definitivo,SANDONA [52050040],Pluviométrica,Convencional,Activa,Nariño,Sandoná,1.3223,-77.4792,20,9/15/1963,,Cudayari,Pacifico,Patía,Río Guáitara,2013,12,Andes,Definitivo,1,1,0,8.55739402770996,8.55739402770996,0,3.95966529846191,16.6156139373779,3.93818187713623,4.62545442581177,5,5,0.789855062961578,0.967391312122345,1,1,9,1.04999995231628,1.04999995231628
02,2012-02-17,52050040,1,Definitivo,SANDONA [52050040],Pluviométrica,Convencional,Activa,Nariño,Sandoná,1.3223,-77.4792,20,9/15/1963,,Cudayari,Pacifico,Patía,Río Guáitara,2012,17,Andes,Definitivo,1,1,0,1.90221703052521,1.90221703052521,0,8.72903728485107,5.32331132888794,3.93818187713623,4.62545442581177,5,5,0.789855062961578,0.967391312122345,1,1,10,1.04999995231628,1.04999995231628
02,2014-02-18,52050040,1,Definitivo,SANDONA [52050040],Pluviométrica,Convencional,Activa,Nariño,Sandoná,1.3223,-77.4792,20,9/15/1963,,Cudayari,Pacifico,Patía,Río Guáitara,2014,18,Andes,Definitivo,1,1,0,1.14785206317902,1.14785206317902,0,0,0,3.93818187713623,4.62545442581177,5,5,0.789855062961578,0.967391312122345,1,1,10,1.04999995231628,1.04999995231628
02,2014-02-19,52050040,,"",SANDONA [52050040],Pluviométrica,Convencional,Activa,Nariño,Sandoná,1.3223,-77.4792,20,9/15/1963,,Cudayari,Pacifico,Patía,Río Guáitara,2014,19,Andes,Preliminar,0,0,0,1.23845708370209,1.23845708370209,0,0,0,3.93818187713623,4.62545442581177,5,5,0.789855062961578,0.967391312122345,1,1,10,1.04999995231628,0
02,2019-02-18,52050040,,"",SANDONA [52050040],Pluviométrica,Convencional,Activa,Nariño,Sandoná,1.3223,-77.4792,20,9/15/1963,,Cudayari,Pacifico,Patía,Río Guáitara,2019,18,Andes,Preliminar,0,0,0,2.63856840133667,2.63856840133667,0,0,0,3.93818187713623,4.62545442581177,5,5,0.789855062961578,0.967391312122345,1,1,10,1.04999995231628,0
02,2018-02-22,52050040,,"",SANDONA [52050040],Pluviométrica,Convencional,Activa,Nariño,Sandoná,1.3223,-77.4792,20,9/15/1963,,Cudayari,Pacifico,Patía,Río Guáitara,2018,22,Andes,Preliminar,,,1,2.29926538467407,2.29926538467407,47.0159416198731,1.83785402774811,0.923173010349274,3.93818187713623,4.62545442581177,5,5,0.789855062961578,0.967391312122345,1,1,11,1.04999995231628,
02,2020-02-19,52050040,,"",SANDONA [52050040],Pluviométrica,Convencional,Activa,Nariño,Sandoná,1.3223,-77.4792,20,9/15/1963,,Cudayari,Pacifico,Patía,Río Guáitara,2020,19,Andes,Preliminar,0,0,0,3.7719898223877,3.7719898223877,0,0.848069965839386,0.642124176025391,3.93818187713623,4.62545442581177,5,5,0.789855062961578,0.967391312122345,1,1,10,1.04999995231628,0
02,2022-02-15,52050040,1,En revisión,SANDONA [52050040],Pluviométrica,Convencional,Activa,Nariño,Sandoná,1.3223,-77.4792,20,9/15/1963,,Cudayari,Pacifico,Patía,Río Guáitara,2022,15,Andes,En revisión,1,1,0,17.6268692016602,17.6268692016602,12.1673974990845,3.36879301071167,15.2773685455322,3.93818187713623,4.62545442581177,5,5,0.789855062961578,0.967391312122345,1,1,9,1.04999995231628,1.04999995231628
02,2020-02-16,52050040,,"",SANDONA [52050040],Pluviométrica,Convencional,Activa,Nariño,Sandoná,1.3223,-77.4792,20,9/15/1963,,Cudayari,Pacifico,Patía,Río Guáitara,2020,16,Andes,Preliminar,0,0,0,3.04769635200501,3.04769635200501,0,1.74335205554962,0.0761036053299904,3.93818187713623,4.62545442581177,5,5,0.789855062961578,0.967391312122345,1,1,10,1.04999995231628,0
02,2018-02-16,52050040,,"",SANDONA [52050040],Pluviométrica,Convencional,Activa,Nariño,Sandoná,1.3223,-77.4792,20,9/15/1963,,Cudayari,Pacifico,Patía,Río Guáitara,2018,16,Andes,Preliminar,,,1,2.2380428314209,2.2380428314209,0,1.65754020214081,1.08656978607178,3.93818187713623,4.62545442581177,5,5,0.789855062961578,0.967391312122345,1,1,10,1.04999995231628,
02,2018-02-15,52050040,,"",SANDONA [52050040],Pluviométrica,Convencional,Activa,Nariño,Sandoná,1.3223,-77.4792,20,9/15/1963,,Cudayari,Pacifico,Patía,Río Guáitara,2018,15,Andes,Preliminar,,,1,2.34826040267944,2.34826040267944,0,0,0,3.93818187713623,4.62545442581177,5,5,0.789855062961578,0.967391312122345,1,1,9,1.04999995231628,
02,2019-02-13,52050040,,"",SANDONA [52050040],Pluviométrica,Convencional,Activa,Nariño,Sandoná,1.3223,-77.4792,20,9/15/1963,,Cudayari,Pacifico,Patía,Río Guáitara,2019,13,Andes,Preliminar,0,0,0,1.85598146915436,1.85598146915436,0,0,0,3.93818187713623,4.62545442581177,5,5,0.789855062961578,0.967391312122345,1,1,9,1.04999995231628,0
02,2017-02-13,52050040,5,Definitivo,SANDONA [52050040],Pluviométrica,Convencional,Activa,Nariño,Sandoná,1.3223,-77.4792,20,9/15/1963,,Cudayari,Pacifico,Patía,Río Guáitara,2017,13,Andes,Definitivo,5,5,0,1.96638655662537,1.96638655662537,0,4.80848407745361,0.363393783569336,3.93818187713623,4.62545442581177,5,5,0.789855062961578,0.967391312122345,1,1,9,1.04999995231628,5.24999976158142
02,2018-02-11,52050040,,"",SANDONA [52050040],Pluviométrica,Convencional,Activa,Nariño,Sandoná,1.3223,-77.4792,20,9/15/1963,,Cudayari,Pacifico,Patía,Río Guáitara,2018,11,Andes,Preliminar,,,1,1.93656933307648,1.93656933307648,0,0,0,3.93818187713623,4.62545442581177,5,5,0.789855062961578,0.967391312122345,1,1,9,1.04999995231628,
02,2019-02-09,52050040,,"",SANDONA [52050040],Pluviométrica,Convencional,Activa,Nariño,Sandoná,1.3223,-77.4792,20,9/15/1963,,Cudayari,Pacifico,Patía,Río Guáitara,2019,09,Andes,Preliminar,0,0,0,1.58496117591858,1.58496117591858,0,0.588487684726715,0,3.93818187713623,4.62545442581177,5,5,0.789855062961578,0.967391312122345,1,1,8,1.04999995231628,0
02,2020-02-07,52050040,,"",SANDONA [52050040],Pluviométrica,Convencional,Activa,Nariño,Sandoná,1.3223,-77.4792,20,9/15/1963,,Cudayari,Pacifico,Patía,Río Guáitara,2020,07,Andes,Preliminar,0,0,0,1.56402921676636,1.56402921676636,0,0.77581137418747,0,3.93818187713623,4.62545442581177,5,5,0.789855062961578,0.967391312122345,1,1,8,1.04999995231628,0
02,2021-02-04,52050040,,"",SANDONA [52050040],Pluviométrica,Convencional,Activa,Nariño,Sandoná,1.3223,-77.4792,20,9/15/1963,,Cudayari,Pacifico,Patía,Río Guáitara,2021,04,Andes,Preliminar,0,0,0,2.25855851173401,2.25855851173401,0,0.819934070110321,1.75604557991028,3.93818187713623,4.62545442581177,5,5,0.789855062961578,0.967391312122345,1,1,7,1.04999995231628,0
02,2022-02-02,52050040,,"",SANDONA [52050040],Pluviométrica,Convencional,Activa,Nariño,Sandoná,1.3223,-77.4792,20,9/15/1963,,Cudayari,Pacifico,Patía,Río Guáitara,2022,02,Andes,Preliminar,0,0,0,1.73636758327484,1.73636758327484,0,5.05895233154297,0,3.93818187713623,4.62545442581177,5,5,0.789855062961578,0.967391312122345,1,1,7,1.04999995231628,0
02,2020-02-03,52050040,,"",SANDONA [52050040],Pluviométrica,Convencional,Activa,Nariño,Sandoná,1.3223,-77.4792,20,9/15/1963,,Cudayari,Pacifico,Patía,Río Guáitara,2020,03,Andes,Preliminar,0,0,0,4.62931442260742,4.62931442260742,0,0.470109283924103,1.42921555042267,3.93818187713623,4.62545442581177,5,5,0.789855062961578,0.967391312122345,1,1,7,1.04999995231628,0
02,2020-02-02,52050040,1,En revisión,SANDONA [52050040],Pluviométrica,Convencional,Activa,Nariño,Sandoná,1.3223,-77.4792,20,9/15/1963,,Cudayari,Pacifico,Patía,Río Guáitara,2020,02,Andes,En revisión,1,1,0,4.29669523239136,4.29669523239136,0,1.55607974529266,0.460733979940414,3.93818187713623,4.62545442581177,5,5,0.789855062961578,0.967391312122345,1,1,7,1.04999995231628,1.04999995231628
02,2004-02-27,52050040,12,Definitivo,SANDONA [52050040],Pluviométrica,Convencional,Activa,Nariño,Sandoná,1.3223,-77.4792,20,9/15/1963,,Cudayari,Pacifico,Patía,Río Guáitara,2004,27,Andes,Definitivo,12,12,0,1.01132595539093,1.01132595539093,0,3.57859969139099,2.06364750862122,3.93818187713623,4.62545442581177,5,5,0.789855062961578,0.967391312122345,1,1,12,1.04999995231628,12.5999994277954
02,2002-02-27,52050040,24,Definitivo,SANDONA [52050040],Pluviométrica,Convencional,Activa,Nariño,Sandoná,1.3223,-77.4792,20,9/15/1963,,Cudayari,Pacifico,Patía,Río Guáitara,2002,27,Andes,Definitivo,24,24,0,5.59231758117676,5.59231758117676,11.7929153442383,7.18815040588379,1.32400941848755,3.93818187713623,4.62545442581177,5,5,0.789855062961578,0.967391312122345,1,1,12,1.04999995231628,25.1999988555908
02,2002-02-26,52050040,27,Definitivo,SANDONA [52050040],Pluviométrica,Convencional,Activa,Nariño,Sandoná,1.3223,-77.4792,20,9/15/1963,,Cudayari,Pacifico,Patía,Río Guáitara,2002,26,Andes,Definitivo,27,27,0,2.92287278175354,2.92287278175354,0,4.41289234161377,0.0521777123212814,3.93818187713623,4.62545442581177,5,5,0.789855062961578,0.967391312122345,1,1,12,1.04999995231628,28.3499987125397
02,2003-02-24,52050040,,"",SANDONA [52050040],Pluviométrica,Convencional,Activa,Nariño,Sandoná,1.3223,-77.4792,20,9/15/1963,,Cudayari,Pacifico,Patía,Río Guáitara,2003,24,Andes,Preliminar,0,0,0,1.85811853408813,1.85811853408813,0,1.75585830211639,1.04250037670136,3.93818187713623,4.62545442581177,5,5,0.789855062961578,0.967391312122345,1,1,11,1.04999995231628,0
02,2004-02-22,52050040,10,Definitivo,SANDONA [52050040],Pluviométrica,Convencional,Activa,Nariño,Sandoná,1.3223,-77.4792,20,9/15/1963,,Cudayari,Pacifico,Patía,Río Guáitara,2004,22,Andes,Definitivo,10,10,0,1.59617877006531,1.59617877006531,0,6.72252464294434,0.139032378792763,3.93818187713623,4.62545442581177,5,5,0.789855062961578,0.967391312122345,1,1,11,1.04999995231628,10.4999995231628
02,2005-02-19,52050040,10,Definitivo,SANDONA [52050040],Pluviométrica,Convencional,Activa,Nariño,Sandoná,1.3223,-77.4792,20,9/15/1963,,Cudayari,Pacifico,Patía,Río Guáitara,2005,19,Andes,Definitivo,10,10,0,2.00518870353699,2.00518870353699,0,1.15756452083588,5.83301782608032,3.93818187713623,4.62545442581177,5,5,0.789855062961578,0.967391312122345,1,1,10,1.04999995231628,10.4999995231628
02,2006-02-17,52050040,,"",SANDONA [52050040],Pluviométrica,Convencional,Activa,Nariño,Sandoná,1.3223,-77.4792,20,9/15/1963,,Cudayari,Pacifico,Patía,Río Guáitara,2006,17,Andes,Preliminar,0,0,0,2.2243287563324,2.2243287563324,0,1.48465132713318,0,3.93818187713623,4.62545442581177,5,5,0.789855062961578,0.967391312122345,1,1,10,1.04999995231628,0
02,2007-02-15,52050040,18,Definitivo,SANDONA [52050040],Pluviométrica,Convencional,Activa,Nariño,Sandoná,1.3223,-77.4792,20,9/15/1963,,Cudayari,Pacifico,Patía,Río Guáitara,2007,15,Andes,Definitivo,18,18,0,0.79461544752121,0.79461544752121,0,8.64698600769043,3.17692184448242,3.93818187713623,4.62545442581177,5,5,0.789855062961578,0.967391312122345,1,1,9,1.04999995231628,18.8999991416931
02,2005-02-15,52050040,5,Definitivo,SANDONA [52050040],Pluviométrica,Convencional,Activa,Nariño,Sandoná,1.3223,-77.4792,20,9/15/1963,,Cudayari,Pacifico,Patía,Río Guáitara,2005,15,Andes,Definitivo,5,5,0,5.43861865997315,5.43861865997315,0,8.46401023864746,0.148530572652817,3.93818187713623,4.62545442581177,5,5,0.789855062961578,0.967391312122345,1,1,9,1.04999995231628,5.24999976158142
02,2005-02-14,52050040,6,Definitivo,SANDONA [52050040],Pluviométrica,Convencional,Activa,Nariño,Sandoná,1.3223,-77.4792,20,9/15/1963,,Cudayari,Pacifico,Patía,Río Guáitara,2005,14,Andes,Definitivo,6,6,0,6.7078971862793,6.7078971862793,0,3.11867380142212,0,3.93818187713623,4.62545442581177,5,5,0.789855062961578,0.967391312122345,1,1,9,1.04999995231628,6.29999971389771
02,2004-02-14,52050040,6,Definitivo,SANDONA [52050040],Pluviométrica,Convencional,Activa,Nariño,Sandoná,1.3223,-77.4792,20,9/15/1963,,Cudayari,Pacifico,Patía,Río Guáitara,2004,14,Andes,Definitivo,6,6,0,0.584153234958649,0.584153234958649,0,0,0,3.93818187713623,4.62545442581177,5,5,0.789855062961578,0.967391312122345,1,1,9,1.04999995231628,6.29999971389771
02,2002-02-14,52050040,,"",SANDONA [52050040],Pluviométrica,Convencional,Activa,Nariño,Sandoná,1.3223,-77.4792,20,9/15/1963,,Cudayari,Pacifico,Patía,Río Guáitara,2002,14,Andes,Preliminar,0,0,0,3.52554368972778,3.52554368972778,0,0,0,3.93818187713623,4.62545442581177,5,5,0.789855062961578,0.967391312122345,1,1,9,1.04999995231628,0
02,2006-02-09,52050040,4,Definitivo,SANDONA [52050040],Pluviométrica,Convencional,Activa,Nariño,Sandoná,1.3223,-77.4792,20,9/15/1963,,Cudayari,Pacifico,Patía,Río Guáitara,2006,09,Andes,Definitivo,4,4,0,6.09780406951904,6.09780406951904,0,2.9779007434845,0.229638859629631,3.93818187713623,4.62545442581177,5,5,0.789855062961578,0.967391312122345,1,1,8,1.04999995231628,4.19999980926514
02,2002-02-11,52050040,,"",SANDONA [52050040],Pluviométrica,Convencional,Activa,Nariño,Sandoná,1.3223,-77.4792,20,9/15/1963,,Cudayari,Pacifico,Patía,Río Guáitara,2002,11,Andes,Preliminar,0,0,0,3.44258999824524,3.44258999824524,0,0,0,3.93818187713623,4.62545442581177,5,5,0.789855062961578,0.967391312122345,1,1,9,1.04999995231628,0
02,2006-02-08,52050040,,"",SANDONA [52050040],Pluviométrica,Convencional,Activa,Nariño,Sandoná,1.3223,-77.4792,20,9/15/1963,,Cudayari,Pacifico,Patía,Río Guáitara,2006,08,Andes,Preliminar,0,0,0,1.10576367378235,1.10576367378235,0,7.76776695251465,0.597061097621918,3.93818187713623,4.62545442581177,5,5,0.789855062961578,0.967391312122345,1,1,8,1.04999995231628,0
02,2009-02-06,52050040,,"",SANDONA [52050040],Pluviométrica,Convencional,Activa,Nariño,Sandoná,1.3223,-77.4792,20,9/15/1963,,Cudayari,Pacifico,Patía,Río Guáitara,2009,06,Andes,Preliminar,0,0,0,0.888691365718842,0.888691365718842,0,0.401947885751724,0.41727802157402,3.93818187713623,4.62545442581177,5,5,0.789855062961578,0.967391312122345,1,1,8,1.04999995231628,0
02,2009-02-07,52050040,,"",SANDONA [52050040],Pluviométrica,Convencional,Activa,Nariño,Sandoná,1.3223,-77.4792,20,9/15/1963,,Cudayari,Pacifico,Patía,Río Guáitara,2009,07,Andes,Preliminar,0,0,0,2.07930994033813,2.07930994033813,0,0.474147230386734,0.122728824615479,3.93818187713623,4.62545442581177,5,5,0.789855062961578,0.967391312122345,1,1,8,1.04999995231628,0
02,2009-02-08,52050040,,"",SANDONA [52050040],Pluviométrica,Convencional,Activa,Nariño,Sandoná,1.3223,-77.4792,20,9/15/1963,,Cudayari,Pacifico,Patía,Río Guáitara,2009,08,Andes,Preliminar,0,0,0,1.95398151874542,1.95398151874542,0,0.560572743415833,0.618553221225739,3.93818187713623,4.62545442581177,5,5,0.789855062961578,0.967391312122345,1,1,8,1.04999995231628,0
02,2011-02-10,52050040,1,Definitivo,SANDONA [52050040],Pluviométrica,Convencional,Activa,Nariño,Sandoná,1.3223,-77.4792,20,9/15/1963,,Cudayari,Pacifico,Patía,Río Guáitara,2011,10,Andes,Definitivo,1,1,0,6.63956785202026,6.63956785202026,0,11.939642906189,0.318961888551712,3.93818187713623,4.62545442581177,5,5,0.789855062961578,0.967391312122345,1,1,8,1.04999995231628,1.04999995231628
02,2011-02-11,52050040,17,Definitivo,SANDONA [52050040],Pluviométrica,Convencional,Activa,Nariño,Sandoná,1.3223,-77.4792,20,9/15/1963,,Cudayari,Pacifico,Patía,Río Guáitara,2011,11,Andes,Definitivo,17,17,0,16.114574432373,16.114574432373,12.3784646987915,7.21196603775024,3.53948450088501,3.93818187713623,4.62545442581177,5,5,0.789855062961578,0.967391312122345,1,1,9,1.04999995231628,17.8499991893768
02,2014-02-09,52050040,,"",SANDONA [52050040],Pluviométrica,Convencional,Activa,Nariño,Sandoná,1.3223,-77.4792,20,9/15/1963,,Cudayari,Pacifico,Patía,Río Guáitara,2014,09,Andes,Preliminar,0,0,0,2.14869427680969,2.14869427680969,0,0.340258836746216,0,3.93818187713623,4.62545442581177,5,5,0.789855062961578,0.967391312122345,1,1,8,1.04999995231628,0
02,2013-02-13,52050040,7,Definitivo,SANDONA [52050040],Pluviométrica,Convencional,Activa,Nariño,Sandoná,1.3223,-77.4792,20,9/15/1963,,Cudayari,Pacifico,Patía,Río Guáitara,2013,13,Andes,Definitivo,7,7,0,6.07162761688232,6.07162761688232,0,2.87634205818176,1.52030897140503,3.93818187713623,4.62545442581177,5,5,0.789855062961578,0.967391312122345,1,1,9,1.04999995231628,7.34999966621399
02,2012-02-18,52050040,2,Definitivo,SANDONA [52050040],Pluviométrica,Convencional,Activa,Nariño,Sandoná,1.3223,-77.4792,20,9/15/1963,,Cudayari,Pacifico,Patía,Río Guáitara,2012,18,Andes,Definitivo,2,2,0,2.98548078536987,2.98548078536987,0,2.72319936752319,0,3.93818187713623,4.62545442581177,5,5,0.789855062961578,0.967391312122345,1,1,10,1.04999995231628,2.09999990463257
02,2012-02-19,52050040,8,Definitivo,SANDONA [52050040],Pluviométrica,Convencional,Activa,Nariño,Sandoná,1.3223,-77.4792,20,9/15/1963,,Cudayari,Pacifico,Patía,Río Guáitara,2012,19,Andes,Definitivo,8,8,0,3.80185985565186,3.80185985565186,0,3.22873401641846,3.30301880836487,3.93818187713623,4.62545442581177,5,5,0.789855062961578,0.967391312122345,1,1,10,1.04999995231628,8.39999961853027
02,2014-02-20,52050040,1,Definitivo,SANDONA [52050040],Pluviométrica,Convencional,Activa,Nariño,Sandoná,1.3223,-77.4792,20,9/15/1963,,Cudayari,Pacifico,Patía,Río Guáitara,2014,20,Andes,Definitivo,1,1,0,3.91128873825073,3.91128873825073,0,0,0,3.93818187713623,4.62545442581177,5,5,0.789855062961578,0.967391312122345,1,1,10,1.04999995231628,1.04999995231628
02,2019-02-19,52050040,3,Definitivo,SANDONA [52050040],Pluviométrica,Convencional,Activa,Nariño,Sandoná,1.3223,-77.4792,20,9/15/1963,,Cudayari,Pacifico,Patía,Río Guáitara,2019,19,Andes,Definitivo,3,3,0,2.79418659210205,2.79418659210205,0,0,0,3.93818187713623,4.62545442581177,5,5,0.789855062961578,0.967391312122345,1,1,10,1.04999995231628,3.14999985694885
02,2019-02-20,52050040,0,Definitivo,SANDONA [52050040],Pluviométrica,Convencional,Activa,Nariño,Sandoná,1.3223,-77.4792,20,9/15/1963,,Cudayari,Pacifico,Patía,Río Guáitara,2019,20,Andes,Definitivo,0,0,0,1.7102597951889,1.7102597951889,0,0,0,3.93818187713623,4.62545442581177,5,5,0.789855062961578,0.967391312122345,1,1,10,1.04999995231628,0
02,2018-02-19,52050040,,"",SANDONA [52050040],Pluviométrica,Convencional,Activa,Nariño,Sandoná,1.3223,-77.4792,20,9/15/1963,,Cudayari,Pacifico,Patía,Río Guáitara,2018,19,Andes,Preliminar,,,1,5.50444984436035,5.50444984436035,0,6.26128959655762,6.5696964263916,3.93818187713623,4.62545442581177,5,5,0.789855062961578,0.967391312122345,1,1,10,1.04999995231628,
02,2019-02-17,52050040,,"",SANDONA [52050040],Pluviométrica,Convencional,Activa,Nariño,Sandoná,1.3223,-77.4792,20,9/15/1963,,Cudayari,Pacifico,Patía,Río Guáitara,2019,17,Andes,Preliminar,0,0,0,1.26550877094269,1.26550877094269,0,0,0,3.93818187713623,4.62545442581177,5,5,0.789855062961578,0.967391312122345,1,1,10,1.04999995231628,0
02,2017-02-17,52050040,,"",SANDONA [52050040],Pluviométrica,Convencional,Activa,Nariño,Sandoná,1.3223,-77.4792,20,9/15/1963,,Cudayari,Pacifico,Patía,Río Guáitara,2017,17,Andes,Preliminar,0,0,0,3.2711877822876,3.2711877822876,0,1.34063804149628,1.26259243488312,3.93818187713623,4.62545442581177,5,5,0.789855062961578,0.967391312122345,1,1,10,1.04999995231628,0
02,2017-02-16,52050040,,"",SANDONA [52050040],Pluviométrica,Convencional,Activa,Nariño,Sandoná,1.3223,-77.4792,20,9/15/1963,,Cudayari,Pacifico,Patía,Río Guáitara,2017,16,Andes,Preliminar,0,0,0,2.1682620048523,2.1682620048523,0,2.0089795589447,0.0263040084391832,3.93818187713623,4.62545442581177,5,5,0.789855062961578,0.967391312122345,1,1,10,1.04999995231628,0
02,2015-02-17,52050040,,"",SANDONA [52050040],Pluviométrica,Convencional,Activa,Nariño,Sandoná,1.3223,-77.4792,20,9/15/1963,,Cudayari,Pacifico,Patía,Río Guáitara,2015,17,Andes,Preliminar,,,1,1.62883114814758,1.62883114814758,0,0.123710997402668,0.053435243666172,3.93818187713623,4.62545442581177,5,5,0.789855062961578,0.967391312122345,1,1,10,1.04999995231628,
02,2016-02-15,52050040,,"",SANDONA [52050040],Pluviométrica,Convencional,Activa,Nariño,Sandoná,1.3223,-77.4792,20,9/15/1963,,Cudayari,Pacifico,Patía,Río Guáitara,2016,15,Andes,Preliminar,0,0,0,1.76866042613983,1.76866042613983,0,0,0,3.93818187713623,4.62545442581177,5,5,0.789855062961578,0.967391312122345,1,1,9,1.04999995231628,0
02,2017-02-12,52050040,1,Definitivo,SANDONA [52050040],Pluviométrica,Convencional,Activa,Nariño,Sandoná,1.3223,-77.4792,20,9/15/1963,,Cudayari,Pacifico,Patía,Río Guáitara,2017,12,Andes,Definitivo,1,1,0,11.9993858337402,11.9993858337402,0,19.9392375946045,28.3057746887207,3.93818187713623,4.62545442581177,5,5,0.789855062961578,0.967391312122345,1,1,9,1.04999995231628,1.04999995231628
02,2018-02-10,52050040,,"",SANDONA [52050040],Pluviométrica,Convencional,Activa,Nariño,Sandoná,1.3223,-77.4792,20,9/15/1963,,Cudayari,Pacifico,Patía,Río Guáitara,2018,10,Andes,Preliminar,,,1,1.09966063499451,1.09966063499451,0,0.833150148391724,0,3.93818187713623,4.62545442581177,5,5,0.789855062961578,0.967391312122345,1,1,8,1.04999995231628,
02,2019-02-08,52050040,,"",SANDONA [52050040],Pluviométrica,Convencional,Activa,Nariño,Sandoná,1.3223,-77.4792,20,9/15/1963,,Cudayari,Pacifico,Patía,Río Guáitara,2019,08,Andes,Preliminar,0,0,0,4.74830436706543,4.74830436706543,0,0.379254281520844,0,3.93818187713623,4.62545442581177,5,5,0.789855062961578,0.967391312122345,1,1,8,1.04999995231628,0
02,2020-02-06,52050040,,"",SANDONA [52050040],Pluviométrica,Convencional,Activa,Nariño,Sandoná,1.3223,-77.4792,20,9/15/1963,,Cudayari,Pacifico,Patía,Río Guáitara,2020,06,Andes,Preliminar,0,0,0,1.02673506736755,1.02673506736755,0,0.118207588791847,0,3.93818187713623,4.62545442581177,5,5,0.789855062961578,0.967391312122345,1,1,8,1.04999995231628,0
02,2021-02-03,52050040,,"",SANDONA [52050040],Pluviométrica,Convencional,Activa,Nariño,Sandoná,1.3223,-77.4792,20,9/15/1963,,Cudayari,Pacifico,Patía,Río Guáitara,2021,03,Andes,Preliminar,0,0,0,3.35887932777405,3.35887932777405,0,1.06756961345673,0,3.93818187713623,4.62545442581177,5,5,0.789855062961578,0.967391312122345,1,1,7,1.04999995231628,0
02,2022-02-01,52050040,,"",SANDONA [52050040],Pluviométrica,Convencional,Activa,Nariño,Sandoná,1.3223,-77.4792,20,9/15/1963,,Cudayari,Pacifico,Patía,Río Guáitara,2022,01,Andes,Preliminar,0,0,0,3.03854370117188,3.03854370117188,0,3.09489893913269,0.352205455303192,3.93818187713623,4.62545442581177,5,5,0.789855062961578,0.967391312122345,1,1,7,1.04999995231628,0
02,2002-02-13,52050040,,"",SANDONA [52050040],Pluviométrica,Convencional,Activa,Nariño,Sandoná,1.3223,-77.4792,20,9/15/1963,,Cudayari,Pacifico,Patía,Río Guáitara,2002,13,Andes,Preliminar,0,0,0,0.297251760959625,0.297251760959625,0,0,0,3.93818187713623,4.62545442581177,5,5,0.789855062961578,0.967391312122345,1,1,9,1.04999995231628,0
02,2004-02-10,52050040,,"",SANDONA [52050040],Pluviométrica,Convencional,Activa,Nariño,Sandoná,1.3223,-77.4792,20,9/15/1963,,Cudayari,Pacifico,Patía,Río Guáitara,2004,10,Andes,Preliminar,0,0,0,0,0,0,0.0499137155711651,1.2736736536026,3.93818187713623,4.62545442581177,5,5,0.789855062961578,0.967391312122345,1,1,8,1.04999995231628,0
02,2001-02-28,52050040,,"",SANDONA [52050040],Pluviométrica,Convencional,Activa,Nariño,Sandoná,1.3223,-77.4792,20,9/15/1963,,Cudayari,Pacifico,Patía,Río Guáitara,2001,28,Andes,Preliminar,0,0,0,1.32853293418884,1.32853293418884,0,0,0,3.93818187713623,4.62545442581177,5,5,0.789855062961578,0.967391312122345,1,1,12,1.04999995231628,0
02,2001-02-27,52050040,,"",SANDONA [52050040],Pluviométrica,Convencional,Activa,Nariño,Sandoná,1.3223,-77.4792,20,9/15/1963,,Cudayari,Pacifico,Patía,Río Guáitara,2001,27,Andes,Preliminar,0,0,0,0.721428751945496,0.721428751945496,0,0,0,3.93818187713623,4.62545442581177,5,5,0.789855062961578,0.967391312122345,1,1,12,1.04999995231628,0
02,2002-02-25,52050040,,"",SANDONA [52050040],Pluviométrica,Convencional,Activa,Nariño,Sandoná,1.3223,-77.4792,20,9/15/1963,,Cudayari,Pacifico,Patía,Río Guáitara,2002,25,Andes,Preliminar,0,0,0,1.19508075714111,1.19508075714111,0,0.502927660942078,0.291833728551865,3.93818187713623,4.62545442581177,5,5,0.789855062961578,0.967391312122345,1,1,11,1.04999995231628,0
02,2003-02-23,52050040,,"",SANDONA [52050040],Pluviométrica,Convencional,Activa,Nariño,Sandoná,1.3223,-77.4792,20,9/15/1963,,Cudayari,Pacifico,Patía,Río Guáitara,2003,23,Andes,Preliminar,0,0,0,3.85172414779663,3.85172414779663,0,1.83835053443909,5.3258171081543,3.93818187713623,4.62545442581177,5,5,0.789855062961578,0.967391312122345,1,1,11,1.04999995231628,0
02,2004-02-21,52050040,,"",SANDONA [52050040],Pluviométrica,Convencional,Activa,Nariño,Sandoná,1.3223,-77.4792,20,9/15/1963,,Cudayari,Pacifico,Patía,Río Guáitara,2004,21,Andes,Preliminar,0,0,0,0.458033949136734,0.458033949136734,36.4810791015625,1.95589637756348,8.99738025665283,3.93818187713623,4.62545442581177,5,5,0.789855062961578,0.967391312122345,1,1,11,1.04999995231628,0
02,2005-02-18,52050040,4,Definitivo,SANDONA [52050040],Pluviométrica,Convencional,Activa,Nariño,Sandoná,1.3223,-77.4792,20,9/15/1963,,Cudayari,Pacifico,Patía,Río Guáitara,2005,18,Andes,Definitivo,4,4,0,0.731820583343506,0.731820583343506,0,0.341616570949554,0.173086583614349,3.93818187713623,4.62545442581177,5,5,0.789855062961578,0.967391312122345,1,1,10,1.04999995231628,4.19999980926514
02,2006-02-16,52050040,,"",SANDONA [52050040],Pluviométrica,Convencional,Activa,Nariño,Sandoná,1.3223,-77.4792,20,9/15/1963,,Cudayari,Pacifico,Patía,Río Guáitara,2006,16,Andes,Preliminar,0,0,0,0.188502430915833,0.188502430915833,0,0.704184472560883,0,3.93818187713623,4.62545442581177,5,5,0.789855062961578,0.967391312122345,1,1,10,1.04999995231628,0
02,2004-02-17,52050040,,"",SANDONA [52050040],Pluviométrica,Convencional,Activa,Nariño,Sandoná,1.3223,-77.4792,20,9/15/1963,,Cudayari,Pacifico,Patía,Río Guáitara,2004,17,Andes,Preliminar,0,0,0,1.92185652256012,1.92185652256012,0,0.990060329437256,0,3.93818187713623,4.62545442581177,5,5,0.789855062961578,0.967391312122345,1,1,10,1.04999995231628,0
02,2006-02-15,52050040,,"",SANDONA [52050040],Pluviométrica,Convencional,Activa,Nariño,Sandoná,1.3223,-77.4792,20,9/15/1963,,Cudayari,Pacifico,Patía,Río Guáitara,2006,15,Andes,Preliminar,0,0,0,0.54592764377594,0.54592764377594,0,0.346408784389496,0,3.93818187713623,4.62545442581177,5,5,0.789855062961578,0.967391312122345,1,1,9,1.04999995231628,0
02,2006-02-12,52050040,,"",SANDONA [52050040],Pluviométrica,Convencional,Activa,Nariño,Sandoná,1.3223,-77.4792,20,9/15/1963,,Cudayari,Pacifico,Patía,Río Guáitara,2006,12,Andes,Preliminar,0,0,0,3.3028621673584,3.3028621673584,0,1.68471992015839,3.16010713577271,3.93818187713623,4.62545442581177,5,5,0.789855062961578,0.967391312122345,1,1,9,1.04999995231628,0
02,2004-02-13,52050040,,"",SANDONA [52050040],Pluviométrica,Convencional,Activa,Nariño,Sandoná,1.3223,-77.4792,20,9/15/1963,,Cudayari,Pacifico,Patía,Río Guáitara,2004,13,Andes,Preliminar,0,0,0,4.65375375747681,4.65375375747681,0,0,0,3.93818187713623,4.62545442581177,5,5,0.789855062961578,0.967391312122345,1,1,9,1.04999995231628,0
02,2017-02-18,52050040,,"",SANDONA [52050040],Pluviométrica,Convencional,Activa,Nariño,Sandoná,1.3223,-77.4792,20,9/15/1963,,Cudayari,Pacifico,Patía,Río Guáitara,2017,18,Andes,Preliminar,0,0,0,2.05637812614441,2.05637812614441,6.46730661392212,1.03224527835846,4.36646556854248,3.93818187713623,4.62545442581177,5,5,0.789855062961578,0.967391312122345,1,1,10,1.04999995231628,0
02,2017-02-19,52050040,5,Definitivo,SANDONA [52050040],Pluviométrica,Convencional,Activa,Nariño,Sandoná,1.3223,-77.4792,20,9/15/1963,,Cudayari,Pacifico,Patía,Río Guáitara,2017,19,Andes,Definitivo,5,5,0,6.4501953125,6.4501953125,0,0.918488919734955,1.70976054668427,3.93818187713623,4.62545442581177,5,5,0.789855062961578,0.967391312122345,1,1,10,1.04999995231628,5.24999976158142
02,2004-02-08,52050040,,"",SANDONA [52050040],Pluviométrica,Convencional,Activa,Nariño,Sandoná,1.3223,-77.4792,20,9/15/1963,,Cudayari,Pacifico,Patía,Río Guáitara,2004,08,Andes,Preliminar,0,0,0,4.47325468063355,4.47325468063355,0,0.358316093683243,0,3.93818187713623,4.62545442581177,5,5,0.789855062961578,0.967391312122345,1,1,8,1.04999995231628,0
02,2004-02-09,52050040,,"",SANDONA [52050040],Pluviométrica,Convencional,Activa,Nariño,Sandoná,1.3223,-77.4792,20,9/15/1963,,Cudayari,Pacifico,Patía,Río Guáitara,2004,09,Andes,Preliminar,0,0,0,0.0430120639503002,0.0430120639503002,0,0.0887302085757256,0,3.93818187713623,4.62545442581177,5,5,0.789855062961578,0.967391312122345,1,1,8,1.04999995231628,0
02,2007-02-07,52050040,,"",SANDONA [52050040],Pluviométrica,Convencional,Activa,Nariño,Sandoná,1.3223,-77.4792,20,9/15/1963,,Cudayari,Pacifico,Patía,Río Guáitara,2007,07,Andes,Preliminar,0,0,0,0,0,0,0.0872654616832733,0,3.93818187713623,4.62545442581177,5,5,0.789855062961578,0.967391312122345,1,1,8,1.04999995231628,0
02,2007-02-08,52050040,,"",SANDONA [52050040],Pluviométrica,Convencional,Activa,Nariño,Sandoná,1.3223,-77.4792,20,9/15/1963,,Cudayari,Pacifico,Patía,Río Guáitara,2007,08,Andes,Preliminar,0,0,0,0.980753898620605,0.980753898620605,0,0.231529474258423,0,3.93818187713623,4.62545442581177,5,5,0.789855062961578,0.967391312122345,1,1,8,1.04999995231628,0
02,2012-02-07,52050040,,"",SANDONA [52050040],Pluviométrica,Convencional,Activa,Nariño,Sandoná,1.3223,-77.4792,20,9/15/1963,,Cudayari,Pacifico,Patía,Río Guáitara,2012,07,Andes,Preliminar,0,0,0,2.85125660896301,2.85125660896301,0,1.91675305366516,3.16536736488342,3.93818187713623,4.62545442581177,5,5,0.789855062961578,0.967391312122345,1,1,8,1.04999995231628,0
02,2012-02-08,52050040,,"",SANDONA [52050040],Pluviométrica,Convencional,Activa,Nariño,Sandoná,1.3223,-77.4792,20,9/15/1963,,Cudayari,Pacifico,Patía,Río Guáitara,2012,08,Andes,Preliminar,0,0,0,4.8724045753479,4.8724045753479,18.4316062927246,2.93343091011047,9.06065368652344,3.93818187713623,4.62545442581177,5,5,0.789855062961578,0.967391312122345,1,1,8,1.04999995231628,0
02,2012-02-09,52050040,1,Definitivo,SANDONA [52050040],Pluviométrica,Convencional,Activa,Nariño,Sandoná,1.3223,-77.4792,20,9/15/1963,,Cudayari,Pacifico,Patía,Río Guáitara,2012,09,Andes,Definitivo,1,1,0,2.94631910324097,2.94631910324097,0,2.83838176727295,0.3600814640522,3.93818187713623,4.62545442581177,5,5,0.789855062961578,0.967391312122345,1,1,8,1.04999995231628,1.04999995231628
02,2014-02-10,52050040,,"",SANDONA [52050040],Pluviométrica,Convencional,Activa,Nariño,Sandoná,1.3223,-77.4792,20,9/15/1963,,Cudayari,Pacifico,Patía,Río Guáitara,2014,10,Andes,Preliminar,0,0,0,1.77240741252899,1.77240741252899,0,0.552594840526581,0,3.93818187713623,4.62545442581177,5,5,0.789855062961578,0.967391312122345,1,1,8,1.04999995231628,0
02,2013-02-14,52050040,1,Definitivo,SANDONA [52050040],Pluviométrica,Convencional,Activa,Nariño,Sandoná,1.3223,-77.4792,20,9/15/1963,,Cudayari,Pacifico,Patía,Río Guáitara,2013,14,Andes,Definitivo,1,1,0,5.62062311172485,5.62062311172485,0,6.96730613708496,4.47583436965942,3.93818187713623,4.62545442581177,5,5,0.789855062961578,0.967391312122345,1,1,9,1.04999995231628,1.04999995231628
02,2013-02-15,52050040,,"",SANDONA [52050040],Pluviométrica,Convencional,Activa,Nariño,Sandoná,1.3223,-77.4792,20,9/15/1963,,Cudayari,Pacifico,Patía,Río Guáitara,2013,15,Andes,Preliminar,0,0,0,1.87549889087677,1.87549889087677,0,1.56107079982758,0,3.93818187713623,4.62545442581177,5,5,0.789855062961578,0.967391312122345,1,1,9,1.04999995231628,0
02,2012-02-20,52050040,9,Definitivo,SANDONA [52050040],Pluviométrica,Convencional,Activa,Nariño,Sandoná,1.3223,-77.4792,20,9/15/1963,,Cudayari,Pacifico,Patía,Río Guáitara,2012,20,Andes,Definitivo,9,9,0,3.49587202072144,3.49587202072144,32.7986297607422,6.53695106506348,15.5851173400879,3.93818187713623,4.62545442581177,5,5,0.789855062961578,0.967391312122345,1,1,10,1.04999995231628,9.44999957084656
02,2020-02-01,52050040,6,En revisión,SANDONA [52050040],Pluviométrica,Convencional,Activa,Nariño,Sandoná,1.3223,-77.4792,20,9/15/1963,,Cudayari,Pacifico,Patía,Río Guáitara,2020,01,Andes,En revisión,6,6,0,3.31833505630493,3.31833505630493,18.1569156646729,2.18623280525208,2.89134049415588,3.93818187713623,4.62545442581177,5,5,0.789855062961578,0.967391312122345,1,1,7,1.04999995231628,6.29999971389771
02,2003-02-14,52050040,9,Definitivo,SANDONA [52050040],Pluviométrica,Convencional,Activa,Nariño,Sandoná,1.3223,-77.4792,20,9/15/1963,,Cudayari,Pacifico,Patía,Río Guáitara,2003,14,Andes,Definitivo,9,9,0,2.34164524078369,2.34164524078369,16.1841468811035,1.68809914588928,2.71919393539429,3.93818187713623,4.62545442581177,5,5,0.789855062961578,0.967391312122345,1,1,9,1.04999995231628,9.44999957084656
02,2017-02-20,52050040,8,Definitivo,SANDONA [52050040],Pluviométrica,Convencional,Activa,Nariño,Sandoná,1.3223,-77.4792,20,9/15/1963,,Cudayari,Pacifico,Patía,Río Guáitara,2017,20,Andes,Definitivo,8,8,0,3.93458843231201,3.93458843231201,6.46730661392212,4.56365203857422,2.49888062477112,3.93818187713623,4.62545442581177,5,5,0.789855062961578,0.967391312122345,1,1,10,1.04999995231628,8.39999961853027
02,2018-02-18,52050040,,"",SANDONA [52050040],Pluviométrica,Convencional,Activa,Nariño,Sandoná,1.3223,-77.4792,20,9/15/1963,,Cudayari,Pacifico,Patía,Río Guáitara,2018,18,Andes,Preliminar,,,1,1.82426834106445,1.82426834106445,0,7.09302091598511,3.77645874023438,3.93818187713623,4.62545442581177,5,5,0.789855062961578,0.967391312122345,1,1,10,1.04999995231628,
02,2019-02-16,52050040,,"",SANDONA [52050040],Pluviométrica,Convencional,Activa,Nariño,Sandoná,1.3223,-77.4792,20,9/15/1963,,Cudayari,Pacifico,Patía,Río Guáitara,2019,16,Andes,Preliminar,0,0,0,1.48586797714233,1.48586797714233,0,0,0,3.93818187713623,4.62545442581177,5,5,0.789855062961578,0.967391312122345,1,1,10,1.04999995231628,0
02,2015-02-16,52050040,,"",SANDONA [52050040],Pluviométrica,Convencional,Activa,Nariño,Sandoná,1.3223,-77.4792,20,9/15/1963,,Cudayari,Pacifico,Patía,Río Guáitara,2015,16,Andes,Preliminar,,,1,2.41589784622192,2.41589784622192,0,0.0718033909797669,1.30160200595856,3.93818187713623,4.62545442581177,5,5,0.789855062961578,0.967391312122345,1,1,10,1.04999995231628,
02,2016-02-14,52050040,,"",SANDONA [52050040],Pluviométrica,Convencional,Activa,Nariño,Sandoná,1.3223,-77.4792,20,9/15/1963,,Cudayari,Pacifico,Patía,Río Guáitara,2016,14,Andes,Preliminar,0,0,0,1.46961879730225,1.46961879730225,0,0,0,3.93818187713623,4.62545442581177,5,5,0.789855062961578,0.967391312122345,1,1,9,1.04999995231628,0
02,2017-02-11,52050040,,"",SANDONA [52050040],Pluviométrica,Convencional,Activa,Nariño,Sandoná,1.3223,-77.4792,20,9/15/1963,,Cudayari,Pacifico,Patía,Río Guáitara,2017,11,Andes,Preliminar,12,12,0,14.3544673919678,14.3544673919678,0,4.23334503173828,2.51779985427856,3.93818187713623,4.62545442581177,5,5,0.789855062961578,0.967391312122345,1,1,9,1.04999995231628,12.5999994277954
02,2018-02-09,52050040,,"",SANDONA [52050040],Pluviométrica,Convencional,Activa,Nariño,Sandoná,1.3223,-77.4792,20,9/15/1963,,Cudayari,Pacifico,Patía,Río Guáitara,2018,09,Andes,Preliminar,,,1,2.53880214691162,2.53880214691162,0,0.300952434539795,0,3.93818187713623,4.62545442581177,5,5,0.789855062961578,0.967391312122345,1,1,8,1.04999995231628,
02,2019-02-07,52050040,,"",SANDONA [52050040],Pluviométrica,Convencional,Activa,Nariño,Sandoná,1.3223,-77.4792,20,9/15/1963,,Cudayari,Pacifico,Patía,Río Guáitara,2019,07,Andes,Preliminar,0,0,0,1.68841922283173,1.68841922283173,0,1.06042039394379,0.426709860563278,3.93818187713623,4.62545442581177,5,5,0.789855062961578,0.967391312122345,1,1,8,1.04999995231628,0
02,2020-02-05,52050040,,"",SANDONA [52050040],Pluviométrica,Convencional,Activa,Nariño,Sandoná,1.3223,-77.4792,20,9/15/1963,,Cudayari,Pacifico,Patía,Río Guáitara,2020,05,Andes,Preliminar,0,0,0,1.53921067714691,1.53921067714691,0,0.281183421611786,0,3.93818187713623,4.62545442581177,5,5,0.789855062961578,0.967391312122345,1,1,7,1.04999995231628,0
02,2021-02-02,52050040,,"",SANDONA [52050040],Pluviométrica,Convencional,Activa,Nariño,Sandoná,1.3223,-77.4792,20,9/15/1963,,Cudayari,Pacifico,Patía,Río Guáitara,2021,02,Andes,Preliminar,0,0,0,4.16688013076782,4.16688013076782,0,2.41293048858643,0,3.93818187713623,4.62545442581177,5,5,0.789855062961578,0.967391312122345,1,1,7,1.04999995231628,0
02,2019-02-03,52050040,0,Definitivo,SANDONA [52050040],Pluviométrica,Convencional,Activa,Nariño,Sandoná,1.3223,-77.4792,20,9/15/1963,,Cudayari,Pacifico,Patía,Río Guáitara,2019,03,Andes,Definitivo,0,0,0,4.1553750038147,4.1553750038147,0,3.92630863189697,1.23362374305725,3.93818187713623,4.62545442581177,5,5,0.789855062961578,0.967391312122345,1,1,7,1.04999995231628,0
02,2002-02-16,52050040,,"",SANDONA [52050040],Pluviométrica,Convencional,Activa,Nariño,Sandoná,1.3223,-77.4792,20,9/15/1963,,Cudayari,Pacifico,Patía,Río Guáitara,2002,16,Andes,Preliminar,0,0,0,1.73646807670593,1.73646807670593,0,0,0,3.93818187713623,4.62545442581177,5,5,0.789855062961578,0.967391312122345,1,1,10,1.04999995231628,0
02,2015-02-18,52050040,,"",SANDONA [52050040],Pluviométrica,Convencional,Activa,Nariño,Sandoná,1.3223,-77.4792,20,9/15/1963,,Cudayari,Pacifico,Patía,Río Guáitara,2015,18,Andes,Preliminar,,,1,3.42789006233215,3.42789006233215,0,0.162464320659637,0,3.93818187713623,4.62545442581177,5,5,0.789855062961578,0.967391312122345,1,1,10,1.04999995231628,
02,2003-02-11,52050040,10,Definitivo,SANDONA [52050040],Pluviométrica,Convencional,Activa,Nariño,Sandoná,1.3223,-77.4792,20,9/15/1963,,Cudayari,Pacifico,Patía,Río Guáitara,2003,11,Andes,Definitivo,10,10,0,0.565224826335907,0.565224826335907,0,0.949381113052368,0.326303243637085,3.93818187713623,4.62545442581177,5,5,0.789855062961578,0.967391312122345,1,1,9,1.04999995231628,10.4999995231628
02,2006-02-06,52050040,,"",SANDONA [52050040],Pluviométrica,Convencional,Activa,Nariño,Sandoná,1.3223,-77.4792,20,9/15/1963,,Cudayari,Pacifico,Patía,Río Guáitara,2006,06,Andes,Preliminar,0,0,0,0.504571676254273,0.504571676254273,0,2.23894476890564,6.12370300292969,3.93818187713623,4.62545442581177,5,5,0.789855062961578,0.967391312122345,1,1,8,1.04999995231628,0
02,2002-02-08,52050040,,"",SANDONA [52050040],Pluviométrica,Convencional,Activa,Nariño,Sandoná,1.3223,-77.4792,20,9/15/1963,,Cudayari,Pacifico,Patía,Río Guáitara,2002,08,Andes,Preliminar,0,0,0,0.814769327640533,0.814769327640533,0,3.55490779876709,0.214414000511169,3.93818187713623,4.62545442581177,5,5,0.789855062961578,0.967391312122345,1,1,8,1.04999995231628,0
02,2005-02-06,52050040,,"",SANDONA [52050040],Pluviométrica,Convencional,Activa,Nariño,Sandoná,1.3223,-77.4792,20,9/15/1963,,Cudayari,Pacifico,Patía,Río Guáitara,2005,06,Andes,Preliminar,0,0,0,0.340942710638046,0.340942710638046,0,0.225126162171364,0.0402353070676327,3.93818187713623,4.62545442581177,5,5,0.789855062961578,0.967391312122345,1,1,8,1.04999995231628,0
02,2001-02-26,52050040,,"",SANDONA [52050040],Pluviométrica,Convencional,Activa,Nariño,Sandoná,1.3223,-77.4792,20,9/15/1963,,Cudayari,Pacifico,Patía,Río Guáitara,2001,26,Andes,Preliminar,0,0,0,3.2444589138031,3.2444589138031,6.74603939056397,0,0,3.93818187713623,4.62545442581177,5,5,0.789855062961578,0.967391312122345,1,1,12,1.04999995231628,0
02,2002-02-24,52050040,,"",SANDONA [52050040],Pluviométrica,Convencional,Activa,Nariño,Sandoná,1.3223,-77.4792,20,9/15/1963,,Cudayari,Pacifico,Patía,Río Guáitara,2002,24,Andes,Preliminar,0,0,0,0.956064581871033,0.956064581871033,0,0.63324636220932,0.172229707241058,3.93818187713623,4.62545442581177,5,5,0.789855062961578,0.967391312122345,1,1,11,1.04999995231628,0
02,2003-02-22,52050040,,"",SANDONA [52050040],Pluviométrica,Convencional,Activa,Nariño,Sandoná,1.3223,-77.4792,20,9/15/1963,,Cudayari,Pacifico,Patía,Río Guáitara,2003,22,Andes,Preliminar,0,0,0,0.522595822811127,0.522595822811127,6.86388921737671,1.82800400257111,3.51277303695679,3.93818187713623,4.62545442581177,5,5,0.789855062961578,0.967391312122345,1,1,11,1.04999995231628,0
02,2004-02-20,52050040,5,Definitivo,SANDONA [52050040],Pluviométrica,Convencional,Activa,Nariño,Sandoná,1.3223,-77.4792,20,9/15/1963,,Cudayari,Pacifico,Patía,Río Guáitara,2004,20,Andes,Definitivo,5,5,0,1.48976111412048,1.48976111412048,0,1.50310742855072,5.53120946884155,3.93818187713623,4.62545442581177,5,5,0.789855062961578,0.967391312122345,1,1,10,1.04999995231628,5.24999976158142
02,2005-02-17,52050040,2,Definitivo,SANDONA [52050040],Pluviométrica,Convencional,Activa,Nariño,Sandoná,1.3223,-77.4792,20,9/15/1963,,Cudayari,Pacifico,Patía,Río Guáitara,2005,17,Andes,Definitivo,2,2,0,2.7077362537384,2.7077362537384,19.5484371185303,0.652487993240356,0.98659360408783,3.93818187713623,4.62545442581177,5,5,0.789855062961578,0.967391312122345,1,1,10,1.04999995231628,2.09999990463257
02,2002-02-19,52050040,,"",SANDONA [52050040],Pluviométrica,Convencional,Activa,Nariño,Sandoná,1.3223,-77.4792,20,9/15/1963,,Cudayari,Pacifico,Patía,Río Guáitara,2002,19,Andes,Preliminar,0,0,0,4.39224290847778,4.39224290847778,0,0,0,3.93818187713623,4.62545442581177,5,5,0.789855062961578,0.967391312122345,1,1,10,1.04999995231628,0
02,2004-02-16,52050040,,"",SANDONA [52050040],Pluviométrica,Convencional,Activa,Nariño,Sandoná,1.3223,-77.4792,20,9/15/1963,,Cudayari,Pacifico,Patía,Río Guáitara,2004,16,Andes,Preliminar,0,0,0,1.8057713508606,1.8057713508606,0,0.506210446357727,0.32967472076416,3.93818187713623,4.62545442581177,5,5,0.789855062961578,0.967391312122345,1,1,10,1.04999995231628,0
02,2013-02-16,52050040,,"",SANDONA [52050040],Pluviométrica,Convencional,Activa,Nariño,Sandoná,1.3223,-77.4792,20,9/15/1963,,Cudayari,Pacifico,Patía,Río Guáitara,2013,16,Andes,Preliminar,0,0,0,2.52755379676819,2.52755379676819,0,0,0,3.93818187713623,4.62545442581177,5,5,0.789855062961578,0.967391312122345,1,1,10,1.04999995231628,0
02,2004-02-15,52050040,5,Definitivo,SANDONA [52050040],Pluviométrica,Convencional,Activa,Nariño,Sandoná,1.3223,-77.4792,20,9/15/1963,,Cudayari,Pacifico,Patía,Río Guáitara,2004,15,Andes,Definitivo,5,5,0,1.65510070323944,1.65510070323944,0,0,0,3.93818187713623,4.62545442581177,5,5,0.789855062961578,0.967391312122345,1,1,9,1.04999995231628,5.24999976158142
02,2015-02-19,52050040,,"",SANDONA [52050040],Pluviométrica,Convencional,Activa,Nariño,Sandoná,1.3223,-77.4792,20,9/15/1963,,Cudayari,Pacifico,Patía,Río Guáitara,2015,19,Andes,Preliminar,,,1,2.46592426300049,2.46592426300049,0,0.781205952167511,0,3.93818187713623,4.62545442581177,5,5,0.789855062961578,0.967391312122345,1,1,10,1.04999995231628,
02,2015-02-20,52050040,,"",SANDONA [52050040],Pluviométrica,Convencional,Activa,Nariño,Sandoná,1.3223,-77.4792,20,9/15/1963,,Cudayari,Pacifico,Patía,Río Guáitara,2015,20,Andes,Preliminar,,,1,1.745476603508,1.745476603508,0,0.21585251390934,0,3.93818187713623,4.62545442581177,5,5,0.789855062961578,0.967391312122345,1,1,10,1.04999995231628,
02,2016-02-18,52050040,,"",SANDONA [52050040],Pluviométrica,Convencional,Activa,Nariño,Sandoná,1.3223,-77.4792,20,9/15/1963,,Cudayari,Pacifico,Patía,Río Guáitara,2016,18,Andes,Preliminar,0,0,0,1.96133625507355,1.96133625507355,0,0,0,3.93818187713623,4.62545442581177,5,5,0.789855062961578,0.967391312122345,1,1,10,1.04999995231628,0
02,2017-02-15,52050040,,"",SANDONA [52050040],Pluviométrica,Convencional,Activa,Nariño,Sandoná,1.3223,-77.4792,20,9/15/1963,,Cudayari,Pacifico,Patía,Río Guáitara,2017,15,Andes,Preliminar,0,0,0,7.44406795501709,7.44406795501709,17.7572250366211,1.52046167850494,2.02029633522034,3.93818187713623,4.62545442581177,5,5,0.789855062961578,0.967391312122345,1,1,9,1.04999995231628,0
02,2005-02-07,52050040,8,Definitivo,SANDONA [52050040],Pluviométrica,Convencional,Activa,Nariño,Sandoná,1.3223,-77.4792,20,9/15/1963,,Cudayari,Pacifico,Patía,Río Guáitara,2005,07,Andes,Definitivo,8,8,0,0.847190916538239,0.847190916538239,0,0.782482326030731,0,3.93818187713623,4.62545442581177,5,5,0.789855062961578,0.967391312122345,1,1,8,1.04999995231628,8.39999961853027
02,2010-02-06,52050040,13,Definitivo,SANDONA [52050040],Pluviométrica,Convencional,Activa,Nariño,Sandoná,1.3223,-77.4792,20,9/15/1963,,Cudayari,Pacifico,Patía,Río Guáitara,2010,06,Andes,Definitivo,13,13,0,7.26020336151123,7.26020336151123,52.4693908691406,20.2351226806641,32.8054351806641,3.93818187713623,4.62545442581177,5,5,0.789855062961578,0.967391312122345,1,1,8,1.04999995231628,13.6499993801117
02,2010-02-07,52050040,,"",SANDONA [52050040],Pluviométrica,Convencional,Activa,Nariño,Sandoná,1.3223,-77.4792,20,9/15/1963,,Cudayari,Pacifico,Patía,Río Guáitara,2010,07,Andes,Preliminar,0,0,0,1.60539150238037,1.60539150238037,0,3.94399571418762,0.15237495303154,3.93818187713623,4.62545442581177,5,5,0.789855062961578,0.967391312122345,1,1,8,1.04999995231628,0
02,2010-02-08,52050040,,"",SANDONA [52050040],Pluviométrica,Convencional,Activa,Nariño,Sandoná,1.3223,-77.4792,20,9/15/1963,,Cudayari,Pacifico,Patía,Río Guáitara,2010,08,Andes,Preliminar,0,0,0,4.80419445037842,4.80419445037842,0,1.94834077358246,0,3.93818187713623,4.62545442581177,5,5,0.789855062961578,0.967391312122345,1,1,8,1.04999995231628,0
02,2015-02-07,52050040,,"",SANDONA [52050040],Pluviométrica,Convencional,Activa,Nariño,Sandoná,1.3223,-77.4792,20,9/15/1963,,Cudayari,Pacifico,Patía,Río Guáitara,2015,07,Andes,Preliminar,,,1,9.95155048370361,9.95155048370361,31.1828746795654,9.44211959838867,14.4277362823486,3.93818187713623,4.62545442581177,5,5,0.789855062961578,0.967391312122345,1,1,8,1.04999995231628,
02,2014-02-11,52050040,,"",SANDONA [52050040],Pluviométrica,Convencional,Activa,Nariño,Sandoná,1.3223,-77.4792,20,9/15/1963,,Cudayari,Pacifico,Patía,Río Guáitara,2014,11,Andes,Preliminar,0,0,0,2.19233703613281,2.19233703613281,0,4.73924589157105,2.56448125839233,3.93818187713623,4.62545442581177,5,5,0.789855062961578,0.967391312122345,1,1,9,1.04999995231628,0
02,2014-02-12,52050040,,"",SANDONA [52050040],Pluviométrica,Convencional,Activa,Nariño,Sandoná,1.3223,-77.4792,20,9/15/1963,,Cudayari,Pacifico,Patía,Río Guáitara,2014,12,Andes,Preliminar,0,0,0,4.17272424697876,4.17272424697876,0,5.24302673339844,0.792316973209381,3.93818187713623,4.62545442581177,5,5,0.789855062961578,0.967391312122345,1,1,9,1.04999995231628,0
02,2017-02-02,52050040,,"",SANDONA [52050040],Pluviométrica,Convencional,Activa,Nariño,Sandoná,1.3223,-77.4792,20,9/15/1963,,Cudayari,Pacifico,Patía,Río Guáitara,2017,02,Andes,Preliminar,0,0,0,2.41809940338135,2.41809940338135,0,0,0,3.93818187713623,4.62545442581177,5,5,0.789855062961578,0.967391312122345,1,1,7,1.04999995231628,0
02,2014-02-13,52050040,28,Definitivo,SANDONA [52050040],Pluviométrica,Convencional,Activa,Nariño,Sandoná,1.3223,-77.4792,20,9/15/1963,,Cudayari,Pacifico,Patía,Río Guáitara,2014,13,Andes,Definitivo,28,28,0,9.19882392883301,9.19882392883301,0,9.09926509857178,0.975159287452698,3.93818187713623,4.62545442581177,5,5,0.789855062961578,0.967391312122345,1,1,9,1.04999995231628,29.399998664856
02,2002-02-15,52050040,,"",SANDONA [52050040],Pluviométrica,Convencional,Activa,Nariño,Sandoná,1.3223,-77.4792,20,9/15/1963,,Cudayari,Pacifico,Patía,Río Guáitara,2002,15,Andes,Preliminar,0,0,0,1.40330469608307,1.40330469608307,0,0,0,3.93818187713623,4.62545442581177,5,5,0.789855062961578,0.967391312122345,1,1,9,1.04999995231628,0
02,2004-02-12,52050040,,"",SANDONA [52050040],Pluviométrica,Convencional,Activa,Nariño,Sandoná,1.3223,-77.4792,20,9/15/1963,,Cudayari,Pacifico,Patía,Río Guáitara,2004,12,Andes,Preliminar,0,0,0,0.408907264471054,0.408907264471054,0,0,0,3.93818187713623,4.62545442581177,5,5,0.789855062961578,0.967391312122345,1,1,9,1.04999995231628,0
02,2002-02-10,52050040,,"",SANDONA [52050040],Pluviométrica,Convencional,Activa,Nariño,Sandoná,1.3223,-77.4792,20,9/15/1963,,Cudayari,Pacifico,Patía,Río Guáitara,2002,10,Andes,Preliminar,0,0,0,13.7552213668823,13.7552213668823,0,2.27254748344421,0,3.93818187713623,4.62545442581177,5,5,0.789855062961578,0.967391312122345,1,1,8,1.04999995231628,0
02,2004-02-07,52050040,,"",SANDONA [52050040],Pluviométrica,Convencional,Activa,Nariño,Sandoná,1.3223,-77.4792,20,9/15/1963,,Cudayari,Pacifico,Patía,Río Guáitara,2004,07,Andes,Preliminar,0,0,0,2.06457901000977,2.06457901000977,0,0.546802818775177,0,3.93818187713623,4.62545442581177,5,5,0.789855062961578,0.967391312122345,1,1,8,1.04999995231628,0
02,2016-02-13,52050040,,"",SANDONA [52050040],Pluviométrica,Convencional,Activa,Nariño,Sandoná,1.3223,-77.4792,20,9/15/1963,,Cudayari,Pacifico,Patía,Río Guáitara,2016,13,Andes,Preliminar,0,0,0,2.28973293304443,2.28973293304443,0,0,0,3.93818187713623,4.62545442581177,5,5,0.789855062961578,0.967391312122345,1,1,9,1.04999995231628,0
02,2017-02-10,52050040,,"",SANDONA [52050040],Pluviométrica,Convencional,Activa,Nariño,Sandoná,1.3223,-77.4792,20,9/15/1963,,Cudayari,Pacifico,Patía,Río Guáitara,2017,10,Andes,Preliminar,0,0,0,5.6806755065918,5.6806755065918,0,3.23400640487671,3.88953161239624,3.93818187713623,4.62545442581177,5,5,0.789855062961578,0.967391312122345,1,1,8,1.04999995231628,0
02,2018-02-08,52050040,,"",SANDONA [52050040],Pluviométrica,Convencional,Activa,Nariño,Sandoná,1.3223,-77.4792,20,9/15/1963,,Cudayari,Pacifico,Patía,Río Guáitara,2018,08,Andes,Preliminar,,,1,3.01150321960449,3.01150321960449,0,0.205501303076744,0,3.93818187713623,4.62545442581177,5,5,0.789855062961578,0.967391312122345,1,1,8,1.04999995231628,
02,2019-02-06,52050040,4,Definitivo,SANDONA [52050040],Pluviométrica,Convencional,Activa,Nariño,Sandoná,1.3223,-77.4792,20,9/15/1963,,Cudayari,Pacifico,Patía,Río Guáitara,2019,06,Andes,Definitivo,4,4,0,1.82586085796356,1.82586085796356,0,0.748001933097839,0,3.93818187713623,4.62545442581177,5,5,0.789855062961578,0.967391312122345,1,1,8,1.04999995231628,4.19999980926514
02,2020-02-04,52050040,,"",SANDONA [52050040],Pluviométrica,Convencional,Activa,Nariño,Sandoná,1.3223,-77.4792,20,9/15/1963,,Cudayari,Pacifico,Patía,Río Guáitara,2020,04,Andes,Preliminar,0,0,0,1.79842031002045,1.79842031002045,0,0.287685632705689,0,3.93818187713623,4.62545442581177,5,5,0.789855062961578,0.967391312122345,1,1,7,1.04999995231628,0
02,2021-02-01,52050040,,"",SANDONA [52050040],Pluviométrica,Convencional,Activa,Nariño,Sandoná,1.3223,-77.4792,20,9/15/1963,,Cudayari,Pacifico,Patía,Río Guáitara,2021,01,Andes,Preliminar,0,0,0,1.41855299472809,1.41855299472809,0,1.17232775688171,1.77772545814514,3.93818187713623,4.62545442581177,5,5,0.789855062961578,0.967391312122345,1,1,7,1.04999995231628,0
02,2019-02-02,52050040,2,Definitivo,SANDONA [52050040],Pluviométrica,Convencional,Activa,Nariño,Sandoná,1.3223,-77.4792,20,9/15/1963,,Cudayari,Pacifico,Patía,Río Guáitara,2019,02,Andes,Definitivo,2,2,0,5.93025875091553,5.93025875091553,0,1.4070428609848,0,3.93818187713623,4.62545442581177,5,5,0.789855062961578,0.967391312122345,1,1,7,1.04999995231628,2.09999990463257
02,2003-02-17,52050040,,"",SANDONA [52050040],Pluviométrica,Convencional,Activa,Nariño,Sandoná,1.3223,-77.4792,20,9/15/1963,,Cudayari,Pacifico,Patía,Río Guáitara,2003,17,Andes,Preliminar,3,3,0,1.63399183750153,1.63399183750153,0,3.52688097953796,0,3.93818187713623,4.62545442581177,5,5,0.789855062961578,0.967391312122345,1,1,10,1.04999995231628,3.14999985694885
02,2004-02-18,52050040,,"",SANDONA [52050040],Pluviométrica,Convencional,Activa,Nariño,Sandoná,1.3223,-77.4792,20,9/15/1963,,Cudayari,Pacifico,Patía,Río Guáitara,2004,18,Andes,Preliminar,0,0,0,4.39189386367798,4.39189386367798,0,0.948387742042542,0,3.93818187713623,4.62545442581177,5,5,0.789855062961578,0.967391312122345,1,1,10,1.04999995231628,0
02,2013-02-17,52050040,19,Definitivo,SANDONA [52050040],Pluviométrica,Convencional,Activa,Nariño,Sandoná,1.3223,-77.4792,20,9/15/1963,,Cudayari,Pacifico,Patía,Río Guáitara,2013,17,Andes,Definitivo,19,19,0,3.16253924369812,3.16253924369812,0,0,0,3.93818187713623,4.62545442581177,5,5,0.789855062961578,0.967391312122345,1,1,10,1.04999995231628,19.9499990940094
02,2016-02-16,52050040,,"",SANDONA [52050040],Pluviométrica,Convencional,Activa,Nariño,Sandoná,1.3223,-77.4792,20,9/15/1963,,Cudayari,Pacifico,Patía,Río Guáitara,2016,16,Andes,Preliminar,0,0,0,1.58054876327515,1.58054876327515,0,0,0,3.93818187713623,4.62545442581177,5,5,0.789855062961578,0.967391312122345,1,1,10,1.04999995231628,0
02,2016-02-17,52050040,,"",SANDONA [52050040],Pluviométrica,Convencional,Activa,Nariño,Sandoná,1.3223,-77.4792,20,9/15/1963,,Cudayari,Pacifico,Patía,Río Guáitara,2016,17,Andes,Preliminar,0,0,0,3.84930348396301,3.84930348396301,0,0,0,3.93818187713623,4.62545442581177,5,5,0.789855062961578,0.967391312122345,1,1,10,1.04999995231628,0
02,2014-02-17,52050040,1,Definitivo,SANDONA [52050040],Pluviométrica,Convencional,Activa,Nariño,Sandoná,1.3223,-77.4792,20,9/15/1963,,Cudayari,Pacifico,Patía,Río Guáitara,2014,17,Andes,Definitivo,1,1,0,0.86174476146698,0.86174476146698,0,0,0,3.93818187713623,4.62545442581177,5,5,0.789855062961578,0.967391312122345,1,1,10,1.04999995231628,1.04999995231628
02,2003-02-06,52050040,,"",SANDONA [52050040],Pluviométrica,Convencional,Activa,Nariño,Sandoná,1.3223,-77.4792,20,9/15/1963,,Cudayari,Pacifico,Patía,Río Guáitara,2003,06,Andes,Preliminar,0,0,0,0.280184954404831,0.280184954404831,0,0.150423333048821,0,3.93818187713623,4.62545442581177,5,5,0.789855062961578,0.967391312122345,1,1,8,1.04999995231628,0
02,2006-02-04,52050040,28,Definitivo,SANDONA [52050040],Pluviométrica,Convencional,Activa,Nariño,Sandoná,1.3223,-77.4792,20,9/15/1963,,Cudayari,Pacifico,Patía,Río Guáitara,2006,04,Andes,Definitivo,28,28,0,4.16247463226318,4.16247463226318,0,15.711033821106,8.27121734619141,3.93818187713623,4.62545442581177,5,5,0.789855062961578,0.967391312122345,1,1,7,1.04999995231628,29.399998664856
02,2001-02-25,52050040,,"",SANDONA [52050040],Pluviométrica,Convencional,Activa,Nariño,Sandoná,1.3223,-77.4792,20,9/15/1963,,Cudayari,Pacifico,Patía,Río Guáitara,2001,25,Andes,Preliminar,0,0,0,5.56905031204224,5.56905031204224,11.5794429779053,0,0,3.93818187713623,4.62545442581177,5,5,0.789855062961578,0.967391312122345,1,1,11,1.04999995231628,0
02,2002-02-23,52050040,,"",SANDONA [52050040],Pluviométrica,Convencional,Activa,Nariño,Sandoná,1.3223,-77.4792,20,9/15/1963,,Cudayari,Pacifico,Patía,Río Guáitara,2002,23,Andes,Preliminar,0,0,0,2.64625024795532,2.64625024795532,7.40722179412842,2.27897000312805,1.19125556945801,3.93818187713623,4.62545442581177,5,5,0.789855062961578,0.967391312122345,1,1,11,1.04999995231628,0
02,2003-02-21,52050040,,"",SANDONA [52050040],Pluviométrica,Convencional,Activa,Nariño,Sandoná,1.3223,-77.4792,20,9/15/1963,,Cudayari,Pacifico,Patía,Río Guáitara,2003,21,Andes,Preliminar,0,0,0,4.29689884185791,4.29689884185791,6.86388921737671,1.17873930931091,3.10483813285828,3.93818187713623,4.62545442581177,5,5,0.789855062961578,0.967391312122345,1,1,11,1.04999995231628,0
02,2004-02-19,52050040,19,Definitivo,SANDONA [52050040],Pluviométrica,Convencional,Activa,Nariño,Sandoná,1.3223,-77.4792,20,9/15/1963,,Cudayari,Pacifico,Patía,Río Guáitara,2004,19,Andes,Definitivo,19,19,0,3.63089036941528,3.63089036941528,0,1.92532813549042,0.0122101744636893,3.93818187713623,4.62545442581177,5,5,0.789855062961578,0.967391312122345,1,1,10,1.04999995231628,19.9499990940094
02,2003-02-20,52050040,,"",SANDONA [52050040],Pluviométrica,Convencional,Activa,Nariño,Sandoná,1.3223,-77.4792,20,9/15/1963,,Cudayari,Pacifico,Patía,Río Guáitara,2003,20,Andes,Preliminar,0,0,0,4.8918890953064,4.8918890953064,13.4790887832642,0.636448502540588,8.59837436676025,3.93818187713623,4.62545442581177,5,5,0.789855062961578,0.967391312122345,1,1,10,1.04999995231628,0
02,2015-02-09,52050040,,"",SANDONA [52050040],Pluviométrica,Convencional,Activa,Nariño,Sandoná,1.3223,-77.4792,20,9/15/1963,,Cudayari,Pacifico,Patía,Río Guáitara,2015,09,Andes,Preliminar,,,1,6.35291957855225,6.35291957855225,0,17.5868034362793,6.96653604507446,3.93818187713623,4.62545442581177,5,5,0.789855062961578,0.967391312122345,1,1,8,1.04999995231628,
02,2013-02-08,52050040,19,Definitivo,SANDONA [52050040],Pluviométrica,Convencional,Activa,Nariño,Sandoná,1.3223,-77.4792,20,9/15/1963,,Cudayari,Pacifico,Patía,Río Guáitara,2013,08,Andes,Definitivo,19,19,0,11.0416078567505,11.0416078567505,10.4582166671753,9.38537406921387,4.80257701873779,3.93818187713623,4.62545442581177,5,5,0.789855062961578,0.967391312122345,1,1,8,1.04999995231628,19.9499990940094
02,2002-02-18,52050040,,"",SANDONA [52050040],Pluviométrica,Convencional,Activa,Nariño,Sandoná,1.3223,-77.4792,20,9/15/1963,,Cudayari,Pacifico,Patía,Río Guáitara,2002,18,Andes,Preliminar,0,0,0,1.62297344207764,1.62297344207764,0,0,0,3.93818187713623,4.62545442581177,5,5,0.789855062961578,0.967391312122345,1,1,10,1.04999995231628,0
02,2003-02-16,52050040,,"",SANDONA [52050040],Pluviométrica,Convencional,Activa,Nariño,Sandoná,1.3223,-77.4792,20,9/15/1963,,Cudayari,Pacifico,Patía,Río Guáitara,2003,16,Andes,Preliminar,0,0,0,3.42936539649963,3.42936539649963,0,0.572235882282257,0,3.93818187713623,4.62545442581177,5,5,0.789855062961578,0.967391312122345,1,1,10,1.04999995231628,0
02,2003-02-13,52050040,,"",SANDONA [52050040],Pluviométrica,Convencional,Activa,Nariño,Sandoná,1.3223,-77.4792,20,9/15/1963,,Cudayari,Pacifico,Patía,Río Guáitara,2003,13,Andes,Preliminar,0,0,0,2.18015265464783,2.18015265464783,0,0.657932460308075,4.02440643310547,3.93818187713623,4.62545442581177,5,5,0.789855062961578,0.967391312122345,1,1,9,1.04999995231628,0
02,2001-02-11,52050040,,"",SANDONA [52050040],Pluviométrica,Convencional,Activa,Nariño,Sandoná,1.3223,-77.4792,20,9/15/1963,,Cudayari,Pacifico,Patía,Río Guáitara,2001,11,Andes,Preliminar,0,0,0,2.16623187065125,2.16623187065125,0,0,0,3.93818187713623,4.62545442581177,5,5,0.789855062961578,0.967391312122345,1,1,9,1.04999995231628,0
02,2015-02-15,52050040,,"",SANDONA [52050040],Pluviométrica,Convencional,Activa,Nariño,Sandoná,1.3223,-77.4792,20,9/15/1963,,Cudayari,Pacifico,Patía,Río Guáitara,2015,15,Andes,Preliminar,,,1,8.32402610778809,8.32402610778809,0,5.42797660827637,8.01192283630371,3.93818187713623,4.62545442581177,5,5,0.789855062961578,0.967391312122345,1,1,9,1.04999995231628,
02,2017-02-09,52050040,,"",SANDONA [52050040],Pluviométrica,Convencional,Activa,Nariño,Sandoná,1.3223,-77.4792,20,9/15/1963,,Cudayari,Pacifico,Patía,Río Guáitara,2017,09,Andes,Preliminar,0,0,0,3.42887902259827,3.42887902259827,0,1.62829029560089,0.314235091209412,3.93818187713623,4.62545442581177,5,5,0.789855062961578,0.967391312122345,1,1,8,1.04999995231628,0
02,2005-02-08,52050040,13,Definitivo,SANDONA [52050040],Pluviométrica,Convencional,Activa,Nariño,Sandoná,1.3223,-77.4792,20,9/15/1963,,Cudayari,Pacifico,Patía,Río Guáitara,2005,08,Andes,Definitivo,13,13,0,1.87001895904541,1.87001895904541,0,1.07500982284546,0,3.93818187713623,4.62545442581177,5,5,0.789855062961578,0.967391312122345,1,1,8,1.04999995231628,13.6499993801117
02,2008-02-07,52050040,,"",SANDONA [52050040],Pluviométrica,Convencional,Activa,Nariño,Sandoná,1.3223,-77.4792,20,9/15/1963,,Cudayari,Pacifico,Patía,Río Guáitara,2008,07,Andes,Preliminar,0,0,0,1.24522793292999,1.24522793292999,0,0.530403196811676,0.0942583680152893,3.93818187713623,4.62545442581177,5,5,0.789855062961578,0.967391312122345,1,1,8,1.04999995231628,0
02,2008-02-08,52050040,,"",SANDONA [52050040],Pluviométrica,Convencional,Activa,Nariño,Sandoná,1.3223,-77.4792,20,9/15/1963,,Cudayari,Pacifico,Patía,Río Guáitara,2008,08,Andes,Preliminar,0,0,0,1.66030395030975,1.66030395030975,0,0.535440504550934,1.13664507865906,3.93818187713623,4.62545442581177,5,5,0.789855062961578,0.967391312122345,1,1,8,1.04999995231628,0
02,2013-02-06,52050040,1,Definitivo,SANDONA [52050040],Pluviométrica,Convencional,Activa,Nariño,Sandoná,1.3223,-77.4792,20,9/15/1963,,Cudayari,Pacifico,Patía,Río Guáitara,2013,06,Andes,Definitivo,1,1,0,4.54896450042725,4.54896450042725,0,7.3054051399231,2.83157682418823,3.93818187713623,4.62545442581177,5,5,0.789855062961578,0.967391312122345,1,1,8,1.04999995231628,1.04999995231628
02,2015-02-08,52050040,,"",SANDONA [52050040],Pluviométrica,Convencional,Activa,Nariño,Sandoná,1.3223,-77.4792,20,9/15/1963,,Cudayari,Pacifico,Patía,Río Guáitara,2015,08,Andes,Preliminar,,,1,6.1802191734314,6.1802191734314,15.5914373397827,16.7710018157959,6.60469675064087,3.93818187713623,4.62545442581177,5,5,0.789855062961578,0.967391312122345,1,1,8,1.04999995231628,
02,2017-02-01,52050040,,"",SANDONA [52050040],Pluviométrica,Convencional,Activa,Nariño,Sandoná,1.3223,-77.4792,20,9/15/1963,,Cudayari,Pacifico,Patía,Río Guáitara,2017,01,Andes,Preliminar,0,0,0,4.86735677719116,4.86735677719116,0,0,0,3.93818187713623,4.62545442581177,5,5,0.789855062961578,0.967391312122345,1,1,7,1.04999995231628,0
02,2001-02-22,52050040,,"",SANDONA [52050040],Pluviométrica,Convencional,Activa,Nariño,Sandoná,1.3223,-77.4792,20,9/15/1963,,Cudayari,Pacifico,Patía,Río Guáitara,2001,22,Andes,Preliminar,0,0,0,6.57330465316773,6.57330465316773,13.6675395965576,0,0,3.93818187713623,4.62545442581177,5,5,0.789855062961578,0.967391312122345,1,1,11,1.04999995231628,0
02,2015-02-10,52050040,,"",SANDONA [52050040],Pluviométrica,Convencional,Activa,Nariño,Sandoná,1.3223,-77.4792,20,9/15/1963,,Cudayari,Pacifico,Patía,Río Guáitara,2015,10,Andes,Preliminar,,,1,3.49004578590393,3.49004578590393,0,2.8368968963623,0.0549627989530563,3.93818187713623,4.62545442581177,5,5,0.789855062961578,0.967391312122345,1,1,8,1.04999995231628,
02,2014-02-14,52050040,5,Definitivo,SANDONA [52050040],Pluviométrica,Convencional,Activa,Nariño,Sandoná,1.3223,-77.4792,20,9/15/1963,,Cudayari,Pacifico,Patía,Río Guáitara,2014,14,Andes,Definitivo,5,5,0,9.8739652633667,9.8739652633667,39.2963600158691,15.5500993728638,32.8694267272949,3.93818187713623,4.62545442581177,5,5,0.789855062961578,0.967391312122345,1,1,9,1.04999995231628,5.24999976158142
02,2014-02-15,52050040,,"",SANDONA [52050040],Pluviométrica,Convencional,Activa,Nariño,Sandoná,1.3223,-77.4792,20,9/15/1963,,Cudayari,Pacifico,Patía,Río Guáitara,2014,15,Andes,Preliminar,0,0,0,2.98273992538452,2.98273992538452,0,2.56974840164185,0,3.93818187713623,4.62545442581177,5,5,0.789855062961578,0.967391312122345,1,1,9,1.04999995231628,0
02,2014-02-16,52050040,,"",SANDONA [52050040],Pluviométrica,Convencional,Activa,Nariño,Sandoná,1.3223,-77.4792,20,9/15/1963,,Cudayari,Pacifico,Patía,Río Guáitara,2014,16,Andes,Preliminar,0,0,0,2.73504853248596,2.73504853248596,0,0,0,3.93818187713623,4.62545442581177,5,5,0.789855062961578,0.967391312122345,1,1,10,1.04999995231628,0
02,2003-02-08,52050040,,"",SANDONA [52050040],Pluviométrica,Convencional,Activa,Nariño,Sandoná,1.3223,-77.4792,20,9/15/1963,,Cudayari,Pacifico,Patía,Río Guáitara,2003,08,Andes,Preliminar,0,0,0,3.10204792022705,3.10204792022705,0,0.861285626888275,0,3.93818187713623,4.62545442581177,5,5,0.789855062961578,0.967391312122345,1,1,8,1.04999995231628,0
02,2002-02-07,52050040,,"",SANDONA [52050040],Pluviométrica,Convencional,Activa,Nariño,Sandoná,1.3223,-77.4792,20,9/15/1963,,Cudayari,Pacifico,Patía,Río Guáitara,2002,07,Andes,Preliminar,0,0,0,0.814769208431244,0.814769208431244,0,2.87454175949097,1.0495001077652,3.93818187713623,4.62545442581177,5,5,0.789855062961578,0.967391312122345,1,1,8,1.04999995231628,0
02,2018-02-07,52050040,,"",SANDONA [52050040],Pluviométrica,Convencional,Activa,Nariño,Sandoná,1.3223,-77.4792,20,9/15/1963,,Cudayari,Pacifico,Patía,Río Guáitara,2018,07,Andes,Preliminar,,,1,2.28337216377258,2.28337216377258,0,0.152906656265259,0,3.93818187713623,4.62545442581177,5,5,0.789855062961578,0.967391312122345,1,1,8,1.04999995231628,
02,2019-02-05,52050040,0,Definitivo,SANDONA [52050040],Pluviométrica,Convencional,Activa,Nariño,Sandoná,1.3223,-77.4792,20,9/15/1963,,Cudayari,Pacifico,Patía,Río Guáitara,2019,05,Andes,Definitivo,0,0,0,5.0244574546814,5.0244574546814,0,1.95814883708954,1.09059476852417,3.93818187713623,4.62545442581177,5,5,0.789855062961578,0.967391312122345,1,1,7,1.04999995231628,0
02,2017-02-05,52050040,,"",SANDONA [52050040],Pluviométrica,Convencional,Activa,Nariño,Sandoná,1.3223,-77.4792,20,9/15/1963,,Cudayari,Pacifico,Patía,Río Guáitara,2017,05,Andes,Preliminar,0,0,0,0.908682346343994,0.908682346343994,0,0,0,3.93818187713623,4.62545442581177,5,5,0.789855062961578,0.967391312122345,1,1,7,1.04999995231628,0
02,2018-02-03,52050040,,"",SANDONA [52050040],Pluviométrica,Convencional,Activa,Nariño,Sandoná,1.3223,-77.4792,20,9/15/1963,,Cudayari,Pacifico,Patía,Río Guáitara,2018,03,Andes,Preliminar,,,1,2.30339479446411,2.30339479446411,0,0,0,3.93818187713623,4.62545442581177,5,5,0.789855062961578,0.967391312122345,1,1,7,1.04999995231628,
02,2019-02-01,52050040,,"",SANDONA [52050040],Pluviométrica,Convencional,Activa,Nariño,Sandoná,1.3223,-77.4792,20,9/15/1963,,Cudayari,Pacifico,Patía,Río Guáitara,2019,01,Andes,Preliminar,0,0,0,3.4690408706665,3.4690408706665,23.6943492889404,3.91771364212036,6.67765998840332,3.93818187713623,4.62545442581177,5,5,0.789855062961578,0.967391312122345,1,1,7,1.04999995231628,0
02,2002-02-21,52050040,,"",SANDONA [52050040],Pluviométrica,Convencional,Activa,Nariño,Sandoná,1.3223,-77.4792,20,9/15/1963,,Cudayari,Pacifico,Patía,Río Guáitara,2002,21,Andes,Preliminar,0,0,0,2.93648409843445,2.93648409843445,0,0.59123170375824,0,3.93818187713623,4.62545442581177,5,5,0.789855062961578,0.967391312122345,1,1,11,1.04999995231628,0
02,2011-02-07,52050040,10,Definitivo,SANDONA [52050040],Pluviométrica,Convencional,Activa,Nariño,Sandoná,1.3223,-77.4792,20,9/15/1963,,Cudayari,Pacifico,Patía,Río Guáitara,2011,07,Andes,Definitivo,10,10,0,7.88820314407349,7.88820314407349,14.3175506591797,11.6102409362793,21.2508354187012,3.93818187713623,4.62545442581177,5,5,0.789855062961578,0.967391312122345,1,1,8,1.04999995231628,10.4999995231628
02,2003-02-19,52050040,4,Definitivo,SANDONA [52050040],Pluviométrica,Convencional,Activa,Nariño,Sandoná,1.3223,-77.4792,20,9/15/1963,,Cudayari,Pacifico,Patía,Río Guáitara,2003,19,Andes,Definitivo,4,4,0,2.03744673728943,2.03744673728943,0,2.26919364929199,0,3.93818187713623,4.62545442581177,5,5,0.789855062961578,0.967391312122345,1,1,10,1.04999995231628,4.19999980926514
02,2001-02-19,52050040,,"",SANDONA [52050040],Pluviométrica,Convencional,Activa,Nariño,Sandoná,1.3223,-77.4792,20,9/15/1963,,Cudayari,Pacifico,Patía,Río Guáitara,2001,19,Andes,Preliminar,0,0,0,1.72267484664917,1.72267484664917,0,0,0,3.93818187713623,4.62545442581177,5,5,0.789855062961578,0.967391312122345,1,1,10,1.04999995231628,0
02,2002-02-17,52050040,,"",SANDONA [52050040],Pluviométrica,Convencional,Activa,Nariño,Sandoná,1.3223,-77.4792,20,9/15/1963,,Cudayari,Pacifico,Patía,Río Guáitara,2002,17,Andes,Preliminar,0,0,0,0.49937641620636,0.49937641620636,0,0,0,3.93818187713623,4.62545442581177,5,5,0.789855062961578,0.967391312122345,1,1,10,1.04999995231628,0
02,2001-02-16,52050040,,"",SANDONA [52050040],Pluviométrica,Convencional,Activa,Nariño,Sandoná,1.3223,-77.4792,20,9/15/1963,,Cudayari,Pacifico,Patía,Río Guáitara,2001,16,Andes,Preliminar,0,0,0,0,0,0,0,0,3.93818187713623,4.62545442581177,5,5,0.789855062961578,0.967391312122345,1,1,10,1.04999995231628,0
02,2015-02-14,52050040,,"",SANDONA [52050040],Pluviométrica,Convencional,Activa,Nariño,Sandoná,1.3223,-77.4792,20,9/15/1963,,Cudayari,Pacifico,Patía,Río Guáitara,2015,14,Andes,Preliminar,,,1,4.24342107772827,4.24342107772827,5.60859632492065,2.82496786117554,1.99169456958771,3.93818187713623,4.62545442581177,5,5,0.789855062961578,0.967391312122345,1,1,9,1.04999995231628,
02,2016-02-12,52050040,,"",SANDONA [52050040],Pluviométrica,Convencional,Activa,Nariño,Sandoná,1.3223,-77.4792,20,9/15/1963,,Cudayari,Pacifico,Patía,Río Guáitara,2016,12,Andes,Preliminar,0,0,0,1.68720901012421,1.68720901012421,0,0,0,3.93818187713623,4.62545442581177,5,5,0.789855062961578,0.967391312122345,1,1,9,1.04999995231628,0
02,2004-02-04,52050040,,"",SANDONA [52050040],Pluviométrica,Convencional,Activa,Nariño,Sandoná,1.3223,-77.4792,20,9/15/1963,,Cudayari,Pacifico,Patía,Río Guáitara,2004,04,Andes,Preliminar,0,0,0,2.65519738197327,2.65519738197327,0,0,0,3.93818187713623,4.62545442581177,5,5,0.789855062961578,0.967391312122345,1,1,7,1.04999995231628,0
02,2006-02-05,52050040,8,Definitivo,SANDONA [52050040],Pluviométrica,Convencional,Activa,Nariño,Sandoná,1.3223,-77.4792,20,9/15/1963,,Cudayari,Pacifico,Patía,Río Guáitara,2006,05,Andes,Definitivo,8,8,0,2.90553450584412,2.90553450584412,56.1997337341309,11.3519449234009,32.1951370239258,3.93818187713623,4.62545442581177,5,5,0.789855062961578,0.967391312122345,1,1,7,1.04999995231628,8.39999961853027
02,2009-02-03,52050040,2,Definitivo,SANDONA [52050040],Pluviométrica,Convencional,Activa,Nariño,Sandoná,1.3223,-77.4792,20,9/15/1963,,Cudayari,Pacifico,Patía,Río Guáitara,2009,03,Andes,Definitivo,2,2,0,4.72171545028687,4.72171545028687,8.02450847625732,5.78422117233276,0.822696626186371,3.93818187713623,4.62545442581177,5,5,0.789855062961578,0.967391312122345,1,1,7,1.04999995231628,2.09999990463257
02,2001-02-24,52050040,,"",SANDONA [52050040],Pluviométrica,Convencional,Activa,Nariño,Sandoná,1.3223,-77.4792,20,9/15/1963,,Cudayari,Pacifico,Patía,Río Guáitara,2001,24,Andes,Preliminar,0,0,0,2.61562728881836,2.61562728881836,0,0,0,3.93818187713623,4.62545442581177,5,5,0.789855062961578,0.967391312122345,1,1,11,1.04999995231628,0
02,2002-02-22,52050040,,"",SANDONA [52050040],Pluviométrica,Convencional,Activa,Nariño,Sandoná,1.3223,-77.4792,20,9/15/1963,,Cudayari,Pacifico,Patía,Río Guáitara,2002,22,Andes,Preliminar,0,0,0,4.38765335083008,4.38765335083008,0,1.47627067565918,3.82732772827148,3.93818187713623,4.62545442581177,5,5,0.789855062961578,0.967391312122345,1,1,11,1.04999995231628,0
02,2013-02-07,52050040,3,Definitivo,SANDONA [52050040],Pluviométrica,Convencional,Activa,Nariño,Sandoná,1.3223,-77.4792,20,9/15/1963,,Cudayari,Pacifico,Patía,Río Guáitara,2013,07,Andes,Definitivo,3,3,0,7.26062917709351,7.26062917709351,10.4582166671753,14.0401811599731,0,3.93818187713623,4.62545442581177,5,5,0.789855062961578,0.967391312122345,1,1,8,1.04999995231628,3.14999985694885
02,2007-02-05,52050040,,"",SANDONA [52050040],Pluviométrica,Convencional,Activa,Nariño,Sandoná,1.3223,-77.4792,20,9/15/1963,,Cudayari,Pacifico,Patía,Río Guáitara,2007,05,Andes,Preliminar,0,0,0,0.981328547000885,0.981328547000885,0,0,0,3.93818187713623,4.62545442581177,5,5,0.789855062961578,0.967391312122345,1,1,7,1.04999995231628,0
02,2011-02-08,52050040,1,Definitivo,SANDONA [52050040],Pluviométrica,Convencional,Activa,Nariño,Sandoná,1.3223,-77.4792,20,9/15/1963,,Cudayari,Pacifico,Patía,Río Guáitara,2011,08,Andes,Definitivo,1,1,0,0.257654875516892,0.257654875516892,0,8.6870813369751,10.3396797180176,3.93818187713623,4.62545442581177,5,5,0.789855062961578,0.967391312122345,1,1,8,1.04999995231628,1.04999995231628
02,2016-02-07,52050040,,"",SANDONA [52050040],Pluviométrica,Convencional,Activa,Nariño,Sandoná,1.3223,-77.4792,20,9/15/1963,,Cudayari,Pacifico,Patía,Río Guáitara,2016,07,Andes,Preliminar,0,0,0,2.21714234352112,2.21714234352112,0,0.053483959287405,0.0503150522708893,3.93818187713623,4.62545442581177,5,5,0.789855062961578,0.967391312122345,1,1,8,1.04999995231628,0
02,2015-02-11,52050040,,"",SANDONA [52050040],Pluviométrica,Convencional,Activa,Nariño,Sandoná,1.3223,-77.4792,20,9/15/1963,,Cudayari,Pacifico,Patía,Río Guáitara,2015,11,Andes,Preliminar,,,1,4.55256462097168,4.55256462097168,0,0.760334134101868,1.72082424163818,3.93818187713623,4.62545442581177,5,5,0.789855062961578,0.967391312122345,1,1,9,1.04999995231628,
02,2015-02-12,52050040,,"",SANDONA [52050040],Pluviométrica,Convencional,Activa,Nariño,Sandoná,1.3223,-77.4792,20,9/15/1963,,Cudayari,Pacifico,Patía,Río Guáitara,2015,12,Andes,Preliminar,,,1,1.90752947330475,1.90752947330475,0,1.69375467300415,0,3.93818187713623,4.62545442581177,5,5,0.789855062961578,0.967391312122345,1,1,9,1.04999995231628,
02,2002-02-12,52050040,,"",SANDONA [52050040],Pluviométrica,Convencional,Activa,Nariño,Sandoná,1.3223,-77.4792,20,9/15/1963,,Cudayari,Pacifico,Patía,Río Guáitara,2002,12,Andes,Preliminar,0,0,0,0.677457451820374,0.677457451820374,0,0,0,3.93818187713623,4.62545442581177,5,5,0.789855062961578,0.967391312122345,1,1,9,1.04999995231628,0
02,2002-02-09,52050040,,"",SANDONA [52050040],Pluviométrica,Convencional,Activa,Nariño,Sandoná,1.3223,-77.4792,20,9/15/1963,,Cudayari,Pacifico,Patía,Río Guáitara,2002,09,Andes,Preliminar,0,0,0,1.05440723896027,1.05440723896027,0,4.17786979675293,0,3.93818187713623,4.62545442581177,5,5,0.789855062961578,0.967391312122345,1,1,8,1.04999995231628,0
02,2018-02-06,52050040,,"",SANDONA [52050040],Pluviométrica,Convencional,Activa,Nariño,Sandoná,1.3223,-77.4792,20,9/15/1963,,Cudayari,Pacifico,Patía,Río Guáitara,2018,06,Andes,Preliminar,,,1,1.81393134593964,1.81393134593964,0,0.428701967000961,1.92121243476868,3.93818187713623,4.62545442581177,5,5,0.789855062961578,0.967391312122345,1,1,8,1.04999995231628,
02,2019-02-04,52050040,3,Definitivo,SANDONA [52050040],Pluviométrica,Convencional,Activa,Nariño,Sandoná,1.3223,-77.4792,20,9/15/1963,,Cudayari,Pacifico,Patía,Río Guáitara,2019,04,Andes,Definitivo,3,3,0,3.21679377555847,3.21679377555847,0,4.47032165527344,6.67765998840332,3.93818187713623,4.62545442581177,5,5,0.789855062961578,0.967391312122345,1,1,7,1.04999995231628,3.14999985694885
02,2017-02-04,52050040,,"",SANDONA [52050040],Pluviométrica,Convencional,Activa,Nariño,Sandoná,1.3223,-77.4792,20,9/15/1963,,Cudayari,Pacifico,Patía,Río Guáitara,2017,04,Andes,Preliminar,0,0,0,1.49147284030914,1.49147284030914,0,0,0,3.93818187713623,4.62545442581177,5,5,0.789855062961578,0.967391312122345,1,1,7,1.04999995231628,0
02,2009-02-04,52050040,0,Definitivo,SANDONA [52050040],Pluviométrica,Convencional,Activa,Nariño,Sandoná,1.3223,-77.4792,20,9/15/1963,,Cudayari,Pacifico,Patía,Río Guáitara,2009,04,Andes,Definitivo,0,0,0,5.79990243911743,5.79990243911743,8.02450847625732,3.86251544952393,1.89045178890228,3.93818187713623,4.62545442581177,5,5,0.789855062961578,0.967391312122345,1,1,7,1.04999995231628,0
02,2008-02-09,52050040,,"",SANDONA [52050040],Pluviométrica,Convencional,Activa,Nariño,Sandoná,1.3223,-77.4792,20,9/15/1963,,Cudayari,Pacifico,Patía,Río Guáitara,2008,09,Andes,Preliminar,0,0,0,3.57862830162048,3.57862830162048,0,0.497630804777145,0.0221784394234419,3.93818187713623,4.62545442581177,5,5,0.789855062961578,0.967391312122345,1,1,8,1.04999995231628,0
02,2014-02-03,52050040,,"",SANDONA [52050040],Pluviométrica,Convencional,Activa,Nariño,Sandoná,1.3223,-77.4792,20,9/15/1963,,Cudayari,Pacifico,Patía,Río Guáitara,2014,03,Andes,Preliminar,,,1,7.29669284820557,7.29669284820557,0,1.13684546947479,0,3.93818187713623,4.62545442581177,5,5,0.789855062961578,0.967391312122345,1,1,7,1.04999995231628,
02,2003-02-03,52050040,,"",SANDONA [52050040],Pluviométrica,Convencional,Activa,Nariño,Sandoná,1.3223,-77.4792,20,9/15/1963,,Cudayari,Pacifico,Patía,Río Guáitara,2003,03,Andes,Preliminar,0,0,0,0.017172833904624,0.017172833904624,0,0.110152393579483,0.335889011621475,3.93818187713623,4.62545442581177,5,5,0.789855062961578,0.967391312122345,1,1,7,1.04999995231628,0
02,2012-02-04,52050040,0,Definitivo,SANDONA [52050040],Pluviométrica,Convencional,Activa,Nariño,Sandoná,1.3223,-77.4792,20,9/15/1963,,Cudayari,Pacifico,Patía,Río Guáitara,2012,04,Andes,Definitivo,0,0,0,2.22367835044861,2.22367835044861,0,1.08348369598389,0,3.93818187713623,4.62545442581177,5,5,0.789855062961578,0.967391312122345,1,1,7,1.04999995231628,0
02,2002-02-20,52050040,,"",SANDONA [52050040],Pluviométrica,Convencional,Activa,Nariño,Sandoná,1.3223,-77.4792,20,9/15/1963,,Cudayari,Pacifico,Patía,Río Guáitara,2002,20,Andes,Preliminar,0,0,0,1.41868305206299,1.41868305206299,0,0,0,3.93818187713623,4.62545442581177,5,5,0.789855062961578,0.967391312122345,1,1,10,1.04999995231628,0
02,2003-02-18,52050040,,"",SANDONA [52050040],Pluviométrica,Convencional,Activa,Nariño,Sandoná,1.3223,-77.4792,20,9/15/1963,,Cudayari,Pacifico,Patía,Río Guáitara,2003,18,Andes,Preliminar,0,0,0,0.463972955942154,0.463972955942154,0,1.70826029777527,0.1146449893713,3.93818187713623,4.62545442581177,5,5,0.789855062961578,0.967391312122345,1,1,10,1.04999995231628,0
02,2001-02-18,52050040,,"",SANDONA [52050040],Pluviométrica,Convencional,Activa,Nariño,Sandoná,1.3223,-77.4792,20,9/15/1963,,Cudayari,Pacifico,Patía,Río Guáitara,2001,18,Andes,Preliminar,0,0,0,1.24133884906769,1.24133884906769,0,0,0,3.93818187713623,4.62545442581177,5,5,0.789855062961578,0.967391312122345,1,1,10,1.04999995231628,0
02,2015-02-13,52050040,,"",SANDONA [52050040],Pluviométrica,Convencional,Activa,Nariño,Sandoná,1.3223,-77.4792,20,9/15/1963,,Cudayari,Pacifico,Patía,Río Guáitara,2015,13,Andes,Preliminar,,,1,2.94744467735291,2.94744467735291,2.80429816246033,1.08645415306091,0.0690454095602036,3.93818187713623,4.62545442581177,5,5,0.789855062961578,0.967391312122345,1,1,9,1.04999995231628,
02,2016-02-11,52050040,,"",SANDONA [52050040],Pluviométrica,Convencional,Activa,Nariño,Sandoná,1.3223,-77.4792,20,9/15/1963,,Cudayari,Pacifico,Patía,Río Guáitara,2016,11,Andes,Preliminar,0,0,0,2.93077659606934,2.93077659606934,0,0,0,3.93818187713623,4.62545442581177,5,5,0.789855062961578,0.967391312122345,1,1,9,1.04999995231628,0
02,2001-02-08,52050040,,"",SANDONA [52050040],Pluviométrica,Convencional,Activa,Nariño,Sandoná,1.3223,-77.4792,20,9/15/1963,,Cudayari,Pacifico,Patía,Río Guáitara,2001,08,Andes,Preliminar,0,0,0,0,0,0,6.14411783218384,2.12149667739868,3.93818187713623,4.62545442581177,5,5,0.789855062961578,0.967391312122345,1,1,8,1.04999995231628,0
02,2003-02-05,52050040,,"",SANDONA [52050040],Pluviométrica,Convencional,Activa,Nariño,Sandoná,1.3223,-77.4792,20,9/15/1963,,Cudayari,Pacifico,Patía,Río Guáitara,2003,05,Andes,Preliminar,0,0,0,1.25361692905426,1.25361692905426,0,0.122156620025635,0,3.93818187713623,4.62545442581177,5,5,0.789855062961578,0.967391312122345,1,1,7,1.04999995231628,0
02,2004-02-05,52050040,,"",SANDONA [52050040],Pluviométrica,Convencional,Activa,Nariño,Sandoná,1.3223,-77.4792,20,9/15/1963,,Cudayari,Pacifico,Patía,Río Guáitara,2004,05,Andes,Preliminar,0,0,0,0.135010048747063,0.135010048747063,0,0,0,3.93818187713623,4.62545442581177,5,5,0.789855062961578,0.967391312122345,1,1,7,1.04999995231628,0
02,2018-02-02,52050040,,"",SANDONA [52050040],Pluviométrica,Convencional,Activa,Nariño,Sandoná,1.3223,-77.4792,20,9/15/1963,,Cudayari,Pacifico,Patía,Río Guáitara,2018,02,Andes,Preliminar,,,1,3.51448369026184,3.51448369026184,0,0,0,3.93818187713623,4.62545442581177,5,5,0.789855062961578,0.967391312122345,1,1,7,1.04999995231628,
02,2016-02-03,52050040,,"",SANDONA [52050040],Pluviométrica,Convencional,Activa,Nariño,Sandoná,1.3223,-77.4792,20,9/15/1963,,Cudayari,Pacifico,Patía,Río Guáitara,2016,03,Andes,Preliminar,0,0,0,4.18645095825195,4.18645095825195,0,2.65984344482422,0.802130222320557,3.93818187713623,4.62545442581177,5,5,0.789855062961578,0.967391312122345,1,1,7,1.04999995231628,0
02,2001-02-23,52050040,18,Definitivo,SANDONA [52050040],Pluviométrica,Convencional,Activa,Nariño,Sandoná,1.3223,-77.4792,20,9/15/1963,,Cudayari,Pacifico,Patía,Río Guáitara,2001,23,Andes,Definitivo,18,18,0,3.74769639968872,3.74769639968872,7.792396068573,0,0,3.93818187713623,4.62545442581177,5,5,0.789855062961578,0.967391312122345,1,1,11,1.04999995231628,18.8999991416931
02,2001-02-04,52050040,,"",SANDONA [52050040],Pluviométrica,Convencional,Activa,Nariño,Sandoná,1.3223,-77.4792,20,9/15/1963,,Cudayari,Pacifico,Patía,Río Guáitara,2001,04,Andes,Preliminar,0,0,0,0,0,0,0,0,3.93818187713623,4.62545442581177,5,5,0.789855062961578,0.967391312122345,1,1,7,1.04999995231628,0
02,2005-02-04,52050040,,"",SANDONA [52050040],Pluviométrica,Convencional,Activa,Nariño,Sandoná,1.3223,-77.4792,20,9/15/1963,,Cudayari,Pacifico,Patía,Río Guáitara,2005,04,Andes,Preliminar,0,0,0,0.243988811969757,0.243988811969757,0,0.227539151906967,0.159239649772644,3.93818187713623,4.62545442581177,5,5,0.789855062961578,0.967391312122345,1,1,7,1.04999995231628,0
02,2012-02-05,52050040,0,Definitivo,SANDONA [52050040],Pluviométrica,Convencional,Activa,Nariño,Sandoná,1.3223,-77.4792,20,9/15/1963,,Cudayari,Pacifico,Patía,Río Guáitara,2012,05,Andes,Definitivo,0,0,0,4.38211965560913,4.38211965560913,0,0.686957597732544,5.60125160217285,3.93818187713623,4.62545442581177,5,5,0.789855062961578,0.967391312122345,1,1,7,1.04999995231628,0
02,2014-02-06,52050040,,"",SANDONA [52050040],Pluviométrica,Convencional,Activa,Nariño,Sandoná,1.3223,-77.4792,20,9/15/1963,,Cudayari,Pacifico,Patía,Río Guáitara,2014,06,Andes,Preliminar,0,0,0,1.72897493839264,1.72897493839264,0,0.452459365129471,0.537357926368713,3.93818187713623,4.62545442581177,5,5,0.789855062961578,0.967391312122345,1,1,8,1.04999995231628,0
02,2016-02-08,52050040,,"",SANDONA [52050040],Pluviométrica,Convencional,Activa,Nariño,Sandoná,1.3223,-77.4792,20,9/15/1963,,Cudayari,Pacifico,Patía,Río Guáitara,2016,08,Andes,Preliminar,0,0,0,2.98393774032593,2.98393774032593,0,0.183994188904762,0.323903173208237,3.93818187713623,4.62545442581177,5,5,0.789855062961578,0.967391312122345,1,1,8,1.04999995231628,0
02,2003-02-15,52050040,,"",SANDONA [52050040],Pluviométrica,Convencional,Activa,Nariño,Sandoná,1.3223,-77.4792,20,9/15/1963,,Cudayari,Pacifico,Patía,Río Guáitara,2003,15,Andes,Preliminar,0,0,0,4.71559000015259,4.71559000015259,0,3.90759634971619,0.359770268201828,3.93818187713623,4.62545442581177,5,5,0.789855062961578,0.967391312122345,1,1,9,1.04999995231628,0
02,2001-02-13,52050040,,"",SANDONA [52050040],Pluviométrica,Convencional,Activa,Nariño,Sandoná,1.3223,-77.4792,20,9/15/1963,,Cudayari,Pacifico,Patía,Río Guáitara,2001,13,Andes,Preliminar,0,0,0,0.361038684844971,0.361038684844971,0,0,0,3.93818187713623,4.62545442581177,5,5,0.789855062961578,0.967391312122345,1,1,9,1.04999995231628,0
02,2017-02-08,52050040,,"",SANDONA [52050040],Pluviométrica,Convencional,Activa,Nariño,Sandoná,1.3223,-77.4792,20,9/15/1963,,Cudayari,Pacifico,Patía,Río Guáitara,2017,08,Andes,Preliminar,0,0,0,4.07780408859253,4.07780408859253,0,1.44383561611176,0.405014097690582,3.93818187713623,4.62545442581177,5,5,0.789855062961578,0.967391312122345,1,1,8,1.04999995231628,0
02,2016-02-06,52050040,,"",SANDONA [52050040],Pluviométrica,Convencional,Activa,Nariño,Sandoná,1.3223,-77.4792,20,9/15/1963,,Cudayari,Pacifico,Patía,Río Guáitara,2016,06,Andes,Preliminar,0,0,0,0.720559120178223,0.720559120178223,0,0.0638625398278236,0.141511097550392,3.93818187713623,4.62545442581177,5,5,0.789855062961578,0.967391312122345,1,1,8,1.04999995231628,0
02,2017-02-03,52050040,,"",SANDONA [52050040],Pluviométrica,Convencional,Activa,Nariño,Sandoná,1.3223,-77.4792,20,9/15/1963,,Cudayari,Pacifico,Patía,Río Guáitara,2017,03,Andes,Preliminar,0,0,0,1.78242027759552,1.78242027759552,0,0,0,3.93818187713623,4.62545442581177,5,5,0.789855062961578,0.967391312122345,1,1,7,1.04999995231628,0
02,2004-02-06,52050040,,"",SANDONA [52050040],Pluviométrica,Convencional,Activa,Nariño,Sandoná,1.3223,-77.4792,20,9/15/1963,,Cudayari,Pacifico,Patía,Río Guáitara,2004,06,Andes,Preliminar,0,0,0,0.172048255801201,0.172048255801201,0,0.229910925030708,0,3.93818187713623,4.62545442581177,5,5,0.789855062961578,0.967391312122345,1,1,8,1.04999995231628,0
02,2007-02-04,52050040,,"",SANDONA [52050040],Pluviométrica,Convencional,Activa,Nariño,Sandoná,1.3223,-77.4792,20,9/15/1963,,Cudayari,Pacifico,Patía,Río Guáitara,2007,04,Andes,Preliminar,0,0,0,2.69865369796753,2.69865369796753,0,0,0,3.93818187713623,4.62545442581177,5,5,0.789855062961578,0.967391312122345,1,1,7,1.04999995231628,0
02,2009-02-05,52050040,4,Definitivo,SANDONA [52050040],Pluviométrica,Convencional,Activa,Nariño,Sandoná,1.3223,-77.4792,20,9/15/1963,,Cudayari,Pacifico,Patía,Río Guáitara,2009,05,Andes,Definitivo,4,4,0,2.81320071220398,2.81320071220398,0,3.274493932724,6.7653694152832,3.93818187713623,4.62545442581177,5,5,0.789855062961578,0.967391312122345,1,1,7,1.04999995231628,4.19999980926514
02,2001-02-06,52050040,,"",SANDONA [52050040],Pluviométrica,Convencional,Activa,Nariño,Sandoná,1.3223,-77.4792,20,9/15/1963,,Cudayari,Pacifico,Patía,Río Guáitara,2001,06,Andes,Preliminar,0,0,0,0,0,0,7.49230670928955,0,3.93818187713623,4.62545442581177,5,5,0.789855062961578,0.967391312122345,1,1,8,1.04999995231628,0
02,2001-02-02,52050040,6,Definitivo,SANDONA [52050040],Pluviométrica,Convencional,Activa,Nariño,Sandoná,1.3223,-77.4792,20,9/15/1963,,Cudayari,Pacifico,Patía,Río Guáitara,2001,02,Andes,Definitivo,6,6,0,3.73676013946533,3.73676013946533,7.76965665817261,0,0,3.93818187713623,4.62545442581177,5,5,0.789855062961578,0.967391312122345,1,1,7,1.04999995231628,6.29999971389771
02,2007-02-06,52050040,,"",SANDONA [52050040],Pluviométrica,Convencional,Activa,Nariño,Sandoná,1.3223,-77.4792,20,9/15/1963,,Cudayari,Pacifico,Patía,Río Guáitara,2007,06,Andes,Preliminar,0,0,0,0.0852829441428185,0.0852829441428185,0,0.0752972140908241,0.337130963802338,3.93818187713623,4.62545442581177,5,5,0.789855062961578,0.967391312122345,1,1,8,1.04999995231628,0
02,2010-02-04,52050040,,"",SANDONA [52050040],Pluviométrica,Convencional,Activa,Nariño,Sandoná,1.3223,-77.4792,20,9/15/1963,,Cudayari,Pacifico,Patía,Río Guáitara,2010,04,Andes,Preliminar,0,0,0,0.0399931371212006,0.0399931371212006,0,1.33388638496399,2.21734404563904,3.93818187713623,4.62545442581177,5,5,0.789855062961578,0.967391312122345,1,1,7,1.04999995231628,0
02,2001-02-21,52050040,12,Definitivo,SANDONA [52050040],Pluviométrica,Convencional,Activa,Nariño,Sandoná,1.3223,-77.4792,20,9/15/1963,,Cudayari,Pacifico,Patía,Río Guáitara,2001,21,Andes,Definitivo,12,12,0,3.89376950263977,3.89376950263977,8.09611797332764,0,0,3.93818187713623,4.62545442581177,5,5,0.789855062961578,0.967391312122345,1,1,11,1.04999995231628,12.5999994277954
02,2016-02-09,52050040,0,Definitivo,SANDONA [52050040],Pluviométrica,Convencional,Activa,Nariño,Sandoná,1.3223,-77.4792,20,9/15/1963,,Cudayari,Pacifico,Patía,Río Guáitara,2016,09,Andes,Definitivo,0,0,0,2.41947484016418,2.41947484016418,0,0.46926811337471,0.0723278895020485,3.93818187713623,4.62545442581177,5,5,0.789855062961578,0.967391312122345,1,1,8,1.04999995231628,0
02,2016-02-10,52050040,,"",SANDONA [52050040],Pluviométrica,Convencional,Activa,Nariño,Sandoná,1.3223,-77.4792,20,9/15/1963,,Cudayari,Pacifico,Patía,Río Guáitara,2016,10,Andes,Preliminar,0,0,0,2.40615606307983,2.40615606307983,0,0.293869227170944,0.476420700550079,3.93818187713623,4.62545442581177,5,5,0.789855062961578,0.967391312122345,1,1,8,1.04999995231628,0
02,2003-02-10,52050040,,"",SANDONA [52050040],Pluviométrica,Convencional,Activa,Nariño,Sandoná,1.3223,-77.4792,20,9/15/1963,,Cudayari,Pacifico,Patía,Río Guáitara,2003,10,Andes,Preliminar,0,0,0,1.94128167629242,1.94128167629242,0,0.113175094127655,0.856159090995789,3.93818187713623,4.62545442581177,5,5,0.789855062961578,0.967391312122345,1,1,8,1.04999995231628,0
02,2003-02-07,52050040,,"",SANDONA [52050040],Pluviométrica,Convencional,Activa,Nariño,Sandoná,1.3223,-77.4792,20,9/15/1963,,Cudayari,Pacifico,Patía,Río Guáitara,2003,07,Andes,Preliminar,0,0,0,2.34154582023621,2.34154582023621,0,0.277182251214981,0.663523197174072,3.93818187713623,4.62545442581177,5,5,0.789855062961578,0.967391312122345,1,1,8,1.04999995231628,0
02,2002-02-06,52050040,,"",SANDONA [52050040],Pluviométrica,Convencional,Activa,Nariño,Sandoná,1.3223,-77.4792,20,9/15/1963,,Cudayari,Pacifico,Patía,Río Guáitara,2002,06,Andes,Preliminar,0,0,0,1.58161091804504,1.58161091804504,16.2837677001953,1.79620599746704,13.4121580123901,3.93818187713623,4.62545442581177,5,5,0.789855062961578,0.967391312122345,1,1,8,1.04999995231628,0
02,2018-02-01,52050040,,"",SANDONA [52050040],Pluviométrica,Convencional,Activa,Nariño,Sandoná,1.3223,-77.4792,20,9/15/1963,,Cudayari,Pacifico,Patía,Río Guáitara,2018,01,Andes,Preliminar,,,1,1.91654109954834,1.91654109954834,0,0,0,3.93818187713623,4.62545442581177,5,5,0.789855062961578,0.967391312122345,1,1,7,1.04999995231628,
02,2016-02-02,52050040,,"",SANDONA [52050040],Pluviométrica,Convencional,Activa,Nariño,Sandoná,1.3223,-77.4792,20,9/15/1963,,Cudayari,Pacifico,Patía,Río Guáitara,2016,02,Andes,Preliminar,0,0,0,2.08419871330261,2.08419871330261,0,0.896779835224152,0,3.93818187713623,4.62545442581177,5,5,0.789855062961578,0.967391312122345,1,1,7,1.04999995231628,0
02,2014-02-02,52050040,,"",SANDONA [52050040],Pluviométrica,Convencional,Activa,Nariño,Sandoná,1.3223,-77.4792,20,9/15/1963,,Cudayari,Pacifico,Patía,Río Guáitara,2014,02,Andes,Preliminar,,,1,10.8496217727661,10.8496217727661,0,2.89846396446228,5.43008661270142,3.93818187713623,4.62545442581177,5,5,0.789855062961578,0.967391312122345,1,1,7,1.04999995231628,
02,2008-02-03,52050040,1,Definitivo,SANDONA [52050040],Pluviométrica,Convencional,Activa,Nariño,Sandoná,1.3223,-77.4792,20,9/15/1963,,Cudayari,Pacifico,Patía,Río Guáitara,2008,03,Andes,Definitivo,1,1,0,1.56347000598907,1.56347000598907,0,0,0,3.93818187713623,4.62545442581177,5,5,0.789855062961578,0.967391312122345,1,1,7,1.04999995231628,1.04999995231628
02,2001-02-03,52050040,11,Definitivo,SANDONA [52050040],Pluviométrica,Convencional,Activa,Nariño,Sandoná,1.3223,-77.4792,20,9/15/1963,,Cudayari,Pacifico,Patía,Río Guáitara,2001,03,Andes,Definitivo,11,11,0,3.29229974746704,3.29229974746704,6.84551239013672,0,0,3.93818187713623,4.62545442581177,5,5,0.789855062961578,0.967391312122345,1,1,7,1.04999995231628,11.5499994754791
02,2006-02-01,52050040,16,Definitivo,SANDONA [52050040],Pluviométrica,Convencional,Activa,Nariño,Sandoná,1.3223,-77.4792,20,9/15/1963,,Cudayari,Pacifico,Patía,Río Guáitara,2006,01,Andes,Definitivo,16,16,0,7.7693452835083,7.7693452835083,0,8.54504776000977,2.47618699073792,3.93818187713623,4.62545442581177,5,5,0.789855062961578,0.967391312122345,1,1,7,1.04999995231628,16.7999992370605
02,2005-02-05,52050040,,"",SANDONA [52050040],Pluviométrica,Convencional,Activa,Nariño,Sandoná,1.3223,-77.4792,20,9/15/1963,,Cudayari,Pacifico,Patía,Río Guáitara,2005,05,Andes,Preliminar,0,0,0,0.011618516407907,0.011618516407907,0,0.0853382050991058,0.10930060595274,3.93818187713623,4.62545442581177,5,5,0.789855062961578,0.967391312122345,1,1,7,1.04999995231628,0
02,2012-02-06,52050040,1,Definitivo,SANDONA [52050040],Pluviométrica,Convencional,Activa,Nariño,Sandoná,1.3223,-77.4792,20,9/15/1963,,Cudayari,Pacifico,Patía,Río Guáitara,2012,06,Andes,Definitivo,1,1,0,7.15067291259766,7.15067291259766,0,3.185546875,0.636423110961914,3.93818187713623,4.62545442581177,5,5,0.789855062961578,0.967391312122345,1,1,8,1.04999995231628,1.04999995231628
02,2001-02-20,52050040,8,Definitivo,SANDONA [52050040],Pluviométrica,Convencional,Activa,Nariño,Sandoná,1.3223,-77.4792,20,9/15/1963,,Cudayari,Pacifico,Patía,Río Guáitara,2001,20,Andes,Definitivo,8,8,0,2.38134431838989,2.38134431838989,0,0,0,3.93818187713623,4.62545442581177,5,5,0.789855062961578,0.967391312122345,1,1,10,1.04999995231628,8.39999961853027
02,2001-02-17,52050040,,"",SANDONA [52050040],Pluviométrica,Convencional,Activa,Nariño,Sandoná,1.3223,-77.4792,20,9/15/1963,,Cudayari,Pacifico,Patía,Río Guáitara,2001,17,Andes,Preliminar,0,0,0,0.962671041488647,0.962671041488647,0,0,0,3.93818187713623,4.62545442581177,5,5,0.789855062961578,0.967391312122345,1,1,10,1.04999995231628,0
02,2017-02-07,52050040,,"",SANDONA [52050040],Pluviométrica,Convencional,Activa,Nariño,Sandoná,1.3223,-77.4792,20,9/15/1963,,Cudayari,Pacifico,Patía,Río Guáitara,2017,07,Andes,Preliminar,0,0,0,2.98825168609619,2.98825168609619,10.4364337921143,1.0997828245163,3.49150109291077,3.93818187713623,4.62545442581177,5,5,0.789855062961578,0.967391312122345,1,1,8,1.04999995231628,0
02,2018-02-05,52050040,,"",SANDONA [52050040],Pluviométrica,Convencional,Activa,Nariño,Sandoná,1.3223,-77.4792,20,9/15/1963,,Cudayari,Pacifico,Patía,Río Guáitara,2018,05,Andes,Preliminar,,,1,1.91564607620239,1.91564607620239,0,0,0,3.93818187713623,4.62545442581177,5,5,0.789855062961578,0.967391312122345,1,1,7,1.04999995231628,
02,2014-02-05,52050040,,"",SANDONA [52050040],Pluviométrica,Convencional,Activa,Nariño,Sandoná,1.3223,-77.4792,20,9/15/1963,,Cudayari,Pacifico,Patía,Río Guáitara,2014,05,Andes,Preliminar,0,0,0,7.23671388626099,7.23671388626099,16.6968364715576,7.37356090545654,7.48145246505737,3.93818187713623,4.62545442581177,5,5,0.789855062961578,0.967391312122345,1,1,7,1.04999995231628,0
02,2002-02-04,52050040,12,Definitivo,SANDONA [52050040],Pluviométrica,Convencional,Activa,Nariño,Sandoná,1.3223,-77.4792,20,9/15/1963,,Cudayari,Pacifico,Patía,Río Guáitara,2002,04,Andes,Definitivo,12,12,0,4.95084953308106,4.95084953308106,5.14164066314697,19.7704467773438,16.5229892730713,3.93818187713623,4.62545442581177,5,5,0.789855062961578,0.967391312122345,1,1,7,1.04999995231628,12.5999994277954
02,2002-02-05,52050040,1,Definitivo,SANDONA [52050040],Pluviométrica,Convencional,Activa,Nariño,Sandoná,1.3223,-77.4792,20,9/15/1963,,Cudayari,Pacifico,Patía,Río Guáitara,2002,05,Andes,Definitivo,1,1,0,9.98241901397705,9.98241901397705,5.14164066314697,1.92977607250214,1.92314100265503,3.93818187713623,4.62545442581177,5,5,0.789855062961578,0.967391312122345,1,1,7,1.04999995231628,1.04999995231628
02,2005-02-03,52050040,,"",SANDONA [52050040],Pluviométrica,Convencional,Activa,Nariño,Sandoná,1.3223,-77.4792,20,9/15/1963,,Cudayari,Pacifico,Patía,Río Guáitara,2005,03,Andes,Preliminar,0,0,0,0.923672080039978,0.923672080039978,0,0.397064298391342,0.377840846776962,3.93818187713623,4.62545442581177,5,5,0.789855062961578,0.967391312122345,1,1,7,1.04999995231628,0
02,2008-02-02,52050040,21,Definitivo,SANDONA [52050040],Pluviométrica,Convencional,Activa,Nariño,Sandoná,1.3223,-77.4792,20,9/15/1963,,Cudayari,Pacifico,Patía,Río Guáitara,2008,02,Andes,Definitivo,21,21,0,1.18128848075867,1.18128848075867,0,0,0,3.93818187713623,4.62545442581177,5,5,0.789855062961578,0.967391312122345,1,1,7,1.04999995231628,22.049998998642
02,2014-02-07,52050040,,"",SANDONA [52050040],Pluviométrica,Convencional,Activa,Nariño,Sandoná,1.3223,-77.4792,20,9/15/1963,,Cudayari,Pacifico,Patía,Río Guáitara,2014,07,Andes,Preliminar,0,0,0,1.53205752372742,1.53205752372742,0,0.432774245738983,2.25690340995789,3.93818187713623,4.62545442581177,5,5,0.789855062961578,0.967391312122345,1,1,8,1.04999995231628,0
02,2003-02-01,52050040,,"",SANDONA [52050040],Pluviométrica,Convencional,Activa,Nariño,Sandoná,1.3223,-77.4792,20,9/15/1963,,Cudayari,Pacifico,Patía,Río Guáitara,2003,01,Andes,Preliminar,0,0,0,2.62744331359863,2.62744331359863,0,1.98967146873474,0,3.93818187713623,4.62545442581177,5,5,0.789855062961578,0.967391312122345,1,1,7,1.04999995231628,0
02,2004-02-01,52050040,,"",SANDONA [52050040],Pluviométrica,Convencional,Activa,Nariño,Sandoná,1.3223,-77.4792,20,9/15/1963,,Cudayari,Pacifico,Patía,Río Guáitara,2004,01,Andes,Preliminar,0,0,0,1.26009368896484,1.26009368896484,0,0,0,3.93818187713623,4.62545442581177,5,5,0.789855062961578,0.967391312122345,1,1,7,1.04999995231628,0
02,2008-02-04,52050040,,"",SANDONA [52050040],Pluviométrica,Convencional,Activa,Nariño,Sandoná,1.3223,-77.4792,20,9/15/1963,,Cudayari,Pacifico,Patía,Río Guáitara,2008,04,Andes,Preliminar,0,0,0,1.70244514942169,1.70244514942169,0,0,0,3.93818187713623,4.62545442581177,5,5,0.789855062961578,0.967391312122345,1,1,7,1.04999995231628,0
02,2001-02-10,52050040,,"",SANDONA [52050040],Pluviométrica,Convencional,Activa,Nariño,Sandoná,1.3223,-77.4792,20,9/15/1963,,Cudayari,Pacifico,Patía,Río Guáitara,2001,10,Andes,Preliminar,0,0,0,2.51787829399109,2.51787829399109,0,5.25799942016602,21.6323127746582,3.93818187713623,4.62545442581177,5,5,0.789855062961578,0.967391312122345,1,1,8,1.04999995231628,0
02,2014-02-08,52050040,,"",SANDONA [52050040],Pluviométrica,Convencional,Activa,Nariño,Sandoná,1.3223,-77.4792,20,9/15/1963,,Cudayari,Pacifico,Patía,Río Guáitara,2014,08,Andes,Preliminar,0,0,0,5.49282884597778,5.49282884597778,0,1.01617419719696,0,3.93818187713623,4.62545442581177,5,5,0.789855062961578,0.967391312122345,1,1,8,1.04999995231628,0
02,2001-02-15,52050040,,"",SANDONA [52050040],Pluviométrica,Convencional,Activa,Nariño,Sandoná,1.3223,-77.4792,20,9/15/1963,,Cudayari,Pacifico,Patía,Río Guáitara,2001,15,Andes,Preliminar,0,0,0,1.44415473937988,1.44415473937988,0,0,0,3.93818187713623,4.62545442581177,5,5,0.789855062961578,0.967391312122345,1,1,9,1.04999995231628,0
02,2001-02-12,52050040,,"",SANDONA [52050040],Pluviométrica,Convencional,Activa,Nariño,Sandoná,1.3223,-77.4792,20,9/15/1963,,Cudayari,Pacifico,Patía,Río Guáitara,2001,12,Andes,Preliminar,0,0,0,0.361038684844971,0.361038684844971,0,0,0,3.93818187713623,4.62545442581177,5,5,0.789855062961578,0.967391312122345,1,1,9,1.04999995231628,0
02,2008-02-01,52050040,,"",SANDONA [52050040],Pluviométrica,Convencional,Activa,Nariño,Sandoná,1.3223,-77.4792,20,9/15/1963,,Cudayari,Pacifico,Patía,Río Guáitara,2008,01,Andes,Preliminar,0,0,0,1.52872633934021,1.52872633934021,0,0,0,3.93818187713623,4.62545442581177,5,5,0.789855062961578,0.967391312122345,1,1,7,1.04999995231628,0
02,2015-02-03,52050040,,"",SANDONA [52050040],Pluviométrica,Convencional,Activa,Nariño,Sandoná,1.3223,-77.4792,20,9/15/1963,,Cudayari,Pacifico,Patía,Río Guáitara,2015,03,Andes,Preliminar,,,1,1.61050224304199,1.61050224304199,0,0.190721780061722,0.371279805898666,3.93818187713623,4.62545442581177,5,5,0.789855062961578,0.967391312122345,1,1,7,1.04999995231628,
02,2016-02-01,52050040,,"",SANDONA [52050040],Pluviométrica,Convencional,Activa,Nariño,Sandoná,1.3223,-77.4792,20,9/15/1963,,Cudayari,Pacifico,Patía,Río Guáitara,2016,01,Andes,Preliminar,0,0,0,1.88291132450104,1.88291132450104,0,1.61441648006439,0,3.93818187713623,4.62545442581177,5,5,0.789855062961578,0.967391312122345,1,1,7,1.04999995231628,0
02,2014-02-01,52050040,,"",SANDONA [52050040],Pluviométrica,Convencional,Activa,Nariño,Sandoná,1.3223,-77.4792,20,9/15/1963,,Cudayari,Pacifico,Patía,Río Guáitara,2014,01,Andes,Preliminar,,,1,1.41605687141418,1.41605687141418,0,0.580075025558472,0,3.93818187713623,4.62545442581177,5,5,0.789855062961578,0.967391312122345,1,1,7,1.04999995231628,
02,2006-02-02,52050040,3,Definitivo,SANDONA [52050040],Pluviométrica,Convencional,Activa,Nariño,Sandoná,1.3223,-77.4792,20,9/15/1963,,Cudayari,Pacifico,Patía,Río Guáitara,2006,02,Andes,Definitivo,3,3,0,5.51049661636353,5.51049661636353,18.7332439422607,8.11325073242188,11.4441261291504,3.93818187713623,4.62545442581177,5,5,0.789855062961578,0.967391312122345,1,1,7,1.04999995231628,3.14999985694885
02,2010-02-05,52050040,18,Definitivo,SANDONA [52050040],Pluviométrica,Convencional,Activa,Nariño,Sandoná,1.3223,-77.4792,20,9/15/1963,,Cudayari,Pacifico,Patía,Río Guáitara,2010,05,Andes,Definitivo,18,18,0,12.0912580490112,12.0912580490112,0,4.70482969284058,2.21734404563904,3.93818187713623,4.62545442581177,5,5,0.789855062961578,0.967391312122345,1,1,7,1.04999995231628,18.8999991416931
02,2015-02-04,52050040,,"",SANDONA [52050040],Pluviométrica,Convencional,Activa,Nariño,Sandoná,1.3223,-77.4792,20,9/15/1963,,Cudayari,Pacifico,Patía,Río Guáitara,2015,04,Andes,Preliminar,,,1,1.35103070735931,1.35103070735931,0,0.161779373884201,0.371279805898666,3.93818187713623,4.62545442581177,5,5,0.789855062961578,0.967391312122345,1,1,7,1.04999995231628,
02,2017-02-06,52050040,,"",SANDONA [52050040],Pluviométrica,Convencional,Activa,Nariño,Sandoná,1.3223,-77.4792,20,9/15/1963,,Cudayari,Pacifico,Patía,Río Guáitara,2017,06,Andes,Preliminar,0,0,0,2.34722685813904,2.34722685813904,0,0.834026515483856,0.139660030603409,3.93818187713623,4.62545442581177,5,5,0.789855062961578,0.967391312122345,1,1,8,1.04999995231628,0
02,2018-02-04,52050040,,"",SANDONA [52050040],Pluviométrica,Convencional,Activa,Nariño,Sandoná,1.3223,-77.4792,20,9/15/1963,,Cudayari,Pacifico,Patía,Río Guáitara,2018,04,Andes,Preliminar,,,1,1.81796538829803,1.81796538829803,0,0,0,3.93818187713623,4.62545442581177,5,5,0.789855062961578,0.967391312122345,1,1,7,1.04999995231628,
02,2016-02-05,52050040,,"",SANDONA [52050040],Pluviométrica,Convencional,Activa,Nariño,Sandoná,1.3223,-77.4792,20,9/15/1963,,Cudayari,Pacifico,Patía,Río Guáitara,2016,05,Andes,Preliminar,0,0,0,5.89466762542725,5.89466762542725,0,5.98109006881714,0,3.93818187713623,4.62545442581177,5,5,0.789855062961578,0.967391312122345,1,1,7,1.04999995231628,0
02,2001-02-07,52050040,,"",SANDONA [52050040],Pluviométrica,Convencional,Activa,Nariño,Sandoná,1.3223,-77.4792,20,9/15/1963,,Cudayari,Pacifico,Patía,Río Guáitara,2001,07,Andes,Preliminar,0,0,0,0,0,0,4.28495025634766,1.70415329933167,3.93818187713623,4.62545442581177,5,5,0.789855062961578,0.967391312122345,1,1,8,1.04999995231628,0
02,2001-02-05,52050040,,"",SANDONA [52050040],Pluviométrica,Convencional,Activa,Nariño,Sandoná,1.3223,-77.4792,20,9/15/1963,,Cudayari,Pacifico,Patía,Río Guáitara,2001,05,Andes,Preliminar,0,0,0,0,0,0,0,0,3.93818187713623,4.62545442581177,5,5,0.789855062961578,0.967391312122345,1,1,7,1.04999995231628,0
02,2003-02-02,52050040,22,Definitivo,SANDONA [52050040],Pluviométrica,Convencional,Activa,Nariño,Sandoná,1.3223,-77.4792,20,9/15/1963,,Cudayari,Pacifico,Patía,Río Guáitara,2003,02,Andes,Definitivo,22,22,0,3.46891212463379,3.46891212463379,0,0.784599423408508,2.72204446792603,3.93818187713623,4.62545442581177,5,5,0.789855062961578,0.967391312122345,1,1,7,1.04999995231628,23.0999989509583
02,2001-02-01,52050040,,"",SANDONA [52050040],Pluviométrica,Convencional,Activa,Nariño,Sandoná,1.3223,-77.4792,20,9/15/1963,,Cudayari,Pacifico,Patía,Río Guáitara,2001,01,Andes,Preliminar,0,0,0,0.312768429517746,0.312768429517746,0,0,0,3.93818187713623,4.62545442581177,5,5,0.789855062961578,0.967391312122345,1,1,7,1.04999995231628,0
02,2006-02-03,52050040,10,Definitivo,SANDONA [52050040],Pluviométrica,Convencional,Activa,Nariño,Sandoná,1.3223,-77.4792,20,9/15/1963,,Cudayari,Pacifico,Patía,Río Guáitara,2006,03,Andes,Definitivo,10,10,0,12.97926902771,12.97926902771,0,10.6653881072998,0,3.93818187713623,4.62545442581177,5,5,0.789855062961578,0.967391312122345,1,1,7,1.04999995231628,10.4999995231628
02,2008-02-05,52050040,,"",SANDONA [52050040],Pluviométrica,Convencional,Activa,Nariño,Sandoná,1.3223,-77.4792,20,9/15/1963,,Cudayari,Pacifico,Patía,Río Guáitara,2008,05,Andes,Preliminar,0,0,0,0.208462700247765,0.208462700247765,0,0,0,3.93818187713623,4.62545442581177,5,5,0.789855062961578,0.967391312122345,1,1,7,1.04999995231628,0
02,2015-02-05,52050040,,"",SANDONA [52050040],Pluviométrica,Convencional,Activa,Nariño,Sandoná,1.3223,-77.4792,20,9/15/1963,,Cudayari,Pacifico,Patía,Río Guáitara,2015,05,Andes,Preliminar,,,1,2.83369565010071,2.83369565010071,0,0.9938725233078,0.371279805898666,3.93818187713623,4.62545442581177,5,5,0.789855062961578,0.967391312122345,1,1,7,1.04999995231628,
02,2001-02-14,52050040,,"",SANDONA [52050040],Pluviométrica,Convencional,Activa,Nariño,Sandoná,1.3223,-77.4792,20,9/15/1963,,Cudayari,Pacifico,Patía,Río Guáitara,2001,14,Andes,Preliminar,0,0,0,1.08311593532562,1.08311593532562,0,0,0,3.93818187713623,4.62545442581177,5,5,0.789855062961578,0.967391312122345,1,1,9,1.04999995231628,0
02,2003-02-12,52050040,,"",SANDONA [52050040],Pluviométrica,Convencional,Activa,Nariño,Sandoná,1.3223,-77.4792,20,9/15/1963,,Cudayari,Pacifico,Patía,Río Guáitara,2003,12,Andes,Preliminar,0,0,0,0.597523391246796,0.597523391246796,0,0.477668106555939,0.251002490520477,3.93818187713623,4.62545442581177,5,5,0.789855062961578,0.967391312122345,1,1,9,1.04999995231628,0
02,2015-02-02,52050040,,"",SANDONA [52050040],Pluviométrica,Convencional,Activa,Nariño,Sandoná,1.3223,-77.4792,20,9/15/1963,,Cudayari,Pacifico,Patía,Río Guáitara,2015,02,Andes,Preliminar,,,1,3.31339383125305,3.31339383125305,0,0.280605256557465,0.371279805898666,3.93818187713623,4.62545442581177,5,5,0.789855062961578,0.967391312122345,1,1,7,1.04999995231628,
02,2013-02-02,52050040,,"",SANDONA [52050040],Pluviométrica,Convencional,Activa,Nariño,Sandoná,1.3223,-77.4792,20,9/15/1963,,Cudayari,Pacifico,Patía,Río Guáitara,2013,02,Andes,Preliminar,0,0,0,10.1827907562256,10.1827907562256,0,11.446026802063,0,3.93818187713623,4.62545442581177,5,5,0.789855062961578,0.967391312122345,1,1,7,1.04999995231628,0
02,2011-02-03,52050040,,"",SANDONA [52050040],Pluviométrica,Convencional,Activa,Nariño,Sandoná,1.3223,-77.4792,20,9/15/1963,,Cudayari,Pacifico,Patía,Río Guáitara,2011,03,Andes,Preliminar,0,0,0,2.6126503944397,2.6126503944397,0,0.319966495037079,0,3.93818187713623,4.62545442581177,5,5,0.789855062961578,0.967391312122345,1,1,7,1.04999995231628,0
02,2015-02-06,52050040,,"",SANDONA [52050040],Pluviométrica,Convencional,Activa,Nariño,Sandoná,1.3223,-77.4792,20,9/15/1963,,Cudayari,Pacifico,Patía,Río Guáitara,2015,06,Andes,Preliminar,,,1,8.86868476867676,8.86868476867676,31.1828746795654,6.24655771255493,24.8294506072998,3.93818187713623,4.62545442581177,5,5,0.789855062961578,0.967391312122345,1,1,8,1.04999995231628,
02,2004-02-02,52050040,,"",SANDONA [52050040],Pluviométrica,Convencional,Activa,Nariño,Sandoná,1.3223,-77.4792,20,9/15/1963,,Cudayari,Pacifico,Patía,Río Guáitara,2004,02,Andes,Preliminar,0,0,0,1.17008697986603,1.17008697986603,0,0,0,3.93818187713623,4.62545442581177,5,5,0.789855062961578,0.967391312122345,1,1,7,1.04999995231628,0
02,2004-02-03,52050040,,"",SANDONA [52050040],Pluviométrica,Convencional,Activa,Nariño,Sandoná,1.3223,-77.4792,20,9/15/1963,,Cudayari,Pacifico,Patía,Río Guáitara,2004,03,Andes,Preliminar,0,0,0,1.57511723041534,1.57511723041534,0,0,0,3.93818187713623,4.62545442581177,5,5,0.789855062961578,0.967391312122345,1,1,7,1.04999995231628,0
02,2013-02-03,52050040,3,Definitivo,SANDONA [52050040],Pluviométrica,Convencional,Activa,Nariño,Sandoná,1.3223,-77.4792,20,9/15/1963,,Cudayari,Pacifico,Patía,Río Guáitara,2013,03,Andes,Definitivo,3,3,0,7.65051555633545,7.65051555633545,0,7.31289768218994,1.8902233839035,3.93818187713623,4.62545442581177,5,5,0.789855062961578,0.967391312122345,1,1,7,1.04999995231628,3.14999985694885
02,2003-02-04,52050040,,"",SANDONA [52050040],Pluviométrica,Convencional,Activa,Nariño,Sandoná,1.3223,-77.4792,20,9/15/1963,,Cudayari,Pacifico,Patía,Río Guáitara,2003,04,Andes,Preliminar,0,0,0,0,0,0,0.0513537786900997,0,3.93818187713623,4.62545442581177,5,5,0.789855062961578,0.967391312122345,1,1,7,1.04999995231628,0
02,2016-02-04,52050040,,"",SANDONA [52050040],Pluviométrica,Convencional,Activa,Nariño,Sandoná,1.3223,-77.4792,20,9/15/1963,,Cudayari,Pacifico,Patía,Río Guáitara,2016,04,Andes,Preliminar,0,0,0,6.67617797851563,6.67617797851563,21.7876873016357,4.90244865417481,15.2524490356445,3.93818187713623,4.62545442581177,5,5,0.789855062961578,0.967391312122345,1,1,7,1.04999995231628,0
02,2003-02-09,52050040,19,Definitivo,SANDONA [52050040],Pluviométrica,Convencional,Activa,Nariño,Sandoná,1.3223,-77.4792,20,9/15/1963,,Cudayari,Pacifico,Patía,Río Guáitara,2003,09,Andes,Definitivo,19,19,0,0.780515253543854,0.780515253543854,0,0.128317788243294,0.0107019860297441,3.93818187713623,4.62545442581177,5,5,0.789855062961578,0.967391312122345,1,1,8,1.04999995231628,19.9499990940094
02,2001-02-09,52050040,,"",SANDONA [52050040],Pluviométrica,Convencional,Activa,Nariño,Sandoná,1.3223,-77.4792,20,9/15/1963,,Cudayari,Pacifico,Patía,Río Guáitara,2001,09,Andes,Preliminar,0,0,0,5.03575658798218,5.03575658798218,10.4705934524536,4.85220861434937,2.57361936569214,3.93818187713623,4.62545442581177,5,5,0.789855062961578,0.967391312122345,1,1,8,1.04999995231628,0
02,2009-02-01,52050040,6,Definitivo,SANDONA [52050040],Pluviométrica,Convencional,Activa,Nariño,Sandoná,1.3223,-77.4792,20,9/15/1963,,Cudayari,Pacifico,Patía,Río Guáitara,2009,01,Andes,Definitivo,6,6,0,6.12211990356445,6.12211990356445,8.02450847625732,5.21283864974976,11.6402826309204,3.93818187713623,4.62545442581177,5,5,0.789855062961578,0.967391312122345,1,1,7,1.04999995231628,6.29999971389771
02,2013-02-04,52050040,14,Definitivo,SANDONA [52050040],Pluviométrica,Convencional,Activa,Nariño,Sandoná,1.3223,-77.4792,20,9/15/1963,,Cudayari,Pacifico,Patía,Río Guáitara,2013,04,Andes,Definitivo,14,14,0,10.6899290084839,10.6899290084839,14.6615295410156,10.5976543426514,5.9942512512207,3.93818187713623,4.62545442581177,5,5,0.789855062961578,0.967391312122345,1,1,7,1.04999995231628,14.699999332428
02,2013-02-05,52050040,,"",SANDONA [52050040],Pluviométrica,Convencional,Activa,Nariño,Sandoná,1.3223,-77.4792,20,9/15/1963,,Cudayari,Pacifico,Patía,Río Guáitara,2013,05,Andes,Preliminar,0,0,0,15.6795635223389,15.6795635223389,43.9845886230469,14.851095199585,41.2485198974609,3.93818187713623,4.62545442581177,5,5,0.789855062961578,0.967391312122345,1,1,7,1.04999995231628,0
02,2002-02-01,52050040,,"",SANDONA [52050040],Pluviométrica,Convencional,Activa,Nariño,Sandoná,1.3223,-77.4792,20,9/15/1963,,Cudayari,Pacifico,Patía,Río Guáitara,2002,01,Andes,Preliminar,0,0,0,0.107627160847187,0.107627160847187,0,0.896618843078613,0,3.93818187713623,4.62545442581177,5,5,0.789855062961578,0.967391312122345,1,1,7,1.04999995231628,0
02,2013-02-01,52050040,,"",SANDONA [52050040],Pluviométrica,Convencional,Activa,Nariño,Sandoná,1.3223,-77.4792,20,9/15/1963,,Cudayari,Pacifico,Patía,Río Guáitara,2013,01,Andes,Preliminar,0,0,0,9.43317413330078,9.43317413330078,0,4.92532253265381,0,3.93818187713623,4.62545442581177,5,5,0.789855062961578,0.967391312122345,1,1,7,1.04999995231628,0
02,2011-02-02,52050040,,"",SANDONA [52050040],Pluviométrica,Convencional,Activa,Nariño,Sandoná,1.3223,-77.4792,20,9/15/1963,,Cudayari,Pacifico,Patía,Río Guáitara,2011,02,Andes,Preliminar,0,0,0,0.128701984882355,0.128701984882355,0,0.282041758298874,0.261118590831757,3.93818187713623,4.62545442581177,5,5,0.789855062961578,0.967391312122345,1,1,7,1.04999995231628,0
02,2008-02-06,52050040,3,Definitivo,SANDONA [52050040],Pluviométrica,Convencional,Activa,Nariño,Sandoná,1.3223,-77.4792,20,9/15/1963,,Cudayari,Pacifico,Patía,Río Guáitara,2008,06,Andes,Definitivo,3,3,0,0.280456751585007,0.280456751585007,0,0.86805647611618,0.0665353238582611,3.93818187713623,4.62545442581177,5,5,0.789855062961578,0.967391312122345,1,1,8,1.04999995231628,3.14999985694885
02,2014-02-04,52050040,,"",SANDONA [52050040],Pluviométrica,Convencional,Activa,Nariño,Sandoná,1.3223,-77.4792,20,9/15/1963,,Cudayari,Pacifico,Patía,Río Guáitara,2014,04,Andes,Preliminar,,,1,4.21018362045288,4.21018362045288,0,2.33039379119873,1.40780007839203,3.93818187713623,4.62545442581177,5,5,0.789855062961578,0.967391312122345,1,1,7,1.04999995231628,
02,2011-02-06,52050040,17,Definitivo,SANDONA [52050040],Pluviométrica,Convencional,Activa,Nariño,Sandoná,1.3223,-77.4792,20,9/15/1963,,Cudayari,Pacifico,Patía,Río Guáitara,2011,06,Andes,Definitivo,17,17,0,9.45395278930664,9.45395278930664,14.3175506591797,9.71201038360596,20.6461372375488,3.93818187713623,4.62545442581177,5,5,0.789855062961578,0.967391312122345,1,1,8,1.04999995231628,17.8499991893768
02,2002-02-02,52050040,,"",SANDONA [52050040],Pluviométrica,Convencional,Activa,Nariño,Sandoná,1.3223,-77.4792,20,9/15/1963,,Cudayari,Pacifico,Patía,Río Guáitara,2002,02,Andes,Preliminar,0,0,0,2.52923846244812,2.52923846244812,0,0.58978670835495,0.0400654412806034,3.93818187713623,4.62545442581177,5,5,0.789855062961578,0.967391312122345,1,1,7,1.04999995231628,0
02,2011-02-01,52050040,,"",SANDONA [52050040],Pluviométrica,Convencional,Activa,Nariño,Sandoná,1.3223,-77.4792,20,9/15/1963,,Cudayari,Pacifico,Patía,Río Guáitara,2011,01,Andes,Preliminar,0,0,0,0.283144384622574,0.283144384622574,0,0.232435673475266,0.313342303037643,3.93818187713623,4.62545442581177,5,5,0.789855062961578,0.967391312122345,1,1,7,1.04999995231628,0
02,2011-02-04,52050040,8,Definitivo,SANDONA [52050040],Pluviométrica,Convencional,Activa,Nariño,Sandoná,1.3223,-77.4792,20,9/15/1963,,Cudayari,Pacifico,Patía,Río Guáitara,2011,04,Andes,Definitivo,8,8,0,7.06573963165283,7.06573963165283,10.664210319519,0.835964262485504,2.32395577430725,3.93818187713623,4.62545442581177,5,5,0.789855062961578,0.967391312122345,1,1,7,1.04999995231628,8.39999961853027
02,2009-02-02,52050040,,"",SANDONA [52050040],Pluviométrica,Convencional,Activa,Nariño,Sandoná,1.3223,-77.4792,20,9/15/1963,,Cudayari,Pacifico,Patía,Río Guáitara,2009,02,Andes,Preliminar,0,0,0,5.04393291473389,5.04393291473389,0,2.98472929000855,0,3.93818187713623,4.62545442581177,5,5,0.789855062961578,0.967391312122345,1,1,7,1.04999995231628,0
02,2015-02-01,52050040,,"",SANDONA [52050040],Pluviométrica,Convencional,Activa,Nariño,Sandoná,1.3223,-77.4792,20,9/15/1963,,Cudayari,Pacifico,Patía,Río Guáitara,2015,01,Andes,Preliminar,,,1,3.3878960609436,3.3878960609436,0,0.229420125484467,0.371279805898666,3.93818187713623,4.62545442581177,5,5,0.789855062961578,0.967391312122345,1,1,7,1.04999995231628,
02,2012-02-03,52050040,3,Definitivo,SANDONA [52050040],Pluviométrica,Convencional,Activa,Nariño,Sandoná,1.3223,-77.4792,20,9/15/1963,,Cudayari,Pacifico,Patía,Río Guáitara,2012,03,Andes,Definitivo,3,3,0,2.08290219306946,2.08290219306946,0,0.999971330165863,0.0410097725689411,3.93818187713623,4.62545442581177,5,5,0.789855062961578,0.967391312122345,1,1,7,1.04999995231628,3.14999985694885
02,2007-02-01,52050040,,"",SANDONA [52050040],Pluviométrica,Convencional,Activa,Nariño,Sandoná,1.3223,-77.4792,20,9/15/1963,,Cudayari,Pacifico,Patía,Río Guáitara,2007,01,Andes,Preliminar,0,0,0,0.327109515666962,0.327109515666962,0,0,0,3.93818187713623,4.62545442581177,5,5,0.789855062961578,0.967391312122345,1,1,7,1.04999995231628,0
02,2010-02-02,52050040,0,Definitivo,SANDONA [52050040],Pluviométrica,Convencional,Activa,Nariño,Sandoná,1.3223,-77.4792,20,9/15/1963,,Cudayari,Pacifico,Patía,Río Guáitara,2010,02,Andes,Definitivo,0,0,0,0,0,0,1.02832579612732,2.21734404563904,3.93818187713623,4.62545442581177,5,5,0.789855062961578,0.967391312122345,1,1,7,1.04999995231628,0
02,2011-02-05,52050040,2,Definitivo,SANDONA [52050040],Pluviométrica,Convencional,Activa,Nariño,Sandoná,1.3223,-77.4792,20,9/15/1963,,Cudayari,Pacifico,Patía,Río Guáitara,2011,05,Andes,Definitivo,2,2,0,4.55605030059815,4.55605030059815,0,1.22800862789154,0,3.93818187713623,4.62545442581177,5,5,0.789855062961578,0.967391312122345,1,1,7,1.04999995231628,2.09999990463257
02,2012-02-01,52050040,5,Definitivo,SANDONA [52050040],Pluviométrica,Convencional,Activa,Nariño,Sandoná,1.3223,-77.4792,20,9/15/1963,,Cudayari,Pacifico,Patía,Río Guáitara,2012,01,Andes,Definitivo,5,5,0,5.95383596420288,5.95383596420288,0,2.73974514007568,1.80101263523102,3.93818187713623,4.62545442581177,5,5,0.789855062961578,0.967391312122345,1,1,7,1.04999995231628,5.24999976158142
02,2010-02-03,52050040,,"",SANDONA [52050040],Pluviométrica,Convencional,Activa,Nariño,Sandoná,1.3223,-77.4792,20,9/15/1963,,Cudayari,Pacifico,Patía,Río Guáitara,2010,03,Andes,Preliminar,0,0,0,0.0533241890370846,0.0533241890370846,0,2.72105956077576,2.21734404563904,3.93818187713623,4.62545442581177,5,5,0.789855062961578,0.967391312122345,1,1,7,1.04999995231628,0
02,2007-02-03,52050040,,"",SANDONA [52050040],Pluviométrica,Convencional,Activa,Nariño,Sandoná,1.3223,-77.4792,20,9/15/1963,,Cudayari,Pacifico,Patía,Río Guáitara,2007,03,Andes,Preliminar,0,0,0,0.654219031333923,0.654219031333923,0,0,0,3.93818187713623,4.62545442581177,5,5,0.789855062961578,0.967391312122345,1,1,7,1.04999995231628,0
02,2002-02-03,52050040,,"",SANDONA [52050040],Pluviométrica,Convencional,Activa,Nariño,Sandoná,1.3223,-77.4792,20,9/15/1963,,Cudayari,Pacifico,Patía,Río Guáitara,2002,03,Andes,Preliminar,0,0,0,6.7536039352417,6.7536039352417,20.5665626525879,3.88960003852844,8.59003067016602,3.93818187713623,4.62545442581177,5,5,0.789855062961578,0.967391312122345,1,1,7,1.04999995231628,0
02,2005-02-02,52050040,3,Definitivo,SANDONA [52050040],Pluviométrica,Convencional,Activa,Nariño,Sandoná,1.3223,-77.4792,20,9/15/1963,,Cudayari,Pacifico,Patía,Río Guáitara,2005,02,Andes,Definitivo,3,3,0,9.98611354827881,9.98611354827881,0,0.450419694185257,0.663341522216797,3.93818187713623,4.62545442581177,5,5,0.789855062961578,0.967391312122345,1,1,7,1.04999995231628,3.14999985694885
02,2012-02-02,52050040,8,Definitivo,SANDONA [52050040],Pluviométrica,Convencional,Activa,Nariño,Sandoná,1.3223,-77.4792,20,9/15/1963,,Cudayari,Pacifico,Patía,Río Guáitara,2012,02,Andes,Definitivo,8,8,0,2.20743060112,2.20743060112,0,2.13816475868225,0.205048829317093,3.93818187713623,4.62545442581177,5,5,0.789855062961578,0.967391312122345,1,1,7,1.04999995231628,8.39999961853027
02,2010-02-01,52050040,,"",SANDONA [52050040],Pluviométrica,Convencional,Activa,Nariño,Sandoná,1.3223,-77.4792,20,9/15/1963,,Cudayari,Pacifico,Patía,Río Guáitara,2010,01,Andes,Preliminar,0,0,0,0,0,0,1.298619389534,2.21734404563904,3.93818187713623,4.62545442581177,5,5,0.789855062961578,0.967391312122345,1,1,7,1.04999995231628,0
02,2007-02-02,52050040,,"",SANDONA [52050040],Pluviométrica,Convencional,Activa,Nariño,Sandoná,1.3223,-77.4792,20,9/15/1963,,Cudayari,Pacifico,Patía,Río Guáitara,2007,02,Andes,Preliminar,0,0,0,0.899551153182983,0.899551153182983,0,0,0,3.93818187713623,4.62545442581177,5,5,0.789855062961578,0.967391312122345,1,1,7,1.04999995231628,0
02,2005-02-01,52050040,,"",SANDONA [52050040],Pluviométrica,Convencional,Activa,Nariño,Sandoná,1.3223,-77.4792,20,9/15/1963,,Cudayari,Pacifico,Patía,Río Guáitara,2005,01,Andes,Preliminar,0,0,0,4.59512281417847,4.59512281417847,0,0.149361118674278,0,3.93818187713623,4.62545442581177,5,5,0.789855062961578,0.967391312122345,1,1,7,1.04999995231628,0
03,2016-03-30,52050040,0,Definitivo,SANDONA [52050040],Pluviométrica,Convencional,Activa,Nariño,Sandoná,1.3223,-77.4792,20,9/15/1963,,Cudayari,Pacifico,Patía,Río Guáitara,2016,30,Andes,Definitivo,0,0,0,10.4586734771729,10.4586734771729,17.6393947601318,6.17854022979736,19.9873218536377,3.93818187713623,4.62545442581177,5,5,0.789855062961578,0.967391312122345,1,1,18,1.03999996185303,0
03,2014-03-29,52050040,23,Definitivo,SANDONA [52050040],Pluviométrica,Convencional,Activa,Nariño,Sandoná,1.3223,-77.4792,20,9/15/1963,,Cudayari,Pacifico,Patía,Río Guáitara,2014,29,Andes,Definitivo,23,23,0,12.9639225006104,12.9639225006104,14.572546005249,0.972583889961243,6.7908730506897,3.93818187713623,4.62545442581177,5,5,0.789855062961578,0.967391312122345,1,1,18,1.03999996185303,23.9199991226196
03,2011-03-30,52050040,,"",SANDONA [52050040],Pluviométrica,Convencional,Activa,Nariño,Sandoná,1.3223,-77.4792,20,9/15/1963,,Cudayari,Pacifico,Patía,Río Guáitara,2011,30,Andes,Preliminar,0,0,0,5.71628856658936,5.71628856658936,10.759090423584,0.948447704315186,2.07736158370972,3.93818187713623,4.62545442581177,5,5,0.789855062961578,0.967391312122345,1,1,18,1.03999996185303,0
03,2014-03-30,52050040,,"",SANDONA [52050040],Pluviométrica,Convencional,Activa,Nariño,Sandoná,1.3223,-77.4792,20,9/15/1963,,Cudayari,Pacifico,Patía,Río Guáitara,2014,30,Andes,Preliminar,0,0,0,13.3796472549438,13.3796472549438,9.71503067016602,5.29922199249268,0.0268006473779678,3.93818187713623,4.62545442581177,5,5,0.789855062961578,0.967391312122345,1,1,18,1.03999996185303,0
03,2009-03-30,52050040,,"",SANDONA [52050040],Pluviométrica,Convencional,Activa,Nariño,Sandoná,1.3223,-77.4792,20,9/15/1963,,Cudayari,Pacifico,Patía,Río Guáitara,2009,30,Andes,Preliminar,0,0,0,6.42830324172974,6.42830324172974,27.8399848937988,4.75687980651856,0.842606067657471,3.93818187713623,4.62545442581177,5,5,0.789855062961578,0.967391312122345,1,1,18,1.03999996185303,0
03,2011-03-31,52050040,,"",SANDONA [52050040],Pluviométrica,Convencional,Activa,Nariño,Sandoná,1.3223,-77.4792,20,9/15/1963,,Cudayari,Pacifico,Patía,Río Guáitara,2011,31,Andes,Preliminar,0,0,0,9.16287517547607,9.16287517547607,0,1.47108340263367,0.920556247234344,3.93818187713623,4.62545442581177,5,5,0.789855062961578,0.967391312122345,1,1,18,1.03999996185303,0
03,2016-03-31,52050040,1,Definitivo,SANDONA [52050040],Pluviométrica,Convencional,Activa,Nariño,Sandoná,1.3223,-77.4792,20,9/15/1963,,Cudayari,Pacifico,Patía,Río Guáitara,2016,31,Andes,Definitivo,1,1,0,9.8364315032959,9.8364315032959,0,16.2962055206299,0,3.93818187713623,4.62545442581177,5,5,0.789855062961578,0.967391312122345,1,1,18,1.03999996185303,1.03999996185303
03,2010-03-27,52050040,,"",SANDONA [52050040],Pluviométrica,Convencional,Activa,Nariño,Sandoná,1.3223,-77.4792,20,9/15/1963,,Cudayari,Pacifico,Patía,Río Guáitara,2010,27,Andes,Preliminar,0,0,0,2.61540794372559,2.61540794372559,0,3.37400031089783,0.592960178852081,3.93818187713623,4.62545442581177,5,5,0.789855062961578,0.967391312122345,1,1,18,1.03999996185303,0
03,2016-03-29,52050040,,"",SANDONA [52050040],Pluviométrica,Convencional,Activa,Nariño,Sandoná,1.3223,-77.4792,20,9/15/1963,,Cudayari,Pacifico,Patía,Río Guáitara,2016,29,Andes,Preliminar,0,0,0,2.3402111530304,2.3402111530304,0,5.27939701080322,5.2662844657898,3.93818187713623,4.62545442581177,5,5,0.789855062961578,0.967391312122345,1,1,18,1.03999996185303,0
03,2019-03-30,52050040,,"",SANDONA [52050040],Pluviométrica,Convencional,Activa,Nariño,Sandoná,1.3223,-77.4792,20,9/15/1963,,Cudayari,Pacifico,Patía,Río Guáitara,2019,30,Andes,Preliminar,0,0,0,2.02812671661377,2.02812671661377,0,1.35277247428894,1.96991991996765,3.93818187713623,4.62545442581177,5,5,0.789855062961578,0.967391312122345,1,1,18,1.03999996185303,0
03,2009-03-31,52050040,11,Definitivo,SANDONA [52050040],Pluviométrica,Convencional,Activa,Nariño,Sandoná,1.3223,-77.4792,20,9/15/1963,,Cudayari,Pacifico,Patía,Río Guáitara,2009,31,Andes,Definitivo,11,11,0,2.26266980171204,2.26266980171204,18.5599899291992,24.0605754852295,0.210651487112045,3.93818187713623,4.62545442581177,5,5,0.789855062961578,0.967391312122345,1,1,18,1.03999996185303,11.4399995803833
03,2008-03-30,52050040,33,Definitivo,SANDONA [52050040],Pluviométrica,Convencional,Activa,Nariño,Sandoná,1.3223,-77.4792,20,9/15/1963,,Cudayari,Pacifico,Patía,Río Guáitara,2008,30,Andes,Definitivo,33,33,0,2.82202434539795,2.82202434539795,7.3459324836731,6.13082695007324,1.98219895362854,3.93818187713623,4.62545442581177,5,5,0.789855062961578,0.967391312122345,1,1,18,1.03999996185303,34.3199987411499
03,2010-03-28,52050040,,"",SANDONA [52050040],Pluviométrica,Convencional,Activa,Nariño,Sandoná,1.3223,-77.4792,20,9/15/1963,,Cudayari,Pacifico,Patía,Río Guáitara,2010,28,Andes,Preliminar,0,0,0,0.0427005402743816,0.0427005402743816,0,1.44929468631744,0,3.93818187713623,4.62545442581177,5,5,0.789855062961578,0.967391312122345,1,1,18,1.03999996185303,0
03,2008-03-26,52050040,,"",SANDONA [52050040],Pluviométrica,Convencional,Activa,Nariño,Sandoná,1.3223,-77.4792,20,9/15/1963,,Cudayari,Pacifico,Patía,Río Guáitara,2008,26,Andes,Preliminar,0,0,0,4.12732601165772,4.12732601165772,0,6.53682804107666,0.248811572790146,3.93818187713623,4.62545442581177,5,5,0.789855062961578,0.967391312122345,1,1,18,1.03999996185303,0
03,2008-03-31,52050040,7,Definitivo,SANDONA [52050040],Pluviométrica,Convencional,Activa,Nariño,Sandoná,1.3223,-77.4792,20,9/15/1963,,Cudayari,Pacifico,Patía,Río Guáitara,2008,31,Andes,Definitivo,7,7,0,13.7883958816528,13.7883958816528,14.6918649673462,22.6076641082764,45.4611930847168,3.93818187713623,4.62545442581177,5,5,0.789855062961578,0.967391312122345,1,1,18,1.03999996185303,7.27999973297119
03,2017-03-29,52050040,12,Definitivo,SANDONA [52050040],Pluviométrica,Convencional,Activa,Nariño,Sandoná,1.3223,-77.4792,20,9/15/1963,,Cudayari,Pacifico,Patía,Río Guáitara,2017,29,Andes,Definitivo,12,12,0,7.34837341308594,7.34837341308594,40.8154678344727,10.7640771865845,5.74803638458252,3.93818187713623,4.62545442581177,5,5,0.789855062961578,0.967391312122345,1,1,18,1.03999996185303,12.4799995422363
03,2009-03-29,52050040,7,Definitivo,SANDONA [52050040],Pluviométrica,Convencional,Activa,Nariño,Sandoná,1.3223,-77.4792,20,9/15/1963,,Cudayari,Pacifico,Patía,Río Guáitara,2009,29,Andes,Definitivo,7,7,0,20.7005290985107,20.7005290985107,37.1199798583984,8.60353469848633,52.6488494873047,3.93818187713623,4.62545442581177,5,5,0.789855062961578,0.967391312122345,1,1,18,1.03999996185303,7.27999973297119
03,2006-03-31,52050040,34,Definitivo,SANDONA [52050040],Pluviométrica,Convencional,Activa,Nariño,Sandoná,1.3223,-77.4792,20,9/15/1963,,Cudayari,Pacifico,Patía,Río Guáitara,2006,31,Andes,Definitivo,34,34,0,3.79627180099487,3.79627180099487,0,2.41213917732239,0.907909631729126,3.93818187713623,4.62545442581177,5,5,0.789855062961578,0.967391312122345,1,1,18,1.03999996185303,35.3599987030029
03,2013-03-30,52050040,,"",SANDONA [52050040],Pluviométrica,Convencional,Activa,Nariño,Sandoná,1.3223,-77.4792,20,9/15/1963,,Cudayari,Pacifico,Patía,Río Guáitara,2013,30,Andes,Preliminar,0,0,0,4.78637552261353,4.78637552261353,0,1.27322566509247,0,3.93818187713623,4.62545442581177,5,5,0.789855062961578,0.967391312122345,1,1,18,1.03999996185303,0
03,2013-03-29,52050040,,"",SANDONA [52050040],Pluviométrica,Convencional,Activa,Nariño,Sandoná,1.3223,-77.4792,20,9/15/1963,,Cudayari,Pacifico,Patía,Río Guáitara,2013,29,Andes,Preliminar,0,0,0,8.83299446105957,8.83299446105957,0,5.27742862701416,0.0114535205066204,3.93818187713623,4.62545442581177,5,5,0.789855062961578,0.967391312122345,1,1,18,1.03999996185303,0
03,2021-03-31,52050040,,"",SANDONA [52050040],Pluviométrica,Convencional,Activa,Nariño,Sandoná,1.3223,-77.4792,20,9/15/1963,,Cudayari,Pacifico,Patía,Río Guáitara,2021,31,Andes,Preliminar,0,0,0,1.31998693943024,1.31998693943024,0,7.05091047286987,1.12756872177124,3.93818187713623,4.62545442581177,5,5,0.789855062961578,0.967391312122345,1,1,18,1.03999996185303,0
03,2019-03-31,52050040,,"",SANDONA [52050040],Pluviométrica,Convencional,Activa,Nariño,Sandoná,1.3223,-77.4792,20,9/15/1963,,Cudayari,Pacifico,Patía,Río Guáitara,2019,31,Andes,Preliminar,0,0,0,1.45762133598328,1.45762133598328,0,2.22454023361206,0.248906865715981,3.93818187713623,4.62545442581177,5,5,0.789855062961578,0.967391312122345,1,1,18,1.03999996185303,0
03,2014-03-31,52050040,,"",SANDONA [52050040],Pluviométrica,Convencional,Activa,Nariño,Sandoná,1.3223,-77.4792,20,9/15/1963,,Cudayari,Pacifico,Patía,Río Guáitara,2014,31,Andes,Preliminar,0,0,0,5.0978307723999,5.0978307723999,0,3.64787340164185,0,3.93818187713623,4.62545442581177,5,5,0.789855062961578,0.967391312122345,1,1,18,1.03999996185303,0
03,2012-03-29,52050040,,"",SANDONA [52050040],Pluviométrica,Convencional,Activa,Nariño,Sandoná,1.3223,-77.4792,20,9/15/1963,,Cudayari,Pacifico,Patía,Río Guáitara,2012,29,Andes,Preliminar,0,0,0,1.90124106407166,1.90124106407166,0,0.801670372486115,1.09403491020203,3.93818187713623,4.62545442581177,5,5,0.789855062961578,0.967391312122345,1,1,18,1.03999996185303,0
03,2012-03-30,52050040,,"",SANDONA [52050040],Pluviométrica,Convencional,Activa,Nariño,Sandoná,1.3223,-77.4792,20,9/15/1963,,Cudayari,Pacifico,Patía,Río Guáitara,2012,30,Andes,Preliminar,0,0,0,1.2883632183075,1.2883632183075,0,0.507210314273834,0.823599278926849,3.93818187713623,4.62545442581177,5,5,0.789855062961578,0.967391312122345,1,1,18,1.03999996185303,0
03,2008-03-29,52050040,0,Definitivo,SANDONA [52050040],Pluviométrica,Convencional,Activa,Nariño,Sandoná,1.3223,-77.4792,20,9/15/1963,,Cudayari,Pacifico,Patía,Río Guáitara,2008,29,Andes,Definitivo,0,0,0,8.88891887664795,8.88891887664795,22.0377960205078,6.45747900009155,0.603782832622528,3.93818187713623,4.62545442581177,5,5,0.789855062961578,0.967391312122345,1,1,18,1.03999996185303,0
03,2007-03-29,52050040,1,Definitivo,SANDONA [52050040],Pluviométrica,Convencional,Activa,Nariño,Sandoná,1.3223,-77.4792,20,9/15/1963,,Cudayari,Pacifico,Patía,Río Guáitara,2007,29,Andes,Definitivo,1,1,0,5.28160667419434,5.28160667419434,0,6.97952938079834,7.68755292892456,3.93818187713623,4.62545442581177,5,5,0.789855062961578,0.967391312122345,1,1,18,1.03999996185303,1.03999996185303
03,2007-03-28,52050040,6,Definitivo,SANDONA [52050040],Pluviométrica,Convencional,Activa,Nariño,Sandoná,1.3223,-77.4792,20,9/15/1963,,Cudayari,Pacifico,Patía,Río Guáitara,2007,28,Andes,Definitivo,6,6,0,1.38866472244263,1.38866472244263,0,6.64782094955444,18.0446586608887,3.93818187713623,4.62545442581177,5,5,0.789855062961578,0.967391312122345,1,1,18,1.03999996185303,6.23999977111816
03,2010-03-31,52050040,,"",SANDONA [52050040],Pluviométrica,Convencional,Activa,Nariño,Sandoná,1.3223,-77.4792,20,9/15/1963,,Cudayari,Pacifico,Patía,Río Guáitara,2010,31,Andes,Preliminar,0,0,0,5.43364381790161,5.43364381790161,5.48771858215332,4.47674369812012,0.18457904458046,3.93818187713623,4.62545442581177,5,5,0.789855062961578,0.967391312122345,1,1,18,1.03999996185303,0
03,2013-03-26,52050040,1,Definitivo,SANDONA [52050040],Pluviométrica,Convencional,Activa,Nariño,Sandoná,1.3223,-77.4792,20,9/15/1963,,Cudayari,Pacifico,Patía,Río Guáitara,2013,26,Andes,Definitivo,1,1,0,12.9765405654907,12.9765405654907,9.19126605987549,2.4087700843811,3.44751024246216,3.93818187713623,4.62545442581177,5,5,0.789855062961578,0.967391312122345,1,1,18,1.03999996185303,1.03999996185303
03,2006-03-30,52050040,1,Definitivo,SANDONA [52050040],Pluviométrica,Convencional,Activa,Nariño,Sandoná,1.3223,-77.4792,20,9/15/1963,,Cudayari,Pacifico,Patía,Río Guáitara,2006,30,Andes,Definitivo,1,1,0,3.99800586700439,3.99800586700439,0,2.42699885368347,1.57803320884705,3.93818187713623,4.62545442581177,5,5,0.789855062961578,0.967391312122345,1,1,18,1.03999996185303,1.03999996185303
03,2017-03-30,52050040,15,Definitivo,SANDONA [52050040],Pluviométrica,Convencional,Activa,Nariño,Sandoná,1.3223,-77.4792,20,9/15/1963,,Cudayari,Pacifico,Patía,Río Guáitara,2017,30,Andes,Definitivo,15,15,0,9.2255220413208,9.2255220413208,0,21.5260257720947,4.49166059494019,3.93818187713623,4.62545442581177,5,5,0.789855062961578,0.967391312122345,1,1,18,1.03999996185303,15.5999994277954
03,2008-03-27,52050040,,"",SANDONA [52050040],Pluviométrica,Convencional,Activa,Nariño,Sandoná,1.3223,-77.4792,20,9/15/1963,,Cudayari,Pacifico,Patía,Río Guáitara,2008,27,Andes,Preliminar,0,0,0,7.58361673355103,7.58361673355103,7.3459324836731,5.38174390792847,2.55612444877625,3.93818187713623,4.62545442581177,5,5,0.789855062961578,0.967391312122345,1,1,18,1.03999996185303,0
03,2010-03-30,52050040,2,Definitivo,SANDONA [52050040],Pluviométrica,Convencional,Activa,Nariño,Sandoná,1.3223,-77.4792,20,9/15/1963,,Cudayari,Pacifico,Patía,Río Guáitara,2010,30,Andes,Definitivo,2,2,0,9.26601886749268,9.26601886749268,0,3.61951804161072,0,3.93818187713623,4.62545442581177,5,5,0.789855062961578,0.967391312122345,1,1,18,1.03999996185303,2.07999992370605
03,2012-03-31,52050040,,"",SANDONA [52050040],Pluviométrica,Convencional,Activa,Nariño,Sandoná,1.3223,-77.4792,20,9/15/1963,,Cudayari,Pacifico,Patía,Río Guáitara,2012,31,Andes,Preliminar,0,0,0,1.89317774772644,1.89317774772644,0,0.719929099082947,0,3.93818187713623,4.62545442581177,5,5,0.789855062961578,0.967391312122345,1,1,18,1.03999996185303,0
03,2023-03-30,52050040,,"",SANDONA [52050040],Pluviométrica,Convencional,Activa,Nariño,Sandoná,1.3223,-77.4792,20,9/15/1963,,Cudayari,Pacifico,Patía,Río Guáitara,2023,30,Andes,Preliminar,0,0,0,3.50781941413879,3.50781941413879,0,0.843580901622772,0,3.93818187713623,4.62545442581177,5,5,0.789855062961578,0.967391312122345,1,1,18,1.03999996185303,0
03,2023-03-29,52050040,6,En revisión,SANDONA [52050040],Pluviométrica,Convencional,Activa,Nariño,Sandoná,1.3223,-77.4792,20,9/15/1963,,Cudayari,Pacifico,Patía,Río Guáitara,2023,29,Andes,En revisión,6,6,0,6.03752136230469,6.03752136230469,9.86368560791016,8.67914295196533,17.4808464050293,3.93818187713623,4.62545442581177,5,5,0.789855062961578,0.967391312122345,1,1,18,1.03999996185303,6.23999977111816
03,2006-03-26,52050040,19,Definitivo,SANDONA [52050040],Pluviométrica,Convencional,Activa,Nariño,Sandoná,1.3223,-77.4792,20,9/15/1963,,Cudayari,Pacifico,Patía,Río Guáitara,2006,26,Andes,Definitivo,19,19,0,7.5558648109436,7.5558648109436,21.7425594329834,1.1386091709137,5.15202617645264,3.93818187713623,4.62545442581177,5,5,0.789855062961578,0.967391312122345,1,1,18,1.03999996185303,19.7599992752075
03,2020-03-31,52050040,3,En revisión,SANDONA [52050040],Pluviométrica,Convencional,Activa,Nariño,Sandoná,1.3223,-77.4792,20,9/15/1963,,Cudayari,Pacifico,Patía,Río Guáitara,2020,31,Andes,En revisión,3,3,0,1.5034738779068,1.5034738779068,0,0,0,3.93818187713623,4.62545442581177,5,5,0.789855062961578,0.967391312122345,1,1,18,1.03999996185303,3.11999988555908
03,2013-03-27,52050040,,"",SANDONA [52050040],Pluviométrica,Convencional,Activa,Nariño,Sandoná,1.3223,-77.4792,20,9/15/1963,,Cudayari,Pacifico,Patía,Río Guáitara,2013,27,Andes,Preliminar,0,0,0,6.08202362060547,6.08202362060547,2.29781651496887,1.33349931240082,10.153546333313,3.93818187713623,4.62545442581177,5,5,0.789855062961578,0.967391312122345,1,1,18,1.03999996185303,0
03,2013-03-28,52050040,,"",SANDONA [52050040],Pluviométrica,Convencional,Activa,Nariño,Sandoná,1.3223,-77.4792,20,9/15/1963,,Cudayari,Pacifico,Patía,Río Guáitara,2013,28,Andes,Preliminar,0,0,0,7.22749757766724,7.22749757766724,4.59563302993774,2.9314112663269,0.0859014093875885,3.93818187713623,4.62545442581177,5,5,0.789855062961578,0.967391312122345,1,1,18,1.03999996185303,0
03,2022-03-29,52050040,10,En revisión,SANDONA [52050040],Pluviométrica,Convencional,Activa,Nariño,Sandoná,1.3223,-77.4792,20,9/15/1963,,Cudayari,Pacifico,Patía,Río Guáitara,2022,29,Andes,En revisión,10,10,0,5.20641803741455,5.20641803741455,17.466968536377,13.1123657226563,7.19248485565186,3.93818187713623,4.62545442581177,5,5,0.789855062961578,0.967391312122345,1,1,18,1.03999996185303,10.3999996185303
03,2006-03-27,52050040,15,Definitivo,SANDONA [52050040],Pluviométrica,Convencional,Activa,Nariño,Sandoná,1.3223,-77.4792,20,9/15/1963,,Cudayari,Pacifico,Patía,Río Guáitara,2006,27,Andes,Definitivo,15,15,0,7.47333765029907,7.47333765029907,0,1.03228855133057,0.994377136230469,3.93818187713623,4.62545442581177,5,5,0.789855062961578,0.967391312122345,1,1,18,1.03999996185303,15.5999994277954
03,2005-03-31,52050040,,"",SANDONA [52050040],Pluviométrica,Convencional,Activa,Nariño,Sandoná,1.3223,-77.4792,20,9/15/1963,,Cudayari,Pacifico,Patía,Río Guáitara,2005,31,Andes,Preliminar,0,0,0,5.62885332107544,5.62885332107544,12.51047706604,2.01590132713318,2.08377027511597,3.93818187713623,4.62545442581177,5,5,0.789855062961578,0.967391312122345,1,1,18,1.03999996185303,0
03,2006-03-29,52050040,,"",SANDONA [52050040],Pluviométrica,Convencional,Activa,Nariño,Sandoná,1.3223,-77.4792,20,9/15/1963,,Cudayari,Pacifico,Patía,Río Guáitara,2006,29,Andes,Preliminar,0,0,0,2.58586621284485,2.58586621284485,0,0.474631160497665,0.0144112622365356,3.93818187713623,4.62545442581177,5,5,0.789855062961578,0.967391312122345,1,1,18,1.03999996185303,0
03,2007-03-27,52050040,20,Definitivo,SANDONA [52050040],Pluviométrica,Convencional,Activa,Nariño,Sandoná,1.3223,-77.4792,20,9/15/1963,,Cudayari,Pacifico,Patía,Río Guáitara,2007,27,Andes,Definitivo,20,20,0,6.34260845184326,6.34260845184326,0,3.78653359413147,2.19104695320129,3.93818187713623,4.62545442581177,5,5,0.789855062961578,0.967391312122345,1,1,18,1.03999996185303,20.7999992370605
03,2023-03-31,52050040,,"",SANDONA [52050040],Pluviométrica,Convencional,Activa,Nariño,Sandoná,1.3223,-77.4792,20,9/15/1963,,Cudayari,Pacifico,Patía,Río Guáitara,2023,31,Andes,Preliminar,0,0,0,5.68075799942017,5.68075799942017,4.93184280395508,4.54820442199707,0.421459585428238,3.93818187713623,4.62545442581177,5,5,0.789855062961578,0.967391312122345,1,1,18,1.03999996185303,0
03,2007-03-23,52050040,21,Definitivo,SANDONA [52050040],Pluviométrica,Convencional,Activa,Nariño,Sandoná,1.3223,-77.4792,20,9/15/1963,,Cudayari,Pacifico,Patía,Río Guáitara,2007,23,Andes,Definitivo,21,21,0,5.85056352615356,5.85056352615356,12.1926326751709,23.0713367462158,25.0507183074951,3.93818187713623,4.62545442581177,5,5,0.789855062961578,0.967391312122345,1,1,17,1.03999996185303,21.8399991989136
03,2008-03-28,52050040,1,Definitivo,SANDONA [52050040],Pluviométrica,Convencional,Activa,Nariño,Sandoná,1.3223,-77.4792,20,9/15/1963,,Cudayari,Pacifico,Patía,Río Guáitara,2008,28,Andes,Definitivo,1,1,0,10.3321027755737,10.3321027755737,14.6918649673462,3.87192869186401,0.134358271956444,3.93818187713623,4.62545442581177,5,5,0.789855062961578,0.967391312122345,1,1,18,1.03999996185303,1.03999996185303
03,2011-03-27,52050040,,"",SANDONA [52050040],Pluviométrica,Convencional,Activa,Nariño,Sandoná,1.3223,-77.4792,20,9/15/1963,,Cudayari,Pacifico,Patía,Río Guáitara,2011,27,Andes,Preliminar,0,0,0,6.32574653625488,6.32574653625488,0,1.82454776763916,0.567540585994721,3.93818187713623,4.62545442581177,5,5,0.789855062961578,0.967391312122345,1,1,18,1.03999996185303,0
03,2005-03-28,52050040,4,Definitivo,SANDONA [52050040],Pluviométrica,Convencional,Activa,Nariño,Sandoná,1.3223,-77.4792,20,9/15/1963,,Cudayari,Pacifico,Patía,Río Guáitara,2005,28,Andes,Definitivo,4,4,0,4.94464492797852,4.94464492797852,0,1.8606276512146,7.99119806289673,3.93818187713623,4.62545442581177,5,5,0.789855062961578,0.967391312122345,1,1,18,1.03999996185303,4.15999984741211
03,2022-03-30,52050040,0,En revisión,SANDONA [52050040],Pluviométrica,Convencional,Activa,Nariño,Sandoná,1.3223,-77.4792,20,9/15/1963,,Cudayari,Pacifico,Patía,Río Guáitara,2022,30,Andes,En revisión,0,0,0,6.24735307693481,6.24735307693481,17.466968536377,7.04194116592407,24.1358947753906,3.93818187713623,4.62545442581177,5,5,0.789855062961578,0.967391312122345,1,1,18,1.03999996185303,0
03,2019-03-27,52050040,,"",SANDONA [52050040],Pluviométrica,Convencional,Activa,Nariño,Sandoná,1.3223,-77.4792,20,9/15/1963,,Cudayari,Pacifico,Patía,Río Guáitara,2019,27,Andes,Preliminar,0,0,0,3.52799344062805,3.52799344062805,0,0.779716551303864,0,3.93818187713623,4.62545442581177,5,5,0.789855062961578,0.967391312122345,1,1,18,1.03999996185303,0
03,2018-03-31,52050040,32,Definitivo,SANDONA [52050040],Pluviométrica,Convencional,Activa,Nariño,Sandoná,1.3223,-77.4792,20,9/15/1963,,Cudayari,Pacifico,Patía,Río Guáitara,2018,31,Andes,Definitivo,32,32,0,25.3159198760986,25.3159198760986,31.1945056915283,11.3884840011597,37.0181388854981,3.93818187713623,4.62545442581177,5,5,0.789855062961578,0.967391312122345,1,1,18,1.03999996185303,33.2799987792969
03,2015-03-30,52050040,,"",SANDONA [52050040],Pluviométrica,Convencional,Activa,Nariño,Sandoná,1.3223,-77.4792,20,9/15/1963,,Cudayari,Pacifico,Patía,Río Guáitara,2015,30,Andes,Preliminar,0,0,0,4.89155864715576,4.89155864715576,0,4.38953495025635,1.2402970790863,3.93818187713623,4.62545442581177,5,5,0.789855062961578,0.967391312122345,1,1,18,1.03999996185303,0
03,2010-03-29,52050040,,"",SANDONA [52050040],Pluviométrica,Convencional,Activa,Nariño,Sandoná,1.3223,-77.4792,20,9/15/1963,,Cudayari,Pacifico,Patía,Río Guáitara,2010,29,Andes,Preliminar,0,0,0,6.47980737686157,6.47980737686157,2.74385929107666,1.63235819339752,0,3.93818187713623,4.62545442581177,5,5,0.789855062961578,0.967391312122345,1,1,18,1.03999996185303,0
03,2006-03-25,52050040,,"",SANDONA [52050040],Pluviométrica,Convencional,Activa,Nariño,Sandoná,1.3223,-77.4792,20,9/15/1963,,Cudayari,Pacifico,Patía,Río Guáitara,2006,25,Andes,Preliminar,0,0,0,12.4139032363892,12.4139032363892,25.0555248260498,8.63086223602295,2.42850542068481,3.93818187713623,4.62545442581177,5,5,0.789855062961578,0.967391312122345,1,1,17,1.03999996185303,0
03,2007-03-24,52050040,,"",SANDONA [52050040],Pluviométrica,Convencional,Activa,Nariño,Sandoná,1.3223,-77.4792,20,9/15/1963,,Cudayari,Pacifico,Patía,Río Guáitara,2007,24,Andes,Preliminar,0,0,0,5.89522361755371,5.89522361755371,24.3852653503418,8.47681713104248,30.8141021728516,3.93818187713623,4.62545442581177,5,5,0.789855062961578,0.967391312122345,1,1,17,1.03999996185303,0
03,2021-03-29,52050040,,"",SANDONA [52050040],Pluviométrica,Convencional,Activa,Nariño,Sandoná,1.3223,-77.4792,20,9/15/1963,,Cudayari,Pacifico,Patía,Río Guáitara,2021,29,Andes,Preliminar,0,0,0,1.5847407579422,1.5847407579422,0,4.19883489608765,1.26220381259918,3.93818187713623,4.62545442581177,5,5,0.789855062961578,0.967391312122345,1,1,18,1.03999996185303,0
03,2005-03-27,52050040,7,Definitivo,SANDONA [52050040],Pluviométrica,Convencional,Activa,Nariño,Sandoná,1.3223,-77.4792,20,9/15/1963,,Cudayari,Pacifico,Patía,Río Guáitara,2005,27,Andes,Definitivo,7,7,0,5.04339694976807,5.04339694976807,0,1.01478612422943,0.880177915096283,3.93818187713623,4.62545442581177,5,5,0.789855062961578,0.967391312122345,1,1,18,1.03999996185303,7.27999973297119
03,2017-03-31,52050040,16,Definitivo,SANDONA [52050040],Pluviométrica,Convencional,Activa,Nariño,Sandoná,1.3223,-77.4792,20,9/15/1963,,Cudayari,Pacifico,Patía,Río Guáitara,2017,31,Andes,Definitivo,16,16,0,4.55384206771851,4.55384206771851,10.2038669586182,14.1531734466553,10.9093036651611,3.93818187713623,4.62545442581177,5,5,0.789855062961578,0.967391312122345,1,1,18,1.03999996185303,16.6399993896484
03,2020-03-29,52050040,,"",SANDONA [52050040],Pluviométrica,Convencional,Activa,Nariño,Sandoná,1.3223,-77.4792,20,9/15/1963,,Cudayari,Pacifico,Patía,Río Guáitara,2020,29,Andes,Preliminar,1,1,0,1.59253370761871,1.59253370761871,0,0,0,3.93818187713623,4.62545442581177,5,5,0.789855062961578,0.967391312122345,1,1,18,1.03999996185303,1.03999996185303
03,2006-03-28,52050040,,"",SANDONA [52050040],Pluviométrica,Convencional,Activa,Nariño,Sandoná,1.3223,-77.4792,20,9/15/1963,,Cudayari,Pacifico,Patía,Río Guáitara,2006,28,Andes,Preliminar,0,0,0,1.21040558815002,1.21040558815002,0,1.25576364994049,0.0936732068657875,3.93818187713623,4.62545442581177,5,5,0.789855062961578,0.967391312122345,1,1,18,1.03999996185303,0
03,2011-03-28,52050040,,"",SANDONA [52050040],Pluviométrica,Convencional,Activa,Nariño,Sandoná,1.3223,-77.4792,20,9/15/1963,,Cudayari,Pacifico,Patía,Río Guáitara,2011,28,Andes,Preliminar,0,0,0,0.399299591779709,0.399299591779709,0,0.745610237121582,0.363877683877945,3.93818187713623,4.62545442581177,5,5,0.789855062961578,0.967391312122345,1,1,18,1.03999996185303,0
03,2018-03-30,52050040,4,Definitivo,SANDONA [52050040],Pluviométrica,Convencional,Activa,Nariño,Sandoná,1.3223,-77.4792,20,9/15/1963,,Cudayari,Pacifico,Patía,Río Guáitara,2018,30,Andes,Definitivo,4,4,0,10.8557891845703,10.8557891845703,18.716703414917,19.2797183990479,16.1961154937744,3.93818187713623,4.62545442581177,5,5,0.789855062961578,0.967391312122345,1,1,18,1.03999996185303,4.15999984741211
03,2005-03-30,52050040,4,Definitivo,SANDONA [52050040],Pluviométrica,Convencional,Activa,Nariño,Sandoná,1.3223,-77.4792,20,9/15/1963,,Cudayari,Pacifico,Patía,Río Guáitara,2005,30,Andes,Definitivo,4,4,0,3.75256943702698,3.75256943702698,0,2.88202810287476,0.155566334724426,3.93818187713623,4.62545442581177,5,5,0.789855062961578,0.967391312122345,1,1,18,1.03999996185303,4.15999984741211
03,2003-03-31,52050040,6,Definitivo,SANDONA [52050040],Pluviométrica,Convencional,Activa,Nariño,Sandoná,1.3223,-77.4792,20,9/15/1963,,Cudayari,Pacifico,Patía,Río Guáitara,2003,31,Andes,Definitivo,6,6,0,2.11970281600952,2.11970281600952,0,1.54837024211884,2.36974215507507,3.93818187713623,4.62545442581177,5,5,0.789855062961578,0.967391312122345,1,1,18,1.03999996185303,6.23999977111816
03,2004-03-28,52050040,2,Definitivo,SANDONA [52050040],Pluviométrica,Convencional,Activa,Nariño,Sandoná,1.3223,-77.4792,20,9/15/1963,,Cudayari,Pacifico,Patía,Río Guáitara,2004,28,Andes,Definitivo,2,2,0,0.462614297866821,0.462614297866821,25.5776920318604,28.1796283721924,20.465389251709,3.93818187713623,4.62545442581177,5,5,0.789855062961578,0.967391312122345,1,1,18,1.03999996185303,2.07999992370605
03,2023-03-28,52050040,11,En revisión,SANDONA [52050040],Pluviométrica,Convencional,Activa,Nariño,Sandoná,1.3223,-77.4792,20,9/15/1963,,Cudayari,Pacifico,Patía,Río Guáitara,2023,28,Andes,En revisión,11,11,0,5.52605628967285,5.52605628967285,4.93184280395508,1.44998216629028,0.411733627319336,3.93818187713623,4.62545442581177,5,5,0.789855062961578,0.967391312122345,1,1,18,1.03999996185303,11.4399995803833
03,2023-03-26,52050040,,"",SANDONA [52050040],Pluviométrica,Convencional,Activa,Nariño,Sandoná,1.3223,-77.4792,20,9/15/1963,,Cudayari,Pacifico,Patía,Río Guáitara,2023,26,Andes,Preliminar,0,0,0,3.56775259971619,3.56775259971619,0,1.82941210269928,1.16711890697479,3.93818187713623,4.62545442581177,5,5,0.789855062961578,0.967391312122345,1,1,18,1.03999996185303,0
03,2008-03-19,52050040,8,Definitivo,SANDONA [52050040],Pluviométrica,Convencional,Activa,Nariño,Sandoná,1.3223,-77.4792,20,9/15/1963,,Cudayari,Pacifico,Patía,Río Guáitara,2008,19,Andes,Definitivo,8,8,0,3.19543313980103,3.19543313980103,0,0,0,3.93818187713623,4.62545442581177,5,5,0.789855062961578,0.967391312122345,1,1,16,1.03999996185303,8.31999969482422
03,2008-03-20,52050040,2,Definitivo,SANDONA [52050040],Pluviométrica,Convencional,Activa,Nariño,Sandoná,1.3223,-77.4792,20,9/15/1963,,Cudayari,Pacifico,Patía,Río Guáitara,2008,20,Andes,Definitivo,2,2,0,4.90012454986572,4.90012454986572,0,0,0,3.93818187713623,4.62545442581177,5,5,0.789855062961578,0.967391312122345,1,1,16,1.03999996185303,2.07999992370605
03,2009-03-26,52050040,0,Definitivo,SANDONA [52050040],Pluviométrica,Convencional,Activa,Nariño,Sandoná,1.3223,-77.4792,20,9/15/1963,,Cudayari,Pacifico,Patía,Río Guáitara,2009,26,Andes,Definitivo,0,0,0,7.92514610290527,7.92514610290527,0,6.46136999130249,9.04397201538086,3.93818187713623,4.62545442581177,5,5,0.789855062961578,0.967391312122345,1,1,18,1.03999996185303,0
03,2016-03-26,52050040,,"",SANDONA [52050040],Pluviométrica,Convencional,Activa,Nariño,Sandoná,1.3223,-77.4792,20,9/15/1963,,Cudayari,Pacifico,Patía,Río Guáitara,2016,26,Andes,Preliminar,0,0,0,3.38006734848022,3.38006734848022,0,1.35828125476837,0,3.93818187713623,4.62545442581177,5,5,0.789855062961578,0.967391312122345,1,1,18,1.03999996185303,0
03,2015-03-31,52050040,,"",SANDONA [52050040],Pluviométrica,Convencional,Activa,Nariño,Sandoná,1.3223,-77.4792,20,9/15/1963,,Cudayari,Pacifico,Patía,Río Guáitara,2015,31,Andes,Preliminar,0,0,0,2.47209548950195,2.47209548950195,0,2.62937140464783,0.895137846469879,3.93818187713623,4.62545442581177,5,5,0.789855062961578,0.967391312122345,1,1,18,1.03999996185303,0
03,2022-03-31,52050040,8,En revisión,SANDONA [52050040],Pluviométrica,Convencional,Activa,Nariño,Sandoná,1.3223,-77.4792,20,9/15/1963,,Cudayari,Pacifico,Patía,Río Guáitara,2022,31,Andes,En revisión,8,8,0,6.92989683151245,6.92989683151245,0,7.08601379394531,1.07542371749878,3.93818187713623,4.62545442581177,5,5,0.789855062961578,0.967391312122345,1,1,18,1.03999996185303,8.31999969482422
03,2013-03-31,52050040,,"",SANDONA [52050040],Pluviométrica,Convencional,Activa,Nariño,Sandoná,1.3223,-77.4792,20,9/15/1963,,Cudayari,Pacifico,Patía,Río Guáitara,2013,31,Andes,Preliminar,0,0,0,3.01519584655762,3.01519584655762,0,0.651606559753418,0.177529588341713,3.93818187713623,4.62545442581177,5,5,0.789855062961578,0.967391312122345,1,1,18,1.03999996185303,0
03,2007-03-31,52050040,,"",SANDONA [52050040],Pluviométrica,Convencional,Activa,Nariño,Sandoná,1.3223,-77.4792,20,9/15/1963,,Cudayari,Pacifico,Patía,Río Guáitara,2007,31,Andes,Preliminar,0,0,0,2.26243114471436,2.26243114471436,39.9114723205566,7.90082550048828,3.28027415275574,3.93818187713623,4.62545442581177,5,5,0.789855062961578,0.967391312122345,1,1,18,1.03999996185303,0
03,2012-03-27,52050040,,"",SANDONA [52050040],Pluviométrica,Convencional,Activa,Nariño,Sandoná,1.3223,-77.4792,20,9/15/1963,,Cudayari,Pacifico,Patía,Río Guáitara,2012,27,Andes,Preliminar,0,0,0,8.15591907501221,8.15591907501221,19.5507640838623,6.25537300109863,1.11861991882324,3.93818187713623,4.62545442581177,5,5,0.789855062961578,0.967391312122345,1,1,18,1.03999996185303,0
03,2017-03-26,52050040,4,Definitivo,SANDONA [52050040],Pluviométrica,Convencional,Activa,Nariño,Sandoná,1.3223,-77.4792,20,9/15/1963,,Cudayari,Pacifico,Patía,Río Guáitara,2017,26,Andes,Definitivo,4,4,0,5.66046237945557,5.66046237945557,10.2038669586182,16.57301902771,33.5977096557617,3.93818187713623,4.62545442581177,5,5,0.789855062961578,0.967391312122345,1,1,18,1.03999996185303,4.15999984741211
03,2019-03-28,52050040,1,Definitivo,SANDONA [52050040],Pluviométrica,Convencional,Activa,Nariño,Sandoná,1.3223,-77.4792,20,9/15/1963,,Cudayari,Pacifico,Patía,Río Guáitara,2019,28,Andes,Definitivo,1,1,0,4.13710355758667,4.13710355758667,7.09281253814697,1.52747321128845,3.67670941352844,3.93818187713623,4.62545442581177,5,5,0.789855062961578,0.967391312122345,1,1,18,1.03999996185303,1.03999996185303
03,2005-03-26,52050040,,"",SANDONA [52050040],Pluviométrica,Convencional,Activa,Nariño,Sandoná,1.3223,-77.4792,20,9/15/1963,,Cudayari,Pacifico,Patía,Río Guáitara,2005,26,Andes,Preliminar,0,0,0,4.98696708679199,4.98696708679199,0,3.71280217170715,0.339789658784866,3.93818187713623,4.62545442581177,5,5,0.789855062961578,0.967391312122345,1,1,18,1.03999996185303,0
03,2006-03-24,52050040,0,Definitivo,SANDONA [52050040],Pluviométrica,Convencional,Activa,Nariño,Sandoná,1.3223,-77.4792,20,9/15/1963,,Cudayari,Pacifico,Patía,Río Guáitara,2006,24,Andes,Definitivo,0,0,0,5.77714967727661,5.77714967727661,0,5.73816061019898,12.1814861297607,3.93818187713623,4.62545442581177,5,5,0.789855062961578,0.967391312122345,1,1,17,1.03999996185303,0
03,2023-03-23,52050040,2,En revisión,SANDONA [52050040],Pluviométrica,Convencional,Activa,Nariño,Sandoná,1.3223,-77.4792,20,9/15/1963,,Cudayari,Pacifico,Patía,Río Guáitara,2023,23,Andes,En revisión,2,2,0,2.50642251968384,2.50642251968384,11.1373748779297,5.12956523895264,3.00562310218811,3.93818187713623,4.62545442581177,5,5,0.789855062961578,0.967391312122345,1,1,17,1.03999996185303,2.07999992370605
03,2021-03-23,52050040,7,En revisión,SANDONA [52050040],Pluviométrica,Convencional,Activa,Nariño,Sandoná,1.3223,-77.4792,20,9/15/1963,,Cudayari,Pacifico,Patía,Río Guáitara,2021,23,Andes,En revisión,7,7,0,2.7928409576416,2.7928409576416,0,0.932588338851929,2.47085022926331,3.93818187713623,4.62545442581177,5,5,0.789855062961578,0.967391312122345,1,1,17,1.03999996185303,7.27999973297119
03,2007-03-25,52050040,3,Definitivo,SANDONA [52050040],Pluviométrica,Convencional,Activa,Nariño,Sandoná,1.3223,-77.4792,20,9/15/1963,,Cudayari,Pacifico,Patía,Río Guáitara,2007,25,Andes,Definitivo,3,3,0,5.39502239227295,5.39502239227295,0,3.91460084915161,0.0645637139678001,3.93818187713623,4.62545442581177,5,5,0.789855062961578,0.967391312122345,1,1,17,1.03999996185303,3.11999988555908
03,2009-03-27,52050040,8,Definitivo,SANDONA [52050040],Pluviométrica,Convencional,Activa,Nariño,Sandoná,1.3223,-77.4792,20,9/15/1963,,Cudayari,Pacifico,Patía,Río Guáitara,2009,27,Andes,Definitivo,8,8,0,4.87344312667847,4.87344312667847,9.27999496459961,7.44452953338623,0.0449389889836311,3.93818187713623,4.62545442581177,5,5,0.789855062961578,0.967391312122345,1,1,18,1.03999996185303,8.31999969482422
03,2011-03-29,52050040,,"",SANDONA [52050040],Pluviométrica,Convencional,Activa,Nariño,Sandoná,1.3223,-77.4792,20,9/15/1963,,Cudayari,Pacifico,Patía,Río Guáitara,2011,29,Andes,Preliminar,0,0,0,5.33800411224365,5.33800411224365,0,0.655071318149567,0.548532068729401,3.93818187713623,4.62545442581177,5,5,0.789855062961578,0.967391312122345,1,1,18,1.03999996185303,0
03,2018-03-29,52050040,6,Definitivo,SANDONA [52050040],Pluviométrica,Convencional,Activa,Nariño,Sandoná,1.3223,-77.4792,20,9/15/1963,,Cudayari,Pacifico,Patía,Río Guáitara,2018,29,Andes,Definitivo,6,6,0,14.9154605865479,14.9154605865479,24.9556045532227,11.549168586731,6.72065162658691,3.93818187713623,4.62545442581177,5,5,0.789855062961578,0.967391312122345,1,1,18,1.03999996185303,6.23999977111816
03,2020-03-30,52050040,5,En revisión,SANDONA [52050040],Pluviométrica,Convencional,Activa,Nariño,Sandoná,1.3223,-77.4792,20,9/15/1963,,Cudayari,Pacifico,Patía,Río Guáitara,2020,30,Andes,En revisión,5,5,0,0.683442533016205,0.683442533016205,0,0,0,3.93818187713623,4.62545442581177,5,5,0.789855062961578,0.967391312122345,1,1,18,1.03999996185303,5.19999980926514
03,2014-03-28,52050040,,"",SANDONA [52050040],Pluviométrica,Convencional,Activa,Nariño,Sandoná,1.3223,-77.4792,20,9/15/1963,,Cudayari,Pacifico,Patía,Río Guáitara,2014,28,Andes,Preliminar,0,0,0,5.54046630859375,5.54046630859375,0,3.8635995388031,0.193789333105087,3.93818187713623,4.62545442581177,5,5,0.789855062961578,0.967391312122345,1,1,18,1.03999996185303,0
03,2005-03-29,52050040,5,Definitivo,SANDONA [52050040],Pluviométrica,Convencional,Activa,Nariño,Sandoná,1.3223,-77.4792,20,9/15/1963,,Cudayari,Pacifico,Patía,Río Guáitara,2005,29,Andes,Definitivo,5,5,0,4.30981159210205,4.30981159210205,12.51047706604,3.89036107063293,3.92600321769714,3.93818187713623,4.62545442581177,5,5,0.789855062961578,0.967391312122345,1,1,18,1.03999996185303,5.19999980926514
03,2003-03-30,52050040,8,Definitivo,SANDONA [52050040],Pluviométrica,Convencional,Activa,Nariño,Sandoná,1.3223,-77.4792,20,9/15/1963,,Cudayari,Pacifico,Patía,Río Guáitara,2003,30,Andes,Definitivo,8,8,0,7.03870820999146,7.03870820999146,0,1.01326775550842,0.00886121671646833,3.93818187713623,4.62545442581177,5,5,0.789855062961578,0.967391312122345,1,1,18,1.03999996185303,8.31999969482422
03,2004-03-27,52050040,30,Definitivo,SANDONA [52050040],Pluviométrica,Convencional,Activa,Nariño,Sandoná,1.3223,-77.4792,20,9/15/1963,,Cudayari,Pacifico,Patía,Río Guáitara,2004,27,Andes,Definitivo,30,30,0,6.89051818847656,6.89051818847656,38.3665351867676,13.2180938720703,24.0528755187988,3.93818187713623,4.62545442581177,5,5,0.789855062961578,0.967391312122345,1,1,18,1.03999996185303,31.1999988555908
03,2019-03-29,52050040,8,Definitivo,SANDONA [52050040],Pluviométrica,Convencional,Activa,Nariño,Sandoná,1.3223,-77.4792,20,9/15/1963,,Cudayari,Pacifico,Patía,Río Guáitara,2019,29,Andes,Definitivo,8,8,0,6.94531965255737,6.94531965255737,0,3.40564203262329,5.37164640426636,3.93818187713623,4.62545442581177,5,5,0.789855062961578,0.967391312122345,1,1,18,1.03999996185303,8.31999969482422
03,2021-03-30,52050040,,"",SANDONA [52050040],Pluviométrica,Convencional,Activa,Nariño,Sandoná,1.3223,-77.4792,20,9/15/1963,,Cudayari,Pacifico,Patía,Río Guáitara,2021,30,Andes,Preliminar,0,0,0,1.85042321681976,1.85042321681976,0,2.36325931549072,1.56092572212219,3.93818187713623,4.62545442581177,5,5,0.789855062961578,0.967391312122345,1,1,18,1.03999996185303,0
03,2007-03-22,52050040,45,Definitivo,SANDONA [52050040],Pluviométrica,Convencional,Activa,Nariño,Sandoná,1.3223,-77.4792,20,9/15/1963,,Cudayari,Pacifico,Patía,Río Guáitara,2007,22,Andes,Definitivo,45,45,0,6.74377870559692,6.74377870559692,24.3852653503418,10.015814781189,1.83791351318359,3.93818187713623,4.62545442581177,5,5,0.789855062961578,0.967391312122345,1,1,17,1.03999996185303,46.7999982833862
03,2009-03-16,52050040,20,Definitivo,SANDONA [52050040],Pluviométrica,Convencional,Activa,Nariño,Sandoná,1.3223,-77.4792,20,9/15/1963,,Cudayari,Pacifico,Patía,Río Guáitara,2009,16,Andes,Definitivo,20,20,0,3.27429175376892,3.27429175376892,0,5.14277219772339,0.953150928020477,3.93818187713623,4.62545442581177,5,5,0.789855062961578,0.967391312122345,1,1,16,1.03999996185303,20.7999992370605
03,2009-03-17,52050040,11,Definitivo,SANDONA [52050040],Pluviométrica,Convencional,Activa,Nariño,Sandoná,1.3223,-77.4792,20,9/15/1963,,Cudayari,Pacifico,Patía,Río Guáitara,2009,17,Andes,Definitivo,11,11,0,4.45099020004272,4.45099020004272,47.7611274719238,10.8804416656494,7.88027620315552,3.93818187713623,4.62545442581177,5,5,0.789855062961578,0.967391312122345,1,1,16,1.03999996185303,11.4399995803833
03,2007-03-26,52050040,,"",SANDONA [52050040],Pluviométrica,Convencional,Activa,Nariño,Sandoná,1.3223,-77.4792,20,9/15/1963,,Cudayari,Pacifico,Patía,Río Guáitara,2007,26,Andes,Preliminar,0,0,0,4.57947254180908,4.57947254180908,0,2.83550667762756,0,3.93818187713623,4.62545442581177,5,5,0.789855062961578,0.967391312122345,1,1,18,1.03999996185303,0
03,2010-03-24,52050040,3,Definitivo,SANDONA [52050040],Pluviométrica,Convencional,Activa,Nariño,Sandoná,1.3223,-77.4792,20,9/15/1963,,Cudayari,Pacifico,Patía,Río Guáitara,2010,24,Andes,Definitivo,3,3,0,0.265603542327881,0.265603542327881,0,0.312114417552948,1.26056218147278,3.93818187713623,4.62545442581177,5,5,0.789855062961578,0.967391312122345,1,1,17,1.03999996185303,3.11999988555908
03,2016-03-27,52050040,22,Definitivo,SANDONA [52050040],Pluviométrica,Convencional,Activa,Nariño,Sandoná,1.3223,-77.4792,20,9/15/1963,,Cudayari,Pacifico,Patía,Río Guáitara,2016,27,Andes,Definitivo,22,22,0,3.82921457290649,3.82921457290649,0,4.32253885269165,1.200603723526,3.93818187713623,4.62545442581177,5,5,0.789855062961578,0.967391312122345,1,1,18,1.03999996185303,22.8799991607666
03,2016-03-28,52050040,4,Definitivo,SANDONA [52050040],Pluviométrica,Convencional,Activa,Nariño,Sandoná,1.3223,-77.4792,20,9/15/1963,,Cudayari,Pacifico,Patía,Río Guáitara,2016,28,Andes,Definitivo,4,4,0,6.89010667800903,6.89010667800903,0,5.59830141067505,12.5790529251099,3.93818187713623,4.62545442581177,5,5,0.789855062961578,0.967391312122345,1,1,18,1.03999996185303,4.15999984741211
03,2007-03-30,52050040,11,Definitivo,SANDONA [52050040],Pluviométrica,Convencional,Activa,Nariño,Sandoná,1.3223,-77.4792,20,9/15/1963,,Cudayari,Pacifico,Patía,Río Guáitara,2007,30,Andes,Definitivo,11,11,0,3.94755244255066,3.94755244255066,0,3.41219449043274,0.358878374099731,3.93818187713623,4.62545442581177,5,5,0.789855062961578,0.967391312122345,1,1,18,1.03999996185303,11.4399995803833
03,2010-03-26,52050040,,"",SANDONA [52050040],Pluviométrica,Convencional,Activa,Nariño,Sandoná,1.3223,-77.4792,20,9/15/1963,,Cudayari,Pacifico,Patía,Río Guáitara,2010,26,Andes,Preliminar,0,0,0,5.06001424789429,5.06001424789429,8.23157787322998,2.42243838310242,16.196813583374,3.93818187713623,4.62545442581177,5,5,0.789855062961578,0.967391312122345,1,1,18,1.03999996185303,0
03,2013-03-24,52050040,3,Definitivo,SANDONA [52050040],Pluviométrica,Convencional,Activa,Nariño,Sandoná,1.3223,-77.4792,20,9/15/1963,,Cudayari,Pacifico,Patía,Río Guáitara,2013,24,Andes,Definitivo,3,3,0,6.00472116470337,6.00472116470337,7.67980813980103,4.52654838562012,0.740528106689453,3.93818187713623,4.62545442581177,5,5,0.789855062961578,0.967391312122345,1,1,17,1.03999996185303,3.11999988555908
03,2012-03-28,52050040,2,Definitivo,SANDONA [52050040],Pluviométrica,Convencional,Activa,Nariño,Sandoná,1.3223,-77.4792,20,9/15/1963,,Cudayari,Pacifico,Patía,Río Guáitara,2012,28,Andes,Definitivo,2,2,0,2.45481181144714,2.45481181144714,0,2.1080904006958,3.3681526184082,3.93818187713623,4.62545442581177,5,5,0.789855062961578,0.967391312122345,1,1,18,1.03999996185303,2.07999992370605
03,2005-03-25,52050040,,"",SANDONA [52050040],Pluviométrica,Convencional,Activa,Nariño,Sandoná,1.3223,-77.4792,20,9/15/1963,,Cudayari,Pacifico,Patía,Río Guáitara,2005,25,Andes,Preliminar,0,0,0,4.4445948600769,4.4445948600769,0,2.92953372001648,0.711034178733826,3.93818187713623,4.62545442581177,5,5,0.789855062961578,0.967391312122345,1,1,17,1.03999996185303,0
03,2006-03-23,52050040,2,Definitivo,SANDONA [52050040],Pluviométrica,Convencional,Activa,Nariño,Sandoná,1.3223,-77.4792,20,9/15/1963,,Cudayari,Pacifico,Patía,Río Guáitara,2006,23,Andes,Definitivo,2,2,0,6.3114972114563,6.3114972114563,12.5277624130249,4.87320327758789,9.78220176696777,3.93818187713623,4.62545442581177,5,5,0.789855062961578,0.967391312122345,1,1,17,1.03999996185303,2.07999992370605
03,2021-03-28,52050040,,"",SANDONA [52050040],Pluviométrica,Convencional,Activa,Nariño,Sandoná,1.3223,-77.4792,20,9/15/1963,,Cudayari,Pacifico,Patía,Río Guáitara,2021,28,Andes,Preliminar,0,0,0,2.43205189704895,2.43205189704895,51.1015968322754,5.00749588012695,5.50320911407471,3.93818187713623,4.62545442581177,5,5,0.789855062961578,0.967391312122345,1,1,18,1.03999996185303,0
03,2023-03-25,52050040,0,En revisión,SANDONA [52050040],Pluviométrica,Convencional,Activa,Nariño,Sandoná,1.3223,-77.4792,20,9/15/1963,,Cudayari,Pacifico,Patía,Río Guáitara,2023,25,Andes,En revisión,0,0,0,3.55904364585876,3.55904364585876,0,4.25386714935303,7.60270595550537,3.93818187713623,4.62545442581177,5,5,0.789855062961578,0.967391312122345,1,1,17,1.03999996185303,0
03,2023-03-22,52050040,3,En revisión,SANDONA [52050040],Pluviométrica,Convencional,Activa,Nariño,Sandoná,1.3223,-77.4792,20,9/15/1963,,Cudayari,Pacifico,Patía,Río Guáitara,2023,22,Andes,En revisión,3,3,0,2.84420919418335,2.84420919418335,0,4.00038146972656,6.69932985305786,3.93818187713623,4.62545442581177,5,5,0.789855062961578,0.967391312122345,1,1,17,1.03999996185303,3.11999988555908
03,2008-03-21,52050040,1,Definitivo,SANDONA [52050040],Pluviométrica,Convencional,Activa,Nariño,Sandoná,1.3223,-77.4792,20,9/15/1963,,Cudayari,Pacifico,Patía,Río Guáitara,2008,21,Andes,Definitivo,1,1,0,3.72068953514099,3.72068953514099,0,1.70377218723297,2.85168194770813,3.93818187713623,4.62545442581177,5,5,0.789855062961578,0.967391312122345,1,1,17,1.03999996185303,1.03999996185303
03,2008-03-22,52050040,,"",SANDONA [52050040],Pluviométrica,Convencional,Activa,Nariño,Sandoná,1.3223,-77.4792,20,9/15/1963,,Cudayari,Pacifico,Patía,Río Guáitara,2008,22,Andes,Preliminar,0,0,0,3.90367364883423,3.90367364883423,0,1.36736595630646,2.58448123931885,3.93818187713623,4.62545442581177,5,5,0.789855062961578,0.967391312122345,1,1,17,1.03999996185303,0
03,2009-03-28,52050040,37,Definitivo,SANDONA [52050040],Pluviométrica,Convencional,Activa,Nariño,Sandoná,1.3223,-77.4792,20,9/15/1963,,Cudayari,Pacifico,Patía,Río Guáitara,2009,28,Andes,Definitivo,37,37,0,8.7373857498169,8.7373857498169,0,16.410228729248,4.94609689712524,3.93818187713623,4.62545442581177,5,5,0.789855062961578,0.967391312122345,1,1,18,1.03999996185303,38.479998588562
03,2014-03-27,52050040,,"",SANDONA [52050040],Pluviométrica,Convencional,Activa,Nariño,Sandoná,1.3223,-77.4792,20,9/15/1963,,Cudayari,Pacifico,Patía,Río Guáitara,2014,27,Andes,Preliminar,0,0,0,3.97842407226563,3.97842407226563,9.71503067016602,2.12905836105347,10.182183265686,3.93818187713623,4.62545442581177,5,5,0.789855062961578,0.967391312122345,1,1,18,1.03999996185303,0
03,2012-03-26,52050040,10,Definitivo,SANDONA [52050040],Pluviométrica,Convencional,Activa,Nariño,Sandoná,1.3223,-77.4792,20,9/15/1963,,Cudayari,Pacifico,Patía,Río Guáitara,2012,26,Andes,Definitivo,10,10,0,9.8370943069458,9.8370943069458,0,2.18298268318176,6.17084884643555,3.93818187713623,4.62545442581177,5,5,0.789855062961578,0.967391312122345,1,1,18,1.03999996185303,10.3999996185303
03,2023-03-11,52050040,9,En revisión,SANDONA [52050040],Pluviométrica,Convencional,Activa,Nariño,Sandoná,1.3223,-77.4792,20,9/15/1963,,Cudayari,Pacifico,Patía,Río Guáitara,2023,11,Andes,En revisión,9,9,0,13.7833395004272,13.7833395004272,39.3370056152344,41.125659942627,21.370943069458,3.93818187713623,4.62545442581177,5,5,0.789855062961578,0.967391312122345,1,1,15,1.03999996185303,9.35999965667725
03,2022-03-12,52050040,,"",SANDONA [52050040],Pluviométrica,Convencional,Activa,Nariño,Sandoná,1.3223,-77.4792,20,9/15/1963,,Cudayari,Pacifico,Patía,Río Guáitara,2022,12,Andes,Preliminar,0,0,0,8.06202220916748,8.06202220916748,8.24371337890625,5.02615404129028,0.46206322312355,3.93818187713623,4.62545442581177,5,5,0.789855062961578,0.967391312122345,1,1,15,1.03999996185303,0
03,2023-03-10,52050040,4,En revisión,SANDONA [52050040],Pluviométrica,Convencional,Activa,Nariño,Sandoná,1.3223,-77.4792,20,9/15/1963,,Cudayari,Pacifico,Patía,Río Guáitara,2023,10,Andes,En revisión,4,4,0,5.36069345474243,5.36069345474243,14.5184020996094,1.9606614112854,5.99247074127197,3.93818187713623,4.62545442581177,5,5,0.789855062961578,0.967391312122345,1,1,14,1.03999996185303,4.15999984741211
03,2017-03-27,52050040,,"",SANDONA [52050040],Pluviométrica,Convencional,Activa,Nariño,Sandoná,1.3223,-77.4792,20,9/15/1963,,Cudayari,Pacifico,Patía,Río Guáitara,2017,27,Andes,Preliminar,0,0,0,6.89498043060303,6.89498043060303,10.2038669586182,2.29208588600159,10.5802516937256,3.93818187713623,4.62545442581177,5,5,0.789855062961578,0.967391312122345,1,1,18,1.03999996185303,0
03,2017-03-28,52050040,0,Definitivo,SANDONA [52050040],Pluviométrica,Convencional,Activa,Nariño,Sandoná,1.3223,-77.4792,20,9/15/1963,,Cudayari,Pacifico,Patía,Río Guáitara,2017,28,Andes,Definitivo,0,0,0,24.6907978057861,24.6907978057861,10.2038669586182,4.04542541503906,4.02684640884399,3.93818187713623,4.62545442581177,5,5,0.789855062961578,0.967391312122345,1,1,18,1.03999996185303,0
03,2007-03-21,52050040,,"",SANDONA [52050040],Pluviométrica,Convencional,Activa,Nariño,Sandoná,1.3223,-77.4792,20,9/15/1963,,Cudayari,Pacifico,Patía,Río Guáitara,2007,21,Andes,Preliminar,0,0,0,5.77017307281494,5.77017307281494,12.1926326751709,12.2887315750122,0,3.93818187713623,4.62545442581177,5,5,0.789855062961578,0.967391312122345,1,1,17,1.03999996185303,0
03,2008-03-18,52050040,,"",SANDONA [52050040],Pluviométrica,Convencional,Activa,Nariño,Sandoná,1.3223,-77.4792,20,9/15/1963,,Cudayari,Pacifico,Patía,Río Guáitara,2008,18,Andes,Preliminar,0,0,0,3.36797308921814,3.36797308921814,0,0,0,3.93818187713623,4.62545442581177,5,5,0.789855062961578,0.967391312122345,1,1,16,1.03999996185303,0
03,2010-03-13,52050040,,"",SANDONA [52050040],Pluviométrica,Convencional,Activa,Nariño,Sandoná,1.3223,-77.4792,20,9/15/1963,,Cudayari,Pacifico,Patía,Río Guáitara,2010,13,Andes,Preliminar,0,0,0,5.49298334121704,5.49298334121704,0,2.87576055526733,0.148749843239784,3.93818187713623,4.62545442581177,5,5,0.789855062961578,0.967391312122345,1,1,15,1.03999996185303,0
03,2021-03-20,52050040,,"",SANDONA [52050040],Pluviométrica,Convencional,Activa,Nariño,Sandoná,1.3223,-77.4792,20,9/15/1963,,Cudayari,Pacifico,Patía,Río Guáitara,2021,20,Andes,Preliminar,0,0,0,8.44661045074463,8.44661045074463,16.0807075500488,7.40179586410523,4.43136215209961,3.93818187713623,4.62545442581177,5,5,0.789855062961578,0.967391312122345,1,1,16,1.03999996185303,0
03,2023-03-18,52050040,0,En revisión,SANDONA [52050040],Pluviométrica,Convencional,Activa,Nariño,Sandoná,1.3223,-77.4792,20,9/15/1963,,Cudayari,Pacifico,Patía,Río Guáitara,2023,18,Andes,En revisión,0,0,0,4.59278440475464,4.59278440475464,12.2869720458984,9.2343921661377,19.1466674804688,3.93818187713623,4.62545442581177,5,5,0.789855062961578,0.967391312122345,1,1,16,1.03999996185303,0
03,2008-03-23,52050040,2,Definitivo,SANDONA [52050040],Pluviométrica,Convencional,Activa,Nariño,Sandoná,1.3223,-77.4792,20,9/15/1963,,Cudayari,Pacifico,Patía,Río Guáitara,2008,23,Andes,Definitivo,2,2,0,5.45294523239136,5.45294523239136,6.31882524490356,2.05273509025574,0.631147801876068,3.93818187713623,4.62545442581177,5,5,0.789855062961578,0.967391312122345,1,1,17,1.03999996185303,2.07999992370605
03,2010-03-25,52050040,,"",SANDONA [52050040],Pluviométrica,Convencional,Activa,Nariño,Sandoná,1.3223,-77.4792,20,9/15/1963,,Cudayari,Pacifico,Patía,Río Guáitara,2010,25,Andes,Preliminar,0,0,0,2.59406113624573,2.59406113624573,0,1.18353378772736,0,3.93818187713623,4.62545442581177,5,5,0.789855062961578,0.967391312122345,1,1,17,1.03999996185303,0
03,2004-03-31,52050040,,"",SANDONA [52050040],Pluviométrica,Convencional,Activa,Nariño,Sandoná,1.3223,-77.4792,20,9/15/1963,,Cudayari,Pacifico,Patía,Río Guáitara,2004,31,Andes,Preliminar,,,1,7.69400691986084,7.69400691986084,0,3.92949342727661,0,3.93818187713623,4.62545442581177,5,5,0.789855062961578,0.967391312122345,1,1,18,1.03999996185303,
03,2002-03-31,52050040,12,Definitivo,SANDONA [52050040],Pluviométrica,Convencional,Activa,Nariño,Sandoná,1.3223,-77.4792,20,9/15/1963,,Cudayari,Pacifico,Patía,Río Guáitara,2002,31,Andes,Definitivo,12,12,0,0.737993121147156,0.737993121147156,9.01495742797852,0.490393877029419,11.3330507278442,3.93818187713623,4.62545442581177,5,5,0.789855062961578,0.967391312122345,1,1,18,1.03999996185303,12.4799995422363
03,2003-03-29,52050040,,"",SANDONA [52050040],Pluviométrica,Convencional,Activa,Nariño,Sandoná,1.3223,-77.4792,20,9/15/1963,,Cudayari,Pacifico,Patía,Río Guáitara,2003,29,Andes,Preliminar,0,0,0,1.31065595149994,1.31065595149994,0,1.31162095069885,0.456985533237457,3.93818187713623,4.62545442581177,5,5,0.789855062961578,0.967391312122345,1,1,18,1.03999996185303,0
03,2004-03-26,52050040,3,Definitivo,SANDONA [52050040],Pluviométrica,Convencional,Activa,Nariño,Sandoná,1.3223,-77.4792,20,9/15/1963,,Cudayari,Pacifico,Patía,Río Guáitara,2004,26,Andes,Definitivo,3,3,0,14.4384355545044,14.4384355545044,22.3804798126221,9.39048290252686,11.5307559967041,3.93818187713623,4.62545442581177,5,5,0.789855062961578,0.967391312122345,1,1,18,1.03999996185303,3.11999988555908
03,2005-03-24,52050040,,"",SANDONA [52050040],Pluviométrica,Convencional,Activa,Nariño,Sandoná,1.3223,-77.4792,20,9/15/1963,,Cudayari,Pacifico,Patía,Río Guáitara,2005,24,Andes,Preliminar,0,0,0,5.06231832504273,5.06231832504273,0,2.40941381454468,0.285451680421829,3.93818187713623,4.62545442581177,5,5,0.789855062961578,0.967391312122345,1,1,17,1.03999996185303,0
03,2006-03-22,52050040,4,Definitivo,SANDONA [52050040],Pluviométrica,Convencional,Activa,Nariño,Sandoná,1.3223,-77.4792,20,9/15/1963,,Cudayari,Pacifico,Patía,Río Guáitara,2006,22,Andes,Definitivo,4,4,0,3.3377366065979,3.3377366065979,0,5.17367267608643,2.47395873069763,3.93818187713623,4.62545442581177,5,5,0.789855062961578,0.967391312122345,1,1,17,1.03999996185303,4.15999984741211
03,2022-03-27,52050040,8,En revisión,SANDONA [52050040],Pluviométrica,Convencional,Activa,Nariño,Sandoná,1.3223,-77.4792,20,9/15/1963,,Cudayari,Pacifico,Patía,Río Guáitara,2022,27,Andes,En revisión,8,8,0,11.7571535110474,11.7571535110474,8.73348426818848,8.57735633850098,16.2693119049072,3.93818187713623,4.62545442581177,5,5,0.789855062961578,0.967391312122345,1,1,18,1.03999996185303,8.31999969482422
03,2023-03-27,52050040,,"",SANDONA [52050040],Pluviométrica,Convencional,Activa,Nariño,Sandoná,1.3223,-77.4792,20,9/15/1963,,Cudayari,Pacifico,Patía,Río Guáitara,2023,27,Andes,Preliminar,0,0,0,4.77403783798218,4.77403783798218,4.93184280395508,2.43234276771545,0.301505744457245,3.93818187713623,4.62545442581177,5,5,0.789855062961578,0.967391312122345,1,1,18,1.03999996185303,0
03,2022-03-26,52050040,,"",SANDONA [52050040],Pluviométrica,Convencional,Activa,Nariño,Sandoná,1.3223,-77.4792,20,9/15/1963,,Cudayari,Pacifico,Patía,Río Guáitara,2022,26,Andes,Preliminar,4,4,0,13.612886428833,13.612886428833,8.73348426818848,12.4515323638916,0.288451850414276,3.93818187713623,4.62545442581177,5,5,0.789855062961578,0.967391312122345,1,1,18,1.03999996185303,4.15999984741211
03,2010-03-14,52050040,,"",SANDONA [52050040],Pluviométrica,Convencional,Activa,Nariño,Sandoná,1.3223,-77.4792,20,9/15/1963,,Cudayari,Pacifico,Patía,Río Guáitara,2010,14,Andes,Preliminar,0,0,0,3.9560170173645,3.9560170173645,1.75637018680573,0.895988821983337,0.0179525651037693,3.93818187713623,4.62545442581177,5,5,0.789855062961578,0.967391312122345,1,1,15,1.03999996185303,0
03,2009-03-18,52050040,9,Definitivo,SANDONA [52050040],Pluviométrica,Convencional,Activa,Nariño,Sandoná,1.3223,-77.4792,20,9/15/1963,,Cudayari,Pacifico,Patía,Río Guáitara,2009,18,Andes,Definitivo,9,9,0,5.2695631980896,5.2695631980896,0,15.8304290771484,3.19506907463074,3.93818187713623,4.62545442581177,5,5,0.789855062961578,0.967391312122345,1,1,16,1.03999996185303,9.35999965667725
03,2023-03-15,52050040,3,En revisión,SANDONA [52050040],Pluviométrica,Convencional,Activa,Nariño,Sandoná,1.3223,-77.4792,20,9/15/1963,,Cudayari,Pacifico,Patía,Río Guáitara,2023,15,Andes,En revisión,3,3,0,11.6641635894775,11.6641635894775,26.2246704101563,7.48461389541626,21.5058441162109,3.93818187713623,4.62545442581177,5,5,0.789855062961578,0.967391312122345,1,1,15,1.03999996185303,3.11999988555908
03,2023-03-12,52050040,1,En revisión,SANDONA [52050040],Pluviométrica,Convencional,Activa,Nariño,Sandoná,1.3223,-77.4792,20,9/15/1963,,Cudayari,Pacifico,Patía,Río Guáitara,2023,12,Andes,En revisión,1,1,0,22.5285091400147,22.5285091400147,6.55616760253906,5.51476907730103,7.75171232223511,3.93818187713623,4.62545442581177,5,5,0.789855062961578,0.967391312122345,1,1,15,1.03999996185303,1.03999996185303
03,2008-03-24,52050040,,"",SANDONA [52050040],Pluviométrica,Convencional,Activa,Nariño,Sandoná,1.3223,-77.4792,20,9/15/1963,,Cudayari,Pacifico,Patía,Río Guáitara,2008,24,Andes,Preliminar,0,0,0,2.1470205783844,2.1470205783844,3.15941262245178,1.15979957580566,1.06419813632965,3.93818187713623,4.62545442581177,5,5,0.789855062961578,0.967391312122345,1,1,17,1.03999996185303,0
03,2009-03-21,52050040,5,Definitivo,SANDONA [52050040],Pluviométrica,Convencional,Activa,Nariño,Sandoná,1.3223,-77.4792,20,9/15/1963,,Cudayari,Pacifico,Patía,Río Guáitara,2009,21,Andes,Definitivo,5,5,0,5.78553152084351,5.78553152084351,24.8797569274902,5.27686071395874,19.3971652984619,3.93818187713623,4.62545442581177,5,5,0.789855062961578,0.967391312122345,1,1,17,1.03999996185303,5.19999980926514
03,2008-03-25,52050040,,"",SANDONA [52050040],Pluviométrica,Convencional,Activa,Nariño,Sandoná,1.3223,-77.4792,20,9/15/1963,,Cudayari,Pacifico,Patía,Río Guáitara,2008,25,Andes,Preliminar,0,0,0,1.92743909358978,1.92743909358978,0,0.870871961116791,0.0230345912277699,3.93818187713623,4.62545442581177,5,5,0.789855062961578,0.967391312122345,1,1,17,1.03999996185303,0
03,2011-03-24,52050040,4,Definitivo,SANDONA [52050040],Pluviométrica,Convencional,Activa,Nariño,Sandoná,1.3223,-77.4792,20,9/15/1963,,Cudayari,Pacifico,Patía,Río Guáitara,2011,24,Andes,Definitivo,4,4,0,10.4033756256104,10.4033756256104,0,5.8657431602478,7.1144585609436,3.93818187713623,4.62545442581177,5,5,0.789855062961578,0.967391312122345,1,1,17,1.03999996185303,4.15999984741211
03,2013-03-25,52050040,1,Definitivo,SANDONA [52050040],Pluviométrica,Convencional,Activa,Nariño,Sandoná,1.3223,-77.4792,20,9/15/1963,,Cudayari,Pacifico,Patía,Río Guáitara,2013,25,Andes,Definitivo,1,1,0,6.01384782791138,6.01384782791138,3.83990406990051,3.92320895195007,8.92160034179688,3.93818187713623,4.62545442581177,5,5,0.789855062961578,0.967391312122345,1,1,17,1.03999996185303,1.03999996185303
03,2015-03-27,52050040,,"",SANDONA [52050040],Pluviométrica,Convencional,Activa,Nariño,Sandoná,1.3223,-77.4792,20,9/15/1963,,Cudayari,Pacifico,Patía,Río Guáitara,2015,27,Andes,Preliminar,0,0,0,5.2492413520813,5.2492413520813,0,2.70451140403748,0.060687318444252,3.93818187713623,4.62545442581177,5,5,0.789855062961578,0.967391312122345,1,1,18,1.03999996185303,0
03,2007-03-20,52050040,,"",SANDONA [52050040],Pluviométrica,Convencional,Activa,Nariño,Sandoná,1.3223,-77.4792,20,9/15/1963,,Cudayari,Pacifico,Patía,Río Guáitara,2007,20,Andes,Preliminar,0,0,0,5.02080059051514,5.02080059051514,19.4768199920654,3.82066583633423,2.02036190032959,3.93818187713623,4.62545442581177,5,5,0.789855062961578,0.967391312122345,1,1,16,1.03999996185303,0
03,2008-03-17,52050040,,"",SANDONA [52050040],Pluviométrica,Convencional,Activa,Nariño,Sandoná,1.3223,-77.4792,20,9/15/1963,,Cudayari,Pacifico,Patía,Río Guáitara,2008,17,Andes,Preliminar,0,0,0,0.324374437332153,0.324374437332153,0,0,0,3.93818187713623,4.62545442581177,5,5,0.789855062961578,0.967391312122345,1,1,16,1.03999996185303,0
03,2009-03-15,52050040,,"",SANDONA [52050040],Pluviométrica,Convencional,Activa,Nariño,Sandoná,1.3223,-77.4792,20,9/15/1963,,Cudayari,Pacifico,Patía,Río Guáitara,2009,15,Andes,Preliminar,0,0,0,0.918991208076477,0.918991208076477,0,0,0,3.93818187713623,4.62545442581177,5,5,0.789855062961578,0.967391312122345,1,1,15,1.03999996185303,0
03,2021-03-25,52050040,,"",SANDONA [52050040],Pluviométrica,Convencional,Activa,Nariño,Sandoná,1.3223,-77.4792,20,9/15/1963,,Cudayari,Pacifico,Patía,Río Guáitara,2021,25,Andes,Preliminar,0,0,0,3.175865650177,3.175865650177,0,1.04640281200409,0.450497984886169,3.93818187713623,4.62545442581177,5,5,0.789855062961578,0.967391312122345,1,1,17,1.03999996185303,0
03,2023-03-20,52050040,,"",SANDONA [52050040],Pluviométrica,Convencional,Activa,Nariño,Sandoná,1.3223,-77.4792,20,9/15/1963,,Cudayari,Pacifico,Patía,Río Guáitara,2023,20,Andes,Preliminar,0,0,0,6.89400053024292,6.89400053024292,6.14348602294922,3.05394411087036,0,3.93818187713623,4.62545442581177,5,5,0.789855062961578,0.967391312122345,1,1,16,1.03999996185303,0
03,2009-03-19,52050040,13,Definitivo,SANDONA [52050040],Pluviométrica,Convencional,Activa,Nariño,Sandoná,1.3223,-77.4792,20,9/15/1963,,Cudayari,Pacifico,Patía,Río Guáitara,2009,19,Andes,Definitivo,13,13,0,6.12906503677368,6.12906503677368,15.9203777313232,10.2142333984375,25.748498916626,3.93818187713623,4.62545442581177,5,5,0.789855062961578,0.967391312122345,1,1,16,1.03999996185303,13.5199995040894
03,2009-03-20,52050040,42,Definitivo,SANDONA [52050040],Pluviométrica,Convencional,Activa,Nariño,Sandoná,1.3223,-77.4792,20,9/15/1963,,Cudayari,Pacifico,Patía,Río Guáitara,2009,20,Andes,Definitivo,42,42,0,7.10111904144287,7.10111904144287,15.9203777313232,13.9398050308228,18.2306861877441,3.93818187713623,4.62545442581177,5,5,0.789855062961578,0.967391312122345,1,1,16,1.03999996185303,43.6799983978271
03,2023-03-14,52050040,21,En revisión,SANDONA [52050040],Pluviométrica,Convencional,Activa,Nariño,Sandoná,1.3223,-77.4792,20,9/15/1963,,Cudayari,Pacifico,Patía,Río Guáitara,2023,14,Andes,En revisión,21,21,0,23.6763038635254,23.6763038635254,13.1123352050781,5.54453229904175,4.95581817626953,3.93818187713623,4.62545442581177,5,5,0.789855062961578,0.967391312122345,1,1,15,1.03999996185303,21.8399991989136
03,2022-03-15,52050040,,"",SANDONA [52050040],Pluviométrica,Convencional,Activa,Nariño,Sandoná,1.3223,-77.4792,20,9/15/1963,,Cudayari,Pacifico,Patía,Río Guáitara,2022,15,Andes,Preliminar,0,0,0,10.1345119476318,10.1345119476318,12.3655710220337,9.31882095336914,23.6650791168213,3.93818187713623,4.62545442581177,5,5,0.789855062961578,0.967391312122345,1,1,15,1.03999996185303,0
03,2021-03-14,52050040,20,En revisión,SANDONA [52050040],Pluviométrica,Convencional,Activa,Nariño,Sandoná,1.3223,-77.4792,20,9/15/1963,,Cudayari,Pacifico,Patía,Río Guáitara,2021,14,Andes,En revisión,20,20,0,5.78467845916748,5.78467845916748,0,15.5925722122192,0.103952541947365,3.93818187713623,4.62545442581177,5,5,0.789855062961578,0.967391312122345,1,1,15,1.03999996185303,20.7999992370605
03,2021-03-13,52050040,0,En revisión,SANDONA [52050040],Pluviométrica,Convencional,Activa,Nariño,Sandoná,1.3223,-77.4792,20,9/15/1963,,Cudayari,Pacifico,Patía,Río Guáitara,2021,13,Andes,En revisión,0,0,0,9.76552963256836,9.76552963256836,14.279914855957,22.7588920593262,19.2028675079346,3.93818187713623,4.62545442581177,5,5,0.789855062961578,0.967391312122345,1,1,15,1.03999996185303,0
03,2022-03-11,52050040,2,En revisión,SANDONA [52050040],Pluviométrica,Convencional,Activa,Nariño,Sandoná,1.3223,-77.4792,20,9/15/1963,,Cudayari,Pacifico,Patía,Río Guáitara,2022,11,Andes,En revisión,2,2,0,13.3298854827881,13.3298854827881,0,7.04178190231323,0.49534747004509,3.93818187713623,4.62545442581177,5,5,0.789855062961578,0.967391312122345,1,1,15,1.03999996185303,2.07999992370605
03,2023-03-09,52050040,5,En revisión,SANDONA [52050040],Pluviométrica,Convencional,Activa,Nariño,Sandoná,1.3223,-77.4792,20,9/15/1963,,Cudayari,Pacifico,Patía,Río Guáitara,2023,09,Andes,En revisión,5,5,0,9.06757164001465,9.06757164001465,29.0368041992188,15.5427217483521,5.5598258972168,3.93818187713623,4.62545442581177,5,5,0.789855062961578,0.967391312122345,1,1,14,1.03999996185303,5.19999980926514
03,2015-03-28,52050040,1,Definitivo,SANDONA [52050040],Pluviométrica,Convencional,Activa,Nariño,Sandoná,1.3223,-77.4792,20,9/15/1963,,Cudayari,Pacifico,Patía,Río Guáitara,2015,28,Andes,Definitivo,1,1,0,3.81102061271668,3.81102061271668,0,3.41374349594116,0.235163345932961,3.93818187713623,4.62545442581177,5,5,0.789855062961578,0.967391312122345,1,1,18,1.03999996185303,1.03999996185303
03,2020-03-26,52050040,1,En revisión,SANDONA [52050040],Pluviométrica,Convencional,Activa,Nariño,Sandoná,1.3223,-77.4792,20,9/15/1963,,Cudayari,Pacifico,Patía,Río Guáitara,2020,26,Andes,En revisión,1,1,0,2.3131275177002,2.3131275177002,0,0,0,3.93818187713623,4.62545442581177,5,5,0.789855062961578,0.967391312122345,1,1,18,1.03999996185303,1.03999996185303
03,2022-03-28,52050040,2,En revisión,SANDONA [52050040],Pluviométrica,Convencional,Activa,Nariño,Sandoná,1.3223,-77.4792,20,9/15/1963,,Cudayari,Pacifico,Patía,Río Guáitara,2022,28,Andes,En revisión,2,2,0,4.86025619506836,4.86025619506836,0,7.41141080856323,6.7190465927124,3.93818187713623,4.62545442581177,5,5,0.789855062961578,0.967391312122345,1,1,18,1.03999996185303,2.07999992370605
03,2008-03-12,52050040,25,Definitivo,SANDONA [52050040],Pluviométrica,Convencional,Activa,Nariño,Sandoná,1.3223,-77.4792,20,9/15/1963,,Cudayari,Pacifico,Patía,Río Guáitara,2008,12,Andes,Definitivo,25,25,0,6.88189744949341,6.88189744949341,7.26883554458618,4.21223974227905,1.98560333251953,3.93818187713623,4.62545442581177,5,5,0.789855062961578,0.967391312122345,1,1,15,1.03999996185303,25.9999990463257
03,2008-03-13,52050040,9,Definitivo,SANDONA [52050040],Pluviométrica,Convencional,Activa,Nariño,Sandoná,1.3223,-77.4792,20,9/15/1963,,Cudayari,Pacifico,Patía,Río Guáitara,2008,13,Andes,Definitivo,9,9,0,6.12425708770752,6.12425708770752,29.0753421783447,13.2672491073608,24.0120792388916,3.93818187713623,4.62545442581177,5,5,0.789855062961578,0.967391312122345,1,1,15,1.03999996185303,9.35999965667725
03,2023-03-17,52050040,12,En revisión,SANDONA [52050040],Pluviométrica,Convencional,Activa,Nariño,Sandoná,1.3223,-77.4792,20,9/15/1963,,Cudayari,Pacifico,Patía,Río Guáitara,2023,17,Andes,En revisión,12,12,0,2.72946977615356,2.72946977615356,6.14348602294922,4.63414335250855,0.330115050077438,3.93818187713623,4.62545442581177,5,5,0.789855062961578,0.967391312122345,1,1,16,1.03999996185303,12.4799995422363
03,2021-03-17,52050040,25,En revisión,SANDONA [52050040],Pluviométrica,Convencional,Activa,Nariño,Sandoná,1.3223,-77.4792,20,9/15/1963,,Cudayari,Pacifico,Patía,Río Guáitara,2021,17,Andes,En revisión,25,25,0,4.83226919174194,4.83226919174194,16.0807075500488,12.2756681442261,6.57813215255737,3.93818187713623,4.62545442581177,5,5,0.789855062961578,0.967391312122345,1,1,16,1.03999996185303,25.9999990463257
03,2004-03-30,52050040,,"",SANDONA [52050040],Pluviométrica,Convencional,Activa,Nariño,Sandoná,1.3223,-77.4792,20,9/15/1963,,Cudayari,Pacifico,Patía,Río Guáitara,2004,30,Andes,Preliminar,0,0,0,0.24348121881485,0.24348121881485,0,1.16102623939514,0.557640016078949,3.93818187713623,4.62545442581177,5,5,0.789855062961578,0.967391312122345,1,1,18,1.03999996185303,0
03,2002-03-30,52050040,,"",SANDONA [52050040],Pluviométrica,Convencional,Activa,Nariño,Sandoná,1.3223,-77.4792,20,9/15/1963,,Cudayari,Pacifico,Patía,Río Guáitara,2002,30,Andes,Preliminar,0,0,0,4.17704153060913,4.17704153060913,3.00498580932617,2.38207077980042,0.789256155490875,3.93818187713623,4.62545442581177,5,5,0.789855062961578,0.967391312122345,1,1,18,1.03999996185303,0
03,2003-03-28,52050040,,"",SANDONA [52050040],Pluviométrica,Convencional,Activa,Nariño,Sandoná,1.3223,-77.4792,20,9/15/1963,,Cudayari,Pacifico,Patía,Río Guáitara,2003,28,Andes,Preliminar,0,0,0,1.14075613021851,1.14075613021851,0,1.29445159435272,1.81908106803894,3.93818187713623,4.62545442581177,5,5,0.789855062961578,0.967391312122345,1,1,18,1.03999996185303,0
03,2004-03-25,52050040,10,Definitivo,SANDONA [52050040],Pluviométrica,Convencional,Activa,Nariño,Sandoná,1.3223,-77.4792,20,9/15/1963,,Cudayari,Pacifico,Patía,Río Guáitara,2004,25,Andes,Definitivo,10,10,0,4.96347284317017,4.96347284317017,0,1.44656109809876,2.9870331287384,3.93818187713623,4.62545442581177,5,5,0.789855062961578,0.967391312122345,1,1,17,1.03999996185303,10.3999996185303
03,2005-03-23,52050040,1,Definitivo,SANDONA [52050040],Pluviométrica,Convencional,Activa,Nariño,Sandoná,1.3223,-77.4792,20,9/15/1963,,Cudayari,Pacifico,Patía,Río Guáitara,2005,23,Andes,Definitivo,1,1,0,0.873852550983429,0.873852550983429,0,0.660566627979279,0.228361383080483,3.93818187713623,4.62545442581177,5,5,0.789855062961578,0.967391312122345,1,1,17,1.03999996185303,1.03999996185303
03,2006-03-21,52050040,2,Definitivo,SANDONA [52050040],Pluviométrica,Convencional,Activa,Nariño,Sandoná,1.3223,-77.4792,20,9/15/1963,,Cudayari,Pacifico,Patía,Río Guáitara,2006,21,Andes,Definitivo,2,2,0,3.21383023262024,3.21383023262024,0,2.58661460876465,0.136359944939613,3.93818187713623,4.62545442581177,5,5,0.789855062961578,0.967391312122345,1,1,17,1.03999996185303,2.07999992370605
03,2007-03-19,52050040,6,Definitivo,SANDONA [52050040],Pluviométrica,Convencional,Activa,Nariño,Sandoná,1.3223,-77.4792,20,9/15/1963,,Cudayari,Pacifico,Patía,Río Guáitara,2007,19,Andes,Definitivo,6,6,0,1.53903901576996,1.53903901576996,12.984546661377,5.15227270126343,0.435353219509125,3.93818187713623,4.62545442581177,5,5,0.789855062961578,0.967391312122345,1,1,16,1.03999996185303,6.23999977111816
03,2008-03-16,52050040,,"",SANDONA [52050040],Pluviométrica,Convencional,Activa,Nariño,Sandoná,1.3223,-77.4792,20,9/15/1963,,Cudayari,Pacifico,Patía,Río Guáitara,2008,16,Andes,Preliminar,0,0,0,2.44316077232361,2.44316077232361,0,0,0,3.93818187713623,4.62545442581177,5,5,0.789855062961578,0.967391312122345,1,1,16,1.03999996185303,0
03,2009-03-14,52050040,,"",SANDONA [52050040],Pluviométrica,Convencional,Activa,Nariño,Sandoná,1.3223,-77.4792,20,9/15/1963,,Cudayari,Pacifico,Patía,Río Guáitara,2009,14,Andes,Preliminar,0,0,0,1.02110147476196,1.02110147476196,0,0,0,3.93818187713623,4.62545442581177,5,5,0.789855062961578,0.967391312122345,1,1,15,1.03999996185303,0
03,2021-03-27,52050040,5,En revisión,SANDONA [52050040],Pluviométrica,Convencional,Activa,Nariño,Sandoná,1.3223,-77.4792,20,9/15/1963,,Cudayari,Pacifico,Patía,Río Guáitara,2021,27,Andes,En revisión,5,5,0,5.9425163269043,5.9425163269043,0,4.46788740158081,17.0523738861084,3.93818187713623,4.62545442581177,5,5,0.789855062961578,0.967391312122345,1,1,18,1.03999996185303,5.19999980926514
03,2023-03-24,52050040,20,En revisión,SANDONA [52050040],Pluviométrica,Convencional,Activa,Nariño,Sandoná,1.3223,-77.4792,20,9/15/1963,,Cudayari,Pacifico,Patía,Río Guáitara,2023,24,Andes,En revisión,20,20,0,10.7944507598877,10.7944507598877,11.1373748779297,7.05491828918457,4.41134309768677,3.93818187713623,4.62545442581177,5,5,0.789855062961578,0.967391312122345,1,1,17,1.03999996185303,20.7999992370605
03,2010-03-15,52050040,4,Definitivo,SANDONA [52050040],Pluviométrica,Convencional,Activa,Nariño,Sandoná,1.3223,-77.4792,20,9/15/1963,,Cudayari,Pacifico,Patía,Río Guáitara,2010,15,Andes,Definitivo,4,4,0,4.98511648178101,4.98511648178101,1.75637018680573,1.64541566371918,2.23894143104553,3.93818187713623,4.62545442581177,5,5,0.789855062961578,0.967391312122345,1,1,15,1.03999996185303,4.15999984741211
03,2010-03-16,52050040,,"",SANDONA [52050040],Pluviométrica,Convencional,Activa,Nariño,Sandoná,1.3223,-77.4792,20,9/15/1963,,Cudayari,Pacifico,Patía,Río Guáitara,2010,16,Andes,Preliminar,0,0,0,7.10379934310913,7.10379934310913,5.91297149658203,3.22620272636414,6.25877714157105,3.93818187713623,4.62545442581177,5,5,0.789855062961578,0.967391312122345,1,1,16,1.03999996185303,0
03,2010-03-17,52050040,,"",SANDONA [52050040],Pluviométrica,Convencional,Activa,Nariño,Sandoná,1.3223,-77.4792,20,9/15/1963,,Cudayari,Pacifico,Patía,Río Guáitara,2010,17,Andes,Preliminar,0,0,0,7.05651903152466,7.05651903152466,1.97099030017853,3.98121380805969,0.0849607735872269,3.93818187713623,4.62545442581177,5,5,0.789855062961578,0.967391312122345,1,1,16,1.03999996185303,0
03,2011-03-14,52050040,,"",SANDONA [52050040],Pluviométrica,Convencional,Activa,Nariño,Sandoná,1.3223,-77.4792,20,9/15/1963,,Cudayari,Pacifico,Patía,Río Guáitara,2011,14,Andes,Preliminar,0,0,0,0,0,0,1.08993399143219,0.867915511131287,3.93818187713623,4.62545442581177,5,5,0.789855062961578,0.967391312122345,1,1,15,1.03999996185303,0
03,2010-03-18,52050040,,"",SANDONA [52050040],Pluviométrica,Convencional,Activa,Nariño,Sandoná,1.3223,-77.4792,20,9/15/1963,,Cudayari,Pacifico,Patía,Río Guáitara,2010,18,Andes,Preliminar,0,0,0,13.7111597061157,13.7111597061157,0,2.6154317855835,0.19116173684597,3.93818187713623,4.62545442581177,5,5,0.789855062961578,0.967391312122345,1,1,16,1.03999996185303,0
03,2009-03-22,52050040,25,Definitivo,SANDONA [52050040],Pluviométrica,Convencional,Activa,Nariño,Sandoná,1.3223,-77.4792,20,9/15/1963,,Cudayari,Pacifico,Patía,Río Guáitara,2009,22,Andes,Definitivo,25,25,0,1.94393825531006,1.94393825531006,0,9.85999965667725,1.44713973999023,3.93818187713623,4.62545442581177,5,5,0.789855062961578,0.967391312122345,1,1,17,1.03999996185303,25.9999990463257
03,2009-03-23,52050040,10,Definitivo,SANDONA [52050040],Pluviométrica,Convencional,Activa,Nariño,Sandoná,1.3223,-77.4792,20,9/15/1963,,Cudayari,Pacifico,Patía,Río Guáitara,2009,23,Andes,Definitivo,10,10,0,6.30237197875977,6.30237197875977,12.4398784637451,22.7307319641113,5.55325222015381,3.93818187713623,4.62545442581177,5,5,0.789855062961578,0.967391312122345,1,1,17,1.03999996185303,10.3999996185303
03,2011-03-25,52050040,5,Definitivo,SANDONA [52050040],Pluviométrica,Convencional,Activa,Nariño,Sandoná,1.3223,-77.4792,20,9/15/1963,,Cudayari,Pacifico,Patía,Río Guáitara,2011,25,Andes,Definitivo,5,5,0,8.51750469207764,8.51750469207764,0,5.45451068878174,10.0674142837524,3.93818187713623,4.62545442581177,5,5,0.789855062961578,0.967391312122345,1,1,17,1.03999996185303,5.19999980926514
03,2016-03-23,52050040,,"",SANDONA [52050040],Pluviométrica,Convencional,Activa,Nariño,Sandoná,1.3223,-77.4792,20,9/15/1963,,Cudayari,Pacifico,Patía,Río Guáitara,2016,23,Andes,Preliminar,0,0,0,1.8072361946106,1.8072361946106,0,0,0,3.93818187713623,4.62545442581177,5,5,0.789855062961578,0.967391312122345,1,1,17,1.03999996185303,0
03,2016-03-24,52050040,,"",SANDONA [52050040],Pluviométrica,Convencional,Activa,Nariño,Sandoná,1.3223,-77.4792,20,9/15/1963,,Cudayari,Pacifico,Patía,Río Guáitara,2016,24,Andes,Preliminar,0,0,0,1.16052770614624,1.16052770614624,0,0,0,3.93818187713623,4.62545442581177,5,5,0.789855062961578,0.967391312122345,1,1,17,1.03999996185303,0
03,2015-03-29,52050040,0,Definitivo,SANDONA [52050040],Pluviométrica,Convencional,Activa,Nariño,Sandoná,1.3223,-77.4792,20,9/15/1963,,Cudayari,Pacifico,Patía,Río Guáitara,2015,29,Andes,Definitivo,0,0,0,13.3506698608398,13.3506698608398,31.5707836151123,4.25379800796509,17.1270980834961,3.93818187713623,4.62545442581177,5,5,0.789855062961578,0.967391312122345,1,1,18,1.03999996185303,0
03,2010-03-12,52050040,,"",SANDONA [52050040],Pluviométrica,Convencional,Activa,Nariño,Sandoná,1.3223,-77.4792,20,9/15/1963,,Cudayari,Pacifico,Patía,Río Guáitara,2010,12,Andes,Preliminar,0,0,0,5.51971292495728,5.51971292495728,0,1.49416100978851,0.0666809529066086,3.93818187713623,4.62545442581177,5,5,0.789855062961578,0.967391312122345,1,1,15,1.03999996185303,0
03,2009-03-09,52050040,,"",SANDONA [52050040],Pluviométrica,Convencional,Activa,Nariño,Sandoná,1.3223,-77.4792,20,9/15/1963,,Cudayari,Pacifico,Patía,Río Guáitara,2009,09,Andes,Preliminar,0,0,0,1.7406359910965,1.7406359910965,0,0,0,3.93818187713623,4.62545442581177,5,5,0.789855062961578,0.967391312122345,1,1,14,1.03999996185303,0
03,2021-03-22,52050040,25,En revisión,SANDONA [52050040],Pluviométrica,Convencional,Activa,Nariño,Sandoná,1.3223,-77.4792,20,9/15/1963,,Cudayari,Pacifico,Patía,Río Guáitara,2021,22,Andes,En revisión,25,25,0,5.36025238037109,5.36025238037109,0,4.3906135559082,0.96436870098114,3.93818187713623,4.62545442581177,5,5,0.789855062961578,0.967391312122345,1,1,17,1.03999996185303,25.9999990463257
03,2023-03-19,52050040,,"",SANDONA [52050040],Pluviométrica,Convencional,Activa,Nariño,Sandoná,1.3223,-77.4792,20,9/15/1963,,Cudayari,Pacifico,Patía,Río Guáitara,2023,19,Andes,Preliminar,0,0,0,12.1331377029419,12.1331377029419,12.2869720458984,3.8444926738739,5.89430904388428,3.93818187713623,4.62545442581177,5,5,0.789855062961578,0.967391312122345,1,1,16,1.03999996185303,0
03,2023-03-16,52050040,,"",SANDONA [52050040],Pluviométrica,Convencional,Activa,Nariño,Sandoná,1.3223,-77.4792,20,9/15/1963,,Cudayari,Pacifico,Patía,Río Guáitara,2023,16,Andes,Preliminar,0,0,0,4.29833269119263,4.29833269119263,0,5.06628179550171,0.462161034345627,3.93818187713623,4.62545442581177,5,5,0.789855062961578,0.967391312122345,1,1,16,1.03999996185303,0
03,2021-03-19,52050040,35,En revisión,SANDONA [52050040],Pluviométrica,Convencional,Activa,Nariño,Sandoná,1.3223,-77.4792,20,9/15/1963,,Cudayari,Pacifico,Patía,Río Guáitara,2021,19,Andes,En revisión,35,35,0,8.18250370025635,8.18250370025635,16.0807075500488,6.0612473487854,8.19793796539307,3.93818187713623,4.62545442581177,5,5,0.789855062961578,0.967391312122345,1,1,16,1.03999996185303,36.399998664856
03,2021-03-16,52050040,8,En revisión,SANDONA [52050040],Pluviométrica,Convencional,Activa,Nariño,Sandoná,1.3223,-77.4792,20,9/15/1963,,Cudayari,Pacifico,Patía,Río Guáitara,2021,16,Andes,En revisión,8,8,0,4.24910306930542,4.24910306930542,0,1.89313590526581,2.668869972229,3.93818187713623,4.62545442581177,5,5,0.789855062961578,0.967391312122345,1,1,16,1.03999996185303,8.31999969482422
03,2023-03-13,52050040,2,En revisión,SANDONA [52050040],Pluviométrica,Convencional,Activa,Nariño,Sandoná,1.3223,-77.4792,20,9/15/1963,,Cudayari,Pacifico,Patía,Río Guáitara,2023,13,Andes,En revisión,2,2,0,8.95083045959473,8.95083045959473,0,5.17706298828125,9.26232433319092,3.93818187713623,4.62545442581177,5,5,0.789855062961578,0.967391312122345,1,1,15,1.03999996185303,2.07999992370605
03,2020-03-14,52050040,15,En revisión,SANDONA [52050040],Pluviométrica,Convencional,Activa,Nariño,Sandoná,1.3223,-77.4792,20,9/15/1963,,Cudayari,Pacifico,Patía,Río Guáitara,2020,14,Andes,En revisión,15,15,0,1.41463184356689,1.41463184356689,60.7088165283203,0.948467016220093,1.74705231189728,3.93818187713623,4.62545442581177,5,5,0.789855062961578,0.967391312122345,1,1,15,1.03999996185303,15.5999994277954
03,2021-03-12,52050040,4,En revisión,SANDONA [52050040],Pluviométrica,Convencional,Activa,Nariño,Sandoná,1.3223,-77.4792,20,9/15/1963,,Cudayari,Pacifico,Patía,Río Guáitara,2021,12,Andes,En revisión,4,4,0,6.12448453903198,6.12448453903198,14.279914855957,16.2744522094727,14.184796333313,3.93818187713623,4.62545442581177,5,5,0.789855062961578,0.967391312122345,1,1,15,1.03999996185303,4.15999984741211
03,2022-03-10,52050040,13,En revisión,SANDONA [52050040],Pluviométrica,Convencional,Activa,Nariño,Sandoná,1.3223,-77.4792,20,9/15/1963,,Cudayari,Pacifico,Patía,Río Guáitara,2022,10,Andes,En revisión,13,13,0,5.55298662185669,5.55298662185669,0,2.07069301605225,0,3.93818187713623,4.62545442581177,5,5,0.789855062961578,0.967391312122345,1,1,14,1.03999996185303,13.5199995040894
03,2023-03-08,52050040,7,En revisión,SANDONA [52050040],Pluviométrica,Convencional,Activa,Nariño,Sandoná,1.3223,-77.4792,20,9/15/1963,,Cudayari,Pacifico,Patía,Río Guáitara,2023,08,Andes,En revisión,7,7,0,4.35720062255859,4.35720062255859,0,2.61669969558716,0.737555861473084,3.93818187713623,4.62545442581177,5,5,0.789855062961578,0.967391312122345,1,1,14,1.03999996185303,7.27999973297119
03,2022-03-09,52050040,,"",SANDONA [52050040],Pluviométrica,Convencional,Activa,Nariño,Sandoná,1.3223,-77.4792,20,9/15/1963,,Cudayari,Pacifico,Patía,Río Guáitara,2022,09,Andes,Preliminar,0,0,0,1.23580801486969,1.23580801486969,0,1.62158393859863,0.703697264194489,3.93818187713623,4.62545442581177,5,5,0.789855062961578,0.967391312122345,1,1,14,1.03999996185303,0
03,2020-03-27,52050040,,"",SANDONA [52050040],Pluviométrica,Convencional,Activa,Nariño,Sandoná,1.3223,-77.4792,20,9/15/1963,,Cudayari,Pacifico,Patía,Río Guáitara,2020,27,Andes,Preliminar,0,0,0,4.00129890441895,4.00129890441895,0,0,0,3.93818187713623,4.62545442581177,5,5,0.789855062961578,0.967391312122345,1,1,18,1.03999996185303,0
03,2020-03-28,52050040,0,En revisión,SANDONA [52050040],Pluviométrica,Convencional,Activa,Nariño,Sandoná,1.3223,-77.4792,20,9/15/1963,,Cudayari,Pacifico,Patía,Río Guáitara,2020,28,Andes,En revisión,0,0,0,3.5467164516449,3.5467164516449,0,0,0,3.93818187713623,4.62545442581177,5,5,0.789855062961578,0.967391312122345,1,1,18,1.03999996185303,0
03,2009-03-10,52050040,,"",SANDONA [52050040],Pluviométrica,Convencional,Activa,Nariño,Sandoná,1.3223,-77.4792,20,9/15/1963,,Cudayari,Pacifico,Patía,Río Guáitara,2009,10,Andes,Preliminar,0,0,0,1.58369338512421,1.58369338512421,0,0,0,3.93818187713623,4.62545442581177,5,5,0.789855062961578,0.967391312122345,1,1,14,1.03999996185303,0
03,2011-03-12,52050040,,"",SANDONA [52050040],Pluviométrica,Convencional,Activa,Nariño,Sandoná,1.3223,-77.4792,20,9/15/1963,,Cudayari,Pacifico,Patía,Río Guáitara,2011,12,Andes,Preliminar,0,0,0,0,0,10.3461961746216,4.57229375839233,7.41927671432495,3.93818187713623,4.62545442581177,5,5,0.789855062961578,0.967391312122345,1,1,15,1.03999996185303,0
03,2011-03-13,52050040,,"",SANDONA [52050040],Pluviométrica,Convencional,Activa,Nariño,Sandoná,1.3223,-77.4792,20,9/15/1963,,Cudayari,Pacifico,Patía,Río Guáitara,2011,13,Andes,Preliminar,1,1,0,0,0,10.3461961746216,2.71328592300415,1.23747956752777,3.93818187713623,4.62545442581177,5,5,0.789855062961578,0.967391312122345,1,1,15,1.03999996185303,1.03999996185303
03,2004-03-29,52050040,,"",SANDONA [52050040],Pluviométrica,Convencional,Activa,Nariño,Sandoná,1.3223,-77.4792,20,9/15/1963,,Cudayari,Pacifico,Patía,Río Guáitara,2004,29,Andes,Preliminar,0,0,0,0,0,0,2.1220395565033,1.39410018920898,3.93818187713623,4.62545442581177,5,5,0.789855062961578,0.967391312122345,1,1,18,1.03999996185303,0
03,2003-03-27,52050040,,"",SANDONA [52050040],Pluviométrica,Convencional,Activa,Nariño,Sandoná,1.3223,-77.4792,20,9/15/1963,,Cudayari,Pacifico,Patía,Río Guáitara,2003,27,Andes,Preliminar,0,0,0,4.70865297317505,4.70865297317505,0,3.29182577133179,3.17864513397217,3.93818187713623,4.62545442581177,5,5,0.789855062961578,0.967391312122345,1,1,18,1.03999996185303,0
03,2004-03-24,52050040,,"",SANDONA [52050040],Pluviométrica,Convencional,Activa,Nariño,Sandoná,1.3223,-77.4792,20,9/15/1963,,Cudayari,Pacifico,Patía,Río Guáitara,2004,24,Andes,Preliminar,0,0,0,0.215803146362305,0.215803146362305,0,0.23919278383255,0.249895587563515,3.93818187713623,4.62545442581177,5,5,0.789855062961578,0.967391312122345,1,1,17,1.03999996185303,0
03,2005-03-22,52050040,2,Definitivo,SANDONA [52050040],Pluviométrica,Convencional,Activa,Nariño,Sandoná,1.3223,-77.4792,20,9/15/1963,,Cudayari,Pacifico,Patía,Río Guáitara,2005,22,Andes,Definitivo,2,2,0,0.256129205226898,0.256129205226898,9.28854560852051,0.815168142318726,0.0519003085792065,3.93818187713623,4.62545442581177,5,5,0.789855062961578,0.967391312122345,1,1,17,1.03999996185303,2.07999992370605
03,2006-03-20,52050040,,"",SANDONA [52050040],Pluviométrica,Convencional,Activa,Nariño,Sandoná,1.3223,-77.4792,20,9/15/1963,,Cudayari,Pacifico,Patía,Río Guáitara,2006,20,Andes,Preliminar,0,0,0,6.77673721313477,6.77673721313477,0,2.88356685638428,0,3.93818187713623,4.62545442581177,5,5,0.789855062961578,0.967391312122345,1,1,16,1.03999996185303,0
03,2007-03-18,52050040,,"",SANDONA [52050040],Pluviométrica,Convencional,Activa,Nariño,Sandoná,1.3223,-77.4792,20,9/15/1963,,Cudayari,Pacifico,Patía,Río Guáitara,2007,18,Andes,Preliminar,0,0,0,5.17218160629273,5.17218160629273,0,5.4966082572937,2.67984127998352,3.93818187713623,4.62545442581177,5,5,0.789855062961578,0.967391312122345,1,1,16,1.03999996185303,0
03,2008-03-15,52050040,,"",SANDONA [52050040],Pluviométrica,Convencional,Activa,Nariño,Sandoná,1.3223,-77.4792,20,9/15/1963,,Cudayari,Pacifico,Patía,Río Guáitara,2008,15,Andes,Preliminar,0,0,0,6.53464555740356,6.53464555740356,7.26883554458618,5.66243553161621,4.63625001907349,3.93818187713623,4.62545442581177,5,5,0.789855062961578,0.967391312122345,1,1,15,1.03999996185303,0
03,2009-03-13,52050040,2,Definitivo,SANDONA [52050040],Pluviométrica,Convencional,Activa,Nariño,Sandoná,1.3223,-77.4792,20,9/15/1963,,Cudayari,Pacifico,Patía,Río Guáitara,2009,13,Andes,Definitivo,2,2,0,0.629679203033447,0.629679203033447,0,0,0,3.93818187713623,4.62545442581177,5,5,0.789855062961578,0.967391312122345,1,1,15,1.03999996185303,2.07999992370605
03,2007-03-14,52050040,30,Definitivo,SANDONA [52050040],Pluviométrica,Convencional,Activa,Nariño,Sandoná,1.3223,-77.4792,20,9/15/1963,,Cudayari,Pacifico,Patía,Río Guáitara,2007,14,Andes,Definitivo,30,30,0,4.61211013793945,4.61211013793945,40.0623321533203,6.69447946548462,5.27251529693604,3.93818187713623,4.62545442581177,5,5,0.789855062961578,0.967391312122345,1,1,15,1.03999996185303,31.1999988555908
03,2005-03-14,52050040,25,Definitivo,SANDONA [52050040],Pluviométrica,Convencional,Activa,Nariño,Sandoná,1.3223,-77.4792,20,9/15/1963,,Cudayari,Pacifico,Patía,Río Guáitara,2005,14,Andes,Definitivo,25,25,0,6.41399097442627,6.41399097442627,5.76943254470825,4.70463800430298,0.554794549942017,3.93818187713623,4.62545442581177,5,5,0.789855062961578,0.967391312122345,1,1,15,1.03999996185303,25.9999990463257
03,2022-03-25,52050040,0,En revisión,SANDONA [52050040],Pluviométrica,Convencional,Activa,Nariño,Sandoná,1.3223,-77.4792,20,9/15/1963,,Cudayari,Pacifico,Patía,Río Guáitara,2022,25,Andes,En revisión,0,0,0,3.31612873077393,3.31612873077393,3.58471202850342,1.13973760604858,0.542323231697083,3.93818187713623,4.62545442581177,5,5,0.789855062961578,0.967391312122345,1,1,17,1.03999996185303,0
03,2022-03-23,52050040,0,En revisión,SANDONA [52050040],Pluviométrica,Convencional,Activa,Nariño,Sandoná,1.3223,-77.4792,20,9/15/1963,,Cudayari,Pacifico,Patía,Río Guáitara,2022,23,Andes,En revisión,0,0,0,2.28418111801147,2.28418111801147,0,2.04114151000977,0.0115798553451896,3.93818187713623,4.62545442581177,5,5,0.789855062961578,0.967391312122345,1,1,17,1.03999996185303,0
03,2022-03-20,52050040,1,En revisión,SANDONA [52050040],Pluviométrica,Convencional,Activa,Nariño,Sandoná,1.3223,-77.4792,20,9/15/1963,,Cudayari,Pacifico,Patía,Río Guáitara,2022,20,Andes,En revisión,1,1,0,9.36997890472412,9.36997890472412,15.1991090774536,9.03567886352539,8.06008625030518,3.93818187713623,4.62545442581177,5,5,0.789855062961578,0.967391312122345,1,1,16,1.03999996185303,1.03999996185303
03,2012-03-09,52050040,,"",SANDONA [52050040],Pluviométrica,Convencional,Activa,Nariño,Sandoná,1.3223,-77.4792,20,9/15/1963,,Cudayari,Pacifico,Patía,Río Guáitara,2012,09,Andes,Preliminar,0,0,0,4.94783020019531,4.94783020019531,8.7810754776001,1.09650087356567,2.02995228767395,3.93818187713623,4.62545442581177,5,5,0.789855062961578,0.967391312122345,1,1,14,1.03999996185303,0
03,2012-03-10,52050040,,"",SANDONA [52050040],Pluviométrica,Convencional,Activa,Nariño,Sandoná,1.3223,-77.4792,20,9/15/1963,,Cudayari,Pacifico,Patía,Río Guáitara,2012,10,Andes,Preliminar,0,0,0,6.22230195999146,6.22230195999146,2.92702507972717,4.40836620330811,0.926717340946198,3.93818187713623,4.62545442581177,5,5,0.789855062961578,0.967391312122345,1,1,14,1.03999996185303,0
03,2011-03-15,52050040,,"",SANDONA [52050040],Pluviométrica,Convencional,Activa,Nariño,Sandoná,1.3223,-77.4792,20,9/15/1963,,Cudayari,Pacifico,Patía,Río Guáitara,2011,15,Andes,Preliminar,0,0,0,0,0,0,2.94655323028564,1.9598091840744,3.93818187713623,4.62545442581177,5,5,0.789855062961578,0.967391312122345,1,1,15,1.03999996185303,0
03,2010-03-19,52050040,,"",SANDONA [52050040],Pluviométrica,Convencional,Activa,Nariño,Sandoná,1.3223,-77.4792,20,9/15/1963,,Cudayari,Pacifico,Patía,Río Guáitara,2010,19,Andes,Preliminar,0,0,0,1.06379675865173,1.06379675865173,0,1.42821228504181,1.55053412914276,3.93818187713623,4.62545442581177,5,5,0.789855062961578,0.967391312122345,1,1,16,1.03999996185303,0
03,2010-03-20,52050040,,"",SANDONA [52050040],Pluviométrica,Convencional,Activa,Nariño,Sandoná,1.3223,-77.4792,20,9/15/1963,,Cudayari,Pacifico,Patía,Río Guáitara,2010,20,Andes,Preliminar,0,0,0,1.04015696048737,1.04015696048737,5.91297149658203,0.558486521244049,3.72411394119263,3.93818187713623,4.62545442581177,5,5,0.789855062961578,0.967391312122345,1,1,16,1.03999996185303,0
03,2009-03-24,52050040,16,Definitivo,SANDONA [52050040],Pluviométrica,Convencional,Activa,Nariño,Sandoná,1.3223,-77.4792,20,9/15/1963,,Cudayari,Pacifico,Patía,Río Guáitara,2009,24,Andes,Definitivo,16,16,0,3.84159302711487,3.84159302711487,0,0.924326360225677,6.46310758590698,3.93818187713623,4.62545442581177,5,5,0.789855062961578,0.967391312122345,1,1,17,1.03999996185303,16.6399993896484
03,2011-03-26,52050040,,"",SANDONA [52050040],Pluviométrica,Convencional,Activa,Nariño,Sandoná,1.3223,-77.4792,20,9/15/1963,,Cudayari,Pacifico,Patía,Río Guáitara,2011,26,Andes,Preliminar,2,2,0,3.02627038955689,3.02627038955689,0,0.60904848575592,1.77594065666199,3.93818187713623,4.62545442581177,5,5,0.789855062961578,0.967391312122345,1,1,18,1.03999996185303,2.07999992370605
03,2014-03-24,52050040,,"",SANDONA [52050040],Pluviométrica,Convencional,Activa,Nariño,Sandoná,1.3223,-77.4792,20,9/15/1963,,Cudayari,Pacifico,Patía,Río Guáitara,2014,24,Andes,Preliminar,0,0,0,4.7026743888855,4.7026743888855,0,1.55433821678162,1.00146639347076,3.93818187713623,4.62545442581177,5,5,0.789855062961578,0.967391312122345,1,1,17,1.03999996185303,0
03,2016-03-25,52050040,,"",SANDONA [52050040],Pluviométrica,Convencional,Activa,Nariño,Sandoná,1.3223,-77.4792,20,9/15/1963,,Cudayari,Pacifico,Patía,Río Guáitara,2016,25,Andes,Preliminar,0,0,0,1.04245567321777,1.04245567321777,0,0,0,3.93818187713623,4.62545442581177,5,5,0.789855062961578,0.967391312122345,1,1,17,1.03999996185303,0
03,2018-03-27,52050040,,"",SANDONA [52050040],Pluviométrica,Convencional,Activa,Nariño,Sandoná,1.3223,-77.4792,20,9/15/1963,,Cudayari,Pacifico,Patía,Río Guáitara,2018,27,Andes,Preliminar,0,0,0,7.32814407348633,7.32814407348633,0,3.82134699821472,0,3.93818187713623,4.62545442581177,5,5,0.789855062961578,0.967391312122345,1,1,18,1.03999996185303,0
03,2004-03-11,52050040,,"",SANDONA [52050040],Pluviométrica,Convencional,Activa,Nariño,Sandoná,1.3223,-77.4792,20,9/15/1963,,Cudayari,Pacifico,Patía,Río Guáitara,2004,11,Andes,Preliminar,0,0,0,2.3465051651001,2.3465051651001,0,0.499575763940811,1.55146634578705,3.93818187713623,4.62545442581177,5,5,0.789855062961578,0.967391312122345,1,1,15,1.03999996185303,0
03,2007-03-10,52050040,,"",SANDONA [52050040],Pluviométrica,Convencional,Activa,Nariño,Sandoná,1.3223,-77.4792,20,9/15/1963,,Cudayari,Pacifico,Patía,Río Guáitara,2007,10,Andes,Preliminar,0,0,0,7.7336311340332,7.7336311340332,5.40576934814453,1.69437050819397,3.19749093055725,3.93818187713623,4.62545442581177,5,5,0.789855062961578,0.967391312122345,1,1,14,1.03999996185303,0
03,2009-03-11,52050040,0,Definitivo,SANDONA [52050040],Pluviométrica,Convencional,Activa,Nariño,Sandoná,1.3223,-77.4792,20,9/15/1963,,Cudayari,Pacifico,Patía,Río Guáitara,2009,11,Andes,Definitivo,0,0,0,9.92170238494873,9.92170238494873,0,0,0,3.93818187713623,4.62545442581177,5,5,0.789855062961578,0.967391312122345,1,1,15,1.03999996185303,0
03,2023-03-21,52050040,,"",SANDONA [52050040],Pluviométrica,Convencional,Activa,Nariño,Sandoná,1.3223,-77.4792,20,9/15/1963,,Cudayari,Pacifico,Patía,Río Guáitara,2023,21,Andes,Preliminar,0,0,0,3.42115378379822,3.42115378379822,11.1373748779297,2.24696588516235,0.966696083545685,3.93818187713623,4.62545442581177,5,5,0.789855062961578,0.967391312122345,1,1,17,1.03999996185303,0
03,2020-03-20,52050040,12,En revisión,SANDONA [52050040],Pluviométrica,Convencional,Activa,Nariño,Sandoná,1.3223,-77.4792,20,9/15/1963,,Cudayari,Pacifico,Patía,Río Guáitara,2020,20,Andes,En revisión,12,12,0,0.80851137638092,0.80851137638092,0,0,0,3.93818187713623,4.62545442581177,5,5,0.789855062961578,0.967391312122345,1,1,16,1.03999996185303,12.4799995422363
03,2022-03-17,52050040,9,En revisión,SANDONA [52050040],Pluviométrica,Convencional,Activa,Nariño,Sandoná,1.3223,-77.4792,20,9/15/1963,,Cudayari,Pacifico,Patía,Río Guáitara,2022,17,Andes,En revisión,9,9,0,4.01451683044434,4.01451683044434,15.1991090774536,5.50155830383301,5.40583229064941,3.93818187713623,4.62545442581177,5,5,0.789855062961578,0.967391312122345,1,1,16,1.03999996185303,9.35999965667725
03,2022-03-14,52050040,25,En revisión,SANDONA [52050040],Pluviométrica,Convencional,Activa,Nariño,Sandoná,1.3223,-77.4792,20,9/15/1963,,Cudayari,Pacifico,Patía,Río Guáitara,2022,14,Andes,En revisión,25,25,0,7.50540113449097,7.50540113449097,8.24371337890625,4.69756841659546,2.22221064567566,3.93818187713623,4.62545442581177,5,5,0.789855062961578,0.967391312122345,1,1,15,1.03999996185303,25.9999990463257
03,2021-03-15,52050040,5,En revisión,SANDONA [52050040],Pluviométrica,Convencional,Activa,Nariño,Sandoná,1.3223,-77.4792,20,9/15/1963,,Cudayari,Pacifico,Patía,Río Guáitara,2021,15,Andes,En revisión,5,5,0,14.7956914901733,14.7956914901733,57.1196594238281,18.0577621459961,51.0690383911133,3.93818187713623,4.62545442581177,5,5,0.789855062961578,0.967391312122345,1,1,15,1.03999996185303,5.19999980926514
03,2022-03-13,52050040,,"",SANDONA [52050040],Pluviométrica,Convencional,Activa,Nariño,Sandoná,1.3223,-77.4792,20,9/15/1963,,Cudayari,Pacifico,Patía,Río Guáitara,2022,13,Andes,Preliminar,0,0,0,12.6841278076172,12.6841278076172,0,0.948329150676727,0.187957912683487,3.93818187713623,4.62545442581177,5,5,0.789855062961578,0.967391312122345,1,1,15,1.03999996185303,0
03,2020-03-13,52050040,27,En revisión,SANDONA [52050040],Pluviométrica,Convencional,Activa,Nariño,Sandoná,1.3223,-77.4792,20,9/15/1963,,Cudayari,Pacifico,Patía,Río Guáitara,2020,13,Andes,En revisión,27,27,0,7.87524795532227,7.87524795532227,60.7088165283203,0.931798577308655,0.760323584079742,3.93818187713623,4.62545442581177,5,5,0.789855062961578,0.967391312122345,1,1,15,1.03999996185303,28.0799989700317
03,2021-03-11,52050040,,"",SANDONA [52050040],Pluviométrica,Convencional,Activa,Nariño,Sandoná,1.3223,-77.4792,20,9/15/1963,,Cudayari,Pacifico,Patía,Río Guáitara,2021,11,Andes,Preliminar,5,5,0,8.21894454956055,8.21894454956055,0,18.3740062713623,6.49703311920166,3.93818187713623,4.62545442581177,5,5,0.789855062961578,0.967391312122345,1,1,15,1.03999996185303,5.19999980926514
03,2021-03-10,52050040,5,En revisión,SANDONA [52050040],Pluviométrica,Convencional,Activa,Nariño,Sandoná,1.3223,-77.4792,20,9/15/1963,,Cudayari,Pacifico,Patía,Río Guáitara,2021,10,Andes,En revisión,5,5,0,5.53966760635376,5.53966760635376,29.7086315155029,11.5679759979248,19.1422348022461,3.93818187713623,4.62545442581177,5,5,0.789855062961578,0.967391312122345,1,1,14,1.03999996185303,5.19999980926514
03,2023-03-07,52050040,1,En revisión,SANDONA [52050040],Pluviométrica,Convencional,Activa,Nariño,Sandoná,1.3223,-77.4792,20,9/15/1963,,Cudayari,Pacifico,Patía,Río Guáitara,2023,07,Andes,En revisión,1,1,0,4.10850143432617,4.10850143432617,0,3.14915919303894,15.8389091491699,3.93818187713623,4.62545442581177,5,5,0.789855062961578,0.967391312122345,1,1,14,1.03999996185303,1.03999996185303
03,2018-03-28,52050040,1,Definitivo,SANDONA [52050040],Pluviométrica,Convencional,Activa,Nariño,Sandoná,1.3223,-77.4792,20,9/15/1963,,Cudayari,Pacifico,Patía,Río Guáitara,2018,28,Andes,Definitivo,1,1,0,7.68980264663696,7.68980264663696,0,9.35516452789307,1.60924685001373,3.93818187713623,4.62545442581177,5,5,0.789855062961578,0.967391312122345,1,1,18,1.03999996185303,1.03999996185303
03,2021-03-26,52050040,,"",SANDONA [52050040],Pluviométrica,Convencional,Activa,Nariño,Sandoná,1.3223,-77.4792,20,9/15/1963,,Cudayari,Pacifico,Patía,Río Guáitara,2021,26,Andes,Preliminar,0,0,0,13.5242214202881,13.5242214202881,0,3.48521089553833,0.067317545413971,3.93818187713623,4.62545442581177,5,5,0.789855062961578,0.967391312122345,1,1,18,1.03999996185303,0
03,2021-03-24,52050040,1,En revisión,SANDONA [52050040],Pluviométrica,Convencional,Activa,Nariño,Sandoná,1.3223,-77.4792,20,9/15/1963,,Cudayari,Pacifico,Patía,Río Guáitara,2021,24,Andes,En revisión,1,1,0,2.92407250404358,2.92407250404358,0,1.49708545207977,4.17709398269653,3.93818187713623,4.62545442581177,5,5,0.789855062961578,0.967391312122345,1,1,17,1.03999996185303,1.03999996185303
03,2001-03-31,52050040,11,Definitivo,SANDONA [52050040],Pluviométrica,Convencional,Activa,Nariño,Sandoná,1.3223,-77.4792,20,9/15/1963,,Cudayari,Pacifico,Patía,Río Guáitara,2001,31,Andes,Definitivo,11,11,0,2.57580709457397,2.57580709457397,0,2.22447657585144,2.40943574905396,3.93818187713623,4.62545442581177,5,5,0.789855062961578,0.967391312122345,1,1,18,1.03999996185303,11.4399995803833
03,2002-03-29,52050040,,"",SANDONA [52050040],Pluviométrica,Convencional,Activa,Nariño,Sandoná,1.3223,-77.4792,20,9/15/1963,,Cudayari,Pacifico,Patía,Río Guáitara,2002,29,Andes,Preliminar,0,0,0,8.23600387573242,8.23600387573242,3.00498580932617,10.5459699630737,1.24502372741699,3.93818187713623,4.62545442581177,5,5,0.789855062961578,0.967391312122345,1,1,18,1.03999996185303,0
03,2004-03-23,52050040,,"",SANDONA [52050040],Pluviométrica,Convencional,Activa,Nariño,Sandoná,1.3223,-77.4792,20,9/15/1963,,Cudayari,Pacifico,Patía,Río Guáitara,2004,23,Andes,Preliminar,0,0,0,0.485557079315186,0.485557079315186,0,0.247536316514015,0.0195230916142464,3.93818187713623,4.62545442581177,5,5,0.789855062961578,0.967391312122345,1,1,17,1.03999996185303,0
03,2005-03-21,52050040,2,Definitivo,SANDONA [52050040],Pluviométrica,Convencional,Activa,Nariño,Sandoná,1.3223,-77.4792,20,9/15/1963,,Cudayari,Pacifico,Patía,Río Guáitara,2005,21,Andes,Definitivo,2,2,0,7.33734798431397,7.33734798431397,9.28854560852051,6.04621315002441,11.5841493606567,3.93818187713623,4.62545442581177,5,5,0.789855062961578,0.967391312122345,1,1,17,1.03999996185303,2.07999992370605
03,2006-03-19,52050040,0,Definitivo,SANDONA [52050040],Pluviométrica,Convencional,Activa,Nariño,Sandoná,1.3223,-77.4792,20,9/15/1963,,Cudayari,Pacifico,Patía,Río Guáitara,2006,19,Andes,Definitivo,0,0,0,8.55226039886475,8.55226039886475,5.55590772628784,4.71400594711304,0.0841567516326904,3.93818187713623,4.62545442581177,5,5,0.789855062961578,0.967391312122345,1,1,16,1.03999996185303,0
03,2007-03-17,52050040,22,Definitivo,SANDONA [52050040],Pluviométrica,Convencional,Activa,Nariño,Sandoná,1.3223,-77.4792,20,9/15/1963,,Cudayari,Pacifico,Patía,Río Guáitara,2007,17,Andes,Definitivo,22,22,0,12.3964147567749,12.3964147567749,22.2592220306397,15.3888721466064,5.2935733795166,3.93818187713623,4.62545442581177,5,5,0.789855062961578,0.967391312122345,1,1,16,1.03999996185303,22.8799991607666
03,2008-03-14,52050040,4,Definitivo,SANDONA [52050040],Pluviométrica,Convencional,Activa,Nariño,Sandoná,1.3223,-77.4792,20,9/15/1963,,Cudayari,Pacifico,Patía,Río Guáitara,2008,14,Andes,Definitivo,4,4,0,8.23933601379395,8.23933601379395,7.26883554458618,7.91921854019165,7.06966161727905,3.93818187713623,4.62545442581177,5,5,0.789855062961578,0.967391312122345,1,1,15,1.03999996185303,4.15999984741211
03,2009-03-12,52050040,1,Definitivo,SANDONA [52050040],Pluviométrica,Convencional,Activa,Nariño,Sandoná,1.3223,-77.4792,20,9/15/1963,,Cudayari,Pacifico,Patía,Río Guáitara,2009,12,Andes,Definitivo,1,1,0,5.51394844055176,5.51394844055176,0,0,0,3.93818187713623,4.62545442581177,5,5,0.789855062961578,0.967391312122345,1,1,15,1.03999996185303,1.03999996185303
03,2007-03-13,52050040,30,Definitivo,SANDONA [52050040],Pluviométrica,Convencional,Activa,Nariño,Sandoná,1.3223,-77.4792,20,9/15/1963,,Cudayari,Pacifico,Patía,Río Guáitara,2007,13,Andes,Definitivo,30,30,0,5.79844474792481,5.79844474792481,0,6.91159772872925,9.46385192871094,3.93818187713623,4.62545442581177,5,5,0.789855062961578,0.967391312122345,1,1,15,1.03999996185303,31.1999988555908
03,2005-03-13,52050040,,"",SANDONA [52050040],Pluviométrica,Convencional,Activa,Nariño,Sandoná,1.3223,-77.4792,20,9/15/1963,,Cudayari,Pacifico,Patía,Río Guáitara,2005,13,Andes,Preliminar,0,0,0,7.3375039100647,7.3375039100647,0,3.8526017665863,0.261986255645752,3.93818187713623,4.62545442581177,5,5,0.789855062961578,0.967391312122345,1,1,15,1.03999996185303,0
03,2006-03-11,52050040,9,Definitivo,SANDONA [52050040],Pluviométrica,Convencional,Activa,Nariño,Sandoná,1.3223,-77.4792,20,9/15/1963,,Cudayari,Pacifico,Patía,Río Guáitara,2006,11,Andes,Definitivo,9,9,0,6.51791954040527,6.51791954040527,0,8.4219217300415,4.69898891448975,3.93818187713623,4.62545442581177,5,5,0.789855062961578,0.967391312122345,1,1,15,1.03999996185303,9.35999965667725
03,2006-03-10,52050040,8,Definitivo,SANDONA [52050040],Pluviométrica,Convencional,Activa,Nariño,Sandoná,1.3223,-77.4792,20,9/15/1963,,Cudayari,Pacifico,Patía,Río Guáitara,2006,10,Andes,Definitivo,8,8,0,10.0960855484009,10.0960855484009,55.6352691650391,10.57936668396,10.9069833755493,3.93818187713623,4.62545442581177,5,5,0.789855062961578,0.967391312122345,1,1,14,1.03999996185303,8.31999969482422
03,2005-03-09,52050040,16,Definitivo,SANDONA [52050040],Pluviométrica,Convencional,Activa,Nariño,Sandoná,1.3223,-77.4792,20,9/15/1963,,Cudayari,Pacifico,Patía,Río Guáitara,2005,09,Andes,Definitivo,16,16,0,4.9327540397644,4.9327540397644,10.7781085968018,7.91659307479858,13.9407625198364,3.93818187713623,4.62545442581177,5,5,0.789855062961578,0.967391312122345,1,1,14,1.03999996185303,16.6399993896484
03,2007-03-11,52050040,,"",SANDONA [52050040],Pluviométrica,Convencional,Activa,Nariño,Sandoná,1.3223,-77.4792,20,9/15/1963,,Cudayari,Pacifico,Patía,Río Guáitara,2007,11,Andes,Preliminar,0,0,0,4.30125331878662,4.30125331878662,0,1.7695484161377,5.62155771255493,3.93818187713623,4.62545442581177,5,5,0.789855062961578,0.967391312122345,1,1,15,1.03999996185303,0
03,2010-03-09,52050040,4,Definitivo,SANDONA [52050040],Pluviométrica,Convencional,Activa,Nariño,Sandoná,1.3223,-77.4792,20,9/15/1963,,Cudayari,Pacifico,Patía,Río Guáitara,2010,09,Andes,Definitivo,4,4,0,6.04686260223389,6.04686260223389,0,0.583045959472656,0.0332488678395748,3.93818187713623,4.62545442581177,5,5,0.789855062961578,0.967391312122345,1,1,14,1.03999996185303,4.15999984741211
03,2010-03-10,52050040,2,Definitivo,SANDONA [52050040],Pluviométrica,Convencional,Activa,Nariño,Sandoná,1.3223,-77.4792,20,9/15/1963,,Cudayari,Pacifico,Patía,Río Guáitara,2010,10,Andes,Definitivo,2,2,0,4.47115898132324,4.47115898132324,8.39682960510254,0.413043409585953,1.18778717517853,3.93818187713623,4.62545442581177,5,5,0.789855062961578,0.967391312122345,1,1,14,1.03999996185303,2.07999992370605
03,2012-03-11,52050040,,"",SANDONA [52050040],Pluviométrica,Convencional,Activa,Nariño,Sandoná,1.3223,-77.4792,20,9/15/1963,,Cudayari,Pacifico,Patía,Río Guáitara,2012,11,Andes,Preliminar,0,0,0,3.37999939918518,3.37999939918518,0,4.2709813117981,0.187090590596199,3.93818187713623,4.62545442581177,5,5,0.789855062961578,0.967391312122345,1,1,15,1.03999996185303,0
03,2011-03-16,52050040,5,Definitivo,SANDONA [52050040],Pluviométrica,Convencional,Activa,Nariño,Sandoná,1.3223,-77.4792,20,9/15/1963,,Cudayari,Pacifico,Patía,Río Guáitara,2011,16,Andes,Definitivo,5,5,0,1.38747215270996,1.38747215270996,0,5.11461353302002,0.234351560473442,3.93818187713623,4.62545442581177,5,5,0.789855062961578,0.967391312122345,1,1,16,1.03999996185303,5.19999980926514
03,2011-03-17,52050040,,"",SANDONA [52050040],Pluviométrica,Convencional,Activa,Nariño,Sandoná,1.3223,-77.4792,20,9/15/1963,,Cudayari,Pacifico,Patía,Río Guáitara,2011,17,Andes,Preliminar,0,0,0,11.4864492416382,11.4864492416382,0,7.04638290405273,0.135856002569199,3.93818187713623,4.62545442581177,5,5,0.789855062961578,0.967391312122345,1,1,16,1.03999996185303,0
03,2010-03-21,52050040,,"",SANDONA [52050040],Pluviométrica,Convencional,Activa,Nariño,Sandoná,1.3223,-77.4792,20,9/15/1963,,Cudayari,Pacifico,Patía,Río Guáitara,2010,21,Andes,Preliminar,0,0,0,0.956172585487366,0.956172585487366,7.03202342987061,0.613673627376556,0.487959533929825,3.93818187713623,4.62545442581177,5,5,0.789855062961578,0.967391312122345,1,1,17,1.03999996185303,0
03,2009-03-25,52050040,6,Definitivo,SANDONA [52050040],Pluviométrica,Convencional,Activa,Nariño,Sandoná,1.3223,-77.4792,20,9/15/1963,,Cudayari,Pacifico,Patía,Río Guáitara,2009,25,Andes,Definitivo,6,6,0,6.20208978652954,6.20208978652954,24.8797569274902,3.92420315742493,9.85545539855957,3.93818187713623,4.62545442581177,5,5,0.789855062961578,0.967391312122345,1,1,17,1.03999996185303,6.23999977111816
03,2012-03-23,52050040,15,Definitivo,SANDONA [52050040],Pluviométrica,Convencional,Activa,Nariño,Sandoná,1.3223,-77.4792,20,9/15/1963,,Cudayari,Pacifico,Patía,Río Guáitara,2012,23,Andes,Definitivo,15,15,0,6.32066535949707,6.32066535949707,0,9.97659301757812,0.947192490100861,3.93818187713623,4.62545442581177,5,5,0.789855062961578,0.967391312122345,1,1,17,1.03999996185303,15.5999994277954
03,2014-03-25,52050040,4,Definitivo,SANDONA [52050040],Pluviométrica,Convencional,Activa,Nariño,Sandoná,1.3223,-77.4792,20,9/15/1963,,Cudayari,Pacifico,Patía,Río Guáitara,2014,25,Andes,Definitivo,4,4,0,4.76191520690918,4.76191520690918,0,1.64577329158783,1.5299152135849,3.93818187713623,4.62545442581177,5,5,0.789855062961578,0.967391312122345,1,1,17,1.03999996185303,4.15999984741211
03,2019-03-24,52050040,,"",SANDONA [52050040],Pluviométrica,Convencional,Activa,Nariño,Sandoná,1.3223,-77.4792,20,9/15/1963,,Cudayari,Pacifico,Patía,Río Guáitara,2019,24,Andes,Preliminar,0,0,0,1.70939815044403,1.70939815044403,31.3919792175293,3.81003594398499,3.75406050682068,3.93818187713623,4.62545442581177,5,5,0.789855062961578,0.967391312122345,1,1,17,1.03999996185303,0
03,2019-03-25,52050040,,"",SANDONA [52050040],Pluviométrica,Convencional,Activa,Nariño,Sandoná,1.3223,-77.4792,20,9/15/1963,,Cudayari,Pacifico,Patía,Río Guáitara,2019,25,Andes,Preliminar,0,0,0,1.86107730865479,1.86107730865479,0,3.45523118972778,0.0718480497598648,3.93818187713623,4.62545442581177,5,5,0.789855062961578,0.967391312122345,1,1,17,1.03999996185303,0
03,2019-03-26,52050040,,"",SANDONA [52050040],Pluviométrica,Convencional,Activa,Nariño,Sandoná,1.3223,-77.4792,20,9/15/1963,,Cudayari,Pacifico,Patía,Río Guáitara,2019,26,Andes,Preliminar,0,0,0,2.86443543434143,2.86443543434143,7.09281253814697,2.02919030189514,0.0521519146859646,3.93818187713623,4.62545442581177,5,5,0.789855062961578,0.967391312122345,1,1,18,1.03999996185303,0
03,2020-03-25,52050040,,"",SANDONA [52050040],Pluviométrica,Convencional,Activa,Nariño,Sandoná,1.3223,-77.4792,20,9/15/1963,,Cudayari,Pacifico,Patía,Río Guáitara,2020,25,Andes,Preliminar,0,0,0,1.79620361328125,1.79620361328125,0,0,0,3.93818187713623,4.62545442581177,5,5,0.789855062961578,0.967391312122345,1,1,17,1.03999996185303,0
03,2022-03-22,52050040,,"",SANDONA [52050040],Pluviométrica,Convencional,Activa,Nariño,Sandoná,1.3223,-77.4792,20,9/15/1963,,Cudayari,Pacifico,Patía,Río Guáitara,2022,22,Andes,Preliminar,0,0,0,2.82355737686157,2.82355737686157,3.58471202850342,0.99106764793396,1.38572263717651,3.93818187713623,4.62545442581177,5,5,0.789855062961578,0.967391312122345,1,1,17,1.03999996185303,0
03,2021-03-21,52050040,5,En revisión,SANDONA [52050040],Pluviométrica,Convencional,Activa,Nariño,Sandoná,1.3223,-77.4792,20,9/15/1963,,Cudayari,Pacifico,Patía,Río Guáitara,2021,21,Andes,En revisión,5,5,0,6.08942699432373,6.08942699432373,39.0010681152344,0.272581815719605,0.0764606595039368,3.93818187713623,4.62545442581177,5,5,0.789855062961578,0.967391312122345,1,1,17,1.03999996185303,5.19999980926514
03,2021-03-18,52050040,1,En revisión,SANDONA [52050040],Pluviométrica,Convencional,Activa,Nariño,Sandoná,1.3223,-77.4792,20,9/15/1963,,Cudayari,Pacifico,Patía,Río Guáitara,2021,18,Andes,En revisión,1,1,0,7.83947849273682,7.83947849273682,16.0807075500488,10.7246446609497,16.4801902770996,3.93818187713623,4.62545442581177,5,5,0.789855062961578,0.967391312122345,1,1,16,1.03999996185303,1.03999996185303
03,2020-03-17,52050040,18,En revisión,SANDONA [52050040],Pluviométrica,Convencional,Activa,Nariño,Sandoná,1.3223,-77.4792,20,9/15/1963,,Cudayari,Pacifico,Patía,Río Guáitara,2020,17,Andes,En revisión,18,18,0,5.32706737518311,5.32706737518311,0,0,0,3.93818187713623,4.62545442581177,5,5,0.789855062961578,0.967391312122345,1,1,16,1.03999996185303,18.7199993133545
03,2020-03-16,52050040,11,En revisión,SANDONA [52050040],Pluviométrica,Convencional,Activa,Nariño,Sandoná,1.3223,-77.4792,20,9/15/1963,,Cudayari,Pacifico,Patía,Río Guáitara,2020,16,Andes,En revisión,11,11,0,3.85587954521179,3.85587954521179,0,0,0,3.93818187713623,4.62545442581177,5,5,0.789855062961578,0.967391312122345,1,1,16,1.03999996185303,11.4399995803833
03,2018-03-17,52050040,,"",SANDONA [52050040],Pluviométrica,Convencional,Activa,Nariño,Sandoná,1.3223,-77.4792,20,9/15/1963,,Cudayari,Pacifico,Patía,Río Guáitara,2018,17,Andes,Preliminar,0,0,0,2.87537002563477,2.87537002563477,0,1.0503511428833,0.212921097874641,3.93818187713623,4.62545442581177,5,5,0.789855062961578,0.967391312122345,1,1,16,1.03999996185303,0
03,2019-03-15,52050040,,"",SANDONA [52050040],Pluviométrica,Convencional,Activa,Nariño,Sandoná,1.3223,-77.4792,20,9/15/1963,,Cudayari,Pacifico,Patía,Río Guáitara,2019,15,Andes,Preliminar,0,0,0,4.9861216545105,4.9861216545105,0,2.67984700202942,0.253371596336365,3.93818187713623,4.62545442581177,5,5,0.789855062961578,0.967391312122345,1,1,15,1.03999996185303,0
03,2020-03-12,52050040,2,En revisión,SANDONA [52050040],Pluviométrica,Convencional,Activa,Nariño,Sandoná,1.3223,-77.4792,20,9/15/1963,,Cudayari,Pacifico,Patía,Río Guáitara,2020,12,Andes,En revisión,2,2,0,1.45656764507294,1.45656764507294,0,0.624553382396698,0.244816213846207,3.93818187713623,4.62545442581177,5,5,0.789855062961578,0.967391312122345,1,1,15,1.03999996185303,2.07999992370605
03,2019-03-14,52050040,7,Definitivo,SANDONA [52050040],Pluviométrica,Convencional,Activa,Nariño,Sandoná,1.3223,-77.4792,20,9/15/1963,,Cudayari,Pacifico,Patía,Río Guáitara,2019,14,Andes,Definitivo,7,7,0,12.9471588134766,12.9471588134766,3.78171443939209,4.31685304641724,3.40324115753174,3.93818187713623,4.62545442581177,5,5,0.789855062961578,0.967391312122345,1,1,15,1.03999996185303,7.27999973297119
03,2022-03-08,52050040,,"",SANDONA [52050040],Pluviométrica,Convencional,Activa,Nariño,Sandoná,1.3223,-77.4792,20,9/15/1963,,Cudayari,Pacifico,Patía,Río Guáitara,2022,08,Andes,Preliminar,0,0,0,2.13160634040833,2.13160634040833,16.9783840179443,3.72411274909973,1.92751860618591,3.93818187713623,4.62545442581177,5,5,0.789855062961578,0.967391312122345,1,1,14,1.03999996185303,0
03,2023-03-06,52050040,10,En revisión,SANDONA [52050040],Pluviométrica,Convencional,Activa,Nariño,Sandoná,1.3223,-77.4792,20,9/15/1963,,Cudayari,Pacifico,Patía,Río Guáitara,2023,06,Andes,En revisión,10,10,0,5.60070991516113,5.60070991516113,0,5.44599294662476,0.586473643779755,3.93818187713623,4.62545442581177,5,5,0.789855062961578,0.967391312122345,1,1,14,1.03999996185303,10.3999996185303
03,2022-03-07,52050040,4,En revisión,SANDONA [52050040],Pluviométrica,Convencional,Activa,Nariño,Sandoná,1.3223,-77.4792,20,9/15/1963,,Cudayari,Pacifico,Patía,Río Guáitara,2022,07,Andes,En revisión,4,4,0,3.92094540596008,3.92094540596008,0,5.0973072052002,14.2422199249268,3.93818187713623,4.62545442581177,5,5,0.789855062961578,0.967391312122345,1,1,14,1.03999996185303,4.15999984741211
03,2001-03-30,52050040,,"",SANDONA [52050040],Pluviométrica,Convencional,Activa,Nariño,Sandoná,1.3223,-77.4792,20,9/15/1963,,Cudayari,Pacifico,Patía,Río Guáitara,2001,30,Andes,Preliminar,0,0,0,2.71360731124878,2.71360731124878,0,1.01929807662964,2.35150027275085,3.93818187713623,4.62545442581177,5,5,0.789855062961578,0.967391312122345,1,1,18,1.03999996185303,0
03,2002-03-28,52050040,8,Definitivo,SANDONA [52050040],Pluviométrica,Convencional,Activa,Nariño,Sandoná,1.3223,-77.4792,20,9/15/1963,,Cudayari,Pacifico,Patía,Río Guáitara,2002,28,Andes,Definitivo,8,8,0,5.077392578125,5.077392578125,12.0199432373047,5.12362241744995,6.88097906112671,3.93818187713623,4.62545442581177,5,5,0.789855062961578,0.967391312122345,1,1,18,1.03999996185303,8.31999969482422
03,2003-03-26,52050040,1,Definitivo,SANDONA [52050040],Pluviométrica,Convencional,Activa,Nariño,Sandoná,1.3223,-77.4792,20,9/15/1963,,Cudayari,Pacifico,Patía,Río Guáitara,2003,26,Andes,Definitivo,1,1,0,8.834792137146,8.834792137146,0,3.85755467414856,4.48377513885498,3.93818187713623,4.62545442581177,5,5,0.789855062961578,0.967391312122345,1,1,18,1.03999996185303,1.03999996185303
03,2003-03-25,52050040,7,Definitivo,SANDONA [52050040],Pluviométrica,Convencional,Activa,Nariño,Sandoná,1.3223,-77.4792,20,9/15/1963,,Cudayari,Pacifico,Patía,Río Guáitara,2003,25,Andes,Definitivo,7,7,0,1.89320433139801,1.89320433139801,0,3.50696420669556,0,3.93818187713623,4.62545442581177,5,5,0.789855062961578,0.967391312122345,1,1,17,1.03999996185303,7.27999973297119
03,2004-03-22,52050040,,"",SANDONA [52050040],Pluviométrica,Convencional,Activa,Nariño,Sandoná,1.3223,-77.4792,20,9/15/1963,,Cudayari,Pacifico,Patía,Río Guáitara,2004,22,Andes,Preliminar,0,0,0,3.44385886192322,3.44385886192322,0,0.359684079885483,0,3.93818187713623,4.62545442581177,5,5,0.789855062961578,0.967391312122345,1,1,17,1.03999996185303,0
03,2005-03-20,52050040,8,Definitivo,SANDONA [52050040],Pluviométrica,Convencional,Activa,Nariño,Sandoná,1.3223,-77.4792,20,9/15/1963,,Cudayari,Pacifico,Patía,Río Guáitara,2005,20,Andes,Definitivo,8,8,0,6.41208457946777,6.41208457946777,0,8.52355194091797,1.11730480194092,3.93818187713623,4.62545442581177,5,5,0.789855062961578,0.967391312122345,1,1,16,1.03999996185303,8.31999969482422
03,2006-03-18,52050040,,"",SANDONA [52050040],Pluviométrica,Convencional,Activa,Nariño,Sandoná,1.3223,-77.4792,20,9/15/1963,,Cudayari,Pacifico,Patía,Río Guáitara,2006,18,Andes,Preliminar,0,0,0,3.16061806678772,3.16061806678772,11.1118154525757,4.7257890701294,2.52852821350098,3.93818187713623,4.62545442581177,5,5,0.789855062961578,0.967391312122345,1,1,16,1.03999996185303,0
03,2007-03-16,52050040,25,Definitivo,SANDONA [52050040],Pluviométrica,Convencional,Activa,Nariño,Sandoná,1.3223,-77.4792,20,9/15/1963,,Cudayari,Pacifico,Patía,Río Guáitara,2007,16,Andes,Definitivo,25,25,0,10.3275413513184,10.3275413513184,6.49227333068848,13.683352470398,33.1126441955566,3.93818187713623,4.62545442581177,5,5,0.789855062961578,0.967391312122345,1,1,16,1.03999996185303,25.9999990463257
03,2005-03-16,52050040,2,Definitivo,SANDONA [52050040],Pluviométrica,Convencional,Activa,Nariño,Sandoná,1.3223,-77.4792,20,9/15/1963,,Cudayari,Pacifico,Patía,Río Guáitara,2005,16,Andes,Definitivo,2,2,0,9.30475425720215,9.30475425720215,5.78485441207886,2.72946429252625,0.0418779999017715,3.93818187713623,4.62545442581177,5,5,0.789855062961578,0.967391312122345,1,1,16,1.03999996185303,2.07999992370605
03,2006-03-14,52050040,29,Definitivo,SANDONA [52050040],Pluviométrica,Convencional,Activa,Nariño,Sandoná,1.3223,-77.4792,20,9/15/1963,,Cudayari,Pacifico,Patía,Río Guáitara,2006,14,Andes,Definitivo,29,29,0,4.66010475158691,4.66010475158691,0,5.74757099151611,2.76054787635803,3.93818187713623,4.62545442581177,5,5,0.789855062961578,0.967391312122345,1,1,15,1.03999996185303,30.1599988937378
03,2007-03-12,52050040,8,Definitivo,SANDONA [52050040],Pluviométrica,Convencional,Activa,Nariño,Sandoná,1.3223,-77.4792,20,9/15/1963,,Cudayari,Pacifico,Patía,Río Guáitara,2007,12,Andes,Definitivo,8,8,0,4.89124774932861,4.89124774932861,0,4.24458837509155,0.306475549936295,3.93818187713623,4.62545442581177,5,5,0.789855062961578,0.967391312122345,1,1,15,1.03999996185303,8.31999969482422
03,2005-03-12,52050040,,"",SANDONA [52050040],Pluviométrica,Convencional,Activa,Nariño,Sandoná,1.3223,-77.4792,20,9/15/1963,,Cudayari,Pacifico,Patía,Río Guáitara,2005,12,Andes,Preliminar,0,0,0,4.71244812011719,4.71244812011719,5.76943254470825,3.33086657524109,3.45205521583557,3.93818187713623,4.62545442581177,5,5,0.789855062961578,0.967391312122345,1,1,15,1.03999996185303,0
03,2004-03-13,52050040,,"",SANDONA [52050040],Pluviométrica,Convencional,Activa,Nariño,Sandoná,1.3223,-77.4792,20,9/15/1963,,Cudayari,Pacifico,Patía,Río Guáitara,2004,13,Andes,Preliminar,0,0,0,1.45112836360931,1.45112836360931,0,0.252207696437836,0.0844105705618858,3.93818187713623,4.62545442581177,5,5,0.789855062961578,0.967391312122345,1,1,15,1.03999996185303,0
03,2004-03-10,52050040,2,Definitivo,SANDONA [52050040],Pluviométrica,Convencional,Activa,Nariño,Sandoná,1.3223,-77.4792,20,9/15/1963,,Cudayari,Pacifico,Patía,Río Guáitara,2004,10,Andes,Definitivo,2,2,0,0.388745427131653,0.388745427131653,0,0,0,3.93818187713623,4.62545442581177,5,5,0.789855062961578,0.967391312122345,1,1,14,1.03999996185303,2.07999992370605
03,2005-03-10,52050040,4,Definitivo,SANDONA [52050040],Pluviométrica,Convencional,Activa,Nariño,Sandoná,1.3223,-77.4792,20,9/15/1963,,Cudayari,Pacifico,Patía,Río Guáitara,2005,10,Andes,Definitivo,4,4,0,7.88805961608887,7.88805961608887,0,7.2278528213501,1.5497522354126,3.93818187713623,4.62545442581177,5,5,0.789855062961578,0.967391312122345,1,1,14,1.03999996185303,4.15999984741211
03,2005-03-11,52050040,,"",SANDONA [52050040],Pluviométrica,Convencional,Activa,Nariño,Sandoná,1.3223,-77.4792,20,9/15/1963,,Cudayari,Pacifico,Patía,Río Guáitara,2005,11,Andes,Preliminar,0,0,0,3.70037889480591,3.70037889480591,5.76943254470825,1.96027851104736,8.76883506774902,3.93818187713623,4.62545442581177,5,5,0.789855062961578,0.967391312122345,1,1,15,1.03999996185303,0
03,2008-03-09,52050040,0,Definitivo,SANDONA [52050040],Pluviométrica,Convencional,Activa,Nariño,Sandoná,1.3223,-77.4792,20,9/15/1963,,Cudayari,Pacifico,Patía,Río Guáitara,2008,09,Andes,Definitivo,0,0,0,4.92260980606079,4.92260980606079,5.96654939651489,5.99734115600586,2.31211280822754,3.93818187713623,4.62545442581177,5,5,0.789855062961578,0.967391312122345,1,1,14,1.03999996185303,0
03,2010-03-11,52050040,,"",SANDONA [52050040],Pluviométrica,Convencional,Activa,Nariño,Sandoná,1.3223,-77.4792,20,9/15/1963,,Cudayari,Pacifico,Patía,Río Guáitara,2010,11,Andes,Preliminar,0,0,0,6.10108757019043,6.10108757019043,7.0254807472229,1.31094872951508,5.74994993209839,3.93818187713623,4.62545442581177,5,5,0.789855062961578,0.967391312122345,1,1,15,1.03999996185303,0
03,2012-03-12,52050040,,"",SANDONA [52050040],Pluviométrica,Convencional,Activa,Nariño,Sandoná,1.3223,-77.4792,20,9/15/1963,,Cudayari,Pacifico,Patía,Río Guáitara,2012,12,Andes,Preliminar,0,0,0,2.53630948066711,2.53630948066711,0,1.0538637638092,0.157549977302551,3.93818187713623,4.62545442581177,5,5,0.789855062961578,0.967391312122345,1,1,15,1.03999996185303,0
03,2012-03-13,52050040,,"",SANDONA [52050040],Pluviométrica,Convencional,Activa,Nariño,Sandoná,1.3223,-77.4792,20,9/15/1963,,Cudayari,Pacifico,Patía,Río Guáitara,2012,13,Andes,Preliminar,0,0,0,4.2668342590332,4.2668342590332,10.0308361053467,0.990302860736847,7.31622695922852,3.93818187713623,4.62545442581177,5,5,0.789855062961578,0.967391312122345,1,1,15,1.03999996185303,0
03,2011-03-18,52050040,2,Definitivo,SANDONA [52050040],Pluviométrica,Convencional,Activa,Nariño,Sandoná,1.3223,-77.4792,20,9/15/1963,,Cudayari,Pacifico,Patía,Río Guáitara,2011,18,Andes,Definitivo,2,2,0,2.7749445438385,2.7749445438385,0,7.67023515701294,0,3.93818187713623,4.62545442581177,5,5,0.789855062961578,0.967391312122345,1,1,16,1.03999996185303,2.07999992370605
03,2010-03-22,52050040,,"",SANDONA [52050040],Pluviométrica,Convencional,Activa,Nariño,Sandoná,1.3223,-77.4792,20,9/15/1963,,Cudayari,Pacifico,Patía,Río Guáitara,2010,22,Andes,Preliminar,0,0,0,6.28595018386841,6.28595018386841,0,1.96198892593384,3.29372692108154,3.93818187713623,4.62545442581177,5,5,0.789855062961578,0.967391312122345,1,1,17,1.03999996185303,0
03,2010-03-23,52050040,,"",SANDONA [52050040],Pluviométrica,Convencional,Activa,Nariño,Sandoná,1.3223,-77.4792,20,9/15/1963,,Cudayari,Pacifico,Patía,Río Guáitara,2010,23,Andes,Preliminar,0,0,0,3.59450125694275,3.59450125694275,0,0.97093802690506,0,3.93818187713623,4.62545442581177,5,5,0.789855062961578,0.967391312122345,1,1,17,1.03999996185303,0
03,2012-03-24,52050040,34,Definitivo,SANDONA [52050040],Pluviométrica,Convencional,Activa,Nariño,Sandoná,1.3223,-77.4792,20,9/15/1963,,Cudayari,Pacifico,Patía,Río Guáitara,2012,24,Andes,Definitivo,34,34,0,7.31959199905396,7.31959199905396,26.4173679351807,12.2249612808228,37.1590919494629,3.93818187713623,4.62545442581177,5,5,0.789855062961578,0.967391312122345,1,1,17,1.03999996185303,35.3599987030029
03,2014-03-26,52050040,34,Definitivo,SANDONA [52050040],Pluviométrica,Convencional,Activa,Nariño,Sandoná,1.3223,-77.4792,20,9/15/1963,,Cudayari,Pacifico,Patía,Río Guáitara,2014,26,Andes,Definitivo,34,34,0,4.40033292770386,4.40033292770386,0,10.768744468689,9.48743057250977,3.93818187713623,4.62545442581177,5,5,0.789855062961578,0.967391312122345,1,1,18,1.03999996185303,35.3599987030029
03,2017-03-24,52050040,2,Definitivo,SANDONA [52050040],Pluviométrica,Convencional,Activa,Nariño,Sandoná,1.3223,-77.4792,20,9/15/1963,,Cudayari,Pacifico,Patía,Río Guáitara,2017,24,Andes,Definitivo,2,2,0,6.27633285522461,6.27633285522461,0,6.21748304367065,3.45691275596619,3.93818187713623,4.62545442581177,5,5,0.789855062961578,0.967391312122345,1,1,17,1.03999996185303,2.07999992370605
03,2017-03-25,52050040,38,Definitivo,SANDONA [52050040],Pluviométrica,Convencional,Activa,Nariño,Sandoná,1.3223,-77.4792,20,9/15/1963,,Cudayari,Pacifico,Patía,Río Guáitara,2017,25,Andes,Definitivo,38,38,0,2.31506562232971,2.31506562232971,19.3493347167969,6.36535549163818,9.00174617767334,3.93818187713623,4.62545442581177,5,5,0.789855062961578,0.967391312122345,1,1,17,1.03999996185303,39.519998550415
03,2022-03-24,52050040,0,En revisión,SANDONA [52050040],Pluviométrica,Convencional,Activa,Nariño,Sandoná,1.3223,-77.4792,20,9/15/1963,,Cudayari,Pacifico,Patía,Río Guáitara,2022,24,Andes,En revisión,0,0,0,3.21211671829224,3.21211671829224,0,2.04117393493652,0.689001321792603,3.93818187713623,4.62545442581177,5,5,0.789855062961578,0.967391312122345,1,1,17,1.03999996185303,0
03,2018-03-26,52050040,,"",SANDONA [52050040],Pluviométrica,Convencional,Activa,Nariño,Sandoná,1.3223,-77.4792,20,9/15/1963,,Cudayari,Pacifico,Patía,Río Guáitara,2018,26,Andes,Preliminar,0,0,0,5.88103771209717,5.88103771209717,0,6.15026903152466,0,3.93818187713623,4.62545442581177,5,5,0.789855062961578,0.967391312122345,1,1,18,1.03999996185303,0
03,2020-03-22,52050040,,"",SANDONA [52050040],Pluviométrica,Convencional,Activa,Nariño,Sandoná,1.3223,-77.4792,20,9/15/1963,,Cudayari,Pacifico,Patía,Río Guáitara,2020,22,Andes,Preliminar,0,0,0,0.881888628005981,0.881888628005981,0,0,0,3.93818187713623,4.62545442581177,5,5,0.789855062961578,0.967391312122345,1,1,17,1.03999996185303,0
03,2022-03-19,52050040,9,En revisión,SANDONA [52050040],Pluviométrica,Convencional,Activa,Nariño,Sandoná,1.3223,-77.4792,20,9/15/1963,,Cudayari,Pacifico,Patía,Río Guáitara,2022,19,Andes,En revisión,9,9,0,5.63898420333862,5.63898420333862,0,7.62162780761719,9.40785884857178,3.93818187713623,4.62545442581177,5,5,0.789855062961578,0.967391312122345,1,1,16,1.03999996185303,9.35999965667725
03,2022-03-16,52050040,9,En revisión,SANDONA [52050040],Pluviométrica,Convencional,Activa,Nariño,Sandoná,1.3223,-77.4792,20,9/15/1963,,Cudayari,Pacifico,Patía,Río Guáitara,2022,16,Andes,En revisión,9,9,0,9.05810165405273,9.05810165405273,0,5.27692461013794,5.47071361541748,3.93818187713623,4.62545442581177,5,5,0.789855062961578,0.967391312122345,1,1,16,1.03999996185303,9.35999965667725
03,2018-03-20,52050040,3,Definitivo,SANDONA [52050040],Pluviométrica,Convencional,Activa,Nariño,Sandoná,1.3223,-77.4792,20,9/15/1963,,Cudayari,Pacifico,Patía,Río Guáitara,2018,20,Andes,Definitivo,3,3,0,3.96436667442322,3.96436667442322,0,1.80161142349243,1.7756096124649,3.93818187713623,4.62545442581177,5,5,0.789855062961578,0.967391312122345,1,1,16,1.03999996185303,3.11999988555908
03,2019-03-18,52050040,15,Definitivo,SANDONA [52050040],Pluviométrica,Convencional,Activa,Nariño,Sandoná,1.3223,-77.4792,20,9/15/1963,,Cudayari,Pacifico,Patía,Río Guáitara,2019,18,Andes,Definitivo,15,15,0,2.10436964035034,2.10436964035034,0,0,0,3.93818187713623,4.62545442581177,5,5,0.789855062961578,0.967391312122345,1,1,16,1.03999996185303,15.5999994277954
03,2020-03-15,52050040,16,En revisión,SANDONA [52050040],Pluviométrica,Convencional,Activa,Nariño,Sandoná,1.3223,-77.4792,20,9/15/1963,,Cudayari,Pacifico,Patía,Río Guáitara,2020,15,Andes,En revisión,16,16,0,1.83179247379303,1.83179247379303,0,0.405862659215927,0.216950938105583,3.93818187713623,4.62545442581177,5,5,0.789855062961578,0.967391312122345,1,1,15,1.03999996185303,16.6399993896484
03,2018-03-16,52050040,,"",SANDONA [52050040],Pluviométrica,Convencional,Activa,Nariño,Sandoná,1.3223,-77.4792,20,9/15/1963,,Cudayari,Pacifico,Patía,Río Guáitara,2018,16,Andes,Preliminar,0,0,0,2.03624820709229,2.03624820709229,15.5803232192993,0.534703731536865,0.792750895023346,3.93818187713623,4.62545442581177,5,5,0.789855062961578,0.967391312122345,1,1,16,1.03999996185303,0
03,2018-03-15,52050040,,"",SANDONA [52050040],Pluviométrica,Convencional,Activa,Nariño,Sandoná,1.3223,-77.4792,20,9/15/1963,,Cudayari,Pacifico,Patía,Río Guáitara,2018,15,Andes,Preliminar,0,0,0,4.61308717727661,4.61308717727661,0,0,0,3.93818187713623,4.62545442581177,5,5,0.789855062961578,0.967391312122345,1,1,15,1.03999996185303,0
03,2020-03-11,52050040,,"",SANDONA [52050040],Pluviométrica,Convencional,Activa,Nariño,Sandoná,1.3223,-77.4792,20,9/15/1963,,Cudayari,Pacifico,Patía,Río Guáitara,2020,11,Andes,Preliminar,0,0,0,1.6624037027359,1.6624037027359,0,0.534161627292633,0.475699812173843,3.93818187713623,4.62545442581177,5,5,0.789855062961578,0.967391312122345,1,1,15,1.03999996185303,0
03,2021-03-09,52050040,30,En revisión,SANDONA [52050040],Pluviométrica,Convencional,Activa,Nariño,Sandoná,1.3223,-77.4792,20,9/15/1963,,Cudayari,Pacifico,Patía,Río Guáitara,2021,09,Andes,En revisión,30,30,0,6.06997442245483,6.06997442245483,0,15.6085872650146,14.6040935516357,3.93818187713623,4.62545442581177,5,5,0.789855062961578,0.967391312122345,1,1,14,1.03999996185303,31.1999988555908
03,2021-03-08,52050040,20,En revisión,SANDONA [52050040],Pluviométrica,Convencional,Activa,Nariño,Sandoná,1.3223,-77.4792,20,9/15/1963,,Cudayari,Pacifico,Patía,Río Guáitara,2021,08,Andes,En revisión,20,20,0,7.47912263870239,7.47912263870239,0,13.164571762085,15.8780851364136,3.93818187713623,4.62545442581177,5,5,0.789855062961578,0.967391312122345,1,1,14,1.03999996185303,20.7999992370605
03,2023-03-05,52050040,14,En revisión,SANDONA [52050040],Pluviométrica,Convencional,Activa,Nariño,Sandoná,1.3223,-77.4792,20,9/15/1963,,Cudayari,Pacifico,Patía,Río Guáitara,2023,05,Andes,En revisión,14,14,0,4.48839139938355,4.48839139938355,0,0,0,3.93818187713623,4.62545442581177,5,5,0.789855062961578,0.967391312122345,1,1,13,1.03999996185303,14.5599994659424
03,2001-03-29,52050040,,"",SANDONA [52050040],Pluviométrica,Convencional,Activa,Nariño,Sandoná,1.3223,-77.4792,20,9/15/1963,,Cudayari,Pacifico,Patía,Río Guáitara,2001,29,Andes,Preliminar,0,0,0,3.04220795631409,3.04220795631409,12.568263053894,2.23248219490051,1.06158304214478,3.93818187713623,4.62545442581177,5,5,0.789855062961578,0.967391312122345,1,1,18,1.03999996185303,0
03,2002-03-27,52050040,4,Definitivo,SANDONA [52050040],Pluviométrica,Convencional,Activa,Nariño,Sandoná,1.3223,-77.4792,20,9/15/1963,,Cudayari,Pacifico,Patía,Río Guáitara,2002,27,Andes,Definitivo,4,4,0,10.169545173645,10.169545173645,0,4.60879516601563,3.87402510643005,3.93818187713623,4.62545442581177,5,5,0.789855062961578,0.967391312122345,1,1,18,1.03999996185303,4.15999984741211
03,2001-03-28,52050040,,"",SANDONA [52050040],Pluviométrica,Convencional,Activa,Nariño,Sandoná,1.3223,-77.4792,20,9/15/1963,,Cudayari,Pacifico,Patía,Río Guáitara,2001,28,Andes,Preliminar,0,0,0,4.22941112518311,4.22941112518311,0,0.566718578338623,0.857104659080505,3.93818187713623,4.62545442581177,5,5,0.789855062961578,0.967391312122345,1,1,18,1.03999996185303,0
03,2002-03-26,52050040,,"",SANDONA [52050040],Pluviométrica,Convencional,Activa,Nariño,Sandoná,1.3223,-77.4792,20,9/15/1963,,Cudayari,Pacifico,Patía,Río Guáitara,2002,26,Andes,Preliminar,0,0,0,5.34307050704956,5.34307050704956,0,0.971481621265411,0,3.93818187713623,4.62545442581177,5,5,0.789855062961578,0.967391312122345,1,1,18,1.03999996185303,0
03,2003-03-24,52050040,,"",SANDONA [52050040],Pluviométrica,Convencional,Activa,Nariño,Sandoná,1.3223,-77.4792,20,9/15/1963,,Cudayari,Pacifico,Patía,Río Guáitara,2003,24,Andes,Preliminar,0,0,0,0.0218446627259254,0.0218446627259254,0,0.828417181968689,0,3.93818187713623,4.62545442581177,5,5,0.789855062961578,0.967391312122345,1,1,17,1.03999996185303,0
03,2004-03-21,52050040,,"",SANDONA [52050040],Pluviométrica,Convencional,Activa,Nariño,Sandoná,1.3223,-77.4792,20,9/15/1963,,Cudayari,Pacifico,Patía,Río Guáitara,2004,21,Andes,Preliminar,0,0,0,4.83758783340454,4.83758783340454,0,0.96347713470459,0,3.93818187713623,4.62545442581177,5,5,0.789855062961578,0.967391312122345,1,1,17,1.03999996185303,0
03,2005-03-19,52050040,,"",SANDONA [52050040],Pluviométrica,Convencional,Activa,Nariño,Sandoná,1.3223,-77.4792,20,9/15/1963,,Cudayari,Pacifico,Patía,Río Guáitara,2005,19,Andes,Preliminar,0,0,0,5.03806591033936,5.03806591033936,23.1394176483154,4.75441741943359,11.211576461792,3.93818187713623,4.62545442581177,5,5,0.789855062961578,0.967391312122345,1,1,16,1.03999996185303,0
03,2006-03-17,52050040,8,Definitivo,SANDONA [52050040],Pluviométrica,Convencional,Activa,Nariño,Sandoná,1.3223,-77.4792,20,9/15/1963,,Cudayari,Pacifico,Patía,Río Guáitara,2006,17,Andes,Definitivo,8,8,0,7.41815662384033,7.41815662384033,0,5.24913120269775,0.0573796033859253,3.93818187713623,4.62545442581177,5,5,0.789855062961578,0.967391312122345,1,1,16,1.03999996185303,8.31999969482422
03,2007-03-15,52050040,28,Definitivo,SANDONA [52050040],Pluviométrica,Convencional,Activa,Nariño,Sandoná,1.3223,-77.4792,20,9/15/1963,,Cudayari,Pacifico,Patía,Río Guáitara,2007,15,Andes,Definitivo,28,28,0,9.09099674224854,9.09099674224854,0,5.8910403251648,4.84685468673706,3.93818187713623,4.62545442581177,5,5,0.789855062961578,0.967391312122345,1,1,15,1.03999996185303,29.1199989318848
03,2005-03-15,52050040,5,Definitivo,SANDONA [52050040],Pluviométrica,Convencional,Activa,Nariño,Sandoná,1.3223,-77.4792,20,9/15/1963,,Cudayari,Pacifico,Patía,Río Guáitara,2005,15,Andes,Definitivo,5,5,0,6.17994976043701,6.17994976043701,11.5388650894165,4.44956159591675,5.2602744102478,3.93818187713623,4.62545442581177,5,5,0.789855062961578,0.967391312122345,1,1,15,1.03999996185303,5.19999980926514
03,2006-03-13,52050040,9,Definitivo,SANDONA [52050040],Pluviométrica,Convencional,Activa,Nariño,Sandoná,1.3223,-77.4792,20,9/15/1963,,Cudayari,Pacifico,Patía,Río Guáitara,2006,13,Andes,Definitivo,9,9,0,5.10639524459839,5.10639524459839,27.1090469360352,5.01484155654907,3.48746275901794,3.93818187713623,4.62545442581177,5,5,0.789855062961578,0.967391312122345,1,1,15,1.03999996185303,9.35999965667725
03,2006-03-12,52050040,2,Definitivo,SANDONA [52050040],Pluviométrica,Convencional,Activa,Nariño,Sandoná,1.3223,-77.4792,20,9/15/1963,,Cudayari,Pacifico,Patía,Río Guáitara,2006,12,Andes,Definitivo,2,2,0,8.97770595550537,8.97770595550537,27.1090469360352,4.59774208068848,7.93549299240112,3.93818187713623,4.62545442581177,5,5,0.789855062961578,0.967391312122345,1,1,15,1.03999996185303,2.07999992370605
03,2002-03-14,52050040,,"",SANDONA [52050040],Pluviométrica,Convencional,Activa,Nariño,Sandoná,1.3223,-77.4792,20,9/15/1963,,Cudayari,Pacifico,Patía,Río Guáitara,2002,14,Andes,Preliminar,0,0,0,3.25071263313293,3.25071263313293,0,2.07147932052612,0.381278097629547,3.93818187713623,4.62545442581177,5,5,0.789855062961578,0.967391312122345,1,1,15,1.03999996185303,0
03,2006-03-07,52050040,32,Definitivo,SANDONA [52050040],Pluviométrica,Convencional,Activa,Nariño,Sandoná,1.3223,-77.4792,20,9/15/1963,,Cudayari,Pacifico,Patía,Río Guáitara,2006,07,Andes,Definitivo,32,32,0,4.44356298446655,4.44356298446655,0,7.0165057182312,1.19987118244171,3.93818187713623,4.62545442581177,5,5,0.789855062961578,0.967391312122345,1,1,14,1.03999996185303,33.2799987792969
03,2006-03-08,52050040,15,Definitivo,SANDONA [52050040],Pluviométrica,Convencional,Activa,Nariño,Sandoná,1.3223,-77.4792,20,9/15/1963,,Cudayari,Pacifico,Patía,Río Guáitara,2006,08,Andes,Definitivo,15,15,0,7.08012008666992,7.08012008666992,0,7.12071180343628,20.6385612487793,3.93818187713623,4.62545442581177,5,5,0.789855062961578,0.967391312122345,1,1,14,1.03999996185303,15.5999994277954
03,2009-03-06,52050040,,"",SANDONA [52050040],Pluviométrica,Convencional,Activa,Nariño,Sandoná,1.3223,-77.4792,20,9/15/1963,,Cudayari,Pacifico,Patía,Río Guáitara,2009,06,Andes,Preliminar,0,0,0,3.63821506500244,3.63821506500244,0,0,0,3.93818187713623,4.62545442581177,5,5,0.789855062961578,0.967391312122345,1,1,14,1.03999996185303,0
03,2008-03-10,52050040,10,Definitivo,SANDONA [52050040],Pluviométrica,Convencional,Activa,Nariño,Sandoná,1.3223,-77.4792,20,9/15/1963,,Cudayari,Pacifico,Patía,Río Guáitara,2008,10,Andes,Definitivo,10,10,0,7.11238241195679,7.11238241195679,5.96654939651489,9.1632776260376,8.85284233093262,3.93818187713623,4.62545442581177,5,5,0.789855062961578,0.967391312122345,1,1,14,1.03999996185303,10.3999996185303
03,2013-03-09,52050040,1,Definitivo,SANDONA [52050040],Pluviométrica,Convencional,Activa,Nariño,Sandoná,1.3223,-77.4792,20,9/15/1963,,Cudayari,Pacifico,Patía,Río Guáitara,2013,09,Andes,Definitivo,1,1,0,5.55389499664307,5.55389499664307,0,1.33755815029144,0,3.93818187713623,4.62545442581177,5,5,0.789855062961578,0.967391312122345,1,1,14,1.03999996185303,1.03999996185303
03,2013-03-10,52050040,,"",SANDONA [52050040],Pluviométrica,Convencional,Activa,Nariño,Sandoná,1.3223,-77.4792,20,9/15/1963,,Cudayari,Pacifico,Patía,Río Guáitara,2013,10,Andes,Preliminar,0,0,0,3.1714460849762,3.1714460849762,0,3.65629386901855,0.116334520280361,3.93818187713623,4.62545442581177,5,5,0.789855062961578,0.967391312122345,1,1,14,1.03999996185303,0
03,2012-03-14,52050040,,"",SANDONA [52050040],Pluviométrica,Convencional,Activa,Nariño,Sandoná,1.3223,-77.4792,20,9/15/1963,,Cudayari,Pacifico,Patía,Río Guáitara,2012,14,Andes,Preliminar,0,0,0,4.04498672485352,4.04498672485352,0,1.12615656852722,0.256018698215485,3.93818187713623,4.62545442581177,5,5,0.789855062961578,0.967391312122345,1,1,15,1.03999996185303,0
03,2011-03-19,52050040,48,Definitivo,SANDONA [52050040],Pluviométrica,Convencional,Activa,Nariño,Sandoná,1.3223,-77.4792,20,9/15/1963,,Cudayari,Pacifico,Patía,Río Guáitara,2011,19,Andes,Definitivo,48,48,0,5.66361618041992,5.66361618041992,12.3820676803589,6.97907161712647,17.6850547790527,3.93818187713623,4.62545442581177,5,5,0.789855062961578,0.967391312122345,1,1,16,1.03999996185303,49.9199981689453
03,2011-03-20,52050040,13,Definitivo,SANDONA [52050040],Pluviométrica,Convencional,Activa,Nariño,Sandoná,1.3223,-77.4792,20,9/15/1963,,Cudayari,Pacifico,Patía,Río Guáitara,2011,20,Andes,Definitivo,13,13,0,5.77734327316284,5.77734327316284,49.5282707214356,8.51565170288086,17.2706928253174,3.93818187713623,4.62545442581177,5,5,0.789855062961578,0.967391312122345,1,1,16,1.03999996185303,13.5199995040894
03,2013-03-21,52050040,3,Definitivo,SANDONA [52050040],Pluviométrica,Convencional,Activa,Nariño,Sandoná,1.3223,-77.4792,20,9/15/1963,,Cudayari,Pacifico,Patía,Río Guáitara,2013,21,Andes,Definitivo,3,3,0,17.6976127624512,17.6976127624512,15.3596162796021,18.0156421661377,23.0856685638428,3.93818187713623,4.62545442581177,5,5,0.789855062961578,0.967391312122345,1,1,17,1.03999996185303,3.11999988555908
03,2012-03-25,52050040,,"",SANDONA [52050040],Pluviométrica,Convencional,Activa,Nariño,Sandoná,1.3223,-77.4792,20,9/15/1963,,Cudayari,Pacifico,Patía,Río Guáitara,2012,25,Andes,Preliminar,0,0,0,7.40831661224365,7.40831661224365,26.4173679351807,4.77863645553589,9.91902637481689,3.93818187713623,4.62545442581177,5,5,0.789855062961578,0.967391312122345,1,1,17,1.03999996185303,0
03,2015-03-24,52050040,4,Definitivo,SANDONA [52050040],Pluviométrica,Convencional,Activa,Nariño,Sandoná,1.3223,-77.4792,20,9/15/1963,,Cudayari,Pacifico,Patía,Río Guáitara,2015,24,Andes,Definitivo,4,4,0,2.1723256111145,2.1723256111145,17.7700424194336,3.41883301734924,10.2544298171997,3.93818187713623,4.62545442581177,5,5,0.789855062961578,0.967391312122345,1,1,17,1.03999996185303,4.15999984741211
03,2015-03-25,52050040,1,Definitivo,SANDONA [52050040],Pluviométrica,Convencional,Activa,Nariño,Sandoná,1.3223,-77.4792,20,9/15/1963,,Cudayari,Pacifico,Patía,Río Guáitara,2015,25,Andes,Definitivo,1,1,0,2.42098212242126,2.42098212242126,8.8850212097168,4.71874332427979,0.19944104552269,3.93818187713623,4.62545442581177,5,5,0.789855062961578,0.967391312122345,1,1,17,1.03999996185303,1.03999996185303
03,2020-03-23,52050040,1,En revisión,SANDONA [52050040],Pluviométrica,Convencional,Activa,Nariño,Sandoná,1.3223,-77.4792,20,9/15/1963,,Cudayari,Pacifico,Patía,Río Guáitara,2020,23,Andes,En revisión,1,1,0,5.87768745422363,5.87768745422363,0,0,0,3.93818187713623,4.62545442581177,5,5,0.789855062961578,0.967391312122345,1,1,17,1.03999996185303,1.03999996185303
03,2020-03-24,52050040,,"",SANDONA [52050040],Pluviométrica,Convencional,Activa,Nariño,Sandoná,1.3223,-77.4792,20,9/15/1963,,Cudayari,Pacifico,Patía,Río Guáitara,2020,24,Andes,Preliminar,0,0,0,2.10899782180786,2.10899782180786,0,0,0,3.93818187713623,4.62545442581177,5,5,0.789855062961578,0.967391312122345,1,1,17,1.03999996185303,0
03,2022-03-21,52050040,2,En revisión,SANDONA [52050040],Pluviométrica,Convencional,Activa,Nariño,Sandoná,1.3223,-77.4792,20,9/15/1963,,Cudayari,Pacifico,Patía,Río Guáitara,2022,21,Andes,En revisión,2,2,0,3.14082789421082,3.14082789421082,3.58471202850342,2.26912331581116,5.85361671447754,3.93818187713623,4.62545442581177,5,5,0.789855062961578,0.967391312122345,1,1,17,1.03999996185303,2.07999992370605
03,2018-03-23,52050040,5,Definitivo,SANDONA [52050040],Pluviométrica,Convencional,Activa,Nariño,Sandoná,1.3223,-77.4792,20,9/15/1963,,Cudayari,Pacifico,Patía,Río Guáitara,2018,23,Andes,Definitivo,5,5,0,3.77705216407776,3.77705216407776,4.62587356567383,2.96856665611267,0.27807080745697,3.93818187713623,4.62545442581177,5,5,0.789855062961578,0.967391312122345,1,1,17,1.03999996185303,5.19999980926514
03,2020-03-19,52050040,5,En revisión,SANDONA [52050040],Pluviométrica,Convencional,Activa,Nariño,Sandoná,1.3223,-77.4792,20,9/15/1963,,Cudayari,Pacifico,Patía,Río Guáitara,2020,19,Andes,En revisión,5,5,0,1.8850839138031,1.8850839138031,0,0,0,3.93818187713623,4.62545442581177,5,5,0.789855062961578,0.967391312122345,1,1,16,1.03999996185303,5.19999980926514
03,2020-03-18,52050040,22,En revisión,SANDONA [52050040],Pluviométrica,Convencional,Activa,Nariño,Sandoná,1.3223,-77.4792,20,9/15/1963,,Cudayari,Pacifico,Patía,Río Guáitara,2020,18,Andes,En revisión,22,22,0,1.3577162027359,1.3577162027359,0,0,0,3.93818187713623,4.62545442581177,5,5,0.789855062961578,0.967391312122345,1,1,16,1.03999996185303,22.8799991607666
03,2018-03-19,52050040,15,Definitivo,SANDONA [52050040],Pluviométrica,Convencional,Activa,Nariño,Sandoná,1.3223,-77.4792,20,9/15/1963,,Cudayari,Pacifico,Patía,Río Guáitara,2018,19,Andes,Definitivo,15,15,0,6.88723659515381,6.88723659515381,0,3.77952361106873,0.971452474594116,3.93818187713623,4.62545442581177,5,5,0.789855062961578,0.967391312122345,1,1,16,1.03999996185303,15.5999994277954
03,2019-03-17,52050040,,"",SANDONA [52050040],Pluviométrica,Convencional,Activa,Nariño,Sandoná,1.3223,-77.4792,20,9/15/1963,,Cudayari,Pacifico,Patía,Río Guáitara,2019,17,Andes,Preliminar,0,0,0,1.14659059047699,1.14659059047699,0,0,0,3.93818187713623,4.62545442581177,5,5,0.789855062961578,0.967391312122345,1,1,16,1.03999996185303,0
03,2017-03-17,52050040,16,Definitivo,SANDONA [52050040],Pluviométrica,Convencional,Activa,Nariño,Sandoná,1.3223,-77.4792,20,9/15/1963,,Cudayari,Pacifico,Patía,Río Guáitara,2017,17,Andes,Definitivo,16,16,0,2.58967471122742,2.58967471122742,0,2.49904084205627,3.51590824127197,3.93818187713623,4.62545442581177,5,5,0.789855062961578,0.967391312122345,1,1,16,1.03999996185303,16.6399993896484
03,2017-03-16,52050040,3,Definitivo,SANDONA [52050040],Pluviométrica,Convencional,Activa,Nariño,Sandoná,1.3223,-77.4792,20,9/15/1963,,Cudayari,Pacifico,Patía,Río Guáitara,2017,16,Andes,Definitivo,3,3,0,2.89652466773987,2.89652466773987,0,0.821831226348877,0.913519978523254,3.93818187713623,4.62545442581177,5,5,0.789855062961578,0.967391312122345,1,1,16,1.03999996185303,3.11999988555908
03,2019-03-13,52050040,,"",SANDONA [52050040],Pluviométrica,Convencional,Activa,Nariño,Sandoná,1.3223,-77.4792,20,9/15/1963,,Cudayari,Pacifico,Patía,Río Guáitara,2019,13,Andes,Preliminar,0,0,0,4.91914081573486,4.91914081573486,7.56342887878418,0.994169056415558,5.1134991645813,3.93818187713623,4.62545442581177,5,5,0.789855062961578,0.967391312122345,1,1,15,1.03999996185303,0
03,2020-03-10,52050040,4,En revisión,SANDONA [52050040],Pluviométrica,Convencional,Activa,Nariño,Sandoná,1.3223,-77.4792,20,9/15/1963,,Cudayari,Pacifico,Patía,Río Guáitara,2020,10,Andes,En revisión,4,4,0,3.99676871299744,3.99676871299744,0,1.46924734115601,0,3.93818187713623,4.62545442581177,5,5,0.789855062961578,0.967391312122345,1,1,14,1.03999996185303,4.15999984741211
03,2020-03-09,52050040,7,En revisión,SANDONA [52050040],Pluviométrica,Convencional,Activa,Nariño,Sandoná,1.3223,-77.4792,20,9/15/1963,,Cudayari,Pacifico,Patía,Río Guáitara,2020,09,Andes,En revisión,7,7,0,3.82923769950867,3.82923769950867,0,0.621554851531982,0.697191178798676,3.93818187713623,4.62545442581177,5,5,0.789855062961578,0.967391312122345,1,1,14,1.03999996185303,7.27999973297119
03,2022-03-06,52050040,12,En revisión,SANDONA [52050040],Pluviométrica,Convencional,Activa,Nariño,Sandoná,1.3223,-77.4792,20,9/15/1963,,Cudayari,Pacifico,Patía,Río Guáitara,2022,06,Andes,En revisión,12,12,0,4.83468198776245,4.83468198776245,16.9783840179443,6.61360931396484,2.25387096405029,3.93818187713623,4.62545442581177,5,5,0.789855062961578,0.967391312122345,1,1,14,1.03999996185303,12.4799995422363
03,2023-03-04,52050040,0,En revisión,SANDONA [52050040],Pluviométrica,Convencional,Activa,Nariño,Sandoná,1.3223,-77.4792,20,9/15/1963,,Cudayari,Pacifico,Patía,Río Guáitara,2023,04,Andes,En revisión,0,0,0,1.8386607170105,1.8386607170105,0,0,0,3.93818187713623,4.62545442581177,5,5,0.789855062961578,0.967391312122345,1,1,13,1.03999996185303,0
03,2023-03-03,52050040,,"",SANDONA [52050040],Pluviométrica,Convencional,Activa,Nariño,Sandoná,1.3223,-77.4792,20,9/15/1963,,Cudayari,Pacifico,Patía,Río Guáitara,2023,03,Andes,Preliminar,0,0,0,2.13790941238403,2.13790941238403,0,0,0,3.93818187713623,4.62545442581177,5,5,0.789855062961578,0.967391312122345,1,1,13,1.03999996185303,0
03,2023-03-02,52050040,,"",SANDONA [52050040],Pluviométrica,Convencional,Activa,Nariño,Sandoná,1.3223,-77.4792,20,9/15/1963,,Cudayari,Pacifico,Patía,Río Guáitara,2023,02,Andes,Preliminar,0,0,0,1.91508090496063,1.91508090496063,0,0,0,3.93818187713623,4.62545442581177,5,5,0.789855062961578,0.967391312122345,1,1,13,1.03999996185303,0
03,2001-03-27,52050040,,"",SANDONA [52050040],Pluviométrica,Convencional,Activa,Nariño,Sandoná,1.3223,-77.4792,20,9/15/1963,,Cudayari,Pacifico,Patía,Río Guáitara,2001,27,Andes,Preliminar,0,0,0,3.41320872306824,3.41320872306824,0,1.35656070709229,0.851992726325989,3.93818187713623,4.62545442581177,5,5,0.789855062961578,0.967391312122345,1,1,18,1.03999996185303,0
03,2002-03-25,52050040,,"",SANDONA [52050040],Pluviométrica,Convencional,Activa,Nariño,Sandoná,1.3223,-77.4792,20,9/15/1963,,Cudayari,Pacifico,Patía,Río Guáitara,2002,25,Andes,Preliminar,0,0,0,1.36518120765686,1.36518120765686,2.76852440834045,0.718965411186218,1.05103063583374,3.93818187713623,4.62545442581177,5,5,0.789855062961578,0.967391312122345,1,1,17,1.03999996185303,0
03,2003-03-23,52050040,4,Definitivo,SANDONA [52050040],Pluviométrica,Convencional,Activa,Nariño,Sandoná,1.3223,-77.4792,20,9/15/1963,,Cudayari,Pacifico,Patía,Río Guáitara,2003,23,Andes,Definitivo,4,4,0,0.924757480621338,0.924757480621338,0,0.878625631332398,3.5125675201416,3.93818187713623,4.62545442581177,5,5,0.789855062961578,0.967391312122345,1,1,17,1.03999996185303,4.15999984741211
03,2004-03-20,52050040,,"",SANDONA [52050040],Pluviométrica,Convencional,Activa,Nariño,Sandoná,1.3223,-77.4792,20,9/15/1963,,Cudayari,Pacifico,Patía,Río Guáitara,2004,20,Andes,Preliminar,0,0,0,0.38676905632019,0.38676905632019,0,0,0,3.93818187713623,4.62545442581177,5,5,0.789855062961578,0.967391312122345,1,1,16,1.03999996185303,0
03,2005-03-18,52050040,13,Definitivo,SANDONA [52050040],Pluviométrica,Convencional,Activa,Nariño,Sandoná,1.3223,-77.4792,20,9/15/1963,,Cudayari,Pacifico,Patía,Río Guáitara,2005,18,Andes,Definitivo,13,13,0,4.87736225128174,4.87736225128174,5.78485441207886,5.42498874664307,11.0038623809814,3.93818187713623,4.62545442581177,5,5,0.789855062961578,0.967391312122345,1,1,16,1.03999996185303,13.5199995040894
03,2006-03-16,52050040,,"",SANDONA [52050040],Pluviométrica,Convencional,Activa,Nariño,Sandoná,1.3223,-77.4792,20,9/15/1963,,Cudayari,Pacifico,Patía,Río Guáitara,2006,16,Andes,Preliminar,0,0,0,5.30797958374023,5.30797958374023,12.6992197036743,3.01531291007996,17.9177398681641,3.93818187713623,4.62545442581177,5,5,0.789855062961578,0.967391312122345,1,1,16,1.03999996185303,0
03,2004-03-16,52050040,,"",SANDONA [52050040],Pluviométrica,Convencional,Activa,Nariño,Sandoná,1.3223,-77.4792,20,9/15/1963,,Cudayari,Pacifico,Patía,Río Guáitara,2004,16,Andes,Preliminar,0,0,0,1.06361484527588,1.06361484527588,8.17746353149414,0,0,3.93818187713623,4.62545442581177,5,5,0.789855062961578,0.967391312122345,1,1,16,1.03999996185303,0
03,2002-03-17,52050040,,"",SANDONA [52050040],Pluviométrica,Convencional,Activa,Nariño,Sandoná,1.3223,-77.4792,20,9/15/1963,,Cudayari,Pacifico,Patía,Río Guáitara,2002,17,Andes,Preliminar,0,0,0,6.17153644561768,6.17153644561768,10.1631412506104,4.94064664840698,5.08328628540039,3.93818187713623,4.62545442581177,5,5,0.789855062961578,0.967391312122345,1,1,16,1.03999996185303,0
03,2002-03-16,52050040,,"",SANDONA [52050040],Pluviométrica,Convencional,Activa,Nariño,Sandoná,1.3223,-77.4792,20,9/15/1963,,Cudayari,Pacifico,Patía,Río Guáitara,2002,16,Andes,Preliminar,0,0,0,2.04417514801025,2.04417514801025,10.1631412506104,4.14361715316772,0.041253000497818,3.93818187713623,4.62545442581177,5,5,0.789855062961578,0.967391312122345,1,1,16,1.03999996185303,0
03,2004-03-12,52050040,,"",SANDONA [52050040],Pluviométrica,Convencional,Activa,Nariño,Sandoná,1.3223,-77.4792,20,9/15/1963,,Cudayari,Pacifico,Patía,Río Guáitara,2004,12,Andes,Preliminar,0,0,0,2.37737989425659,2.37737989425659,0,0.282707244157791,0.25998455286026,3.93818187713623,4.62545442581177,5,5,0.789855062961578,0.967391312122345,1,1,15,1.03999996185303,0
03,2002-03-11,52050040,,"",SANDONA [52050040],Pluviométrica,Convencional,Activa,Nariño,Sandoná,1.3223,-77.4792,20,9/15/1963,,Cudayari,Pacifico,Patía,Río Guáitara,2002,11,Andes,Preliminar,0,0,0,1.13396954536438,1.13396954536438,3.78387784957886,1.50537419319153,1.77721476554871,3.93818187713623,4.62545442581177,5,5,0.789855062961578,0.967391312122345,1,1,15,1.03999996185303,0
03,2004-03-07,52050040,3,Definitivo,SANDONA [52050040],Pluviométrica,Convencional,Activa,Nariño,Sandoná,1.3223,-77.4792,20,9/15/1963,,Cudayari,Pacifico,Patía,Río Guáitara,2004,07,Andes,Definitivo,3,3,0,6.53462553024292,6.53462553024292,0,0,0,3.93818187713623,4.62545442581177,5,5,0.789855062961578,0.967391312122345,1,1,14,1.03999996185303,3.11999988555908
03,2004-03-08,52050040,,"",SANDONA [52050040],Pluviométrica,Convencional,Activa,Nariño,Sandoná,1.3223,-77.4792,20,9/15/1963,,Cudayari,Pacifico,Patía,Río Guáitara,2004,08,Andes,Preliminar,0,0,0,1.7308429479599,1.7308429479599,0,0,0,3.93818187713623,4.62545442581177,5,5,0.789855062961578,0.967391312122345,1,1,14,1.03999996185303,0
03,2009-03-07,52050040,,"",SANDONA [52050040],Pluviométrica,Convencional,Activa,Nariño,Sandoná,1.3223,-77.4792,20,9/15/1963,,Cudayari,Pacifico,Patía,Río Guáitara,2009,07,Andes,Preliminar,0,0,0,2.51108145713806,2.51108145713806,0,0,0,3.93818187713623,4.62545442581177,5,5,0.789855062961578,0.967391312122345,1,1,14,1.03999996185303,0
03,2008-03-11,52050040,,"",SANDONA [52050040],Pluviométrica,Convencional,Activa,Nariño,Sandoná,1.3223,-77.4792,20,9/15/1963,,Cudayari,Pacifico,Patía,Río Guáitara,2008,11,Andes,Preliminar,0,0,0,3.14631080627441,3.14631080627441,7.26883554458618,9.42458343505859,2.78213095664978,3.93818187713623,4.62545442581177,5,5,0.789855062961578,0.967391312122345,1,1,15,1.03999996185303,0
03,2011-03-10,52050040,,"",SANDONA [52050040],Pluviométrica,Convencional,Activa,Nariño,Sandoná,1.3223,-77.4792,20,9/15/1963,,Cudayari,Pacifico,Patía,Río Guáitara,2011,10,Andes,Preliminar,0,0,0,0,0,7.93567895889282,3.53740978240967,0.132289886474609,3.93818187713623,4.62545442581177,5,5,0.789855062961578,0.967391312122345,1,1,14,1.03999996185303,0
03,2013-03-11,52050040,,"",SANDONA [52050040],Pluviométrica,Convencional,Activa,Nariño,Sandoná,1.3223,-77.4792,20,9/15/1963,,Cudayari,Pacifico,Patía,Río Guáitara,2013,11,Andes,Preliminar,0,0,0,0.776581764221191,0.776581764221191,0,0,0,3.93818187713623,4.62545442581177,5,5,0.789855062961578,0.967391312122345,1,1,15,1.03999996185303,0
03,2012-03-15,52050040,1,Definitivo,SANDONA [52050040],Pluviométrica,Convencional,Activa,Nariño,Sandoná,1.3223,-77.4792,20,9/15/1963,,Cudayari,Pacifico,Patía,Río Guáitara,2012,15,Andes,Definitivo,1,1,0,3.00349497795105,3.00349497795105,3.34361219406128,0.977771043777466,0.502190470695496,3.93818187713623,4.62545442581177,5,5,0.789855062961578,0.967391312122345,1,1,15,1.03999996185303,1.03999996185303
03,2012-03-16,52050040,,"",SANDONA [52050040],Pluviométrica,Convencional,Activa,Nariño,Sandoná,1.3223,-77.4792,20,9/15/1963,,Cudayari,Pacifico,Patía,Río Guáitara,2012,16,Andes,Preliminar,0,0,0,6.29620742797852,6.29620742797852,0,3.48824954032898,5.57624864578247,3.93818187713623,4.62545442581177,5,5,0.789855062961578,0.967391312122345,1,1,16,1.03999996185303,0
03,2011-03-21,52050040,0,Definitivo,SANDONA [52050040],Pluviométrica,Convencional,Activa,Nariño,Sandoná,1.3223,-77.4792,20,9/15/1963,,Cudayari,Pacifico,Patía,Río Guáitara,2011,21,Andes,Definitivo,0,0,0,0.414477109909058,0.414477109909058,39.1141090393066,7.5559573173523,12.4179992675781,3.93818187713623,4.62545442581177,5,5,0.789855062961578,0.967391312122345,1,1,17,1.03999996185303,0
03,2013-03-22,52050040,,"",SANDONA [52050040],Pluviométrica,Convencional,Activa,Nariño,Sandoná,1.3223,-77.4792,20,9/15/1963,,Cudayari,Pacifico,Patía,Río Guáitara,2013,22,Andes,Preliminar,0,0,0,19.9981498718262,19.9981498718262,7.67980813980103,3.82443189620972,3.12902569770813,3.93818187713623,4.62545442581177,5,5,0.789855062961578,0.967391312122345,1,1,17,1.03999996185303,0
03,2013-03-23,52050040,,"",SANDONA [52050040],Pluviométrica,Convencional,Activa,Nariño,Sandoná,1.3223,-77.4792,20,9/15/1963,,Cudayari,Pacifico,Patía,Río Guáitara,2013,23,Andes,Preliminar,0,0,0,19.3275203704834,19.3275203704834,3.83990406990051,7.36661243438721,1.77961850166321,3.93818187713623,4.62545442581177,5,5,0.789855062961578,0.967391312122345,1,1,17,1.03999996185303,0
03,2016-03-21,52050040,,"",SANDONA [52050040],Pluviométrica,Convencional,Activa,Nariño,Sandoná,1.3223,-77.4792,20,9/15/1963,,Cudayari,Pacifico,Patía,Río Guáitara,2016,21,Andes,Preliminar,0,0,0,3.76638460159302,3.76638460159302,0,0,0,3.93818187713623,4.62545442581177,5,5,0.789855062961578,0.967391312122345,1,1,17,1.03999996185303,0
03,2015-03-26,52050040,,"",SANDONA [52050040],Pluviométrica,Convencional,Activa,Nariño,Sandoná,1.3223,-77.4792,20,9/15/1963,,Cudayari,Pacifico,Patía,Río Guáitara,2015,26,Andes,Preliminar,0,0,0,2.57269239425659,2.57269239425659,7.89269590377808,3.41910338401794,1.25167596340179,3.93818187713623,4.62545442581177,5,5,0.789855062961578,0.967391312122345,1,1,18,1.03999996185303,0
03,2018-03-24,52050040,,"",SANDONA [52050040],Pluviométrica,Convencional,Activa,Nariño,Sandoná,1.3223,-77.4792,20,9/15/1963,,Cudayari,Pacifico,Patía,Río Guáitara,2018,24,Andes,Preliminar,0,0,0,9.27872371673584,9.27872371673584,0,2.44873666763306,2.45141363143921,3.93818187713623,4.62545442581177,5,5,0.789855062961578,0.967391312122345,1,1,17,1.03999996185303,0
03,2018-03-25,52050040,2,Definitivo,SANDONA [52050040],Pluviométrica,Convencional,Activa,Nariño,Sandoná,1.3223,-77.4792,20,9/15/1963,,Cudayari,Pacifico,Patía,Río Guáitara,2018,25,Andes,Definitivo,2,2,0,2.30589771270752,2.30589771270752,4.62587356567383,0.920793175697327,3.75395607948303,3.93818187713623,4.62545442581177,5,5,0.789855062961578,0.967391312122345,1,1,17,1.03999996185303,2.07999992370605
03,2020-03-21,52050040,,"",SANDONA [52050040],Pluviométrica,Convencional,Activa,Nariño,Sandoná,1.3223,-77.4792,20,9/15/1963,,Cudayari,Pacifico,Patía,Río Guáitara,2020,21,Andes,Preliminar,0,0,0,0.633505880832672,0.633505880832672,0,0,0,3.93818187713623,4.62545442581177,5,5,0.789855062961578,0.967391312122345,1,1,17,1.03999996185303,0
03,2022-03-18,52050040,13,En revisión,SANDONA [52050040],Pluviométrica,Convencional,Activa,Nariño,Sandoná,1.3223,-77.4792,20,9/15/1963,,Cudayari,Pacifico,Patía,Río Guáitara,2022,18,Andes,En revisión,13,13,0,4.74282646179199,4.74282646179199,5.06636953353882,4.46540498733521,3.55670118331909,3.93818187713623,4.62545442581177,5,5,0.789855062961578,0.967391312122345,1,1,16,1.03999996185303,13.5199995040894
03,2019-03-20,52050040,0,Definitivo,SANDONA [52050040],Pluviométrica,Convencional,Activa,Nariño,Sandoná,1.3223,-77.4792,20,9/15/1963,,Cudayari,Pacifico,Patía,Río Guáitara,2019,20,Andes,Definitivo,0,0,0,6.61549663543701,6.61549663543701,33.6134986877441,0,0,3.93818187713623,4.62545442581177,5,5,0.789855062961578,0.967391312122345,1,1,16,1.03999996185303,0
03,2017-03-20,52050040,,"",SANDONA [52050040],Pluviométrica,Convencional,Activa,Nariño,Sandoná,1.3223,-77.4792,20,9/15/1963,,Cudayari,Pacifico,Patía,Río Guáitara,2017,20,Andes,Preliminar,0,0,0,4.08139944076538,4.08139944076538,0,1.19339597225189,1.31835556030273,3.93818187713623,4.62545442581177,5,5,0.789855062961578,0.967391312122345,1,1,16,1.03999996185303,0
03,2018-03-18,52050040,,"",SANDONA [52050040],Pluviométrica,Convencional,Activa,Nariño,Sandoná,1.3223,-77.4792,20,9/15/1963,,Cudayari,Pacifico,Patía,Río Guáitara,2018,18,Andes,Preliminar,0,0,0,2.54996562004089,2.54996562004089,0,1.70615577697754,5.11961174011231,3.93818187713623,4.62545442581177,5,5,0.789855062961578,0.967391312122345,1,1,16,1.03999996185303,0
03,2019-03-16,52050040,,"",SANDONA [52050040],Pluviométrica,Convencional,Activa,Nariño,Sandoná,1.3223,-77.4792,20,9/15/1963,,Cudayari,Pacifico,Patía,Río Guáitara,2019,16,Andes,Preliminar,0,0,0,1.17207622528076,1.17207622528076,0,0,0,3.93818187713623,4.62545442581177,5,5,0.789855062961578,0.967391312122345,1,1,16,1.03999996185303,0
03,2016-03-17,52050040,15,Definitivo,SANDONA [52050040],Pluviométrica,Convencional,Activa,Nariño,Sandoná,1.3223,-77.4792,20,9/15/1963,,Cudayari,Pacifico,Patía,Río Guáitara,2016,17,Andes,Definitivo,15,15,0,1.90450012683868,1.90450012683868,6.5871114730835,0,0,3.93818187713623,4.62545442581177,5,5,0.789855062961578,0.967391312122345,1,1,16,1.03999996185303,15.5999994277954
03,2018-03-14,52050040,,"",SANDONA [52050040],Pluviométrica,Convencional,Activa,Nariño,Sandoná,1.3223,-77.4792,20,9/15/1963,,Cudayari,Pacifico,Patía,Río Guáitara,2018,14,Andes,Preliminar,0,0,0,1.66446113586426,1.66446113586426,0,0,0,3.93818187713623,4.62545442581177,5,5,0.789855062961578,0.967391312122345,1,1,15,1.03999996185303,0
03,2019-03-12,52050040,2,Definitivo,SANDONA [52050040],Pluviométrica,Convencional,Activa,Nariño,Sandoná,1.3223,-77.4792,20,9/15/1963,,Cudayari,Pacifico,Patía,Río Guáitara,2019,12,Andes,Definitivo,2,2,0,4.15956878662109,4.15956878662109,0,2.4274046421051,2.56538772583008,3.93818187713623,4.62545442581177,5,5,0.789855062961578,0.967391312122345,1,1,15,1.03999996185303,2.07999992370605
03,2019-03-11,52050040,,"",SANDONA [52050040],Pluviométrica,Convencional,Activa,Nariño,Sandoná,1.3223,-77.4792,20,9/15/1963,,Cudayari,Pacifico,Patía,Río Guáitara,2019,11,Andes,Preliminar,0,0,0,2.9217631816864,2.9217631816864,0,1.25985503196716,0.342627495527267,3.93818187713623,4.62545442581177,5,5,0.789855062961578,0.967391312122345,1,1,15,1.03999996185303,0
03,2021-03-07,52050040,0,En revisión,SANDONA [52050040],Pluviométrica,Convencional,Activa,Nariño,Sandoná,1.3223,-77.4792,20,9/15/1963,,Cudayari,Pacifico,Patía,Río Guáitara,2021,07,Andes,En revisión,0,0,0,3.59827423095703,3.59827423095703,0,16.708028793335,0.205133900046349,3.93818187713623,4.62545442581177,5,5,0.789855062961578,0.967391312122345,1,1,14,1.03999996185303,0
03,2022-03-05,52050040,6,En revisión,SANDONA [52050040],Pluviométrica,Convencional,Activa,Nariño,Sandoná,1.3223,-77.4792,20,9/15/1963,,Cudayari,Pacifico,Patía,Río Guáitara,2022,05,Andes,En revisión,6,6,0,2.92147350311279,2.92147350311279,42.2811698913574,2.54482316970825,12.6473426818848,3.93818187713623,4.62545442581177,5,5,0.789855062961578,0.967391312122345,1,1,13,1.03999996185303,6.23999977111816
03,2022-03-04,52050040,22,En revisión,SANDONA [52050040],Pluviométrica,Convencional,Activa,Nariño,Sandoná,1.3223,-77.4792,20,9/15/1963,,Cudayari,Pacifico,Patía,Río Guáitara,2022,04,Andes,En revisión,22,22,0,6.17736291885376,6.17736291885376,0,4.26356220245361,1.21888172626495,3.93818187713623,4.62545442581177,5,5,0.789855062961578,0.967391312122345,1,1,13,1.03999996185303,22.8799991607666
03,2002-03-08,52050040,,"",SANDONA [52050040],Pluviométrica,Convencional,Activa,Nariño,Sandoná,1.3223,-77.4792,20,9/15/1963,,Cudayari,Pacifico,Patía,Río Guáitara,2002,08,Andes,Preliminar,0,0,0,0.779291749000549,0.779291749000549,21.5545997619629,2.01438283920288,9.89332294464111,3.93818187713623,4.62545442581177,5,5,0.789855062961578,0.967391312122345,1,1,14,1.03999996185303,0
03,2007-03-07,52050040,,"",SANDONA [52050040],Pluviométrica,Convencional,Activa,Nariño,Sandoná,1.3223,-77.4792,20,9/15/1963,,Cudayari,Pacifico,Patía,Río Guáitara,2007,07,Andes,Preliminar,0,0,0,2.0650007724762,2.0650007724762,0,1.37476444244385,0.559872031211853,3.93818187713623,4.62545442581177,5,5,0.789855062961578,0.967391312122345,1,1,14,1.03999996185303,0
03,2001-03-26,52050040,,"",SANDONA [52050040],Pluviométrica,Convencional,Activa,Nariño,Sandoná,1.3223,-77.4792,20,9/15/1963,,Cudayari,Pacifico,Patía,Río Guáitara,2001,26,Andes,Preliminar,0,0,0,6.81581783294678,6.81581783294678,0,2.78518462181091,2.65310549736023,3.93818187713623,4.62545442581177,5,5,0.789855062961578,0.967391312122345,1,1,18,1.03999996185303,0
03,2002-03-24,52050040,,"",SANDONA [52050040],Pluviométrica,Convencional,Activa,Nariño,Sandoná,1.3223,-77.4792,20,9/15/1963,,Cudayari,Pacifico,Patía,Río Guáitara,2002,24,Andes,Preliminar,0,0,0,1.60521304607391,1.60521304607391,8.30557346343994,1.25458121299744,2.4358925819397,3.93818187713623,4.62545442581177,5,5,0.789855062961578,0.967391312122345,1,1,17,1.03999996185303,0
03,2003-03-22,52050040,,"",SANDONA [52050040],Pluviométrica,Convencional,Activa,Nariño,Sandoná,1.3223,-77.4792,20,9/15/1963,,Cudayari,Pacifico,Patía,Río Guáitara,2003,22,Andes,Preliminar,0,0,0,3.66990399360657,3.66990399360657,0,1.8418869972229,1.92168426513672,3.93818187713623,4.62545442581177,5,5,0.789855062961578,0.967391312122345,1,1,17,1.03999996185303,0
03,2004-03-19,52050040,,"",SANDONA [52050040],Pluviométrica,Convencional,Activa,Nariño,Sandoná,1.3223,-77.4792,20,9/15/1963,,Cudayari,Pacifico,Patía,Río Guáitara,2004,19,Andes,Preliminar,0,0,0,3.4325749874115,3.4325749874115,0,0,0,3.93818187713623,4.62545442581177,5,5,0.789855062961578,0.967391312122345,1,1,16,1.03999996185303,0
03,2005-03-17,52050040,,"",SANDONA [52050040],Pluviométrica,Convencional,Activa,Nariño,Sandoná,1.3223,-77.4792,20,9/15/1963,,Cudayari,Pacifico,Patía,Río Guáitara,2005,17,Andes,Preliminar,0,0,0,6.70938634872437,6.70938634872437,5.78485441207886,2.52011179924011,0.577916324138641,3.93818187713623,4.62545442581177,5,5,0.789855062961578,0.967391312122345,1,1,16,1.03999996185303,0
03,2006-03-15,52050040,16,Definitivo,SANDONA [52050040],Pluviométrica,Convencional,Activa,Nariño,Sandoná,1.3223,-77.4792,20,9/15/1963,,Cudayari,Pacifico,Patía,Río Guáitara,2006,15,Andes,Definitivo,16,16,0,3.13441324234009,3.13441324234009,0,11.2915897369385,16.1911735534668,3.93818187713623,4.62545442581177,5,5,0.789855062961578,0.967391312122345,1,1,15,1.03999996185303,16.6399993896484
03,2004-03-15,52050040,5,Definitivo,SANDONA [52050040],Pluviométrica,Convencional,Activa,Nariño,Sandoná,1.3223,-77.4792,20,9/15/1963,,Cudayari,Pacifico,Patía,Río Guáitara,2004,15,Andes,Definitivo,5,5,0,2.50088047981262,2.50088047981262,0,1.7084926366806,0.952151238918304,3.93818187713623,4.62545442581177,5,5,0.789855062961578,0.967391312122345,1,1,15,1.03999996185303,5.19999980926514
03,2003-03-17,52050040,,"",SANDONA [52050040],Pluviométrica,Convencional,Activa,Nariño,Sandoná,1.3223,-77.4792,20,9/15/1963,,Cudayari,Pacifico,Patía,Río Guáitara,2003,17,Andes,Preliminar,0,0,0,11.1334362030029,11.1334362030029,7.43260622024536,4.20206642150879,2.32512497901917,3.93818187713623,4.62545442581177,5,5,0.789855062961578,0.967391312122345,1,1,16,1.03999996185303,0
03,2003-03-14,52050040,4,Definitivo,SANDONA [52050040],Pluviométrica,Convencional,Activa,Nariño,Sandoná,1.3223,-77.4792,20,9/15/1963,,Cudayari,Pacifico,Patía,Río Guáitara,2003,14,Andes,Definitivo,4,4,0,3.80486583709717,3.80486583709717,22.8137741088867,5.47039079666138,0.861215054988861,3.93818187713623,4.62545442581177,5,5,0.789855062961578,0.967391312122345,1,1,15,1.03999996185303,4.15999984741211
03,2006-03-09,52050040,13,Definitivo,SANDONA [52050040],Pluviométrica,Convencional,Activa,Nariño,Sandoná,1.3223,-77.4792,20,9/15/1963,,Cudayari,Pacifico,Patía,Río Guáitara,2006,09,Andes,Definitivo,13,13,0,5.43388032913208,5.43388032913208,0,8.54231071472168,3.2944962978363,3.93818187713623,4.62545442581177,5,5,0.789855062961578,0.967391312122345,1,1,14,1.03999996185303,13.5199995040894
03,2003-03-09,52050040,,"",SANDONA [52050040],Pluviométrica,Convencional,Activa,Nariño,Sandoná,1.3223,-77.4792,20,9/15/1963,,Cudayari,Pacifico,Patía,Río Guáitara,2003,09,Andes,Preliminar,0,0,0,0.316754311323166,0.316754311323166,0,0,0,3.93818187713623,4.62545442581177,5,5,0.789855062961578,0.967391312122345,1,1,14,1.03999996185303,0
03,2019-03-22,52050040,,"",SANDONA [52050040],Pluviométrica,Convencional,Activa,Nariño,Sandoná,1.3223,-77.4792,20,9/15/1963,,Cudayari,Pacifico,Patía,Río Guáitara,2019,22,Andes,Preliminar,0,0,0,3.32099795341492,3.32099795341492,0,9.96360111236572,12.8548154830933,3.93818187713623,4.62545442581177,5,5,0.789855062961578,0.967391312122345,1,1,17,1.03999996185303,0
03,2019-03-23,52050040,10,Definitivo,SANDONA [52050040],Pluviométrica,Convencional,Activa,Nariño,Sandoná,1.3223,-77.4792,20,9/15/1963,,Cudayari,Pacifico,Patía,Río Guáitara,2019,23,Andes,Definitivo,10,10,0,7.22829914093018,7.22829914093018,0,6.18847465515137,0.790328502655029,3.93818187713623,4.62545442581177,5,5,0.789855062961578,0.967391312122345,1,1,17,1.03999996185303,10.3999996185303
03,2009-03-08,52050040,,"",SANDONA [52050040],Pluviométrica,Convencional,Activa,Nariño,Sandoná,1.3223,-77.4792,20,9/15/1963,,Cudayari,Pacifico,Patía,Río Guáitara,2009,08,Andes,Preliminar,0,0,0,0.684840381145477,0.684840381145477,0,0,0,3.93818187713623,4.62545442581177,5,5,0.789855062961578,0.967391312122345,1,1,14,1.03999996185303,0
03,2012-03-06,52050040,,"",SANDONA [52050040],Pluviométrica,Convencional,Activa,Nariño,Sandoná,1.3223,-77.4792,20,9/15/1963,,Cudayari,Pacifico,Patía,Río Guáitara,2012,06,Andes,Preliminar,0,0,0,4.64974355697632,4.64974355697632,0,2.28813147544861,0.926717460155487,3.93818187713623,4.62545442581177,5,5,0.789855062961578,0.967391312122345,1,1,14,1.03999996185303,0
03,2011-03-11,52050040,3,Definitivo,SANDONA [52050040],Pluviométrica,Convencional,Activa,Nariño,Sandoná,1.3223,-77.4792,20,9/15/1963,,Cudayari,Pacifico,Patía,Río Guáitara,2011,11,Andes,Definitivo,3,3,0,15.3787460327148,15.3787460327148,0,0.76715475320816,0.604741156101227,3.93818187713623,4.62545442581177,5,5,0.789855062961578,0.967391312122345,1,1,15,1.03999996185303,3.11999988555908
03,2013-03-12,52050040,,"",SANDONA [52050040],Pluviométrica,Convencional,Activa,Nariño,Sandoná,1.3223,-77.4792,20,9/15/1963,,Cudayari,Pacifico,Patía,Río Guáitara,2013,12,Andes,Preliminar,0,0,0,1.54698467254639,1.54698467254639,0,0,0,3.93818187713623,4.62545442581177,5,5,0.789855062961578,0.967391312122345,1,1,15,1.03999996185303,0
03,2013-03-13,52050040,1,Definitivo,SANDONA [52050040],Pluviométrica,Convencional,Activa,Nariño,Sandoná,1.3223,-77.4792,20,9/15/1963,,Cudayari,Pacifico,Patía,Río Guáitara,2013,13,Andes,Definitivo,1,1,0,1.76663875579834,1.76663875579834,0,0,0,3.93818187713623,4.62545442581177,5,5,0.789855062961578,0.967391312122345,1,1,15,1.03999996185303,1.03999996185303
03,2012-03-17,52050040,15,Definitivo,SANDONA [52050040],Pluviométrica,Convencional,Activa,Nariño,Sandoná,1.3223,-77.4792,20,9/15/1963,,Cudayari,Pacifico,Patía,Río Guáitara,2012,17,Andes,Definitivo,15,15,0,3.13032245635986,3.13032245635986,18.5270481109619,7.05063009262085,10.8845815658569,3.93818187713623,4.62545442581177,5,5,0.789855062961578,0.967391312122345,1,1,16,1.03999996185303,15.5999994277954
03,2011-03-22,52050040,5,Definitivo,SANDONA [52050040],Pluviométrica,Convencional,Activa,Nariño,Sandoná,1.3223,-77.4792,20,9/15/1963,,Cudayari,Pacifico,Patía,Río Guáitara,2011,22,Andes,Definitivo,5,5,0,2.48686289787293,2.48686289787293,0,5.87474870681763,0.0817098692059517,3.93818187713623,4.62545442581177,5,5,0.789855062961578,0.967391312122345,1,1,17,1.03999996185303,5.19999980926514
03,2011-03-23,52050040,0,Definitivo,SANDONA [52050040],Pluviométrica,Convencional,Activa,Nariño,Sandoná,1.3223,-77.4792,20,9/15/1963,,Cudayari,Pacifico,Patía,Río Guáitara,2011,23,Andes,Definitivo,0,0,0,3.12930226325989,3.12930226325989,0,4.94772434234619,0.0171020645648241,3.93818187713623,4.62545442581177,5,5,0.789855062961578,0.967391312122345,1,1,17,1.03999996185303,0
03,2014-03-21,52050040,1,Definitivo,SANDONA [52050040],Pluviométrica,Convencional,Activa,Nariño,Sandoná,1.3223,-77.4792,20,9/15/1963,,Cudayari,Pacifico,Patía,Río Guáitara,2014,21,Andes,Definitivo,1,1,0,2.12849926948547,2.12849926948547,0,1.90613090991974,0.116406597197056,3.93818187713623,4.62545442581177,5,5,0.789855062961578,0.967391312122345,1,1,17,1.03999996185303,1.03999996185303
03,2016-03-22,52050040,,"",SANDONA [52050040],Pluviométrica,Convencional,Activa,Nariño,Sandoná,1.3223,-77.4792,20,9/15/1963,,Cudayari,Pacifico,Patía,Río Guáitara,2016,22,Andes,Preliminar,0,0,0,2.13026714324951,2.13026714324951,0,0,0,3.93818187713623,4.62545442581177,5,5,0.789855062961578,0.967391312122345,1,1,17,1.03999996185303,0
03,2019-03-21,52050040,12,Definitivo,SANDONA [52050040],Pluviométrica,Convencional,Activa,Nariño,Sandoná,1.3223,-77.4792,20,9/15/1963,,Cudayari,Pacifico,Patía,Río Guáitara,2019,21,Andes,Definitivo,12,12,0,4.86911392211914,4.86911392211914,0,6.56125640869141,12.5075483322144,3.93818187713623,4.62545442581177,5,5,0.789855062961578,0.967391312122345,1,1,17,1.03999996185303,12.4799995422363
03,2023-03-01,52050040,,"",SANDONA [52050040],Pluviométrica,Convencional,Activa,Nariño,Sandoná,1.3223,-77.4792,20,9/15/1963,,Cudayari,Pacifico,Patía,Río Guáitara,2023,01,Andes,Preliminar,0,0,0,1.78766000270844,1.78766000270844,0,0,0,3.93818187713623,4.62545442581177,5,5,0.789855062961578,0.967391312122345,1,1,13,1.03999996185303,0
03,2004-03-06,52050040,41,Definitivo,SANDONA [52050040],Pluviométrica,Convencional,Activa,Nariño,Sandoná,1.3223,-77.4792,20,9/15/1963,,Cudayari,Pacifico,Patía,Río Guáitara,2004,06,Andes,Definitivo,41,41,0,4.48908424377441,4.48908424377441,0,0,0,3.93818187713623,4.62545442581177,5,5,0.789855062961578,0.967391312122345,1,1,14,1.03999996185303,42.6399984359741
03,2018-03-22,52050040,,"",SANDONA [52050040],Pluviométrica,Convencional,Activa,Nariño,Sandoná,1.3223,-77.4792,20,9/15/1963,,Cudayari,Pacifico,Patía,Río Guáitara,2018,22,Andes,Preliminar,0,0,0,2.97741627693176,2.97741627693176,0,3.15743446350098,2.12211918830872,3.93818187713623,4.62545442581177,5,5,0.789855062961578,0.967391312122345,1,1,17,1.03999996185303,0
03,2018-03-21,52050040,,"",SANDONA [52050040],Pluviométrica,Convencional,Activa,Nariño,Sandoná,1.3223,-77.4792,20,9/15/1963,,Cudayari,Pacifico,Patía,Río Guáitara,2018,21,Andes,Preliminar,0,0,0,2.04703283309937,2.04703283309937,4.62587356567383,0.946760058403015,1.83673071861267,3.93818187713623,4.62545442581177,5,5,0.789855062961578,0.967391312122345,1,1,17,1.03999996185303,0
03,2019-03-19,52050040,18,Definitivo,SANDONA [52050040],Pluviométrica,Convencional,Activa,Nariño,Sandoná,1.3223,-77.4792,20,9/15/1963,,Cudayari,Pacifico,Patía,Río Guáitara,2019,19,Andes,Definitivo,18,18,0,3.64684844017029,3.64684844017029,0,0,0,3.93818187713623,4.62545442581177,5,5,0.789855062961578,0.967391312122345,1,1,16,1.03999996185303,18.7199993133545
03,2017-03-19,52050040,5,Definitivo,SANDONA [52050040],Pluviométrica,Convencional,Activa,Nariño,Sandoná,1.3223,-77.4792,20,9/15/1963,,Cudayari,Pacifico,Patía,Río Guáitara,2017,19,Andes,Definitivo,5,5,0,5.51416730880737,5.51416730880737,17.7352466583252,1.51908314228058,0.966324746608734,3.93818187713623,4.62545442581177,5,5,0.789855062961578,0.967391312122345,1,1,16,1.03999996185303,5.19999980926514
03,2015-03-20,52050040,1,Definitivo,SANDONA [52050040],Pluviométrica,Convencional,Activa,Nariño,Sandoná,1.3223,-77.4792,20,9/15/1963,,Cudayari,Pacifico,Patía,Río Guáitara,2015,20,Andes,Definitivo,1,1,0,21.7096290588379,21.7096290588379,44.979621887207,10.3171834945679,8.42957782745361,3.93818187713623,4.62545442581177,5,5,0.789855062961578,0.967391312122345,1,1,16,1.03999996185303,1.03999996185303
03,2017-03-14,52050040,5,Definitivo,SANDONA [52050040],Pluviométrica,Convencional,Activa,Nariño,Sandoná,1.3223,-77.4792,20,9/15/1963,,Cudayari,Pacifico,Patía,Río Guáitara,2017,14,Andes,Definitivo,5,5,0,13.4703054428101,13.4703054428101,27.4347667694092,14.1583557128906,20.7219562530518,3.93818187713623,4.62545442581177,5,5,0.789855062961578,0.967391312122345,1,1,15,1.03999996185303,5.19999980926514
03,2017-03-15,52050040,1,Definitivo,SANDONA [52050040],Pluviométrica,Convencional,Activa,Nariño,Sandoná,1.3223,-77.4792,20,9/15/1963,,Cudayari,Pacifico,Patía,Río Guáitara,2017,15,Andes,Definitivo,1,1,0,3.45586848258972,3.45586848258972,27.4347667694092,8.3212423324585,3.27595591545105,3.93818187713623,4.62545442581177,5,5,0.789855062961578,0.967391312122345,1,1,15,1.03999996185303,1.03999996185303
03,2018-03-13,52050040,,"",SANDONA [52050040],Pluviométrica,Convencional,Activa,Nariño,Sandoná,1.3223,-77.4792,20,9/15/1963,,Cudayari,Pacifico,Patía,Río Guáitara,2018,13,Andes,Preliminar,0,0,0,1.36472499370575,1.36472499370575,0,0,0,3.93818187713623,4.62545442581177,5,5,0.789855062961578,0.967391312122345,1,1,15,1.03999996185303,0
03,2020-03-07,52050040,4,En revisión,SANDONA [52050040],Pluviométrica,Convencional,Activa,Nariño,Sandoná,1.3223,-77.4792,20,9/15/1963,,Cudayari,Pacifico,Patía,Río Guáitara,2020,07,Andes,En revisión,4,4,0,1.92881858348846,1.92881858348846,0,1.39732682704926,2.59952688217163,3.93818187713623,4.62545442581177,5,5,0.789855062961578,0.967391312122345,1,1,14,1.03999996185303,4.15999984741211
03,2020-03-08,52050040,,"",SANDONA [52050040],Pluviométrica,Convencional,Activa,Nariño,Sandoná,1.3223,-77.4792,20,9/15/1963,,Cudayari,Pacifico,Patía,Río Guáitara,2020,08,Andes,Preliminar,0,0,0,2.65679621696472,2.65679621696472,0,0.384800165891647,1.86249625682831,3.93818187713623,4.62545442581177,5,5,0.789855062961578,0.967391312122345,1,1,14,1.03999996185303,0
03,2021-03-06,52050040,,"",SANDONA [52050040],Pluviométrica,Convencional,Activa,Nariño,Sandoná,1.3223,-77.4792,20,9/15/1963,,Cudayari,Pacifico,Patía,Río Guáitara,2021,06,Andes,Preliminar,0,0,0,8.30424785614014,8.30424785614014,29.7086315155029,4.48022222518921,11.6998310089111,3.93818187713623,4.62545442581177,5,5,0.789855062961578,0.967391312122345,1,1,14,1.03999996185303,0
03,2004-03-09,52050040,,"",SANDONA [52050040],Pluviométrica,Convencional,Activa,Nariño,Sandoná,1.3223,-77.4792,20,9/15/1963,,Cudayari,Pacifico,Patía,Río Guáitara,2004,09,Andes,Preliminar,0,0,0,1.28656220436096,1.28656220436096,0,0,0,3.93818187713623,4.62545442581177,5,5,0.789855062961578,0.967391312122345,1,1,14,1.03999996185303,0
03,2017-03-21,52050040,4,Definitivo,SANDONA [52050040],Pluviométrica,Convencional,Activa,Nariño,Sandoná,1.3223,-77.4792,20,9/15/1963,,Cudayari,Pacifico,Patía,Río Guáitara,2017,21,Andes,Definitivo,4,4,0,4.89809989929199,4.89809989929199,0,0.850851476192474,1.79043304920197,3.93818187713623,4.62545442581177,5,5,0.789855062961578,0.967391312122345,1,1,17,1.03999996185303,4.15999984741211
03,2005-03-06,52050040,3,Definitivo,SANDONA [52050040],Pluviométrica,Convencional,Activa,Nariño,Sandoná,1.3223,-77.4792,20,9/15/1963,,Cudayari,Pacifico,Patía,Río Guáitara,2005,06,Andes,Definitivo,3,3,0,3.93316459655762,3.93316459655762,10.7781085968018,12.2067642211914,10.1189727783203,3.93818187713623,4.62545442581177,5,5,0.789855062961578,0.967391312122345,1,1,14,1.03999996185303,3.11999988555908
03,2007-03-08,52050040,,"",SANDONA [52050040],Pluviométrica,Convencional,Activa,Nariño,Sandoná,1.3223,-77.4792,20,9/15/1963,,Cudayari,Pacifico,Patía,Río Guáitara,2007,08,Andes,Preliminar,0,0,0,1.1742160320282,1.1742160320282,0,2.32878804206848,1.28770565986633,3.93818187713623,4.62545442581177,5,5,0.789855062961578,0.967391312122345,1,1,14,1.03999996185303,0
03,2007-03-09,52050040,1,Definitivo,SANDONA [52050040],Pluviométrica,Convencional,Activa,Nariño,Sandoná,1.3223,-77.4792,20,9/15/1963,,Cudayari,Pacifico,Patía,Río Guáitara,2007,09,Andes,Definitivo,1,1,0,5.76310777664185,5.76310777664185,5.40576934814453,0.356861621141434,1.28770565986633,3.93818187713623,4.62545442581177,5,5,0.789855062961578,0.967391312122345,1,1,14,1.03999996185303,1.03999996185303
03,2001-03-25,52050040,,"",SANDONA [52050040],Pluviométrica,Convencional,Activa,Nariño,Sandoná,1.3223,-77.4792,20,9/15/1963,,Cudayari,Pacifico,Patía,Río Guáitara,2001,25,Andes,Preliminar,0,0,0,4.82725191116333,4.82725191116333,0,1.06942367553711,0.91190379858017,3.93818187713623,4.62545442581177,5,5,0.789855062961578,0.967391312122345,1,1,17,1.03999996185303,0
03,2002-03-23,52050040,3,Definitivo,SANDONA [52050040],Pluviométrica,Convencional,Activa,Nariño,Sandoná,1.3223,-77.4792,20,9/15/1963,,Cudayari,Pacifico,Patía,Río Guáitara,2002,23,Andes,Definitivo,3,3,0,8.68615055084229,8.68615055084229,5.53704881668091,6.18689060211182,8.10025787353516,3.93818187713623,4.62545442581177,5,5,0.789855062961578,0.967391312122345,1,1,17,1.03999996185303,3.11999988555908
03,2003-03-21,52050040,3,Definitivo,SANDONA [52050040],Pluviométrica,Convencional,Activa,Nariño,Sandoná,1.3223,-77.4792,20,9/15/1963,,Cudayari,Pacifico,Patía,Río Guáitara,2003,21,Andes,Definitivo,3,3,0,6.00000047683716,6.00000047683716,33.1635665893555,1.93300533294678,3.55464816093445,3.93818187713623,4.62545442581177,5,5,0.789855062961578,0.967391312122345,1,1,17,1.03999996185303,3.11999988555908
03,2004-03-18,52050040,,"",SANDONA [52050040],Pluviométrica,Convencional,Activa,Nariño,Sandoná,1.3223,-77.4792,20,9/15/1963,,Cudayari,Pacifico,Patía,Río Guáitara,2004,18,Andes,Preliminar,0,0,0,2.88868141174316,2.88868141174316,0,0,0,3.93818187713623,4.62545442581177,5,5,0.789855062961578,0.967391312122345,1,1,16,1.03999996185303,0
03,2002-03-19,52050040,18,Definitivo,SANDONA [52050040],Pluviométrica,Convencional,Activa,Nariño,Sandoná,1.3223,-77.4792,20,9/15/1963,,Cudayari,Pacifico,Patía,Río Guáitara,2002,19,Andes,Definitivo,18,18,0,6.12472343444824,6.12472343444824,20.3262825012207,5.47219896316528,19.2193126678467,3.93818187713623,4.62545442581177,5,5,0.789855062961578,0.967391312122345,1,1,16,1.03999996185303,18.7199993133545
03,2002-03-18,52050040,,"",SANDONA [52050040],Pluviométrica,Convencional,Activa,Nariño,Sandoná,1.3223,-77.4792,20,9/15/1963,,Cudayari,Pacifico,Patía,Río Guáitara,2002,18,Andes,Preliminar,0,0,0,5.85164642333984,5.85164642333984,0,4.09003210067749,1.10008013248444,3.93818187713623,4.62545442581177,5,5,0.789855062961578,0.967391312122345,1,1,16,1.03999996185303,0
03,2004-03-14,52050040,,"",SANDONA [52050040],Pluviométrica,Convencional,Activa,Nariño,Sandoná,1.3223,-77.4792,20,9/15/1963,,Cudayari,Pacifico,Patía,Río Guáitara,2004,14,Andes,Preliminar,0,0,0,0.679251432418823,0.679251432418823,0,0.16074013710022,0.0557109713554382,3.93818187713623,4.62545442581177,5,5,0.789855062961578,0.967391312122345,1,1,15,1.03999996185303,0
03,2002-03-13,52050040,6,Definitivo,SANDONA [52050040],Pluviométrica,Convencional,Activa,Nariño,Sandoná,1.3223,-77.4792,20,9/15/1963,,Cudayari,Pacifico,Patía,Río Guáitara,2002,13,Andes,Definitivo,6,6,0,10.5729160308838,10.5729160308838,7.56775569915772,1.09559881687164,8.59230041503906,3.93818187713623,4.62545442581177,5,5,0.789855062961578,0.967391312122345,1,1,15,1.03999996185303,6.23999977111816
03,2014-03-23,52050040,,"",SANDONA [52050040],Pluviométrica,Convencional,Activa,Nariño,Sandoná,1.3223,-77.4792,20,9/15/1963,,Cudayari,Pacifico,Patía,Río Guáitara,2014,23,Andes,Preliminar,0,0,0,2.8986029624939,2.8986029624939,0,0.610678255558014,1.05505037307739,3.93818187713623,4.62545442581177,5,5,0.789855062961578,0.967391312122345,1,1,17,1.03999996185303,0
03,2003-03-11,52050040,,"",SANDONA [52050040],Pluviométrica,Convencional,Activa,Nariño,Sandoná,1.3223,-77.4792,20,9/15/1963,,Cudayari,Pacifico,Patía,Río Guáitara,2003,11,Andes,Preliminar,0,0,0,0.310114443302155,0.310114443302155,0,1.86630046367645,0.642261981964111,3.93818187713623,4.62545442581177,5,5,0.789855062961578,0.967391312122345,1,1,15,1.03999996185303,0
03,2017-03-22,52050040,3,Definitivo,SANDONA [52050040],Pluviométrica,Convencional,Activa,Nariño,Sandoná,1.3223,-77.4792,20,9/15/1963,,Cudayari,Pacifico,Patía,Río Guáitara,2017,22,Andes,Definitivo,3,3,0,3.64292669296265,3.64292669296265,19.3493347167969,3.50419855117798,8.62162399291992,3.93818187713623,4.62545442581177,5,5,0.789855062961578,0.967391312122345,1,1,17,1.03999996185303,3.11999988555908
03,2017-03-23,52050040,29,Definitivo,SANDONA [52050040],Pluviométrica,Convencional,Activa,Nariño,Sandoná,1.3223,-77.4792,20,9/15/1963,,Cudayari,Pacifico,Patía,Río Guáitara,2017,23,Andes,Definitivo,29,29,0,2.51432752609253,2.51432752609253,0,5.98240804672241,0.0495812222361565,3.93818187713623,4.62545442581177,5,5,0.789855062961578,0.967391312122345,1,1,17,1.03999996185303,30.1599988937378
03,2016-03-20,52050040,,"",SANDONA [52050040],Pluviométrica,Convencional,Activa,Nariño,Sandoná,1.3223,-77.4792,20,9/15/1963,,Cudayari,Pacifico,Patía,Río Guáitara,2016,20,Andes,Preliminar,0,0,0,2.65748977661133,2.65748977661133,0,0,0,3.93818187713623,4.62545442581177,5,5,0.789855062961578,0.967391312122345,1,1,16,1.03999996185303,0
03,2012-03-07,52050040,,"",SANDONA [52050040],Pluviométrica,Convencional,Activa,Nariño,Sandoná,1.3223,-77.4792,20,9/15/1963,,Cudayari,Pacifico,Patía,Río Guáitara,2012,07,Andes,Preliminar,0,0,0,3.41745281219482,3.41745281219482,0,1.17209088802338,0.308905810117722,3.93818187713623,4.62545442581177,5,5,0.789855062961578,0.967391312122345,1,1,14,1.03999996185303,0
03,2014-03-09,52050040,1,Definitivo,SANDONA [52050040],Pluviométrica,Convencional,Activa,Nariño,Sandoná,1.3223,-77.4792,20,9/15/1963,,Cudayari,Pacifico,Patía,Río Guáitara,2014,09,Andes,Definitivo,1,1,0,17.4418869018555,17.4418869018555,39.1998558044434,19.477029800415,31.0171127319336,3.93818187713623,4.62545442581177,5,5,0.789855062961578,0.967391312122345,1,1,14,1.03999996185303,1.03999996185303
03,2014-03-10,52050040,,"",SANDONA [52050040],Pluviométrica,Convencional,Activa,Nariño,Sandoná,1.3223,-77.4792,20,9/15/1963,,Cudayari,Pacifico,Patía,Río Guáitara,2014,10,Andes,Preliminar,0,0,0,7.6012020111084,7.6012020111084,6.53330945968628,7.25358581542969,1.11156737804413,3.93818187713623,4.62545442581177,5,5,0.789855062961578,0.967391312122345,1,1,14,1.03999996185303,0
03,2013-03-14,52050040,3,Definitivo,SANDONA [52050040],Pluviométrica,Convencional,Activa,Nariño,Sandoná,1.3223,-77.4792,20,9/15/1963,,Cudayari,Pacifico,Patía,Río Guáitara,2013,14,Andes,Definitivo,3,3,0,4.08343124389648,4.08343124389648,0,0,0,3.93818187713623,4.62545442581177,5,5,0.789855062961578,0.967391312122345,1,1,15,1.03999996185303,3.11999988555908
03,2012-03-18,52050040,2,Definitivo,SANDONA [52050040],Pluviométrica,Convencional,Activa,Nariño,Sandoná,1.3223,-77.4792,20,9/15/1963,,Cudayari,Pacifico,Patía,Río Guáitara,2012,18,Andes,Definitivo,2,2,0,5.32103633880615,5.32103633880615,9.26352405548096,8.15266418457031,0.871856570243835,3.93818187713623,4.62545442581177,5,5,0.789855062961578,0.967391312122345,1,1,16,1.03999996185303,2.07999992370605
03,2012-03-19,52050040,11,Definitivo,SANDONA [52050040],Pluviométrica,Convencional,Activa,Nariño,Sandoná,1.3223,-77.4792,20,9/15/1963,,Cudayari,Pacifico,Patía,Río Guáitara,2012,19,Andes,Definitivo,11,11,0,5.90070247650147,5.90070247650147,18.5270481109619,8.55368328094482,16.9603328704834,3.93818187713623,4.62545442581177,5,5,0.789855062961578,0.967391312122345,1,1,16,1.03999996185303,11.4399995803833
03,2012-03-20,52050040,0,Definitivo,SANDONA [52050040],Pluviométrica,Convencional,Activa,Nariño,Sandoná,1.3223,-77.4792,20,9/15/1963,,Cudayari,Pacifico,Patía,Río Guáitara,2012,20,Andes,Definitivo,0,0,0,7.84113025665283,7.84113025665283,9.26352405548096,8.11945152282715,1.07165682315826,3.93818187713623,4.62545442581177,5,5,0.789855062961578,0.967391312122345,1,1,16,1.03999996185303,0
03,2014-03-22,52050040,,"",SANDONA [52050040],Pluviométrica,Convencional,Activa,Nariño,Sandoná,1.3223,-77.4792,20,9/15/1963,,Cudayari,Pacifico,Patía,Río Guáitara,2014,22,Andes,Preliminar,0,0,0,1.67653071880341,1.67653071880341,0,2.3354594707489,4.34954166412354,3.93818187713623,4.62545442581177,5,5,0.789855062961578,0.967391312122345,1,1,17,1.03999996185303,0
03,2022-03-03,52050040,6,En revisión,SANDONA [52050040],Pluviométrica,Convencional,Activa,Nariño,Sandoná,1.3223,-77.4792,20,9/15/1963,,Cudayari,Pacifico,Patía,Río Guáitara,2022,03,Andes,En revisión,6,6,0,3.76409363746643,3.76409363746643,0,3.23173570632935,9.37994861602783,3.93818187713623,4.62545442581177,5,5,0.789855062961578,0.967391312122345,1,1,13,1.03999996185303,6.23999977111816
03,2012-03-22,52050040,4,Definitivo,SANDONA [52050040],Pluviométrica,Convencional,Activa,Nariño,Sandoná,1.3223,-77.4792,20,9/15/1963,,Cudayari,Pacifico,Patía,Río Guáitara,2012,22,Andes,Definitivo,4,4,0,3.91695785522461,3.91695785522461,0,11.4446935653687,0.145721942186356,3.93818187713623,4.62545442581177,5,5,0.789855062961578,0.967391312122345,1,1,17,1.03999996185303,4.15999984741211
03,2002-03-10,52050040,,"",SANDONA [52050040],Pluviométrica,Convencional,Activa,Nariño,Sandoná,1.3223,-77.4792,20,9/15/1963,,Cudayari,Pacifico,Patía,Río Guáitara,2002,10,Andes,Preliminar,0,0,0,0.1847805082798,0.1847805082798,0,0.797891676425934,0.0592930987477303,3.93818187713623,4.62545442581177,5,5,0.789855062961578,0.967391312122345,1,1,14,1.03999996185303,0
03,2003-03-06,52050040,,"",SANDONA [52050040],Pluviométrica,Convencional,Activa,Nariño,Sandoná,1.3223,-77.4792,20,9/15/1963,,Cudayari,Pacifico,Patía,Río Guáitara,2003,06,Andes,Preliminar,0,0,0,4.67212629318237,4.67212629318237,0,0,0,3.93818187713623,4.62545442581177,5,5,0.789855062961578,0.967391312122345,1,1,14,1.03999996185303,0
03,2005-03-07,52050040,12,Definitivo,SANDONA [52050040],Pluviométrica,Convencional,Activa,Nariño,Sandoná,1.3223,-77.4792,20,9/15/1963,,Cudayari,Pacifico,Patía,Río Guáitara,2005,07,Andes,Definitivo,12,12,0,12.7121620178223,12.7121620178223,0,9.19105625152588,4.6562705039978,3.93818187713623,4.62545442581177,5,5,0.789855062961578,0.967391312122345,1,1,14,1.03999996185303,12.4799995422363
03,2017-03-18,52050040,3,Definitivo,SANDONA [52050040],Pluviométrica,Convencional,Activa,Nariño,Sandoná,1.3223,-77.4792,20,9/15/1963,,Cudayari,Pacifico,Patía,Río Guáitara,2017,18,Andes,Definitivo,3,3,0,1.78029704093933,1.78029704093933,17.7352466583252,1.37953841686249,0.698781192302704,3.93818187713623,4.62545442581177,5,5,0.789855062961578,0.967391312122345,1,1,16,1.03999996185303,3.11999988555908
03,2015-03-19,52050040,15,Definitivo,SANDONA [52050040],Pluviométrica,Convencional,Activa,Nariño,Sandoná,1.3223,-77.4792,20,9/15/1963,,Cudayari,Pacifico,Patía,Río Guáitara,2015,19,Andes,Definitivo,15,15,0,7.00262403488159,7.00262403488159,0,3.7119607925415,0.450585067272186,3.93818187713623,4.62545442581177,5,5,0.789855062961578,0.967391312122345,1,1,16,1.03999996185303,15.5999994277954
03,2016-03-16,52050040,1,Definitivo,SANDONA [52050040],Pluviométrica,Convencional,Activa,Nariño,Sandoná,1.3223,-77.4792,20,9/15/1963,,Cudayari,Pacifico,Patía,Río Guáitara,2016,16,Andes,Definitivo,1,1,0,2.27510905265808,2.27510905265808,0,0,0,3.93818187713623,4.62545442581177,5,5,0.789855062961578,0.967391312122345,1,1,16,1.03999996185303,1.03999996185303
03,2018-03-11,52050040,,"",SANDONA [52050040],Pluviométrica,Convencional,Activa,Nariño,Sandoná,1.3223,-77.4792,20,9/15/1963,,Cudayari,Pacifico,Patía,Río Guáitara,2018,11,Andes,Preliminar,0,0,0,1.71784448623657,1.71784448623657,0,0,0,3.93818187713623,4.62545442581177,5,5,0.789855062961578,0.967391312122345,1,1,15,1.03999996185303,0
03,2018-03-12,52050040,,"",SANDONA [52050040],Pluviométrica,Convencional,Activa,Nariño,Sandoná,1.3223,-77.4792,20,9/15/1963,,Cudayari,Pacifico,Patía,Río Guáitara,2018,12,Andes,Preliminar,0,0,0,1.75758123397827,1.75758123397827,0,0,0,3.93818187713623,4.62545442581177,5,5,0.789855062961578,0.967391312122345,1,1,15,1.03999996185303,0
03,2019-03-10,52050040,0,Definitivo,SANDONA [52050040],Pluviométrica,Convencional,Activa,Nariño,Sandoná,1.3223,-77.4792,20,9/15/1963,,Cudayari,Pacifico,Patía,Río Guáitara,2019,10,Andes,Definitivo,0,0,0,12.6877012252808,12.6877012252808,0,2.84916377067566,0.126215144991875,3.93818187713623,4.62545442581177,5,5,0.789855062961578,0.967391312122345,1,1,14,1.03999996185303,0
03,2021-03-04,52050040,3,En revisión,SANDONA [52050040],Pluviométrica,Convencional,Activa,Nariño,Sandoná,1.3223,-77.4792,20,9/15/1963,,Cudayari,Pacifico,Patía,Río Guáitara,2021,04,Andes,En revisión,3,3,0,5.30181646347046,5.30181646347046,39.444465637207,7.13888549804688,15.7682075500488,3.93818187713623,4.62545442581177,5,5,0.789855062961578,0.967391312122345,1,1,13,1.03999996185303,3.11999988555908
03,2021-03-05,52050040,5,En revisión,SANDONA [52050040],Pluviométrica,Convencional,Activa,Nariño,Sandoná,1.3223,-77.4792,20,9/15/1963,,Cudayari,Pacifico,Patía,Río Guáitara,2021,05,Andes,En revisión,5,5,0,4.0418872833252,4.0418872833252,0,5.93570947647095,13.7501192092896,3.93818187713623,4.62545442581177,5,5,0.789855062961578,0.967391312122345,1,1,13,1.03999996185303,5.19999980926514
03,2001-03-14,52050040,,"",SANDONA [52050040],Pluviométrica,Convencional,Activa,Nariño,Sandoná,1.3223,-77.4792,20,9/15/1963,,Cudayari,Pacifico,Patía,Río Guáitara,2001,14,Andes,Preliminar,0,0,0,1.16894507408142,1.16894507408142,0,0,0,3.93818187713623,4.62545442581177,5,5,0.789855062961578,0.967391312122345,1,1,15,1.03999996185303,0
03,2020-03-02,52050040,12,En revisión,SANDONA [52050040],Pluviométrica,Convencional,Activa,Nariño,Sandoná,1.3223,-77.4792,20,9/15/1963,,Cudayari,Pacifico,Patía,Río Guáitara,2020,02,Andes,En revisión,12,12,0,3.27198171615601,3.27198171615601,0,0.67279314994812,0.0417379289865494,3.93818187713623,4.62545442581177,5,5,0.789855062961578,0.967391312122345,1,1,13,1.03999996185303,12.4799995422363
03,2015-03-21,52050040,,"",SANDONA [52050040],Pluviométrica,Convencional,Activa,Nariño,Sandoná,1.3223,-77.4792,20,9/15/1963,,Cudayari,Pacifico,Patía,Río Guáitara,2015,21,Andes,Preliminar,0,0,0,1.86242866516113,1.86242866516113,0,2.55439829826355,1.59157919883728,3.93818187713623,4.62545442581177,5,5,0.789855062961578,0.967391312122345,1,1,17,1.03999996185303,0
03,2015-03-22,52050040,,"",SANDONA [52050040],Pluviométrica,Convencional,Activa,Nariño,Sandoná,1.3223,-77.4792,20,9/15/1963,,Cudayari,Pacifico,Patía,Río Guáitara,2015,22,Andes,Preliminar,0,0,0,6.9514217376709,6.9514217376709,0,1.29973208904266,0,3.93818187713623,4.62545442581177,5,5,0.789855062961578,0.967391312122345,1,1,17,1.03999996185303,0
03,2015-03-23,52050040,6,Definitivo,SANDONA [52050040],Pluviométrica,Convencional,Activa,Nariño,Sandoná,1.3223,-77.4792,20,9/15/1963,,Cudayari,Pacifico,Patía,Río Guáitara,2015,23,Andes,Definitivo,6,6,0,6.28034830093384,6.28034830093384,0,1.43403422832489,1.38029003143311,3.93818187713623,4.62545442581177,5,5,0.789855062961578,0.967391312122345,1,1,17,1.03999996185303,6.23999977111816
03,2005-03-08,52050040,15,Definitivo,SANDONA [52050040],Pluviométrica,Convencional,Activa,Nariño,Sandoná,1.3223,-77.4792,20,9/15/1963,,Cudayari,Pacifico,Patía,Río Guáitara,2005,08,Andes,Definitivo,15,15,0,1.39073240756989,1.39073240756989,32.3343276977539,7.14533042907715,13.421838760376,3.93818187713623,4.62545442581177,5,5,0.789855062961578,0.967391312122345,1,1,14,1.03999996185303,15.5999994277954
03,2010-03-07,52050040,,"",SANDONA [52050040],Pluviométrica,Convencional,Activa,Nariño,Sandoná,1.3223,-77.4792,20,9/15/1963,,Cudayari,Pacifico,Patía,Río Guáitara,2010,07,Andes,Preliminar,0,0,0,4.5111517906189,4.5111517906189,0,0.249052032828331,0.966510117053986,3.93818187713623,4.62545442581177,5,5,0.789855062961578,0.967391312122345,1,1,14,1.03999996185303,0
03,2001-03-24,52050040,4,Definitivo,SANDONA [52050040],Pluviométrica,Convencional,Activa,Nariño,Sandoná,1.3223,-77.4792,20,9/15/1963,,Cudayari,Pacifico,Patía,Río Guáitara,2001,24,Andes,Definitivo,4,4,0,6.69790029525757,6.69790029525757,15.0886640548706,2.20402789115906,6.54138994216919,3.93818187713623,4.62545442581177,5,5,0.789855062961578,0.967391312122345,1,1,17,1.03999996185303,4.15999984741211
03,2002-03-22,52050040,20,Definitivo,SANDONA [52050040],Pluviométrica,Convencional,Activa,Nariño,Sandoná,1.3223,-77.4792,20,9/15/1963,,Cudayari,Pacifico,Patía,Río Guáitara,2002,22,Andes,Definitivo,20,20,0,7.49349355697632,7.49349355697632,2.76852440834045,5.62997007369995,3.94997954368591,3.93818187713623,4.62545442581177,5,5,0.789855062961578,0.967391312122345,1,1,17,1.03999996185303,20.7999992370605
03,2003-03-20,52050040,5,Definitivo,SANDONA [52050040],Pluviométrica,Convencional,Activa,Nariño,Sandoná,1.3223,-77.4792,20,9/15/1963,,Cudayari,Pacifico,Patía,Río Guáitara,2003,20,Andes,Definitivo,5,5,0,0.424769669771194,0.424769669771194,7.43260622024536,3.00667810440064,4.23380994796753,3.93818187713623,4.62545442581177,5,5,0.789855062961578,0.967391312122345,1,1,16,1.03999996185303,5.19999980926514
03,2004-03-17,52050040,,"",SANDONA [52050040],Pluviométrica,Convencional,Activa,Nariño,Sandoná,1.3223,-77.4792,20,9/15/1963,,Cudayari,Pacifico,Patía,Río Guáitara,2004,17,Andes,Preliminar,0,0,0,2.44147920608521,2.44147920608521,0,0,0,3.93818187713623,4.62545442581177,5,5,0.789855062961578,0.967391312122345,1,1,16,1.03999996185303,0
03,2003-03-19,52050040,,"",SANDONA [52050040],Pluviométrica,Convencional,Activa,Nariño,Sandoná,1.3223,-77.4792,20,9/15/1963,,Cudayari,Pacifico,Patía,Río Guáitara,2003,19,Andes,Preliminar,0,0,0,0.0223562996834517,0.0223562996834517,7.43260622024536,1.59192776679993,0.264613121747971,3.93818187713623,4.62545442581177,5,5,0.789855062961578,0.967391312122345,1,1,16,1.03999996185303,0
03,2003-03-16,52050040,4,Definitivo,SANDONA [52050040],Pluviométrica,Convencional,Activa,Nariño,Sandoná,1.3223,-77.4792,20,9/15/1963,,Cudayari,Pacifico,Patía,Río Guáitara,2003,16,Andes,Definitivo,4,4,0,3.52111721038818,3.52111721038818,14.8652124404907,9.47594928741455,13.3694696426392,3.93818187713623,4.62545442581177,5,5,0.789855062961578,0.967391312122345,1,1,16,1.03999996185303,4.15999984741211
03,2012-03-21,52050040,1,Definitivo,SANDONA [52050040],Pluviométrica,Convencional,Activa,Nariño,Sandoná,1.3223,-77.4792,20,9/15/1963,,Cudayari,Pacifico,Patía,Río Guáitara,2012,21,Andes,Definitivo,1,1,0,2.59626460075378,2.59626460075378,13.2086839675903,9.76270389556885,0.0165593102574348,3.93818187713623,4.62545442581177,5,5,0.789855062961578,0.967391312122345,1,1,17,1.03999996185303,1.03999996185303
03,2002-03-15,52050040,,"",SANDONA [52050040],Pluviométrica,Convencional,Activa,Nariño,Sandoná,1.3223,-77.4792,20,9/15/1963,,Cudayari,Pacifico,Patía,Río Guáitara,2002,15,Andes,Preliminar,0,0,0,4.47107982635498,4.47107982635498,0,0.814192116260529,0.0187513828277588,3.93818187713623,4.62545442581177,5,5,0.789855062961578,0.967391312122345,1,1,15,1.03999996185303,0
03,2002-03-12,52050040,11,Definitivo,SANDONA [52050040],Pluviométrica,Convencional,Activa,Nariño,Sandoná,1.3223,-77.4792,20,9/15/1963,,Cudayari,Pacifico,Patía,Río Guáitara,2002,12,Andes,Definitivo,11,11,0,3.31551074981689,3.31551074981689,3.78387784957886,5.43707704544067,0.154178038239479,3.93818187713623,4.62545442581177,5,5,0.789855062961578,0.967391312122345,1,1,15,1.03999996185303,11.4399995803833
03,2001-03-11,52050040,,"",SANDONA [52050040],Pluviométrica,Convencional,Activa,Nariño,Sandoná,1.3223,-77.4792,20,9/15/1963,,Cudayari,Pacifico,Patía,Río Guáitara,2001,11,Andes,Preliminar,0,0,0,7.33658266067505,7.33658266067505,0,0,0,3.93818187713623,4.62545442581177,5,5,0.789855062961578,0.967391312122345,1,1,15,1.03999996185303,0
03,2002-03-07,52050040,10,Definitivo,SANDONA [52050040],Pluviométrica,Convencional,Activa,Nariño,Sandoná,1.3223,-77.4792,20,9/15/1963,,Cudayari,Pacifico,Patía,Río Guáitara,2002,07,Andes,Definitivo,10,10,0,9.58448505401611,9.58448505401611,0,7.74718427658081,5.71261978149414,3.93818187713623,4.62545442581177,5,5,0.789855062961578,0.967391312122345,1,1,14,1.03999996185303,10.3999996185303
03,2014-03-20,52050040,,"",SANDONA [52050040],Pluviométrica,Convencional,Activa,Nariño,Sandoná,1.3223,-77.4792,20,9/15/1963,,Cudayari,Pacifico,Patía,Río Guáitara,2014,20,Andes,Preliminar,0,0,0,1.28449869155884,1.28449869155884,0,3.70968890190125,0.877789258956909,3.93818187713623,4.62545442581177,5,5,0.789855062961578,0.967391312122345,1,1,16,1.03999996185303,0
03,2015-03-18,52050040,8,Definitivo,SANDONA [52050040],Pluviométrica,Convencional,Activa,Nariño,Sandoná,1.3223,-77.4792,20,9/15/1963,,Cudayari,Pacifico,Patía,Río Guáitara,2015,18,Andes,Definitivo,8,8,0,8.55779361724854,8.55779361724854,33.7347145080566,13.9259881973267,38.6831398010254,3.93818187713623,4.62545442581177,5,5,0.789855062961578,0.967391312122345,1,1,16,1.03999996185303,8.31999969482422
03,2012-03-08,52050040,,"",SANDONA [52050040],Pluviométrica,Convencional,Activa,Nariño,Sandoná,1.3223,-77.4792,20,9/15/1963,,Cudayari,Pacifico,Patía,Río Guáitara,2012,08,Andes,Preliminar,0,0,0,3.49526762962341,3.49526762962341,0,0.875767230987549,5.64856338500977,3.93818187713623,4.62545442581177,5,5,0.789855062961578,0.967391312122345,1,1,14,1.03999996185303,0
03,2015-03-07,52050040,4,Definitivo,SANDONA [52050040],Pluviométrica,Convencional,Activa,Nariño,Sandoná,1.3223,-77.4792,20,9/15/1963,,Cudayari,Pacifico,Patía,Río Guáitara,2015,07,Andes,Definitivo,4,4,0,3.30425024032593,3.30425024032593,0,0.938695132732391,0.575164079666138,3.93818187713623,4.62545442581177,5,5,0.789855062961578,0.967391312122345,1,1,14,1.03999996185303,4.15999984741211
03,2014-03-11,52050040,0,Definitivo,SANDONA [52050040],Pluviométrica,Convencional,Activa,Nariño,Sandoná,1.3223,-77.4792,20,9/15/1963,,Cudayari,Pacifico,Patía,Río Guáitara,2014,11,Andes,Definitivo,0,0,0,8.5150728225708,8.5150728225708,2.24188113212585,4.91404485702515,1.76268112659454,3.93818187713623,4.62545442581177,5,5,0.789855062961578,0.967391312122345,1,1,15,1.03999996185303,0
03,2013-03-15,52050040,,"",SANDONA [52050040],Pluviométrica,Convencional,Activa,Nariño,Sandoná,1.3223,-77.4792,20,9/15/1963,,Cudayari,Pacifico,Patía,Río Guáitara,2013,15,Andes,Preliminar,0,0,0,2.94406318664551,2.94406318664551,0,0,0,3.93818187713623,4.62545442581177,5,5,0.789855062961578,0.967391312122345,1,1,15,1.03999996185303,0
03,2013-03-16,52050040,,"",SANDONA [52050040],Pluviométrica,Convencional,Activa,Nariño,Sandoná,1.3223,-77.4792,20,9/15/1963,,Cudayari,Pacifico,Patía,Río Guáitara,2013,16,Andes,Preliminar,0,0,0,3.69653725624084,3.69653725624084,0,4.3001275062561,1.19549405574799,3.93818187713623,4.62545442581177,5,5,0.789855062961578,0.967391312122345,1,1,16,1.03999996185303,0
03,2013-03-17,52050040,20,Definitivo,SANDONA [52050040],Pluviométrica,Convencional,Activa,Nariño,Sandoná,1.3223,-77.4792,20,9/15/1963,,Cudayari,Pacifico,Patía,Río Guáitara,2013,17,Andes,Definitivo,20,20,0,3.36509037017822,3.36509037017822,0,7.81182670593262,0.0832682549953461,3.93818187713623,4.62545442581177,5,5,0.789855062961578,0.967391312122345,1,1,16,1.03999996185303,20.7999992370605
03,2022-03-02,52050040,9,En revisión,SANDONA [52050040],Pluviométrica,Convencional,Activa,Nariño,Sandoná,1.3223,-77.4792,20,9/15/1963,,Cudayari,Pacifico,Patía,Río Guáitara,2022,02,Andes,En revisión,9,9,0,1.36751508712769,1.36751508712769,0,12.3316802978516,2.99030208587647,3.93818187713623,4.62545442581177,5,5,0.789855062961578,0.967391312122345,1,1,13,1.03999996185303,9.35999965667725
03,2013-03-18,52050040,16,Definitivo,SANDONA [52050040],Pluviométrica,Convencional,Activa,Nariño,Sandoná,1.3223,-77.4792,20,9/15/1963,,Cudayari,Pacifico,Patía,Río Guáitara,2013,18,Andes,Definitivo,16,16,0,5.90466165542603,5.90466165542603,12.0054960250855,12.9782228469849,5.91799354553223,3.93818187713623,4.62545442581177,5,5,0.789855062961578,0.967391312122345,1,1,16,1.03999996185303,16.6399993896484
03,2013-03-19,52050040,,"",SANDONA [52050040],Pluviométrica,Convencional,Activa,Nariño,Sandoná,1.3223,-77.4792,20,9/15/1963,,Cudayari,Pacifico,Patía,Río Guáitara,2013,19,Andes,Preliminar,0,0,0,9.46298789978027,9.46298789978027,48.0219841003418,7.39669227600098,33.2537727355957,3.93818187713623,4.62545442581177,5,5,0.789855062961578,0.967391312122345,1,1,16,1.03999996185303,0
03,2013-03-20,52050040,19,Definitivo,SANDONA [52050040],Pluviométrica,Convencional,Activa,Nariño,Sandoná,1.3223,-77.4792,20,9/15/1963,,Cudayari,Pacifico,Patía,Río Guáitara,2013,20,Andes,Definitivo,19,19,0,3.86507701873779,3.86507701873779,0,8.00529098510742,0.0416341200470924,3.93818187713623,4.62545442581177,5,5,0.789855062961578,0.967391312122345,1,1,16,1.03999996185303,19.7599992752075
03,2016-03-18,52050040,,"",SANDONA [52050040],Pluviométrica,Convencional,Activa,Nariño,Sandoná,1.3223,-77.4792,20,9/15/1963,,Cudayari,Pacifico,Patía,Río Guáitara,2016,18,Andes,Preliminar,0,0,0,2.35738468170166,2.35738468170166,0,0,0,3.93818187713623,4.62545442581177,5,5,0.789855062961578,0.967391312122345,1,1,16,1.03999996185303,0
03,2006-03-04,52050040,,"",SANDONA [52050040],Pluviométrica,Convencional,Activa,Nariño,Sandoná,1.3223,-77.4792,20,9/15/1963,,Cudayari,Pacifico,Patía,Río Guáitara,2006,04,Andes,Preliminar,,,1,4.31896638870239,4.31896638870239,0,0.61741840839386,0,3.93818187713623,4.62545442581177,5,5,0.789855062961578,0.967391312122345,1,1,13,1.03999996185303,
03,2006-03-05,52050040,,"",SANDONA [52050040],Pluviométrica,Convencional,Activa,Nariño,Sandoná,1.3223,-77.4792,20,9/15/1963,,Cudayari,Pacifico,Patía,Río Guáitara,2006,05,Andes,Preliminar,,,1,1.37760102748871,1.37760102748871,0,0.839277863502502,0.351514041423798,3.93818187713623,4.62545442581177,5,5,0.789855062961578,0.967391312122345,1,1,13,1.03999996185303,
03,2016-03-15,52050040,,"",SANDONA [52050040],Pluviométrica,Convencional,Activa,Nariño,Sandoná,1.3223,-77.4792,20,9/15/1963,,Cudayari,Pacifico,Patía,Río Guáitara,2016,15,Andes,Preliminar,0,0,0,3.97659206390381,3.97659206390381,0,0.691013813018799,0,3.93818187713623,4.62545442581177,5,5,0.789855062961578,0.967391312122345,1,1,15,1.03999996185303,0
03,2017-03-13,52050040,5,Definitivo,SANDONA [52050040],Pluviométrica,Convencional,Activa,Nariño,Sandoná,1.3223,-77.4792,20,9/15/1963,,Cudayari,Pacifico,Patía,Río Guáitara,2017,13,Andes,Definitivo,5,5,0,4.92736530303955,4.92736530303955,0,12.3074178695679,2.59621238708496,3.93818187713623,4.62545442581177,5,5,0.789855062961578,0.967391312122345,1,1,15,1.03999996185303,5.19999980926514
03,2019-03-08,52050040,,"",SANDONA [52050040],Pluviométrica,Convencional,Activa,Nariño,Sandoná,1.3223,-77.4792,20,9/15/1963,,Cudayari,Pacifico,Patía,Río Guáitara,2019,08,Andes,Preliminar,0,0,0,4.33172082901001,4.33172082901001,3.06308221817017,1.15222299098969,0,3.93818187713623,4.62545442581177,5,5,0.789855062961578,0.967391312122345,1,1,14,1.03999996185303,0
03,2019-03-09,52050040,,"",SANDONA [52050040],Pluviométrica,Convencional,Activa,Nariño,Sandoná,1.3223,-77.4792,20,9/15/1963,,Cudayari,Pacifico,Patía,Río Guáitara,2019,09,Andes,Preliminar,0,0,0,3.53623104095459,3.53623104095459,0,0.795308291912079,0,3.93818187713623,4.62545442581177,5,5,0.789855062961578,0.967391312122345,1,1,14,1.03999996185303,0
03,2020-03-06,52050040,1,En revisión,SANDONA [52050040],Pluviométrica,Convencional,Activa,Nariño,Sandoná,1.3223,-77.4792,20,9/15/1963,,Cudayari,Pacifico,Patía,Río Guáitara,2020,06,Andes,En revisión,1,1,0,3.60000157356262,3.60000157356262,0,1.73447942733765,0.448194324970245,3.93818187713623,4.62545442581177,5,5,0.789855062961578,0.967391312122345,1,1,14,1.03999996185303,1.03999996185303
03,2022-03-01,52050040,14,En revisión,SANDONA [52050040],Pluviométrica,Convencional,Activa,Nariño,Sandoná,1.3223,-77.4792,20,9/15/1963,,Cudayari,Pacifico,Patía,Río Guáitara,2022,01,Andes,En revisión,14,14,0,1.35514330863953,1.35514330863953,0,5.41507768630981,1.55040442943573,3.93818187713623,4.62545442581177,5,5,0.789855062961578,0.967391312122345,1,1,13,1.03999996185303,14.5599994659424
03,2001-03-19,52050040,15,Definitivo,SANDONA [52050040],Pluviométrica,Convencional,Activa,Nariño,Sandoná,1.3223,-77.4792,20,9/15/1963,,Cudayari,Pacifico,Patía,Río Guáitara,2001,19,Andes,Definitivo,15,15,0,6.59507083892822,6.59507083892822,8.65111637115479,5.25123596191406,1.2894252538681,3.93818187713623,4.62545442581177,5,5,0.789855062961578,0.967391312122345,1,1,16,1.03999996185303,15.5999994277954
03,2020-03-01,52050040,,"",SANDONA [52050040],Pluviométrica,Convencional,Activa,Nariño,Sandoná,1.3223,-77.4792,20,9/15/1963,,Cudayari,Pacifico,Patía,Río Guáitara,2020,01,Andes,Preliminar,0,0,0,3.72360777854919,3.72360777854919,0,0.571867048740387,1.77386200428009,3.93818187713623,4.62545442581177,5,5,0.789855062961578,0.967391312122345,1,1,13,1.03999996185303,0
03,2001-03-16,52050040,5,Definitivo,SANDONA [52050040],Pluviométrica,Convencional,Activa,Nariño,Sandoná,1.3223,-77.4792,20,9/15/1963,,Cudayari,Pacifico,Patía,Río Guáitara,2001,16,Andes,Definitivo,5,5,0,2.53727030754089,2.53727030754089,17.3022327423096,10.2905511856079,9.93099594116211,3.93818187713623,4.62545442581177,5,5,0.789855062961578,0.967391312122345,1,1,16,1.03999996185303,5.19999980926514
03,2003-03-13,52050040,,"",SANDONA [52050040],Pluviométrica,Convencional,Activa,Nariño,Sandoná,1.3223,-77.4792,20,9/15/1963,,Cudayari,Pacifico,Patía,Río Guáitara,2003,13,Andes,Preliminar,0,0,0,4.94990348815918,4.94990348815918,0,2.33856511116028,0,3.93818187713623,4.62545442581177,5,5,0.789855062961578,0.967391312122345,1,1,15,1.03999996185303,0
03,2003-03-10,52050040,,"",SANDONA [52050040],Pluviométrica,Convencional,Activa,Nariño,Sandoná,1.3223,-77.4792,20,9/15/1963,,Cudayari,Pacifico,Patía,Río Guáitara,2003,10,Andes,Preliminar,0,0,0,2.85078883171082,2.85078883171082,0,0,0,3.93818187713623,4.62545442581177,5,5,0.789855062961578,0.967391312122345,1,1,14,1.03999996185303,0
03,2016-03-19,52050040,,"",SANDONA [52050040],Pluviométrica,Convencional,Activa,Nariño,Sandoná,1.3223,-77.4792,20,9/15/1963,,Cudayari,Pacifico,Patía,Río Guáitara,2016,19,Andes,Preliminar,0,0,0,1.86309123039246,1.86309123039246,0,0,0,3.93818187713623,4.62545442581177,5,5,0.789855062961578,0.967391312122345,1,1,16,1.03999996185303,0
03,2015-03-17,52050040,30,Definitivo,SANDONA [52050040],Pluviométrica,Convencional,Activa,Nariño,Sandoná,1.3223,-77.4792,20,9/15/1963,,Cudayari,Pacifico,Patía,Río Guáitara,2015,17,Andes,Definitivo,30,30,0,5.17127370834351,5.17127370834351,0,19.107572555542,2.25572347640991,3.93818187713623,4.62545442581177,5,5,0.789855062961578,0.967391312122345,1,1,16,1.03999996185303,31.1999988555908
03,2008-03-06,52050040,,"",SANDONA [52050040],Pluviométrica,Convencional,Activa,Nariño,Sandoná,1.3223,-77.4792,20,9/15/1963,,Cudayari,Pacifico,Patía,Río Guáitara,2008,06,Andes,Preliminar,0,0,0,20.3035755157471,20.3035755157471,11.9330987930298,7.44539546966553,14.4353189468384,3.93818187713623,4.62545442581177,5,5,0.789855062961578,0.967391312122345,1,1,14,1.03999996185303,0
03,2010-03-08,52050040,,"",SANDONA [52050040],Pluviométrica,Convencional,Activa,Nariño,Sandoná,1.3223,-77.4792,20,9/15/1963,,Cudayari,Pacifico,Patía,Río Guáitara,2010,08,Andes,Preliminar,0,0,0,1.88764500617981,1.88764500617981,0,0.792286336421967,0,3.93818187713623,4.62545442581177,5,5,0.789855062961578,0.967391312122345,1,1,14,1.03999996185303,0
03,2013-03-06,52050040,5,Definitivo,SANDONA [52050040],Pluviométrica,Convencional,Activa,Nariño,Sandoná,1.3223,-77.4792,20,9/15/1963,,Cudayari,Pacifico,Patía,Río Guáitara,2013,06,Andes,Definitivo,5,5,0,8.36164665222168,8.36164665222168,0,2.27683067321777,0.872509062290192,3.93818187713623,4.62545442581177,5,5,0.789855062961578,0.967391312122345,1,1,14,1.03999996185303,5.19999980926514
03,2001-03-23,52050040,,"",SANDONA [52050040],Pluviométrica,Convencional,Activa,Nariño,Sandoná,1.3223,-77.4792,20,9/15/1963,,Cudayari,Pacifico,Patía,Río Guáitara,2001,23,Andes,Preliminar,0,0,0,5.19857978820801,5.19857978820801,0,1.24864256381989,5.70730209350586,3.93818187713623,4.62545442581177,5,5,0.789855062961578,0.967391312122345,1,1,17,1.03999996185303,0
03,2002-03-21,52050040,5,Definitivo,SANDONA [52050040],Pluviométrica,Convencional,Activa,Nariño,Sandoná,1.3223,-77.4792,20,9/15/1963,,Cudayari,Pacifico,Patía,Río Guáitara,2002,21,Andes,Definitivo,5,5,0,12.7141857147217,12.7141857147217,6.32805681228638,11.2167959213257,9.47004413604736,3.93818187713623,4.62545442581177,5,5,0.789855062961578,0.967391312122345,1,1,17,1.03999996185303,5.19999980926514
03,2002-03-20,52050040,29,Definitivo,SANDONA [52050040],Pluviométrica,Convencional,Activa,Nariño,Sandoná,1.3223,-77.4792,20,9/15/1963,,Cudayari,Pacifico,Patía,Río Guáitara,2002,20,Andes,Definitivo,29,29,0,7.57593202590942,7.57593202590942,0,8.83258628845215,2.03514814376831,3.93818187713623,4.62545442581177,5,5,0.789855062961578,0.967391312122345,1,1,16,1.03999996185303,30.1599988937378
03,2014-03-14,52050040,,"",SANDONA [52050040],Pluviométrica,Convencional,Activa,Nariño,Sandoná,1.3223,-77.4792,20,9/15/1963,,Cudayari,Pacifico,Patía,Río Guáitara,2014,14,Andes,Preliminar,0,0,0,7.51313447952271,7.51313447952271,8.96752452850342,1.86122465133667,2.88931345939636,3.93818187713623,4.62545442581177,5,5,0.789855062961578,0.967391312122345,1,1,15,1.03999996185303,0
03,2003-03-18,52050040,,"",SANDONA [52050040],Pluviométrica,Convencional,Activa,Nariño,Sandoná,1.3223,-77.4792,20,9/15/1963,,Cudayari,Pacifico,Patía,Río Guáitara,2003,18,Andes,Preliminar,0,0,0,10.1721172332764,10.1721172332764,0,2.49334120750427,0.576943337917328,3.93818187713623,4.62545442581177,5,5,0.789855062961578,0.967391312122345,1,1,16,1.03999996185303,0
03,2014-03-15,52050040,,"",SANDONA [52050040],Pluviométrica,Convencional,Activa,Nariño,Sandoná,1.3223,-77.4792,20,9/15/1963,,Cudayari,Pacifico,Patía,Río Guáitara,2014,15,Andes,Preliminar,0,0,0,14.4250268936157,14.4250268936157,2.24188113212585,3.67128491401672,2.39872932434082,3.93818187713623,4.62545442581177,5,5,0.789855062961578,0.967391312122345,1,1,15,1.03999996185303,0
03,2014-03-16,52050040,37,Definitivo,SANDONA [52050040],Pluviométrica,Convencional,Activa,Nariño,Sandoná,1.3223,-77.4792,20,9/15/1963,,Cudayari,Pacifico,Patía,Río Guáitara,2014,16,Andes,Definitivo,37,37,0,8.23198509216309,8.23198509216309,0,3.55299019813538,0.941243827342987,3.93818187713623,4.62545442581177,5,5,0.789855062961578,0.967391312122345,1,1,16,1.03999996185303,38.479998588562
03,2014-03-17,52050040,4,Definitivo,SANDONA [52050040],Pluviométrica,Convencional,Activa,Nariño,Sandoná,1.3223,-77.4792,20,9/15/1963,,Cudayari,Pacifico,Patía,Río Guáitara,2014,17,Andes,Definitivo,4,4,0,8.28830623626709,8.28830623626709,31.4569549560547,5.64778900146484,11.3478050231934,3.93818187713623,4.62545442581177,5,5,0.789855062961578,0.967391312122345,1,1,16,1.03999996185303,4.15999984741211
03,2003-03-08,52050040,,"",SANDONA [52050040],Pluviométrica,Convencional,Activa,Nariño,Sandoná,1.3223,-77.4792,20,9/15/1963,,Cudayari,Pacifico,Patía,Río Guáitara,2003,08,Andes,Preliminar,0,0,0,0.427618324756622,0.427618324756622,0,0,0,3.93818187713623,4.62545442581177,5,5,0.789855062961578,0.967391312122345,1,1,14,1.03999996185303,0
03,2004-03-03,52050040,,"",SANDONA [52050040],Pluviométrica,Convencional,Activa,Nariño,Sandoná,1.3223,-77.4792,20,9/15/1963,,Cudayari,Pacifico,Patía,Río Guáitara,2004,03,Andes,Preliminar,0,0,0,2.71910500526428,2.71910500526428,0,1.29037058353424,1.9014607667923,3.93818187713623,4.62545442581177,5,5,0.789855062961578,0.967391312122345,1,1,13,1.03999996185303,0
03,2016-03-14,52050040,,"",SANDONA [52050040],Pluviométrica,Convencional,Activa,Nariño,Sandoná,1.3223,-77.4792,20,9/15/1963,,Cudayari,Pacifico,Patía,Río Guáitara,2016,14,Andes,Preliminar,1,1,0,12.9963159561157,12.9963159561157,8.24960136413574,5.59132623672485,1.68550562858582,3.93818187713623,4.62545442581177,5,5,0.789855062961578,0.967391312122345,1,1,15,1.03999996185303,1.03999996185303
03,2017-03-12,52050040,2,Definitivo,SANDONA [52050040],Pluviométrica,Convencional,Activa,Nariño,Sandoná,1.3223,-77.4792,20,9/15/1963,,Cudayari,Pacifico,Patía,Río Guáitara,2017,12,Andes,Definitivo,2,2,0,11.1331434249878,11.1331434249878,13.7173833847046,18.4504890441895,21.4721755981445,3.93818187713623,4.62545442581177,5,5,0.789855062961578,0.967391312122345,1,1,15,1.03999996185303,2.07999992370605
03,2018-03-10,52050040,,"",SANDONA [52050040],Pluviométrica,Convencional,Activa,Nariño,Sandoná,1.3223,-77.4792,20,9/15/1963,,Cudayari,Pacifico,Patía,Río Guáitara,2018,10,Andes,Preliminar,0,0,0,1.02246809005737,1.02246809005737,0,0.0199943613260984,0,3.93818187713623,4.62545442581177,5,5,0.789855062961578,0.967391312122345,1,1,14,1.03999996185303,0
03,2015-03-08,52050040,,"",SANDONA [52050040],Pluviométrica,Convencional,Activa,Nariño,Sandoná,1.3223,-77.4792,20,9/15/1963,,Cudayari,Pacifico,Patía,Río Guáitara,2015,08,Andes,Preliminar,0,0,0,1.99269890785217,1.99269890785217,14.3945217132568,1.03611600399017,0.0205415729433298,3.93818187713623,4.62545442581177,5,5,0.789855062961578,0.967391312122345,1,1,14,1.03999996185303,0
03,2014-03-12,52050040,,"",SANDONA [52050040],Pluviométrica,Convencional,Activa,Nariño,Sandoná,1.3223,-77.4792,20,9/15/1963,,Cudayari,Pacifico,Patía,Río Guáitara,2014,12,Andes,Preliminar,0,0,0,7.32160663604736,7.32160663604736,4.48376226425171,4.07541704177856,0.86993145942688,3.93818187713623,4.62545442581177,5,5,0.789855062961578,0.967391312122345,1,1,15,1.03999996185303,0
03,2014-03-13,52050040,,"",SANDONA [52050040],Pluviométrica,Convencional,Activa,Nariño,Sandoná,1.3223,-77.4792,20,9/15/1963,,Cudayari,Pacifico,Patía,Río Guáitara,2014,13,Andes,Preliminar,0,0,0,11.7589693069458,11.7589693069458,4.48376226425171,2.13222503662109,8.73354148864746,3.93818187713623,4.62545442581177,5,5,0.789855062961578,0.967391312122345,1,1,15,1.03999996185303,0
03,2017-03-03,52050040,,"",SANDONA [52050040],Pluviométrica,Convencional,Activa,Nariño,Sandoná,1.3223,-77.4792,20,9/15/1963,,Cudayari,Pacifico,Patía,Río Guáitara,2017,03,Andes,Preliminar,0,0,0,1.41918563842773,1.41918563842773,0,2.81292510032654,0,3.93818187713623,4.62545442581177,5,5,0.789855062961578,0.967391312122345,1,1,13,1.03999996185303,0
03,2015-03-11,52050040,,"",SANDONA [52050040],Pluviométrica,Convencional,Activa,Nariño,Sandoná,1.3223,-77.4792,20,9/15/1963,,Cudayari,Pacifico,Patía,Río Guáitara,2015,11,Andes,Preliminar,0,0,0,0.905706346035004,0.905706346035004,0,0,0,3.93818187713623,4.62545442581177,5,5,0.789855062961578,0.967391312122345,1,1,15,1.03999996185303,0
03,2001-03-20,52050040,32,Definitivo,SANDONA [52050040],Pluviométrica,Convencional,Activa,Nariño,Sandoná,1.3223,-77.4792,20,9/15/1963,,Cudayari,Pacifico,Patía,Río Guáitara,2001,20,Andes,Definitivo,32,32,0,7.33701801300049,7.33701801300049,17.3022327423096,9.21912002563477,23.9209594726563,3.93818187713623,4.62545442581177,5,5,0.789855062961578,0.967391312122345,1,1,16,1.03999996185303,33.2799987792969
03,2001-03-18,52050040,,"",SANDONA [52050040],Pluviométrica,Convencional,Activa,Nariño,Sandoná,1.3223,-77.4792,20,9/15/1963,,Cudayari,Pacifico,Patía,Río Guáitara,2001,18,Andes,Preliminar,6,6,0,3.17845773696899,3.17845773696899,0,4.45496320724487,0,3.93818187713623,4.62545442581177,5,5,0.789855062961578,0.967391312122345,1,1,16,1.03999996185303,6.23999977111816
03,2001-03-15,52050040,7,Definitivo,SANDONA [52050040],Pluviométrica,Convencional,Activa,Nariño,Sandoná,1.3223,-77.4792,20,9/15/1963,,Cudayari,Pacifico,Patía,Río Guáitara,2001,15,Andes,Definitivo,7,7,0,1.26581883430481,1.26581883430481,18.3227920532227,0,0,3.93818187713623,4.62545442581177,5,5,0.789855062961578,0.967391312122345,1,1,15,1.03999996185303,7.27999973297119
03,2014-03-18,52050040,5,Definitivo,SANDONA [52050040],Pluviométrica,Convencional,Activa,Nariño,Sandoná,1.3223,-77.4792,20,9/15/1963,,Cudayari,Pacifico,Patía,Río Guáitara,2014,18,Andes,Definitivo,5,5,0,4.36905097961426,4.36905097961426,0,1.79027283191681,2.04112434387207,3.93818187713623,4.62545442581177,5,5,0.789855062961578,0.967391312122345,1,1,16,1.03999996185303,5.19999980926514
03,2014-03-19,52050040,,"",SANDONA [52050040],Pluviométrica,Convencional,Activa,Nariño,Sandoná,1.3223,-77.4792,20,9/15/1963,,Cudayari,Pacifico,Patía,Río Guáitara,2014,19,Andes,Preliminar,0,0,0,1.94383156299591,1.94383156299591,0,1.10299181938171,0.595768630504608,3.93818187713623,4.62545442581177,5,5,0.789855062961578,0.967391312122345,1,1,16,1.03999996185303,0
03,2004-03-04,52050040,2,Definitivo,SANDONA [52050040],Pluviométrica,Convencional,Activa,Nariño,Sandoná,1.3223,-77.4792,20,9/15/1963,,Cudayari,Pacifico,Patía,Río Guáitara,2004,04,Andes,Definitivo,2,2,0,3.80392909049988,3.80392909049988,0,1.32404625415802,1.51181697845459,3.93818187713623,4.62545442581177,5,5,0.789855062961578,0.967391312122345,1,1,13,1.03999996185303,2.07999992370605
03,2006-03-06,52050040,7,Definitivo,SANDONA [52050040],Pluviométrica,Convencional,Activa,Nariño,Sandoná,1.3223,-77.4792,20,9/15/1963,,Cudayari,Pacifico,Patía,Río Guáitara,2006,06,Andes,Definitivo,7,7,0,0.803828299045563,0.803828299045563,0,2.86212110519409,0.0811071768403053,3.93818187713623,4.62545442581177,5,5,0.789855062961578,0.967391312122345,1,1,14,1.03999996185303,7.27999973297119
03,2008-03-07,52050040,,"",SANDONA [52050040],Pluviométrica,Convencional,Activa,Nariño,Sandoná,1.3223,-77.4792,20,9/15/1963,,Cudayari,Pacifico,Patía,Río Guáitara,2008,07,Andes,Preliminar,0,0,0,0.192700028419495,0.192700028419495,0,3.33892273902893,0.782426059246063,3.93818187713623,4.62545442581177,5,5,0.789855062961578,0.967391312122345,1,1,14,1.03999996185303,0
03,2020-03-04,52050040,,"",SANDONA [52050040],Pluviométrica,Convencional,Activa,Nariño,Sandoná,1.3223,-77.4792,20,9/15/1963,,Cudayari,Pacifico,Patía,Río Guáitara,2020,04,Andes,Preliminar,0,0,0,2.8636462688446,2.8636462688446,0,0.330733448266983,0.959972381591797,3.93818187713623,4.62545442581177,5,5,0.789855062961578,0.967391312122345,1,1,13,1.03999996185303,0
03,2020-03-05,52050040,,"",SANDONA [52050040],Pluviométrica,Convencional,Activa,Nariño,Sandoná,1.3223,-77.4792,20,9/15/1963,,Cudayari,Pacifico,Patía,Río Guáitara,2020,05,Andes,Preliminar,0,0,0,2.19255566596985,2.19255566596985,0,0.88568103313446,0,3.93818187713623,4.62545442581177,5,5,0.789855062961578,0.967391312122345,1,1,13,1.03999996185303,0
03,2021-03-03,52050040,17,En revisión,SANDONA [52050040],Pluviométrica,Convencional,Activa,Nariño,Sandoná,1.3223,-77.4792,20,9/15/1963,,Cudayari,Pacifico,Patía,Río Guáitara,2021,03,Andes,En revisión,17,17,0,7.52319574356079,7.52319574356079,0,6.66316843032837,0.00301207369193435,3.93818187713623,4.62545442581177,5,5,0.789855062961578,0.967391312122345,1,1,13,1.03999996185303,17.6799993515015
03,2001-03-21,52050040,,"",SANDONA [52050040],Pluviométrica,Convencional,Activa,Nariño,Sandoná,1.3223,-77.4792,20,9/15/1963,,Cudayari,Pacifico,Patía,Río Guáitara,2001,21,Andes,Preliminar,0,0,0,7.3494725227356,7.3494725227356,7.5443320274353,12.8670444488525,5.05559539794922,3.93818187713623,4.62545442581177,5,5,0.789855062961578,0.967391312122345,1,1,17,1.03999996185303,0
03,2016-03-06,52050040,12,Definitivo,SANDONA [52050040],Pluviométrica,Convencional,Activa,Nariño,Sandoná,1.3223,-77.4792,20,9/15/1963,,Cudayari,Pacifico,Patía,Río Guáitara,2016,06,Andes,Definitivo,12,12,0,16.6874580383301,16.6874580383301,0,9.42624950408936,0,3.93818187713623,4.62545442581177,5,5,0.789855062961578,0.967391312122345,1,1,14,1.03999996185303,12.4799995422363
03,2016-03-07,52050040,0,Definitivo,SANDONA [52050040],Pluviométrica,Convencional,Activa,Nariño,Sandoná,1.3223,-77.4792,20,9/15/1963,,Cudayari,Pacifico,Patía,Río Guáitara,2016,07,Andes,Definitivo,0,0,0,9.47027778625488,9.47027778625488,12.5679006576538,2.27118110656738,9.41469955444336,3.93818187713623,4.62545442581177,5,5,0.789855062961578,0.967391312122345,1,1,14,1.03999996185303,0
03,2015-03-12,52050040,1,Definitivo,SANDONA [52050040],Pluviométrica,Convencional,Activa,Nariño,Sandoná,1.3223,-77.4792,20,9/15/1963,,Cudayari,Pacifico,Patía,Río Guáitara,2015,12,Andes,Definitivo,1,1,0,2.62092804908752,2.62092804908752,0,0,0,3.93818187713623,4.62545442581177,5,5,0.789855062961578,0.967391312122345,1,1,15,1.03999996185303,1.03999996185303
03,2015-03-13,52050040,15,Definitivo,SANDONA [52050040],Pluviométrica,Convencional,Activa,Nariño,Sandoná,1.3223,-77.4792,20,9/15/1963,,Cudayari,Pacifico,Patía,Río Guáitara,2015,13,Andes,Definitivo,15,15,0,3.02131867408752,3.02131867408752,0,0,0,3.93818187713623,4.62545442581177,5,5,0.789855062961578,0.967391312122345,1,1,15,1.03999996185303,15.5999994277954
03,2001-03-13,52050040,,"",SANDONA [52050040],Pluviométrica,Convencional,Activa,Nariño,Sandoná,1.3223,-77.4792,20,9/15/1963,,Cudayari,Pacifico,Patía,Río Guáitara,2001,13,Andes,Preliminar,0,0,0,0.510202467441559,0.510202467441559,0,0,0,3.93818187713623,4.62545442581177,5,5,0.789855062961578,0.967391312122345,1,1,15,1.03999996185303,0
03,2002-03-09,52050040,,"",SANDONA [52050040],Pluviométrica,Convencional,Activa,Nariño,Sandoná,1.3223,-77.4792,20,9/15/1963,,Cudayari,Pacifico,Patía,Río Guáitara,2002,09,Andes,Preliminar,0,0,0,0.0321357399225235,0.0321357399225235,0,0.905921161174774,0.0377319753170013,3.93818187713623,4.62545442581177,5,5,0.789855062961578,0.967391312122345,1,1,14,1.03999996185303,0
03,2016-03-13,52050040,4,Definitivo,SANDONA [52050040],Pluviométrica,Convencional,Activa,Nariño,Sandoná,1.3223,-77.4792,20,9/15/1963,,Cudayari,Pacifico,Patía,Río Guáitara,2016,13,Andes,Definitivo,4,4,0,10.9166193008423,10.9166193008423,12.3744020462036,3.93516969680786,16.4617748260498,3.93818187713623,4.62545442581177,5,5,0.789855062961578,0.967391312122345,1,1,15,1.03999996185303,4.15999984741211
03,2017-03-11,52050040,40,Definitivo,SANDONA [52050040],Pluviométrica,Convencional,Activa,Nariño,Sandoná,1.3223,-77.4792,20,9/15/1963,,Cudayari,Pacifico,Patía,Río Guáitara,2017,11,Andes,Definitivo,40,40,0,10.1411733627319,10.1411733627319,13.7173833847046,12.2748031616211,17.4460010528564,3.93818187713623,4.62545442581177,5,5,0.789855062961578,0.967391312122345,1,1,15,1.03999996185303,41.5999984741211
03,2018-03-09,52050040,,"",SANDONA [52050040],Pluviométrica,Convencional,Activa,Nariño,Sandoná,1.3223,-77.4792,20,9/15/1963,,Cudayari,Pacifico,Patía,Río Guáitara,2018,09,Andes,Preliminar,0,0,0,1.01843845844269,1.01843845844269,0,0.0716307982802391,0.508695960044861,3.93818187713623,4.62545442581177,5,5,0.789855062961578,0.967391312122345,1,1,14,1.03999996185303,0
03,2008-03-08,52050040,0,Definitivo,SANDONA [52050040],Pluviométrica,Convencional,Activa,Nariño,Sandoná,1.3223,-77.4792,20,9/15/1963,,Cudayari,Pacifico,Patía,Río Guáitara,2008,08,Andes,Definitivo,0,0,0,0.210218220949173,0.210218220949173,17.8996486663818,3.22460675239563,2.78684306144714,3.93818187713623,4.62545442581177,5,5,0.789855062961578,0.967391312122345,1,1,14,1.03999996185303,0
03,2013-03-07,52050040,,"",SANDONA [52050040],Pluviométrica,Convencional,Activa,Nariño,Sandoná,1.3223,-77.4792,20,9/15/1963,,Cudayari,Pacifico,Patía,Río Guáitara,2013,07,Andes,Preliminar,0,0,0,4.66289854049683,4.66289854049683,12.9030237197876,0.982833504676819,5.70039319992065,3.93818187713623,4.62545442581177,5,5,0.789855062961578,0.967391312122345,1,1,14,1.03999996185303,0
03,2001-03-22,52050040,,"",SANDONA [52050040],Pluviométrica,Convencional,Activa,Nariño,Sandoná,1.3223,-77.4792,20,9/15/1963,,Cudayari,Pacifico,Patía,Río Guáitara,2001,22,Andes,Preliminar,0,0,0,3.09672737121582,3.09672737121582,0,2.55602335929871,1.7289696931839,3.93818187713623,4.62545442581177,5,5,0.789855062961578,0.967391312122345,1,1,17,1.03999996185303,0
03,2015-03-10,52050040,,"",SANDONA [52050040],Pluviométrica,Convencional,Activa,Nariño,Sandoná,1.3223,-77.4792,20,9/15/1963,,Cudayari,Pacifico,Patía,Río Guáitara,2015,10,Andes,Preliminar,0,0,0,3.15930461883545,3.15930461883545,0,1.30298960208893,0,3.93818187713623,4.62545442581177,5,5,0.789855062961578,0.967391312122345,1,1,14,1.03999996185303,0
03,2017-03-02,52050040,0,Definitivo,SANDONA [52050040],Pluviométrica,Convencional,Activa,Nariño,Sandoná,1.3223,-77.4792,20,9/15/1963,,Cudayari,Pacifico,Patía,Río Guáitara,2017,02,Andes,Definitivo,0,0,0,8.53975963592529,8.53975963592529,0,3.18966555595398,6.6886305809021,3.93818187713623,4.62545442581177,5,5,0.789855062961578,0.967391312122345,1,1,13,1.03999996185303,0
03,2011-03-09,52050040,2,Definitivo,SANDONA [52050040],Pluviométrica,Convencional,Activa,Nariño,Sandoná,1.3223,-77.4792,20,9/15/1963,,Cudayari,Pacifico,Patía,Río Guáitara,2011,09,Andes,Definitivo,2,2,0,1.74766111373901,1.74766111373901,19.8391971588135,9.47700023651123,20.9210033416748,3.93818187713623,4.62545442581177,5,5,0.789855062961578,0.967391312122345,1,1,14,1.03999996185303,2.07999992370605
03,2014-03-07,52050040,19,Definitivo,SANDONA [52050040],Pluviométrica,Convencional,Activa,Nariño,Sandoná,1.3223,-77.4792,20,9/15/1963,,Cudayari,Pacifico,Patía,Río Guáitara,2014,07,Andes,Definitivo,19,19,0,12.006160736084,12.006160736084,0,8.21709823608398,3.59205985069275,3.93818187713623,4.62545442581177,5,5,0.789855062961578,0.967391312122345,1,1,14,1.03999996185303,19.7599992752075
03,2001-03-17,52050040,,"",SANDONA [52050040],Pluviométrica,Convencional,Activa,Nariño,Sandoná,1.3223,-77.4792,20,9/15/1963,,Cudayari,Pacifico,Patía,Río Guáitara,2001,17,Andes,Preliminar,0,0,0,1.9602016210556,1.9602016210556,0,6.17976140975952,0.254252910614014,3.93818187713623,4.62545442581177,5,5,0.789855062961578,0.967391312122345,1,1,16,1.03999996185303,0
03,2015-03-14,52050040,11,Definitivo,SANDONA [52050040],Pluviométrica,Convencional,Activa,Nariño,Sandoná,1.3223,-77.4792,20,9/15/1963,,Cudayari,Pacifico,Patía,Río Guáitara,2015,14,Andes,Definitivo,11,11,0,2.77908849716187,2.77908849716187,0,0,0,3.93818187713623,4.62545442581177,5,5,0.789855062961578,0.967391312122345,1,1,15,1.03999996185303,11.4399995803833
03,2015-03-15,52050040,1,Definitivo,SANDONA [52050040],Pluviométrica,Convencional,Activa,Nariño,Sandoná,1.3223,-77.4792,20,9/15/1963,,Cudayari,Pacifico,Patía,Río Guáitara,2015,15,Andes,Definitivo,1,1,0,1.79065787792206,1.79065787792206,0,0,0,3.93818187713623,4.62545442581177,5,5,0.789855062961578,0.967391312122345,1,1,15,1.03999996185303,1.03999996185303
03,2003-03-05,52050040,,"",SANDONA [52050040],Pluviométrica,Convencional,Activa,Nariño,Sandoná,1.3223,-77.4792,20,9/15/1963,,Cudayari,Pacifico,Patía,Río Guáitara,2003,05,Andes,Preliminar,0,0,0,0.657442986965179,0.657442986965179,10.7336311340332,0.0926226153969765,1.50033009052277,3.93818187713623,4.62545442581177,5,5,0.789855062961578,0.967391312122345,1,1,13,1.03999996185303,0
03,2002-03-04,52050040,7,Definitivo,SANDONA [52050040],Pluviométrica,Convencional,Activa,Nariño,Sandoná,1.3223,-77.4792,20,9/15/1963,,Cudayari,Pacifico,Patía,Río Guáitara,2002,04,Andes,Definitivo,7,7,0,4.43320608139038,4.43320608139038,0,3.67859888076782,8.2270679473877,3.93818187713623,4.62545442581177,5,5,0.789855062961578,0.967391312122345,1,1,13,1.03999996185303,7.27999973297119
03,2004-03-05,52050040,18,Definitivo,SANDONA [52050040],Pluviométrica,Convencional,Activa,Nariño,Sandoná,1.3223,-77.4792,20,9/15/1963,,Cudayari,Pacifico,Patía,Río Guáitara,2004,05,Andes,Definitivo,18,18,0,5.94540071487427,5.94540071487427,23.9816799163818,5.19789981842041,9.97487640380859,3.93818187713623,4.62545442581177,5,5,0.789855062961578,0.967391312122345,1,1,13,1.03999996185303,18.7199993133545
03,2019-03-07,52050040,,"",SANDONA [52050040],Pluviométrica,Convencional,Activa,Nariño,Sandoná,1.3223,-77.4792,20,9/15/1963,,Cudayari,Pacifico,Patía,Río Guáitara,2019,07,Andes,Preliminar,0,0,0,5.77060127258301,5.77060127258301,6.12616443634033,7.71946239471436,13.4623012542725,3.93818187713623,4.62545442581177,5,5,0.789855062961578,0.967391312122345,1,1,14,1.03999996185303,0
03,2021-03-01,52050040,7,En revisión,SANDONA [52050040],Pluviométrica,Convencional,Activa,Nariño,Sandoná,1.3223,-77.4792,20,9/15/1963,,Cudayari,Pacifico,Patía,Río Guáitara,2021,01,Andes,En revisión,7,7,0,3.75254273414612,3.75254273414612,19.7222328186035,29.6487693786621,17.6718368530273,3.93818187713623,4.62545442581177,5,5,0.789855062961578,0.967391312122345,1,1,13,1.03999996185303,7.27999973297119
03,2015-03-09,52050040,,"",SANDONA [52050040],Pluviométrica,Convencional,Activa,Nariño,Sandoná,1.3223,-77.4792,20,9/15/1963,,Cudayari,Pacifico,Patía,Río Guáitara,2015,09,Andes,Preliminar,0,0,0,2.74912667274475,2.74912667274475,0,0.565919041633606,0.616247117519379,3.93818187713623,4.62545442581177,5,5,0.789855062961578,0.967391312122345,1,1,14,1.03999996185303,0
03,2019-03-03,52050040,20,Definitivo,SANDONA [52050040],Pluviométrica,Convencional,Activa,Nariño,Sandoná,1.3223,-77.4792,20,9/15/1963,,Cudayari,Pacifico,Patía,Río Guáitara,2019,03,Andes,Definitivo,20,20,0,6.38716745376587,6.38716745376587,0,7.71750068664551,0,3.93818187713623,4.62545442581177,5,5,0.789855062961578,0.967391312122345,1,1,13,1.03999996185303,20.7999992370605
03,2011-03-08,52050040,8,Definitivo,SANDONA [52050040],Pluviométrica,Convencional,Activa,Nariño,Sandoná,1.3223,-77.4792,20,9/15/1963,,Cudayari,Pacifico,Patía,Río Guáitara,2011,08,Andes,Definitivo,8,8,0,17.4766120910645,17.4766120910645,3.96783947944641,1.8423615694046,0.00213370774872601,3.93818187713623,4.62545442581177,5,5,0.789855062961578,0.967391312122345,1,1,14,1.03999996185303,8.31999969482422
03,2012-03-04,52050040,,"",SANDONA [52050040],Pluviométrica,Convencional,Activa,Nariño,Sandoná,1.3223,-77.4792,20,9/15/1963,,Cudayari,Pacifico,Patía,Río Guáitara,2012,04,Andes,Preliminar,0,0,0,1.50123858451843,1.50123858451843,0,1.10383129119873,1.47365820407867,3.93818187713623,4.62545442581177,5,5,0.789855062961578,0.967391312122345,1,1,13,1.03999996185303,0
03,2012-03-05,52050040,,"",SANDONA [52050040],Pluviométrica,Convencional,Activa,Nariño,Sandoná,1.3223,-77.4792,20,9/15/1963,,Cudayari,Pacifico,Patía,Río Guáitara,2012,05,Andes,Preliminar,0,0,0,2.22206830978394,2.22206830978394,4.70273494720459,1.75289916992188,0.268040657043457,3.93818187713623,4.62545442581177,5,5,0.789855062961578,0.967391312122345,1,1,13,1.03999996185303,0
03,2016-03-08,52050040,,"",SANDONA [52050040],Pluviométrica,Convencional,Activa,Nariño,Sandoná,1.3223,-77.4792,20,9/15/1963,,Cudayari,Pacifico,Patía,Río Guáitara,2016,08,Andes,Preliminar,0,0,0,9.70151138305664,9.70151138305664,0,1.49907243251801,3.71877074241638,3.93818187713623,4.62545442581177,5,5,0.789855062961578,0.967391312122345,1,1,14,1.03999996185303,0
03,2003-03-15,52050040,15,Definitivo,SANDONA [52050040],Pluviométrica,Convencional,Activa,Nariño,Sandoná,1.3223,-77.4792,20,9/15/1963,,Cudayari,Pacifico,Patía,Río Guáitara,2003,15,Andes,Definitivo,15,15,0,8.07490253448486,8.07490253448486,22.8137741088867,8.64732456207275,19.0197143554688,3.93818187713623,4.62545442581177,5,5,0.789855062961578,0.967391312122345,1,1,15,1.03999996185303,15.5999994277954
03,2003-03-12,52050040,,"",SANDONA [52050040],Pluviométrica,Convencional,Activa,Nariño,Sandoná,1.3223,-77.4792,20,9/15/1963,,Cudayari,Pacifico,Patía,Río Guáitara,2003,12,Andes,Preliminar,0,0,0,0.703721225261688,0.703721225261688,0,2.34658026695251,0.14596863090992,3.93818187713623,4.62545442581177,5,5,0.789855062961578,0.967391312122345,1,1,15,1.03999996185303,0
03,2015-03-16,52050040,,"",SANDONA [52050040],Pluviométrica,Convencional,Activa,Nariño,Sandoná,1.3223,-77.4792,20,9/15/1963,,Cudayari,Pacifico,Patía,Río Guáitara,2015,16,Andes,Preliminar,0,0,0,3.44318914413452,3.44318914413452,0,5.59416341781616,2.83784604072571,3.93818187713623,4.62545442581177,5,5,0.789855062961578,0.967391312122345,1,1,16,1.03999996185303,0
03,2017-03-10,52050040,12,Definitivo,SANDONA [52050040],Pluviométrica,Convencional,Activa,Nariño,Sandoná,1.3223,-77.4792,20,9/15/1963,,Cudayari,Pacifico,Patía,Río Guáitara,2017,10,Andes,Definitivo,12,12,0,5.60336351394653,5.60336351394653,8.05333137512207,9.74983787536621,0.357430666685104,3.93818187713623,4.62545442581177,5,5,0.789855062961578,0.967391312122345,1,1,14,1.03999996185303,12.4799995422363
03,2018-03-08,52050040,,"",SANDONA [52050040],Pluviométrica,Convencional,Activa,Nariño,Sandoná,1.3223,-77.4792,20,9/15/1963,,Cudayari,Pacifico,Patía,Río Guáitara,2018,08,Andes,Preliminar,0,0,0,2.08165049552917,2.08165049552917,0,0.119307167828083,0,3.93818187713623,4.62545442581177,5,5,0.789855062961578,0.967391312122345,1,1,14,1.03999996185303,0
03,2009-03-04,52050040,1,Definitivo,SANDONA [52050040],Pluviométrica,Convencional,Activa,Nariño,Sandoná,1.3223,-77.4792,20,9/15/1963,,Cudayari,Pacifico,Patía,Río Guáitara,2009,04,Andes,Definitivo,1,1,0,3.10062479972839,3.10062479972839,0,1.37593674659729,0.0475963018834591,3.93818187713623,4.62545442581177,5,5,0.789855062961578,0.967391312122345,1,1,13,1.03999996185303,1.03999996185303
03,2009-03-05,52050040,,"",SANDONA [52050040],Pluviométrica,Convencional,Activa,Nariño,Sandoná,1.3223,-77.4792,20,9/15/1963,,Cudayari,Pacifico,Patía,Río Guáitara,2009,05,Andes,Preliminar,0,0,0,1.99384021759033,1.99384021759033,0,0.791597902774811,0.433966308832169,3.93818187713623,4.62545442581177,5,5,0.789855062961578,0.967391312122345,1,1,13,1.03999996185303,0
03,2021-03-02,52050040,7,En revisión,SANDONA [52050040],Pluviométrica,Convencional,Activa,Nariño,Sandoná,1.3223,-77.4792,20,9/15/1963,,Cudayari,Pacifico,Patía,Río Guáitara,2021,02,Andes,En revisión,7,7,0,5.21980619430542,5.21980619430542,0,9.61096382141113,11.8043184280396,3.93818187713623,4.62545442581177,5,5,0.789855062961578,0.967391312122345,1,1,13,1.03999996185303,7.27999973297119
03,2013-03-08,52050040,,"",SANDONA [52050040],Pluviométrica,Convencional,Activa,Nariño,Sandoná,1.3223,-77.4792,20,9/15/1963,,Cudayari,Pacifico,Patía,Río Guáitara,2013,08,Andes,Preliminar,0,0,0,4.24817705154419,4.24817705154419,0,0.568519175052643,2.13279986381531,3.93818187713623,4.62545442581177,5,5,0.789855062961578,0.967391312122345,1,1,14,1.03999996185303,0
03,2017-03-01,52050040,5,Definitivo,SANDONA [52050040],Pluviométrica,Convencional,Activa,Nariño,Sandoná,1.3223,-77.4792,20,9/15/1963,,Cudayari,Pacifico,Patía,Río Guáitara,2017,01,Andes,Definitivo,5,5,0,4.41076898574829,4.41076898574829,13.0200862884521,2.72028923034668,4.24329900741577,3.93818187713623,4.62545442581177,5,5,0.789855062961578,0.967391312122345,1,1,13,1.03999996185303,5.19999980926514
03,2005-03-05,52050040,,"",SANDONA [52050040],Pluviométrica,Convencional,Activa,Nariño,Sandoná,1.3223,-77.4792,20,9/15/1963,,Cudayari,Pacifico,Patía,Río Guáitara,2005,05,Andes,Preliminar,0,0,0,2.20722317695618,2.20722317695618,0,10.9376420974731,1.36526262760162,3.93818187713623,4.62545442581177,5,5,0.789855062961578,0.967391312122345,1,1,13,1.03999996185303,0
03,2010-03-04,52050040,,"",SANDONA [52050040],Pluviométrica,Convencional,Activa,Nariño,Sandoná,1.3223,-77.4792,20,9/15/1963,,Cudayari,Pacifico,Patía,Río Guáitara,2010,04,Andes,Preliminar,0,0,0,2.20652389526367,2.20652389526367,0,0.94484806060791,0.0667954906821251,3.93818187713623,4.62545442581177,5,5,0.789855062961578,0.967391312122345,1,1,13,1.03999996185303,0
03,2015-03-04,52050040,,"",SANDONA [52050040],Pluviométrica,Convencional,Activa,Nariño,Sandoná,1.3223,-77.4792,20,9/15/1963,,Cudayari,Pacifico,Patía,Río Guáitara,2015,04,Andes,Preliminar,0,0,0,4.12731790542603,4.12731790542603,0,0.478369861841202,0.135698810219765,3.93818187713623,4.62545442581177,5,5,0.789855062961578,0.967391312122345,1,1,13,1.03999996185303,0
03,2016-03-09,52050040,,"",SANDONA [52050040],Pluviométrica,Convencional,Activa,Nariño,Sandoná,1.3223,-77.4792,20,9/15/1963,,Cudayari,Pacifico,Patía,Río Guáitara,2016,09,Andes,Preliminar,0,0,0,5.87812566757202,5.87812566757202,9.42592620849609,4.38029527664185,0.578158140182495,3.93818187713623,4.62545442581177,5,5,0.789855062961578,0.967391312122345,1,1,14,1.03999996185303,0
03,2016-03-10,52050040,25,Definitivo,SANDONA [52050040],Pluviométrica,Convencional,Activa,Nariño,Sandoná,1.3223,-77.4792,20,9/15/1963,,Cudayari,Pacifico,Patía,Río Guáitara,2016,10,Andes,Definitivo,25,25,0,6.73018646240234,6.73018646240234,0,6.82718658447266,10.6923580169678,3.93818187713623,4.62545442581177,5,5,0.789855062961578,0.967391312122345,1,1,14,1.03999996185303,25.9999990463257
03,2001-03-10,52050040,,"",SANDONA [52050040],Pluviométrica,Convencional,Activa,Nariño,Sandoná,1.3223,-77.4792,20,9/15/1963,,Cudayari,Pacifico,Patía,Río Guáitara,2001,10,Andes,Preliminar,0,0,0,8.1083984375,8.1083984375,10.7952699661255,1.35660588741303,1.4521210193634,3.93818187713623,4.62545442581177,5,5,0.789855062961578,0.967391312122345,1,1,14,1.03999996185303,0
03,2001-03-08,52050040,,"",SANDONA [52050040],Pluviométrica,Convencional,Activa,Nariño,Sandoná,1.3223,-77.4792,20,9/15/1963,,Cudayari,Pacifico,Patía,Río Guáitara,2001,08,Andes,Preliminar,0,0,0,6.91237926483154,6.91237926483154,0,0.371140867471695,0.87324446439743,3.93818187713623,4.62545442581177,5,5,0.789855062961578,0.967391312122345,1,1,14,1.03999996185303,0
03,2001-03-05,52050040,5,Definitivo,SANDONA [52050040],Pluviométrica,Convencional,Activa,Nariño,Sandoná,1.3223,-77.4792,20,9/15/1963,,Cudayari,Pacifico,Patía,Río Guáitara,2001,05,Andes,Definitivo,5,5,0,1.96651911735535,1.96651911735535,10.0703201293945,5.07402849197388,1.63688492774963,3.93818187713623,4.62545442581177,5,5,0.789855062961578,0.967391312122345,1,1,13,1.03999996185303,5.19999980926514
03,2019-03-06,52050040,,"",SANDONA [52050040],Pluviométrica,Convencional,Activa,Nariño,Sandoná,1.3223,-77.4792,20,9/15/1963,,Cudayari,Pacifico,Patía,Río Guáitara,2019,06,Andes,Preliminar,0,0,0,7.16164445877075,7.16164445877075,6.12616443634033,1.19274938106537,0.120389841496944,3.93818187713623,4.62545442581177,5,5,0.789855062961578,0.967391312122345,1,1,14,1.03999996185303,0
03,2020-03-03,52050040,,"",SANDONA [52050040],Pluviométrica,Convencional,Activa,Nariño,Sandoná,1.3223,-77.4792,20,9/15/1963,,Cudayari,Pacifico,Patía,Río Guáitara,2020,03,Andes,Preliminar,0,0,0,2.67932629585266,2.67932629585266,0,0.314497739076614,0,3.93818187713623,4.62545442581177,5,5,0.789855062961578,0.967391312122345,1,1,13,1.03999996185303,0
03,2011-03-07,52050040,,"",SANDONA [52050040],Pluviométrica,Convencional,Activa,Nariño,Sandoná,1.3223,-77.4792,20,9/15/1963,,Cudayari,Pacifico,Patía,Río Guáitara,2011,07,Andes,Preliminar,0,0,0,6.99064445495606,6.99064445495606,0,0.343267381191254,0.891889870166779,3.93818187713623,4.62545442581177,5,5,0.789855062961578,0.967391312122345,1,1,14,1.03999996185303,0
03,2019-03-02,52050040,,"",SANDONA [52050040],Pluviométrica,Convencional,Activa,Nariño,Sandoná,1.3223,-77.4792,20,9/15/1963,,Cudayari,Pacifico,Patía,Río Guáitara,2019,02,Andes,Preliminar,0,0,0,8.54435539245606,8.54435539245606,4.1013011932373,2.08623957633972,2.48589181900024,3.93818187713623,4.62545442581177,5,5,0.789855062961578,0.967391312122345,1,1,13,1.03999996185303,0
03,2007-03-06,52050040,,"",SANDONA [52050040],Pluviométrica,Convencional,Activa,Nariño,Sandoná,1.3223,-77.4792,20,9/15/1963,,Cudayari,Pacifico,Patía,Río Guáitara,2007,06,Andes,Preliminar,0,0,0,3.65761542320251,3.65761542320251,0,0.577990472316742,0,3.93818187713623,4.62545442581177,5,5,0.789855062961578,0.967391312122345,1,1,14,1.03999996185303,0
03,2001-03-03,52050040,,"",SANDONA [52050040],Pluviométrica,Convencional,Activa,Nariño,Sandoná,1.3223,-77.4792,20,9/15/1963,,Cudayari,Pacifico,Patía,Río Guáitara,2001,03,Andes,Preliminar,0,0,0,3.81304717063904,3.81304717063904,0,4.53327560424805,0.699737071990967,3.93818187713623,4.62545442581177,5,5,0.789855062961578,0.967391312122345,1,1,13,1.03999996185303,0
03,2006-03-02,52050040,,"",SANDONA [52050040],Pluviométrica,Convencional,Activa,Nariño,Sandoná,1.3223,-77.4792,20,9/15/1963,,Cudayari,Pacifico,Patía,Río Guáitara,2006,02,Andes,Preliminar,,,1,3.76978731155396,3.76978731155396,3.92889380455017,0.553352236747742,2.89245843887329,3.93818187713623,4.62545442581177,5,5,0.789855062961578,0.967391312122345,1,1,13,1.03999996185303,
03,2010-03-05,52050040,,"",SANDONA [52050040],Pluviométrica,Convencional,Activa,Nariño,Sandoná,1.3223,-77.4792,20,9/15/1963,,Cudayari,Pacifico,Patía,Río Guáitara,2010,05,Andes,Preliminar,0,0,0,0.96700257062912,0.96700257062912,0,0.346977770328522,4.14132070541382,3.93818187713623,4.62545442581177,5,5,0.789855062961578,0.967391312122345,1,1,13,1.03999996185303,0
03,2014-03-08,52050040,28,Definitivo,SANDONA [52050040],Pluviométrica,Convencional,Activa,Nariño,Sandoná,1.3223,-77.4792,20,9/15/1963,,Cudayari,Pacifico,Patía,Río Guáitara,2014,08,Andes,Definitivo,28,28,0,10.6683540344238,10.6683540344238,13.0666189193726,7.80541229248047,10.9158124923706,3.93818187713623,4.62545442581177,5,5,0.789855062961578,0.967391312122345,1,1,14,1.03999996185303,29.1199989318848
03,2017-03-06,52050040,10,Definitivo,SANDONA [52050040],Pluviométrica,Convencional,Activa,Nariño,Sandoná,1.3223,-77.4792,20,9/15/1963,,Cudayari,Pacifico,Patía,Río Guáitara,2017,06,Andes,Definitivo,10,10,0,3.63574981689453,3.63574981689453,8.05333137512207,7.54631519317627,0,3.93818187713623,4.62545442581177,5,5,0.789855062961578,0.967391312122345,1,1,14,1.03999996185303,10.3999996185303
03,2016-03-11,52050040,7,Definitivo,SANDONA [52050040],Pluviométrica,Convencional,Activa,Nariño,Sandoná,1.3223,-77.4792,20,9/15/1963,,Cudayari,Pacifico,Patía,Río Guáitara,2016,11,Andes,Definitivo,7,7,0,3.86733770370483,3.86733770370483,0,3.58557653427124,0.050565168261528,3.93818187713623,4.62545442581177,5,5,0.789855062961578,0.967391312122345,1,1,15,1.03999996185303,7.27999973297119
03,2016-03-12,52050040,,"",SANDONA [52050040],Pluviométrica,Convencional,Activa,Nariño,Sandoná,1.3223,-77.4792,20,9/15/1963,,Cudayari,Pacifico,Patía,Río Guáitara,2016,12,Andes,Preliminar,0,0,0,3.56363987922668,3.56363987922668,0,4.54364490509033,0.148886322975159,3.93818187713623,4.62545442581177,5,5,0.789855062961578,0.967391312122345,1,1,15,1.03999996185303,0
03,2018-03-07,52050040,,"",SANDONA [52050040],Pluviométrica,Convencional,Activa,Nariño,Sandoná,1.3223,-77.4792,20,9/15/1963,,Cudayari,Pacifico,Patía,Río Guáitara,2018,07,Andes,Preliminar,0,0,0,1.8426992893219,1.8426992893219,0,0.0995712652802467,0,3.93818187713623,4.62545442581177,5,5,0.789855062961578,0.967391312122345,1,1,14,1.03999996185303,0
03,2002-03-05,52050040,,"",SANDONA [52050040],Pluviométrica,Convencional,Activa,Nariño,Sandoná,1.3223,-77.4792,20,9/15/1963,,Cudayari,Pacifico,Patía,Río Guáitara,2002,05,Andes,Preliminar,0,0,0,6.23532199859619,6.23532199859619,10.0890092849731,5.05158233642578,1.44318389892578,3.93818187713623,4.62545442581177,5,5,0.789855062961578,0.967391312122345,1,1,13,1.03999996185303,0
03,2007-03-04,52050040,0,Definitivo,SANDONA [52050040],Pluviométrica,Convencional,Activa,Nariño,Sandoná,1.3223,-77.4792,20,9/15/1963,,Cudayari,Pacifico,Patía,Río Guáitara,2007,04,Andes,Definitivo,0,0,0,3.69167280197144,3.69167280197144,0,0,0,3.93818187713623,4.62545442581177,5,5,0.789855062961578,0.967391312122345,1,1,13,1.03999996185303,0
03,2019-03-01,52050040,4,Definitivo,SANDONA [52050040],Pluviométrica,Convencional,Activa,Nariño,Sandoná,1.3223,-77.4792,20,9/15/1963,,Cudayari,Pacifico,Patía,Río Guáitara,2019,01,Andes,Definitivo,4,4,0,4.18504428863525,4.18504428863525,4.1013011932373,3.81898164749146,6.42535448074341,3.93818187713623,4.62545442581177,5,5,0.789855062961578,0.967391312122345,1,1,13,1.03999996185303,4.15999984741211
03,2012-03-03,52050040,,"",SANDONA [52050040],Pluviométrica,Convencional,Activa,Nariño,Sandoná,1.3223,-77.4792,20,9/15/1963,,Cudayari,Pacifico,Patía,Río Guáitara,2012,03,Andes,Preliminar,0,0,0,6.87677049636841,6.87677049636841,0,0.553146600723267,2.44064021110535,3.93818187713623,4.62545442581177,5,5,0.789855062961578,0.967391312122345,1,1,13,1.03999996185303,0
03,2006-03-01,52050040,,"",SANDONA [52050040],Pluviométrica,Convencional,Activa,Nariño,Sandoná,1.3223,-77.4792,20,9/15/1963,,Cudayari,Pacifico,Patía,Río Guáitara,2006,01,Andes,Preliminar,,,1,2.18740749359131,2.18740749359131,3.92889380455017,0.687426865100861,1.29558038711548,3.93818187713623,4.62545442581177,5,5,0.789855062961578,0.967391312122345,1,1,13,1.03999996185303,
03,2003-03-01,52050040,,"",SANDONA [52050040],Pluviométrica,Convencional,Activa,Nariño,Sandoná,1.3223,-77.4792,20,9/15/1963,,Cudayari,Pacifico,Patía,Río Guáitara,2003,01,Andes,Preliminar,0,0,0,2.2438817024231,2.2438817024231,0,0.595027148723602,2.27681660652161,3.93818187713623,4.62545442581177,5,5,0.789855062961578,0.967391312122345,1,1,13,1.03999996185303,0
03,2001-03-01,52050040,,"",SANDONA [52050040],Pluviométrica,Convencional,Activa,Nariño,Sandoná,1.3223,-77.4792,20,9/15/1963,,Cudayari,Pacifico,Patía,Río Guáitara,2001,01,Andes,Preliminar,0,0,0,4.54632568359375,4.54632568359375,0,1.91803622245789,0.38735443353653,3.93818187713623,4.62545442581177,5,5,0.789855062961578,0.967391312122345,1,1,13,1.03999996185303,0
03,2008-03-03,52050040,8,Definitivo,SANDONA [52050040],Pluviométrica,Convencional,Activa,Nariño,Sandoná,1.3223,-77.4792,20,9/15/1963,,Cudayari,Pacifico,Patía,Río Guáitara,2008,03,Andes,Definitivo,8,8,0,5.63324356079102,5.63324356079102,0,6.11436367034912,0.048759251832962,3.93818187713623,4.62545442581177,5,5,0.789855062961578,0.967391312122345,1,1,13,1.03999996185303,8.31999969482422
03,2010-03-06,52050040,,"",SANDONA [52050040],Pluviométrica,Convencional,Activa,Nariño,Sandoná,1.3223,-77.4792,20,9/15/1963,,Cudayari,Pacifico,Patía,Río Guáitara,2010,06,Andes,Preliminar,0,0,0,1.32775032520294,1.32775032520294,0,0.16960933804512,0.0194907151162624,3.93818187713623,4.62545442581177,5,5,0.789855062961578,0.967391312122345,1,1,14,1.03999996185303,0
03,2015-03-05,52050040,,"",SANDONA [52050040],Pluviométrica,Convencional,Activa,Nariño,Sandoná,1.3223,-77.4792,20,9/15/1963,,Cudayari,Pacifico,Patía,Río Guáitara,2015,05,Andes,Preliminar,0,0,0,1.05917322635651,1.05917322635651,0,0.568964123725891,0.012072847224772,3.93818187713623,4.62545442581177,5,5,0.789855062961578,0.967391312122345,1,1,13,1.03999996185303,0
03,2017-03-07,52050040,12,Definitivo,SANDONA [52050040],Pluviométrica,Convencional,Activa,Nariño,Sandoná,1.3223,-77.4792,20,9/15/1963,,Cudayari,Pacifico,Patía,Río Guáitara,2017,07,Andes,Definitivo,12,12,0,7.38597583770752,7.38597583770752,8.05333137512207,6.40806579589844,19.7686653137207,3.93818187713623,4.62545442581177,5,5,0.789855062961578,0.967391312122345,1,1,14,1.03999996185303,12.4799995422363
03,2001-03-12,52050040,,"",SANDONA [52050040],Pluviométrica,Convencional,Activa,Nariño,Sandoná,1.3223,-77.4792,20,9/15/1963,,Cudayari,Pacifico,Patía,Río Guáitara,2001,12,Andes,Preliminar,0,0,0,0.736241638660431,0.736241638660431,0,0,0,3.93818187713623,4.62545442581177,5,5,0.789855062961578,0.967391312122345,1,1,15,1.03999996185303,0
03,2003-03-07,52050040,,"",SANDONA [52050040],Pluviométrica,Convencional,Activa,Nariño,Sandoná,1.3223,-77.4792,20,9/15/1963,,Cudayari,Pacifico,Patía,Río Guáitara,2003,07,Andes,Preliminar,0,0,0,1.66296029090881,1.66296029090881,0,0,0,3.93818187713623,4.62545442581177,5,5,0.789855062961578,0.967391312122345,1,1,14,1.03999996185303,0
03,2019-03-05,52050040,,"",SANDONA [52050040],Pluviométrica,Convencional,Activa,Nariño,Sandoná,1.3223,-77.4792,20,9/15/1963,,Cudayari,Pacifico,Patía,Río Guáitara,2019,05,Andes,Preliminar,0,0,0,1.96944010257721,1.96944010257721,12.3039035797119,3.78471279144287,6.95841646194458,3.93818187713623,4.62545442581177,5,5,0.789855062961578,0.967391312122345,1,1,13,1.03999996185303,0
03,2017-03-05,52050040,,"",SANDONA [52050040],Pluviométrica,Convencional,Activa,Nariño,Sandoná,1.3223,-77.4792,20,9/15/1963,,Cudayari,Pacifico,Patía,Río Guáitara,2017,05,Andes,Preliminar,0,0,0,3.04471445083618,3.04471445083618,6.51004314422607,1.98018789291382,0,3.93818187713623,4.62545442581177,5,5,0.789855062961578,0.967391312122345,1,1,13,1.03999996185303,0
03,2007-03-05,52050040,1,Definitivo,SANDONA [52050040],Pluviométrica,Convencional,Activa,Nariño,Sandoná,1.3223,-77.4792,20,9/15/1963,,Cudayari,Pacifico,Patía,Río Guáitara,2007,05,Andes,Definitivo,1,1,0,7.71827554702759,7.71827554702759,0,0,0,3.93818187713623,4.62545442581177,5,5,0.789855062961578,0.967391312122345,1,1,13,1.03999996185303,1.03999996185303
03,2014-03-03,52050040,1,Definitivo,SANDONA [52050040],Pluviométrica,Convencional,Activa,Nariño,Sandoná,1.3223,-77.4792,20,9/15/1963,,Cudayari,Pacifico,Patía,Río Guáitara,2014,03,Andes,Definitivo,1,1,0,9.33565998077393,9.33565998077393,38.0317764282227,8.49892997741699,17.6645622253418,3.93818187713623,4.62545442581177,5,5,0.789855062961578,0.967391312122345,1,1,13,1.03999996185303,1.03999996185303
03,2014-03-02,52050040,9,Definitivo,SANDONA [52050040],Pluviométrica,Convencional,Activa,Nariño,Sandoná,1.3223,-77.4792,20,9/15/1963,,Cudayari,Pacifico,Patía,Río Guáitara,2014,02,Andes,Definitivo,9,9,0,7.75112199783325,7.75112199783325,0,6.38888931274414,4.65546607971191,3.93818187713623,4.62545442581177,5,5,0.789855062961578,0.967391312122345,1,1,13,1.03999996185303,9.35999965667725
03,2011-03-01,52050040,8,Definitivo,SANDONA [52050040],Pluviométrica,Convencional,Activa,Nariño,Sandoná,1.3223,-77.4792,20,9/15/1963,,Cudayari,Pacifico,Patía,Río Guáitara,2011,01,Andes,Definitivo,8,8,0,15.2297506332397,15.2297506332397,0,12.2439727783203,23.3349151611328,3.93818187713623,4.62545442581177,5,5,0.789855062961578,0.967391312122345,1,1,13,1.03999996185303,8.31999969482422
03,2015-03-06,52050040,,"",SANDONA [52050040],Pluviométrica,Convencional,Activa,Nariño,Sandoná,1.3223,-77.4792,20,9/15/1963,,Cudayari,Pacifico,Patía,Río Guáitara,2015,06,Andes,Preliminar,1,1,0,5.6384449005127,5.6384449005127,0,2.7706663608551,5.40243339538574,3.93818187713623,4.62545442581177,5,5,0.789855062961578,0.967391312122345,1,1,14,1.03999996185303,1.03999996185303
03,2004-03-01,52050040,,"",SANDONA [52050040],Pluviométrica,Convencional,Activa,Nariño,Sandoná,1.3223,-77.4792,20,9/15/1963,,Cudayari,Pacifico,Patía,Río Guáitara,2004,01,Andes,Preliminar,0,0,0,2.00058507919312,2.00058507919312,0,4.47399663925171,0.0311714820563793,3.93818187713623,4.62545442581177,5,5,0.789855062961578,0.967391312122345,1,1,13,1.03999996185303,0
03,2008-03-04,52050040,10,Definitivo,SANDONA [52050040],Pluviométrica,Convencional,Activa,Nariño,Sandoná,1.3223,-77.4792,20,9/15/1963,,Cudayari,Pacifico,Patía,Río Guáitara,2008,04,Andes,Definitivo,10,10,0,11.314284324646,11.314284324646,0,6.91046953201294,4.94418811798096,3.93818187713623,4.62545442581177,5,5,0.789855062961578,0.967391312122345,1,1,13,1.03999996185303,10.3999996185303
03,2008-03-05,52050040,4,Definitivo,SANDONA [52050040],Pluviométrica,Convencional,Activa,Nariño,Sandoná,1.3223,-77.4792,20,9/15/1963,,Cudayari,Pacifico,Patía,Río Guáitara,2008,05,Andes,Definitivo,4,4,0,1.93237340450287,1.93237340450287,40.1092796325684,7.43077945709229,23.228910446167,3.93818187713623,4.62545442581177,5,5,0.789855062961578,0.967391312122345,1,1,13,1.03999996185303,4.15999984741211
03,2003-03-02,52050040,,"",SANDONA [52050040],Pluviométrica,Convencional,Activa,Nariño,Sandoná,1.3223,-77.4792,20,9/15/1963,,Cudayari,Pacifico,Patía,Río Guáitara,2003,02,Andes,Preliminar,0,0,0,4.98084545135498,4.98084545135498,0,1.15320670604706,0,3.93818187713623,4.62545442581177,5,5,0.789855062961578,0.967391312122345,1,1,13,1.03999996185303,0
03,2017-03-08,52050040,3,Definitivo,SANDONA [52050040],Pluviométrica,Convencional,Activa,Nariño,Sandoná,1.3223,-77.4792,20,9/15/1963,,Cudayari,Pacifico,Patía,Río Guáitara,2017,08,Andes,Definitivo,3,3,0,7.83769607543945,7.83769607543945,32.2133255004883,15.590856552124,20.5935077667236,3.93818187713623,4.62545442581177,5,5,0.789855062961578,0.967391312122345,1,1,14,1.03999996185303,3.11999988555908
03,2017-03-09,52050040,15,Definitivo,SANDONA [52050040],Pluviométrica,Convencional,Activa,Nariño,Sandoná,1.3223,-77.4792,20,9/15/1963,,Cudayari,Pacifico,Patía,Río Guáitara,2017,09,Andes,Definitivo,15,15,0,4.8640947341919,4.8640947341919,0,11.1576461791992,9.73311233520508,3.93818187713623,4.62545442581177,5,5,0.789855062961578,0.967391312122345,1,1,14,1.03999996185303,15.5999994277954
03,2001-03-07,52050040,,"",SANDONA [52050040],Pluviométrica,Convencional,Activa,Nariño,Sandoná,1.3223,-77.4792,20,9/15/1963,,Cudayari,Pacifico,Patía,Río Guáitara,2001,07,Andes,Preliminar,0,0,0,5.22568511962891,5.22568511962891,0,0.43886587023735,0.0605637282133102,3.93818187713623,4.62545442581177,5,5,0.789855062961578,0.967391312122345,1,1,14,1.03999996185303,0
03,2009-03-01,52050040,2,Definitivo,SANDONA [52050040],Pluviométrica,Convencional,Activa,Nariño,Sandoná,1.3223,-77.4792,20,9/15/1963,,Cudayari,Pacifico,Patía,Río Guáitara,2009,01,Andes,Definitivo,2,2,0,6.41284084320068,6.41284084320068,0,1.14869558811188,1.37189364433289,3.93818187713623,4.62545442581177,5,5,0.789855062961578,0.967391312122345,1,1,13,1.03999996185303,2.07999992370605
03,2018-03-03,52050040,,"",SANDONA [52050040],Pluviométrica,Convencional,Activa,Nariño,Sandoná,1.3223,-77.4792,20,9/15/1963,,Cudayari,Pacifico,Patía,Río Guáitara,2018,03,Andes,Preliminar,0,0,0,1.82451605796814,1.82451605796814,0,0.743105471134186,0,3.93818187713623,4.62545442581177,5,5,0.789855062961578,0.967391312122345,1,1,13,1.03999996185303,0
03,2005-03-04,52050040,13,Definitivo,SANDONA [52050040],Pluviométrica,Convencional,Activa,Nariño,Sandoná,1.3223,-77.4792,20,9/15/1963,,Cudayari,Pacifico,Patía,Río Guáitara,2005,04,Andes,Definitivo,13,13,0,6.45247459411621,6.45247459411621,29.7236137390137,4.71286582946777,26.3723201751709,3.93818187713623,4.62545442581177,5,5,0.789855062961578,0.967391312122345,1,1,13,1.03999996185303,13.5199995040894
03,2001-03-02,52050040,,"",SANDONA [52050040],Pluviométrica,Convencional,Activa,Nariño,Sandoná,1.3223,-77.4792,20,9/15/1963,,Cudayari,Pacifico,Patía,Río Guáitara,2001,02,Andes,Preliminar,0,0,0,3.63306045532227,3.63306045532227,0,1.57388281822205,0,3.93818187713623,4.62545442581177,5,5,0.789855062961578,0.967391312122345,1,1,13,1.03999996185303,0
03,2019-03-04,52050040,,"",SANDONA [52050040],Pluviométrica,Convencional,Activa,Nariño,Sandoná,1.3223,-77.4792,20,9/15/1963,,Cudayari,Pacifico,Patía,Río Guáitara,2019,04,Andes,Preliminar,0,0,0,5.60770893096924,5.60770893096924,0,4.42992639541626,5.96770095825195,3.93818187713623,4.62545442581177,5,5,0.789855062961578,0.967391312122345,1,1,13,1.03999996185303,0
03,2013-03-04,52050040,,"",SANDONA [52050040],Pluviométrica,Convencional,Activa,Nariño,Sandoná,1.3223,-77.4792,20,9/15/1963,,Cudayari,Pacifico,Patía,Río Guáitara,2013,04,Andes,Preliminar,0,0,0,4.44005012512207,4.44005012512207,4.63227128982544,0.769879162311554,4.8017315864563,3.93818187713623,4.62545442581177,5,5,0.789855062961578,0.967391312122345,1,1,13,1.03999996185303,0
03,2018-03-04,52050040,,"",SANDONA [52050040],Pluviométrica,Convencional,Activa,Nariño,Sandoná,1.3223,-77.4792,20,9/15/1963,,Cudayari,Pacifico,Patía,Río Guáitara,2018,04,Andes,Preliminar,0,0,0,3.89709663391113,3.89709663391113,0,2.74791646003723,0,3.93818187713623,4.62545442581177,5,5,0.789855062961578,0.967391312122345,1,1,13,1.03999996185303,0
03,2006-03-03,52050040,,"",SANDONA [52050040],Pluviométrica,Convencional,Activa,Nariño,Sandoná,1.3223,-77.4792,20,9/15/1963,,Cudayari,Pacifico,Patía,Río Guáitara,2006,03,Andes,Preliminar,,,1,4.5609769821167,4.5609769821167,0,2.03289985656738,0.190821930766106,3.93818187713623,4.62545442581177,5,5,0.789855062961578,0.967391312122345,1,1,13,1.03999996185303,
03,2014-03-01,52050040,8,Definitivo,SANDONA [52050040],Pluviométrica,Convencional,Activa,Nariño,Sandoná,1.3223,-77.4792,20,9/15/1963,,Cudayari,Pacifico,Patía,Río Guáitara,2014,01,Andes,Definitivo,8,8,0,5.35206270217896,5.35206270217896,12.6772575378418,4.32066440582275,14.5127935409546,3.93818187713623,4.62545442581177,5,5,0.789855062961578,0.967391312122345,1,1,13,1.03999996185303,8.31999969482422
03,2017-03-04,52050040,,"",SANDONA [52050040],Pluviométrica,Convencional,Activa,Nariño,Sandoná,1.3223,-77.4792,20,9/15/1963,,Cudayari,Pacifico,Patía,Río Guáitara,2017,04,Andes,Preliminar,0,0,0,1.58904600143433,1.58904600143433,0,0.536664307117462,0.307804048061371,3.93818187713623,4.62545442581177,5,5,0.789855062961578,0.967391312122345,1,1,13,1.03999996185303,0
03,2002-03-06,52050040,,"",SANDONA [52050040],Pluviométrica,Convencional,Activa,Nariño,Sandoná,1.3223,-77.4792,20,9/15/1963,,Cudayari,Pacifico,Patía,Río Guáitara,2002,06,Andes,Preliminar,0,0,0,7.42335653305054,7.42335653305054,0,4.23758983612061,0,3.93818187713623,4.62545442581177,5,5,0.789855062961578,0.967391312122345,1,1,14,1.03999996185303,0
03,2018-03-05,52050040,0,Definitivo,SANDONA [52050040],Pluviométrica,Convencional,Activa,Nariño,Sandoná,1.3223,-77.4792,20,9/15/1963,,Cudayari,Pacifico,Patía,Río Guáitara,2018,05,Andes,Definitivo,0,0,0,7.03623723983765,7.03623723983765,13.0280170440674,1.63594007492065,3.0268771648407,3.93818187713623,4.62545442581177,5,5,0.789855062961578,0.967391312122345,1,1,13,1.03999996185303,0
03,2002-03-01,52050040,,"",SANDONA [52050040],Pluviométrica,Convencional,Activa,Nariño,Sandoná,1.3223,-77.4792,20,9/15/1963,,Cudayari,Pacifico,Patía,Río Guáitara,2002,01,Andes,Preliminar,0,0,0,0.865015923976898,0.865015923976898,10.0890092849731,0.233130782842636,0.937609970569611,3.93818187713623,4.62545442581177,5,5,0.789855062961578,0.967391312122345,1,1,13,1.03999996185303,0
03,2004-03-02,52050040,,"",SANDONA [52050040],Pluviométrica,Convencional,Activa,Nariño,Sandoná,1.3223,-77.4792,20,9/15/1963,,Cudayari,Pacifico,Patía,Río Guáitara,2004,02,Andes,Preliminar,0,0,0,2.04285097122192,2.04285097122192,0,2.25518536567688,1.12217342853546,3.93818187713623,4.62545442581177,5,5,0.789855062961578,0.967391312122345,1,1,13,1.03999996185303,0
03,2009-03-02,52050040,,"",SANDONA [52050040],Pluviométrica,Convencional,Activa,Nariño,Sandoná,1.3223,-77.4792,20,9/15/1963,,Cudayari,Pacifico,Patía,Río Guáitara,2009,02,Andes,Preliminar,0,0,0,2.63675165176392,2.63675165176392,0,0.712198853492737,3.41293478012085,3.93818187713623,4.62545442581177,5,5,0.789855062961578,0.967391312122345,1,1,13,1.03999996185303,0
03,2016-03-02,52050040,5,Definitivo,SANDONA [52050040],Pluviométrica,Convencional,Activa,Nariño,Sandoná,1.3223,-77.4792,20,9/15/1963,,Cudayari,Pacifico,Patía,Río Guáitara,2016,02,Andes,Definitivo,5,5,0,4.30221462249756,4.30221462249756,4.36623382568359,4.27698993682861,0.494117438793182,3.93818187713623,4.62545442581177,5,5,0.789855062961578,0.967391312122345,1,1,13,1.03999996185303,5.19999980926514
03,2016-03-03,52050040,18,Definitivo,SANDONA [52050040],Pluviométrica,Convencional,Activa,Nariño,Sandoná,1.3223,-77.4792,20,9/15/1963,,Cudayari,Pacifico,Patía,Río Guáitara,2016,03,Andes,Definitivo,18,18,0,2.89981412887573,2.89981412887573,0,3.63372659683228,6.60834980010986,3.93818187713623,4.62545442581177,5,5,0.789855062961578,0.967391312122345,1,1,13,1.03999996185303,18.7199993133545
03,2001-03-09,52050040,,"",SANDONA [52050040],Pluviométrica,Convencional,Activa,Nariño,Sandoná,1.3223,-77.4792,20,9/15/1963,,Cudayari,Pacifico,Patía,Río Guáitara,2001,09,Andes,Preliminar,0,0,0,2.11603426933289,2.11603426933289,0,0.745964467525482,2.06339240074158,3.93818187713623,4.62545442581177,5,5,0.789855062961578,0.967391312122345,1,1,14,1.03999996185303,0
03,2001-03-06,52050040,2,Definitivo,SANDONA [52050040],Pluviométrica,Convencional,Activa,Nariño,Sandoná,1.3223,-77.4792,20,9/15/1963,,Cudayari,Pacifico,Patía,Río Guáitara,2001,06,Andes,Definitivo,2,2,0,4.85154533386231,4.85154533386231,0,1.54942059516907,0.0126761281862855,3.93818187713623,4.62545442581177,5,5,0.789855062961578,0.967391312122345,1,1,14,1.03999996185303,2.07999992370605
03,2013-03-05,52050040,,"",SANDONA [52050040],Pluviométrica,Convencional,Activa,Nariño,Sandoná,1.3223,-77.4792,20,9/15/1963,,Cudayari,Pacifico,Patía,Río Guáitara,2013,05,Andes,Preliminar,0,0,0,5.02413654327393,5.02413654327393,4.63227128982544,1.32470738887787,3.20706081390381,3.93818187713623,4.62545442581177,5,5,0.789855062961578,0.967391312122345,1,1,13,1.03999996185303,0
03,2003-03-03,52050040,,"",SANDONA [52050040],Pluviométrica,Convencional,Activa,Nariño,Sandoná,1.3223,-77.4792,20,9/15/1963,,Cudayari,Pacifico,Patía,Río Guáitara,2003,03,Andes,Preliminar,0,0,0,5.82408761978149,5.82408761978149,0,1.99427592754364,0.157929480075836,3.93818187713623,4.62545442581177,5,5,0.789855062961578,0.967391312122345,1,1,13,1.03999996185303,0
03,2011-03-03,52050040,5,Definitivo,SANDONA [52050040],Pluviométrica,Convencional,Activa,Nariño,Sandoná,1.3223,-77.4792,20,9/15/1963,,Cudayari,Pacifico,Patía,Río Guáitara,2011,03,Andes,Definitivo,5,5,0,0,0,0,3.37626361846924,3.27507519721985,3.93818187713623,4.62545442581177,5,5,0.789855062961578,0.967391312122345,1,1,13,1.03999996185303,5.19999980926514
03,2018-03-06,52050040,0,Definitivo,SANDONA [52050040],Pluviométrica,Convencional,Activa,Nariño,Sandoná,1.3223,-77.4792,20,9/15/1963,,Cudayari,Pacifico,Patía,Río Guáitara,2018,06,Andes,Definitivo,0,0,0,10.0463666915894,10.0463666915894,0,0.248788446187973,0.0505961142480373,3.93818187713623,4.62545442581177,5,5,0.789855062961578,0.967391312122345,1,1,14,1.03999996185303,0
03,2018-03-02,52050040,5,Definitivo,SANDONA [52050040],Pluviométrica,Convencional,Activa,Nariño,Sandoná,1.3223,-77.4792,20,9/15/1963,,Cudayari,Pacifico,Patía,Río Guáitara,2018,02,Andes,Definitivo,5,5,0,1.49008059501648,1.49008059501648,0,1.70221173763275,0.786793053150177,3.93818187713623,4.62545442581177,5,5,0.789855062961578,0.967391312122345,1,1,13,1.03999996185303,5.19999980926514
03,2011-03-04,52050040,1,Definitivo,SANDONA [52050040],Pluviométrica,Convencional,Activa,Nariño,Sandoná,1.3223,-77.4792,20,9/15/1963,,Cudayari,Pacifico,Patía,Río Guáitara,2011,04,Andes,Definitivo,1,1,0,0,0,42.5844306945801,3.75612115859985,0.204692244529724,3.93818187713623,4.62545442581177,5,5,0.789855062961578,0.967391312122345,1,1,13,1.03999996185303,1.03999996185303
03,2011-03-05,52050040,3,Definitivo,SANDONA [52050040],Pluviométrica,Convencional,Activa,Nariño,Sandoná,1.3223,-77.4792,20,9/15/1963,,Cudayari,Pacifico,Patía,Río Guáitara,2011,05,Andes,Definitivo,3,3,0,0.597245097160339,0.597245097160339,0,3.87042856216431,3.61135578155518,3.93818187713623,4.62545442581177,5,5,0.789855062961578,0.967391312122345,1,1,13,1.03999996185303,3.11999988555908
03,2011-03-02,52050040,25,Definitivo,SANDONA [52050040],Pluviométrica,Convencional,Activa,Nariño,Sandoná,1.3223,-77.4792,20,9/15/1963,,Cudayari,Pacifico,Patía,Río Guáitara,2011,02,Andes,Definitivo,25,25,0,0.149311274290085,0.149311274290085,0,7.38394117355347,0.204692199826241,3.93818187713623,4.62545442581177,5,5,0.789855062961578,0.967391312122345,1,1,13,1.03999996185303,25.9999990463257
03,2007-03-01,52050040,,"",SANDONA [52050040],Pluviométrica,Convencional,Activa,Nariño,Sandoná,1.3223,-77.4792,20,9/15/1963,,Cudayari,Pacifico,Patía,Río Guáitara,2007,01,Andes,Preliminar,0,0,0,0.736846029758453,0.736846029758453,0,0,0,3.93818187713623,4.62545442581177,5,5,0.789855062961578,0.967391312122345,1,1,13,1.03999996185303,0
03,2001-03-04,52050040,,"",SANDONA [52050040],Pluviométrica,Convencional,Activa,Nariño,Sandoná,1.3223,-77.4792,20,9/15/1963,,Cudayari,Pacifico,Patía,Río Guáitara,2001,04,Andes,Preliminar,0,0,0,5.0129566192627,5.0129566192627,10.0703201293945,1.70771312713623,12.0829591751099,3.93818187713623,4.62545442581177,5,5,0.789855062961578,0.967391312122345,1,1,13,1.03999996185303,0
03,2016-03-01,52050040,0,Definitivo,SANDONA [52050040],Pluviométrica,Convencional,Activa,Nariño,Sandoná,1.3223,-77.4792,20,9/15/1963,,Cudayari,Pacifico,Patía,Río Guáitara,2016,01,Andes,Definitivo,0,0,0,1.93966770172119,1.93966770172119,0,4.31449031829834,3.01751112937927,3.93818187713623,4.62545442581177,5,5,0.789855062961578,0.967391312122345,1,1,13,1.03999996185303,0
03,2009-03-03,52050040,1,Definitivo,SANDONA [52050040],Pluviométrica,Convencional,Activa,Nariño,Sandoná,1.3223,-77.4792,20,9/15/1963,,Cudayari,Pacifico,Patía,Río Guáitara,2009,03,Andes,Definitivo,1,1,0,4.44341516494751,4.44341516494751,0,1.33315420150757,0.0951926037669182,3.93818187713623,4.62545442581177,5,5,0.789855062961578,0.967391312122345,1,1,13,1.03999996185303,1.03999996185303
03,2014-03-06,52050040,,"",SANDONA [52050040],Pluviométrica,Convencional,Activa,Nariño,Sandoná,1.3223,-77.4792,20,9/15/1963,,Cudayari,Pacifico,Patía,Río Guáitara,2014,06,Andes,Preliminar,0,0,0,9.2600212097168,9.2600212097168,0,4.17089891433716,0.28747433423996,3.93818187713623,4.62545442581177,5,5,0.789855062961578,0.967391312122345,1,1,14,1.03999996185303,0
03,2002-03-02,52050040,,"",SANDONA [52050040],Pluviométrica,Convencional,Activa,Nariño,Sandoná,1.3223,-77.4792,20,9/15/1963,,Cudayari,Pacifico,Patía,Río Guáitara,2002,02,Andes,Preliminar,0,0,0,3.02755546569824,3.02755546569824,0,0.636316955089569,1.16741633415222,3.93818187713623,4.62545442581177,5,5,0.789855062961578,0.967391312122345,1,1,13,1.03999996185303,0
03,2007-03-02,52050040,,"",SANDONA [52050040],Pluviométrica,Convencional,Activa,Nariño,Sandoná,1.3223,-77.4792,20,9/15/1963,,Cudayari,Pacifico,Patía,Río Guáitara,2007,02,Andes,Preliminar,0,0,0,0.937803983688354,0.937803983688354,0,0,0,3.93818187713623,4.62545442581177,5,5,0.789855062961578,0.967391312122345,1,1,13,1.03999996185303,0
03,2003-03-04,52050040,,"",SANDONA [52050040],Pluviométrica,Convencional,Activa,Nariño,Sandoná,1.3223,-77.4792,20,9/15/1963,,Cudayari,Pacifico,Patía,Río Guáitara,2003,04,Andes,Preliminar,0,0,0,2.32248902320862,2.32248902320862,0,0.244712337851524,0.144768685102463,3.93818187713623,4.62545442581177,5,5,0.789855062961578,0.967391312122345,1,1,13,1.03999996185303,0
03,2016-03-04,52050040,1,Definitivo,SANDONA [52050040],Pluviométrica,Convencional,Activa,Nariño,Sandoná,1.3223,-77.4792,20,9/15/1963,,Cudayari,Pacifico,Patía,Río Guáitara,2016,04,Andes,Definitivo,1,1,0,8.4722375869751,8.4722375869751,4.36623382568359,4.84271049499512,1.30507349967957,3.93818187713623,4.62545442581177,5,5,0.789855062961578,0.967391312122345,1,1,13,1.03999996185303,1.03999996185303
03,2016-03-05,52050040,12,Definitivo,SANDONA [52050040],Pluviométrica,Convencional,Activa,Nariño,Sandoná,1.3223,-77.4792,20,9/15/1963,,Cudayari,Pacifico,Patía,Río Guáitara,2016,05,Andes,Definitivo,12,12,0,5.66189813613892,5.66189813613892,4.36623382568359,9.31644344329834,14.9593105316162,3.93818187713623,4.62545442581177,5,5,0.789855062961578,0.967391312122345,1,1,13,1.03999996185303,12.4799995422363
03,2018-03-01,52050040,,"",SANDONA [52050040],Pluviométrica,Convencional,Activa,Nariño,Sandoná,1.3223,-77.4792,20,9/15/1963,,Cudayari,Pacifico,Patía,Río Guáitara,2018,01,Andes,Preliminar,0,0,0,3.90107154846191,3.90107154846191,0,1.62397468090057,4.63947820663452,3.93818187713623,4.62545442581177,5,5,0.789855062961578,0.967391312122345,1,1,13,1.03999996185303,0
03,2002-03-03,52050040,5,Definitivo,SANDONA [52050040],Pluviométrica,Convencional,Activa,Nariño,Sandoná,1.3223,-77.4792,20,9/15/1963,,Cudayari,Pacifico,Patía,Río Guáitara,2002,03,Andes,Definitivo,5,5,0,5.16606664657593,5.16606664657593,0,4.89655590057373,2.72090744972229,3.93818187713623,4.62545442581177,5,5,0.789855062961578,0.967391312122345,1,1,13,1.03999996185303,5.19999980926514
03,2013-03-01,52050040,,"",SANDONA [52050040],Pluviométrica,Convencional,Activa,Nariño,Sandoná,1.3223,-77.4792,20,9/15/1963,,Cudayari,Pacifico,Patía,Río Guáitara,2013,01,Andes,Preliminar,0,0,0,5.61866235733032,5.61866235733032,0,3.95123481750488,0.330746531486511,3.93818187713623,4.62545442581177,5,5,0.789855062961578,0.967391312122345,1,1,13,1.03999996185303,0
03,2011-03-06,52050040,,"",SANDONA [52050040],Pluviométrica,Convencional,Activa,Nariño,Sandoná,1.3223,-77.4792,20,9/15/1963,,Cudayari,Pacifico,Patía,Río Guáitara,2011,06,Andes,Preliminar,0,0,0,0,0,0,6.96278190612793,0.215504482388496,3.93818187713623,4.62545442581177,5,5,0.789855062961578,0.967391312122345,1,1,14,1.03999996185303,0
03,2014-03-04,52050040,3,Definitivo,SANDONA [52050040],Pluviométrica,Convencional,Activa,Nariño,Sandoná,1.3223,-77.4792,20,9/15/1963,,Cudayari,Pacifico,Patía,Río Guáitara,2014,04,Andes,Definitivo,3,3,0,4.05455160140991,4.05455160140991,0,6.07011938095093,0.0955081507563591,3.93818187713623,4.62545442581177,5,5,0.789855062961578,0.967391312122345,1,1,13,1.03999996185303,3.11999988555908
03,2015-03-03,52050040,4,Definitivo,SANDONA [52050040],Pluviométrica,Convencional,Activa,Nariño,Sandoná,1.3223,-77.4792,20,9/15/1963,,Cudayari,Pacifico,Patía,Río Guáitara,2015,03,Andes,Definitivo,4,4,0,4.15733671188355,4.15733671188355,0,0.65917032957077,0.640343844890595,3.93818187713623,4.62545442581177,5,5,0.789855062961578,0.967391312122345,1,1,13,1.03999996185303,4.15999984741211
03,2005-03-01,52050040,,"",SANDONA [52050040],Pluviométrica,Convencional,Activa,Nariño,Sandoná,1.3223,-77.4792,20,9/15/1963,,Cudayari,Pacifico,Patía,Río Guáitara,2005,01,Andes,Preliminar,0,0,0,5.337327003479,5.337327003479,0,2.79045677185059,0.573410332202911,3.93818187713623,4.62545442581177,5,5,0.789855062961578,0.967391312122345,1,1,13,1.03999996185303,0
03,2008-03-02,52050040,1,Definitivo,SANDONA [52050040],Pluviométrica,Convencional,Activa,Nariño,Sandoná,1.3223,-77.4792,20,9/15/1963,,Cudayari,Pacifico,Patía,Río Guáitara,2008,02,Andes,Definitivo,1,1,0,3.01122498512268,3.01122498512268,0,6.19880962371826,0.243796288967133,3.93818187713623,4.62545442581177,5,5,0.789855062961578,0.967391312122345,1,1,13,1.03999996185303,1.03999996185303
03,2012-03-01,52050040,,"",SANDONA [52050040],Pluviométrica,Convencional,Activa,Nariño,Sandoná,1.3223,-77.4792,20,9/15/1963,,Cudayari,Pacifico,Patía,Río Guáitara,2012,01,Andes,Preliminar,0,0,0,2.15083575248718,2.15083575248718,0,1.74923491477966,0.117621213197708,3.93818187713623,4.62545442581177,5,5,0.789855062961578,0.967391312122345,1,1,13,1.03999996185303,0
03,2012-03-02,52050040,,"",SANDONA [52050040],Pluviométrica,Convencional,Activa,Nariño,Sandoná,1.3223,-77.4792,20,9/15/1963,,Cudayari,Pacifico,Patía,Río Guáitara,2012,02,Andes,Preliminar,0,0,0,3.11033058166504,3.11033058166504,4.70273494720459,0.332893967628479,1.19204580783844,3.93818187713623,4.62545442581177,5,5,0.789855062961578,0.967391312122345,1,1,13,1.03999996185303,0
03,2013-03-03,52050040,,"",SANDONA [52050040],Pluviométrica,Convencional,Activa,Nariño,Sandoná,1.3223,-77.4792,20,9/15/1963,,Cudayari,Pacifico,Patía,Río Guáitara,2013,03,Andes,Preliminar,0,0,0,6.97475957870483,6.97475957870483,0,2.69369125366211,2.55147337913513,3.93818187713623,4.62545442581177,5,5,0.789855062961578,0.967391312122345,1,1,13,1.03999996185303,0
03,2013-03-02,52050040,,"",SANDONA [52050040],Pluviométrica,Convencional,Activa,Nariño,Sandoná,1.3223,-77.4792,20,9/15/1963,,Cudayari,Pacifico,Patía,Río Guáitara,2013,02,Andes,Preliminar,0,0,0,6.4814772605896,6.4814772605896,4.63227128982544,3.20280241966248,1.0513014793396,3.93818187713623,4.62545442581177,5,5,0.789855062961578,0.967391312122345,1,1,13,1.03999996185303,0
03,2015-03-02,52050040,,"",SANDONA [52050040],Pluviométrica,Convencional,Activa,Nariño,Sandoná,1.3223,-77.4792,20,9/15/1963,,Cudayari,Pacifico,Patía,Río Guáitara,2015,02,Andes,Preliminar,0,0,0,2.27172565460205,2.27172565460205,0,1.01508569717407,0.621993184089661,3.93818187713623,4.62545442581177,5,5,0.789855062961578,0.967391312122345,1,1,13,1.03999996185303,0
03,2007-03-03,52050040,,"",SANDONA [52050040],Pluviométrica,Convencional,Activa,Nariño,Sandoná,1.3223,-77.4792,20,9/15/1963,,Cudayari,Pacifico,Patía,Río Guáitara,2007,03,Andes,Preliminar,0,0,0,0.461459100246429,0.461459100246429,0,0,0,3.93818187713623,4.62545442581177,5,5,0.789855062961578,0.967391312122345,1,1,13,1.03999996185303,0
03,2014-03-05,52050040,9,Definitivo,SANDONA [52050040],Pluviométrica,Convencional,Activa,Nariño,Sandoná,1.3223,-77.4792,20,9/15/1963,,Cudayari,Pacifico,Patía,Río Guáitara,2014,05,Andes,Definitivo,9,9,0,9.59950828552246,9.59950828552246,0,14.0907382965088,2.44101023674011,3.93818187713623,4.62545442581177,5,5,0.789855062961578,0.967391312122345,1,1,13,1.03999996185303,9.35999965667725
03,2015-03-01,52050040,7,Definitivo,SANDONA [52050040],Pluviométrica,Convencional,Activa,Nariño,Sandoná,1.3223,-77.4792,20,9/15/1963,,Cudayari,Pacifico,Patía,Río Guáitara,2015,01,Andes,Definitivo,7,7,0,5.7004280090332,5.7004280090332,0,1.12626779079437,2.43774914741516,3.93818187713623,4.62545442581177,5,5,0.789855062961578,0.967391312122345,1,1,13,1.03999996185303,7.27999973297119
03,2010-03-02,52050040,,"",SANDONA [52050040],Pluviométrica,Convencional,Activa,Nariño,Sandoná,1.3223,-77.4792,20,9/15/1963,,Cudayari,Pacifico,Patía,Río Guáitara,2010,02,Andes,Preliminar,0,0,0,4.60644865036011,4.60644865036011,3.59989738464355,1.01887905597687,0.534363925457001,3.93818187713623,4.62545442581177,5,5,0.789855062961578,0.967391312122345,1,1,13,1.03999996185303,0
03,2010-03-03,52050040,,"",SANDONA [52050040],Pluviométrica,Convencional,Activa,Nariño,Sandoná,1.3223,-77.4792,20,9/15/1963,,Cudayari,Pacifico,Patía,Río Guáitara,2010,03,Andes,Preliminar,0,0,0,6.50529003143311,6.50529003143311,0,1.72031497955322,0.634557247161865,3.93818187713623,4.62545442581177,5,5,0.789855062961578,0.967391312122345,1,1,13,1.03999996185303,0
03,2010-03-01,52050040,,"",SANDONA [52050040],Pluviométrica,Convencional,Activa,Nariño,Sandoná,1.3223,-77.4792,20,9/15/1963,,Cudayari,Pacifico,Patía,Río Guáitara,2010,01,Andes,Preliminar,0,0,0,7.66569185256958,7.66569185256958,3.59989738464355,1.71339237689972,0.36737522482872,3.93818187713623,4.62545442581177,5,5,0.789855062961578,0.967391312122345,1,1,13,1.03999996185303,0
03,2005-03-02,52050040,,"",SANDONA [52050040],Pluviométrica,Convencional,Activa,Nariño,Sandoná,1.3223,-77.4792,20,9/15/1963,,Cudayari,Pacifico,Patía,Río Guáitara,2005,02,Andes,Preliminar,0,0,0,5.13736963272095,5.13736963272095,9.90787124633789,5.05103826522827,0.860115468502045,3.93818187713623,4.62545442581177,5,5,0.789855062961578,0.967391312122345,1,1,13,1.03999996185303,0
03,2005-03-03,52050040,,"",SANDONA [52050040],Pluviométrica,Convencional,Activa,Nariño,Sandoná,1.3223,-77.4792,20,9/15/1963,,Cudayari,Pacifico,Patía,Río Guáitara,2005,03,Andes,Preliminar,20,20,0,9.97480297088623,9.97480297088623,0,5.72461366653442,0.04550876095891,3.93818187713623,4.62545442581177,5,5,0.789855062961578,0.967391312122345,1,1,13,1.03999996185303,20.7999992370605
03,2008-03-01,52050040,,"",SANDONA [52050040],Pluviométrica,Convencional,Activa,Nariño,Sandoná,1.3223,-77.4792,20,9/15/1963,,Cudayari,Pacifico,Patía,Río Guáitara,2008,01,Andes,Preliminar,0,0,0,6.83500242233276,6.83500242233276,0,6.80417633056641,4.99294805526733,3.93818187713623,4.62545442581177,5,5,0.789855062961578,0.967391312122345,1,1,13,1.03999996185303,0
04,2009-04-28,52050040,,"",SANDONA [52050040],Pluviométrica,Convencional,Activa,Nariño,Sandoná,1.3223,-77.4792,20,9/15/1963,,Cudayari,Pacifico,Patía,Río Guáitara,2009,28,Andes,Preliminar,0,0,0,2.16337156295776,2.16337156295776,7.83012819290161,1.17970716953278,1.94347071647644,3.93818187713623,4.62545442581177,5,5,0.789855062961578,0.967391312122345,1,1,24,1.03999996185303,0
04,2011-04-30,52050040,,"",SANDONA [52050040],Pluviométrica,Convencional,Activa,Nariño,Sandoná,1.3223,-77.4792,20,9/15/1963,,Cudayari,Pacifico,Patía,Río Guáitara,2011,30,Andes,Preliminar,0,0,0,9.57170486450195,9.57170486450195,20.3199253082275,14.8051824569702,28.9509620666504,3.93818187713623,4.62545442581177,5,5,0.789855062961578,0.967391312122345,1,1,24,1.03999996185303,0
04,2007-04-28,52050040,6,Definitivo,SANDONA [52050040],Pluviométrica,Convencional,Activa,Nariño,Sandoná,1.3223,-77.4792,20,9/15/1963,,Cudayari,Pacifico,Patía,Río Guáitara,2007,28,Andes,Definitivo,6,6,0,1.83578979969025,1.83578979969025,0,2.00801730155945,3.9162380695343,3.93818187713623,4.62545442581177,5,5,0.789855062961578,0.967391312122345,1,1,24,1.03999996185303,6.23999977111816
04,2013-04-30,52050040,8,Definitivo,SANDONA [52050040],Pluviométrica,Convencional,Activa,Nariño,Sandoná,1.3223,-77.4792,20,9/15/1963,,Cudayari,Pacifico,Patía,Río Guáitara,2013,30,Andes,Definitivo,8,8,0,1.73054754734039,1.73054754734039,0,1.81511056423187,0.429445743560791,3.93818187713623,4.62545442581177,5,5,0.789855062961578,0.967391312122345,1,1,24,1.03999996185303,8.31999969482422
04,2009-04-29,52050040,10,Definitivo,SANDONA [52050040],Pluviométrica,Convencional,Activa,Nariño,Sandoná,1.3223,-77.4792,20,9/15/1963,,Cudayari,Pacifico,Patía,Río Guáitara,2009,29,Andes,Definitivo,10,10,0,8.06030464172363,8.06030464172363,0,4.53492259979248,0,3.93818187713623,4.62545442581177,5,5,0.789855062961578,0.967391312122345,1,1,24,1.03999996185303,10.3999996185303
04,2011-04-29,52050040,8,Definitivo,SANDONA [52050040],Pluviométrica,Convencional,Activa,Nariño,Sandoná,1.3223,-77.4792,20,9/15/1963,,Cudayari,Pacifico,Patía,Río Guáitara,2011,29,Andes,Definitivo,8,8,0,11.2799558639526,11.2799558639526,13.5466156005859,7.43073081970215,19.269193649292,3.93818187713623,4.62545442581177,5,5,0.789855062961578,0.967391312122345,1,1,24,1.03999996185303,8.31999969482422
04,2009-04-30,52050040,3,Definitivo,SANDONA [52050040],Pluviométrica,Convencional,Activa,Nariño,Sandoná,1.3223,-77.4792,20,9/15/1963,,Cudayari,Pacifico,Patía,Río Guáitara,2009,30,Andes,Definitivo,3,3,0,6.08302927017212,6.08302927017212,7.83012819290161,6.27818489074707,5.64877939224243,3.93818187713623,4.62545442581177,5,5,0.789855062961578,0.967391312122345,1,1,24,1.03999996185303,3.11999988555908
04,2005-04-27,52050040,6,Definitivo,SANDONA [52050040],Pluviométrica,Convencional,Activa,Nariño,Sandoná,1.3223,-77.4792,20,9/15/1963,,Cudayari,Pacifico,Patía,Río Guáitara,2005,27,Andes,Definitivo,6,6,0,8.58209323883057,8.58209323883057,0,4.31856155395508,0.0617523565888405,3.93818187713623,4.62545442581177,5,5,0.789855062961578,0.967391312122345,1,1,24,1.03999996185303,6.23999977111816
04,2007-04-27,52050040,3,Definitivo,SANDONA [52050040],Pluviométrica,Convencional,Activa,Nariño,Sandoná,1.3223,-77.4792,20,9/15/1963,,Cudayari,Pacifico,Patía,Río Guáitara,2007,27,Andes,Definitivo,3,3,0,6.66532897949219,6.66532897949219,12.0962324142456,6.58801412582398,0.902170121669769,3.93818187713623,4.62545442581177,5,5,0.789855062961578,0.967391312122345,1,1,24,1.03999996185303,3.11999988555908
04,2008-04-25,52050040,18,Definitivo,SANDONA [52050040],Pluviométrica,Convencional,Activa,Nariño,Sandoná,1.3223,-77.4792,20,9/15/1963,,Cudayari,Pacifico,Patía,Río Guáitara,2008,25,Andes,Definitivo,18,18,0,4.66410779953003,4.66410779953003,0,9.77202796936035,26.0501956939697,3.93818187713623,4.62545442581177,5,5,0.789855062961578,0.967391312122345,1,1,23,1.03999996185303,18.7199993133545
04,2007-04-22,52050040,70,Definitivo,SANDONA [52050040],Pluviométrica,Convencional,Activa,Nariño,Sandoná,1.3223,-77.4792,20,9/15/1963,,Cudayari,Pacifico,Patía,Río Guáitara,2007,22,Andes,Definitivo,70,70,0,7.27772665023804,7.27772665023804,0,12.1652507781982,6.71514320373535,3.93818187713623,4.62545442581177,5,5,0.789855062961578,0.967391312122345,1,1,23,1.03999996185303,72.7999973297119
04,2006-04-30,52050040,2,Definitivo,SANDONA [52050040],Pluviométrica,Convencional,Activa,Nariño,Sandoná,1.3223,-77.4792,20,9/15/1963,,Cudayari,Pacifico,Patía,Río Guáitara,2006,30,Andes,Definitivo,2,2,0,9.52656841278076,9.52656841278076,36.494686126709,33.4023742675781,55.2197608947754,3.93818187713623,4.62545442581177,5,5,0.789855062961578,0.967391312122345,1,1,24,1.03999996185303,2.07999992370605
04,2008-04-29,52050040,15,Definitivo,SANDONA [52050040],Pluviométrica,Convencional,Activa,Nariño,Sandoná,1.3223,-77.4792,20,9/15/1963,,Cudayari,Pacifico,Patía,Río Guáitara,2008,29,Andes,Definitivo,15,15,0,10.4177570343018,10.4177570343018,0,9.10099220275879,2.34936785697937,3.93818187713623,4.62545442581177,5,5,0.789855062961578,0.967391312122345,1,1,24,1.03999996185303,15.5999994277954
04,2006-04-29,52050040,60,Definitivo,SANDONA [52050040],Pluviométrica,Convencional,Activa,Nariño,Sandoná,1.3223,-77.4792,20,9/15/1963,,Cudayari,Pacifico,Patía,Río Guáitara,2006,29,Andes,Definitivo,60,60,0,4.50705194473267,4.50705194473267,9.12367153167725,5.94737339019775,6.97999954223633,3.93818187713623,4.62545442581177,5,5,0.789855062961578,0.967391312122345,1,1,24,1.03999996185303,62.3999977111816
04,2008-04-28,52050040,4,Definitivo,SANDONA [52050040],Pluviométrica,Convencional,Activa,Nariño,Sandoná,1.3223,-77.4792,20,9/15/1963,,Cudayari,Pacifico,Patía,Río Guáitara,2008,28,Andes,Definitivo,4,4,0,8.65612888336182,8.65612888336182,7.4027590751648,9.61353206634521,3.75201654434204,3.93818187713623,4.62545442581177,5,5,0.789855062961578,0.967391312122345,1,1,24,1.03999996185303,4.15999984741211
04,2016-04-28,52050040,4,Definitivo,SANDONA [52050040],Pluviométrica,Convencional,Activa,Nariño,Sandoná,1.3223,-77.4792,20,9/15/1963,,Cudayari,Pacifico,Patía,Río Guáitara,2016,28,Andes,Definitivo,4,4,0,31.983512878418,31.983512878418,41.828239440918,12.7182130813599,36.99560546875,3.93818187713623,4.62545442581177,5,5,0.789855062961578,0.967391312122345,1,1,24,1.03999996185303,4.15999984741211
04,2010-04-27,52050040,8,Definitivo,SANDONA [52050040],Pluviométrica,Convencional,Activa,Nariño,Sandoná,1.3223,-77.4792,20,9/15/1963,,Cudayari,Pacifico,Patía,Río Guáitara,2010,27,Andes,Definitivo,8,8,0,6.63689708709717,6.63689708709717,0,4.18922472000122,4.41874265670776,3.93818187713623,4.62545442581177,5,5,0.789855062961578,0.967391312122345,1,1,24,1.03999996185303,8.31999969482422
04,2010-04-29,52050040,2,Definitivo,SANDONA [52050040],Pluviométrica,Convencional,Activa,Nariño,Sandoná,1.3223,-77.4792,20,9/15/1963,,Cudayari,Pacifico,Patía,Río Guáitara,2010,29,Andes,Definitivo,2,2,0,7.13084745407105,7.13084745407105,0,5.46967029571533,10.351411819458,3.93818187713623,4.62545442581177,5,5,0.789855062961578,0.967391312122345,1,1,24,1.03999996185303,2.07999992370605
04,2014-04-28,52050040,5,Definitivo,SANDONA [52050040],Pluviométrica,Convencional,Activa,Nariño,Sandoná,1.3223,-77.4792,20,9/15/1963,,Cudayari,Pacifico,Patía,Río Guáitara,2014,28,Andes,Definitivo,5,5,0,2.42505097389221,2.42505097389221,14.3162565231323,8.93375587463379,0.146136209368706,3.93818187713623,4.62545442581177,5,5,0.789855062961578,0.967391312122345,1,1,24,1.03999996185303,5.19999980926514
04,2010-04-26,52050040,3,Definitivo,SANDONA [52050040],Pluviométrica,Convencional,Activa,Nariño,Sandoná,1.3223,-77.4792,20,9/15/1963,,Cudayari,Pacifico,Patía,Río Guáitara,2010,26,Andes,Definitivo,3,3,0,5.89148092269898,5.89148092269898,0,4.3584246635437,2.78177452087402,3.93818187713623,4.62545442581177,5,5,0.789855062961578,0.967391312122345,1,1,24,1.03999996185303,3.11999988555908
04,2006-04-25,52050040,4,Definitivo,SANDONA [52050040],Pluviométrica,Convencional,Activa,Nariño,Sandoná,1.3223,-77.4792,20,9/15/1963,,Cudayari,Pacifico,Patía,Río Guáitara,2006,25,Andes,Definitivo,4,4,0,6.30706930160523,6.30706930160523,0,6.21100807189941,1.3806129693985,3.93818187713623,4.62545442581177,5,5,0.789855062961578,0.967391312122345,1,1,23,1.03999996185303,4.15999984741211
04,2006-04-26,52050040,21,Definitivo,SANDONA [52050040],Pluviométrica,Convencional,Activa,Nariño,Sandoná,1.3223,-77.4792,20,9/15/1963,,Cudayari,Pacifico,Patía,Río Guáitara,2006,26,Andes,Definitivo,21,21,0,6.12328290939331,6.12328290939331,0,14.0099935531616,2.23045110702515,3.93818187713623,4.62545442581177,5,5,0.789855062961578,0.967391312122345,1,1,24,1.03999996185303,21.8399991989136
04,2006-04-28,52050040,6,Definitivo,SANDONA [52050040],Pluviométrica,Convencional,Activa,Nariño,Sandoná,1.3223,-77.4792,20,9/15/1963,,Cudayari,Pacifico,Patía,Río Guáitara,2006,28,Andes,Definitivo,6,6,0,4.04714918136597,4.04714918136597,0,3.52354598045349,0.524812042713165,3.93818187713623,4.62545442581177,5,5,0.789855062961578,0.967391312122345,1,1,24,1.03999996185303,6.23999977111816
04,2006-04-24,52050040,4,Definitivo,SANDONA [52050040],Pluviométrica,Convencional,Activa,Nariño,Sandoná,1.3223,-77.4792,20,9/15/1963,,Cudayari,Pacifico,Patía,Río Guáitara,2006,24,Andes,Definitivo,4,4,0,3.07889485359192,3.07889485359192,9.53136348724365,2.60943174362183,3.80875372886658,3.93818187713623,4.62545442581177,5,5,0.789855062961578,0.967391312122345,1,1,23,1.03999996185303,4.15999984741211
04,2005-04-26,52050040,8,Definitivo,SANDONA [52050040],Pluviométrica,Convencional,Activa,Nariño,Sandoná,1.3223,-77.4792,20,9/15/1963,,Cudayari,Pacifico,Patía,Río Guáitara,2005,26,Andes,Definitivo,8,8,0,7.23065948486328,7.23065948486328,13.9075450897217,7.30084562301636,13.9114351272583,3.93818187713623,4.62545442581177,5,5,0.789855062961578,0.967391312122345,1,1,24,1.03999996185303,8.31999969482422
04,2008-04-18,52050040,,"",SANDONA [52050040],Pluviométrica,Convencional,Activa,Nariño,Sandoná,1.3223,-77.4792,20,9/15/1963,,Cudayari,Pacifico,Patía,Río Guáitara,2008,18,Andes,Preliminar,0,0,0,2.06260013580322,2.06260013580322,20.0520439147949,0.5271075963974,1.29128003120422,3.93818187713623,4.62545442581177,5,5,0.789855062961578,0.967391312122345,1,1,22,1.03999996185303,0
04,2008-04-19,52050040,,"",SANDONA [52050040],Pluviométrica,Convencional,Activa,Nariño,Sandoná,1.3223,-77.4792,20,9/15/1963,,Cudayari,Pacifico,Patía,Río Guáitara,2008,19,Andes,Preliminar,0,0,0,1.78898990154266,1.78898990154266,0,2.94879913330078,0.739211082458496,3.93818187713623,4.62545442581177,5,5,0.789855062961578,0.967391312122345,1,1,22,1.03999996185303,0
04,2019-04-30,52050040,,"",SANDONA [52050040],Pluviométrica,Convencional,Activa,Nariño,Sandoná,1.3223,-77.4792,20,9/15/1963,,Cudayari,Pacifico,Patía,Río Guáitara,2019,30,Andes,Preliminar,0,0,0,9.61484146118164,9.61484146118164,10.320894241333,2.15436887741089,3.17463088035584,3.93818187713623,4.62545442581177,5,5,0.789855062961578,0.967391312122345,1,1,24,1.03999996185303,0
04,2014-04-29,52050040,4,Definitivo,SANDONA [52050040],Pluviométrica,Convencional,Activa,Nariño,Sandoná,1.3223,-77.4792,20,9/15/1963,,Cudayari,Pacifico,Patía,Río Guáitara,2014,29,Andes,Definitivo,4,4,0,5.67786741256714,5.67786741256714,0,4.97775650024414,15.7207899093628,3.93818187713623,4.62545442581177,5,5,0.789855062961578,0.967391312122345,1,1,24,1.03999996185303,4.15999984741211
04,2016-04-29,52050040,1,Definitivo,SANDONA [52050040],Pluviométrica,Convencional,Activa,Nariño,Sandoná,1.3223,-77.4792,20,9/15/1963,,Cudayari,Pacifico,Patía,Río Guáitara,2016,29,Andes,Definitivo,1,1,0,6.4036021232605,6.4036021232605,13.9427471160889,9.53263854980469,1.96382868289948,3.93818187713623,4.62545442581177,5,5,0.789855062961578,0.967391312122345,1,1,24,1.03999996185303,1.03999996185303
04,2013-04-29,52050040,,"",SANDONA [52050040],Pluviométrica,Convencional,Activa,Nariño,Sandoná,1.3223,-77.4792,20,9/15/1963,,Cudayari,Pacifico,Patía,Río Guáitara,2013,29,Andes,Preliminar,0,0,0,2.36924529075623,2.36924529075623,0,3.27642822265625,6.5072512626648,3.93818187713623,4.62545442581177,5,5,0.789855062961578,0.967391312122345,1,1,24,1.03999996185303,0
04,2008-04-26,52050040,15,Definitivo,SANDONA [52050040],Pluviométrica,Convencional,Activa,Nariño,Sandoná,1.3223,-77.4792,20,9/15/1963,,Cudayari,Pacifico,Patía,Río Guáitara,2008,26,Andes,Definitivo,15,15,0,9.17478084564209,9.17478084564209,14.8055181503296,10.0563335418701,27.8571739196777,3.93818187713623,4.62545442581177,5,5,0.789855062961578,0.967391312122345,1,1,24,1.03999996185303,15.5999994277954
04,2004-04-27,52050040,2,Definitivo,SANDONA [52050040],Pluviométrica,Convencional,Activa,Nariño,Sandoná,1.3223,-77.4792,20,9/15/1963,,Cudayari,Pacifico,Patía,Río Guáitara,2004,27,Andes,Definitivo,2,2,0,1.55038619041443,1.55038619041443,0,6.0023512840271,2.06429600715637,3.93818187713623,4.62545442581177,5,5,0.789855062961578,0.967391312122345,1,1,24,1.03999996185303,2.07999992370605
04,2007-04-26,52050040,5,Definitivo,SANDONA [52050040],Pluviométrica,Convencional,Activa,Nariño,Sandoná,1.3223,-77.4792,20,9/15/1963,,Cudayari,Pacifico,Patía,Río Guáitara,2007,26,Andes,Definitivo,5,5,0,11.8714389801025,11.8714389801025,0,6.86764144897461,1.98374891281128,3.93818187713623,4.62545442581177,5,5,0.789855062961578,0.967391312122345,1,1,24,1.03999996185303,5.19999980926514
04,2007-04-21,52050040,3,Definitivo,SANDONA [52050040],Pluviométrica,Convencional,Activa,Nariño,Sandoná,1.3223,-77.4792,20,9/15/1963,,Cudayari,Pacifico,Patía,Río Guáitara,2007,21,Andes,Definitivo,3,3,0,5.43099164962769,5.43099164962769,33.5824012756348,17.0921688079834,22.2938270568848,3.93818187713623,4.62545442581177,5,5,0.789855062961578,0.967391312122345,1,1,23,1.03999996185303,3.11999988555908
04,2015-04-29,52050040,,"",SANDONA [52050040],Pluviométrica,Convencional,Activa,Nariño,Sandoná,1.3223,-77.4792,20,9/15/1963,,Cudayari,Pacifico,Patía,Río Guáitara,2015,29,Andes,Preliminar,0,0,0,1.24384617805481,1.24384617805481,0,0,0,3.93818187713623,4.62545442581177,5,5,0.789855062961578,0.967391312122345,1,1,24,1.03999996185303,0
04,2007-04-23,52050040,25,Definitivo,SANDONA [52050040],Pluviométrica,Convencional,Activa,Nariño,Sandoná,1.3223,-77.4792,20,9/15/1963,,Cudayari,Pacifico,Patía,Río Guáitara,2007,23,Andes,Definitivo,25,25,0,6.13592720031738,6.13592720031738,16.7912006378174,16.5430030822754,31.6972789764404,3.93818187713623,4.62545442581177,5,5,0.789855062961578,0.967391312122345,1,1,23,1.03999996185303,25.9999990463257
04,2013-04-25,52050040,,"",SANDONA [52050040],Pluviométrica,Convencional,Activa,Nariño,Sandoná,1.3223,-77.4792,20,9/15/1963,,Cudayari,Pacifico,Patía,Río Guáitara,2013,25,Andes,Preliminar,0,0,0,0.757582068443298,0.757582068443298,0,1.13994991779327,0.0275006648153067,3.93818187713623,4.62545442581177,5,5,0.789855062961578,0.967391312122345,1,1,23,1.03999996185303,0
04,2012-04-28,52050040,8,Definitivo,SANDONA [52050040],Pluviométrica,Convencional,Activa,Nariño,Sandoná,1.3223,-77.4792,20,9/15/1963,,Cudayari,Pacifico,Patía,Río Guáitara,2012,28,Andes,Definitivo,8,8,0,5.29758167266846,5.29758167266846,0,5.7517294883728,6.46509456634522,3.93818187713623,4.62545442581177,5,5,0.789855062961578,0.967391312122345,1,1,24,1.03999996185303,8.31999969482422
04,2010-04-13,52050040,25,Definitivo,SANDONA [52050040],Pluviométrica,Convencional,Activa,Nariño,Sandoná,1.3223,-77.4792,20,9/15/1963,,Cudayari,Pacifico,Patía,Río Guáitara,2010,13,Andes,Definitivo,25,25,0,7.65616130828857,7.65616130828857,16.4541206359863,34.7961120605469,6.91357278823853,3.93818187713623,4.62545442581177,5,5,0.789855062961578,0.967391312122345,1,1,21,1.03999996185303,25.9999990463257
04,2005-04-30,52050040,,"",SANDONA [52050040],Pluviométrica,Convencional,Activa,Nariño,Sandoná,1.3223,-77.4792,20,9/15/1963,,Cudayari,Pacifico,Patía,Río Guáitara,2005,30,Andes,Preliminar,0,0,0,4.7546763420105,4.7546763420105,9.27169704437256,6.16992998123169,8.38459777832031,3.93818187713623,4.62545442581177,5,5,0.789855062961578,0.967391312122345,1,1,24,1.03999996185303,0
04,2016-04-25,52050040,3,Definitivo,SANDONA [52050040],Pluviométrica,Convencional,Activa,Nariño,Sandoná,1.3223,-77.4792,20,9/15/1963,,Cudayari,Pacifico,Patía,Río Guáitara,2016,25,Andes,Definitivo,3,3,0,8.87755584716797,8.87755584716797,13.4344444274902,8.49867343902588,11.3188991546631,3.93818187713623,4.62545442581177,5,5,0.789855062961578,0.967391312122345,1,1,23,1.03999996185303,3.11999988555908
04,2017-04-29,52050040,2,Definitivo,SANDONA [52050040],Pluviométrica,Convencional,Activa,Nariño,Sandoná,1.3223,-77.4792,20,9/15/1963,,Cudayari,Pacifico,Patía,Río Guáitara,2017,29,Andes,Definitivo,2,2,0,12.8278226852417,12.8278226852417,0,1.88857007026672,0.244507282972336,3.93818187713623,4.62545442581177,5,5,0.789855062961578,0.967391312122345,1,1,24,1.03999996185303,2.07999992370605
04,2008-04-30,52050040,40,Definitivo,SANDONA [52050040],Pluviométrica,Convencional,Activa,Nariño,Sandoná,1.3223,-77.4792,20,9/15/1963,,Cudayari,Pacifico,Patía,Río Guáitara,2008,30,Andes,Definitivo,40,40,0,5.54421424865723,5.54421424865723,22.2082748413086,14.1323404312134,7.82854509353638,3.93818187713623,4.62545442581177,5,5,0.789855062961578,0.967391312122345,1,1,24,1.03999996185303,41.5999984741211
04,2009-04-15,52050040,,"",SANDONA [52050040],Pluviométrica,Convencional,Activa,Nariño,Sandoná,1.3223,-77.4792,20,9/15/1963,,Cudayari,Pacifico,Patía,Río Guáitara,2009,15,Andes,Preliminar,0,0,0,2.46729040145874,2.46729040145874,0,5.9698691368103,12.8242673873901,3.93818187713623,4.62545442581177,5,5,0.789855062961578,0.967391312122345,1,1,21,1.03999996185303,0
04,2009-04-16,52050040,,"",SANDONA [52050040],Pluviométrica,Convencional,Activa,Nariño,Sandoná,1.3223,-77.4792,20,9/15/1963,,Cudayari,Pacifico,Patía,Río Guáitara,2009,16,Andes,Preliminar,0,0,0,0.719319462776184,0.719319462776184,0,0,0,3.93818187713623,4.62545442581177,5,5,0.789855062961578,0.967391312122345,1,1,22,1.03999996185303,0
04,2007-04-24,52050040,11,Definitivo,SANDONA [52050040],Pluviométrica,Convencional,Activa,Nariño,Sandoná,1.3223,-77.4792,20,9/15/1963,,Cudayari,Pacifico,Patía,Río Guáitara,2007,24,Andes,Definitivo,11,11,0,4.9842004776001,4.9842004776001,0,17.6870231628418,0.118105545639992,3.93818187713623,4.62545442581177,5,5,0.789855062961578,0.967391312122345,1,1,23,1.03999996185303,11.4399995803833
04,2006-04-23,52050040,,"",SANDONA [52050040],Pluviométrica,Convencional,Activa,Nariño,Sandoná,1.3223,-77.4792,20,9/15/1963,,Cudayari,Pacifico,Patía,Río Guáitara,2006,23,Andes,Preliminar,0,0,0,2.42579579353333,2.42579579353333,0,0.742634296417236,4.14666652679443,3.93818187713623,4.62545442581177,5,5,0.789855062961578,0.967391312122345,1,1,23,1.03999996185303,0
04,2012-04-29,52050040,5,Definitivo,SANDONA [52050040],Pluviométrica,Convencional,Activa,Nariño,Sandoná,1.3223,-77.4792,20,9/15/1963,,Cudayari,Pacifico,Patía,Río Guáitara,2012,29,Andes,Definitivo,5,5,0,4.1064281463623,4.1064281463623,0,3.22133135795593,12.3198642730713,3.93818187713623,4.62545442581177,5,5,0.789855062961578,0.967391312122345,1,1,24,1.03999996185303,5.19999980926514
04,2011-04-28,52050040,42,Definitivo,SANDONA [52050040],Pluviométrica,Convencional,Activa,Nariño,Sandoná,1.3223,-77.4792,20,9/15/1963,,Cudayari,Pacifico,Patía,Río Guáitara,2011,28,Andes,Definitivo,42,42,0,4.5194206237793,4.5194206237793,6.77330780029297,17.5884094238281,7.42854404449463,3.93818187713623,4.62545442581177,5,5,0.789855062961578,0.967391312122345,1,1,24,1.03999996185303,43.6799983978271
04,2003-04-30,52050040,,"",SANDONA [52050040],Pluviométrica,Convencional,Activa,Nariño,Sandoná,1.3223,-77.4792,20,9/15/1963,,Cudayari,Pacifico,Patía,Río Guáitara,2003,30,Andes,Preliminar,0,0,0,5.35780954360962,5.35780954360962,0,2.08905506134033,0.918375253677368,3.93818187713623,4.62545442581177,5,5,0.789855062961578,0.967391312122345,1,1,24,1.03999996185303,0
04,2008-04-27,52050040,21,Definitivo,SANDONA [52050040],Pluviométrica,Convencional,Activa,Nariño,Sandoná,1.3223,-77.4792,20,9/15/1963,,Cudayari,Pacifico,Patía,Río Guáitara,2008,27,Andes,Definitivo,21,21,0,13.4491920471191,13.4491920471191,14.8055181503296,11.3334131240845,12.4495058059692,3.93818187713623,4.62545442581177,5,5,0.789855062961578,0.967391312122345,1,1,24,1.03999996185303,21.8399991989136
04,2010-04-30,52050040,,"",SANDONA [52050040],Pluviométrica,Convencional,Activa,Nariño,Sandoná,1.3223,-77.4792,20,9/15/1963,,Cudayari,Pacifico,Patía,Río Guáitara,2010,30,Andes,Preliminar,0,0,0,6.3674693107605,6.3674693107605,0,2.1292142868042,0.288876593112946,3.93818187713623,4.62545442581177,5,5,0.789855062961578,0.967391312122345,1,1,24,1.03999996185303,0
04,2022-04-28,52050040,4,En revisión,SANDONA [52050040],Pluviométrica,Convencional,Activa,Nariño,Sandoná,1.3223,-77.4792,20,9/15/1963,,Cudayari,Pacifico,Patía,Río Guáitara,2022,28,Andes,En revisión,4,4,0,3.3650438785553,3.3650438785553,0,5.17936754226685,8.53165531158447,3.93818187713623,4.62545442581177,5,5,0.789855062961578,0.967391312122345,1,1,24,1.03999996185303,4.15999984741211
04,2008-04-12,52050040,10,Definitivo,SANDONA [52050040],Pluviométrica,Convencional,Activa,Nariño,Sandoná,1.3223,-77.4792,20,9/15/1963,,Cudayari,Pacifico,Patía,Río Guáitara,2008,12,Andes,Definitivo,10,10,0,6.50910425186157,6.50910425186157,31.9489059448242,7.63670444488525,45.293270111084,3.93818187713623,4.62545442581177,5,5,0.789855062961578,0.967391312122345,1,1,21,1.03999996185303,10.3999996185303
04,2006-04-22,52050040,,"",SANDONA [52050040],Pluviométrica,Convencional,Activa,Nariño,Sandoná,1.3223,-77.4792,20,9/15/1963,,Cudayari,Pacifico,Patía,Río Guáitara,2006,22,Andes,Preliminar,0,0,0,0.895678460597992,0.895678460597992,0,0.631349921226502,0,3.93818187713623,4.62545442581177,5,5,0.789855062961578,0.967391312122345,1,1,23,1.03999996185303,0
04,2017-04-30,52050040,1,Definitivo,SANDONA [52050040],Pluviométrica,Convencional,Activa,Nariño,Sandoná,1.3223,-77.4792,20,9/15/1963,,Cudayari,Pacifico,Patía,Río Guáitara,2017,30,Andes,Definitivo,1,1,0,5.46467781066895,5.46467781066895,5.20085430145264,9.4464807510376,11.2554845809937,3.93818187713623,4.62545442581177,5,5,0.789855062961578,0.967391312122345,1,1,24,1.03999996185303,1.03999996185303
04,2011-04-26,52050040,27,Definitivo,SANDONA [52050040],Pluviométrica,Convencional,Activa,Nariño,Sandoná,1.3223,-77.4792,20,9/15/1963,,Cudayari,Pacifico,Patía,Río Guáitara,2011,26,Andes,Definitivo,27,27,0,10.016827583313,10.016827583313,6.77330780029297,20.1635284423828,4.51072406768799,3.93818187713623,4.62545442581177,5,5,0.789855062961578,0.967391312122345,1,1,24,1.03999996185303,28.0799989700317
04,2016-04-30,52050040,,"",SANDONA [52050040],Pluviométrica,Convencional,Activa,Nariño,Sandoná,1.3223,-77.4792,20,9/15/1963,,Cudayari,Pacifico,Patía,Río Guáitara,2016,30,Andes,Preliminar,0,0,0,3.97710466384888,3.97710466384888,27.8854942321777,10.1979722976685,2.10410189628601,3.93818187713623,4.62545442581177,5,5,0.789855062961578,0.967391312122345,1,1,24,1.03999996185303,0
04,2009-04-17,52050040,3,Definitivo,SANDONA [52050040],Pluviométrica,Convencional,Activa,Nariño,Sandoná,1.3223,-77.4792,20,9/15/1963,,Cudayari,Pacifico,Patía,Río Guáitara,2009,17,Andes,Definitivo,3,3,0,2.87727785110474,2.87727785110474,0,0,0,3.93818187713623,4.62545442581177,5,5,0.789855062961578,0.967391312122345,1,1,22,1.03999996185303,3.11999988555908
04,2008-04-20,52050040,1,Definitivo,SANDONA [52050040],Pluviométrica,Convencional,Activa,Nariño,Sandoná,1.3223,-77.4792,20,9/15/1963,,Cudayari,Pacifico,Patía,Río Guáitara,2008,20,Andes,Definitivo,1,1,0,9.13437175750732,9.13437175750732,0,7.42716455459595,4.4446234703064,3.93818187713623,4.62545442581177,5,5,0.789855062961578,0.967391312122345,1,1,22,1.03999996185303,1.03999996185303
04,2010-04-28,52050040,7,Definitivo,SANDONA [52050040],Pluviométrica,Convencional,Activa,Nariño,Sandoná,1.3223,-77.4792,20,9/15/1963,,Cudayari,Pacifico,Patía,Río Guáitara,2010,28,Andes,Definitivo,7,7,0,7.45416021347046,7.45416021347046,26.1003742218018,9.79886627197266,8.10459327697754,3.93818187713623,4.62545442581177,5,5,0.789855062961578,0.967391312122345,1,1,24,1.03999996185303,7.27999973297119
04,2007-04-30,52050040,,"",SANDONA [52050040],Pluviométrica,Convencional,Activa,Nariño,Sandoná,1.3223,-77.4792,20,9/15/1963,,Cudayari,Pacifico,Patía,Río Guáitara,2007,30,Andes,Preliminar,0,0,0,1.60984647274017,1.60984647274017,0,4.15912675857544,7.21736097335815,3.93818187713623,4.62545442581177,5,5,0.789855062961578,0.967391312122345,1,1,24,1.03999996185303,0
04,2009-04-27,52050040,,"",SANDONA [52050040],Pluviométrica,Convencional,Activa,Nariño,Sandoná,1.3223,-77.4792,20,9/15/1963,,Cudayari,Pacifico,Patía,Río Guáitara,2009,27,Andes,Preliminar,0,0,0,0.604813635349274,0.604813635349274,0,0.895735502243042,1.01714360713959,3.93818187713623,4.62545442581177,5,5,0.789855062961578,0.967391312122345,1,1,24,1.03999996185303,0
04,2012-04-25,52050040,,"",SANDONA [52050040],Pluviométrica,Convencional,Activa,Nariño,Sandoná,1.3223,-77.4792,20,9/15/1963,,Cudayari,Pacifico,Patía,Río Guáitara,2012,25,Andes,Preliminar,0,0,0,3.36380815505981,3.36380815505981,0,1.02134490013123,0.252415478229523,3.93818187713623,4.62545442581177,5,5,0.789855062961578,0.967391312122345,1,1,23,1.03999996185303,0
04,2005-04-25,52050040,45,Definitivo,SANDONA [52050040],Pluviométrica,Convencional,Activa,Nariño,Sandoná,1.3223,-77.4792,20,9/15/1963,,Cudayari,Pacifico,Patía,Río Guáitara,2005,25,Andes,Definitivo,45,45,0,3.25974082946777,3.25974082946777,12.8007802963257,7.96014070510864,1.90701270103455,3.93818187713623,4.62545442581177,5,5,0.789855062961578,0.967391312122345,1,1,23,1.03999996185303,46.7999982833862
04,2008-04-17,52050040,,"",SANDONA [52050040],Pluviométrica,Convencional,Activa,Nariño,Sandoná,1.3223,-77.4792,20,9/15/1963,,Cudayari,Pacifico,Patía,Río Guáitara,2008,17,Andes,Preliminar,0,0,0,2.50458550453186,2.50458550453186,0,0.67263126373291,2.27065706253052,3.93818187713623,4.62545442581177,5,5,0.789855062961578,0.967391312122345,1,1,22,1.03999996185303,0
04,2022-04-29,52050040,4,En revisión,SANDONA [52050040],Pluviométrica,Convencional,Activa,Nariño,Sandoná,1.3223,-77.4792,20,9/15/1963,,Cudayari,Pacifico,Patía,Río Guáitara,2022,29,Andes,En revisión,4,4,0,3.07636594772339,3.07636594772339,18.8896923065186,4.08290338516235,3.43888211250305,3.93818187713623,4.62545442581177,5,5,0.789855062961578,0.967391312122345,1,1,24,1.03999996185303,4.15999984741211
04,2008-04-13,52050040,1,Definitivo,SANDONA [52050040],Pluviométrica,Convencional,Activa,Nariño,Sandoná,1.3223,-77.4792,20,9/15/1963,,Cudayari,Pacifico,Patía,Río Guáitara,2008,13,Andes,Definitivo,1,1,0,8.80643367767334,8.80643367767334,15.9744529724121,20.4284954071045,13.0036430358887,3.93818187713623,4.62545442581177,5,5,0.789855062961578,0.967391312122345,1,1,21,1.03999996185303,1.03999996185303
04,2010-04-14,52050040,12,Definitivo,SANDONA [52050040],Pluviométrica,Convencional,Activa,Nariño,Sandoná,1.3223,-77.4792,20,9/15/1963,,Cudayari,Pacifico,Patía,Río Guáitara,2010,14,Andes,Definitivo,12,12,0,13.2715940475464,13.2715940475464,32.9082412719727,9.68612670898438,19.6939430236816,3.93818187713623,4.62545442581177,5,5,0.789855062961578,0.967391312122345,1,1,21,1.03999996185303,12.4799995422363
04,2006-04-27,52050040,3,Definitivo,SANDONA [52050040],Pluviométrica,Convencional,Activa,Nariño,Sandoná,1.3223,-77.4792,20,9/15/1963,,Cudayari,Pacifico,Patía,Río Guáitara,2006,27,Andes,Definitivo,3,3,0,9.00096416473389,9.00096416473389,27.3710155487061,19.7225608825684,11.6508235931396,3.93818187713623,4.62545442581177,5,5,0.789855062961578,0.967391312122345,1,1,24,1.03999996185303,3.11999988555908
04,2013-04-26,52050040,,"",SANDONA [52050040],Pluviométrica,Convencional,Activa,Nariño,Sandoná,1.3223,-77.4792,20,9/15/1963,,Cudayari,Pacifico,Patía,Río Guáitara,2013,26,Andes,Preliminar,0,0,0,1.4648848772049,1.4648848772049,0,1.03607559204102,0,3.93818187713623,4.62545442581177,5,5,0.789855062961578,0.967391312122345,1,1,24,1.03999996185303,0
04,2014-04-30,52050040,9,Definitivo,SANDONA [52050040],Pluviométrica,Convencional,Activa,Nariño,Sandoná,1.3223,-77.4792,20,9/15/1963,,Cudayari,Pacifico,Patía,Río Guáitara,2014,30,Andes,Definitivo,9,9,0,2.14346837997437,2.14346837997437,0,5.24351310729981,2.07563018798828,3.93818187713623,4.62545442581177,5,5,0.789855062961578,0.967391312122345,1,1,24,1.03999996185303,9.35999965667725
04,2013-04-28,52050040,,"",SANDONA [52050040],Pluviométrica,Convencional,Activa,Nariño,Sandoná,1.3223,-77.4792,20,9/15/1963,,Cudayari,Pacifico,Patía,Río Guáitara,2013,28,Andes,Preliminar,0,0,0,4.22159910202026,4.22159910202026,0,4.03375911712647,7.2284574508667,3.93818187713623,4.62545442581177,5,5,0.789855062961578,0.967391312122345,1,1,24,1.03999996185303,0
04,2019-04-29,52050040,,"",SANDONA [52050040],Pluviométrica,Convencional,Activa,Nariño,Sandoná,1.3223,-77.4792,20,9/15/1963,,Cudayari,Pacifico,Patía,Río Guáitara,2019,29,Andes,Preliminar,0,0,0,7.86038970947266,7.86038970947266,0,5.26106119155884,0.0520431250333786,3.93818187713623,4.62545442581177,5,5,0.789855062961578,0.967391312122345,1,1,24,1.03999996185303,0
04,2010-04-24,52050040,3,Definitivo,SANDONA [52050040],Pluviométrica,Convencional,Activa,Nariño,Sandoná,1.3223,-77.4792,20,9/15/1963,,Cudayari,Pacifico,Patía,Río Guáitara,2010,24,Andes,Definitivo,3,3,0,0.631096661090851,0.631096661090851,0,1.76918578147888,0.0440639704465866,3.93818187713623,4.62545442581177,5,5,0.789855062961578,0.967391312122345,1,1,23,1.03999996185303,3.11999988555908
04,2005-04-29,52050040,4,Definitivo,SANDONA [52050040],Pluviométrica,Convencional,Activa,Nariño,Sandoná,1.3223,-77.4792,20,9/15/1963,,Cudayari,Pacifico,Patía,Río Guáitara,2005,29,Andes,Definitivo,4,4,0,6.32312822341919,6.32312822341919,4.63584852218628,8.07004547119141,7.91459369659424,3.93818187713623,4.62545442581177,5,5,0.789855062961578,0.967391312122345,1,1,24,1.03999996185303,4.15999984741211
04,2005-04-24,52050040,5,Definitivo,SANDONA [52050040],Pluviométrica,Convencional,Activa,Nariño,Sandoná,1.3223,-77.4792,20,9/15/1963,,Cudayari,Pacifico,Patía,Río Guáitara,2005,24,Andes,Definitivo,5,5,0,0.809315025806427,0.809315025806427,12.8007802963257,9.44580745697021,16.8740863800049,3.93818187713623,4.62545442581177,5,5,0.789855062961578,0.967391312122345,1,1,23,1.03999996185303,5.19999980926514
04,2016-04-26,52050040,,"",SANDONA [52050040],Pluviométrica,Convencional,Activa,Nariño,Sandoná,1.3223,-77.4792,20,9/15/1963,,Cudayari,Pacifico,Patía,Río Guáitara,2016,26,Andes,Preliminar,0,0,0,8.36176300048828,8.36176300048828,13.9427471160889,8.07949924468994,2.00652050971985,3.93818187713623,4.62545442581177,5,5,0.789855062961578,0.967391312122345,1,1,24,1.03999996185303,0
04,2015-04-30,52050040,3,Definitivo,SANDONA [52050040],Pluviométrica,Convencional,Activa,Nariño,Sandoná,1.3223,-77.4792,20,9/15/1963,,Cudayari,Pacifico,Patía,Río Guáitara,2015,30,Andes,Definitivo,3,3,0,2.42752075195313,2.42752075195313,0,0,0,3.93818187713623,4.62545442581177,5,5,0.789855062961578,0.967391312122345,1,1,24,1.03999996185303,3.11999988555908
04,2010-04-12,52050040,,"",SANDONA [52050040],Pluviométrica,Convencional,Activa,Nariño,Sandoná,1.3223,-77.4792,20,9/15/1963,,Cudayari,Pacifico,Patía,Río Guáitara,2010,12,Andes,Preliminar,11,11,0,10.5186614990234,10.5186614990234,8.22706031799316,12.3503866195679,14.9026880264282,3.93818187713623,4.62545442581177,5,5,0.789855062961578,0.967391312122345,1,1,21,1.03999996185303,11.4399995803833
04,2009-04-09,52050040,2,Definitivo,SANDONA [52050040],Pluviométrica,Convencional,Activa,Nariño,Sandoná,1.3223,-77.4792,20,9/15/1963,,Cudayari,Pacifico,Patía,Río Guáitara,2009,09,Andes,Definitivo,2,2,0,3.23677849769592,3.23677849769592,0,9.97449016571045,5.90740060806274,3.93818187713623,4.62545442581177,5,5,0.789855062961578,0.967391312122345,1,1,20,1.03999996185303,2.07999992370605
04,2009-04-10,52050040,,"",SANDONA [52050040],Pluviométrica,Convencional,Activa,Nariño,Sandoná,1.3223,-77.4792,20,9/15/1963,,Cudayari,Pacifico,Patía,Río Guáitara,2009,10,Andes,Preliminar,0,0,0,0.779469072818756,0.779469072818756,6.96387147903442,2.50195026397705,2.61646676063538,3.93818187713623,4.62545442581177,5,5,0.789855062961578,0.967391312122345,1,1,20,1.03999996185303,0
04,2010-04-15,52050040,,"",SANDONA [52050040],Pluviométrica,Convencional,Activa,Nariño,Sandoná,1.3223,-77.4792,20,9/15/1963,,Cudayari,Pacifico,Patía,Río Guáitara,2010,15,Andes,Preliminar,0,0,0,7.16309881210327,7.16309881210327,8.22706031799316,6.90341567993164,27.4639644622803,3.93818187713623,4.62545442581177,5,5,0.789855062961578,0.967391312122345,1,1,21,1.03999996185303,0
04,2009-04-25,52050040,,"",SANDONA [52050040],Pluviométrica,Convencional,Activa,Nariño,Sandoná,1.3223,-77.4792,20,9/15/1963,,Cudayari,Pacifico,Patía,Río Guáitara,2009,25,Andes,Preliminar,0,0,0,1.59335029125214,1.59335029125214,2.14289689064026,1.9883679151535,3.06878972053528,3.93818187713623,4.62545442581177,5,5,0.789855062961578,0.967391312122345,1,1,23,1.03999996185303,0
04,2009-04-26,52050040,,"",SANDONA [52050040],Pluviométrica,Convencional,Activa,Nariño,Sandoná,1.3223,-77.4792,20,9/15/1963,,Cudayari,Pacifico,Patía,Río Guáitara,2009,26,Andes,Preliminar,0,0,0,0.407086044549942,0.407086044549942,0,1.13955509662628,5.41871118545532,3.93818187713623,4.62545442581177,5,5,0.789855062961578,0.967391312122345,1,1,24,1.03999996185303,0
04,2017-04-28,52050040,,"",SANDONA [52050040],Pluviométrica,Convencional,Activa,Nariño,Sandoná,1.3223,-77.4792,20,9/15/1963,,Cudayari,Pacifico,Patía,Río Guáitara,2017,28,Andes,Preliminar,0,0,0,2.33041787147522,2.33041787147522,10.4017086029053,2.25481343269348,2.27391767501831,3.93818187713623,4.62545442581177,5,5,0.789855062961578,0.967391312122345,1,1,24,1.03999996185303,0
04,2012-04-30,52050040,13,Definitivo,SANDONA [52050040],Pluviométrica,Convencional,Activa,Nariño,Sandoná,1.3223,-77.4792,20,9/15/1963,,Cudayari,Pacifico,Patía,Río Guáitara,2012,30,Andes,Definitivo,13,13,0,12.4731197357178,12.4731197357178,28.6161117553711,8.11776065826416,9.21592140197754,3.93818187713623,4.62545442581177,5,5,0.789855062961578,0.967391312122345,1,1,24,1.03999996185303,13.5199995040894
04,2003-04-29,52050040,9,Definitivo,SANDONA [52050040],Pluviométrica,Convencional,Activa,Nariño,Sandoná,1.3223,-77.4792,20,9/15/1963,,Cudayari,Pacifico,Patía,Río Guáitara,2003,29,Andes,Definitivo,9,9,0,2.70491313934326,2.70491313934326,0,4.12073278427124,0.162142500281334,3.93818187713623,4.62545442581177,5,5,0.789855062961578,0.967391312122345,1,1,24,1.03999996185303,9.35999965667725
04,2008-04-23,52050040,40,Definitivo,SANDONA [52050040],Pluviométrica,Convencional,Activa,Nariño,Sandoná,1.3223,-77.4792,20,9/15/1963,,Cudayari,Pacifico,Patía,Río Guáitara,2008,23,Andes,Definitivo,40,40,0,7.9060845375061,7.9060845375061,23.7612895965576,5.48273611068726,9.42832374572754,3.93818187713623,4.62545442581177,5,5,0.789855062961578,0.967391312122345,1,1,23,1.03999996185303,41.5999984741211
04,2008-04-24,52050040,12,Definitivo,SANDONA [52050040],Pluviométrica,Convencional,Activa,Nariño,Sandoná,1.3223,-77.4792,20,9/15/1963,,Cudayari,Pacifico,Patía,Río Guáitara,2008,24,Andes,Definitivo,12,12,0,6.86961650848389,6.86961650848389,0,7.97900581359863,6.26340293884277,3.93818187713623,4.62545442581177,5,5,0.789855062961578,0.967391312122345,1,1,23,1.03999996185303,12.4799995422363
04,2007-04-19,52050040,8,Definitivo,SANDONA [52050040],Pluviométrica,Convencional,Activa,Nariño,Sandoná,1.3223,-77.4792,20,9/15/1963,,Cudayari,Pacifico,Patía,Río Guáitara,2007,19,Andes,Definitivo,8,8,0,2.5014328956604,2.5014328956604,34.7925491333008,18.5040168762207,27.4558906555176,3.93818187713623,4.62545442581177,5,5,0.789855062961578,0.967391312122345,1,1,22,1.03999996185303,8.31999969482422
04,2007-04-20,52050040,37,Definitivo,SANDONA [52050040],Pluviométrica,Convencional,Activa,Nariño,Sandoná,1.3223,-77.4792,20,9/15/1963,,Cudayari,Pacifico,Patía,Río Guáitara,2007,20,Andes,Definitivo,37,37,0,10.7521266937256,10.7521266937256,8.6981372833252,9.54002380371094,9.69226932525635,3.93818187713623,4.62545442581177,5,5,0.789855062961578,0.967391312122345,1,1,22,1.03999996185303,38.479998588562
04,2018-04-28,52050040,6,Definitivo,SANDONA [52050040],Pluviométrica,Convencional,Activa,Nariño,Sandoná,1.3223,-77.4792,20,9/15/1963,,Cudayari,Pacifico,Patía,Río Guáitara,2018,28,Andes,Definitivo,6,6,0,1.89464640617371,1.89464640617371,0,3.07661056518555,0,3.93818187713623,4.62545442581177,5,5,0.789855062961578,0.967391312122345,1,1,24,1.03999996185303,6.23999977111816
04,2020-04-28,52050040,,"",SANDONA [52050040],Pluviométrica,Convencional,Activa,Nariño,Sandoná,1.3223,-77.4792,20,9/15/1963,,Cudayari,Pacifico,Patía,Río Guáitara,2020,28,Andes,Preliminar,0,0,0,7.59761238098145,7.59761238098145,0,4.97036361694336,0.329326719045639,3.93818187713623,4.62545442581177,5,5,0.789855062961578,0.967391312122345,1,1,24,1.03999996185303,0
04,2022-04-30,52050040,,"",SANDONA [52050040],Pluviométrica,Convencional,Activa,Nariño,Sandoná,1.3223,-77.4792,20,9/15/1963,,Cudayari,Pacifico,Patía,Río Guáitara,2022,30,Andes,Preliminar,0,0,0,3.44868206977844,3.44868206977844,0,2.49011969566345,0.988300502300262,3.93818187713623,4.62545442581177,5,5,0.789855062961578,0.967391312122345,1,1,24,1.03999996185303,0
04,2009-04-11,52050040,3,Definitivo,SANDONA [52050040],Pluviométrica,Convencional,Activa,Nariño,Sandoná,1.3223,-77.4792,20,9/15/1963,,Cudayari,Pacifico,Patía,Río Guáitara,2009,11,Andes,Definitivo,3,3,0,6.30126667022705,6.30126667022705,12.527551651001,9.67409992218018,3.02241659164429,3.93818187713623,4.62545442581177,5,5,0.789855062961578,0.967391312122345,1,1,21,1.03999996185303,3.11999988555908
04,2008-04-21,52050040,20,Definitivo,SANDONA [52050040],Pluviométrica,Convencional,Activa,Nariño,Sandoná,1.3223,-77.4792,20,9/15/1963,,Cudayari,Pacifico,Patía,Río Guáitara,2008,21,Andes,Definitivo,20,20,0,2.74784660339355,2.74784660339355,0,15.4314613342285,6.73451614379883,3.93818187713623,4.62545442581177,5,5,0.789855062961578,0.967391312122345,1,1,23,1.03999996185303,20.7999992370605
04,2007-04-25,52050040,4,Definitivo,SANDONA [52050040],Pluviométrica,Convencional,Activa,Nariño,Sandoná,1.3223,-77.4792,20,9/15/1963,,Cudayari,Pacifico,Patía,Río Guáitara,2007,25,Andes,Definitivo,4,4,0,7.52594327926636,7.52594327926636,16.7912006378174,13.2586622238159,15.9217529296875,3.93818187713623,4.62545442581177,5,5,0.789855062961578,0.967391312122345,1,1,23,1.03999996185303,4.15999984741211
04,2013-04-27,52050040,,"",SANDONA [52050040],Pluviométrica,Convencional,Activa,Nariño,Sandoná,1.3223,-77.4792,20,9/15/1963,,Cudayari,Pacifico,Patía,Río Guáitara,2013,27,Andes,Preliminar,0,0,0,4.50011682510376,4.50011682510376,0,4.02017068862915,0.0163910575211048,3.93818187713623,4.62545442581177,5,5,0.789855062961578,0.967391312122345,1,1,24,1.03999996185303,0
04,2011-04-27,52050040,,"",SANDONA [52050040],Pluviométrica,Convencional,Activa,Nariño,Sandoná,1.3223,-77.4792,20,9/15/1963,,Cudayari,Pacifico,Patía,Río Guáitara,2011,27,Andes,Preliminar,0,0,0,24.3535823822022,24.3535823822022,27.0932312011719,13.7058782577515,13.5343132019043,3.93818187713623,4.62545442581177,5,5,0.789855062961578,0.967391312122345,1,1,24,1.03999996185303,0
04,2010-04-17,52050040,23,Definitivo,SANDONA [52050040],Pluviométrica,Convencional,Activa,Nariño,Sandoná,1.3223,-77.4792,20,9/15/1963,,Cudayari,Pacifico,Patía,Río Guáitara,2010,17,Andes,Definitivo,23,23,0,4.72844362258911,4.72844362258911,0,8.60628890991211,11.344874382019,3.93818187713623,4.62545442581177,5,5,0.789855062961578,0.967391312122345,1,1,22,1.03999996185303,23.9199991226196
04,2004-04-25,52050040,,"",SANDONA [52050040],Pluviométrica,Convencional,Activa,Nariño,Sandoná,1.3223,-77.4792,20,9/15/1963,,Cudayari,Pacifico,Patía,Río Guáitara,2004,25,Andes,Preliminar,0,0,0,2.32030987739563,2.32030987739563,0,5.51792097091675,5.2461051940918,3.93818187713623,4.62545442581177,5,5,0.789855062961578,0.967391312122345,1,1,23,1.03999996185303,0
04,2004-04-26,52050040,,"",SANDONA [52050040],Pluviométrica,Convencional,Activa,Nariño,Sandoná,1.3223,-77.4792,20,9/15/1963,,Cudayari,Pacifico,Patía,Río Guáitara,2004,26,Andes,Preliminar,0,0,0,10.713342666626,10.713342666626,6.22243499755859,1.23111307621002,7.79903697967529,3.93818187713623,4.62545442581177,5,5,0.789855062961578,0.967391312122345,1,1,24,1.03999996185303,0
04,2010-04-25,52050040,5,Definitivo,SANDONA [52050040],Pluviométrica,Convencional,Activa,Nariño,Sandoná,1.3223,-77.4792,20,9/15/1963,,Cudayari,Pacifico,Patía,Río Guáitara,2010,25,Andes,Definitivo,5,5,0,5.50186777114868,5.50186777114868,0,4.73325395584106,8.46367168426514,3.93818187713623,4.62545442581177,5,5,0.789855062961578,0.967391312122345,1,1,23,1.03999996185303,5.19999980926514
04,2014-04-26,52050040,19,Definitivo,SANDONA [52050040],Pluviométrica,Convencional,Activa,Nariño,Sandoná,1.3223,-77.4792,20,9/15/1963,,Cudayari,Pacifico,Patía,Río Guáitara,2014,26,Andes,Definitivo,19,19,0,2.10747623443604,2.10747623443604,14.3162565231323,7.18348121643066,1.01800000667572,3.93818187713623,4.62545442581177,5,5,0.789855062961578,0.967391312122345,1,1,24,1.03999996185303,19.7599992752075
04,2009-04-14,52050040,,"",SANDONA [52050040],Pluviométrica,Convencional,Activa,Nariño,Sandoná,1.3223,-77.4792,20,9/15/1963,,Cudayari,Pacifico,Patía,Río Guáitara,2009,14,Andes,Preliminar,0,0,0,12.8202362060547,12.8202362060547,0,6.65647888183594,5.11204242706299,3.93818187713623,4.62545442581177,5,5,0.789855062961578,0.967391312122345,1,1,21,1.03999996185303,0
04,2005-04-14,52050040,,"",SANDONA [52050040],Pluviométrica,Convencional,Activa,Nariño,Sandoná,1.3223,-77.4792,20,9/15/1963,,Cudayari,Pacifico,Patía,Río Guáitara,2005,14,Andes,Preliminar,0,0,0,2.17613673210144,2.17613673210144,6.3759913444519,1.10636258125305,7.77365493774414,3.93818187713623,4.62545442581177,5,5,0.789855062961578,0.967391312122345,1,1,21,1.03999996185303,0
04,2004-04-11,52050040,,"",SANDONA [52050040],Pluviométrica,Convencional,Activa,Nariño,Sandoná,1.3223,-77.4792,20,9/15/1963,,Cudayari,Pacifico,Patía,Río Guáitara,2004,11,Andes,Preliminar,0,0,0,9.77082252502441,9.77082252502441,0,13.288631439209,3.28797388076782,3.93818187713623,4.62545442581177,5,5,0.789855062961578,0.967391312122345,1,1,21,1.03999996185303,0
04,2007-04-10,52050040,38,Definitivo,SANDONA [52050040],Pluviométrica,Convencional,Activa,Nariño,Sandoná,1.3223,-77.4792,20,9/15/1963,,Cudayari,Pacifico,Patía,Río Guáitara,2007,10,Andes,Definitivo,38,38,0,1.0859512090683,1.0859512090683,0,6.59419107437134,17.8670349121094,3.93818187713623,4.62545442581177,5,5,0.789855062961578,0.967391312122345,1,1,20,1.03999996185303,39.519998550415
04,2011-04-12,52050040,2,Definitivo,SANDONA [52050040],Pluviométrica,Convencional,Activa,Nariño,Sandoná,1.3223,-77.4792,20,9/15/1963,,Cudayari,Pacifico,Patía,Río Guáitara,2011,12,Andes,Definitivo,2,2,0,4.29010629653931,4.29010629653931,0,6.26857376098633,0.170327514410019,3.93818187713623,4.62545442581177,5,5,0.789855062961578,0.967391312122345,1,1,21,1.03999996185303,2.07999992370605
04,2009-04-18,52050040,6,Definitivo,SANDONA [52050040],Pluviométrica,Convencional,Activa,Nariño,Sandoná,1.3223,-77.4792,20,9/15/1963,,Cudayari,Pacifico,Patía,Río Guáitara,2009,18,Andes,Definitivo,6,6,0,1.10407173633575,1.10407173633575,0,0,0,3.93818187713623,4.62545442581177,5,5,0.789855062961578,0.967391312122345,1,1,22,1.03999996185303,6.23999977111816
04,2010-04-23,52050040,,"",SANDONA [52050040],Pluviométrica,Convencional,Activa,Nariño,Sandoná,1.3223,-77.4792,20,9/15/1963,,Cudayari,Pacifico,Patía,Río Guáitara,2010,23,Andes,Preliminar,0,0,0,2.24929308891296,2.24929308891296,0,0.54777204990387,0.0440639704465866,3.93818187713623,4.62545442581177,5,5,0.789855062961578,0.967391312122345,1,1,23,1.03999996185303,0
04,2007-04-29,52050040,2,Definitivo,SANDONA [52050040],Pluviométrica,Convencional,Activa,Nariño,Sandoná,1.3223,-77.4792,20,9/15/1963,,Cudayari,Pacifico,Patía,Río Guáitara,2007,29,Andes,Definitivo,2,2,0,0.169457510113716,0.169457510113716,12.0962324142456,5.4688081741333,11.0720872879028,3.93818187713623,4.62545442581177,5,5,0.789855062961578,0.967391312122345,1,1,24,1.03999996185303,2.07999992370605
04,2005-04-28,52050040,3,Definitivo,SANDONA [52050040],Pluviométrica,Convencional,Activa,Nariño,Sandoná,1.3223,-77.4792,20,9/15/1963,,Cudayari,Pacifico,Patía,Río Guáitara,2005,28,Andes,Definitivo,3,3,0,6.02719354629517,6.02719354629517,0,4.45759582519531,0.0445989221334457,3.93818187713623,4.62545442581177,5,5,0.789855062961578,0.967391312122345,1,1,24,1.03999996185303,3.11999988555908
04,2011-04-14,52050040,22,Definitivo,SANDONA [52050040],Pluviométrica,Convencional,Activa,Nariño,Sandoná,1.3223,-77.4792,20,9/15/1963,,Cudayari,Pacifico,Patía,Río Guáitara,2011,14,Andes,Definitivo,22,22,0,7.7606143951416,7.7606143951416,0,3.12456607818604,5.79113483428955,3.93818187713623,4.62545442581177,5,5,0.789855062961578,0.967391312122345,1,1,21,1.03999996185303,22.8799991607666
04,2009-04-20,52050040,,"",SANDONA [52050040],Pluviométrica,Convencional,Activa,Nariño,Sandoná,1.3223,-77.4792,20,9/15/1963,,Cudayari,Pacifico,Patía,Río Guáitara,2009,20,Andes,Preliminar,0,0,0,1.23789858818054,1.23789858818054,0,0,0,3.93818187713623,4.62545442581177,5,5,0.789855062961578,0.967391312122345,1,1,22,1.03999996185303,0
04,2006-04-21,52050040,,"",SANDONA [52050040],Pluviométrica,Convencional,Activa,Nariño,Sandoná,1.3223,-77.4792,20,9/15/1963,,Cudayari,Pacifico,Patía,Río Guáitara,2006,21,Andes,Preliminar,0,0,0,2.79899525642395,2.79899525642395,0,0.295337975025177,1.15372908115387,3.93818187713623,4.62545442581177,5,5,0.789855062961578,0.967391312122345,1,1,23,1.03999996185303,0
04,2008-04-15,52050040,1,Definitivo,SANDONA [52050040],Pluviométrica,Convencional,Activa,Nariño,Sandoná,1.3223,-77.4792,20,9/15/1963,,Cudayari,Pacifico,Patía,Río Guáitara,2008,15,Andes,Definitivo,1,1,0,5.81385803222656,5.81385803222656,15.9744529724121,20.0143718719482,4.63237380981445,3.93818187713623,4.62545442581177,5,5,0.789855062961578,0.967391312122345,1,1,21,1.03999996185303,1.03999996185303
04,2014-04-27,52050040,,"",SANDONA [52050040],Pluviométrica,Convencional,Activa,Nariño,Sandoná,1.3223,-77.4792,20,9/15/1963,,Cudayari,Pacifico,Patía,Río Guáitara,2014,27,Andes,Preliminar,0,0,0,1.93253087997437,1.93253087997437,0,10.2698554992676,17.6478099822998,3.93818187713623,4.62545442581177,5,5,0.789855062961578,0.967391312122345,1,1,24,1.03999996185303,0
04,2016-04-27,52050040,13,Definitivo,SANDONA [52050040],Pluviométrica,Convencional,Activa,Nariño,Sandoná,1.3223,-77.4792,20,9/15/1963,,Cudayari,Pacifico,Patía,Río Guáitara,2016,27,Andes,Definitivo,13,13,0,10.1084766387939,10.1084766387939,27.8854942321777,13.6782283782959,11.13649559021,3.93818187713623,4.62545442581177,5,5,0.789855062961578,0.967391312122345,1,1,24,1.03999996185303,13.5199995040894
04,2019-04-26,52050040,3,Definitivo,SANDONA [52050040],Pluviométrica,Convencional,Activa,Nariño,Sandoná,1.3223,-77.4792,20,9/15/1963,,Cudayari,Pacifico,Patía,Río Guáitara,2019,26,Andes,Definitivo,3,3,0,10.8726844787598,10.8726844787598,0,2.20974946022034,0,3.93818187713623,4.62545442581177,5,5,0.789855062961578,0.967391312122345,1,1,24,1.03999996185303,3.11999988555908
04,2020-04-29,52050040,7,En revisión,SANDONA [52050040],Pluviométrica,Convencional,Activa,Nariño,Sandoná,1.3223,-77.4792,20,9/15/1963,,Cudayari,Pacifico,Patía,Río Guáitara,2020,29,Andes,En revisión,7,7,0,5.54602479934692,5.54602479934692,18.150276184082,6.45917367935181,1.04443609714508,3.93818187713623,4.62545442581177,5,5,0.789855062961578,0.967391312122345,1,1,24,1.03999996185303,7.27999973297119
04,2007-04-11,52050040,2,Definitivo,SANDONA [52050040],Pluviométrica,Convencional,Activa,Nariño,Sandoná,1.3223,-77.4792,20,9/15/1963,,Cudayari,Pacifico,Patía,Río Guáitara,2007,11,Andes,Definitivo,2,2,0,6.97041320800781,6.97041320800781,12.2821407318115,4.63810682296753,18.0952892303467,3.93818187713623,4.62545442581177,5,5,0.789855062961578,0.967391312122345,1,1,21,1.03999996185303,2.07999992370605
04,2010-04-09,52050040,30,Definitivo,SANDONA [52050040],Pluviométrica,Convencional,Activa,Nariño,Sandoná,1.3223,-77.4792,20,9/15/1963,,Cudayari,Pacifico,Patía,Río Guáitara,2010,09,Andes,Definitivo,30,30,0,5.2054762840271,5.2054762840271,22.0525817871094,6.1803822517395,12.0852088928223,3.93818187713623,4.62545442581177,5,5,0.789855062961578,0.967391312122345,1,1,20,1.03999996185303,31.1999988555908
04,2009-04-19,52050040,,"",SANDONA [52050040],Pluviométrica,Convencional,Activa,Nariño,Sandoná,1.3223,-77.4792,20,9/15/1963,,Cudayari,Pacifico,Patía,Río Guáitara,2009,19,Andes,Preliminar,0,0,0,2.87727785110474,2.87727785110474,0,0,0,3.93818187713623,4.62545442581177,5,5,0.789855062961578,0.967391312122345,1,1,22,1.03999996185303,0
04,2008-04-22,52050040,,"",SANDONA [52050040],Pluviométrica,Convencional,Activa,Nariño,Sandoná,1.3223,-77.4792,20,9/15/1963,,Cudayari,Pacifico,Patía,Río Guáitara,2008,22,Andes,Preliminar,0,0,0,2.4947555065155,2.4947555065155,23.7612895965576,10.8379983901978,1.02678728103638,3.93818187713623,4.62545442581177,5,5,0.789855062961578,0.967391312122345,1,1,23,1.03999996185303,0
04,2012-04-10,52050040,0,Definitivo,SANDONA [52050040],Pluviométrica,Convencional,Activa,Nariño,Sandoná,1.3223,-77.4792,20,9/15/1963,,Cudayari,Pacifico,Patía,Río Guáitara,2012,10,Andes,Definitivo,0,0,0,2.4417667388916,2.4417667388916,12.3495769500732,6.18190717697144,2.00435638427734,3.93818187713623,4.62545442581177,5,5,0.789855062961578,0.967391312122345,1,1,20,1.03999996185303,0
04,2003-04-28,52050040,,"",SANDONA [52050040],Pluviométrica,Convencional,Activa,Nariño,Sandoná,1.3223,-77.4792,20,9/15/1963,,Cudayari,Pacifico,Patía,Río Guáitara,2003,28,Andes,Preliminar,0,0,0,1.19640398025513,1.19640398025513,0,1.2737934589386,0,3.93818187713623,4.62545442581177,5,5,0.789855062961578,0.967391312122345,1,1,24,1.03999996185303,0
04,2005-04-22,52050040,23,Definitivo,SANDONA [52050040],Pluviométrica,Convencional,Activa,Nariño,Sandoná,1.3223,-77.4792,20,9/15/1963,,Cudayari,Pacifico,Patía,Río Guáitara,2005,22,Andes,Definitivo,23,23,0,13.2188129425049,13.2188129425049,0,12.2413415908813,1.37429594993591,3.93818187713623,4.62545442581177,5,5,0.789855062961578,0.967391312122345,1,1,23,1.03999996185303,23.9199991226196
04,2009-04-21,52050040,15,Definitivo,SANDONA [52050040],Pluviométrica,Convencional,Activa,Nariño,Sandoná,1.3223,-77.4792,20,9/15/1963,,Cudayari,Pacifico,Patía,Río Guáitara,2009,21,Andes,Definitivo,15,15,0,2.16966843605042,2.16966843605042,12.8573808670044,4.03987216949463,0.569004714488983,3.93818187713623,4.62545442581177,5,5,0.789855062961578,0.967391312122345,1,1,23,1.03999996185303,15.5999994277954
04,2009-04-22,52050040,6,Definitivo,SANDONA [52050040],Pluviométrica,Convencional,Activa,Nariño,Sandoná,1.3223,-77.4792,20,9/15/1963,,Cudayari,Pacifico,Patía,Río Guáitara,2009,22,Andes,Definitivo,6,6,0,10.0686178207397,10.0686178207397,0,1.35252964496613,9.02096271514893,3.93818187713623,4.62545442581177,5,5,0.789855062961578,0.967391312122345,1,1,23,1.03999996185303,6.23999977111816
04,2008-04-16,52050040,,"",SANDONA [52050040],Pluviométrica,Convencional,Activa,Nariño,Sandoná,1.3223,-77.4792,20,9/15/1963,,Cudayari,Pacifico,Patía,Río Guáitara,2008,16,Andes,Preliminar,0,0,0,1.32595729827881,1.32595729827881,0,0.538625776767731,3.36855697631836,3.93818187713623,4.62545442581177,5,5,0.789855062961578,0.967391312122345,1,1,22,1.03999996185303,0
04,2007-04-14,52050040,3,Definitivo,SANDONA [52050040],Pluviométrica,Convencional,Activa,Nariño,Sandoná,1.3223,-77.4792,20,9/15/1963,,Cudayari,Pacifico,Patía,Río Guáitara,2007,14,Andes,Definitivo,3,3,0,5.41210079193115,5.41210079193115,6.14107036590576,8.49794769287109,1.13318407535553,3.93818187713623,4.62545442581177,5,5,0.789855062961578,0.967391312122345,1,1,21,1.03999996185303,3.11999988555908
04,2006-04-11,52050040,,"",SANDONA [52050040],Pluviométrica,Convencional,Activa,Nariño,Sandoná,1.3223,-77.4792,20,9/15/1963,,Cudayari,Pacifico,Patía,Río Guáitara,2006,11,Andes,Preliminar,0,0,0,10.3561697006226,10.3561697006226,14.3172435760498,11.547173500061,0.0122413737699389,3.93818187713623,4.62545442581177,5,5,0.789855062961578,0.967391312122345,1,1,21,1.03999996185303,0
04,2006-04-10,52050040,,"",SANDONA [52050040],Pluviométrica,Convencional,Activa,Nariño,Sandoná,1.3223,-77.4792,20,9/15/1963,,Cudayari,Pacifico,Patía,Río Guáitara,2006,10,Andes,Preliminar,0,0,0,5.36701726913452,5.36701726913452,20.0063934326172,3.35256886482239,3.04555130004883,3.93818187713623,4.62545442581177,5,5,0.789855062961578,0.967391312122345,1,1,20,1.03999996185303,0
04,2020-04-30,52050040,7,En revisión,SANDONA [52050040],Pluviométrica,Convencional,Activa,Nariño,Sandoná,1.3223,-77.4792,20,9/15/1963,,Cudayari,Pacifico,Patía,Río Guáitara,2020,30,Andes,En revisión,7,7,0,4.97894430160523,4.97894430160523,0,6.12081718444824,0.410246968269348,3.93818187713623,4.62545442581177,5,5,0.789855062961578,0.967391312122345,1,1,24,1.03999996185303,7.27999973297119
04,2023-04-30,52050040,13,En revisión,SANDONA [52050040],Pluviométrica,Convencional,Activa,Nariño,Sandoná,1.3223,-77.4792,20,9/15/1963,,Cudayari,Pacifico,Patía,Río Guáitara,2023,30,Andes,En revisión,13,13,0,1.63942790031433,1.63942790031433,0,6.34741067886353,0.244651034474373,3.93818187713623,4.62545442581177,5,5,0.789855062961578,0.967391312122345,1,1,24,1.03999996185303,13.5199995040894
04,2011-04-13,52050040,,"",SANDONA [52050040],Pluviométrica,Convencional,Activa,Nariño,Sandoná,1.3223,-77.4792,20,9/15/1963,,Cudayari,Pacifico,Patía,Río Guáitara,2011,13,Andes,Preliminar,0,0,0,5.94702959060669,5.94702959060669,19.8955574035645,4.63356971740723,3.21067333221436,3.93818187713623,4.62545442581177,5,5,0.789855062961578,0.967391312122345,1,1,21,1.03999996185303,0
04,2010-04-16,52050040,,"",SANDONA [52050040],Pluviométrica,Convencional,Activa,Nariño,Sandoná,1.3223,-77.4792,20,9/15/1963,,Cudayari,Pacifico,Patía,Río Guáitara,2010,16,Andes,Preliminar,1,1,0,3.49150395393372,3.49150395393372,10.4434108734131,5.47663640975952,3.52220678329468,3.93818187713623,4.62545442581177,5,5,0.789855062961578,0.967391312122345,1,1,22,1.03999996185303,1.03999996185303
04,2004-04-30,52050040,2,Definitivo,SANDONA [52050040],Pluviométrica,Convencional,Activa,Nariño,Sandoná,1.3223,-77.4792,20,9/15/1963,,Cudayari,Pacifico,Patía,Río Guáitara,2004,30,Andes,Definitivo,2,2,0,3.58853459358215,3.58853459358215,3.1112174987793,2.19896721839905,2.37499380111694,3.93818187713623,4.62545442581177,5,5,0.789855062961578,0.967391312122345,1,1,24,1.03999996185303,2.07999992370605
04,2010-04-10,52050040,4,Definitivo,SANDONA [52050040],Pluviométrica,Convencional,Activa,Nariño,Sandoná,1.3223,-77.4792,20,9/15/1963,,Cudayari,Pacifico,Patía,Río Guáitara,2010,10,Andes,Definitivo,4,4,0,10.4109525680542,10.4109525680542,0,5.61473321914673,6.79059743881226,3.93818187713623,4.62545442581177,5,5,0.789855062961578,0.967391312122345,1,1,20,1.03999996185303,4.15999984741211
04,2010-04-11,52050040,46,Definitivo,SANDONA [52050040],Pluviométrica,Convencional,Activa,Nariño,Sandoná,1.3223,-77.4792,20,9/15/1963,,Cudayari,Pacifico,Patía,Río Guáitara,2010,11,Andes,Definitivo,46,46,0,10.1762561798096,10.1762561798096,8.22706031799316,7.81190538406372,2.57377815246582,3.93818187713623,4.62545442581177,5,5,0.789855062961578,0.967391312122345,1,1,21,1.03999996185303,47.8399982452393
04,2005-04-23,52050040,0,Definitivo,SANDONA [52050040],Pluviométrica,Convencional,Activa,Nariño,Sandoná,1.3223,-77.4792,20,9/15/1963,,Cudayari,Pacifico,Patía,Río Guáitara,2005,23,Andes,Definitivo,0,0,0,6.78925323486328,6.78925323486328,0,5.5763111114502,5.5396876335144,3.93818187713623,4.62545442581177,5,5,0.789855062961578,0.967391312122345,1,1,23,1.03999996185303,0
04,2007-04-18,52050040,6,Definitivo,SANDONA [52050040],Pluviométrica,Convencional,Activa,Nariño,Sandoná,1.3223,-77.4792,20,9/15/1963,,Cudayari,Pacifico,Patía,Río Guáitara,2007,18,Andes,Definitivo,6,6,0,3.0662727355957,3.0662727355957,0,6.8810338973999,0.0249372292309999,3.93818187713623,4.62545442581177,5,5,0.789855062961578,0.967391312122345,1,1,22,1.03999996185303,6.23999977111816
04,2013-04-23,52050040,,"",SANDONA [52050040],Pluviométrica,Convencional,Activa,Nariño,Sandoná,1.3223,-77.4792,20,9/15/1963,,Cudayari,Pacifico,Patía,Río Guáitara,2013,23,Andes,Preliminar,0,0,0,6.10226488113403,6.10226488113403,0,8.29920482635498,0.00171879155095667,3.93818187713623,4.62545442581177,5,5,0.789855062961578,0.967391312122345,1,1,23,1.03999996185303,0
04,2012-04-26,52050040,1,Definitivo,SANDONA [52050040],Pluviométrica,Convencional,Activa,Nariño,Sandoná,1.3223,-77.4792,20,9/15/1963,,Cudayari,Pacifico,Patía,Río Guáitara,2012,26,Andes,Definitivo,1,1,0,3.43019032478333,3.43019032478333,0,8.21925830841065,2.96879959106445,3.93818187713623,4.62545442581177,5,5,0.789855062961578,0.967391312122345,1,1,24,1.03999996185303,1.03999996185303
04,2012-04-27,52050040,,"",SANDONA [52050040],Pluviométrica,Convencional,Activa,Nariño,Sandoná,1.3223,-77.4792,20,9/15/1963,,Cudayari,Pacifico,Patía,Río Guáitara,2012,27,Andes,Preliminar,2,2,0,5.69941520690918,5.69941520690918,0,5.68139553070068,0.021797351539135,3.93818187713623,4.62545442581177,5,5,0.789855062961578,0.967391312122345,1,1,24,1.03999996185303,2.07999992370605
04,2017-04-25,52050040,2,Definitivo,SANDONA [52050040],Pluviométrica,Convencional,Activa,Nariño,Sandoná,1.3223,-77.4792,20,9/15/1963,,Cudayari,Pacifico,Patía,Río Guáitara,2017,25,Andes,Definitivo,2,2,0,7.17518854141235,7.17518854141235,26.0811805725098,15.6753044128418,24.5775260925293,3.93818187713623,4.62545442581177,5,5,0.789855062961578,0.967391312122345,1,1,23,1.03999996185303,2.07999992370605
04,2005-04-09,52050040,3,Definitivo,SANDONA [52050040],Pluviométrica,Convencional,Activa,Nariño,Sandoná,1.3223,-77.4792,20,9/15/1963,,Cudayari,Pacifico,Patía,Río Guáitara,2005,09,Andes,Definitivo,3,3,0,4.00699043273926,4.00699043273926,0,0.842902958393097,0.439734756946564,3.93818187713623,4.62545442581177,5,5,0.789855062961578,0.967391312122345,1,1,20,1.03999996185303,3.11999988555908
04,2005-04-10,52050040,,"",SANDONA [52050040],Pluviométrica,Convencional,Activa,Nariño,Sandoná,1.3223,-77.4792,20,9/15/1963,,Cudayari,Pacifico,Patía,Río Guáitara,2005,10,Andes,Preliminar,0,0,0,1.33566343784332,1.33566343784332,0,0.51825076341629,0.679291665554047,3.93818187713623,4.62545442581177,5,5,0.789855062961578,0.967391312122345,1,1,20,1.03999996185303,0
04,2005-04-11,52050040,,"",SANDONA [52050040],Pluviométrica,Convencional,Activa,Nariño,Sandoná,1.3223,-77.4792,20,9/15/1963,,Cudayari,Pacifico,Patía,Río Guáitara,2005,11,Andes,Preliminar,0,0,0,14.1045904159546,14.1045904159546,0,1.77839922904968,0.914427936077118,3.93818187713623,4.62545442581177,5,5,0.789855062961578,0.967391312122345,1,1,21,1.03999996185303,0
04,2012-04-09,52050040,,"",SANDONA [52050040],Pluviométrica,Convencional,Activa,Nariño,Sandoná,1.3223,-77.4792,20,9/15/1963,,Cudayari,Pacifico,Patía,Río Guáitara,2012,09,Andes,Preliminar,12,12,0,3.25538682937622,3.25538682937622,0,7.1024374961853,0.770242393016815,3.93818187713623,4.62545442581177,5,5,0.789855062961578,0.967391312122345,1,1,20,1.03999996185303,12.4799995422363
04,2008-04-09,52050040,0,Definitivo,SANDONA [52050040],Pluviométrica,Convencional,Activa,Nariño,Sandoná,1.3223,-77.4792,20,9/15/1963,,Cudayari,Pacifico,Patía,Río Guáitara,2008,09,Andes,Definitivo,0,0,0,4.48142623901367,4.48142623901367,0,5.4697060585022,2.45277547836304,3.93818187713623,4.62545442581177,5,5,0.789855062961578,0.967391312122345,1,1,20,1.03999996185303,0
04,2023-04-27,52050040,0,En revisión,SANDONA [52050040],Pluviométrica,Convencional,Activa,Nariño,Sandoná,1.3223,-77.4792,20,9/15/1963,,Cudayari,Pacifico,Patía,Río Guáitara,2023,27,Andes,En revisión,0,0,0,5.49767351150513,5.49767351150513,0,5.77414608001709,6.30220985412598,3.93818187713623,4.62545442581177,5,5,0.789855062961578,0.967391312122345,1,1,24,1.03999996185303,0
04,2023-04-28,52050040,8,En revisión,SANDONA [52050040],Pluviométrica,Convencional,Activa,Nariño,Sandoná,1.3223,-77.4792,20,9/15/1963,,Cudayari,Pacifico,Patía,Río Guáitara,2023,28,Andes,En revisión,8,8,0,1.15896821022034,1.15896821022034,30.9029102325439,9.29368209838867,5.84226560592651,3.93818187713623,4.62545442581177,5,5,0.789855062961578,0.967391312122345,1,1,24,1.03999996185303,8.31999969482422
04,2011-04-15,52050040,4,Definitivo,SANDONA [52050040],Pluviométrica,Convencional,Activa,Nariño,Sandoná,1.3223,-77.4792,20,9/15/1963,,Cudayari,Pacifico,Patía,Río Guáitara,2011,15,Andes,Definitivo,4,4,0,11.5339374542236,11.5339374542236,19.8955574035645,8.75748920440674,12.78648853302,3.93818187713623,4.62545442581177,5,5,0.789855062961578,0.967391312122345,1,1,21,1.03999996185303,4.15999984741211
04,2010-04-18,52050040,5,Definitivo,SANDONA [52050040],Pluviométrica,Convencional,Activa,Nariño,Sandoná,1.3223,-77.4792,20,9/15/1963,,Cudayari,Pacifico,Patía,Río Guáitara,2010,18,Andes,Definitivo,5,5,0,3.47395873069763,3.47395873069763,10.4434108734131,4.51526403427124,8.20377349853516,3.93818187713623,4.62545442581177,5,5,0.789855062961578,0.967391312122345,1,1,22,1.03999996185303,5.19999980926514
04,2009-04-12,52050040,0,Definitivo,SANDONA [52050040],Pluviométrica,Convencional,Activa,Nariño,Sandoná,1.3223,-77.4792,20,9/15/1963,,Cudayari,Pacifico,Patía,Río Guáitara,2009,12,Andes,Definitivo,0,0,0,4.32985353469849,4.32985353469849,18.7913284301758,9.85944938659668,13.30251121521,3.93818187713623,4.62545442581177,5,5,0.789855062961578,0.967391312122345,1,1,21,1.03999996185303,0
04,2009-04-13,52050040,,"",SANDONA [52050040],Pluviométrica,Convencional,Activa,Nariño,Sandoná,1.3223,-77.4792,20,9/15/1963,,Cudayari,Pacifico,Patía,Río Guáitara,2009,13,Andes,Preliminar,0,0,0,16.5453605651855,16.5453605651855,6.26377582550049,6.78038120269775,4.67903709411621,3.93818187713623,4.62545442581177,5,5,0.789855062961578,0.967391312122345,1,1,21,1.03999996185303,0
04,2005-04-13,52050040,,"",SANDONA [52050040],Pluviométrica,Convencional,Activa,Nariño,Sandoná,1.3223,-77.4792,20,9/15/1963,,Cudayari,Pacifico,Patía,Río Guáitara,2005,13,Andes,Preliminar,0,0,0,0.53731769323349,0.53731769323349,0,4.46448564529419,1.05495250225067,3.93818187713623,4.62545442581177,5,5,0.789855062961578,0.967391312122345,1,1,21,1.03999996185303,0
04,2005-04-12,52050040,,"",SANDONA [52050040],Pluviométrica,Convencional,Activa,Nariño,Sandoná,1.3223,-77.4792,20,9/15/1963,,Cudayari,Pacifico,Patía,Río Guáitara,2005,12,Andes,Preliminar,0,0,0,3.54629683494568,3.54629683494568,3.18799567222595,4.68516969680786,0.00610976293683052,3.93818187713623,4.62545442581177,5,5,0.789855062961578,0.967391312122345,1,1,21,1.03999996185303,0
04,2018-04-29,52050040,30,Definitivo,SANDONA [52050040],Pluviométrica,Convencional,Activa,Nariño,Sandoná,1.3223,-77.4792,20,9/15/1963,,Cudayari,Pacifico,Patía,Río Guáitara,2018,29,Andes,Definitivo,30,30,0,2.20213913917542,2.20213913917542,0,1.76844608783722,3.03163123130798,3.93818187713623,4.62545442581177,5,5,0.789855062961578,0.967391312122345,1,1,24,1.03999996185303,31.1999988555908
04,2018-04-30,52050040,15,Definitivo,SANDONA [52050040],Pluviométrica,Convencional,Activa,Nariño,Sandoná,1.3223,-77.4792,20,9/15/1963,,Cudayari,Pacifico,Patía,Río Guáitara,2018,30,Andes,Definitivo,15,15,0,2.29810428619385,2.29810428619385,12.5903539657593,2.04808902740479,9.4762601852417,3.93818187713623,4.62545442581177,5,5,0.789855062961578,0.967391312122345,1,1,24,1.03999996185303,15.5999994277954
04,2021-04-28,52050040,5,En revisión,SANDONA [52050040],Pluviométrica,Convencional,Activa,Nariño,Sandoná,1.3223,-77.4792,20,9/15/1963,,Cudayari,Pacifico,Patía,Río Guáitara,2021,28,Andes,En revisión,5,5,0,3.55239582061768,3.55239582061768,13.5125522613525,9.39343357086182,12.4693832397461,3.93818187713623,4.62545442581177,5,5,0.789855062961578,0.967391312122345,1,1,24,1.03999996185303,5.19999980926514
04,2021-04-30,52050040,3,En revisión,SANDONA [52050040],Pluviométrica,Convencional,Activa,Nariño,Sandoná,1.3223,-77.4792,20,9/15/1963,,Cudayari,Pacifico,Patía,Río Guáitara,2021,30,Andes,En revisión,3,3,0,6.16376781463623,6.16376781463623,13.5125522613525,9.15477561950684,22.3477535247803,3.93818187713623,4.62545442581177,5,5,0.789855062961578,0.967391312122345,1,1,24,1.03999996185303,3.11999988555908
04,2023-04-29,52050040,14,En revisión,SANDONA [52050040],Pluviométrica,Convencional,Activa,Nariño,Sandoná,1.3223,-77.4792,20,9/15/1963,,Cudayari,Pacifico,Patía,Río Guáitara,2023,29,Andes,En revisión,14,14,0,2.93174529075623,2.93174529075623,0,7.33032464981079,2.46608233451843,3.93818187713623,4.62545442581177,5,5,0.789855062961578,0.967391312122345,1,1,24,1.03999996185303,14.5599994659424
04,2002-04-30,52050040,,"",SANDONA [52050040],Pluviométrica,Convencional,Activa,Nariño,Sandoná,1.3223,-77.4792,20,9/15/1963,,Cudayari,Pacifico,Patía,Río Guáitara,2002,30,Andes,Preliminar,,,1,5.59830570220947,5.59830570220947,0,2.7601466178894,0.154734894633293,3.93818187713623,4.62545442581177,5,5,0.789855062961578,0.967391312122345,1,1,24,1.03999996185303,
04,2004-04-24,52050040,7,Definitivo,SANDONA [52050040],Pluviométrica,Convencional,Activa,Nariño,Sandoná,1.3223,-77.4792,20,9/15/1963,,Cudayari,Pacifico,Patía,Río Guáitara,2004,24,Andes,Definitivo,7,7,0,0.0575283505022526,0.0575283505022526,0,1.62278628349304,7.17688322067261,3.93818187713623,4.62545442581177,5,5,0.789855062961578,0.967391312122345,1,1,23,1.03999996185303,7.27999973297119
04,2006-04-19,52050040,1,Definitivo,SANDONA [52050040],Pluviométrica,Convencional,Activa,Nariño,Sandoná,1.3223,-77.4792,20,9/15/1963,,Cudayari,Pacifico,Patía,Río Guáitara,2006,19,Andes,Definitivo,1,1,0,4.98405742645264,4.98405742645264,4.48381090164185,7.02776908874512,0.688680171966553,3.93818187713623,4.62545442581177,5,5,0.789855062961578,0.967391312122345,1,1,22,1.03999996185303,1.03999996185303
04,2006-04-20,52050040,17,Definitivo,SANDONA [52050040],Pluviométrica,Convencional,Activa,Nariño,Sandoná,1.3223,-77.4792,20,9/15/1963,,Cudayari,Pacifico,Patía,Río Guáitara,2006,20,Andes,Definitivo,17,17,0,1.07963263988495,1.07963263988495,4.48381090164185,2.28953742980957,1.29633903503418,3.93818187713623,4.62545442581177,5,5,0.789855062961578,0.967391312122345,1,1,22,1.03999996185303,17.6799993515015
04,2010-04-19,52050040,11,Definitivo,SANDONA [52050040],Pluviométrica,Convencional,Activa,Nariño,Sandoná,1.3223,-77.4792,20,9/15/1963,,Cudayari,Pacifico,Patía,Río Guáitara,2010,19,Andes,Definitivo,11,11,0,5.947838306427,5.947838306427,10.4434108734131,3.90621995925903,2.15023136138916,3.93818187713623,4.62545442581177,5,5,0.789855062961578,0.967391312122345,1,1,22,1.03999996185303,11.4399995803833
04,2011-04-23,52050040,2,Definitivo,SANDONA [52050040],Pluviométrica,Convencional,Activa,Nariño,Sandoná,1.3223,-77.4792,20,9/15/1963,,Cudayari,Pacifico,Patía,Río Guáitara,2011,23,Andes,Definitivo,2,2,0,12.4921493530273,12.4921493530273,13.5952806472778,6.29273366928101,10.8596019744873,3.93818187713623,4.62545442581177,5,5,0.789855062961578,0.967391312122345,1,1,23,1.03999996185303,2.07999992370605
04,2011-04-24,52050040,46,Definitivo,SANDONA [52050040],Pluviométrica,Convencional,Activa,Nariño,Sandoná,1.3223,-77.4792,20,9/15/1963,,Cudayari,Pacifico,Patía,Río Guáitara,2011,24,Andes,Definitivo,46,46,0,1.52652776241303,1.52652776241303,13.5952806472778,9.05230617523193,7.19391250610352,3.93818187713623,4.62545442581177,5,5,0.789855062961578,0.967391312122345,1,1,23,1.03999996185303,47.8399982452393
04,2013-04-24,52050040,,"",SANDONA [52050040],Pluviométrica,Convencional,Activa,Nariño,Sandoná,1.3223,-77.4792,20,9/15/1963,,Cudayari,Pacifico,Patía,Río Guáitara,2013,24,Andes,Preliminar,0,0,0,1.05522084236145,1.05522084236145,14.8732061386108,1.18319821357727,0.708142042160034,3.93818187713623,4.62545442581177,5,5,0.789855062961578,0.967391312122345,1,1,23,1.03999996185303,0
04,2004-04-13,52050040,28,Definitivo,SANDONA [52050040],Pluviométrica,Convencional,Activa,Nariño,Sandoná,1.3223,-77.4792,20,9/15/1963,,Cudayari,Pacifico,Patía,Río Guáitara,2004,13,Andes,Definitivo,28,28,0,15.2279300689697,15.2279300689697,26.4167156219482,45.4373168945313,55.9006004333496,3.93818187713623,4.62545442581177,5,5,0.789855062961578,0.967391312122345,1,1,21,1.03999996185303,29.1199989318848
04,2004-04-10,52050040,,"",SANDONA [52050040],Pluviométrica,Convencional,Activa,Nariño,Sandoná,1.3223,-77.4792,20,9/15/1963,,Cudayari,Pacifico,Patía,Río Guáitara,2004,10,Andes,Preliminar,0,0,0,7.03348350524902,7.03348350524902,0,3.76840901374817,10.2236328125,3.93818187713623,4.62545442581177,5,5,0.789855062961578,0.967391312122345,1,1,20,1.03999996185303,0
04,2006-04-07,52050040,,"",SANDONA [52050040],Pluviométrica,Convencional,Activa,Nariño,Sandoná,1.3223,-77.4792,20,9/15/1963,,Cudayari,Pacifico,Patía,Río Guáitara,2006,07,Andes,Preliminar,1,1,0,7.96518564224243,7.96518564224243,11.6703958511353,11.0733423233032,22.3812637329102,3.93818187713623,4.62545442581177,5,5,0.789855062961578,0.967391312122345,1,1,20,1.03999996185303,1.03999996185303
04,2006-04-08,52050040,,"",SANDONA [52050040],Pluviométrica,Convencional,Activa,Nariño,Sandoná,1.3223,-77.4792,20,9/15/1963,,Cudayari,Pacifico,Patía,Río Guáitara,2006,08,Andes,Preliminar,0,0,0,12.535683631897,12.535683631897,0,6.31585073471069,0.900511980056763,3.93818187713623,4.62545442581177,5,5,0.789855062961578,0.967391312122345,1,1,20,1.03999996185303,0
04,2004-04-29,52050040,,"",SANDONA [52050040],Pluviométrica,Convencional,Activa,Nariño,Sandoná,1.3223,-77.4792,20,9/15/1963,,Cudayari,Pacifico,Patía,Río Guáitara,2004,29,Andes,Preliminar,0,0,0,1.16714477539063,1.16714477539063,0,0.83306872844696,0,3.93818187713623,4.62545442581177,5,5,0.789855062961578,0.967391312122345,1,1,24,1.03999996185303,0
04,2009-04-06,52050040,10,Definitivo,SANDONA [52050040],Pluviométrica,Convencional,Activa,Nariño,Sandoná,1.3223,-77.4792,20,9/15/1963,,Cudayari,Pacifico,Patía,Río Guáitara,2009,06,Andes,Definitivo,10,10,0,9.69712352752686,9.69712352752686,6.96387147903442,2.94460487365723,1.75593960285187,3.93818187713623,4.62545442581177,5,5,0.789855062961578,0.967391312122345,1,1,20,1.03999996185303,10.3999996185303
04,2009-04-07,52050040,20,Definitivo,SANDONA [52050040],Pluviométrica,Convencional,Activa,Nariño,Sandoná,1.3223,-77.4792,20,9/15/1963,,Cudayari,Pacifico,Patía,Río Guáitara,2009,07,Andes,Definitivo,20,20,0,4.01624727249146,4.01624727249146,0,3.44380521774292,1.62802398204803,3.93818187713623,4.62545442581177,5,5,0.789855062961578,0.967391312122345,1,1,20,1.03999996185303,20.7999992370605
04,2008-04-10,52050040,14,Definitivo,SANDONA [52050040],Pluviométrica,Convencional,Activa,Nariño,Sandoná,1.3223,-77.4792,20,9/15/1963,,Cudayari,Pacifico,Patía,Río Guáitara,2008,10,Andes,Definitivo,14,14,0,6.61844444274902,6.61844444274902,7.2213945388794,6.8315315246582,4.28332424163818,3.93818187713623,4.62545442581177,5,5,0.789855062961578,0.967391312122345,1,1,20,1.03999996185303,14.5599994659424
04,2012-04-11,52050040,0,Definitivo,SANDONA [52050040],Pluviométrica,Convencional,Activa,Nariño,Sandoná,1.3223,-77.4792,20,9/15/1963,,Cudayari,Pacifico,Patía,Río Guáitara,2012,11,Andes,Definitivo,0,0,0,2.56242871284485,2.56242871284485,10.2379684448242,5.77911758422852,0.556751728057861,3.93818187713623,4.62545442581177,5,5,0.789855062961578,0.967391312122345,1,1,21,1.03999996185303,0
04,2008-04-14,52050040,53,Definitivo,SANDONA [52050040],Pluviométrica,Convencional,Activa,Nariño,Sandoná,1.3223,-77.4792,20,9/15/1963,,Cudayari,Pacifico,Patía,Río Guáitara,2008,14,Andes,Definitivo,53,53,0,5.2496018409729,5.2496018409729,15.9744529724121,6.10335636138916,6.11734819412231,3.93818187713623,4.62545442581177,5,5,0.789855062961578,0.967391312122345,1,1,21,1.03999996185303,55.1199979782105
04,2005-04-16,52050040,,"",SANDONA [52050040],Pluviométrica,Convencional,Activa,Nariño,Sandoná,1.3223,-77.4792,20,9/15/1963,,Cudayari,Pacifico,Patía,Río Guáitara,2005,16,Andes,Preliminar,0,0,0,1.12640380859375,1.12640380859375,0,1.71798121929169,9.17770481109619,3.93818187713623,4.62545442581177,5,5,0.789855062961578,0.967391312122345,1,1,22,1.03999996185303,0
04,2007-04-13,52050040,14,Definitivo,SANDONA [52050040],Pluviométrica,Convencional,Activa,Nariño,Sandoná,1.3223,-77.4792,20,9/15/1963,,Cudayari,Pacifico,Patía,Río Guáitara,2007,13,Andes,Definitivo,14,14,0,2.30480861663818,2.30480861663818,0,2.16807389259338,2.11580538749695,3.93818187713623,4.62545442581177,5,5,0.789855062961578,0.967391312122345,1,1,21,1.03999996185303,14.5599994659424
04,2007-04-12,52050040,4,Definitivo,SANDONA [52050040],Pluviométrica,Convencional,Activa,Nariño,Sandoná,1.3223,-77.4792,20,9/15/1963,,Cudayari,Pacifico,Patía,Río Guáitara,2007,12,Andes,Definitivo,4,4,0,4.54429864883423,4.54429864883423,6.14107036590576,3.74792623519897,4.80216503143311,3.93818187713623,4.62545442581177,5,5,0.789855062961578,0.967391312122345,1,1,21,1.03999996185303,4.15999984741211
04,2016-04-22,52050040,1,Definitivo,SANDONA [52050040],Pluviométrica,Convencional,Activa,Nariño,Sandoná,1.3223,-77.4792,20,9/15/1963,,Cudayari,Pacifico,Patía,Río Guáitara,2016,22,Andes,Definitivo,1,1,0,2.66940546035767,2.66940546035767,13.4344444274902,1.72390484809876,1.93127083778381,3.93818187713623,4.62545442581177,5,5,0.789855062961578,0.967391312122345,1,1,23,1.03999996185303,1.03999996185303
04,2017-04-26,52050040,32,Definitivo,SANDONA [52050040],Pluviométrica,Convencional,Activa,Nariño,Sandoná,1.3223,-77.4792,20,9/15/1963,,Cudayari,Pacifico,Patía,Río Guáitara,2017,26,Andes,Definitivo,32,32,0,14.7291946411133,14.7291946411133,15.6025629043579,9.76229572296143,15.6729135513306,3.93818187713623,4.62545442581177,5,5,0.789855062961578,0.967391312122345,1,1,24,1.03999996185303,33.2799987792969
04,2019-04-27,52050040,,"",SANDONA [52050040],Pluviométrica,Convencional,Activa,Nariño,Sandoná,1.3223,-77.4792,20,9/15/1963,,Cudayari,Pacifico,Patía,Río Guáitara,2019,27,Andes,Preliminar,0,0,0,10.1891736984253,10.1891736984253,6.88059663772583,4.97413682937622,14.2598161697388,3.93818187713623,4.62545442581177,5,5,0.789855062961578,0.967391312122345,1,1,24,1.03999996185303,0
04,2019-04-28,52050040,,"",SANDONA [52050040],Pluviométrica,Convencional,Activa,Nariño,Sandoná,1.3223,-77.4792,20,9/15/1963,,Cudayari,Pacifico,Patía,Río Guáitara,2019,28,Andes,Preliminar,0,0,0,4.97715616226196,4.97715616226196,0,2.88717222213745,0,3.93818187713623,4.62545442581177,5,5,0.789855062961578,0.967391312122345,1,1,24,1.03999996185303,0
04,2004-04-07,52050040,,"",SANDONA [52050040],Pluviométrica,Convencional,Activa,Nariño,Sandoná,1.3223,-77.4792,20,9/15/1963,,Cudayari,Pacifico,Patía,Río Guáitara,2004,07,Andes,Preliminar,0,0,0,0.412062615156174,0.412062615156174,0,0.398528635501862,0,3.93818187713623,4.62545442581177,5,5,0.789855062961578,0.967391312122345,1,1,20,1.03999996185303,0
04,2022-04-26,52050040,2,En revisión,SANDONA [52050040],Pluviométrica,Convencional,Activa,Nariño,Sandoná,1.3223,-77.4792,20,9/15/1963,,Cudayari,Pacifico,Patía,Río Guáitara,2022,26,Andes,En revisión,2,2,0,5.21334362030029,5.21334362030029,0,3.11309599876404,1.07065880298615,3.93818187713623,4.62545442581177,5,5,0.789855062961578,0.967391312122345,1,1,24,1.03999996185303,2.07999992370605
04,2021-04-29,52050040,6,En revisión,SANDONA [52050040],Pluviométrica,Convencional,Activa,Nariño,Sandoná,1.3223,-77.4792,20,9/15/1963,,Cudayari,Pacifico,Patía,Río Guáitara,2021,29,Andes,En revisión,6,6,0,2.38097214698792,2.38097214698792,0,5.04737854003906,0.748036801815033,3.93818187713623,4.62545442581177,5,5,0.789855062961578,0.967391312122345,1,1,24,1.03999996185303,6.23999977111816
04,2023-04-26,52050040,,"",SANDONA [52050040],Pluviométrica,Convencional,Activa,Nariño,Sandoná,1.3223,-77.4792,20,9/15/1963,,Cudayari,Pacifico,Patía,Río Guáitara,2023,26,Andes,Preliminar,0,0,0,7.3886284828186,7.3886284828186,30.9029102325439,2.56976509094238,16.4601192474365,3.93818187713623,4.62545442581177,5,5,0.789855062961578,0.967391312122345,1,1,24,1.03999996185303,0
04,2023-04-25,52050040,0,En revisión,SANDONA [52050040],Pluviométrica,Convencional,Activa,Nariño,Sandoná,1.3223,-77.4792,20,9/15/1963,,Cudayari,Pacifico,Patía,Río Guáitara,2023,25,Andes,En revisión,0,0,0,11.666615486145,11.666615486145,5.45548009872437,4.7921667098999,9.3177604675293,3.93818187713623,4.62545442581177,5,5,0.789855062961578,0.967391312122345,1,1,23,1.03999996185303,0
04,2012-04-12,52050040,,"",SANDONA [52050040],Pluviométrica,Convencional,Activa,Nariño,Sandoná,1.3223,-77.4792,20,9/15/1963,,Cudayari,Pacifico,Patía,Río Guáitara,2012,12,Andes,Preliminar,0,0,0,15.5195970535278,15.5195970535278,10.2379684448242,17.5827140808105,3.13682079315186,3.93818187713623,4.62545442581177,5,5,0.789855062961578,0.967391312122345,1,1,21,1.03999996185303,0
04,2011-04-16,52050040,2,Definitivo,SANDONA [52050040],Pluviométrica,Convencional,Activa,Nariño,Sandoná,1.3223,-77.4792,20,9/15/1963,,Cudayari,Pacifico,Patía,Río Guáitara,2011,16,Andes,Definitivo,2,2,0,6.0423583984375,6.0423583984375,0,0,0,3.93818187713623,4.62545442581177,5,5,0.789855062961578,0.967391312122345,1,1,22,1.03999996185303,2.07999992370605
04,2010-04-20,52050040,1,Definitivo,SANDONA [52050040],Pluviométrica,Convencional,Activa,Nariño,Sandoná,1.3223,-77.4792,20,9/15/1963,,Cudayari,Pacifico,Patía,Río Guáitara,2010,20,Andes,Definitivo,1,1,0,5.24602890014648,5.24602890014648,0,5.93801212310791,3.22133493423462,3.93818187713623,4.62545442581177,5,5,0.789855062961578,0.967391312122345,1,1,22,1.03999996185303,1.03999996185303
04,2009-04-23,52050040,,"",SANDONA [52050040],Pluviométrica,Convencional,Activa,Nariño,Sandoná,1.3223,-77.4792,20,9/15/1963,,Cudayari,Pacifico,Patía,Río Guáitara,2009,23,Andes,Preliminar,0,0,0,5.69537973403931,5.69537973403931,0,4.49946784973145,2.18011927604675,3.93818187713623,4.62545442581177,5,5,0.789855062961578,0.967391312122345,1,1,23,1.03999996185303,0
04,2006-04-13,52050040,38,Definitivo,SANDONA [52050040],Pluviométrica,Convencional,Activa,Nariño,Sandoná,1.3223,-77.4792,20,9/15/1963,,Cudayari,Pacifico,Patía,Río Guáitara,2006,13,Andes,Definitivo,38,38,0,10.1307077407837,10.1307077407837,12.5275869369507,11.3214464187622,28.7060222625732,3.93818187713623,4.62545442581177,5,5,0.789855062961578,0.967391312122345,1,1,21,1.03999996185303,39.519998550415
04,2006-04-12,52050040,9,Definitivo,SANDONA [52050040],Pluviométrica,Convencional,Activa,Nariño,Sandoná,1.3223,-77.4792,20,9/15/1963,,Cudayari,Pacifico,Patía,Río Guáitara,2006,12,Andes,Definitivo,9,9,0,11.2730436325073,11.2730436325073,0,11.2370748519897,3.33373427391052,3.93818187713623,4.62545442581177,5,5,0.789855062961578,0.967391312122345,1,1,21,1.03999996185303,9.35999965667725
04,2002-04-14,52050040,11,Definitivo,SANDONA [52050040],Pluviométrica,Convencional,Activa,Nariño,Sandoná,1.3223,-77.4792,20,9/15/1963,,Cudayari,Pacifico,Patía,Río Guáitara,2002,14,Andes,Definitivo,11,11,0,4.40746641159058,4.40746641159058,8.96887874603272,3.23578357696533,3.2586030960083,3.93818187713623,4.62545442581177,5,5,0.789855062961578,0.967391312122345,1,1,21,1.03999996185303,11.4399995803833
04,2002-04-11,52050040,7,Definitivo,SANDONA [52050040],Pluviométrica,Convencional,Activa,Nariño,Sandoná,1.3223,-77.4792,20,9/15/1963,,Cudayari,Pacifico,Patía,Río Guáitara,2002,11,Andes,Definitivo,7,7,0,1.08026134967804,1.08026134967804,0,1.83302366733551,8.59483051300049,3.93818187713623,4.62545442581177,5,5,0.789855062961578,0.967391312122345,1,1,21,1.03999996185303,7.27999973297119
04,2017-04-27,52050040,,"",SANDONA [52050040],Pluviométrica,Convencional,Activa,Nariño,Sandoná,1.3223,-77.4792,20,9/15/1963,,Cudayari,Pacifico,Patía,Río Guáitara,2017,27,Andes,Preliminar,0,0,0,3.95889949798584,3.95889949798584,5.20085430145264,10.2268342971802,4.13217258453369,3.93818187713623,4.62545442581177,5,5,0.789855062961578,0.967391312122345,1,1,24,1.03999996185303,0
04,2002-04-29,52050040,17,Definitivo,SANDONA [52050040],Pluviométrica,Convencional,Activa,Nariño,Sandoná,1.3223,-77.4792,20,9/15/1963,,Cudayari,Pacifico,Patía,Río Guáitara,2002,29,Andes,Definitivo,17,17,0,6.02894449234009,6.02894449234009,0,7.91977310180664,2.18541312217712,3.93818187713623,4.62545442581177,5,5,0.789855062961578,0.967391312122345,1,1,24,1.03999996185303,17.6799993515015
04,2003-04-27,52050040,,"",SANDONA [52050040],Pluviométrica,Convencional,Activa,Nariño,Sandoná,1.3223,-77.4792,20,9/15/1963,,Cudayari,Pacifico,Patía,Río Guáitara,2003,27,Andes,Preliminar,0,0,0,0.849620223045349,0.849620223045349,0,2.23325729370117,0.609655797481537,3.93818187713623,4.62545442581177,5,5,0.789855062961578,0.967391312122345,1,1,24,1.03999996185303,0
04,2005-04-21,52050040,,"",SANDONA [52050040],Pluviométrica,Convencional,Activa,Nariño,Sandoná,1.3223,-77.4792,20,9/15/1963,,Cudayari,Pacifico,Patía,Río Guáitara,2005,21,Andes,Preliminar,0,0,0,17.1080188751221,17.1080188751221,25.6015605926514,13.8260164260864,23.3545322418213,3.93818187713623,4.62545442581177,5,5,0.789855062961578,0.967391312122345,1,1,23,1.03999996185303,0
04,2005-04-20,52050040,29,Definitivo,SANDONA [52050040],Pluviométrica,Convencional,Activa,Nariño,Sandoná,1.3223,-77.4792,20,9/15/1963,,Cudayari,Pacifico,Patía,Río Guáitara,2005,20,Andes,Definitivo,29,29,0,15.9917602539063,15.9917602539063,0,15.6286678314209,0.241518527269363,3.93818187713623,4.62545442581177,5,5,0.789855062961578,0.967391312122345,1,1,22,1.03999996185303,30.1599988937378
04,2007-04-17,52050040,,"",SANDONA [52050040],Pluviométrica,Convencional,Activa,Nariño,Sandoná,1.3223,-77.4792,20,9/15/1963,,Cudayari,Pacifico,Patía,Río Guáitara,2007,17,Andes,Preliminar,0,0,0,5.50718688964844,5.50718688964844,0,3.94171071052551,3.50783681869507,3.93818187713623,4.62545442581177,5,5,0.789855062961578,0.967391312122345,1,1,22,1.03999996185303,0
04,2007-04-16,52050040,3,Definitivo,SANDONA [52050040],Pluviométrica,Convencional,Activa,Nariño,Sandoná,1.3223,-77.4792,20,9/15/1963,,Cudayari,Pacifico,Patía,Río Guáitara,2007,16,Andes,Definitivo,3,3,0,5.14407587051392,5.14407587051392,0,1.90974056720734,0.0955927148461342,3.93818187713623,4.62545442581177,5,5,0.789855062961578,0.967391312122345,1,1,22,1.03999996185303,3.11999988555908
04,2006-04-17,52050040,6,Definitivo,SANDONA [52050040],Pluviométrica,Convencional,Activa,Nariño,Sandoná,1.3223,-77.4792,20,9/15/1963,,Cudayari,Pacifico,Patía,Río Guáitara,2006,17,Andes,Definitivo,6,6,0,5.7974796295166,5.7974796295166,4.48381090164185,3.33946108818054,1.21531748771667,3.93818187713623,4.62545442581177,5,5,0.789855062961578,0.967391312122345,1,1,22,1.03999996185303,6.23999977111816
04,2006-04-14,52050040,,"",SANDONA [52050040],Pluviométrica,Convencional,Activa,Nariño,Sandoná,1.3223,-77.4792,20,9/15/1963,,Cudayari,Pacifico,Patía,Río Guáitara,2006,14,Andes,Preliminar,1,1,0,0.0450921729207039,0.0450921729207039,14.3172435760498,15.0619430541992,12.2250518798828,3.93818187713623,4.62545442581177,5,5,0.789855062961578,0.967391312122345,1,1,21,1.03999996185303,1.03999996185303
04,2009-04-24,52050040,3,Definitivo,SANDONA [52050040],Pluviométrica,Convencional,Activa,Nariño,Sandoná,1.3223,-77.4792,20,9/15/1963,,Cudayari,Pacifico,Patía,Río Guáitara,2009,24,Andes,Definitivo,3,3,0,6.20389556884766,6.20389556884766,0,3.78337597846985,0.824737191200256,3.93818187713623,4.62545442581177,5,5,0.789855062961578,0.967391312122345,1,1,23,1.03999996185303,3.11999988555908
04,2011-04-25,52050040,1,Definitivo,SANDONA [52050040],Pluviométrica,Convencional,Activa,Nariño,Sandoná,1.3223,-77.4792,20,9/15/1963,,Cudayari,Pacifico,Patía,Río Guáitara,2011,25,Andes,Definitivo,1,1,0,4.63337421417236,4.63337421417236,13.5952806472778,7.93336296081543,7.27409887313843,3.93818187713623,4.62545442581177,5,5,0.789855062961578,0.967391312122345,1,1,23,1.03999996185303,1.03999996185303
04,2015-04-26,52050040,,"",SANDONA [52050040],Pluviométrica,Convencional,Activa,Nariño,Sandoná,1.3223,-77.4792,20,9/15/1963,,Cudayari,Pacifico,Patía,Río Guáitara,2015,26,Andes,Preliminar,0,0,0,0.978634476661682,0.978634476661682,0,0,0,3.93818187713623,4.62545442581177,5,5,0.789855062961578,0.967391312122345,1,1,24,1.03999996185303,0
04,2015-04-27,52050040,,"",SANDONA [52050040],Pluviométrica,Convencional,Activa,Nariño,Sandoná,1.3223,-77.4792,20,9/15/1963,,Cudayari,Pacifico,Patía,Río Guáitara,2015,27,Andes,Preliminar,0,0,0,0.885288894176483,0.885288894176483,0,0,0,3.93818187713623,4.62545442581177,5,5,0.789855062961578,0.967391312122345,1,1,24,1.03999996185303,0
04,2004-04-28,52050040,,"",SANDONA [52050040],Pluviométrica,Convencional,Activa,Nariño,Sandoná,1.3223,-77.4792,20,9/15/1963,,Cudayari,Pacifico,Patía,Río Guáitara,2004,28,Andes,Preliminar,0,0,0,0.85358339548111,0.85358339548111,3.1112174987793,2.49943161010742,0.52660608291626,3.93818187713623,4.62545442581177,5,5,0.789855062961578,0.967391312122345,1,1,24,1.03999996185303,0
04,2003-04-09,52050040,4,Definitivo,SANDONA [52050040],Pluviométrica,Convencional,Activa,Nariño,Sandoná,1.3223,-77.4792,20,9/15/1963,,Cudayari,Pacifico,Patía,Río Guáitara,2003,09,Andes,Definitivo,4,4,0,6.98715591430664,6.98715591430664,0,3.15415406227112,7.07030916213989,3.93818187713623,4.62545442581177,5,5,0.789855062961578,0.967391312122345,1,1,20,1.03999996185303,4.15999984741211
04,2004-04-08,52050040,,"",SANDONA [52050040],Pluviométrica,Convencional,Activa,Nariño,Sandoná,1.3223,-77.4792,20,9/15/1963,,Cudayari,Pacifico,Patía,Río Guáitara,2004,08,Andes,Preliminar,0,0,0,2.99811100959778,2.99811100959778,0,2.56847810745239,0,3.93818187713623,4.62545442581177,5,5,0.789855062961578,0.967391312122345,1,1,20,1.03999996185303,0
04,2007-04-07,52050040,1,Definitivo,SANDONA [52050040],Pluviométrica,Convencional,Activa,Nariño,Sandoná,1.3223,-77.4792,20,9/15/1963,,Cudayari,Pacifico,Patía,Río Guáitara,2007,07,Andes,Definitivo,1,1,0,5.11948394775391,5.11948394775391,0,6.89386749267578,2.07756209373474,3.93818187713623,4.62545442581177,5,5,0.789855062961578,0.967391312122345,1,1,20,1.03999996185303,1.03999996185303
04,2007-04-08,52050040,4,Definitivo,SANDONA [52050040],Pluviométrica,Convencional,Activa,Nariño,Sandoná,1.3223,-77.4792,20,9/15/1963,,Cudayari,Pacifico,Patía,Río Guáitara,2007,08,Andes,Definitivo,4,4,0,4.85694646835327,4.85694646835327,0,6.22975921630859,0.350757211446762,3.93818187713623,4.62545442581177,5,5,0.789855062961578,0.967391312122345,1,1,20,1.03999996185303,4.15999984741211
04,2008-04-11,52050040,38,Definitivo,SANDONA [52050040],Pluviométrica,Convencional,Activa,Nariño,Sandoná,1.3223,-77.4792,20,9/15/1963,,Cudayari,Pacifico,Patía,Río Guáitara,2008,11,Andes,Definitivo,38,38,0,18.2476558685303,18.2476558685303,0,23.6614818572998,8.79777336120606,3.93818187713623,4.62545442581177,5,5,0.789855062961578,0.967391312122345,1,1,21,1.03999996185303,39.519998550415
04,2013-04-09,52050040,,"",SANDONA [52050040],Pluviométrica,Convencional,Activa,Nariño,Sandoná,1.3223,-77.4792,20,9/15/1963,,Cudayari,Pacifico,Patía,Río Guáitara,2013,09,Andes,Preliminar,0,0,0,3.19995903968811,3.19995903968811,0,1.09728252887726,5.09265327453613,3.93818187713623,4.62545442581177,5,5,0.789855062961578,0.967391312122345,1,1,20,1.03999996185303,0
04,2013-04-10,52050040,3,Definitivo,SANDONA [52050040],Pluviométrica,Convencional,Activa,Nariño,Sandoná,1.3223,-77.4792,20,9/15/1963,,Cudayari,Pacifico,Patía,Río Guáitara,2013,10,Andes,Definitivo,3,3,0,4.16689109802246,4.16689109802246,0,1.5547479391098,1.65511214733124,3.93818187713623,4.62545442581177,5,5,0.789855062961578,0.967391312122345,1,1,20,1.03999996185303,3.11999988555908
04,2011-04-17,52050040,15,Definitivo,SANDONA [52050040],Pluviométrica,Convencional,Activa,Nariño,Sandoná,1.3223,-77.4792,20,9/15/1963,,Cudayari,Pacifico,Patía,Río Guáitara,2011,17,Andes,Definitivo,15,15,0,8.21852684020996,8.21852684020996,0,0,0,3.93818187713623,4.62545442581177,5,5,0.789855062961578,0.967391312122345,1,1,22,1.03999996185303,15.5999994277954
04,2005-04-15,52050040,,"",SANDONA [52050040],Pluviométrica,Convencional,Activa,Nariño,Sandoná,1.3223,-77.4792,20,9/15/1963,,Cudayari,Pacifico,Patía,Río Guáitara,2005,15,Andes,Preliminar,0,0,0,0.725378930568695,0.725378930568695,3.18799567222595,1.25635278224945,3.54162621498108,3.93818187713623,4.62545442581177,5,5,0.789855062961578,0.967391312122345,1,1,21,1.03999996185303,0
04,2002-04-17,52050040,,"",SANDONA [52050040],Pluviométrica,Convencional,Activa,Nariño,Sandoná,1.3223,-77.4792,20,9/15/1963,,Cudayari,Pacifico,Patía,Río Guáitara,2002,17,Andes,Preliminar,0,0,0,10.0407180786133,10.0407180786133,0,8.39200210571289,0.250542044639587,3.93818187713623,4.62545442581177,5,5,0.789855062961578,0.967391312122345,1,1,22,1.03999996185303,0
04,2002-04-16,52050040,,"",SANDONA [52050040],Pluviométrica,Convencional,Activa,Nariño,Sandoná,1.3223,-77.4792,20,9/15/1963,,Cudayari,Pacifico,Patía,Río Guáitara,2002,16,Andes,Preliminar,0,0,0,2.39432525634766,2.39432525634766,0,1.79380452632904,0.0578173920512199,3.93818187713623,4.62545442581177,5,5,0.789855062961578,0.967391312122345,1,1,22,1.03999996185303,0
04,2004-04-12,52050040,11,Definitivo,SANDONA [52050040],Pluviométrica,Convencional,Activa,Nariño,Sandoná,1.3223,-77.4792,20,9/15/1963,,Cudayari,Pacifico,Patía,Río Guáitara,2004,12,Andes,Definitivo,11,11,0,5.49868583679199,5.49868583679199,13.2083578109741,6.83547449111939,0,3.93818187713623,4.62545442581177,5,5,0.789855062961578,0.967391312122345,1,1,21,1.03999996185303,11.4399995803833
04,2006-04-09,52050040,8,Definitivo,SANDONA [52050040],Pluviométrica,Convencional,Activa,Nariño,Sandoná,1.3223,-77.4792,20,9/15/1963,,Cudayari,Pacifico,Patía,Río Guáitara,2006,09,Andes,Definitivo,8,8,0,10.9616117477417,10.9616117477417,6.66879749298096,8.53577709197998,4.65433120727539,3.93818187713623,4.62545442581177,5,5,0.789855062961578,0.967391312122345,1,1,20,1.03999996185303,8.31999969482422
04,2016-04-24,52050040,6,Definitivo,SANDONA [52050040],Pluviométrica,Convencional,Activa,Nariño,Sandoná,1.3223,-77.4792,20,9/15/1963,,Cudayari,Pacifico,Patía,Río Guáitara,2016,24,Andes,Definitivo,6,6,0,6.4438419342041,6.4438419342041,0,9.60828685760498,1.44402360916138,3.93818187713623,4.62545442581177,5,5,0.789855062961578,0.967391312122345,1,1,23,1.03999996185303,6.23999977111816
04,2020-04-25,52050040,,"",SANDONA [52050040],Pluviométrica,Convencional,Activa,Nariño,Sandoná,1.3223,-77.4792,20,9/15/1963,,Cudayari,Pacifico,Patía,Río Guáitara,2020,25,Andes,Preliminar,0,0,0,3.13482809066772,3.13482809066772,0,14.7596073150635,4.82917976379395,3.93818187713623,4.62545442581177,5,5,0.789855062961578,0.967391312122345,1,1,23,1.03999996185303,0
04,2020-04-26,52050040,4,En revisión,SANDONA [52050040],Pluviométrica,Convencional,Activa,Nariño,Sandoná,1.3223,-77.4792,20,9/15/1963,,Cudayari,Pacifico,Patía,Río Guáitara,2020,26,Andes,En revisión,4,4,0,5.77575922012329,5.77575922012329,0,1.99361121654511,0,3.93818187713623,4.62545442581177,5,5,0.789855062961578,0.967391312122345,1,1,24,1.03999996185303,4.15999984741211
04,2022-04-27,52050040,12,En revisión,SANDONA [52050040],Pluviométrica,Convencional,Activa,Nariño,Sandoná,1.3223,-77.4792,20,9/15/1963,,Cudayari,Pacifico,Patía,Río Guáitara,2022,27,Andes,En revisión,12,12,0,2.43049621582031,2.43049621582031,0,3.41975450515747,4.25574350357056,3.93818187713623,4.62545442581177,5,5,0.789855062961578,0.967391312122345,1,1,24,1.03999996185303,12.4799995422363
04,2021-04-27,52050040,46,En revisión,SANDONA [52050040],Pluviométrica,Convencional,Activa,Nariño,Sandoná,1.3223,-77.4792,20,9/15/1963,,Cudayari,Pacifico,Patía,Río Guáitara,2021,27,Andes,En revisión,46,46,0,5.14524364471436,5.14524364471436,0,5.98690986633301,2.21383547782898,3.93818187713623,4.62545442581177,5,5,0.789855062961578,0.967391312122345,1,1,24,1.03999996185303,47.8399982452393
04,2023-04-24,52050040,,"",SANDONA [52050040],Pluviométrica,Convencional,Activa,Nariño,Sandoná,1.3223,-77.4792,20,9/15/1963,,Cudayari,Pacifico,Patía,Río Guáitara,2023,24,Andes,Preliminar,0,0,0,4.78677797317505,4.78677797317505,0,2.7728374004364,2.89679789543152,3.93818187713623,4.62545442581177,5,5,0.789855062961578,0.967391312122345,1,1,23,1.03999996185303,0
04,2023-04-22,52050040,13,En revisión,SANDONA [52050040],Pluviométrica,Convencional,Activa,Nariño,Sandoná,1.3223,-77.4792,20,9/15/1963,,Cudayari,Pacifico,Patía,Río Guáitara,2023,22,Andes,En revisión,13,13,0,19.5265846252441,19.5265846252441,21.8219203948975,15.2088813781738,12.2691106796265,3.93818187713623,4.62545442581177,5,5,0.789855062961578,0.967391312122345,1,1,23,1.03999996185303,13.5199995040894
04,2021-04-22,52050040,,"",SANDONA [52050040],Pluviométrica,Convencional,Activa,Nariño,Sandoná,1.3223,-77.4792,20,9/15/1963,,Cudayari,Pacifico,Patía,Río Guáitara,2021,22,Andes,Preliminar,0,0,0,3.37205410003662,3.37205410003662,0,0.748623251914978,0,3.93818187713623,4.62545442581177,5,5,0.789855062961578,0.967391312122345,1,1,23,1.03999996185303,0
04,2011-04-18,52050040,7,Definitivo,SANDONA [52050040],Pluviométrica,Convencional,Activa,Nariño,Sandoná,1.3223,-77.4792,20,9/15/1963,,Cudayari,Pacifico,Patía,Río Guáitara,2011,18,Andes,Definitivo,7,7,0,5.29265213012695,5.29265213012695,0,0,0,3.93818187713623,4.62545442581177,5,5,0.789855062961578,0.967391312122345,1,1,22,1.03999996185303,7.27999973297119
04,2010-04-21,52050040,,"",SANDONA [52050040],Pluviométrica,Convencional,Activa,Nariño,Sandoná,1.3223,-77.4792,20,9/15/1963,,Cudayari,Pacifico,Patía,Río Guáitara,2010,21,Andes,Preliminar,0,0,0,4.28822088241577,4.28822088241577,0,2.68827247619629,1.76255881786346,3.93818187713623,4.62545442581177,5,5,0.789855062961578,0.967391312122345,1,1,23,1.03999996185303,0
04,2010-04-22,52050040,,"",SANDONA [52050040],Pluviométrica,Convencional,Activa,Nariño,Sandoná,1.3223,-77.4792,20,9/15/1963,,Cudayari,Pacifico,Patía,Río Guáitara,2010,22,Andes,Preliminar,0,0,0,0.890007972717285,0.890007972717285,0,0.647054493427277,0.0711802691221237,3.93818187713623,4.62545442581177,5,5,0.789855062961578,0.967391312122345,1,1,23,1.03999996185303,0
04,2014-04-23,52050040,15,Definitivo,SANDONA [52050040],Pluviométrica,Convencional,Activa,Nariño,Sandoná,1.3223,-77.4792,20,9/15/1963,,Cudayari,Pacifico,Patía,Río Guáitara,2014,23,Andes,Definitivo,15,15,0,1.86793744564056,1.86793744564056,0,1.05022597312927,0.201123848557472,3.93818187713623,4.62545442581177,5,5,0.789855062961578,0.967391312122345,1,1,23,1.03999996185303,15.5999994277954
04,2016-04-23,52050040,3,Definitivo,SANDONA [52050040],Pluviométrica,Convencional,Activa,Nariño,Sandoná,1.3223,-77.4792,20,9/15/1963,,Cudayari,Pacifico,Patía,Río Guáitara,2016,23,Andes,Definitivo,3,3,0,5.99311113357544,5.99311113357544,26.8688888549805,6.04050445556641,12.4823865890503,3.93818187713623,4.62545442581177,5,5,0.789855062961578,0.967391312122345,1,1,23,1.03999996185303,3.11999988555908
04,2002-04-28,52050040,,"",SANDONA [52050040],Pluviométrica,Convencional,Activa,Nariño,Sandoná,1.3223,-77.4792,20,9/15/1963,,Cudayari,Pacifico,Patía,Río Guáitara,2002,28,Andes,Preliminar,0,0,0,6.59356021881104,6.59356021881104,0,3.97846603393555,0.0973612815141678,3.93818187713623,4.62545442581177,5,5,0.789855062961578,0.967391312122345,1,1,24,1.03999996185303,0
04,2003-04-26,52050040,,"",SANDONA [52050040],Pluviométrica,Convencional,Activa,Nariño,Sandoná,1.3223,-77.4792,20,9/15/1963,,Cudayari,Pacifico,Patía,Río Guáitara,2003,26,Andes,Preliminar,0,0,0,5.25377416610718,5.25377416610718,0,4.80723857879639,12.8339052200317,3.93818187713623,4.62545442581177,5,5,0.789855062961578,0.967391312122345,1,1,24,1.03999996185303,0
04,2004-04-23,52050040,8,Definitivo,SANDONA [52050040],Pluviométrica,Convencional,Activa,Nariño,Sandoná,1.3223,-77.4792,20,9/15/1963,,Cudayari,Pacifico,Patía,Río Guáitara,2004,23,Andes,Definitivo,8,8,0,8.13067245483398,8.13067245483398,0,2.06648898124695,2.8640341758728,3.93818187713623,4.62545442581177,5,5,0.789855062961578,0.967391312122345,1,1,23,1.03999996185303,8.31999969482422
04,2004-04-22,52050040,20,Definitivo,SANDONA [52050040],Pluviométrica,Convencional,Activa,Nariño,Sandoná,1.3223,-77.4792,20,9/15/1963,,Cudayari,Pacifico,Patía,Río Guáitara,2004,22,Andes,Definitivo,20,20,0,7.72797393798828,7.72797393798828,21.5739307403564,10.0405168533325,8.55558967590332,3.93818187713623,4.62545442581177,5,5,0.789855062961578,0.967391312122345,1,1,23,1.03999996185303,20.7999992370605
04,2003-04-24,52050040,,"",SANDONA [52050040],Pluviométrica,Convencional,Activa,Nariño,Sandoná,1.3223,-77.4792,20,9/15/1963,,Cudayari,Pacifico,Patía,Río Guáitara,2003,24,Andes,Preliminar,0,0,0,1.92727017402649,1.92727017402649,0,3.2719144821167,1.06732761859894,3.93818187713623,4.62545442581177,5,5,0.789855062961578,0.967391312122345,1,1,23,1.03999996185303,0
04,2006-04-18,52050040,4,Definitivo,SANDONA [52050040],Pluviométrica,Convencional,Activa,Nariño,Sandoná,1.3223,-77.4792,20,9/15/1963,,Cudayari,Pacifico,Patía,Río Guáitara,2006,18,Andes,Definitivo,4,4,0,8.60748195648193,8.60748195648193,0,2.72208571434021,14.105052947998,3.93818187713623,4.62545442581177,5,5,0.789855062961578,0.967391312122345,1,1,22,1.03999996185303,4.15999984741211
04,2005-04-19,52050040,,"",SANDONA [52050040],Pluviométrica,Convencional,Activa,Nariño,Sandoná,1.3223,-77.4792,20,9/15/1963,,Cudayari,Pacifico,Patía,Río Guáitara,2005,19,Andes,Preliminar,0,0,0,5.77480173110962,5.77480173110962,16.7089900970459,3.20950293540955,2.22733759880066,3.93818187713623,4.62545442581177,5,5,0.789855062961578,0.967391312122345,1,1,22,1.03999996185303,0
04,2005-04-18,52050040,4,Definitivo,SANDONA [52050040],Pluviométrica,Convencional,Activa,Nariño,Sandoná,1.3223,-77.4792,20,9/15/1963,,Cudayari,Pacifico,Patía,Río Guáitara,2005,18,Andes,Definitivo,4,4,0,1.69753801822662,1.69753801822662,25.0634860992432,13.5333852767944,24.044511795044,3.93818187713623,4.62545442581177,5,5,0.789855062961578,0.967391312122345,1,1,22,1.03999996185303,4.15999984741211
04,2007-04-15,52050040,6,Definitivo,SANDONA [52050040],Pluviométrica,Convencional,Activa,Nariño,Sandoná,1.3223,-77.4792,20,9/15/1963,,Cudayari,Pacifico,Patía,Río Guáitara,2007,15,Andes,Definitivo,6,6,0,3.39655995368958,3.39655995368958,0,9.47565937042236,2.38127160072327,3.93818187713623,4.62545442581177,5,5,0.789855062961578,0.967391312122345,1,1,21,1.03999996185303,6.23999977111816
04,2004-04-16,52050040,,"",SANDONA [52050040],Pluviométrica,Convencional,Activa,Nariño,Sandoná,1.3223,-77.4792,20,9/15/1963,,Cudayari,Pacifico,Patía,Río Guáitara,2004,16,Andes,Preliminar,0,0,0,0.874732911586762,0.874732911586762,0,1.87127554416657,9.28028774261475,3.93818187713623,4.62545442581177,5,5,0.789855062961578,0.967391312122345,1,1,22,1.03999996185303,0
04,2004-04-15,52050040,,"",SANDONA [52050040],Pluviométrica,Convencional,Activa,Nariño,Sandoná,1.3223,-77.4792,20,9/15/1963,,Cudayari,Pacifico,Patía,Río Guáitara,2004,15,Andes,Preliminar,0,0,0,1.43443989753723,1.43443989753723,0,14.5826578140259,16.9088573455811,3.93818187713623,4.62545442581177,5,5,0.789855062961578,0.967391312122345,1,1,21,1.03999996185303,0
04,2003-04-17,52050040,35,Definitivo,SANDONA [52050040],Pluviométrica,Convencional,Activa,Nariño,Sandoná,1.3223,-77.4792,20,9/15/1963,,Cudayari,Pacifico,Patía,Río Guáitara,2003,17,Andes,Definitivo,35,35,0,8.95895862579346,8.95895862579346,20.850456237793,36.3343009948731,17.217134475708,3.93818187713623,4.62545442581177,5,5,0.789855062961578,0.967391312122345,1,1,22,1.03999996185303,36.399998664856
04,2003-04-14,52050040,,"",SANDONA [52050040],Pluviométrica,Convencional,Activa,Nariño,Sandoná,1.3223,-77.4792,20,9/15/1963,,Cudayari,Pacifico,Patía,Río Guáitara,2003,14,Andes,Preliminar,0,0,0,0.396504551172256,0.396504551172256,0,2.95412635803223,3.53556632995605,3.93818187713623,4.62545442581177,5,5,0.789855062961578,0.967391312122345,1,1,21,1.03999996185303,0
04,2002-04-13,52050040,0,Definitivo,SANDONA [52050040],Pluviométrica,Convencional,Activa,Nariño,Sandoná,1.3223,-77.4792,20,9/15/1963,,Cudayari,Pacifico,Patía,Río Guáitara,2002,13,Andes,Definitivo,0,0,0,1.51236593723297,1.51236593723297,0,3.20786762237549,0.740761578083038,3.93818187713623,4.62545442581177,5,5,0.789855062961578,0.967391312122345,1,1,21,1.03999996185303,0
04,2004-04-09,52050040,9,Definitivo,SANDONA [52050040],Pluviométrica,Convencional,Activa,Nariño,Sandoná,1.3223,-77.4792,20,9/15/1963,,Cudayari,Pacifico,Patía,Río Guáitara,2004,09,Andes,Definitivo,9,9,0,1.06567919254303,1.06567919254303,0,4.62491798400879,0.745791852474213,3.93818187713623,4.62545442581177,5,5,0.789855062961578,0.967391312122345,1,1,20,1.03999996185303,9.35999965667725
04,2002-04-08,52050040,6,Definitivo,SANDONA [52050040],Pluviométrica,Convencional,Activa,Nariño,Sandoná,1.3223,-77.4792,20,9/15/1963,,Cudayari,Pacifico,Patía,Río Guáitara,2002,08,Andes,Definitivo,6,6,0,15.8709392547607,15.8709392547607,54.9347114562988,8.26200485229492,19.2882843017578,3.93818187713623,4.62545442581177,5,5,0.789855062961578,0.967391312122345,1,1,20,1.03999996185303,6.23999977111816
04,2005-04-06,52050040,7,Definitivo,SANDONA [52050040],Pluviométrica,Convencional,Activa,Nariño,Sandoná,1.3223,-77.4792,20,9/15/1963,,Cudayari,Pacifico,Patía,Río Guáitara,2005,06,Andes,Definitivo,7,7,0,1.57721960544586,1.57721960544586,0,2.13221335411072,3.10603594779968,3.93818187713623,4.62545442581177,5,5,0.789855062961578,0.967391312122345,1,1,20,1.03999996185303,7.27999973297119
04,2005-04-07,52050040,6,Definitivo,SANDONA [52050040],Pluviométrica,Convencional,Activa,Nariño,Sandoná,1.3223,-77.4792,20,9/15/1963,,Cudayari,Pacifico,Patía,Río Guáitara,2005,07,Andes,Definitivo,6,6,0,3.77964377403259,3.77964377403259,0,1.78743946552277,1.05503511428833,3.93818187713623,4.62545442581177,5,5,0.789855062961578,0.967391312122345,1,1,20,1.03999996185303,6.23999977111816
04,2009-04-08,52050040,3,Definitivo,SANDONA [52050040],Pluviométrica,Convencional,Activa,Nariño,Sandoná,1.3223,-77.4792,20,9/15/1963,,Cudayari,Pacifico,Patía,Río Guáitara,2009,08,Andes,Definitivo,3,3,0,10.5426483154297,10.5426483154297,20.8916130065918,12.0269021987915,18.9839210510254,3.93818187713623,4.62545442581177,5,5,0.789855062961578,0.967391312122345,1,1,20,1.03999996185303,3.11999988555908
04,2012-04-06,52050040,3,Definitivo,SANDONA [52050040],Pluviométrica,Convencional,Activa,Nariño,Sandoná,1.3223,-77.4792,20,9/15/1963,,Cudayari,Pacifico,Patía,Río Guáitara,2012,06,Andes,Definitivo,3,3,0,15.356409072876,15.356409072876,24.6991539001465,9.05129241943359,36.6307487487793,3.93818187713623,4.62545442581177,5,5,0.789855062961578,0.967391312122345,1,1,20,1.03999996185303,3.11999988555908
04,2011-04-10,52050040,6,Definitivo,SANDONA [52050040],Pluviométrica,Convencional,Activa,Nariño,Sandoná,1.3223,-77.4792,20,9/15/1963,,Cudayari,Pacifico,Patía,Río Guáitara,2011,10,Andes,Definitivo,6,6,0,15.2967987060547,15.2967987060547,18.9375114440918,14.9208354949951,11.43128490448,3.93818187713623,4.62545442581177,5,5,0.789855062961578,0.967391312122345,1,1,20,1.03999996185303,6.23999977111816
04,2012-04-13,52050040,,"",SANDONA [52050040],Pluviométrica,Convencional,Activa,Nariño,Sandoná,1.3223,-77.4792,20,9/15/1963,,Cudayari,Pacifico,Patía,Río Guáitara,2012,13,Andes,Preliminar,1,1,0,8.69656658172607,8.69656658172607,0,4.69637441635132,2.0165274143219,3.93818187713623,4.62545442581177,5,5,0.789855062961578,0.967391312122345,1,1,21,1.03999996185303,1.03999996185303
04,2012-04-14,52050040,2,Definitivo,SANDONA [52050040],Pluviométrica,Convencional,Activa,Nariño,Sandoná,1.3223,-77.4792,20,9/15/1963,,Cudayari,Pacifico,Patía,Río Guáitara,2012,14,Andes,Definitivo,2,2,0,6.59977102279663,6.59977102279663,10.2379684448242,4.95686626434326,18.3931770324707,3.93818187713623,4.62545442581177,5,5,0.789855062961578,0.967391312122345,1,1,21,1.03999996185303,2.07999992370605
04,2012-04-15,52050040,,"",SANDONA [52050040],Pluviométrica,Convencional,Activa,Nariño,Sandoná,1.3223,-77.4792,20,9/15/1963,,Cudayari,Pacifico,Patía,Río Guáitara,2012,15,Andes,Preliminar,0,0,0,9.80420112609863,9.80420112609863,0,0.97394061088562,9.88573741912842,3.93818187713623,4.62545442581177,5,5,0.789855062961578,0.967391312122345,1,1,21,1.03999996185303,0
04,2011-04-19,52050040,4,Definitivo,SANDONA [52050040],Pluviométrica,Convencional,Activa,Nariño,Sandoná,1.3223,-77.4792,20,9/15/1963,,Cudayari,Pacifico,Patía,Río Guáitara,2011,19,Andes,Definitivo,4,4,0,3.05657076835632,3.05657076835632,0,0,0,3.93818187713623,4.62545442581177,5,5,0.789855062961578,0.967391312122345,1,1,22,1.03999996185303,4.15999984741211
04,2012-04-22,52050040,9,Definitivo,SANDONA [52050040],Pluviométrica,Convencional,Activa,Nariño,Sandoná,1.3223,-77.4792,20,9/15/1963,,Cudayari,Pacifico,Patía,Río Guáitara,2012,22,Andes,Definitivo,9,9,0,7.103111743927,7.103111743927,8.96697902679443,4.36245012283325,2.12907004356384,3.93818187713623,4.62545442581177,5,5,0.789855062961578,0.967391312122345,1,1,23,1.03999996185303,9.35999965667725
04,2012-04-23,52050040,,"",SANDONA [52050040],Pluviométrica,Convencional,Activa,Nariño,Sandoná,1.3223,-77.4792,20,9/15/1963,,Cudayari,Pacifico,Patía,Río Guáitara,2012,23,Andes,Preliminar,0,0,0,4.54419612884522,4.54419612884522,4.48348951339722,3.18346810340881,0.28533923625946,3.93818187713623,4.62545442581177,5,5,0.789855062961578,0.967391312122345,1,1,23,1.03999996185303,0
04,2014-04-24,52050040,5,Definitivo,SANDONA [52050040],Pluviométrica,Convencional,Activa,Nariño,Sandoná,1.3223,-77.4792,20,9/15/1963,,Cudayari,Pacifico,Patía,Río Guáitara,2014,24,Andes,Definitivo,5,5,0,2.8125696182251,2.8125696182251,0,0.745677590370178,0.288404047489166,3.93818187713623,4.62545442581177,5,5,0.789855062961578,0.967391312122345,1,1,23,1.03999996185303,5.19999980926514
04,2015-04-28,52050040,,"",SANDONA [52050040],Pluviométrica,Convencional,Activa,Nariño,Sandoná,1.3223,-77.4792,20,9/15/1963,,Cudayari,Pacifico,Patía,Río Guáitara,2015,28,Andes,Preliminar,0,0,0,3.33853936195374,3.33853936195374,0,0,0,3.93818187713623,4.62545442581177,5,5,0.789855062961578,0.967391312122345,1,1,24,1.03999996185303,0
04,2018-04-26,52050040,6,Definitivo,SANDONA [52050040],Pluviométrica,Convencional,Activa,Nariño,Sandoná,1.3223,-77.4792,20,9/15/1963,,Cudayari,Pacifico,Patía,Río Guáitara,2018,26,Andes,Definitivo,6,6,0,2.3394045829773,2.3394045829773,0,3.83723950386047,0.125513404607773,3.93818187713623,4.62545442581177,5,5,0.789855062961578,0.967391312122345,1,1,24,1.03999996185303,6.23999977111816
04,2018-04-27,52050040,8,Definitivo,SANDONA [52050040],Pluviométrica,Convencional,Activa,Nariño,Sandoná,1.3223,-77.4792,20,9/15/1963,,Cudayari,Pacifico,Patía,Río Guáitara,2018,27,Andes,Definitivo,8,8,0,2.30456161499023,2.30456161499023,0,2.06232500076294,0.159305468201637,3.93818187713623,4.62545442581177,5,5,0.789855062961578,0.967391312122345,1,1,24,1.03999996185303,8.31999969482422
04,2021-04-26,52050040,9,En revisión,SANDONA [52050040],Pluviométrica,Convencional,Activa,Nariño,Sandoná,1.3223,-77.4792,20,9/15/1963,,Cudayari,Pacifico,Patía,Río Guáitara,2021,26,Andes,En revisión,9,9,0,13.2817115783691,13.2817115783691,6.75627613067627,8.24949073791504,0.052980687469244,3.93818187713623,4.62545442581177,5,5,0.789855062961578,0.967391312122345,1,1,24,1.03999996185303,9.35999965667725
04,2022-04-25,52050040,9,En revisión,SANDONA [52050040],Pluviométrica,Convencional,Activa,Nariño,Sandoná,1.3223,-77.4792,20,9/15/1963,,Cudayari,Pacifico,Patía,Río Guáitara,2022,25,Andes,En revisión,9,9,0,6.75556898117065,6.75556898117065,0,6.78023386001587,8.61729621887207,3.93818187713623,4.62545442581177,5,5,0.789855062961578,0.967391312122345,1,1,23,1.03999996185303,9.35999965667725
04,2021-04-24,52050040,,"",SANDONA [52050040],Pluviométrica,Convencional,Activa,Nariño,Sandoná,1.3223,-77.4792,20,9/15/1963,,Cudayari,Pacifico,Patía,Río Guáitara,2021,24,Andes,Preliminar,0,0,0,4.81484365463257,4.81484365463257,7.78009271621704,0.876120984554291,3.39353156089783,3.93818187713623,4.62545442581177,5,5,0.789855062961578,0.967391312122345,1,1,23,1.03999996185303,0
04,2023-04-21,52050040,3,En revisión,SANDONA [52050040],Pluviométrica,Convencional,Activa,Nariño,Sandoná,1.3223,-77.4792,20,9/15/1963,,Cudayari,Pacifico,Patía,Río Guáitara,2023,21,Andes,En revisión,3,3,0,18.0139064788818,18.0139064788818,5.45548009872437,18.9328422546387,15.7687273025513,3.93818187713623,4.62545442581177,5,5,0.789855062961578,0.967391312122345,1,1,23,1.03999996185303,3.11999988555908
04,2023-04-19,52050040,,"",SANDONA [52050040],Pluviométrica,Convencional,Activa,Nariño,Sandoná,1.3223,-77.4792,20,9/15/1963,,Cudayari,Pacifico,Patía,Río Guáitara,2023,19,Andes,Preliminar,0,0,0,7.3186206817627,7.3186206817627,0,3.25886154174805,0.0870917662978172,3.93818187713623,4.62545442581177,5,5,0.789855062961578,0.967391312122345,1,1,22,1.03999996185303,0
04,2021-04-19,52050040,2,En revisión,SANDONA [52050040],Pluviométrica,Convencional,Activa,Nariño,Sandoná,1.3223,-77.4792,20,9/15/1963,,Cudayari,Pacifico,Patía,Río Guáitara,2021,19,Andes,En revisión,2,2,0,4.30113077163696,4.30113077163696,0,6.98111820220947,14.1538352966309,3.93818187713623,4.62545442581177,5,5,0.789855062961578,0.967391312122345,1,1,22,1.03999996185303,2.07999992370605
04,2023-04-17,52050040,7,En revisión,SANDONA [52050040],Pluviométrica,Convencional,Activa,Nariño,Sandoná,1.3223,-77.4792,20,9/15/1963,,Cudayari,Pacifico,Patía,Río Guáitara,2023,17,Andes,En revisión,7,7,0,15.882134437561,15.882134437561,21.8184108734131,15.7631254196167,10.6251945495605,3.93818187713623,4.62545442581177,5,5,0.789855062961578,0.967391312122345,1,1,22,1.03999996185303,7.27999973297119
04,2023-04-14,52050040,,"",SANDONA [52050040],Pluviométrica,Convencional,Activa,Nariño,Sandoná,1.3223,-77.4792,20,9/15/1963,,Cudayari,Pacifico,Patía,Río Guáitara,2023,14,Andes,Preliminar,0,0,0,14.4565467834473,14.4565467834473,0,4.59917259216309,0.342953324317932,3.93818187713623,4.62545442581177,5,5,0.789855062961578,0.967391312122345,1,1,21,1.03999996185303,0
04,2001-04-30,52050040,,"",SANDONA [52050040],Pluviométrica,Convencional,Activa,Nariño,Sandoná,1.3223,-77.4792,20,9/15/1963,,Cudayari,Pacifico,Patía,Río Guáitara,2001,30,Andes,Preliminar,0,0,0,1.65747940540314,1.65747940540314,0,0,0,3.93818187713623,4.62545442581177,5,5,0.789855062961578,0.967391312122345,1,1,24,1.03999996185303,0
04,2001-04-29,52050040,5,Definitivo,SANDONA [52050040],Pluviométrica,Convencional,Activa,Nariño,Sandoná,1.3223,-77.4792,20,9/15/1963,,Cudayari,Pacifico,Patía,Río Guáitara,2001,29,Andes,Definitivo,5,5,0,0.890585958957672,0.890585958957672,0,0,0,3.93818187713623,4.62545442581177,5,5,0.789855062961578,0.967391312122345,1,1,24,1.03999996185303,5.19999980926514
04,2002-04-27,52050040,4,Definitivo,SANDONA [52050040],Pluviométrica,Convencional,Activa,Nariño,Sandoná,1.3223,-77.4792,20,9/15/1963,,Cudayari,Pacifico,Patía,Río Guáitara,2002,27,Andes,Definitivo,4,4,0,5.33035278320313,5.33035278320313,7.0280385017395,6.69276523590088,7.45161485671997,3.93818187713623,4.62545442581177,5,5,0.789855062961578,0.967391312122345,1,1,24,1.03999996185303,4.15999984741211
04,2003-04-25,52050040,,"",SANDONA [52050040],Pluviométrica,Convencional,Activa,Nariño,Sandoná,1.3223,-77.4792,20,9/15/1963,,Cudayari,Pacifico,Patía,Río Guáitara,2003,25,Andes,Preliminar,0,0,0,1.96530854701996,1.96530854701996,10.6097812652588,7.62502193450928,2.97585391998291,3.93818187713623,4.62545442581177,5,5,0.789855062961578,0.967391312122345,1,1,23,1.03999996185303,0
04,2002-04-26,52050040,9,Definitivo,SANDONA [52050040],Pluviométrica,Convencional,Activa,Nariño,Sandoná,1.3223,-77.4792,20,9/15/1963,,Cudayari,Pacifico,Patía,Río Guáitara,2002,26,Andes,Definitivo,9,9,0,13.4455032348633,13.4455032348633,28.112154006958,14.4360723495483,25.898099899292,3.93818187713623,4.62545442581177,5,5,0.789855062961578,0.967391312122345,1,1,24,1.03999996185303,9.35999965667725
04,2002-04-25,52050040,42,Definitivo,SANDONA [52050040],Pluviométrica,Convencional,Activa,Nariño,Sandoná,1.3223,-77.4792,20,9/15/1963,,Cudayari,Pacifico,Patía,Río Guáitara,2002,25,Andes,Definitivo,42,42,0,14.9017267227173,14.9017267227173,10.4306306838989,31.6513614654541,16.1241893768311,3.93818187713623,4.62545442581177,5,5,0.789855062961578,0.967391312122345,1,1,23,1.03999996185303,43.6799983978271
04,2004-04-21,52050040,31,Definitivo,SANDONA [52050040],Pluviométrica,Convencional,Activa,Nariño,Sandoná,1.3223,-77.4792,20,9/15/1963,,Cudayari,Pacifico,Patía,Río Guáitara,2004,21,Andes,Definitivo,31,31,0,5.93500757217407,5.93500757217407,21.5739307403564,4.59490156173706,0,3.93818187713623,4.62545442581177,5,5,0.789855062961578,0.967391312122345,1,1,23,1.03999996185303,32.2399988174439
04,2004-04-20,52050040,2,Definitivo,SANDONA [52050040],Pluviométrica,Convencional,Activa,Nariño,Sandoná,1.3223,-77.4792,20,9/15/1963,,Cudayari,Pacifico,Patía,Río Guáitara,2004,20,Andes,Definitivo,2,2,0,9.80710220336914,9.80710220336914,0,5.1145167350769,4.5354790687561,3.93818187713623,4.62545442581177,5,5,0.789855062961578,0.967391312122345,1,1,22,1.03999996185303,2.07999992370605
04,2004-04-19,52050040,,"",SANDONA [52050040],Pluviométrica,Convencional,Activa,Nariño,Sandoná,1.3223,-77.4792,20,9/15/1963,,Cudayari,Pacifico,Patía,Río Guáitara,2004,19,Andes,Preliminar,0,0,0,2.91016936302185,2.91016936302185,0,1.23649215698242,0.907095849514008,3.93818187713623,4.62545442581177,5,5,0.789855062961578,0.967391312122345,1,1,22,1.03999996185303,0
04,2006-04-16,52050040,1,Definitivo,SANDONA [52050040],Pluviométrica,Convencional,Activa,Nariño,Sandoná,1.3223,-77.4792,20,9/15/1963,,Cudayari,Pacifico,Patía,Río Guáitara,2006,16,Andes,Definitivo,1,1,0,1.47894871234894,1.47894871234894,4.48381090164185,2.10330939292908,0.176773488521576,3.93818187713623,4.62545442581177,5,5,0.789855062961578,0.967391312122345,1,1,22,1.03999996185303,1.03999996185303
04,2006-04-15,52050040,,"",SANDONA [52050040],Pluviométrica,Convencional,Activa,Nariño,Sandoná,1.3223,-77.4792,20,9/15/1963,,Cudayari,Pacifico,Patía,Río Guáitara,2006,15,Andes,Preliminar,0,0,0,0,0,14.3172435760498,1.98906421661377,6.87965202331543,3.93818187713623,4.62545442581177,5,5,0.789855062961578,0.967391312122345,1,1,21,1.03999996185303,0
04,2002-04-19,52050040,17,Definitivo,SANDONA [52050040],Pluviométrica,Convencional,Activa,Nariño,Sandoná,1.3223,-77.4792,20,9/15/1963,,Cudayari,Pacifico,Patía,Río Guáitara,2002,19,Andes,Definitivo,17,17,0,6.71955823898315,6.71955823898315,0,4.20160150527954,3.19280505180359,3.93818187713623,4.62545442581177,5,5,0.789855062961578,0.967391312122345,1,1,22,1.03999996185303,17.6799993515015
04,2002-04-18,52050040,13,Definitivo,SANDONA [52050040],Pluviométrica,Convencional,Activa,Nariño,Sandoná,1.3223,-77.4792,20,9/15/1963,,Cudayari,Pacifico,Patía,Río Guáitara,2002,18,Andes,Definitivo,13,13,0,7.67213869094849,7.67213869094849,14.7627868652344,8.95173072814941,8.71115398406982,3.93818187713623,4.62545442581177,5,5,0.789855062961578,0.967391312122345,1,1,22,1.03999996185303,13.5199995040894
04,2004-04-14,52050040,15,Definitivo,SANDONA [52050040],Pluviométrica,Convencional,Activa,Nariño,Sandoná,1.3223,-77.4792,20,9/15/1963,,Cudayari,Pacifico,Patía,Río Guáitara,2004,14,Andes,Definitivo,15,15,0,9.39662075042725,9.39662075042725,52.8334312438965,7.07799196243286,11.1246452331543,3.93818187713623,4.62545442581177,5,5,0.789855062961578,0.967391312122345,1,1,21,1.03999996185303,15.5999994277954
04,2001-04-14,52050040,,"",SANDONA [52050040],Pluviométrica,Convencional,Activa,Nariño,Sandoná,1.3223,-77.4792,20,9/15/1963,,Cudayari,Pacifico,Patía,Río Guáitara,2001,14,Andes,Preliminar,0,0,0,4.2463002204895,4.2463002204895,0,6.97353744506836,3.13905024528503,3.93818187713623,4.62545442581177,5,5,0.789855062961578,0.967391312122345,1,1,21,1.03999996185303,0
04,2003-04-11,52050040,,"",SANDONA [52050040],Pluviométrica,Convencional,Activa,Nariño,Sandoná,1.3223,-77.4792,20,9/15/1963,,Cudayari,Pacifico,Patía,Río Guáitara,2003,11,Andes,Preliminar,0,0,0,2.34404134750366,2.34404134750366,0,1.36602020263672,0.665922224521637,3.93818187713623,4.62545442581177,5,5,0.789855062961578,0.967391312122345,1,1,21,1.03999996185303,0
04,2004-04-06,52050040,,"",SANDONA [52050040],Pluviométrica,Convencional,Activa,Nariño,Sandoná,1.3223,-77.4792,20,9/15/1963,,Cudayari,Pacifico,Patía,Río Guáitara,2004,06,Andes,Preliminar,0,0,0,0.0426271744072437,0.0426271744072437,0,0.244457900524139,0.635367035865784,3.93818187713623,4.62545442581177,5,5,0.789855062961578,0.967391312122345,1,1,20,1.03999996185303,0
04,2003-04-06,52050040,,"",SANDONA [52050040],Pluviométrica,Convencional,Activa,Nariño,Sandoná,1.3223,-77.4792,20,9/15/1963,,Cudayari,Pacifico,Patía,Río Guáitara,2003,06,Andes,Preliminar,0,0,0,0.59834760427475,0.59834760427475,0,0.797342002391815,0.151802346110344,3.93818187713623,4.62545442581177,5,5,0.789855062961578,0.967391312122345,1,1,20,1.03999996185303,0
04,2006-04-04,52050040,25,Definitivo,SANDONA [52050040],Pluviométrica,Convencional,Activa,Nariño,Sandoná,1.3223,-77.4792,20,9/15/1963,,Cudayari,Pacifico,Patía,Río Guáitara,2006,04,Andes,Definitivo,25,25,0,9.39241218566895,9.39241218566895,12.1484050750732,18.7677879333496,7.14257192611694,3.93818187713623,4.62545442581177,5,5,0.789855062961578,0.967391312122345,1,1,19,1.03999996185303,25.9999990463257
04,2005-04-08,52050040,,"",SANDONA [52050040],Pluviométrica,Convencional,Activa,Nariño,Sandoná,1.3223,-77.4792,20,9/15/1963,,Cudayari,Pacifico,Patía,Río Guáitara,2005,08,Andes,Preliminar,0,0,0,2.04612278938293,2.04612278938293,0,0.804924786090851,0.80563348531723,3.93818187713623,4.62545442581177,5,5,0.789855062961578,0.967391312122345,1,1,20,1.03999996185303,0
04,2007-04-09,52050040,,"",SANDONA [52050040],Pluviométrica,Convencional,Activa,Nariño,Sandoná,1.3223,-77.4792,20,9/15/1963,,Cudayari,Pacifico,Patía,Río Guáitara,2007,09,Andes,Preliminar,0,0,0,5.28655338287354,5.28655338287354,13.4976968765259,3.82293844223022,4.00942516326904,3.93818187713623,4.62545442581177,5,5,0.789855062961578,0.967391312122345,1,1,20,1.03999996185303,0
04,2010-04-07,52050040,,"",SANDONA [52050040],Pluviométrica,Convencional,Activa,Nariño,Sandoná,1.3223,-77.4792,20,9/15/1963,,Cudayari,Pacifico,Patía,Río Guáitara,2010,07,Andes,Preliminar,5,5,0,1.29798889160156,1.29798889160156,0,5.89887380599976,3.40263175964355,3.93818187713623,4.62545442581177,5,5,0.789855062961578,0.967391312122345,1,1,20,1.03999996185303,5.19999980926514
04,2011-04-11,52050040,10,Definitivo,SANDONA [52050040],Pluviométrica,Convencional,Activa,Nariño,Sandoná,1.3223,-77.4792,20,9/15/1963,,Cudayari,Pacifico,Patía,Río Guáitara,2011,11,Andes,Definitivo,10,10,0,4.75993919372559,4.75993919372559,0,7.73508644104004,8.56066131591797,3.93818187713623,4.62545442581177,5,5,0.789855062961578,0.967391312122345,1,1,21,1.03999996185303,10.3999996185303
04,2013-04-11,52050040,,"",SANDONA [52050040],Pluviométrica,Convencional,Activa,Nariño,Sandoná,1.3223,-77.4792,20,9/15/1963,,Cudayari,Pacifico,Patía,Río Guáitara,2013,11,Andes,Preliminar,0,0,0,3.82713294029236,3.82713294029236,0,2.59309792518616,0.311594665050507,3.93818187713623,4.62545442581177,5,5,0.789855062961578,0.967391312122345,1,1,21,1.03999996185303,0
04,2013-04-12,52050040,,"",SANDONA [52050040],Pluviométrica,Convencional,Activa,Nariño,Sandoná,1.3223,-77.4792,20,9/15/1963,,Cudayari,Pacifico,Patía,Río Guáitara,2013,12,Andes,Preliminar,0,0,0,2.48661494255066,2.48661494255066,0,2.50894904136658,0,3.93818187713623,4.62545442581177,5,5,0.789855062961578,0.967391312122345,1,1,21,1.03999996185303,0
04,2013-04-13,52050040,,"",SANDONA [52050040],Pluviométrica,Convencional,Activa,Nariño,Sandoná,1.3223,-77.4792,20,9/15/1963,,Cudayari,Pacifico,Patía,Río Guáitara,2013,13,Andes,Preliminar,0,0,0,4.08950614929199,4.08950614929199,6.4045581817627,0.979867458343506,0.0239688195288181,3.93818187713623,4.62545442581177,5,5,0.789855062961578,0.967391312122345,1,1,21,1.03999996185303,0
04,2011-04-20,52050040,12,Definitivo,SANDONA [52050040],Pluviométrica,Convencional,Activa,Nariño,Sandoná,1.3223,-77.4792,20,9/15/1963,,Cudayari,Pacifico,Patía,Río Guáitara,2011,20,Andes,Definitivo,12,12,0,4.32174634933472,4.32174634933472,0,0,0,3.93818187713623,4.62545442581177,5,5,0.789855062961578,0.967391312122345,1,1,22,1.03999996185303,12.4799995422363
04,2013-04-20,52050040,11,Definitivo,SANDONA [52050040],Pluviométrica,Convencional,Activa,Nariño,Sandoná,1.3223,-77.4792,20,9/15/1963,,Cudayari,Pacifico,Patía,Río Guáitara,2013,20,Andes,Definitivo,11,11,0,7.6043906211853,7.6043906211853,18.4077415466309,9.79555225372314,32.1092071533203,3.93818187713623,4.62545442581177,5,5,0.789855062961578,0.967391312122345,1,1,22,1.03999996185303,11.4399995803833
04,2013-04-21,52050040,17,Definitivo,SANDONA [52050040],Pluviométrica,Convencional,Activa,Nariño,Sandoná,1.3223,-77.4792,20,9/15/1963,,Cudayari,Pacifico,Patía,Río Guáitara,2013,21,Andes,Definitivo,17,17,0,4.10558176040649,4.10558176040649,14.8732061386108,7.1431131362915,3.27773571014404,3.93818187713623,4.62545442581177,5,5,0.789855062961578,0.967391312122345,1,1,23,1.03999996185303,17.6799993515015
04,2014-04-25,52050040,15,Definitivo,SANDONA [52050040],Pluviométrica,Convencional,Activa,Nariño,Sandoná,1.3223,-77.4792,20,9/15/1963,,Cudayari,Pacifico,Patía,Río Guáitara,2014,25,Andes,Definitivo,15,15,0,3.08194184303284,3.08194184303284,0,1.13626086711884,0.0683062225580216,3.93818187713623,4.62545442581177,5,5,0.789855062961578,0.967391312122345,1,1,23,1.03999996185303,15.5999994277954
04,2019-04-23,52050040,0,Definitivo,SANDONA [52050040],Pluviométrica,Convencional,Activa,Nariño,Sandoná,1.3223,-77.4792,20,9/15/1963,,Cudayari,Pacifico,Patía,Río Guáitara,2019,23,Andes,Definitivo,0,0,0,9.70976257324219,9.70976257324219,11.6598682403564,10.1065330505371,7.38758516311646,3.93818187713623,4.62545442581177,5,5,0.789855062961578,0.967391312122345,1,1,23,1.03999996185303,0
04,2019-04-24,52050040,,"",SANDONA [52050040],Pluviométrica,Convencional,Activa,Nariño,Sandoná,1.3223,-77.4792,20,9/15/1963,,Cudayari,Pacifico,Patía,Río Guáitara,2019,24,Andes,Preliminar,0,0,0,4.9049973487854,4.9049973487854,5.89011478424072,13.9191675186157,7.55656337738037,3.93818187713623,4.62545442581177,5,5,0.789855062961578,0.967391312122345,1,1,23,1.03999996185303,0
04,2020-04-27,52050040,,"",SANDONA [52050040],Pluviométrica,Convencional,Activa,Nariño,Sandoná,1.3223,-77.4792,20,9/15/1963,,Cudayari,Pacifico,Patía,Río Guáitara,2020,27,Andes,Preliminar,0,0,0,8.79078197479248,8.79078197479248,9.07513809204102,1.95072114467621,19.7106761932373,3.93818187713623,4.62545442581177,5,5,0.789855062961578,0.967391312122345,1,1,24,1.03999996185303,0
04,2022-04-24,52050040,10,En revisión,SANDONA [52050040],Pluviométrica,Convencional,Activa,Nariño,Sandoná,1.3223,-77.4792,20,9/15/1963,,Cudayari,Pacifico,Patía,Río Guáitara,2022,24,Andes,En revisión,10,10,0,5.8949670791626,5.8949670791626,30.02392578125,2.64008617401123,11.2752046585083,3.93818187713623,4.62545442581177,5,5,0.789855062961578,0.967391312122345,1,1,23,1.03999996185303,10.3999996185303
04,2023-04-23,52050040,,"",SANDONA [52050040],Pluviométrica,Convencional,Activa,Nariño,Sandoná,1.3223,-77.4792,20,9/15/1963,,Cudayari,Pacifico,Patía,Río Guáitara,2023,23,Andes,Preliminar,0,0,0,21.6855907440186,21.6855907440186,27.2773990631104,20.8799304962158,22.3342571258545,3.93818187713623,4.62545442581177,5,5,0.789855062961578,0.967391312122345,1,1,23,1.03999996185303,0
04,2022-04-22,52050040,2,En revisión,SANDONA [52050040],Pluviométrica,Convencional,Activa,Nariño,Sandoná,1.3223,-77.4792,20,9/15/1963,,Cudayari,Pacifico,Patía,Río Guáitara,2022,22,Andes,En revisión,2,2,0,1.20260798931122,1.20260798931122,0,5.22482967376709,1.30895638465881,3.93818187713623,4.62545442581177,5,5,0.789855062961578,0.967391312122345,1,1,23,1.03999996185303,2.07999992370605
04,2021-04-21,52050040,,"",SANDONA [52050040],Pluviométrica,Convencional,Activa,Nariño,Sandoná,1.3223,-77.4792,20,9/15/1963,,Cudayari,Pacifico,Patía,Río Guáitara,2021,21,Andes,Preliminar,0,0,0,3.66290950775147,3.66290950775147,15.5601854324341,2.92180490493774,2.63839673995972,3.93818187713623,4.62545442581177,5,5,0.789855062961578,0.967391312122345,1,1,23,1.03999996185303,0
04,2023-04-18,52050040,,"",SANDONA [52050040],Pluviométrica,Convencional,Activa,Nariño,Sandoná,1.3223,-77.4792,20,9/15/1963,,Cudayari,Pacifico,Patía,Río Guáitara,2023,18,Andes,Preliminar,0,0,0,5.3678994178772,5.3678994178772,21.8184108734131,5.5816388130188,1.52410554885864,3.93818187713623,4.62545442581177,5,5,0.789855062961578,0.967391312122345,1,1,22,1.03999996185303,0
04,2023-04-16,52050040,22,En revisión,SANDONA [52050040],Pluviométrica,Convencional,Activa,Nariño,Sandoná,1.3223,-77.4792,20,9/15/1963,,Cudayari,Pacifico,Patía,Río Guáitara,2023,16,Andes,En revisión,22,22,0,19.396312713623,19.396312713623,0,10.5908880233765,12.5357713699341,3.93818187713623,4.62545442581177,5,5,0.789855062961578,0.967391312122345,1,1,22,1.03999996185303,22.8799991607666
04,2021-04-16,52050040,,"",SANDONA [52050040],Pluviométrica,Convencional,Activa,Nariño,Sandoná,1.3223,-77.4792,20,9/15/1963,,Cudayari,Pacifico,Patía,Río Guáitara,2021,16,Andes,Preliminar,0,0,0,4.27351808547974,4.27351808547974,23.6954593658447,7.17610216140747,0.246109932661057,3.93818187713623,4.62545442581177,5,5,0.789855062961578,0.967391312122345,1,1,22,1.03999996185303,0
04,2023-04-13,52050040,,"",SANDONA [52050040],Pluviométrica,Convencional,Activa,Nariño,Sandoná,1.3223,-77.4792,20,9/15/1963,,Cudayari,Pacifico,Patía,Río Guáitara,2023,13,Andes,Preliminar,0,0,0,7.63139581680298,7.63139581680298,40.4076843261719,5.31846714019775,8.63939952850342,3.93818187713623,4.62545442581177,5,5,0.789855062961578,0.967391312122345,1,1,21,1.03999996185303,0
04,2023-04-11,52050040,,"",SANDONA [52050040],Pluviométrica,Convencional,Activa,Nariño,Sandoná,1.3223,-77.4792,20,9/15/1963,,Cudayari,Pacifico,Patía,Río Guáitara,2023,11,Andes,Preliminar,0,0,0,5.16703128814697,5.16703128814697,0,2.54913735389709,8.57383441925049,3.93818187713623,4.62545442581177,5,5,0.789855062961578,0.967391312122345,1,1,21,1.03999996185303,0
04,2023-04-10,52050040,,"",SANDONA [52050040],Pluviométrica,Convencional,Activa,Nariño,Sandoná,1.3223,-77.4792,20,9/15/1963,,Cudayari,Pacifico,Patía,Río Guáitara,2023,10,Andes,Preliminar,0,0,0,3.62527084350586,3.62527084350586,0,8.25289821624756,0,3.93818187713623,4.62545442581177,5,5,0.789855062961578,0.967391312122345,1,1,20,1.03999996185303,0
04,2001-04-28,52050040,,"",SANDONA [52050040],Pluviométrica,Convencional,Activa,Nariño,Sandoná,1.3223,-77.4792,20,9/15/1963,,Cudayari,Pacifico,Patía,Río Guáitara,2001,28,Andes,Preliminar,0,0,0,2.32541918754578,2.32541918754578,0,0,0,3.93818187713623,4.62545442581177,5,5,0.789855062961578,0.967391312122345,1,1,24,1.03999996185303,0
04,2001-04-27,52050040,,"",SANDONA [52050040],Pluviométrica,Convencional,Activa,Nariño,Sandoná,1.3223,-77.4792,20,9/15/1963,,Cudayari,Pacifico,Patía,Río Guáitara,2001,27,Andes,Preliminar,0,0,0,2.8449273109436,2.8449273109436,0,0,0,3.93818187713623,4.62545442581177,5,5,0.789855062961578,0.967391312122345,1,1,24,1.03999996185303,0
04,2001-04-26,52050040,,"",SANDONA [52050040],Pluviométrica,Convencional,Activa,Nariño,Sandoná,1.3223,-77.4792,20,9/15/1963,,Cudayari,Pacifico,Patía,Río Guáitara,2001,26,Andes,Preliminar,0,0,0,1.92960298061371,1.92960298061371,0,0,0,3.93818187713623,4.62545442581177,5,5,0.789855062961578,0.967391312122345,1,1,24,1.03999996185303,0
04,2003-04-23,52050040,,"",SANDONA [52050040],Pluviométrica,Convencional,Activa,Nariño,Sandoná,1.3223,-77.4792,20,9/15/1963,,Cudayari,Pacifico,Patía,Río Guáitara,2003,23,Andes,Preliminar,0,0,0,7.63300514221191,7.63300514221191,10.6097812652588,6.74249315261841,1.39295291900635,3.93818187713623,4.62545442581177,5,5,0.789855062961578,0.967391312122345,1,1,23,1.03999996185303,0
04,2003-04-22,52050040,,"",SANDONA [52050040],Pluviométrica,Convencional,Activa,Nariño,Sandoná,1.3223,-77.4792,20,9/15/1963,,Cudayari,Pacifico,Patía,Río Guáitara,2003,22,Andes,Preliminar,0,0,0,5.70573425292969,5.70573425292969,10.6097812652588,13.7090797424316,26.3213863372803,3.93818187713623,4.62545442581177,5,5,0.789855062961578,0.967391312122345,1,1,23,1.03999996185303,0
04,2002-04-23,52050040,26,Definitivo,SANDONA [52050040],Pluviométrica,Convencional,Activa,Nariño,Sandoná,1.3223,-77.4792,20,9/15/1963,,Cudayari,Pacifico,Patía,Río Guáitara,2002,23,Andes,Definitivo,26,26,0,4.72843265533447,4.72843265533447,10.4306306838989,11.230809211731,4.44277000427246,3.93818187713623,4.62545442581177,5,5,0.789855062961578,0.967391312122345,1,1,23,1.03999996185303,27.0399990081787
04,2005-04-17,52050040,15,Definitivo,SANDONA [52050040],Pluviométrica,Convencional,Activa,Nariño,Sandoná,1.3223,-77.4792,20,9/15/1963,,Cudayari,Pacifico,Patía,Río Guáitara,2005,17,Andes,Definitivo,15,15,0,2.64942860603333,2.64942860603333,0,5.49266529083252,3.89113211631775,3.93818187713623,4.62545442581177,5,5,0.789855062961578,0.967391312122345,1,1,22,1.03999996185303,15.5999994277954
04,2004-04-18,52050040,,"",SANDONA [52050040],Pluviométrica,Convencional,Activa,Nariño,Sandoná,1.3223,-77.4792,20,9/15/1963,,Cudayari,Pacifico,Patía,Río Guáitara,2004,18,Andes,Preliminar,0,0,0,4.99607086181641,4.99607086181641,19.7857818603516,8.09416007995606,4.32614946365356,3.93818187713623,4.62545442581177,5,5,0.789855062961578,0.967391312122345,1,1,22,1.03999996185303,0
04,2004-04-17,52050040,2,Definitivo,SANDONA [52050040],Pluviométrica,Convencional,Activa,Nariño,Sandoná,1.3223,-77.4792,20,9/15/1963,,Cudayari,Pacifico,Patía,Río Guáitara,2004,17,Andes,Definitivo,2,2,0,4.15498161315918,4.15498161315918,0,2.73256802558899,0,3.93818187713623,4.62545442581177,5,5,0.789855062961578,0.967391312122345,1,1,22,1.03999996185303,2.07999992370605
04,2003-04-19,52050040,16,Definitivo,SANDONA [52050040],Pluviométrica,Convencional,Activa,Nariño,Sandoná,1.3223,-77.4792,20,9/15/1963,,Cudayari,Pacifico,Patía,Río Guáitara,2003,19,Andes,Definitivo,16,16,0,12.0844688415527,12.0844688415527,31.2756824493408,11.2483606338501,14.4076042175293,3.93818187713623,4.62545442581177,5,5,0.789855062961578,0.967391312122345,1,1,22,1.03999996185303,16.6399993896484
04,2003-04-16,52050040,,"",SANDONA [52050040],Pluviométrica,Convencional,Activa,Nariño,Sandoná,1.3223,-77.4792,20,9/15/1963,,Cudayari,Pacifico,Patía,Río Guáitara,2003,16,Andes,Preliminar,0,0,0,11.1986980438232,11.1986980438232,20.850456237793,7.63031339645386,18.8486232757568,3.93818187713623,4.62545442581177,5,5,0.789855062961578,0.967391312122345,1,1,22,1.03999996185303,0
04,2002-04-15,52050040,,"",SANDONA [52050040],Pluviométrica,Convencional,Activa,Nariño,Sandoná,1.3223,-77.4792,20,9/15/1963,,Cudayari,Pacifico,Patía,Río Guáitara,2002,15,Andes,Preliminar,0,0,0,5.87662172317505,5.87662172317505,4.48443937301636,3.28024935722351,0.597348272800446,3.93818187713623,4.62545442581177,5,5,0.789855062961578,0.967391312122345,1,1,21,1.03999996185303,0
04,2002-04-12,52050040,,"",SANDONA [52050040],Pluviométrica,Convencional,Activa,Nariño,Sandoná,1.3223,-77.4792,20,9/15/1963,,Cudayari,Pacifico,Patía,Río Guáitara,2002,12,Andes,Preliminar,0,0,0,1.6419974565506,1.6419974565506,0,1.63586735725403,0.00124707364011556,3.93818187713623,4.62545442581177,5,5,0.789855062961578,0.967391312122345,1,1,21,1.03999996185303,0
04,2002-04-10,52050040,30,Definitivo,SANDONA [52050040],Pluviométrica,Convencional,Activa,Nariño,Sandoná,1.3223,-77.4792,20,9/15/1963,,Cudayari,Pacifico,Patía,Río Guáitara,2002,10,Andes,Definitivo,30,30,0,0,0,0,7.64000606536865,17.1660251617432,3.93818187713623,4.62545442581177,5,5,0.789855062961578,0.967391312122345,1,1,20,1.03999996185303,31.1999988555908
04,2002-04-07,52050040,2,Definitivo,SANDONA [52050040],Pluviométrica,Convencional,Activa,Nariño,Sandoná,1.3223,-77.4792,20,9/15/1963,,Cudayari,Pacifico,Patía,Río Guáitara,2002,07,Andes,Definitivo,2,2,0,9.26706981658936,9.26706981658936,0,26.6452693939209,5.15294027328491,3.93818187713623,4.62545442581177,5,5,0.789855062961578,0.967391312122345,1,1,20,1.03999996185303,2.07999992370605
04,2004-04-03,52050040,11,Definitivo,SANDONA [52050040],Pluviométrica,Convencional,Activa,Nariño,Sandoná,1.3223,-77.4792,20,9/15/1963,,Cudayari,Pacifico,Patía,Río Guáitara,2004,03,Andes,Definitivo,11,11,0,8.40764045715332,8.40764045715332,0,3.73124837875366,6.29016923904419,3.93818187713623,4.62545442581177,5,5,0.789855062961578,0.967391312122345,1,1,19,1.03999996185303,11.4399995803833
04,2006-04-05,52050040,1,Definitivo,SANDONA [52050040],Pluviométrica,Convencional,Activa,Nariño,Sandoná,1.3223,-77.4792,20,9/15/1963,,Cudayari,Pacifico,Patía,Río Guáitara,2006,05,Andes,Definitivo,1,1,0,15.9800930023193,15.9800930023193,12.1484050750732,14.6048221588135,36.9101448059082,3.93818187713623,4.62545442581177,5,5,0.789855062961578,0.967391312122345,1,1,19,1.03999996185303,1.03999996185303
04,2006-04-06,52050040,44,Definitivo,SANDONA [52050040],Pluviométrica,Convencional,Activa,Nariño,Sandoná,1.3223,-77.4792,20,9/15/1963,,Cudayari,Pacifico,Patía,Río Guáitara,2006,06,Andes,Definitivo,44,44,0,3.10073256492615,3.10073256492615,0,8.24041652679443,6.53629970550537,3.93818187713623,4.62545442581177,5,5,0.789855062961578,0.967391312122345,1,1,20,1.03999996185303,45.7599983215332
04,2008-04-06,52050040,8,Definitivo,SANDONA [52050040],Pluviométrica,Convencional,Activa,Nariño,Sandoná,1.3223,-77.4792,20,9/15/1963,,Cudayari,Pacifico,Patía,Río Guáitara,2008,06,Andes,Definitivo,8,8,0,3.79613733291626,3.79613733291626,7.2213945388794,7.45469522476196,3.80160093307495,3.93818187713623,4.62545442581177,5,5,0.789855062961578,0.967391312122345,1,1,20,1.03999996185303,8.31999969482422
04,2012-04-07,52050040,12,Definitivo,SANDONA [52050040],Pluviométrica,Convencional,Activa,Nariño,Sandoná,1.3223,-77.4792,20,9/15/1963,,Cudayari,Pacifico,Patía,Río Guáitara,2012,07,Andes,Definitivo,12,12,0,10.0373497009277,10.0373497009277,12.3495769500732,10.5187835693359,5.82751989364624,3.93818187713623,4.62545442581177,5,5,0.789855062961578,0.967391312122345,1,1,20,1.03999996185303,12.4799995422363
04,2012-04-08,52050040,1,Definitivo,SANDONA [52050040],Pluviométrica,Convencional,Activa,Nariño,Sandoná,1.3223,-77.4792,20,9/15/1963,,Cudayari,Pacifico,Patía,Río Guáitara,2012,08,Andes,Definitivo,1,1,0,12.0475273132324,12.0475273132324,0,14.3763256072998,1.99788391590118,3.93818187713623,4.62545442581177,5,5,0.789855062961578,0.967391312122345,1,1,20,1.03999996185303,1.03999996185303
04,2014-04-09,52050040,,"",SANDONA [52050040],Pluviométrica,Convencional,Activa,Nariño,Sandoná,1.3223,-77.4792,20,9/15/1963,,Cudayari,Pacifico,Patía,Río Guáitara,2014,09,Andes,Preliminar,0,0,0,1.12568974494934,1.12568974494934,0,0.645907998085022,0.485152006149292,3.93818187713623,4.62545442581177,5,5,0.789855062961578,0.967391312122345,1,1,20,1.03999996185303,0
04,2014-04-10,52050040,,"",SANDONA [52050040],Pluviométrica,Convencional,Activa,Nariño,Sandoná,1.3223,-77.4792,20,9/15/1963,,Cudayari,Pacifico,Patía,Río Guáitara,2014,10,Andes,Preliminar,0,0,0,1.38263642787933,1.38263642787933,0,0.247420996427536,0,3.93818187713623,4.62545442581177,5,5,0.789855062961578,0.967391312122345,1,1,20,1.03999996185303,0
04,2012-04-16,52050040,0,Definitivo,SANDONA [52050040],Pluviométrica,Convencional,Activa,Nariño,Sandoná,1.3223,-77.4792,20,9/15/1963,,Cudayari,Pacifico,Patía,Río Guáitara,2012,16,Andes,Definitivo,0,0,0,11.0975561141968,11.0975561141968,11.0414400100708,2.37709140777588,5.38089990615845,3.93818187713623,4.62545442581177,5,5,0.789855062961578,0.967391312122345,1,1,22,1.03999996185303,0
04,2012-04-17,52050040,1,Definitivo,SANDONA [52050040],Pluviométrica,Convencional,Activa,Nariño,Sandoná,1.3223,-77.4792,20,9/15/1963,,Cudayari,Pacifico,Patía,Río Guáitara,2012,17,Andes,Definitivo,1,1,0,7.07905912399292,7.07905912399292,22.0828800201416,8.58190822601318,14.3634634017944,3.93818187713623,4.62545442581177,5,5,0.789855062961578,0.967391312122345,1,1,22,1.03999996185303,1.03999996185303
04,2011-04-21,52050040,18,Definitivo,SANDONA [52050040],Pluviométrica,Convencional,Activa,Nariño,Sandoná,1.3223,-77.4792,20,9/15/1963,,Cudayari,Pacifico,Patía,Río Guáitara,2011,21,Andes,Definitivo,18,18,0,5.48737573623657,5.48737573623657,0,8.80790233612061,12.6237125396729,3.93818187713623,4.62545442581177,5,5,0.789855062961578,0.967391312122345,1,1,23,1.03999996185303,18.7199993133545
04,2012-04-24,52050040,,"",SANDONA [52050040],Pluviométrica,Convencional,Activa,Nariño,Sandoná,1.3223,-77.4792,20,9/15/1963,,Cudayari,Pacifico,Patía,Río Guáitara,2012,24,Andes,Preliminar,0,0,0,4.22011280059814,4.22011280059814,4.48348951339722,6.45915460586548,15.4412422180176,3.93818187713623,4.62545442581177,5,5,0.789855062961578,0.967391312122345,1,1,23,1.03999996185303,0
04,2015-04-23,52050040,,"",SANDONA [52050040],Pluviométrica,Convencional,Activa,Nariño,Sandoná,1.3223,-77.4792,20,9/15/1963,,Cudayari,Pacifico,Patía,Río Guáitara,2015,23,Andes,Preliminar,0,0,0,1.66698789596558,1.66698789596558,0,0.622964680194855,0,3.93818187713623,4.62545442581177,5,5,0.789855062961578,0.967391312122345,1,1,23,1.03999996185303,0
04,2017-04-23,52050040,,"",SANDONA [52050040],Pluviométrica,Convencional,Activa,Nariño,Sandoná,1.3223,-77.4792,20,9/15/1963,,Cudayari,Pacifico,Patía,Río Guáitara,2017,23,Andes,Preliminar,0,0,0,4.98091888427734,4.98091888427734,0,4.32709550857544,0.0854735299944878,3.93818187713623,4.62545442581177,5,5,0.789855062961578,0.967391312122345,1,1,23,1.03999996185303,0
04,2019-04-25,52050040,14,Definitivo,SANDONA [52050040],Pluviométrica,Convencional,Activa,Nariño,Sandoná,1.3223,-77.4792,20,9/15/1963,,Cudayari,Pacifico,Patía,Río Guáitara,2019,25,Andes,Definitivo,14,14,0,2.51710534095764,2.51710534095764,3.02263951301575,1.87071645259857,3.67002964019775,3.93818187713623,4.62545442581177,5,5,0.789855062961578,0.967391312122345,1,1,23,1.03999996185303,14.5599994659424
04,2021-04-25,52050040,1,En revisión,SANDONA [52050040],Pluviométrica,Convencional,Activa,Nariño,Sandoná,1.3223,-77.4792,20,9/15/1963,,Cudayari,Pacifico,Patía,Río Guáitara,2021,25,Andes,En revisión,1,1,0,6.63579082489014,6.63579082489014,7.78009271621704,0.743550062179565,1.45077455043793,3.93818187713623,4.62545442581177,5,5,0.789855062961578,0.967391312122345,1,1,23,1.03999996185303,1.03999996185303
04,2020-04-24,52050040,15,En revisión,SANDONA [52050040],Pluviométrica,Convencional,Activa,Nariño,Sandoná,1.3223,-77.4792,20,9/15/1963,,Cudayari,Pacifico,Patía,Río Guáitara,2020,24,Andes,En revisión,15,15,0,8.97588443756104,8.97588443756104,26.7900581359863,15.7692432403564,45.2854347229004,3.93818187713623,4.62545442581177,5,5,0.789855062961578,0.967391312122345,1,1,23,1.03999996185303,15.5999994277954
04,2021-04-23,52050040,9,En revisión,SANDONA [52050040],Pluviométrica,Convencional,Activa,Nariño,Sandoná,1.3223,-77.4792,20,9/15/1963,,Cudayari,Pacifico,Patía,Río Guáitara,2021,23,Andes,En revisión,9,9,0,9.63406658172607,9.63406658172607,0,2.82302784919739,0.630423426628113,3.93818187713623,4.62545442581177,5,5,0.789855062961578,0.967391312122345,1,1,23,1.03999996185303,9.35999965667725
04,2023-04-20,52050040,12,En revisión,SANDONA [52050040],Pluviométrica,Convencional,Activa,Nariño,Sandoná,1.3223,-77.4792,20,9/15/1963,,Cudayari,Pacifico,Patía,Río Guáitara,2023,20,Andes,En revisión,12,12,0,11.0929727554321,11.0929727554321,43.6368217468262,13.9361209869385,24.3584785461426,3.93818187713623,4.62545442581177,5,5,0.789855062961578,0.967391312122345,1,1,22,1.03999996185303,12.4799995422363
04,2022-04-19,52050040,8,En revisión,SANDONA [52050040],Pluviométrica,Convencional,Activa,Nariño,Sandoná,1.3223,-77.4792,20,9/15/1963,,Cudayari,Pacifico,Patía,Río Guáitara,2022,19,Andes,En revisión,8,8,0,11.651291847229,11.651291847229,0,20.7986621856689,20.2820682525635,3.93818187713623,4.62545442581177,5,5,0.789855062961578,0.967391312122345,1,1,22,1.03999996185303,8.31999969482422
04,2021-04-18,52050040,30,En revisión,SANDONA [52050040],Pluviométrica,Convencional,Activa,Nariño,Sandoná,1.3223,-77.4792,20,9/15/1963,,Cudayari,Pacifico,Patía,Río Guáitara,2021,18,Andes,En revisión,30,30,0,25.005578994751,25.005578994751,0,9.69066715240479,2.77752637863159,3.93818187713623,4.62545442581177,5,5,0.789855062961578,0.967391312122345,1,1,22,1.03999996185303,31.1999988555908
04,2023-04-15,52050040,28,En revisión,SANDONA [52050040],Pluviométrica,Convencional,Activa,Nariño,Sandoná,1.3223,-77.4792,20,9/15/1963,,Cudayari,Pacifico,Patía,Río Guáitara,2023,15,Andes,En revisión,28,28,0,14.5718612670898,14.5718612670898,0,4.92092561721802,3.57074975967407,3.93818187713623,4.62545442581177,5,5,0.789855062961578,0.967391312122345,1,1,21,1.03999996185303,29.1199989318848
04,2022-04-14,52050040,,"",SANDONA [52050040],Pluviométrica,Convencional,Activa,Nariño,Sandoná,1.3223,-77.4792,20,9/15/1963,,Cudayari,Pacifico,Patía,Río Guáitara,2022,14,Andes,Preliminar,0,0,0,2.10492634773254,2.10492634773254,0,2.30767726898193,2.49680352210999,3.93818187713623,4.62545442581177,5,5,0.789855062961578,0.967391312122345,1,1,21,1.03999996185303,0
04,2021-04-13,52050040,,"",SANDONA [52050040],Pluviométrica,Convencional,Activa,Nariño,Sandoná,1.3223,-77.4792,20,9/15/1963,,Cudayari,Pacifico,Patía,Río Guáitara,2021,13,Andes,Preliminar,0,0,0,3.55673742294312,3.55673742294312,0,1.9068706035614,1.5884895324707,3.93818187713623,4.62545442581177,5,5,0.789855062961578,0.967391312122345,1,1,21,1.03999996185303,0
04,2022-04-11,52050040,3,En revisión,SANDONA [52050040],Pluviométrica,Convencional,Activa,Nariño,Sandoná,1.3223,-77.4792,20,9/15/1963,,Cudayari,Pacifico,Patía,Río Guáitara,2022,11,Andes,En revisión,3,3,0,2.75112342834473,2.75112342834473,3.41649842262268,1.25074458122253,1.12115430831909,3.93818187713623,4.62545442581177,5,5,0.789855062961578,0.967391312122345,1,1,21,1.03999996185303,3.11999988555908
04,2023-04-09,52050040,,"",SANDONA [52050040],Pluviométrica,Convencional,Activa,Nariño,Sandoná,1.3223,-77.4792,20,9/15/1963,,Cudayari,Pacifico,Patía,Río Guáitara,2023,09,Andes,Preliminar,0,0,0,4.85946559906006,4.85946559906006,6.97039794921875,5.71542358398438,24.1693935394287,3.93818187713623,4.62545442581177,5,5,0.789855062961578,0.967391312122345,1,1,20,1.03999996185303,0
04,2023-04-08,52050040,9,En revisión,SANDONA [52050040],Pluviométrica,Convencional,Activa,Nariño,Sandoná,1.3223,-77.4792,20,9/15/1963,,Cudayari,Pacifico,Patía,Río Guáitara,2023,08,Andes,En revisión,9,9,0,11.2109260559082,11.2109260559082,6.97039794921875,2.4069550037384,2.57252311706543,3.93818187713623,4.62545442581177,5,5,0.789855062961578,0.967391312122345,1,1,20,1.03999996185303,9.35999965667725
04,2023-04-07,52050040,7,En revisión,SANDONA [52050040],Pluviométrica,Convencional,Activa,Nariño,Sandoná,1.3223,-77.4792,20,9/15/1963,,Cudayari,Pacifico,Patía,Río Guáitara,2023,07,Andes,En revisión,7,7,0,13.3011837005615,13.3011837005615,3.48519897460938,5.18292999267578,1.0898562669754,3.93818187713623,4.62545442581177,5,5,0.789855062961578,0.967391312122345,1,1,20,1.03999996185303,7.27999973297119
04,2002-04-24,52050040,33,Definitivo,SANDONA [52050040],Pluviométrica,Convencional,Activa,Nariño,Sandoná,1.3223,-77.4792,20,9/15/1963,,Cudayari,Pacifico,Patía,Río Guáitara,2002,24,Andes,Definitivo,33,33,0,5.27291822433472,5.27291822433472,10.4306306838989,16.9677448272705,39.9028549194336,3.93818187713623,4.62545442581177,5,5,0.789855062961578,0.967391312122345,1,1,23,1.03999996185303,34.3199987411499
04,2001-04-25,52050040,,"",SANDONA [52050040],Pluviométrica,Convencional,Activa,Nariño,Sandoná,1.3223,-77.4792,20,9/15/1963,,Cudayari,Pacifico,Patía,Río Guáitara,2001,25,Andes,Preliminar,0,0,0,0.0975409969687462,0.0975409969687462,0,0,0,3.93818187713623,4.62545442581177,5,5,0.789855062961578,0.967391312122345,1,1,23,1.03999996185303,0
04,2001-04-24,52050040,,"",SANDONA [52050040],Pluviométrica,Convencional,Activa,Nariño,Sandoná,1.3223,-77.4792,20,9/15/1963,,Cudayari,Pacifico,Patía,Río Guáitara,2001,24,Andes,Preliminar,0,0,0,0.51209020614624,0.51209020614624,0,0,0,3.93818187713623,4.62545442581177,5,5,0.789855062961578,0.967391312122345,1,1,23,1.03999996185303,0
04,2003-04-21,52050040,29,Definitivo,SANDONA [52050040],Pluviométrica,Convencional,Activa,Nariño,Sandoná,1.3223,-77.4792,20,9/15/1963,,Cudayari,Pacifico,Patía,Río Guáitara,2003,21,Andes,Definitivo,29,29,0,10.6126661300659,10.6126661300659,12.1254634857178,9.10140514373779,8.69238948822022,3.93818187713623,4.62545442581177,5,5,0.789855062961578,0.967391312122345,1,1,23,1.03999996185303,30.1599988937378
04,2003-04-20,52050040,,"",SANDONA [52050040],Pluviométrica,Convencional,Activa,Nariño,Sandoná,1.3223,-77.4792,20,9/15/1963,,Cudayari,Pacifico,Patía,Río Guáitara,2003,20,Andes,Preliminar,0,0,0,9.0981502532959,9.0981502532959,0,7.029700756073,15.1602401733398,3.93818187713623,4.62545442581177,5,5,0.789855062961578,0.967391312122345,1,1,22,1.03999996185303,0
04,2002-04-21,52050040,,"",SANDONA [52050040],Pluviométrica,Convencional,Activa,Nariño,Sandoná,1.3223,-77.4792,20,9/15/1963,,Cudayari,Pacifico,Patía,Río Guáitara,2002,21,Andes,Preliminar,0,0,0,2.09197306632996,2.09197306632996,31.2918930053711,1.89919400215149,0.0273569542914629,3.93818187713623,4.62545442581177,5,5,0.789855062961578,0.967391312122345,1,1,23,1.03999996185303,0
04,2002-04-20,52050040,,"",SANDONA [52050040],Pluviométrica,Convencional,Activa,Nariño,Sandoná,1.3223,-77.4792,20,9/15/1963,,Cudayari,Pacifico,Patía,Río Guáitara,2002,20,Andes,Preliminar,0,0,0,7.28595781326294,7.28595781326294,14.7627868652344,6.36615180969238,17.4929752349854,3.93818187713623,4.62545442581177,5,5,0.789855062961578,0.967391312122345,1,1,22,1.03999996185303,0
04,2001-04-19,52050040,,"",SANDONA [52050040],Pluviométrica,Convencional,Activa,Nariño,Sandoná,1.3223,-77.4792,20,9/15/1963,,Cudayari,Pacifico,Patía,Río Guáitara,2001,19,Andes,Preliminar,0,0,0,6.56861782073975,6.56861782073975,10.6012115478516,12.8178930282593,14.4783849716187,3.93818187713623,4.62545442581177,5,5,0.789855062961578,0.967391312122345,1,1,22,1.03999996185303,0
04,2001-04-16,52050040,,"",SANDONA [52050040],Pluviométrica,Convencional,Activa,Nariño,Sandoná,1.3223,-77.4792,20,9/15/1963,,Cudayari,Pacifico,Patía,Río Guáitara,2001,16,Andes,Preliminar,0,0,0,1.17822730541229,1.17822730541229,0,1.23268473148346,0.264646798372269,3.93818187713623,4.62545442581177,5,5,0.789855062961578,0.967391312122345,1,1,22,1.03999996185303,0
04,2003-04-13,52050040,6,Definitivo,SANDONA [52050040],Pluviométrica,Convencional,Activa,Nariño,Sandoná,1.3223,-77.4792,20,9/15/1963,,Cudayari,Pacifico,Patía,Río Guáitara,2003,13,Andes,Definitivo,6,6,0,1.6793133020401,1.6793133020401,0,8.22557640075684,16.1194381713867,3.93818187713623,4.62545442581177,5,5,0.789855062961578,0.967391312122345,1,1,21,1.03999996185303,6.23999977111816
04,2001-04-11,52050040,,"",SANDONA [52050040],Pluviométrica,Convencional,Activa,Nariño,Sandoná,1.3223,-77.4792,20,9/15/1963,,Cudayari,Pacifico,Patía,Río Guáitara,2001,11,Andes,Preliminar,0,0,0,2.37457585334778,2.37457585334778,0,5.22405815124512,3.49848365783691,3.93818187713623,4.62545442581177,5,5,0.789855062961578,0.967391312122345,1,1,21,1.03999996185303,0
04,2003-04-08,52050040,10,Definitivo,SANDONA [52050040],Pluviométrica,Convencional,Activa,Nariño,Sandoná,1.3223,-77.4792,20,9/15/1963,,Cudayari,Pacifico,Patía,Río Guáitara,2003,08,Andes,Definitivo,10,10,0,8.56344699859619,8.56344699859619,0,9.33695030212402,8.53313159942627,3.93818187713623,4.62545442581177,5,5,0.789855062961578,0.967391312122345,1,1,20,1.03999996185303,10.3999996185303
04,2003-04-05,52050040,,"",SANDONA [52050040],Pluviométrica,Convencional,Activa,Nariño,Sandoná,1.3223,-77.4792,20,9/15/1963,,Cudayari,Pacifico,Patía,Río Guáitara,2003,05,Andes,Preliminar,0,0,0,1.50618255138397,1.50618255138397,0,0,0,3.93818187713623,4.62545442581177,5,5,0.789855062961578,0.967391312122345,1,1,19,1.03999996185303,0
04,2004-04-04,52050040,,"",SANDONA [52050040],Pluviométrica,Convencional,Activa,Nariño,Sandoná,1.3223,-77.4792,20,9/15/1963,,Cudayari,Pacifico,Patía,Río Guáitara,2004,04,Andes,Preliminar,0,0,0,5.7819390296936,5.7819390296936,0,2.22829103469849,1.51430022716522,3.93818187713623,4.62545442581177,5,5,0.789855062961578,0.967391312122345,1,1,19,1.03999996185303,0
04,2004-04-05,52050040,,"",SANDONA [52050040],Pluviométrica,Convencional,Activa,Nariño,Sandoná,1.3223,-77.4792,20,9/15/1963,,Cudayari,Pacifico,Patía,Río Guáitara,2004,05,Andes,Preliminar,0,0,0,0,0,0,0.232528939843178,0.0982838943600655,3.93818187713623,4.62545442581177,5,5,0.789855062961578,0.967391312122345,1,1,19,1.03999996185303,0
04,2007-04-04,52050040,3,Definitivo,SANDONA [52050040],Pluviométrica,Convencional,Activa,Nariño,Sandoná,1.3223,-77.4792,20,9/15/1963,,Cudayari,Pacifico,Patía,Río Guáitara,2007,04,Andes,Definitivo,3,3,0,11.1767120361328,11.1767120361328,0,7.63615608215332,12.8248310089111,3.93818187713623,4.62545442581177,5,5,0.789855062961578,0.967391312122345,1,1,19,1.03999996185303,3.11999988555908
04,2008-04-07,52050040,0,Definitivo,SANDONA [52050040],Pluviométrica,Convencional,Activa,Nariño,Sandoná,1.3223,-77.4792,20,9/15/1963,,Cudayari,Pacifico,Patía,Río Guáitara,2008,07,Andes,Definitivo,0,0,0,13.9131603240967,13.9131603240967,14.4427890777588,7.93813562393189,21.2319641113281,3.93818187713623,4.62545442581177,5,5,0.789855062961578,0.967391312122345,1,1,20,1.03999996185303,0
04,2010-04-08,52050040,3,Definitivo,SANDONA [52050040],Pluviométrica,Convencional,Activa,Nariño,Sandoná,1.3223,-77.4792,20,9/15/1963,,Cudayari,Pacifico,Patía,Río Guáitara,2010,08,Andes,Definitivo,3,3,0,2.46077060699463,2.46077060699463,11.0262908935547,11.1277027130127,10.9632205963135,3.93818187713623,4.62545442581177,5,5,0.789855062961578,0.967391312122345,1,1,20,1.03999996185303,3.11999988555908
04,2013-04-06,52050040,,"",SANDONA [52050040],Pluviométrica,Convencional,Activa,Nariño,Sandoná,1.3223,-77.4792,20,9/15/1963,,Cudayari,Pacifico,Patía,Río Guáitara,2013,06,Andes,Preliminar,0,0,0,2.69593262672424,2.69593262672424,0,2.08459496498108,0,3.93818187713623,4.62545442581177,5,5,0.789855062961578,0.967391312122345,1,1,20,1.03999996185303,0
04,2015-04-07,52050040,,"",SANDONA [52050040],Pluviométrica,Convencional,Activa,Nariño,Sandoná,1.3223,-77.4792,20,9/15/1963,,Cudayari,Pacifico,Patía,Río Guáitara,2015,07,Andes,Preliminar,0,0,0,2.3258593082428,2.3258593082428,0,0.0314966812729836,0.0497500970959663,3.93818187713623,4.62545442581177,5,5,0.789855062961578,0.967391312122345,1,1,20,1.03999996185303,0
04,2014-04-11,52050040,,"",SANDONA [52050040],Pluviométrica,Convencional,Activa,Nariño,Sandoná,1.3223,-77.4792,20,9/15/1963,,Cudayari,Pacifico,Patía,Río Guáitara,2014,11,Andes,Preliminar,0,0,0,3.53824090957642,3.53824090957642,0,0.893709063529968,0,3.93818187713623,4.62545442581177,5,5,0.789855062961578,0.967391312122345,1,1,21,1.03999996185303,0
04,2013-04-14,52050040,,"",SANDONA [52050040],Pluviométrica,Convencional,Activa,Nariño,Sandoná,1.3223,-77.4792,20,9/15/1963,,Cudayari,Pacifico,Patía,Río Guáitara,2013,14,Andes,Preliminar,0,0,0,11.8142137527466,11.8142137527466,3.20227909088135,4.32877492904663,6.42364358901978,3.93818187713623,4.62545442581177,5,5,0.789855062961578,0.967391312122345,1,1,21,1.03999996185303,0
04,2013-04-15,52050040,,"",SANDONA [52050040],Pluviométrica,Convencional,Activa,Nariño,Sandoná,1.3223,-77.4792,20,9/15/1963,,Cudayari,Pacifico,Patía,Río Guáitara,2013,15,Andes,Preliminar,0,0,0,4.27002429962158,4.27002429962158,0,2.29278588294983,5.94426727294922,3.93818187713623,4.62545442581177,5,5,0.789855062961578,0.967391312122345,1,1,21,1.03999996185303,0
04,2011-04-22,52050040,,"",SANDONA [52050040],Pluviométrica,Convencional,Activa,Nariño,Sandoná,1.3223,-77.4792,20,9/15/1963,,Cudayari,Pacifico,Patía,Río Guáitara,2011,22,Andes,Preliminar,0,0,0,9.19588947296143,9.19588947296143,13.5952806472778,31.3988208770752,25.5338077545166,3.93818187713623,4.62545442581177,5,5,0.789855062961578,0.967391312122345,1,1,23,1.03999996185303,0
04,2013-04-22,52050040,8,Definitivo,SANDONA [52050040],Pluviométrica,Convencional,Activa,Nariño,Sandoná,1.3223,-77.4792,20,9/15/1963,,Cudayari,Pacifico,Patía,Río Guáitara,2013,22,Andes,Definitivo,8,8,0,3.69211220741272,3.69211220741272,0,7.94249582290649,21.6928653717041,3.93818187713623,4.62545442581177,5,5,0.789855062961578,0.967391312122345,1,1,23,1.03999996185303,8.31999969482422
04,2016-04-20,52050040,,"",SANDONA [52050040],Pluviométrica,Convencional,Activa,Nariño,Sandoná,1.3223,-77.4792,20,9/15/1963,,Cudayari,Pacifico,Patía,Río Guáitara,2016,20,Andes,Preliminar,0,0,0,0.747366726398468,0.747366726398468,0,0.977326631546021,0,3.93818187713623,4.62545442581177,5,5,0.789855062961578,0.967391312122345,1,1,22,1.03999996185303,0
04,2017-04-24,52050040,,"",SANDONA [52050040],Pluviométrica,Convencional,Activa,Nariño,Sandoná,1.3223,-77.4792,20,9/15/1963,,Cudayari,Pacifico,Patía,Río Guáitara,2017,24,Andes,Preliminar,0,0,0,10.0023288726807,10.0023288726807,0,4.72590923309326,2.74292325973511,3.93818187713623,4.62545442581177,5,5,0.789855062961578,0.967391312122345,1,1,23,1.03999996185303,0
04,2020-04-22,52050040,23,En revisión,SANDONA [52050040],Pluviométrica,Convencional,Activa,Nariño,Sandoná,1.3223,-77.4792,20,9/15/1963,,Cudayari,Pacifico,Patía,Río Guáitara,2020,22,Andes,En revisión,23,23,0,4.93464183807373,4.93464183807373,0,8.9689302444458,0.75158965587616,3.93818187713623,4.62545442581177,5,5,0.789855062961578,0.967391312122345,1,1,23,1.03999996185303,23.9199991226196
04,2022-04-23,52050040,0,En revisión,SANDONA [52050040],Pluviométrica,Convencional,Activa,Nariño,Sandoná,1.3223,-77.4792,20,9/15/1963,,Cudayari,Pacifico,Patía,Río Guáitara,2022,23,Andes,En revisión,0,0,0,1.39905035495758,1.39905035495758,0,6.11308240890503,1.01444125175476,3.93818187713623,4.62545442581177,5,5,0.789855062961578,0.967391312122345,1,1,23,1.03999996185303,0
04,2018-04-25,52050040,,"",SANDONA [52050040],Pluviométrica,Convencional,Activa,Nariño,Sandoná,1.3223,-77.4792,20,9/15/1963,,Cudayari,Pacifico,Patía,Río Guáitara,2018,25,Andes,Preliminar,0,0,0,12.937783241272,12.937783241272,0,2.85662984848022,11.4186592102051,3.93818187713623,4.62545442581177,5,5,0.789855062961578,0.967391312122345,1,1,23,1.03999996185303,0
04,2022-04-21,52050040,9,En revisión,SANDONA [52050040],Pluviométrica,Convencional,Activa,Nariño,Sandoná,1.3223,-77.4792,20,9/15/1963,,Cudayari,Pacifico,Patía,Río Guáitara,2022,21,Andes,En revisión,9,9,0,9.76574420928955,9.76574420928955,0,5.55179309844971,4.09412479400635,3.93818187713623,4.62545442581177,5,5,0.789855062961578,0.967391312122345,1,1,23,1.03999996185303,9.35999965667725
04,2021-04-20,52050040,24,En revisión,SANDONA [52050040],Pluviométrica,Convencional,Activa,Nariño,Sandoná,1.3223,-77.4792,20,9/15/1963,,Cudayari,Pacifico,Patía,Río Guáitara,2021,20,Andes,En revisión,24,24,0,6.99508762359619,6.99508762359619,0,4.34843826293945,14.8770961761475,3.93818187713623,4.62545442581177,5,5,0.789855062961578,0.967391312122345,1,1,22,1.03999996185303,24.9599990844727
04,2020-04-19,52050040,,"",SANDONA [52050040],Pluviométrica,Convencional,Activa,Nariño,Sandoná,1.3223,-77.4792,20,9/15/1963,,Cudayari,Pacifico,Patía,Río Guáitara,2020,19,Andes,Preliminar,0,0,0,0.809910237789154,0.809910237789154,0,0.439343243837357,0,3.93818187713623,4.62545442581177,5,5,0.789855062961578,0.967391312122345,1,1,22,1.03999996185303,0
04,2022-04-16,52050040,7,En revisión,SANDONA [52050040],Pluviométrica,Convencional,Activa,Nariño,Sandoná,1.3223,-77.4792,20,9/15/1963,,Cudayari,Pacifico,Patía,Río Guáitara,2022,16,Andes,En revisión,7,7,0,5.53907060623169,5.53907060623169,0,8.06785392761231,1.98862934112549,3.93818187713623,4.62545442581177,5,5,0.789855062961578,0.967391312122345,1,1,22,1.03999996185303,7.27999973297119
04,2021-04-15,52050040,1,En revisión,SANDONA [52050040],Pluviométrica,Convencional,Activa,Nariño,Sandoná,1.3223,-77.4792,20,9/15/1963,,Cudayari,Pacifico,Patía,Río Guáitara,2021,15,Andes,En revisión,1,1,0,6.30431747436523,6.30431747436523,0,4.64194536209106,0.908514440059662,3.93818187713623,4.62545442581177,5,5,0.789855062961578,0.967391312122345,1,1,21,1.03999996185303,1.03999996185303
04,2023-04-12,52050040,10,En revisión,SANDONA [52050040],Pluviométrica,Convencional,Activa,Nariño,Sandoná,1.3223,-77.4792,20,9/15/1963,,Cudayari,Pacifico,Patía,Río Guáitara,2023,12,Andes,En revisión,10,10,0,5.89317035675049,5.89317035675049,20.2038421630859,4.62183380126953,0.882600545883179,3.93818187713623,4.62545442581177,5,5,0.789855062961578,0.967391312122345,1,1,21,1.03999996185303,10.3999996185303
04,2021-04-12,52050040,2,En revisión,SANDONA [52050040],Pluviométrica,Convencional,Activa,Nariño,Sandoná,1.3223,-77.4792,20,9/15/1963,,Cudayari,Pacifico,Patía,Río Guáitara,2021,12,Andes,En revisión,2,2,0,6.06832933425903,6.06832933425903,21.7806129455566,5.15048027038574,13.701075553894,3.93818187713623,4.62545442581177,5,5,0.789855062961578,0.967391312122345,1,1,21,1.03999996185303,2.07999992370605
04,2022-04-10,52050040,4,En revisión,SANDONA [52050040],Pluviométrica,Convencional,Activa,Nariño,Sandoná,1.3223,-77.4792,20,9/15/1963,,Cudayari,Pacifico,Patía,Río Guáitara,2022,10,Andes,En revisión,4,4,0,4.26238250732422,4.26238250732422,12.3766078948975,5.85602951049805,16.6265182495117,3.93818187713623,4.62545442581177,5,5,0.789855062961578,0.967391312122345,1,1,20,1.03999996185303,4.15999984741211
04,2022-04-09,52050040,10,En revisión,SANDONA [52050040],Pluviométrica,Convencional,Activa,Nariño,Sandoná,1.3223,-77.4792,20,9/15/1963,,Cudayari,Pacifico,Patía,Río Guáitara,2022,09,Andes,En revisión,10,10,0,5.04135656356812,5.04135656356812,0,4.13847732543945,2.04664063453674,3.93818187713623,4.62545442581177,5,5,0.789855062961578,0.967391312122345,1,1,20,1.03999996185303,10.3999996185303
04,2022-04-08,52050040,9,En revisión,SANDONA [52050040],Pluviométrica,Convencional,Activa,Nariño,Sandoná,1.3223,-77.4792,20,9/15/1963,,Cudayari,Pacifico,Patía,Río Guáitara,2022,08,Andes,En revisión,9,9,0,4.11077976226807,4.11077976226807,12.3766078948975,7.013596534729,9.7459077835083,3.93818187713623,4.62545442581177,5,5,0.789855062961578,0.967391312122345,1,1,20,1.03999996185303,9.35999965667725
04,2023-04-06,52050040,8,En revisión,SANDONA [52050040],Pluviométrica,Convencional,Activa,Nariño,Sandoná,1.3223,-77.4792,20,9/15/1963,,Cudayari,Pacifico,Patía,Río Guáitara,2023,06,Andes,En revisión,8,8,0,17.0704021453857,17.0704021453857,6.97039794921875,14.7151384353638,8.44157218933106,3.93818187713623,4.62545442581177,5,5,0.789855062961578,0.967391312122345,1,1,20,1.03999996185303,8.31999969482422
04,2023-04-05,52050040,14,En revisión,SANDONA [52050040],Pluviométrica,Convencional,Activa,Nariño,Sandoná,1.3223,-77.4792,20,9/15/1963,,Cudayari,Pacifico,Patía,Río Guáitara,2023,05,Andes,En revisión,14,14,0,19.0087890625,19.0087890625,23.4868183135986,3.94453287124634,6.49046802520752,3.93818187713623,4.62545442581177,5,5,0.789855062961578,0.967391312122345,1,1,19,1.03999996185303,14.5599994659424
04,2023-04-04,52050040,,"",SANDONA [52050040],Pluviométrica,Convencional,Activa,Nariño,Sandoná,1.3223,-77.4792,20,9/15/1963,,Cudayari,Pacifico,Patía,Río Guáitara,2023,04,Andes,Preliminar,0,0,0,4.75713968276978,4.75713968276978,35.230224609375,6.3729944229126,16.1015148162842,3.93818187713623,4.62545442581177,5,5,0.789855062961578,0.967391312122345,1,1,19,1.03999996185303,0
04,2002-04-22,52050040,14,Definitivo,SANDONA [52050040],Pluviométrica,Convencional,Activa,Nariño,Sandoná,1.3223,-77.4792,20,9/15/1963,,Cudayari,Pacifico,Patía,Río Guáitara,2002,22,Andes,Definitivo,14,14,0,3.65378904342651,3.65378904342651,0,4.09360551834106,5.3455491065979,3.93818187713623,4.62545442581177,5,5,0.789855062961578,0.967391312122345,1,1,23,1.03999996185303,14.5599994659424
04,2001-04-23,52050040,,"",SANDONA [52050040],Pluviométrica,Convencional,Activa,Nariño,Sandoná,1.3223,-77.4792,20,9/15/1963,,Cudayari,Pacifico,Patía,Río Guáitara,2001,23,Andes,Preliminar,0,0,0,0.719364762306213,0.719364762306213,0,0,0,3.93818187713623,4.62545442581177,5,5,0.789855062961578,0.967391312122345,1,1,23,1.03999996185303,0
04,2001-04-22,52050040,10,Definitivo,SANDONA [52050040],Pluviométrica,Convencional,Activa,Nariño,Sandoná,1.3223,-77.4792,20,9/15/1963,,Cudayari,Pacifico,Patía,Río Guáitara,2001,22,Andes,Definitivo,10,10,0,6.51086044311523,6.51086044311523,0,0,0,3.93818187713623,4.62545442581177,5,5,0.789855062961578,0.967391312122345,1,1,23,1.03999996185303,10.3999996185303
04,2001-04-21,52050040,,"",SANDONA [52050040],Pluviométrica,Convencional,Activa,Nariño,Sandoná,1.3223,-77.4792,20,9/15/1963,,Cudayari,Pacifico,Patía,Río Guáitara,2001,21,Andes,Preliminar,2,2,0,5.23063564300537,5.23063564300537,0,0,0,3.93818187713623,4.62545442581177,5,5,0.789855062961578,0.967391312122345,1,1,23,1.03999996185303,2.07999992370605
04,2003-04-18,52050040,7,Definitivo,SANDONA [52050040],Pluviométrica,Convencional,Activa,Nariño,Sandoná,1.3223,-77.4792,20,9/15/1963,,Cudayari,Pacifico,Patía,Río Guáitara,2003,18,Andes,Definitivo,7,7,0,7.66826057434082,7.66826057434082,10.4252281188965,6.90633535385132,3.51541757583618,3.93818187713623,4.62545442581177,5,5,0.789855062961578,0.967391312122345,1,1,22,1.03999996185303,7.27999973297119
04,2001-04-18,52050040,3,Definitivo,SANDONA [52050040],Pluviométrica,Convencional,Activa,Nariño,Sandoná,1.3223,-77.4792,20,9/15/1963,,Cudayari,Pacifico,Patía,Río Guáitara,2001,18,Andes,Definitivo,3,3,0,0.412379533052444,0.412379533052444,0,1.94244611263275,2.60236024856567,3.93818187713623,4.62545442581177,5,5,0.789855062961578,0.967391312122345,1,1,22,1.03999996185303,3.11999988555908
04,2001-04-15,52050040,,"",SANDONA [52050040],Pluviométrica,Convencional,Activa,Nariño,Sandoná,1.3223,-77.4792,20,9/15/1963,,Cudayari,Pacifico,Patía,Río Guáitara,2001,15,Andes,Preliminar,0,0,0,1.73204350471497,1.73204350471497,0,2.60381770133972,0.479244321584702,3.93818187713623,4.62545442581177,5,5,0.789855062961578,0.967391312122345,1,1,21,1.03999996185303,0
04,2003-04-10,52050040,8,Definitivo,SANDONA [52050040],Pluviométrica,Convencional,Activa,Nariño,Sandoná,1.3223,-77.4792,20,9/15/1963,,Cudayari,Pacifico,Patía,Río Guáitara,2003,10,Andes,Definitivo,8,8,0,9.56069374084473,9.56069374084473,0,3.70826363563538,0.887813746929169,3.93818187713623,4.62545442581177,5,5,0.789855062961578,0.967391312122345,1,1,20,1.03999996185303,8.31999969482422
04,2002-04-09,52050040,9,Definitivo,SANDONA [52050040],Pluviométrica,Convencional,Activa,Nariño,Sandoná,1.3223,-77.4792,20,9/15/1963,,Cudayari,Pacifico,Patía,Río Guáitara,2002,09,Andes,Definitivo,9,9,0,1.23416590690613,1.23416590690613,0,2.55595064163208,10.5251550674438,3.93818187713623,4.62545442581177,5,5,0.789855062961578,0.967391312122345,1,1,20,1.03999996185303,9.35999965667725
04,2001-04-08,52050040,,"",SANDONA [52050040],Pluviométrica,Convencional,Activa,Nariño,Sandoná,1.3223,-77.4792,20,9/15/1963,,Cudayari,Pacifico,Patía,Río Guáitara,2001,08,Andes,Preliminar,0,0,0,4.93976163864136,4.93976163864136,0,0,0,3.93818187713623,4.62545442581177,5,5,0.789855062961578,0.967391312122345,1,1,20,1.03999996185303,0
04,2002-04-04,52050040,,"",SANDONA [52050040],Pluviométrica,Convencional,Activa,Nariño,Sandoná,1.3223,-77.4792,20,9/15/1963,,Cudayari,Pacifico,Patía,Río Guáitara,2002,04,Andes,Preliminar,0,0,0,2.43222403526306,2.43222403526306,0,2.55116391181946,0.952855229377747,3.93818187713623,4.62545442581177,5,5,0.789855062961578,0.967391312122345,1,1,19,1.03999996185303,0
04,2002-04-05,52050040,,"",SANDONA [52050040],Pluviométrica,Convencional,Activa,Nariño,Sandoná,1.3223,-77.4792,20,9/15/1963,,Cudayari,Pacifico,Patía,Río Guáitara,2002,05,Andes,Preliminar,0,0,0,3.94292235374451,3.94292235374451,0,2.64428186416626,0.301174968481064,3.93818187713623,4.62545442581177,5,5,0.789855062961578,0.967391312122345,1,1,19,1.03999996185303,0
04,2002-04-06,52050040,28,Definitivo,SANDONA [52050040],Pluviométrica,Convencional,Activa,Nariño,Sandoná,1.3223,-77.4792,20,9/15/1963,,Cudayari,Pacifico,Patía,Río Guáitara,2002,06,Andes,Definitivo,28,28,0,7.78390598297119,7.78390598297119,0,7.5460376739502,0.516860246658325,3.93818187713623,4.62545442581177,5,5,0.789855062961578,0.967391312122345,1,1,20,1.03999996185303,29.1199989318848
04,2009-04-04,52050040,,"",SANDONA [52050040],Pluviométrica,Convencional,Activa,Nariño,Sandoná,1.3223,-77.4792,20,9/15/1963,,Cudayari,Pacifico,Patía,Río Guáitara,2009,04,Andes,Preliminar,0,0,0,6.09919357299805,6.09919357299805,2.78030323982239,1.14703381061554,0.814799070358276,3.93818187713623,4.62545442581177,5,5,0.789855062961578,0.967391312122345,1,1,19,1.03999996185303,0
04,2009-04-05,52050040,,"",SANDONA [52050040],Pluviométrica,Convencional,Activa,Nariño,Sandoná,1.3223,-77.4792,20,9/15/1963,,Cudayari,Pacifico,Patía,Río Guáitara,2009,05,Andes,Preliminar,0,0,0,7.59843683242798,7.59843683242798,0,0.767472386360169,0.00192623899783939,3.93818187713623,4.62545442581177,5,5,0.789855062961578,0.967391312122345,1,1,19,1.03999996185303,0
04,2008-04-08,52050040,2,Definitivo,SANDONA [52050040],Pluviométrica,Convencional,Activa,Nariño,Sandoná,1.3223,-77.4792,20,9/15/1963,,Cudayari,Pacifico,Patía,Río Guáitara,2008,08,Andes,Definitivo,2,2,0,7.56522560119629,7.56522560119629,7.2213945388794,5.97037601470947,1.89477908611298,3.93818187713623,4.62545442581177,5,5,0.789855062961578,0.967391312122345,1,1,20,1.03999996185303,2.07999992370605
04,2011-04-07,52050040,1,Definitivo,SANDONA [52050040],Pluviométrica,Convencional,Activa,Nariño,Sandoná,1.3223,-77.4792,20,9/15/1963,,Cudayari,Pacifico,Patía,Río Guáitara,2011,07,Andes,Definitivo,1,1,0,7.92067670822144,7.92067670822144,9.4687557220459,6.99252510070801,2.6053638458252,3.93818187713623,4.62545442581177,5,5,0.789855062961578,0.967391312122345,1,1,20,1.03999996185303,1.03999996185303
04,2015-04-08,52050040,,"",SANDONA [52050040],Pluviométrica,Convencional,Activa,Nariño,Sandoná,1.3223,-77.4792,20,9/15/1963,,Cudayari,Pacifico,Patía,Río Guáitara,2015,08,Andes,Preliminar,0,0,0,2.4844012260437,2.4844012260437,0,0.0561137199401856,0.00160484167281538,3.93818187713623,4.62545442581177,5,5,0.789855062961578,0.967391312122345,1,1,20,1.03999996185303,0
04,2015-04-09,52050040,,"",SANDONA [52050040],Pluviométrica,Convencional,Activa,Nariño,Sandoná,1.3223,-77.4792,20,9/15/1963,,Cudayari,Pacifico,Patía,Río Guáitara,2015,09,Andes,Preliminar,0,0,0,0.874198794364929,0.874198794364929,0,0.0581504255533218,0.0930808186531067,3.93818187713623,4.62545442581177,5,5,0.789855062961578,0.967391312122345,1,1,20,1.03999996185303,0
04,2014-04-12,52050040,,"",SANDONA [52050040],Pluviométrica,Convencional,Activa,Nariño,Sandoná,1.3223,-77.4792,20,9/15/1963,,Cudayari,Pacifico,Patía,Río Guáitara,2014,12,Andes,Preliminar,0,0,0,2.88309335708618,2.88309335708618,20.9488658905029,1.57356333732605,0.525480508804321,3.93818187713623,4.62545442581177,5,5,0.789855062961578,0.967391312122345,1,1,21,1.03999996185303,0
04,2012-04-18,52050040,33,Definitivo,SANDONA [52050040],Pluviométrica,Convencional,Activa,Nariño,Sandoná,1.3223,-77.4792,20,9/15/1963,,Cudayari,Pacifico,Patía,Río Guáitara,2012,18,Andes,Definitivo,33,33,0,15.082052230835,15.082052230835,0,21.4411163330078,15.4776449203491,3.93818187713623,4.62545442581177,5,5,0.789855062961578,0.967391312122345,1,1,22,1.03999996185303,34.3199987411499
04,2012-04-19,52050040,4,Definitivo,SANDONA [52050040],Pluviométrica,Convencional,Activa,Nariño,Sandoná,1.3223,-77.4792,20,9/15/1963,,Cudayari,Pacifico,Patía,Río Guáitara,2012,19,Andes,Definitivo,4,4,0,4.84620571136475,4.84620571136475,22.0828800201416,27.0528545379639,20.9535541534424,3.93818187713623,4.62545442581177,5,5,0.789855062961578,0.967391312122345,1,1,22,1.03999996185303,4.15999984741211
04,2014-04-20,52050040,,"",SANDONA [52050040],Pluviométrica,Convencional,Activa,Nariño,Sandoná,1.3223,-77.4792,20,9/15/1963,,Cudayari,Pacifico,Patía,Río Guáitara,2014,20,Andes,Preliminar,0,0,0,4.53158283233643,4.53158283233643,0,3.57834196090698,0.476254850625992,3.93818187713623,4.62545442581177,5,5,0.789855062961578,0.967391312122345,1,1,22,1.03999996185303,0
04,2015-04-24,52050040,,"",SANDONA [52050040],Pluviométrica,Convencional,Activa,Nariño,Sandoná,1.3223,-77.4792,20,9/15/1963,,Cudayari,Pacifico,Patía,Río Guáitara,2015,24,Andes,Preliminar,0,0,0,1.83154666423798,1.83154666423798,0,1.00448572635651,0.537957608699799,3.93818187713623,4.62545442581177,5,5,0.789855062961578,0.967391312122345,1,1,23,1.03999996185303,0
04,2015-04-25,52050040,,"",SANDONA [52050040],Pluviométrica,Convencional,Activa,Nariño,Sandoná,1.3223,-77.4792,20,9/15/1963,,Cudayari,Pacifico,Patía,Río Guáitara,2015,25,Andes,Preliminar,0,0,0,1.87332761287689,1.87332761287689,0,1.15123057365417,0.200472146272659,3.93818187713623,4.62545442581177,5,5,0.789855062961578,0.967391312122345,1,1,23,1.03999996185303,0
04,2018-04-23,52050040,7,Definitivo,SANDONA [52050040],Pluviométrica,Convencional,Activa,Nariño,Sandoná,1.3223,-77.4792,20,9/15/1963,,Cudayari,Pacifico,Patía,Río Guáitara,2018,23,Andes,Definitivo,7,7,0,5.25292539596558,5.25292539596558,8.16757488250732,4.5443639755249,1.85308468341827,3.93818187713623,4.62545442581177,5,5,0.789855062961578,0.967391312122345,1,1,23,1.03999996185303,7.27999973297119
04,2020-04-23,52050040,10,En revisión,SANDONA [52050040],Pluviométrica,Convencional,Activa,Nariño,Sandoná,1.3223,-77.4792,20,9/15/1963,,Cudayari,Pacifico,Patía,Río Guáitara,2020,23,Andes,En revisión,10,10,0,3.55356454849243,3.55356454849243,26.7900581359863,12.8822011947632,4.75142860412598,3.93818187713623,4.62545442581177,5,5,0.789855062961578,0.967391312122345,1,1,23,1.03999996185303,10.3999996185303
04,2022-04-20,52050040,18,En revisión,SANDONA [52050040],Pluviométrica,Convencional,Activa,Nariño,Sandoná,1.3223,-77.4792,20,9/15/1963,,Cudayari,Pacifico,Patía,Río Guáitara,2022,20,Andes,En revisión,18,18,0,10.5671052932739,10.5671052932739,0,7.59286975860596,20.7853336334229,3.93818187713623,4.62545442581177,5,5,0.789855062961578,0.967391312122345,1,1,22,1.03999996185303,18.7199993133545
04,2020-04-21,52050040,1,En revisión,SANDONA [52050040],Pluviométrica,Convencional,Activa,Nariño,Sandoná,1.3223,-77.4792,20,9/15/1963,,Cudayari,Pacifico,Patía,Río Guáitara,2020,21,Andes,En revisión,1,1,0,3.38510847091675,3.38510847091675,0,4.64579820632935,1.40815079212189,3.93818187713623,4.62545442581177,5,5,0.789855062961578,0.967391312122345,1,1,23,1.03999996185303,1.03999996185303
04,2022-04-18,52050040,15,En revisión,SANDONA [52050040],Pluviométrica,Convencional,Activa,Nariño,Sandoná,1.3223,-77.4792,20,9/15/1963,,Cudayari,Pacifico,Patía,Río Guáitara,2022,18,Andes,En revisión,15,15,0,5.49454116821289,5.49454116821289,19.0924892425537,21.8282794952393,19.3195095062256,3.93818187713623,4.62545442581177,5,5,0.789855062961578,0.967391312122345,1,1,22,1.03999996185303,15.5999994277954
04,2021-04-17,52050040,,"",SANDONA [52050040],Pluviométrica,Convencional,Activa,Nariño,Sandoná,1.3223,-77.4792,20,9/15/1963,,Cudayari,Pacifico,Patía,Río Guáitara,2021,17,Andes,Preliminar,0,0,0,2.24605059623718,2.24605059623718,23.6954593658447,4.83765935897827,0.979417145252228,3.93818187713623,4.62545442581177,5,5,0.789855062961578,0.967391312122345,1,1,22,1.03999996185303,0
04,2020-04-16,52050040,4,En revisión,SANDONA [52050040],Pluviométrica,Convencional,Activa,Nariño,Sandoná,1.3223,-77.4792,20,9/15/1963,,Cudayari,Pacifico,Patía,Río Guáitara,2020,16,Andes,En revisión,4,4,0,3.8988618850708,3.8988618850708,0,0.358583778142929,1.61067533493042,3.93818187713623,4.62545442581177,5,5,0.789855062961578,0.967391312122345,1,1,22,1.03999996185303,4.15999984741211
04,2022-04-13,52050040,3,En revisión,SANDONA [52050040],Pluviométrica,Convencional,Activa,Nariño,Sandoná,1.3223,-77.4792,20,9/15/1963,,Cudayari,Pacifico,Patía,Río Guáitara,2022,13,Andes,En revisión,3,3,0,2.81297659873962,2.81297659873962,0,0.824309706687927,0.749729037284851,3.93818187713623,4.62545442581177,5,5,0.789855062961578,0.967391312122345,1,1,21,1.03999996185303,3.11999988555908
04,2020-04-13,52050040,,"",SANDONA [52050040],Pluviométrica,Convencional,Activa,Nariño,Sandoná,1.3223,-77.4792,20,9/15/1963,,Cudayari,Pacifico,Patía,Río Guáitara,2020,13,Andes,Preliminar,0,0,0,5.93328189849854,5.93328189849854,17.6835041046143,7.95004177093506,6.06191158294678,3.93818187713623,4.62545442581177,5,5,0.789855062961578,0.967391312122345,1,1,21,1.03999996185303,0
04,2021-04-11,52050040,,"",SANDONA [52050040],Pluviométrica,Convencional,Activa,Nariño,Sandoná,1.3223,-77.4792,20,9/15/1963,,Cudayari,Pacifico,Patía,Río Guáitara,2021,11,Andes,Preliminar,0,0,0,3.76100897789001,3.76100897789001,10.8903064727783,1.76125168800354,0.993158757686615,3.93818187713623,4.62545442581177,5,5,0.789855062961578,0.967391312122345,1,1,21,1.03999996185303,0
04,2021-04-10,52050040,4,En revisión,SANDONA [52050040],Pluviométrica,Convencional,Activa,Nariño,Sandoná,1.3223,-77.4792,20,9/15/1963,,Cudayari,Pacifico,Patía,Río Guáitara,2021,10,Andes,En revisión,4,4,0,1.59398055076599,1.59398055076599,0,0,0,3.93818187713623,4.62545442581177,5,5,0.789855062961578,0.967391312122345,1,1,20,1.03999996185303,4.15999984741211
04,2021-04-09,52050040,,"",SANDONA [52050040],Pluviométrica,Convencional,Activa,Nariño,Sandoná,1.3223,-77.4792,20,9/15/1963,,Cudayari,Pacifico,Patía,Río Guáitara,2021,09,Andes,Preliminar,0,0,0,2.78568434715271,2.78568434715271,0,0,0,3.93818187713623,4.62545442581177,5,5,0.789855062961578,0.967391312122345,1,1,20,1.03999996185303,0
04,2022-04-07,52050040,4,En revisión,SANDONA [52050040],Pluviométrica,Convencional,Activa,Nariño,Sandoná,1.3223,-77.4792,20,9/15/1963,,Cudayari,Pacifico,Patía,Río Guáitara,2022,07,Andes,En revisión,4,4,0,6.42455673217773,6.42455673217773,0,6.67155838012695,0.185172244906425,3.93818187713623,4.62545442581177,5,5,0.789855062961578,0.967391312122345,1,1,20,1.03999996185303,4.15999984741211
04,2022-04-06,52050040,10,En revisión,SANDONA [52050040],Pluviométrica,Convencional,Activa,Nariño,Sandoná,1.3223,-77.4792,20,9/15/1963,,Cudayari,Pacifico,Patía,Río Guáitara,2022,06,Andes,En revisión,10,10,0,4.25829839706421,4.25829839706421,0,4.92457818984985,0,3.93818187713623,4.62545442581177,5,5,0.789855062961578,0.967391312122345,1,1,20,1.03999996185303,10.3999996185303
04,2022-04-05,52050040,15,En revisión,SANDONA [52050040],Pluviométrica,Convencional,Activa,Nariño,Sandoná,1.3223,-77.4792,20,9/15/1963,,Cudayari,Pacifico,Patía,Río Guáitara,2022,05,Andes,En revisión,15,15,0,1.74397933483124,1.74397933483124,0,2.47118616104126,1.00944101810455,3.93818187713623,4.62545442581177,5,5,0.789855062961578,0.967391312122345,1,1,19,1.03999996185303,15.5999994277954
04,2023-04-03,52050040,,"",SANDONA [52050040],Pluviométrica,Convencional,Activa,Nariño,Sandoná,1.3223,-77.4792,20,9/15/1963,,Cudayari,Pacifico,Patía,Río Guáitara,2023,03,Andes,Preliminar,0,0,0,10.3938331604004,10.3938331604004,11.7434091567993,6.88045930862427,4.77113819122315,3.93818187713623,4.62545442581177,5,5,0.789855062961578,0.967391312122345,1,1,19,1.03999996185303,0
04,2023-04-01,52050040,,"",SANDONA [52050040],Pluviométrica,Convencional,Activa,Nariño,Sandoná,1.3223,-77.4792,20,9/15/1963,,Cudayari,Pacifico,Patía,Río Guáitara,2023,01,Andes,Preliminar,0,0,0,10.0634078979492,10.0634078979492,11.7434091567993,6.37106943130493,1.81389212608337,3.93818187713623,4.62545442581177,5,5,0.789855062961578,0.967391312122345,1,1,19,1.03999996185303,0
04,2007-04-06,52050040,,"",SANDONA [52050040],Pluviométrica,Convencional,Activa,Nariño,Sandoná,1.3223,-77.4792,20,9/15/1963,,Cudayari,Pacifico,Patía,Río Guáitara,2007,06,Andes,Preliminar,0,0,0,10.5373067855835,10.5373067855835,15.4259395599365,3.4405689239502,2.67654705047607,3.93818187713623,4.62545442581177,5,5,0.789855062961578,0.967391312122345,1,1,20,1.03999996185303,0
04,2012-04-03,52050040,2,Definitivo,SANDONA [52050040],Pluviométrica,Convencional,Activa,Nariño,Sandoná,1.3223,-77.4792,20,9/15/1963,,Cudayari,Pacifico,Patía,Río Guáitara,2012,03,Andes,Definitivo,2,2,0,3.32571244239807,3.32571244239807,0,2.08506560325623,0.461658477783203,3.93818187713623,4.62545442581177,5,5,0.789855062961578,0.967391312122345,1,1,19,1.03999996185303,2.07999992370605
04,2001-04-20,52050040,,"",SANDONA [52050040],Pluviométrica,Convencional,Activa,Nariño,Sandoná,1.3223,-77.4792,20,9/15/1963,,Cudayari,Pacifico,Patía,Río Guáitara,2001,20,Andes,Preliminar,0,0,0,7.1282753944397,7.1282753944397,21.2024230957031,10.1403284072876,10.9387359619141,3.93818187713623,4.62545442581177,5,5,0.789855062961578,0.967391312122345,1,1,22,1.03999996185303,0
04,2001-04-17,52050040,12,Definitivo,SANDONA [52050040],Pluviométrica,Convencional,Activa,Nariño,Sandoná,1.3223,-77.4792,20,9/15/1963,,Cudayari,Pacifico,Patía,Río Guáitara,2001,17,Andes,Definitivo,12,12,0,2.35645484924316,2.35645484924316,0,2.25001764297485,0.0992425456643105,3.93818187713623,4.62545442581177,5,5,0.789855062961578,0.967391312122345,1,1,22,1.03999996185303,12.4799995422363
04,2003-04-15,52050040,,"",SANDONA [52050040],Pluviométrica,Convencional,Activa,Nariño,Sandoná,1.3223,-77.4792,20,9/15/1963,,Cudayari,Pacifico,Patía,Río Guáitara,2003,15,Andes,Preliminar,0,0,0,6.01753854751587,6.01753854751587,30.103494644165,4.18187761306763,4.0847806930542,3.93818187713623,4.62545442581177,5,5,0.789855062961578,0.967391312122345,1,1,21,1.03999996185303,0
04,2001-04-13,52050040,,"",SANDONA [52050040],Pluviométrica,Convencional,Activa,Nariño,Sandoná,1.3223,-77.4792,20,9/15/1963,,Cudayari,Pacifico,Patía,Río Guáitara,2001,13,Andes,Preliminar,0,0,0,4.07868337631226,4.07868337631226,0,2.52302813529968,10.5194129943848,3.93818187713623,4.62545442581177,5,5,0.789855062961578,0.967391312122345,1,1,21,1.03999996185303,0
04,2001-04-10,52050040,,"",SANDONA [52050040],Pluviométrica,Convencional,Activa,Nariño,Sandoná,1.3223,-77.4792,20,9/15/1963,,Cudayari,Pacifico,Patía,Río Guáitara,2001,10,Andes,Preliminar,0,0,0,2.99190640449524,2.99190640449524,0,0,0,3.93818187713623,4.62545442581177,5,5,0.789855062961578,0.967391312122345,1,1,20,1.03999996185303,0
04,2003-04-07,52050040,,"",SANDONA [52050040],Pluviométrica,Convencional,Activa,Nariño,Sandoná,1.3223,-77.4792,20,9/15/1963,,Cudayari,Pacifico,Patía,Río Guáitara,2003,07,Andes,Preliminar,0,0,0,3.80883598327637,3.80883598327637,0,0.478960126638413,0.832612872123718,3.93818187713623,4.62545442581177,5,5,0.789855062961578,0.967391312122345,1,1,20,1.03999996185303,0
04,2001-04-05,52050040,,"",SANDONA [52050040],Pluviométrica,Convencional,Activa,Nariño,Sandoná,1.3223,-77.4792,20,9/15/1963,,Cudayari,Pacifico,Patía,Río Guáitara,2001,05,Andes,Preliminar,0,0,0,0.681549191474915,0.681549191474915,0,1.46062922477722,0,3.93818187713623,4.62545442581177,5,5,0.789855062961578,0.967391312122345,1,1,19,1.03999996185303,0
04,2003-04-02,52050040,,"",SANDONA [52050040],Pluviométrica,Convencional,Activa,Nariño,Sandoná,1.3223,-77.4792,20,9/15/1963,,Cudayari,Pacifico,Patía,Río Guáitara,2003,02,Andes,Preliminar,0,0,0,0.144593551754951,0.144593551754951,0,0,0,3.93818187713623,4.62545442581177,5,5,0.789855062961578,0.967391312122345,1,1,19,1.03999996185303,0
04,2003-04-03,52050040,,"",SANDONA [52050040],Pluviométrica,Convencional,Activa,Nariño,Sandoná,1.3223,-77.4792,20,9/15/1963,,Cudayari,Pacifico,Patía,Río Guáitara,2003,03,Andes,Preliminar,0,0,0,2.56653523445129,2.56653523445129,0,0,0,3.93818187713623,4.62545442581177,5,5,0.789855062961578,0.967391312122345,1,1,19,1.03999996185303,0
04,2005-04-04,52050040,,"",SANDONA [52050040],Pluviométrica,Convencional,Activa,Nariño,Sandoná,1.3223,-77.4792,20,9/15/1963,,Cudayari,Pacifico,Patía,Río Guáitara,2005,04,Andes,Preliminar,0,0,0,2.44845485687256,2.44845485687256,0,0.495274901390076,3.98559021949768,3.93818187713623,4.62545442581177,5,5,0.789855062961578,0.967391312122345,1,1,19,1.03999996185303,0
04,2007-04-05,52050040,1,Definitivo,SANDONA [52050040],Pluviométrica,Convencional,Activa,Nariño,Sandoná,1.3223,-77.4792,20,9/15/1963,,Cudayari,Pacifico,Patía,Río Guáitara,2007,05,Andes,Definitivo,1,1,0,7.82005071640015,7.82005071640015,18.1069087982178,6.41374969482422,5.07412815093994,3.93818187713623,4.62545442581177,5,5,0.789855062961578,0.967391312122345,1,1,19,1.03999996185303,1.03999996185303
04,2020-04-20,52050040,1,En revisión,SANDONA [52050040],Pluviométrica,Convencional,Activa,Nariño,Sandoná,1.3223,-77.4792,20,9/15/1963,,Cudayari,Pacifico,Patía,Río Guáitara,2020,20,Andes,En revisión,1,1,0,0.661874294281006,0.661874294281006,0,0.15908345580101,0,3.93818187713623,4.62545442581177,5,5,0.789855062961578,0.967391312122345,1,1,22,1.03999996185303,1.03999996185303
04,2018-04-22,52050040,1,Definitivo,SANDONA [52050040],Pluviométrica,Convencional,Activa,Nariño,Sandoná,1.3223,-77.4792,20,9/15/1963,,Cudayari,Pacifico,Patía,Río Guáitara,2018,22,Andes,Definitivo,1,1,0,5.4274754524231,5.4274754524231,0,4.19731330871582,0.091349259018898,3.93818187713623,4.62545442581177,5,5,0.789855062961578,0.967391312122345,1,1,23,1.03999996185303,1.03999996185303
04,2013-04-07,52050040,,"",SANDONA [52050040],Pluviométrica,Convencional,Activa,Nariño,Sandoná,1.3223,-77.4792,20,9/15/1963,,Cudayari,Pacifico,Patía,Río Guáitara,2013,07,Andes,Preliminar,0,0,0,2.41484117507935,2.41484117507935,4.25975799560547,1.47555863857269,0,3.93818187713623,4.62545442581177,5,5,0.789855062961578,0.967391312122345,1,1,20,1.03999996185303,0
04,2013-04-08,52050040,,"",SANDONA [52050040],Pluviométrica,Convencional,Activa,Nariño,Sandoná,1.3223,-77.4792,20,9/15/1963,,Cudayari,Pacifico,Patía,Río Guáitara,2013,08,Andes,Preliminar,0,0,0,4.34818506240845,4.34818506240845,4.25975799560547,1.80874490737915,1.27316331863403,3.93818187713623,4.62545442581177,5,5,0.789855062961578,0.967391312122345,1,1,20,1.03999996185303,0
04,2016-04-06,52050040,12,Definitivo,SANDONA [52050040],Pluviométrica,Convencional,Activa,Nariño,Sandoná,1.3223,-77.4792,20,9/15/1963,,Cudayari,Pacifico,Patía,Río Guáitara,2016,06,Andes,Definitivo,12,12,0,2.40102076530457,2.40102076530457,0,1.07480955123901,7.82170867919922,3.93818187713623,4.62545442581177,5,5,0.789855062961578,0.967391312122345,1,1,20,1.03999996185303,12.4799995422363
04,2014-04-13,52050040,,"",SANDONA [52050040],Pluviométrica,Convencional,Activa,Nariño,Sandoná,1.3223,-77.4792,20,9/15/1963,,Cudayari,Pacifico,Patía,Río Guáitara,2014,13,Andes,Preliminar,0,0,0,1.64036548137665,1.64036548137665,0,0.879233777523041,0.215659588575363,3.93818187713623,4.62545442581177,5,5,0.789855062961578,0.967391312122345,1,1,21,1.03999996185303,0
04,2013-04-16,52050040,,"",SANDONA [52050040],Pluviométrica,Convencional,Activa,Nariño,Sandoná,1.3223,-77.4792,20,9/15/1963,,Cudayari,Pacifico,Patía,Río Guáitara,2013,16,Andes,Preliminar,0,0,0,5.09947776794434,5.09947776794434,0,4.05852270126343,0,3.93818187713623,4.62545442581177,5,5,0.789855062961578,0.967391312122345,1,1,22,1.03999996185303,0
04,2013-04-17,52050040,15,Definitivo,SANDONA [52050040],Pluviométrica,Convencional,Activa,Nariño,Sandoná,1.3223,-77.4792,20,9/15/1963,,Cudayari,Pacifico,Patía,Río Guáitara,2013,17,Andes,Definitivo,15,15,0,7.91075325012207,7.91075325012207,0,11.2912902832031,16.5439147949219,3.93818187713623,4.62545442581177,5,5,0.789855062961578,0.967391312122345,1,1,22,1.03999996185303,15.5999994277954
04,2014-04-21,52050040,1,Definitivo,SANDONA [52050040],Pluviométrica,Convencional,Activa,Nariño,Sandoná,1.3223,-77.4792,20,9/15/1963,,Cudayari,Pacifico,Patía,Río Guáitara,2014,21,Andes,Definitivo,1,1,0,0.913847863674164,0.913847863674164,0,0.634741365909576,3.22936606407166,3.93818187713623,4.62545442581177,5,5,0.789855062961578,0.967391312122345,1,1,23,1.03999996185303,1.03999996185303
04,2016-04-21,52050040,,"",SANDONA [52050040],Pluviométrica,Convencional,Activa,Nariño,Sandoná,1.3223,-77.4792,20,9/15/1963,,Cudayari,Pacifico,Patía,Río Guáitara,2016,21,Andes,Preliminar,0,0,0,2.06793069839478,2.06793069839478,0,1.30521106719971,0,3.93818187713623,4.62545442581177,5,5,0.789855062961578,0.967391312122345,1,1,23,1.03999996185303,0
04,2019-04-20,52050040,50,Definitivo,SANDONA [52050040],Pluviométrica,Convencional,Activa,Nariño,Sandoná,1.3223,-77.4792,20,9/15/1963,,Cudayari,Pacifico,Patía,Río Guáitara,2019,20,Andes,Definitivo,50,50,0,5.32303142547607,5.32303142547607,0,8.27084350585938,8.01205444335938,3.93818187713623,4.62545442581177,5,5,0.789855062961578,0.967391312122345,1,1,22,1.03999996185303,51.9999980926514
04,2019-04-21,52050040,18,Definitivo,SANDONA [52050040],Pluviométrica,Convencional,Activa,Nariño,Sandoná,1.3223,-77.4792,20,9/15/1963,,Cudayari,Pacifico,Patía,Río Guáitara,2019,21,Andes,Definitivo,18,18,0,7.0307765007019,7.0307765007019,8.44283390045166,5.12568044662476,12.9586343765259,3.93818187713623,4.62545442581177,5,5,0.789855062961578,0.967391312122345,1,1,23,1.03999996185303,18.7199993133545
04,2018-04-24,52050040,1,Definitivo,SANDONA [52050040],Pluviométrica,Convencional,Activa,Nariño,Sandoná,1.3223,-77.4792,20,9/15/1963,,Cudayari,Pacifico,Patía,Río Guáitara,2018,24,Andes,Definitivo,1,1,0,4.85902070999146,4.85902070999146,4.08378744125366,1.41016459465027,0.306672483682632,3.93818187713623,4.62545442581177,5,5,0.789855062961578,0.967391312122345,1,1,23,1.03999996185303,1.03999996185303
04,2006-04-02,52050040,6,Definitivo,SANDONA [52050040],Pluviométrica,Convencional,Activa,Nariño,Sandoná,1.3223,-77.4792,20,9/15/1963,,Cudayari,Pacifico,Patía,Río Guáitara,2006,02,Andes,Definitivo,6,6,0,6.88573169708252,6.88573169708252,12.1484050750732,13.7244157791138,1.35265588760376,3.93818187713623,4.62545442581177,5,5,0.789855062961578,0.967391312122345,1,1,19,1.03999996185303,6.23999977111816
04,2005-04-05,52050040,,"",SANDONA [52050040],Pluviométrica,Convencional,Activa,Nariño,Sandoná,1.3223,-77.4792,20,9/15/1963,,Cudayari,Pacifico,Patía,Río Guáitara,2005,05,Andes,Preliminar,0,0,0,6.35476875305176,6.35476875305176,10.3081207275391,1.11377334594727,1.91719627380371,3.93818187713623,4.62545442581177,5,5,0.789855062961578,0.967391312122345,1,1,19,1.03999996185303,0
04,2020-04-18,52050040,6,En revisión,SANDONA [52050040],Pluviométrica,Convencional,Activa,Nariño,Sandoná,1.3223,-77.4792,20,9/15/1963,,Cudayari,Pacifico,Patía,Río Guáitara,2020,18,Andes,En revisión,6,6,0,1.06922507286072,1.06922507286072,0,0.670180022716522,0,3.93818187713623,4.62545442581177,5,5,0.789855062961578,0.967391312122345,1,1,22,1.03999996185303,6.23999977111816
04,2022-04-15,52050040,,"",SANDONA [52050040],Pluviométrica,Convencional,Activa,Nariño,Sandoná,1.3223,-77.4792,20,9/15/1963,,Cudayari,Pacifico,Patía,Río Guáitara,2022,15,Andes,Preliminar,0,0,0,1.80489027500153,1.80489027500153,3.41649842262268,0.668193161487579,3.1639940738678,3.93818187713623,4.62545442581177,5,5,0.789855062961578,0.967391312122345,1,1,21,1.03999996185303,0
04,2021-04-14,52050040,,"",SANDONA [52050040],Pluviométrica,Convencional,Activa,Nariño,Sandoná,1.3223,-77.4792,20,9/15/1963,,Cudayari,Pacifico,Patía,Río Guáitara,2021,14,Andes,Preliminar,0,0,0,9.83030891418457,9.83030891418457,0,3.7532639503479,0.022571787238121,3.93818187713623,4.62545442581177,5,5,0.789855062961578,0.967391312122345,1,1,21,1.03999996185303,0
04,2022-04-12,52050040,5,En revisión,SANDONA [52050040],Pluviométrica,Convencional,Activa,Nariño,Sandoná,1.3223,-77.4792,20,9/15/1963,,Cudayari,Pacifico,Patía,Río Guáitara,2022,12,Andes,En revisión,5,5,0,2.85856819152832,2.85856819152832,0,2.48075652122498,0,3.93818187713623,4.62545442581177,5,5,0.789855062961578,0.967391312122345,1,1,21,1.03999996185303,5.19999980926514
04,2020-04-12,52050040,,"",SANDONA [52050040],Pluviométrica,Convencional,Activa,Nariño,Sandoná,1.3223,-77.4792,20,9/15/1963,,Cudayari,Pacifico,Patía,Río Guáitara,2020,12,Andes,Preliminar,2,2,0,9.72249698638916,9.72249698638916,17.6835041046143,8.89529323577881,8.85066890716553,3.93818187713623,4.62545442581177,5,5,0.789855062961578,0.967391312122345,1,1,21,1.03999996185303,2.07999992370605
04,2020-04-11,52050040,14,En revisión,SANDONA [52050040],Pluviométrica,Convencional,Activa,Nariño,Sandoná,1.3223,-77.4792,20,9/15/1963,,Cudayari,Pacifico,Patía,Río Guáitara,2020,11,Andes,En revisión,14,14,0,11.2591981887817,11.2591981887817,0,5.00674772262573,7.42861032485962,3.93818187713623,4.62545442581177,5,5,0.789855062961578,0.967391312122345,1,1,21,1.03999996185303,14.5599994659424
04,2020-04-10,52050040,,"",SANDONA [52050040],Pluviométrica,Convencional,Activa,Nariño,Sandoná,1.3223,-77.4792,20,9/15/1963,,Cudayari,Pacifico,Patía,Río Guáitara,2020,10,Andes,Preliminar,5,5,0,18.7642631530762,18.7642631530762,0,2.10058569908142,1.55946254730225,3.93818187713623,4.62545442581177,5,5,0.789855062961578,0.967391312122345,1,1,20,1.03999996185303,5.19999980926514
04,2021-04-08,52050040,,"",SANDONA [52050040],Pluviométrica,Convencional,Activa,Nariño,Sandoná,1.3223,-77.4792,20,9/15/1963,,Cudayari,Pacifico,Patía,Río Guáitara,2021,08,Andes,Preliminar,0,0,0,1.33866846561432,1.33866846561432,0,0,0,3.93818187713623,4.62545442581177,5,5,0.789855062961578,0.967391312122345,1,1,20,1.03999996185303,0
04,2021-04-07,52050040,0,En revisión,SANDONA [52050040],Pluviométrica,Convencional,Activa,Nariño,Sandoná,1.3223,-77.4792,20,9/15/1963,,Cudayari,Pacifico,Patía,Río Guáitara,2021,07,Andes,En revisión,0,0,0,1.15262269973755,1.15262269973755,0,0,0,3.93818187713623,4.62545442581177,5,5,0.789855062961578,0.967391312122345,1,1,20,1.03999996185303,0
04,2022-04-04,52050040,9,En revisión,SANDONA [52050040],Pluviométrica,Convencional,Activa,Nariño,Sandoná,1.3223,-77.4792,20,9/15/1963,,Cudayari,Pacifico,Patía,Río Guáitara,2022,04,Andes,En revisión,9,9,0,1.74583053588867,1.74583053588867,18.1840705871582,2.79136252403259,0,3.93818187713623,4.62545442581177,5,5,0.789855062961578,0.967391312122345,1,1,19,1.03999996185303,9.35999965667725
04,2023-04-02,52050040,10,En revisión,SANDONA [52050040],Pluviométrica,Convencional,Activa,Nariño,Sandoná,1.3223,-77.4792,20,9/15/1963,,Cudayari,Pacifico,Patía,Río Guáitara,2023,02,Andes,En revisión,10,10,0,10.256368637085,10.256368637085,0,5.78848886489868,0.180529579520226,3.93818187713623,4.62545442581177,5,5,0.789855062961578,0.967391312122345,1,1,19,1.03999996185303,10.3999996185303
04,2017-04-21,52050040,,"",SANDONA [52050040],Pluviométrica,Convencional,Activa,Nariño,Sandoná,1.3223,-77.4792,20,9/15/1963,,Cudayari,Pacifico,Patía,Río Guáitara,2017,21,Andes,Preliminar,0,0,0,13.3217658996582,13.3217658996582,0,2.71766757965088,1.18108856678009,3.93818187713623,4.62545442581177,5,5,0.789855062961578,0.967391312122345,1,1,23,1.03999996185303,0
04,2019-04-22,52050040,10,Definitivo,SANDONA [52050040],Pluviométrica,Convencional,Activa,Nariño,Sandoná,1.3223,-77.4792,20,9/15/1963,,Cudayari,Pacifico,Patía,Río Guáitara,2019,22,Andes,Definitivo,10,10,0,3.69854331016541,3.69854331016541,4.44135713577271,4.49533605575562,3.94462108612061,3.93818187713623,4.62545442581177,5,5,0.789855062961578,0.967391312122345,1,1,23,1.03999996185303,10.3999996185303
04,2008-04-03,52050040,,"",SANDONA [52050040],Pluviométrica,Convencional,Activa,Nariño,Sandoná,1.3223,-77.4792,20,9/15/1963,,Cudayari,Pacifico,Patía,Río Guáitara,2008,03,Andes,Preliminar,0,0,0,0.0305802319198847,0.0305802319198847,9.66751861572266,0.50061708688736,0.482517659664154,3.93818187713623,4.62545442581177,5,5,0.789855062961578,0.967391312122345,1,1,19,1.03999996185303,0
04,2012-04-04,52050040,25,Definitivo,SANDONA [52050040],Pluviométrica,Convencional,Activa,Nariño,Sandoná,1.3223,-77.4792,20,9/15/1963,,Cudayari,Pacifico,Patía,Río Guáitara,2012,04,Andes,Definitivo,25,25,0,3.5264790058136,3.5264790058136,0,14.635853767395,10.4456586837769,3.93818187713623,4.62545442581177,5,5,0.789855062961578,0.967391312122345,1,1,19,1.03999996185303,25.9999990463257
04,2011-04-08,52050040,23,Definitivo,SANDONA [52050040],Pluviométrica,Convencional,Activa,Nariño,Sandoná,1.3223,-77.4792,20,9/15/1963,,Cudayari,Pacifico,Patía,Río Guáitara,2011,08,Andes,Definitivo,23,23,0,9.90944576263428,9.90944576263428,9.4687557220459,9.47348308563232,10.8628940582275,3.93818187713623,4.62545442581177,5,5,0.789855062961578,0.967391312122345,1,1,20,1.03999996185303,23.9199991226196
04,2011-04-09,52050040,11,Definitivo,SANDONA [52050040],Pluviométrica,Convencional,Activa,Nariño,Sandoná,1.3223,-77.4792,20,9/15/1963,,Cudayari,Pacifico,Patía,Río Guáitara,2011,09,Andes,Definitivo,11,11,0,9.21513175964355,9.21513175964355,9.4687557220459,19.8317642211914,13.8635358810425,3.93818187713623,4.62545442581177,5,5,0.789855062961578,0.967391312122345,1,1,20,1.03999996185303,11.4399995803833
04,2003-04-12,52050040,,"",SANDONA [52050040],Pluviométrica,Convencional,Activa,Nariño,Sandoná,1.3223,-77.4792,20,9/15/1963,,Cudayari,Pacifico,Patía,Río Guáitara,2003,12,Andes,Preliminar,0,0,0,3.62685012817383,3.62685012817383,0,9.50424385070801,1.82613718509674,3.93818187713623,4.62545442581177,5,5,0.789855062961578,0.967391312122345,1,1,21,1.03999996185303,0
04,2001-04-12,52050040,2,Definitivo,SANDONA [52050040],Pluviométrica,Convencional,Activa,Nariño,Sandoná,1.3223,-77.4792,20,9/15/1963,,Cudayari,Pacifico,Patía,Río Guáitara,2001,12,Andes,Definitivo,2,2,0,1.25712835788727,1.25712835788727,0,2.37250185012817,2.06075072288513,3.93818187713623,4.62545442581177,5,5,0.789855062961578,0.967391312122345,1,1,21,1.03999996185303,2.07999992370605
04,2001-04-09,52050040,,"",SANDONA [52050040],Pluviométrica,Convencional,Activa,Nariño,Sandoná,1.3223,-77.4792,20,9/15/1963,,Cudayari,Pacifico,Patía,Río Guáitara,2001,09,Andes,Preliminar,0,0,0,1.90110719203949,1.90110719203949,0,0,0,3.93818187713623,4.62545442581177,5,5,0.789855062961578,0.967391312122345,1,1,20,1.03999996185303,0
04,2001-04-07,52050040,,"",SANDONA [52050040],Pluviométrica,Convencional,Activa,Nariño,Sandoná,1.3223,-77.4792,20,9/15/1963,,Cudayari,Pacifico,Patía,Río Guáitara,2001,07,Andes,Preliminar,0,0,0,4.31644821166992,4.31644821166992,0,0,0,3.93818187713623,4.62545442581177,5,5,0.789855062961578,0.967391312122345,1,1,20,1.03999996185303,0
04,2001-04-04,52050040,,"",SANDONA [52050040],Pluviométrica,Convencional,Activa,Nariño,Sandoná,1.3223,-77.4792,20,9/15/1963,,Cudayari,Pacifico,Patía,Río Guáitara,2001,04,Andes,Preliminar,0,0,0,0.315532058477402,0.315532058477402,0,1.9438271522522,0.484812021255493,3.93818187713623,4.62545442581177,5,5,0.789855062961578,0.967391312122345,1,1,19,1.03999996185303,0
04,2001-04-02,52050040,,"",SANDONA [52050040],Pluviométrica,Convencional,Activa,Nariño,Sandoná,1.3223,-77.4792,20,9/15/1963,,Cudayari,Pacifico,Patía,Río Guáitara,2001,02,Andes,Preliminar,0,0,0,5.64171266555786,5.64171266555786,29.0520439147949,2.80020642280579,2.11678457260132,3.93818187713623,4.62545442581177,5,5,0.789855062961578,0.967391312122345,1,1,19,1.03999996185303,0
04,2006-04-01,52050040,,"",SANDONA [52050040],Pluviométrica,Convencional,Activa,Nariño,Sandoná,1.3223,-77.4792,20,9/15/1963,,Cudayari,Pacifico,Patía,Río Guáitara,2006,01,Andes,Preliminar,1,1,0,8.26134872436523,8.26134872436523,24.2968101501465,8.98752975463867,9.62396430969238,3.93818187713623,4.62545442581177,5,5,0.789855062961578,0.967391312122345,1,1,19,1.03999996185303,1.03999996185303
04,2022-04-03,52050040,3,En revisión,SANDONA [52050040],Pluviométrica,Convencional,Activa,Nariño,Sandoná,1.3223,-77.4792,20,9/15/1963,,Cudayari,Pacifico,Patía,Río Guáitara,2022,03,Andes,En revisión,3,3,0,2.54842233657837,2.54842233657837,0,2.16821217536926,4.74277019500732,3.93818187713623,4.62545442581177,5,5,0.789855062961578,0.967391312122345,1,1,19,1.03999996185303,3.11999988555908
04,2004-04-01,52050040,,"",SANDONA [52050040],Pluviométrica,Convencional,Activa,Nariño,Sandoná,1.3223,-77.4792,20,9/15/1963,,Cudayari,Pacifico,Patía,Río Guáitara,2004,01,Andes,Preliminar,0,0,0,3.57886719703674,3.57886719703674,0,3.03078150749207,0.0400415882468224,3.93818187713623,4.62545442581177,5,5,0.789855062961578,0.967391312122345,1,1,19,1.03999996185303,0
04,2018-04-21,52050040,,"",SANDONA [52050040],Pluviométrica,Convencional,Activa,Nariño,Sandoná,1.3223,-77.4792,20,9/15/1963,,Cudayari,Pacifico,Patía,Río Guáitara,2018,21,Andes,Preliminar,0,0,0,2.74418950080872,2.74418950080872,0,0.661292493343353,0,3.93818187713623,4.62545442581177,5,5,0.789855062961578,0.967391312122345,1,1,23,1.03999996185303,0
04,2022-04-17,52050040,4,En revisión,SANDONA [52050040],Pluviométrica,Convencional,Activa,Nariño,Sandoná,1.3223,-77.4792,20,9/15/1963,,Cudayari,Pacifico,Patía,Río Guáitara,2022,17,Andes,En revisión,4,4,0,3.48063850402832,3.48063850402832,57.2774658203125,22.405740737915,18.3178672790527,3.93818187713623,4.62545442581177,5,5,0.789855062961578,0.967391312122345,1,1,22,1.03999996185303,4.15999984741211
04,2018-04-19,52050040,2,Definitivo,SANDONA [52050040],Pluviométrica,Convencional,Activa,Nariño,Sandoná,1.3223,-77.4792,20,9/15/1963,,Cudayari,Pacifico,Patía,Río Guáitara,2018,19,Andes,Definitivo,2,2,0,4.11959648132324,4.11959648132324,2.34906339645386,0.986343741416931,0.411992818117142,3.93818187713623,4.62545442581177,5,5,0.789855062961578,0.967391312122345,1,1,22,1.03999996185303,2.07999992370605
04,2020-04-15,52050040,24,En revisión,SANDONA [52050040],Pluviométrica,Convencional,Activa,Nariño,Sandoná,1.3223,-77.4792,20,9/15/1963,,Cudayari,Pacifico,Patía,Río Guáitara,2020,15,Andes,En revisión,24,24,0,4.26079988479614,4.26079988479614,17.6835041046143,19.1286334991455,23.0747108459473,3.93818187713623,4.62545442581177,5,5,0.789855062961578,0.967391312122345,1,1,21,1.03999996185303,24.9599990844727
04,2015-04-10,52050040,,"",SANDONA [52050040],Pluviométrica,Convencional,Activa,Nariño,Sandoná,1.3223,-77.4792,20,9/15/1963,,Cudayari,Pacifico,Patía,Río Guáitara,2015,10,Andes,Preliminar,0,0,0,1.66345417499542,1.66345417499542,0,0.0476610474288464,0.0369113571941853,3.93818187713623,4.62545442581177,5,5,0.789855062961578,0.967391312122345,1,1,20,1.03999996185303,0
04,2015-04-11,52050040,4,Definitivo,SANDONA [52050040],Pluviométrica,Convencional,Activa,Nariño,Sandoná,1.3223,-77.4792,20,9/15/1963,,Cudayari,Pacifico,Patía,Río Guáitara,2015,11,Andes,Definitivo,4,4,0,1.88609290122986,1.88609290122986,0,1.07311928272247,0.21413180232048,3.93818187713623,4.62545442581177,5,5,0.789855062961578,0.967391312122345,1,1,21,1.03999996185303,4.15999984741211
04,2014-04-14,52050040,5,Definitivo,SANDONA [52050040],Pluviométrica,Convencional,Activa,Nariño,Sandoná,1.3223,-77.4792,20,9/15/1963,,Cudayari,Pacifico,Patía,Río Guáitara,2014,14,Andes,Definitivo,5,5,0,2.14144563674927,2.14144563674927,0,5.22371578216553,0.0151872960850596,3.93818187713623,4.62545442581177,5,5,0.789855062961578,0.967391312122345,1,1,21,1.03999996185303,5.19999980926514
04,2012-04-20,52050040,32,Definitivo,SANDONA [52050040],Pluviométrica,Convencional,Activa,Nariño,Sandoná,1.3223,-77.4792,20,9/15/1963,,Cudayari,Pacifico,Patía,Río Guáitara,2012,20,Andes,Definitivo,32,32,0,9.54181671142578,9.54181671142578,11.0414400100708,11.1983366012573,14.4757442474365,3.93818187713623,4.62545442581177,5,5,0.789855062961578,0.967391312122345,1,1,22,1.03999996185303,33.2799987792969
04,2012-04-21,52050040,1,Definitivo,SANDONA [52050040],Pluviométrica,Convencional,Activa,Nariño,Sandoná,1.3223,-77.4792,20,9/15/1963,,Cudayari,Pacifico,Patía,Río Guáitara,2012,21,Andes,Definitivo,1,1,0,8.42399501800537,8.42399501800537,4.48348951339722,9.43593502044678,6.3542857170105,3.93818187713623,4.62545442581177,5,5,0.789855062961578,0.967391312122345,1,1,23,1.03999996185303,1.03999996185303
04,2014-04-22,52050040,4,Definitivo,SANDONA [52050040],Pluviométrica,Convencional,Activa,Nariño,Sandoná,1.3223,-77.4792,20,9/15/1963,,Cudayari,Pacifico,Patía,Río Guáitara,2014,22,Andes,Definitivo,4,4,0,0.833011329174042,0.833011329174042,0,0.755360126495361,0.535065412521362,3.93818187713623,4.62545442581177,5,5,0.789855062961578,0.967391312122345,1,1,23,1.03999996185303,4.15999984741211
04,2017-04-20,52050040,,"",SANDONA [52050040],Pluviométrica,Convencional,Activa,Nariño,Sandoná,1.3223,-77.4792,20,9/15/1963,,Cudayari,Pacifico,Patía,Río Guáitara,2017,20,Andes,Preliminar,0,0,0,12.313796043396,12.313796043396,0,17.6631679534912,26.868989944458,3.93818187713623,4.62545442581177,5,5,0.789855062961578,0.967391312122345,1,1,22,1.03999996185303,0
04,2001-04-03,52050040,,"",SANDONA [52050040],Pluviométrica,Convencional,Activa,Nariño,Sandoná,1.3223,-77.4792,20,9/15/1963,,Cudayari,Pacifico,Patía,Río Guáitara,2001,03,Andes,Preliminar,0,0,0,0.795140862464905,0.795140862464905,0,2.73971700668335,0.737460374832153,3.93818187713623,4.62545442581177,5,5,0.789855062961578,0.967391312122345,1,1,19,1.03999996185303,0
04,2015-04-21,52050040,4,Definitivo,SANDONA [52050040],Pluviométrica,Convencional,Activa,Nariño,Sandoná,1.3223,-77.4792,20,9/15/1963,,Cudayari,Pacifico,Patía,Río Guáitara,2015,21,Andes,Definitivo,4,4,0,7.105788230896,7.105788230896,0,4.21948385238647,6.68625164031982,3.93818187713623,4.62545442581177,5,5,0.789855062961578,0.967391312122345,1,1,23,1.03999996185303,4.15999984741211
04,2004-04-02,52050040,8,Definitivo,SANDONA [52050040],Pluviométrica,Convencional,Activa,Nariño,Sandoná,1.3223,-77.4792,20,9/15/1963,,Cudayari,Pacifico,Patía,Río Guáitara,2004,02,Andes,Definitivo,8,8,0,4.41513538360596,4.41513538360596,0,2.74594616889954,4.02600002288818,3.93818187713623,4.62545442581177,5,5,0.789855062961578,0.967391312122345,1,1,19,1.03999996185303,8.31999969482422
04,2006-04-03,52050040,36,Definitivo,SANDONA [52050040],Pluviométrica,Convencional,Activa,Nariño,Sandoná,1.3223,-77.4792,20,9/15/1963,,Cudayari,Pacifico,Patía,Río Guáitara,2006,03,Andes,Definitivo,36,36,0,5.18913555145264,5.18913555145264,12.1484050750732,9.41872596740723,10.4739446640015,3.93818187713623,4.62545442581177,5,5,0.789855062961578,0.967391312122345,1,1,19,1.03999996185303,37.439998626709
04,2010-04-04,52050040,27,Definitivo,SANDONA [52050040],Pluviométrica,Convencional,Activa,Nariño,Sandoná,1.3223,-77.4792,20,9/15/1963,,Cudayari,Pacifico,Patía,Río Guáitara,2010,04,Andes,Definitivo,27,27,0,10.9252271652222,10.9252271652222,0,6.81484937667847,2.11524701118469,3.93818187713623,4.62545442581177,5,5,0.789855062961578,0.967391312122345,1,1,19,1.03999996185303,28.0799989700317
04,2010-04-05,52050040,25,Definitivo,SANDONA [52050040],Pluviométrica,Convencional,Activa,Nariño,Sandoná,1.3223,-77.4792,20,9/15/1963,,Cudayari,Pacifico,Patía,Río Guáitara,2010,05,Andes,Definitivo,25,25,0,18.2231063842773,18.2231063842773,0,6.48143672943115,3.10043048858643,3.93818187713623,4.62545442581177,5,5,0.789855062961578,0.967391312122345,1,1,19,1.03999996185303,25.9999990463257
04,2018-04-16,52050040,,"",SANDONA [52050040],Pluviométrica,Convencional,Activa,Nariño,Sandoná,1.3223,-77.4792,20,9/15/1963,,Cudayari,Pacifico,Patía,Río Guáitara,2018,16,Andes,Preliminar,0,0,0,8.82208919525147,8.82208919525147,0,5.03757095336914,0.62657231092453,3.93818187713623,4.62545442581177,5,5,0.789855062961578,0.967391312122345,1,1,22,1.03999996185303,0
04,2019-04-14,52050040,15,Definitivo,SANDONA [52050040],Pluviométrica,Convencional,Activa,Nariño,Sandoná,1.3223,-77.4792,20,9/15/1963,,Cudayari,Pacifico,Patía,Río Guáitara,2019,14,Andes,Definitivo,15,15,0,17.7426471710205,17.7426471710205,7.40536880493164,2.20977139472961,3.71018552780151,3.93818187713623,4.62545442581177,5,5,0.789855062961578,0.967391312122345,1,1,21,1.03999996185303,15.5999994277954
04,2019-04-13,52050040,,"",SANDONA [52050040],Pluviométrica,Convencional,Activa,Nariño,Sandoná,1.3223,-77.4792,20,9/15/1963,,Cudayari,Pacifico,Patía,Río Guáitara,2019,13,Andes,Preliminar,0,0,0,9.00338077545166,9.00338077545166,0,7.48954391479492,1.85509252548218,3.93818187713623,4.62545442581177,5,5,0.789855062961578,0.967391312122345,1,1,21,1.03999996185303,0
04,2019-04-12,52050040,,"",SANDONA [52050040],Pluviométrica,Convencional,Activa,Nariño,Sandoná,1.3223,-77.4792,20,9/15/1963,,Cudayari,Pacifico,Patía,Río Guáitara,2019,12,Andes,Preliminar,0,0,0,4.91065073013306,4.91065073013306,3.70268440246582,3.49042153358459,0.966373682022095,3.93818187713623,4.62545442581177,5,5,0.789855062961578,0.967391312122345,1,1,21,1.03999996185303,0
04,2020-04-09,52050040,,"",SANDONA [52050040],Pluviométrica,Convencional,Activa,Nariño,Sandoná,1.3223,-77.4792,20,9/15/1963,,Cudayari,Pacifico,Patía,Río Guáitara,2020,09,Andes,Preliminar,0,0,0,5.81301736831665,5.81301736831665,11.3847942352295,6.19514751434326,6.28120946884155,3.93818187713623,4.62545442581177,5,5,0.789855062961578,0.967391312122345,1,1,20,1.03999996185303,0
04,2021-04-06,52050040,3,En revisión,SANDONA [52050040],Pluviométrica,Convencional,Activa,Nariño,Sandoná,1.3223,-77.4792,20,9/15/1963,,Cudayari,Pacifico,Patía,Río Guáitara,2021,06,Andes,En revisión,3,3,0,1.64449751377106,1.64449751377106,0,0,0,3.93818187713623,4.62545442581177,5,5,0.789855062961578,0.967391312122345,1,1,20,1.03999996185303,3.11999988555908
04,2021-04-05,52050040,,"",SANDONA [52050040],Pluviométrica,Convencional,Activa,Nariño,Sandoná,1.3223,-77.4792,20,9/15/1963,,Cudayari,Pacifico,Patía,Río Guáitara,2021,05,Andes,Preliminar,0,0,0,4.99504804611206,4.99504804611206,0,14.4246158599854,8.01939487457275,3.93818187713623,4.62545442581177,5,5,0.789855062961578,0.967391312122345,1,1,19,1.03999996185303,0
04,2015-04-20,52050040,14,Definitivo,SANDONA [52050040],Pluviométrica,Convencional,Activa,Nariño,Sandoná,1.3223,-77.4792,20,9/15/1963,,Cudayari,Pacifico,Patía,Río Guáitara,2015,20,Andes,Definitivo,14,14,0,13.7949705123901,13.7949705123901,0,13.9394006729126,15.4030618667603,3.93818187713623,4.62545442581177,5,5,0.789855062961578,0.967391312122345,1,1,22,1.03999996185303,14.5599994659424
04,2001-04-01,52050040,22,Definitivo,SANDONA [52050040],Pluviométrica,Convencional,Activa,Nariño,Sandoná,1.3223,-77.4792,20,9/15/1963,,Cudayari,Pacifico,Patía,Río Guáitara,2001,01,Andes,Definitivo,22,22,0,5.61647129058838,5.61647129058838,0,6.90077686309815,12.5060997009277,3.93818187713623,4.62545442581177,5,5,0.789855062961578,0.967391312122345,1,1,19,1.03999996185303,22.8799991607666
04,2015-04-22,52050040,,"",SANDONA [52050040],Pluviométrica,Convencional,Activa,Nariño,Sandoná,1.3223,-77.4792,20,9/15/1963,,Cudayari,Pacifico,Patía,Río Guáitara,2015,22,Andes,Preliminar,0,0,0,1.18892240524292,1.18892240524292,0,0.501513600349426,0.0749967694282532,3.93818187713623,4.62545442581177,5,5,0.789855062961578,0.967391312122345,1,1,23,1.03999996185303,0
04,2017-04-22,52050040,,"",SANDONA [52050040],Pluviométrica,Convencional,Activa,Nariño,Sandoná,1.3223,-77.4792,20,9/15/1963,,Cudayari,Pacifico,Patía,Río Guáitara,2017,22,Andes,Preliminar,1,1,0,5.04636192321777,5.04636192321777,8.69372653961182,4.74646234512329,3.60542893409729,3.93818187713623,4.62545442581177,5,5,0.789855062961578,0.967391312122345,1,1,23,1.03999996185303,1.03999996185303
04,2019-04-19,52050040,9,Definitivo,SANDONA [52050040],Pluviométrica,Convencional,Activa,Nariño,Sandoná,1.3223,-77.4792,20,9/15/1963,,Cudayari,Pacifico,Patía,Río Guáitara,2019,19,Andes,Definitivo,9,9,0,3.89471793174744,3.89471793174744,24.8460674285889,6.26994180679321,6.40814399719238,3.93818187713623,4.62545442581177,5,5,0.789855062961578,0.967391312122345,1,1,22,1.03999996185303,9.35999965667725
04,2020-04-17,52050040,,"",SANDONA [52050040],Pluviométrica,Convencional,Activa,Nariño,Sandoná,1.3223,-77.4792,20,9/15/1963,,Cudayari,Pacifico,Patía,Río Guáitara,2020,17,Andes,Preliminar,0,0,0,1.87877178192139,1.87877178192139,0,0.46660503745079,0.483119934797287,3.93818187713623,4.62545442581177,5,5,0.789855062961578,0.967391312122345,1,1,22,1.03999996185303,0
04,2012-04-05,52050040,23,Definitivo,SANDONA [52050040],Pluviométrica,Convencional,Activa,Nariño,Sandoná,1.3223,-77.4792,20,9/15/1963,,Cudayari,Pacifico,Patía,Río Guáitara,2012,05,Andes,Definitivo,23,23,0,9.77392196655273,9.77392196655273,43.0652008056641,16.1432209014893,22.6364860534668,3.93818187713623,4.62545442581177,5,5,0.789855062961578,0.967391312122345,1,1,19,1.03999996185303,23.9199991226196
04,2014-04-07,52050040,,"",SANDONA [52050040],Pluviométrica,Convencional,Activa,Nariño,Sandoná,1.3223,-77.4792,20,9/15/1963,,Cudayari,Pacifico,Patía,Río Guáitara,2014,07,Andes,Preliminar,0,0,0,3.3325560092926,3.3325560092926,11.3724603652954,0.119992062449455,0.708033680915833,3.93818187713623,4.62545442581177,5,5,0.789855062961578,0.967391312122345,1,1,20,1.03999996185303,0
04,2016-04-07,52050040,,"",SANDONA [52050040],Pluviométrica,Convencional,Activa,Nariño,Sandoná,1.3223,-77.4792,20,9/15/1963,,Cudayari,Pacifico,Patía,Río Guáitara,2016,07,Andes,Preliminar,0,0,0,2.64088582992554,2.64088582992554,0,2.41259002685547,11.7426691055298,3.93818187713623,4.62545442581177,5,5,0.789855062961578,0.967391312122345,1,1,20,1.03999996185303,0
04,2016-04-08,52050040,3,Definitivo,SANDONA [52050040],Pluviométrica,Convencional,Activa,Nariño,Sandoná,1.3223,-77.4792,20,9/15/1963,,Cudayari,Pacifico,Patía,Río Guáitara,2016,08,Andes,Definitivo,3,3,0,1.93926322460175,1.93926322460175,0,1.88999009132385,0,3.93818187713623,4.62545442581177,5,5,0.789855062961578,0.967391312122345,1,1,20,1.03999996185303,3.11999988555908
04,2001-04-06,52050040,6,Definitivo,SANDONA [52050040],Pluviométrica,Convencional,Activa,Nariño,Sandoná,1.3223,-77.4792,20,9/15/1963,,Cudayari,Pacifico,Patía,Río Guáitara,2001,06,Andes,Definitivo,6,6,0,0.311656922101975,0.311656922101975,0,0,0,3.93818187713623,4.62545442581177,5,5,0.789855062961578,0.967391312122345,1,1,20,1.03999996185303,6.23999977111816
04,2003-04-04,52050040,,"",SANDONA [52050040],Pluviométrica,Convencional,Activa,Nariño,Sandoná,1.3223,-77.4792,20,9/15/1963,,Cudayari,Pacifico,Patía,Río Guáitara,2003,04,Andes,Preliminar,0,0,0,4.02451992034912,4.02451992034912,0,0,0,3.93818187713623,4.62545442581177,5,5,0.789855062961578,0.967391312122345,1,1,19,1.03999996185303,0
04,2003-04-01,52050040,,"",SANDONA [52050040],Pluviométrica,Convencional,Activa,Nariño,Sandoná,1.3223,-77.4792,20,9/15/1963,,Cudayari,Pacifico,Patía,Río Guáitara,2003,01,Andes,Preliminar,0,0,0,0.855511665344238,0.855511665344238,0,0,0,3.93818187713623,4.62545442581177,5,5,0.789855062961578,0.967391312122345,1,1,19,1.03999996185303,0
04,2020-04-02,52050040,1,En revisión,SANDONA [52050040],Pluviométrica,Convencional,Activa,Nariño,Sandoná,1.3223,-77.4792,20,9/15/1963,,Cudayari,Pacifico,Patía,Río Guáitara,2020,02,Andes,En revisión,1,1,0,4.21896696090698,4.21896696090698,0,2.78320074081421,2.89481019973755,3.93818187713623,4.62545442581177,5,5,0.789855062961578,0.967391312122345,1,1,19,1.03999996185303,1.03999996185303
04,2014-04-17,52050040,1,Definitivo,SANDONA [52050040],Pluviométrica,Convencional,Activa,Nariño,Sandoná,1.3223,-77.4792,20,9/15/1963,,Cudayari,Pacifico,Patía,Río Guáitara,2014,17,Andes,Definitivo,1,1,0,2.4632887840271,2.4632887840271,7.4971923828125,1.63080978393555,2.9361560344696,3.93818187713623,4.62545442581177,5,5,0.789855062961578,0.967391312122345,1,1,22,1.03999996185303,1.03999996185303
04,2002-04-01,52050040,12,Definitivo,SANDONA [52050040],Pluviométrica,Convencional,Activa,Nariño,Sandoná,1.3223,-77.4792,20,9/15/1963,,Cudayari,Pacifico,Patía,Río Guáitara,2002,01,Andes,Definitivo,12,12,0,4.39613199234009,4.39613199234009,0,2.22334122657776,0.0233670230954886,3.93818187713623,4.62545442581177,5,5,0.789855062961578,0.967391312122345,1,1,19,1.03999996185303,12.4799995422363
04,2002-04-02,52050040,7,Definitivo,SANDONA [52050040],Pluviométrica,Convencional,Activa,Nariño,Sandoná,1.3223,-77.4792,20,9/15/1963,,Cudayari,Pacifico,Patía,Río Guáitara,2002,02,Andes,Definitivo,7,7,0,4.41123867034912,4.41123867034912,15.6363525390625,2.6719446182251,0.451762497425079,3.93818187713623,4.62545442581177,5,5,0.789855062961578,0.967391312122345,1,1,19,1.03999996185303,7.27999973297119
04,2002-04-03,52050040,14,Definitivo,SANDONA [52050040],Pluviométrica,Convencional,Activa,Nariño,Sandoná,1.3223,-77.4792,20,9/15/1963,,Cudayari,Pacifico,Patía,Río Guáitara,2002,03,Andes,Definitivo,14,14,0,1.48048436641693,1.48048436641693,0,2.35350728034973,10.7150802612305,3.93818187713623,4.62545442581177,5,5,0.789855062961578,0.967391312122345,1,1,19,1.03999996185303,14.5599994659424
04,2009-04-01,52050040,,"",SANDONA [52050040],Pluviométrica,Convencional,Activa,Nariño,Sandoná,1.3223,-77.4792,20,9/15/1963,,Cudayari,Pacifico,Patía,Río Guáitara,2009,01,Andes,Preliminar,0,0,0,0.085184283554554,0.085184283554554,5.56060647964478,6.1760139465332,10.4980030059814,3.93818187713623,4.62545442581177,5,5,0.789855062961578,0.967391312122345,1,1,19,1.03999996185303,0
04,2019-04-17,52050040,,"",SANDONA [52050040],Pluviométrica,Convencional,Activa,Nariño,Sandoná,1.3223,-77.4792,20,9/15/1963,,Cudayari,Pacifico,Patía,Río Guáitara,2019,17,Andes,Preliminar,0,0,0,2.26428031921387,2.26428031921387,0,4.11063432693481,8.3493242263794,3.93818187713623,4.62545442581177,5,5,0.789855062961578,0.967391312122345,1,1,22,1.03999996185303,0
04,2020-04-14,52050040,2,En revisión,SANDONA [52050040],Pluviométrica,Convencional,Activa,Nariño,Sandoná,1.3223,-77.4792,20,9/15/1963,,Cudayari,Pacifico,Patía,Río Guáitara,2020,14,Andes,En revisión,2,2,0,4.41136407852173,4.41136407852173,0,4.44556093215942,0.0103799859061837,3.93818187713623,4.62545442581177,5,5,0.789855062961578,0.967391312122345,1,1,21,1.03999996185303,2.07999992370605
04,2018-04-15,52050040,,"",SANDONA [52050040],Pluviométrica,Convencional,Activa,Nariño,Sandoná,1.3223,-77.4792,20,9/15/1963,,Cudayari,Pacifico,Patía,Río Guáitara,2018,15,Andes,Preliminar,0,0,0,1.07701694965363,1.07701694965363,0,2.03849720954895,0.203973904252052,3.93818187713623,4.62545442581177,5,5,0.789855062961578,0.967391312122345,1,1,21,1.03999996185303,0
04,2018-04-14,52050040,,"",SANDONA [52050040],Pluviométrica,Convencional,Activa,Nariño,Sandoná,1.3223,-77.4792,20,9/15/1963,,Cudayari,Pacifico,Patía,Río Guáitara,2018,14,Andes,Preliminar,0,0,0,12.3154382705688,12.3154382705688,17.5355033874512,4.92400312423706,0.963210165500641,3.93818187713623,4.62545442581177,5,5,0.789855062961578,0.967391312122345,1,1,21,1.03999996185303,0
04,2014-04-15,52050040,9,Definitivo,SANDONA [52050040],Pluviométrica,Convencional,Activa,Nariño,Sandoná,1.3223,-77.4792,20,9/15/1963,,Cudayari,Pacifico,Patía,Río Guáitara,2014,15,Andes,Definitivo,9,9,0,14.2622013092041,14.2622013092041,0,13.5394420623779,21.3533382415772,3.93818187713623,4.62545442581177,5,5,0.789855062961578,0.967391312122345,1,1,21,1.03999996185303,9.35999965667725
04,2013-04-18,52050040,9,Definitivo,SANDONA [52050040],Pluviométrica,Convencional,Activa,Nariño,Sandoná,1.3223,-77.4792,20,9/15/1963,,Cudayari,Pacifico,Patía,Río Guáitara,2013,18,Andes,Definitivo,9,9,0,9.11620998382568,9.11620998382568,36.8154830932617,13.6834335327148,15.7249622344971,3.93818187713623,4.62545442581177,5,5,0.789855062961578,0.967391312122345,1,1,22,1.03999996185303,9.35999965667725
04,2013-04-19,52050040,28,Definitivo,SANDONA [52050040],Pluviométrica,Convencional,Activa,Nariño,Sandoná,1.3223,-77.4792,20,9/15/1963,,Cudayari,Pacifico,Patía,Río Guáitara,2013,19,Andes,Definitivo,28,28,0,20.1940326690674,20.1940326690674,9.20387077331543,27.2696037292481,1.72031998634338,3.93818187713623,4.62545442581177,5,5,0.789855062961578,0.967391312122345,1,1,22,1.03999996185303,29.1199989318848
04,2014-04-16,52050040,3,Definitivo,SANDONA [52050040],Pluviométrica,Convencional,Activa,Nariño,Sandoná,1.3223,-77.4792,20,9/15/1963,,Cudayari,Pacifico,Patía,Río Guáitara,2014,16,Andes,Definitivo,3,3,0,3.64006447792053,3.64006447792053,0,5.58925819396973,11.2953271865845,3.93818187713623,4.62545442581177,5,5,0.789855062961578,0.967391312122345,1,1,22,1.03999996185303,3.11999988555908
04,2016-04-10,52050040,63,Definitivo,SANDONA [52050040],Pluviométrica,Convencional,Activa,Nariño,Sandoná,1.3223,-77.4792,20,9/15/1963,,Cudayari,Pacifico,Patía,Río Guáitara,2016,10,Andes,Definitivo,63,63,0,3.08875489234924,3.08875489234924,0,8.52153778076172,1.11161231994629,3.93818187713623,4.62545442581177,5,5,0.789855062961578,0.967391312122345,1,1,20,1.03999996185303,65.5199975967407
04,2016-04-17,52050040,2,Definitivo,SANDONA [52050040],Pluviométrica,Convencional,Activa,Nariño,Sandoná,1.3223,-77.4792,20,9/15/1963,,Cudayari,Pacifico,Patía,Río Guáitara,2016,17,Andes,Definitivo,2,2,0,3.44723296165466,3.44723296165466,0,3.35101270675659,2.57716703414917,3.93818187713623,4.62545442581177,5,5,0.789855062961578,0.967391312122345,1,1,22,1.03999996185303,2.07999992370605
04,2016-04-18,52050040,,"",SANDONA [52050040],Pluviométrica,Convencional,Activa,Nariño,Sandoná,1.3223,-77.4792,20,9/15/1963,,Cudayari,Pacifico,Patía,Río Guáitara,2016,18,Andes,Preliminar,0,0,0,2.55407381057739,2.55407381057739,0,0.598460853099823,0.501749336719513,3.93818187713623,4.62545442581177,5,5,0.789855062961578,0.967391312122345,1,1,22,1.03999996185303,0
04,2016-04-19,52050040,,"",SANDONA [52050040],Pluviométrica,Convencional,Activa,Nariño,Sandoná,1.3223,-77.4792,20,9/15/1963,,Cudayari,Pacifico,Patía,Río Guáitara,2016,19,Andes,Preliminar,0,0,0,0.943463385105133,0.943463385105133,0,0.546424925327301,0,3.93818187713623,4.62545442581177,5,5,0.789855062961578,0.967391312122345,1,1,22,1.03999996185303,0
04,2018-04-20,52050040,,"",SANDONA [52050040],Pluviométrica,Convencional,Activa,Nariño,Sandoná,1.3223,-77.4792,20,9/15/1963,,Cudayari,Pacifico,Patía,Río Guáitara,2018,20,Andes,Preliminar,0,0,0,7.63186597824097,7.63186597824097,0,0.840195000171661,0.0858318284153938,3.93818187713623,4.62545442581177,5,5,0.789855062961578,0.967391312122345,1,1,22,1.03999996185303,0
04,2008-04-04,52050040,,"",SANDONA [52050040],Pluviométrica,Convencional,Activa,Nariño,Sandoná,1.3223,-77.4792,20,9/15/1963,,Cudayari,Pacifico,Patía,Río Guáitara,2008,04,Andes,Preliminar,0,0,0,0.0764505714178085,0.0764505714178085,0,0.814650237560272,1.35104954242706,3.93818187713623,4.62545442581177,5,5,0.789855062961578,0.967391312122345,1,1,19,1.03999996185303,0
04,2008-04-05,52050040,,"",SANDONA [52050040],Pluviométrica,Convencional,Activa,Nariño,Sandoná,1.3223,-77.4792,20,9/15/1963,,Cudayari,Pacifico,Patía,Río Guáitara,2008,05,Andes,Preliminar,0,0,0,10.206151008606,10.206151008606,0,0.346267551183701,0.189991340041161,3.93818187713623,4.62545442581177,5,5,0.789855062961578,0.967391312122345,1,1,19,1.03999996185303,0
04,2015-04-04,52050040,4,Definitivo,SANDONA [52050040],Pluviométrica,Convencional,Activa,Nariño,Sandoná,1.3223,-77.4792,20,9/15/1963,,Cudayari,Pacifico,Patía,Río Guáitara,2015,04,Andes,Definitivo,4,4,0,2.48555731773376,2.48555731773376,0,5.06311416625977,1.05719697475433,3.93818187713623,4.62545442581177,5,5,0.789855062961578,0.967391312122345,1,1,19,1.03999996185303,4.15999984741211
04,2015-04-05,52050040,2,Definitivo,SANDONA [52050040],Pluviométrica,Convencional,Activa,Nariño,Sandoná,1.3223,-77.4792,20,9/15/1963,,Cudayari,Pacifico,Patía,Río Guáitara,2015,05,Andes,Definitivo,2,2,0,4.32091569900513,4.32091569900513,14.2696218490601,3.76381063461304,3.51097559928894,3.93818187713623,4.62545442581177,5,5,0.789855062961578,0.967391312122345,1,1,19,1.03999996185303,2.07999992370605
04,2019-04-11,52050040,0,Definitivo,SANDONA [52050040],Pluviométrica,Convencional,Activa,Nariño,Sandoná,1.3223,-77.4792,20,9/15/1963,,Cudayari,Pacifico,Patía,Río Guáitara,2019,11,Andes,Definitivo,0,0,0,6.86008882522583,6.86008882522583,3.70268440246582,4.44698238372803,2.17434120178223,3.93818187713623,4.62545442581177,5,5,0.789855062961578,0.967391312122345,1,1,21,1.03999996185303,0
04,2020-04-08,52050040,,"",SANDONA [52050040],Pluviométrica,Convencional,Activa,Nariño,Sandoná,1.3223,-77.4792,20,9/15/1963,,Cudayari,Pacifico,Patía,Río Guáitara,2020,08,Andes,Preliminar,0,0,0,5.53791618347168,5.53791618347168,0,1.47353827953339,0.362766593694687,3.93818187713623,4.62545442581177,5,5,0.789855062961578,0.967391312122345,1,1,20,1.03999996185303,0
04,2020-04-07,52050040,0,En revisión,SANDONA [52050040],Pluviométrica,Convencional,Activa,Nariño,Sandoná,1.3223,-77.4792,20,9/15/1963,,Cudayari,Pacifico,Patía,Río Guáitara,2020,07,Andes,En revisión,0,0,0,2.39939045906067,2.39939045906067,5.69239711761475,1.1203625202179,4.05113410949707,3.93818187713623,4.62545442581177,5,5,0.789855062961578,0.967391312122345,1,1,20,1.03999996185303,0
04,2022-04-02,52050040,,"",SANDONA [52050040],Pluviométrica,Convencional,Activa,Nariño,Sandoná,1.3223,-77.4792,20,9/15/1963,,Cudayari,Pacifico,Patía,Río Guáitara,2022,02,Andes,Preliminar,0,0,0,2.28398704528809,2.28398704528809,0,3.90780663490295,7.50671672821045,3.93818187713623,4.62545442581177,5,5,0.789855062961578,0.967391312122345,1,1,19,1.03999996185303,0
04,2020-04-01,52050040,16,En revisión,SANDONA [52050040],Pluviométrica,Convencional,Activa,Nariño,Sandoná,1.3223,-77.4792,20,9/15/1963,,Cudayari,Pacifico,Patía,Río Guáitara,2020,01,Andes,En revisión,16,16,0,3.82699418067932,3.82699418067932,0,2.47961163520813,3.74121618270874,3.93818187713623,4.62545442581177,5,5,0.789855062961578,0.967391312122345,1,1,19,1.03999996185303,16.6399993896484
04,2015-04-14,52050040,25,Definitivo,SANDONA [52050040],Pluviométrica,Convencional,Activa,Nariño,Sandoná,1.3223,-77.4792,20,9/15/1963,,Cudayari,Pacifico,Patía,Río Guáitara,2015,14,Andes,Definitivo,25,25,0,1.67601919174194,1.67601919174194,0,5.76531982421875,10.0654716491699,3.93818187713623,4.62545442581177,5,5,0.789855062961578,0.967391312122345,1,1,21,1.03999996185303,25.9999990463257
04,2015-04-15,52050040,35,Definitivo,SANDONA [52050040],Pluviométrica,Convencional,Activa,Nariño,Sandoná,1.3223,-77.4792,20,9/15/1963,,Cudayari,Pacifico,Patía,Río Guáitara,2015,15,Andes,Definitivo,35,35,0,2.6740665435791,2.6740665435791,8.03217029571533,3.89848589897156,1.81757140159607,3.93818187713623,4.62545442581177,5,5,0.789855062961578,0.967391312122345,1,1,21,1.03999996185303,36.399998664856
04,2014-04-18,52050040,3,Definitivo,SANDONA [52050040],Pluviométrica,Convencional,Activa,Nariño,Sandoná,1.3223,-77.4792,20,9/15/1963,,Cudayari,Pacifico,Patía,Río Guáitara,2014,18,Andes,Definitivo,3,3,0,3.50164771080017,3.50164771080017,7.4971923828125,3.52502632141113,0.467268884181976,3.93818187713623,4.62545442581177,5,5,0.789855062961578,0.967391312122345,1,1,22,1.03999996185303,3.11999988555908
04,2014-04-19,52050040,,"",SANDONA [52050040],Pluviométrica,Convencional,Activa,Nariño,Sandoná,1.3223,-77.4792,20,9/15/1963,,Cudayari,Pacifico,Patía,Río Guáitara,2014,19,Andes,Preliminar,0,0,0,4.37238073348999,4.37238073348999,0,0.900994420051575,0.0494226776063442,3.93818187713623,4.62545442581177,5,5,0.789855062961578,0.967391312122345,1,1,22,1.03999996185303,0
04,2017-04-19,52050040,40,Definitivo,SANDONA [52050040],Pluviométrica,Convencional,Activa,Nariño,Sandoná,1.3223,-77.4792,20,9/15/1963,,Cudayari,Pacifico,Patía,Río Guáitara,2017,19,Andes,Definitivo,40,40,0,6.79559373855591,6.79559373855591,0,13.163535118103,23.9820671081543,3.93818187713623,4.62545442581177,5,5,0.789855062961578,0.967391312122345,1,1,22,1.03999996185303,41.5999984741211
04,2018-04-18,52050040,7,Definitivo,SANDONA [52050040],Pluviométrica,Convencional,Activa,Nariño,Sandoná,1.3223,-77.4792,20,9/15/1963,,Cudayari,Pacifico,Patía,Río Guáitara,2018,18,Andes,Definitivo,7,7,0,5.77074813842773,5.77074813842773,4.69812679290772,2.30186486244202,1.29176914691925,3.93818187713623,4.62545442581177,5,5,0.789855062961578,0.967391312122345,1,1,22,1.03999996185303,7.27999973297119
04,2019-04-16,52050040,,"",SANDONA [52050040],Pluviométrica,Convencional,Activa,Nariño,Sandoná,1.3223,-77.4792,20,9/15/1963,,Cudayari,Pacifico,Patía,Río Guáitara,2019,16,Andes,Preliminar,0,0,0,1.11438226699829,1.11438226699829,0,0.921314537525177,0,3.93818187713623,4.62545442581177,5,5,0.789855062961578,0.967391312122345,1,1,22,1.03999996185303,0
04,2017-04-16,52050040,3,Definitivo,SANDONA [52050040],Pluviométrica,Convencional,Activa,Nariño,Sandoná,1.3223,-77.4792,20,9/15/1963,,Cudayari,Pacifico,Patía,Río Guáitara,2017,16,Andes,Definitivo,3,3,0,1.57633697986603,1.57633697986603,0,1.59875524044037,0.20668451488018,3.93818187713623,4.62545442581177,5,5,0.789855062961578,0.967391312122345,1,1,22,1.03999996185303,3.11999988555908
04,2014-04-08,52050040,,"",SANDONA [52050040],Pluviométrica,Convencional,Activa,Nariño,Sandoná,1.3223,-77.4792,20,9/15/1963,,Cudayari,Pacifico,Patía,Río Guáitara,2014,08,Andes,Preliminar,0,0,0,1.64412486553192,1.64412486553192,0,0.11694261431694,0.00448325276374817,3.93818187713623,4.62545442581177,5,5,0.789855062961578,0.967391312122345,1,1,20,1.03999996185303,0
04,2015-04-12,52050040,,"",SANDONA [52050040],Pluviométrica,Convencional,Activa,Nariño,Sandoná,1.3223,-77.4792,20,9/15/1963,,Cudayari,Pacifico,Patía,Río Guáitara,2015,12,Andes,Preliminar,0,0,0,0.960104405879974,0.960104405879974,0,2.26673865318298,3.70779538154602,3.93818187713623,4.62545442581177,5,5,0.789855062961578,0.967391312122345,1,1,21,1.03999996185303,0
04,2015-04-13,52050040,,"",SANDONA [52050040],Pluviométrica,Convencional,Activa,Nariño,Sandoná,1.3223,-77.4792,20,9/15/1963,,Cudayari,Pacifico,Patía,Río Guáitara,2015,13,Andes,Preliminar,0,0,0,1.0919132232666,1.0919132232666,0,2.80130648612976,0,3.93818187713623,4.62545442581177,5,5,0.789855062961578,0.967391312122345,1,1,21,1.03999996185303,0
04,2016-04-09,52050040,,"",SANDONA [52050040],Pluviométrica,Convencional,Activa,Nariño,Sandoná,1.3223,-77.4792,20,9/15/1963,,Cudayari,Pacifico,Patía,Río Guáitara,2016,09,Andes,Preliminar,0,0,0,2.61809253692627,2.61809253692627,0,6.77706480026245,0,3.93818187713623,4.62545442581177,5,5,0.789855062961578,0.967391312122345,1,1,20,1.03999996185303,0
04,2018-04-04,52050040,25,Definitivo,SANDONA [52050040],Pluviométrica,Convencional,Activa,Nariño,Sandoná,1.3223,-77.4792,20,9/15/1963,,Cudayari,Pacifico,Patía,Río Guáitara,2018,04,Andes,Definitivo,25,25,0,13.7991962432861,13.7991962432861,21.5740032196045,10.4378852844238,14.2982931137085,3.93818187713623,4.62545442581177,5,5,0.789855062961578,0.967391312122345,1,1,19,1.03999996185303,25.9999990463257
04,2017-04-07,52050040,4,Definitivo,SANDONA [52050040],Pluviométrica,Convencional,Activa,Nariño,Sandoná,1.3223,-77.4792,20,9/15/1963,,Cudayari,Pacifico,Patía,Río Guáitara,2017,07,Andes,Definitivo,4,4,0,2.39419674873352,2.39419674873352,0,6.28488063812256,0.695242881774902,3.93818187713623,4.62545442581177,5,5,0.789855062961578,0.967391312122345,1,1,20,1.03999996185303,4.15999984741211
04,2017-04-08,52050040,3,Definitivo,SANDONA [52050040],Pluviométrica,Convencional,Activa,Nariño,Sandoná,1.3223,-77.4792,20,9/15/1963,,Cudayari,Pacifico,Patía,Río Guáitara,2017,08,Andes,Definitivo,3,3,0,3.76347661018372,3.76347661018372,0,9.44682216644287,6.43365478515625,3.93818187713623,4.62545442581177,5,5,0.789855062961578,0.967391312122345,1,1,20,1.03999996185303,3.11999988555908
04,2016-04-11,52050040,6,Definitivo,SANDONA [52050040],Pluviométrica,Convencional,Activa,Nariño,Sandoná,1.3223,-77.4792,20,9/15/1963,,Cudayari,Pacifico,Patía,Río Guáitara,2016,11,Andes,Definitivo,6,6,0,1.16936409473419,1.16936409473419,0,4.81542062759399,7.58523941040039,3.93818187713623,4.62545442581177,5,5,0.789855062961578,0.967391312122345,1,1,21,1.03999996185303,6.23999977111816
04,2016-04-12,52050040,13,Definitivo,SANDONA [52050040],Pluviométrica,Convencional,Activa,Nariño,Sandoná,1.3223,-77.4792,20,9/15/1963,,Cudayari,Pacifico,Patía,Río Guáitara,2016,12,Andes,Definitivo,13,13,0,4.77446031570435,4.77446031570435,0,11.5442581176758,3.78199553489685,3.93818187713623,4.62545442581177,5,5,0.789855062961578,0.967391312122345,1,1,21,1.03999996185303,13.5199995040894
04,2007-04-01,52050040,,"",SANDONA [52050040],Pluviométrica,Convencional,Activa,Nariño,Sandoná,1.3223,-77.4792,20,9/15/1963,,Cudayari,Pacifico,Patía,Río Guáitara,2007,01,Andes,Preliminar,0,0,0,0.231074616312981,0.231074616312981,0,0.887793660163879,0.59938770532608,3.93818187713623,4.62545442581177,5,5,0.789855062961578,0.967391312122345,1,1,19,1.03999996185303,0
04,2007-04-02,52050040,1,Definitivo,SANDONA [52050040],Pluviométrica,Convencional,Activa,Nariño,Sandoná,1.3223,-77.4792,20,9/15/1963,,Cudayari,Pacifico,Patía,Río Guáitara,2007,02,Andes,Definitivo,1,1,0,1.28915286064148,1.28915286064148,0,6.25658941268921,0.392702251672745,3.93818187713623,4.62545442581177,5,5,0.789855062961578,0.967391312122345,1,1,19,1.03999996185303,1.03999996185303
04,2009-04-02,52050040,,"",SANDONA [52050040],Pluviométrica,Convencional,Activa,Nariño,Sandoná,1.3223,-77.4792,20,9/15/1963,,Cudayari,Pacifico,Patía,Río Guáitara,2009,02,Andes,Preliminar,0,0,0,3.56070256233215,3.56070256233215,5.56060647964478,1.70186614990234,0.0250411070883274,3.93818187713623,4.62545442581177,5,5,0.789855062961578,0.967391312122345,1,1,19,1.03999996185303,0
04,2010-04-06,52050040,2,Definitivo,SANDONA [52050040],Pluviométrica,Convencional,Activa,Nariño,Sandoná,1.3223,-77.4792,20,9/15/1963,,Cudayari,Pacifico,Patía,Río Guáitara,2010,06,Andes,Definitivo,2,2,0,8.00426387786865,8.00426387786865,11.0262908935547,10.8329029083252,6.41293478012085,3.93818187713623,4.62545442581177,5,5,0.789855062961578,0.967391312122345,1,1,20,1.03999996185303,2.07999992370605
04,2018-04-13,52050040,,"",SANDONA [52050040],Pluviométrica,Convencional,Activa,Nariño,Sandoná,1.3223,-77.4792,20,9/15/1963,,Cudayari,Pacifico,Patía,Río Guáitara,2018,13,Andes,Preliminar,0,0,0,4.25799131393433,4.25799131393433,0,8.80051422119141,12.4027471542358,3.93818187713623,4.62545442581177,5,5,0.789855062961578,0.967391312122345,1,1,21,1.03999996185303,0
04,2018-04-12,52050040,20,Definitivo,SANDONA [52050040],Pluviométrica,Convencional,Activa,Nariño,Sandoná,1.3223,-77.4792,20,9/15/1963,,Cudayari,Pacifico,Patía,Río Guáitara,2018,12,Andes,Definitivo,20,20,0,1.53280222415924,1.53280222415924,0,9.90971183776855,6.68581104278565,3.93818187713623,4.62545442581177,5,5,0.789855062961578,0.967391312122345,1,1,21,1.03999996185303,20.7999992370605
04,2019-04-10,52050040,1,Definitivo,SANDONA [52050040],Pluviométrica,Convencional,Activa,Nariño,Sandoná,1.3223,-77.4792,20,9/15/1963,,Cudayari,Pacifico,Patía,Río Guáitara,2019,10,Andes,Definitivo,1,1,0,6.70253610610962,6.70253610610962,0,5.77992677688599,1.29247224330902,3.93818187713623,4.62545442581177,5,5,0.789855062961578,0.967391312122345,1,1,20,1.03999996185303,1.03999996185303
04,2021-04-04,52050040,,"",SANDONA [52050040],Pluviométrica,Convencional,Activa,Nariño,Sandoná,1.3223,-77.4792,20,9/15/1963,,Cudayari,Pacifico,Patía,Río Guáitara,2021,04,Andes,Preliminar,0,0,0,4.96990633010864,4.96990633010864,7.58352613449097,5.41569375991821,22.9828300476074,3.93818187713623,4.62545442581177,5,5,0.789855062961578,0.967391312122345,1,1,19,1.03999996185303,0
04,2022-04-01,52050040,7,En revisión,SANDONA [52050040],Pluviométrica,Convencional,Activa,Nariño,Sandoná,1.3223,-77.4792,20,9/15/1963,,Cudayari,Pacifico,Patía,Río Guáitara,2022,01,Andes,En revisión,7,7,0,4.65715456008911,4.65715456008911,0,2.8096296787262,0.889269649982452,3.93818187713623,4.62545442581177,5,5,0.789855062961578,0.967391312122345,1,1,19,1.03999996185303,7.27999973297119
04,2016-04-03,52050040,4,Definitivo,SANDONA [52050040],Pluviométrica,Convencional,Activa,Nariño,Sandoná,1.3223,-77.4792,20,9/15/1963,,Cudayari,Pacifico,Patía,Río Guáitara,2016,03,Andes,Definitivo,4,4,0,2.82107925415039,2.82107925415039,0,5.78074407577515,3.00764226913452,3.93818187713623,4.62545442581177,5,5,0.789855062961578,0.967391312122345,1,1,19,1.03999996185303,4.15999984741211
04,2016-04-04,52050040,0,Definitivo,SANDONA [52050040],Pluviométrica,Convencional,Activa,Nariño,Sandoná,1.3223,-77.4792,20,9/15/1963,,Cudayari,Pacifico,Patía,Río Guáitara,2016,04,Andes,Definitivo,0,0,0,3.964271068573,3.964271068573,0,2.81552743911743,0.822195112705231,3.93818187713623,4.62545442581177,5,5,0.789855062961578,0.967391312122345,1,1,19,1.03999996185303,0
04,2018-04-05,52050040,0,Definitivo,SANDONA [52050040],Pluviométrica,Convencional,Activa,Nariño,Sandoná,1.3223,-77.4792,20,9/15/1963,,Cudayari,Pacifico,Patía,Río Guáitara,2018,05,Andes,Definitivo,0,0,0,10.5584726333618,10.5584726333618,0,10.1699686050415,9.55232715606689,3.93818187713623,4.62545442581177,5,5,0.789855062961578,0.967391312122345,1,1,19,1.03999996185303,0
04,2018-04-06,52050040,0,Definitivo,SANDONA [52050040],Pluviométrica,Convencional,Activa,Nariño,Sandoná,1.3223,-77.4792,20,9/15/1963,,Cudayari,Pacifico,Patía,Río Guáitara,2018,06,Andes,Definitivo,0,0,0,10.1356840133667,10.1356840133667,0,6.33235359191895,3.14705514907837,3.93818187713623,4.62545442581177,5,5,0.789855062961578,0.967391312122345,1,1,20,1.03999996185303,0
04,2017-04-17,52050040,,"",SANDONA [52050040],Pluviométrica,Convencional,Activa,Nariño,Sandoná,1.3223,-77.4792,20,9/15/1963,,Cudayari,Pacifico,Patía,Río Guáitara,2017,17,Andes,Preliminar,0,0,0,2.26837635040283,2.26837635040283,21.0016136169434,9.38805103302002,2.24019360542297,3.93818187713623,4.62545442581177,5,5,0.789855062961578,0.967391312122345,1,1,22,1.03999996185303,0
04,2019-04-18,52050040,,"",SANDONA [52050040],Pluviométrica,Convencional,Activa,Nariño,Sandoná,1.3223,-77.4792,20,9/15/1963,,Cudayari,Pacifico,Patía,Río Guáitara,2019,18,Andes,Preliminar,0,0,0,4.8553032875061,4.8553032875061,0,3.94628119468689,0.749490559101105,3.93818187713623,4.62545442581177,5,5,0.789855062961578,0.967391312122345,1,1,22,1.03999996185303,0
04,2018-04-17,52050040,4,Definitivo,SANDONA [52050040],Pluviométrica,Convencional,Activa,Nariño,Sandoná,1.3223,-77.4792,20,9/15/1963,,Cudayari,Pacifico,Patía,Río Guáitara,2018,17,Andes,Definitivo,4,4,0,8.35877990722656,8.35877990722656,4.69812679290772,4.08646011352539,10.8362693786621,3.93818187713623,4.62545442581177,5,5,0.789855062961578,0.967391312122345,1,1,22,1.03999996185303,4.15999984741211
04,2019-04-15,52050040,2,Definitivo,SANDONA [52050040],Pluviométrica,Convencional,Activa,Nariño,Sandoná,1.3223,-77.4792,20,9/15/1963,,Cudayari,Pacifico,Patía,Río Guáitara,2019,15,Andes,Definitivo,2,2,0,7.18109273910523,7.18109273910523,7.40536880493164,5.39231538772583,14.3230409622192,3.93818187713623,4.62545442581177,5,5,0.789855062961578,0.967391312122345,1,1,21,1.03999996185303,2.07999992370605
04,2013-04-04,52050040,,"",SANDONA [52050040],Pluviométrica,Convencional,Activa,Nariño,Sandoná,1.3223,-77.4792,20,9/15/1963,,Cudayari,Pacifico,Patía,Río Guáitara,2013,04,Andes,Preliminar,0,0,0,8.44626331329346,8.44626331329346,6.06297111511231,0.988094687461853,0.301309168338776,3.93818187713623,4.62545442581177,5,5,0.789855062961578,0.967391312122345,1,1,19,1.03999996185303,0
04,2013-04-05,52050040,,"",SANDONA [52050040],Pluviométrica,Convencional,Activa,Nariño,Sandoná,1.3223,-77.4792,20,9/15/1963,,Cudayari,Pacifico,Patía,Río Guáitara,2013,05,Andes,Preliminar,0,0,0,6.35763359069824,6.35763359069824,0,0.916392505168915,0.0113463709130883,3.93818187713623,4.62545442581177,5,5,0.789855062961578,0.967391312122345,1,1,19,1.03999996185303,0
04,2017-04-06,52050040,,"",SANDONA [52050040],Pluviométrica,Convencional,Activa,Nariño,Sandoná,1.3223,-77.4792,20,9/15/1963,,Cudayari,Pacifico,Patía,Río Guáitara,2017,06,Andes,Preliminar,0,0,0,1.1162623167038,1.1162623167038,0,0.838042378425598,0.0340179949998856,3.93818187713623,4.62545442581177,5,5,0.789855062961578,0.967391312122345,1,1,20,1.03999996185303,0
04,2015-04-06,52050040,15,Definitivo,SANDONA [52050040],Pluviométrica,Convencional,Activa,Nariño,Sandoná,1.3223,-77.4792,20,9/15/1963,,Cudayari,Pacifico,Patía,Río Guáitara,2015,06,Andes,Definitivo,15,15,0,3.24512910842896,3.24512910842896,6.00709629058838,0.145199716091156,0.157274484634399,3.93818187713623,4.62545442581177,5,5,0.789855062961578,0.967391312122345,1,1,20,1.03999996185303,15.5999994277954
04,2011-04-06,52050040,6,Definitivo,SANDONA [52050040],Pluviométrica,Convencional,Activa,Nariño,Sandoná,1.3223,-77.4792,20,9/15/1963,,Cudayari,Pacifico,Patía,Río Guáitara,2011,06,Andes,Definitivo,6,6,0,6.03096580505371,6.03096580505371,37.8750228881836,22.3951778411865,34.8507080078125,3.93818187713623,4.62545442581177,5,5,0.789855062961578,0.967391312122345,1,1,20,1.03999996185303,6.23999977111816
04,2017-04-03,52050040,,"",SANDONA [52050040],Pluviométrica,Convencional,Activa,Nariño,Sandoná,1.3223,-77.4792,20,9/15/1963,,Cudayari,Pacifico,Patía,Río Guáitara,2017,03,Andes,Preliminar,0,0,0,4.60312509536743,4.60312509536743,0,1.21995341777802,0.244839027523994,3.93818187713623,4.62545442581177,5,5,0.789855062961578,0.967391312122345,1,1,19,1.03999996185303,0
04,2015-04-01,52050040,1,Definitivo,SANDONA [52050040],Pluviométrica,Convencional,Activa,Nariño,Sandoná,1.3223,-77.4792,20,9/15/1963,,Cudayari,Pacifico,Patía,Río Guáitara,2015,01,Andes,Definitivo,1,1,0,1.90910494327545,1.90910494327545,0,3.57631039619446,1.6068195104599,3.93818187713623,4.62545442581177,5,5,0.789855062961578,0.967391312122345,1,1,19,1.03999996185303,1.03999996185303
04,2014-04-04,52050040,11,Definitivo,SANDONA [52050040],Pluviométrica,Convencional,Activa,Nariño,Sandoná,1.3223,-77.4792,20,9/15/1963,,Cudayari,Pacifico,Patía,Río Guáitara,2014,04,Andes,Definitivo,11,11,0,7.29876756668091,7.29876756668091,0,7.29673290252686,3.30470967292786,3.93818187713623,4.62545442581177,5,5,0.789855062961578,0.967391312122345,1,1,19,1.03999996185303,11.4399995803833
04,2014-04-05,52050040,6,Definitivo,SANDONA [52050040],Pluviométrica,Convencional,Activa,Nariño,Sandoná,1.3223,-77.4792,20,9/15/1963,,Cudayari,Pacifico,Patía,Río Guáitara,2014,05,Andes,Definitivo,6,6,0,4.21616744995117,4.21616744995117,0,1.41518115997314,2.67321157455444,3.93818187713623,4.62545442581177,5,5,0.789855062961578,0.967391312122345,1,1,19,1.03999996185303,6.23999977111816
04,2015-04-16,52050040,19,Definitivo,SANDONA [52050040],Pluviométrica,Convencional,Activa,Nariño,Sandoná,1.3223,-77.4792,20,9/15/1963,,Cudayari,Pacifico,Patía,Río Guáitara,2015,16,Andes,Definitivo,19,19,0,9.53381824493408,9.53381824493408,64.3773345947266,35.437427520752,17.8521766662598,3.93818187713623,4.62545442581177,5,5,0.789855062961578,0.967391312122345,1,1,22,1.03999996185303,19.7599992752075
04,2015-04-17,52050040,1,Definitivo,SANDONA [52050040],Pluviométrica,Convencional,Activa,Nariño,Sandoná,1.3223,-77.4792,20,9/15/1963,,Cudayari,Pacifico,Patía,Río Guáitara,2015,17,Andes,Definitivo,1,1,0,9.92691612243652,9.92691612243652,42.9182243347168,13.5529327392578,29.4346179962158,3.93818187713623,4.62545442581177,5,5,0.789855062961578,0.967391312122345,1,1,22,1.03999996185303,1.03999996185303
04,2005-04-01,52050040,,"",SANDONA [52050040],Pluviométrica,Convencional,Activa,Nariño,Sandoná,1.3223,-77.4792,20,9/15/1963,,Cudayari,Pacifico,Patía,Río Guáitara,2005,01,Andes,Preliminar,0,0,0,5.74732732772827,5.74732732772827,0,2.19866347312927,0.520122587680817,3.93818187713623,4.62545442581177,5,5,0.789855062961578,0.967391312122345,1,1,19,1.03999996185303,0
04,2005-04-02,52050040,,"",SANDONA [52050040],Pluviométrica,Convencional,Activa,Nariño,Sandoná,1.3223,-77.4792,20,9/15/1963,,Cudayari,Pacifico,Patía,Río Guáitara,2005,02,Andes,Preliminar,0,0,0,8.55090141296387,8.55090141296387,0,1.67252600193024,0.356828302145004,3.93818187713623,4.62545442581177,5,5,0.789855062961578,0.967391312122345,1,1,19,1.03999996185303,0
04,2017-04-15,52050040,,"",SANDONA [52050040],Pluviométrica,Convencional,Activa,Nariño,Sandoná,1.3223,-77.4792,20,9/15/1963,,Cudayari,Pacifico,Patía,Río Guáitara,2017,15,Andes,Preliminar,0,0,0,1.07927310466766,1.07927310466766,0,0.650027275085449,2.98689365386963,3.93818187713623,4.62545442581177,5,5,0.789855062961578,0.967391312122345,1,1,21,1.03999996185303,0
04,2017-04-14,52050040,8,Definitivo,SANDONA [52050040],Pluviométrica,Convencional,Activa,Nariño,Sandoná,1.3223,-77.4792,20,9/15/1963,,Cudayari,Pacifico,Patía,Río Guáitara,2017,14,Andes,Definitivo,8,8,0,1.19062674045563,1.19062674045563,12.8898649215698,1.82723653316498,1.02342808246613,3.93818187713623,4.62545442581177,5,5,0.789855062961578,0.967391312122345,1,1,21,1.03999996185303,8.31999969482422
04,2020-04-06,52050040,1,En revisión,SANDONA [52050040],Pluviométrica,Convencional,Activa,Nariño,Sandoná,1.3223,-77.4792,20,9/15/1963,,Cudayari,Pacifico,Patía,Río Guáitara,2020,06,Andes,En revisión,1,1,0,1.97073912620544,1.97073912620544,0,1.37939131259918,0.0144528513774276,3.93818187713623,4.62545442581177,5,5,0.789855062961578,0.967391312122345,1,1,20,1.03999996185303,1.03999996185303
04,2021-04-03,52050040,3,En revisión,SANDONA [52050040],Pluviométrica,Convencional,Activa,Nariño,Sandoná,1.3223,-77.4792,20,9/15/1963,,Cudayari,Pacifico,Patía,Río Guáitara,2021,03,Andes,En revisión,3,3,0,3.61802458763123,3.61802458763123,0,27.610279083252,8.36259269714356,3.93818187713623,4.62545442581177,5,5,0.789855062961578,0.967391312122345,1,1,19,1.03999996185303,3.11999988555908
04,2019-04-03,52050040,8,Definitivo,SANDONA [52050040],Pluviométrica,Convencional,Activa,Nariño,Sandoná,1.3223,-77.4792,20,9/15/1963,,Cudayari,Pacifico,Patía,Río Guáitara,2019,03,Andes,Definitivo,8,8,0,10.9780502319336,10.9780502319336,33.6638717651367,12.8147821426392,5.46086168289185,3.93818187713623,4.62545442581177,5,5,0.789855062961578,0.967391312122345,1,1,19,1.03999996185303,8.31999969482422
04,2012-04-02,52050040,,"",SANDONA [52050040],Pluviométrica,Convencional,Activa,Nariño,Sandoná,1.3223,-77.4792,20,9/15/1963,,Cudayari,Pacifico,Patía,Río Guáitara,2012,02,Andes,Preliminar,0,0,0,2.58241891860962,2.58241891860962,0,1.2502316236496,3.97736525535584,3.93818187713623,4.62545442581177,5,5,0.789855062961578,0.967391312122345,1,1,19,1.03999996185303,0
04,2010-04-02,52050040,18,Definitivo,SANDONA [52050040],Pluviométrica,Convencional,Activa,Nariño,Sandoná,1.3223,-77.4792,20,9/15/1963,,Cudayari,Pacifico,Patía,Río Guáitara,2010,02,Andes,Definitivo,18,18,0,4.30207824707031,4.30207824707031,0,5.51244688034058,0,3.93818187713623,4.62545442581177,5,5,0.789855062961578,0.967391312122345,1,1,19,1.03999996185303,18.7199993133545
04,2010-04-03,52050040,,"",SANDONA [52050040],Pluviométrica,Convencional,Activa,Nariño,Sandoná,1.3223,-77.4792,20,9/15/1963,,Cudayari,Pacifico,Patía,Río Guáitara,2010,03,Andes,Preliminar,0,0,0,5.02538871765137,5.02538871765137,42.1801147460938,15.7736558914185,23.1952743530273,3.93818187713623,4.62545442581177,5,5,0.789855062961578,0.967391312122345,1,1,19,1.03999996185303,0
04,2013-04-01,52050040,,"",SANDONA [52050040],Pluviométrica,Convencional,Activa,Nariño,Sandoná,1.3223,-77.4792,20,9/15/1963,,Cudayari,Pacifico,Patía,Río Guáitara,2013,01,Andes,Preliminar,0,0,0,3.70379829406738,3.70379829406738,0,0.40396124124527,0.723646283149719,3.93818187713623,4.62545442581177,5,5,0.789855062961578,0.967391312122345,1,1,19,1.03999996185303,0
04,2017-04-09,52050040,3,Definitivo,SANDONA [52050040],Pluviométrica,Convencional,Activa,Nariño,Sandoná,1.3223,-77.4792,20,9/15/1963,,Cudayari,Pacifico,Patía,Río Guáitara,2017,09,Andes,Definitivo,3,3,0,4.09812831878662,4.09812831878662,0,9.31530952453613,17.174840927124,3.93818187713623,4.62545442581177,5,5,0.789855062961578,0.967391312122345,1,1,20,1.03999996185303,3.11999988555908
04,2017-04-10,52050040,8,Definitivo,SANDONA [52050040],Pluviométrica,Convencional,Activa,Nariño,Sandoná,1.3223,-77.4792,20,9/15/1963,,Cudayari,Pacifico,Patía,Río Guáitara,2017,10,Andes,Definitivo,8,8,0,4.50699806213379,4.50699806213379,0,7.65244579315186,9.19974327087402,3.93818187713623,4.62545442581177,5,5,0.789855062961578,0.967391312122345,1,1,20,1.03999996185303,8.31999969482422
04,2015-04-18,52050040,1,Definitivo,SANDONA [52050040],Pluviométrica,Convencional,Activa,Nariño,Sandoná,1.3223,-77.4792,20,9/15/1963,,Cudayari,Pacifico,Patía,Río Guáitara,2015,18,Andes,Definitivo,1,1,0,12.0072689056396,12.0072689056396,0,11.5455102920532,11.3601369857788,3.93818187713623,4.62545442581177,5,5,0.789855062961578,0.967391312122345,1,1,22,1.03999996185303,1.03999996185303
04,2017-04-18,52050040,10,Definitivo,SANDONA [52050040],Pluviométrica,Convencional,Activa,Nariño,Sandoná,1.3223,-77.4792,20,9/15/1963,,Cudayari,Pacifico,Patía,Río Guáitara,2017,18,Andes,Definitivo,10,10,0,5.83081245422363,5.83081245422363,42.0032272338867,13.8512926101685,2.36687111854553,3.93818187713623,4.62545442581177,5,5,0.789855062961578,0.967391312122345,1,1,22,1.03999996185303,10.3999996185303
04,2009-04-03,52050040,,"",SANDONA [52050040],Pluviométrica,Convencional,Activa,Nariño,Sandoná,1.3223,-77.4792,20,9/15/1963,,Cudayari,Pacifico,Patía,Río Guáitara,2009,03,Andes,Preliminar,0,0,0,13.6805944442749,13.6805944442749,2.78030323982239,5.56166696548462,4.0142822265625,3.93818187713623,4.62545442581177,5,5,0.789855062961578,0.967391312122345,1,1,19,1.03999996185303,0
04,2011-04-04,52050040,,"",SANDONA [52050040],Pluviométrica,Convencional,Activa,Nariño,Sandoná,1.3223,-77.4792,20,9/15/1963,,Cudayari,Pacifico,Patía,Río Guáitara,2011,04,Andes,Preliminar,0,0,0,16.1548900604248,16.1548900604248,25.5651226043701,11.1295957565308,2.23921585083008,3.93818187713623,4.62545442581177,5,5,0.789855062961578,0.967391312122345,1,1,19,1.03999996185303,0
04,2011-04-05,52050040,26,Definitivo,SANDONA [52050040],Pluviométrica,Convencional,Activa,Nariño,Sandoná,1.3223,-77.4792,20,9/15/1963,,Cudayari,Pacifico,Patía,Río Guáitara,2011,05,Andes,Definitivo,26,26,0,4.24704170227051,4.24704170227051,0,13.301441192627,5.20155429840088,3.93818187713623,4.62545442581177,5,5,0.789855062961578,0.967391312122345,1,1,19,1.03999996185303,27.0399990081787
04,2012-04-01,52050040,1,Definitivo,SANDONA [52050040],Pluviométrica,Convencional,Activa,Nariño,Sandoná,1.3223,-77.4792,20,9/15/1963,,Cudayari,Pacifico,Patía,Río Guáitara,2012,01,Andes,Definitivo,1,1,0,1.97214412689209,1.97214412689209,0,3.49304127693176,0.0862438902258873,3.93818187713623,4.62545442581177,5,5,0.789855062961578,0.967391312122345,1,1,19,1.03999996185303,1.03999996185303
04,2008-04-01,52050040,2,Definitivo,SANDONA [52050040],Pluviométrica,Convencional,Activa,Nariño,Sandoná,1.3223,-77.4792,20,9/15/1963,,Cudayari,Pacifico,Patía,Río Guáitara,2008,01,Andes,Definitivo,2,2,0,4.57174396514893,4.57174396514893,0,2.25974011421204,2.89510679244995,3.93818187713623,4.62545442581177,5,5,0.789855062961578,0.967391312122345,1,1,19,1.03999996185303,2.07999992370605
04,2017-04-02,52050040,,"",SANDONA [52050040],Pluviométrica,Convencional,Activa,Nariño,Sandoná,1.3223,-77.4792,20,9/15/1963,,Cudayari,Pacifico,Patía,Río Guáitara,2017,02,Andes,Preliminar,0,0,0,8.3982048034668,8.3982048034668,0,0.647073566913605,0.433286517858505,3.93818187713623,4.62545442581177,5,5,0.789855062961578,0.967391312122345,1,1,19,1.03999996185303,0
04,2017-04-01,52050040,,"",SANDONA [52050040],Pluviométrica,Convencional,Activa,Nariño,Sandoná,1.3223,-77.4792,20,9/15/1963,,Cudayari,Pacifico,Patía,Río Guáitara,2017,01,Andes,Preliminar,0,0,0,5.4639835357666,5.4639835357666,6.10738563537598,2.82108163833618,4.98029708862305,3.93818187713623,4.62545442581177,5,5,0.789855062961578,0.967391312122345,1,1,19,1.03999996185303,0
04,2016-04-13,52050040,8,Definitivo,SANDONA [52050040],Pluviométrica,Convencional,Activa,Nariño,Sandoná,1.3223,-77.4792,20,9/15/1963,,Cudayari,Pacifico,Patía,Río Guáitara,2016,13,Andes,Definitivo,8,8,0,6.52845430374146,6.52845430374146,0,4.3169379234314,13.7115058898926,3.93818187713623,4.62545442581177,5,5,0.789855062961578,0.967391312122345,1,1,21,1.03999996185303,8.31999969482422
04,2008-04-02,52050040,4,Definitivo,SANDONA [52050040],Pluviométrica,Convencional,Activa,Nariño,Sandoná,1.3223,-77.4792,20,9/15/1963,,Cudayari,Pacifico,Patía,Río Guáitara,2008,02,Andes,Definitivo,4,4,0,0.0840956345200539,0.0840956345200539,0,0.997390270233154,0,3.93818187713623,4.62545442581177,5,5,0.789855062961578,0.967391312122345,1,1,19,1.03999996185303,4.15999984741211
04,2016-04-05,52050040,1,Definitivo,SANDONA [52050040],Pluviométrica,Convencional,Activa,Nariño,Sandoná,1.3223,-77.4792,20,9/15/1963,,Cudayari,Pacifico,Patía,Río Guáitara,2016,05,Andes,Definitivo,1,1,0,1.97453272342682,1.97453272342682,0,3.50568318367004,1.82651090621948,3.93818187713623,4.62545442581177,5,5,0.789855062961578,0.967391312122345,1,1,19,1.03999996185303,1.03999996185303
04,2019-04-04,52050040,1,Definitivo,SANDONA [52050040],Pluviométrica,Convencional,Activa,Nariño,Sandoná,1.3223,-77.4792,20,9/15/1963,,Cudayari,Pacifico,Patía,Río Guáitara,2019,04,Andes,Definitivo,1,1,0,1.99326145648956,1.99326145648956,0,14.1788339614868,8.48915767669678,3.93818187713623,4.62545442581177,5,5,0.789855062961578,0.967391312122345,1,1,19,1.03999996185303,1.03999996185303
04,2019-04-09,52050040,,"",SANDONA [52050040],Pluviométrica,Convencional,Activa,Nariño,Sandoná,1.3223,-77.4792,20,9/15/1963,,Cudayari,Pacifico,Patía,Río Guáitara,2019,09,Andes,Preliminar,0,0,0,4.2088828086853,4.2088828086853,0,3.08035659790039,0.0635642036795616,3.93818187713623,4.62545442581177,5,5,0.789855062961578,0.967391312122345,1,1,20,1.03999996185303,0
04,2016-04-14,52050040,,"",SANDONA [52050040],Pluviométrica,Convencional,Activa,Nariño,Sandoná,1.3223,-77.4792,20,9/15/1963,,Cudayari,Pacifico,Patía,Río Guáitara,2016,14,Andes,Preliminar,0,0,0,1.18795526027679,1.18795526027679,0,3.91591215133667,3.84573721885681,3.93818187713623,4.62545442581177,5,5,0.789855062961578,0.967391312122345,1,1,21,1.03999996185303,0
04,2015-04-19,52050040,16,Definitivo,SANDONA [52050040],Pluviométrica,Convencional,Activa,Nariño,Sandoná,1.3223,-77.4792,20,9/15/1963,,Cudayari,Pacifico,Patía,Río Guáitara,2015,19,Andes,Definitivo,16,16,0,13.7949705123901,13.7949705123901,21.4591121673584,4.22427797317505,4.64955425262451,3.93818187713623,4.62545442581177,5,5,0.789855062961578,0.967391312122345,1,1,22,1.03999996185303,16.6399993896484
04,2016-04-16,52050040,2,Definitivo,SANDONA [52050040],Pluviométrica,Convencional,Activa,Nariño,Sandoná,1.3223,-77.4792,20,9/15/1963,,Cudayari,Pacifico,Patía,Río Guáitara,2016,16,Andes,Definitivo,2,2,0,4.68564987182617,4.68564987182617,0,4.29948425292969,6.69379234313965,3.93818187713623,4.62545442581177,5,5,0.789855062961578,0.967391312122345,1,1,22,1.03999996185303,2.07999992370605
04,2015-04-03,52050040,3,Definitivo,SANDONA [52050040],Pluviométrica,Convencional,Activa,Nariño,Sandoná,1.3223,-77.4792,20,9/15/1963,,Cudayari,Pacifico,Patía,Río Guáitara,2015,03,Andes,Definitivo,3,3,0,5.97211408615112,5.97211408615112,0,3.80168604850769,11.153130531311,3.93818187713623,4.62545442581177,5,5,0.789855062961578,0.967391312122345,1,1,19,1.03999996185303,3.11999988555908
04,2020-04-05,52050040,,"",SANDONA [52050040],Pluviométrica,Convencional,Activa,Nariño,Sandoná,1.3223,-77.4792,20,9/15/1963,,Cudayari,Pacifico,Patía,Río Guáitara,2020,05,Andes,Preliminar,0,0,0,3.31533622741699,3.31533622741699,0,1.78780698776245,0,3.93818187713623,4.62545442581177,5,5,0.789855062961578,0.967391312122345,1,1,19,1.03999996185303,0
04,2021-04-02,52050040,,"",SANDONA [52050040],Pluviométrica,Convencional,Activa,Nariño,Sandoná,1.3223,-77.4792,20,9/15/1963,,Cudayari,Pacifico,Patía,Río Guáitara,2021,02,Andes,Preliminar,0,0,0,14.0866947174072,14.0866947174072,22.7505779266357,15.3428163528442,23.4175434112549,3.93818187713623,4.62545442581177,5,5,0.789855062961578,0.967391312122345,1,1,19,1.03999996185303,0
04,2019-04-02,52050040,5,Definitivo,SANDONA [52050040],Pluviométrica,Convencional,Activa,Nariño,Sandoná,1.3223,-77.4792,20,9/15/1963,,Cudayari,Pacifico,Patía,Río Guáitara,2019,02,Andes,Definitivo,5,5,0,4.40265035629272,4.40265035629272,33.6638717651367,15.7904090881348,30.2112483978272,3.93818187713623,4.62545442581177,5,5,0.789855062961578,0.967391312122345,1,1,19,1.03999996185303,5.19999980926514
04,2007-04-03,52050040,16,Definitivo,SANDONA [52050040],Pluviométrica,Convencional,Activa,Nariño,Sandoná,1.3223,-77.4792,20,9/15/1963,,Cudayari,Pacifico,Patía,Río Guáitara,2007,03,Andes,Definitivo,16,16,0,6.25117588043213,6.25117588043213,9.05345439910889,4.77574014663696,7.07897615432739,3.93818187713623,4.62545442581177,5,5,0.789855062961578,0.967391312122345,1,1,19,1.03999996185303,16.6399993896484
04,2018-04-07,52050040,5,Definitivo,SANDONA [52050040],Pluviométrica,Convencional,Activa,Nariño,Sandoná,1.3223,-77.4792,20,9/15/1963,,Cudayari,Pacifico,Patía,Río Guáitara,2018,07,Andes,Definitivo,5,5,0,4.16757392883301,4.16757392883301,0,3.67980456352234,0.377998292446136,3.93818187713623,4.62545442581177,5,5,0.789855062961578,0.967391312122345,1,1,20,1.03999996185303,5.19999980926514
04,2018-04-08,52050040,,"",SANDONA [52050040],Pluviométrica,Convencional,Activa,Nariño,Sandoná,1.3223,-77.4792,20,9/15/1963,,Cudayari,Pacifico,Patía,Río Guáitara,2018,08,Andes,Preliminar,0,0,0,5.88647174835205,5.88647174835205,11.1246185302734,1.49270832538605,5.74908971786499,3.93818187713623,4.62545442581177,5,5,0.789855062961578,0.967391312122345,1,1,20,1.03999996185303,0
04,2015-04-02,52050040,,"",SANDONA [52050040],Pluviométrica,Convencional,Activa,Nariño,Sandoná,1.3223,-77.4792,20,9/15/1963,,Cudayari,Pacifico,Patía,Río Guáitara,2015,02,Andes,Preliminar,0,0,0,2.01605319976807,2.01605319976807,4.75654077529907,2.46271753311157,1.33951675891876,3.93818187713623,4.62545442581177,5,5,0.789855062961578,0.967391312122345,1,1,19,1.03999996185303,0
04,2019-04-01,52050040,22,Definitivo,SANDONA [52050040],Pluviométrica,Convencional,Activa,Nariño,Sandoná,1.3223,-77.4792,20,9/15/1963,,Cudayari,Pacifico,Patía,Río Guáitara,2019,01,Andes,Definitivo,22,22,0,1.87754487991333,1.87754487991333,0,13.690034866333,2.73043060302734,3.93818187713623,4.62545442581177,5,5,0.789855062961578,0.967391312122345,1,1,19,1.03999996185303,22.8799991607666
04,2010-04-01,52050040,2,Definitivo,SANDONA [52050040],Pluviométrica,Convencional,Activa,Nariño,Sandoná,1.3223,-77.4792,20,9/15/1963,,Cudayari,Pacifico,Patía,Río Guáitara,2010,01,Andes,Definitivo,2,2,0,3.89723992347717,3.89723992347717,0,4.70904684066773,10.880482673645,3.93818187713623,4.62545442581177,5,5,0.789855062961578,0.967391312122345,1,1,19,1.03999996185303,2.07999992370605
04,2005-04-03,52050040,3,Definitivo,SANDONA [52050040],Pluviométrica,Convencional,Activa,Nariño,Sandoná,1.3223,-77.4792,20,9/15/1963,,Cudayari,Pacifico,Patía,Río Guáitara,2005,03,Andes,Definitivo,3,3,0,3.44839644432068,3.44839644432068,0,1.32973968982697,0.0302396845072508,3.93818187713623,4.62545442581177,5,5,0.789855062961578,0.967391312122345,1,1,19,1.03999996185303,3.11999988555908
04,2016-04-15,52050040,,"",SANDONA [52050040],Pluviométrica,Convencional,Activa,Nariño,Sandoná,1.3223,-77.4792,20,9/15/1963,,Cudayari,Pacifico,Patía,Río Guáitara,2016,15,Andes,Preliminar,0,0,0,1.70546591281891,1.70546591281891,0,5.03310775756836,0.701156497001648,3.93818187713623,4.62545442581177,5,5,0.789855062961578,0.967391312122345,1,1,21,1.03999996185303,0
04,2011-04-01,52050040,5,Definitivo,SANDONA [52050040],Pluviométrica,Convencional,Activa,Nariño,Sandoná,1.3223,-77.4792,20,9/15/1963,,Cudayari,Pacifico,Patía,Río Guáitara,2011,01,Andes,Definitivo,5,5,0,5.62780857086182,5.62780857086182,0,8.45512676239014,22.9262828826904,3.93818187713623,4.62545442581177,5,5,0.789855062961578,0.967391312122345,1,1,19,1.03999996185303,5.19999980926514
04,2011-04-02,52050040,6,Definitivo,SANDONA [52050040],Pluviométrica,Convencional,Activa,Nariño,Sandoná,1.3223,-77.4792,20,9/15/1963,,Cudayari,Pacifico,Patía,Río Guáitara,2011,02,Andes,Definitivo,6,6,0,4.40365171432495,4.40365171432495,0,10.3892202377319,16.9317588806152,3.93818187713623,4.62545442581177,5,5,0.789855062961578,0.967391312122345,1,1,19,1.03999996185303,6.23999977111816
04,2014-04-06,52050040,8,Definitivo,SANDONA [52050040],Pluviométrica,Convencional,Activa,Nariño,Sandoná,1.3223,-77.4792,20,9/15/1963,,Cudayari,Pacifico,Patía,Río Guáitara,2014,06,Andes,Definitivo,8,8,0,2.06924152374268,2.06924152374268,0,0.067405179142952,0,3.93818187713623,4.62545442581177,5,5,0.789855062961578,0.967391312122345,1,1,20,1.03999996185303,8.31999969482422
04,2020-04-04,52050040,,"",SANDONA [52050040],Pluviométrica,Convencional,Activa,Nariño,Sandoná,1.3223,-77.4792,20,9/15/1963,,Cudayari,Pacifico,Patía,Río Guáitara,2020,04,Andes,Preliminar,0,0,0,1.71139347553253,1.71139347553253,0,0.429297089576721,0.250416100025177,3.93818187713623,4.62545442581177,5,5,0.789855062961578,0.967391312122345,1,1,19,1.03999996185303,0
04,2017-04-11,52050040,,"",SANDONA [52050040],Pluviométrica,Convencional,Activa,Nariño,Sandoná,1.3223,-77.4792,20,9/15/1963,,Cudayari,Pacifico,Patía,Río Guáitara,2017,11,Andes,Preliminar,0,0,0,13.8697509765625,13.8697509765625,0,2.96400856971741,3.21242713928223,3.93818187713623,4.62545442581177,5,5,0.789855062961578,0.967391312122345,1,1,21,1.03999996185303,0
04,2017-04-13,52050040,1,Definitivo,SANDONA [52050040],Pluviométrica,Convencional,Activa,Nariño,Sandoná,1.3223,-77.4792,20,9/15/1963,,Cudayari,Pacifico,Patía,Río Guáitara,2017,13,Andes,Definitivo,1,1,0,1.71834743022919,1.71834743022919,0,1.95275747776032,0.608371198177338,3.93818187713623,4.62545442581177,5,5,0.789855062961578,0.967391312122345,1,1,21,1.03999996185303,1.03999996185303
04,2018-04-11,52050040,10,Definitivo,SANDONA [52050040],Pluviométrica,Convencional,Activa,Nariño,Sandoná,1.3223,-77.4792,20,9/15/1963,,Cudayari,Pacifico,Patía,Río Guáitara,2018,11,Andes,Definitivo,10,10,0,5.28209829330444,5.28209829330444,8.76775169372559,7.58635377883911,13.0033369064331,3.93818187713623,4.62545442581177,5,5,0.789855062961578,0.967391312122345,1,1,21,1.03999996185303,10.3999996185303
04,2017-04-04,52050040,,"",SANDONA [52050040],Pluviométrica,Convencional,Activa,Nariño,Sandoná,1.3223,-77.4792,20,9/15/1963,,Cudayari,Pacifico,Patía,Río Guáitara,2017,04,Andes,Preliminar,0,0,0,2.67340350151062,2.67340350151062,0,0.492710471153259,0,3.93818187713623,4.62545442581177,5,5,0.789855062961578,0.967391312122345,1,1,19,1.03999996185303,0
04,2021-04-01,52050040,7,En revisión,SANDONA [52050040],Pluviométrica,Convencional,Activa,Nariño,Sandoná,1.3223,-77.4792,20,9/15/1963,,Cudayari,Pacifico,Patía,Río Guáitara,2021,01,Andes,En revisión,7,7,0,6.59183979034424,6.59183979034424,7.58352613449097,2.19685959815979,2.2079074382782,3.93818187713623,4.62545442581177,5,5,0.789855062961578,0.967391312122345,1,1,19,1.03999996185303,7.27999973297119
04,2014-04-03,52050040,,"",SANDONA [52050040],Pluviométrica,Convencional,Activa,Nariño,Sandoná,1.3223,-77.4792,20,9/15/1963,,Cudayari,Pacifico,Patía,Río Guáitara,2014,03,Andes,Preliminar,,,1,9.23367977142334,9.23367977142334,0,2.1956033706665,0.0581132993102074,3.93818187713623,4.62545442581177,5,5,0.789855062961578,0.967391312122345,1,1,19,1.03999996185303,
04,2017-04-12,52050040,,"",SANDONA [52050040],Pluviométrica,Convencional,Activa,Nariño,Sandoná,1.3223,-77.4792,20,9/15/1963,,Cudayari,Pacifico,Patía,Río Guáitara,2017,12,Andes,Preliminar,0,0,0,1.55198895931244,1.55198895931244,0,2.64883255958557,2.21174192428589,3.93818187713623,4.62545442581177,5,5,0.789855062961578,0.967391312122345,1,1,21,1.03999996185303,0
04,2019-04-08,52050040,8,Definitivo,SANDONA [52050040],Pluviométrica,Convencional,Activa,Nariño,Sandoná,1.3223,-77.4792,20,9/15/1963,,Cudayari,Pacifico,Patía,Río Guáitara,2019,08,Andes,Definitivo,8,8,0,5.64883947372437,5.64883947372437,0,1.37765622138977,4.39652442932129,3.93818187713623,4.62545442581177,5,5,0.789855062961578,0.967391312122345,1,1,20,1.03999996185303,8.31999969482422
04,2013-04-03,52050040,,"",SANDONA [52050040],Pluviométrica,Convencional,Activa,Nariño,Sandoná,1.3223,-77.4792,20,9/15/1963,,Cudayari,Pacifico,Patía,Río Guáitara,2013,03,Andes,Preliminar,0,0,0,4.45805358886719,4.45805358886719,0,1.09460747241974,0.0352998189628124,3.93818187713623,4.62545442581177,5,5,0.789855062961578,0.967391312122345,1,1,19,1.03999996185303,0
04,2019-04-05,52050040,9,Definitivo,SANDONA [52050040],Pluviométrica,Convencional,Activa,Nariño,Sandoná,1.3223,-77.4792,20,9/15/1963,,Cudayari,Pacifico,Patía,Río Guáitara,2019,05,Andes,Definitivo,9,9,0,3.30482721328735,3.30482721328735,0,10.8765506744385,20.4589214324951,3.93818187713623,4.62545442581177,5,5,0.789855062961578,0.967391312122345,1,1,19,1.03999996185303,9.35999965667725
04,2018-04-01,52050040,10,Definitivo,SANDONA [52050040],Pluviométrica,Convencional,Activa,Nariño,Sandoná,1.3223,-77.4792,20,9/15/1963,,Cudayari,Pacifico,Patía,Río Guáitara,2018,01,Andes,Definitivo,10,10,0,10.001425743103,10.001425743103,0,14.1676158905029,22.5632095336914,3.93818187713623,4.62545442581177,5,5,0.789855062961578,0.967391312122345,1,1,19,1.03999996185303,10.3999996185303
04,2013-04-02,52050040,,"",SANDONA [52050040],Pluviométrica,Convencional,Activa,Nariño,Sandoná,1.3223,-77.4792,20,9/15/1963,,Cudayari,Pacifico,Patía,Río Guáitara,2013,02,Andes,Preliminar,0,0,0,3.84701299667358,3.84701299667358,3.03148555755615,1.96251738071442,4.29397106170654,3.93818187713623,4.62545442581177,5,5,0.789855062961578,0.967391312122345,1,1,19,1.03999996185303,0
04,2019-04-07,52050040,15,Definitivo,SANDONA [52050040],Pluviométrica,Convencional,Activa,Nariño,Sandoná,1.3223,-77.4792,20,9/15/1963,,Cudayari,Pacifico,Patía,Río Guáitara,2019,07,Andes,Definitivo,15,15,0,4.82846355438232,4.82846355438232,0,6.76466512680054,2.97162628173828,3.93818187713623,4.62545442581177,5,5,0.789855062961578,0.967391312122345,1,1,20,1.03999996185303,15.5999994277954
04,2018-04-03,52050040,7,Definitivo,SANDONA [52050040],Pluviométrica,Convencional,Activa,Nariño,Sandoná,1.3223,-77.4792,20,9/15/1963,,Cudayari,Pacifico,Patía,Río Guáitara,2018,03,Andes,Definitivo,7,7,0,6.71279954910278,6.71279954910278,0,10.019850730896,0.899603664875031,3.93818187713623,4.62545442581177,5,5,0.789855062961578,0.967391312122345,1,1,19,1.03999996185303,7.27999973297119
04,2014-04-02,52050040,,"",SANDONA [52050040],Pluviométrica,Convencional,Activa,Nariño,Sandoná,1.3223,-77.4792,20,9/15/1963,,Cudayari,Pacifico,Patía,Río Guáitara,2014,02,Andes,Preliminar,,,1,4.6592059135437,4.6592059135437,8.94012451171875,1.08834838867188,6.18712949752808,3.93818187713623,4.62545442581177,5,5,0.789855062961578,0.967391312122345,1,1,19,1.03999996185303,
04,2018-04-10,52050040,5,Definitivo,SANDONA [52050040],Pluviométrica,Convencional,Activa,Nariño,Sandoná,1.3223,-77.4792,20,9/15/1963,,Cudayari,Pacifico,Patía,Río Guáitara,2018,10,Andes,Definitivo,5,5,0,9.11399173736572,9.11399173736572,0,9.46105861663818,11.2256698608398,3.93818187713623,4.62545442581177,5,5,0.789855062961578,0.967391312122345,1,1,20,1.03999996185303,5.19999980926514
04,2018-04-09,52050040,3,Definitivo,SANDONA [52050040],Pluviométrica,Convencional,Activa,Nariño,Sandoná,1.3223,-77.4792,20,9/15/1963,,Cudayari,Pacifico,Patía,Río Guáitara,2018,09,Andes,Definitivo,3,3,0,4.14281034469605,4.14281034469605,11.1246185302734,1.05467045307159,1.52078378200531,3.93818187713623,4.62545442581177,5,5,0.789855062961578,0.967391312122345,1,1,20,1.03999996185303,3.11999988555908
04,2020-04-03,52050040,,"",SANDONA [52050040],Pluviométrica,Convencional,Activa,Nariño,Sandoná,1.3223,-77.4792,20,9/15/1963,,Cudayari,Pacifico,Patía,Río Guáitara,2020,03,Andes,Preliminar,0,0,0,0.970789194107056,0.970789194107056,0,0.343082308769226,0.936556160449982,3.93818187713623,4.62545442581177,5,5,0.789855062961578,0.967391312122345,1,1,19,1.03999996185303,0
04,2016-04-02,52050040,25,Definitivo,SANDONA [52050040],Pluviométrica,Convencional,Activa,Nariño,Sandoná,1.3223,-77.4792,20,9/15/1963,,Cudayari,Pacifico,Patía,Río Guáitara,2016,02,Andes,Definitivo,25,25,0,2.23307585716248,2.23307585716248,0,4.72479200363159,17.5012607574463,3.93818187713623,4.62545442581177,5,5,0.789855062961578,0.967391312122345,1,1,19,1.03999996185303,25.9999990463257
04,2019-04-06,52050040,6,Definitivo,SANDONA [52050040],Pluviométrica,Convencional,Activa,Nariño,Sandoná,1.3223,-77.4792,20,9/15/1963,,Cudayari,Pacifico,Patía,Río Guáitara,2019,06,Andes,Definitivo,6,6,0,12.057806968689,12.057806968689,32.205997467041,11.3576183319092,19.6360378265381,3.93818187713623,4.62545442581177,5,5,0.789855062961578,0.967391312122345,1,1,20,1.03999996185303,6.23999977111816
04,2018-04-02,52050040,3,Definitivo,SANDONA [52050040],Pluviométrica,Convencional,Activa,Nariño,Sandoná,1.3223,-77.4792,20,9/15/1963,,Cudayari,Pacifico,Patía,Río Guáitara,2018,02,Andes,Definitivo,3,3,0,2.76657676696777,2.76657676696777,32.3610038757324,10.8179893493652,8.29987716674805,3.93818187713623,4.62545442581177,5,5,0.789855062961578,0.967391312122345,1,1,19,1.03999996185303,3.11999988555908
04,2017-04-05,52050040,,"",SANDONA [52050040],Pluviométrica,Convencional,Activa,Nariño,Sandoná,1.3223,-77.4792,20,9/15/1963,,Cudayari,Pacifico,Patía,Río Guáitara,2017,05,Andes,Preliminar,0,0,0,1.47549831867218,1.47549831867218,3.05369281768799,0.480102032423019,0.00249835755676031,3.93818187713623,4.62545442581177,5,5,0.789855062961578,0.967391312122345,1,1,19,1.03999996185303,0
04,2016-04-01,52050040,21,Definitivo,SANDONA [52050040],Pluviométrica,Convencional,Activa,Nariño,Sandoná,1.3223,-77.4792,20,9/15/1963,,Cudayari,Pacifico,Patía,Río Guáitara,2016,01,Andes,Definitivo,21,21,0,1.98641574382782,1.98641574382782,0,6.43164730072022,0.100785203278065,3.93818187713623,4.62545442581177,5,5,0.789855062961578,0.967391312122345,1,1,19,1.03999996185303,21.8399991989136
04,2011-04-03,52050040,19,Definitivo,SANDONA [52050040],Pluviométrica,Convencional,Activa,Nariño,Sandoná,1.3223,-77.4792,20,9/15/1963,,Cudayari,Pacifico,Patía,Río Guáitara,2011,03,Andes,Definitivo,19,19,0,6.26367378234863,6.26367378234863,25.5651226043701,9.15513801574707,5.13170719146729,3.93818187713623,4.62545442581177,5,5,0.789855062961578,0.967391312122345,1,1,19,1.03999996185303,19.7599992752075
04,2014-04-01,52050040,,"",SANDONA [52050040],Pluviométrica,Convencional,Activa,Nariño,Sandoná,1.3223,-77.4792,20,9/15/1963,,Cudayari,Pacifico,Patía,Río Guáitara,2014,01,Andes,Preliminar,,,1,1.40494179725647,1.40494179725647,8.94012451171875,0.417135626077652,0.189836785197258,3.93818187713623,4.62545442581177,5,5,0.789855062961578,0.967391312122345,1,1,19,1.03999996185303,
05,2010-05-30,52050040,,"",SANDONA [52050040],Pluviométrica,Convencional,Activa,Nariño,Sandoná,1.3223,-77.4792,20,9/15/1963,,Cudayari,Pacifico,Patía,Río Guáitara,2010,30,Andes,Preliminar,0,0,0,7.33666658401489,7.33666658401489,13.9562883377075,4.29531335830689,5.6336088180542,3.93818187713623,4.62545442581177,5,5,0.789855062961578,0.967391312122345,1,1,30,1.02999997138977,0
05,2010-05-31,52050040,12,Definitivo,SANDONA [52050040],Pluviométrica,Convencional,Activa,Nariño,Sandoná,1.3223,-77.4792,20,9/15/1963,,Cudayari,Pacifico,Patía,Río Guáitara,2010,31,Andes,Definitivo,12,12,0,10.2637968063355,10.2637968063355,6.97814416885376,2.40688014030457,23.7920627593994,3.93818187713623,4.62545442581177,5,5,0.789855062961578,0.967391312122345,1,1,30,1.02999997138977,12.3599996566772
05,2006-05-30,52050040,,"",SANDONA [52050040],Pluviométrica,Convencional,Activa,Nariño,Sandoná,1.3223,-77.4792,20,9/15/1963,,Cudayari,Pacifico,Patía,Río Guáitara,2006,30,Andes,Preliminar,0,0,0,0.109143510460854,0.109143510460854,0,2.04853630065918,1.57746577262878,3.93818187713623,4.62545442581177,5,5,0.789855062961578,0.967391312122345,1,1,30,1.02999997138977,0
05,2008-05-29,52050040,7,Definitivo,SANDONA [52050040],Pluviométrica,Convencional,Activa,Nariño,Sandoná,1.3223,-77.4792,20,9/15/1963,,Cudayari,Pacifico,Patía,Río Guáitara,2008,29,Andes,Definitivo,7,7,0,16.3891716003418,16.3891716003418,0,11.1216297149658,25.2151870727539,3.93818187713623,4.62545442581177,5,5,0.789855062961578,0.967391312122345,1,1,30,1.02999997138977,7.20999979972839
05,2006-05-29,52050040,4,Definitivo,SANDONA [52050040],Pluviométrica,Convencional,Activa,Nariño,Sandoná,1.3223,-77.4792,20,9/15/1963,,Cudayari,Pacifico,Patía,Río Guáitara,2006,29,Andes,Definitivo,4,4,0,0.436574041843414,0.436574041843414,0,1.15797460079193,3.59662222862244,3.93818187713623,4.62545442581177,5,5,0.789855062961578,0.967391312122345,1,1,30,1.02999997138977,4.11999988555908
05,2005-05-25,52050040,10,Definitivo,SANDONA [52050040],Pluviométrica,Convencional,Activa,Nariño,Sandoná,1.3223,-77.4792,20,9/15/1963,,Cudayari,Pacifico,Patía,Río Guáitara,2005,25,Andes,Definitivo,10,10,0,11.4469614028931,11.4469614028931,0,5.24318027496338,0,3.93818187713623,4.62545442581177,5,5,0.789855062961578,0.967391312122345,1,1,29,1.02999997138977,10.2999997138977
05,2007-05-19,52050040,0,Definitivo,SANDONA [52050040],Pluviométrica,Convencional,Activa,Nariño,Sandoná,1.3223,-77.4792,20,9/15/1963,,Cudayari,Pacifico,Patía,Río Guáitara,2007,19,Andes,Definitivo,0,0,0,12.3079395294189,12.3079395294189,0,9.34630489349365,0.082000844180584,3.93818187713623,4.62545442581177,5,5,0.789855062961578,0.967391312122345,1,1,28,1.02999997138977,0
05,2004-05-28,52050040,3,Definitivo,SANDONA [52050040],Pluviométrica,Convencional,Activa,Nariño,Sandoná,1.3223,-77.4792,20,9/15/1963,,Cudayari,Pacifico,Patía,Río Guáitara,2004,28,Andes,Definitivo,3,3,0,6.37368488311768,6.37368488311768,0,6.17297220230103,8.27884483337402,3.93818187713623,4.62545442581177,5,5,0.789855062961578,0.967391312122345,1,1,30,1.02999997138977,3.08999991416931
05,2003-05-31,52050040,,"",SANDONA [52050040],Pluviométrica,Convencional,Activa,Nariño,Sandoná,1.3223,-77.4792,20,9/15/1963,,Cudayari,Pacifico,Patía,Río Guáitara,2003,31,Andes,Preliminar,0,0,0,3.12949085235596,3.12949085235596,5.8689112663269,1.52945053577423,4.14411497116089,3.93818187713623,4.62545442581177,5,5,0.789855062961578,0.967391312122345,1,1,30,1.02999997138977,0
05,2005-05-24,52050040,,"",SANDONA [52050040],Pluviométrica,Convencional,Activa,Nariño,Sandoná,1.3223,-77.4792,20,9/15/1963,,Cudayari,Pacifico,Patía,Río Guáitara,2005,24,Andes,Preliminar,0,0,0,6.94897794723511,6.94897794723511,8.31380081176758,0.998276233673096,0.493149876594544,3.93818187713623,4.62545442581177,5,5,0.789855062961578,0.967391312122345,1,1,29,1.02999997138977,0
05,2006-05-21,52050040,,"",SANDONA [52050040],Pluviométrica,Convencional,Activa,Nariño,Sandoná,1.3223,-77.4792,20,9/15/1963,,Cudayari,Pacifico,Patía,Río Guáitara,2006,21,Andes,Preliminar,0,0,0,10.6667289733887,10.6667289733887,0,5.49290084838867,2.69823718070984,3.93818187713623,4.62545442581177,5,5,0.789855062961578,0.967391312122345,1,1,29,1.02999997138977,0
05,2016-05-31,52050040,,"",SANDONA [52050040],Pluviométrica,Convencional,Activa,Nariño,Sandoná,1.3223,-77.4792,20,9/15/1963,,Cudayari,Pacifico,Patía,Río Guáitara,2016,31,Andes,Preliminar,0,0,0,20.3937854766846,20.3937854766846,25.0140037536621,10.4065093994141,13.2751331329346,3.93818187713623,4.62545442581177,5,5,0.789855062961578,0.967391312122345,1,1,30,1.02999997138977,0
05,2008-05-30,52050040,7,Definitivo,SANDONA [52050040],Pluviométrica,Convencional,Activa,Nariño,Sandoná,1.3223,-77.4792,20,9/15/1963,,Cudayari,Pacifico,Patía,Río Guáitara,2008,30,Andes,Definitivo,7,7,0,20.0725116729736,20.0725116729736,0,1.14675724506378,9.06967735290527,3.93818187713623,4.62545442581177,5,5,0.789855062961578,0.967391312122345,1,1,30,1.02999997138977,7.20999979972839
05,2008-05-31,52050040,2,Definitivo,SANDONA [52050040],Pluviométrica,Convencional,Activa,Nariño,Sandoná,1.3223,-77.4792,20,9/15/1963,,Cudayari,Pacifico,Patía,Río Guáitara,2008,31,Andes,Definitivo,2,2,0,4.29159736633301,4.29159736633301,0,2.27110576629639,0.191329255700111,3.93818187713623,4.62545442581177,5,5,0.789855062961578,0.967391312122345,1,1,30,1.02999997138977,2.05999994277954
05,2007-05-28,52050040,1,Definitivo,SANDONA [52050040],Pluviométrica,Convencional,Activa,Nariño,Sandoná,1.3223,-77.4792,20,9/15/1963,,Cudayari,Pacifico,Patía,Río Guáitara,2007,28,Andes,Definitivo,1,1,0,3.05803155899048,3.05803155899048,0,6.40191078186035,0.027257788926363,3.93818187713623,4.62545442581177,5,5,0.789855062961578,0.967391312122345,1,1,30,1.02999997138977,1.02999997138977
05,2013-05-29,52050040,2,Definitivo,SANDONA [52050040],Pluviométrica,Convencional,Activa,Nariño,Sandoná,1.3223,-77.4792,20,9/15/1963,,Cudayari,Pacifico,Patía,Río Guáitara,2013,29,Andes,Definitivo,2,2,0,16.0224685668945,16.0224685668945,12.6866178512573,6.84827613830566,6.18859243392944,3.93818187713623,4.62545442581177,5,5,0.789855062961578,0.967391312122345,1,1,30,1.02999997138977,2.05999994277954
05,2006-05-22,52050040,,"",SANDONA [52050040],Pluviométrica,Convencional,Activa,Nariño,Sandoná,1.3223,-77.4792,20,9/15/1963,,Cudayari,Pacifico,Patía,Río Guáitara,2006,22,Andes,Preliminar,0,0,0,3.37779712677002,3.37779712677002,0,0.823585689067841,0,3.93818187713623,4.62545442581177,5,5,0.789855062961578,0.967391312122345,1,1,29,1.02999997138977,0
05,2005-05-31,52050040,9,Definitivo,SANDONA [52050040],Pluviométrica,Convencional,Activa,Nariño,Sandoná,1.3223,-77.4792,20,9/15/1963,,Cudayari,Pacifico,Patía,Río Guáitara,2005,31,Andes,Definitivo,9,9,0,7.27660655975342,7.27660655975342,0,2.75903153419495,0.00336283189244568,3.93818187713623,4.62545442581177,5,5,0.789855062961578,0.967391312122345,1,1,30,1.02999997138977,9.26999974250793
05,2004-05-27,52050040,7,Definitivo,SANDONA [52050040],Pluviométrica,Convencional,Activa,Nariño,Sandoná,1.3223,-77.4792,20,9/15/1963,,Cudayari,Pacifico,Patía,Río Guáitara,2004,27,Andes,Definitivo,7,7,0,6.61572265625,6.61572265625,0,1.60756921768188,2.29448986053467,3.93818187713623,4.62545442581177,5,5,0.789855062961578,0.967391312122345,1,1,30,1.02999997138977,7.20999979972839
05,2016-05-30,52050040,23,Definitivo,SANDONA [52050040],Pluviométrica,Convencional,Activa,Nariño,Sandoná,1.3223,-77.4792,20,9/15/1963,,Cudayari,Pacifico,Patía,Río Guáitara,2016,30,Andes,Definitivo,23,23,0,10.3360090255737,10.3360090255737,0,10.043948173523,14.0100498199463,3.93818187713623,4.62545442581177,5,5,0.789855062961578,0.967391312122345,1,1,30,1.02999997138977,23.6899993419647
05,2013-05-30,52050040,20,Definitivo,SANDONA [52050040],Pluviométrica,Convencional,Activa,Nariño,Sandoná,1.3223,-77.4792,20,9/15/1963,,Cudayari,Pacifico,Patía,Río Guáitara,2013,30,Andes,Definitivo,20,20,0,15.5190696716309,15.5190696716309,12.6866178512573,12.3857517242432,17.0640125274658,3.93818187713623,4.62545442581177,5,5,0.789855062961578,0.967391312122345,1,1,30,1.02999997138977,20.5999994277954
05,2007-05-27,52050040,3,Definitivo,SANDONA [52050040],Pluviométrica,Convencional,Activa,Nariño,Sandoná,1.3223,-77.4792,20,9/15/1963,,Cudayari,Pacifico,Patía,Río Guáitara,2007,27,Andes,Definitivo,3,3,0,6.98760223388672,6.98760223388672,11.0328845977783,6.10848045349121,0.299835711717606,3.93818187713623,4.62545442581177,5,5,0.789855062961578,0.967391312122345,1,1,30,1.02999997138977,3.08999991416931
05,2006-05-23,52050040,,"",SANDONA [52050040],Pluviométrica,Convencional,Activa,Nariño,Sandoná,1.3223,-77.4792,20,9/15/1963,,Cudayari,Pacifico,Patía,Río Guáitara,2006,23,Andes,Preliminar,0,0,0,0.0592596009373665,0.0592596009373665,0,0.385412335395813,0.546795070171356,3.93818187713623,4.62545442581177,5,5,0.789855062961578,0.967391312122345,1,1,29,1.02999997138977,0
05,2005-05-26,52050040,13,Definitivo,SANDONA [52050040],Pluviométrica,Convencional,Activa,Nariño,Sandoná,1.3223,-77.4792,20,9/15/1963,,Cudayari,Pacifico,Patía,Río Guáitara,2005,26,Andes,Definitivo,13,13,0,4.27500629425049,4.27500629425049,14.7948751449585,9.10049819946289,25.7054882049561,3.93818187713623,4.62545442581177,5,5,0.789855062961578,0.967391312122345,1,1,30,1.02999997138977,13.389999628067
05,2007-05-18,52050040,,"",SANDONA [52050040],Pluviométrica,Convencional,Activa,Nariño,Sandoná,1.3223,-77.4792,20,9/15/1963,,Cudayari,Pacifico,Patía,Río Guáitara,2007,18,Andes,Preliminar,3,3,0,8.71157646179199,8.71157646179199,22.23215675354,13.8228282928467,18.7058410644531,3.93818187713623,4.62545442581177,5,5,0.789855062961578,0.967391312122345,1,1,28,1.02999997138977,3.08999991416931
05,2019-05-30,52050040,20,Definitivo,SANDONA [52050040],Pluviométrica,Convencional,Activa,Nariño,Sandoná,1.3223,-77.4792,20,9/15/1963,,Cudayari,Pacifico,Patía,Río Guáitara,2019,30,Andes,Definitivo,20,20,0,9.89399528503418,9.89399528503418,0,13.8369598388672,0.0233791321516037,3.93818187713623,4.62545442581177,5,5,0.789855062961578,0.967391312122345,1,1,30,1.02999997138977,20.5999994277954
05,2010-05-29,52050040,,"",SANDONA [52050040],Pluviométrica,Convencional,Activa,Nariño,Sandoná,1.3223,-77.4792,20,9/15/1963,,Cudayari,Pacifico,Patía,Río Guáitara,2010,29,Andes,Preliminar,0,0,0,6.16832828521729,6.16832828521729,0,1.64431464672089,0.404501855373383,3.93818187713623,4.62545442581177,5,5,0.789855062961578,0.967391312122345,1,1,30,1.02999997138977,0
05,2004-05-26,52050040,1,Definitivo,SANDONA [52050040],Pluviométrica,Convencional,Activa,Nariño,Sandoná,1.3223,-77.4792,20,9/15/1963,,Cudayari,Pacifico,Patía,Río Guáitara,2004,26,Andes,Definitivo,1,1,0,3.307861328125,3.307861328125,0,4.42317819595337,0.478748470544815,3.93818187713623,4.62545442581177,5,5,0.789855062961578,0.967391312122345,1,1,30,1.02999997138977,1.02999997138977
05,2006-05-31,52050040,10,Definitivo,SANDONA [52050040],Pluviométrica,Convencional,Activa,Nariño,Sandoná,1.3223,-77.4792,20,9/15/1963,,Cudayari,Pacifico,Patía,Río Guáitara,2006,31,Andes,Definitivo,10,10,0,1.52800929546356,1.52800929546356,0,5.11176586151123,0,3.93818187713623,4.62545442581177,5,5,0.789855062961578,0.967391312122345,1,1,30,1.02999997138977,10.2999997138977
05,2009-05-29,52050040,4,Definitivo,SANDONA [52050040],Pluviométrica,Convencional,Activa,Nariño,Sandoná,1.3223,-77.4792,20,9/15/1963,,Cudayari,Pacifico,Patía,Río Guáitara,2009,29,Andes,Definitivo,4,4,0,8.63174247741699,8.63174247741699,0,7.8869833946228,0.40991735458374,3.93818187713623,4.62545442581177,5,5,0.789855062961578,0.967391312122345,1,1,30,1.02999997138977,4.11999988555908
05,2008-05-15,52050040,,"",SANDONA [52050040],Pluviométrica,Convencional,Activa,Nariño,Sandoná,1.3223,-77.4792,20,9/15/1963,,Cudayari,Pacifico,Patía,Río Guáitara,2008,15,Andes,Preliminar,0,0,0,13.4457683563232,13.4457683563232,8.16969203948975,2.27592301368713,1.31730890274048,3.93818187713623,4.62545442581177,5,5,0.789855062961578,0.967391312122345,1,1,27,1.02999997138977,0
05,2008-05-16,52050040,25,Definitivo,SANDONA [52050040],Pluviométrica,Convencional,Activa,Nariño,Sandoná,1.3223,-77.4792,20,9/15/1963,,Cudayari,Pacifico,Patía,Río Guáitara,2008,16,Andes,Definitivo,25,25,0,1.64556622505188,1.64556622505188,0,4.67231178283691,0.539651453495026,3.93818187713623,4.62545442581177,5,5,0.789855062961578,0.967391312122345,1,1,28,1.02999997138977,25.7499992847443
05,2005-05-23,52050040,,"",SANDONA [52050040],Pluviométrica,Convencional,Activa,Nariño,Sandoná,1.3223,-77.4792,20,9/15/1963,,Cudayari,Pacifico,Patía,Río Guáitara,2005,23,Andes,Preliminar,0,0,0,0.430944442749023,0.430944442749023,8.31380081176758,7.28134632110596,10.9073152542114,3.93818187713623,4.62545442581177,5,5,0.789855062961578,0.967391312122345,1,1,29,1.02999997138977,0
05,2012-05-30,52050040,,"",SANDONA [52050040],Pluviométrica,Convencional,Activa,Nariño,Sandoná,1.3223,-77.4792,20,9/15/1963,,Cudayari,Pacifico,Patía,Río Guáitara,2012,30,Andes,Preliminar,0,0,0,2.41848182678223,2.41848182678223,0,0.232559934258461,0.361030012369156,3.93818187713623,4.62545442581177,5,5,0.789855062961578,0.967391312122345,1,1,30,1.02999997138977,0
05,2005-05-28,52050040,,"",SANDONA [52050040],Pluviométrica,Convencional,Activa,Nariño,Sandoná,1.3223,-77.4792,20,9/15/1963,,Cudayari,Pacifico,Patía,Río Guáitara,2005,28,Andes,Preliminar,0,0,0,0.363830327987671,0.363830327987671,7.39743757247925,4.68401145935059,0.659115076065064,3.93818187713623,4.62545442581177,5,5,0.789855062961578,0.967391312122345,1,1,30,1.02999997138977,0
05,2011-05-30,52050040,2,Definitivo,SANDONA [52050040],Pluviométrica,Convencional,Activa,Nariño,Sandoná,1.3223,-77.4792,20,9/15/1963,,Cudayari,Pacifico,Patía,Río Guáitara,2011,30,Andes,Definitivo,2,2,0,2.69678020477295,2.69678020477295,0,0.518030107021332,0.196565836668015,3.93818187713623,4.62545442581177,5,5,0.789855062961578,0.967391312122345,1,1,30,1.02999997138977,2.05999994277954
05,2007-05-20,52050040,1,Definitivo,SANDONA [52050040],Pluviométrica,Convencional,Activa,Nariño,Sandoná,1.3223,-77.4792,20,9/15/1963,,Cudayari,Pacifico,Patía,Río Guáitara,2007,20,Andes,Definitivo,1,1,0,6.1103253364563,6.1103253364563,11.11607837677,5.16108560562134,4.95864009857178,3.93818187713623,4.62545442581177,5,5,0.789855062961578,0.967391312122345,1,1,28,1.02999997138977,1.02999997138977
05,2005-05-27,52050040,,"",SANDONA [52050040],Pluviométrica,Convencional,Activa,Nariño,Sandoná,1.3223,-77.4792,20,9/15/1963,,Cudayari,Pacifico,Patía,Río Guáitara,2005,27,Andes,Preliminar,0,0,0,6.82181882858276,6.82181882858276,14.7948751449585,4.92148447036743,2.20265555381775,3.93818187713623,4.62545442581177,5,5,0.789855062961578,0.967391312122345,1,1,30,1.02999997138977,0
05,2007-05-31,52050040,12,Definitivo,SANDONA [52050040],Pluviométrica,Convencional,Activa,Nariño,Sandoná,1.3223,-77.4792,20,9/15/1963,,Cudayari,Pacifico,Patía,Río Guáitara,2007,31,Andes,Definitivo,12,12,0,5.01517152786255,5.01517152786255,0,6.73119497299194,4.78646802902222,3.93818187713623,4.62545442581177,5,5,0.789855062961578,0.967391312122345,1,1,30,1.02999997138977,12.3599996566772
05,2005-05-30,52050040,,"",SANDONA [52050040],Pluviométrica,Convencional,Activa,Nariño,Sandoná,1.3223,-77.4792,20,9/15/1963,,Cudayari,Pacifico,Patía,Río Guáitara,2005,30,Andes,Preliminar,,,1,7.45852136611939,7.45852136611939,0,4.15789937973022,0.0470796525478363,3.93818187713623,4.62545442581177,5,5,0.789855062961578,0.967391312122345,1,1,30,1.02999997138977,
05,2003-05-29,52050040,,"",SANDONA [52050040],Pluviométrica,Convencional,Activa,Nariño,Sandoná,1.3223,-77.4792,20,9/15/1963,,Cudayari,Pacifico,Patía,Río Guáitara,2003,29,Andes,Preliminar,0,0,0,5.84478425979614,5.84478425979614,0,4.15998792648315,0.191070884466171,3.93818187713623,4.62545442581177,5,5,0.789855062961578,0.967391312122345,1,1,30,1.02999997138977,0
05,2012-05-29,52050040,,"",SANDONA [52050040],Pluviométrica,Convencional,Activa,Nariño,Sandoná,1.3223,-77.4792,20,9/15/1963,,Cudayari,Pacifico,Patía,Río Guáitara,2012,29,Andes,Preliminar,0,0,0,3.38590097427368,3.38590097427368,0,0.406248092651367,0.28502368927002,3.93818187713623,4.62545442581177,5,5,0.789855062961578,0.967391312122345,1,1,30,1.02999997138977,0
05,2006-05-20,52050040,2,Definitivo,SANDONA [52050040],Pluviométrica,Convencional,Activa,Nariño,Sandoná,1.3223,-77.4792,20,9/15/1963,,Cudayari,Pacifico,Patía,Río Guáitara,2006,20,Andes,Definitivo,2,2,0,8.22943878173828,8.22943878173828,0,4.05046033859253,0,3.93818187713623,4.62545442581177,5,5,0.789855062961578,0.967391312122345,1,1,28,1.02999997138977,2.05999994277954
05,2014-05-31,52050040,3,Definitivo,SANDONA [52050040],Pluviométrica,Convencional,Activa,Nariño,Sandoná,1.3223,-77.4792,20,9/15/1963,,Cudayari,Pacifico,Patía,Río Guáitara,2014,31,Andes,Definitivo,3,3,0,3.66407752037048,3.66407752037048,0,4.33900737762451,0.749527037143707,3.93818187713623,4.62545442581177,5,5,0.789855062961578,0.967391312122345,1,1,30,1.02999997138977,3.08999991416931
05,2017-05-29,52050040,,"",SANDONA [52050040],Pluviométrica,Convencional,Activa,Nariño,Sandoná,1.3223,-77.4792,20,9/15/1963,,Cudayari,Pacifico,Patía,Río Guáitara,2017,29,Andes,Preliminar,0,0,0,1.77766704559326,1.77766704559326,0,0.224999338388443,0.123560048639774,3.93818187713623,4.62545442581177,5,5,0.789855062961578,0.967391312122345,1,1,30,1.02999997138977,0
05,2017-05-30,52050040,,"",SANDONA [52050040],Pluviométrica,Convencional,Activa,Nariño,Sandoná,1.3223,-77.4792,20,9/15/1963,,Cudayari,Pacifico,Patía,Río Guáitara,2017,30,Andes,Preliminar,0,0,0,1.69604468345642,1.69604468345642,0,0.219016879796982,0.243134304881096,3.93818187713623,4.62545442581177,5,5,0.789855062961578,0.967391312122345,1,1,30,1.02999997138977,0
05,2007-05-21,52050040,8,Definitivo,SANDONA [52050040],Pluviométrica,Convencional,Activa,Nariño,Sandoná,1.3223,-77.4792,20,9/15/1963,,Cudayari,Pacifico,Patía,Río Guáitara,2007,21,Andes,Definitivo,8,8,0,11.2440910339355,11.2440910339355,20.6973457336426,13.7333631515503,21.0212783813477,3.93818187713623,4.62545442581177,5,5,0.789855062961578,0.967391312122345,1,1,29,1.02999997138977,8.23999977111816
05,2006-05-24,52050040,,"",SANDONA [52050040],Pluviométrica,Convencional,Activa,Nariño,Sandoná,1.3223,-77.4792,20,9/15/1963,,Cudayari,Pacifico,Patía,Río Guáitara,2006,24,Andes,Preliminar,0,0,0,0.266668230295181,0.266668230295181,15.1211042404175,1.01686549186707,5.06768226623535,3.93818187713623,4.62545442581177,5,5,0.789855062961578,0.967391312122345,1,1,29,1.02999997138977,0
05,2007-05-29,52050040,32,Definitivo,SANDONA [52050040],Pluviométrica,Convencional,Activa,Nariño,Sandoná,1.3223,-77.4792,20,9/15/1963,,Cudayari,Pacifico,Patía,Río Guáitara,2007,29,Andes,Definitivo,32,32,0,6.11606311798096,6.11606311798096,0,6.60721206665039,7.55586004257202,3.93818187713623,4.62545442581177,5,5,0.789855062961578,0.967391312122345,1,1,30,1.02999997138977,32.9599990844727
05,2011-05-31,52050040,1,Definitivo,SANDONA [52050040],Pluviométrica,Convencional,Activa,Nariño,Sandoná,1.3223,-77.4792,20,9/15/1963,,Cudayari,Pacifico,Patía,Río Guáitara,2011,31,Andes,Definitivo,1,1,0,2.45748353004456,2.45748353004456,0,0.532912492752075,0.0383543036878109,3.93818187713623,4.62545442581177,5,5,0.789855062961578,0.967391312122345,1,1,30,1.02999997138977,1.02999997138977
05,2013-05-31,52050040,6,Definitivo,SANDONA [52050040],Pluviométrica,Convencional,Activa,Nariño,Sandoná,1.3223,-77.4792,20,9/15/1963,,Cudayari,Pacifico,Patía,Río Guáitara,2013,31,Andes,Definitivo,6,6,0,18.0333194732666,18.0333194732666,25.3732357025147,13.1154479980469,10.0931816101074,3.93818187713623,4.62545442581177,5,5,0.789855062961578,0.967391312122345,1,1,30,1.02999997138977,6.17999982833862
05,2007-05-30,52050040,,"",SANDONA [52050040],Pluviométrica,Convencional,Activa,Nariño,Sandoná,1.3223,-77.4792,20,9/15/1963,,Cudayari,Pacifico,Patía,Río Guáitara,2007,30,Andes,Preliminar,10,10,0,1.25379288196564,1.25379288196564,33.0986518859863,6.10178470611572,23.4471530914307,3.93818187713623,4.62545442581177,5,5,0.789855062961578,0.967391312122345,1,1,30,1.02999997138977,10.2999997138977
05,2003-05-30,52050040,,"",SANDONA [52050040],Pluviométrica,Convencional,Activa,Nariño,Sandoná,1.3223,-77.4792,20,9/15/1963,,Cudayari,Pacifico,Patía,Río Guáitara,2003,30,Andes,Preliminar,0,0,0,0.920438468456268,0.920438468456268,0,2.14390993118286,0.246269136667252,3.93818187713623,4.62545442581177,5,5,0.789855062961578,0.967391312122345,1,1,30,1.02999997138977,0
05,2014-05-30,52050040,4,Definitivo,SANDONA [52050040],Pluviométrica,Convencional,Activa,Nariño,Sandoná,1.3223,-77.4792,20,9/15/1963,,Cudayari,Pacifico,Patía,Río Guáitara,2014,30,Andes,Definitivo,4,4,0,4.01350069046021,4.01350069046021,0,3.10212016105652,0.0137108601629734,3.93818187713623,4.62545442581177,5,5,0.789855062961578,0.967391312122345,1,1,30,1.02999997138977,4.11999988555908
05,2004-05-25,52050040,6,Definitivo,SANDONA [52050040],Pluviométrica,Convencional,Activa,Nariño,Sandoná,1.3223,-77.4792,20,9/15/1963,,Cudayari,Pacifico,Patía,Río Guáitara,2004,25,Andes,Definitivo,6,6,0,1.98388242721558,1.98388242721558,0,4.71726083755493,0.58760941028595,3.93818187713623,4.62545442581177,5,5,0.789855062961578,0.967391312122345,1,1,29,1.02999997138977,6.17999982833862
05,2011-05-27,52050040,,"",SANDONA [52050040],Pluviométrica,Convencional,Activa,Nariño,Sandoná,1.3223,-77.4792,20,9/15/1963,,Cudayari,Pacifico,Patía,Río Guáitara,2011,27,Andes,Preliminar,0,0,0,3.42230010032654,3.42230010032654,0,0.455128073692322,0.342791587114334,3.93818187713623,4.62545442581177,5,5,0.789855062961578,0.967391312122345,1,1,30,1.02999997138977,0
05,2009-05-12,52050040,9,Definitivo,SANDONA [52050040],Pluviométrica,Convencional,Activa,Nariño,Sandoná,1.3223,-77.4792,20,9/15/1963,,Cudayari,Pacifico,Patía,Río Guáitara,2009,12,Andes,Definitivo,9,9,0,3.40300178527832,3.40300178527832,8.05350017547607,1.95310163497925,1.62457382678986,3.93818187713623,4.62545442581177,5,5,0.789855062961578,0.967391312122345,1,1,27,1.02999997138977,9.26999974250793
05,2007-05-13,52050040,,"",SANDONA [52050040],Pluviométrica,Convencional,Activa,Nariño,Sandoná,1.3223,-77.4792,20,9/15/1963,,Cudayari,Pacifico,Patía,Río Guáitara,2007,13,Andes,Preliminar,0,0,0,0.892283320426941,0.892283320426941,0,1.03685224056244,2.03026080131531,3.93818187713623,4.62545442581177,5,5,0.789855062961578,0.967391312122345,1,1,27,1.02999997138977,0
05,2009-05-13,52050040,7,Definitivo,SANDONA [52050040],Pluviométrica,Convencional,Activa,Nariño,Sandoná,1.3223,-77.4792,20,9/15/1963,,Cudayari,Pacifico,Patía,Río Guáitara,2009,13,Andes,Definitivo,7,7,0,0.343422204256058,0.343422204256058,8.05350017547607,5.6806526184082,9.55941390991211,3.93818187713623,4.62545442581177,5,5,0.789855062961578,0.967391312122345,1,1,27,1.02999997138977,7.20999979972839
05,2009-05-14,52050040,,"",SANDONA [52050040],Pluviométrica,Convencional,Activa,Nariño,Sandoná,1.3223,-77.4792,20,9/15/1963,,Cudayari,Pacifico,Patía,Río Guáitara,2009,14,Andes,Preliminar,0,0,0,0.874165594577789,0.874165594577789,0,0.979894995689392,0.0977752804756165,3.93818187713623,4.62545442581177,5,5,0.789855062961578,0.967391312122345,1,1,27,1.02999997138977,0
05,2008-05-17,52050040,15,Definitivo,SANDONA [52050040],Pluviométrica,Convencional,Activa,Nariño,Sandoná,1.3223,-77.4792,20,9/15/1963,,Cudayari,Pacifico,Patía,Río Guáitara,2008,17,Andes,Definitivo,15,15,0,5.15498781204224,5.15498781204224,0,7.68995094299316,13.8159341812134,3.93818187713623,4.62545442581177,5,5,0.789855062961578,0.967391312122345,1,1,28,1.02999997138977,15.4499995708466
05,2006-05-25,52050040,1,Definitivo,SANDONA [52050040],Pluviométrica,Convencional,Activa,Nariño,Sandoná,1.3223,-77.4792,20,9/15/1963,,Cudayari,Pacifico,Patía,Río Guáitara,2006,25,Andes,Definitivo,1,1,0,0.503706634044647,0.503706634044647,0,1.51242196559906,0.918472766876221,3.93818187713623,4.62545442581177,5,5,0.789855062961578,0.967391312122345,1,1,29,1.02999997138977,1.02999997138977
05,2010-05-27,52050040,,"",SANDONA [52050040],Pluviométrica,Convencional,Activa,Nariño,Sandoná,1.3223,-77.4792,20,9/15/1963,,Cudayari,Pacifico,Patía,Río Guáitara,2010,27,Andes,Preliminar,0,0,0,0.866832256317139,0.866832256317139,6.97814416885376,3.7399787902832,2.33875608444214,3.93818187713623,4.62545442581177,5,5,0.789855062961578,0.967391312122345,1,1,30,1.02999997138977,0
05,2009-05-30,52050040,3,Definitivo,SANDONA [52050040],Pluviométrica,Convencional,Activa,Nariño,Sandoná,1.3223,-77.4792,20,9/15/1963,,Cudayari,Pacifico,Patía,Río Guáitara,2009,30,Andes,Definitivo,3,3,0,3.8412356376648,3.8412356376648,0,2.28418827056885,0.0292798094451427,3.93818187713623,4.62545442581177,5,5,0.789855062961578,0.967391312122345,1,1,30,1.02999997138977,3.08999991416931
05,2016-05-29,52050040,3,Definitivo,SANDONA [52050040],Pluviométrica,Convencional,Activa,Nariño,Sandoná,1.3223,-77.4792,20,9/15/1963,,Cudayari,Pacifico,Patía,Río Guáitara,2016,29,Andes,Definitivo,3,3,0,6.26536893844605,6.26536893844605,0,15.967963218689,0.0983343049883842,3.93818187713623,4.62545442581177,5,5,0.789855062961578,0.967391312122345,1,1,30,1.02999997138977,3.08999991416931
05,2005-05-29,52050040,,"",SANDONA [52050040],Pluviométrica,Convencional,Activa,Nariño,Sandoná,1.3223,-77.4792,20,9/15/1963,,Cudayari,Pacifico,Patía,Río Guáitara,2005,29,Andes,Preliminar,0,0,0,4.72979402542114,4.72979402542114,0,2.99477696418762,0,3.93818187713623,4.62545442581177,5,5,0.789855062961578,0.967391312122345,1,1,30,1.02999997138977,0
05,2002-05-31,52050040,9,Definitivo,SANDONA [52050040],Pluviométrica,Convencional,Activa,Nariño,Sandoná,1.3223,-77.4792,20,9/15/1963,,Cudayari,Pacifico,Patía,Río Guáitara,2002,31,Andes,Definitivo,9,9,0,4.31708288192749,4.31708288192749,26.6090412139893,12.6242027282715,17.3803405761719,3.93818187713623,4.62545442581177,5,5,0.789855062961578,0.967391312122345,1,1,30,1.02999997138977,9.26999974250793
05,2008-05-28,52050040,22,Definitivo,SANDONA [52050040],Pluviométrica,Convencional,Activa,Nariño,Sandoná,1.3223,-77.4792,20,9/15/1963,,Cudayari,Pacifico,Patía,Río Guáitara,2008,28,Andes,Definitivo,22,22,0,9.78281497955322,9.78281497955322,0,12.9568843841553,0.241679012775421,3.93818187713623,4.62545442581177,5,5,0.789855062961578,0.967391312122345,1,1,30,1.02999997138977,22.659999370575
05,2005-05-22,52050040,,"",SANDONA [52050040],Pluviométrica,Convencional,Activa,Nariño,Sandoná,1.3223,-77.4792,20,9/15/1963,,Cudayari,Pacifico,Patía,Río Guáitara,2005,22,Andes,Preliminar,0,0,0,0.0808020830154419,0.0808020830154419,0,1.39164555072784,7.10716056823731,3.93818187713623,4.62545442581177,5,5,0.789855062961578,0.967391312122345,1,1,29,1.02999997138977,0
05,2013-05-27,52050040,22,Definitivo,SANDONA [52050040],Pluviométrica,Convencional,Activa,Nariño,Sandoná,1.3223,-77.4792,20,9/15/1963,,Cudayari,Pacifico,Patía,Río Guáitara,2013,27,Andes,Definitivo,22,22,0,10.0389976501465,10.0389976501465,6.7163028717041,12.7807130813599,8.96438407897949,3.93818187713623,4.62545442581177,5,5,0.789855062961578,0.967391312122345,1,1,30,1.02999997138977,22.659999370575
05,2013-05-28,52050040,3,Definitivo,SANDONA [52050040],Pluviométrica,Convencional,Activa,Nariño,Sandoná,1.3223,-77.4792,20,9/15/1963,,Cudayari,Pacifico,Patía,Río Guáitara,2013,28,Andes,Definitivo,3,3,0,10.3611946105957,10.3611946105957,6.93185901641846,14.7089281082153,4.69672918319702,3.93818187713623,4.62545442581177,5,5,0.789855062961578,0.967391312122345,1,1,30,1.02999997138977,3.08999991416931
05,2012-05-31,52050040,,"",SANDONA [52050040],Pluviométrica,Convencional,Activa,Nariño,Sandoná,1.3223,-77.4792,20,9/15/1963,,Cudayari,Pacifico,Patía,Río Guáitara,2012,31,Andes,Preliminar,0,0,0,1.67232882976532,1.67232882976532,0,0.191589936614037,0.41486781835556,3.93818187713623,4.62545442581177,5,5,0.789855062961578,0.967391312122345,1,1,30,1.02999997138977,0
05,2015-05-30,52050040,,"",SANDONA [52050040],Pluviométrica,Convencional,Activa,Nariño,Sandoná,1.3223,-77.4792,20,9/15/1963,,Cudayari,Pacifico,Patía,Río Guáitara,2015,30,Andes,Preliminar,0,0,0,2.59387707710266,2.59387707710266,0,0.674250841140747,0.049551535397768,3.93818187713623,4.62545442581177,5,5,0.789855062961578,0.967391312122345,1,1,30,1.02999997138977,0
05,2019-05-31,52050040,18,Definitivo,SANDONA [52050040],Pluviométrica,Convencional,Activa,Nariño,Sandoná,1.3223,-77.4792,20,9/15/1963,,Cudayari,Pacifico,Patía,Río Guáitara,2019,31,Andes,Definitivo,18,18,0,12.5956287384033,12.5956287384033,45.6124687194824,9.54345607757568,29.2443714141846,3.93818187713623,4.62545442581177,5,5,0.789855062961578,0.967391312122345,1,1,30,1.02999997138977,18.5399994850159
05,2008-05-18,52050040,12,Definitivo,SANDONA [52050040],Pluviométrica,Convencional,Activa,Nariño,Sandoná,1.3223,-77.4792,20,9/15/1963,,Cudayari,Pacifico,Patía,Río Guáitara,2008,18,Andes,Definitivo,12,12,0,1.59519171714783,1.59519171714783,0,11.6281137466431,0,3.93818187713623,4.62545442581177,5,5,0.789855062961578,0.967391312122345,1,1,28,1.02999997138977,12.3599996566772
05,2006-05-26,52050040,0,Definitivo,SANDONA [52050040],Pluviométrica,Convencional,Activa,Nariño,Sandoná,1.3223,-77.4792,20,9/15/1963,,Cudayari,Pacifico,Patía,Río Guáitara,2006,26,Andes,Definitivo,0,0,0,1.80086803436279,1.80086803436279,0,1.50479876995087,4.33803081512451,3.93818187713623,4.62545442581177,5,5,0.789855062961578,0.967391312122345,1,1,30,1.02999997138977,0
05,2008-05-26,52050040,18,Definitivo,SANDONA [52050040],Pluviométrica,Convencional,Activa,Nariño,Sandoná,1.3223,-77.4792,20,9/15/1963,,Cudayari,Pacifico,Patía,Río Guáitara,2008,26,Andes,Definitivo,18,18,0,1.77408576011658,1.77408576011658,0,4.97013759613037,2.27581119537354,3.93818187713623,4.62545442581177,5,5,0.789855062961578,0.967391312122345,1,1,30,1.02999997138977,18.5399994850159
05,2009-05-31,52050040,4,Definitivo,SANDONA [52050040],Pluviométrica,Convencional,Activa,Nariño,Sandoná,1.3223,-77.4792,20,9/15/1963,,Cudayari,Pacifico,Patía,Río Guáitara,2009,31,Andes,Definitivo,4,4,0,2.42836737632751,2.42836737632751,10.7629861831665,3.33966708183289,12.2389602661133,3.93818187713623,4.62545442581177,5,5,0.789855062961578,0.967391312122345,1,1,30,1.02999997138977,4.11999988555908
05,2004-05-31,52050040,,"",SANDONA [52050040],Pluviométrica,Convencional,Activa,Nariño,Sandoná,1.3223,-77.4792,20,9/15/1963,,Cudayari,Pacifico,Patía,Río Guáitara,2004,31,Andes,Preliminar,0,0,0,1.69427061080933,1.69427061080933,11.4593896865845,0.897875487804413,2.06679224967957,3.93818187713623,4.62545442581177,5,5,0.789855062961578,0.967391312122345,1,1,30,1.02999997138977,0
05,2013-05-26,52050040,2,Definitivo,SANDONA [52050040],Pluviométrica,Convencional,Activa,Nariño,Sandoná,1.3223,-77.4792,20,9/15/1963,,Cudayari,Pacifico,Patía,Río Guáitara,2013,26,Andes,Definitivo,2,2,0,9.64404106140137,9.64404106140137,25.3732357025147,12.4271450042725,25.2593650817871,3.93818187713623,4.62545442581177,5,5,0.789855062961578,0.967391312122345,1,1,30,1.02999997138977,2.05999994277954
05,2003-05-28,52050040,,"",SANDONA [52050040],Pluviométrica,Convencional,Activa,Nariño,Sandoná,1.3223,-77.4792,20,9/15/1963,,Cudayari,Pacifico,Patía,Río Guáitara,2003,28,Andes,Preliminar,0,0,0,3.49766635894775,3.49766635894775,0,7.65324831008911,6.92950344085693,3.93818187713623,4.62545442581177,5,5,0.789855062961578,0.967391312122345,1,1,30,1.02999997138977,0
05,2007-05-26,52050040,3,Definitivo,SANDONA [52050040],Pluviométrica,Convencional,Activa,Nariño,Sandoná,1.3223,-77.4792,20,9/15/1963,,Cudayari,Pacifico,Patía,Río Guáitara,2007,26,Andes,Definitivo,3,3,0,9.80099010467529,9.80099010467529,0,8.40184879302979,4.2358603477478,3.93818187713623,4.62545442581177,5,5,0.789855062961578,0.967391312122345,1,1,30,1.02999997138977,3.08999991416931
05,2008-05-14,52050040,1,Definitivo,SANDONA [52050040],Pluviométrica,Convencional,Activa,Nariño,Sandoná,1.3223,-77.4792,20,9/15/1963,,Cudayari,Pacifico,Patía,Río Guáitara,2008,14,Andes,Definitivo,1,1,0,0.783724248409271,0.783724248409271,0,4.77030038833618,0.58617091178894,3.93818187713623,4.62545442581177,5,5,0.789855062961578,0.967391312122345,1,1,27,1.02999997138977,1.02999997138977
05,2005-05-16,52050040,,"",SANDONA [52050040],Pluviométrica,Convencional,Activa,Nariño,Sandoná,1.3223,-77.4792,20,9/15/1963,,Cudayari,Pacifico,Patía,Río Guáitara,2005,16,Andes,Preliminar,0,0,0,3.35723185539246,3.35723185539246,0,3.76738142967224,7.35307455062866,3.93818187713623,4.62545442581177,5,5,0.789855062961578,0.967391312122345,1,1,28,1.02999997138977,0
05,2006-05-14,52050040,,"",SANDONA [52050040],Pluviométrica,Convencional,Activa,Nariño,Sandoná,1.3223,-77.4792,20,9/15/1963,,Cudayari,Pacifico,Patía,Río Guáitara,2006,14,Andes,Preliminar,0,0,0,0,0,0,0.433265537023544,0.0287079717963934,3.93818187713623,4.62545442581177,5,5,0.789855062961578,0.967391312122345,1,1,27,1.02999997138977,0
05,2005-05-13,52050040,12,Definitivo,SANDONA [52050040],Pluviométrica,Convencional,Activa,Nariño,Sandoná,1.3223,-77.4792,20,9/15/1963,,Cudayari,Pacifico,Patía,Río Guáitara,2005,13,Andes,Definitivo,12,12,0,0.676246762275696,0.676246762275696,0,1.13638353347778,5.86460542678833,3.93818187713623,4.62545442581177,5,5,0.789855062961578,0.967391312122345,1,1,27,1.02999997138977,12.3599996566772
05,2007-05-14,52050040,,"",SANDONA [52050040],Pluviométrica,Convencional,Activa,Nariño,Sandoná,1.3223,-77.4792,20,9/15/1963,,Cudayari,Pacifico,Patía,Río Guáitara,2007,14,Andes,Preliminar,0,0,0,0.68949156999588,0.68949156999588,0,1.14198434352875,2.66142988204956,3.93818187713623,4.62545442581177,5,5,0.789855062961578,0.967391312122345,1,1,27,1.02999997138977,0
05,2022-05-29,52050040,1,En revisión,SANDONA [52050040],Pluviométrica,Convencional,Activa,Nariño,Sandoná,1.3223,-77.4792,20,9/15/1963,,Cudayari,Pacifico,Patía,Río Guáitara,2022,29,Andes,En revisión,1,1,0,1.76199793815613,1.76199793815613,0,1.99101626873016,1.96287620067596,3.93818187713623,4.62545442581177,5,5,0.789855062961578,0.967391312122345,1,1,30,1.02999997138977,1.02999997138977
05,2007-05-22,52050040,27,Definitivo,SANDONA [52050040],Pluviométrica,Convencional,Activa,Nariño,Sandoná,1.3223,-77.4792,20,9/15/1963,,Cudayari,Pacifico,Patía,Río Guáitara,2007,22,Andes,Definitivo,27,27,0,13.0689105987549,13.0689105987549,0,4.04516696929932,1.12945127487183,3.93818187713623,4.62545442581177,5,5,0.789855062961578,0.967391312122345,1,1,29,1.02999997138977,27.8099992275238
05,2007-05-23,52050040,,"",SANDONA [52050040],Pluviométrica,Convencional,Activa,Nariño,Sandoná,1.3223,-77.4792,20,9/15/1963,,Cudayari,Pacifico,Patía,Río Guáitara,2007,23,Andes,Preliminar,0,0,0,1.10025727748871,1.10025727748871,20.6973457336426,13.260329246521,26.6797733306885,3.93818187713623,4.62545442581177,5,5,0.789855062961578,0.967391312122345,1,1,29,1.02999997138977,0
05,2008-05-27,52050040,9,Definitivo,SANDONA [52050040],Pluviométrica,Convencional,Activa,Nariño,Sandoná,1.3223,-77.4792,20,9/15/1963,,Cudayari,Pacifico,Patía,Río Guáitara,2008,27,Andes,Definitivo,9,9,0,5.77845048904419,5.77845048904419,67.7597732543945,27.9465446472168,23.4193706512451,3.93818187713623,4.62545442581177,5,5,0.789855062961578,0.967391312122345,1,1,30,1.02999997138977,9.26999974250793
05,2014-05-29,52050040,5,Definitivo,SANDONA [52050040],Pluviométrica,Convencional,Activa,Nariño,Sandoná,1.3223,-77.4792,20,9/15/1963,,Cudayari,Pacifico,Patía,Río Guáitara,2014,29,Andes,Definitivo,5,5,0,4.70407867431641,4.70407867431641,17.1414546966553,8.77408218383789,8.74295902252197,3.93818187713623,4.62545442581177,5,5,0.789855062961578,0.967391312122345,1,1,30,1.02999997138977,5.14999985694885
05,2004-05-30,52050040,,"",SANDONA [52050040],Pluviométrica,Convencional,Activa,Nariño,Sandoná,1.3223,-77.4792,20,9/15/1963,,Cudayari,Pacifico,Patía,Río Guáitara,2004,30,Andes,Preliminar,0,0,0,3.87261843681335,3.87261843681335,11.4593896865845,1.92008554935455,0.140121504664421,3.93818187713623,4.62545442581177,5,5,0.789855062961578,0.967391312122345,1,1,30,1.02999997138977,0
05,2007-05-25,52050040,5,Definitivo,SANDONA [52050040],Pluviométrica,Convencional,Activa,Nariño,Sandoná,1.3223,-77.4792,20,9/15/1963,,Cudayari,Pacifico,Patía,Río Guáitara,2007,25,Andes,Definitivo,5,5,0,7.94332027435303,7.94332027435303,20.6973457336426,20.793607711792,6.95932960510254,3.93818187713623,4.62545442581177,5,5,0.789855062961578,0.967391312122345,1,1,29,1.02999997138977,5.14999985694885
05,2004-05-24,52050040,5,Definitivo,SANDONA [52050040],Pluviométrica,Convencional,Activa,Nariño,Sandoná,1.3223,-77.4792,20,9/15/1963,,Cudayari,Pacifico,Patía,Río Guáitara,2004,24,Andes,Definitivo,5,5,0,3.73560833930969,3.73560833930969,0,2.50061845779419,13.4202423095703,3.93818187713623,4.62545442581177,5,5,0.789855062961578,0.967391312122345,1,1,29,1.02999997138977,5.14999985694885
05,2009-05-26,52050040,,"",SANDONA [52050040],Pluviométrica,Convencional,Activa,Nariño,Sandoná,1.3223,-77.4792,20,9/15/1963,,Cudayari,Pacifico,Patía,Río Guáitara,2009,26,Andes,Preliminar,0,0,0,8.2122974395752,8.2122974395752,0,1.33592665195465,0,3.93818187713623,4.62545442581177,5,5,0.789855062961578,0.967391312122345,1,1,30,1.02999997138977,0
05,2009-05-27,52050040,,"",SANDONA [52050040],Pluviométrica,Convencional,Activa,Nariño,Sandoná,1.3223,-77.4792,20,9/15/1963,,Cudayari,Pacifico,Patía,Río Guáitara,2009,27,Andes,Preliminar,0,0,0,8.19022083282471,8.19022083282471,0,2.30009531974793,1.32735133171082,3.93818187713623,4.62545442581177,5,5,0.789855062961578,0.967391312122345,1,1,30,1.02999997138977,0
05,2011-05-28,52050040,1,Definitivo,SANDONA [52050040],Pluviométrica,Convencional,Activa,Nariño,Sandoná,1.3223,-77.4792,20,9/15/1963,,Cudayari,Pacifico,Patía,Río Guáitara,2011,28,Andes,Definitivo,1,1,0,1.93625342845917,1.93625342845917,0,0.72465980052948,1.92490661144257,3.93818187713623,4.62545442581177,5,5,0.789855062961578,0.967391312122345,1,1,30,1.02999997138977,1.02999997138977
05,2011-05-29,52050040,3,Definitivo,SANDONA [52050040],Pluviométrica,Convencional,Activa,Nariño,Sandoná,1.3223,-77.4792,20,9/15/1963,,Cudayari,Pacifico,Patía,Río Guáitara,2011,29,Andes,Definitivo,3,3,0,1.13245463371277,1.13245463371277,0,0.568274438381195,0.011985719203949,3.93818187713623,4.62545442581177,5,5,0.789855062961578,0.967391312122345,1,1,30,1.02999997138977,3.08999991416931
05,2016-05-26,52050040,2,Definitivo,SANDONA [52050040],Pluviométrica,Convencional,Activa,Nariño,Sandoná,1.3223,-77.4792,20,9/15/1963,,Cudayari,Pacifico,Patía,Río Guáitara,2016,26,Andes,Definitivo,2,2,0,24.8039474487305,24.8039474487305,8.3380012512207,5.21716117858887,15.5678720474243,3.93818187713623,4.62545442581177,5,5,0.789855062961578,0.967391312122345,1,1,30,1.02999997138977,2.05999994277954
05,2010-05-12,52050040,,"",SANDONA [52050040],Pluviométrica,Convencional,Activa,Nariño,Sandoná,1.3223,-77.4792,20,9/15/1963,,Cudayari,Pacifico,Patía,Río Guáitara,2010,12,Andes,Preliminar,0,0,0,2.14688992500305,2.14688992500305,0,0.743137001991272,2.47215986251831,3.93818187713623,4.62545442581177,5,5,0.789855062961578,0.967391312122345,1,1,27,1.02999997138977,0
05,2009-05-15,52050040,,"",SANDONA [52050040],Pluviométrica,Convencional,Activa,Nariño,Sandoná,1.3223,-77.4792,20,9/15/1963,,Cudayari,Pacifico,Patía,Río Guáitara,2009,15,Andes,Preliminar,0,0,0,3.49666237831116,3.49666237831116,0,1.22878730297089,0,3.93818187713623,4.62545442581177,5,5,0.789855062961578,0.967391312122345,1,1,27,1.02999997138977,0
05,2009-05-16,52050040,,"",SANDONA [52050040],Pluviométrica,Convencional,Activa,Nariño,Sandoná,1.3223,-77.4792,20,9/15/1963,,Cudayari,Pacifico,Patía,Río Guáitara,2009,16,Andes,Preliminar,0,0,0,7.37530755996704,7.37530755996704,8.05214023590088,2.56707859039307,8.37812423706055,3.93818187713623,4.62545442581177,5,5,0.789855062961578,0.967391312122345,1,1,28,1.02999997138977,0
05,2007-05-24,52050040,15,Definitivo,SANDONA [52050040],Pluviométrica,Convencional,Activa,Nariño,Sandoná,1.3223,-77.4792,20,9/15/1963,,Cudayari,Pacifico,Patía,Río Guáitara,2007,24,Andes,Definitivo,15,15,0,7.91648483276367,7.91648483276367,0,4.14841413497925,0.191051453351974,3.93818187713623,4.62545442581177,5,5,0.789855062961578,0.967391312122345,1,1,29,1.02999997138977,15.4499995708466
05,2010-05-28,52050040,,"",SANDONA [52050040],Pluviométrica,Convencional,Activa,Nariño,Sandoná,1.3223,-77.4792,20,9/15/1963,,Cudayari,Pacifico,Patía,Río Guáitara,2010,28,Andes,Preliminar,0,0,0,4.3090353012085,4.3090353012085,6.97814416885376,8.83918952941895,0.13605971634388,3.93818187713623,4.62545442581177,5,5,0.789855062961578,0.967391312122345,1,1,30,1.02999997138977,0
05,2006-05-28,52050040,3,Definitivo,SANDONA [52050040],Pluviométrica,Convencional,Activa,Nariño,Sandoná,1.3223,-77.4792,20,9/15/1963,,Cudayari,Pacifico,Patía,Río Guáitara,2006,28,Andes,Definitivo,3,3,0,5.67546272277832,5.67546272277832,0,1.33094668388367,0.504789113998413,3.93818187713623,4.62545442581177,5,5,0.789855062961578,0.967391312122345,1,1,30,1.02999997138977,3.08999991416931
05,2002-05-30,52050040,15,Definitivo,SANDONA [52050040],Pluviométrica,Convencional,Activa,Nariño,Sandoná,1.3223,-77.4792,20,9/15/1963,,Cudayari,Pacifico,Patía,Río Guáitara,2002,30,Andes,Definitivo,15,15,0,3.02722311019897,3.02722311019897,0,1.19989001750946,0.892891108989716,3.93818187713623,4.62545442581177,5,5,0.789855062961578,0.967391312122345,1,1,30,1.02999997138977,15.4499995708466
05,2009-05-19,52050040,1,Definitivo,SANDONA [52050040],Pluviométrica,Convencional,Activa,Nariño,Sandoná,1.3223,-77.4792,20,9/15/1963,,Cudayari,Pacifico,Patía,Río Guáitara,2009,19,Andes,Definitivo,1,1,0,0.340211868286133,0.340211868286133,0,3.28450036048889,1.0047105550766,3.93818187713623,4.62545442581177,5,5,0.789855062961578,0.967391312122345,1,1,28,1.02999997138977,1.02999997138977
05,2007-05-17,52050040,0,Definitivo,SANDONA [52050040],Pluviométrica,Convencional,Activa,Nariño,Sandoná,1.3223,-77.4792,20,9/15/1963,,Cudayari,Pacifico,Patía,Río Guáitara,2007,17,Andes,Definitivo,0,0,0,1.9378457069397,1.9378457069397,11.11607837677,11.5677900314331,10.6649341583252,3.93818187713623,4.62545442581177,5,5,0.789855062961578,0.967391312122345,1,1,28,1.02999997138977,0
05,2007-05-16,52050040,1,Definitivo,SANDONA [52050040],Pluviométrica,Convencional,Activa,Nariño,Sandoná,1.3223,-77.4792,20,9/15/1963,,Cudayari,Pacifico,Patía,Río Guáitara,2007,16,Andes,Definitivo,1,1,0,3.91060757637024,3.91060757637024,0,1.65230846405029,7.13889837265015,3.93818187713623,4.62545442581177,5,5,0.789855062961578,0.967391312122345,1,1,28,1.02999997138977,1.02999997138977
05,2007-05-15,52050040,,"",SANDONA [52050040],Pluviométrica,Convencional,Activa,Nariño,Sandoná,1.3223,-77.4792,20,9/15/1963,,Cudayari,Pacifico,Patía,Río Guáitara,2007,15,Andes,Preliminar,0,0,0,1.21674990653992,1.21674990653992,0,0.808484852313995,0.0841558873653412,3.93818187713623,4.62545442581177,5,5,0.789855062961578,0.967391312122345,1,1,27,1.02999997138977,0
05,2005-05-15,52050040,0,Definitivo,SANDONA [52050040],Pluviométrica,Convencional,Activa,Nariño,Sandoná,1.3223,-77.4792,20,9/15/1963,,Cudayari,Pacifico,Patía,Río Guáitara,2005,15,Andes,Definitivo,0,0,0,6.58345985412598,6.58345985412598,0,4.84320020675659,0,3.93818187713623,4.62545442581177,5,5,0.789855062961578,0.967391312122345,1,1,27,1.02999997138977,0
05,2007-05-12,52050040,,"",SANDONA [52050040],Pluviométrica,Convencional,Activa,Nariño,Sandoná,1.3223,-77.4792,20,9/15/1963,,Cudayari,Pacifico,Patía,Río Guáitara,2007,12,Andes,Preliminar,0,0,0,3.65024971961975,3.65024971961975,0,1.39884889125824,0.610130190849304,3.93818187713623,4.62545442581177,5,5,0.789855062961578,0.967391312122345,1,1,27,1.02999997138977,0
05,2015-05-31,52050040,,"",SANDONA [52050040],Pluviométrica,Convencional,Activa,Nariño,Sandoná,1.3223,-77.4792,20,9/15/1963,,Cudayari,Pacifico,Patía,Río Guáitara,2015,31,Andes,Preliminar,0,0,0,1.53035509586334,1.53035509586334,0,0.253122389316559,0.320433259010315,3.93818187713623,4.62545442581177,5,5,0.789855062961578,0.967391312122345,1,1,30,1.02999997138977,0
05,2017-05-31,52050040,,"",SANDONA [52050040],Pluviométrica,Convencional,Activa,Nariño,Sandoná,1.3223,-77.4792,20,9/15/1963,,Cudayari,Pacifico,Patía,Río Guáitara,2017,31,Andes,Preliminar,0,0,0,1.73113417625427,1.73113417625427,0,0.745351076126099,0.302921414375305,3.93818187713623,4.62545442581177,5,5,0.789855062961578,0.967391312122345,1,1,30,1.02999997138977,0
05,2020-05-29,52050040,20,En revisión,SANDONA [52050040],Pluviométrica,Convencional,Activa,Nariño,Sandoná,1.3223,-77.4792,20,9/15/1963,,Cudayari,Pacifico,Patía,Río Guáitara,2020,29,Andes,En revisión,20,20,0,3.32749891281128,3.32749891281128,0,11.9499292373657,20.2750873565674,3.93818187713623,4.62545442581177,5,5,0.789855062961578,0.967391312122345,1,1,30,1.02999997138977,20.5999994277954
05,2008-05-19,52050040,30,Definitivo,SANDONA [52050040],Pluviométrica,Convencional,Activa,Nariño,Sandoná,1.3223,-77.4792,20,9/15/1963,,Cudayari,Pacifico,Patía,Río Guáitara,2008,19,Andes,Definitivo,30,30,0,9.35286140441895,9.35286140441895,0,8.22406959533691,0.0107500283047557,3.93818187713623,4.62545442581177,5,5,0.789855062961578,0.967391312122345,1,1,28,1.02999997138977,30.8999991416931
05,2006-05-27,52050040,2,Definitivo,SANDONA [52050040],Pluviométrica,Convencional,Activa,Nariño,Sandoná,1.3223,-77.4792,20,9/15/1963,,Cudayari,Pacifico,Patía,Río Guáitara,2006,27,Andes,Definitivo,2,2,0,1.0914351940155,1.0914351940155,0,1.40260696411133,2.53972005844116,3.93818187713623,4.62545442581177,5,5,0.789855062961578,0.967391312122345,1,1,30,1.02999997138977,2.05999994277954
05,2008-05-21,52050040,,"",SANDONA [52050040],Pluviométrica,Convencional,Activa,Nariño,Sandoná,1.3223,-77.4792,20,9/15/1963,,Cudayari,Pacifico,Patía,Río Guáitara,2008,21,Andes,Preliminar,0,0,0,4.36189031600952,4.36189031600952,0,8.04963779449463,8.76450157165527,3.93818187713623,4.62545442581177,5,5,0.789855062961578,0.967391312122345,1,1,29,1.02999997138977,0
05,2009-05-18,52050040,,"",SANDONA [52050040],Pluviométrica,Convencional,Activa,Nariño,Sandoná,1.3223,-77.4792,20,9/15/1963,,Cudayari,Pacifico,Patía,Río Guáitara,2009,18,Andes,Preliminar,0,0,0,0.461716115474701,0.461716115474701,0,1.11927235126495,0,3.93818187713623,4.62545442581177,5,5,0.789855062961578,0.967391312122345,1,1,28,1.02999997138977,0
05,2003-05-27,52050040,,"",SANDONA [52050040],Pluviométrica,Convencional,Activa,Nariño,Sandoná,1.3223,-77.4792,20,9/15/1963,,Cudayari,Pacifico,Patía,Río Guáitara,2003,27,Andes,Preliminar,0,0,0,5.15445518493652,5.15445518493652,5.8689112663269,2.95683312416077,3.54118037223816,3.93818187713623,4.62545442581177,5,5,0.789855062961578,0.967391312122345,1,1,30,1.02999997138977,0
05,2008-05-22,52050040,22,Definitivo,SANDONA [52050040],Pluviométrica,Convencional,Activa,Nariño,Sandoná,1.3223,-77.4792,20,9/15/1963,,Cudayari,Pacifico,Patía,Río Guáitara,2008,22,Andes,Definitivo,22,22,0,5.43394947052002,5.43394947052002,0,5.17663812637329,8.63339996337891,3.93818187713623,4.62545442581177,5,5,0.789855062961578,0.967391312122345,1,1,29,1.02999997138977,22.659999370575
05,2008-05-23,52050040,26,Definitivo,SANDONA [52050040],Pluviométrica,Convencional,Activa,Nariño,Sandoná,1.3223,-77.4792,20,9/15/1963,,Cudayari,Pacifico,Patía,Río Guáitara,2008,23,Andes,Definitivo,26,26,0,6.25231599807739,6.25231599807739,41.1165962219238,14.5887899398804,17.162691116333,3.93818187713623,4.62545442581177,5,5,0.789855062961578,0.967391312122345,1,1,29,1.02999997138977,26.779999256134
05,2010-05-24,52050040,0,Definitivo,SANDONA [52050040],Pluviométrica,Convencional,Activa,Nariño,Sandoná,1.3223,-77.4792,20,9/15/1963,,Cudayari,Pacifico,Patía,Río Guáitara,2010,24,Andes,Definitivo,0,0,0,3.99613070487976,3.99613070487976,0,1.33806097507477,0.594792187213898,3.93818187713623,4.62545442581177,5,5,0.789855062961578,0.967391312122345,1,1,29,1.02999997138977,0
05,2010-05-25,52050040,,"",SANDONA [52050040],Pluviométrica,Convencional,Activa,Nariño,Sandoná,1.3223,-77.4792,20,9/15/1963,,Cudayari,Pacifico,Patía,Río Guáitara,2010,25,Andes,Preliminar,0,0,0,13.6974792480469,13.6974792480469,0,1.1553201675415,0.151930615305901,3.93818187713623,4.62545442581177,5,5,0.789855062961578,0.967391312122345,1,1,29,1.02999997138977,0
05,2009-05-28,52050040,7,Definitivo,SANDONA [52050040],Pluviométrica,Convencional,Activa,Nariño,Sandoná,1.3223,-77.4792,20,9/15/1963,,Cudayari,Pacifico,Patía,Río Guáitara,2009,28,Andes,Definitivo,7,7,0,9.47063255310059,9.47063255310059,10.7629861831665,3.04644656181335,6.18779993057251,3.93818187713623,4.62545442581177,5,5,0.789855062961578,0.967391312122345,1,1,30,1.02999997138977,7.20999979972839
05,2006-05-11,52050040,,"",SANDONA [52050040],Pluviométrica,Convencional,Activa,Nariño,Sandoná,1.3223,-77.4792,20,9/15/1963,,Cudayari,Pacifico,Patía,Río Guáitara,2006,11,Andes,Preliminar,0,0,0,0.904822707176208,0.904822707176208,13.7089805603027,3.57165789604187,7.11184787750244,3.93818187713623,4.62545442581177,5,5,0.789855062961578,0.967391312122345,1,1,27,1.02999997138977,0
05,2005-05-14,52050040,4,Definitivo,SANDONA [52050040],Pluviométrica,Convencional,Activa,Nariño,Sandoná,1.3223,-77.4792,20,9/15/1963,,Cudayari,Pacifico,Patía,Río Guáitara,2005,14,Andes,Definitivo,4,4,0,0.934811472892761,0.934811472892761,0,4.43876218795776,0.39821383357048,3.93818187713623,4.62545442581177,5,5,0.789855062961578,0.967391312122345,1,1,27,1.02999997138977,4.11999988555908
05,2008-05-12,52050040,,"",SANDONA [52050040],Pluviométrica,Convencional,Activa,Nariño,Sandoná,1.3223,-77.4792,20,9/15/1963,,Cudayari,Pacifico,Patía,Río Guáitara,2008,12,Andes,Preliminar,0,0,0,1.59194004535675,1.59194004535675,0,5.94485569000244,0.369770914316177,3.93818187713623,4.62545442581177,5,5,0.789855062961578,0.967391312122345,1,1,27,1.02999997138977,0
05,2010-05-13,52050040,,"",SANDONA [52050040],Pluviométrica,Convencional,Activa,Nariño,Sandoná,1.3223,-77.4792,20,9/15/1963,,Cudayari,Pacifico,Patía,Río Guáitara,2010,13,Andes,Preliminar,0,0,0,0.290120244026184,0.290120244026184,0,1.09068775177002,0,3.93818187713623,4.62545442581177,5,5,0.789855062961578,0.967391312122345,1,1,27,1.02999997138977,0
05,2008-05-20,52050040,10,Definitivo,SANDONA [52050040],Pluviométrica,Convencional,Activa,Nariño,Sandoná,1.3223,-77.4792,20,9/15/1963,,Cudayari,Pacifico,Patía,Río Guáitara,2008,20,Andes,Definitivo,10,10,0,3.20717477798462,3.20717477798462,34.5223808288574,4.69040012359619,22.5385074615479,3.93818187713623,4.62545442581177,5,5,0.789855062961578,0.967391312122345,1,1,28,1.02999997138977,10.2999997138977
05,2004-05-29,52050040,2,Definitivo,SANDONA [52050040],Pluviométrica,Convencional,Activa,Nariño,Sandoná,1.3223,-77.4792,20,9/15/1963,,Cudayari,Pacifico,Patía,Río Guáitara,2004,29,Andes,Definitivo,2,2,0,7.01912069320679,7.01912069320679,0,3.21163010597229,4.97431373596191,3.93818187713623,4.62545442581177,5,5,0.789855062961578,0.967391312122345,1,1,30,1.02999997138977,2.05999994277954
05,2002-05-29,52050040,,"",SANDONA [52050040],Pluviométrica,Convencional,Activa,Nariño,Sandoná,1.3223,-77.4792,20,9/15/1963,,Cudayari,Pacifico,Patía,Río Guáitara,2002,29,Andes,Preliminar,0,0,0,2.79030966758728,2.79030966758728,0,2.14979982376099,0.0588894337415695,3.93818187713623,4.62545442581177,5,5,0.789855062961578,0.967391312122345,1,1,30,1.02999997138977,0
05,2010-05-15,52050040,,"",SANDONA [52050040],Pluviométrica,Convencional,Activa,Nariño,Sandoná,1.3223,-77.4792,20,9/15/1963,,Cudayari,Pacifico,Patía,Río Guáitara,2010,15,Andes,Preliminar,0,0,0,7.19498157501221,7.19498157501221,0,2.14519238471985,0.046122383326292,3.93818187713623,4.62545442581177,5,5,0.789855062961578,0.967391312122345,1,1,27,1.02999997138977,0
05,2006-05-19,52050040,,"",SANDONA [52050040],Pluviométrica,Convencional,Activa,Nariño,Sandoná,1.3223,-77.4792,20,9/15/1963,,Cudayari,Pacifico,Patía,Río Guáitara,2006,19,Andes,Preliminar,0,0,0,4.04917526245117,4.04917526245117,0,3.39911723136902,3.98555994033814,3.93818187713623,4.62545442581177,5,5,0.789855062961578,0.967391312122345,1,1,28,1.02999997138977,0
05,2006-05-18,52050040,,"",SANDONA [52050040],Pluviométrica,Convencional,Activa,Nariño,Sandoná,1.3223,-77.4792,20,9/15/1963,,Cudayari,Pacifico,Patía,Río Guáitara,2006,18,Andes,Preliminar,0,0,0,0.276742160320282,0.276742160320282,0,1.31752228736877,0,3.93818187713623,4.62545442581177,5,5,0.789855062961578,0.967391312122345,1,1,28,1.02999997138977,0
05,2006-05-17,52050040,,"",SANDONA [52050040],Pluviométrica,Convencional,Activa,Nariño,Sandoná,1.3223,-77.4792,20,9/15/1963,,Cudayari,Pacifico,Patía,Río Guáitara,2006,17,Andes,Preliminar,0,0,0,0.218480676412582,0.218480676412582,0,3.30941081047058,4.47382020950317,3.93818187713623,4.62545442581177,5,5,0.789855062961578,0.967391312122345,1,1,28,1.02999997138977,0
05,2006-05-16,52050040,1,Definitivo,SANDONA [52050040],Pluviométrica,Convencional,Activa,Nariño,Sandoná,1.3223,-77.4792,20,9/15/1963,,Cudayari,Pacifico,Patía,Río Guáitara,2006,16,Andes,Definitivo,1,1,0,1.89349913597107,1.89349913597107,0,2.40095090866089,6.01808214187622,3.93818187713623,4.62545442581177,5,5,0.789855062961578,0.967391312122345,1,1,28,1.02999997138977,1.02999997138977
05,2004-05-16,52050040,18,Definitivo,SANDONA [52050040],Pluviométrica,Convencional,Activa,Nariño,Sandoná,1.3223,-77.4792,20,9/15/1963,,Cudayari,Pacifico,Patía,Río Guáitara,2004,16,Andes,Definitivo,18,18,0,4.42269468307495,4.42269468307495,0,22.0666980743408,0.692430138587952,3.93818187713623,4.62545442581177,5,5,0.789855062961578,0.967391312122345,1,1,28,1.02999997138977,18.5399994850159
05,2012-05-26,52050040,,"",SANDONA [52050040],Pluviométrica,Convencional,Activa,Nariño,Sandoná,1.3223,-77.4792,20,9/15/1963,,Cudayari,Pacifico,Patía,Río Guáitara,2012,26,Andes,Preliminar,0,0,0,2.73363256454468,2.73363256454468,0,0.351644992828369,0.294524490833282,3.93818187713623,4.62545442581177,5,5,0.789855062961578,0.967391312122345,1,1,30,1.02999997138977,0
05,2016-05-27,52050040,7,Definitivo,SANDONA [52050040],Pluviométrica,Convencional,Activa,Nariño,Sandoná,1.3223,-77.4792,20,9/15/1963,,Cudayari,Pacifico,Patía,Río Guáitara,2016,27,Andes,Definitivo,7,7,0,3.06412529945374,3.06412529945374,16.6760025024414,1.70051884651184,1.18001163005829,3.93818187713623,4.62545442581177,5,5,0.789855062961578,0.967391312122345,1,1,30,1.02999997138977,7.20999979972839
05,2016-05-28,52050040,56,Definitivo,SANDONA [52050040],Pluviométrica,Convencional,Activa,Nariño,Sandoná,1.3223,-77.4792,20,9/15/1963,,Cudayari,Pacifico,Patía,Río Guáitara,2016,28,Andes,Definitivo,56,56,0,3.55232977867126,3.55232977867126,8.3380012512207,8.57923698425293,7.78393602371216,3.93818187713623,4.62545442581177,5,5,0.789855062961578,0.967391312122345,1,1,30,1.02999997138977,57.6799983978272
05,2018-05-29,52050040,,"",SANDONA [52050040],Pluviométrica,Convencional,Activa,Nariño,Sandoná,1.3223,-77.4792,20,9/15/1963,,Cudayari,Pacifico,Patía,Río Guáitara,2018,29,Andes,Preliminar,0,0,0,2.96000719070435,2.96000719070435,0,2.67713642120361,0,3.93818187713623,4.62545442581177,5,5,0.789855062961578,0.967391312122345,1,1,30,1.02999997138977,0
05,2010-05-14,52050040,,"",SANDONA [52050040],Pluviométrica,Convencional,Activa,Nariño,Sandoná,1.3223,-77.4792,20,9/15/1963,,Cudayari,Pacifico,Patía,Río Guáitara,2010,14,Andes,Preliminar,0,0,0,3.36539459228516,3.36539459228516,0,1.57003200054169,0.0276734288781881,3.93818187713623,4.62545442581177,5,5,0.789855062961578,0.967391312122345,1,1,27,1.02999997138977,0
05,2009-05-17,52050040,,"",SANDONA [52050040],Pluviométrica,Convencional,Activa,Nariño,Sandoná,1.3223,-77.4792,20,9/15/1963,,Cudayari,Pacifico,Patía,Río Guáitara,2009,17,Andes,Preliminar,0,0,0,8.27443885803223,8.27443885803223,0,1.98826575279236,0.182674661278725,3.93818187713623,4.62545442581177,5,5,0.789855062961578,0.967391312122345,1,1,28,1.02999997138977,0
05,2011-05-12,52050040,58,Definitivo,SANDONA [52050040],Pluviométrica,Convencional,Activa,Nariño,Sandoná,1.3223,-77.4792,20,9/15/1963,,Cudayari,Pacifico,Patía,Río Guáitara,2011,12,Andes,Definitivo,58,58,0,1.95641446113586,1.95641446113586,0,13.9193267822266,0,3.93818187713623,4.62545442581177,5,5,0.789855062961578,0.967391312122345,1,1,27,1.02999997138977,59.7399983406067
05,2020-05-31,52050040,,"",SANDONA [52050040],Pluviométrica,Convencional,Activa,Nariño,Sandoná,1.3223,-77.4792,20,9/15/1963,,Cudayari,Pacifico,Patía,Río Guáitara,2020,31,Andes,Preliminar,3,3,0,4.74623346328735,4.74623346328735,0,14.3092632293701,6.62959241867065,3.93818187713623,4.62545442581177,5,5,0.789855062961578,0.967391312122345,1,1,30,1.02999997138977,3.08999991416931
05,2010-05-16,52050040,1,Definitivo,SANDONA [52050040],Pluviométrica,Convencional,Activa,Nariño,Sandoná,1.3223,-77.4792,20,9/15/1963,,Cudayari,Pacifico,Patía,Río Guáitara,2010,16,Andes,Definitivo,1,1,0,3.01651549339294,3.01651549339294,0,0.411361843347549,1.04544150829315,3.93818187713623,4.62545442581177,5,5,0.789855062961578,0.967391312122345,1,1,28,1.02999997138977,1.02999997138977
05,2010-05-17,52050040,,"",SANDONA [52050040],Pluviométrica,Convencional,Activa,Nariño,Sandoná,1.3223,-77.4792,20,9/15/1963,,Cudayari,Pacifico,Patía,Río Guáitara,2010,17,Andes,Preliminar,0,0,0,1.47797131538391,1.47797131538391,0,0.683190941810608,0.384353429079056,3.93818187713623,4.62545442581177,5,5,0.789855062961578,0.967391312122345,1,1,28,1.02999997138977,0
05,2009-05-20,52050040,,"",SANDONA [52050040],Pluviométrica,Convencional,Activa,Nariño,Sandoná,1.3223,-77.4792,20,9/15/1963,,Cudayari,Pacifico,Patía,Río Guáitara,2009,20,Andes,Preliminar,0,0,0,1.42159974575043,1.42159974575043,0,0.730943322181702,0.12455090880394,3.93818187713623,4.62545442581177,5,5,0.789855062961578,0.967391312122345,1,1,28,1.02999997138977,0
05,2009-05-21,52050040,,"",SANDONA [52050040],Pluviométrica,Convencional,Activa,Nariño,Sandoná,1.3223,-77.4792,20,9/15/1963,,Cudayari,Pacifico,Patía,Río Guáitara,2009,21,Andes,Preliminar,0,0,0,0.984866142272949,0.984866142272949,0,0.491574615240097,0,3.93818187713623,4.62545442581177,5,5,0.789855062961578,0.967391312122345,1,1,29,1.02999997138977,0
05,2008-05-24,52050040,10,Definitivo,SANDONA [52050040],Pluviométrica,Convencional,Activa,Nariño,Sandoná,1.3223,-77.4792,20,9/15/1963,,Cudayari,Pacifico,Patía,Río Guáitara,2008,24,Andes,Definitivo,10,10,0,9.45212650299072,9.45212650299072,0,7.00706720352173,3.9561722278595,3.93818187713623,4.62545442581177,5,5,0.789855062961578,0.967391312122345,1,1,29,1.02999997138977,10.2999997138977
05,2006-05-13,52050040,,"",SANDONA [52050040],Pluviométrica,Convencional,Activa,Nariño,Sandoná,1.3223,-77.4792,20,9/15/1963,,Cudayari,Pacifico,Patía,Río Guáitara,2006,13,Andes,Preliminar,0,0,0,0,0,0,0.710476338863373,0,3.93818187713623,4.62545442581177,5,5,0.789855062961578,0.967391312122345,1,1,27,1.02999997138977,0
05,2005-05-12,52050040,14,Definitivo,SANDONA [52050040],Pluviométrica,Convencional,Activa,Nariño,Sandoná,1.3223,-77.4792,20,9/15/1963,,Cudayari,Pacifico,Patía,Río Guáitara,2005,12,Andes,Definitivo,14,14,0,0.934811592102051,0.934811592102051,0,0.909489393234253,0,3.93818187713623,4.62545442581177,5,5,0.789855062961578,0.967391312122345,1,1,27,1.02999997138977,14.4199995994568
05,2004-05-11,52050040,,"",SANDONA [52050040],Pluviométrica,Convencional,Activa,Nariño,Sandoná,1.3223,-77.4792,20,9/15/1963,,Cudayari,Pacifico,Patía,Río Guáitara,2004,11,Andes,Preliminar,0,0,0,1.38364815711975,1.38364815711975,0,1.13032913208008,0,3.93818187713623,4.62545442581177,5,5,0.789855062961578,0.967391312122345,1,1,27,1.02999997138977,0
05,2009-05-09,52050040,,"",SANDONA [52050040],Pluviométrica,Convencional,Activa,Nariño,Sandoná,1.3223,-77.4792,20,9/15/1963,,Cudayari,Pacifico,Patía,Río Guáitara,2009,09,Andes,Preliminar,0,0,0,0.997549176216125,0.997549176216125,5.3151330947876,1.1210218667984,0.569103300571442,3.93818187713623,4.62545442581177,5,5,0.789855062961578,0.967391312122345,1,1,26,1.02999997138977,0
05,2022-05-30,52050040,4,En revisión,SANDONA [52050040],Pluviométrica,Convencional,Activa,Nariño,Sandoná,1.3223,-77.4792,20,9/15/1963,,Cudayari,Pacifico,Patía,Río Guáitara,2022,30,Andes,En revisión,4,4,0,3.26047539710999,3.26047539710999,0,2.25479507446289,0.64411211013794,3.93818187713623,4.62545442581177,5,5,0.789855062961578,0.967391312122345,1,1,30,1.02999997138977,4.11999988555908
05,2022-05-31,52050040,1,En revisión,SANDONA [52050040],Pluviométrica,Convencional,Activa,Nariño,Sandoná,1.3223,-77.4792,20,9/15/1963,,Cudayari,Pacifico,Patía,Río Guáitara,2022,31,Andes,En revisión,1,1,0,2.61996150016785,2.61996150016785,0,1.14167737960815,7.96811103820801,3.93818187713623,4.62545442581177,5,5,0.789855062961578,0.967391312122345,1,1,30,1.02999997138977,1.02999997138977
05,2020-05-30,52050040,29,En revisión,SANDONA [52050040],Pluviométrica,Convencional,Activa,Nariño,Sandoná,1.3223,-77.4792,20,9/15/1963,,Cudayari,Pacifico,Patía,Río Guáitara,2020,30,Andes,En revisión,29,29,0,7.67493915557861,7.67493915557861,0,15.9197626113892,27.5963039398193,3.93818187713623,4.62545442581177,5,5,0.789855062961578,0.967391312122345,1,1,30,1.02999997138977,29.8699991703033
05,2004-05-23,52050040,,"",SANDONA [52050040],Pluviométrica,Convencional,Activa,Nariño,Sandoná,1.3223,-77.4792,20,9/15/1963,,Cudayari,Pacifico,Patía,Río Guáitara,2004,23,Andes,Preliminar,0,0,0,5.28683567047119,5.28683567047119,0,4.64028263092041,3.97110271453857,3.93818187713623,4.62545442581177,5,5,0.789855062961578,0.967391312122345,1,1,29,1.02999997138977,0
05,2005-05-21,52050040,,"",SANDONA [52050040],Pluviométrica,Convencional,Activa,Nariño,Sandoná,1.3223,-77.4792,20,9/15/1963,,Cudayari,Pacifico,Patía,Río Guáitara,2005,21,Andes,Preliminar,0,0,0,4.71345472335815,4.71345472335815,8.31380081176758,4.43443536758423,0.84125566482544,3.93818187713623,4.62545442581177,5,5,0.789855062961578,0.967391312122345,1,1,29,1.02999997138977,0
05,2005-05-20,52050040,,"",SANDONA [52050040],Pluviométrica,Convencional,Activa,Nariño,Sandoná,1.3223,-77.4792,20,9/15/1963,,Cudayari,Pacifico,Patía,Río Guáitara,2005,20,Andes,Preliminar,0,0,0,1.19524490833282,1.19524490833282,10.4632797241211,0.845261037349701,5.74723052978516,3.93818187713623,4.62545442581177,5,5,0.789855062961578,0.967391312122345,1,1,28,1.02999997138977,0
05,2005-05-19,52050040,,"",SANDONA [52050040],Pluviométrica,Convencional,Activa,Nariño,Sandoná,1.3223,-77.4792,20,9/15/1963,,Cudayari,Pacifico,Patía,Río Guáitara,2005,19,Andes,Preliminar,0,0,0,8.34913730621338,8.34913730621338,0,2.19067525863647,0,3.93818187713623,4.62545442581177,5,5,0.789855062961578,0.967391312122345,1,1,28,1.02999997138977,0
05,2005-05-18,52050040,,"",SANDONA [52050040],Pluviométrica,Convencional,Activa,Nariño,Sandoná,1.3223,-77.4792,20,9/15/1963,,Cudayari,Pacifico,Patía,Río Guáitara,2005,18,Andes,Preliminar,0,0,0,18.6493339538574,18.6493339538574,15.6949195861816,15.0256261825562,8.49406719207764,3.93818187713623,4.62545442581177,5,5,0.789855062961578,0.967391312122345,1,1,28,1.02999997138977,0
05,2005-05-17,52050040,,"",SANDONA [52050040],Pluviométrica,Convencional,Activa,Nariño,Sandoná,1.3223,-77.4792,20,9/15/1963,,Cudayari,Pacifico,Patía,Río Guáitara,2005,17,Andes,Preliminar,0,0,0,6.2047266960144,6.2047266960144,5.23163986206055,3.27292847633362,3.50750064849854,3.93818187713623,4.62545442581177,5,5,0.789855062961578,0.967391312122345,1,1,28,1.02999997138977,0
05,2008-05-25,52050040,0,Definitivo,SANDONA [52050040],Pluviométrica,Convencional,Activa,Nariño,Sandoná,1.3223,-77.4792,20,9/15/1963,,Cudayari,Pacifico,Patía,Río Guáitara,2008,25,Andes,Definitivo,0,0,0,7.2343544960022,7.2343544960022,0,8.6186408996582,4.92400741577148,3.93818187713623,4.62545442581177,5,5,0.789855062961578,0.967391312122345,1,1,29,1.02999997138977,0
05,2010-05-26,52050040,,"",SANDONA [52050040],Pluviométrica,Convencional,Activa,Nariño,Sandoná,1.3223,-77.4792,20,9/15/1963,,Cudayari,Pacifico,Patía,Río Guáitara,2010,26,Andes,Preliminar,0,0,0,18.1029739379883,18.1029739379883,0,11.3793125152588,0,3.93818187713623,4.62545442581177,5,5,0.789855062961578,0.967391312122345,1,1,30,1.02999997138977,0
05,2014-05-27,52050040,,"",SANDONA [52050040],Pluviométrica,Convencional,Activa,Nariño,Sandoná,1.3223,-77.4792,20,9/15/1963,,Cudayari,Pacifico,Patía,Río Guáitara,2014,27,Andes,Preliminar,0,0,0,3.82672333717346,3.82672333717346,0,5.20543622970581,9.64787578582764,3.93818187713623,4.62545442581177,5,5,0.789855062961578,0.967391312122345,1,1,30,1.02999997138977,0
05,2014-05-28,52050040,,"",SANDONA [52050040],Pluviométrica,Convencional,Activa,Nariño,Sandoná,1.3223,-77.4792,20,9/15/1963,,Cudayari,Pacifico,Patía,Río Guáitara,2014,28,Andes,Preliminar,0,0,0,4.32175779342651,4.32175779342651,0,5.4819712638855,9.05373859405518,3.93818187713623,4.62545442581177,5,5,0.789855062961578,0.967391312122345,1,1,30,1.02999997138977,0
05,2009-05-10,52050040,,"",SANDONA [52050040],Pluviométrica,Convencional,Activa,Nariño,Sandoná,1.3223,-77.4792,20,9/15/1963,,Cudayari,Pacifico,Patía,Río Guáitara,2009,10,Andes,Preliminar,0,0,0,1.62503969669342,1.62503969669342,0,1.06629407405853,1.21408712863922,3.93818187713623,4.62545442581177,5,5,0.789855062961578,0.967391312122345,1,1,26,1.02999997138977,0
05,2008-05-13,52050040,12,Definitivo,SANDONA [52050040],Pluviométrica,Convencional,Activa,Nariño,Sandoná,1.3223,-77.4792,20,9/15/1963,,Cudayari,Pacifico,Patía,Río Guáitara,2008,13,Andes,Definitivo,12,12,0,1.39600872993469,1.39600872993469,0,1.17356586456299,11.3200302124023,3.93818187713623,4.62545442581177,5,5,0.789855062961578,0.967391312122345,1,1,27,1.02999997138977,12.3599996566772
05,2001-05-31,52050040,,"",SANDONA [52050040],Pluviométrica,Convencional,Activa,Nariño,Sandoná,1.3223,-77.4792,20,9/15/1963,,Cudayari,Pacifico,Patía,Río Guáitara,2001,31,Andes,Preliminar,0,0,0,1.59062230587006,1.59062230587006,0,2.37585496902466,1.1702151298523,3.93818187713623,4.62545442581177,5,5,0.789855062961578,0.967391312122345,1,1,30,1.02999997138977,0
05,2009-05-11,52050040,15,Definitivo,SANDONA [52050040],Pluviométrica,Convencional,Activa,Nariño,Sandoná,1.3223,-77.4792,20,9/15/1963,,Cudayari,Pacifico,Patía,Río Guáitara,2009,11,Andes,Definitivo,15,15,0,3.68398356437683,3.68398356437683,0,2.21400690078735,0.774680972099304,3.93818187713623,4.62545442581177,5,5,0.789855062961578,0.967391312122345,1,1,27,1.02999997138977,15.4499995708466
05,2012-05-09,52050040,3,Definitivo,SANDONA [52050040],Pluviométrica,Convencional,Activa,Nariño,Sandoná,1.3223,-77.4792,20,9/15/1963,,Cudayari,Pacifico,Patía,Río Guáitara,2012,09,Andes,Definitivo,3,3,0,1.56876766681671,1.56876766681671,0,0.303109973669052,0,3.93818187713623,4.62545442581177,5,5,0.789855062961578,0.967391312122345,1,1,26,1.02999997138977,3.08999991416931
05,2011-05-13,52050040,12,Definitivo,SANDONA [52050040],Pluviométrica,Convencional,Activa,Nariño,Sandoná,1.3223,-77.4792,20,9/15/1963,,Cudayari,Pacifico,Patía,Río Guáitara,2011,13,Andes,Definitivo,12,12,0,5.1144905090332,5.1144905090332,50.0750694274902,19.3750743865967,35.1279983520508,3.93818187713623,4.62545442581177,5,5,0.789855062961578,0.967391312122345,1,1,27,1.02999997138977,12.3599996566772
05,2011-05-14,52050040,,"",SANDONA [52050040],Pluviométrica,Convencional,Activa,Nariño,Sandoná,1.3223,-77.4792,20,9/15/1963,,Cudayari,Pacifico,Patía,Río Guáitara,2011,14,Andes,Preliminar,0,0,0,13.0379314422607,13.0379314422607,0,11.1402187347412,9.16369438171387,3.93818187713623,4.62545442581177,5,5,0.789855062961578,0.967391312122345,1,1,27,1.02999997138977,0
05,2011-05-15,52050040,5,Definitivo,SANDONA [52050040],Pluviométrica,Convencional,Activa,Nariño,Sandoná,1.3223,-77.4792,20,9/15/1963,,Cudayari,Pacifico,Patía,Río Guáitara,2011,15,Andes,Definitivo,5,5,0,20.2948970794678,20.2948970794678,16.6916904449463,9.78171348571777,12.450047492981,3.93818187713623,4.62545442581177,5,5,0.789855062961578,0.967391312122345,1,1,27,1.02999997138977,5.14999985694885
05,2010-05-18,52050040,,"",SANDONA [52050040],Pluviométrica,Convencional,Activa,Nariño,Sandoná,1.3223,-77.4792,20,9/15/1963,,Cudayari,Pacifico,Patía,Río Guáitara,2010,18,Andes,Preliminar,0,0,0,1.22356653213501,1.22356653213501,0,0.776272654533386,0.922448337078094,3.93818187713623,4.62545442581177,5,5,0.789855062961578,0.967391312122345,1,1,28,1.02999997138977,0
05,2006-05-15,52050040,,"",SANDONA [52050040],Pluviométrica,Convencional,Activa,Nariño,Sandoná,1.3223,-77.4792,20,9/15/1963,,Cudayari,Pacifico,Patía,Río Guáitara,2006,15,Andes,Preliminar,0,0,0,2.71446824073792,2.71446824073792,0,2.79169917106628,0.064040869474411,3.93818187713623,4.62545442581177,5,5,0.789855062961578,0.967391312122345,1,1,27,1.02999997138977,0
05,2002-05-17,52050040,,"",SANDONA [52050040],Pluviométrica,Convencional,Activa,Nariño,Sandoná,1.3223,-77.4792,20,9/15/1963,,Cudayari,Pacifico,Patía,Río Guáitara,2002,17,Andes,Preliminar,0,0,0,1.31004476547241,1.31004476547241,31.1404247283936,12.1322793960571,27.4839382171631,3.93818187713623,4.62545442581177,5,5,0.789855062961578,0.967391312122345,1,1,28,1.02999997138977,0
05,2004-05-13,52050040,,"",SANDONA [52050040],Pluviométrica,Convencional,Activa,Nariño,Sandoná,1.3223,-77.4792,20,9/15/1963,,Cudayari,Pacifico,Patía,Río Guáitara,2004,13,Andes,Preliminar,0,0,0,0.0674950331449509,0.0674950331449509,0,0.839744389057159,2.99085426330566,3.93818187713623,4.62545442581177,5,5,0.789855062961578,0.967391312122345,1,1,27,1.02999997138977,0
05,2006-05-10,52050040,5,Definitivo,SANDONA [52050040],Pluviométrica,Convencional,Activa,Nariño,Sandoná,1.3223,-77.4792,20,9/15/1963,,Cudayari,Pacifico,Patía,Río Guáitara,2006,10,Andes,Definitivo,5,5,0,3.58725953102112,3.58725953102112,0,3.61856460571289,23.5380325317383,3.93818187713623,4.62545442581177,5,5,0.789855062961578,0.967391312122345,1,1,26,1.02999997138977,5.14999985694885
05,2017-05-26,52050040,,"",SANDONA [52050040],Pluviométrica,Convencional,Activa,Nariño,Sandoná,1.3223,-77.4792,20,9/15/1963,,Cudayari,Pacifico,Patía,Río Guáitara,2017,26,Andes,Preliminar,0,0,0,2.97373557090759,2.97373557090759,0,0.283624947071075,0,3.93818187713623,4.62545442581177,5,5,0.789855062961578,0.967391312122345,1,1,30,1.02999997138977,0
05,2018-05-30,52050040,2,Definitivo,SANDONA [52050040],Pluviométrica,Convencional,Activa,Nariño,Sandoná,1.3223,-77.4792,20,9/15/1963,,Cudayari,Pacifico,Patía,Río Guáitara,2018,30,Andes,Definitivo,2,2,0,2.19353294372559,2.19353294372559,0,1.44827032089233,1.53477561473846,3.93818187713623,4.62545442581177,5,5,0.789855062961578,0.967391312122345,1,1,30,1.02999997138977,2.05999994277954
05,2007-05-11,52050040,,"",SANDONA [52050040],Pluviométrica,Convencional,Activa,Nariño,Sandoná,1.3223,-77.4792,20,9/15/1963,,Cudayari,Pacifico,Patía,Río Guáitara,2007,11,Andes,Preliminar,0,0,0,2.87964153289795,2.87964153289795,0,0.999806225299835,0,3.93818187713623,4.62545442581177,5,5,0.789855062961578,0.967391312122345,1,1,27,1.02999997138977,0
05,2019-05-28,52050040,10,Definitivo,SANDONA [52050040],Pluviométrica,Convencional,Activa,Nariño,Sandoná,1.3223,-77.4792,20,9/15/1963,,Cudayari,Pacifico,Patía,Río Guáitara,2019,28,Andes,Definitivo,10,10,0,8.93344306945801,8.93344306945801,0,5.4966630935669,0.201644986867905,3.93818187713623,4.62545442581177,5,5,0.789855062961578,0.967391312122345,1,1,30,1.02999997138977,10.2999997138977
05,2018-05-31,52050040,2,Definitivo,SANDONA [52050040],Pluviométrica,Convencional,Activa,Nariño,Sandoná,1.3223,-77.4792,20,9/15/1963,,Cudayari,Pacifico,Patía,Río Guáitara,2018,31,Andes,Definitivo,2,2,0,4.84390306472778,4.84390306472778,11.1573553085327,2.37128305435181,0.767387807369232,3.93818187713623,4.62545442581177,5,5,0.789855062961578,0.967391312122345,1,1,30,1.02999997138977,2.05999994277954
05,2023-05-31,52050040,1,En revisión,SANDONA [52050040],Pluviométrica,Convencional,Activa,Nariño,Sandoná,1.3223,-77.4792,20,9/15/1963,,Cudayari,Pacifico,Patía,Río Guáitara,2023,31,Andes,En revisión,1,1,0,3.83822751045227,3.83822751045227,17.7299060821533,5.47303104400635,16.9446659088135,3.93818187713623,4.62545442581177,5,5,0.789855062961578,0.967391312122345,1,1,30,1.02999997138977,1.02999997138977
05,2021-05-31,52050040,79,En revisión,SANDONA [52050040],Pluviométrica,Convencional,Activa,Nariño,Sandoná,1.3223,-77.4792,20,9/15/1963,,Cudayari,Pacifico,Patía,Río Guáitara,2021,31,Andes,En revisión,79,79,0,4.93888378143311,4.93888378143311,29.6406574249268,6.95226240158081,5.37137746810913,3.93818187713623,4.62545442581177,5,5,0.789855062961578,0.967391312122345,1,1,30,1.02999997138977,81.3699977397919
05,2023-05-29,52050040,1,En revisión,SANDONA [52050040],Pluviométrica,Convencional,Activa,Nariño,Sandoná,1.3223,-77.4792,20,9/15/1963,,Cudayari,Pacifico,Patía,Río Guáitara,2023,29,Andes,En revisión,1,1,0,6.48797369003296,6.48797369003296,0,3.40032911300659,0,3.93818187713623,4.62545442581177,5,5,0.789855062961578,0.967391312122345,1,1,30,1.02999997138977,1.02999997138977
05,2023-05-26,52050040,,"",SANDONA [52050040],Pluviométrica,Convencional,Activa,Nariño,Sandoná,1.3223,-77.4792,20,9/15/1963,,Cudayari,Pacifico,Patía,Río Guáitara,2023,26,Andes,Preliminar,9,9,0,7.45534086227417,7.45534086227417,0,3.94635772705078,4.64103317260742,3.93818187713623,4.62545442581177,5,5,0.789855062961578,0.967391312122345,1,1,30,1.02999997138977,9.26999974250793
05,2010-05-19,52050040,1,Definitivo,SANDONA [52050040],Pluviométrica,Convencional,Activa,Nariño,Sandoná,1.3223,-77.4792,20,9/15/1963,,Cudayari,Pacifico,Patía,Río Guáitara,2010,19,Andes,Definitivo,1,1,0,4.37334156036377,4.37334156036377,0,1.43332505226135,0.030748276039958,3.93818187713623,4.62545442581177,5,5,0.789855062961578,0.967391312122345,1,1,28,1.02999997138977,1.02999997138977
05,2009-05-22,52050040,,"",SANDONA [52050040],Pluviométrica,Convencional,Activa,Nariño,Sandoná,1.3223,-77.4792,20,9/15/1963,,Cudayari,Pacifico,Patía,Río Guáitara,2009,22,Andes,Preliminar,0,0,0,3.20993447303772,3.20993447303772,0,0.404723078012466,0.34672737121582,3.93818187713623,4.62545442581177,5,5,0.789855062961578,0.967391312122345,1,1,29,1.02999997138977,0
05,2009-05-23,52050040,3,Definitivo,SANDONA [52050040],Pluviométrica,Convencional,Activa,Nariño,Sandoná,1.3223,-77.4792,20,9/15/1963,,Cudayari,Pacifico,Patía,Río Guáitara,2009,23,Andes,Definitivo,3,3,0,1.34963130950928,1.34963130950928,0,1.47750198841095,0.0148597434163094,3.93818187713623,4.62545442581177,5,5,0.789855062961578,0.967391312122345,1,1,29,1.02999997138977,3.08999991416931
05,2013-05-24,52050040,1,Definitivo,SANDONA [52050040],Pluviométrica,Convencional,Activa,Nariño,Sandoná,1.3223,-77.4792,20,9/15/1963,,Cudayari,Pacifico,Patía,Río Guáitara,2013,24,Andes,Definitivo,1,1,0,0.990591824054718,0.990591824054718,0,1.84054505825043,0.198486030101776,3.93818187713623,4.62545442581177,5,5,0.789855062961578,0.967391312122345,1,1,29,1.02999997138977,1.02999997138977
05,2005-05-09,52050040,3,Definitivo,SANDONA [52050040],Pluviométrica,Convencional,Activa,Nariño,Sandoná,1.3223,-77.4792,20,9/15/1963,,Cudayari,Pacifico,Patía,Río Guáitara,2005,09,Andes,Definitivo,3,3,0,2.82009100914001,2.82009100914001,0,4.11892938613892,0.870349109172821,3.93818187713623,4.62545442581177,5,5,0.789855062961578,0.967391312122345,1,1,26,1.02999997138977,3.08999991416931
05,2007-05-10,52050040,,"",SANDONA [52050040],Pluviométrica,Convencional,Activa,Nariño,Sandoná,1.3223,-77.4792,20,9/15/1963,,Cudayari,Pacifico,Patía,Río Guáitara,2007,10,Andes,Preliminar,0,0,0,1.23419559001923,1.23419559001923,0,4.47743511199951,3.99794435501099,3.93818187713623,4.62545442581177,5,5,0.789855062961578,0.967391312122345,1,1,26,1.02999997138977,0
05,2019-05-27,52050040,,"",SANDONA [52050040],Pluviométrica,Convencional,Activa,Nariño,Sandoná,1.3223,-77.4792,20,9/15/1963,,Cudayari,Pacifico,Patía,Río Guáitara,2019,27,Andes,Preliminar,0,0,0,9.91030120849609,9.91030120849609,15.2041578292847,5.09264135360718,2.37005925178528,3.93818187713623,4.62545442581177,5,5,0.789855062961578,0.967391312122345,1,1,30,1.02999997138977,0
05,2003-05-26,52050040,7,Definitivo,SANDONA [52050040],Pluviométrica,Convencional,Activa,Nariño,Sandoná,1.3223,-77.4792,20,9/15/1963,,Cudayari,Pacifico,Patía,Río Guáitara,2003,26,Andes,Definitivo,7,7,0,10.3549327850342,10.3549327850342,11.7378225326538,2.82913041114807,6.22041893005371,3.93818187713623,4.62545442581177,5,5,0.789855062961578,0.967391312122345,1,1,30,1.02999997138977,7.20999979972839
05,2003-05-25,52050040,,"",SANDONA [52050040],Pluviométrica,Convencional,Activa,Nariño,Sandoná,1.3223,-77.4792,20,9/15/1963,,Cudayari,Pacifico,Patía,Río Guáitara,2003,25,Andes,Preliminar,0,0,0,6.89268207550049,6.89268207550049,4.26647615432739,3.29628109931946,2.40231108665466,3.93818187713623,4.62545442581177,5,5,0.789855062961578,0.967391312122345,1,1,29,1.02999997138977,0
05,2004-05-22,52050040,0,Definitivo,SANDONA [52050040],Pluviométrica,Convencional,Activa,Nariño,Sandoná,1.3223,-77.4792,20,9/15/1963,,Cudayari,Pacifico,Patía,Río Guáitara,2004,22,Andes,Definitivo,0,0,0,5.71949005126953,5.71949005126953,0,4.22591781616211,1.03305530548096,3.93818187713623,4.62545442581177,5,5,0.789855062961578,0.967391312122345,1,1,29,1.02999997138977,0
05,2004-05-21,52050040,,"",SANDONA [52050040],Pluviométrica,Convencional,Activa,Nariño,Sandoná,1.3223,-77.4792,20,9/15/1963,,Cudayari,Pacifico,Patía,Río Guáitara,2004,21,Andes,Preliminar,0,0,0,4.89639043807983,4.89639043807983,0,3.77143335342407,0.843503892421722,3.93818187713623,4.62545442581177,5,5,0.789855062961578,0.967391312122345,1,1,29,1.02999997138977,0
05,2004-05-20,52050040,7,Definitivo,SANDONA [52050040],Pluviométrica,Convencional,Activa,Nariño,Sandoná,1.3223,-77.4792,20,9/15/1963,,Cudayari,Pacifico,Patía,Río Guáitara,2004,20,Andes,Definitivo,7,7,0,1.50020945072174,1.50020945072174,0,3.18963122367859,0.176041558384895,3.93818187713623,4.62545442581177,5,5,0.789855062961578,0.967391312122345,1,1,28,1.02999997138977,7.20999979972839
05,2004-05-19,52050040,8,Definitivo,SANDONA [52050040],Pluviométrica,Convencional,Activa,Nariño,Sandoná,1.3223,-77.4792,20,9/15/1963,,Cudayari,Pacifico,Patía,Río Guáitara,2004,19,Andes,Definitivo,8,8,0,8.61159038543701,8.61159038543701,55.6465377807617,15.5343618392944,46.1228828430176,3.93818187713623,4.62545442581177,5,5,0.789855062961578,0.967391312122345,1,1,28,1.02999997138977,8.23999977111816
05,2004-05-18,52050040,17,Definitivo,SANDONA [52050040],Pluviométrica,Convencional,Activa,Nariño,Sandoná,1.3223,-77.4792,20,9/15/1963,,Cudayari,Pacifico,Patía,Río Guáitara,2004,18,Andes,Definitivo,17,17,0,15.0995092391968,15.0995092391968,27.8232688903809,13.5502471923828,15.2686719894409,3.93818187713623,4.62545442581177,5,5,0.789855062961578,0.967391312122345,1,1,28,1.02999997138977,17.5099995136261
05,2002-05-19,52050040,,"",SANDONA [52050040],Pluviométrica,Convencional,Activa,Nariño,Sandoná,1.3223,-77.4792,20,9/15/1963,,Cudayari,Pacifico,Patía,Río Guáitara,2002,19,Andes,Preliminar,0,0,0,9.74975681304932,9.74975681304932,0,6.65005302429199,0.547738790512085,3.93818187713623,4.62545442581177,5,5,0.789855062961578,0.967391312122345,1,1,28,1.02999997138977,0
05,2004-05-15,52050040,3,Definitivo,SANDONA [52050040],Pluviométrica,Convencional,Activa,Nariño,Sandoná,1.3223,-77.4792,20,9/15/1963,,Cudayari,Pacifico,Patía,Río Guáitara,2004,15,Andes,Definitivo,3,3,0,11.9466199874878,11.9466199874878,15.5817937850952,7.16132068634033,12.7151298522949,3.93818187713623,4.62545442581177,5,5,0.789855062961578,0.967391312122345,1,1,27,1.02999997138977,3.08999991416931
05,2006-05-12,52050040,,"",SANDONA [52050040],Pluviométrica,Convencional,Activa,Nariño,Sandoná,1.3223,-77.4792,20,9/15/1963,,Cudayari,Pacifico,Patía,Río Guáitara,2006,12,Andes,Preliminar,0,0,0,17.19162940979,17.19162940979,4.56966018676758,3.67576098442078,3.97826313972473,3.93818187713623,4.62545442581177,5,5,0.789855062961578,0.967391312122345,1,1,27,1.02999997138977,0
05,2012-05-27,52050040,,"",SANDONA [52050040],Pluviométrica,Convencional,Activa,Nariño,Sandoná,1.3223,-77.4792,20,9/15/1963,,Cudayari,Pacifico,Patía,Río Guáitara,2012,27,Andes,Preliminar,0,0,0,1.21980202198029,1.21980202198029,0,0.233550146222115,0,3.93818187713623,4.62545442581177,5,5,0.789855062961578,0.967391312122345,1,1,30,1.02999997138977,0
05,2012-05-28,52050040,,"",SANDONA [52050040],Pluviométrica,Convencional,Activa,Nariño,Sandoná,1.3223,-77.4792,20,9/15/1963,,Cudayari,Pacifico,Patía,Río Guáitara,2012,28,Andes,Preliminar,0,0,0,2.31890845298767,2.31890845298767,0,0.484565109014511,0.544711947441101,3.93818187713623,4.62545442581177,5,5,0.789855062961578,0.967391312122345,1,1,30,1.02999997138977,0
05,2006-05-07,52050040,11,Definitivo,SANDONA [52050040],Pluviométrica,Convencional,Activa,Nariño,Sandoná,1.3223,-77.4792,20,9/15/1963,,Cudayari,Pacifico,Patía,Río Guáitara,2006,07,Andes,Definitivo,11,11,0,5.14905881881714,5.14905881881714,0,11.6430425643921,0.019774317741394,3.93818187713623,4.62545442581177,5,5,0.789855062961578,0.967391312122345,1,1,26,1.02999997138977,11.3299996852875
05,2005-05-10,52050040,,"",SANDONA [52050040],Pluviométrica,Convencional,Activa,Nariño,Sandoná,1.3223,-77.4792,20,9/15/1963,,Cudayari,Pacifico,Patía,Río Guáitara,2005,10,Andes,Preliminar,0,0,0,0.0662437453866005,0.0662437453866005,0,0.490751385688782,1.71717500686646,3.93818187713623,4.62545442581177,5,5,0.789855062961578,0.967391312122345,1,1,26,1.02999997138977,0
05,2005-05-11,52050040,,"",SANDONA [52050040],Pluviométrica,Convencional,Activa,Nariño,Sandoná,1.3223,-77.4792,20,9/15/1963,,Cudayari,Pacifico,Patía,Río Guáitara,2005,11,Andes,Preliminar,0,0,0,0.278454512357712,0.278454512357712,0,0.690983653068543,5.75600147247315,3.93818187713623,4.62545442581177,5,5,0.789855062961578,0.967391312122345,1,1,27,1.02999997138977,0
05,2010-05-09,52050040,,"",SANDONA [52050040],Pluviométrica,Convencional,Activa,Nariño,Sandoná,1.3223,-77.4792,20,9/15/1963,,Cudayari,Pacifico,Patía,Río Guáitara,2010,09,Andes,Preliminar,0,0,0,1.00202393531799,1.00202393531799,0,1.00572955608368,0.0900905579328537,3.93818187713623,4.62545442581177,5,5,0.789855062961578,0.967391312122345,1,1,26,1.02999997138977,0
05,2010-05-10,52050040,6,Definitivo,SANDONA [52050040],Pluviométrica,Convencional,Activa,Nariño,Sandoná,1.3223,-77.4792,20,9/15/1963,,Cudayari,Pacifico,Patía,Río Guáitara,2010,10,Andes,Definitivo,6,6,0,0.890688002109528,0.890688002109528,0,1.19639146327972,2.23803901672363,3.93818187713623,4.62545442581177,5,5,0.789855062961578,0.967391312122345,1,1,26,1.02999997138977,6.17999982833862
05,2012-05-10,52050040,1,Definitivo,SANDONA [52050040],Pluviométrica,Convencional,Activa,Nariño,Sandoná,1.3223,-77.4792,20,9/15/1963,,Cudayari,Pacifico,Patía,Río Guáitara,2012,10,Andes,Definitivo,1,1,0,1.38516712188721,1.38516712188721,0,0.132051274180412,0,3.93818187713623,4.62545442581177,5,5,0.789855062961578,0.967391312122345,1,1,26,1.02999997138977,1.02999997138977
05,2012-05-11,52050040,1,Definitivo,SANDONA [52050040],Pluviométrica,Convencional,Activa,Nariño,Sandoná,1.3223,-77.4792,20,9/15/1963,,Cudayari,Pacifico,Patía,Río Guáitara,2012,11,Andes,Definitivo,1,1,0,3.67132163047791,3.67132163047791,0,1.98002195358276,0.0365620404481888,3.93818187713623,4.62545442581177,5,5,0.789855062961578,0.967391312122345,1,1,27,1.02999997138977,1.02999997138977
05,2012-05-12,52050040,3,Definitivo,SANDONA [52050040],Pluviométrica,Convencional,Activa,Nariño,Sandoná,1.3223,-77.4792,20,9/15/1963,,Cudayari,Pacifico,Patía,Río Guáitara,2012,12,Andes,Definitivo,3,3,0,5.46931314468384,5.46931314468384,0,3.38981580734253,0.319917887449265,3.93818187713623,4.62545442581177,5,5,0.789855062961578,0.967391312122345,1,1,27,1.02999997138977,3.08999991416931
05,2011-05-16,52050040,20,Definitivo,SANDONA [52050040],Pluviométrica,Convencional,Activa,Nariño,Sandoná,1.3223,-77.4792,20,9/15/1963,,Cudayari,Pacifico,Patía,Río Guáitara,2011,16,Andes,Definitivo,20,20,0,16.0961055755615,16.0961055755615,11.3176794052124,22.9125137329102,18.3497447967529,3.93818187713623,4.62545442581177,5,5,0.789855062961578,0.967391312122345,1,1,28,1.02999997138977,20.5999994277954
05,2011-05-17,52050040,,"",SANDONA [52050040],Pluviométrica,Convencional,Activa,Nariño,Sandoná,1.3223,-77.4792,20,9/15/1963,,Cudayari,Pacifico,Patía,Río Guáitara,2011,17,Andes,Preliminar,0,0,0,8.2094783782959,8.2094783782959,5.6588397026062,1.78226399421692,0.165313005447388,3.93818187713623,4.62545442581177,5,5,0.789855062961578,0.967391312122345,1,1,28,1.02999997138977,0
05,2010-05-20,52050040,19,Definitivo,SANDONA [52050040],Pluviométrica,Convencional,Activa,Nariño,Sandoná,1.3223,-77.4792,20,9/15/1963,,Cudayari,Pacifico,Patía,Río Guáitara,2010,20,Andes,Definitivo,19,19,0,3.64647030830383,3.64647030830383,0,3.13761401176453,4.05877304077148,3.93818187713623,4.62545442581177,5,5,0.789855062961578,0.967391312122345,1,1,28,1.02999997138977,19.5699994564056
05,2002-05-14,52050040,,"",SANDONA [52050040],Pluviométrica,Convencional,Activa,Nariño,Sandoná,1.3223,-77.4792,20,9/15/1963,,Cudayari,Pacifico,Patía,Río Guáitara,2002,14,Andes,Preliminar,0,0,0,1.18766725063324,1.18766725063324,0,0.852095305919647,0.724707543849945,3.93818187713623,4.62545442581177,5,5,0.789855062961578,0.967391312122345,1,1,27,1.02999997138977,0
05,2004-05-10,52050040,,"",SANDONA [52050040],Pluviométrica,Convencional,Activa,Nariño,Sandoná,1.3223,-77.4792,20,9/15/1963,,Cudayari,Pacifico,Patía,Río Guáitara,2004,10,Andes,Preliminar,0,0,0,2.09582853317261,2.09582853317261,7.38965463638306,0.704041361808777,0.390270620584488,3.93818187713623,4.62545442581177,5,5,0.789855062961578,0.967391312122345,1,1,26,1.02999997138977,0
05,2013-05-25,52050040,20,Definitivo,SANDONA [52050040],Pluviométrica,Convencional,Activa,Nariño,Sandoná,1.3223,-77.4792,20,9/15/1963,,Cudayari,Pacifico,Patía,Río Guáitara,2013,25,Andes,Definitivo,20,20,0,0.917441189289093,0.917441189289093,11.4190521240234,1.17179429531097,0.405859500169754,3.93818187713623,4.62545442581177,5,5,0.789855062961578,0.967391312122345,1,1,29,1.02999997138977,20.5999994277954
05,2015-05-27,52050040,,"",SANDONA [52050040],Pluviométrica,Convencional,Activa,Nariño,Sandoná,1.3223,-77.4792,20,9/15/1963,,Cudayari,Pacifico,Patía,Río Guáitara,2015,27,Andes,Preliminar,0,0,0,1.54417085647583,1.54417085647583,0,0.307432740926743,0.700328290462494,3.93818187713623,4.62545442581177,5,5,0.789855062961578,0.967391312122345,1,1,30,1.02999997138977,0
05,2017-05-27,52050040,,"",SANDONA [52050040],Pluviométrica,Convencional,Activa,Nariño,Sandoná,1.3223,-77.4792,20,9/15/1963,,Cudayari,Pacifico,Patía,Río Guáitara,2017,27,Andes,Preliminar,0,0,0,1.38790798187256,1.38790798187256,0,0.213282242417336,1.04826736450195,3.93818187713623,4.62545442581177,5,5,0.789855062961578,0.967391312122345,1,1,30,1.02999997138977,0
05,2017-05-28,52050040,,"",SANDONA [52050040],Pluviométrica,Convencional,Activa,Nariño,Sandoná,1.3223,-77.4792,20,9/15/1963,,Cudayari,Pacifico,Patía,Río Guáitara,2017,28,Andes,Preliminar,0,0,0,1.27033627033234,1.27033627033234,0,0.0435659550130367,0.011957423761487,3.93818187713623,4.62545442581177,5,5,0.789855062961578,0.967391312122345,1,1,30,1.02999997138977,0
05,2021-05-29,52050040,12,En revisión,SANDONA [52050040],Pluviométrica,Convencional,Activa,Nariño,Sandoná,1.3223,-77.4792,20,9/15/1963,,Cudayari,Pacifico,Patía,Río Guáitara,2021,29,Andes,En revisión,12,12,0,5.08162546157837,5.08162546157837,0,2.24105978012085,2.91662406921387,3.93818187713623,4.62545442581177,5,5,0.789855062961578,0.967391312122345,1,1,30,1.02999997138977,12.3599996566772
05,2023-05-30,52050040,18,En revisión,SANDONA [52050040],Pluviométrica,Convencional,Activa,Nariño,Sandoná,1.3223,-77.4792,20,9/15/1963,,Cudayari,Pacifico,Patía,Río Guáitara,2023,30,Andes,En revisión,18,18,0,3.69014954566956,3.69014954566956,19.0659160614014,2.36337161064148,0.108689330518246,3.93818187713623,4.62545442581177,5,5,0.789855062961578,0.967391312122345,1,1,30,1.02999997138977,18.5399994850159
05,2023-05-28,52050040,,"",SANDONA [52050040],Pluviométrica,Convencional,Activa,Nariño,Sandoná,1.3223,-77.4792,20,9/15/1963,,Cudayari,Pacifico,Patía,Río Guáitara,2023,28,Andes,Preliminar,0,0,0,7.93729400634766,7.93729400634766,0,0.711745083332062,0.0706480517983437,3.93818187713623,4.62545442581177,5,5,0.789855062961578,0.967391312122345,1,1,30,1.02999997138977,0
05,2021-05-28,52050040,14,En revisión,SANDONA [52050040],Pluviométrica,Convencional,Activa,Nariño,Sandoná,1.3223,-77.4792,20,9/15/1963,,Cudayari,Pacifico,Patía,Río Guáitara,2021,28,Andes,En revisión,14,14,0,1.03948450088501,1.03948450088501,0,2.83124852180481,2.32645678520203,3.93818187713623,4.62545442581177,5,5,0.789855062961578,0.967391312122345,1,1,30,1.02999997138977,14.4199995994568
05,2023-05-23,52050040,0,En revisión,SANDONA [52050040],Pluviométrica,Convencional,Activa,Nariño,Sandoná,1.3223,-77.4792,20,9/15/1963,,Cudayari,Pacifico,Patía,Río Guáitara,2023,23,Andes,En revisión,0,0,0,22.1248664855957,22.1248664855957,28.2245292663574,25.6087455749512,17.1592273712158,3.93818187713623,4.62545442581177,5,5,0.789855062961578,0.967391312122345,1,1,29,1.02999997138977,0
05,2021-05-23,52050040,4,En revisión,SANDONA [52050040],Pluviométrica,Convencional,Activa,Nariño,Sandoná,1.3223,-77.4792,20,9/15/1963,,Cudayari,Pacifico,Patía,Río Guáitara,2021,23,Andes,En revisión,4,4,0,5.21761846542358,5.21761846542358,0,9.84942054748535,2.3484673500061,3.93818187713623,4.62545442581177,5,5,0.789855062961578,0.967391312122345,1,1,29,1.02999997138977,4.11999988555908
05,2021-05-20,52050040,,"",SANDONA [52050040],Pluviométrica,Convencional,Activa,Nariño,Sandoná,1.3223,-77.4792,20,9/15/1963,,Cudayari,Pacifico,Patía,Río Guáitara,2021,20,Andes,Preliminar,0,0,0,1.81315314769745,1.81315314769745,0,2.43880224227905,0,3.93818187713623,4.62545442581177,5,5,0.789855062961578,0.967391312122345,1,1,28,1.02999997138977,0
05,2011-05-24,52050040,2,Definitivo,SANDONA [52050040],Pluviométrica,Convencional,Activa,Nariño,Sandoná,1.3223,-77.4792,20,9/15/1963,,Cudayari,Pacifico,Patía,Río Guáitara,2011,24,Andes,Definitivo,2,2,0,3.55415487289429,3.55415487289429,0,8.72037982940674,1.63256704807282,3.93818187713623,4.62545442581177,5,5,0.789855062961578,0.967391312122345,1,1,29,1.02999997138977,2.05999994277954
05,2011-05-25,52050040,8,Definitivo,SANDONA [52050040],Pluviométrica,Convencional,Activa,Nariño,Sandoná,1.3223,-77.4792,20,9/15/1963,,Cudayari,Pacifico,Patía,Río Guáitara,2011,25,Andes,Definitivo,8,8,0,3.49884176254272,3.49884176254272,0,7.02106761932373,1.81486368179321,3.93818187713623,4.62545442581177,5,5,0.789855062961578,0.967391312122345,1,1,29,1.02999997138977,8.23999977111816
05,2001-05-30,52050040,,"",SANDONA [52050040],Pluviométrica,Convencional,Activa,Nariño,Sandoná,1.3223,-77.4792,20,9/15/1963,,Cudayari,Pacifico,Patía,Río Guáitara,2001,30,Andes,Preliminar,0,0,0,1.48458063602448,1.48458063602448,0,1.6961418390274,1.14818751811981,3.93818187713623,4.62545442581177,5,5,0.789855062961578,0.967391312122345,1,1,30,1.02999997138977,0
05,2002-05-28,52050040,,"",SANDONA [52050040],Pluviométrica,Convencional,Activa,Nariño,Sandoná,1.3223,-77.4792,20,9/15/1963,,Cudayari,Pacifico,Patía,Río Guáitara,2002,28,Andes,Preliminar,0,0,0,22.2435073852539,22.2435073852539,0,0.237474948167801,1.26691865921021,3.93818187713623,4.62545442581177,5,5,0.789855062961578,0.967391312122345,1,1,30,1.02999997138977,0
05,2002-05-27,52050040,,"",SANDONA [52050040],Pluviométrica,Convencional,Activa,Nariño,Sandoná,1.3223,-77.4792,20,9/15/1963,,Cudayari,Pacifico,Patía,Río Guáitara,2002,27,Andes,Preliminar,0,0,0,1.63206803798676,1.63206803798676,0,0.399480640888214,0,3.93818187713623,4.62545442581177,5,5,0.789855062961578,0.967391312122345,1,1,30,1.02999997138977,0
05,2002-05-26,52050040,,"",SANDONA [52050040],Pluviométrica,Convencional,Activa,Nariño,Sandoná,1.3223,-77.4792,20,9/15/1963,,Cudayari,Pacifico,Patía,Río Guáitara,2002,26,Andes,Preliminar,0,0,0,0.394855201244354,0.394855201244354,0,5.44404077529907,2.45584845542908,3.93818187713623,4.62545442581177,5,5,0.789855062961578,0.967391312122345,1,1,30,1.02999997138977,0
05,2003-05-24,52050040,,"",SANDONA [52050040],Pluviométrica,Convencional,Activa,Nariño,Sandoná,1.3223,-77.4792,20,9/15/1963,,Cudayari,Pacifico,Patía,Río Guáitara,2003,24,Andes,Preliminar,0,0,0,6.12682867050171,6.12682867050171,0,4.64966201782227,0.869636595249176,3.93818187713623,4.62545442581177,5,5,0.789855062961578,0.967391312122345,1,1,29,1.02999997138977,0
05,2003-05-23,52050040,,"",SANDONA [52050040],Pluviométrica,Convencional,Activa,Nariño,Sandoná,1.3223,-77.4792,20,9/15/1963,,Cudayari,Pacifico,Patía,Río Guáitara,2003,23,Andes,Preliminar,0,0,0,1.74057590961456,1.74057590961456,8.53295230865479,2.08004260063171,1.78731942176819,3.93818187713623,4.62545442581177,5,5,0.789855062961578,0.967391312122345,1,1,29,1.02999997138977,0
05,2003-05-22,52050040,,"",SANDONA [52050040],Pluviométrica,Convencional,Activa,Nariño,Sandoná,1.3223,-77.4792,20,9/15/1963,,Cudayari,Pacifico,Patía,Río Guáitara,2003,22,Andes,Preliminar,0,0,0,4.73436737060547,4.73436737060547,4.26647615432739,6.11654424667358,11.3004693984985,3.93818187713623,4.62545442581177,5,5,0.789855062961578,0.967391312122345,1,1,29,1.02999997138977,0
05,2003-05-21,52050040,,"",SANDONA [52050040],Pluviométrica,Convencional,Activa,Nariño,Sandoná,1.3223,-77.4792,20,9/15/1963,,Cudayari,Pacifico,Patía,Río Guáitara,2003,21,Andes,Preliminar,0,0,0,3.82926726341248,3.82926726341248,4.26647615432739,3.28255701065064,3.06534838676453,3.93818187713623,4.62545442581177,5,5,0.789855062961578,0.967391312122345,1,1,29,1.02999997138977,0
05,2003-05-20,52050040,,"",SANDONA [52050040],Pluviométrica,Convencional,Activa,Nariño,Sandoná,1.3223,-77.4792,20,9/15/1963,,Cudayari,Pacifico,Patía,Río Guáitara,2003,20,Andes,Preliminar,0,0,0,0.0458886548876762,0.0458886548876762,0,0.5633984208107,0,3.93818187713623,4.62545442581177,5,5,0.789855062961578,0.967391312122345,1,1,28,1.02999997138977,0
05,2004-05-17,52050040,20,Definitivo,SANDONA [52050040],Pluviométrica,Convencional,Activa,Nariño,Sandoná,1.3223,-77.4792,20,9/15/1963,,Cudayari,Pacifico,Patía,Río Guáitara,2004,17,Andes,Definitivo,20,20,0,9.35195446014404,9.35195446014404,0,17.667875289917,9.74878978729248,3.93818187713623,4.62545442581177,5,5,0.789855062961578,0.967391312122345,1,1,28,1.02999997138977,20.5999994277954
05,2003-05-17,52050040,8,Definitivo,SANDONA [52050040],Pluviométrica,Convencional,Activa,Nariño,Sandoná,1.3223,-77.4792,20,9/15/1963,,Cudayari,Pacifico,Patía,Río Guáitara,2003,17,Andes,Definitivo,8,8,0,3.16631722450256,3.16631722450256,0,2.82155323028564,0,3.93818187713623,4.62545442581177,5,5,0.789855062961578,0.967391312122345,1,1,28,1.02999997138977,8.23999977111816
05,2002-05-16,52050040,,"",SANDONA [52050040],Pluviométrica,Convencional,Activa,Nariño,Sandoná,1.3223,-77.4792,20,9/15/1963,,Cudayari,Pacifico,Patía,Río Guáitara,2002,16,Andes,Preliminar,0,0,0,10.5307455062866,10.5307455062866,0,3.47959232330322,5.32904243469238,3.93818187713623,4.62545442581177,5,5,0.789855062961578,0.967391312122345,1,1,28,1.02999997138977,0
05,2004-05-12,52050040,,"",SANDONA [52050040],Pluviométrica,Convencional,Activa,Nariño,Sandoná,1.3223,-77.4792,20,9/15/1963,,Cudayari,Pacifico,Patía,Río Guáitara,2004,12,Andes,Preliminar,0,0,0,1.24865806102753,1.24865806102753,0,6.24026584625244,0.103960178792477,3.93818187713623,4.62545442581177,5,5,0.789855062961578,0.967391312122345,1,1,27,1.02999997138977,0
05,2006-05-09,52050040,3,Definitivo,SANDONA [52050040],Pluviométrica,Convencional,Activa,Nariño,Sandoná,1.3223,-77.4792,20,9/15/1963,,Cudayari,Pacifico,Patía,Río Guáitara,2006,09,Andes,Definitivo,3,3,0,5.34428405761719,5.34428405761719,34.8633804321289,5.37839555740356,8.09428882598877,3.93818187713623,4.62545442581177,5,5,0.789855062961578,0.967391312122345,1,1,26,1.02999997138977,3.08999991416931
05,2002-05-11,52050040,,"",SANDONA [52050040],Pluviométrica,Convencional,Activa,Nariño,Sandoná,1.3223,-77.4792,20,9/15/1963,,Cudayari,Pacifico,Patía,Río Guáitara,2002,11,Andes,Preliminar,0,0,0,0,0,0,0.977988719940186,2.60894727706909,3.93818187713623,4.62545442581177,5,5,0.789855062961578,0.967391312122345,1,1,27,1.02999997138977,0
05,2004-05-07,52050040,,"",SANDONA [52050040],Pluviométrica,Convencional,Activa,Nariño,Sandoná,1.3223,-77.4792,20,9/15/1963,,Cudayari,Pacifico,Patía,Río Guáitara,2004,07,Andes,Preliminar,0,0,0,0.458462446928024,0.458462446928024,0,1.73956751823425,0.117081172764301,3.93818187713623,4.62545442581177,5,5,0.789855062961578,0.967391312122345,1,1,26,1.02999997138977,0
05,2006-05-08,52050040,28,Definitivo,SANDONA [52050040],Pluviométrica,Convencional,Activa,Nariño,Sandoná,1.3223,-77.4792,20,9/15/1963,,Cudayari,Pacifico,Patía,Río Guáitara,2006,08,Andes,Definitivo,28,28,0,1.80583131313324,1.80583131313324,34.8633804321289,15.0209579467773,14.4154777526855,3.93818187713623,4.62545442581177,5,5,0.789855062961578,0.967391312122345,1,1,26,1.02999997138977,28.8399991989136
05,2009-05-06,52050040,,"",SANDONA [52050040],Pluviométrica,Convencional,Activa,Nariño,Sandoná,1.3223,-77.4792,20,9/15/1963,,Cudayari,Pacifico,Patía,Río Guáitara,2009,06,Andes,Preliminar,0,0,0,15.783802986145,15.783802986145,5.3151330947876,7.54109907150269,10.6232614517212,3.93818187713623,4.62545442581177,5,5,0.789855062961578,0.967391312122345,1,1,26,1.02999997138977,0
05,2008-05-09,52050040,,"",SANDONA [52050040],Pluviométrica,Convencional,Activa,Nariño,Sandoná,1.3223,-77.4792,20,9/15/1963,,Cudayari,Pacifico,Patía,Río Guáitara,2008,09,Andes,Preliminar,0,0,0,3.38258051872253,3.38258051872253,0,1.1790030002594,2.15981721878052,3.93818187713623,4.62545442581177,5,5,0.789855062961578,0.967391312122345,1,1,26,1.02999997138977,0
05,2008-05-10,52050040,,"",SANDONA [52050040],Pluviométrica,Convencional,Activa,Nariño,Sandoná,1.3223,-77.4792,20,9/15/1963,,Cudayari,Pacifico,Patía,Río Guáitara,2008,10,Andes,Preliminar,0,0,0,3.01689648628235,3.01689648628235,3.88641357421875,1.49516034126282,2.53652930259705,3.93818187713623,4.62545442581177,5,5,0.789855062961578,0.967391312122345,1,1,26,1.02999997138977,0
05,2010-05-11,52050040,,"",SANDONA [52050040],Pluviométrica,Convencional,Activa,Nariño,Sandoná,1.3223,-77.4792,20,9/15/1963,,Cudayari,Pacifico,Patía,Río Guáitara,2010,11,Andes,Preliminar,0,0,0,0.986408829689026,0.986408829689026,7.53803491592407,2.07959342002869,5.08268690109253,3.93818187713623,4.62545442581177,5,5,0.789855062961578,0.967391312122345,1,1,27,1.02999997138977,0
05,2013-05-09,52050040,1,Definitivo,SANDONA [52050040],Pluviométrica,Convencional,Activa,Nariño,Sandoná,1.3223,-77.4792,20,9/15/1963,,Cudayari,Pacifico,Patía,Río Guáitara,2013,09,Andes,Definitivo,1,1,0,1.58874785900116,1.58874785900116,37.2405395507813,7.69375896453857,4.55554723739624,3.93818187713623,4.62545442581177,5,5,0.789855062961578,0.967391312122345,1,1,26,1.02999997138977,1.02999997138977
05,2013-05-10,52050040,19,Definitivo,SANDONA [52050040],Pluviométrica,Convencional,Activa,Nariño,Sandoná,1.3223,-77.4792,20,9/15/1963,,Cudayari,Pacifico,Patía,Río Guáitara,2013,10,Andes,Definitivo,19,19,0,2.86560344696045,2.86560344696045,0,5.93402910232544,13.2940587997437,3.93818187713623,4.62545442581177,5,5,0.789855062961578,0.967391312122345,1,1,26,1.02999997138977,19.5699994564056
05,2012-05-13,52050040,2,Definitivo,SANDONA [52050040],Pluviométrica,Convencional,Activa,Nariño,Sandoná,1.3223,-77.4792,20,9/15/1963,,Cudayari,Pacifico,Patía,Río Guáitara,2012,13,Andes,Definitivo,2,2,0,4.18892240524292,4.18892240524292,0,1.28661155700684,0.349167555570602,3.93818187713623,4.62545442581177,5,5,0.789855062961578,0.967391312122345,1,1,27,1.02999997138977,2.05999994277954
05,2012-05-14,52050040,3,Definitivo,SANDONA [52050040],Pluviométrica,Convencional,Activa,Nariño,Sandoná,1.3223,-77.4792,20,9/15/1963,,Cudayari,Pacifico,Patía,Río Guáitara,2012,14,Andes,Definitivo,3,3,0,3.81982111930847,3.81982111930847,0,0.879507422447205,0.828130424022675,3.93818187713623,4.62545442581177,5,5,0.789855062961578,0.967391312122345,1,1,27,1.02999997138977,3.08999991416931
05,2010-05-21,52050040,20,Definitivo,SANDONA [52050040],Pluviométrica,Convencional,Activa,Nariño,Sandoná,1.3223,-77.4792,20,9/15/1963,,Cudayari,Pacifico,Patía,Río Guáitara,2010,21,Andes,Definitivo,20,20,0,5.06947135925293,5.06947135925293,0,8.09060764312744,1.20897972583771,3.93818187713623,4.62545442581177,5,5,0.789855062961578,0.967391312122345,1,1,29,1.02999997138977,20.5999994277954
05,2009-05-24,52050040,,"",SANDONA [52050040],Pluviométrica,Convencional,Activa,Nariño,Sandoná,1.3223,-77.4792,20,9/15/1963,,Cudayari,Pacifico,Patía,Río Guáitara,2009,24,Andes,Preliminar,0,0,0,3.28288745880127,3.28288745880127,0,2.96699833869934,6.58039045333862,3.93818187713623,4.62545442581177,5,5,0.789855062961578,0.967391312122345,1,1,29,1.02999997138977,0
05,2009-05-25,52050040,,"",SANDONA [52050040],Pluviométrica,Convencional,Activa,Nariño,Sandoná,1.3223,-77.4792,20,9/15/1963,,Cudayari,Pacifico,Patía,Río Guáitara,2009,25,Andes,Preliminar,0,0,0,4.3589448928833,4.3589448928833,0,1.62099206447601,0.0198129918426275,3.93818187713623,4.62545442581177,5,5,0.789855062961578,0.967391312122345,1,1,29,1.02999997138977,0
05,2016-05-23,52050040,,"",SANDONA [52050040],Pluviométrica,Convencional,Activa,Nariño,Sandoná,1.3223,-77.4792,20,9/15/1963,,Cudayari,Pacifico,Patía,Río Guáitara,2016,23,Andes,Preliminar,0,0,0,1.02536702156067,1.02536702156067,0,0.565858602523804,0,3.93818187713623,4.62545442581177,5,5,0.789855062961578,0.967391312122345,1,1,29,1.02999997138977,0
05,2016-05-24,52050040,1,Definitivo,SANDONA [52050040],Pluviométrica,Convencional,Activa,Nariño,Sandoná,1.3223,-77.4792,20,9/15/1963,,Cudayari,Pacifico,Patía,Río Guáitara,2016,24,Andes,Definitivo,1,1,0,3.43948316574097,3.43948316574097,0,1.21064627170563,0.814028441905975,3.93818187713623,4.62545442581177,5,5,0.789855062961578,0.967391312122345,1,1,29,1.02999997138977,1.02999997138977
05,2015-05-28,52050040,,"",SANDONA [52050040],Pluviométrica,Convencional,Activa,Nariño,Sandoná,1.3223,-77.4792,20,9/15/1963,,Cudayari,Pacifico,Patía,Río Guáitara,2015,28,Andes,Preliminar,1,1,0,0.963537752628326,0.963537752628326,0,0.514116942882538,0.237847357988358,3.93818187713623,4.62545442581177,5,5,0.789855062961578,0.967391312122345,1,1,30,1.02999997138977,1.02999997138977
05,2019-05-29,52050040,4,Definitivo,SANDONA [52050040],Pluviométrica,Convencional,Activa,Nariño,Sandoná,1.3223,-77.4792,20,9/15/1963,,Cudayari,Pacifico,Patía,Río Guáitara,2019,29,Andes,Definitivo,4,4,0,6.15024566650391,6.15024566650391,15.2041578292847,9.09418201446533,18.3204727172852,3.93818187713623,4.62545442581177,5,5,0.789855062961578,0.967391312122345,1,1,30,1.02999997138977,4.11999988555908
05,2022-05-27,52050040,,"",SANDONA [52050040],Pluviométrica,Convencional,Activa,Nariño,Sandoná,1.3223,-77.4792,20,9/15/1963,,Cudayari,Pacifico,Patía,Río Guáitara,2022,27,Andes,Preliminar,0,0,0,3.11405777931213,3.11405777931213,0,2.23048257827759,0.155475348234177,3.93818187713623,4.62545442581177,5,5,0.789855062961578,0.967391312122345,1,1,30,1.02999997138977,0
05,2021-05-30,52050040,5,En revisión,SANDONA [52050040],Pluviométrica,Convencional,Activa,Nariño,Sandoná,1.3223,-77.4792,20,9/15/1963,,Cudayari,Pacifico,Patía,Río Guáitara,2021,30,Andes,En revisión,5,5,0,10.3226222991943,10.3226222991943,0,2.51742720603943,18.0214881896973,3.93818187713623,4.62545442581177,5,5,0.789855062961578,0.967391312122345,1,1,30,1.02999997138977,5.14999985694885
05,2023-05-27,52050040,4,En revisión,SANDONA [52050040],Pluviométrica,Convencional,Activa,Nariño,Sandoná,1.3223,-77.4792,20,9/15/1963,,Cudayari,Pacifico,Patía,Río Guáitara,2023,27,Andes,En revisión,4,4,0,7.60000085830689,7.60000085830689,0,6.20306396484375,0.332861006259918,3.93818187713623,4.62545442581177,5,5,0.789855062961578,0.967391312122345,1,1,30,1.02999997138977,4.11999988555908
05,2023-05-25,52050040,10,En revisión,SANDONA [52050040],Pluviométrica,Convencional,Activa,Nariño,Sandoná,1.3223,-77.4792,20,9/15/1963,,Cudayari,Pacifico,Patía,Río Guáitara,2023,25,Andes,En revisión,10,10,0,12.7385377883911,12.7385377883911,14.1122646331787,14.8652544021606,16.8863296508789,3.93818187713623,4.62545442581177,5,5,0.789855062961578,0.967391312122345,1,1,29,1.02999997138977,10.2999997138977
05,2023-05-22,52050040,14,En revisión,SANDONA [52050040],Pluviométrica,Convencional,Activa,Nariño,Sandoná,1.3223,-77.4792,20,9/15/1963,,Cudayari,Pacifico,Patía,Río Guáitara,2023,22,Andes,En revisión,14,14,0,8.11998271942139,8.11998271942139,0,9.04703617095947,12.5199432373047,3.93818187713623,4.62545442581177,5,5,0.789855062961578,0.967391312122345,1,1,29,1.02999997138977,14.4199995994568
05,2023-05-20,52050040,27,En revisión,SANDONA [52050040],Pluviométrica,Convencional,Activa,Nariño,Sandoná,1.3223,-77.4792,20,9/15/1963,,Cudayari,Pacifico,Patía,Río Guáitara,2023,20,Andes,En revisión,27,27,0,9.05747604370117,9.05747604370117,42.9321022033691,15.2946300506592,21.4796695709229,3.93818187713623,4.62545442581177,5,5,0.789855062961578,0.967391312122345,1,1,28,1.02999997138977,27.8099992275238
05,2023-05-18,52050040,,"",SANDONA [52050040],Pluviométrica,Convencional,Activa,Nariño,Sandoná,1.3223,-77.4792,20,9/15/1963,,Cudayari,Pacifico,Patía,Río Guáitara,2023,18,Andes,Preliminar,0,0,0,4.91185712814331,4.91185712814331,0,0.717945098876953,0,3.93818187713623,4.62545442581177,5,5,0.789855062961578,0.967391312122345,1,1,28,1.02999997138977,0
05,2023-05-15,52050040,,"",SANDONA [52050040],Pluviométrica,Convencional,Activa,Nariño,Sandoná,1.3223,-77.4792,20,9/15/1963,,Cudayari,Pacifico,Patía,Río Guáitara,2023,15,Andes,Preliminar,0,0,0,19.2852230072022,19.2852230072022,0,2.21346068382263,1.46898257732391,3.93818187713623,4.62545442581177,5,5,0.789855062961578,0.967391312122345,1,1,27,1.02999997138977,0
05,2023-05-12,52050040,,"",SANDONA [52050040],Pluviométrica,Convencional,Activa,Nariño,Sandoná,1.3223,-77.4792,20,9/15/1963,,Cudayari,Pacifico,Patía,Río Guáitara,2023,12,Andes,Preliminar,0,0,0,18.0721607208252,18.0721607208252,4.34275054931641,0,1.08781790733337,3.93818187713623,4.62545442581177,5,5,0.789855062961578,0.967391312122345,1,1,27,1.02999997138977,0
05,2001-05-29,52050040,,"",SANDONA [52050040],Pluviométrica,Convencional,Activa,Nariño,Sandoná,1.3223,-77.4792,20,9/15/1963,,Cudayari,Pacifico,Patía,Río Guáitara,2001,29,Andes,Preliminar,0,0,0,0.689269602298737,0.689269602298737,22.6910858154297,2.38875532150269,13.2826290130615,3.93818187713623,4.62545442581177,5,5,0.789855062961578,0.967391312122345,1,1,30,1.02999997138977,0
05,2001-05-28,52050040,2,Definitivo,SANDONA [52050040],Pluviométrica,Convencional,Activa,Nariño,Sandoná,1.3223,-77.4792,20,9/15/1963,,Cudayari,Pacifico,Patía,Río Guáitara,2001,28,Andes,Definitivo,2,2,0,6.46853065490723,6.46853065490723,10.0849275588989,2.75296711921692,3.90163421630859,3.93818187713623,4.62545442581177,5,5,0.789855062961578,0.967391312122345,1,1,30,1.02999997138977,2.05999994277954
05,2001-05-27,52050040,6,Definitivo,SANDONA [52050040],Pluviométrica,Convencional,Activa,Nariño,Sandoná,1.3223,-77.4792,20,9/15/1963,,Cudayari,Pacifico,Patía,Río Guáitara,2001,27,Andes,Definitivo,6,6,0,10.7632102966309,10.7632102966309,0,10.6465682983398,8.94044303894043,3.93818187713623,4.62545442581177,5,5,0.789855062961578,0.967391312122345,1,1,30,1.02999997138977,6.17999982833862
05,2002-05-25,52050040,17,Definitivo,SANDONA [52050040],Pluviométrica,Convencional,Activa,Nariño,Sandoná,1.3223,-77.4792,20,9/15/1963,,Cudayari,Pacifico,Patía,Río Guáitara,2002,25,Andes,Definitivo,17,17,0,2.69870018959045,2.69870018959045,0,9.90780448913574,13.0626640319824,3.93818187713623,4.62545442581177,5,5,0.789855062961578,0.967391312122345,1,1,29,1.02999997138977,17.5099995136261
05,2002-05-24,52050040,14,Definitivo,SANDONA [52050040],Pluviométrica,Convencional,Activa,Nariño,Sandoná,1.3223,-77.4792,20,9/15/1963,,Cudayari,Pacifico,Patía,Río Guáitara,2002,24,Andes,Definitivo,14,14,0,5.0815954208374,5.0815954208374,0,2.77726244926453,3.77664113044739,3.93818187713623,4.62545442581177,5,5,0.789855062961578,0.967391312122345,1,1,29,1.02999997138977,14.4199995994568
05,2002-05-23,52050040,6,Definitivo,SANDONA [52050040],Pluviométrica,Convencional,Activa,Nariño,Sandoná,1.3223,-77.4792,20,9/15/1963,,Cudayari,Pacifico,Patía,Río Guáitara,2002,23,Andes,Definitivo,6,6,0,5.8711085319519,5.8711085319519,0,4.72284364700317,6.70521593093872,3.93818187713623,4.62545442581177,5,5,0.789855062961578,0.967391312122345,1,1,29,1.02999997138977,6.17999982833862
05,2002-05-22,52050040,18,Definitivo,SANDONA [52050040],Pluviométrica,Convencional,Activa,Nariño,Sandoná,1.3223,-77.4792,20,9/15/1963,,Cudayari,Pacifico,Patía,Río Guáitara,2002,22,Andes,Definitivo,18,18,0,1.43547892570496,1.43547892570496,0,10.2966814041138,1.13482272624969,3.93818187713623,4.62545442581177,5,5,0.789855062961578,0.967391312122345,1,1,29,1.02999997138977,18.5399994850159
05,2002-05-21,52050040,25,Definitivo,SANDONA [52050040],Pluviométrica,Convencional,Activa,Nariño,Sandoná,1.3223,-77.4792,20,9/15/1963,,Cudayari,Pacifico,Patía,Río Guáitara,2002,21,Andes,Definitivo,25,25,0,5.77062511444092,5.77062511444092,26.7434883117676,5.33339214324951,8.35864067077637,3.93818187713623,4.62545442581177,5,5,0.789855062961578,0.967391312122345,1,1,29,1.02999997138977,25.7499992847443
05,2003-05-19,52050040,2,Definitivo,SANDONA [52050040],Pluviométrica,Convencional,Activa,Nariño,Sandoná,1.3223,-77.4792,20,9/15/1963,,Cudayari,Pacifico,Patía,Río Guáitara,2003,19,Andes,Definitivo,2,2,0,0.596552431583405,0.596552431583405,0,1.45701026916504,1.11394381523132,3.93818187713623,4.62545442581177,5,5,0.789855062961578,0.967391312122345,1,1,28,1.02999997138977,2.05999994277954
05,2002-05-18,52050040,,"",SANDONA [52050040],Pluviométrica,Convencional,Activa,Nariño,Sandoná,1.3223,-77.4792,20,9/15/1963,,Cudayari,Pacifico,Patía,Río Guáitara,2002,18,Andes,Preliminar,0,0,0,1.41081750392914,1.41081750392914,10.3801422119141,9.95060920715332,3.32066631317139,3.93818187713623,4.62545442581177,5,5,0.789855062961578,0.967391312122345,1,1,28,1.02999997138977,0
05,2004-05-14,52050040,,"",SANDONA [52050040],Pluviométrica,Convencional,Activa,Nariño,Sandoná,1.3223,-77.4792,20,9/15/1963,,Cudayari,Pacifico,Patía,Río Guáitara,2004,14,Andes,Preliminar,0,0,0,0.168737560510635,0.168737560510635,0,0.47826874256134,0.0399846807122231,3.93818187713623,4.62545442581177,5,5,0.789855062961578,0.967391312122345,1,1,27,1.02999997138977,0
05,2003-05-14,52050040,,"",SANDONA [52050040],Pluviométrica,Convencional,Activa,Nariño,Sandoná,1.3223,-77.4792,20,9/15/1963,,Cudayari,Pacifico,Patía,Río Guáitara,2003,14,Andes,Preliminar,0,0,0,0.281322181224823,0.281322181224823,0,1.59322142601013,0.348757147789001,3.93818187713623,4.62545442581177,5,5,0.789855062961578,0.967391312122345,1,1,27,1.02999997138977,0
05,2002-05-13,52050040,,"",SANDONA [52050040],Pluviométrica,Convencional,Activa,Nariño,Sandoná,1.3223,-77.4792,20,9/15/1963,,Cudayari,Pacifico,Patía,Río Guáitara,2002,13,Andes,Preliminar,0,0,0,5.93833589553833,5.93833589553833,0,1.7532023191452,0,3.93818187713623,4.62545442581177,5,5,0.789855062961578,0.967391312122345,1,1,27,1.02999997138977,0
05,2004-05-09,52050040,,"",SANDONA [52050040],Pluviométrica,Convencional,Activa,Nariño,Sandoná,1.3223,-77.4792,20,9/15/1963,,Cudayari,Pacifico,Patía,Río Guáitara,2004,09,Andes,Preliminar,0,0,0,5.69803333282471,5.69803333282471,0,0.745032906532288,4.22793102264404,3.93818187713623,4.62545442581177,5,5,0.789855062961578,0.967391312122345,1,1,26,1.02999997138977,0
05,2003-05-09,52050040,12,Definitivo,SANDONA [52050040],Pluviométrica,Convencional,Activa,Nariño,Sandoná,1.3223,-77.4792,20,9/15/1963,,Cudayari,Pacifico,Patía,Río Guáitara,2003,09,Andes,Definitivo,12,12,0,0.231111511588097,0.231111511588097,12.8410129547119,2.33634734153748,0.972846448421478,3.93818187713623,4.62545442581177,5,5,0.789855062961578,0.967391312122345,1,1,26,1.02999997138977,12.3599996566772
05,2002-05-08,52050040,,"",SANDONA [52050040],Pluviométrica,Convencional,Activa,Nariño,Sandoná,1.3223,-77.4792,20,9/15/1963,,Cudayari,Pacifico,Patía,Río Guáitara,2002,08,Andes,Preliminar,0,0,0,5.92346715927124,5.92346715927124,0,0.699347317218781,0,3.93818187713623,4.62545442581177,5,5,0.789855062961578,0.967391312122345,1,1,26,1.02999997138977,0
05,2004-05-08,52050040,,"",SANDONA [52050040],Pluviométrica,Convencional,Activa,Nariño,Sandoná,1.3223,-77.4792,20,9/15/1963,,Cudayari,Pacifico,Patía,Río Guáitara,2004,08,Andes,Preliminar,0,0,0,1.8993444442749,1.8993444442749,0,1.6921284198761,0.143099218606949,3.93818187713623,4.62545442581177,5,5,0.789855062961578,0.967391312122345,1,1,26,1.02999997138977,0
05,2007-05-07,52050040,10,Definitivo,SANDONA [52050040],Pluviométrica,Convencional,Activa,Nariño,Sandoná,1.3223,-77.4792,20,9/15/1963,,Cudayari,Pacifico,Patía,Río Guáitara,2007,07,Andes,Definitivo,10,10,0,9.32906627655029,9.32906627655029,8.37838745117188,4.93714427947998,0.0824318528175354,3.93818187713623,4.62545442581177,5,5,0.789855062961578,0.967391312122345,1,1,26,1.02999997138977,10.2999997138977
05,2009-05-07,52050040,,"",SANDONA [52050040],Pluviométrica,Convencional,Activa,Nariño,Sandoná,1.3223,-77.4792,20,9/15/1963,,Cudayari,Pacifico,Patía,Río Guáitara,2009,07,Andes,Preliminar,0,0,0,12.5015430450439,12.5015430450439,0,5.76469802856445,0.227641329169273,3.93818187713623,4.62545442581177,5,5,0.789855062961578,0.967391312122345,1,1,26,1.02999997138977,0
05,2009-05-08,52050040,15,Definitivo,SANDONA [52050040],Pluviométrica,Convencional,Activa,Nariño,Sandoná,1.3223,-77.4792,20,9/15/1963,,Cudayari,Pacifico,Patía,Río Guáitara,2009,08,Andes,Definitivo,15,15,0,0.756206631660461,0.756206631660461,10.6302661895752,4.00816106796265,6.86717987060547,3.93818187713623,4.62545442581177,5,5,0.789855062961578,0.967391312122345,1,1,26,1.02999997138977,15.4499995708466
05,2008-05-11,52050040,,"",SANDONA [52050040],Pluviométrica,Convencional,Activa,Nariño,Sandoná,1.3223,-77.4792,20,9/15/1963,,Cudayari,Pacifico,Patía,Río Guáitara,2008,11,Andes,Preliminar,0,0,0,2.57159495353699,2.57159495353699,8.16969203948975,3.37636160850525,3.94772434234619,3.93818187713623,4.62545442581177,5,5,0.789855062961578,0.967391312122345,1,1,27,1.02999997138977,0
05,2011-05-10,52050040,,"",SANDONA [52050040],Pluviométrica,Convencional,Activa,Nariño,Sandoná,1.3223,-77.4792,20,9/15/1963,,Cudayari,Pacifico,Patía,Río Guáitara,2011,10,Andes,Preliminar,0,0,0,2.03996181488037,2.03996181488037,0,0.238296642899513,0.0174243059009314,3.93818187713623,4.62545442581177,5,5,0.789855062961578,0.967391312122345,1,1,26,1.02999997138977,0
05,2011-05-11,52050040,7,Definitivo,SANDONA [52050040],Pluviométrica,Convencional,Activa,Nariño,Sandoná,1.3223,-77.4792,20,9/15/1963,,Cudayari,Pacifico,Patía,Río Guáitara,2011,11,Andes,Definitivo,7,7,0,1.34733641147614,1.34733641147614,0,2.5254020690918,0,3.93818187713623,4.62545442581177,5,5,0.789855062961578,0.967391312122345,1,1,27,1.02999997138977,7.20999979972839
05,2013-05-11,52050040,10,Definitivo,SANDONA [52050040],Pluviométrica,Convencional,Activa,Nariño,Sandoná,1.3223,-77.4792,20,9/15/1963,,Cudayari,Pacifico,Patía,Río Guáitara,2013,11,Andes,Definitivo,10,10,0,1.52375280857086,1.52375280857086,0,4.03625106811523,0,3.93818187713623,4.62545442581177,5,5,0.789855062961578,0.967391312122345,1,1,27,1.02999997138977,10.2999997138977
05,2011-05-18,52050040,,"",SANDONA [52050040],Pluviométrica,Convencional,Activa,Nariño,Sandoná,1.3223,-77.4792,20,9/15/1963,,Cudayari,Pacifico,Patía,Río Guáitara,2011,18,Andes,Preliminar,0,0,0,1.55619287490845,1.55619287490845,0,1.43310701847076,0,3.93818187713623,4.62545442581177,5,5,0.789855062961578,0.967391312122345,1,1,28,1.02999997138977,0
05,2011-05-19,52050040,,"",SANDONA [52050040],Pluviométrica,Convencional,Activa,Nariño,Sandoná,1.3223,-77.4792,20,9/15/1963,,Cudayari,Pacifico,Patía,Río Guáitara,2011,19,Andes,Preliminar,0,0,0,6.35735130310059,6.35735130310059,5.6588397026062,0.548981547355652,2.78466939926147,3.93818187713623,4.62545442581177,5,5,0.789855062961578,0.967391312122345,1,1,28,1.02999997138977,0
05,2010-05-22,52050040,3,Definitivo,SANDONA [52050040],Pluviométrica,Convencional,Activa,Nariño,Sandoná,1.3223,-77.4792,20,9/15/1963,,Cudayari,Pacifico,Patía,Río Guáitara,2010,22,Andes,Definitivo,3,3,0,7.76108026504517,7.76108026504517,36.9840850830078,5.69268465042114,25.7506217956543,3.93818187713623,4.62545442581177,5,5,0.789855062961578,0.967391312122345,1,1,29,1.02999997138977,3.08999991416931
05,2011-05-26,52050040,1,Definitivo,SANDONA [52050040],Pluviométrica,Convencional,Activa,Nariño,Sandoná,1.3223,-77.4792,20,9/15/1963,,Cudayari,Pacifico,Patía,Río Guáitara,2011,26,Andes,Definitivo,1,1,0,3.04461574554443,3.04461574554443,0,2.01925420761108,2.30365562438965,3.93818187713623,4.62545442581177,5,5,0.789855062961578,0.967391312122345,1,1,30,1.02999997138977,1.02999997138977
05,2014-05-24,52050040,,"",SANDONA [52050040],Pluviométrica,Convencional,Activa,Nariño,Sandoná,1.3223,-77.4792,20,9/15/1963,,Cudayari,Pacifico,Patía,Río Guáitara,2014,24,Andes,Preliminar,0,0,0,1.85023045539856,1.85023045539856,13.8569192886353,3.09299278259277,9.35210800170898,3.93818187713623,4.62545442581177,5,5,0.789855062961578,0.967391312122345,1,1,29,1.02999997138977,0
05,2014-05-25,52050040,,"",SANDONA [52050040],Pluviométrica,Convencional,Activa,Nariño,Sandoná,1.3223,-77.4792,20,9/15/1963,,Cudayari,Pacifico,Patía,Río Guáitara,2014,25,Andes,Preliminar,0,0,0,2.08019232749939,2.08019232749939,0,3.7547767162323,0.035771869122982,3.93818187713623,4.62545442581177,5,5,0.789855062961578,0.967391312122345,1,1,29,1.02999997138977,0
05,2015-05-29,52050040,1,Definitivo,SANDONA [52050040],Pluviométrica,Convencional,Activa,Nariño,Sandoná,1.3223,-77.4792,20,9/15/1963,,Cudayari,Pacifico,Patía,Río Guáitara,2015,29,Andes,Definitivo,1,1,0,1.15775740146637,1.15775740146637,0,0.518312096595764,0.221330180764198,3.93818187713623,4.62545442581177,5,5,0.789855062961578,0.967391312122345,1,1,30,1.02999997138977,1.02999997138977
05,2020-05-26,52050040,,"",SANDONA [52050040],Pluviométrica,Convencional,Activa,Nariño,Sandoná,1.3223,-77.4792,20,9/15/1963,,Cudayari,Pacifico,Patía,Río Guáitara,2020,26,Andes,Preliminar,0,0,0,1.33567535877228,1.33567535877228,0,2.37151336669922,0.149539679288864,3.93818187713623,4.62545442581177,5,5,0.789855062961578,0.967391312122345,1,1,30,1.02999997138977,0
05,2020-05-27,52050040,,"",SANDONA [52050040],Pluviométrica,Convencional,Activa,Nariño,Sandoná,1.3223,-77.4792,20,9/15/1963,,Cudayari,Pacifico,Patía,Río Guáitara,2020,27,Andes,Preliminar,0,0,0,1.25392067432404,1.25392067432404,0,2.01244783401489,0.760160028934479,3.93818187713623,4.62545442581177,5,5,0.789855062961578,0.967391312122345,1,1,30,1.02999997138977,0
05,2022-05-28,52050040,,"",SANDONA [52050040],Pluviométrica,Convencional,Activa,Nariño,Sandoná,1.3223,-77.4792,20,9/15/1963,,Cudayari,Pacifico,Patía,Río Guáitara,2022,28,Andes,Preliminar,0,0,0,1.65872132778168,1.65872132778168,0,2.22915029525757,1.12719631195068,3.93818187713623,4.62545442581177,5,5,0.789855062961578,0.967391312122345,1,1,30,1.02999997138977,0
05,2022-05-26,52050040,,"",SANDONA [52050040],Pluviométrica,Convencional,Activa,Nariño,Sandoná,1.3223,-77.4792,20,9/15/1963,,Cudayari,Pacifico,Patía,Río Guáitara,2022,26,Andes,Preliminar,0,0,0,3.65604281425476,3.65604281425476,0,2.01620292663574,0.00555269187316299,3.93818187713623,4.62545442581177,5,5,0.789855062961578,0.967391312122345,1,1,30,1.02999997138977,0
05,2021-05-25,52050040,1,En revisión,SANDONA [52050040],Pluviométrica,Convencional,Activa,Nariño,Sandoná,1.3223,-77.4792,20,9/15/1963,,Cudayari,Pacifico,Patía,Río Guáitara,2021,25,Andes,En revisión,1,1,0,3.2457549571991,3.2457549571991,0,8.42753887176514,0.122225075960159,3.93818187713623,4.62545442581177,5,5,0.789855062961578,0.967391312122345,1,1,29,1.02999997138977,1.02999997138977
05,2021-05-22,52050040,6,En revisión,SANDONA [52050040],Pluviométrica,Convencional,Activa,Nariño,Sandoná,1.3223,-77.4792,20,9/15/1963,,Cudayari,Pacifico,Patía,Río Guáitara,2021,22,Andes,En revisión,6,6,0,5.68549537658691,5.68549537658691,23.6668319702148,5.8048677444458,40.9192123413086,3.93818187713623,4.62545442581177,5,5,0.789855062961578,0.967391312122345,1,1,29,1.02999997138977,6.17999982833862
05,2023-05-17,52050040,,"",SANDONA [52050040],Pluviométrica,Convencional,Activa,Nariño,Sandoná,1.3223,-77.4792,20,9/15/1963,,Cudayari,Pacifico,Patía,Río Guáitara,2023,17,Andes,Preliminar,0,0,0,4.31639242172241,4.31639242172241,0,0,0,3.93818187713623,4.62545442581177,5,5,0.789855062961578,0.967391312122345,1,1,28,1.02999997138977,0
05,2021-05-17,52050040,37,En revisión,SANDONA [52050040],Pluviométrica,Convencional,Activa,Nariño,Sandoná,1.3223,-77.4792,20,9/15/1963,,Cudayari,Pacifico,Patía,Río Guáitara,2021,17,Andes,En revisión,37,37,0,4.2988748550415,4.2988748550415,20.6052589416504,4.85011196136475,13.8955755233765,3.93818187713623,4.62545442581177,5,5,0.789855062961578,0.967391312122345,1,1,28,1.02999997138977,38.1099989414215
05,2023-05-14,52050040,,"",SANDONA [52050040],Pluviométrica,Convencional,Activa,Nariño,Sandoná,1.3223,-77.4792,20,9/15/1963,,Cudayari,Pacifico,Patía,Río Guáitara,2023,14,Andes,Preliminar,0,0,0,25.4674587249756,25.4674587249756,13.0282516479492,25.4996967315674,2.28912901878357,3.93818187713623,4.62545442581177,5,5,0.789855062961578,0.967391312122345,1,1,27,1.02999997138977,0
05,2023-05-11,52050040,2,En revisión,SANDONA [52050040],Pluviométrica,Convencional,Activa,Nariño,Sandoná,1.3223,-77.4792,20,9/15/1963,,Cudayari,Pacifico,Patía,Río Guáitara,2023,11,Andes,En revisión,2,2,0,15.1450757980347,15.1450757980347,8.68550109863281,0,23.7392749786377,3.93818187713623,4.62545442581177,5,5,0.789855062961578,0.967391312122345,1,1,27,1.02999997138977,2.05999994277954
05,2022-05-12,52050040,3,En revisión,SANDONA [52050040],Pluviométrica,Convencional,Activa,Nariño,Sandoná,1.3223,-77.4792,20,9/15/1963,,Cudayari,Pacifico,Patía,Río Guáitara,2022,12,Andes,En revisión,3,3,0,6.39782476425171,6.39782476425171,9.52973365783691,10.7070121765137,14.9208688735962,3.93818187713623,4.62545442581177,5,5,0.789855062961578,0.967391312122345,1,1,27,1.02999997138977,3.08999991416931
05,2023-05-10,52050040,1,En revisión,SANDONA [52050040],Pluviométrica,Convencional,Activa,Nariño,Sandoná,1.3223,-77.4792,20,9/15/1963,,Cudayari,Pacifico,Patía,Río Guáitara,2023,10,Andes,En revisión,1,1,0,18.9175815582275,18.9175815582275,8.80790328979492,13.3006658554077,5.78274822235107,3.93818187713623,4.62545442581177,5,5,0.789855062961578,0.967391312122345,1,1,26,1.02999997138977,1.02999997138977
05,2001-05-26,52050040,7,Definitivo,SANDONA [52050040],Pluviométrica,Convencional,Activa,Nariño,Sandoná,1.3223,-77.4792,20,9/15/1963,,Cudayari,Pacifico,Patía,Río Guáitara,2001,26,Andes,Definitivo,7,7,0,12.3538303375244,12.3538303375244,7.56369590759277,13.8804559707642,5.29763269424439,3.93818187713623,4.62545442581177,5,5,0.789855062961578,0.967391312122345,1,1,30,1.02999997138977,7.20999979972839
05,2001-05-25,52050040,10,Definitivo,SANDONA [52050040],Pluviométrica,Convencional,Activa,Nariño,Sandoná,1.3223,-77.4792,20,9/15/1963,,Cudayari,Pacifico,Patía,Río Guáitara,2001,25,Andes,Definitivo,10,10,0,1.40384328365326,1.40384328365326,0,2.35384202003479,0.381646603345871,3.93818187713623,4.62545442581177,5,5,0.789855062961578,0.967391312122345,1,1,29,1.02999997138977,10.2999997138977
05,2001-05-24,52050040,,"",SANDONA [52050040],Pluviométrica,Convencional,Activa,Nariño,Sandoná,1.3223,-77.4792,20,9/15/1963,,Cudayari,Pacifico,Patía,Río Guáitara,2001,24,Andes,Preliminar,0,0,0,9.18564128875732,9.18564128875732,0,7.50231313705444,0.010601295158267,3.93818187713623,4.62545442581177,5,5,0.789855062961578,0.967391312122345,1,1,29,1.02999997138977,0
05,2001-05-23,52050040,,"",SANDONA [52050040],Pluviométrica,Convencional,Activa,Nariño,Sandoná,1.3223,-77.4792,20,9/15/1963,,Cudayari,Pacifico,Patía,Río Guáitara,2001,23,Andes,Preliminar,0,0,0,2.94633769989014,2.94633769989014,0,4.68708896636963,2.68742847442627,3.93818187713623,4.62545442581177,5,5,0.789855062961578,0.967391312122345,1,1,29,1.02999997138977,0
05,2001-05-22,52050040,,"",SANDONA [52050040],Pluviométrica,Convencional,Activa,Nariño,Sandoná,1.3223,-77.4792,20,9/15/1963,,Cudayari,Pacifico,Patía,Río Guáitara,2001,22,Andes,Preliminar,0,0,0,8.180419921875,8.180419921875,20.0632057189941,8.36034488677979,8.81497573852539,3.93818187713623,4.62545442581177,5,5,0.789855062961578,0.967391312122345,1,1,29,1.02999997138977,0
05,2002-05-20,52050040,40,Definitivo,SANDONA [52050040],Pluviométrica,Convencional,Activa,Nariño,Sandoná,1.3223,-77.4792,20,9/15/1963,,Cudayari,Pacifico,Patía,Río Guáitara,2002,20,Andes,Definitivo,40,40,0,8.96876907348633,8.96876907348633,10.3801422119141,10.0375299453735,5.56867790222168,3.93818187713623,4.62545442581177,5,5,0.789855062961578,0.967391312122345,1,1,28,1.02999997138977,41.1999988555908
05,2001-05-19,52050040,,"",SANDONA [52050040],Pluviométrica,Convencional,Activa,Nariño,Sandoná,1.3223,-77.4792,20,9/15/1963,,Cudayari,Pacifico,Patía,Río Guáitara,2001,19,Andes,Preliminar,0,0,0,10.9523553848267,10.9523553848267,0,1.11352133750916,1.77008616924286,3.93818187713623,4.62545442581177,5,5,0.789855062961578,0.967391312122345,1,1,28,1.02999997138977,0
05,2003-05-16,52050040,,"",SANDONA [52050040],Pluviométrica,Convencional,Activa,Nariño,Sandoná,1.3223,-77.4792,20,9/15/1963,,Cudayari,Pacifico,Patía,Río Guáitara,2003,16,Andes,Preliminar,0,0,0,0.36710923910141,0.36710923910141,0,0.737800538539887,0.193729385733604,3.93818187713623,4.62545442581177,5,5,0.789855062961578,0.967391312122345,1,1,28,1.02999997138977,0
05,2002-05-15,52050040,,"",SANDONA [52050040],Pluviométrica,Convencional,Activa,Nariño,Sandoná,1.3223,-77.4792,20,9/15/1963,,Cudayari,Pacifico,Patía,Río Guáitara,2002,15,Andes,Preliminar,0,0,0,1.7815009355545,1.7815009355545,0,1.7823212146759,3.62353777885437,3.93818187713623,4.62545442581177,5,5,0.789855062961578,0.967391312122345,1,1,27,1.02999997138977,0
05,2001-05-14,52050040,,"",SANDONA [52050040],Pluviométrica,Convencional,Activa,Nariño,Sandoná,1.3223,-77.4792,20,9/15/1963,,Cudayari,Pacifico,Patía,Río Guáitara,2001,14,Andes,Preliminar,0,0,0,1.78753519058228,1.78753519058228,0,0.256772637367249,0.364420294761658,3.93818187713623,4.62545442581177,5,5,0.789855062961578,0.967391312122345,1,1,27,1.02999997138977,0
05,2003-05-11,52050040,0,Definitivo,SANDONA [52050040],Pluviométrica,Convencional,Activa,Nariño,Sandoná,1.3223,-77.4792,20,9/15/1963,,Cudayari,Pacifico,Patía,Río Guáitara,2003,11,Andes,Definitivo,0,0,0,2.17019963264465,2.17019963264465,0,3.02532958984375,2.63153123855591,3.93818187713623,4.62545442581177,5,5,0.789855062961578,0.967391312122345,1,1,27,1.02999997138977,0
05,2002-05-10,52050040,,"",SANDONA [52050040],Pluviométrica,Convencional,Activa,Nariño,Sandoná,1.3223,-77.4792,20,9/15/1963,,Cudayari,Pacifico,Patía,Río Guáitara,2002,10,Andes,Preliminar,0,0,0,0.233821123838425,0.233821123838425,0,0.524708688259125,0.115156456828117,3.93818187713623,4.62545442581177,5,5,0.789855062961578,0.967391312122345,1,1,26,1.02999997138977,0
05,2004-05-06,52050040,,"",SANDONA [52050040],Pluviométrica,Convencional,Activa,Nariño,Sandoná,1.3223,-77.4792,20,9/15/1963,,Cudayari,Pacifico,Patía,Río Guáitara,2004,06,Andes,Preliminar,0,0,0,3.34022617340088,3.34022617340088,0,0.752134501934052,0.754523038864136,3.93818187713623,4.62545442581177,5,5,0.789855062961578,0.967391312122345,1,1,26,1.02999997138977,0
05,2003-05-06,52050040,,"",SANDONA [52050040],Pluviométrica,Convencional,Activa,Nariño,Sandoná,1.3223,-77.4792,20,9/15/1963,,Cudayari,Pacifico,Patía,Río Guáitara,2003,06,Andes,Preliminar,0,0,0,8.66668128967285,8.66668128967285,12.8410129547119,6.78319549560547,15.6285066604614,3.93818187713623,4.62545442581177,5,5,0.789855062961578,0.967391312122345,1,1,26,1.02999997138977,0
05,2005-05-06,52050040,8,Definitivo,SANDONA [52050040],Pluviométrica,Convencional,Activa,Nariño,Sandoná,1.3223,-77.4792,20,9/15/1963,,Cudayari,Pacifico,Patía,Río Guáitara,2005,06,Andes,Definitivo,8,8,0,4.86418342590332,4.86418342590332,5.05488300323486,1.16967046260834,2.28172588348389,3.93818187713623,4.62545442581177,5,5,0.789855062961578,0.967391312122345,1,1,26,1.02999997138977,8.23999977111816
05,2005-05-07,52050040,11,Definitivo,SANDONA [52050040],Pluviométrica,Convencional,Activa,Nariño,Sandoná,1.3223,-77.4792,20,9/15/1963,,Cudayari,Pacifico,Patía,Río Guáitara,2005,07,Andes,Definitivo,11,11,0,5.46984100341797,5.46984100341797,0,2.17068409919739,2.28172588348389,3.93818187713623,4.62545442581177,5,5,0.789855062961578,0.967391312122345,1,1,26,1.02999997138977,11.3299996852875
05,2007-05-08,52050040,23,Definitivo,SANDONA [52050040],Pluviométrica,Convencional,Activa,Nariño,Sandoná,1.3223,-77.4792,20,9/15/1963,,Cudayari,Pacifico,Patía,Río Guáitara,2007,08,Andes,Definitivo,23,23,0,6.95747518539429,6.95747518539429,0,5.4173731803894,17.3725128173828,3.93818187713623,4.62545442581177,5,5,0.789855062961578,0.967391312122345,1,1,26,1.02999997138977,23.6899993419647
05,2007-05-09,52050040,1,Definitivo,SANDONA [52050040],Pluviométrica,Convencional,Activa,Nariño,Sandoná,1.3223,-77.4792,20,9/15/1963,,Cudayari,Pacifico,Patía,Río Guáitara,2007,09,Andes,Definitivo,1,1,0,2.94028973579407,2.94028973579407,8.37838745117188,2.52243971824646,2.36991572380066,3.93818187713623,4.62545442581177,5,5,0.789855062961578,0.967391312122345,1,1,26,1.02999997138977,1.02999997138977
05,2012-05-06,52050040,10,Definitivo,SANDONA [52050040],Pluviométrica,Convencional,Activa,Nariño,Sandoná,1.3223,-77.4792,20,9/15/1963,,Cudayari,Pacifico,Patía,Río Guáitara,2012,06,Andes,Definitivo,10,10,0,7.03287839889526,7.03287839889526,0,0.965616226196289,1.59789371490479,3.93818187713623,4.62545442581177,5,5,0.789855062961578,0.967391312122345,1,1,26,1.02999997138977,10.2999997138977
05,2012-05-07,52050040,,"",SANDONA [52050040],Pluviométrica,Convencional,Activa,Nariño,Sandoná,1.3223,-77.4792,20,9/15/1963,,Cudayari,Pacifico,Patía,Río Guáitara,2012,07,Andes,Preliminar,0,0,0,2.2680835723877,2.2680835723877,0,0.778722226619721,0,3.93818187713623,4.62545442581177,5,5,0.789855062961578,0.967391312122345,1,1,26,1.02999997138977,0
05,2012-05-08,52050040,,"",SANDONA [52050040],Pluviométrica,Convencional,Activa,Nariño,Sandoná,1.3223,-77.4792,20,9/15/1963,,Cudayari,Pacifico,Patía,Río Guáitara,2012,08,Andes,Preliminar,0,0,0,1.89257097244263,1.89257097244263,0,0.123347043991089,0.704953074455261,3.93818187713623,4.62545442581177,5,5,0.789855062961578,0.967391312122345,1,1,26,1.02999997138977,0
05,2013-05-12,52050040,,"",SANDONA [52050040],Pluviométrica,Convencional,Activa,Nariño,Sandoná,1.3223,-77.4792,20,9/15/1963,,Cudayari,Pacifico,Patía,Río Guáitara,2013,12,Andes,Preliminar,0,0,0,1.32489931583405,1.32489931583405,0,4.87732219696045,0.422046363353729,3.93818187713623,4.62545442581177,5,5,0.789855062961578,0.967391312122345,1,1,27,1.02999997138977,0
05,2012-05-15,52050040,,"",SANDONA [52050040],Pluviométrica,Convencional,Activa,Nariño,Sandoná,1.3223,-77.4792,20,9/15/1963,,Cudayari,Pacifico,Patía,Río Guáitara,2012,15,Andes,Preliminar,0,0,0,2.46040058135986,2.46040058135986,0,0.993968427181244,6.99614667892456,3.93818187713623,4.62545442581177,5,5,0.789855062961578,0.967391312122345,1,1,27,1.02999997138977,0
05,2012-05-16,52050040,0,Definitivo,SANDONA [52050040],Pluviométrica,Convencional,Activa,Nariño,Sandoná,1.3223,-77.4792,20,9/15/1963,,Cudayari,Pacifico,Patía,Río Guáitara,2012,16,Andes,Definitivo,0,0,0,5.98803853988648,5.98803853988648,0,0.869359791278839,0.486075401306152,3.93818187713623,4.62545442581177,5,5,0.789855062961578,0.967391312122345,1,1,28,1.02999997138977,0
05,2010-05-23,52050040,0,Definitivo,SANDONA [52050040],Pluviométrica,Convencional,Activa,Nariño,Sandoná,1.3223,-77.4792,20,9/15/1963,,Cudayari,Pacifico,Patía,Río Guáitara,2010,23,Andes,Definitivo,0,0,0,14.6139478683472,14.6139478683472,0,14.3971433639526,2.96749567985535,3.93818187713623,4.62545442581177,5,5,0.789855062961578,0.967391312122345,1,1,29,1.02999997138977,0
05,2012-05-23,52050040,,"",SANDONA [52050040],Pluviométrica,Convencional,Activa,Nariño,Sandoná,1.3223,-77.4792,20,9/15/1963,,Cudayari,Pacifico,Patía,Río Guáitara,2012,23,Andes,Preliminar,0,0,0,1.56637501716614,1.56637501716614,0,0.220588549971581,1.57885599136353,3.93818187713623,4.62545442581177,5,5,0.789855062961578,0.967391312122345,1,1,29,1.02999997138977,0
05,2012-05-24,52050040,,"",SANDONA [52050040],Pluviométrica,Convencional,Activa,Nariño,Sandoná,1.3223,-77.4792,20,9/15/1963,,Cudayari,Pacifico,Patía,Río Guáitara,2012,24,Andes,Preliminar,0,0,0,3.06075572967529,3.06075572967529,15.7725200653076,1.17455077171326,2.70028567314148,3.93818187713623,4.62545442581177,5,5,0.789855062961578,0.967391312122345,1,1,29,1.02999997138977,0
05,2016-05-25,52050040,1,Definitivo,SANDONA [52050040],Pluviométrica,Convencional,Activa,Nariño,Sandoná,1.3223,-77.4792,20,9/15/1963,,Cudayari,Pacifico,Patía,Río Guáitara,2016,25,Andes,Definitivo,1,1,0,2.06512212753296,2.06512212753296,0,2.76510572433472,5.25342035293579,3.93818187713623,4.62545442581177,5,5,0.789855062961578,0.967391312122345,1,1,29,1.02999997138977,1.02999997138977
05,2019-05-24,52050040,3,Definitivo,SANDONA [52050040],Pluviométrica,Convencional,Activa,Nariño,Sandoná,1.3223,-77.4792,20,9/15/1963,,Cudayari,Pacifico,Patía,Río Guáitara,2019,24,Andes,Definitivo,3,3,0,4.90035057067871,4.90035057067871,0,1.14597260951996,1.93879413604736,3.93818187713623,4.62545442581177,5,5,0.789855062961578,0.967391312122345,1,1,29,1.02999997138977,3.08999991416931
05,2018-05-27,52050040,4,Definitivo,SANDONA [52050040],Pluviométrica,Convencional,Activa,Nariño,Sandoná,1.3223,-77.4792,20,9/15/1963,,Cudayari,Pacifico,Patía,Río Guáitara,2018,27,Andes,Definitivo,4,4,0,5.48227500915527,5.48227500915527,0,3.99780631065369,8.01920318603516,3.93818187713623,4.62545442581177,5,5,0.789855062961578,0.967391312122345,1,1,30,1.02999997138977,4.11999988555908
05,2018-05-28,52050040,2,Definitivo,SANDONA [52050040],Pluviométrica,Convencional,Activa,Nariño,Sandoná,1.3223,-77.4792,20,9/15/1963,,Cudayari,Pacifico,Patía,Río Guáitara,2018,28,Andes,Definitivo,2,2,0,2.66467714309692,2.66467714309692,11.1573553085327,4.76566505432129,9.20865535736084,3.93818187713623,4.62545442581177,5,5,0.789855062961578,0.967391312122345,1,1,30,1.02999997138977,2.05999994277954
05,2021-05-27,52050040,6,En revisión,SANDONA [52050040],Pluviométrica,Convencional,Activa,Nariño,Sandoná,1.3223,-77.4792,20,9/15/1963,,Cudayari,Pacifico,Patía,Río Guáitara,2021,27,Andes,En revisión,6,6,0,5.21500253677368,5.21500253677368,0,5.78378295898438,0,3.93818187713623,4.62545442581177,5,5,0.789855062961578,0.967391312122345,1,1,30,1.02999997138977,6.17999982833862
05,2023-05-24,52050040,30,En revisión,SANDONA [52050040],Pluviométrica,Convencional,Activa,Nariño,Sandoná,1.3223,-77.4792,20,9/15/1963,,Cudayari,Pacifico,Patía,Río Guáitara,2023,24,Andes,En revisión,30,30,0,10.7183504104614,10.7183504104614,14.1122646331787,7.71424150466919,19.4203910827637,3.93818187713623,4.62545442581177,5,5,0.789855062961578,0.967391312122345,1,1,29,1.02999997138977,30.8999991416931
05,2022-05-23,52050040,4,En revisión,SANDONA [52050040],Pluviométrica,Convencional,Activa,Nariño,Sandoná,1.3223,-77.4792,20,9/15/1963,,Cudayari,Pacifico,Patía,Río Guáitara,2022,23,Andes,En revisión,4,4,0,11.6635055541992,11.6635055541992,10.6248388290405,7.11605644226074,12.0945625305176,3.93818187713623,4.62545442581177,5,5,0.789855062961578,0.967391312122345,1,1,29,1.02999997138977,4.11999988555908
05,2023-05-19,52050040,,"",SANDONA [52050040],Pluviométrica,Convencional,Activa,Nariño,Sandoná,1.3223,-77.4792,20,9/15/1963,,Cudayari,Pacifico,Patía,Río Guáitara,2023,19,Andes,Preliminar,0,0,0,12.3063106536865,12.3063106536865,0,1.32512748241425,1.83546686172485,3.93818187713623,4.62545442581177,5,5,0.789855062961578,0.967391312122345,1,1,28,1.02999997138977,0
05,2023-05-16,52050040,,"",SANDONA [52050040],Pluviométrica,Convencional,Activa,Nariño,Sandoná,1.3223,-77.4792,20,9/15/1963,,Cudayari,Pacifico,Patía,Río Guáitara,2023,16,Andes,Preliminar,0,0,0,12.8072280883789,12.8072280883789,28.6213989257813,6.59866857528687,0.621235013008118,3.93818187713623,4.62545442581177,5,5,0.789855062961578,0.967391312122345,1,1,28,1.02999997138977,0
05,2022-05-15,52050040,5,En revisión,SANDONA [52050040],Pluviométrica,Convencional,Activa,Nariño,Sandoná,1.3223,-77.4792,20,9/15/1963,,Cudayari,Pacifico,Patía,Río Guáitara,2022,15,Andes,En revisión,5,5,0,8.8364782333374,8.8364782333374,0,7.97376441955566,5.07421875,3.93818187713623,4.62545442581177,5,5,0.789855062961578,0.967391312122345,1,1,27,1.02999997138977,5.14999985694885
05,2021-05-14,52050040,4,En revisión,SANDONA [52050040],Pluviométrica,Convencional,Activa,Nariño,Sandoná,1.3223,-77.4792,20,9/15/1963,,Cudayari,Pacifico,Patía,Río Guáitara,2021,14,Andes,En revisión,4,4,0,2.38726019859314,2.38726019859314,3.99863433837891,4.69273471832275,2.9807243347168,3.93818187713623,4.62545442581177,5,5,0.789855062961578,0.967391312122345,1,1,27,1.02999997138977,4.11999988555908
05,2021-05-13,52050040,,"",SANDONA [52050040],Pluviométrica,Convencional,Activa,Nariño,Sandoná,1.3223,-77.4792,20,9/15/1963,,Cudayari,Pacifico,Patía,Río Guáitara,2021,13,Andes,Preliminar,0,0,0,2.25405025482178,2.25405025482178,0,2.65385913848877,0,3.93818187713623,4.62545442581177,5,5,0.789855062961578,0.967391312122345,1,1,27,1.02999997138977,0
05,2022-05-11,52050040,18,En revisión,SANDONA [52050040],Pluviométrica,Convencional,Activa,Nariño,Sandoná,1.3223,-77.4792,20,9/15/1963,,Cudayari,Pacifico,Patía,Río Guáitara,2022,11,Andes,En revisión,18,18,0,7.90869331359863,7.90869331359863,9.52973365783691,7.20245218276978,9.73435688018799,3.93818187713623,4.62545442581177,5,5,0.789855062961578,0.967391312122345,1,1,27,1.02999997138977,18.5399994850159
05,2023-05-09,52050040,,"",SANDONA [52050040],Pluviométrica,Convencional,Activa,Nariño,Sandoná,1.3223,-77.4792,20,9/15/1963,,Cudayari,Pacifico,Patía,Río Guáitara,2023,09,Andes,Preliminar,0,0,0,6.68101978302002,6.68101978302002,8.80790328979492,0,3.92388534545898,3.93818187713623,4.62545442581177,5,5,0.789855062961578,0.967391312122345,1,1,26,1.02999997138977,0
05,2023-05-08,52050040,,"",SANDONA [52050040],Pluviométrica,Convencional,Activa,Nariño,Sandoná,1.3223,-77.4792,20,9/15/1963,,Cudayari,Pacifico,Patía,Río Guáitara,2023,08,Andes,Preliminar,0,0,0,4.37977600097656,4.37977600097656,8.80790328979492,0,0,3.93818187713623,4.62545442581177,5,5,0.789855062961578,0.967391312122345,1,1,26,1.02999997138977,0
05,2022-05-09,52050040,,"",SANDONA [52050040],Pluviométrica,Convencional,Activa,Nariño,Sandoná,1.3223,-77.4792,20,9/15/1963,,Cudayari,Pacifico,Patía,Río Guáitara,2022,09,Andes,Preliminar,0,0,0,3.04838371276855,3.04838371276855,0,2.68056988716126,0,3.93818187713623,4.62545442581177,5,5,0.789855062961578,0.967391312122345,1,1,26,1.02999997138977,0
05,2023-05-07,52050040,,"",SANDONA [52050040],Pluviométrica,Convencional,Activa,Nariño,Sandoná,1.3223,-77.4792,20,9/15/1963,,Cudayari,Pacifico,Patía,Río Guáitara,2023,07,Andes,Preliminar,0,0,0,6.08541870117188,6.08541870117188,0,0,0.103079296648502,3.93818187713623,4.62545442581177,5,5,0.789855062961578,0.967391312122345,1,1,26,1.02999997138977,0
05,2001-05-21,52050040,0,Definitivo,SANDONA [52050040],Pluviométrica,Convencional,Activa,Nariño,Sandoná,1.3223,-77.4792,20,9/15/1963,,Cudayari,Pacifico,Patía,Río Guáitara,2001,21,Andes,Definitivo,0,0,0,3.74358224868774,3.74358224868774,10.0316028594971,4.4742546081543,15.4831914901733,3.93818187713623,4.62545442581177,5,5,0.789855062961578,0.967391312122345,1,1,29,1.02999997138977,0
05,2001-05-20,52050040,,"",SANDONA [52050040],Pluviométrica,Convencional,Activa,Nariño,Sandoná,1.3223,-77.4792,20,9/15/1963,,Cudayari,Pacifico,Patía,Río Guáitara,2001,20,Andes,Preliminar,0,0,0,4.31126546859741,4.31126546859741,8.91598033905029,2.5792350769043,1.04824244976044,3.93818187713623,4.62545442581177,5,5,0.789855062961578,0.967391312122345,1,1,28,1.02999997138977,0
05,2003-05-18,52050040,11,Definitivo,SANDONA [52050040],Pluviométrica,Convencional,Activa,Nariño,Sandoná,1.3223,-77.4792,20,9/15/1963,,Cudayari,Pacifico,Patía,Río Guáitara,2003,18,Andes,Definitivo,11,11,0,3.16631722450256,3.16631722450256,0,3.52551794052124,7.79760646820068,3.93818187713623,4.62545442581177,5,5,0.789855062961578,0.967391312122345,1,1,28,1.02999997138977,11.3299996852875
05,2001-05-18,52050040,,"",SANDONA [52050040],Pluviométrica,Convencional,Activa,Nariño,Sandoná,1.3223,-77.4792,20,9/15/1963,,Cudayari,Pacifico,Patía,Río Guáitara,2001,18,Andes,Preliminar,0,0,0,2.04676246643066,2.04676246643066,0,0.695559978485107,5.18681287765503,3.93818187713623,4.62545442581177,5,5,0.789855062961578,0.967391312122345,1,1,28,1.02999997138977,0
05,2001-05-16,52050040,,"",SANDONA [52050040],Pluviométrica,Convencional,Activa,Nariño,Sandoná,1.3223,-77.4792,20,9/15/1963,,Cudayari,Pacifico,Patía,Río Guáitara,2001,16,Andes,Preliminar,0,0,0,1.52418482303619,1.52418482303619,0,3.49136972427368,0.112984217703342,3.93818187713623,4.62545442581177,5,5,0.789855062961578,0.967391312122345,1,1,28,1.02999997138977,0
05,2003-05-13,52050040,,"",SANDONA [52050040],Pluviométrica,Convencional,Activa,Nariño,Sandoná,1.3223,-77.4792,20,9/15/1963,,Cudayari,Pacifico,Patía,Río Guáitara,2003,13,Andes,Preliminar,0,0,0,0,0,0,1.9702684879303,3.29734015464783,3.93818187713623,4.62545442581177,5,5,0.789855062961578,0.967391312122345,1,1,27,1.02999997138977,0
05,2002-05-12,52050040,,"",SANDONA [52050040],Pluviométrica,Convencional,Activa,Nariño,Sandoná,1.3223,-77.4792,20,9/15/1963,,Cudayari,Pacifico,Patía,Río Guáitara,2002,12,Andes,Preliminar,0,0,0,0.890750467777252,0.890750467777252,0,1.59158515930176,0,3.93818187713623,4.62545442581177,5,5,0.789855062961578,0.967391312122345,1,1,27,1.02999997138977,0
05,2001-05-11,52050040,,"",SANDONA [52050040],Pluviométrica,Convencional,Activa,Nariño,Sandoná,1.3223,-77.4792,20,9/15/1963,,Cudayari,Pacifico,Patía,Río Guáitara,2001,11,Andes,Preliminar,0,0,0,0,0,0,0.289644330739975,0.121473431587219,3.93818187713623,4.62545442581177,5,5,0.789855062961578,0.967391312122345,1,1,27,1.02999997138977,0
05,2003-05-08,52050040,,"",SANDONA [52050040],Pluviométrica,Convencional,Activa,Nariño,Sandoná,1.3223,-77.4792,20,9/15/1963,,Cudayari,Pacifico,Patía,Río Guáitara,2003,08,Andes,Preliminar,0,0,0,2.88889336585999,2.88889336585999,0,8.23712921142578,2.32349705696106,3.93818187713623,4.62545442581177,5,5,0.789855062961578,0.967391312122345,1,1,26,1.02999997138977,0
05,2002-05-07,52050040,,"",SANDONA [52050040],Pluviométrica,Convencional,Activa,Nariño,Sandoná,1.3223,-77.4792,20,9/15/1963,,Cudayari,Pacifico,Patía,Río Guáitara,2002,07,Andes,Preliminar,0,0,0,0.54558253288269,0.54558253288269,0,0.696019053459168,2.92313170433044,3.93818187713623,4.62545442581177,5,5,0.789855062961578,0.967391312122345,1,1,26,1.02999997138977,0
05,2004-05-03,52050040,15,Definitivo,SANDONA [52050040],Pluviométrica,Convencional,Activa,Nariño,Sandoná,1.3223,-77.4792,20,9/15/1963,,Cudayari,Pacifico,Patía,Río Guáitara,2004,03,Andes,Definitivo,15,15,0,9.36978149414062,9.36978149414062,0,6.46380996704102,5.84258937835693,3.93818187713623,4.62545442581177,5,5,0.789855062961578,0.967391312122345,1,1,25,1.02999997138977,15.4499995708466
05,2006-05-04,52050040,20,Definitivo,SANDONA [52050040],Pluviométrica,Convencional,Activa,Nariño,Sandoná,1.3223,-77.4792,20,9/15/1963,,Cudayari,Pacifico,Patía,Río Guáitara,2006,04,Andes,Definitivo,20,20,0,2.45598673820496,2.45598673820496,0,2.984041929245,4.96454429626465,3.93818187713623,4.62545442581177,5,5,0.789855062961578,0.967391312122345,1,1,25,1.02999997138977,20.5999994277954
05,2006-05-05,52050040,2,Definitivo,SANDONA [52050040],Pluviométrica,Convencional,Activa,Nariño,Sandoná,1.3223,-77.4792,20,9/15/1963,,Cudayari,Pacifico,Patía,Río Guáitara,2006,05,Andes,Definitivo,2,2,0,7.16701507568359,7.16701507568359,0,5.220947265625,6.94678974151611,3.93818187713623,4.62545442581177,5,5,0.789855062961578,0.967391312122345,1,1,25,1.02999997138977,2.05999994277954
05,2005-05-08,52050040,,"",SANDONA [52050040],Pluviométrica,Convencional,Activa,Nariño,Sandoná,1.3223,-77.4792,20,9/15/1963,,Cudayari,Pacifico,Patía,Río Guáitara,2005,08,Andes,Preliminar,0,0,0,4.59920835494995,4.59920835494995,5.05488300323486,2.0236930847168,2.82275342941284,3.93818187713623,4.62545442581177,5,5,0.789855062961578,0.967391312122345,1,1,26,1.02999997138977,0
05,2008-05-06,52050040,1,Definitivo,SANDONA [52050040],Pluviométrica,Convencional,Activa,Nariño,Sandoná,1.3223,-77.4792,20,9/15/1963,,Cudayari,Pacifico,Patía,Río Guáitara,2008,06,Andes,Definitivo,1,1,0,0.670421421527863,0.670421421527863,3.88641357421875,1.76647090911865,0.783561527729034,3.93818187713623,4.62545442581177,5,5,0.789855062961578,0.967391312122345,1,1,26,1.02999997138977,1.02999997138977
05,2010-05-07,52050040,,"",SANDONA [52050040],Pluviométrica,Convencional,Activa,Nariño,Sandoná,1.3223,-77.4792,20,9/15/1963,,Cudayari,Pacifico,Patía,Río Guáitara,2010,07,Andes,Preliminar,0,0,0,3.71120023727417,3.71120023727417,5.54537153244019,0.585214853286743,0.109056979417801,3.93818187713623,4.62545442581177,5,5,0.789855062961578,0.967391312122345,1,1,26,1.02999997138977,0
05,2010-05-08,52050040,,"",SANDONA [52050040],Pluviométrica,Convencional,Activa,Nariño,Sandoná,1.3223,-77.4792,20,9/15/1963,,Cudayari,Pacifico,Patía,Río Guáitara,2010,08,Andes,Preliminar,0,0,0,3.71120023727417,3.71120023727417,0,2.02627730369568,1.725945353508,3.93818187713623,4.62545442581177,5,5,0.789855062961578,0.967391312122345,1,1,26,1.02999997138977,0
05,2014-05-09,52050040,15,Definitivo,SANDONA [52050040],Pluviométrica,Convencional,Activa,Nariño,Sandoná,1.3223,-77.4792,20,9/15/1963,,Cudayari,Pacifico,Patía,Río Guáitara,2014,09,Andes,Definitivo,15,15,0,15.2716569900513,15.2716569900513,18.4694957733154,19.5712985992432,36.4901542663574,3.93818187713623,4.62545442581177,5,5,0.789855062961578,0.967391312122345,1,1,26,1.02999997138977,15.4499995708466
05,2014-05-10,52050040,29,Definitivo,SANDONA [52050040],Pluviométrica,Convencional,Activa,Nariño,Sandoná,1.3223,-77.4792,20,9/15/1963,,Cudayari,Pacifico,Patía,Río Guáitara,2014,10,Andes,Definitivo,29,29,0,18.5068664550781,18.5068664550781,18.4694957733154,25.7541885375977,7.76194953918457,3.93818187713623,4.62545442581177,5,5,0.789855062961578,0.967391312122345,1,1,26,1.02999997138977,29.8699991703033
05,2013-05-13,52050040,,"",SANDONA [52050040],Pluviométrica,Convencional,Activa,Nariño,Sandoná,1.3223,-77.4792,20,9/15/1963,,Cudayari,Pacifico,Patía,Río Guáitara,2013,13,Andes,Preliminar,0,0,0,1.12617719173431,1.12617719173431,0,1.94087171554565,0,3.93818187713623,4.62545442581177,5,5,0.789855062961578,0.967391312122345,1,1,27,1.02999997138977,0
05,2011-05-20,52050040,,"",SANDONA [52050040],Pluviométrica,Convencional,Activa,Nariño,Sandoná,1.3223,-77.4792,20,9/15/1963,,Cudayari,Pacifico,Patía,Río Guáitara,2011,20,Andes,Preliminar,0,0,0,2.39679718017578,2.39679718017578,5.6588397026062,0.380313783884048,5.75745344161987,3.93818187713623,4.62545442581177,5,5,0.789855062961578,0.967391312122345,1,1,28,1.02999997138977,0
05,2011-05-21,52050040,1,Definitivo,SANDONA [52050040],Pluviométrica,Convencional,Activa,Nariño,Sandoná,1.3223,-77.4792,20,9/15/1963,,Cudayari,Pacifico,Patía,Río Guáitara,2011,21,Andes,Definitivo,1,1,0,10.9633836746216,10.9633836746216,24.2227306365967,4.38840007781982,4.15636205673218,3.93818187713623,4.62545442581177,5,5,0.789855062961578,0.967391312122345,1,1,29,1.02999997138977,1.02999997138977
05,2013-05-21,52050040,6,Definitivo,SANDONA [52050040],Pluviométrica,Convencional,Activa,Nariño,Sandoná,1.3223,-77.4792,20,9/15/1963,,Cudayari,Pacifico,Patía,Río Guáitara,2013,21,Andes,Definitivo,6,6,0,2.66614532470703,2.66614532470703,0,5.96952199935913,13.6629495620728,3.93818187713623,4.62545442581177,5,5,0.789855062961578,0.967391312122345,1,1,29,1.02999997138977,6.17999982833862
05,2012-05-25,52050040,,"",SANDONA [52050040],Pluviométrica,Convencional,Activa,Nariño,Sandoná,1.3223,-77.4792,20,9/15/1963,,Cudayari,Pacifico,Patía,Río Guáitara,2012,25,Andes,Preliminar,0,0,0,1.97523164749146,1.97523164749146,0,0.531265199184418,0.140178814530373,3.93818187713623,4.62545442581177,5,5,0.789855062961578,0.967391312122345,1,1,29,1.02999997138977,0
05,2014-05-26,52050040,,"",SANDONA [52050040],Pluviométrica,Convencional,Activa,Nariño,Sandoná,1.3223,-77.4792,20,9/15/1963,,Cudayari,Pacifico,Patía,Río Guáitara,2014,26,Andes,Preliminar,0,0,0,2.63202977180481,2.63202977180481,0,1.91761064529419,0.612418353557587,3.93818187713623,4.62545442581177,5,5,0.789855062961578,0.967391312122345,1,1,30,1.02999997138977,0
05,2017-05-24,52050040,,"",SANDONA [52050040],Pluviométrica,Convencional,Activa,Nariño,Sandoná,1.3223,-77.4792,20,9/15/1963,,Cudayari,Pacifico,Patía,Río Guáitara,2017,24,Andes,Preliminar,0,0,0,4.81024026870728,4.81024026870728,0,0.221969366073608,0.114749491214752,3.93818187713623,4.62545442581177,5,5,0.789855062961578,0.967391312122345,1,1,29,1.02999997138977,0
05,2019-05-25,52050040,,"",SANDONA [52050040],Pluviométrica,Convencional,Activa,Nariño,Sandoná,1.3223,-77.4792,20,9/15/1963,,Cudayari,Pacifico,Patía,Río Guáitara,2019,25,Andes,Preliminar,0,0,0,4.32336330413818,4.32336330413818,0,2.87518811225891,9.6939697265625,3.93818187713623,4.62545442581177,5,5,0.789855062961578,0.967391312122345,1,1,29,1.02999997138977,0
05,2020-05-28,52050040,47,En revisión,SANDONA [52050040],Pluviométrica,Convencional,Activa,Nariño,Sandoná,1.3223,-77.4792,20,9/15/1963,,Cudayari,Pacifico,Patía,Río Guáitara,2020,28,Andes,En revisión,47,47,0,1.22261202335358,1.22261202335358,0,9.39607906341553,0.548312187194824,3.93818187713623,4.62545442581177,5,5,0.789855062961578,0.967391312122345,1,1,30,1.02999997138977,48.4099986553192
05,2022-05-25,52050040,0,En revisión,SANDONA [52050040],Pluviométrica,Convencional,Activa,Nariño,Sandoná,1.3223,-77.4792,20,9/15/1963,,Cudayari,Pacifico,Patía,Río Guáitara,2022,25,Andes,En revisión,0,0,0,9.52074813842773,9.52074813842773,21.2496776580811,6.82132482528687,2.11807131767273,3.93818187713623,4.62545442581177,5,5,0.789855062961578,0.967391312122345,1,1,29,1.02999997138977,0
05,2021-05-24,52050040,0,En revisión,SANDONA [52050040],Pluviométrica,Convencional,Activa,Nariño,Sandoná,1.3223,-77.4792,20,9/15/1963,,Cudayari,Pacifico,Patía,Río Guáitara,2021,24,Andes,En revisión,0,0,0,4.26011896133423,4.26011896133423,0,12.920431137085,0.296832323074341,3.93818187713623,4.62545442581177,5,5,0.789855062961578,0.967391312122345,1,1,29,1.02999997138977,0
05,2022-05-20,52050040,6,En revisión,SANDONA [52050040],Pluviométrica,Convencional,Activa,Nariño,Sandoná,1.3223,-77.4792,20,9/15/1963,,Cudayari,Pacifico,Patía,Río Guáitara,2022,20,Andes,En revisión,6,6,0,2.98800873756409,2.98800873756409,18.7996730804443,8.43766689300537,0.29701828956604,3.93818187713623,4.62545442581177,5,5,0.789855062961578,0.967391312122345,1,1,28,1.02999997138977,6.17999982833862
05,2021-05-19,52050040,,"",SANDONA [52050040],Pluviométrica,Convencional,Activa,Nariño,Sandoná,1.3223,-77.4792,20,9/15/1963,,Cudayari,Pacifico,Patía,Río Guáitara,2021,19,Andes,Preliminar,0,0,0,1.51305091381073,1.51305091381073,0,2.01840686798096,0,3.93818187713623,4.62545442581177,5,5,0.789855062961578,0.967391312122345,1,1,28,1.02999997138977,0
05,2021-05-16,52050040,7,En revisión,SANDONA [52050040],Pluviométrica,Convencional,Activa,Nariño,Sandoná,1.3223,-77.4792,20,9/15/1963,,Cudayari,Pacifico,Patía,Río Guáitara,2021,16,Andes,En revisión,7,7,0,2.22671008110046,2.22671008110046,0,7.29224300384522,6.79574871063232,3.93818187713623,4.62545442581177,5,5,0.789855062961578,0.967391312122345,1,1,28,1.02999997138977,7.20999979972839
05,2023-05-13,52050040,,"",SANDONA [52050040],Pluviométrica,Convencional,Activa,Nariño,Sandoná,1.3223,-77.4792,20,9/15/1963,,Cudayari,Pacifico,Patía,Río Guáitara,2023,13,Andes,Preliminar,0,0,0,21.4257717132568,21.4257717132568,8.68550109863281,1.60011339187622,0.728067219257355,3.93818187713623,4.62545442581177,5,5,0.789855062961578,0.967391312122345,1,1,27,1.02999997138977,0
05,2020-05-14,52050040,,"",SANDONA [52050040],Pluviométrica,Convencional,Activa,Nariño,Sandoná,1.3223,-77.4792,20,9/15/1963,,Cudayari,Pacifico,Patía,Río Guáitara,2020,14,Andes,Preliminar,0,0,0,8.80704498291016,8.80704498291016,0,3.57497835159302,1.79026329517365,3.93818187713623,4.62545442581177,5,5,0.789855062961578,0.967391312122345,1,1,27,1.02999997138977,0
05,2021-05-12,52050040,,"",SANDONA [52050040],Pluviométrica,Convencional,Activa,Nariño,Sandoná,1.3223,-77.4792,20,9/15/1963,,Cudayari,Pacifico,Patía,Río Guáitara,2021,12,Andes,Preliminar,0,0,0,2.77428722381592,2.77428722381592,0,2.79180502891541,1.10683214664459,3.93818187713623,4.62545442581177,5,5,0.789855062961578,0.967391312122345,1,1,27,1.02999997138977,0
05,2022-05-10,52050040,8,En revisión,SANDONA [52050040],Pluviométrica,Convencional,Activa,Nariño,Sandoná,1.3223,-77.4792,20,9/15/1963,,Cudayari,Pacifico,Patía,Río Guáitara,2022,10,Andes,En revisión,8,8,0,3.55999135971069,3.55999135971069,0,10.3867607116699,2.12083172798157,3.93818187713623,4.62545442581177,5,5,0.789855062961578,0.967391312122345,1,1,26,1.02999997138977,8.23999977111816
05,2021-05-11,52050040,,"",SANDONA [52050040],Pluviométrica,Convencional,Activa,Nariño,Sandoná,1.3223,-77.4792,20,9/15/1963,,Cudayari,Pacifico,Patía,Río Guáitara,2021,11,Andes,Preliminar,0,0,0,3.39746499061584,3.39746499061584,0,1.16113877296448,0.252254784107208,3.93818187713623,4.62545442581177,5,5,0.789855062961578,0.967391312122345,1,1,27,1.02999997138977,0
05,2021-05-10,52050040,,"",SANDONA [52050040],Pluviométrica,Convencional,Activa,Nariño,Sandoná,1.3223,-77.4792,20,9/15/1963,,Cudayari,Pacifico,Patía,Río Guáitara,2021,10,Andes,Preliminar,0,0,0,4.14601802825928,4.14601802825928,0,1.4323433637619,0.124716900289059,3.93818187713623,4.62545442581177,5,5,0.789855062961578,0.967391312122345,1,1,26,1.02999997138977,0
05,2022-05-08,52050040,20,En revisión,SANDONA [52050040],Pluviométrica,Convencional,Activa,Nariño,Sandoná,1.3223,-77.4792,20,9/15/1963,,Cudayari,Pacifico,Patía,Río Guáitara,2022,08,Andes,En revisión,20,20,0,3.2489173412323,3.2489173412323,0,3.32598519325256,15.6282644271851,3.93818187713623,4.62545442581177,5,5,0.789855062961578,0.967391312122345,1,1,26,1.02999997138977,20.5999994277954
05,2023-05-06,52050040,,"",SANDONA [52050040],Pluviométrica,Convencional,Activa,Nariño,Sandoná,1.3223,-77.4792,20,9/15/1963,,Cudayari,Pacifico,Patía,Río Guáitara,2023,06,Andes,Preliminar,0,0,0,8.75283718109131,8.75283718109131,0,0,3.49095225334168,3.93818187713623,4.62545442581177,5,5,0.789855062961578,0.967391312122345,1,1,26,1.02999997138977,0
05,2022-05-07,52050040,5,En revisión,SANDONA [52050040],Pluviométrica,Convencional,Activa,Nariño,Sandoná,1.3223,-77.4792,20,9/15/1963,,Cudayari,Pacifico,Patía,Río Guáitara,2022,07,Andes,En revisión,5,5,0,1.89334321022034,1.89334321022034,0,7.71116638183594,5.66927909851074,3.93818187713623,4.62545442581177,5,5,0.789855062961578,0.967391312122345,1,1,26,1.02999997138977,5.14999985694885
05,2023-05-05,52050040,,"",SANDONA [52050040],Pluviométrica,Convencional,Activa,Nariño,Sandoná,1.3223,-77.4792,20,9/15/1963,,Cudayari,Pacifico,Patía,Río Guáitara,2023,05,Andes,Preliminar,0,0,0,7.62759256362915,7.62759256362915,0,1.20813500881195,0.0709623992443085,3.93818187713623,4.62545442581177,5,5,0.789855062961578,0.967391312122345,1,1,25,1.02999997138977,0
05,2001-05-17,52050040,,"",SANDONA [52050040],Pluviométrica,Convencional,Activa,Nariño,Sandoná,1.3223,-77.4792,20,9/15/1963,,Cudayari,Pacifico,Patía,Río Guáitara,2001,17,Andes,Preliminar,0,0,0,2.00321435928345,2.00321435928345,0,0.552284955978394,0.313845068216324,3.93818187713623,4.62545442581177,5,5,0.789855062961578,0.967391312122345,1,1,28,1.02999997138977,0
05,2003-05-15,52050040,,"",SANDONA [52050040],Pluviométrica,Convencional,Activa,Nariño,Sandoná,1.3223,-77.4792,20,9/15/1963,,Cudayari,Pacifico,Patía,Río Guáitara,2003,15,Andes,Preliminar,0,0,0,0.281322181224823,0.281322181224823,0,2.01841163635254,6.56297492980957,3.93818187713623,4.62545442581177,5,5,0.789855062961578,0.967391312122345,1,1,27,1.02999997138977,0
05,2001-05-15,52050040,,"",SANDONA [52050040],Pluviométrica,Convencional,Activa,Nariño,Sandoná,1.3223,-77.4792,20,9/15/1963,,Cudayari,Pacifico,Patía,Río Guáitara,2001,15,Andes,Preliminar,0,0,0,10.4321718215942,10.4321718215942,0,0.961102545261383,2.07144165039063,3.93818187713623,4.62545442581177,5,5,0.789855062961578,0.967391312122345,1,1,27,1.02999997138977,0
05,2001-05-13,52050040,12,Definitivo,SANDONA [52050040],Pluviométrica,Convencional,Activa,Nariño,Sandoná,1.3223,-77.4792,20,9/15/1963,,Cudayari,Pacifico,Patía,Río Guáitara,2001,13,Andes,Definitivo,12,12,0,2.79363417625427,2.79363417625427,0,1.33955228328705,0.13426011800766,3.93818187713623,4.62545442581177,5,5,0.789855062961578,0.967391312122345,1,1,27,1.02999997138977,12.3599996566772
05,2003-05-10,52050040,,"",SANDONA [52050040],Pluviométrica,Convencional,Activa,Nariño,Sandoná,1.3223,-77.4792,20,9/15/1963,,Cudayari,Pacifico,Patía,Río Guáitara,2003,10,Andes,Preliminar,0,0,0,2.19555902481079,2.19555902481079,0,4.40198135375977,4.20622253417969,3.93818187713623,4.62545442581177,5,5,0.789855062961578,0.967391312122345,1,1,26,1.02999997138977,0
05,2002-05-09,52050040,,"",SANDONA [52050040],Pluviométrica,Convencional,Activa,Nariño,Sandoná,1.3223,-77.4792,20,9/15/1963,,Cudayari,Pacifico,Patía,Río Guáitara,2002,09,Andes,Preliminar,0,0,0,0,0,0,0.539795696735382,0.0663301274180412,3.93818187713623,4.62545442581177,5,5,0.789855062961578,0.967391312122345,1,1,26,1.02999997138977,0
05,2001-05-08,52050040,19,Definitivo,SANDONA [52050040],Pluviométrica,Convencional,Activa,Nariño,Sandoná,1.3223,-77.4792,20,9/15/1963,,Cudayari,Pacifico,Patía,Río Guáitara,2001,08,Andes,Definitivo,19,19,0,10.7819604873657,10.7819604873657,30.0878391265869,6.63407802581787,25.9835720062256,3.93818187713623,4.62545442581177,5,5,0.789855062961578,0.967391312122345,1,1,26,1.02999997138977,19.5699994564056
05,2003-05-05,52050040,28,Definitivo,SANDONA [52050040],Pluviométrica,Convencional,Activa,Nariño,Sandoná,1.3223,-77.4792,20,9/15/1963,,Cudayari,Pacifico,Patía,Río Guáitara,2003,05,Andes,Definitivo,28,28,0,3.21096968650818,3.21096968650818,31.9259872436523,5.60740041732788,21.5060234069824,3.93818187713623,4.62545442581177,5,5,0.789855062961578,0.967391312122345,1,1,25,1.02999997138977,28.8399991989136
05,2002-05-04,52050040,,"",SANDONA [52050040],Pluviométrica,Convencional,Activa,Nariño,Sandoná,1.3223,-77.4792,20,9/15/1963,,Cudayari,Pacifico,Patía,Río Guáitara,2002,04,Andes,Preliminar,0,0,0,8.87001419067383,8.87001419067383,0,1.37487614154816,0.182008028030396,3.93818187713623,4.62545442581177,5,5,0.789855062961578,0.967391312122345,1,1,25,1.02999997138977,0
05,2004-05-04,52050040,9,Definitivo,SANDONA [52050040],Pluviométrica,Convencional,Activa,Nariño,Sandoná,1.3223,-77.4792,20,9/15/1963,,Cudayari,Pacifico,Patía,Río Guáitara,2004,04,Andes,Definitivo,9,9,0,3.23228645324707,3.23228645324707,0,2.40238571166992,0.547994494438171,3.93818187713623,4.62545442581177,5,5,0.789855062961578,0.967391312122345,1,1,25,1.02999997138977,9.26999974250793
05,2004-05-05,52050040,5,Definitivo,SANDONA [52050040],Pluviométrica,Convencional,Activa,Nariño,Sandoná,1.3223,-77.4792,20,9/15/1963,,Cudayari,Pacifico,Patía,Río Guáitara,2004,05,Andes,Definitivo,5,5,0,1.48146438598633,1.48146438598633,15.5527362823486,5.29100847244263,9.85584354400635,3.93818187713623,4.62545442581177,5,5,0.789855062961578,0.967391312122345,1,1,25,1.02999997138977,5.14999985694885
05,2006-05-06,52050040,0,Definitivo,SANDONA [52050040],Pluviométrica,Convencional,Activa,Nariño,Sandoná,1.3223,-77.4792,20,9/15/1963,,Cudayari,Pacifico,Patía,Río Guáitara,2006,06,Andes,Definitivo,0,0,0,8.98034954071045,8.98034954071045,0,12.1862983703613,1.77968871593475,3.93818187713623,4.62545442581177,5,5,0.789855062961578,0.967391312122345,1,1,26,1.02999997138977,0
05,2009-05-04,52050040,,"",SANDONA [52050040],Pluviométrica,Convencional,Activa,Nariño,Sandoná,1.3223,-77.4792,20,9/15/1963,,Cudayari,Pacifico,Patía,Río Guáitara,2009,04,Andes,Preliminar,0,0,0,9.91554832458496,9.91554832458496,6.99441194534302,10.0444774627686,5.67264604568481,3.93818187713623,4.62545442581177,5,5,0.789855062961578,0.967391312122345,1,1,25,1.02999997138977,0
05,2008-05-07,52050040,,"",SANDONA [52050040],Pluviométrica,Convencional,Activa,Nariño,Sandoná,1.3223,-77.4792,20,9/15/1963,,Cudayari,Pacifico,Patía,Río Guáitara,2008,07,Andes,Preliminar,0,0,0,1.1275269985199,1.1275269985199,0,1.12658250331879,0.527397215366364,3.93818187713623,4.62545442581177,5,5,0.789855062961578,0.967391312122345,1,1,26,1.02999997138977,0
05,2013-05-06,52050040,,"",SANDONA [52050040],Pluviométrica,Convencional,Activa,Nariño,Sandoná,1.3223,-77.4792,20,9/15/1963,,Cudayari,Pacifico,Patía,Río Guáitara,2013,06,Andes,Preliminar,1,1,0,5.10801315307617,5.10801315307617,0,3.66652464866638,2.34911918640137,3.93818187713623,4.62545442581177,5,5,0.789855062961578,0.967391312122345,1,1,26,1.02999997138977,1.02999997138977
05,2015-05-07,52050040,,"",SANDONA [52050040],Pluviométrica,Convencional,Activa,Nariño,Sandoná,1.3223,-77.4792,20,9/15/1963,,Cudayari,Pacifico,Patía,Río Guáitara,2015,07,Andes,Preliminar,0,0,0,1.56938433647156,1.56938433647156,0,0.348899185657501,0,3.93818187713623,4.62545442581177,5,5,0.789855062961578,0.967391312122345,1,1,26,1.02999997138977,0
05,2015-05-08,52050040,,"",SANDONA [52050040],Pluviométrica,Convencional,Activa,Nariño,Sandoná,1.3223,-77.4792,20,9/15/1963,,Cudayari,Pacifico,Patía,Río Guáitara,2015,08,Andes,Preliminar,0,0,0,1.07108318805695,1.07108318805695,0,0.549816071987152,0.157953605055809,3.93818187713623,4.62545442581177,5,5,0.789855062961578,0.967391312122345,1,1,26,1.02999997138977,0
05,2013-05-14,52050040,4,Definitivo,SANDONA [52050040],Pluviométrica,Convencional,Activa,Nariño,Sandoná,1.3223,-77.4792,20,9/15/1963,,Cudayari,Pacifico,Patía,Río Guáitara,2013,14,Andes,Definitivo,4,4,0,1.22215390205383,1.22215390205383,0,1.47485363483429,5.44138336181641,3.93818187713623,4.62545442581177,5,5,0.789855062961578,0.967391312122345,1,1,27,1.02999997138977,4.11999988555908
05,2012-05-17,52050040,1,Definitivo,SANDONA [52050040],Pluviométrica,Convencional,Activa,Nariño,Sandoná,1.3223,-77.4792,20,9/15/1963,,Cudayari,Pacifico,Patía,Río Guáitara,2012,17,Andes,Definitivo,1,1,0,3.67575764656067,3.67575764656067,0,1.14118015766144,3.8318943977356,3.93818187713623,4.62545442581177,5,5,0.789855062961578,0.967391312122345,1,1,28,1.02999997138977,1.02999997138977
05,2012-05-18,52050040,4,Definitivo,SANDONA [52050040],Pluviométrica,Convencional,Activa,Nariño,Sandoná,1.3223,-77.4792,20,9/15/1963,,Cudayari,Pacifico,Patía,Río Guáitara,2012,18,Andes,Definitivo,4,4,0,3.90564346313477,3.90564346313477,0,1.25154912471771,4.98227262496948,3.93818187713623,4.62545442581177,5,5,0.789855062961578,0.967391312122345,1,1,28,1.02999997138977,4.11999988555908
05,2013-05-22,52050040,24,Definitivo,SANDONA [52050040],Pluviométrica,Convencional,Activa,Nariño,Sandoná,1.3223,-77.4792,20,9/15/1963,,Cudayari,Pacifico,Patía,Río Guáitara,2013,22,Andes,Definitivo,24,24,0,2.10262584686279,2.10262584686279,13.0503454208374,4.07137584686279,0.399934500455856,3.93818187713623,4.62545442581177,5,5,0.789855062961578,0.967391312122345,1,1,29,1.02999997138977,24.7199993133545
05,2013-05-23,52050040,1,Definitivo,SANDONA [52050040],Pluviométrica,Convencional,Activa,Nariño,Sandoná,1.3223,-77.4792,20,9/15/1963,,Cudayari,Pacifico,Patía,Río Guáitara,2013,23,Andes,Definitivo,1,1,0,1.9651380777359,1.9651380777359,0,1.82136392593384,0.207373440265656,3.93818187713623,4.62545442581177,5,5,0.789855062961578,0.967391312122345,1,1,29,1.02999997138977,1.02999997138977
05,2015-05-24,52050040,1,Definitivo,SANDONA [52050040],Pluviométrica,Convencional,Activa,Nariño,Sandoná,1.3223,-77.4792,20,9/15/1963,,Cudayari,Pacifico,Patía,Río Guáitara,2015,24,Andes,Definitivo,1,1,0,2.85710787773132,2.85710787773132,0,0.609575629234314,0.734882235527039,3.93818187713623,4.62545442581177,5,5,0.789855062961578,0.967391312122345,1,1,29,1.02999997138977,1.02999997138977
05,2015-05-25,52050040,,"",SANDONA [52050040],Pluviométrica,Convencional,Activa,Nariño,Sandoná,1.3223,-77.4792,20,9/15/1963,,Cudayari,Pacifico,Patía,Río Guáitara,2015,25,Andes,Preliminar,0,0,0,4.73253965377808,4.73253965377808,0,3.41819262504578,0.647856712341309,3.93818187713623,4.62545442581177,5,5,0.789855062961578,0.967391312122345,1,1,29,1.02999997138977,0
05,2019-05-26,52050040,,"",SANDONA [52050040],Pluviométrica,Convencional,Activa,Nariño,Sandoná,1.3223,-77.4792,20,9/15/1963,,Cudayari,Pacifico,Patía,Río Guáitara,2019,26,Andes,Preliminar,0,0,0,6.97347259521484,6.97347259521484,0,7.19538450241089,0.0993613004684448,3.93818187713623,4.62545442581177,5,5,0.789855062961578,0.967391312122345,1,1,30,1.02999997138977,0
05,2021-05-26,52050040,2,En revisión,SANDONA [52050040],Pluviométrica,Convencional,Activa,Nariño,Sandoná,1.3223,-77.4792,20,9/15/1963,,Cudayari,Pacifico,Patía,Río Guáitara,2021,26,Andes,En revisión,2,2,0,1.75418591499329,1.75418591499329,0,10.5083255767822,2.19815969467163,3.93818187713623,4.62545442581177,5,5,0.789855062961578,0.967391312122345,1,1,30,1.02999997138977,2.05999994277954
05,2020-05-25,52050040,,"",SANDONA [52050040],Pluviométrica,Convencional,Activa,Nariño,Sandoná,1.3223,-77.4792,20,9/15/1963,,Cudayari,Pacifico,Patía,Río Guáitara,2020,25,Andes,Preliminar,0,0,0,1.56483900547028,1.56483900547028,1.53731536865234,0.873519062995911,0,3.93818187713623,4.62545442581177,5,5,0.789855062961578,0.967391312122345,1,1,29,1.02999997138977,0
05,2023-05-21,52050040,4,En revisión,SANDONA [52050040],Pluviométrica,Convencional,Activa,Nariño,Sandoná,1.3223,-77.4792,20,9/15/1963,,Cudayari,Pacifico,Patía,Río Guáitara,2023,21,Andes,En revisión,4,4,0,6.45838594436646,6.45838594436646,14.1122646331787,10.3323173522949,1.58170092105865,3.93818187713623,4.62545442581177,5,5,0.789855062961578,0.967391312122345,1,1,29,1.02999997138977,4.11999988555908
05,2020-05-20,52050040,,"",SANDONA [52050040],Pluviométrica,Convencional,Activa,Nariño,Sandoná,1.3223,-77.4792,20,9/15/1963,,Cudayari,Pacifico,Patía,Río Guáitara,2020,20,Andes,Preliminar,0,0,0,3.64326691627502,3.64326691627502,0,1.72897267341614,0.798705279827118,3.93818187713623,4.62545442581177,5,5,0.789855062961578,0.967391312122345,1,1,28,1.02999997138977,0
05,2022-05-17,52050040,4,En revisión,SANDONA [52050040],Pluviométrica,Convencional,Activa,Nariño,Sandoná,1.3223,-77.4792,20,9/15/1963,,Cudayari,Pacifico,Patía,Río Guáitara,2022,17,Andes,En revisión,4,4,0,17.5653305053711,17.5653305053711,37.5993461608887,14.7469167709351,43.2199821472168,3.93818187713623,4.62545442581177,5,5,0.789855062961578,0.967391312122345,1,1,28,1.02999997138977,4.11999988555908
05,2022-05-14,52050040,1,En revisión,SANDONA [52050040],Pluviométrica,Convencional,Activa,Nariño,Sandoná,1.3223,-77.4792,20,9/15/1963,,Cudayari,Pacifico,Patía,Río Guáitara,2022,14,Andes,En revisión,1,1,0,8.8427848815918,8.8427848815918,28.5892028808594,10.2946891784668,16.9561710357666,3.93818187713623,4.62545442581177,5,5,0.789855062961578,0.967391312122345,1,1,27,1.02999997138977,1.02999997138977
05,2021-05-15,52050040,11,En revisión,SANDONA [52050040],Pluviométrica,Convencional,Activa,Nariño,Sandoná,1.3223,-77.4792,20,9/15/1963,,Cudayari,Pacifico,Patía,Río Guáitara,2021,15,Andes,En revisión,11,11,0,4.08250999450684,4.08250999450684,3.99863433837891,4.82932424545288,11.7890481948853,3.93818187713623,4.62545442581177,5,5,0.789855062961578,0.967391312122345,1,1,27,1.02999997138977,11.3299996852875
05,2022-05-13,52050040,4,En revisión,SANDONA [52050040],Pluviométrica,Convencional,Activa,Nariño,Sandoná,1.3223,-77.4792,20,9/15/1963,,Cudayari,Pacifico,Patía,Río Guáitara,2022,13,Andes,En revisión,4,4,0,8.05130863189697,8.05130863189697,9.52973365783691,10.7743940353394,0.266694724559784,3.93818187713623,4.62545442581177,5,5,0.789855062961578,0.967391312122345,1,1,27,1.02999997138977,4.11999988555908
05,2020-05-13,52050040,1,En revisión,SANDONA [52050040],Pluviométrica,Convencional,Activa,Nariño,Sandoná,1.3223,-77.4792,20,9/15/1963,,Cudayari,Pacifico,Patía,Río Guáitara,2020,13,Andes,En revisión,1,1,0,9.46085262298584,9.46085262298584,27.6428394317627,10.7261247634888,23.5673503875732,3.93818187713623,4.62545442581177,5,5,0.789855062961578,0.967391312122345,1,1,27,1.02999997138977,1.02999997138977
05,2020-05-12,52050040,9,En revisión,SANDONA [52050040],Pluviométrica,Convencional,Activa,Nariño,Sandoná,1.3223,-77.4792,20,9/15/1963,,Cudayari,Pacifico,Patía,Río Guáitara,2020,12,Andes,En revisión,9,9,0,11.98366355896,11.98366355896,27.6428394317627,22.6398944854736,13.6318311691284,3.93818187713623,4.62545442581177,5,5,0.789855062961578,0.967391312122345,1,1,27,1.02999997138977,9.26999974250793
05,2019-05-14,52050040,3,Definitivo,SANDONA [52050040],Pluviométrica,Convencional,Activa,Nariño,Sandoná,1.3223,-77.4792,20,9/15/1963,,Cudayari,Pacifico,Patía,Río Guáitara,2019,14,Andes,Definitivo,3,3,0,11.2941980361938,11.2941980361938,15.3652801513672,8.4221248626709,28.3833103179932,3.93818187713623,4.62545442581177,5,5,0.789855062961578,0.967391312122345,1,1,27,1.02999997138977,3.08999991416931
05,2020-05-11,52050040,16,En revisión,SANDONA [52050040],Pluviométrica,Convencional,Activa,Nariño,Sandoná,1.3223,-77.4792,20,9/15/1963,,Cudayari,Pacifico,Patía,Río Guáitara,2020,11,Andes,En revisión,16,16,0,7.22415351867676,7.22415351867676,13.8214197158813,9.78679084777832,9.28086757659912,3.93818187713623,4.62545442581177,5,5,0.789855062961578,0.967391312122345,1,1,27,1.02999997138977,16.4799995422363
05,2021-05-09,52050040,,"",SANDONA [52050040],Pluviométrica,Convencional,Activa,Nariño,Sandoná,1.3223,-77.4792,20,9/15/1963,,Cudayari,Pacifico,Patía,Río Guáitara,2021,09,Andes,Preliminar,0,0,0,4.19128131866455,4.19128131866455,26.3705768585205,11.2114152908325,0.960320174694061,3.93818187713623,4.62545442581177,5,5,0.789855062961578,0.967391312122345,1,1,26,1.02999997138977,0
05,2021-05-08,52050040,4,En revisión,SANDONA [52050040],Pluviométrica,Convencional,Activa,Nariño,Sandoná,1.3223,-77.4792,20,9/15/1963,,Cudayari,Pacifico,Patía,Río Guáitara,2021,08,Andes,En revisión,4,4,0,14.7441644668579,14.7441644668579,13.1852884292603,6.52608823776245,1.54025340080261,3.93818187713623,4.62545442581177,5,5,0.789855062961578,0.967391312122345,1,1,26,1.02999997138977,4.11999988555908
05,2022-05-06,52050040,2,En revisión,SANDONA [52050040],Pluviométrica,Convencional,Activa,Nariño,Sandoná,1.3223,-77.4792,20,9/15/1963,,Cudayari,Pacifico,Patía,Río Guáitara,2022,06,Andes,En revisión,2,2,0,4.18098211288452,4.18098211288452,0,4.58508729934692,5.27119302749634,3.93818187713623,4.62545442581177,5,5,0.789855062961578,0.967391312122345,1,1,26,1.02999997138977,2.05999994277954
05,2023-05-04,52050040,,"",SANDONA [52050040],Pluviométrica,Convencional,Activa,Nariño,Sandoná,1.3223,-77.4792,20,9/15/1963,,Cudayari,Pacifico,Patía,Río Guáitara,2023,04,Andes,Preliminar,0,0,0,6.08039140701294,6.08039140701294,0,1.20813500881195,0.581004559993744,3.93818187713623,4.62545442581177,5,5,0.789855062961578,0.967391312122345,1,1,25,1.02999997138977,0
05,2023-05-03,52050040,,"",SANDONA [52050040],Pluviométrica,Convencional,Activa,Nariño,Sandoná,1.3223,-77.4792,20,9/15/1963,,Cudayari,Pacifico,Patía,Río Guáitara,2023,03,Andes,Preliminar,0,0,0,5.37100315093994,5.37100315093994,0,1.76632058620453,0.358138382434845,3.93818187713623,4.62545442581177,5,5,0.789855062961578,0.967391312122345,1,1,25,1.02999997138977,0
05,2023-05-02,52050040,,"",SANDONA [52050040],Pluviométrica,Convencional,Activa,Nariño,Sandoná,1.3223,-77.4792,20,9/15/1963,,Cudayari,Pacifico,Patía,Río Guáitara,2023,02,Andes,Preliminar,0,0,0,3.67033004760742,3.67033004760742,6.2847752571106,1.20813500881195,0.092029370367527,3.93818187713623,4.62545442581177,5,5,0.789855062961578,0.967391312122345,1,1,25,1.02999997138977,0
05,2003-05-12,52050040,18,Definitivo,SANDONA [52050040],Pluviométrica,Convencional,Activa,Nariño,Sandoná,1.3223,-77.4792,20,9/15/1963,,Cudayari,Pacifico,Patía,Río Guáitara,2003,12,Andes,Definitivo,18,18,0,3.21511030197144,3.21511030197144,0,4.39189863204956,0.158525958657265,3.93818187713623,4.62545442581177,5,5,0.789855062961578,0.967391312122345,1,1,27,1.02999997138977,18.5399994850159
05,2001-05-12,52050040,,"",SANDONA [52050040],Pluviométrica,Convencional,Activa,Nariño,Sandoná,1.3223,-77.4792,20,9/15/1963,,Cudayari,Pacifico,Patía,Río Guáitara,2001,12,Andes,Preliminar,0,0,0,2.94992160797119,2.94992160797119,0,0.132223904132843,0.287700235843658,3.93818187713623,4.62545442581177,5,5,0.789855062961578,0.967391312122345,1,1,27,1.02999997138977,0
05,2001-05-10,52050040,,"",SANDONA [52050040],Pluviométrica,Convencional,Activa,Nariño,Sandoná,1.3223,-77.4792,20,9/15/1963,,Cudayari,Pacifico,Patía,Río Guáitara,2001,10,Andes,Preliminar,0,0,0,9.26285266876221,9.26285266876221,6.01756763458252,11.7086591720581,4.42994356155396,3.93818187713623,4.62545442581177,5,5,0.789855062961578,0.967391312122345,1,1,26,1.02999997138977,0
05,2003-05-07,52050040,5,Definitivo,SANDONA [52050040],Pluviométrica,Convencional,Activa,Nariño,Sandoná,1.3223,-77.4792,20,9/15/1963,,Cudayari,Pacifico,Patía,Río Guáitara,2003,07,Andes,Definitivo,5,5,0,14.213357925415,14.213357925415,4.2803373336792,6.06034421920776,4.68792295455933,3.93818187713623,4.62545442581177,5,5,0.789855062961578,0.967391312122345,1,1,26,1.02999997138977,5.14999985694885
05,2001-05-07,52050040,5,Definitivo,SANDONA [52050040],Pluviométrica,Convencional,Activa,Nariño,Sandoná,1.3223,-77.4792,20,9/15/1963,,Cudayari,Pacifico,Patía,Río Guáitara,2001,07,Andes,Definitivo,5,5,0,11.5044622421265,11.5044622421265,6.01756763458252,5.87121963500977,5.62863397598267,3.93818187713623,4.62545442581177,5,5,0.789855062961578,0.967391312122345,1,1,26,1.02999997138977,5.14999985694885
05,2001-05-05,52050040,,"",SANDONA [52050040],Pluviométrica,Convencional,Activa,Nariño,Sandoná,1.3223,-77.4792,20,9/15/1963,,Cudayari,Pacifico,Patía,Río Guáitara,2001,05,Andes,Preliminar,0,0,0,1.10280680656433,1.10280680656433,0,1.84011292457581,0.104216627776623,3.93818187713623,4.62545442581177,5,5,0.789855062961578,0.967391312122345,1,1,25,1.02999997138977,0
05,2003-05-02,52050040,,"",SANDONA [52050040],Pluviométrica,Convencional,Activa,Nariño,Sandoná,1.3223,-77.4792,20,9/15/1963,,Cudayari,Pacifico,Patía,Río Guáitara,2003,02,Andes,Preliminar,0,0,0,1.16441774368286,1.16441774368286,0,3.79141807556152,0.2891566157341,3.93818187713623,4.62545442581177,5,5,0.789855062961578,0.967391312122345,1,1,25,1.02999997138977,0
05,2002-05-05,52050040,,"",SANDONA [52050040],Pluviométrica,Convencional,Activa,Nariño,Sandoná,1.3223,-77.4792,20,9/15/1963,,Cudayari,Pacifico,Patía,Río Guáitara,2002,05,Andes,Preliminar,0,0,0,0.0466842800378799,0.0466842800378799,0,1.12878704071045,0.957937061786652,3.93818187713623,4.62545442581177,5,5,0.789855062961578,0.967391312122345,1,1,25,1.02999997138977,0
05,2002-05-06,52050040,,"",SANDONA [52050040],Pluviométrica,Convencional,Activa,Nariño,Sandoná,1.3223,-77.4792,20,9/15/1963,,Cudayari,Pacifico,Patía,Río Guáitara,2002,06,Andes,Preliminar,0,0,0,0.389701783657074,0.389701783657074,0,0.743321418762207,0.0985739380121231,3.93818187713623,4.62545442581177,5,5,0.789855062961578,0.967391312122345,1,1,26,1.02999997138977,0
05,2007-05-04,52050040,,"",SANDONA [52050040],Pluviométrica,Convencional,Activa,Nariño,Sandoná,1.3223,-77.4792,20,9/15/1963,,Cudayari,Pacifico,Patía,Río Guáitara,2007,04,Andes,Preliminar,0,0,0,0.443266928195953,0.443266928195953,0,3.94982147216797,4.78530406951904,3.93818187713623,4.62545442581177,5,5,0.789855062961578,0.967391312122345,1,1,25,1.02999997138977,0
05,2007-05-05,52050040,16,Definitivo,SANDONA [52050040],Pluviométrica,Convencional,Activa,Nariño,Sandoná,1.3223,-77.4792,20,9/15/1963,,Cudayari,Pacifico,Patía,Río Guáitara,2007,05,Andes,Definitivo,16,16,0,1.62531220912933,1.62531220912933,19.6227874755859,3.54033207893372,3.39532899856567,3.93818187713623,4.62545442581177,5,5,0.789855062961578,0.967391312122345,1,1,25,1.02999997138977,16.4799995422363
05,2008-05-08,52050040,,"",SANDONA [52050040],Pluviométrica,Convencional,Activa,Nariño,Sandoná,1.3223,-77.4792,20,9/15/1963,,Cudayari,Pacifico,Patía,Río Guáitara,2008,08,Andes,Preliminar,0,0,0,5.18052911758423,5.18052911758423,0,1.0629186630249,0.622830927371979,3.93818187713623,4.62545442581177,5,5,0.789855062961578,0.967391312122345,1,1,26,1.02999997138977,0
05,2011-05-07,52050040,,"",SANDONA [52050040],Pluviométrica,Convencional,Activa,Nariño,Sandoná,1.3223,-77.4792,20,9/15/1963,,Cudayari,Pacifico,Patía,Río Guáitara,2011,07,Andes,Preliminar,0,0,0,2.07388281822205,2.07388281822205,0,0.176851004362106,1.04328036308289,3.93818187713623,4.62545442581177,5,5,0.789855062961578,0.967391312122345,1,1,26,1.02999997138977,0
05,2013-05-07,52050040,3,Definitivo,SANDONA [52050040],Pluviométrica,Convencional,Activa,Nariño,Sandoná,1.3223,-77.4792,20,9/15/1963,,Cudayari,Pacifico,Patía,Río Guáitara,2013,07,Andes,Definitivo,3,3,0,4.73326015472412,4.73326015472412,0,7.94256114959717,13.4420356750488,3.93818187713623,4.62545442581177,5,5,0.789855062961578,0.967391312122345,1,1,26,1.02999997138977,3.08999991416931
05,2014-05-11,52050040,17,Definitivo,SANDONA [52050040],Pluviométrica,Convencional,Activa,Nariño,Sandoná,1.3223,-77.4792,20,9/15/1963,,Cudayari,Pacifico,Patía,Río Guáitara,2014,11,Andes,Definitivo,17,17,0,13.2739763259888,13.2739763259888,7.54371118545532,11.0460376739502,17.9889144897461,3.93818187713623,4.62545442581177,5,5,0.789855062961578,0.967391312122345,1,1,27,1.02999997138977,17.5099995136261
05,2014-05-12,52050040,24,Definitivo,SANDONA [52050040],Pluviométrica,Convencional,Activa,Nariño,Sandoná,1.3223,-77.4792,20,9/15/1963,,Cudayari,Pacifico,Patía,Río Guáitara,2014,12,Andes,Definitivo,24,24,0,13.4972801208496,13.4972801208496,0,7.725417137146,6.51042032241821,3.93818187713623,4.62545442581177,5,5,0.789855062961578,0.967391312122345,1,1,27,1.02999997138977,24.7199993133545
05,2013-05-15,52050040,4,Definitivo,SANDONA [52050040],Pluviométrica,Convencional,Activa,Nariño,Sandoná,1.3223,-77.4792,20,9/15/1963,,Cudayari,Pacifico,Patía,Río Guáitara,2013,15,Andes,Definitivo,4,4,0,3.41321134567261,3.41321134567261,0,6.04479217529297,12.5106611251831,3.93818187713623,4.62545442581177,5,5,0.789855062961578,0.967391312122345,1,1,27,1.02999997138977,4.11999988555908
05,2011-05-22,52050040,30,Definitivo,SANDONA [52050040],Pluviométrica,Convencional,Activa,Nariño,Sandoná,1.3223,-77.4792,20,9/15/1963,,Cudayari,Pacifico,Patía,Río Guáitara,2011,22,Andes,Definitivo,30,30,0,10.4762620925903,10.4762620925903,0,13.2421827316284,8.03725433349609,3.93818187713623,4.62545442581177,5,5,0.789855062961578,0.967391312122345,1,1,29,1.02999997138977,30.8999991416931
05,2011-05-23,52050040,,"",SANDONA [52050040],Pluviométrica,Convencional,Activa,Nariño,Sandoná,1.3223,-77.4792,20,9/15/1963,,Cudayari,Pacifico,Patía,Río Guáitara,2011,23,Andes,Preliminar,0,0,0,3.3048255443573,3.3048255443573,24.2227306365967,9.11522579193115,26.8462104797363,3.93818187713623,4.62545442581177,5,5,0.789855062961578,0.967391312122345,1,1,29,1.02999997138977,0
05,2014-05-21,52050040,,"",SANDONA [52050040],Pluviométrica,Convencional,Activa,Nariño,Sandoná,1.3223,-77.4792,20,9/15/1963,,Cudayari,Pacifico,Patía,Río Guáitara,2014,21,Andes,Preliminar,0,0,0,1.49174785614014,1.49174785614014,6.92845964431763,10.5105171203613,4.58997869491577,3.93818187713623,4.62545442581177,5,5,0.789855062961578,0.967391312122345,1,1,29,1.02999997138977,0
05,2016-05-21,52050040,,"",SANDONA [52050040],Pluviométrica,Convencional,Activa,Nariño,Sandoná,1.3223,-77.4792,20,9/15/1963,,Cudayari,Pacifico,Patía,Río Guáitara,2016,21,Andes,Preliminar,0,0,0,2.16789674758911,2.16789674758911,0,0.730115473270416,0,3.93818187713623,4.62545442581177,5,5,0.789855062961578,0.967391312122345,1,1,29,1.02999997138977,0
05,2017-05-25,52050040,,"",SANDONA [52050040],Pluviométrica,Convencional,Activa,Nariño,Sandoná,1.3223,-77.4792,20,9/15/1963,,Cudayari,Pacifico,Patía,Río Guáitara,2017,25,Andes,Preliminar,0,0,0,5.12282133102417,5.12282133102417,0,0.772425174713135,0.207186594605446,3.93818187713623,4.62545442581177,5,5,0.789855062961578,0.967391312122345,1,1,29,1.02999997138977,0
05,2020-05-23,52050040,,"",SANDONA [52050040],Pluviométrica,Convencional,Activa,Nariño,Sandoná,1.3223,-77.4792,20,9/15/1963,,Cudayari,Pacifico,Patía,Río Guáitara,2020,23,Andes,Preliminar,0,0,0,1.24190139770508,1.24190139770508,1.22005784511566,0.247874841094017,0.0255634356290102,3.93818187713623,4.62545442581177,5,5,0.789855062961578,0.967391312122345,1,1,29,1.02999997138977,0
05,2022-05-24,52050040,,"",SANDONA [52050040],Pluviométrica,Convencional,Activa,Nariño,Sandoná,1.3223,-77.4792,20,9/15/1963,,Cudayari,Pacifico,Patía,Río Guáitara,2022,24,Andes,Preliminar,0,0,0,9.96385860443115,9.96385860443115,0,3.70946335792542,4.53604650497437,3.93818187713623,4.62545442581177,5,5,0.789855062961578,0.967391312122345,1,1,29,1.02999997138977,0
05,2022-05-22,52050040,9,En revisión,SANDONA [52050040],Pluviométrica,Convencional,Activa,Nariño,Sandoná,1.3223,-77.4792,20,9/15/1963,,Cudayari,Pacifico,Patía,Río Guáitara,2022,22,Andes,En revisión,9,9,0,6.38170337677002,6.38170337677002,0,2.25254535675049,1.79942345619202,3.93818187713623,4.62545442581177,5,5,0.789855062961578,0.967391312122345,1,1,29,1.02999997138977,9.26999974250793
05,2021-05-21,52050040,9,En revisión,SANDONA [52050040],Pluviométrica,Convencional,Activa,Nariño,Sandoná,1.3223,-77.4792,20,9/15/1963,,Cudayari,Pacifico,Patía,Río Guáitara,2021,21,Andes,En revisión,9,9,0,4.22874784469605,4.22874784469605,0,6.80670166015625,0.122225075960159,3.93818187713623,4.62545442581177,5,5,0.789855062961578,0.967391312122345,1,1,29,1.02999997138977,9.26999974250793
05,2021-05-18,52050040,,"",SANDONA [52050040],Pluviométrica,Convencional,Activa,Nariño,Sandoná,1.3223,-77.4792,20,9/15/1963,,Cudayari,Pacifico,Patía,Río Guáitara,2021,18,Andes,Preliminar,0,0,0,9.85750102996826,9.85750102996826,0,6.94005632400513,2.84829950332642,3.93818187713623,4.62545442581177,5,5,0.789855062961578,0.967391312122345,1,1,28,1.02999997138977,0
05,2020-05-17,52050040,1,En revisión,SANDONA [52050040],Pluviométrica,Convencional,Activa,Nariño,Sandoná,1.3223,-77.4792,20,9/15/1963,,Cudayari,Pacifico,Patía,Río Guáitara,2020,17,Andes,En revisión,1,1,0,11.300066947937,11.300066947937,0,1.16358685493469,5.95398473739624,3.93818187713623,4.62545442581177,5,5,0.789855062961578,0.967391312122345,1,1,28,1.02999997138977,1.02999997138977
05,2020-05-16,52050040,,"",SANDONA [52050040],Pluviométrica,Convencional,Activa,Nariño,Sandoná,1.3223,-77.4792,20,9/15/1963,,Cudayari,Pacifico,Patía,Río Guáitara,2020,16,Andes,Preliminar,0,0,0,8.21573543548584,8.21573543548584,14.6119403839111,1.62302577495575,2.01854586601257,3.93818187713623,4.62545442581177,5,5,0.789855062961578,0.967391312122345,1,1,28,1.02999997138977,0
05,2018-05-17,52050040,3,Definitivo,SANDONA [52050040],Pluviométrica,Convencional,Activa,Nariño,Sandoná,1.3223,-77.4792,20,9/15/1963,,Cudayari,Pacifico,Patía,Río Guáitara,2018,17,Andes,Definitivo,3,3,0,7.55127429962158,7.55127429962158,0,1.13104796409607,0.0819302126765251,3.93818187713623,4.62545442581177,5,5,0.789855062961578,0.967391312122345,1,1,28,1.02999997138977,3.08999991416931
05,2019-05-15,52050040,,"",SANDONA [52050040],Pluviométrica,Convencional,Activa,Nariño,Sandoná,1.3223,-77.4792,20,9/15/1963,,Cudayari,Pacifico,Patía,Río Guáitara,2019,15,Andes,Preliminar,0,0,0,9.12627983093262,9.12627983093262,0,3.50949454307556,0.391187340021133,3.93818187713623,4.62545442581177,5,5,0.789855062961578,0.967391312122345,1,1,27,1.02999997138977,0
05,2018-05-16,52050040,1,Definitivo,SANDONA [52050040],Pluviométrica,Convencional,Activa,Nariño,Sandoná,1.3223,-77.4792,20,9/15/1963,,Cudayari,Pacifico,Patía,Río Guáitara,2018,16,Andes,Definitivo,1,1,0,10.1351108551025,10.1351108551025,19.8845272064209,2.74916911125183,12.270414352417,3.93818187713623,4.62545442581177,5,5,0.789855062961578,0.967391312122345,1,1,28,1.02999997138977,1.02999997138977
05,2018-05-15,52050040,22,Definitivo,SANDONA [52050040],Pluviométrica,Convencional,Activa,Nariño,Sandoná,1.3223,-77.4792,20,9/15/1963,,Cudayari,Pacifico,Patía,Río Guáitara,2018,15,Andes,Definitivo,22,22,0,5.11416959762573,5.11416959762573,38.4388694763184,4.40339088439941,2.28307867050171,3.93818187713623,4.62545442581177,5,5,0.789855062961578,0.967391312122345,1,1,27,1.02999997138977,22.659999370575
05,2019-05-13,52050040,16,Definitivo,SANDONA [52050040],Pluviométrica,Convencional,Activa,Nariño,Sandoná,1.3223,-77.4792,20,9/15/1963,,Cudayari,Pacifico,Patía,Río Guáitara,2019,13,Andes,Definitivo,16,16,0,12.2919359207153,12.2919359207153,15.3652801513672,7.83030796051025,1.50251507759094,3.93818187713623,4.62545442581177,5,5,0.789855062961578,0.967391312122345,1,1,27,1.02999997138977,16.4799995422363
05,2020-05-10,52050040,,"",SANDONA [52050040],Pluviométrica,Convencional,Activa,Nariño,Sandoná,1.3223,-77.4792,20,9/15/1963,,Cudayari,Pacifico,Patía,Río Guáitara,2020,10,Andes,Preliminar,0,0,0,1.94312286376953,1.94312286376953,0,0.635091960430145,0.0876387059688568,3.93818187713623,4.62545442581177,5,5,0.789855062961578,0.967391312122345,1,1,26,1.02999997138977,0
05,2020-05-09,52050040,,"",SANDONA [52050040],Pluviométrica,Convencional,Activa,Nariño,Sandoná,1.3223,-77.4792,20,9/15/1963,,Cudayari,Pacifico,Patía,Río Guáitara,2020,09,Andes,Preliminar,0,0,0,1.54480814933777,1.54480814933777,0,2.48584628105164,5.84258031845093,3.93818187713623,4.62545442581177,5,5,0.789855062961578,0.967391312122345,1,1,26,1.02999997138977,0
05,2021-05-07,52050040,18,En revisión,SANDONA [52050040],Pluviométrica,Convencional,Activa,Nariño,Sandoná,1.3223,-77.4792,20,9/15/1963,,Cudayari,Pacifico,Patía,Río Guáitara,2021,07,Andes,En revisión,18,18,0,23.9176712036133,23.9176712036133,26.3705768585205,2.8033275604248,16.9053802490234,3.93818187713623,4.62545442581177,5,5,0.789855062961578,0.967391312122345,1,1,26,1.02999997138977,18.5399994850159
05,2022-05-05,52050040,14,En revisión,SANDONA [52050040],Pluviométrica,Convencional,Activa,Nariño,Sandoná,1.3223,-77.4792,20,9/15/1963,,Cudayari,Pacifico,Patía,Río Guáitara,2022,05,Andes,En revisión,14,14,0,4.54472208023071,4.54472208023071,23.4275779724121,6.55314350128174,16.6277637481689,3.93818187713623,4.62545442581177,5,5,0.789855062961578,0.967391312122345,1,1,25,1.02999997138977,14.4199995994568
05,2022-05-04,52050040,3,En revisión,SANDONA [52050040],Pluviométrica,Convencional,Activa,Nariño,Sandoná,1.3223,-77.4792,20,9/15/1963,,Cudayari,Pacifico,Patía,Río Guáitara,2022,04,Andes,En revisión,3,3,0,3.71052813529968,3.71052813529968,0,3.35999202728272,0.394161194562912,3.93818187713623,4.62545442581177,5,5,0.789855062961578,0.967391312122345,1,1,25,1.02999997138977,3.08999991416931
05,2012-05-03,52050040,,"",SANDONA [52050040],Pluviométrica,Convencional,Activa,Nariño,Sandoná,1.3223,-77.4792,20,9/15/1963,,Cudayari,Pacifico,Patía,Río Guáitara,2012,03,Andes,Preliminar,0,0,0,3.72417974472046,3.72417974472046,14.5575084686279,1.57778108119965,2.30504655838013,3.93818187713623,4.62545442581177,5,5,0.789855062961578,0.967391312122345,1,1,25,1.02999997138977,0
05,2012-05-04,52050040,,"",SANDONA [52050040],Pluviométrica,Convencional,Activa,Nariño,Sandoná,1.3223,-77.4792,20,9/15/1963,,Cudayari,Pacifico,Patía,Río Guáitara,2012,04,Andes,Preliminar,0,0,0,3.09098362922668,3.09098362922668,0,1.38698172569275,0.419099301099777,3.93818187713623,4.62545442581177,5,5,0.789855062961578,0.967391312122345,1,1,25,1.02999997138977,0
05,2013-05-08,52050040,,"",SANDONA [52050040],Pluviométrica,Convencional,Activa,Nariño,Sandoná,1.3223,-77.4792,20,9/15/1963,,Cudayari,Pacifico,Patía,Río Guáitara,2013,08,Andes,Preliminar,0,0,0,3.15625548362732,3.15625548362732,0,10.6420240402222,2.23813724517822,3.93818187713623,4.62545442581177,5,5,0.789855062961578,0.967391312122345,1,1,26,1.02999997138977,0
05,2015-05-09,52050040,,"",SANDONA [52050040],Pluviométrica,Convencional,Activa,Nariño,Sandoná,1.3223,-77.4792,20,9/15/1963,,Cudayari,Pacifico,Patía,Río Guáitara,2015,09,Andes,Preliminar,0,0,0,2.15321683883667,2.15321683883667,0,0.736940026283264,0.993352770805359,3.93818187713623,4.62545442581177,5,5,0.789855062961578,0.967391312122345,1,1,26,1.02999997138977,0
05,2001-05-09,52050040,0,Definitivo,SANDONA [52050040],Pluviométrica,Convencional,Activa,Nariño,Sandoná,1.3223,-77.4792,20,9/15/1963,,Cudayari,Pacifico,Patía,Río Guáitara,2001,09,Andes,Definitivo,0,0,0,11.356258392334,11.356258392334,0,7.25641345977783,0.0162865556776524,3.93818187713623,4.62545442581177,5,5,0.789855062961578,0.967391312122345,1,1,26,1.02999997138977,0
05,2001-05-06,52050040,,"",SANDONA [52050040],Pluviométrica,Convencional,Activa,Nariño,Sandoná,1.3223,-77.4792,20,9/15/1963,,Cudayari,Pacifico,Patía,Río Guáitara,2001,06,Andes,Preliminar,0,0,0,1.1485937833786,1.1485937833786,0,4.58806657791138,0,3.93818187713623,4.62545442581177,5,5,0.789855062961578,0.967391312122345,1,1,26,1.02999997138977,0
05,2003-05-04,52050040,1,Definitivo,SANDONA [52050040],Pluviométrica,Convencional,Activa,Nariño,Sandoná,1.3223,-77.4792,20,9/15/1963,,Cudayari,Pacifico,Patía,Río Guáitara,2003,04,Andes,Definitivo,1,1,0,6.98650598526001,6.98650598526001,0,12.1991987228394,1.39156627655029,3.93818187713623,4.62545442581177,5,5,0.789855062961578,0.967391312122345,1,1,25,1.02999997138977,1.02999997138977
05,2001-05-04,52050040,,"",SANDONA [52050040],Pluviométrica,Convencional,Activa,Nariño,Sandoná,1.3223,-77.4792,20,9/15/1963,,Cudayari,Pacifico,Patía,Río Guáitara,2001,04,Andes,Preliminar,0,0,0,1.41492223739624,1.41492223739624,0,1.35687518119812,1.91758608818054,3.93818187713623,4.62545442581177,5,5,0.789855062961578,0.967391312122345,1,1,25,1.02999997138977,0
05,2001-05-02,52050040,,"",SANDONA [52050040],Pluviométrica,Convencional,Activa,Nariño,Sandoná,1.3223,-77.4792,20,9/15/1963,,Cudayari,Pacifico,Patía,Río Guáitara,2001,02,Andes,Preliminar,0,0,0,0.894730091094971,0.894730091094971,0,1.75453853607178,0.195927247405052,3.93818187713623,4.62545442581177,5,5,0.789855062961578,0.967391312122345,1,1,25,1.02999997138977,0
05,2003-05-03,52050040,16,Definitivo,SANDONA [52050040],Pluviométrica,Convencional,Activa,Nariño,Sandoná,1.3223,-77.4792,20,9/15/1963,,Cudayari,Pacifico,Patía,Río Guáitara,2003,03,Andes,Definitivo,16,16,0,0.317568480968475,0.317568480968475,0,2.30722546577454,0.632530152797699,3.93818187713623,4.62545442581177,5,5,0.789855062961578,0.967391312122345,1,1,25,1.02999997138977,16.4799995422363
05,2006-05-01,52050040,,"",SANDONA [52050040],Pluviométrica,Convencional,Activa,Nariño,Sandoná,1.3223,-77.4792,20,9/15/1963,,Cudayari,Pacifico,Patía,Río Guáitara,2006,01,Andes,Preliminar,0,0,0,0.80377733707428,0.80377733707428,0,1.16242957115173,0.142864570021629,3.93818187713623,4.62545442581177,5,5,0.789855062961578,0.967391312122345,1,1,25,1.02999997138977,0
05,2005-05-04,52050040,,"",SANDONA [52050040],Pluviométrica,Convencional,Activa,Nariño,Sandoná,1.3223,-77.4792,20,9/15/1963,,Cudayari,Pacifico,Patía,Río Guáitara,2005,04,Andes,Preliminar,0,0,0,6.60593366622925,6.60593366622925,8.62727546691895,2.99092149734497,0.0431255921721458,3.93818187713623,4.62545442581177,5,5,0.789855062961578,0.967391312122345,1,1,25,1.02999997138977,0
05,2009-05-05,52050040,,"",SANDONA [52050040],Pluviométrica,Convencional,Activa,Nariño,Sandoná,1.3223,-77.4792,20,9/15/1963,,Cudayari,Pacifico,Patía,Río Guáitara,2009,05,Andes,Preliminar,0,0,0,2.88308453559876,2.88308453559876,0,0.757388532161713,8.84917163848877,3.93818187713623,4.62545442581177,5,5,0.789855062961578,0.967391312122345,1,1,25,1.02999997138977,0
05,2020-05-22,52050040,,"",SANDONA [52050040],Pluviométrica,Convencional,Activa,Nariño,Sandoná,1.3223,-77.4792,20,9/15/1963,,Cudayari,Pacifico,Patía,Río Guáitara,2020,22,Andes,Preliminar,0,0,0,1.47073137760162,1.47073137760162,1.4448629617691,0.249214515089989,0.0204507522284985,3.93818187713623,4.62545442581177,5,5,0.789855062961578,0.967391312122345,1,1,29,1.02999997138977,0
05,2022-05-19,52050040,5,En revisión,SANDONA [52050040],Pluviométrica,Convencional,Activa,Nariño,Sandoná,1.3223,-77.4792,20,9/15/1963,,Cudayari,Pacifico,Patía,Río Guáitara,2022,19,Andes,En revisión,5,5,0,7.28779172897339,7.28779172897339,0,21.3435249328613,2.42374587059021,3.93818187713623,4.62545442581177,5,5,0.789855062961578,0.967391312122345,1,1,28,1.02999997138977,5.14999985694885
05,2022-05-16,52050040,6,En revisión,SANDONA [52050040],Pluviométrica,Convencional,Activa,Nariño,Sandoná,1.3223,-77.4792,20,9/15/1963,,Cudayari,Pacifico,Patía,Río Guáitara,2022,16,Andes,En revisión,6,6,0,4.16744565963745,4.16744565963745,37.5993461608887,9.27151012420654,12.07874584198,3.93818187713623,4.62545442581177,5,5,0.789855062961578,0.967391312122345,1,1,28,1.02999997138977,6.17999982833862
05,2018-05-20,52050040,6,Definitivo,SANDONA [52050040],Pluviométrica,Convencional,Activa,Nariño,Sandoná,1.3223,-77.4792,20,9/15/1963,,Cudayari,Pacifico,Patía,Río Guáitara,2018,20,Andes,Definitivo,6,6,0,4.22013282775879,4.22013282775879,19.8845272064209,3.7314076423645,0.406920045614243,3.93818187713623,4.62545442581177,5,5,0.789855062961578,0.967391312122345,1,1,28,1.02999997138977,6.17999982833862
05,2015-05-10,52050040,,"",SANDONA [52050040],Pluviométrica,Convencional,Activa,Nariño,Sandoná,1.3223,-77.4792,20,9/15/1963,,Cudayari,Pacifico,Patía,Río Guáitara,2015,10,Andes,Preliminar,0,0,0,2.10350012779236,2.10350012779236,0,0.744984924793243,0,3.93818187713623,4.62545442581177,5,5,0.789855062961578,0.967391312122345,1,1,26,1.02999997138977,0
05,2013-05-16,52050040,17,Definitivo,SANDONA [52050040],Pluviométrica,Convencional,Activa,Nariño,Sandoná,1.3223,-77.4792,20,9/15/1963,,Cudayari,Pacifico,Patía,Río Guáitara,2013,16,Andes,Definitivo,17,17,0,2.02211952209473,2.02211952209473,0,3.17816877365112,5.5407133102417,3.93818187713623,4.62545442581177,5,5,0.789855062961578,0.967391312122345,1,1,28,1.02999997138977,17.5099995136261
05,2012-05-19,52050040,0,Definitivo,SANDONA [52050040],Pluviométrica,Convencional,Activa,Nariño,Sandoná,1.3223,-77.4792,20,9/15/1963,,Cudayari,Pacifico,Patía,Río Guáitara,2012,19,Andes,Definitivo,0,0,0,6.25578260421753,6.25578260421753,0,3.15518951416016,0.307847708463669,3.93818187713623,4.62545442581177,5,5,0.789855062961578,0.967391312122345,1,1,28,1.02999997138977,0
05,2012-05-20,52050040,10,Definitivo,SANDONA [52050040],Pluviométrica,Convencional,Activa,Nariño,Sandoná,1.3223,-77.4792,20,9/15/1963,,Cudayari,Pacifico,Patía,Río Guáitara,2012,20,Andes,Definitivo,10,10,0,3.85945796966553,3.85945796966553,0,4.94878482818604,1.75797259807587,3.93818187713623,4.62545442581177,5,5,0.789855062961578,0.967391312122345,1,1,28,1.02999997138977,10.2999997138977
05,2012-05-21,52050040,2,Definitivo,SANDONA [52050040],Pluviométrica,Convencional,Activa,Nariño,Sandoná,1.3223,-77.4792,20,9/15/1963,,Cudayari,Pacifico,Patía,Río Guáitara,2012,21,Andes,Definitivo,2,2,0,4.98027610778809,4.98027610778809,0,1.92928731441498,1.5198335647583,3.93818187713623,4.62545442581177,5,5,0.789855062961578,0.967391312122345,1,1,29,1.02999997138977,2.05999994277954
05,2016-05-22,52050040,,"",SANDONA [52050040],Pluviométrica,Convencional,Activa,Nariño,Sandoná,1.3223,-77.4792,20,9/15/1963,,Cudayari,Pacifico,Patía,Río Guáitara,2016,22,Andes,Preliminar,0,0,0,1.43240523338318,1.43240523338318,0,0.795722305774689,0,3.93818187713623,4.62545442581177,5,5,0.789855062961578,0.967391312122345,1,1,29,1.02999997138977,0
05,2015-05-26,52050040,,"",SANDONA [52050040],Pluviométrica,Convencional,Activa,Nariño,Sandoná,1.3223,-77.4792,20,9/15/1963,,Cudayari,Pacifico,Patía,Río Guáitara,2015,26,Andes,Preliminar,0,0,0,1.30231583118439,1.30231583118439,0,0.107935190200806,0.845679521560669,3.93818187713623,4.62545442581177,5,5,0.789855062961578,0.967391312122345,1,1,30,1.02999997138977,0
05,2018-05-24,52050040,,"",SANDONA [52050040],Pluviométrica,Convencional,Activa,Nariño,Sandoná,1.3223,-77.4792,20,9/15/1963,,Cudayari,Pacifico,Patía,Río Guáitara,2018,24,Andes,Preliminar,0,0,0,3.2858726978302,3.2858726978302,0,5.36727905273438,1.25823676586151,3.93818187713623,4.62545442581177,5,5,0.789855062961578,0.967391312122345,1,1,29,1.02999997138977,0
05,2018-05-26,52050040,6,Definitivo,SANDONA [52050040],Pluviométrica,Convencional,Activa,Nariño,Sandoná,1.3223,-77.4792,20,9/15/1963,,Cudayari,Pacifico,Patía,Río Guáitara,2018,26,Andes,Definitivo,6,6,0,3.16129398345947,3.16129398345947,0,4.26986074447632,0,3.93818187713623,4.62545442581177,5,5,0.789855062961578,0.967391312122345,1,1,30,1.02999997138977,6.17999982833862
05,2005-05-05,52050040,,"",SANDONA [52050040],Pluviométrica,Convencional,Activa,Nariño,Sandoná,1.3223,-77.4792,20,9/15/1963,,Cudayari,Pacifico,Patía,Río Guáitara,2005,05,Andes,Preliminar,0,0,0,7.86686277389526,7.86686277389526,8.62727546691895,2.90002036094666,11.8703212738037,3.93818187713623,4.62545442581177,5,5,0.789855062961578,0.967391312122345,1,1,25,1.02999997138977,0
05,2007-05-06,52050040,8,Definitivo,SANDONA [52050040],Pluviométrica,Convencional,Activa,Nariño,Sandoná,1.3223,-77.4792,20,9/15/1963,,Cudayari,Pacifico,Patía,Río Guáitara,2007,06,Andes,Definitivo,8,8,0,5.66278028488159,5.66278028488159,8.37838745117188,7.77186441421509,1.30345380306244,3.93818187713623,4.62545442581177,5,5,0.789855062961578,0.967391312122345,1,1,26,1.02999997138977,8.23999977111816
05,2010-05-04,52050040,25,Definitivo,SANDONA [52050040],Pluviométrica,Convencional,Activa,Nariño,Sandoná,1.3223,-77.4792,20,9/15/1963,,Cudayari,Pacifico,Patía,Río Guáitara,2010,04,Andes,Definitivo,25,25,0,4.67159748077393,4.67159748077393,30.0058403015137,7.72673511505127,8.35110282897949,3.93818187713623,4.62545442581177,5,5,0.789855062961578,0.967391312122345,1,1,25,1.02999997138977,25.7499992847443
05,2011-05-08,52050040,,"",SANDONA [52050040],Pluviométrica,Convencional,Activa,Nariño,Sandoná,1.3223,-77.4792,20,9/15/1963,,Cudayari,Pacifico,Patía,Río Guáitara,2011,08,Andes,Preliminar,0,0,0,1.38235127925873,1.38235127925873,0,0.129850298166275,0.033759593963623,3.93818187713623,4.62545442581177,5,5,0.789855062961578,0.967391312122345,1,1,26,1.02999997138977,0
05,2019-05-18,52050040,40,Definitivo,SANDONA [52050040],Pluviométrica,Convencional,Activa,Nariño,Sandoná,1.3223,-77.4792,20,9/15/1963,,Cudayari,Pacifico,Patía,Río Guáitara,2019,18,Andes,Definitivo,40,40,0,4.29573488235474,4.29573488235474,0,13.5622529983521,16.9152412414551,3.93818187713623,4.62545442581177,5,5,0.789855062961578,0.967391312122345,1,1,28,1.02999997138977,41.1999988555908
05,2020-05-15,52050040,,"",SANDONA [52050040],Pluviométrica,Convencional,Activa,Nariño,Sandoná,1.3223,-77.4792,20,9/15/1963,,Cudayari,Pacifico,Patía,Río Guáitara,2020,15,Andes,Preliminar,0,0,0,4.13271617889404,4.13271617889404,13.8214197158813,1.6583092212677,0.115788161754608,3.93818187713623,4.62545442581177,5,5,0.789855062961578,0.967391312122345,1,1,27,1.02999997138977,0
05,2017-05-17,52050040,4,Definitivo,SANDONA [52050040],Pluviométrica,Convencional,Activa,Nariño,Sandoná,1.3223,-77.4792,20,9/15/1963,,Cudayari,Pacifico,Patía,Río Guáitara,2017,17,Andes,Definitivo,4,4,0,4.86235332489014,4.86235332489014,0,5.22955799102783,0.0272877626121044,3.93818187713623,4.62545442581177,5,5,0.789855062961578,0.967391312122345,1,1,28,1.02999997138977,4.11999988555908
05,2017-05-16,52050040,5,Definitivo,SANDONA [52050040],Pluviométrica,Convencional,Activa,Nariño,Sandoná,1.3223,-77.4792,20,9/15/1963,,Cudayari,Pacifico,Patía,Río Guáitara,2017,16,Andes,Definitivo,5,5,0,6.65429544448853,6.65429544448853,23.6103343963623,6.90199375152588,21.3390312194824,3.93818187713623,4.62545442581177,5,5,0.789855062961578,0.967391312122345,1,1,28,1.02999997138977,5.14999985694885
05,2018-05-14,52050040,1,Definitivo,SANDONA [52050040],Pluviométrica,Convencional,Activa,Nariño,Sandoná,1.3223,-77.4792,20,9/15/1963,,Cudayari,Pacifico,Patía,Río Guáitara,2018,14,Andes,Definitivo,1,1,0,6.55449628829956,6.55449628829956,0,6.61511087417603,14.4594984054565,3.93818187713623,4.62545442581177,5,5,0.789855062961578,0.967391312122345,1,1,27,1.02999997138977,1.02999997138977
05,2019-05-12,52050040,25,Definitivo,SANDONA [52050040],Pluviométrica,Convencional,Activa,Nariño,Sandoná,1.3223,-77.4792,20,9/15/1963,,Cudayari,Pacifico,Patía,Río Guáitara,2019,12,Andes,Definitivo,25,25,0,4.23053503036499,4.23053503036499,15.3652801513672,4.63522958755493,2.24488210678101,3.93818187713623,4.62545442581177,5,5,0.789855062961578,0.967391312122345,1,1,27,1.02999997138977,25.7499992847443
05,2019-05-11,52050040,2,Definitivo,SANDONA [52050040],Pluviométrica,Convencional,Activa,Nariño,Sandoná,1.3223,-77.4792,20,9/15/1963,,Cudayari,Pacifico,Patía,Río Guáitara,2019,11,Andes,Definitivo,2,2,0,3.09414601325989,3.09414601325989,0,8.93378257751465,0.809046447277069,3.93818187713623,4.62545442581177,5,5,0.789855062961578,0.967391312122345,1,1,27,1.02999997138977,2.05999994277954
05,2020-05-08,52050040,3,En revisión,SANDONA [52050040],Pluviométrica,Convencional,Activa,Nariño,Sandoná,1.3223,-77.4792,20,9/15/1963,,Cudayari,Pacifico,Patía,Río Guáitara,2020,08,Andes,En revisión,3,3,0,4.60132169723511,4.60132169723511,0,0.97740226984024,0.0876387059688568,3.93818187713623,4.62545442581177,5,5,0.789855062961578,0.967391312122345,1,1,26,1.02999997138977,3.08999991416931
05,2021-05-06,52050040,15,En revisión,SANDONA [52050040],Pluviométrica,Convencional,Activa,Nariño,Sandoná,1.3223,-77.4792,20,9/15/1963,,Cudayari,Pacifico,Patía,Río Guáitara,2021,06,Andes,En revisión,15,15,0,16.0606670379639,16.0606670379639,0,1.78540098667145,4.22790336608887,3.93818187713623,4.62545442581177,5,5,0.789855062961578,0.967391312122345,1,1,26,1.02999997138977,15.4499995708466
05,2020-05-24,52050040,,"",SANDONA [52050040],Pluviométrica,Convencional,Activa,Nariño,Sandoná,1.3223,-77.4792,20,9/15/1963,,Cudayari,Pacifico,Patía,Río Guáitara,2020,24,Andes,Preliminar,0,0,0,1.63190591335297,1.63190591335297,1.60320281982422,0.207670360803604,1.13246035575867,3.93818187713623,4.62545442581177,5,5,0.789855062961578,0.967391312122345,1,1,29,1.02999997138977,0
05,2022-05-21,52050040,,"",SANDONA [52050040],Pluviométrica,Convencional,Activa,Nariño,Sandoná,1.3223,-77.4792,20,9/15/1963,,Cudayari,Pacifico,Patía,Río Guáitara,2022,21,Andes,Preliminar,0,0,0,6.99598503112793,6.99598503112793,0,2.17635035514832,1.52763533592224,3.93818187713623,4.62545442581177,5,5,0.789855062961578,0.967391312122345,1,1,29,1.02999997138977,0
05,2018-05-23,52050040,4,Definitivo,SANDONA [52050040],Pluviométrica,Convencional,Activa,Nariño,Sandoná,1.3223,-77.4792,20,9/15/1963,,Cudayari,Pacifico,Patía,Río Guáitara,2018,23,Andes,Definitivo,4,4,0,3.18164038658142,3.18164038658142,17.282356262207,4.26420736312866,9.05517959594727,3.93818187713623,4.62545442581177,5,5,0.789855062961578,0.967391312122345,1,1,29,1.02999997138977,4.11999988555908
05,2020-05-19,52050040,1,En revisión,SANDONA [52050040],Pluviométrica,Convencional,Activa,Nariño,Sandoná,1.3223,-77.4792,20,9/15/1963,,Cudayari,Pacifico,Patía,Río Guáitara,2020,19,Andes,En revisión,1,1,0,4.62508058547974,4.62508058547974,0,4.38179683685303,6.17907476425171,3.93818187713623,4.62545442581177,5,5,0.789855062961578,0.967391312122345,1,1,28,1.02999997138977,1.02999997138977
05,2011-05-09,52050040,,"",SANDONA [52050040],Pluviométrica,Convencional,Activa,Nariño,Sandoná,1.3223,-77.4792,20,9/15/1963,,Cudayari,Pacifico,Patía,Río Guáitara,2011,09,Andes,Preliminar,0,0,0,2.06228256225586,2.06228256225586,0,0.694198250770569,0.302747339010239,3.93818187713623,4.62545442581177,5,5,0.789855062961578,0.967391312122345,1,1,26,1.02999997138977,0
05,2016-05-06,52050040,29,Definitivo,SANDONA [52050040],Pluviométrica,Convencional,Activa,Nariño,Sandoná,1.3223,-77.4792,20,9/15/1963,,Cudayari,Pacifico,Patía,Río Guáitara,2016,06,Andes,Definitivo,29,29,0,4.97304964065552,4.97304964065552,0,5.00604677200317,4.1836462020874,3.93818187713623,4.62545442581177,5,5,0.789855062961578,0.967391312122345,1,1,26,1.02999997138977,29.8699991703033
05,2014-05-13,52050040,,"",SANDONA [52050040],Pluviométrica,Convencional,Activa,Nariño,Sandoná,1.3223,-77.4792,20,9/15/1963,,Cudayari,Pacifico,Patía,Río Guáitara,2014,13,Andes,Preliminar,0,0,0,8.9111213684082,8.9111213684082,15.0874223709106,2.29696130752564,0.643291711807251,3.93818187713623,4.62545442581177,5,5,0.789855062961578,0.967391312122345,1,1,27,1.02999997138977,0
05,2014-05-14,52050040,1,Definitivo,SANDONA [52050040],Pluviométrica,Convencional,Activa,Nariño,Sandoná,1.3223,-77.4792,20,9/15/1963,,Cudayari,Pacifico,Patía,Río Guáitara,2014,14,Andes,Definitivo,1,1,0,7.04084968566895,7.04084968566895,22.6311340332031,12.4841585159302,12.3039216995239,3.93818187713623,4.62545442581177,5,5,0.789855062961578,0.967391312122345,1,1,27,1.02999997138977,1.02999997138977
05,2013-05-17,52050040,3,Definitivo,SANDONA [52050040],Pluviométrica,Convencional,Activa,Nariño,Sandoná,1.3223,-77.4792,20,9/15/1963,,Cudayari,Pacifico,Patía,Río Guáitara,2013,17,Andes,Definitivo,3,3,0,1.34157156944275,1.34157156944275,0,1.2510951757431,1.50256633758545,3.93818187713623,4.62545442581177,5,5,0.789855062961578,0.967391312122345,1,1,28,1.02999997138977,3.08999991416931
05,2003-05-01,52050040,,"",SANDONA [52050040],Pluviométrica,Convencional,Activa,Nariño,Sandoná,1.3223,-77.4792,20,9/15/1963,,Cudayari,Pacifico,Patía,Río Guáitara,2003,01,Andes,Preliminar,0,0,0,2.32883548736572,2.32883548736572,0,0.627891004085541,0.713855564594269,3.93818187713623,4.62545442581177,5,5,0.789855062961578,0.967391312122345,1,1,25,1.02999997138977,0
05,2001-05-01,52050040,,"",SANDONA [52050040],Pluviométrica,Convencional,Activa,Nariño,Sandoná,1.3223,-77.4792,20,9/15/1963,,Cudayari,Pacifico,Patía,Río Guáitara,2001,01,Andes,Preliminar,0,0,0,1.6229989528656,1.6229989528656,0,1.27131497859955,3.97690677642822,3.93818187713623,4.62545442581177,5,5,0.789855062961578,0.967391312122345,1,1,25,1.02999997138977,0
05,2001-05-03,52050040,16,Definitivo,SANDONA [52050040],Pluviométrica,Convencional,Activa,Nariño,Sandoná,1.3223,-77.4792,20,9/15/1963,,Cudayari,Pacifico,Patía,Río Guáitara,2001,03,Andes,Definitivo,16,16,0,4.20315027236939,4.20315027236939,0,3.0190896987915,3.04729461669922,3.93818187713623,4.62545442581177,5,5,0.789855062961578,0.967391312122345,1,1,25,1.02999997138977,16.4799995422363
05,2004-05-01,52050040,,"",SANDONA [52050040],Pluviométrica,Convencional,Activa,Nariño,Sandoná,1.3223,-77.4792,20,9/15/1963,,Cudayari,Pacifico,Patía,Río Guáitara,2004,01,Andes,Preliminar,0,0,0,1.59690320491791,1.59690320491791,10.3684911727905,7.70188426971436,0.942873001098633,3.93818187713623,4.62545442581177,5,5,0.789855062961578,0.967391312122345,1,1,25,1.02999997138977,0
05,2023-05-01,52050040,,"",SANDONA [52050040],Pluviométrica,Convencional,Activa,Nariño,Sandoná,1.3223,-77.4792,20,9/15/1963,,Cudayari,Pacifico,Patía,Río Guáitara,2023,01,Andes,Preliminar,0,0,0,8.21253871917725,8.21253871917725,6.2847752571106,2.16011834144592,6.44870853424072,3.93818187713623,4.62545442581177,5,5,0.789855062961578,0.967391312122345,1,1,25,1.02999997138977,0
05,2006-05-02,52050040,3,Definitivo,SANDONA [52050040],Pluviométrica,Convencional,Activa,Nariño,Sandoná,1.3223,-77.4792,20,9/15/1963,,Cudayari,Pacifico,Patía,Río Guáitara,2006,02,Andes,Definitivo,3,3,0,0.267925828695297,0.267925828695297,0,2.48448038101196,1.35721349716187,3.93818187713623,4.62545442581177,5,5,0.789855062961578,0.967391312122345,1,1,25,1.02999997138977,3.08999991416931
05,2006-05-03,52050040,,"",SANDONA [52050040],Pluviométrica,Convencional,Activa,Nariño,Sandoná,1.3223,-77.4792,20,9/15/1963,,Cudayari,Pacifico,Patía,Río Guáitara,2006,03,Andes,Preliminar,0,0,0,0,0,0,1.73809230327606,0.178580716252327,3.93818187713623,4.62545442581177,5,5,0.789855062961578,0.967391312122345,1,1,25,1.02999997138977,0
05,2008-05-03,52050040,9,Definitivo,SANDONA [52050040],Pluviométrica,Convencional,Activa,Nariño,Sandoná,1.3223,-77.4792,20,9/15/1963,,Cudayari,Pacifico,Patía,Río Guáitara,2008,03,Andes,Definitivo,9,9,0,31.2815380096436,31.2815380096436,6.734459400177,11.9435911178589,12.0318231582642,3.93818187713623,4.62545442581177,5,5,0.789855062961578,0.967391312122345,1,1,25,1.02999997138977,9.26999974250793
05,2020-05-18,52050040,5,En revisión,SANDONA [52050040],Pluviométrica,Convencional,Activa,Nariño,Sandoná,1.3223,-77.4792,20,9/15/1963,,Cudayari,Pacifico,Patía,Río Guáitara,2020,18,Andes,En revisión,5,5,0,7.71845865249634,7.71845865249634,14.6119403839111,6.72093629837036,0.668008089065552,3.93818187713623,4.62545442581177,5,5,0.789855062961578,0.967391312122345,1,1,28,1.02999997138977,5.14999985694885
05,2018-05-19,52050040,9,Definitivo,SANDONA [52050040],Pluviométrica,Convencional,Activa,Nariño,Sandoná,1.3223,-77.4792,20,9/15/1963,,Cudayari,Pacifico,Patía,Río Guáitara,2018,19,Andes,Definitivo,9,9,0,3.94109439849854,3.94109439849854,0,4.23868131637573,0.279928207397461,3.93818187713623,4.62545442581177,5,5,0.789855062961578,0.967391312122345,1,1,28,1.02999997138977,9.26999974250793
05,2019-05-17,52050040,12,Definitivo,SANDONA [52050040],Pluviométrica,Convencional,Activa,Nariño,Sandoná,1.3223,-77.4792,20,9/15/1963,,Cudayari,Pacifico,Patía,Río Guáitara,2019,17,Andes,Definitivo,12,12,0,4.75363683700562,4.75363683700562,0,7.97916793823242,3.08493900299072,3.93818187713623,4.62545442581177,5,5,0.789855062961578,0.967391312122345,1,1,28,1.02999997138977,12.3599996566772
05,2019-05-16,52050040,1,Definitivo,SANDONA [52050040],Pluviométrica,Convencional,Activa,Nariño,Sandoná,1.3223,-77.4792,20,9/15/1963,,Cudayari,Pacifico,Patía,Río Guáitara,2019,16,Andes,Definitivo,1,1,0,3.27208089828491,3.27208089828491,0,2.93642044067383,0.37874498963356,3.93818187713623,4.62545442581177,5,5,0.789855062961578,0.967391312122345,1,1,28,1.02999997138977,1.02999997138977
05,2016-05-17,52050040,,"",SANDONA [52050040],Pluviométrica,Convencional,Activa,Nariño,Sandoná,1.3223,-77.4792,20,9/15/1963,,Cudayari,Pacifico,Patía,Río Guáitara,2016,17,Andes,Preliminar,0,0,0,1.30998599529266,1.30998599529266,0,0.661697506904602,2.37674617767334,3.93818187713623,4.62545442581177,5,5,0.789855062961578,0.967391312122345,1,1,28,1.02999997138977,0
05,2013-05-18,52050040,5,Definitivo,SANDONA [52050040],Pluviométrica,Convencional,Activa,Nariño,Sandoná,1.3223,-77.4792,20,9/15/1963,,Cudayari,Pacifico,Patía,Río Guáitara,2013,18,Andes,Definitivo,5,5,0,0.81513899564743,0.81513899564743,0,0.295457899570465,0.0682984665036202,3.93818187713623,4.62545442581177,5,5,0.789855062961578,0.967391312122345,1,1,28,1.02999997138977,5.14999985694885
05,2014-05-22,52050040,7,Definitivo,SANDONA [52050040],Pluviométrica,Convencional,Activa,Nariño,Sandoná,1.3223,-77.4792,20,9/15/1963,,Cudayari,Pacifico,Patía,Río Guáitara,2014,22,Andes,Definitivo,7,7,0,6.42497110366821,6.42497110366821,0,2.61945915222168,0.552228212356567,3.93818187713623,4.62545442581177,5,5,0.789855062961578,0.967391312122345,1,1,29,1.02999997138977,7.20999979972839
05,2014-05-23,52050040,38,Definitivo,SANDONA [52050040],Pluviométrica,Convencional,Activa,Nariño,Sandoná,1.3223,-77.4792,20,9/15/1963,,Cudayari,Pacifico,Patía,Río Guáitara,2014,23,Andes,Definitivo,38,38,0,6.76113176345825,6.76113176345825,0,2.89389657974243,8.34155368804932,3.93818187713623,4.62545442581177,5,5,0.789855062961578,0.967391312122345,1,1,29,1.02999997138977,39.1399989128113
05,2019-05-21,52050040,,"",SANDONA [52050040],Pluviométrica,Convencional,Activa,Nariño,Sandoná,1.3223,-77.4792,20,9/15/1963,,Cudayari,Pacifico,Patía,Río Guáitara,2019,21,Andes,Preliminar,0,0,0,5.81057500839233,5.81057500839233,11.4719734191895,3.30896067619324,1.04032862186432,3.93818187713623,4.62545442581177,5,5,0.789855062961578,0.967391312122345,1,1,29,1.02999997138977,0
05,2002-05-01,52050040,,"",SANDONA [52050040],Pluviométrica,Convencional,Activa,Nariño,Sandoná,1.3223,-77.4792,20,9/15/1963,,Cudayari,Pacifico,Patía,Río Guáitara,2002,01,Andes,Preliminar,0,0,0,5.36869239807129,5.36869239807129,13.173903465271,4.34485673904419,10.8310737609863,3.93818187713623,4.62545442581177,5,5,0.789855062961578,0.967391312122345,1,1,25,1.02999997138977,0
05,2019-05-22,52050040,,"",SANDONA [52050040],Pluviométrica,Convencional,Activa,Nariño,Sandoná,1.3223,-77.4792,20,9/15/1963,,Cudayari,Pacifico,Patía,Río Guáitara,2019,22,Andes,Preliminar,0,0,0,5.34720468521118,5.34720468521118,5.73598670959473,1.50462734699249,0,3.93818187713623,4.62545442581177,5,5,0.789855062961578,0.967391312122345,1,1,29,1.02999997138977,0
05,2018-05-25,52050040,1,Definitivo,SANDONA [52050040],Pluviométrica,Convencional,Activa,Nariño,Sandoná,1.3223,-77.4792,20,9/15/1963,,Cudayari,Pacifico,Patía,Río Guáitara,2018,25,Andes,Definitivo,1,1,0,2.72297716140747,2.72297716140747,0,2.59690570831299,1.95954918861389,3.93818187713623,4.62545442581177,5,5,0.789855062961578,0.967391312122345,1,1,29,1.02999997138977,1.02999997138977
05,2020-05-21,52050040,,"",SANDONA [52050040],Pluviométrica,Convencional,Activa,Nariño,Sandoná,1.3223,-77.4792,20,9/15/1963,,Cudayari,Pacifico,Patía,Río Guáitara,2020,21,Andes,Preliminar,0,0,0,1.09403049945831,1.09403049945831,1.07478785514832,0.295521110296249,0.695325434207916,3.93818187713623,4.62545442581177,5,5,0.789855062961578,0.967391312122345,1,1,29,1.02999997138977,0
05,2010-05-05,52050040,3,Definitivo,SANDONA [52050040],Pluviométrica,Convencional,Activa,Nariño,Sandoná,1.3223,-77.4792,20,9/15/1963,,Cudayari,Pacifico,Patía,Río Guáitara,2010,05,Andes,Definitivo,3,3,0,8.19208335876465,8.19208335876465,0,3.83768367767334,8.24049186706543,3.93818187713623,4.62545442581177,5,5,0.789855062961578,0.967391312122345,1,1,25,1.02999997138977,3.08999991416931
05,2012-05-05,52050040,8,Definitivo,SANDONA [52050040],Pluviométrica,Convencional,Activa,Nariño,Sandoná,1.3223,-77.4792,20,9/15/1963,,Cudayari,Pacifico,Patía,Río Guáitara,2012,05,Andes,Definitivo,8,8,0,2.47378492355347,2.47378492355347,0,2.81821417808533,2.37489652633667,3.93818187713623,4.62545442581177,5,5,0.789855062961578,0.967391312122345,1,1,25,1.02999997138977,8.23999977111816
05,2015-05-04,52050040,15,Definitivo,SANDONA [52050040],Pluviométrica,Convencional,Activa,Nariño,Sandoná,1.3223,-77.4792,20,9/15/1963,,Cudayari,Pacifico,Patía,Río Guáitara,2015,04,Andes,Definitivo,15,15,0,5.68978834152222,5.68978834152222,8.2886266708374,3.05449867248535,1.85255992412567,3.93818187713623,4.62545442581177,5,5,0.789855062961578,0.967391312122345,1,1,25,1.02999997138977,15.4499995708466
05,2016-05-07,52050040,9,Definitivo,SANDONA [52050040],Pluviométrica,Convencional,Activa,Nariño,Sandoná,1.3223,-77.4792,20,9/15/1963,,Cudayari,Pacifico,Patía,Río Guáitara,2016,07,Andes,Definitivo,9,9,0,8.65368175506592,8.65368175506592,35.5472831726074,18.5048999786377,16.3039150238037,3.93818187713623,4.62545442581177,5,5,0.789855062961578,0.967391312122345,1,1,26,1.02999997138977,9.26999974250793
05,2015-05-11,52050040,,"",SANDONA [52050040],Pluviométrica,Convencional,Activa,Nariño,Sandoná,1.3223,-77.4792,20,9/15/1963,,Cudayari,Pacifico,Patía,Río Guáitara,2015,11,Andes,Preliminar,0,0,0,4.62140274047852,4.62140274047852,0,0.756810188293457,0.260808050632477,3.93818187713623,4.62545442581177,5,5,0.789855062961578,0.967391312122345,1,1,27,1.02999997138977,0
05,2017-05-15,52050040,4,Definitivo,SANDONA [52050040],Pluviométrica,Convencional,Activa,Nariño,Sandoná,1.3223,-77.4792,20,9/15/1963,,Cudayari,Pacifico,Patía,Río Guáitara,2017,15,Andes,Definitivo,4,4,0,20.597146987915,20.597146987915,26.6756477355957,7.12982797622681,2.90522933006287,3.93818187713623,4.62545442581177,5,5,0.789855062961578,0.967391312122345,1,1,27,1.02999997138977,4.11999988555908
05,2018-05-13,52050040,11,Definitivo,SANDONA [52050040],Pluviométrica,Convencional,Activa,Nariño,Sandoná,1.3223,-77.4792,20,9/15/1963,,Cudayari,Pacifico,Patía,Río Guáitara,2018,13,Andes,Definitivo,11,11,0,9.27493381500244,9.27493381500244,0,17.8489513397217,12.4512338638306,3.93818187713623,4.62545442581177,5,5,0.789855062961578,0.967391312122345,1,1,27,1.02999997138977,11.3299996852875
05,2021-05-05,52050040,0,En revisión,SANDONA [52050040],Pluviométrica,Convencional,Activa,Nariño,Sandoná,1.3223,-77.4792,20,9/15/1963,,Cudayari,Pacifico,Patía,Río Guáitara,2021,05,Andes,En revisión,0,0,0,2.66952800750732,2.66952800750732,0,1.66580510139465,0.0270254239439964,3.93818187713623,4.62545442581177,5,5,0.789855062961578,0.967391312122345,1,1,25,1.02999997138977,0
05,2022-05-03,52050040,,"",SANDONA [52050040],Pluviométrica,Convencional,Activa,Nariño,Sandoná,1.3223,-77.4792,20,9/15/1963,,Cudayari,Pacifico,Patía,Río Guáitara,2022,03,Andes,Preliminar,0,0,0,2.14980363845825,2.14980363845825,0,1.58492600917816,0,3.93818187713623,4.62545442581177,5,5,0.789855062961578,0.967391312122345,1,1,25,1.02999997138977,0
05,2015-05-21,52050040,2,Definitivo,SANDONA [52050040],Pluviométrica,Convencional,Activa,Nariño,Sandoná,1.3223,-77.4792,20,9/15/1963,,Cudayari,Pacifico,Patía,Río Guáitara,2015,21,Andes,Definitivo,2,2,0,3.47554111480713,3.47554111480713,9.56205654144287,2.27464747428894,7.46485710144043,3.93818187713623,4.62545442581177,5,5,0.789855062961578,0.967391312122345,1,1,29,1.02999997138977,2.05999994277954
05,2013-05-20,52050040,14,Definitivo,SANDONA [52050040],Pluviométrica,Convencional,Activa,Nariño,Sandoná,1.3223,-77.4792,20,9/15/1963,,Cudayari,Pacifico,Patía,Río Guáitara,2013,20,Andes,Definitivo,14,14,0,2.13444423675537,2.13444423675537,0,2.31512713432312,1.2805962562561,3.93818187713623,4.62545442581177,5,5,0.789855062961578,0.967391312122345,1,1,28,1.02999997138977,14.4199995994568
05,2002-05-02,52050040,,"",SANDONA [52050040],Pluviométrica,Convencional,Activa,Nariño,Sandoná,1.3223,-77.4792,20,9/15/1963,,Cudayari,Pacifico,Patía,Río Guáitara,2002,02,Andes,Preliminar,0,0,0,3.96816396713257,3.96816396713257,0,3.03584170341492,0.118145577609539,3.93818187713623,4.62545442581177,5,5,0.789855062961578,0.967391312122345,1,1,25,1.02999997138977,0
05,2004-05-02,52050040,1,Definitivo,SANDONA [52050040],Pluviométrica,Convencional,Activa,Nariño,Sandoná,1.3223,-77.4792,20,9/15/1963,,Cudayari,Pacifico,Patía,Río Guáitara,2004,02,Andes,Definitivo,1,1,0,7.65743970870972,7.65743970870972,0,1.47903263568878,6.14882040023804,3.93818187713623,4.62545442581177,5,5,0.789855062961578,0.967391312122345,1,1,25,1.02999997138977,1.02999997138977
05,2022-05-18,52050040,18,En revisión,SANDONA [52050040],Pluviométrica,Convencional,Activa,Nariño,Sandoná,1.3223,-77.4792,20,9/15/1963,,Cudayari,Pacifico,Patía,Río Guáitara,2022,18,Andes,En revisión,18,18,0,11.3906888961792,11.3906888961792,0,11.826210975647,7.60633516311646,3.93818187713623,4.62545442581177,5,5,0.789855062961578,0.967391312122345,1,1,28,1.02999997138977,18.5399994850159
05,2019-05-20,52050040,,"",SANDONA [52050040],Pluviométrica,Convencional,Activa,Nariño,Sandoná,1.3223,-77.4792,20,9/15/1963,,Cudayari,Pacifico,Patía,Río Guáitara,2019,20,Andes,Preliminar,0,0,0,3.80067944526672,3.80067944526672,0,8.54473495483398,9.19372844696045,3.93818187713623,4.62545442581177,5,5,0.789855062961578,0.967391312122345,1,1,28,1.02999997138977,0
05,2017-05-20,52050040,19,Definitivo,SANDONA [52050040],Pluviométrica,Convencional,Activa,Nariño,Sandoná,1.3223,-77.4792,20,9/15/1963,,Cudayari,Pacifico,Patía,Río Guáitara,2017,20,Andes,Definitivo,19,19,0,5.19504737854004,5.19504737854004,0,5.06803369522095,0.461163222789764,3.93818187713623,4.62545442581177,5,5,0.789855062961578,0.967391312122345,1,1,28,1.02999997138977,19.5699994564056
05,2018-05-18,52050040,10,Definitivo,SANDONA [52050040],Pluviométrica,Convencional,Activa,Nariño,Sandoná,1.3223,-77.4792,20,9/15/1963,,Cudayari,Pacifico,Patía,Río Guáitara,2018,18,Andes,Definitivo,10,10,0,9.65499782562256,9.65499782562256,0,4.4415168762207,3.25262904167175,3.93818187713623,4.62545442581177,5,5,0.789855062961578,0.967391312122345,1,1,28,1.02999997138977,10.2999997138977
05,2015-05-20,52050040,5,Definitivo,SANDONA [52050040],Pluviométrica,Convencional,Activa,Nariño,Sandoná,1.3223,-77.4792,20,9/15/1963,,Cudayari,Pacifico,Patía,Río Guáitara,2015,20,Andes,Definitivo,5,5,0,5.80734157562256,5.80734157562256,0,0.78148740530014,0.566322803497315,3.93818187713623,4.62545442581177,5,5,0.789855062961578,0.967391312122345,1,1,28,1.02999997138977,5.14999985694885
05,2015-05-12,52050040,,"",SANDONA [52050040],Pluviométrica,Convencional,Activa,Nariño,Sandoná,1.3223,-77.4792,20,9/15/1963,,Cudayari,Pacifico,Patía,Río Guáitara,2015,12,Andes,Preliminar,0,0,0,3.1263964176178,3.1263964176178,0,1.22734141349792,0.569913864135742,3.93818187713623,4.62545442581177,5,5,0.789855062961578,0.967391312122345,1,1,27,1.02999997138977,0
05,2014-05-15,52050040,3,Definitivo,SANDONA [52050040],Pluviométrica,Convencional,Activa,Nariño,Sandoná,1.3223,-77.4792,20,9/15/1963,,Cudayari,Pacifico,Patía,Río Guáitara,2014,15,Andes,Definitivo,3,3,0,5.17057800292969,5.17057800292969,0,7.20731735229492,3.3133397102356,3.93818187713623,4.62545442581177,5,5,0.789855062961578,0.967391312122345,1,1,27,1.02999997138977,3.08999991416931
05,2013-05-19,52050040,3,Definitivo,SANDONA [52050040],Pluviométrica,Convencional,Activa,Nariño,Sandoná,1.3223,-77.4792,20,9/15/1963,,Cudayari,Pacifico,Patía,Río Guáitara,2013,19,Andes,Definitivo,3,3,0,0.761355042457581,0.761355042457581,0,1.35232484340668,0,3.93818187713623,4.62545442581177,5,5,0.789855062961578,0.967391312122345,1,1,28,1.02999997138977,3.08999991416931
05,2012-05-22,52050040,,"",SANDONA [52050040],Pluviométrica,Convencional,Activa,Nariño,Sandoná,1.3223,-77.4792,20,9/15/1963,,Cudayari,Pacifico,Patía,Río Guáitara,2012,22,Andes,Preliminar,0,0,0,5.86529111862183,5.86529111862183,0,3.34507155418396,1.26160931587219,3.93818187713623,4.62545442581177,5,5,0.789855062961578,0.967391312122345,1,1,29,1.02999997138977,0
05,2020-05-02,52050040,0,En revisión,SANDONA [52050040],Pluviométrica,Convencional,Activa,Nariño,Sandoná,1.3223,-77.4792,20,9/15/1963,,Cudayari,Pacifico,Patía,Río Guáitara,2020,02,Andes,En revisión,0,0,0,5.28010654449463,5.28010654449463,0,2.26541972160339,3.47466611862183,3.93818187713623,4.62545442581177,5,5,0.789855062961578,0.967391312122345,1,1,25,1.02999997138977,0
05,2015-05-14,52050040,,"",SANDONA [52050040],Pluviométrica,Convencional,Activa,Nariño,Sandoná,1.3223,-77.4792,20,9/15/1963,,Cudayari,Pacifico,Patía,Río Guáitara,2015,14,Andes,Preliminar,0,0,0,5.13976335525513,5.13976335525513,28.2096824645996,5.18271541595459,4.94569301605225,3.93818187713623,4.62545442581177,5,5,0.789855062961578,0.967391312122345,1,1,27,1.02999997138977,0
05,2017-05-21,52050040,18,Definitivo,SANDONA [52050040],Pluviométrica,Convencional,Activa,Nariño,Sandoná,1.3223,-77.4792,20,9/15/1963,,Cudayari,Pacifico,Patía,Río Guáitara,2017,21,Andes,Definitivo,18,18,0,3.53354954719543,3.53354954719543,0,4.25666284561157,1.84555447101593,3.93818187713623,4.62545442581177,5,5,0.789855062961578,0.967391312122345,1,1,29,1.02999997138977,18.5399994850159
05,2017-05-22,52050040,10,Definitivo,SANDONA [52050040],Pluviométrica,Convencional,Activa,Nariño,Sandoná,1.3223,-77.4792,20,9/15/1963,,Cudayari,Pacifico,Patía,Río Guáitara,2017,22,Andes,Definitivo,10,10,0,3.28948163986206,3.28948163986206,17.5407485961914,8.11819744110107,11.0510139465332,3.93818187713623,4.62545442581177,5,5,0.789855062961578,0.967391312122345,1,1,29,1.02999997138977,10.2999997138977
05,2007-05-01,52050040,5,Definitivo,SANDONA [52050040],Pluviométrica,Convencional,Activa,Nariño,Sandoná,1.3223,-77.4792,20,9/15/1963,,Cudayari,Pacifico,Patía,Río Guáitara,2007,01,Andes,Definitivo,5,5,0,2.23111057281494,2.23111057281494,0,3.96443223953247,4.90149354934692,3.93818187713623,4.62545442581177,5,5,0.789855062961578,0.967391312122345,1,1,25,1.02999997138977,5.14999985694885
05,2008-05-04,52050040,7,Definitivo,SANDONA [52050040],Pluviométrica,Convencional,Activa,Nariño,Sandoná,1.3223,-77.4792,20,9/15/1963,,Cudayari,Pacifico,Patía,Río Guáitara,2008,04,Andes,Definitivo,7,7,0,5.63724756240845,5.63724756240845,6.734459400177,19.8813495635986,9.35708045959473,3.93818187713623,4.62545442581177,5,5,0.789855062961578,0.967391312122345,1,1,25,1.02999997138977,7.20999979972839
05,2008-05-05,52050040,1,Definitivo,SANDONA [52050040],Pluviométrica,Convencional,Activa,Nariño,Sandoná,1.3223,-77.4792,20,9/15/1963,,Cudayari,Pacifico,Patía,Río Guáitara,2008,05,Andes,Definitivo,1,1,0,2.99154543876648,2.99154543876648,20.2033767700195,8.14906215667725,4.34645700454712,3.93818187713623,4.62545442581177,5,5,0.789855062961578,0.967391312122345,1,1,25,1.02999997138977,1.02999997138977
05,2010-05-06,52050040,2,Definitivo,SANDONA [52050040],Pluviométrica,Convencional,Activa,Nariño,Sandoná,1.3223,-77.4792,20,9/15/1963,,Cudayari,Pacifico,Patía,Río Guáitara,2010,06,Andes,Definitivo,2,2,0,9.09243965148926,9.09243965148926,5.54537153244019,7.73742341995239,8.38790416717529,3.93818187713623,4.62545442581177,5,5,0.789855062961578,0.967391312122345,1,1,26,1.02999997138977,2.05999994277954
05,2014-05-07,52050040,11,Definitivo,SANDONA [52050040],Pluviométrica,Convencional,Activa,Nariño,Sandoná,1.3223,-77.4792,20,9/15/1963,,Cudayari,Pacifico,Patía,Río Guáitara,2014,07,Andes,Definitivo,11,11,0,7.709312915802,7.709312915802,55.4084892272949,18.6832122802734,11.045355796814,3.93818187713623,4.62545442581177,5,5,0.789855062961578,0.967391312122345,1,1,26,1.02999997138977,11.3299996852875
05,2018-05-12,52050040,5,Definitivo,SANDONA [52050040],Pluviométrica,Convencional,Activa,Nariño,Sandoná,1.3223,-77.4792,20,9/15/1963,,Cudayari,Pacifico,Patía,Río Guáitara,2018,12,Andes,Definitivo,5,5,0,2.89730644226074,2.89730644226074,0,6.4049015045166,15.8335733413696,3.93818187713623,4.62545442581177,5,5,0.789855062961578,0.967391312122345,1,1,27,1.02999997138977,5.14999985694885
05,2019-05-10,52050040,,"",SANDONA [52050040],Pluviométrica,Convencional,Activa,Nariño,Sandoná,1.3223,-77.4792,20,9/15/1963,,Cudayari,Pacifico,Patía,Río Guáitara,2019,10,Andes,Preliminar,0,0,0,5.7661828994751,5.7661828994751,0,4.45230579376221,0.51825475692749,3.93818187713623,4.62545442581177,5,5,0.789855062961578,0.967391312122345,1,1,26,1.02999997138977,0
05,2020-05-07,52050040,,"",SANDONA [52050040],Pluviométrica,Convencional,Activa,Nariño,Sandoná,1.3223,-77.4792,20,9/15/1963,,Cudayari,Pacifico,Patía,Río Guáitara,2020,07,Andes,Preliminar,0,0,0,2.47568106651306,2.47568106651306,0,0.840147495269775,0,3.93818187713623,4.62545442581177,5,5,0.789855062961578,0.967391312122345,1,1,26,1.02999997138977,0
05,2022-05-02,52050040,,"",SANDONA [52050040],Pluviométrica,Convencional,Activa,Nariño,Sandoná,1.3223,-77.4792,20,9/15/1963,,Cudayari,Pacifico,Patía,Río Guáitara,2022,02,Andes,Preliminar,0,0,0,2.5182421207428,2.5182421207428,0,2.76909351348877,0.0437956899404526,3.93818187713623,4.62545442581177,5,5,0.789855062961578,0.967391312122345,1,1,25,1.02999997138977,0
05,2014-05-17,52050040,4,Definitivo,SANDONA [52050040],Pluviométrica,Convencional,Activa,Nariño,Sandoná,1.3223,-77.4792,20,9/15/1963,,Cudayari,Pacifico,Patía,Río Guáitara,2014,17,Andes,Definitivo,4,4,0,2.78014016151428,2.78014016151428,0,6.02941942214966,0,3.93818187713623,4.62545442581177,5,5,0.789855062961578,0.967391312122345,1,1,28,1.02999997138977,4.11999988555908
05,2017-05-07,52050040,19,Definitivo,SANDONA [52050040],Pluviométrica,Convencional,Activa,Nariño,Sandoná,1.3223,-77.4792,20,9/15/1963,,Cudayari,Pacifico,Patía,Río Guáitara,2017,07,Andes,Definitivo,19,19,0,3.47575926780701,3.47575926780701,0,8.27903461456299,5.57816123962402,3.93818187713623,4.62545442581177,5,5,0.789855062961578,0.967391312122345,1,1,26,1.02999997138977,19.5699994564056
05,2015-05-15,52050040,,"",SANDONA [52050040],Pluviométrica,Convencional,Activa,Nariño,Sandoná,1.3223,-77.4792,20,9/15/1963,,Cudayari,Pacifico,Patía,Río Guáitara,2015,15,Andes,Preliminar,0,0,0,6.07143926620483,6.07143926620483,0,5.53442001342773,3.34220671653748,3.93818187713623,4.62545442581177,5,5,0.789855062961578,0.967391312122345,1,1,27,1.02999997138977,0
05,2016-05-18,52050040,,"",SANDONA [52050040],Pluviométrica,Convencional,Activa,Nariño,Sandoná,1.3223,-77.4792,20,9/15/1963,,Cudayari,Pacifico,Patía,Río Guáitara,2016,18,Andes,Preliminar,0,0,0,1.57105910778046,1.57105910778046,0,0.547632813453674,0,3.93818187713623,4.62545442581177,5,5,0.789855062961578,0.967391312122345,1,1,28,1.02999997138977,0
05,2019-05-23,52050040,0,Definitivo,SANDONA [52050040],Pluviométrica,Convencional,Activa,Nariño,Sandoná,1.3223,-77.4792,20,9/15/1963,,Cudayari,Pacifico,Patía,Río Guáitara,2019,23,Andes,Definitivo,0,0,0,5.38311052322388,5.38311052322388,0,5.50917530059815,1.67083060741425,3.93818187713623,4.62545442581177,5,5,0.789855062961578,0.967391312122345,1,1,29,1.02999997138977,0
05,2018-05-22,52050040,0,Definitivo,SANDONA [52050040],Pluviométrica,Convencional,Activa,Nariño,Sandoná,1.3223,-77.4792,20,9/15/1963,,Cudayari,Pacifico,Patía,Río Guáitara,2018,22,Andes,Definitivo,0,0,0,2.17592239379883,2.17592239379883,0,1.31636571884155,0.453790336847305,3.93818187713623,4.62545442581177,5,5,0.789855062961578,0.967391312122345,1,1,29,1.02999997138977,0
05,2018-05-21,52050040,10,Definitivo,SANDONA [52050040],Pluviométrica,Convencional,Activa,Nariño,Sandoná,1.3223,-77.4792,20,9/15/1963,,Cudayari,Pacifico,Patía,Río Guáitara,2018,21,Andes,Definitivo,10,10,0,5.01759338378906,5.01759338378906,17.282356262207,5.37004709243774,6.18804883956909,3.93818187713623,4.62545442581177,5,5,0.789855062961578,0.967391312122345,1,1,29,1.02999997138977,10.2999997138977
05,2019-05-19,52050040,6,Definitivo,SANDONA [52050040],Pluviométrica,Convencional,Activa,Nariño,Sandoná,1.3223,-77.4792,20,9/15/1963,,Cudayari,Pacifico,Patía,Río Guáitara,2019,19,Andes,Definitivo,6,6,0,6.74581670761108,6.74581670761108,0,12.1824712753296,15.6323928833008,3.93818187713623,4.62545442581177,5,5,0.789855062961578,0.967391312122345,1,1,28,1.02999997138977,6.17999982833862
05,2017-05-19,52050040,,"",SANDONA [52050040],Pluviométrica,Convencional,Activa,Nariño,Sandoná,1.3223,-77.4792,20,9/15/1963,,Cudayari,Pacifico,Patía,Río Guáitara,2017,19,Andes,Preliminar,0,0,0,4.69281435012817,4.69281435012817,0,3.70391726493835,0.0764057412743568,3.93818187713623,4.62545442581177,5,5,0.789855062961578,0.967391312122345,1,1,28,1.02999997138977,0
05,2014-05-08,52050040,22,Definitivo,SANDONA [52050040],Pluviométrica,Convencional,Activa,Nariño,Sandoná,1.3223,-77.4792,20,9/15/1963,,Cudayari,Pacifico,Patía,Río Guáitara,2014,08,Andes,Definitivo,22,22,0,9.11442470550537,9.11442470550537,0,18.5032386779785,21.8915214538574,3.93818187713623,4.62545442581177,5,5,0.789855062961578,0.967391312122345,1,1,26,1.02999997138977,22.659999370575
05,2016-05-08,52050040,22,Definitivo,SANDONA [52050040],Pluviométrica,Convencional,Activa,Nariño,Sandoná,1.3223,-77.4792,20,9/15/1963,,Cudayari,Pacifico,Patía,Río Guáitara,2016,08,Andes,Definitivo,22,22,0,6.45777273178101,6.45777273178101,0,13.3237953186035,3.10933876037598,3.93818187713623,4.62545442581177,5,5,0.789855062961578,0.967391312122345,1,1,26,1.02999997138977,22.659999370575
05,2016-05-09,52050040,17,Definitivo,SANDONA [52050040],Pluviométrica,Convencional,Activa,Nariño,Sandoná,1.3223,-77.4792,20,9/15/1963,,Cudayari,Pacifico,Patía,Río Guáitara,2016,09,Andes,Definitivo,17,17,0,7.39791488647461,7.39791488647461,0,13.332389831543,17.6574459075928,3.93818187713623,4.62545442581177,5,5,0.789855062961578,0.967391312122345,1,1,26,1.02999997138977,17.5099995136261
05,2014-05-16,52050040,4,Definitivo,SANDONA [52050040],Pluviométrica,Convencional,Activa,Nariño,Sandoná,1.3223,-77.4792,20,9/15/1963,,Cudayari,Pacifico,Patía,Río Guáitara,2014,16,Andes,Definitivo,4,4,0,10.6569490432739,10.6569490432739,6.90685749053955,4.69428014755249,8.48187351226807,3.93818187713623,4.62545442581177,5,5,0.789855062961578,0.967391312122345,1,1,28,1.02999997138977,4.11999988555908
05,2015-05-13,52050040,,"",SANDONA [52050040],Pluviométrica,Convencional,Activa,Nariño,Sandoná,1.3223,-77.4792,20,9/15/1963,,Cudayari,Pacifico,Patía,Río Guáitara,2015,13,Andes,Preliminar,0,0,0,3.79329371452332,3.79329371452332,0,0.947667837142944,4.53033256530762,3.93818187713623,4.62545442581177,5,5,0.789855062961578,0.967391312122345,1,1,27,1.02999997138977,0
05,2011-05-06,52050040,,"",SANDONA [52050040],Pluviométrica,Convencional,Activa,Nariño,Sandoná,1.3223,-77.4792,20,9/15/1963,,Cudayari,Pacifico,Patía,Río Guáitara,2011,06,Andes,Preliminar,0,0,0,1.67246556282043,1.67246556282043,0,0.239691808819771,0.0816764384508133,3.93818187713623,4.62545442581177,5,5,0.789855062961578,0.967391312122345,1,1,26,1.02999997138977,0
05,2016-05-10,52050040,2,Definitivo,SANDONA [52050040],Pluviométrica,Convencional,Activa,Nariño,Sandoná,1.3223,-77.4792,20,9/15/1963,,Cudayari,Pacifico,Patía,Río Guáitara,2016,10,Andes,Definitivo,2,2,0,12.7734241485596,12.7734241485596,35.5472831726074,14.4190883636475,23.3318691253662,3.93818187713623,4.62545442581177,5,5,0.789855062961578,0.967391312122345,1,1,26,1.02999997138977,2.05999994277954
05,2016-05-11,52050040,3,Definitivo,SANDONA [52050040],Pluviométrica,Convencional,Activa,Nariño,Sandoná,1.3223,-77.4792,20,9/15/1963,,Cudayari,Pacifico,Patía,Río Guáitara,2016,11,Andes,Definitivo,3,3,0,10.8655557632446,10.8655557632446,0,7.59592628479004,5.21103620529175,3.93818187713623,4.62545442581177,5,5,0.789855062961578,0.967391312122345,1,1,27,1.02999997138977,3.08999991416931
05,2015-05-22,52050040,20,Definitivo,SANDONA [52050040],Pluviométrica,Convencional,Activa,Nariño,Sandoná,1.3223,-77.4792,20,9/15/1963,,Cudayari,Pacifico,Patía,Río Guáitara,2015,22,Andes,Definitivo,20,20,0,2.00214958190918,2.00214958190918,0,2.53660893440247,1.16034054756165,3.93818187713623,4.62545442581177,5,5,0.789855062961578,0.967391312122345,1,1,29,1.02999997138977,20.5999994277954
05,2002-05-03,52050040,,"",SANDONA [52050040],Pluviométrica,Convencional,Activa,Nariño,Sandoná,1.3223,-77.4792,20,9/15/1963,,Cudayari,Pacifico,Patía,Río Guáitara,2002,03,Andes,Preliminar,0,0,0,3.40795302391052,3.40795302391052,0,2.20480346679688,0,3.93818187713623,4.62545442581177,5,5,0.789855062961578,0.967391312122345,1,1,25,1.02999997138977,0
05,2009-05-01,52050040,37,Definitivo,SANDONA [52050040],Pluviométrica,Convencional,Activa,Nariño,Sandoná,1.3223,-77.4792,20,9/15/1963,,Cudayari,Pacifico,Patía,Río Guáitara,2009,01,Andes,Definitivo,37,37,0,5.06518363952637,5.06518363952637,6.99441194534302,12.2062206268311,7.55056810379028,3.93818187713623,4.62545442581177,5,5,0.789855062961578,0.967391312122345,1,1,25,1.02999997138977,38.1099989414215
05,2009-05-02,52050040,2,Definitivo,SANDONA [52050040],Pluviométrica,Convencional,Activa,Nariño,Sandoná,1.3223,-77.4792,20,9/15/1963,,Cudayari,Pacifico,Patía,Río Guáitara,2009,02,Andes,Definitivo,2,2,0,8.83015251159668,8.83015251159668,34.9720573425293,10.0850496292114,21.2675628662109,3.93818187713623,4.62545442581177,5,5,0.789855062961578,0.967391312122345,1,1,25,1.02999997138977,2.05999994277954
05,2009-05-03,52050040,3,Definitivo,SANDONA [52050040],Pluviométrica,Convencional,Activa,Nariño,Sandoná,1.3223,-77.4792,20,9/15/1963,,Cudayari,Pacifico,Patía,Río Guáitara,2009,03,Andes,Definitivo,3,3,0,14.0310096740723,14.0310096740723,0,11.0905170440674,0.843703925609589,3.93818187713623,4.62545442581177,5,5,0.789855062961578,0.967391312122345,1,1,25,1.02999997138977,3.08999991416931
05,2017-05-14,52050040,,"",SANDONA [52050040],Pluviométrica,Convencional,Activa,Nariño,Sandoná,1.3223,-77.4792,20,9/15/1963,,Cudayari,Pacifico,Patía,Río Guáitara,2017,14,Andes,Preliminar,0,0,0,24.4920959472656,24.4920959472656,13.3378238677979,5.70211839675903,17.5124168395996,3.93818187713623,4.62545442581177,5,5,0.789855062961578,0.967391312122345,1,1,27,1.02999997138977,0
05,2019-05-09,52050040,4,Definitivo,SANDONA [52050040],Pluviométrica,Convencional,Activa,Nariño,Sandoná,1.3223,-77.4792,20,9/15/1963,,Cudayari,Pacifico,Patía,Río Guáitara,2019,09,Andes,Definitivo,4,4,0,3.74249386787415,3.74249386787415,0,3.17632412910461,0.780326783657074,3.93818187713623,4.62545442581177,5,5,0.789855062961578,0.967391312122345,1,1,26,1.02999997138977,4.11999988555908
05,2020-05-06,52050040,1,En revisión,SANDONA [52050040],Pluviométrica,Convencional,Activa,Nariño,Sandoná,1.3223,-77.4792,20,9/15/1963,,Cudayari,Pacifico,Patía,Río Guáitara,2020,06,Andes,En revisión,1,1,0,2.32615613937378,2.32615613937378,0,1.07936990261078,0,3.93818187713623,4.62545442581177,5,5,0.789855062961578,0.967391312122345,1,1,26,1.02999997138977,1.02999997138977
05,2021-05-04,52050040,,"",SANDONA [52050040],Pluviométrica,Convencional,Activa,Nariño,Sandoná,1.3223,-77.4792,20,9/15/1963,,Cudayari,Pacifico,Patía,Río Guáitara,2021,04,Andes,Preliminar,0,0,0,1.81304550170898,1.81304550170898,0,0.470550268888474,0.785989344120026,3.93818187713623,4.62545442581177,5,5,0.789855062961578,0.967391312122345,1,1,25,1.02999997138977,0
05,2020-05-01,52050040,2,En revisión,SANDONA [52050040],Pluviométrica,Convencional,Activa,Nariño,Sandoná,1.3223,-77.4792,20,9/15/1963,,Cudayari,Pacifico,Patía,Río Guáitara,2020,01,Andes,En revisión,2,2,0,3.9011116027832,3.9011116027832,0,2.21186971664429,0,3.93818187713623,4.62545442581177,5,5,0.789855062961578,0.967391312122345,1,1,25,1.02999997138977,2.05999994277954
05,2010-05-02,52050040,24,Definitivo,SANDONA [52050040],Pluviométrica,Convencional,Activa,Nariño,Sandoná,1.3223,-77.4792,20,9/15/1963,,Cudayari,Pacifico,Patía,Río Guáitara,2010,02,Andes,Definitivo,24,24,0,4.62363481521606,4.62363481521606,0,4.83988761901856,3.42201662063599,3.93818187713623,4.62545442581177,5,5,0.789855062961578,0.967391312122345,1,1,25,1.02999997138977,24.7199993133545
05,2018-05-04,52050040,7,Definitivo,SANDONA [52050040],Pluviométrica,Convencional,Activa,Nariño,Sandoná,1.3223,-77.4792,20,9/15/1963,,Cudayari,Pacifico,Patía,Río Guáitara,2018,04,Andes,Definitivo,7,7,0,6.30673933029175,6.30673933029175,0,4.01653671264648,8.36586761474609,3.93818187713623,4.62545442581177,5,5,0.789855062961578,0.967391312122345,1,1,25,1.02999997138977,7.20999979972839
05,2018-05-05,52050040,,"",SANDONA [52050040],Pluviométrica,Convencional,Activa,Nariño,Sandoná,1.3223,-77.4792,20,9/15/1963,,Cudayari,Pacifico,Patía,Río Guáitara,2018,05,Andes,Preliminar,0,0,0,5.99709033966065,5.99709033966065,9.56360340118408,4.2153377532959,10.1869621276855,3.93818187713623,4.62545442581177,5,5,0.789855062961578,0.967391312122345,1,1,25,1.02999997138977,0
05,2014-05-18,52050040,1,Definitivo,SANDONA [52050040],Pluviométrica,Convencional,Activa,Nariño,Sandoná,1.3223,-77.4792,20,9/15/1963,,Cudayari,Pacifico,Patía,Río Guáitara,2014,18,Andes,Definitivo,1,1,0,3.81199789047241,3.81199789047241,0,1.03890657424927,0.913142740726471,3.93818187713623,4.62545442581177,5,5,0.789855062961578,0.967391312122345,1,1,28,1.02999997138977,1.02999997138977
05,2015-05-23,52050040,,"",SANDONA [52050040],Pluviométrica,Convencional,Activa,Nariño,Sandoná,1.3223,-77.4792,20,9/15/1963,,Cudayari,Pacifico,Patía,Río Guáitara,2015,23,Andes,Preliminar,0,0,0,3.31666731834412,3.31666731834412,0,2.2325587272644,1.063645362854,3.93818187713623,4.62545442581177,5,5,0.789855062961578,0.967391312122345,1,1,29,1.02999997138977,0
05,2017-05-23,52050040,,"",SANDONA [52050040],Pluviométrica,Convencional,Activa,Nariño,Sandoná,1.3223,-77.4792,20,9/15/1963,,Cudayari,Pacifico,Patía,Río Guáitara,2017,23,Andes,Preliminar,0,0,0,1.19134664535522,1.19134664535522,0,0.983995199203491,1.13474500179291,3.93818187713623,4.62545442581177,5,5,0.789855062961578,0.967391312122345,1,1,29,1.02999997138977,0
05,2017-05-18,52050040,6,Definitivo,SANDONA [52050040],Pluviométrica,Convencional,Activa,Nariño,Sandoná,1.3223,-77.4792,20,9/15/1963,,Cudayari,Pacifico,Patía,Río Guáitara,2017,18,Andes,Definitivo,6,6,0,4.62210845947266,4.62210845947266,0,3.27891182899475,2.27852845191956,3.93818187713623,4.62545442581177,5,5,0.789855062961578,0.967391312122345,1,1,28,1.02999997138977,6.17999982833862
05,2015-05-19,52050040,,"",SANDONA [52050040],Pluviométrica,Convencional,Activa,Nariño,Sandoná,1.3223,-77.4792,20,9/15/1963,,Cudayari,Pacifico,Patía,Río Guáitara,2015,19,Andes,Preliminar,0,0,0,5.48044157028198,5.48044157028198,0,1.16933858394623,0.219221711158752,3.93818187713623,4.62545442581177,5,5,0.789855062961578,0.967391312122345,1,1,28,1.02999997138977,0
05,2013-05-04,52050040,,"",SANDONA [52050040],Pluviométrica,Convencional,Activa,Nariño,Sandoná,1.3223,-77.4792,20,9/15/1963,,Cudayari,Pacifico,Patía,Río Guáitara,2013,04,Andes,Preliminar,2,2,0,4.9391622543335,4.9391622543335,25.1860446929932,9.51849842071533,31.8145046234131,3.93818187713623,4.62545442581177,5,5,0.789855062961578,0.967391312122345,1,1,25,1.02999997138977,2.05999994277954
05,2015-05-05,52050040,,"",SANDONA [52050040],Pluviométrica,Convencional,Activa,Nariño,Sandoná,1.3223,-77.4792,20,9/15/1963,,Cudayari,Pacifico,Patía,Río Guáitara,2015,05,Andes,Preliminar,0,0,0,6.83376359939575,6.83376359939575,4.1443133354187,1.96010744571686,0.470782548189163,3.93818187713623,4.62545442581177,5,5,0.789855062961578,0.967391312122345,1,1,25,1.02999997138977,0
05,2015-05-06,52050040,,"",SANDONA [52050040],Pluviométrica,Convencional,Activa,Nariño,Sandoná,1.3223,-77.4792,20,9/15/1963,,Cudayari,Pacifico,Patía,Río Guáitara,2015,06,Andes,Preliminar,0,0,0,5.99390697479248,5.99390697479248,4.72253227233887,1.50501906871796,2.73435258865356,3.93818187713623,4.62545442581177,5,5,0.789855062961578,0.967391312122345,1,1,26,1.02999997138977,0
05,2017-05-06,52050040,11,Definitivo,SANDONA [52050040],Pluviométrica,Convencional,Activa,Nariño,Sandoná,1.3223,-77.4792,20,9/15/1963,,Cudayari,Pacifico,Patía,Río Guáitara,2017,06,Andes,Definitivo,11,11,0,11.4097023010254,11.4097023010254,0,41.389102935791,2.30275845527649,3.93818187713623,4.62545442581177,5,5,0.789855062961578,0.967391312122345,1,1,26,1.02999997138977,11.3299996852875
05,2016-05-03,52050040,1,Definitivo,SANDONA [52050040],Pluviométrica,Convencional,Activa,Nariño,Sandoná,1.3223,-77.4792,20,9/15/1963,,Cudayari,Pacifico,Patía,Río Guáitara,2016,03,Andes,Definitivo,1,1,0,4.46241474151611,4.46241474151611,16.2904567718506,4.94972848892212,28.3819160461426,3.93818187713623,4.62545442581177,5,5,0.789855062961578,0.967391312122345,1,1,25,1.02999997138977,1.02999997138977
05,2017-05-01,52050040,8,Definitivo,SANDONA [52050040],Pluviométrica,Convencional,Activa,Nariño,Sandoná,1.3223,-77.4792,20,9/15/1963,,Cudayari,Pacifico,Patía,Río Guáitara,2017,01,Andes,Definitivo,8,8,0,3.46202230453491,3.46202230453491,0,13.2297620773315,1.07496273517609,3.93818187713623,4.62545442581177,5,5,0.789855062961578,0.967391312122345,1,1,25,1.02999997138977,8.23999977111816
05,2010-05-03,52050040,7,Definitivo,SANDONA [52050040],Pluviométrica,Convencional,Activa,Nariño,Sandoná,1.3223,-77.4792,20,9/15/1963,,Cudayari,Pacifico,Patía,Río Guáitara,2010,03,Andes,Definitivo,7,7,0,11.2617168426514,11.2617168426514,30.0058403015137,34.3450660705566,25.3160133361816,3.93818187713623,4.62545442581177,5,5,0.789855062961578,0.967391312122345,1,1,25,1.02999997138977,7.20999979972839
05,2014-05-04,52050040,3,Definitivo,SANDONA [52050040],Pluviométrica,Convencional,Activa,Nariño,Sandoná,1.3223,-77.4792,20,9/15/1963,,Cudayari,Pacifico,Patía,Río Guáitara,2014,04,Andes,Definitivo,3,3,0,9.61301517486572,9.61301517486572,13.2511892318726,9.09728050231934,5.14404916763306,3.93818187713623,4.62545442581177,5,5,0.789855062961578,0.967391312122345,1,1,25,1.02999997138977,3.08999991416931
05,2017-05-08,52050040,7,Definitivo,SANDONA [52050040],Pluviométrica,Convencional,Activa,Nariño,Sandoná,1.3223,-77.4792,20,9/15/1963,,Cudayari,Pacifico,Patía,Río Guáitara,2017,08,Andes,Definitivo,7,7,0,4.19757175445557,4.19757175445557,88.4776992797852,12.0684747695923,30.3930854797363,3.93818187713623,4.62545442581177,5,5,0.789855062961578,0.967391312122345,1,1,26,1.02999997138977,7.20999979972839
05,2014-05-19,52050040,,"",SANDONA [52050040],Pluviométrica,Convencional,Activa,Nariño,Sandoná,1.3223,-77.4792,20,9/15/1963,,Cudayari,Pacifico,Patía,Río Guáitara,2014,19,Andes,Preliminar,0,0,0,3.61543703079224,3.61543703079224,0,0.967709064483643,0.0847245827317238,3.93818187713623,4.62545442581177,5,5,0.789855062961578,0.967391312122345,1,1,28,1.02999997138977,0
05,2016-05-19,52050040,,"",SANDONA [52050040],Pluviométrica,Convencional,Activa,Nariño,Sandoná,1.3223,-77.4792,20,9/15/1963,,Cudayari,Pacifico,Patía,Río Guáitara,2016,19,Andes,Preliminar,0,0,0,1.37481045722961,1.37481045722961,0,0.42902597784996,0,3.93818187713623,4.62545442581177,5,5,0.789855062961578,0.967391312122345,1,1,28,1.02999997138977,0
05,2005-05-01,52050040,,"",SANDONA [52050040],Pluviométrica,Convencional,Activa,Nariño,Sandoná,1.3223,-77.4792,20,9/15/1963,,Cudayari,Pacifico,Patía,Río Guáitara,2005,01,Andes,Preliminar,0,0,0,1.42831003665924,1.42831003665924,0,1.52973520755768,2.27487516403198,3.93818187713623,4.62545442581177,5,5,0.789855062961578,0.967391312122345,1,1,25,1.02999997138977,0
05,2007-05-02,52050040,4,Definitivo,SANDONA [52050040],Pluviométrica,Convencional,Activa,Nariño,Sandoná,1.3223,-77.4792,20,9/15/1963,,Cudayari,Pacifico,Patía,Río Guáitara,2007,02,Andes,Definitivo,4,4,0,4.96459054946899,4.96459054946899,0,4.68354177474976,0.021516652777791,3.93818187713623,4.62545442581177,5,5,0.789855062961578,0.967391312122345,1,1,25,1.02999997138977,4.11999988555908
05,2016-05-16,52050040,,"",SANDONA [52050040],Pluviométrica,Convencional,Activa,Nariño,Sandoná,1.3223,-77.4792,20,9/15/1963,,Cudayari,Pacifico,Patía,Río Guáitara,2016,16,Andes,Preliminar,0,0,0,0.881844818592072,0.881844818592072,0,0.552723050117493,0.335748553276062,3.93818187713623,4.62545442581177,5,5,0.789855062961578,0.967391312122345,1,1,28,1.02999997138977,0
05,2018-05-11,52050040,7,Definitivo,SANDONA [52050040],Pluviométrica,Convencional,Activa,Nariño,Sandoná,1.3223,-77.4792,20,9/15/1963,,Cudayari,Pacifico,Patía,Río Guáitara,2018,11,Andes,Definitivo,7,7,0,2.05408096313477,2.05408096313477,0,9.75502681732178,0,3.93818187713623,4.62545442581177,5,5,0.789855062961578,0.967391312122345,1,1,27,1.02999997138977,7.20999979972839
05,2021-05-03,52050040,0,En revisión,SANDONA [52050040],Pluviométrica,Convencional,Activa,Nariño,Sandoná,1.3223,-77.4792,20,9/15/1963,,Cudayari,Pacifico,Patía,Río Guáitara,2021,03,Andes,En revisión,0,0,0,6.57021188735962,6.57021188735962,0,4.30772352218628,0,3.93818187713623,4.62545442581177,5,5,0.789855062961578,0.967391312122345,1,1,25,1.02999997138977,0
05,2022-05-01,52050040,,"",SANDONA [52050040],Pluviométrica,Convencional,Activa,Nariño,Sandoná,1.3223,-77.4792,20,9/15/1963,,Cudayari,Pacifico,Patía,Río Guáitara,2022,01,Andes,Preliminar,0,0,0,6.50687885284424,6.50687885284424,0,3.14893198013306,0.350365519523621,3.93818187713623,4.62545442581177,5,5,0.789855062961578,0.967391312122345,1,1,25,1.02999997138977,0
05,2017-05-03,52050040,0,Definitivo,SANDONA [52050040],Pluviométrica,Convencional,Activa,Nariño,Sandoná,1.3223,-77.4792,20,9/15/1963,,Cudayari,Pacifico,Patía,Río Guáitara,2017,03,Andes,Definitivo,0,0,0,3.7841534614563,3.7841534614563,0,8.20729732513428,11.3848342895508,3.93818187713623,4.62545442581177,5,5,0.789855062961578,0.967391312122345,1,1,25,1.02999997138977,0
05,2014-05-03,52050040,2,Definitivo,SANDONA [52050040],Pluviométrica,Convencional,Activa,Nariño,Sandoná,1.3223,-77.4792,20,9/15/1963,,Cudayari,Pacifico,Patía,Río Guáitara,2014,03,Andes,Definitivo,2,2,0,6.103355884552,6.103355884552,26.5023784637451,9.61264038085938,34.2389373779297,3.93818187713623,4.62545442581177,5,5,0.789855062961578,0.967391312122345,1,1,25,1.02999997138977,2.05999994277954
05,2015-05-16,52050040,,"",SANDONA [52050040],Pluviométrica,Convencional,Activa,Nariño,Sandoná,1.3223,-77.4792,20,9/15/1963,,Cudayari,Pacifico,Patía,Río Guáitara,2015,16,Andes,Preliminar,0,0,0,7.73707580566406,7.73707580566406,6.27833557128906,1.536505818367,2.92295598983765,3.93818187713623,4.62545442581177,5,5,0.789855062961578,0.967391312122345,1,1,28,1.02999997138977,0
05,2008-05-02,52050040,1,Definitivo,SANDONA [52050040],Pluviométrica,Convencional,Activa,Nariño,Sandoná,1.3223,-77.4792,20,9/15/1963,,Cudayari,Pacifico,Patía,Río Guáitara,2008,02,Andes,Definitivo,1,1,0,14.1622867584229,14.1622867584229,20.2033767700195,15.6216163635254,27.2715358734131,3.93818187713623,4.62545442581177,5,5,0.789855062961578,0.967391312122345,1,1,25,1.02999997138977,1.02999997138977
05,2016-05-04,52050040,,"",SANDONA [52050040],Pluviométrica,Convencional,Activa,Nariño,Sandoná,1.3223,-77.4792,20,9/15/1963,,Cudayari,Pacifico,Patía,Río Guáitara,2016,04,Andes,Preliminar,0,0,0,9.57968425750732,9.57968425750732,0,10.370343208313,2.73430490493774,3.93818187713623,4.62545442581177,5,5,0.789855062961578,0.967391312122345,1,1,25,1.02999997138977,0
05,2016-05-12,52050040,,"",SANDONA [52050040],Pluviométrica,Convencional,Activa,Nariño,Sandoná,1.3223,-77.4792,20,9/15/1963,,Cudayari,Pacifico,Patía,Río Guáitara,2016,12,Andes,Preliminar,0,0,0,4.88417720794678,4.88417720794678,0,1.68240094184876,1.13595080375671,3.93818187713623,4.62545442581177,5,5,0.789855062961578,0.967391312122345,1,1,27,1.02999997138977,0
05,2011-05-04,52050040,,"",SANDONA [52050040],Pluviométrica,Convencional,Activa,Nariño,Sandoná,1.3223,-77.4792,20,9/15/1963,,Cudayari,Pacifico,Patía,Río Guáitara,2011,04,Andes,Preliminar,0,0,0,0.607390582561493,0.607390582561493,0,0.287453263998032,0.213578790426254,3.93818187713623,4.62545442581177,5,5,0.789855062961578,0.967391312122345,1,1,25,1.02999997138977,0
05,2016-05-20,52050040,,"",SANDONA [52050040],Pluviométrica,Convencional,Activa,Nariño,Sandoná,1.3223,-77.4792,20,9/15/1963,,Cudayari,Pacifico,Patía,Río Guáitara,2016,20,Andes,Preliminar,0,0,0,1.9369295835495,1.9369295835495,0,0.521415174007416,0,3.93818187713623,4.62545442581177,5,5,0.789855062961578,0.967391312122345,1,1,28,1.02999997138977,0
05,2015-05-18,52050040,1,Definitivo,SANDONA [52050040],Pluviométrica,Convencional,Activa,Nariño,Sandoná,1.3223,-77.4792,20,9/15/1963,,Cudayari,Pacifico,Patía,Río Guáitara,2015,18,Andes,Definitivo,1,1,0,8.96437549591065,8.96437549591065,0,1.45717418193817,0.548054218292236,3.93818187713623,4.62545442581177,5,5,0.789855062961578,0.967391312122345,1,1,28,1.02999997138977,1.02999997138977
05,2007-05-03,52050040,5,Definitivo,SANDONA [52050040],Pluviométrica,Convencional,Activa,Nariño,Sandoná,1.3223,-77.4792,20,9/15/1963,,Cudayari,Pacifico,Patía,Río Guáitara,2007,03,Andes,Definitivo,5,5,0,3.1324200630188,3.1324200630188,0,4.1305627822876,7.16504573822022,3.93818187713623,4.62545442581177,5,5,0.789855062961578,0.967391312122345,1,1,25,1.02999997138977,5.14999985694885
05,2014-05-02,52050040,21,Definitivo,SANDONA [52050040],Pluviométrica,Convencional,Activa,Nariño,Sandoná,1.3223,-77.4792,20,9/15/1963,,Cudayari,Pacifico,Patía,Río Guáitara,2014,02,Andes,Definitivo,21,21,0,5.70100212097168,5.70100212097168,0,7.80805253982544,0.0788768380880356,3.93818187713623,4.62545442581177,5,5,0.789855062961578,0.967391312122345,1,1,25,1.02999997138977,21.6299993991852
05,2011-05-05,52050040,3,Definitivo,SANDONA [52050040],Pluviométrica,Convencional,Activa,Nariño,Sandoná,1.3223,-77.4792,20,9/15/1963,,Cudayari,Pacifico,Patía,Río Guáitara,2011,05,Andes,Definitivo,3,3,0,0.840709626674652,0.840709626674652,0,0.170955464243889,0.310660064220428,3.93818187713623,4.62545442581177,5,5,0.789855062961578,0.967391312122345,1,1,25,1.02999997138977,3.08999991416931
05,2013-05-05,52050040,38,Definitivo,SANDONA [52050040],Pluviométrica,Convencional,Activa,Nariño,Sandoná,1.3223,-77.4792,20,9/15/1963,,Cudayari,Pacifico,Patía,Río Guáitara,2013,05,Andes,Definitivo,38,38,0,15.3629884719849,15.3629884719849,25.1860446929932,16.5100231170654,8.43756294250488,3.93818187713623,4.62545442581177,5,5,0.789855062961578,0.967391312122345,1,1,25,1.02999997138977,39.1399989128113
05,2012-05-02,52050040,3,Definitivo,SANDONA [52050040],Pluviométrica,Convencional,Activa,Nariño,Sandoná,1.3223,-77.4792,20,9/15/1963,,Cudayari,Pacifico,Patía,Río Guáitara,2012,02,Andes,Definitivo,3,3,0,4.0250678062439,4.0250678062439,29.1150169372559,8.26157665252686,14.5520610809326,3.93818187713623,4.62545442581177,5,5,0.789855062961578,0.967391312122345,1,1,25,1.02999997138977,3.08999991416931
05,2016-05-05,52050040,5,Definitivo,SANDONA [52050040],Pluviométrica,Convencional,Activa,Nariño,Sandoná,1.3223,-77.4792,20,9/15/1963,,Cudayari,Pacifico,Patía,Río Guáitara,2016,05,Andes,Definitivo,5,5,0,8.28127384185791,8.28127384185791,0,3.37969875335693,0,3.93818187713623,4.62545442581177,5,5,0.789855062961578,0.967391312122345,1,1,25,1.02999997138977,5.14999985694885
05,2017-05-09,52050040,18,Definitivo,SANDONA [52050040],Pluviométrica,Convencional,Activa,Nariño,Sandoná,1.3223,-77.4792,20,9/15/1963,,Cudayari,Pacifico,Patía,Río Guáitara,2017,09,Andes,Definitivo,18,18,0,4.99027824401856,4.99027824401856,0,8.29258251190186,22.578670501709,3.93818187713623,4.62545442581177,5,5,0.789855062961578,0.967391312122345,1,1,26,1.02999997138977,18.5399994850159
05,2015-05-17,52050040,,"",SANDONA [52050040],Pluviométrica,Convencional,Activa,Nariño,Sandoná,1.3223,-77.4792,20,9/15/1963,,Cudayari,Pacifico,Patía,Río Guáitara,2015,17,Andes,Preliminar,0,0,0,5.93404006958008,5.93404006958008,6.27833557128906,6.39108371734619,7.07903480529785,3.93818187713623,4.62545442581177,5,5,0.789855062961578,0.967391312122345,1,1,28,1.02999997138977,0
05,2015-05-01,52050040,,"",SANDONA [52050040],Pluviométrica,Convencional,Activa,Nariño,Sandoná,1.3223,-77.4792,20,9/15/1963,,Cudayari,Pacifico,Patía,Río Guáitara,2015,01,Andes,Preliminar,0,0,0,6.76931095123291,6.76931095123291,8.2886266708374,1.26150393486023,4.87290477752686,3.93818187713623,4.62545442581177,5,5,0.789855062961578,0.967391312122345,1,1,25,1.02999997138977,0
05,2016-05-15,52050040,,"",SANDONA [52050040],Pluviométrica,Convencional,Activa,Nariño,Sandoná,1.3223,-77.4792,20,9/15/1963,,Cudayari,Pacifico,Patía,Río Guáitara,2016,15,Andes,Preliminar,0,0,0,12.6641025543213,12.6641025543213,19.0654048919678,1.22987020015717,3.43542337417603,3.93818187713623,4.62545442581177,5,5,0.789855062961578,0.967391312122345,1,1,27,1.02999997138977,0
05,2017-05-13,52050040,7,Definitivo,SANDONA [52050040],Pluviométrica,Convencional,Activa,Nariño,Sandoná,1.3223,-77.4792,20,9/15/1963,,Cudayari,Pacifico,Patía,Río Guáitara,2017,13,Andes,Definitivo,7,7,0,10.8133916854858,10.8133916854858,13.3378238677979,6.78966665267944,4.87041330337524,3.93818187713623,4.62545442581177,5,5,0.789855062961578,0.967391312122345,1,1,27,1.02999997138977,7.20999979972839
05,2020-05-05,52050040,,"",SANDONA [52050040],Pluviométrica,Convencional,Activa,Nariño,Sandoná,1.3223,-77.4792,20,9/15/1963,,Cudayari,Pacifico,Patía,Río Guáitara,2020,05,Andes,Preliminar,0,0,0,2.70557832717896,2.70557832717896,0,1.23211419582367,0.681156992912293,3.93818187713623,4.62545442581177,5,5,0.789855062961578,0.967391312122345,1,1,25,1.02999997138977,0
05,2014-05-20,52050040,5,Definitivo,SANDONA [52050040],Pluviométrica,Convencional,Activa,Nariño,Sandoná,1.3223,-77.4792,20,9/15/1963,,Cudayari,Pacifico,Patía,Río Guáitara,2014,20,Andes,Definitivo,5,5,0,2.00342679023743,2.00342679023743,6.90685749053955,3.09435558319092,6.34493064880371,3.93818187713623,4.62545442581177,5,5,0.789855062961578,0.967391312122345,1,1,28,1.02999997138977,5.14999985694885
05,2008-05-01,52050040,10,Definitivo,SANDONA [52050040],Pluviométrica,Convencional,Activa,Nariño,Sandoná,1.3223,-77.4792,20,9/15/1963,,Cudayari,Pacifico,Patía,Río Guáitara,2008,01,Andes,Definitivo,10,10,0,9.92570495605469,9.92570495605469,20.2033767700195,14.9507141113281,17.5394439697266,3.93818187713623,4.62545442581177,5,5,0.789855062961578,0.967391312122345,1,1,25,1.02999997138977,10.2999997138977
05,2015-05-02,52050040,,"",SANDONA [52050040],Pluviométrica,Convencional,Activa,Nariño,Sandoná,1.3223,-77.4792,20,9/15/1963,,Cudayari,Pacifico,Patía,Río Guáitara,2015,02,Andes,Preliminar,0,0,0,9.35370922088623,9.35370922088623,0,2.2880117893219,0,3.93818187713623,4.62545442581177,5,5,0.789855062961578,0.967391312122345,1,1,25,1.02999997138977,0
05,2014-05-05,52050040,,"",SANDONA [52050040],Pluviométrica,Convencional,Activa,Nariño,Sandoná,1.3223,-77.4792,20,9/15/1963,,Cudayari,Pacifico,Patía,Río Guáitara,2014,05,Andes,Preliminar,0,0,0,5.37367057800293,5.37367057800293,0,2.95442914962769,0.379461526870728,3.93818187713623,4.62545442581177,5,5,0.789855062961578,0.967391312122345,1,1,25,1.02999997138977,0
05,2019-05-03,52050040,0,Definitivo,SANDONA [52050040],Pluviométrica,Convencional,Activa,Nariño,Sandoná,1.3223,-77.4792,20,9/15/1963,,Cudayari,Pacifico,Patía,Río Guáitara,2019,03,Andes,Definitivo,0,0,0,3.35029745101929,3.35029745101929,3.06667590141296,1.11150979995728,3.69329261779785,3.93818187713623,4.62545442581177,5,5,0.789855062961578,0.967391312122345,1,1,25,1.02999997138977,0
05,2016-05-13,52050040,,"",SANDONA [52050040],Pluviométrica,Convencional,Activa,Nariño,Sandoná,1.3223,-77.4792,20,9/15/1963,,Cudayari,Pacifico,Patía,Río Guáitara,2016,13,Andes,Preliminar,0,0,0,5.34677362442017,5.34677362442017,0,0.949527204036713,1.48335313796997,3.93818187713623,4.62545442581177,5,5,0.789855062961578,0.967391312122345,1,1,27,1.02999997138977,0
05,2017-05-12,52050040,10,Definitivo,SANDONA [52050040],Pluviométrica,Convencional,Activa,Nariño,Sandoná,1.3223,-77.4792,20,9/15/1963,,Cudayari,Pacifico,Patía,Río Guáitara,2017,12,Andes,Definitivo,10,10,0,12.6788272857666,12.6788272857666,0,17.1777172088623,14.2870864868164,3.93818187713623,4.62545442581177,5,5,0.789855062961578,0.967391312122345,1,1,27,1.02999997138977,10.2999997138977
05,2005-05-02,52050040,1,Definitivo,SANDONA [52050040],Pluviométrica,Convencional,Activa,Nariño,Sandoná,1.3223,-77.4792,20,9/15/1963,,Cudayari,Pacifico,Patía,Río Guáitara,2005,02,Andes,Definitivo,1,1,0,2.15362334251404,2.15362334251404,0,3.38705110549927,8.02136039733887,3.93818187713623,4.62545442581177,5,5,0.789855062961578,0.967391312122345,1,1,25,1.02999997138977,1.02999997138977
05,2017-05-10,52050040,38,Definitivo,SANDONA [52050040],Pluviométrica,Convencional,Activa,Nariño,Sandoná,1.3223,-77.4792,20,9/15/1963,,Cudayari,Pacifico,Patía,Río Guáitara,2017,10,Andes,Definitivo,38,38,0,10.1014785766602,10.1014785766602,0,17.5255069732666,26.7020244598389,3.93818187713623,4.62545442581177,5,5,0.789855062961578,0.967391312122345,1,1,26,1.02999997138977,39.1399989128113
05,2012-05-01,52050040,7,Definitivo,SANDONA [52050040],Pluviométrica,Convencional,Activa,Nariño,Sandoná,1.3223,-77.4792,20,9/15/1963,,Cudayari,Pacifico,Patía,Río Guáitara,2012,01,Andes,Definitivo,7,7,0,7.91796159744263,7.91796159744263,0,8.423828125,2.81727910041809,3.93818187713623,4.62545442581177,5,5,0.789855062961578,0.967391312122345,1,1,25,1.02999997138977,7.20999979972839
05,2017-05-02,52050040,3,Definitivo,SANDONA [52050040],Pluviométrica,Convencional,Activa,Nariño,Sandoná,1.3223,-77.4792,20,9/15/1963,,Cudayari,Pacifico,Patía,Río Guáitara,2017,02,Andes,Definitivo,3,3,0,3.52089858055115,3.52089858055115,0,4.00412845611572,2.26719427108765,3.93818187713623,4.62545442581177,5,5,0.789855062961578,0.967391312122345,1,1,25,1.02999997138977,3.08999991416931
05,2011-05-01,52050040,,"",SANDONA [52050040],Pluviométrica,Convencional,Activa,Nariño,Sandoná,1.3223,-77.4792,20,9/15/1963,,Cudayari,Pacifico,Patía,Río Guáitara,2011,01,Andes,Preliminar,0,0,0,9.21604537963867,9.21604537963867,0,0.598715841770172,0.0631028264760971,3.93818187713623,4.62545442581177,5,5,0.789855062961578,0.967391312122345,1,1,25,1.02999997138977,0
05,2010-05-01,52050040,13,Definitivo,SANDONA [52050040],Pluviométrica,Convencional,Activa,Nariño,Sandoná,1.3223,-77.4792,20,9/15/1963,,Cudayari,Pacifico,Patía,Río Guáitara,2010,01,Andes,Definitivo,13,13,0,6.30234050750732,6.30234050750732,0,3.90611290931702,9.32586002349854,3.93818187713623,4.62545442581177,5,5,0.789855062961578,0.967391312122345,1,1,25,1.02999997138977,13.389999628067
05,2018-05-06,52050040,14,Definitivo,SANDONA [52050040],Pluviométrica,Convencional,Activa,Nariño,Sandoná,1.3223,-77.4792,20,9/15/1963,,Cudayari,Pacifico,Patía,Río Guáitara,2018,06,Andes,Definitivo,14,14,0,1.03612554073334,1.03612554073334,0,6.81607913970947,0.818603932857513,3.93818187713623,4.62545442581177,5,5,0.789855062961578,0.967391312122345,1,1,26,1.02999997138977,14.4199995994568
05,2018-05-07,52050040,7,Definitivo,SANDONA [52050040],Pluviométrica,Convencional,Activa,Nariño,Sandoná,1.3223,-77.4792,20,9/15/1963,,Cudayari,Pacifico,Patía,Río Guáitara,2018,07,Andes,Definitivo,7,7,0,2.3956606388092,2.3956606388092,12.8574657440186,8.9502477645874,10.3642129898071,3.93818187713623,4.62545442581177,5,5,0.789855062961578,0.967391312122345,1,1,26,1.02999997138977,7.20999979972839
05,2016-05-14,52050040,1,Definitivo,SANDONA [52050040],Pluviométrica,Convencional,Activa,Nariño,Sandoná,1.3223,-77.4792,20,9/15/1963,,Cudayari,Pacifico,Patía,Río Guáitara,2016,14,Andes,Definitivo,1,1,0,14.3041400909424,14.3041400909424,0,3.12766265869141,3.31962299346924,3.93818187713623,4.62545442581177,5,5,0.789855062961578,0.967391312122345,1,1,27,1.02999997138977,1.02999997138977
05,2013-05-01,52050040,4,Definitivo,SANDONA [52050040],Pluviométrica,Convencional,Activa,Nariño,Sandoná,1.3223,-77.4792,20,9/15/1963,,Cudayari,Pacifico,Patía,Río Guáitara,2013,01,Andes,Definitivo,4,4,0,4.25326299667358,4.25326299667358,0,2.60271120071411,0.728750288486481,3.93818187713623,4.62545442581177,5,5,0.789855062961578,0.967391312122345,1,1,25,1.02999997138977,4.11999988555908
05,2019-05-08,52050040,,"",SANDONA [52050040],Pluviométrica,Convencional,Activa,Nariño,Sandoná,1.3223,-77.4792,20,9/15/1963,,Cudayari,Pacifico,Patía,Río Guáitara,2019,08,Andes,Preliminar,0,0,0,2.35287857055664,2.35287857055664,0,1.66962504386902,0.0530033335089684,3.93818187713623,4.62545442581177,5,5,0.789855062961578,0.967391312122345,1,1,26,1.02999997138977,0
05,2021-05-02,52050040,0,En revisión,SANDONA [52050040],Pluviométrica,Convencional,Activa,Nariño,Sandoná,1.3223,-77.4792,20,9/15/1963,,Cudayari,Pacifico,Patía,Río Guáitara,2021,02,Andes,En revisión,0,0,0,3.76253819465637,3.76253819465637,0,3.10481739044189,5.38931894302368,3.93818187713623,4.62545442581177,5,5,0.789855062961578,0.967391312122345,1,1,25,1.02999997138977,0
05,2019-05-02,52050040,,"",SANDONA [52050040],Pluviométrica,Convencional,Activa,Nariño,Sandoná,1.3223,-77.4792,20,9/15/1963,,Cudayari,Pacifico,Patía,Río Guáitara,2019,02,Andes,Preliminar,0,0,0,2.55095672607422,2.55095672607422,0,0.660685241222382,0,3.93818187713623,4.62545442581177,5,5,0.789855062961578,0.967391312122345,1,1,25,1.02999997138977,0
05,2018-05-10,52050040,,"",SANDONA [52050040],Pluviométrica,Convencional,Activa,Nariño,Sandoná,1.3223,-77.4792,20,9/15/1963,,Cudayari,Pacifico,Patía,Río Guáitara,2018,10,Andes,Preliminar,0,0,0,1.42508924007416,1.42508924007416,0,14.2715644836426,5.79892158508301,3.93818187713623,4.62545442581177,5,5,0.789855062961578,0.967391312122345,1,1,26,1.02999997138977,0
05,2018-05-09,52050040,5,Definitivo,SANDONA [52050040],Pluviométrica,Convencional,Activa,Nariño,Sandoná,1.3223,-77.4792,20,9/15/1963,,Cudayari,Pacifico,Patía,Río Guáitara,2018,09,Andes,Definitivo,5,5,0,4.9142746925354,4.9142746925354,0,6.56375932693481,20.2017726898193,3.93818187713623,4.62545442581177,5,5,0.789855062961578,0.967391312122345,1,1,26,1.02999997138977,5.14999985694885
05,2013-05-02,52050040,2,Definitivo,SANDONA [52050040],Pluviométrica,Convencional,Activa,Nariño,Sandoná,1.3223,-77.4792,20,9/15/1963,,Cudayari,Pacifico,Patía,Río Guáitara,2013,02,Andes,Definitivo,2,2,0,4.37424325942993,4.37424325942993,12.5930223464966,8.64112949371338,4.96461200714111,3.93818187713623,4.62545442581177,5,5,0.789855062961578,0.967391312122345,1,1,25,1.02999997138977,2.05999994277954
05,2014-05-06,52050040,6,Definitivo,SANDONA [52050040],Pluviométrica,Convencional,Activa,Nariño,Sandoná,1.3223,-77.4792,20,9/15/1963,,Cudayari,Pacifico,Patía,Río Guáitara,2014,06,Andes,Definitivo,6,6,0,4.8562273979187,4.8562273979187,0,17.5741367340088,22.897102355957,3.93818187713623,4.62545442581177,5,5,0.789855062961578,0.967391312122345,1,1,26,1.02999997138977,6.17999982833862
05,2018-05-08,52050040,0,Definitivo,SANDONA [52050040],Pluviométrica,Convencional,Activa,Nariño,Sandoná,1.3223,-77.4792,20,9/15/1963,,Cudayari,Pacifico,Patía,Río Guáitara,2018,08,Andes,Definitivo,0,0,0,3.30263352394104,3.30263352394104,0,11.2780933380127,10.696234703064,3.93818187713623,4.62545442581177,5,5,0.789855062961578,0.967391312122345,1,1,26,1.02999997138977,0
05,2019-05-04,52050040,,"",SANDONA [52050040],Pluviométrica,Convencional,Activa,Nariño,Sandoná,1.3223,-77.4792,20,9/15/1963,,Cudayari,Pacifico,Patía,Río Guáitara,2019,04,Andes,Preliminar,0,0,0,6.6978907585144,6.6978907585144,3.06667590141296,3.11246967315674,2.05278372764587,3.93818187713623,4.62545442581177,5,5,0.789855062961578,0.967391312122345,1,1,25,1.02999997138977,0
05,2019-05-07,52050040,,"",SANDONA [52050040],Pluviométrica,Convencional,Activa,Nariño,Sandoná,1.3223,-77.4792,20,9/15/1963,,Cudayari,Pacifico,Patía,Río Guáitara,2019,07,Andes,Preliminar,0,0,0,2.15447998046875,2.15447998046875,14.7367095947266,0.654766738414764,6.74320030212402,3.93818187713623,4.62545442581177,5,5,0.789855062961578,0.967391312122345,1,1,26,1.02999997138977,0
05,2005-05-03,52050040,0,Definitivo,SANDONA [52050040],Pluviométrica,Convencional,Activa,Nariño,Sandoná,1.3223,-77.4792,20,9/15/1963,,Cudayari,Pacifico,Patía,Río Guáitara,2005,03,Andes,Definitivo,0,0,0,2.59997010231018,2.59997010231018,8.62727546691895,11.4019527435303,0,3.93818187713623,4.62545442581177,5,5,0.789855062961578,0.967391312122345,1,1,25,1.02999997138977,0
05,2019-05-01,52050040,,"",SANDONA [52050040],Pluviométrica,Convencional,Activa,Nariño,Sandoná,1.3223,-77.4792,20,9/15/1963,,Cudayari,Pacifico,Patía,Río Guáitara,2019,01,Andes,Preliminar,0,0,0,1.3448680639267,1.3448680639267,0,0.153384953737259,0,3.93818187713623,4.62545442581177,5,5,0.789855062961578,0.967391312122345,1,1,25,1.02999997138977,0
05,2016-05-02,52050040,70,Definitivo,SANDONA [52050040],Pluviométrica,Convencional,Activa,Nariño,Sandoná,1.3223,-77.4792,20,9/15/1963,,Cudayari,Pacifico,Patía,Río Guáitara,2016,02,Andes,Definitivo,70,70,0,8.95500755310059,8.95500755310059,32.5809135437012,11.5536642074585,15.5082454681396,3.93818187713623,4.62545442581177,5,5,0.789855062961578,0.967391312122345,1,1,25,1.02999997138977,72.0999979972839
05,2017-05-11,52050040,11,Definitivo,SANDONA [52050040],Pluviométrica,Convencional,Activa,Nariño,Sandoná,1.3223,-77.4792,20,9/15/1963,,Cudayari,Pacifico,Patía,Río Guáitara,2017,11,Andes,Definitivo,11,11,0,9.16788387298584,9.16788387298584,13.3378238677979,19.5021553039551,16.7263431549072,3.93818187713623,4.62545442581177,5,5,0.789855062961578,0.967391312122345,1,1,27,1.02999997138977,11.3299996852875
05,2020-05-03,52050040,1,En revisión,SANDONA [52050040],Pluviométrica,Convencional,Activa,Nariño,Sandoná,1.3223,-77.4792,20,9/15/1963,,Cudayari,Pacifico,Patía,Río Guáitara,2020,03,Andes,En revisión,1,1,0,2.22835969924927,2.22835969924927,0,4.24785423278809,2.1046986579895,3.93818187713623,4.62545442581177,5,5,0.789855062961578,0.967391312122345,1,1,25,1.02999997138977,1.02999997138977
05,2011-05-02,52050040,,"",SANDONA [52050040],Pluviométrica,Convencional,Activa,Nariño,Sandoná,1.3223,-77.4792,20,9/15/1963,,Cudayari,Pacifico,Patía,Río Guáitara,2011,02,Andes,Preliminar,0,0,0,2.20920467376709,2.20920467376709,0,0.13965892791748,0.907709836959839,3.93818187713623,4.62545442581177,5,5,0.789855062961578,0.967391312122345,1,1,25,1.02999997138977,0
05,2021-05-01,52050040,16,En revisión,SANDONA [52050040],Pluviométrica,Convencional,Activa,Nariño,Sandoná,1.3223,-77.4792,20,9/15/1963,,Cudayari,Pacifico,Patía,Río Guáitara,2021,01,Andes,En revisión,16,16,0,3.17339301109314,3.17339301109314,18.806468963623,3.03368854522705,6.38025093078613,3.93818187713623,4.62545442581177,5,5,0.789855062961578,0.967391312122345,1,1,25,1.02999997138977,16.4799995422363
05,2015-05-03,52050040,3,Definitivo,SANDONA [52050040],Pluviométrica,Convencional,Activa,Nariño,Sandoná,1.3223,-77.4792,20,9/15/1963,,Cudayari,Pacifico,Patía,Río Guáitara,2015,03,Andes,Definitivo,3,3,0,9.52258682250977,9.52258682250977,0,5.65106678009033,7.01893949508667,3.93818187713623,4.62545442581177,5,5,0.789855062961578,0.967391312122345,1,1,25,1.02999997138977,3.08999991416931
05,2019-05-05,52050040,,"",SANDONA [52050040],Pluviométrica,Convencional,Activa,Nariño,Sandoná,1.3223,-77.4792,20,9/15/1963,,Cudayari,Pacifico,Patía,Río Guáitara,2019,05,Andes,Preliminar,0,0,0,2.64545917510986,2.64545917510986,3.06667590141296,1.10312306880951,0.395096451044083,3.93818187713623,4.62545442581177,5,5,0.789855062961578,0.967391312122345,1,1,25,1.02999997138977,0
05,2020-05-04,52050040,35,En revisión,SANDONA [52050040],Pluviométrica,Convencional,Activa,Nariño,Sandoná,1.3223,-77.4792,20,9/15/1963,,Cudayari,Pacifico,Patía,Río Guáitara,2020,04,Andes,En revisión,35,35,0,2.43209743499756,2.43209743499756,29.5523586273193,6.91094303131104,10.6076803207397,3.93818187713623,4.62545442581177,5,5,0.789855062961578,0.967391312122345,1,1,25,1.02999997138977,36.049998998642
05,2017-05-04,52050040,4,Definitivo,SANDONA [52050040],Pluviométrica,Convencional,Activa,Nariño,Sandoná,1.3223,-77.4792,20,9/15/1963,,Cudayari,Pacifico,Patía,Río Guáitara,2017,04,Andes,Definitivo,4,4,0,5.38124465942383,5.38124465942383,0,3.29350996017456,6.08819818496704,3.93818187713623,4.62545442581177,5,5,0.789855062961578,0.967391312122345,1,1,25,1.02999997138977,4.11999988555908
05,2018-05-02,52050040,,"",SANDONA [52050040],Pluviométrica,Convencional,Activa,Nariño,Sandoná,1.3223,-77.4792,20,9/15/1963,,Cudayari,Pacifico,Patía,Río Guáitara,2018,02,Andes,Preliminar,0,0,0,7.99739360809326,7.99739360809326,0,1.11137974262238,1.03613948822021,3.93818187713623,4.62545442581177,5,5,0.789855062961578,0.967391312122345,1,1,25,1.02999997138977,0
05,2014-05-01,52050040,25,Definitivo,SANDONA [52050040],Pluviométrica,Convencional,Activa,Nariño,Sandoná,1.3223,-77.4792,20,9/15/1963,,Cudayari,Pacifico,Patía,Río Guáitara,2014,01,Andes,Definitivo,25,25,0,11.378116607666,11.378116607666,0,10.3689241409302,0,3.93818187713623,4.62545442581177,5,5,0.789855062961578,0.967391312122345,1,1,25,1.02999997138977,25.7499992847443
05,2019-05-06,52050040,,"",SANDONA [52050040],Pluviométrica,Convencional,Activa,Nariño,Sandoná,1.3223,-77.4792,20,9/15/1963,,Cudayari,Pacifico,Patía,Río Guáitara,2019,06,Andes,Preliminar,0,0,0,4.95611476898193,4.95611476898193,0,0.403240144252777,2.26147556304932,3.93818187713623,4.62545442581177,5,5,0.789855062961578,0.967391312122345,1,1,26,1.02999997138977,0
05,2011-05-03,52050040,,"",SANDONA [52050040],Pluviométrica,Convencional,Activa,Nariño,Sandoná,1.3223,-77.4792,20,9/15/1963,,Cudayari,Pacifico,Patía,Río Guáitara,2011,03,Andes,Preliminar,0,0,0,2.21027493476868,2.21027493476868,0,0.298267990350723,0,3.93818187713623,4.62545442581177,5,5,0.789855062961578,0.967391312122345,1,1,25,1.02999997138977,0
05,2018-05-03,52050040,1,Definitivo,SANDONA [52050040],Pluviométrica,Convencional,Activa,Nariño,Sandoná,1.3223,-77.4792,20,9/15/1963,,Cudayari,Pacifico,Patía,Río Guáitara,2018,03,Andes,Definitivo,1,1,0,7.79407644271851,7.79407644271851,4.78180170059204,7.63024187088013,0.118615299463272,3.93818187713623,4.62545442581177,5,5,0.789855062961578,0.967391312122345,1,1,25,1.02999997138977,1.02999997138977
05,2017-05-05,52050040,32,Definitivo,SANDONA [52050040],Pluviométrica,Convencional,Activa,Nariño,Sandoná,1.3223,-77.4792,20,9/15/1963,,Cudayari,Pacifico,Patía,Río Guáitara,2017,05,Andes,Definitivo,32,32,0,9.12610340118408,9.12610340118408,37.7395629882813,10.9021129608154,18.8216228485107,3.93818187713623,4.62545442581177,5,5,0.789855062961578,0.967391312122345,1,1,25,1.02999997138977,32.9599990844727
05,2018-05-01,52050040,3,Definitivo,SANDONA [52050040],Pluviométrica,Convencional,Activa,Nariño,Sandoná,1.3223,-77.4792,20,9/15/1963,,Cudayari,Pacifico,Patía,Río Guáitara,2018,01,Andes,Definitivo,3,3,0,8.63239765167236,8.63239765167236,0,4.02141237258911,1.28732478618622,3.93818187713623,4.62545442581177,5,5,0.789855062961578,0.967391312122345,1,1,25,1.02999997138977,3.08999991416931
05,2013-05-03,52050040,,"",SANDONA [52050040],Pluviométrica,Convencional,Activa,Nariño,Sandoná,1.3223,-77.4792,20,9/15/1963,,Cudayari,Pacifico,Patía,Río Guáitara,2013,03,Andes,Preliminar,0,0,0,4.91511487960815,4.91511487960815,0,12.6043338775635,3.93126630783081,3.93818187713623,4.62545442581177,5,5,0.789855062961578,0.967391312122345,1,1,25,1.02999997138977,0
05,2016-05-01,52050040,25,Definitivo,SANDONA [52050040],Pluviométrica,Convencional,Activa,Nariño,Sandoná,1.3223,-77.4792,20,9/15/1963,,Cudayari,Pacifico,Patía,Río Guáitara,2016,01,Andes,Definitivo,25,25,0,14.0980787277222,14.0980787277222,0,20.1442089080811,3.77317476272583,3.93818187713623,4.62545442581177,5,5,0.789855062961578,0.967391312122345,1,1,25,1.02999997138977,25.7499992847443
06,2016-06-30,52050040,,"",SANDONA [52050040],Pluviométrica,Convencional,Activa,Nariño,Sandoná,1.3223,-77.4792,20,9/15/1963,,Cudayari,Pacifico,Patía,Río Guáitara,2016,30,Andes,Preliminar,0,0,0,0.870666146278381,0.870666146278381,0,0.20629109442234,0,3.93818187713623,4.62545442581177,5,5,0.789855062961578,0.967391312122345,1,1,36,1.02999997138977,0
06,2019-06-29,52050040,,"",SANDONA [52050040],Pluviométrica,Convencional,Activa,Nariño,Sandoná,1.3223,-77.4792,20,9/15/1963,,Cudayari,Pacifico,Patía,Río Guáitara,2019,29,Andes,Preliminar,0,0,0,3.10649657249451,3.10649657249451,0,0.252917468547821,0.00856203585863113,3.93818187713623,4.62545442581177,5,5,0.789855062961578,0.967391312122345,1,1,36,1.02999997138977,0
06,2017-06-28,52050040,7,Definitivo,SANDONA [52050040],Pluviométrica,Convencional,Activa,Nariño,Sandoná,1.3223,-77.4792,20,9/15/1963,,Cudayari,Pacifico,Patía,Río Guáitara,2017,28,Andes,Definitivo,7,7,0,1.59948372840881,1.59948372840881,0,1.433385014534,5.25824117660523,3.93818187713623,4.62545442581177,5,5,0.789855062961578,0.967391312122345,1,1,36,1.02999997138977,7.20999979972839
06,2014-06-29,52050040,,"",SANDONA [52050040],Pluviométrica,Convencional,Activa,Nariño,Sandoná,1.3223,-77.4792,20,9/15/1963,,Cudayari,Pacifico,Patía,Río Guáitara,2014,29,Andes,Preliminar,0,0,0,5.37619686126709,5.37619686126709,10.4905014038086,1.8549644947052,6.17733287811279,3.93818187713623,4.62545442581177,5,5,0.789855062961578,0.967391312122345,1,1,36,1.02999997138977,0
06,2009-06-30,52050040,,"",SANDONA [52050040],Pluviométrica,Convencional,Activa,Nariño,Sandoná,1.3223,-77.4792,20,9/15/1963,,Cudayari,Pacifico,Patía,Río Guáitara,2009,30,Andes,Preliminar,0,0,0,3.17130422592163,3.17130422592163,0,1.37633049488068,0.265984207391739,3.93818187713623,4.62545442581177,5,5,0.789855062961578,0.967391312122345,1,1,36,1.02999997138977,0
06,2014-06-30,52050040,,"",SANDONA [52050040],Pluviométrica,Convencional,Activa,Nariño,Sandoná,1.3223,-77.4792,20,9/15/1963,,Cudayari,Pacifico,Patía,Río Guáitara,2014,30,Andes,Preliminar,0,0,0,5.06555891036987,5.06555891036987,0,5.08703422546387,0.605442345142365,3.93818187713623,4.62545442581177,5,5,0.789855062961578,0.967391312122345,1,1,36,1.02999997138977,0
06,2012-06-28,52050040,,"",SANDONA [52050040],Pluviométrica,Convencional,Activa,Nariño,Sandoná,1.3223,-77.4792,20,9/15/1963,,Cudayari,Pacifico,Patía,Río Guáitara,2012,28,Andes,Preliminar,0,0,0,1.15422976016998,1.15422976016998,0,0.389787614345551,0.186921522021294,3.93818187713623,4.62545442581177,5,5,0.789855062961578,0.967391312122345,1,1,36,1.02999997138977,0
06,2016-06-29,52050040,,"",SANDONA [52050040],Pluviométrica,Convencional,Activa,Nariño,Sandoná,1.3223,-77.4792,20,9/15/1963,,Cudayari,Pacifico,Patía,Río Guáitara,2016,29,Andes,Preliminar,0,0,0,1.59736156463623,1.59736156463623,0,0.592384159564972,0,3.93818187713623,4.62545442581177,5,5,0.789855062961578,0.967391312122345,1,1,36,1.02999997138977,0
06,2014-06-28,52050040,,"",SANDONA [52050040],Pluviométrica,Convencional,Activa,Nariño,Sandoná,1.3223,-77.4792,20,9/15/1963,,Cudayari,Pacifico,Patía,Río Guáitara,2014,28,Andes,Preliminar,0,0,0,7.74389839172363,7.74389839172363,20.9810028076172,3.16607117652893,8.90410041809082,3.93818187713623,4.62545442581177,5,5,0.789855062961578,0.967391312122345,1,1,36,1.02999997138977,0
06,2009-06-29,52050040,1,Definitivo,SANDONA [52050040],Pluviométrica,Convencional,Activa,Nariño,Sandoná,1.3223,-77.4792,20,9/15/1963,,Cudayari,Pacifico,Patía,Río Guáitara,2009,29,Andes,Definitivo,1,1,0,1.48654901981354,1.48654901981354,0,0.287455886602402,0.353405624628067,3.93818187713623,4.62545442581177,5,5,0.789855062961578,0.967391312122345,1,1,36,1.02999997138977,1.02999997138977
06,2011-06-29,52050040,,"",SANDONA [52050040],Pluviométrica,Convencional,Activa,Nariño,Sandoná,1.3223,-77.4792,20,9/15/1963,,Cudayari,Pacifico,Patía,Río Guáitara,2011,29,Andes,Preliminar,0,0,0,2.06621503829956,2.06621503829956,0,2.55503678321838,0.419266879558563,3.93818187713623,4.62545442581177,5,5,0.789855062961578,0.967391312122345,1,1,36,1.02999997138977,0
06,2012-06-29,52050040,,"",SANDONA [52050040],Pluviométrica,Convencional,Activa,Nariño,Sandoná,1.3223,-77.4792,20,9/15/1963,,Cudayari,Pacifico,Patía,Río Guáitara,2012,29,Andes,Preliminar,0,0,0,1.58169972896576,1.58169972896576,0,1.62090802192688,0.47326934337616,3.93818187713623,4.62545442581177,5,5,0.789855062961578,0.967391312122345,1,1,36,1.02999997138977,0
06,2013-06-25,52050040,,"",SANDONA [52050040],Pluviométrica,Convencional,Activa,Nariño,Sandoná,1.3223,-77.4792,20,9/15/1963,,Cudayari,Pacifico,Patía,Río Guáitara,2013,25,Andes,Preliminar,0,0,0,4.19601774215698,4.19601774215698,6.18948793411255,2.04614043235779,6.52697420120239,3.93818187713623,4.62545442581177,5,5,0.789855062961578,0.967391312122345,1,1,35,1.02999997138977,0
06,2011-06-30,52050040,21,Definitivo,SANDONA [52050040],Pluviométrica,Convencional,Activa,Nariño,Sandoná,1.3223,-77.4792,20,9/15/1963,,Cudayari,Pacifico,Patía,Río Guáitara,2011,30,Andes,Definitivo,21,21,0,10.3840885162354,10.3840885162354,26.2636108398438,11.1477632522583,4.7182297706604,3.93818187713623,4.62545442581177,5,5,0.789855062961578,0.967391312122345,1,1,36,1.02999997138977,21.6299993991852
06,2022-06-28,52050040,1,En revisión,SANDONA [52050040],Pluviométrica,Convencional,Activa,Nariño,Sandoná,1.3223,-77.4792,20,9/15/1963,,Cudayari,Pacifico,Patía,Río Guáitara,2022,28,Andes,En revisión,1,1,0,0.961597740650177,0.961597740650177,0,0.305126845836639,0,3.93818187713623,4.62545442581177,5,5,0.789855062961578,0.967391312122345,1,1,36,1.02999997138977,1.02999997138977
06,2010-06-27,52050040,,"",SANDONA [52050040],Pluviométrica,Convencional,Activa,Nariño,Sandoná,1.3223,-77.4792,20,9/15/1963,,Cudayari,Pacifico,Patía,Río Guáitara,2010,27,Andes,Preliminar,0,0,0,5.49126625061035,5.49126625061035,0,0.200556576251984,0.988520443439484,3.93818187713623,4.62545442581177,5,5,0.789855062961578,0.967391312122345,1,1,36,1.02999997138977,0
06,2010-06-26,52050040,,"",SANDONA [52050040],Pluviométrica,Convencional,Activa,Nariño,Sandoná,1.3223,-77.4792,20,9/15/1963,,Cudayari,Pacifico,Patía,Río Guáitara,2010,26,Andes,Preliminar,0,0,0,0.105601273477077,0.105601273477077,0,0.145005196332932,0.0851956754922867,3.93818187713623,4.62545442581177,5,5,0.789855062961578,0.967391312122345,1,1,36,1.02999997138977,0
06,2019-06-30,52050040,,"",SANDONA [52050040],Pluviométrica,Convencional,Activa,Nariño,Sandoná,1.3223,-77.4792,20,9/15/1963,,Cudayari,Pacifico,Patía,Río Guáitara,2019,30,Andes,Preliminar,0,0,0,1.30788207054138,1.30788207054138,0,0.707988202571869,1.45212125778198,3.93818187713623,4.62545442581177,5,5,0.789855062961578,0.967391312122345,1,1,36,1.02999997138977,0
06,2013-06-29,52050040,3,Definitivo,SANDONA [52050040],Pluviométrica,Convencional,Activa,Nariño,Sandoná,1.3223,-77.4792,20,9/15/1963,,Cudayari,Pacifico,Patía,Río Guáitara,2013,29,Andes,Definitivo,3,3,0,1.303013920784,1.303013920784,0,0.946715772151947,0,3.93818187713623,4.62545442581177,5,5,0.789855062961578,0.967391312122345,1,1,36,1.02999997138977,3.08999991416931
06,2021-06-27,52050040,7,En revisión,SANDONA [52050040],Pluviométrica,Convencional,Activa,Nariño,Sandoná,1.3223,-77.4792,20,9/15/1963,,Cudayari,Pacifico,Patía,Río Guáitara,2021,27,Andes,En revisión,7,7,0,1.05577504634857,1.05577504634857,0,0.804357171058655,0.13316747546196,3.93818187713623,4.62545442581177,5,5,0.789855062961578,0.967391312122345,1,1,36,1.02999997138977,7.20999979972839
06,2022-06-29,52050040,4,En revisión,SANDONA [52050040],Pluviométrica,Convencional,Activa,Nariño,Sandoná,1.3223,-77.4792,20,9/15/1963,,Cudayari,Pacifico,Patía,Río Guáitara,2022,29,Andes,En revisión,4,4,0,0.837581634521484,0.837581634521484,0,0.24591389298439,0.62742280960083,3.93818187713623,4.62545442581177,5,5,0.789855062961578,0.967391312122345,1,1,36,1.02999997138977,4.11999988555908
06,2008-06-26,52050040,18,Definitivo,SANDONA [52050040],Pluviométrica,Convencional,Activa,Nariño,Sandoná,1.3223,-77.4792,20,9/15/1963,,Cudayari,Pacifico,Patía,Río Guáitara,2008,26,Andes,Definitivo,18,18,0,1.5213702917099,1.5213702917099,0,2.8394021987915,0.733587861061096,3.93818187713623,4.62545442581177,5,5,0.789855062961578,0.967391312122345,1,1,36,1.02999997138977,18.5399994850159
06,2012-06-30,52050040,,"",SANDONA [52050040],Pluviométrica,Convencional,Activa,Nariño,Sandoná,1.3223,-77.4792,20,9/15/1963,,Cudayari,Pacifico,Patía,Río Guáitara,2012,30,Andes,Preliminar,0,0,0,2.05186128616333,2.05186128616333,6.30043506622315,1.07583904266357,3.16971182823181,3.93818187713623,4.62545442581177,5,5,0.789855062961578,0.967391312122345,1,1,36,1.02999997138977,0
06,2017-06-29,52050040,3,Definitivo,SANDONA [52050040],Pluviométrica,Convencional,Activa,Nariño,Sandoná,1.3223,-77.4792,20,9/15/1963,,Cudayari,Pacifico,Patía,Río Guáitara,2017,29,Andes,Definitivo,3,3,0,1.89543104171753,1.89543104171753,0,3.15021157264709,0.0108979092910886,3.93818187713623,4.62545442581177,5,5,0.789855062961578,0.967391312122345,1,1,36,1.02999997138977,3.08999991416931
06,2008-06-30,52050040,,"",SANDONA [52050040],Pluviométrica,Convencional,Activa,Nariño,Sandoná,1.3223,-77.4792,20,9/15/1963,,Cudayari,Pacifico,Patía,Río Guáitara,2008,30,Andes,Preliminar,0,0,0,3.0427405834198,3.0427405834198,0,3.23095083236694,0.313635408878326,3.93818187713623,4.62545442581177,5,5,0.789855062961578,0.967391312122345,1,1,36,1.02999997138977,0
06,2023-06-22,52050040,,"",SANDONA [52050040],Pluviométrica,Convencional,Activa,Nariño,Sandoná,1.3223,-77.4792,20,9/15/1963,,Cudayari,Pacifico,Patía,Río Guáitara,2023,22,Andes,Preliminar,0,0,0,0.960484564304352,0.960484564304352,0,0.389238834381104,0,3.93818187713623,4.62545442581177,5,5,0.789855062961578,0.967391312122345,1,1,35,1.02999997138977,0
06,2021-06-22,52050040,,"",SANDONA [52050040],Pluviométrica,Convencional,Activa,Nariño,Sandoná,1.3223,-77.4792,20,9/15/1963,,Cudayari,Pacifico,Patía,Río Guáitara,2021,22,Andes,Preliminar,0,0,0,2.80775618553162,2.80775618553162,0,6.8351640701294,0,3.93818187713623,4.62545442581177,5,5,0.789855062961578,0.967391312122345,1,1,35,1.02999997138977,0
06,2023-06-25,52050040,,"",SANDONA [52050040],Pluviométrica,Convencional,Activa,Nariño,Sandoná,1.3223,-77.4792,20,9/15/1963,,Cudayari,Pacifico,Patía,Río Guáitara,2023,25,Andes,Preliminar,0,0,0,5.0434684753418,5.0434684753418,0,1.46950531005859,0,3.93818187713623,4.62545442581177,5,5,0.789855062961578,0.967391312122345,1,1,35,1.02999997138977,0
06,2013-06-27,52050040,,"",SANDONA [52050040],Pluviométrica,Convencional,Activa,Nariño,Sandoná,1.3223,-77.4792,20,9/15/1963,,Cudayari,Pacifico,Patía,Río Guáitara,2013,27,Andes,Preliminar,0,0,0,2.23186016082764,2.23186016082764,0,0.758397996425629,0.0401505902409554,3.93818187713623,4.62545442581177,5,5,0.789855062961578,0.967391312122345,1,1,36,1.02999997138977,0
06,2017-06-30,52050040,,"",SANDONA [52050040],Pluviométrica,Convencional,Activa,Nariño,Sandoná,1.3223,-77.4792,20,9/15/1963,,Cudayari,Pacifico,Patía,Río Guáitara,2017,30,Andes,Preliminar,0,0,0,0.331649422645569,0.331649422645569,0,0.721343040466309,0.163468658924103,3.93818187713623,4.62545442581177,5,5,0.789855062961578,0.967391312122345,1,1,36,1.02999997138977,0
06,2022-06-30,52050040,,"",SANDONA [52050040],Pluviométrica,Convencional,Activa,Nariño,Sandoná,1.3223,-77.4792,20,9/15/1963,,Cudayari,Pacifico,Patía,Río Guáitara,2022,30,Andes,Preliminar,0,0,0,0.809843719005585,0.809843719005585,0,0.290562927722931,0.2269077450037,3.93818187713623,4.62545442581177,5,5,0.789855062961578,0.967391312122345,1,1,36,1.02999997138977,0
06,2013-06-26,52050040,,"",SANDONA [52050040],Pluviométrica,Convencional,Activa,Nariño,Sandoná,1.3223,-77.4792,20,9/15/1963,,Cudayari,Pacifico,Patía,Río Guáitara,2013,26,Andes,Preliminar,0,0,0,1.04798483848572,1.04798483848572,0,0.407890230417252,0.060225885361433,3.93818187713623,4.62545442581177,5,5,0.789855062961578,0.967391312122345,1,1,36,1.02999997138977,0
06,2013-06-28,52050040,,"",SANDONA [52050040],Pluviométrica,Convencional,Activa,Nariño,Sandoná,1.3223,-77.4792,20,9/15/1963,,Cudayari,Pacifico,Patía,Río Guáitara,2013,28,Andes,Preliminar,0,0,0,1.55742120742798,1.55742120742798,0,0.873408496379852,2.61982583999634,3.93818187713623,4.62545442581177,5,5,0.789855062961578,0.967391312122345,1,1,36,1.02999997138977,0
06,2022-06-26,52050040,,"",SANDONA [52050040],Pluviométrica,Convencional,Activa,Nariño,Sandoná,1.3223,-77.4792,20,9/15/1963,,Cudayari,Pacifico,Patía,Río Guáitara,2022,26,Andes,Preliminar,0,0,0,2.41193246841431,2.41193246841431,0,0.961877286434174,1.37515246868134,3.93818187713623,4.62545442581177,5,5,0.789855062961578,0.967391312122345,1,1,36,1.02999997138977,0
06,2009-06-28,52050040,,"",SANDONA [52050040],Pluviométrica,Convencional,Activa,Nariño,Sandoná,1.3223,-77.4792,20,9/15/1963,,Cudayari,Pacifico,Patía,Río Guáitara,2009,28,Andes,Preliminar,0,0,0,1.63520395755768,1.63520395755768,0,0.24093422293663,0.0669610649347305,3.93818187713623,4.62545442581177,5,5,0.789855062961578,0.967391312122345,1,1,36,1.02999997138977,0
06,2008-06-25,52050040,,"",SANDONA [52050040],Pluviométrica,Convencional,Activa,Nariño,Sandoná,1.3223,-77.4792,20,9/15/1963,,Cudayari,Pacifico,Patía,Río Guáitara,2008,25,Andes,Preliminar,0,0,0,0.295386403799057,0.295386403799057,0,2.04610991477966,0.660901784896851,3.93818187713623,4.62545442581177,5,5,0.789855062961578,0.967391312122345,1,1,35,1.02999997138977,0
06,2008-06-27,52050040,,"",SANDONA [52050040],Pluviométrica,Convencional,Activa,Nariño,Sandoná,1.3223,-77.4792,20,9/15/1963,,Cudayari,Pacifico,Patía,Río Guáitara,2008,27,Andes,Preliminar,0,0,0,5.11733675003052,5.11733675003052,16.0755748748779,2.06401515007019,6.19828605651856,3.93818187713623,4.62545442581177,5,5,0.789855062961578,0.967391312122345,1,1,36,1.02999997138977,0
06,2011-06-26,52050040,0,Definitivo,SANDONA [52050040],Pluviométrica,Convencional,Activa,Nariño,Sandoná,1.3223,-77.4792,20,9/15/1963,,Cudayari,Pacifico,Patía,Río Guáitara,2011,26,Andes,Definitivo,0,0,0,0.925585925579071,0.925585925579071,0,1.33794832229614,16.4695129394531,3.93818187713623,4.62545442581177,5,5,0.789855062961578,0.967391312122345,1,1,36,1.02999997138977,0
06,2015-06-29,52050040,,"",SANDONA [52050040],Pluviométrica,Convencional,Activa,Nariño,Sandoná,1.3223,-77.4792,20,9/15/1963,,Cudayari,Pacifico,Patía,Río Guáitara,2015,29,Andes,Preliminar,0,0,0,0.894339323043823,0.894339323043823,0,0.301798850297928,0,3.93818187713623,4.62545442581177,5,5,0.789855062961578,0.967391312122345,1,1,36,1.02999997138977,0
06,2020-06-28,52050040,10,En revisión,SANDONA [52050040],Pluviométrica,Convencional,Activa,Nariño,Sandoná,1.3223,-77.4792,20,9/15/1963,,Cudayari,Pacifico,Patía,Río Guáitara,2020,28,Andes,En revisión,10,10,0,3.10703206062317,3.10703206062317,0,4.43178701400757,2.27809643745422,3.93818187713623,4.62545442581177,5,5,0.789855062961578,0.967391312122345,1,1,36,1.02999997138977,10.2999997138977
06,2020-06-29,52050040,,"",SANDONA [52050040],Pluviométrica,Convencional,Activa,Nariño,Sandoná,1.3223,-77.4792,20,9/15/1963,,Cudayari,Pacifico,Patía,Río Guáitara,2020,29,Andes,Preliminar,0,0,0,3.44652962684631,3.44652962684631,0,1.27399396896362,0.144135937094688,3.93818187713623,4.62545442581177,5,5,0.789855062961578,0.967391312122345,1,1,36,1.02999997138977,0
06,2021-06-29,52050040,,"",SANDONA [52050040],Pluviométrica,Convencional,Activa,Nariño,Sandoná,1.3223,-77.4792,20,9/15/1963,,Cudayari,Pacifico,Patía,Río Guáitara,2021,29,Andes,Preliminar,0,0,0,0.359159201383591,0.359159201383591,0,0.27651110291481,0.0140669886022806,3.93818187713623,4.62545442581177,5,5,0.789855062961578,0.967391312122345,1,1,36,1.02999997138977,0
06,2006-06-29,52050040,,"",SANDONA [52050040],Pluviométrica,Convencional,Activa,Nariño,Sandoná,1.3223,-77.4792,20,9/15/1963,,Cudayari,Pacifico,Patía,Río Guáitara,2006,29,Andes,Preliminar,0,0,0,0.706599235534668,0.706599235534668,0,0.0877053737640381,0,3.93818187713623,4.62545442581177,5,5,0.789855062961578,0.967391312122345,1,1,36,1.02999997138977,0
06,2023-06-26,52050040,,"",SANDONA [52050040],Pluviométrica,Convencional,Activa,Nariño,Sandoná,1.3223,-77.4792,20,9/15/1963,,Cudayari,Pacifico,Patía,Río Guáitara,2023,26,Andes,Preliminar,0,0,0,0.881259977817535,0.881259977817535,0,0.532846033573151,0.638790428638458,3.93818187713623,4.62545442581177,5,5,0.789855062961578,0.967391312122345,1,1,36,1.02999997138977,0
06,2023-06-24,52050040,,"",SANDONA [52050040],Pluviométrica,Convencional,Activa,Nariño,Sandoná,1.3223,-77.4792,20,9/15/1963,,Cudayari,Pacifico,Patía,Río Guáitara,2023,24,Andes,Preliminar,0,0,0,2.08127880096436,2.08127880096436,0,1.07243978977203,0,3.93818187713623,4.62545442581177,5,5,0.789855062961578,0.967391312122345,1,1,35,1.02999997138977,0
06,2006-06-26,52050040,,"",SANDONA [52050040],Pluviométrica,Convencional,Activa,Nariño,Sandoná,1.3223,-77.4792,20,9/15/1963,,Cudayari,Pacifico,Patía,Río Guáitara,2006,26,Andes,Preliminar,0,0,0,0.706599235534668,0.706599235534668,0,0.119802787899971,0,3.93818187713623,4.62545442581177,5,5,0.789855062961578,0.967391312122345,1,1,36,1.02999997138977,0
06,2006-06-27,52050040,,"",SANDONA [52050040],Pluviométrica,Convencional,Activa,Nariño,Sandoná,1.3223,-77.4792,20,9/15/1963,,Cudayari,Pacifico,Patía,Río Guáitara,2006,27,Andes,Preliminar,0,0,0,0.706599235534668,0.706599235534668,0,0.379432886838913,0,3.93818187713623,4.62545442581177,5,5,0.789855062961578,0.967391312122345,1,1,36,1.02999997138977,0
06,2011-06-27,52050040,,"",SANDONA [52050040],Pluviométrica,Convencional,Activa,Nariño,Sandoná,1.3223,-77.4792,20,9/15/1963,,Cudayari,Pacifico,Patía,Río Guáitara,2011,27,Andes,Preliminar,0,0,0,1.03894650936127,1.03894650936127,0,6.85348653793335,1.42314529418945,3.93818187713623,4.62545442581177,5,5,0.789855062961578,0.967391312122345,1,1,36,1.02999997138977,0
06,2015-06-30,52050040,,"",SANDONA [52050040],Pluviométrica,Convencional,Activa,Nariño,Sandoná,1.3223,-77.4792,20,9/15/1963,,Cudayari,Pacifico,Patía,Río Guáitara,2015,30,Andes,Preliminar,0,0,0,1.44118881225586,1.44118881225586,0,0.164404556155205,1.08871233463287,3.93818187713623,4.62545442581177,5,5,0.789855062961578,0.967391312122345,1,1,36,1.02999997138977,0
06,2018-06-28,52050040,1,Definitivo,SANDONA [52050040],Pluviométrica,Convencional,Activa,Nariño,Sandoná,1.3223,-77.4792,20,9/15/1963,,Cudayari,Pacifico,Patía,Río Guáitara,2018,28,Andes,Definitivo,1,1,0,1.68852972984314,1.68852972984314,0,2.43250679969788,0.248821079730988,3.93818187713623,4.62545442581177,5,5,0.789855062961578,0.967391312122345,1,1,36,1.02999997138977,1.02999997138977
06,2008-06-29,52050040,,"",SANDONA [52050040],Pluviométrica,Convencional,Activa,Nariño,Sandoná,1.3223,-77.4792,20,9/15/1963,,Cudayari,Pacifico,Patía,Río Guáitara,2008,29,Andes,Preliminar,0,0,0,0,0,0,1.50267708301544,5.03411388397217,3.93818187713623,4.62545442581177,5,5,0.789855062961578,0.967391312122345,1,1,36,1.02999997138977,0
06,2017-06-27,52050040,9,Definitivo,SANDONA [52050040],Pluviométrica,Convencional,Activa,Nariño,Sandoná,1.3223,-77.4792,20,9/15/1963,,Cudayari,Pacifico,Patía,Río Guáitara,2017,27,Andes,Definitivo,9,9,0,2.58054494857788,2.58054494857788,0,2.81846594810486,3.36200523376465,3.93818187713623,4.62545442581177,5,5,0.789855062961578,0.967391312122345,1,1,36,1.02999997138977,9.26999974250793
06,2006-06-30,52050040,,"",SANDONA [52050040],Pluviométrica,Convencional,Activa,Nariño,Sandoná,1.3223,-77.4792,20,9/15/1963,,Cudayari,Pacifico,Patía,Río Guáitara,2006,30,Andes,Preliminar,0,0,0,0.706599235534668,0.706599235534668,0,0.147330790758133,0,3.93818187713623,4.62545442581177,5,5,0.789855062961578,0.967391312122345,1,1,36,1.02999997138977,0
06,2016-06-28,52050040,,"",SANDONA [52050040],Pluviométrica,Convencional,Activa,Nariño,Sandoná,1.3223,-77.4792,20,9/15/1963,,Cudayari,Pacifico,Patía,Río Guáitara,2016,28,Andes,Preliminar,0,0,0,2.25406551361084,2.25406551361084,0,0.198869436979294,0.810417175292969,3.93818187713623,4.62545442581177,5,5,0.789855062961578,0.967391312122345,1,1,36,1.02999997138977,0
06,2023-06-21,52050040,,"",SANDONA [52050040],Pluviométrica,Convencional,Activa,Nariño,Sandoná,1.3223,-77.4792,20,9/15/1963,,Cudayari,Pacifico,Patía,Río Guáitara,2023,21,Andes,Preliminar,0,0,0,0.834035336971283,0.834035336971283,0,0.341880112886429,0,3.93818187713623,4.62545442581177,5,5,0.789855062961578,0.967391312122345,1,1,35,1.02999997138977,0
06,2021-06-19,52050040,15,En revisión,SANDONA [52050040],Pluviométrica,Convencional,Activa,Nariño,Sandoná,1.3223,-77.4792,20,9/15/1963,,Cudayari,Pacifico,Patía,Río Guáitara,2021,19,Andes,En revisión,15,15,0,2.04449009895325,2.04449009895325,0,2.69590616226196,5.00259923934937,3.93818187713623,4.62545442581177,5,5,0.789855062961578,0.967391312122345,1,1,34,1.02999997138977,15.4499995708466
06,2009-06-25,52050040,,"",SANDONA [52050040],Pluviométrica,Convencional,Activa,Nariño,Sandoná,1.3223,-77.4792,20,9/15/1963,,Cudayari,Pacifico,Patía,Río Guáitara,2009,25,Andes,Preliminar,0,0,0,0.210757821798325,0.210757821798325,0,0.304897040128708,0.166407257318497,3.93818187713623,4.62545442581177,5,5,0.789855062961578,0.967391312122345,1,1,35,1.02999997138977,0
06,2007-06-28,52050040,,"",SANDONA [52050040],Pluviométrica,Convencional,Activa,Nariño,Sandoná,1.3223,-77.4792,20,9/15/1963,,Cudayari,Pacifico,Patía,Río Guáitara,2007,28,Andes,Preliminar,0,0,0,0,0,0,0.0829490050673485,0,3.93818187713623,4.62545442581177,5,5,0.789855062961578,0.967391312122345,1,1,36,1.02999997138977,0
06,2016-06-26,52050040,,"",SANDONA [52050040],Pluviométrica,Convencional,Activa,Nariño,Sandoná,1.3223,-77.4792,20,9/15/1963,,Cudayari,Pacifico,Patía,Río Guáitara,2016,26,Andes,Preliminar,0,0,0,0.923992156982422,0.923992156982422,0,0.295969903469086,0.562330305576325,3.93818187713623,4.62545442581177,5,5,0.789855062961578,0.967391312122345,1,1,36,1.02999997138977,0
06,2023-06-30,52050040,,"",SANDONA [52050040],Pluviométrica,Convencional,Activa,Nariño,Sandoná,1.3223,-77.4792,20,9/15/1963,,Cudayari,Pacifico,Patía,Río Guáitara,2023,30,Andes,Preliminar,0,0,0,2.75707530975342,2.75707530975342,0,0.122124820947647,0,3.93818187713623,4.62545442581177,5,5,0.789855062961578,0.967391312122345,1,1,36,1.02999997138977,0
06,2021-06-30,52050040,,"",SANDONA [52050040],Pluviométrica,Convencional,Activa,Nariño,Sandoná,1.3223,-77.4792,20,9/15/1963,,Cudayari,Pacifico,Patía,Río Guáitara,2021,30,Andes,Preliminar,0,0,0,4.0980544090271,4.0980544090271,0,0.624606788158417,0,3.93818187713623,4.62545442581177,5,5,0.789855062961578,0.967391312122345,1,1,36,1.02999997138977,0
06,2016-06-25,52050040,2,Definitivo,SANDONA [52050040],Pluviométrica,Convencional,Activa,Nariño,Sandoná,1.3223,-77.4792,20,9/15/1963,,Cudayari,Pacifico,Patía,Río Guáitara,2016,25,Andes,Definitivo,2,2,0,0.971918940544128,0.971918940544128,6.98159790039063,0.34078061580658,0.0486749969422817,3.93818187713623,4.62545442581177,5,5,0.789855062961578,0.967391312122345,1,1,35,1.02999997138977,2.05999994277954
06,2013-06-30,52050040,1,Definitivo,SANDONA [52050040],Pluviométrica,Convencional,Activa,Nariño,Sandoná,1.3223,-77.4792,20,9/15/1963,,Cudayari,Pacifico,Patía,Río Guáitara,2013,30,Andes,Definitivo,1,1,0,3.24654412269592,3.24654412269592,0,0.429733693599701,0.695943534374237,3.93818187713623,4.62545442581177,5,5,0.789855062961578,0.967391312122345,1,1,36,1.02999997138977,1.02999997138977
06,2019-06-28,52050040,,"",SANDONA [52050040],Pluviométrica,Convencional,Activa,Nariño,Sandoná,1.3223,-77.4792,20,9/15/1963,,Cudayari,Pacifico,Patía,Río Guáitara,2019,28,Andes,Preliminar,0,0,0,0.707833707332611,0.707833707332611,0,0.221412360668182,0,3.93818187713623,4.62545442581177,5,5,0.789855062961578,0.967391312122345,1,1,36,1.02999997138977,0
06,2008-06-28,52050040,,"",SANDONA [52050040],Pluviométrica,Convencional,Activa,Nariño,Sandoná,1.3223,-77.4792,20,9/15/1963,,Cudayari,Pacifico,Patía,Río Guáitara,2008,28,Andes,Preliminar,0,0,0,0,0,0,2.67713022232056,0.0345530547201633,3.93818187713623,4.62545442581177,5,5,0.789855062961578,0.967391312122345,1,1,36,1.02999997138977,0
06,2020-06-25,52050040,,"",SANDONA [52050040],Pluviométrica,Convencional,Activa,Nariño,Sandoná,1.3223,-77.4792,20,9/15/1963,,Cudayari,Pacifico,Patía,Río Guáitara,2020,25,Andes,Preliminar,0,0,0,1.81881988048553,1.81881988048553,6.80406332015991,1.07661938667297,0.305557757616043,3.93818187713623,4.62545442581177,5,5,0.789855062961578,0.967391312122345,1,1,35,1.02999997138977,0
06,2022-06-27,52050040,0,En revisión,SANDONA [52050040],Pluviométrica,Convencional,Activa,Nariño,Sandoná,1.3223,-77.4792,20,9/15/1963,,Cudayari,Pacifico,Patía,Río Guáitara,2022,27,Andes,En revisión,0,0,0,1.51161074638367,1.51161074638367,0,0.706210136413574,0.280208230018616,3.93818187713623,4.62545442581177,5,5,0.789855062961578,0.967391312122345,1,1,36,1.02999997138977,0
06,2006-06-25,52050040,,"",SANDONA [52050040],Pluviométrica,Convencional,Activa,Nariño,Sandoná,1.3223,-77.4792,20,9/15/1963,,Cudayari,Pacifico,Patía,Río Guáitara,2006,25,Andes,Preliminar,0,0,0,0,0,0,0.438890844583511,0.300744950771332,3.93818187713623,4.62545442581177,5,5,0.789855062961578,0.967391312122345,1,1,35,1.02999997138977,0
06,2007-06-23,52050040,1.9,Definitivo,SANDONA [52050040],Pluviométrica,Convencional,Activa,Nariño,Sandoná,1.3223,-77.4792,20,9/15/1963,,Cudayari,Pacifico,Patía,Río Guáitara,2007,23,Andes,Definitivo,1.9,1.9,0,0.987519919872284,0.987519919872284,16.4076099395752,4.35803556442261,4.65530014038086,3.93818187713623,4.62545442581177,5,5,0.789855062961578,0.967391312122345,1,1,35,1.02999997138977,1.95699994564056
06,2007-06-24,52050040,,"",SANDONA [52050040],Pluviométrica,Convencional,Activa,Nariño,Sandoná,1.3223,-77.4792,20,9/15/1963,,Cudayari,Pacifico,Patía,Río Guáitara,2007,24,Andes,Preliminar,0,0,0,1.21987760066986,1.21987760066986,0,0.9492506980896,0.23832593858242,3.93818187713623,4.62545442581177,5,5,0.789855062961578,0.967391312122345,1,1,35,1.02999997138977,0
06,2009-06-26,52050040,,"",SANDONA [52050040],Pluviométrica,Convencional,Activa,Nariño,Sandoná,1.3223,-77.4792,20,9/15/1963,,Cudayari,Pacifico,Patía,Río Guáitara,2009,26,Andes,Preliminar,0,0,0,0.396413087844849,0.396413087844849,4.81242942810059,0.174273177981377,0.680770874023438,3.93818187713623,4.62545442581177,5,5,0.789855062961578,0.967391312122345,1,1,36,1.02999997138977,0
06,2011-06-28,52050040,,"",SANDONA [52050040],Pluviométrica,Convencional,Activa,Nariño,Sandoná,1.3223,-77.4792,20,9/15/1963,,Cudayari,Pacifico,Patía,Río Guáitara,2011,28,Andes,Preliminar,0,0,0,0.849975943565369,0.849975943565369,0,1.13591766357422,0,3.93818187713623,4.62545442581177,5,5,0.789855062961578,0.967391312122345,1,1,36,1.02999997138977,0
06,2018-06-29,52050040,6,Definitivo,SANDONA [52050040],Pluviométrica,Convencional,Activa,Nariño,Sandoná,1.3223,-77.4792,20,9/15/1963,,Cudayari,Pacifico,Patía,Río Guáitara,2018,29,Andes,Definitivo,6,6,0,0.94534832239151,0.94534832239151,0,2.86945080757141,0.0489805266261101,3.93818187713623,4.62545442581177,5,5,0.789855062961578,0.967391312122345,1,1,36,1.02999997138977,6.17999982833862
06,2020-06-30,52050040,,"",SANDONA [52050040],Pluviométrica,Convencional,Activa,Nariño,Sandoná,1.3223,-77.4792,20,9/15/1963,,Cudayari,Pacifico,Patía,Río Guáitara,2020,30,Andes,Preliminar,0,0,0,3.005286693573,3.005286693573,0,2.65007519721985,0.185317650437355,3.93818187713623,4.62545442581177,5,5,0.789855062961578,0.967391312122345,1,1,36,1.02999997138977,0
06,2023-06-28,52050040,,"",SANDONA [52050040],Pluviométrica,Convencional,Activa,Nariño,Sandoná,1.3223,-77.4792,20,9/15/1963,,Cudayari,Pacifico,Patía,Río Guáitara,2023,28,Andes,Preliminar,0,0,0,0.752255976200104,0.752255976200104,0,0.191454499959946,0,3.93818187713623,4.62545442581177,5,5,0.789855062961578,0.967391312122345,1,1,36,1.02999997138977,0
06,2023-06-27,52050040,,"",SANDONA [52050040],Pluviométrica,Convencional,Activa,Nariño,Sandoná,1.3223,-77.4792,20,9/15/1963,,Cudayari,Pacifico,Patía,Río Guáitara,2023,27,Andes,Preliminar,0,0,0,0.560421228408814,0.560421228408814,0,0.147232264280319,0.413692861795425,3.93818187713623,4.62545442581177,5,5,0.789855062961578,0.967391312122345,1,1,36,1.02999997138977,0
06,2010-06-29,52050040,,"",SANDONA [52050040],Pluviométrica,Convencional,Activa,Nariño,Sandoná,1.3223,-77.4792,20,9/15/1963,,Cudayari,Pacifico,Patía,Río Guáitara,2010,29,Andes,Preliminar,0,0,0,0.84481018781662,0.84481018781662,0,0.126552775502205,0.0263104345649481,3.93818187713623,4.62545442581177,5,5,0.789855062961578,0.967391312122345,1,1,36,1.02999997138977,0
06,2015-06-26,52050040,,"",SANDONA [52050040],Pluviométrica,Convencional,Activa,Nariño,Sandoná,1.3223,-77.4792,20,9/15/1963,,Cudayari,Pacifico,Patía,Río Guáitara,2015,26,Andes,Preliminar,0,0,0,1.58770382404327,1.58770382404327,0,0.336812794208527,0,3.93818187713623,4.62545442581177,5,5,0.789855062961578,0.967391312122345,1,1,36,1.02999997138977,0
06,2007-06-26,52050040,,"",SANDONA [52050040],Pluviométrica,Convencional,Activa,Nariño,Sandoná,1.3223,-77.4792,20,9/15/1963,,Cudayari,Pacifico,Patía,Río Guáitara,2007,26,Andes,Preliminar,0,0,0,3.79189467430115,3.79189467430115,0,0.717543542385101,0.0519964061677456,3.93818187713623,4.62545442581177,5,5,0.789855062961578,0.967391312122345,1,1,36,1.02999997138977,0
06,2007-06-27,52050040,,"",SANDONA [52050040],Pluviométrica,Convencional,Activa,Nariño,Sandoná,1.3223,-77.4792,20,9/15/1963,,Cudayari,Pacifico,Patía,Río Guáitara,2007,27,Andes,Preliminar,0,0,0,0,0,0,0.117243900895119,0.0378155671060085,3.93818187713623,4.62545442581177,5,5,0.789855062961578,0.967391312122345,1,1,36,1.02999997138977,0
06,2022-06-25,52050040,3,En revisión,SANDONA [52050040],Pluviométrica,Convencional,Activa,Nariño,Sandoná,1.3223,-77.4792,20,9/15/1963,,Cudayari,Pacifico,Patía,Río Guáitara,2022,25,Andes,En revisión,3,3,0,2.73547911643982,2.73547911643982,0,4.97416305541992,7.66866636276245,3.93818187713623,4.62545442581177,5,5,0.789855062961578,0.967391312122345,1,1,35,1.02999997138977,3.08999991416931
06,2021-06-24,52050040,9,En revisión,SANDONA [52050040],Pluviométrica,Convencional,Activa,Nariño,Sandoná,1.3223,-77.4792,20,9/15/1963,,Cudayari,Pacifico,Patía,Río Guáitara,2021,24,Andes,En revisión,9,9,0,3.13211679458618,3.13211679458618,0,6.63006734848023,21.1550712585449,3.93818187713623,4.62545442581177,5,5,0.789855062961578,0.967391312122345,1,1,35,1.02999997138977,9.26999974250793
06,2023-06-19,52050040,,"",SANDONA [52050040],Pluviométrica,Convencional,Activa,Nariño,Sandoná,1.3223,-77.4792,20,9/15/1963,,Cudayari,Pacifico,Patía,Río Guáitara,2023,19,Andes,Preliminar,0,0,0,0.0680356994271278,0.0680356994271278,0,0.0568148344755173,0,3.93818187713623,4.62545442581177,5,5,0.789855062961578,0.967391312122345,1,1,34,1.02999997138977,0
06,2007-06-25,52050040,,"",SANDONA [52050040],Pluviométrica,Convencional,Activa,Nariño,Sandoná,1.3223,-77.4792,20,9/15/1963,,Cudayari,Pacifico,Patía,Río Guáitara,2007,25,Andes,Preliminar,0,0,0,0,0,0,0.7857546210289,0.374512106180191,3.93818187713623,4.62545442581177,5,5,0.789855062961578,0.967391312122345,1,1,35,1.02999997138977,0
06,2010-06-23,52050040,,"",SANDONA [52050040],Pluviométrica,Convencional,Activa,Nariño,Sandoná,1.3223,-77.4792,20,9/15/1963,,Cudayari,Pacifico,Patía,Río Guáitara,2010,23,Andes,Preliminar,0,0,0,0.553957164287567,0.553957164287567,0,0.230235129594803,0.168118685483933,3.93818187713623,4.62545442581177,5,5,0.789855062961578,0.967391312122345,1,1,35,1.02999997138977,0
06,2016-06-27,52050040,,"",SANDONA [52050040],Pluviométrica,Convencional,Activa,Nariño,Sandoná,1.3223,-77.4792,20,9/15/1963,,Cudayari,Pacifico,Patía,Río Guáitara,2016,27,Andes,Preliminar,0,0,0,0.886480510234833,0.886480510234833,0,0.0792330801486969,0,3.93818187713623,4.62545442581177,5,5,0.789855062961578,0.967391312122345,1,1,36,1.02999997138977,0
06,2019-06-26,52050040,,"",SANDONA [52050040],Pluviométrica,Convencional,Activa,Nariño,Sandoná,1.3223,-77.4792,20,9/15/1963,,Cudayari,Pacifico,Patía,Río Guáitara,2019,26,Andes,Preliminar,0,0,0,0.80227530002594,0.80227530002594,0,0.178888812661171,0,3.93818187713623,4.62545442581177,5,5,0.789855062961578,0.967391312122345,1,1,36,1.02999997138977,0
06,2023-06-29,52050040,,"",SANDONA [52050040],Pluviométrica,Convencional,Activa,Nariño,Sandoná,1.3223,-77.4792,20,9/15/1963,,Cudayari,Pacifico,Patía,Río Guáitara,2023,29,Andes,Preliminar,0,0,0,1.58155333995819,1.58155333995819,0,0.0588257126510143,0,3.93818187713623,4.62545442581177,5,5,0.789855062961578,0.967391312122345,1,1,36,1.02999997138977,0
06,2010-06-30,52050040,,"",SANDONA [52050040],Pluviométrica,Convencional,Activa,Nariño,Sandoná,1.3223,-77.4792,20,9/15/1963,,Cudayari,Pacifico,Patía,Río Guáitara,2010,30,Andes,Preliminar,0,0,0,0.105601273477077,0.105601273477077,0,0.706956624984741,0.170391350984573,3.93818187713623,4.62545442581177,5,5,0.789855062961578,0.967391312122345,1,1,36,1.02999997138977,0
06,2017-06-26,52050040,4,Definitivo,SANDONA [52050040],Pluviométrica,Convencional,Activa,Nariño,Sandoná,1.3223,-77.4792,20,9/15/1963,,Cudayari,Pacifico,Patía,Río Guáitara,2017,26,Andes,Definitivo,4,4,0,2.9797158241272,2.9797158241272,0,0.671207129955292,0,3.93818187713623,4.62545442581177,5,5,0.789855062961578,0.967391312122345,1,1,36,1.02999997138977,4.11999988555908
06,2005-06-30,52050040,,"",SANDONA [52050040],Pluviométrica,Convencional,Activa,Nariño,Sandoná,1.3223,-77.4792,20,9/15/1963,,Cudayari,Pacifico,Patía,Río Guáitara,2005,30,Andes,Preliminar,0,0,0,1.46468091011047,1.46468091011047,0,0.692900359630585,1.55496764183044,3.93818187713623,4.62545442581177,5,5,0.789855062961578,0.967391312122345,1,1,36,1.02999997138977,0
06,2015-06-27,52050040,,"",SANDONA [52050040],Pluviométrica,Convencional,Activa,Nariño,Sandoná,1.3223,-77.4792,20,9/15/1963,,Cudayari,Pacifico,Patía,Río Guáitara,2015,27,Andes,Preliminar,0,0,0,1.57010066509247,1.57010066509247,0,0.154411375522614,0,3.93818187713623,4.62545442581177,5,5,0.789855062961578,0.967391312122345,1,1,36,1.02999997138977,0
06,2015-06-28,52050040,,"",SANDONA [52050040],Pluviométrica,Convencional,Activa,Nariño,Sandoná,1.3223,-77.4792,20,9/15/1963,,Cudayari,Pacifico,Patía,Río Guáitara,2015,28,Andes,Preliminar,0,0,0,1.03923344612122,1.03923344612122,0,0.13128474354744,0,3.93818187713623,4.62545442581177,5,5,0.789855062961578,0.967391312122345,1,1,36,1.02999997138977,0
06,2005-06-27,52050040,2,Definitivo,SANDONA [52050040],Pluviométrica,Convencional,Activa,Nariño,Sandoná,1.3223,-77.4792,20,9/15/1963,,Cudayari,Pacifico,Patía,Río Guáitara,2005,27,Andes,Definitivo,2,2,0,1.4886919260025,1.4886919260025,0,1.54159998893738,0.255471110343933,3.93818187713623,4.62545442581177,5,5,0.789855062961578,0.967391312122345,1,1,36,1.02999997138977,2.05999994277954
06,2007-06-22,52050040,1,Definitivo,SANDONA [52050040],Pluviométrica,Convencional,Activa,Nariño,Sandoná,1.3223,-77.4792,20,9/15/1963,,Cudayari,Pacifico,Patía,Río Guáitara,2007,22,Andes,Definitivo,1,1,0,5.98320913314819,5.98320913314819,0,4.52770376205444,6.17150640487671,3.93818187713623,4.62545442581177,5,5,0.789855062961578,0.967391312122345,1,1,35,1.02999997138977,1.02999997138977
06,2008-06-19,52050040,13,Definitivo,SANDONA [52050040],Pluviométrica,Convencional,Activa,Nariño,Sandoná,1.3223,-77.4792,20,9/15/1963,,Cudayari,Pacifico,Patía,Río Guáitara,2008,19,Andes,Definitivo,13,13,0,11.751184463501,11.751184463501,0,9.07560443878174,7.14102983474731,3.93818187713623,4.62545442581177,5,5,0.789855062961578,0.967391312122345,1,1,34,1.02999997138977,13.389999628067
06,2023-06-17,52050040,,"",SANDONA [52050040],Pluviométrica,Convencional,Activa,Nariño,Sandoná,1.3223,-77.4792,20,9/15/1963,,Cudayari,Pacifico,Patía,Río Guáitara,2023,17,Andes,Preliminar,0,0,0,1.52981686592102,1.52981686592102,0,0.324568957090378,1.67565476894379,3.93818187713623,4.62545442581177,5,5,0.789855062961578,0.967391312122345,1,1,34,1.02999997138977,0
06,2023-06-14,52050040,,"",SANDONA [52050040],Pluviométrica,Convencional,Activa,Nariño,Sandoná,1.3223,-77.4792,20,9/15/1963,,Cudayari,Pacifico,Patía,Río Guáitara,2023,14,Andes,Preliminar,0,0,0,1.69168031215668,1.69168031215668,0,1.15267622470856,1.121790766716,3.93818187713623,4.62545442581177,5,5,0.789855062961578,0.967391312122345,1,1,33,1.02999997138977,0
06,2014-06-26,52050040,,"",SANDONA [52050040],Pluviométrica,Convencional,Activa,Nariño,Sandoná,1.3223,-77.4792,20,9/15/1963,,Cudayari,Pacifico,Patía,Río Guáitara,2014,26,Andes,Preliminar,0,0,0,9.14418315887451,9.14418315887451,0,3.99163818359375,1.57961297035217,3.93818187713623,4.62545442581177,5,5,0.789855062961578,0.967391312122345,1,1,36,1.02999997138977,0
06,2014-06-27,52050040,8,Definitivo,SANDONA [52050040],Pluviométrica,Convencional,Activa,Nariño,Sandoná,1.3223,-77.4792,20,9/15/1963,,Cudayari,Pacifico,Patía,Río Guáitara,2014,27,Andes,Definitivo,8,8,0,6.31818056106567,6.31818056106567,0,6.54906558990479,3.38228392601013,3.93818187713623,4.62545442581177,5,5,0.789855062961578,0.967391312122345,1,1,36,1.02999997138977,8.23999977111816
06,2018-06-30,52050040,16,Definitivo,SANDONA [52050040],Pluviométrica,Convencional,Activa,Nariño,Sandoná,1.3223,-77.4792,20,9/15/1963,,Cudayari,Pacifico,Patía,Río Guáitara,2018,30,Andes,Definitivo,16,16,0,1.07520949840546,1.07520949840546,0,1.26744782924652,5.62100553512573,3.93818187713623,4.62545442581177,5,5,0.789855062961578,0.967391312122345,1,1,36,1.02999997138977,16.4799995422363
06,2021-06-28,52050040,,"",SANDONA [52050040],Pluviométrica,Convencional,Activa,Nariño,Sandoná,1.3223,-77.4792,20,9/15/1963,,Cudayari,Pacifico,Patía,Río Guáitara,2021,28,Andes,Preliminar,0,0,0,1.40640985965729,1.40640985965729,4.86343860626221,0.601795196533203,0.741799116134644,3.93818187713623,4.62545442581177,5,5,0.789855062961578,0.967391312122345,1,1,36,1.02999997138977,0
06,2010-06-28,52050040,2,Definitivo,SANDONA [52050040],Pluviométrica,Convencional,Activa,Nariño,Sandoná,1.3223,-77.4792,20,9/15/1963,,Cudayari,Pacifico,Patía,Río Guáitara,2010,28,Andes,Definitivo,2,2,0,1.53121829032898,1.53121829032898,0,0.615049600601196,0.52370285987854,3.93818187713623,4.62545442581177,5,5,0.789855062961578,0.967391312122345,1,1,36,1.02999997138977,2.05999994277954
06,2011-06-24,52050040,2,Definitivo,SANDONA [52050040],Pluviométrica,Convencional,Activa,Nariño,Sandoná,1.3223,-77.4792,20,9/15/1963,,Cudayari,Pacifico,Patía,Río Guáitara,2011,24,Andes,Definitivo,2,2,0,4.08795499801636,4.08795499801636,0,4.31403398513794,7.43752145767212,3.93818187713623,4.62545442581177,5,5,0.789855062961578,0.967391312122345,1,1,35,1.02999997138977,2.05999994277954
06,2006-06-28,52050040,,"",SANDONA [52050040],Pluviométrica,Convencional,Activa,Nariño,Sandoná,1.3223,-77.4792,20,9/15/1963,,Cudayari,Pacifico,Patía,Río Guáitara,2006,28,Andes,Preliminar,0,0,0,0.706599235534668,0.706599235534668,0,0.215225234627724,0.949497044086456,3.93818187713623,4.62545442581177,5,5,0.789855062961578,0.967391312122345,1,1,36,1.02999997138977,0
06,2005-06-25,52050040,,"",SANDONA [52050040],Pluviométrica,Convencional,Activa,Nariño,Sandoná,1.3223,-77.4792,20,9/15/1963,,Cudayari,Pacifico,Patía,Río Guáitara,2005,25,Andes,Preliminar,0,0,0,0,0,0,0.265566796064377,1.40972340106964,3.93818187713623,4.62545442581177,5,5,0.789855062961578,0.967391312122345,1,1,35,1.02999997138977,0
06,2020-06-26,52050040,4,En revisión,SANDONA [52050040],Pluviométrica,Convencional,Activa,Nariño,Sandoná,1.3223,-77.4792,20,9/15/1963,,Cudayari,Pacifico,Patía,Río Guáitara,2020,26,Andes,En revisión,4,4,0,8.22086620330811,8.22086620330811,0,5.87004613876343,0.256449639797211,3.93818187713623,4.62545442581177,5,5,0.789855062961578,0.967391312122345,1,1,36,1.02999997138977,4.11999988555908
06,2021-06-26,52050040,3,En revisión,SANDONA [52050040],Pluviométrica,Convencional,Activa,Nariño,Sandoná,1.3223,-77.4792,20,9/15/1963,,Cudayari,Pacifico,Patía,Río Guáitara,2021,26,Andes,En revisión,3,3,0,1.04029643535614,1.04029643535614,4.86343860626221,0.602720737457275,2.02095746994019,3.93818187713623,4.62545442581177,5,5,0.789855062961578,0.967391312122345,1,1,36,1.02999997138977,3.08999991416931
06,2023-06-23,52050040,3,En revisión,SANDONA [52050040],Pluviométrica,Convencional,Activa,Nariño,Sandoná,1.3223,-77.4792,20,9/15/1963,,Cudayari,Pacifico,Patía,Río Guáitara,2023,23,Andes,En revisión,3,3,0,0.900696873664856,0.900696873664856,12.5857582092285,0.825052261352539,4.09811639785767,3.93818187713623,4.62545442581177,5,5,0.789855062961578,0.967391312122345,1,1,35,1.02999997138977,3.08999991416931
06,2008-06-20,52050040,,"",SANDONA [52050040],Pluviométrica,Convencional,Activa,Nariño,Sandoná,1.3223,-77.4792,20,9/15/1963,,Cudayari,Pacifico,Patía,Río Guáitara,2008,20,Andes,Preliminar,0,0,0,4.52579402923584,4.52579402923584,30.4934883117676,5.45887517929077,24.8582077026367,3.93818187713623,4.62545442581177,5,5,0.789855062961578,0.967391312122345,1,1,34,1.02999997138977,0
06,2008-06-21,52050040,15,Definitivo,SANDONA [52050040],Pluviométrica,Convencional,Activa,Nariño,Sandoná,1.3223,-77.4792,20,9/15/1963,,Cudayari,Pacifico,Patía,Río Guáitara,2008,21,Andes,Definitivo,15,15,0,7.8538031578064,7.8538031578064,0,1.45072782039642,2.14449596405029,3.93818187713623,4.62545442581177,5,5,0.789855062961578,0.967391312122345,1,1,35,1.02999997138977,15.4499995708466
06,2009-06-27,52050040,,"",SANDONA [52050040],Pluviométrica,Convencional,Activa,Nariño,Sandoná,1.3223,-77.4792,20,9/15/1963,,Cudayari,Pacifico,Patía,Río Guáitara,2009,27,Andes,Preliminar,0,0,0,2.13072037696838,2.13072037696838,0,0.366944789886475,1.07881712913513,3.93818187713623,4.62545442581177,5,5,0.789855062961578,0.967391312122345,1,1,36,1.02999997138977,0
06,2012-06-25,52050040,,"",SANDONA [52050040],Pluviométrica,Convencional,Activa,Nariño,Sandoná,1.3223,-77.4792,20,9/15/1963,,Cudayari,Pacifico,Patía,Río Guáitara,2012,25,Andes,Preliminar,1,1,0,5.32508134841919,5.32508134841919,2.67850565910339,6.19504165649414,0.457456350326538,3.93818187713623,4.62545442581177,5,5,0.789855062961578,0.967391312122345,1,1,35,1.02999997138977,1.02999997138977
06,2017-06-25,52050040,3,Definitivo,SANDONA [52050040],Pluviométrica,Convencional,Activa,Nariño,Sandoná,1.3223,-77.4792,20,9/15/1963,,Cudayari,Pacifico,Patía,Río Guáitara,2017,25,Andes,Definitivo,3,3,0,2.43227577209473,2.43227577209473,0,0.843120396137238,0,3.93818187713623,4.62545442581177,5,5,0.789855062961578,0.967391312122345,1,1,35,1.02999997138977,3.08999991416931
06,2019-06-27,52050040,,"",SANDONA [52050040],Pluviométrica,Convencional,Activa,Nariño,Sandoná,1.3223,-77.4792,20,9/15/1963,,Cudayari,Pacifico,Patía,Río Guáitara,2019,27,Andes,Preliminar,0,0,0,0.608078360557556,0.608078360557556,0,0.113175876438618,0.0136992568150163,3.93818187713623,4.62545442581177,5,5,0.789855062961578,0.967391312122345,1,1,36,1.02999997138977,0
06,2013-06-24,52050040,,"",SANDONA [52050040],Pluviométrica,Convencional,Activa,Nariño,Sandoná,1.3223,-77.4792,20,9/15/1963,,Cudayari,Pacifico,Patía,Río Guáitara,2013,24,Andes,Preliminar,0,0,0,6.65481853485107,6.65481853485107,9.81643104553223,1.90716946125031,0.153756782412529,3.93818187713623,4.62545442581177,5,5,0.789855062961578,0.967391312122345,1,1,35,1.02999997138977,0
06,2023-06-09,52050040,3,En revisión,SANDONA [52050040],Pluviométrica,Convencional,Activa,Nariño,Sandoná,1.3223,-77.4792,20,9/15/1963,,Cudayari,Pacifico,Patía,Río Guáitara,2023,09,Andes,En revisión,3,3,0,1.3723396062851,1.3723396062851,0,0.208161219954491,0.448395282030106,3.93818187713623,4.62545442581177,5,5,0.789855062961578,0.967391312122345,1,1,32,1.02999997138977,3.08999991416931
06,2016-06-22,52050040,0,Definitivo,SANDONA [52050040],Pluviométrica,Convencional,Activa,Nariño,Sandoná,1.3223,-77.4792,20,9/15/1963,,Cudayari,Pacifico,Patía,Río Guáitara,2016,22,Andes,Definitivo,0,0,0,1.36550343036652,1.36550343036652,0,1.10925531387329,0.0468028858304024,3.93818187713623,4.62545442581177,5,5,0.789855062961578,0.967391312122345,1,1,35,1.02999997138977,0
06,2016-06-23,52050040,15,Definitivo,SANDONA [52050040],Pluviométrica,Convencional,Activa,Nariño,Sandoná,1.3223,-77.4792,20,9/15/1963,,Cudayari,Pacifico,Patía,Río Guáitara,2016,23,Andes,Definitivo,15,15,0,1.92702579498291,1.92702579498291,0,2.45070862770081,5.30557537078857,3.93818187713623,4.62545442581177,5,5,0.789855062961578,0.967391312122345,1,1,35,1.02999997138977,15.4499995708466
06,2005-06-26,52050040,,"",SANDONA [52050040],Pluviométrica,Convencional,Activa,Nariño,Sandoná,1.3223,-77.4792,20,9/15/1963,,Cudayari,Pacifico,Patía,Río Guáitara,2005,26,Andes,Preliminar,0,0,0,0.168078124523163,0.168078124523163,0,0.700612485408783,0.0970790237188339,3.93818187713623,4.62545442581177,5,5,0.789855062961578,0.967391312122345,1,1,36,1.02999997138977,0
06,2006-06-24,52050040,,"",SANDONA [52050040],Pluviométrica,Convencional,Activa,Nariño,Sandoná,1.3223,-77.4792,20,9/15/1963,,Cudayari,Pacifico,Patía,Río Guáitara,2006,24,Andes,Preliminar,0,0,0,0,0,0,0.0265486426651478,0,3.93818187713623,4.62545442581177,5,5,0.789855062961578,0.967391312122345,1,1,35,1.02999997138977,0
06,2008-06-18,52050040,32,Definitivo,SANDONA [52050040],Pluviométrica,Convencional,Activa,Nariño,Sandoná,1.3223,-77.4792,20,9/15/1963,,Cudayari,Pacifico,Patía,Río Guáitara,2008,18,Andes,Definitivo,32,32,0,3.25539541244507,3.25539541244507,0,10.2848711013794,0.396930009126663,3.93818187713623,4.62545442581177,5,5,0.789855062961578,0.967391312122345,1,1,34,1.02999997138977,32.9599990844727
06,2021-06-21,52050040,,"",SANDONA [52050040],Pluviométrica,Convencional,Activa,Nariño,Sandoná,1.3223,-77.4792,20,9/15/1963,,Cudayari,Pacifico,Patía,Río Guáitara,2021,21,Andes,Preliminar,0,0,0,2.77089428901672,2.77089428901672,0,5.52278089523315,5.65762376785278,3.93818187713623,4.62545442581177,5,5,0.789855062961578,0.967391312122345,1,1,35,1.02999997138977,0
06,2023-06-16,52050040,,"",SANDONA [52050040],Pluviométrica,Convencional,Activa,Nariño,Sandoná,1.3223,-77.4792,20,9/15/1963,,Cudayari,Pacifico,Patía,Río Guáitara,2023,16,Andes,Preliminar,0,0,0,4.26835012435913,4.26835012435913,0,0.483009189367294,0,3.93818187713623,4.62545442581177,5,5,0.789855062961578,0.967391312122345,1,1,34,1.02999997138977,0
06,2008-06-22,52050040,8,Definitivo,SANDONA [52050040],Pluviométrica,Convencional,Activa,Nariño,Sandoná,1.3223,-77.4792,20,9/15/1963,,Cudayari,Pacifico,Patía,Río Guáitara,2008,22,Andes,Definitivo,8,8,0,3.80527210235596,3.80527210235596,0,1.1846376657486,1.35309338569641,3.93818187713623,4.62545442581177,5,5,0.789855062961578,0.967391312122345,1,1,35,1.02999997138977,8.23999977111816
06,2010-06-24,52050040,,"",SANDONA [52050040],Pluviométrica,Convencional,Activa,Nariño,Sandoná,1.3223,-77.4792,20,9/15/1963,,Cudayari,Pacifico,Patía,Río Guáitara,2010,24,Andes,Preliminar,0,0,0,0.174933865666389,0.174933865666389,0,0.101439766585827,0.0240169558674097,3.93818187713623,4.62545442581177,5,5,0.789855062961578,0.967391312122345,1,1,35,1.02999997138977,0
06,2012-06-26,52050040,,"",SANDONA [52050040],Pluviométrica,Convencional,Activa,Nariño,Sandoná,1.3223,-77.4792,20,9/15/1963,,Cudayari,Pacifico,Patía,Río Guáitara,2012,26,Andes,Preliminar,0,0,0,4.6714940071106,4.6714940071106,0,1.76902401447296,1.05789625644684,3.93818187713623,4.62545442581177,5,5,0.789855062961578,0.967391312122345,1,1,36,1.02999997138977,0
06,2012-06-27,52050040,,"",SANDONA [52050040],Pluviométrica,Convencional,Activa,Nariño,Sandoná,1.3223,-77.4792,20,9/15/1963,,Cudayari,Pacifico,Patía,Río Guáitara,2012,27,Andes,Preliminar,0,0,0,0.704228639602661,0.704228639602661,0,0.103827461600304,0.0715869590640068,3.93818187713623,4.62545442581177,5,5,0.789855062961578,0.967391312122345,1,1,36,1.02999997138977,0
06,2005-06-29,52050040,0,Definitivo,SANDONA [52050040],Pluviométrica,Convencional,Activa,Nariño,Sandoná,1.3223,-77.4792,20,9/15/1963,,Cudayari,Pacifico,Patía,Río Guáitara,2005,29,Andes,Definitivo,0,0,0,1.56072556972504,1.56072556972504,0,3.10262441635132,5.57608270645142,3.93818187713623,4.62545442581177,5,5,0.789855062961578,0.967391312122345,1,1,36,1.02999997138977,0
06,2003-06-29,52050040,5,Definitivo,SANDONA [52050040],Pluviométrica,Convencional,Activa,Nariño,Sandoná,1.3223,-77.4792,20,9/15/1963,,Cudayari,Pacifico,Patía,Río Guáitara,2003,29,Andes,Definitivo,5,5,0,0.141282722353935,0.141282722353935,0,1.10488784313202,0.137670084834099,3.93818187713623,4.62545442581177,5,5,0.789855062961578,0.967391312122345,1,1,36,1.02999997138977,5.14999985694885
06,2003-06-30,52050040,,"",SANDONA [52050040],Pluviométrica,Convencional,Activa,Nariño,Sandoná,1.3223,-77.4792,20,9/15/1963,,Cudayari,Pacifico,Patía,Río Guáitara,2003,30,Andes,Preliminar,0,0,0,2.26052355766296,2.26052355766296,0,0.541892766952515,2.98072504997253,3.93818187713623,4.62545442581177,5,5,0.789855062961578,0.967391312122345,1,1,36,1.02999997138977,0
06,2004-06-27,52050040,,"",SANDONA [52050040],Pluviométrica,Convencional,Activa,Nariño,Sandoná,1.3223,-77.4792,20,9/15/1963,,Cudayari,Pacifico,Patía,Río Guáitara,2004,27,Andes,Preliminar,0,0,0,1.21043145656586,1.21043145656586,0,0.437751233577728,3.30897307395935,3.93818187713623,4.62545442581177,5,5,0.789855062961578,0.967391312122345,1,1,36,1.02999997138977,0
06,2016-06-24,52050040,,"",SANDONA [52050040],Pluviométrica,Convencional,Activa,Nariño,Sandoná,1.3223,-77.4792,20,9/15/1963,,Cudayari,Pacifico,Patía,Río Guáitara,2016,24,Andes,Preliminar,0,0,0,1.07489156723022,1.07489156723022,0,2.20206761360168,2.53858852386475,3.93818187713623,4.62545442581177,5,5,0.789855062961578,0.967391312122345,1,1,35,1.02999997138977,0
06,2018-06-26,52050040,13,Definitivo,SANDONA [52050040],Pluviométrica,Convencional,Activa,Nariño,Sandoná,1.3223,-77.4792,20,9/15/1963,,Cudayari,Pacifico,Patía,Río Guáitara,2018,26,Andes,Definitivo,13,13,0,1.54196202754974,1.54196202754974,0,0.806072950363159,2.92511701583862,3.93818187713623,4.62545442581177,5,5,0.789855062961578,0.967391312122345,1,1,36,1.02999997138977,13.389999628067
06,2020-06-27,52050040,,"",SANDONA [52050040],Pluviométrica,Convencional,Activa,Nariño,Sandoná,1.3223,-77.4792,20,9/15/1963,,Cudayari,Pacifico,Patía,Río Guáitara,2020,27,Andes,Preliminar,0,0,0,3.0241425037384,3.0241425037384,23.9983711242676,1.70018303394318,13.062087059021,3.93818187713623,4.62545442581177,5,5,0.789855062961578,0.967391312122345,1,1,36,1.02999997138977,0
06,2009-06-16,52050040,3,Definitivo,SANDONA [52050040],Pluviométrica,Convencional,Activa,Nariño,Sandoná,1.3223,-77.4792,20,9/15/1963,,Cudayari,Pacifico,Patía,Río Guáitara,2009,16,Andes,Definitivo,3,3,0,6.73062467575073,6.73062467575073,14.641583442688,4.11729955673218,5.84143495559692,3.93818187713623,4.62545442581177,5,5,0.789855062961578,0.967391312122345,1,1,34,1.02999997138977,3.08999991416931
06,2009-06-17,52050040,,"",SANDONA [52050040],Pluviométrica,Convencional,Activa,Nariño,Sandoná,1.3223,-77.4792,20,9/15/1963,,Cudayari,Pacifico,Patía,Río Guáitara,2009,17,Andes,Preliminar,0,0,0,0.0540612377226353,0.0540612377226353,0,0.916083693504333,1.62444388866425,3.93818187713623,4.62545442581177,5,5,0.789855062961578,0.967391312122345,1,1,34,1.02999997138977,0
06,2021-06-16,52050040,,"",SANDONA [52050040],Pluviométrica,Convencional,Activa,Nariño,Sandoná,1.3223,-77.4792,20,9/15/1963,,Cudayari,Pacifico,Patía,Río Guáitara,2021,16,Andes,Preliminar,0,0,0,1.78307139873505,1.78307139873505,0,1.48249351978302,2.01411867141724,3.93818187713623,4.62545442581177,5,5,0.789855062961578,0.967391312122345,1,1,34,1.02999997138977,0
06,2023-06-11,52050040,,"",SANDONA [52050040],Pluviométrica,Convencional,Activa,Nariño,Sandoná,1.3223,-77.4792,20,9/15/1963,,Cudayari,Pacifico,Patía,Río Guáitara,2023,11,Andes,Preliminar,0,0,0,1.17666518688202,1.17666518688202,13.8896827697754,0.953320801258087,2.6010148525238,3.93818187713623,4.62545442581177,5,5,0.789855062961578,0.967391312122345,1,1,33,1.02999997138977,0
06,2010-06-25,52050040,,"",SANDONA [52050040],Pluviométrica,Convencional,Activa,Nariño,Sandoná,1.3223,-77.4792,20,9/15/1963,,Cudayari,Pacifico,Patía,Río Guáitara,2010,25,Andes,Preliminar,0,0,0,2.76978635787964,2.76978635787964,0,0.145928651094437,0,3.93818187713623,4.62545442581177,5,5,0.789855062961578,0.967391312122345,1,1,35,1.02999997138977,0
06,2007-06-30,52050040,,"",SANDONA [52050040],Pluviométrica,Convencional,Activa,Nariño,Sandoná,1.3223,-77.4792,20,9/15/1963,,Cudayari,Pacifico,Patía,Río Guáitara,2007,30,Andes,Preliminar,0,0,0,0,0,0,0.0473713241517544,0.538871884346008,3.93818187713623,4.62545442581177,5,5,0.789855062961578,0.967391312122345,1,1,36,1.02999997138977,0
06,2011-06-23,52050040,5,Definitivo,SANDONA [52050040],Pluviométrica,Convencional,Activa,Nariño,Sandoná,1.3223,-77.4792,20,9/15/1963,,Cudayari,Pacifico,Patía,Río Guáitara,2011,23,Andes,Definitivo,5,5,0,2.29714798927307,2.29714798927307,0,1.02809989452362,4.21654748916626,3.93818187713623,4.62545442581177,5,5,0.789855062961578,0.967391312122345,1,1,35,1.02999997138977,5.14999985694885
06,2009-06-22,52050040,1,Definitivo,SANDONA [52050040],Pluviométrica,Convencional,Activa,Nariño,Sandoná,1.3223,-77.4792,20,9/15/1963,,Cudayari,Pacifico,Patía,Río Guáitara,2009,22,Andes,Definitivo,1,1,0,9.90561771392822,9.90561771392822,0,3.10009574890137,6.16016960144043,3.93818187713623,4.62545442581177,5,5,0.789855062961578,0.967391312122345,1,1,35,1.02999997138977,1.02999997138977
06,2009-06-23,52050040,2,Definitivo,SANDONA [52050040],Pluviométrica,Convencional,Activa,Nariño,Sandoná,1.3223,-77.4792,20,9/15/1963,,Cudayari,Pacifico,Patía,Río Guáitara,2009,23,Andes,Definitivo,2,2,0,6.28058338165283,6.28058338165283,0,2.41646218299866,1.63926661014557,3.93818187713623,4.62545442581177,5,5,0.789855062961578,0.967391312122345,1,1,35,1.02999997138977,2.05999994277954
06,2011-06-25,52050040,3,Definitivo,SANDONA [52050040],Pluviométrica,Convencional,Activa,Nariño,Sandoná,1.3223,-77.4792,20,9/15/1963,,Cudayari,Pacifico,Patía,Río Guáitara,2011,25,Andes,Definitivo,3,3,0,3.21605324745178,3.21605324745178,14.132682800293,0.977133989334106,0.570354223251343,3.93818187713623,4.62545442581177,5,5,0.789855062961578,0.967391312122345,1,1,35,1.02999997138977,3.08999991416931
06,2006-06-22,52050040,,"",SANDONA [52050040],Pluviométrica,Convencional,Activa,Nariño,Sandoná,1.3223,-77.4792,20,9/15/1963,,Cudayari,Pacifico,Patía,Río Guáitara,2006,22,Andes,Preliminar,0,0,0,1.20740914344788,1.20740914344788,0,0.369217783212662,0.414598375558853,3.93818187713623,4.62545442581177,5,5,0.789855062961578,0.967391312122345,1,1,35,1.02999997138977,0
06,2006-06-23,52050040,,"",SANDONA [52050040],Pluviométrica,Convencional,Activa,Nariño,Sandoná,1.3223,-77.4792,20,9/15/1963,,Cudayari,Pacifico,Patía,Río Guáitara,2006,23,Andes,Preliminar,0,0,0,0,0,0,0.162646114826202,0.103112556040287,3.93818187713623,4.62545442581177,5,5,0.789855062961578,0.967391312122345,1,1,35,1.02999997138977,0
06,2007-06-21,52050040,,"",SANDONA [52050040],Pluviométrica,Convencional,Activa,Nariño,Sandoná,1.3223,-77.4792,20,9/15/1963,,Cudayari,Pacifico,Patía,Río Guáitara,2007,21,Andes,Preliminar,0,0,0,0.116178832948208,0.116178832948208,0,1.37726330757141,0.558363616466522,3.93818187713623,4.62545442581177,5,5,0.789855062961578,0.967391312122345,1,1,35,1.02999997138977,0
06,2022-06-24,52050040,22,En revisión,SANDONA [52050040],Pluviométrica,Convencional,Activa,Nariño,Sandoná,1.3223,-77.4792,20,9/15/1963,,Cudayari,Pacifico,Patía,Río Guáitara,2022,24,Andes,En revisión,22,22,0,10.4036884307861,10.4036884307861,0,9.14358711242676,1.45262241363525,3.93818187713623,4.62545442581177,5,5,0.789855062961578,0.967391312122345,1,1,35,1.02999997138977,22.659999370575
06,2022-06-22,52050040,17,En revisión,SANDONA [52050040],Pluviométrica,Convencional,Activa,Nariño,Sandoná,1.3223,-77.4792,20,9/15/1963,,Cudayari,Pacifico,Patía,Río Guáitara,2022,22,Andes,En revisión,17,17,0,1.47775733470917,1.47775733470917,0,5.8290810585022,0.201548278331757,3.93818187713623,4.62545442581177,5,5,0.789855062961578,0.967391312122345,1,1,35,1.02999997138977,17.5099995136261
06,2009-06-18,52050040,,"",SANDONA [52050040],Pluviométrica,Convencional,Activa,Nariño,Sandoná,1.3223,-77.4792,20,9/15/1963,,Cudayari,Pacifico,Patía,Río Guáitara,2009,18,Andes,Preliminar,0,0,0,6.19001197814941,6.19001197814941,0,0.528118431568146,0.762996435165405,3.93818187713623,4.62545442581177,5,5,0.789855062961578,0.967391312122345,1,1,34,1.02999997138977,0
06,2009-06-19,52050040,,"",SANDONA [52050040],Pluviométrica,Convencional,Activa,Nariño,Sandoná,1.3223,-77.4792,20,9/15/1963,,Cudayari,Pacifico,Patía,Río Guáitara,2009,19,Andes,Preliminar,0,0,0,2.5679087638855,2.5679087638855,0,1.26419711112976,0.147676721215248,3.93818187713623,4.62545442581177,5,5,0.789855062961578,0.967391312122345,1,1,34,1.02999997138977,0
06,2008-06-23,52050040,5,Definitivo,SANDONA [52050040],Pluviométrica,Convencional,Activa,Nariño,Sandoná,1.3223,-77.4792,20,9/15/1963,,Cudayari,Pacifico,Patía,Río Guáitara,2008,23,Andes,Definitivo,5,5,0,4.23966407775879,4.23966407775879,0,1.28470587730408,0.15568582713604,3.93818187713623,4.62545442581177,5,5,0.789855062961578,0.967391312122345,1,1,35,1.02999997138977,5.14999985694885
06,2013-06-23,52050040,,"",SANDONA [52050040],Pluviométrica,Convencional,Activa,Nariño,Sandoná,1.3223,-77.4792,20,9/15/1963,,Cudayari,Pacifico,Patía,Río Guáitara,2013,23,Andes,Preliminar,0,0,0,4.09217071533203,4.09217071533203,6.03630447387695,2.0255241394043,0,3.93818187713623,4.62545442581177,5,5,0.789855062961578,0.967391312122345,1,1,35,1.02999997138977,0
06,2022-06-11,52050040,4,En revisión,SANDONA [52050040],Pluviométrica,Convencional,Activa,Nariño,Sandoná,1.3223,-77.4792,20,9/15/1963,,Cudayari,Pacifico,Patía,Río Guáitara,2022,11,Andes,En revisión,4,4,0,4.58652925491333,4.58652925491333,19.9914627075195,1.90052914619446,8.27148246765137,3.93818187713623,4.62545442581177,5,5,0.789855062961578,0.967391312122345,1,1,33,1.02999997138977,4.11999988555908
06,2021-06-12,52050040,13,En revisión,SANDONA [52050040],Pluviométrica,Convencional,Activa,Nariño,Sandoná,1.3223,-77.4792,20,9/15/1963,,Cudayari,Pacifico,Patía,Río Guáitara,2021,12,Andes,En revisión,13,13,0,9.62723445892334,9.62723445892334,0,5.2295994758606,2.91671538352966,3.93818187713623,4.62545442581177,5,5,0.789855062961578,0.967391312122345,1,1,33,1.02999997138977,13.389999628067
06,2022-06-10,52050040,2,En revisión,SANDONA [52050040],Pluviométrica,Convencional,Activa,Nariño,Sandoná,1.3223,-77.4792,20,9/15/1963,,Cudayari,Pacifico,Patía,Río Guáitara,2022,10,Andes,En revisión,2,2,0,4.06846523284912,4.06846523284912,0,4.4610800743103,5.1767430305481,3.93818187713623,4.62545442581177,5,5,0.789855062961578,0.967391312122345,1,1,32,1.02999997138977,2.05999994277954
06,2023-06-08,52050040,5,En revisión,SANDONA [52050040],Pluviométrica,Convencional,Activa,Nariño,Sandoná,1.3223,-77.4792,20,9/15/1963,,Cudayari,Pacifico,Patía,Río Guáitara,2023,08,Andes,En revisión,5,5,0,1.15722870826721,1.15722870826721,0,0.173863381147385,0.199803084135056,3.93818187713623,4.62545442581177,5,5,0.789855062961578,0.967391312122345,1,1,32,1.02999997138977,5.14999985694885
06,2014-06-23,52050040,,"",SANDONA [52050040],Pluviométrica,Convencional,Activa,Nariño,Sandoná,1.3223,-77.4792,20,9/15/1963,,Cudayari,Pacifico,Patía,Río Guáitara,2014,23,Andes,Preliminar,0,0,0,1.32910490036011,1.32910490036011,0,0.367638170719147,0.950039267539978,3.93818187713623,4.62545442581177,5,5,0.789855062961578,0.967391312122345,1,1,35,1.02999997138977,0
06,2014-06-24,52050040,10,Definitivo,SANDONA [52050040],Pluviométrica,Convencional,Activa,Nariño,Sandoná,1.3223,-77.4792,20,9/15/1963,,Cudayari,Pacifico,Patía,Río Guáitara,2014,24,Andes,Definitivo,10,10,0,1.32725059986115,1.32725059986115,0,1.9143146276474,0.779424846172333,3.93818187713623,4.62545442581177,5,5,0.789855062961578,0.967391312122345,1,1,35,1.02999997138977,10.2999997138977
06,2019-06-23,52050040,,"",SANDONA [52050040],Pluviométrica,Convencional,Activa,Nariño,Sandoná,1.3223,-77.4792,20,9/15/1963,,Cudayari,Pacifico,Patía,Río Guáitara,2019,23,Andes,Preliminar,0,0,0,1.3916506767273,1.3916506767273,0,0.560551047325134,0.045146007090807,3.93818187713623,4.62545442581177,5,5,0.789855062961578,0.967391312122345,1,1,35,1.02999997138977,0
06,2009-06-15,52050040,11,Definitivo,SANDONA [52050040],Pluviométrica,Convencional,Activa,Nariño,Sandoná,1.3223,-77.4792,20,9/15/1963,,Cudayari,Pacifico,Patía,Río Guáitara,2009,15,Andes,Definitivo,11,11,0,11.7108402252197,11.7108402252197,0,5.39688682556152,3.75836849212647,3.93818187713623,4.62545442581177,5,5,0.789855062961578,0.967391312122345,1,1,33,1.02999997138977,11.3299996852875
06,2010-06-13,52050040,,"",SANDONA [52050040],Pluviométrica,Convencional,Activa,Nariño,Sandoná,1.3223,-77.4792,20,9/15/1963,,Cudayari,Pacifico,Patía,Río Guáitara,2010,13,Andes,Preliminar,0,0,0,0.640340805053711,0.640340805053711,0,0.436815649271011,4.01532936096191,3.93818187713623,4.62545442581177,5,5,0.789855062961578,0.967391312122345,1,1,33,1.02999997138977,0
06,2023-06-18,52050040,,"",SANDONA [52050040],Pluviométrica,Convencional,Activa,Nariño,Sandoná,1.3223,-77.4792,20,9/15/1963,,Cudayari,Pacifico,Patía,Río Guáitara,2023,18,Andes,Preliminar,0,0,0,0.0579009354114533,0.0579009354114533,0,0.180592596530914,0,3.93818187713623,4.62545442581177,5,5,0.789855062961578,0.967391312122345,1,1,34,1.02999997138977,0
06,2023-06-15,52050040,,"",SANDONA [52050040],Pluviométrica,Convencional,Activa,Nariño,Sandoná,1.3223,-77.4792,20,9/15/1963,,Cudayari,Pacifico,Patía,Río Guáitara,2023,15,Andes,Preliminar,0,0,0,5.98809766769409,5.98809766769409,0,1.41226756572723,0.978817403316498,3.93818187713623,4.62545442581177,5,5,0.789855062961578,0.967391312122345,1,1,33,1.02999997138977,0
06,2023-06-13,52050040,,"",SANDONA [52050040],Pluviométrica,Convencional,Activa,Nariño,Sandoná,1.3223,-77.4792,20,9/15/1963,,Cudayari,Pacifico,Patía,Río Guáitara,2023,13,Andes,Preliminar,0,0,0,2.15381169319153,2.15381169319153,0,0.770704984664917,0,3.93818187713623,4.62545442581177,5,5,0.789855062961578,0.967391312122345,1,1,33,1.02999997138977,0
06,2008-06-24,52050040,7,Definitivo,SANDONA [52050040],Pluviométrica,Convencional,Activa,Nariño,Sandoná,1.3223,-77.4792,20,9/15/1963,,Cudayari,Pacifico,Patía,Río Guáitara,2008,24,Andes,Definitivo,7,7,0,1.49430775642395,1.49430775642395,0,3.95879149436951,5.61079502105713,3.93818187713623,4.62545442581177,5,5,0.789855062961578,0.967391312122345,1,1,35,1.02999997138977,7.20999979972839
06,2007-06-29,52050040,,"",SANDONA [52050040],Pluviométrica,Convencional,Activa,Nariño,Sandoná,1.3223,-77.4792,20,9/15/1963,,Cudayari,Pacifico,Patía,Río Guáitara,2007,29,Andes,Preliminar,0,0,0,0,0,0,0.0527614206075668,0.389185220003128,3.93818187713623,4.62545442581177,5,5,0.789855062961578,0.967391312122345,1,1,36,1.02999997138977,0
06,2005-06-28,52050040,1.8,Definitivo,SANDONA [52050040],Pluviométrica,Convencional,Activa,Nariño,Sandoná,1.3223,-77.4792,20,9/15/1963,,Cudayari,Pacifico,Patía,Río Guáitara,2005,28,Andes,Definitivo,1.8,1.8,0,2.18501567840576,2.18501567840576,0,2.22419834136963,0.778335273265839,3.93818187713623,4.62545442581177,5,5,0.789855062961578,0.967391312122345,1,1,36,1.02999997138977,1.85399994850159
06,2004-06-25,52050040,,"",SANDONA [52050040],Pluviométrica,Convencional,Activa,Nariño,Sandoná,1.3223,-77.4792,20,9/15/1963,,Cudayari,Pacifico,Patía,Río Guáitara,2004,25,Andes,Preliminar,0,0,0,4.75522708892822,4.75522708892822,6.955726146698,0.827904343605042,1.42311370372772,3.93818187713623,4.62545442581177,5,5,0.789855062961578,0.967391312122345,1,1,35,1.02999997138977,0
06,2004-06-26,52050040,,"",SANDONA [52050040],Pluviométrica,Convencional,Activa,Nariño,Sandoná,1.3223,-77.4792,20,9/15/1963,,Cudayari,Pacifico,Patía,Río Guáitara,2004,26,Andes,Preliminar,0,0,0,0.672461986541748,0.672461986541748,0,1.13833045959473,0,3.93818187713623,4.62545442581177,5,5,0.789855062961578,0.967391312122345,1,1,36,1.02999997138977,0
06,2005-06-24,52050040,,"",SANDONA [52050040],Pluviométrica,Convencional,Activa,Nariño,Sandoná,1.3223,-77.4792,20,9/15/1963,,Cudayari,Pacifico,Patía,Río Guáitara,2005,24,Andes,Preliminar,0,0,0,0,0,0,0.165152937173843,0,3.93818187713623,4.62545442581177,5,5,0.789855062961578,0.967391312122345,1,1,35,1.02999997138977,0
06,2007-06-19,52050040,,"",SANDONA [52050040],Pluviométrica,Convencional,Activa,Nariño,Sandoná,1.3223,-77.4792,20,9/15/1963,,Cudayari,Pacifico,Patía,Río Guáitara,2007,19,Andes,Preliminar,0,0,0,0,0,0,0.560737371444702,0.095988005399704,3.93818187713623,4.62545442581177,5,5,0.789855062961578,0.967391312122345,1,1,34,1.02999997138977,0
06,2007-06-20,52050040,0,Definitivo,SANDONA [52050040],Pluviométrica,Convencional,Activa,Nariño,Sandoná,1.3223,-77.4792,20,9/15/1963,,Cudayari,Pacifico,Patía,Río Guáitara,2007,20,Andes,Definitivo,0,0,0,0.421584129333496,0.421584129333496,0,0.583879053592682,0.447944074869156,3.93818187713623,4.62545442581177,5,5,0.789855062961578,0.967391312122345,1,1,34,1.02999997138977,0
06,2018-06-27,52050040,8,Definitivo,SANDONA [52050040],Pluviométrica,Convencional,Activa,Nariño,Sandoná,1.3223,-77.4792,20,9/15/1963,,Cudayari,Pacifico,Patía,Río Guáitara,2018,27,Andes,Definitivo,8,8,0,1.28151679039001,1.28151679039001,0,3.79795980453491,2.32951402664185,3.93818187713623,4.62545442581177,5,5,0.789855062961578,0.967391312122345,1,1,36,1.02999997138977,8.23999977111816
06,2021-06-25,52050040,8,En revisión,SANDONA [52050040],Pluviométrica,Convencional,Activa,Nariño,Sandoná,1.3223,-77.4792,20,9/15/1963,,Cudayari,Pacifico,Patía,Río Guáitara,2021,25,Andes,En revisión,8,8,0,2.36202049255371,2.36202049255371,0,6.4102578163147,4.37633800506592,3.93818187713623,4.62545442581177,5,5,0.789855062961578,0.967391312122345,1,1,35,1.02999997138977,8.23999977111816
06,2010-06-14,52050040,2,Definitivo,SANDONA [52050040],Pluviométrica,Convencional,Activa,Nariño,Sandoná,1.3223,-77.4792,20,9/15/1963,,Cudayari,Pacifico,Patía,Río Guáitara,2010,14,Andes,Definitivo,2,2,0,3.69427418708801,3.69427418708801,0,1.65290927886963,0.807846188545227,3.93818187713623,4.62545442581177,5,5,0.789855062961578,0.967391312122345,1,1,33,1.02999997138977,2.05999994277954
06,2010-06-15,52050040,6,Definitivo,SANDONA [52050040],Pluviométrica,Convencional,Activa,Nariño,Sandoná,1.3223,-77.4792,20,9/15/1963,,Cudayari,Pacifico,Patía,Río Guáitara,2010,15,Andes,Definitivo,6,6,0,3.90772080421448,3.90772080421448,0,2.45614790916443,0.0717023089528084,3.93818187713623,4.62545442581177,5,5,0.789855062961578,0.967391312122345,1,1,33,1.02999997138977,6.17999982833862
06,2010-06-16,52050040,2,Definitivo,SANDONA [52050040],Pluviométrica,Convencional,Activa,Nariño,Sandoná,1.3223,-77.4792,20,9/15/1963,,Cudayari,Pacifico,Patía,Río Guáitara,2010,16,Andes,Definitivo,2,2,0,2.3658332824707,2.3658332824707,0,4.64900779724121,4.59875440597534,3.93818187713623,4.62545442581177,5,5,0.789855062961578,0.967391312122345,1,1,34,1.02999997138977,2.05999994277954
06,2023-06-10,52050040,2,En revisión,SANDONA [52050040],Pluviométrica,Convencional,Activa,Nariño,Sandoná,1.3223,-77.4792,20,9/15/1963,,Cudayari,Pacifico,Patía,Río Guáitara,2023,10,Andes,En revisión,2,2,0,0.904735386371613,0.904735386371613,0,0.11008844524622,0.226520925760269,3.93818187713623,4.62545442581177,5,5,0.789855062961578,0.967391312122345,1,1,32,1.02999997138977,2.05999994277954
06,2009-06-21,52050040,6,Definitivo,SANDONA [52050040],Pluviométrica,Convencional,Activa,Nariño,Sandoná,1.3223,-77.4792,20,9/15/1963,,Cudayari,Pacifico,Patía,Río Guáitara,2009,21,Andes,Definitivo,6,6,0,2.44479084014893,2.44479084014893,0,2.33538794517517,0.0609815455973148,3.93818187713623,4.62545442581177,5,5,0.789855062961578,0.967391312122345,1,1,35,1.02999997138977,6.17999982833862
06,2010-06-18,52050040,25,Definitivo,SANDONA [52050040],Pluviométrica,Convencional,Activa,Nariño,Sandoná,1.3223,-77.4792,20,9/15/1963,,Cudayari,Pacifico,Patía,Río Guáitara,2010,18,Andes,Definitivo,25,25,0,4.42835474014282,4.42835474014282,0,5.84165334701538,2.35316348075867,3.93818187713623,4.62545442581177,5,5,0.789855062961578,0.967391312122345,1,1,34,1.02999997138977,25.7499992847443
06,2010-06-19,52050040,2,Definitivo,SANDONA [52050040],Pluviométrica,Convencional,Activa,Nariño,Sandoná,1.3223,-77.4792,20,9/15/1963,,Cudayari,Pacifico,Patía,Río Guáitara,2010,19,Andes,Definitivo,2,2,0,6.12690162658691,6.12690162658691,0,7.58524656295776,8.26072597503662,3.93818187713623,4.62545442581177,5,5,0.789855062961578,0.967391312122345,1,1,34,1.02999997138977,2.05999994277954
06,2010-06-20,52050040,1,Definitivo,SANDONA [52050040],Pluviométrica,Convencional,Activa,Nariño,Sandoná,1.3223,-77.4792,20,9/15/1963,,Cudayari,Pacifico,Patía,Río Guáitara,2010,20,Andes,Definitivo,1,1,0,8.54126453399658,8.54126453399658,0,6.43937730789185,6.94743633270264,3.93818187713623,4.62545442581177,5,5,0.789855062961578,0.967391312122345,1,1,34,1.02999997138977,1.02999997138977
06,2009-06-24,52050040,1,Definitivo,SANDONA [52050040],Pluviométrica,Convencional,Activa,Nariño,Sandoná,1.3223,-77.4792,20,9/15/1963,,Cudayari,Pacifico,Patía,Río Guáitara,2009,24,Andes,Definitivo,1,1,0,1.66498684883118,1.66498684883118,0,1.47100567817688,1.6010240316391,3.93818187713623,4.62545442581177,5,5,0.789855062961578,0.967391312122345,1,1,35,1.02999997138977,1.02999997138977
06,2012-06-22,52050040,2,Definitivo,SANDONA [52050040],Pluviométrica,Convencional,Activa,Nariño,Sandoná,1.3223,-77.4792,20,9/15/1963,,Cudayari,Pacifico,Patía,Río Guáitara,2012,22,Andes,Definitivo,2,2,0,3.11717844009399,3.11717844009399,0,0.565040409564972,0.0706041976809502,3.93818187713623,4.62545442581177,5,5,0.789855062961578,0.967391312122345,1,1,35,1.02999997138977,2.05999994277954
06,2012-06-23,52050040,,"",SANDONA [52050040],Pluviométrica,Convencional,Activa,Nariño,Sandoná,1.3223,-77.4792,20,9/15/1963,,Cudayari,Pacifico,Patía,Río Guáitara,2012,23,Andes,Preliminar,0,0,0,2.91262555122376,2.91262555122376,8.03551769256592,0.878744006156921,10.8200931549072,3.93818187713623,4.62545442581177,5,5,0.789855062961578,0.967391312122345,1,1,35,1.02999997138977,0
06,2008-06-17,52050040,,"",SANDONA [52050040],Pluviométrica,Convencional,Activa,Nariño,Sandoná,1.3223,-77.4792,20,9/15/1963,,Cudayari,Pacifico,Patía,Río Guáitara,2008,17,Andes,Preliminar,0,0,0,1.38949823379517,1.38949823379517,15.2467441558838,9.76594161987305,5.07105875015259,3.93818187713623,4.62545442581177,5,5,0.789855062961578,0.967391312122345,1,1,34,1.02999997138977,0
06,2010-06-12,52050040,,"",SANDONA [52050040],Pluviométrica,Convencional,Activa,Nariño,Sandoná,1.3223,-77.4792,20,9/15/1963,,Cudayari,Pacifico,Patía,Río Guáitara,2010,12,Andes,Preliminar,0,0,0,0,0,0,0.244653791189194,0.0143404621630907,3.93818187713623,4.62545442581177,5,5,0.789855062961578,0.967391312122345,1,1,33,1.02999997138977,0
06,2021-06-23,52050040,2,En revisión,SANDONA [52050040],Pluviométrica,Convencional,Activa,Nariño,Sandoná,1.3223,-77.4792,20,9/15/1963,,Cudayari,Pacifico,Patía,Río Guáitara,2021,23,Andes,En revisión,2,2,0,3.22612047195435,3.22612047195435,0,8.78042984008789,2.98966574668884,3.93818187713623,4.62545442581177,5,5,0.789855062961578,0.967391312122345,1,1,35,1.02999997138977,2.05999994277954
06,2022-06-19,52050040,3,En revisión,SANDONA [52050040],Pluviométrica,Convencional,Activa,Nariño,Sandoná,1.3223,-77.4792,20,9/15/1963,,Cudayari,Pacifico,Patía,Río Guáitara,2022,19,Andes,En revisión,3,3,0,2.77679443359375,2.77679443359375,8.22960662841797,3.40703630447388,3.08108448982239,3.93818187713623,4.62545442581177,5,5,0.789855062961578,0.967391312122345,1,1,34,1.02999997138977,3.08999991416931
06,2021-06-18,52050040,,"",SANDONA [52050040],Pluviométrica,Convencional,Activa,Nariño,Sandoná,1.3223,-77.4792,20,9/15/1963,,Cudayari,Pacifico,Patía,Río Guáitara,2021,18,Andes,Preliminar,0,0,0,1.65767908096313,1.65767908096313,0,2.4301905632019,0,3.93818187713623,4.62545442581177,5,5,0.789855062961578,0.967391312122345,1,1,34,1.02999997138977,0
06,2009-06-20,52050040,,"",SANDONA [52050040],Pluviométrica,Convencional,Activa,Nariño,Sandoná,1.3223,-77.4792,20,9/15/1963,,Cudayari,Pacifico,Patía,Río Guáitara,2009,20,Andes,Preliminar,0,0,0,4.35192966461182,4.35192966461182,0,2.38768720626831,0.836834847927094,3.93818187713623,4.62545442581177,5,5,0.789855062961578,0.967391312122345,1,1,34,1.02999997138977,0
06,2021-06-13,52050040,,"",SANDONA [52050040],Pluviométrica,Convencional,Activa,Nariño,Sandoná,1.3223,-77.4792,20,9/15/1963,,Cudayari,Pacifico,Patía,Río Guáitara,2021,13,Andes,Preliminar,2,2,0,5.7586932182312,5.7586932182312,30.604679107666,4.75010776519775,12.4782266616821,3.93818187713623,4.62545442581177,5,5,0.789855062961578,0.967391312122345,1,1,33,1.02999997138977,2.05999994277954
06,2023-06-12,52050040,,"",SANDONA [52050040],Pluviométrica,Convencional,Activa,Nariño,Sandoná,1.3223,-77.4792,20,9/15/1963,,Cudayari,Pacifico,Patía,Río Guáitara,2023,12,Andes,Preliminar,0,0,0,1.51536655426025,1.51536655426025,0,0.869067966938019,0.456414878368378,3.93818187713623,4.62545442581177,5,5,0.789855062961578,0.967391312122345,1,1,33,1.02999997138977,0
06,2020-06-13,52050040,20,En revisión,SANDONA [52050040],Pluviométrica,Convencional,Activa,Nariño,Sandoná,1.3223,-77.4792,20,9/15/1963,,Cudayari,Pacifico,Patía,Río Guáitara,2020,13,Andes,En revisión,20,20,0,3.57001304626465,3.57001304626465,9.17866611480713,11.1235799789429,5.284095287323,3.93818187713623,4.62545442581177,5,5,0.789855062961578,0.967391312122345,1,1,33,1.02999997138977,20.5999994277954
06,2021-06-11,52050040,2,En revisión,SANDONA [52050040],Pluviométrica,Convencional,Activa,Nariño,Sandoná,1.3223,-77.4792,20,9/15/1963,,Cudayari,Pacifico,Patía,Río Guáitara,2021,11,Andes,En revisión,2,2,0,9.31053161621094,9.31053161621094,10.2015590667725,6.324791431427,0.116575352847576,3.93818187713623,4.62545442581177,5,5,0.789855062961578,0.967391312122345,1,1,33,1.02999997138977,2.05999994277954
06,2022-06-09,52050040,2,En revisión,SANDONA [52050040],Pluviométrica,Convencional,Activa,Nariño,Sandoná,1.3223,-77.4792,20,9/15/1963,,Cudayari,Pacifico,Patía,Río Guáitara,2022,09,Andes,En revisión,2,2,0,5.4966893196106,5.4966893196106,0,6.09675645828247,8.93534660339356,3.93818187713623,4.62545442581177,5,5,0.789855062961578,0.967391312122345,1,1,32,1.02999997138977,2.05999994277954
06,2023-06-07,52050040,1,En revisión,SANDONA [52050040],Pluviométrica,Convencional,Activa,Nariño,Sandoná,1.3223,-77.4792,20,9/15/1963,,Cudayari,Pacifico,Patía,Río Guáitara,2023,07,Andes,En revisión,1,1,0,1.80101668834686,1.80101668834686,0,0.160504192113876,0.0011616456322372,3.93818187713623,4.62545442581177,5,5,0.789855062961578,0.967391312122345,1,1,32,1.02999997138977,1.02999997138977
06,2022-06-08,52050040,5,En revisión,SANDONA [52050040],Pluviométrica,Convencional,Activa,Nariño,Sandoná,1.3223,-77.4792,20,9/15/1963,,Cudayari,Pacifico,Patía,Río Guáitara,2022,08,Andes,En revisión,5,5,0,4.5399341583252,4.5399341583252,0,3.58271336555481,4.4463472366333,3.93818187713623,4.62545442581177,5,5,0.789855062961578,0.967391312122345,1,1,32,1.02999997138977,5.14999985694885
06,2014-06-25,52050040,4,Definitivo,SANDONA [52050040],Pluviométrica,Convencional,Activa,Nariño,Sandoná,1.3223,-77.4792,20,9/15/1963,,Cudayari,Pacifico,Patía,Río Guáitara,2014,25,Andes,Definitivo,4,4,0,2.51208066940308,2.51208066940308,0,1.26581478118896,2.7691068649292,3.93818187713623,4.62545442581177,5,5,0.789855062961578,0.967391312122345,1,1,35,1.02999997138977,4.11999988555908
06,2019-06-24,52050040,,"",SANDONA [52050040],Pluviométrica,Convencional,Activa,Nariño,Sandoná,1.3223,-77.4792,20,9/15/1963,,Cudayari,Pacifico,Patía,Río Guáitara,2019,24,Andes,Preliminar,0,0,0,0.860254108905792,0.860254108905792,0,0.440521687269211,2.53720569610596,3.93818187713623,4.62545442581177,5,5,0.789855062961578,0.967391312122345,1,1,35,1.02999997138977,0
06,2008-06-12,52050040,7,Definitivo,SANDONA [52050040],Pluviométrica,Convencional,Activa,Nariño,Sandoná,1.3223,-77.4792,20,9/15/1963,,Cudayari,Pacifico,Patía,Río Guáitara,2008,12,Andes,Definitivo,7,7,0,2.6370325088501,2.6370325088501,0,3.2598032951355,0,3.93818187713623,4.62545442581177,5,5,0.789855062961578,0.967391312122345,1,1,33,1.02999997138977,7.20999979972839
06,2008-06-13,52050040,,"",SANDONA [52050040],Pluviométrica,Convencional,Activa,Nariño,Sandoná,1.3223,-77.4792,20,9/15/1963,,Cudayari,Pacifico,Patía,Río Guáitara,2008,13,Andes,Preliminar,0,0,0,7.69728422164917,7.69728422164917,0,1.28249800205231,0.24832034111023,3.93818187713623,4.62545442581177,5,5,0.789855062961578,0.967391312122345,1,1,33,1.02999997138977,0
06,2011-06-12,52050040,,"",SANDONA [52050040],Pluviométrica,Convencional,Activa,Nariño,Sandoná,1.3223,-77.4792,20,9/15/1963,,Cudayari,Pacifico,Patía,Río Guáitara,2011,12,Andes,Preliminar,0,0,0,2.20209860801697,2.20209860801697,0,0.106210060417652,0.0168970748782158,3.93818187713623,4.62545442581177,5,5,0.789855062961578,0.967391312122345,1,1,33,1.02999997138977,0
06,2022-06-14,52050040,4,En revisión,SANDONA [52050040],Pluviométrica,Convencional,Activa,Nariño,Sandoná,1.3223,-77.4792,20,9/15/1963,,Cudayari,Pacifico,Patía,Río Guáitara,2022,14,Andes,En revisión,4,4,0,2.1696047782898,2.1696047782898,0,1.47479486465454,0,3.93818187713623,4.62545442581177,5,5,0.789855062961578,0.967391312122345,1,1,33,1.02999997138977,4.11999988555908
06,2010-06-17,52050040,10,Definitivo,SANDONA [52050040],Pluviométrica,Convencional,Activa,Nariño,Sandoná,1.3223,-77.4792,20,9/15/1963,,Cudayari,Pacifico,Patía,Río Guáitara,2010,17,Andes,Definitivo,10,10,0,1.26177775859833,1.26177775859833,0,1.77291595935822,4.12812185287476,3.93818187713623,4.62545442581177,5,5,0.789855062961578,0.967391312122345,1,1,34,1.02999997138977,10.2999997138977
06,2004-06-30,52050040,0,Definitivo,SANDONA [52050040],Pluviométrica,Convencional,Activa,Nariño,Sandoná,1.3223,-77.4792,20,9/15/1963,,Cudayari,Pacifico,Patía,Río Guáitara,2004,30,Andes,Definitivo,0,0,0,1.74840080738068,1.74840080738068,0,1.90738201141357,0.357369035482407,3.93818187713623,4.62545442581177,5,5,0.789855062961578,0.967391312122345,1,1,36,1.02999997138977,0
06,2003-06-28,52050040,,"",SANDONA [52050040],Pluviométrica,Convencional,Activa,Nariño,Sandoná,1.3223,-77.4792,20,9/15/1963,,Cudayari,Pacifico,Patía,Río Guáitara,2003,28,Andes,Preliminar,0,0,0,3.20240807533264,3.20240807533264,0,0.343739718198776,0.0449946112930775,3.93818187713623,4.62545442581177,5,5,0.789855062961578,0.967391312122345,1,1,36,1.02999997138977,0
06,2005-06-22,52050040,,"",SANDONA [52050040],Pluviométrica,Convencional,Activa,Nariño,Sandoná,1.3223,-77.4792,20,9/15/1963,,Cudayari,Pacifico,Patía,Río Guáitara,2005,22,Andes,Preliminar,0,0,0,0.763183832168579,0.763183832168579,0,0.423584252595902,0,3.93818187713623,4.62545442581177,5,5,0.789855062961578,0.967391312122345,1,1,35,1.02999997138977,0
06,2005-06-23,52050040,,"",SANDONA [52050040],Pluviométrica,Convencional,Activa,Nariño,Sandoná,1.3223,-77.4792,20,9/15/1963,,Cudayari,Pacifico,Patía,Río Guáitara,2005,23,Andes,Preliminar,0,0,0,0.38159191608429,0.38159191608429,0,0.334906578063965,0,3.93818187713623,4.62545442581177,5,5,0.789855062961578,0.967391312122345,1,1,35,1.02999997138977,0
06,2006-06-21,52050040,1,Definitivo,SANDONA [52050040],Pluviométrica,Convencional,Activa,Nariño,Sandoná,1.3223,-77.4792,20,9/15/1963,,Cudayari,Pacifico,Patía,Río Guáitara,2006,21,Andes,Definitivo,1,1,0,3.62222743034363,3.62222743034363,0,0.338863641023636,0.517710983753204,3.93818187713623,4.62545442581177,5,5,0.789855062961578,0.967391312122345,1,1,35,1.02999997138977,1.02999997138977
06,2008-06-15,52050040,1,Definitivo,SANDONA [52050040],Pluviométrica,Convencional,Activa,Nariño,Sandoná,1.3223,-77.4792,20,9/15/1963,,Cudayari,Pacifico,Patía,Río Guáitara,2008,15,Andes,Definitivo,1,1,0,2.35194802284241,2.35194802284241,0,1.78949534893036,0.260736346244812,3.93818187713623,4.62545442581177,5,5,0.789855062961578,0.967391312122345,1,1,33,1.02999997138977,1.02999997138977
06,2008-06-16,52050040,,"",SANDONA [52050040],Pluviométrica,Convencional,Activa,Nariño,Sandoná,1.3223,-77.4792,20,9/15/1963,,Cudayari,Pacifico,Patía,Río Guáitara,2008,16,Andes,Preliminar,10,10,0,0.913098692893982,0.913098692893982,0,3.01918745040894,0.137256160378456,3.93818187713623,4.62545442581177,5,5,0.789855062961578,0.967391312122345,1,1,34,1.02999997138977,10.2999997138977
06,2009-06-14,52050040,3,Definitivo,SANDONA [52050040],Pluviométrica,Convencional,Activa,Nariño,Sandoná,1.3223,-77.4792,20,9/15/1963,,Cudayari,Pacifico,Patía,Río Guáitara,2009,14,Andes,Definitivo,3,3,0,4.94457674026489,4.94457674026489,0,8.07443428039551,0,3.93818187713623,4.62545442581177,5,5,0.789855062961578,0.967391312122345,1,1,33,1.02999997138977,3.08999991416931
06,2019-06-25,52050040,,"",SANDONA [52050040],Pluviométrica,Convencional,Activa,Nariño,Sandoná,1.3223,-77.4792,20,9/15/1963,,Cudayari,Pacifico,Patía,Río Guáitara,2019,25,Andes,Preliminar,0,0,0,2.90044283866882,2.90044283866882,0,0.38849076628685,0.137695327401161,3.93818187713623,4.62545442581177,5,5,0.789855062961578,0.967391312122345,1,1,35,1.02999997138977,0
06,2020-06-24,52050040,7,En revisión,SANDONA [52050040],Pluviométrica,Convencional,Activa,Nariño,Sandoná,1.3223,-77.4792,20,9/15/1963,,Cudayari,Pacifico,Patía,Río Guáitara,2020,24,Andes,En revisión,7,7,0,2.89801406860352,2.89801406860352,6.80406332015991,1.64982581138611,0.0227670501917601,3.93818187713623,4.62545442581177,5,5,0.789855062961578,0.967391312122345,1,1,35,1.02999997138977,7.20999979972839
06,2023-06-20,52050040,,"",SANDONA [52050040],Pluviométrica,Convencional,Activa,Nariño,Sandoná,1.3223,-77.4792,20,9/15/1963,,Cudayari,Pacifico,Patía,Río Guáitara,2023,20,Andes,Preliminar,0,0,0,0.812580525875092,0.812580525875092,0,0.630669236183167,0,3.93818187713623,4.62545442581177,5,5,0.789855062961578,0.967391312122345,1,1,34,1.02999997138977,0
06,2011-06-13,52050040,,"",SANDONA [52050040],Pluviométrica,Convencional,Activa,Nariño,Sandoná,1.3223,-77.4792,20,9/15/1963,,Cudayari,Pacifico,Patía,Río Guáitara,2011,13,Andes,Preliminar,0,0,0,1.61880385875702,1.61880385875702,0,0.181576296687126,0,3.93818187713623,4.62545442581177,5,5,0.789855062961578,0.967391312122345,1,1,33,1.02999997138977,0
06,2021-06-15,52050040,7,En revisión,SANDONA [52050040],Pluviométrica,Convencional,Activa,Nariño,Sandoná,1.3223,-77.4792,20,9/15/1963,,Cudayari,Pacifico,Patía,Río Guáitara,2021,15,Andes,En revisión,7,7,0,11.2443828582764,11.2443828582764,10.2015590667725,5.70401477813721,14.3457660675049,3.93818187713623,4.62545442581177,5,5,0.789855062961578,0.967391312122345,1,1,33,1.02999997138977,7.20999979972839
06,2011-06-14,52050040,,"",SANDONA [52050040],Pluviométrica,Convencional,Activa,Nariño,Sandoná,1.3223,-77.4792,20,9/15/1963,,Cudayari,Pacifico,Patía,Río Guáitara,2011,14,Andes,Preliminar,0,0,0,2.7609281539917,2.7609281539917,0,0.47078663110733,0.761776387691498,3.93818187713623,4.62545442581177,5,5,0.789855062961578,0.967391312122345,1,1,33,1.02999997138977,0
06,2011-06-15,52050040,,"",SANDONA [52050040],Pluviométrica,Convencional,Activa,Nariño,Sandoná,1.3223,-77.4792,20,9/15/1963,,Cudayari,Pacifico,Patía,Río Guáitara,2011,15,Andes,Preliminar,0,0,0,2.23813509941101,2.23813509941101,0,0.170866504311562,0.198540583252907,3.93818187713623,4.62545442581177,5,5,0.789855062961578,0.967391312122345,1,1,33,1.02999997138977,0
06,2011-06-16,52050040,,"",SANDONA [52050040],Pluviométrica,Convencional,Activa,Nariño,Sandoná,1.3223,-77.4792,20,9/15/1963,,Cudayari,Pacifico,Patía,Río Guáitara,2011,16,Andes,Preliminar,0,0,0,2.63922262191772,2.63922262191772,0,0.405110538005829,0.757480323314667,3.93818187713623,4.62545442581177,5,5,0.789855062961578,0.967391312122345,1,1,34,1.02999997138977,0
06,2011-06-17,52050040,,"",SANDONA [52050040],Pluviométrica,Convencional,Activa,Nariño,Sandoná,1.3223,-77.4792,20,9/15/1963,,Cudayari,Pacifico,Patía,Río Guáitara,2011,17,Andes,Preliminar,1,1,0,2.43463850021362,2.43463850021362,0,0.254960298538208,1.53036046028137,3.93818187713623,4.62545442581177,5,5,0.789855062961578,0.967391312122345,1,1,34,1.02999997138977,1.02999997138977
06,2010-06-21,52050040,,"",SANDONA [52050040],Pluviométrica,Convencional,Activa,Nariño,Sandoná,1.3223,-77.4792,20,9/15/1963,,Cudayari,Pacifico,Patía,Río Guáitara,2010,21,Andes,Preliminar,0,0,0,4.5774359703064,4.5774359703064,0,0.565912961959839,0.0120084779337049,3.93818187713623,4.62545442581177,5,5,0.789855062961578,0.967391312122345,1,1,35,1.02999997138977,0
06,2010-06-22,52050040,,"",SANDONA [52050040],Pluviométrica,Convencional,Activa,Nariño,Sandoná,1.3223,-77.4792,20,9/15/1963,,Cudayari,Pacifico,Patía,Río Guáitara,2010,22,Andes,Preliminar,0,0,0,0.72889107465744,0.72889107465744,0,0.0772749483585358,0.916647255420685,3.93818187713623,4.62545442581177,5,5,0.789855062961578,0.967391312122345,1,1,35,1.02999997138977,0
06,2013-06-20,52050040,,"",SANDONA [52050040],Pluviométrica,Convencional,Activa,Nariño,Sandoná,1.3223,-77.4792,20,9/15/1963,,Cudayari,Pacifico,Patía,Río Guáitara,2013,20,Andes,Preliminar,0,0,0,2.83776068687439,2.83776068687439,0,0.785606563091278,0,3.93818187713623,4.62545442581177,5,5,0.789855062961578,0.967391312122345,1,1,34,1.02999997138977,0
06,2012-06-24,52050040,,"",SANDONA [52050040],Pluviométrica,Convencional,Activa,Nariño,Sandoná,1.3223,-77.4792,20,9/15/1963,,Cudayari,Pacifico,Patía,Río Guáitara,2012,24,Andes,Preliminar,0,0,0,5.54210424423218,5.54210424423218,0,1.76973187923431,0.445688992738724,3.93818187713623,4.62545442581177,5,5,0.789855062961578,0.967391312122345,1,1,35,1.02999997138977,0
06,2005-06-14,52050040,0,Definitivo,SANDONA [52050040],Pluviométrica,Convencional,Activa,Nariño,Sandoná,1.3223,-77.4792,20,9/15/1963,,Cudayari,Pacifico,Patía,Río Guáitara,2005,14,Andes,Definitivo,0,0,0,0.116371355950832,0.116371355950832,18.3191165924072,4.04574918746948,7.7280535697937,3.93818187713623,4.62545442581177,5,5,0.789855062961578,0.967391312122345,1,1,33,1.02999997138977,0
06,2009-06-09,52050040,,"",SANDONA [52050040],Pluviométrica,Convencional,Activa,Nariño,Sandoná,1.3223,-77.4792,20,9/15/1963,,Cudayari,Pacifico,Patía,Río Guáitara,2009,09,Andes,Preliminar,0,0,0,5.21189165115356,5.21189165115356,0,1.02106916904449,0.258799970149994,3.93818187713623,4.62545442581177,5,5,0.789855062961578,0.967391312122345,1,1,32,1.02999997138977,0
06,2009-06-10,52050040,27,Definitivo,SANDONA [52050040],Pluviométrica,Convencional,Activa,Nariño,Sandoná,1.3223,-77.4792,20,9/15/1963,,Cudayari,Pacifico,Patía,Río Guáitara,2009,10,Andes,Definitivo,27,27,0,4.23466205596924,4.23466205596924,0,9.55311393737793,15.1602277755737,3.93818187713623,4.62545442581177,5,5,0.789855062961578,0.967391312122345,1,1,32,1.02999997138977,27.8099992275238
06,2020-06-19,52050040,4,En revisión,SANDONA [52050040],Pluviométrica,Convencional,Activa,Nariño,Sandoná,1.3223,-77.4792,20,9/15/1963,,Cudayari,Pacifico,Patía,Río Guáitara,2020,19,Andes,En revisión,4,4,0,1.81408929824829,1.81408929824829,0,0.989849209785461,6.10808658599854,3.93818187713623,4.62545442581177,5,5,0.789855062961578,0.967391312122345,1,1,34,1.02999997138977,4.11999988555908
06,2012-06-09,52050040,1,Definitivo,SANDONA [52050040],Pluviométrica,Convencional,Activa,Nariño,Sandoná,1.3223,-77.4792,20,9/15/1963,,Cudayari,Pacifico,Patía,Río Guáitara,2012,09,Andes,Definitivo,1,1,0,1.58937585353851,1.58937585353851,0,0.0735675543546677,0.0289082415401936,3.93818187713623,4.62545442581177,5,5,0.789855062961578,0.967391312122345,1,1,32,1.02999997138977,1.02999997138977
06,2022-06-16,52050040,2,En revisión,SANDONA [52050040],Pluviométrica,Convencional,Activa,Nariño,Sandoná,1.3223,-77.4792,20,9/15/1963,,Cudayari,Pacifico,Patía,Río Guáitara,2022,16,Andes,En revisión,2,2,0,2.16857528686523,2.16857528686523,6.42702293395996,2.95442056655884,0.170712411403656,3.93818187713623,4.62545442581177,5,5,0.789855062961578,0.967391312122345,1,1,34,1.02999997138977,2.05999994277954
06,2022-06-13,52050040,2,En revisión,SANDONA [52050040],Pluviométrica,Convencional,Activa,Nariño,Sandoná,1.3223,-77.4792,20,9/15/1963,,Cudayari,Pacifico,Patía,Río Guáitara,2022,13,Andes,En revisión,2,2,0,2.38274574279785,2.38274574279785,0,3.4271399974823,0.35751685500145,3.93818187713623,4.62545442581177,5,5,0.789855062961578,0.967391312122345,1,1,33,1.02999997138977,2.05999994277954
06,2021-06-14,52050040,8,En revisión,SANDONA [52050040],Pluviométrica,Convencional,Activa,Nariño,Sandoná,1.3223,-77.4792,20,9/15/1963,,Cudayari,Pacifico,Patía,Río Guáitara,2021,14,Andes,En revisión,8,8,0,14.1479797363281,14.1479797363281,10.2015590667725,21.8891048431396,14.0403347015381,3.93818187713623,4.62545442581177,5,5,0.789855062961578,0.967391312122345,1,1,33,1.02999997138977,8.23999977111816
06,2022-06-12,52050040,3,En revisión,SANDONA [52050040],Pluviométrica,Convencional,Activa,Nariño,Sandoná,1.3223,-77.4792,20,9/15/1963,,Cudayari,Pacifico,Patía,Río Guáitara,2022,12,Andes,En revisión,3,3,0,19.3914947509766,19.3914947509766,0,3.45431542396545,3.42591452598572,3.93818187713623,4.62545442581177,5,5,0.789855062961578,0.967391312122345,1,1,33,1.02999997138977,3.08999991416931
06,2020-06-12,52050040,11,En revisión,SANDONA [52050040],Pluviométrica,Convencional,Activa,Nariño,Sandoná,1.3223,-77.4792,20,9/15/1963,,Cudayari,Pacifico,Patía,Río Guáitara,2020,12,Andes,En revisión,11,11,0,3.0305061340332,3.0305061340332,7.79156970977783,5.88442373275757,16.2080936431885,3.93818187713623,4.62545442581177,5,5,0.789855062961578,0.967391312122345,1,1,33,1.02999997138977,11.3299996852875
06,2021-06-10,52050040,,"",SANDONA [52050040],Pluviométrica,Convencional,Activa,Nariño,Sandoná,1.3223,-77.4792,20,9/15/1963,,Cudayari,Pacifico,Patía,Río Guáitara,2021,10,Andes,Preliminar,1,1,0,3.29930400848389,3.29930400848389,7.92932176589966,3.98359704017639,17.462703704834,3.93818187713623,4.62545442581177,5,5,0.789855062961578,0.967391312122345,1,1,32,1.02999997138977,1.02999997138977
06,2021-06-09,52050040,3,En revisión,SANDONA [52050040],Pluviométrica,Convencional,Activa,Nariño,Sandoná,1.3223,-77.4792,20,9/15/1963,,Cudayari,Pacifico,Patía,Río Guáitara,2021,09,Andes,En revisión,3,3,0,4.45188331604004,4.45188331604004,0,12.0921764373779,4.16066598892212,3.93818187713623,4.62545442581177,5,5,0.789855062961578,0.967391312122345,1,1,32,1.02999997138977,3.08999991416931
06,2023-06-06,52050040,7,En revisión,SANDONA [52050040],Pluviométrica,Convencional,Activa,Nariño,Sandoná,1.3223,-77.4792,20,9/15/1963,,Cudayari,Pacifico,Patía,Río Guáitara,2023,06,Andes,En revisión,7,7,0,1.70528602600098,1.70528602600098,0,0.223263576626778,0,3.93818187713623,4.62545442581177,5,5,0.789855062961578,0.967391312122345,1,1,32,1.02999997138977,7.20999979972839
06,2017-06-23,52050040,2,Definitivo,SANDONA [52050040],Pluviométrica,Convencional,Activa,Nariño,Sandoná,1.3223,-77.4792,20,9/15/1963,,Cudayari,Pacifico,Patía,Río Guáitara,2017,23,Andes,Definitivo,2,2,0,1.02611100673676,1.02611100673676,0,2.4698166847229,0.103579178452492,3.93818187713623,4.62545442581177,5,5,0.789855062961578,0.967391312122345,1,1,35,1.02999997138977,2.05999994277954
06,2017-06-24,52050040,,"",SANDONA [52050040],Pluviométrica,Convencional,Activa,Nariño,Sandoná,1.3223,-77.4792,20,9/15/1963,,Cudayari,Pacifico,Patía,Río Guáitara,2017,24,Andes,Preliminar,0,0,0,0.806830048561096,0.806830048561096,0,0.271283149719238,0.0615001432597637,3.93818187713623,4.62545442581177,5,5,0.789855062961578,0.967391312122345,1,1,35,1.02999997138977,0
06,2022-06-23,52050040,8,En revisión,SANDONA [52050040],Pluviométrica,Convencional,Activa,Nariño,Sandoná,1.3223,-77.4792,20,9/15/1963,,Cudayari,Pacifico,Patía,Río Guáitara,2022,23,Andes,En revisión,8,8,0,2.10628867149353,2.10628867149353,0,6.04332160949707,23.5319919586182,3.93818187713623,4.62545442581177,5,5,0.789855062961578,0.967391312122345,1,1,35,1.02999997138977,8.23999977111816
06,2009-06-11,52050040,1,Definitivo,SANDONA [52050040],Pluviométrica,Convencional,Activa,Nariño,Sandoná,1.3223,-77.4792,20,9/15/1963,,Cudayari,Pacifico,Patía,Río Guáitara,2009,11,Andes,Definitivo,1,1,0,0.960889399051666,0.960889399051666,0,2.835777759552,13.3096685409546,3.93818187713623,4.62545442581177,5,5,0.789855062961578,0.967391312122345,1,1,33,1.02999997138977,1.02999997138977
06,2021-06-20,52050040,3,En revisión,SANDONA [52050040],Pluviométrica,Convencional,Activa,Nariño,Sandoná,1.3223,-77.4792,20,9/15/1963,,Cudayari,Pacifico,Patía,Río Guáitara,2021,20,Andes,En revisión,3,3,0,2.32339715957642,2.32339715957642,0,2.99350523948669,6.44125604629517,3.93818187713623,4.62545442581177,5,5,0.789855062961578,0.967391312122345,1,1,34,1.02999997138977,3.08999991416931
06,2004-06-29,52050040,,"",SANDONA [52050040],Pluviométrica,Convencional,Activa,Nariño,Sandoná,1.3223,-77.4792,20,9/15/1963,,Cudayari,Pacifico,Patía,Río Guáitara,2004,29,Andes,Preliminar,0,0,0,1.54666233062744,1.54666233062744,0,0.456646829843521,0.70150226354599,3.93818187713623,4.62545442581177,5,5,0.789855062961578,0.967391312122345,1,1,36,1.02999997138977,0
06,2002-06-30,52050040,,"",SANDONA [52050040],Pluviométrica,Convencional,Activa,Nariño,Sandoná,1.3223,-77.4792,20,9/15/1963,,Cudayari,Pacifico,Patía,Río Guáitara,2002,30,Andes,Preliminar,0,0,0,0.589997291564941,0.589997291564941,0,0.321223855018616,0.854181110858917,3.93818187713623,4.62545442581177,5,5,0.789855062961578,0.967391312122345,1,1,36,1.02999997138977,0
06,2004-06-24,52050040,,"",SANDONA [52050040],Pluviométrica,Convencional,Activa,Nariño,Sandoná,1.3223,-77.4792,20,9/15/1963,,Cudayari,Pacifico,Patía,Río Guáitara,2004,24,Andes,Preliminar,0,0,0,0,0,0,0.306578516960144,0.133268162608147,3.93818187713623,4.62545442581177,5,5,0.789855062961578,0.967391312122345,1,1,35,1.02999997138977,0
06,2006-06-19,52050040,,"",SANDONA [52050040],Pluviométrica,Convencional,Activa,Nariño,Sandoná,1.3223,-77.4792,20,9/15/1963,,Cudayari,Pacifico,Patía,Río Guáitara,2006,19,Andes,Preliminar,0,0,0,2.82997536659241,2.82997536659241,0,0.551682472229004,0.0161549914628267,3.93818187713623,4.62545442581177,5,5,0.789855062961578,0.967391312122345,1,1,34,1.02999997138977,0
06,2006-06-20,52050040,1,Definitivo,SANDONA [52050040],Pluviométrica,Convencional,Activa,Nariño,Sandoná,1.3223,-77.4792,20,9/15/1963,,Cudayari,Pacifico,Patía,Río Guáitara,2006,20,Andes,Definitivo,1,1,0,0.157220840454102,0.157220840454102,0,0.83685427904129,0.438877284526825,3.93818187713623,4.62545442581177,5,5,0.789855062961578,0.967391312122345,1,1,34,1.02999997138977,1.02999997138977
06,2007-06-18,52050040,,"",SANDONA [52050040],Pluviométrica,Convencional,Activa,Nariño,Sandoná,1.3223,-77.4792,20,9/15/1963,,Cudayari,Pacifico,Patía,Río Guáitara,2007,18,Andes,Preliminar,0,0,0,0,0,0,0.193930223584175,0,3.93818187713623,4.62545442581177,5,5,0.789855062961578,0.967391312122345,1,1,34,1.02999997138977,0
06,2009-06-12,52050040,,"",SANDONA [52050040],Pluviométrica,Convencional,Activa,Nariño,Sandoná,1.3223,-77.4792,20,9/15/1963,,Cudayari,Pacifico,Patía,Río Guáitara,2009,12,Andes,Preliminar,0,0,0,2.54235291481018,2.54235291481018,0,3.90564703941345,3.03132057189941,3.93818187713623,4.62545442581177,5,5,0.789855062961578,0.967391312122345,1,1,33,1.02999997138977,0
06,2009-06-13,52050040,9,Definitivo,SANDONA [52050040],Pluviométrica,Convencional,Activa,Nariño,Sandoná,1.3223,-77.4792,20,9/15/1963,,Cudayari,Pacifico,Patía,Río Guáitara,2009,13,Andes,Definitivo,9,9,0,0.200185269117355,0.200185269117355,33.1636199951172,4.40134429931641,4.514732837677,3.93818187713623,4.62545442581177,5,5,0.789855062961578,0.967391312122345,1,1,33,1.02999997138977,9.26999974250793
06,2007-06-14,52050040,,"",SANDONA [52050040],Pluviométrica,Convencional,Activa,Nariño,Sandoná,1.3223,-77.4792,20,9/15/1963,,Cudayari,Pacifico,Patía,Río Guáitara,2007,14,Andes,Preliminar,0,0,0,2.7147810459137,2.7147810459137,0,0.812148869037628,0.553516626358032,3.93818187713623,4.62545442581177,5,5,0.789855062961578,0.967391312122345,1,1,33,1.02999997138977,0
06,2006-06-11,52050040,,"",SANDONA [52050040],Pluviométrica,Convencional,Activa,Nariño,Sandoná,1.3223,-77.4792,20,9/15/1963,,Cudayari,Pacifico,Patía,Río Guáitara,2006,11,Andes,Preliminar,0,0,0,3.46485543251038,3.46485543251038,4.60356950759888,1.80446374416351,0.0803455114364624,3.93818187713623,4.62545442581177,5,5,0.789855062961578,0.967391312122345,1,1,33,1.02999997138977,0
06,2004-06-11,52050040,,"",SANDONA [52050040],Pluviométrica,Convencional,Activa,Nariño,Sandoná,1.3223,-77.4792,20,9/15/1963,,Cudayari,Pacifico,Patía,Río Guáitara,2004,11,Andes,Preliminar,0,0,0,0.757460236549377,0.757460236549377,0,0.0670227482914925,0.25812691450119,3.93818187713623,4.62545442581177,5,5,0.789855062961578,0.967391312122345,1,1,33,1.02999997138977,0
06,2022-06-21,52050040,4,En revisión,SANDONA [52050040],Pluviométrica,Convencional,Activa,Nariño,Sandoná,1.3223,-77.4792,20,9/15/1963,,Cudayari,Pacifico,Patía,Río Guáitara,2022,21,Andes,En revisión,4,4,0,2.05464029312134,2.05464029312134,0,6.86467266082764,0,3.93818187713623,4.62545442581177,5,5,0.789855062961578,0.967391312122345,1,1,35,1.02999997138977,4.11999988555908
06,2004-06-28,52050040,,"",SANDONA [52050040],Pluviométrica,Convencional,Activa,Nariño,Sandoná,1.3223,-77.4792,20,9/15/1963,,Cudayari,Pacifico,Patía,Río Guáitara,2004,28,Andes,Preliminar,0,0,0,0,0,0,0.586564421653748,0.158830687403679,3.93818187713623,4.62545442581177,5,5,0.789855062961578,0.967391312122345,1,1,36,1.02999997138977,0
06,2010-06-09,52050040,0,Definitivo,SANDONA [52050040],Pluviométrica,Convencional,Activa,Nariño,Sandoná,1.3223,-77.4792,20,9/15/1963,,Cudayari,Pacifico,Patía,Río Guáitara,2010,09,Andes,Definitivo,0,0,0,0,0,0,0.372067838907242,0.203908085823059,3.93818187713623,4.62545442581177,5,5,0.789855062961578,0.967391312122345,1,1,32,1.02999997138977,0
06,2012-06-10,52050040,,"",SANDONA [52050040],Pluviométrica,Convencional,Activa,Nariño,Sandoná,1.3223,-77.4792,20,9/15/1963,,Cudayari,Pacifico,Patía,Río Guáitara,2012,10,Andes,Preliminar,0,0,0,1.04774987697601,1.04774987697601,0,0.0568070150911808,0,3.93818187713623,4.62545442581177,5,5,0.789855062961578,0.967391312122345,1,1,32,1.02999997138977,0
06,2012-06-11,52050040,,"",SANDONA [52050040],Pluviométrica,Convencional,Activa,Nariño,Sandoná,1.3223,-77.4792,20,9/15/1963,,Cudayari,Pacifico,Patía,Río Guáitara,2012,11,Andes,Preliminar,0,0,0,0.904060900211334,0.904060900211334,0,0.112751536071301,0.0252132378518581,3.93818187713623,4.62545442581177,5,5,0.789855062961578,0.967391312122345,1,1,33,1.02999997138977,0
06,2012-06-12,52050040,,"",SANDONA [52050040],Pluviométrica,Convencional,Activa,Nariño,Sandoná,1.3223,-77.4792,20,9/15/1963,,Cudayari,Pacifico,Patía,Río Guáitara,2012,12,Andes,Preliminar,0,0,0,1.46791958808899,1.46791958808899,0,0.221303105354309,0.620633661746979,3.93818187713623,4.62545442581177,5,5,0.789855062961578,0.967391312122345,1,1,33,1.02999997138977,0
06,2012-06-13,52050040,,"",SANDONA [52050040],Pluviométrica,Convencional,Activa,Nariño,Sandoná,1.3223,-77.4792,20,9/15/1963,,Cudayari,Pacifico,Patía,Río Guáitara,2012,13,Andes,Preliminar,0,0,0,1.47000348567963,1.47000348567963,0,0.102123849093914,0,3.93818187713623,4.62545442581177,5,5,0.789855062961578,0.967391312122345,1,1,33,1.02999997138977,0
06,2011-06-18,52050040,,"",SANDONA [52050040],Pluviométrica,Convencional,Activa,Nariño,Sandoná,1.3223,-77.4792,20,9/15/1963,,Cudayari,Pacifico,Patía,Río Guáitara,2011,18,Andes,Preliminar,0,0,0,3.45548367500305,3.45548367500305,0,1.1447092294693,0.842179536819458,3.93818187713623,4.62545442581177,5,5,0.789855062961578,0.967391312122345,1,1,34,1.02999997138977,0
06,2011-06-19,52050040,,"",SANDONA [52050040],Pluviométrica,Convencional,Activa,Nariño,Sandoná,1.3223,-77.4792,20,9/15/1963,,Cudayari,Pacifico,Patía,Río Guáitara,2011,19,Andes,Preliminar,0,0,0,5.88473606109619,5.88473606109619,0,1.62030613422394,0.341684222221375,3.93818187713623,4.62545442581177,5,5,0.789855062961578,0.967391312122345,1,1,34,1.02999997138977,0
06,2011-06-20,52050040,,"",SANDONA [52050040],Pluviométrica,Convencional,Activa,Nariño,Sandoná,1.3223,-77.4792,20,9/15/1963,,Cudayari,Pacifico,Patía,Río Guáitara,2011,20,Andes,Preliminar,0,0,0,2.23586416244507,2.23586416244507,0,0.295903384685516,0.249285131692886,3.93818187713623,4.62545442581177,5,5,0.789855062961578,0.967391312122345,1,1,34,1.02999997138977,0
06,2013-06-21,52050040,,"",SANDONA [52050040],Pluviométrica,Convencional,Activa,Nariño,Sandoná,1.3223,-77.4792,20,9/15/1963,,Cudayari,Pacifico,Patía,Río Guáitara,2013,21,Andes,Preliminar,0,0,0,1.85658133029938,1.85658133029938,0,0.471133083105087,0.207571610808373,3.93818187713623,4.62545442581177,5,5,0.789855062961578,0.967391312122345,1,1,35,1.02999997138977,0
06,2015-06-23,52050040,,"",SANDONA [52050040],Pluviométrica,Convencional,Activa,Nariño,Sandoná,1.3223,-77.4792,20,9/15/1963,,Cudayari,Pacifico,Patía,Río Guáitara,2015,23,Andes,Preliminar,0,0,0,2.23878169059753,2.23878169059753,0,0.187803670763969,0,3.93818187713623,4.62545442581177,5,5,0.789855062961578,0.967391312122345,1,1,35,1.02999997138977,0
06,2015-06-24,52050040,,"",SANDONA [52050040],Pluviométrica,Convencional,Activa,Nariño,Sandoná,1.3223,-77.4792,20,9/15/1963,,Cudayari,Pacifico,Patía,Río Guáitara,2015,24,Andes,Preliminar,0,0,0,2.46052312850952,2.46052312850952,5.09092092514038,0.283428281545639,0,3.93818187713623,4.62545442581177,5,5,0.789855062961578,0.967391312122345,1,1,35,1.02999997138977,0
06,2007-06-10,52050040,,"",SANDONA [52050040],Pluviométrica,Convencional,Activa,Nariño,Sandoná,1.3223,-77.4792,20,9/15/1963,,Cudayari,Pacifico,Patía,Río Guáitara,2007,10,Andes,Preliminar,0,0,0,0,0,0,0.0654659867286682,0.148260369896889,3.93818187713623,4.62545442581177,5,5,0.789855062961578,0.967391312122345,1,1,32,1.02999997138977,0
06,2007-06-11,52050040,,"",SANDONA [52050040],Pluviométrica,Convencional,Activa,Nariño,Sandoná,1.3223,-77.4792,20,9/15/1963,,Cudayari,Pacifico,Patía,Río Guáitara,2007,11,Andes,Preliminar,0,0,0,1.35739052295685,1.35739052295685,0,0.498544126749039,0.433147221803665,3.93818187713623,4.62545442581177,5,5,0.789855062961578,0.967391312122345,1,1,33,1.02999997138977,0
06,2020-06-21,52050040,,"",SANDONA [52050040],Pluviométrica,Convencional,Activa,Nariño,Sandoná,1.3223,-77.4792,20,9/15/1963,,Cudayari,Pacifico,Patía,Río Guáitara,2020,21,Andes,Preliminar,0,0,0,5.05841875076294,5.05841875076294,0,4.93886566162109,4.17595624923706,3.93818187713623,4.62545442581177,5,5,0.789855062961578,0.967391312122345,1,1,35,1.02999997138977,0
06,2021-06-17,52050040,1,En revisión,SANDONA [52050040],Pluviométrica,Convencional,Activa,Nariño,Sandoná,1.3223,-77.4792,20,9/15/1963,,Cudayari,Pacifico,Patía,Río Guáitara,2021,17,Andes,En revisión,1,1,0,1.87149012088776,1.87149012088776,0,3.97358727455139,0.117708221077919,3.93818187713623,4.62545442581177,5,5,0.789855062961578,0.967391312122345,1,1,34,1.02999997138977,1.02999997138977
06,2020-06-16,52050040,,"",SANDONA [52050040],Pluviométrica,Convencional,Activa,Nariño,Sandoná,1.3223,-77.4792,20,9/15/1963,,Cudayari,Pacifico,Patía,Río Guáitara,2020,16,Andes,Preliminar,0,0,0,1.04858112335205,1.04858112335205,0,1.10916805267334,0,3.93818187713623,4.62545442581177,5,5,0.789855062961578,0.967391312122345,1,1,34,1.02999997138977,0
06,2020-06-15,52050040,,"",SANDONA [52050040],Pluviométrica,Convencional,Activa,Nariño,Sandoná,1.3223,-77.4792,20,9/15/1963,,Cudayari,Pacifico,Patía,Río Guáitara,2020,15,Andes,Preliminar,0,0,0,2.75780534744263,2.75780534744263,7.09044361114502,2.24585795402527,0.0908440500497818,3.93818187713623,4.62545442581177,5,5,0.789855062961578,0.967391312122345,1,1,33,1.02999997138977,0
06,2018-06-16,52050040,,"",SANDONA [52050040],Pluviométrica,Convencional,Activa,Nariño,Sandoná,1.3223,-77.4792,20,9/15/1963,,Cudayari,Pacifico,Patía,Río Guáitara,2018,16,Andes,Preliminar,0,0,0,2.21064686775208,2.21064686775208,0,1.1949827671051,1.25644338130951,3.93818187713623,4.62545442581177,5,5,0.789855062961578,0.967391312122345,1,1,34,1.02999997138977,0
06,2019-06-14,52050040,,"",SANDONA [52050040],Pluviométrica,Convencional,Activa,Nariño,Sandoná,1.3223,-77.4792,20,9/15/1963,,Cudayari,Pacifico,Patía,Río Guáitara,2019,14,Andes,Preliminar,0,0,0,1.79294753074646,1.79294753074646,5.328782081604,3.61865592002869,1.00250267982483,3.93818187713623,4.62545442581177,5,5,0.789855062961578,0.967391312122345,1,1,33,1.02999997138977,0
06,2020-06-11,52050040,5,En revisión,SANDONA [52050040],Pluviométrica,Convencional,Activa,Nariño,Sandoná,1.3223,-77.4792,20,9/15/1963,,Cudayari,Pacifico,Patía,Río Guáitara,2020,11,Andes,En revisión,5,5,0,2.48661422729492,2.48661422729492,6.39319849014282,2.98086452484131,3.55805850028992,3.93818187713623,4.62545442581177,5,5,0.789855062961578,0.967391312122345,1,1,33,1.02999997138977,5.14999985694885
06,2019-06-13,52050040,3,Definitivo,SANDONA [52050040],Pluviométrica,Convencional,Activa,Nariño,Sandoná,1.3223,-77.4792,20,9/15/1963,,Cudayari,Pacifico,Patía,Río Guáitara,2019,13,Andes,Definitivo,3,3,0,1.13037097454071,1.13037097454071,3.35955214500427,2.06665730476379,0.0982845723628998,3.93818187713623,4.62545442581177,5,5,0.789855062961578,0.967391312122345,1,1,33,1.02999997138977,3.08999991416931
06,2022-06-07,52050040,20,En revisión,SANDONA [52050040],Pluviométrica,Convencional,Activa,Nariño,Sandoná,1.3223,-77.4792,20,9/15/1963,,Cudayari,Pacifico,Patía,Río Guáitara,2022,07,Andes,En revisión,20,20,0,4.24327373504639,4.24327373504639,0,5.97319316864014,1.96726906299591,3.93818187713623,4.62545442581177,5,5,0.789855062961578,0.967391312122345,1,1,32,1.02999997138977,20.5999994277954
06,2023-06-05,52050040,2,En revisión,SANDONA [52050040],Pluviométrica,Convencional,Activa,Nariño,Sandoná,1.3223,-77.4792,20,9/15/1963,,Cudayari,Pacifico,Patía,Río Guáitara,2023,05,Andes,En revisión,2,2,0,1.25682556629181,1.25682556629181,0,1.01595544815063,0,3.93818187713623,4.62545442581177,5,5,0.789855062961578,0.967391312122345,1,1,31,1.02999997138977,2.05999994277954
06,2022-06-06,52050040,5,En revisión,SANDONA [52050040],Pluviométrica,Convencional,Activa,Nariño,Sandoná,1.3223,-77.4792,20,9/15/1963,,Cudayari,Pacifico,Patía,Río Guáitara,2022,06,Andes,En revisión,5,5,0,3.75495862960815,3.75495862960815,0,4.65038633346558,4.23842430114746,3.93818187713623,4.62545442581177,5,5,0.789855062961578,0.967391312122345,1,1,32,1.02999997138977,5.14999985694885
06,2020-06-22,52050040,,"",SANDONA [52050040],Pluviométrica,Convencional,Activa,Nariño,Sandoná,1.3223,-77.4792,20,9/15/1963,,Cudayari,Pacifico,Patía,Río Guáitara,2020,22,Andes,Preliminar,0,0,0,1.64795792102814,1.64795792102814,0,1.15544724464417,0.0275601111352444,3.93818187713623,4.62545442581177,5,5,0.789855062961578,0.967391312122345,1,1,35,1.02999997138977,0
06,2018-06-25,52050040,8,Definitivo,SANDONA [52050040],Pluviométrica,Convencional,Activa,Nariño,Sandoná,1.3223,-77.4792,20,9/15/1963,,Cudayari,Pacifico,Patía,Río Guáitara,2018,25,Andes,Definitivo,8,8,0,2.54464173316956,2.54464173316956,0,0.557767391204834,3.86772608757019,3.93818187713623,4.62545442581177,5,5,0.789855062961578,0.967391312122345,1,1,35,1.02999997138977,8.23999977111816
06,2002-06-28,52050040,,"",SANDONA [52050040],Pluviométrica,Convencional,Activa,Nariño,Sandoná,1.3223,-77.4792,20,9/15/1963,,Cudayari,Pacifico,Patía,Río Guáitara,2002,28,Andes,Preliminar,0,0,0,0.589997291564941,0.589997291564941,0,0.26862233877182,0.274011522531509,3.93818187713623,4.62545442581177,5,5,0.789855062961578,0.967391312122345,1,1,36,1.02999997138977,0
06,2002-06-29,52050040,,"",SANDONA [52050040],Pluviométrica,Convencional,Activa,Nariño,Sandoná,1.3223,-77.4792,20,9/15/1963,,Cudayari,Pacifico,Patía,Río Guáitara,2002,29,Andes,Preliminar,0,0,0,0.589997291564941,0.589997291564941,0,0.22210268676281,0.099501371383667,3.93818187713623,4.62545442581177,5,5,0.789855062961578,0.967391312122345,1,1,36,1.02999997138977,0
06,2003-06-27,52050040,,"",SANDONA [52050040],Pluviométrica,Convencional,Activa,Nariño,Sandoná,1.3223,-77.4792,20,9/15/1963,,Cudayari,Pacifico,Patía,Río Guáitara,2003,27,Andes,Preliminar,0,0,0,2.40180611610413,2.40180611610413,0,0.946130752563477,0,3.93818187713623,4.62545442581177,5,5,0.789855062961578,0.967391312122345,1,1,36,1.02999997138977,0
06,2005-06-21,52050040,,"",SANDONA [52050040],Pluviométrica,Convencional,Activa,Nariño,Sandoná,1.3223,-77.4792,20,9/15/1963,,Cudayari,Pacifico,Patía,Río Guáitara,2005,21,Andes,Preliminar,0,0,0,3.81591939926147,3.81591939926147,0,0.538837552070618,0.318324625492096,3.93818187713623,4.62545442581177,5,5,0.789855062961578,0.967391312122345,1,1,35,1.02999997138977,0
06,2005-06-20,52050040,1,Definitivo,SANDONA [52050040],Pluviométrica,Convencional,Activa,Nariño,Sandoná,1.3223,-77.4792,20,9/15/1963,,Cudayari,Pacifico,Patía,Río Guáitara,2005,20,Andes,Definitivo,1,1,0,6.50303840637207,6.50303840637207,17.4708995819092,4.1044979095459,4.58525705337524,3.93818187713623,4.62545442581177,5,5,0.789855062961578,0.967391312122345,1,1,34,1.02999997138977,1.02999997138977
06,2007-06-17,52050040,,"",SANDONA [52050040],Pluviométrica,Convencional,Activa,Nariño,Sandoná,1.3223,-77.4792,20,9/15/1963,,Cudayari,Pacifico,Patía,Río Guáitara,2007,17,Andes,Preliminar,0,0,0,4.02847003936768,4.02847003936768,0,0.446011632680893,0.319959998130798,3.93818187713623,4.62545442581177,5,5,0.789855062961578,0.967391312122345,1,1,34,1.02999997138977,0
06,2008-06-14,52050040,,"",SANDONA [52050040],Pluviométrica,Convencional,Activa,Nariño,Sandoná,1.3223,-77.4792,20,9/15/1963,,Cudayari,Pacifico,Patía,Río Guáitara,2008,14,Andes,Preliminar,0,0,0,2.49449038505554,2.49449038505554,13.4732637405396,1.81231093406677,1.44853520393372,3.93818187713623,4.62545442581177,5,5,0.789855062961578,0.967391312122345,1,1,33,1.02999997138977,0
06,2005-06-16,52050040,,"",SANDONA [52050040],Pluviométrica,Convencional,Activa,Nariño,Sandoná,1.3223,-77.4792,20,9/15/1963,,Cudayari,Pacifico,Patía,Río Guáitara,2005,16,Andes,Preliminar,0,0,0,0,0,0,0.730030834674835,2.21288466453552,3.93818187713623,4.62545442581177,5,5,0.789855062961578,0.967391312122345,1,1,34,1.02999997138977,0
06,2007-06-13,52050040,5,Definitivo,SANDONA [52050040],Pluviométrica,Convencional,Activa,Nariño,Sandoná,1.3223,-77.4792,20,9/15/1963,,Cudayari,Pacifico,Patía,Río Guáitara,2007,13,Andes,Definitivo,5,5,0,2.30440759658814,2.30440759658814,0,0.305507659912109,0.386640906333923,3.93818187713623,4.62545442581177,5,5,0.789855062961578,0.967391312122345,1,1,33,1.02999997138977,5.14999985694885
06,2005-06-13,52050040,0.4,Definitivo,SANDONA [52050040],Pluviométrica,Convencional,Activa,Nariño,Sandoná,1.3223,-77.4792,20,9/15/1963,,Cudayari,Pacifico,Patía,Río Guáitara,2005,13,Andes,Definitivo,0.4,0.4,0,5.87675380706787,5.87675380706787,0,2.27719473838806,0.00758395763114095,3.93818187713623,4.62545442581177,5,5,0.789855062961578,0.967391312122345,1,1,33,1.02999997138977,0.411999988555908
06,2005-06-12,52050040,,"",SANDONA [52050040],Pluviométrica,Convencional,Activa,Nariño,Sandoná,1.3223,-77.4792,20,9/15/1963,,Cudayari,Pacifico,Patía,Río Guáitara,2005,12,Andes,Preliminar,0,0,0,4.7712254524231,4.7712254524231,0,1.9613573551178,0.849403381347656,3.93818187713623,4.62545442581177,5,5,0.789855062961578,0.967391312122345,1,1,33,1.02999997138977,0
06,2006-06-10,52050040,1,Definitivo,SANDONA [52050040],Pluviométrica,Convencional,Activa,Nariño,Sandoná,1.3223,-77.4792,20,9/15/1963,,Cudayari,Pacifico,Patía,Río Guáitara,2006,10,Andes,Definitivo,1,1,0,5.51220989227295,5.51220989227295,14.157320022583,8.35750389099121,2.38675594329834,3.93818187713623,4.62545442581177,5,5,0.789855062961578,0.967391312122345,1,1,32,1.02999997138977,1.02999997138977
06,2005-06-09,52050040,,"",SANDONA [52050040],Pluviométrica,Convencional,Activa,Nariño,Sandoná,1.3223,-77.4792,20,9/15/1963,,Cudayari,Pacifico,Patía,Río Guáitara,2005,09,Andes,Preliminar,0,0,0,0,0,0,0.0567900501191616,0,3.93818187713623,4.62545442581177,5,5,0.789855062961578,0.967391312122345,1,1,32,1.02999997138977,0
06,2005-06-10,52050040,0.2,Definitivo,SANDONA [52050040],Pluviométrica,Convencional,Activa,Nariño,Sandoná,1.3223,-77.4792,20,9/15/1963,,Cudayari,Pacifico,Patía,Río Guáitara,2005,10,Andes,Definitivo,0.2,0.2,0,1.53878057003021,1.53878057003021,0,1.2409805059433,0.0641563311219215,3.93818187713623,4.62545442581177,5,5,0.789855062961578,0.967391312122345,1,1,32,1.02999997138977,0.205999994277954
06,2005-06-11,52050040,0.7,Definitivo,SANDONA [52050040],Pluviométrica,Convencional,Activa,Nariño,Sandoná,1.3223,-77.4792,20,9/15/1963,,Cudayari,Pacifico,Patía,Río Guáitara,2005,11,Andes,Definitivo,0.7,0.7,0,2.32742691040039,2.32742691040039,18.3191165924072,6.63799381256104,7.99349021911621,3.93818187713623,4.62545442581177,5,5,0.789855062961578,0.967391312122345,1,1,33,1.02999997138977,0.720999979972839
06,2010-06-10,52050040,2,Definitivo,SANDONA [52050040],Pluviométrica,Convencional,Activa,Nariño,Sandoná,1.3223,-77.4792,20,9/15/1963,,Cudayari,Pacifico,Patía,Río Guáitara,2010,10,Andes,Definitivo,2,2,0,1.93468856811523,1.93468856811523,0,0.217102512717247,0.0251652412116528,3.93818187713623,4.62545442581177,5,5,0.789855062961578,0.967391312122345,1,1,32,1.02999997138977,2.05999994277954
06,2010-06-11,52050040,,"",SANDONA [52050040],Pluviométrica,Convencional,Activa,Nariño,Sandoná,1.3223,-77.4792,20,9/15/1963,,Cudayari,Pacifico,Patía,Río Guáitara,2010,11,Andes,Preliminar,0,0,0,0.0328379943966866,0.0328379943966866,0,0.329017877578735,0.210326805710793,3.93818187713623,4.62545442581177,5,5,0.789855062961578,0.967391312122345,1,1,33,1.02999997138977,0
06,2013-06-09,52050040,,"",SANDONA [52050040],Pluviométrica,Convencional,Activa,Nariño,Sandoná,1.3223,-77.4792,20,9/15/1963,,Cudayari,Pacifico,Patía,Río Guáitara,2013,09,Andes,Preliminar,0,0,0,1.40182065963745,1.40182065963745,0,0.0665486082434654,0,3.93818187713623,4.62545442581177,5,5,0.789855062961578,0.967391312122345,1,1,32,1.02999997138977,0
06,2013-06-10,52050040,,"",SANDONA [52050040],Pluviométrica,Convencional,Activa,Nariño,Sandoná,1.3223,-77.4792,20,9/15/1963,,Cudayari,Pacifico,Patía,Río Guáitara,2013,10,Andes,Preliminar,0,0,0,1.13280594348907,1.13280594348907,0,0.123604357242584,0,3.93818187713623,4.62545442581177,5,5,0.789855062961578,0.967391312122345,1,1,32,1.02999997138977,0
06,2012-06-14,52050040,,"",SANDONA [52050040],Pluviométrica,Convencional,Activa,Nariño,Sandoná,1.3223,-77.4792,20,9/15/1963,,Cudayari,Pacifico,Patía,Río Guáitara,2012,14,Andes,Preliminar,0,0,0,4.14512157440186,4.14512157440186,0,0.248011201620102,0.215282276272774,3.93818187713623,4.62545442581177,5,5,0.789855062961578,0.967391312122345,1,1,33,1.02999997138977,0
06,2012-06-15,52050040,1,Definitivo,SANDONA [52050040],Pluviométrica,Convencional,Activa,Nariño,Sandoná,1.3223,-77.4792,20,9/15/1963,,Cudayari,Pacifico,Patía,Río Guáitara,2012,15,Andes,Definitivo,1,1,0,1.3773787021637,1.3773787021637,0,0.334037393331528,0.157097861170769,3.93818187713623,4.62545442581177,5,5,0.789855062961578,0.967391312122345,1,1,33,1.02999997138977,1.02999997138977
06,2012-06-16,52050040,15,Definitivo,SANDONA [52050040],Pluviométrica,Convencional,Activa,Nariño,Sandoná,1.3223,-77.4792,20,9/15/1963,,Cudayari,Pacifico,Patía,Río Guáitara,2012,16,Andes,Definitivo,15,15,0,2.73377585411072,2.73377585411072,0,7.4346079826355,3.97844386100769,3.93818187713623,4.62545442581177,5,5,0.789855062961578,0.967391312122345,1,1,34,1.02999997138977,15.4499995708466
06,2011-06-21,52050040,,"",SANDONA [52050040],Pluviométrica,Convencional,Activa,Nariño,Sandoná,1.3223,-77.4792,20,9/15/1963,,Cudayari,Pacifico,Patía,Río Guáitara,2011,21,Andes,Preliminar,0,0,0,3.32639908790588,3.32639908790588,0,2.40479207038879,0,3.93818187713623,4.62545442581177,5,5,0.789855062961578,0.967391312122345,1,1,35,1.02999997138977,0
06,2013-06-22,52050040,,"",SANDONA [52050040],Pluviométrica,Convencional,Activa,Nariño,Sandoná,1.3223,-77.4792,20,9/15/1963,,Cudayari,Pacifico,Patía,Río Guáitara,2013,22,Andes,Preliminar,0,0,0,3.47124791145325,3.47124791145325,5.12038946151733,0.438336104154587,0,3.93818187713623,4.62545442581177,5,5,0.789855062961578,0.967391312122345,1,1,35,1.02999997138977,0
06,2016-06-20,52050040,,"",SANDONA [52050040],Pluviométrica,Convencional,Activa,Nariño,Sandoná,1.3223,-77.4792,20,9/15/1963,,Cudayari,Pacifico,Patía,Río Guáitara,2016,20,Andes,Preliminar,0,0,0,2.00561714172363,2.00561714172363,0,2.67365384101868,0.0804061442613602,3.93818187713623,4.62545442581177,5,5,0.789855062961578,0.967391312122345,1,1,34,1.02999997138977,0
06,2015-06-25,52050040,,"",SANDONA [52050040],Pluviométrica,Convencional,Activa,Nariño,Sandoná,1.3223,-77.4792,20,9/15/1963,,Cudayari,Pacifico,Patía,Río Guáitara,2015,25,Andes,Preliminar,0,0,0,0.776163399219513,0.776163399219513,0,0.133651241660118,0,3.93818187713623,4.62545442581177,5,5,0.789855062961578,0.967391312122345,1,1,35,1.02999997138977,0
06,2020-06-23,52050040,,"",SANDONA [52050040],Pluviométrica,Convencional,Activa,Nariño,Sandoná,1.3223,-77.4792,20,9/15/1963,,Cudayari,Pacifico,Patía,Río Guáitara,2020,23,Andes,Preliminar,0,0,0,1.38271677494049,1.38271677494049,0,1.16918528079987,5.45810127258301,3.93818187713623,4.62545442581177,5,5,0.789855062961578,0.967391312122345,1,1,35,1.02999997138977,0
06,2022-06-20,52050040,,"",SANDONA [52050040],Pluviométrica,Convencional,Activa,Nariño,Sandoná,1.3223,-77.4792,20,9/15/1963,,Cudayari,Pacifico,Patía,Río Guáitara,2022,20,Andes,Preliminar,0,0,0,4.39866733551025,4.39866733551025,13.0363626480103,4.81461572647095,0.390986561775208,3.93818187713623,4.62545442581177,5,5,0.789855062961578,0.967391312122345,1,1,34,1.02999997138977,0
06,2022-06-18,52050040,8,En revisión,SANDONA [52050040],Pluviométrica,Convencional,Activa,Nariño,Sandoná,1.3223,-77.4792,20,9/15/1963,,Cudayari,Pacifico,Patía,Río Guáitara,2022,18,Andes,En revisión,8,8,0,2.07956314086914,2.07956314086914,6.16321706771851,2.40583324432373,5.91711282730103,3.93818187713623,4.62545442581177,5,5,0.789855062961578,0.967391312122345,1,1,34,1.02999997138977,8.23999977111816
06,2022-06-15,52050040,5,En revisión,SANDONA [52050040],Pluviométrica,Convencional,Activa,Nariño,Sandoná,1.3223,-77.4792,20,9/15/1963,,Cudayari,Pacifico,Patía,Río Guáitara,2022,15,Andes,En revisión,5,5,0,1.51886940002441,1.51886940002441,0,1.79813408851624,0,3.93818187713623,4.62545442581177,5,5,0.789855062961578,0.967391312122345,1,1,33,1.02999997138977,5.14999985694885
06,2018-06-19,52050040,,"",SANDONA [52050040],Pluviométrica,Convencional,Activa,Nariño,Sandoná,1.3223,-77.4792,20,9/15/1963,,Cudayari,Pacifico,Patía,Río Guáitara,2018,19,Andes,Preliminar,0,0,0,1.37271583080292,1.37271583080292,0,0.195973008871079,0,3.93818187713623,4.62545442581177,5,5,0.789855062961578,0.967391312122345,1,1,34,1.02999997138977,0
06,2019-06-17,52050040,,"",SANDONA [52050040],Pluviométrica,Convencional,Activa,Nariño,Sandoná,1.3223,-77.4792,20,9/15/1963,,Cudayari,Pacifico,Patía,Río Guáitara,2019,17,Andes,Preliminar,0,0,0,2.12454771995544,2.12454771995544,0,0.627433657646179,0.0781546458601952,3.93818187713623,4.62545442581177,5,5,0.789855062961578,0.967391312122345,1,1,34,1.02999997138977,0
06,2020-06-14,52050040,,"",SANDONA [52050040],Pluviométrica,Convencional,Activa,Nariño,Sandoná,1.3223,-77.4792,20,9/15/1963,,Cudayari,Pacifico,Patía,Río Guáitara,2020,14,Andes,Preliminar,0,0,0,3.96635985374451,3.96635985374451,10.1976919174194,12.4222774505615,9.51591396331787,3.93818187713623,4.62545442581177,5,5,0.789855062961578,0.967391312122345,1,1,33,1.02999997138977,0
06,2018-06-15,52050040,,"",SANDONA [52050040],Pluviométrica,Convencional,Activa,Nariño,Sandoná,1.3223,-77.4792,20,9/15/1963,,Cudayari,Pacifico,Patía,Río Guáitara,2018,15,Andes,Preliminar,0,0,0,1.41129899024963,1.41129899024963,0,0.356374084949493,0.0155973564833403,3.93818187713623,4.62545442581177,5,5,0.789855062961578,0.967391312122345,1,1,33,1.02999997138977,0
06,2018-06-14,52050040,,"",SANDONA [52050040],Pluviométrica,Convencional,Activa,Nariño,Sandoná,1.3223,-77.4792,20,9/15/1963,,Cudayari,Pacifico,Patía,Río Guáitara,2018,14,Andes,Preliminar,0,0,0,3.50621175765991,3.50621175765991,6.89684438705444,0.535534501075745,0.0480918511748314,3.93818187713623,4.62545442581177,5,5,0.789855062961578,0.967391312122345,1,1,33,1.02999997138977,0
06,2020-06-10,52050040,43,En revisión,SANDONA [52050040],Pluviométrica,Convencional,Activa,Nariño,Sandoná,1.3223,-77.4792,20,9/15/1963,,Cudayari,Pacifico,Patía,Río Guáitara,2020,10,Andes,En revisión,43,43,0,1.40876889228821,1.40876889228821,0,6.82281255722046,9.17116355895996,3.93818187713623,4.62545442581177,5,5,0.789855062961578,0.967391312122345,1,1,32,1.02999997138977,44.2899987697601
06,2021-06-08,52050040,3,En revisión,SANDONA [52050040],Pluviométrica,Convencional,Activa,Nariño,Sandoná,1.3223,-77.4792,20,9/15/1963,,Cudayari,Pacifico,Patía,Río Guáitara,2021,08,Andes,En revisión,3,3,0,8.07268142700195,8.07268142700195,0,10.2365112304688,10.6643056869507,3.93818187713623,4.62545442581177,5,5,0.789855062961578,0.967391312122345,1,1,32,1.02999997138977,3.08999991416931
06,2021-06-07,52050040,19,En revisión,SANDONA [52050040],Pluviométrica,Convencional,Activa,Nariño,Sandoná,1.3223,-77.4792,20,9/15/1963,,Cudayari,Pacifico,Patía,Río Guáitara,2021,07,Andes,En revisión,19,19,0,2.60471725463867,2.60471725463867,0,8.69617557525635,6.15597152709961,3.93818187713623,4.62545442581177,5,5,0.789855062961578,0.967391312122345,1,1,32,1.02999997138977,19.5699994564056
06,2023-06-04,52050040,,"",SANDONA [52050040],Pluviométrica,Convencional,Activa,Nariño,Sandoná,1.3223,-77.4792,20,9/15/1963,,Cudayari,Pacifico,Patía,Río Guáitara,2023,04,Andes,Preliminar,0,0,0,1.48435592651367,1.48435592651367,0,0.82085257768631,1.11583149433136,3.93818187713623,4.62545442581177,5,5,0.789855062961578,0.967391312122345,1,1,31,1.02999997138977,0
06,2001-06-30,52050040,,"",SANDONA [52050040],Pluviométrica,Convencional,Activa,Nariño,Sandoná,1.3223,-77.4792,20,9/15/1963,,Cudayari,Pacifico,Patía,Río Guáitara,2001,30,Andes,Preliminar,0,0,0,0.555322825908661,0.555322825908661,0,0.30664187669754,0,3.93818187713623,4.62545442581177,5,5,0.789855062961578,0.967391312122345,1,1,36,1.02999997138977,0
06,2001-06-29,52050040,,"",SANDONA [52050040],Pluviométrica,Convencional,Activa,Nariño,Sandoná,1.3223,-77.4792,20,9/15/1963,,Cudayari,Pacifico,Patía,Río Guáitara,2001,29,Andes,Preliminar,0,0,0,0.555322825908661,0.555322825908661,0,0.437142878770828,1.35259521007538,3.93818187713623,4.62545442581177,5,5,0.789855062961578,0.967391312122345,1,1,36,1.02999997138977,0
06,2003-06-26,52050040,,"",SANDONA [52050040],Pluviométrica,Convencional,Activa,Nariño,Sandoná,1.3223,-77.4792,20,9/15/1963,,Cudayari,Pacifico,Patía,Río Guáitara,2003,26,Andes,Preliminar,0,0,0,0,0,0,0.228417605161667,0.00167890335433185,3.93818187713623,4.62545442581177,5,5,0.789855062961578,0.967391312122345,1,1,36,1.02999997138977,0
06,2004-06-23,52050040,,"",SANDONA [52050040],Pluviométrica,Convencional,Activa,Nariño,Sandoná,1.3223,-77.4792,20,9/15/1963,,Cudayari,Pacifico,Patía,Río Guáitara,2004,23,Andes,Preliminar,0,0,0,0,0,0,0.140032052993774,0,3.93818187713623,4.62545442581177,5,5,0.789855062961578,0.967391312122345,1,1,35,1.02999997138977,0
06,2004-06-22,52050040,,"",SANDONA [52050040],Pluviométrica,Convencional,Activa,Nariño,Sandoná,1.3223,-77.4792,20,9/15/1963,,Cudayari,Pacifico,Patía,Río Guáitara,2004,22,Andes,Preliminar,0,0,0,0,0,0,0.158505037426949,0,3.93818187713623,4.62545442581177,5,5,0.789855062961578,0.967391312122345,1,1,35,1.02999997138977,0
06,2003-06-24,52050040,,"",SANDONA [52050040],Pluviométrica,Convencional,Activa,Nariño,Sandoná,1.3223,-77.4792,20,9/15/1963,,Cudayari,Pacifico,Patía,Río Guáitara,2003,24,Andes,Preliminar,0,0,0,1.02052509784698,1.02052509784698,0,0.772785723209381,0,3.93818187713623,4.62545442581177,5,5,0.789855062961578,0.967391312122345,1,1,35,1.02999997138977,0
06,2006-06-18,52050040,,"",SANDONA [52050040],Pluviométrica,Convencional,Activa,Nariño,Sandoná,1.3223,-77.4792,20,9/15/1963,,Cudayari,Pacifico,Patía,Río Guáitara,2006,18,Andes,Preliminar,0,0,0,0,0,0,0.225498721003532,0.0376949831843376,3.93818187713623,4.62545442581177,5,5,0.789855062961578,0.967391312122345,1,1,34,1.02999997138977,0
06,2007-06-16,52050040,,"",SANDONA [52050040],Pluviométrica,Convencional,Activa,Nariño,Sandoná,1.3223,-77.4792,20,9/15/1963,,Cudayari,Pacifico,Patía,Río Guáitara,2007,16,Andes,Preliminar,0,0,0,1.73317897319794,1.73317897319794,0,0.497823089361191,1.41848921775818,3.93818187713623,4.62545442581177,5,5,0.789855062961578,0.967391312122345,1,1,34,1.02999997138977,0
06,2006-06-17,52050040,,"",SANDONA [52050040],Pluviométrica,Convencional,Activa,Nariño,Sandoná,1.3223,-77.4792,20,9/15/1963,,Cudayari,Pacifico,Patía,Río Guáitara,2006,17,Andes,Preliminar,0,0,0,2.20109176635742,2.20109176635742,0,0.283540427684784,0.570809721946716,3.93818187713623,4.62545442581177,5,5,0.789855062961578,0.967391312122345,1,1,34,1.02999997138977,0
06,2006-06-14,52050040,4,Definitivo,SANDONA [52050040],Pluviométrica,Convencional,Activa,Nariño,Sandoná,1.3223,-77.4792,20,9/15/1963,,Cudayari,Pacifico,Patía,Río Guáitara,2006,14,Andes,Definitivo,4,4,0,0.619730234146118,0.619730234146118,0,0.309749811887741,2.15310525894165,3.93818187713623,4.62545442581177,5,5,0.789855062961578,0.967391312122345,1,1,33,1.02999997138977,4.11999988555908
06,2007-06-12,52050040,,"",SANDONA [52050040],Pluviométrica,Convencional,Activa,Nariño,Sandoná,1.3223,-77.4792,20,9/15/1963,,Cudayari,Pacifico,Patía,Río Guáitara,2007,12,Andes,Preliminar,0,0,0,0.852315008640289,0.852315008640289,0,0.515084624290466,0.499715119600296,3.93818187713623,4.62545442581177,5,5,0.789855062961578,0.967391312122345,1,1,33,1.02999997138977,0
06,2006-06-13,52050040,,"",SANDONA [52050040],Pluviométrica,Convencional,Activa,Nariño,Sandoná,1.3223,-77.4792,20,9/15/1963,,Cudayari,Pacifico,Patía,Río Guáitara,2006,13,Andes,Preliminar,0,0,0,2.53525996208191,2.53525996208191,0,0.229220807552338,0.05176105722785,3.93818187713623,4.62545442581177,5,5,0.789855062961578,0.967391312122345,1,1,33,1.02999997138977,0
06,2004-06-13,52050040,,"",SANDONA [52050040],Pluviométrica,Convencional,Activa,Nariño,Sandoná,1.3223,-77.4792,20,9/15/1963,,Cudayari,Pacifico,Patía,Río Guáitara,2004,13,Andes,Preliminar,0,0,0,0.757460236549377,0.757460236549377,0,0.875322937965393,0,3.93818187713623,4.62545442581177,5,5,0.789855062961578,0.967391312122345,1,1,33,1.02999997138977,0
06,2004-06-10,52050040,,"",SANDONA [52050040],Pluviométrica,Convencional,Activa,Nariño,Sandoná,1.3223,-77.4792,20,9/15/1963,,Cudayari,Pacifico,Patía,Río Guáitara,2004,10,Andes,Preliminar,0,0,0,2.87413454055786,2.87413454055786,0,0.800325274467468,0.0794529616832733,3.93818187713623,4.62545442581177,5,5,0.789855062961578,0.967391312122345,1,1,32,1.02999997138977,0
06,2006-06-07,52050040,21,Definitivo,SANDONA [52050040],Pluviométrica,Convencional,Activa,Nariño,Sandoná,1.3223,-77.4792,20,9/15/1963,,Cudayari,Pacifico,Patía,Río Guáitara,2006,07,Andes,Definitivo,21,21,0,5.22523975372315,5.22523975372315,0,5.09789371490479,10.2027244567871,3.93818187713623,4.62545442581177,5,5,0.789855062961578,0.967391312122345,1,1,32,1.02999997138977,21.6299993991852
06,2006-06-08,52050040,9,Definitivo,SANDONA [52050040],Pluviométrica,Convencional,Activa,Nariño,Sandoná,1.3223,-77.4792,20,9/15/1963,,Cudayari,Pacifico,Patía,Río Guáitara,2006,08,Andes,Definitivo,9,9,0,5.77526521682739,5.77526521682739,0,10.0096855163574,4.87317800521851,3.93818187713623,4.62545442581177,5,5,0.789855062961578,0.967391312122345,1,1,32,1.02999997138977,9.26999974250793
06,2008-06-09,52050040,,"",SANDONA [52050040],Pluviométrica,Convencional,Activa,Nariño,Sandoná,1.3223,-77.4792,20,9/15/1963,,Cudayari,Pacifico,Patía,Río Guáitara,2008,09,Andes,Preliminar,0,0,0,2.27760672569275,2.27760672569275,0,3.10792207717896,0.317660599946976,3.93818187713623,4.62545442581177,5,5,0.789855062961578,0.967391312122345,1,1,32,1.02999997138977,0
06,2008-06-10,52050040,3,Definitivo,SANDONA [52050040],Pluviométrica,Convencional,Activa,Nariño,Sandoná,1.3223,-77.4792,20,9/15/1963,,Cudayari,Pacifico,Patía,Río Guáitara,2008,10,Andes,Definitivo,3,3,0,4.60818099975586,4.60818099975586,24.3079223632813,2.80910158157349,3.54119372367859,3.93818187713623,4.62545442581177,5,5,0.789855062961578,0.967391312122345,1,1,32,1.02999997138977,3.08999991416931
06,2008-06-11,52050040,,"",SANDONA [52050040],Pluviométrica,Convencional,Activa,Nariño,Sandoná,1.3223,-77.4792,20,9/15/1963,,Cudayari,Pacifico,Patía,Río Guáitara,2008,11,Andes,Preliminar,0,0,0,1.46105873584747,1.46105873584747,0,2.41778421401978,8.60429954528809,3.93818187713623,4.62545442581177,5,5,0.789855062961578,0.967391312122345,1,1,33,1.02999997138977,0
06,2011-06-10,52050040,,"",SANDONA [52050040],Pluviométrica,Convencional,Activa,Nariño,Sandoná,1.3223,-77.4792,20,9/15/1963,,Cudayari,Pacifico,Patía,Río Guáitara,2011,10,Andes,Preliminar,0,0,0,1.97240614891052,1.97240614891052,0,0.0347007066011429,0,3.93818187713623,4.62545442581177,5,5,0.789855062961578,0.967391312122345,1,1,32,1.02999997138977,0
06,2013-06-11,52050040,1,Definitivo,SANDONA [52050040],Pluviométrica,Convencional,Activa,Nariño,Sandoná,1.3223,-77.4792,20,9/15/1963,,Cudayari,Pacifico,Patía,Río Guáitara,2013,11,Andes,Definitivo,1,1,0,1.5739129781723,1.5739129781723,0,0.323226124048233,0,3.93818187713623,4.62545442581177,5,5,0.789855062961578,0.967391312122345,1,1,33,1.02999997138977,1.02999997138977
06,2013-06-12,52050040,,"",SANDONA [52050040],Pluviométrica,Convencional,Activa,Nariño,Sandoná,1.3223,-77.4792,20,9/15/1963,,Cudayari,Pacifico,Patía,Río Guáitara,2013,12,Andes,Preliminar,0,0,0,0.725590348243713,0.725590348243713,0,0.247226014733315,0,3.93818187713623,4.62545442581177,5,5,0.789855062961578,0.967391312122345,1,1,33,1.02999997138977,0
06,2013-06-13,52050040,,"",SANDONA [52050040],Pluviométrica,Convencional,Activa,Nariño,Sandoná,1.3223,-77.4792,20,9/15/1963,,Cudayari,Pacifico,Patía,Río Guáitara,2013,13,Andes,Preliminar,0,0,0,0.661385178565979,0.661385178565979,0,0.28642413020134,0,3.93818187713623,4.62545442581177,5,5,0.789855062961578,0.967391312122345,1,1,33,1.02999997138977,0
06,2012-06-17,52050040,,"",SANDONA [52050040],Pluviométrica,Convencional,Activa,Nariño,Sandoná,1.3223,-77.4792,20,9/15/1963,,Cudayari,Pacifico,Patía,Río Guáitara,2012,17,Andes,Preliminar,0,0,0,3.50469517707825,3.50469517707825,0,3.29993534088135,3.08508968353272,3.93818187713623,4.62545442581177,5,5,0.789855062961578,0.967391312122345,1,1,34,1.02999997138977,0
06,2011-06-22,52050040,18,Definitivo,SANDONA [52050040],Pluviométrica,Convencional,Activa,Nariño,Sandoná,1.3223,-77.4792,20,9/15/1963,,Cudayari,Pacifico,Patía,Río Guáitara,2011,22,Andes,Definitivo,18,18,0,2.50830316543579,2.50830316543579,0,3.65059089660645,0.150227233767509,3.93818187713623,4.62545442581177,5,5,0.789855062961578,0.967391312122345,1,1,35,1.02999997138977,18.5399994850159
06,2014-06-20,52050040,,"",SANDONA [52050040],Pluviométrica,Convencional,Activa,Nariño,Sandoná,1.3223,-77.4792,20,9/15/1963,,Cudayari,Pacifico,Patía,Río Guáitara,2014,20,Andes,Preliminar,0,0,0,1.35481142997742,1.35481142997742,0,0.122966587543488,0.424675315618515,3.93818187713623,4.62545442581177,5,5,0.789855062961578,0.967391312122345,1,1,34,1.02999997138977,0
06,2016-06-21,52050040,,"",SANDONA [52050040],Pluviométrica,Convencional,Activa,Nariño,Sandoná,1.3223,-77.4792,20,9/15/1963,,Cudayari,Pacifico,Patía,Río Guáitara,2016,21,Andes,Preliminar,0,0,0,1.49466168880463,1.49466168880463,0,1.83682894706726,0,3.93818187713623,4.62545442581177,5,5,0.789855062961578,0.967391312122345,1,1,35,1.02999997138977,0
06,2018-06-23,52050040,,"",SANDONA [52050040],Pluviométrica,Convencional,Activa,Nariño,Sandoná,1.3223,-77.4792,20,9/15/1963,,Cudayari,Pacifico,Patía,Río Guáitara,2018,23,Andes,Preliminar,0,0,0,1.02391684055328,1.02391684055328,0,1.67016911506653,0.0182557348161936,3.93818187713623,4.62545442581177,5,5,0.789855062961578,0.967391312122345,1,1,35,1.02999997138977,0
06,2018-06-24,52050040,,"",SANDONA [52050040],Pluviométrica,Convencional,Activa,Nariño,Sandoná,1.3223,-77.4792,20,9/15/1963,,Cudayari,Pacifico,Patía,Río Guáitara,2018,24,Andes,Preliminar,0,0,0,1.08471500873566,1.08471500873566,0,0.970253944396973,0.443946242332459,3.93818187713623,4.62545442581177,5,5,0.789855062961578,0.967391312122345,1,1,35,1.02999997138977,0
06,2018-06-22,52050040,,"",SANDONA [52050040],Pluviométrica,Convencional,Activa,Nariño,Sandoná,1.3223,-77.4792,20,9/15/1963,,Cudayari,Pacifico,Patía,Río Guáitara,2018,22,Andes,Preliminar,0,0,0,1.08600127696991,1.08600127696991,0,0.865981817245483,0.0207451526075602,3.93818187713623,4.62545442581177,5,5,0.789855062961578,0.967391312122345,1,1,35,1.02999997138977,0
06,2020-06-18,52050040,7,En revisión,SANDONA [52050040],Pluviométrica,Convencional,Activa,Nariño,Sandoná,1.3223,-77.4792,20,9/15/1963,,Cudayari,Pacifico,Patía,Río Guáitara,2020,18,Andes,En revisión,7,7,0,1.18073463439941,1.18073463439941,0,3.67087626457214,0.811118483543396,3.93818187713623,4.62545442581177,5,5,0.789855062961578,0.967391312122345,1,1,34,1.02999997138977,7.20999979972839
06,2020-06-17,52050040,6,En revisión,SANDONA [52050040],Pluviométrica,Convencional,Activa,Nariño,Sandoná,1.3223,-77.4792,20,9/15/1963,,Cudayari,Pacifico,Patía,Río Guáitara,2020,17,Andes,En revisión,6,6,0,0.962805211544037,0.962805211544037,0,2.22436475753784,0,3.93818187713623,4.62545442581177,5,5,0.789855062961578,0.967391312122345,1,1,34,1.02999997138977,6.17999982833862
06,2018-06-18,52050040,,"",SANDONA [52050040],Pluviométrica,Convencional,Activa,Nariño,Sandoná,1.3223,-77.4792,20,9/15/1963,,Cudayari,Pacifico,Patía,Río Guáitara,2018,18,Andes,Preliminar,0,0,0,1.42639529705048,1.42639529705048,0,0.145186886191368,0,3.93818187713623,4.62545442581177,5,5,0.789855062961578,0.967391312122345,1,1,34,1.02999997138977,0
06,2019-06-16,52050040,,"",SANDONA [52050040],Pluviométrica,Convencional,Activa,Nariño,Sandoná,1.3223,-77.4792,20,9/15/1963,,Cudayari,Pacifico,Patía,Río Guáitara,2019,16,Andes,Preliminar,0,0,0,1.80232560634613,1.80232560634613,8.50315952301025,1.50403738021851,4.98058223724365,3.93818187713623,4.62545442581177,5,5,0.789855062961578,0.967391312122345,1,1,34,1.02999997138977,0
06,2017-06-16,52050040,1,Definitivo,SANDONA [52050040],Pluviométrica,Convencional,Activa,Nariño,Sandoná,1.3223,-77.4792,20,9/15/1963,,Cudayari,Pacifico,Patía,Río Guáitara,2017,16,Andes,Definitivo,1,1,0,2.11084270477295,2.11084270477295,0,1.63556241989136,0.422045111656189,3.93818187713623,4.62545442581177,5,5,0.789855062961578,0.967391312122345,1,1,34,1.02999997138977,1.02999997138977
06,2017-06-15,52050040,2,Definitivo,SANDONA [52050040],Pluviométrica,Convencional,Activa,Nariño,Sandoná,1.3223,-77.4792,20,9/15/1963,,Cudayari,Pacifico,Patía,Río Guáitara,2017,15,Andes,Definitivo,2,2,0,6.03516101837158,6.03516101837158,0,3.6608989238739,11.0249471664429,3.93818187713623,4.62545442581177,5,5,0.789855062961578,0.967391312122345,1,1,33,1.02999997138977,2.05999994277954
06,2019-06-12,52050040,1,Definitivo,SANDONA [52050040],Pluviométrica,Convencional,Activa,Nariño,Sandoná,1.3223,-77.4792,20,9/15/1963,,Cudayari,Pacifico,Patía,Río Guáitara,2019,12,Andes,Definitivo,1,1,0,1.28289246559143,1.28289246559143,3.81285810470581,1.35354721546173,2.29985904693604,3.93818187713623,4.62545442581177,5,5,0.789855062961578,0.967391312122345,1,1,33,1.02999997138977,1.02999997138977
06,2020-06-09,52050040,4,En revisión,SANDONA [52050040],Pluviométrica,Convencional,Activa,Nariño,Sandoná,1.3223,-77.4792,20,9/15/1963,,Cudayari,Pacifico,Patía,Río Guáitara,2020,09,Andes,En revisión,4,4,0,2.13597774505615,2.13597774505615,0,1.29913640022278,0,3.93818187713623,4.62545442581177,5,5,0.789855062961578,0.967391312122345,1,1,32,1.02999997138977,4.11999988555908
06,2020-06-08,52050040,,"",SANDONA [52050040],Pluviométrica,Convencional,Activa,Nariño,Sandoná,1.3223,-77.4792,20,9/15/1963,,Cudayari,Pacifico,Patía,Río Guáitara,2020,08,Andes,Preliminar,0,0,0,0.947214484214783,0.947214484214783,0,0.332288563251495,0,3.93818187713623,4.62545442581177,5,5,0.789855062961578,0.967391312122345,1,1,32,1.02999997138977,0
06,2022-06-05,52050040,4,En revisión,SANDONA [52050040],Pluviométrica,Convencional,Activa,Nariño,Sandoná,1.3223,-77.4792,20,9/15/1963,,Cudayari,Pacifico,Patía,Río Guáitara,2022,05,Andes,En revisión,4,4,0,11.8554449081421,11.8554449081421,0,12.8803405761719,3.57591772079468,3.93818187713623,4.62545442581177,5,5,0.789855062961578,0.967391312122345,1,1,31,1.02999997138977,4.11999988555908
06,2023-06-03,52050040,,"",SANDONA [52050040],Pluviométrica,Convencional,Activa,Nariño,Sandoná,1.3223,-77.4792,20,9/15/1963,,Cudayari,Pacifico,Patía,Río Guáitara,2023,03,Andes,Preliminar,0,0,0,1.59589290618896,1.59589290618896,0,0.539420306682587,1.37725496292114,3.93818187713623,4.62545442581177,5,5,0.789855062961578,0.967391312122345,1,1,31,1.02999997138977,0
06,2023-06-02,52050040,4,En revisión,SANDONA [52050040],Pluviométrica,Convencional,Activa,Nariño,Sandoná,1.3223,-77.4792,20,9/15/1963,,Cudayari,Pacifico,Patía,Río Guáitara,2023,02,Andes,En revisión,4,4,0,1.3200843334198,1.3200843334198,0,2.40148830413818,0.376194566488266,3.93818187713623,4.62545442581177,5,5,0.789855062961578,0.967391312122345,1,1,31,1.02999997138977,4.11999988555908
06,2002-06-27,52050040,,"",SANDONA [52050040],Pluviométrica,Convencional,Activa,Nariño,Sandoná,1.3223,-77.4792,20,9/15/1963,,Cudayari,Pacifico,Patía,Río Guáitara,2002,27,Andes,Preliminar,0,0,0,0.589997291564941,0.589997291564941,0,0.204781323671341,0.0321466028690338,3.93818187713623,4.62545442581177,5,5,0.789855062961578,0.967391312122345,1,1,36,1.02999997138977,0
06,2003-06-25,52050040,,"",SANDONA [52050040],Pluviométrica,Convencional,Activa,Nariño,Sandoná,1.3223,-77.4792,20,9/15/1963,,Cudayari,Pacifico,Patía,Río Guáitara,2003,25,Andes,Preliminar,0,0,0,0,0,0,0.660625815391541,2.16678071022034,3.93818187713623,4.62545442581177,5,5,0.789855062961578,0.967391312122345,1,1,35,1.02999997138977,0
06,2002-06-26,52050040,,"",SANDONA [52050040],Pluviométrica,Convencional,Activa,Nariño,Sandoná,1.3223,-77.4792,20,9/15/1963,,Cudayari,Pacifico,Patía,Río Guáitara,2002,26,Andes,Preliminar,0,0,0,0.589997291564941,0.589997291564941,0,0.243110418319702,0,3.93818187713623,4.62545442581177,5,5,0.789855062961578,0.967391312122345,1,1,36,1.02999997138977,0
06,2002-06-25,52050040,,"",SANDONA [52050040],Pluviométrica,Convencional,Activa,Nariño,Sandoná,1.3223,-77.4792,20,9/15/1963,,Cudayari,Pacifico,Patía,Río Guáitara,2002,25,Andes,Preliminar,0,0,0,0.60950243473053,0.60950243473053,0,0.355090945959091,0,3.93818187713623,4.62545442581177,5,5,0.789855062961578,0.967391312122345,1,1,35,1.02999997138977,0
06,2004-06-21,52050040,,"",SANDONA [52050040],Pluviométrica,Convencional,Activa,Nariño,Sandoná,1.3223,-77.4792,20,9/15/1963,,Cudayari,Pacifico,Patía,Río Guáitara,2004,21,Andes,Preliminar,0,0,0,0,0,0,0.137640655040741,0.0142787322402,3.93818187713623,4.62545442581177,5,5,0.789855062961578,0.967391312122345,1,1,35,1.02999997138977,0
06,2005-06-19,52050040,,"",SANDONA [52050040],Pluviométrica,Convencional,Activa,Nariño,Sandoná,1.3223,-77.4792,20,9/15/1963,,Cudayari,Pacifico,Patía,Río Guáitara,2005,19,Andes,Preliminar,0,0,0,0.17575778067112,0.17575778067112,0,1.66702389717102,0.558205187320709,3.93818187713623,4.62545442581177,5,5,0.789855062961578,0.967391312122345,1,1,34,1.02999997138977,0
06,2005-06-18,52050040,,"",SANDONA [52050040],Pluviométrica,Convencional,Activa,Nariño,Sandoná,1.3223,-77.4792,20,9/15/1963,,Cudayari,Pacifico,Patía,Río Guáitara,2005,18,Andes,Preliminar,0,0,0,1.05454671382904,1.05454671382904,0,1.47901058197021,0.903760671615601,3.93818187713623,4.62545442581177,5,5,0.789855062961578,0.967391312122345,1,1,34,1.02999997138977,0
06,2007-06-15,52050040,,"",SANDONA [52050040],Pluviométrica,Convencional,Activa,Nariño,Sandoná,1.3223,-77.4792,20,9/15/1963,,Cudayari,Pacifico,Patía,Río Guáitara,2007,15,Andes,Preliminar,0,0,0,0.726046144962311,0.726046144962311,0,0.320784240961075,0.579049587249756,3.93818187713623,4.62545442581177,5,5,0.789855062961578,0.967391312122345,1,1,33,1.02999997138977,0
06,2005-06-15,52050040,,"",SANDONA [52050040],Pluviométrica,Convencional,Activa,Nariño,Sandoná,1.3223,-77.4792,20,9/15/1963,,Cudayari,Pacifico,Patía,Río Guáitara,2005,15,Andes,Preliminar,0,0,0,0,0,0,2.42980146408081,0.77356368303299,3.93818187713623,4.62545442581177,5,5,0.789855062961578,0.967391312122345,1,1,33,1.02999997138977,0
06,2002-06-17,52050040,,"",SANDONA [52050040],Pluviométrica,Convencional,Activa,Nariño,Sandoná,1.3223,-77.4792,20,9/15/1963,,Cudayari,Pacifico,Patía,Río Guáitara,2002,17,Andes,Preliminar,0,0,0,0.789657294750214,0.789657294750214,0,0.485346585512161,1.16655313968658,3.93818187713623,4.62545442581177,5,5,0.789855062961578,0.967391312122345,1,1,34,1.02999997138977,0
06,2006-06-12,52050040,,"",SANDONA [52050040],Pluviométrica,Convencional,Activa,Nariño,Sandoná,1.3223,-77.4792,20,9/15/1963,,Cudayari,Pacifico,Patía,Río Guáitara,2006,12,Andes,Preliminar,0,0,0,4.36628103256226,4.36628103256226,0,0.581459045410156,0.579414665699005,3.93818187713623,4.62545442581177,5,5,0.789855062961578,0.967391312122345,1,1,33,1.02999997138977,0
06,2002-06-14,52050040,,"",SANDONA [52050040],Pluviométrica,Convencional,Activa,Nariño,Sandoná,1.3223,-77.4792,20,9/15/1963,,Cudayari,Pacifico,Patía,Río Guáitara,2002,14,Andes,Preliminar,0,0,0,1.15062940120697,1.15062940120697,0,0.459766030311585,0.105860605835915,3.93818187713623,4.62545442581177,5,5,0.789855062961578,0.967391312122345,1,1,33,1.02999997138977,0
06,2002-06-11,52050040,,"",SANDONA [52050040],Pluviométrica,Convencional,Activa,Nariño,Sandoná,1.3223,-77.4792,20,9/15/1963,,Cudayari,Pacifico,Patía,Río Guáitara,2002,11,Andes,Preliminar,0,0,0,4.29972124099731,4.29972124099731,9.90920543670654,2.19794106483459,4.89720392227173,3.93818187713623,4.62545442581177,5,5,0.789855062961578,0.967391312122345,1,1,33,1.02999997138977,0
06,2004-06-07,52050040,,"",SANDONA [52050040],Pluviométrica,Convencional,Activa,Nariño,Sandoná,1.3223,-77.4792,20,9/15/1963,,Cudayari,Pacifico,Patía,Río Guáitara,2004,07,Andes,Preliminar,0,0,0,0.391927450895309,0.391927450895309,0,1.57310259342194,0.0529686398804188,3.93818187713623,4.62545442581177,5,5,0.789855062961578,0.967391312122345,1,1,32,1.02999997138977,0
06,2009-06-06,52050040,,"",SANDONA [52050040],Pluviométrica,Convencional,Activa,Nariño,Sandoná,1.3223,-77.4792,20,9/15/1963,,Cudayari,Pacifico,Patía,Río Guáitara,2009,06,Andes,Preliminar,0,0,0,0.0651486441493034,0.0651486441493034,0,4.32825374603272,2.56529784202576,3.93818187713623,4.62545442581177,5,5,0.789855062961578,0.967391312122345,1,1,32,1.02999997138977,0
06,2009-06-07,52050040,10,Definitivo,SANDONA [52050040],Pluviométrica,Convencional,Activa,Nariño,Sandoná,1.3223,-77.4792,20,9/15/1963,,Cudayari,Pacifico,Patía,Río Guáitara,2009,07,Andes,Definitivo,10,10,0,0.390891879796982,0.390891879796982,0,1.73826217651367,0.467656046152115,3.93818187713623,4.62545442581177,5,5,0.789855062961578,0.967391312122345,1,1,32,1.02999997138977,10.2999997138977
06,2009-06-08,52050040,,"",SANDONA [52050040],Pluviométrica,Convencional,Activa,Nariño,Sandoná,1.3223,-77.4792,20,9/15/1963,,Cudayari,Pacifico,Patía,Río Guáitara,2009,08,Andes,Preliminar,0,0,0,0,0,21.9777679443359,2.02921795845032,0.217936798930168,3.93818187713623,4.62545442581177,5,5,0.789855062961578,0.967391312122345,1,1,32,1.02999997138977,0
06,2012-06-06,52050040,,"",SANDONA [52050040],Pluviométrica,Convencional,Activa,Nariño,Sandoná,1.3223,-77.4792,20,9/15/1963,,Cudayari,Pacifico,Patía,Río Guáitara,2012,06,Andes,Preliminar,0,0,0,0.698765873908997,0.698765873908997,0,0.0234218947589397,0.101178847253323,3.93818187713623,4.62545442581177,5,5,0.789855062961578,0.967391312122345,1,1,32,1.02999997138977,0
06,2011-06-11,52050040,,"",SANDONA [52050040],Pluviométrica,Convencional,Activa,Nariño,Sandoná,1.3223,-77.4792,20,9/15/1963,,Cudayari,Pacifico,Patía,Río Guáitara,2011,11,Andes,Preliminar,0,0,0,1.20636880397797,1.20636880397797,0,0.0477746836841106,0,3.93818187713623,4.62545442581177,5,5,0.789855062961578,0.967391312122345,1,1,33,1.02999997138977,0
06,2014-06-09,52050040,20,Definitivo,SANDONA [52050040],Pluviométrica,Convencional,Activa,Nariño,Sandoná,1.3223,-77.4792,20,9/15/1963,,Cudayari,Pacifico,Patía,Río Guáitara,2014,09,Andes,Definitivo,20,20,0,1.1696994304657,1.1696994304657,0,1.69573986530304,0,3.93818187713623,4.62545442581177,5,5,0.789855062961578,0.967391312122345,1,1,32,1.02999997138977,20.5999994277954
06,2014-06-10,52050040,,"",SANDONA [52050040],Pluviométrica,Convencional,Activa,Nariño,Sandoná,1.3223,-77.4792,20,9/15/1963,,Cudayari,Pacifico,Patía,Río Guáitara,2014,10,Andes,Preliminar,0,0,0,4.25750923156738,4.25750923156738,55.3656616210938,1.83195209503174,9.49351787567139,3.93818187713623,4.62545442581177,5,5,0.789855062961578,0.967391312122345,1,1,32,1.02999997138977,0
06,2013-06-14,52050040,1,Definitivo,SANDONA [52050040],Pluviométrica,Convencional,Activa,Nariño,Sandoná,1.3223,-77.4792,20,9/15/1963,,Cudayari,Pacifico,Patía,Río Guáitara,2013,14,Andes,Definitivo,1,1,0,3.04112720489502,3.04112720489502,0,0.457021087408066,0.380949765443802,3.93818187713623,4.62545442581177,5,5,0.789855062961578,0.967391312122345,1,1,33,1.02999997138977,1.02999997138977
06,2012-06-18,52050040,,"",SANDONA [52050040],Pluviométrica,Convencional,Activa,Nariño,Sandoná,1.3223,-77.4792,20,9/15/1963,,Cudayari,Pacifico,Patía,Río Guáitara,2012,18,Andes,Preliminar,0,0,0,3.82653260231018,3.82653260231018,0,3.72489738464355,0.0114900916814804,3.93818187713623,4.62545442581177,5,5,0.789855062961578,0.967391312122345,1,1,34,1.02999997138977,0
06,2012-06-19,52050040,15,Definitivo,SANDONA [52050040],Pluviométrica,Convencional,Activa,Nariño,Sandoná,1.3223,-77.4792,20,9/15/1963,,Cudayari,Pacifico,Patía,Río Guáitara,2012,19,Andes,Definitivo,15,15,0,3.43016958236694,3.43016958236694,22.4922542572022,1.39931428432465,8.08040618896484,3.93818187713623,4.62545442581177,5,5,0.789855062961578,0.967391312122345,1,1,34,1.02999997138977,15.4499995708466
06,2014-06-21,52050040,,"",SANDONA [52050040],Pluviométrica,Convencional,Activa,Nariño,Sandoná,1.3223,-77.4792,20,9/15/1963,,Cudayari,Pacifico,Patía,Río Guáitara,2014,21,Andes,Preliminar,0,0,0,0.751172065734863,0.751172065734863,0,0.766018331050873,0.0429604277014732,3.93818187713623,4.62545442581177,5,5,0.789855062961578,0.967391312122345,1,1,35,1.02999997138977,0
06,2019-06-20,52050040,,"",SANDONA [52050040],Pluviométrica,Convencional,Activa,Nariño,Sandoná,1.3223,-77.4792,20,9/15/1963,,Cudayari,Pacifico,Patía,Río Guáitara,2019,20,Andes,Preliminar,0,0,0,2.83747792243958,2.83747792243958,0,1.1693309545517,0.0378931611776352,3.93818187713623,4.62545442581177,5,5,0.789855062961578,0.967391312122345,1,1,34,1.02999997138977,0
06,2019-06-21,52050040,,"",SANDONA [52050040],Pluviométrica,Convencional,Activa,Nariño,Sandoná,1.3223,-77.4792,20,9/15/1963,,Cudayari,Pacifico,Patía,Río Guáitara,2019,21,Andes,Preliminar,0,0,0,6.01771545410156,6.01771545410156,0,1.31438803672791,0.422115176916122,3.93818187713623,4.62545442581177,5,5,0.789855062961578,0.967391312122345,1,1,35,1.02999997138977,0
06,2020-06-20,52050040,3,En revisión,SANDONA [52050040],Pluviométrica,Convencional,Activa,Nariño,Sandoná,1.3223,-77.4792,20,9/15/1963,,Cudayari,Pacifico,Patía,Río Guáitara,2020,20,Andes,En revisión,3,3,0,1.73047375679016,1.73047375679016,0,0.960542321205139,2.03559565544128,3.93818187713623,4.62545442581177,5,5,0.789855062961578,0.967391312122345,1,1,34,1.02999997138977,3.08999991416931
06,2022-06-17,52050040,10,En revisión,SANDONA [52050040],Pluviométrica,Convencional,Activa,Nariño,Sandoná,1.3223,-77.4792,20,9/15/1963,,Cudayari,Pacifico,Patía,Río Guáitara,2022,17,Andes,En revisión,10,10,0,2.67169189453125,2.67169189453125,7.91811370849609,4.05929756164551,8.08130741119385,3.93818187713623,4.62545442581177,5,5,0.789855062961578,0.967391312122345,1,1,34,1.02999997138977,10.2999997138977
06,2019-06-19,52050040,,"",SANDONA [52050040],Pluviométrica,Convencional,Activa,Nariño,Sandoná,1.3223,-77.4792,20,9/15/1963,,Cudayari,Pacifico,Patía,Río Guáitara,2019,19,Andes,Preliminar,0,0,0,0.664764583110809,0.664764583110809,0,0.366511166095734,0.175255879759789,3.93818187713623,4.62545442581177,5,5,0.789855062961578,0.967391312122345,1,1,34,1.02999997138977,0
06,2017-06-19,52050040,2,Definitivo,SANDONA [52050040],Pluviométrica,Convencional,Activa,Nariño,Sandoná,1.3223,-77.4792,20,9/15/1963,,Cudayari,Pacifico,Patía,Río Guáitara,2017,19,Andes,Definitivo,2,2,0,3.12884855270386,3.12884855270386,0,4.53488254547119,1.62235677242279,3.93818187713623,4.62545442581177,5,5,0.789855062961578,0.967391312122345,1,1,34,1.02999997138977,2.05999994277954
06,2018-06-17,52050040,,"",SANDONA [52050040],Pluviométrica,Convencional,Activa,Nariño,Sandoná,1.3223,-77.4792,20,9/15/1963,,Cudayari,Pacifico,Patía,Río Guáitara,2018,17,Andes,Preliminar,0,0,0,1.22005188465118,1.22005188465118,0,0.892487168312073,1.68748593330383,3.93818187713623,4.62545442581177,5,5,0.789855062961578,0.967391312122345,1,1,34,1.02999997138977,0
06,2019-06-15,52050040,23,Definitivo,SANDONA [52050040],Pluviométrica,Convencional,Activa,Nariño,Sandoná,1.3223,-77.4792,20,9/15/1963,,Cudayari,Pacifico,Patía,Río Guáitara,2019,15,Andes,Definitivo,23,23,0,0.960306406021118,0.960306406021118,2.85410666465759,5.40707397460938,14.2905769348145,3.93818187713623,4.62545442581177,5,5,0.789855062961578,0.967391312122345,1,1,33,1.02999997138977,23.6899993419647
06,2016-06-16,52050040,,"",SANDONA [52050040],Pluviométrica,Convencional,Activa,Nariño,Sandoná,1.3223,-77.4792,20,9/15/1963,,Cudayari,Pacifico,Patía,Río Guáitara,2016,16,Andes,Preliminar,0,0,0,1.08323335647583,1.08323335647583,0,0.375867784023285,0.371878415346146,3.93818187713623,4.62545442581177,5,5,0.789855062961578,0.967391312122345,1,1,34,1.02999997138977,0
06,2018-06-13,52050040,,"",SANDONA [52050040],Pluviométrica,Convencional,Activa,Nariño,Sandoná,1.3223,-77.4792,20,9/15/1963,,Cudayari,Pacifico,Patía,Río Guáitara,2018,13,Andes,Preliminar,0,0,0,1.86928462982178,1.86928462982178,0,0.598005652427673,0.094883918762207,3.93818187713623,4.62545442581177,5,5,0.789855062961578,0.967391312122345,1,1,33,1.02999997138977,0
06,2019-06-11,52050040,8,Definitivo,SANDONA [52050040],Pluviométrica,Convencional,Activa,Nariño,Sandoná,1.3223,-77.4792,20,9/15/1963,,Cudayari,Pacifico,Patía,Río Guáitara,2019,11,Andes,Definitivo,8,8,0,1.51789546012878,1.51789546012878,4.511305809021,5.50082731246948,0.255539894104004,3.93818187713623,4.62545442581177,5,5,0.789855062961578,0.967391312122345,1,1,33,1.02999997138977,8.23999977111816
06,2019-06-10,52050040,4,Definitivo,SANDONA [52050040],Pluviométrica,Convencional,Activa,Nariño,Sandoná,1.3223,-77.4792,20,9/15/1963,,Cudayari,Pacifico,Patía,Río Guáitara,2019,10,Andes,Definitivo,4,4,0,2.40481805801392,2.40481805801392,0,0.142128333449364,0.0512070022523403,3.93818187713623,4.62545442581177,5,5,0.789855062961578,0.967391312122345,1,1,32,1.02999997138977,4.11999988555908
06,2021-06-06,52050040,10,En revisión,SANDONA [52050040],Pluviométrica,Convencional,Activa,Nariño,Sandoná,1.3223,-77.4792,20,9/15/1963,,Cudayari,Pacifico,Patía,Río Guáitara,2021,06,Andes,En revisión,10,10,0,3.67473387718201,3.67473387718201,7.92932176589966,9.59493923187256,6.15975141525269,3.93818187713623,4.62545442581177,5,5,0.789855062961578,0.967391312122345,1,1,32,1.02999997138977,10.2999997138977
06,2022-06-04,52050040,3,En revisión,SANDONA [52050040],Pluviométrica,Convencional,Activa,Nariño,Sandoná,1.3223,-77.4792,20,9/15/1963,,Cudayari,Pacifico,Patía,Río Guáitara,2022,04,Andes,En revisión,3,3,0,10.2636432647705,10.2636432647705,83.5075836181641,14.2253761291504,18.839542388916,3.93818187713623,4.62545442581177,5,5,0.789855062961578,0.967391312122345,1,1,31,1.02999997138977,3.08999991416931
06,2022-06-03,52050040,38,En revisión,SANDONA [52050040],Pluviométrica,Convencional,Activa,Nariño,Sandoná,1.3223,-77.4792,20,9/15/1963,,Cudayari,Pacifico,Patía,Río Guáitara,2022,03,Andes,En revisión,38,38,0,11.4949741363525,11.4949741363525,0,20.0755424499512,43.4005508422852,3.93818187713623,4.62545442581177,5,5,0.789855062961578,0.967391312122345,1,1,31,1.02999997138977,39.1399989128113
06,2023-06-01,52050040,,"",SANDONA [52050040],Pluviométrica,Convencional,Activa,Nariño,Sandoná,1.3223,-77.4792,20,9/15/1963,,Cudayari,Pacifico,Patía,Río Guáitara,2023,01,Andes,Preliminar,0,0,0,5.31217193603516,5.31217193603516,0,1.50282025337219,3.41125631332397,3.93818187713623,4.62545442581177,5,5,0.789855062961578,0.967391312122345,1,1,31,1.02999997138977,0
06,2001-06-28,52050040,,"",SANDONA [52050040],Pluviométrica,Convencional,Activa,Nariño,Sandoná,1.3223,-77.4792,20,9/15/1963,,Cudayari,Pacifico,Patía,Río Guáitara,2001,28,Andes,Preliminar,0,0,0,0.555322825908661,0.555322825908661,0,0.332341700792313,0,3.93818187713623,4.62545442581177,5,5,0.789855062961578,0.967391312122345,1,1,36,1.02999997138977,0
06,2001-06-27,52050040,,"",SANDONA [52050040],Pluviométrica,Convencional,Activa,Nariño,Sandoná,1.3223,-77.4792,20,9/15/1963,,Cudayari,Pacifico,Patía,Río Guáitara,2001,27,Andes,Preliminar,0,0,0,0.555322825908661,0.555322825908661,0,0.187394693493843,0,3.93818187713623,4.62545442581177,5,5,0.789855062961578,0.967391312122345,1,1,36,1.02999997138977,0
06,2001-06-26,52050040,,"",SANDONA [52050040],Pluviométrica,Convencional,Activa,Nariño,Sandoná,1.3223,-77.4792,20,9/15/1963,,Cudayari,Pacifico,Patía,Río Guáitara,2001,26,Andes,Preliminar,0,0,0,0.555322825908661,0.555322825908661,0,0.08907400816679,0,3.93818187713623,4.62545442581177,5,5,0.789855062961578,0.967391312122345,1,1,36,1.02999997138977,0
06,2003-06-23,52050040,,"",SANDONA [52050040],Pluviométrica,Convencional,Activa,Nariño,Sandoná,1.3223,-77.4792,20,9/15/1963,,Cudayari,Pacifico,Patía,Río Guáitara,2003,23,Andes,Preliminar,0,0,0,4.94562244415283,4.94562244415283,0,3.33843541145325,1.3086496591568,3.93818187713623,4.62545442581177,5,5,0.789855062961578,0.967391312122345,1,1,35,1.02999997138977,0
06,2004-06-20,52050040,,"",SANDONA [52050040],Pluviométrica,Convencional,Activa,Nariño,Sandoná,1.3223,-77.4792,20,9/15/1963,,Cudayari,Pacifico,Patía,Río Guáitara,2004,20,Andes,Preliminar,0,0,0,0,0,0,1.02958476543427,2.98384046554565,3.93818187713623,4.62545442581177,5,5,0.789855062961578,0.967391312122345,1,1,34,1.02999997138977,0
06,2004-06-19,52050040,3,Definitivo,SANDONA [52050040],Pluviométrica,Convencional,Activa,Nariño,Sandoná,1.3223,-77.4792,20,9/15/1963,,Cudayari,Pacifico,Patía,Río Guáitara,2004,19,Andes,Definitivo,3,3,0,0.479556530714035,0.479556530714035,0,0.759995579719544,0,3.93818187713623,4.62545442581177,5,5,0.789855062961578,0.967391312122345,1,1,34,1.02999997138977,3.08999991416931
06,2006-06-16,52050040,8,Definitivo,SANDONA [52050040],Pluviométrica,Convencional,Activa,Nariño,Sandoná,1.3223,-77.4792,20,9/15/1963,,Cudayari,Pacifico,Patía,Río Guáitara,2006,16,Andes,Definitivo,8,8,0,2.20109176635742,2.20109176635742,0,0.504132688045502,1.33817183971405,3.93818187713623,4.62545442581177,5,5,0.789855062961578,0.967391312122345,1,1,34,1.02999997138977,8.23999977111816
06,2004-06-16,52050040,,"",SANDONA [52050040],Pluviométrica,Convencional,Activa,Nariño,Sandoná,1.3223,-77.4792,20,9/15/1963,,Cudayari,Pacifico,Patía,Río Guáitara,2004,16,Andes,Preliminar,0,0,0,0,0,0,0.48604291677475,0,3.93818187713623,4.62545442581177,5,5,0.789855062961578,0.967391312122345,1,1,34,1.02999997138977,0
06,2004-06-15,52050040,,"",SANDONA [52050040],Pluviométrica,Convencional,Activa,Nariño,Sandoná,1.3223,-77.4792,20,9/15/1963,,Cudayari,Pacifico,Patía,Río Guáitara,2004,15,Andes,Preliminar,0,0,0,0.757460236549377,0.757460236549377,0,0.11827227473259,1.29063439369202,3.93818187713623,4.62545442581177,5,5,0.789855062961578,0.967391312122345,1,1,33,1.02999997138977,0
06,2002-06-16,52050040,,"",SANDONA [52050040],Pluviométrica,Convencional,Activa,Nariño,Sandoná,1.3223,-77.4792,20,9/15/1963,,Cudayari,Pacifico,Patía,Río Guáitara,2002,16,Andes,Preliminar,0,0,0,0.789657294750214,0.789657294750214,0,0.880176544189453,0.0306987650692463,3.93818187713623,4.62545442581177,5,5,0.789855062961578,0.967391312122345,1,1,34,1.02999997138977,0
06,2004-06-12,52050040,,"",SANDONA [52050040],Pluviométrica,Convencional,Activa,Nariño,Sandoná,1.3223,-77.4792,20,9/15/1963,,Cudayari,Pacifico,Patía,Río Guáitara,2004,12,Andes,Preliminar,0,0,0,0.757460236549377,0.757460236549377,0,0.355744391679764,0,3.93818187713623,4.62545442581177,5,5,0.789855062961578,0.967391312122345,1,1,33,1.02999997138977,0
06,2006-06-09,52050040,7,Definitivo,SANDONA [52050040],Pluviométrica,Convencional,Activa,Nariño,Sandoná,1.3223,-77.4792,20,9/15/1963,,Cudayari,Pacifico,Patía,Río Guáitara,2006,09,Andes,Definitivo,7,7,0,8.1547212600708,8.1547212600708,14.157320022583,13.5002059936523,6.04295063018799,3.93818187713623,4.62545442581177,5,5,0.789855062961578,0.967391312122345,1,1,32,1.02999997138977,7.20999979972839
06,2003-06-09,52050040,,"",SANDONA [52050040],Pluviométrica,Convencional,Activa,Nariño,Sandoná,1.3223,-77.4792,20,9/15/1963,,Cudayari,Pacifico,Patía,Río Guáitara,2003,09,Andes,Preliminar,0,0,0,0.93810361623764,0.93810361623764,0,0.23443515598774,0.208275511860847,3.93818187713623,4.62545442581177,5,5,0.789855062961578,0.967391312122345,1,1,32,1.02999997138977,0
06,2004-06-08,52050040,,"",SANDONA [52050040],Pluviométrica,Convencional,Activa,Nariño,Sandoná,1.3223,-77.4792,20,9/15/1963,,Cudayari,Pacifico,Patía,Río Guáitara,2004,08,Andes,Preliminar,0,0,0,0,0,0,0.870458960533142,2.37917470932007,3.93818187713623,4.62545442581177,5,5,0.789855062961578,0.967391312122345,1,1,32,1.02999997138977,0
06,2007-06-07,52050040,2,Definitivo,SANDONA [52050040],Pluviométrica,Convencional,Activa,Nariño,Sandoná,1.3223,-77.4792,20,9/15/1963,,Cudayari,Pacifico,Patía,Río Guáitara,2007,07,Andes,Definitivo,2,2,0,3.70416212081909,3.70416212081909,0,1.01031959056854,0.0655103921890259,3.93818187713623,4.62545442581177,5,5,0.789855062961578,0.967391312122345,1,1,32,1.02999997138977,2.05999994277954
06,2007-06-08,52050040,6,Definitivo,SANDONA [52050040],Pluviométrica,Convencional,Activa,Nariño,Sandoná,1.3223,-77.4792,20,9/15/1963,,Cudayari,Pacifico,Patía,Río Guáitara,2007,08,Andes,Definitivo,6,6,0,1.64975273609161,1.64975273609161,0,1.08200263977051,0.283591032028198,3.93818187713623,4.62545442581177,5,5,0.789855062961578,0.967391312122345,1,1,32,1.02999997138977,6.17999982833862
06,2007-06-09,52050040,,"",SANDONA [52050040],Pluviométrica,Convencional,Activa,Nariño,Sandoná,1.3223,-77.4792,20,9/15/1963,,Cudayari,Pacifico,Patía,Río Guáitara,2007,09,Andes,Preliminar,0,0,0,0.0933822393417358,0.0933822393417358,0,0.294214367866516,0.204288989305496,3.93818187713623,4.62545442581177,5,5,0.789855062961578,0.967391312122345,1,1,32,1.02999997138977,0
06,2012-06-07,52050040,,"",SANDONA [52050040],Pluviométrica,Convencional,Activa,Nariño,Sandoná,1.3223,-77.4792,20,9/15/1963,,Cudayari,Pacifico,Patía,Río Guáitara,2012,07,Andes,Preliminar,0,0,0,1.64507055282593,1.64507055282593,0,0.0474817380309105,0.211993768811226,3.93818187713623,4.62545442581177,5,5,0.789855062961578,0.967391312122345,1,1,32,1.02999997138977,0
06,2012-06-08,52050040,,"",SANDONA [52050040],Pluviométrica,Convencional,Activa,Nariño,Sandoná,1.3223,-77.4792,20,9/15/1963,,Cudayari,Pacifico,Patía,Río Guáitara,2012,08,Andes,Preliminar,0,0,0,3.1249737739563,3.1249737739563,0,0.140802636742592,0,3.93818187713623,4.62545442581177,5,5,0.789855062961578,0.967391312122345,1,1,32,1.02999997138977,0
06,2015-06-07,52050040,3,Definitivo,SANDONA [52050040],Pluviométrica,Convencional,Activa,Nariño,Sandoná,1.3223,-77.4792,20,9/15/1963,,Cudayari,Pacifico,Patía,Río Guáitara,2015,07,Andes,Definitivo,3,3,0,1.36097431182861,1.36097431182861,0,0.883243262767792,3.92067265510559,3.93818187713623,4.62545442581177,5,5,0.789855062961578,0.967391312122345,1,1,32,1.02999997138977,3.08999991416931
06,2014-06-11,52050040,,"",SANDONA [52050040],Pluviométrica,Convencional,Activa,Nariño,Sandoná,1.3223,-77.4792,20,9/15/1963,,Cudayari,Pacifico,Patía,Río Guáitara,2014,11,Andes,Preliminar,0,0,0,0.86412638425827,0.86412638425827,0,0.252981871366501,0.873774409294128,3.93818187713623,4.62545442581177,5,5,0.789855062961578,0.967391312122345,1,1,33,1.02999997138977,0
06,2013-06-15,52050040,,"",SANDONA [52050040],Pluviométrica,Convencional,Activa,Nariño,Sandoná,1.3223,-77.4792,20,9/15/1963,,Cudayari,Pacifico,Patía,Río Guáitara,2013,15,Andes,Preliminar,0,0,0,0.682396829128265,0.682396829128265,0,0.352757841348648,1.28570532798767,3.93818187713623,4.62545442581177,5,5,0.789855062961578,0.967391312122345,1,1,33,1.02999997138977,0
06,2013-06-16,52050040,,"",SANDONA [52050040],Pluviométrica,Convencional,Activa,Nariño,Sandoná,1.3223,-77.4792,20,9/15/1963,,Cudayari,Pacifico,Patía,Río Guáitara,2013,16,Andes,Preliminar,0,0,0,1.35528361797333,1.35528361797333,0,0.673228442668915,0.556692183017731,3.93818187713623,4.62545442581177,5,5,0.789855062961578,0.967391312122345,1,1,34,1.02999997138977,0
06,2012-06-20,52050040,,"",SANDONA [52050040],Pluviométrica,Convencional,Activa,Nariño,Sandoná,1.3223,-77.4792,20,9/15/1963,,Cudayari,Pacifico,Patía,Río Guáitara,2012,20,Andes,Preliminar,0,0,0,4.04046535491943,4.04046535491943,0,4.56487989425659,5.26820707321167,3.93818187713623,4.62545442581177,5,5,0.789855062961578,0.967391312122345,1,1,34,1.02999997138977,0
06,2014-06-22,52050040,,"",SANDONA [52050040],Pluviométrica,Convencional,Activa,Nariño,Sandoná,1.3223,-77.4792,20,9/15/1963,,Cudayari,Pacifico,Patía,Río Guáitara,2014,22,Andes,Preliminar,0,0,0,0.914392828941345,0.914392828941345,0,0.22774501144886,0,3.93818187713623,4.62545442581177,5,5,0.789855062961578,0.967391312122345,1,1,35,1.02999997138977,0
06,2017-06-20,52050040,18,Definitivo,SANDONA [52050040],Pluviométrica,Convencional,Activa,Nariño,Sandoná,1.3223,-77.4792,20,9/15/1963,,Cudayari,Pacifico,Patía,Río Guáitara,2017,20,Andes,Definitivo,18,18,0,5.00641393661499,5.00641393661499,12.2294893264771,4.52675724029541,7.25220537185669,3.93818187713623,4.62545442581177,5,5,0.789855062961578,0.967391312122345,1,1,34,1.02999997138977,18.5399994850159
06,2019-06-22,52050040,,"",SANDONA [52050040],Pluviométrica,Convencional,Activa,Nariño,Sandoná,1.3223,-77.4792,20,9/15/1963,,Cudayari,Pacifico,Patía,Río Guáitara,2019,22,Andes,Preliminar,0,0,0,1.63586521148682,1.63586521148682,0,0.438210308551788,0,3.93818187713623,4.62545442581177,5,5,0.789855062961578,0.967391312122345,1,1,35,1.02999997138977,0
06,2018-06-21,52050040,,"",SANDONA [52050040],Pluviométrica,Convencional,Activa,Nariño,Sandoná,1.3223,-77.4792,20,9/15/1963,,Cudayari,Pacifico,Patía,Río Guáitara,2018,21,Andes,Preliminar,0,0,0,1.09472596645355,1.09472596645355,0,0.362842917442322,0.0763421580195427,3.93818187713623,4.62545442581177,5,5,0.789855062961578,0.967391312122345,1,1,35,1.02999997138977,0
06,2018-06-20,52050040,,"",SANDONA [52050040],Pluviométrica,Convencional,Activa,Nariño,Sandoná,1.3223,-77.4792,20,9/15/1963,,Cudayari,Pacifico,Patía,Río Guáitara,2018,20,Andes,Preliminar,0,0,0,0.506874263286591,0.506874263286591,0,0.515299618244171,0,3.93818187713623,4.62545442581177,5,5,0.789855062961578,0.967391312122345,1,1,34,1.02999997138977,0
06,2019-06-18,52050040,,"",SANDONA [52050040],Pluviométrica,Convencional,Activa,Nariño,Sandoná,1.3223,-77.4792,20,9/15/1963,,Cudayari,Pacifico,Patía,Río Guáitara,2019,18,Andes,Preliminar,0,0,0,2.25101208686829,2.25101208686829,0,1.60457313060761,0,3.93818187713623,4.62545442581177,5,5,0.789855062961578,0.967391312122345,1,1,34,1.02999997138977,0
06,2017-06-18,52050040,6,Definitivo,SANDONA [52050040],Pluviométrica,Convencional,Activa,Nariño,Sandoná,1.3223,-77.4792,20,9/15/1963,,Cudayari,Pacifico,Patía,Río Guáitara,2017,18,Andes,Definitivo,6,6,0,2.02981281280518,2.02981281280518,12.2294893264771,10.8771772384644,14.4502058029175,3.93818187713623,4.62545442581177,5,5,0.789855062961578,0.967391312122345,1,1,34,1.02999997138977,6.17999982833862
06,2015-06-19,52050040,,"",SANDONA [52050040],Pluviométrica,Convencional,Activa,Nariño,Sandoná,1.3223,-77.4792,20,9/15/1963,,Cudayari,Pacifico,Patía,Río Guáitara,2015,19,Andes,Preliminar,0,0,0,0.690249979496002,0.690249979496002,0,0.309800028800964,0,3.93818187713623,4.62545442581177,5,5,0.789855062961578,0.967391312122345,1,1,34,1.02999997138977,0
06,2017-06-13,52050040,5,Definitivo,SANDONA [52050040],Pluviométrica,Convencional,Activa,Nariño,Sandoná,1.3223,-77.4792,20,9/15/1963,,Cudayari,Pacifico,Patía,Río Guáitara,2017,13,Andes,Definitivo,5,5,0,4.3103518486023,4.3103518486023,14.684326171875,5.09624767303467,12.5905141830444,3.93818187713623,4.62545442581177,5,5,0.789855062961578,0.967391312122345,1,1,33,1.02999997138977,5.14999985694885
06,2017-06-14,52050040,7,Definitivo,SANDONA [52050040],Pluviométrica,Convencional,Activa,Nariño,Sandoná,1.3223,-77.4792,20,9/15/1963,,Cudayari,Pacifico,Patía,Río Guáitara,2017,14,Andes,Definitivo,7,7,0,10.0405693054199,10.0405693054199,14.684326171875,7.60073566436768,10.1501712799072,3.93818187713623,4.62545442581177,5,5,0.789855062961578,0.967391312122345,1,1,33,1.02999997138977,7.20999979972839
06,2018-06-12,52050040,,"",SANDONA [52050040],Pluviométrica,Convencional,Activa,Nariño,Sandoná,1.3223,-77.4792,20,9/15/1963,,Cudayari,Pacifico,Patía,Río Guáitara,2018,12,Andes,Preliminar,0,0,0,1.35834503173828,1.35834503173828,0,0.864146649837494,0.010398237966001,3.93818187713623,4.62545442581177,5,5,0.789855062961578,0.967391312122345,1,1,33,1.02999997138977,0
06,2020-06-06,52050040,1,En revisión,SANDONA [52050040],Pluviométrica,Convencional,Activa,Nariño,Sandoná,1.3223,-77.4792,20,9/15/1963,,Cudayari,Pacifico,Patía,Río Guáitara,2020,06,Andes,En revisión,1,1,0,3.79536986351013,3.79536986351013,0,1.49952578544617,2.65319633483887,3.93818187713623,4.62545442581177,5,5,0.789855062961578,0.967391312122345,1,1,32,1.02999997138977,1.02999997138977
06,2020-06-07,52050040,4,En revisión,SANDONA [52050040],Pluviométrica,Convencional,Activa,Nariño,Sandoná,1.3223,-77.4792,20,9/15/1963,,Cudayari,Pacifico,Patía,Río Guáitara,2020,07,Andes,En revisión,4,4,0,1.68581879138947,1.68581879138947,0,1.87059676647186,0,3.93818187713623,4.62545442581177,5,5,0.789855062961578,0.967391312122345,1,1,32,1.02999997138977,4.11999988555908
06,2021-06-05,52050040,7,En revisión,SANDONA [52050040],Pluviométrica,Convencional,Activa,Nariño,Sandoná,1.3223,-77.4792,20,9/15/1963,,Cudayari,Pacifico,Patía,Río Guáitara,2021,05,Andes,En revisión,7,7,0,10.6828832626343,10.6828832626343,34.7509918212891,3.61782193183899,14.3921003341675,3.93818187713623,4.62545442581177,5,5,0.789855062961578,0.967391312122345,1,1,31,1.02999997138977,7.20999979972839
06,2020-06-02,52050040,7,En revisión,SANDONA [52050040],Pluviométrica,Convencional,Activa,Nariño,Sandoná,1.3223,-77.4792,20,9/15/1963,,Cudayari,Pacifico,Patía,Río Guáitara,2020,02,Andes,En revisión,7,7,0,7.92959547042847,7.92959547042847,8.78001689910889,4.64208745956421,4.15501594543457,3.93818187713623,4.62545442581177,5,5,0.789855062961578,0.967391312122345,1,1,31,1.02999997138977,7.20999979972839
06,2004-06-09,52050040,,"",SANDONA [52050040],Pluviométrica,Convencional,Activa,Nariño,Sandoná,1.3223,-77.4792,20,9/15/1963,,Cudayari,Pacifico,Patía,Río Guáitara,2004,09,Andes,Preliminar,0,0,0,4.8337721824646,4.8337721824646,7.07061815261841,2.84115743637085,5.52198028564453,3.93818187713623,4.62545442581177,5,5,0.789855062961578,0.967391312122345,1,1,32,1.02999997138977,0
06,2002-06-08,52050040,19,Definitivo,SANDONA [52050040],Pluviométrica,Convencional,Activa,Nariño,Sandoná,1.3223,-77.4792,20,9/15/1963,,Cudayari,Pacifico,Patía,Río Guáitara,2002,08,Andes,Definitivo,19,19,0,0.722386479377747,0.722386479377747,22.0387935638428,3.75080847740173,2.54450726509094,3.93818187713623,4.62545442581177,5,5,0.789855062961578,0.967391312122345,1,1,32,1.02999997138977,19.5699994564056
06,2005-06-06,52050040,,"",SANDONA [52050040],Pluviométrica,Convencional,Activa,Nariño,Sandoná,1.3223,-77.4792,20,9/15/1963,,Cudayari,Pacifico,Patía,Río Guáitara,2005,06,Andes,Preliminar,0,0,0,3.32575154304504,3.32575154304504,0,1.06596028804779,0.153975188732147,3.93818187713623,4.62545442581177,5,5,0.789855062961578,0.967391312122345,1,1,32,1.02999997138977,0
06,2005-06-07,52050040,,"",SANDONA [52050040],Pluviométrica,Convencional,Activa,Nariño,Sandoná,1.3223,-77.4792,20,9/15/1963,,Cudayari,Pacifico,Patía,Río Guáitara,2005,07,Andes,Preliminar,0,0,0,1.88624715805054,1.88624715805054,0,0.172987580299377,0.564575731754303,3.93818187713623,4.62545442581177,5,5,0.789855062961578,0.967391312122345,1,1,32,1.02999997138977,0
06,2002-06-24,52050040,,"",SANDONA [52050040],Pluviométrica,Convencional,Activa,Nariño,Sandoná,1.3223,-77.4792,20,9/15/1963,,Cudayari,Pacifico,Patía,Río Guáitara,2002,24,Andes,Preliminar,0,0,0,0.60950243473053,0.60950243473053,0,0.139027178287506,0,3.93818187713623,4.62545442581177,5,5,0.789855062961578,0.967391312122345,1,1,35,1.02999997138977,0
06,2003-06-22,52050040,13,Definitivo,SANDONA [52050040],Pluviométrica,Convencional,Activa,Nariño,Sandoná,1.3223,-77.4792,20,9/15/1963,,Cudayari,Pacifico,Patía,Río Guáitara,2003,22,Andes,Definitivo,13,13,0,4.23910427093506,4.23910427093506,0,1.16189873218536,2.3276801109314,3.93818187713623,4.62545442581177,5,5,0.789855062961578,0.967391312122345,1,1,35,1.02999997138977,13.389999628067
06,2002-06-23,52050040,,"",SANDONA [52050040],Pluviométrica,Convencional,Activa,Nariño,Sandoná,1.3223,-77.4792,20,9/15/1963,,Cudayari,Pacifico,Patía,Río Guáitara,2002,23,Andes,Preliminar,0,0,0,0.60950243473053,0.60950243473053,0,0.167626783251762,0,3.93818187713623,4.62545442581177,5,5,0.789855062961578,0.967391312122345,1,1,35,1.02999997138977,0
06,2005-06-17,52050040,,"",SANDONA [52050040],Pluviométrica,Convencional,Activa,Nariño,Sandoná,1.3223,-77.4792,20,9/15/1963,,Cudayari,Pacifico,Patía,Río Guáitara,2005,17,Andes,Preliminar,0,0,0,0,0,0,0.558646857738495,0.279102593660355,3.93818187713623,4.62545442581177,5,5,0.789855062961578,0.967391312122345,1,1,34,1.02999997138977,0
06,2006-06-15,52050040,,"",SANDONA [52050040],Pluviométrica,Convencional,Activa,Nariño,Sandoná,1.3223,-77.4792,20,9/15/1963,,Cudayari,Pacifico,Patía,Río Guáitara,2006,15,Andes,Preliminar,0,0,0,1.01410412788391,1.01410412788391,0,0.339142918586731,0.399409949779511,3.93818187713623,4.62545442581177,5,5,0.789855062961578,0.967391312122345,1,1,33,1.02999997138977,0
06,2002-06-19,52050040,,"",SANDONA [52050040],Pluviométrica,Convencional,Activa,Nariño,Sandoná,1.3223,-77.4792,20,9/15/1963,,Cudayari,Pacifico,Patía,Río Guáitara,2002,19,Andes,Preliminar,0,0,0,0.789657294750214,0.789657294750214,0,0.236062318086624,0.150082856416702,3.93818187713623,4.62545442581177,5,5,0.789855062961578,0.967391312122345,1,1,34,1.02999997138977,0
06,2003-06-17,52050040,0,Definitivo,SANDONA [52050040],Pluviométrica,Convencional,Activa,Nariño,Sandoná,1.3223,-77.4792,20,9/15/1963,,Cudayari,Pacifico,Patía,Río Guáitara,2003,17,Andes,Definitivo,0,0,0,4.68303775787354,4.68303775787354,6.20679712295532,6.42780256271362,12.7594938278198,3.93818187713623,4.62545442581177,5,5,0.789855062961578,0.967391312122345,1,1,34,1.02999997138977,0
06,2003-06-14,52050040,7,Definitivo,SANDONA [52050040],Pluviométrica,Convencional,Activa,Nariño,Sandoná,1.3223,-77.4792,20,9/15/1963,,Cudayari,Pacifico,Patía,Río Guáitara,2003,14,Andes,Definitivo,7,7,0,1.44961798191071,1.44961798191071,16.6489429473877,4.84793472290039,0.403419584035873,3.93818187713623,4.62545442581177,5,5,0.789855062961578,0.967391312122345,1,1,33,1.02999997138977,7.20999979972839
06,2002-06-13,52050040,,"",SANDONA [52050040],Pluviométrica,Convencional,Activa,Nariño,Sandoná,1.3223,-77.4792,20,9/15/1963,,Cudayari,Pacifico,Patía,Río Guáitara,2002,13,Andes,Preliminar,0,0,0,2.18014025688171,2.18014025688171,0,1.56919980049133,0.174900144338608,3.93818187713623,4.62545442581177,5,5,0.789855062961578,0.967391312122345,1,1,33,1.02999997138977,0
06,2015-06-20,52050040,,"",SANDONA [52050040],Pluviométrica,Convencional,Activa,Nariño,Sandoná,1.3223,-77.4792,20,9/15/1963,,Cudayari,Pacifico,Patía,Río Guáitara,2015,20,Andes,Preliminar,0,0,0,1.09442865848541,1.09442865848541,0,0.372879773378372,0.101406529545784,3.93818187713623,4.62545442581177,5,5,0.789855062961578,0.967391312122345,1,1,34,1.02999997138977,0
06,2017-06-21,52050040,,"",SANDONA [52050040],Pluviométrica,Convencional,Activa,Nariño,Sandoná,1.3223,-77.4792,20,9/15/1963,,Cudayari,Pacifico,Patía,Río Guáitara,2017,21,Andes,Preliminar,0,0,0,11.7661809921265,11.7661809921265,9.53034400939941,0.965140342712402,7.2311224937439,3.93818187713623,4.62545442581177,5,5,0.789855062961578,0.967391312122345,1,1,35,1.02999997138977,0
06,2017-06-22,52050040,3,Definitivo,SANDONA [52050040],Pluviométrica,Convencional,Activa,Nariño,Sandoná,1.3223,-77.4792,20,9/15/1963,,Cudayari,Pacifico,Patía,Río Guáitara,2017,22,Andes,Definitivo,3,3,0,1.25347399711609,1.25347399711609,0,2.96660494804382,0.119763448834419,3.93818187713623,4.62545442581177,5,5,0.789855062961578,0.967391312122345,1,1,35,1.02999997138977,3.08999991416931
06,2016-06-19,52050040,2,Definitivo,SANDONA [52050040],Pluviométrica,Convencional,Activa,Nariño,Sandoná,1.3223,-77.4792,20,9/15/1963,,Cudayari,Pacifico,Patía,Río Guáitara,2016,19,Andes,Definitivo,2,2,0,1.54476594924927,1.54476594924927,0,0.435912042856216,3.12578845024109,3.93818187713623,4.62545442581177,5,5,0.789855062961578,0.967391312122345,1,1,34,1.02999997138977,2.05999994277954
06,2005-06-08,52050040,,"",SANDONA [52050040],Pluviométrica,Convencional,Activa,Nariño,Sandoná,1.3223,-77.4792,20,9/15/1963,,Cudayari,Pacifico,Patía,Río Guáitara,2005,08,Andes,Preliminar,0,0,0,0.79420930147171,0.79420930147171,0,0.331069469451904,2.08508062362671,3.93818187713623,4.62545442581177,5,5,0.789855062961578,0.967391312122345,1,1,32,1.02999997138977,0
06,2010-06-07,52050040,1,Definitivo,SANDONA [52050040],Pluviométrica,Convencional,Activa,Nariño,Sandoná,1.3223,-77.4792,20,9/15/1963,,Cudayari,Pacifico,Patía,Río Guáitara,2010,07,Andes,Definitivo,1,1,0,1.97338259220123,1.97338259220123,0,0.344558507204056,0,3.93818187713623,4.62545442581177,5,5,0.789855062961578,0.967391312122345,1,1,32,1.02999997138977,1.02999997138977
06,2010-06-08,52050040,1,Definitivo,SANDONA [52050040],Pluviométrica,Convencional,Activa,Nariño,Sandoná,1.3223,-77.4792,20,9/15/1963,,Cudayari,Pacifico,Patía,Río Guáitara,2010,08,Andes,Definitivo,1,1,0,3.98545861244202,3.98545861244202,0,0.434453785419464,1.17978227138519,3.93818187713623,4.62545442581177,5,5,0.789855062961578,0.967391312122345,1,1,32,1.02999997138977,1.02999997138977
06,2013-06-06,52050040,,"",SANDONA [52050040],Pluviométrica,Convencional,Activa,Nariño,Sandoná,1.3223,-77.4792,20,9/15/1963,,Cudayari,Pacifico,Patía,Río Guáitara,2013,06,Andes,Preliminar,0,0,0,1.5074315071106,1.5074315071106,0,0.0590129233896732,0,3.93818187713623,4.62545442581177,5,5,0.789855062961578,0.967391312122345,1,1,32,1.02999997138977,0
06,2015-06-08,52050040,,"",SANDONA [52050040],Pluviométrica,Convencional,Activa,Nariño,Sandoná,1.3223,-77.4792,20,9/15/1963,,Cudayari,Pacifico,Patía,Río Guáitara,2015,08,Andes,Preliminar,0,0,0,1.64263117313385,1.64263117313385,0,3.97812938690186,2.01192426681519,3.93818187713623,4.62545442581177,5,5,0.789855062961578,0.967391312122345,1,1,32,1.02999997138977,0
06,2014-06-12,52050040,,"",SANDONA [52050040],Pluviométrica,Convencional,Activa,Nariño,Sandoná,1.3223,-77.4792,20,9/15/1963,,Cudayari,Pacifico,Patía,Río Guáitara,2014,12,Andes,Preliminar,0,0,0,0.929160892963409,0.929160892963409,0,1.80914103984833,0.116503231227398,3.93818187713623,4.62545442581177,5,5,0.789855062961578,0.967391312122345,1,1,33,1.02999997138977,0
06,2014-06-13,52050040,,"",SANDONA [52050040],Pluviométrica,Convencional,Activa,Nariño,Sandoná,1.3223,-77.4792,20,9/15/1963,,Cudayari,Pacifico,Patía,Río Guáitara,2014,13,Andes,Preliminar,0,0,0,2.53545761108398,2.53545761108398,0,1.30268907546997,0,3.93818187713623,4.62545442581177,5,5,0.789855062961578,0.967391312122345,1,1,33,1.02999997138977,0
06,2013-06-17,52050040,,"",SANDONA [52050040],Pluviométrica,Convencional,Activa,Nariño,Sandoná,1.3223,-77.4792,20,9/15/1963,,Cudayari,Pacifico,Patía,Río Guáitara,2013,17,Andes,Preliminar,0,0,0,0.507379293441773,0.507379293441773,0,0.643928825855255,0.45444267988205,3.93818187713623,4.62545442581177,5,5,0.789855062961578,0.967391312122345,1,1,34,1.02999997138977,0
06,2012-06-21,52050040,,"",SANDONA [52050040],Pluviométrica,Convencional,Activa,Nariño,Sandoná,1.3223,-77.4792,20,9/15/1963,,Cudayari,Pacifico,Patía,Río Guáitara,2012,21,Andes,Preliminar,0,0,0,8.99912261962891,8.99912261962891,2.67850565910339,2.52649235725403,0.1412083953619,3.93818187713623,4.62545442581177,5,5,0.789855062961578,0.967391312122345,1,1,35,1.02999997138977,0
06,2001-06-14,52050040,,"",SANDONA [52050040],Pluviométrica,Convencional,Activa,Nariño,Sandoná,1.3223,-77.4792,20,9/15/1963,,Cudayari,Pacifico,Patía,Río Guáitara,2001,14,Andes,Preliminar,0,0,0,0.45139867067337,0.45139867067337,0,4.1996431350708,0,3.93818187713623,4.62545442581177,5,5,0.789855062961578,0.967391312122345,1,1,33,1.02999997138977,0
06,2003-06-11,52050040,16,Definitivo,SANDONA [52050040],Pluviométrica,Convencional,Activa,Nariño,Sandoná,1.3223,-77.4792,20,9/15/1963,,Cudayari,Pacifico,Patía,Río Guáitara,2003,11,Andes,Definitivo,16,16,0,3.90957570075989,3.90957570075989,0,3.78617811203003,16.6328811645508,3.93818187713623,4.62545442581177,5,5,0.789855062961578,0.967391312122345,1,1,33,1.02999997138977,16.4799995422363
06,2004-06-06,52050040,,"",SANDONA [52050040],Pluviométrica,Convencional,Activa,Nariño,Sandoná,1.3223,-77.4792,20,9/15/1963,,Cudayari,Pacifico,Patía,Río Guáitara,2004,06,Andes,Preliminar,0,0,0,1.82899475097656,1.82899475097656,0,1.94853293895721,0,3.93818187713623,4.62545442581177,5,5,0.789855062961578,0.967391312122345,1,1,32,1.02999997138977,0
06,2003-06-06,52050040,,"",SANDONA [52050040],Pluviométrica,Convencional,Activa,Nariño,Sandoná,1.3223,-77.4792,20,9/15/1963,,Cudayari,Pacifico,Patía,Río Guáitara,2003,06,Andes,Preliminar,0,0,0,3.47445774078369,3.47445774078369,0,0.801450431346893,0.167928948998451,3.93818187713623,4.62545442581177,5,5,0.789855062961578,0.967391312122345,1,1,32,1.02999997138977,0
06,2017-06-17,52050040,3,Definitivo,SANDONA [52050040],Pluviométrica,Convencional,Activa,Nariño,Sandoná,1.3223,-77.4792,20,9/15/1963,,Cudayari,Pacifico,Patía,Río Guáitara,2017,17,Andes,Definitivo,3,3,0,1.81937491893768,1.81937491893768,0,4.05808353424072,1.88565099239349,3.93818187713623,4.62545442581177,5,5,0.789855062961578,0.967391312122345,1,1,34,1.02999997138977,3.08999991416931
06,2015-06-18,52050040,,"",SANDONA [52050040],Pluviométrica,Convencional,Activa,Nariño,Sandoná,1.3223,-77.4792,20,9/15/1963,,Cudayari,Pacifico,Patía,Río Guáitara,2015,18,Andes,Preliminar,0,0,0,1.27005290985107,1.27005290985107,0,0.193777650594711,0,3.93818187713623,4.62545442581177,5,5,0.789855062961578,0.967391312122345,1,1,34,1.02999997138977,0
06,2016-06-15,52050040,,"",SANDONA [52050040],Pluviométrica,Convencional,Activa,Nariño,Sandoná,1.3223,-77.4792,20,9/15/1963,,Cudayari,Pacifico,Patía,Río Guáitara,2016,15,Andes,Preliminar,0,0,0,0.809511423110962,0.809511423110962,0,0.157901093363762,0,3.93818187713623,4.62545442581177,5,5,0.789855062961578,0.967391312122345,1,1,33,1.02999997138977,0
06,2018-06-10,52050040,1,Definitivo,SANDONA [52050040],Pluviométrica,Convencional,Activa,Nariño,Sandoná,1.3223,-77.4792,20,9/15/1963,,Cudayari,Pacifico,Patía,Río Guáitara,2018,10,Andes,Definitivo,1,1,0,3.09306907653809,3.09306907653809,0,1.07457983493805,0.0219197496771812,3.93818187713623,4.62545442581177,5,5,0.789855062961578,0.967391312122345,1,1,32,1.02999997138977,1.02999997138977
06,2018-06-11,52050040,15,Definitivo,SANDONA [52050040],Pluviométrica,Convencional,Activa,Nariño,Sandoná,1.3223,-77.4792,20,9/15/1963,,Cudayari,Pacifico,Patía,Río Guáitara,2018,11,Andes,Definitivo,15,15,0,2.92017650604248,2.92017650604248,0,2.01189923286438,4.19698905944824,3.93818187713623,4.62545442581177,5,5,0.789855062961578,0.967391312122345,1,1,33,1.02999997138977,15.4499995708466
06,2019-06-09,52050040,,"",SANDONA [52050040],Pluviométrica,Convencional,Activa,Nariño,Sandoná,1.3223,-77.4792,20,9/15/1963,,Cudayari,Pacifico,Patía,Río Guáitara,2019,09,Andes,Preliminar,0,0,0,1.69623756408691,1.69623756408691,0,0.0265914853662252,0.564102947711945,3.93818187713623,4.62545442581177,5,5,0.789855062961578,0.967391312122345,1,1,32,1.02999997138977,0
06,2021-06-03,52050040,6,En revisión,SANDONA [52050040],Pluviométrica,Convencional,Activa,Nariño,Sandoná,1.3223,-77.4792,20,9/15/1963,,Cudayari,Pacifico,Patía,Río Guáitara,2021,03,Andes,En revisión,6,6,0,4.97080373764038,4.97080373764038,0,3.04465293884277,0.396512597799301,3.93818187713623,4.62545442581177,5,5,0.789855062961578,0.967391312122345,1,1,31,1.02999997138977,6.17999982833862
06,2021-06-04,52050040,8,En revisión,SANDONA [52050040],Pluviométrica,Convencional,Activa,Nariño,Sandoná,1.3223,-77.4792,20,9/15/1963,,Cudayari,Pacifico,Patía,Río Guáitara,2021,04,Andes,En revisión,8,8,0,5.2981071472168,5.2981071472168,0,4.49964332580566,0.418298929929733,3.93818187713623,4.62545442581177,5,5,0.789855062961578,0.967391312122345,1,1,31,1.02999997138977,8.23999977111816
06,2022-06-02,52050040,8,En revisión,SANDONA [52050040],Pluviométrica,Convencional,Activa,Nariño,Sandoná,1.3223,-77.4792,20,9/15/1963,,Cudayari,Pacifico,Patía,Río Guáitara,2022,02,Andes,En revisión,8,8,0,17.1193923950195,17.1193923950195,55.6717262268067,18.4883613586426,14.647876739502,3.93818187713623,4.62545442581177,5,5,0.789855062961578,0.967391312122345,1,1,31,1.02999997138977,8.23999977111816
06,2013-06-18,52050040,,"",SANDONA [52050040],Pluviométrica,Convencional,Activa,Nariño,Sandoná,1.3223,-77.4792,20,9/15/1963,,Cudayari,Pacifico,Patía,Río Guáitara,2013,18,Andes,Preliminar,0,0,0,2.75877666473389,2.75877666473389,0,1.01578688621521,2.78914141654968,3.93818187713623,4.62545442581177,5,5,0.789855062961578,0.967391312122345,1,1,34,1.02999997138977,0
06,2013-06-19,52050040,,"",SANDONA [52050040],Pluviométrica,Convencional,Activa,Nariño,Sandoná,1.3223,-77.4792,20,9/15/1963,,Cudayari,Pacifico,Patía,Río Guáitara,2013,19,Andes,Preliminar,0,0,0,2.22092747688293,2.22092747688293,0,0.68172550201416,0,3.93818187713623,4.62545442581177,5,5,0.789855062961578,0.967391312122345,1,1,34,1.02999997138977,0
06,2015-06-21,52050040,,"",SANDONA [52050040],Pluviométrica,Convencional,Activa,Nariño,Sandoná,1.3223,-77.4792,20,9/15/1963,,Cudayari,Pacifico,Patía,Río Guáitara,2015,21,Andes,Preliminar,0,0,0,0.781576335430145,0.781576335430145,0,0.187822192907333,0.587973773479462,3.93818187713623,4.62545442581177,5,5,0.789855062961578,0.967391312122345,1,1,35,1.02999997138977,0
06,2015-06-22,52050040,,"",SANDONA [52050040],Pluviométrica,Convencional,Activa,Nariño,Sandoná,1.3223,-77.4792,20,9/15/1963,,Cudayari,Pacifico,Patía,Río Guáitara,2015,22,Andes,Preliminar,0,0,0,0.576956510543823,0.576956510543823,0,0.0652186647057533,0.269950211048126,3.93818187713623,4.62545442581177,5,5,0.789855062961578,0.967391312122345,1,1,35,1.02999997138977,0
06,2006-06-04,52050040,17,Definitivo,SANDONA [52050040],Pluviométrica,Convencional,Activa,Nariño,Sandoná,1.3223,-77.4792,20,9/15/1963,,Cudayari,Pacifico,Patía,Río Guáitara,2006,04,Andes,Definitivo,17,17,0,1.4996737241745,1.4996737241745,0,6.36496543884277,14.8325052261353,3.93818187713623,4.62545442581177,5,5,0.789855062961578,0.967391312122345,1,1,31,1.02999997138977,17.5099995136261
06,2006-06-05,52050040,48,Definitivo,SANDONA [52050040],Pluviométrica,Convencional,Activa,Nariño,Sandoná,1.3223,-77.4792,20,9/15/1963,,Cudayari,Pacifico,Patía,Río Guáitara,2006,05,Andes,Definitivo,48,48,0,4.74896717071533,4.74896717071533,0,10.0323362350464,6.01481103897095,3.93818187713623,4.62545442581177,5,5,0.789855062961578,0.967391312122345,1,1,31,1.02999997138977,49.439998626709
06,2001-06-25,52050040,,"",SANDONA [52050040],Pluviométrica,Convencional,Activa,Nariño,Sandoná,1.3223,-77.4792,20,9/15/1963,,Cudayari,Pacifico,Patía,Río Guáitara,2001,25,Andes,Preliminar,0,0,0,0.60599011182785,0.60599011182785,0,0.132101759314537,0.215377435088158,3.93818187713623,4.62545442581177,5,5,0.789855062961578,0.967391312122345,1,1,35,1.02999997138977,0
06,2001-06-24,52050040,,"",SANDONA [52050040],Pluviométrica,Convencional,Activa,Nariño,Sandoná,1.3223,-77.4792,20,9/15/1963,,Cudayari,Pacifico,Patía,Río Guáitara,2001,24,Andes,Preliminar,0,0,0,0.60599011182785,0.60599011182785,0,0.197916656732559,0.215377435088158,3.93818187713623,4.62545442581177,5,5,0.789855062961578,0.967391312122345,1,1,35,1.02999997138977,0
06,2003-06-21,52050040,,"",SANDONA [52050040],Pluviométrica,Convencional,Activa,Nariño,Sandoná,1.3223,-77.4792,20,9/15/1963,,Cudayari,Pacifico,Patía,Río Guáitara,2003,21,Andes,Preliminar,2,2,0,1.49153685569763,1.49153685569763,11.8118543624878,3.23753023147583,3.3681640625,3.93818187713623,4.62545442581177,5,5,0.789855062961578,0.967391312122345,1,1,35,1.02999997138977,2.05999994277954
06,2004-06-18,52050040,,"",SANDONA [52050040],Pluviométrica,Convencional,Activa,Nariño,Sandoná,1.3223,-77.4792,20,9/15/1963,,Cudayari,Pacifico,Patía,Río Guáitara,2004,18,Andes,Preliminar,0,0,0,0,0,0,0.54255086183548,0,3.93818187713623,4.62545442581177,5,5,0.789855062961578,0.967391312122345,1,1,34,1.02999997138977,0
06,2004-06-17,52050040,,"",SANDONA [52050040],Pluviométrica,Convencional,Activa,Nariño,Sandoná,1.3223,-77.4792,20,9/15/1963,,Cudayari,Pacifico,Patía,Río Guáitara,2004,17,Andes,Preliminar,0,0,0,4.55578660964966,4.55578660964966,6.66399335861206,0.165666535496712,0,3.93818187713623,4.62545442581177,5,5,0.789855062961578,0.967391312122345,1,1,34,1.02999997138977,0
06,2002-06-18,52050040,,"",SANDONA [52050040],Pluviométrica,Convencional,Activa,Nariño,Sandoná,1.3223,-77.4792,20,9/15/1963,,Cudayari,Pacifico,Patía,Río Guáitara,2002,18,Andes,Preliminar,0,0,0,0.789657294750214,0.789657294750214,0,0.106543630361557,0.480947345495224,3.93818187713623,4.62545442581177,5,5,0.789855062961578,0.967391312122345,1,1,34,1.02999997138977,0
06,2004-06-14,52050040,,"",SANDONA [52050040],Pluviométrica,Convencional,Activa,Nariño,Sandoná,1.3223,-77.4792,20,9/15/1963,,Cudayari,Pacifico,Patía,Río Guáitara,2004,14,Andes,Preliminar,0,0,0,0.757460236549377,0.757460236549377,0,0.390525668859482,0.25812691450119,3.93818187713623,4.62545442581177,5,5,0.789855062961578,0.967391312122345,1,1,33,1.02999997138977,0
06,2020-06-01,52050040,2,En revisión,SANDONA [52050040],Pluviométrica,Convencional,Activa,Nariño,Sandoná,1.3223,-77.4792,20,9/15/1963,,Cudayari,Pacifico,Patía,Río Guáitara,2020,01,Andes,En revisión,2,2,0,13.4366121292114,13.4366121292114,14.8776416778564,4.99929237365723,12.5099668502808,3.93818187713623,4.62545442581177,5,5,0.789855062961578,0.967391312122345,1,1,31,1.02999997138977,2.05999994277954
06,2002-06-15,52050040,,"",SANDONA [52050040],Pluviométrica,Convencional,Activa,Nariño,Sandoná,1.3223,-77.4792,20,9/15/1963,,Cudayari,Pacifico,Patía,Río Guáitara,2002,15,Andes,Preliminar,0,0,0,0,0,0,1.60743248462677,0.973457276821136,3.93818187713623,4.62545442581177,5,5,0.789855062961578,0.967391312122345,1,1,33,1.02999997138977,0
06,2002-06-12,52050040,,"",SANDONA [52050040],Pluviométrica,Convencional,Activa,Nariño,Sandoná,1.3223,-77.4792,20,9/15/1963,,Cudayari,Pacifico,Patía,Río Guáitara,2002,12,Andes,Preliminar,0,0,0,1.87734293937683,1.87734293937683,0,0.642718851566315,0.325636446475983,3.93818187713623,4.62545442581177,5,5,0.789855062961578,0.967391312122345,1,1,33,1.02999997138977,0
06,2002-06-10,52050040,16,Definitivo,SANDONA [52050040],Pluviométrica,Convencional,Activa,Nariño,Sandoná,1.3223,-77.4792,20,9/15/1963,,Cudayari,Pacifico,Patía,Río Guáitara,2002,10,Andes,Definitivo,16,16,0,0.183463245630264,0.183463245630264,0,0.518520355224609,0,3.93818187713623,4.62545442581177,5,5,0.789855062961578,0.967391312122345,1,1,32,1.02999997138977,16.4799995422363
06,2014-06-19,52050040,,"",SANDONA [52050040],Pluviométrica,Convencional,Activa,Nariño,Sandoná,1.3223,-77.4792,20,9/15/1963,,Cudayari,Pacifico,Patía,Río Guáitara,2014,19,Andes,Preliminar,0,0,0,0.965883433818817,0.965883433818817,0,0.573767304420471,0.424675315618515,3.93818187713623,4.62545442581177,5,5,0.789855062961578,0.967391312122345,1,1,34,1.02999997138977,0
06,2015-06-17,52050040,,"",SANDONA [52050040],Pluviométrica,Convencional,Activa,Nariño,Sandoná,1.3223,-77.4792,20,9/15/1963,,Cudayari,Pacifico,Patía,Río Guáitara,2015,17,Andes,Preliminar,0,0,0,1.415034532547,1.415034532547,0,0.977599561214447,1.239413022995,3.93818187713623,4.62545442581177,5,5,0.789855062961578,0.967391312122345,1,1,34,1.02999997138977,0
06,2008-06-06,52050040,25,Definitivo,SANDONA [52050040],Pluviométrica,Convencional,Activa,Nariño,Sandoná,1.3223,-77.4792,20,9/15/1963,,Cudayari,Pacifico,Patía,Río Guáitara,2008,06,Andes,Definitivo,25,25,0,1.93331754207611,1.93331754207611,0,1.57903015613556,2.2127947807312,3.93818187713623,4.62545442581177,5,5,0.789855062961578,0.967391312122345,1,1,32,1.02999997138977,25.7499992847443
06,2008-06-07,52050040,3,Definitivo,SANDONA [52050040],Pluviométrica,Convencional,Activa,Nariño,Sandoná,1.3223,-77.4792,20,9/15/1963,,Cudayari,Pacifico,Patía,Río Guáitara,2008,07,Andes,Definitivo,3,3,0,0.794514000415802,0.794514000415802,0,3.73879933357239,0.577564716339111,3.93818187713623,4.62545442581177,5,5,0.789855062961578,0.967391312122345,1,1,32,1.02999997138977,3.08999991416931
06,2008-06-08,52050040,7,Definitivo,SANDONA [52050040],Pluviométrica,Convencional,Activa,Nariño,Sandoná,1.3223,-77.4792,20,9/15/1963,,Cudayari,Pacifico,Patía,Río Guáitara,2008,08,Andes,Definitivo,7,7,0,1.37715721130371,1.37715721130371,0,3.94065976142883,8.52629852294922,3.93818187713623,4.62545442581177,5,5,0.789855062961578,0.967391312122345,1,1,32,1.02999997138977,7.20999979972839
06,2013-06-07,52050040,,"",SANDONA [52050040],Pluviométrica,Convencional,Activa,Nariño,Sandoná,1.3223,-77.4792,20,9/15/1963,,Cudayari,Pacifico,Patía,Río Guáitara,2013,07,Andes,Preliminar,0,0,0,2.30401206016541,2.30401206016541,0,0.164549082517624,0.207417637109756,3.93818187713623,4.62545442581177,5,5,0.789855062961578,0.967391312122345,1,1,32,1.02999997138977,0
06,2015-06-09,52050040,4,Definitivo,SANDONA [52050040],Pluviométrica,Convencional,Activa,Nariño,Sandoná,1.3223,-77.4792,20,9/15/1963,,Cudayari,Pacifico,Patía,Río Guáitara,2015,09,Andes,Definitivo,4,4,0,2.86037445068359,2.86037445068359,5.91822862625122,1.21710169315338,0.335320711135864,3.93818187713623,4.62545442581177,5,5,0.789855062961578,0.967391312122345,1,1,32,1.02999997138977,4.11999988555908
06,2015-06-10,52050040,1,Definitivo,SANDONA [52050040],Pluviométrica,Convencional,Activa,Nariño,Sandoná,1.3223,-77.4792,20,9/15/1963,,Cudayari,Pacifico,Patía,Río Guáitara,2015,10,Andes,Definitivo,1,1,0,4.11337280273438,4.11337280273438,8.51073265075684,2.91633033752441,4.03674554824829,3.93818187713623,4.62545442581177,5,5,0.789855062961578,0.967391312122345,1,1,32,1.02999997138977,1.02999997138977
06,2014-06-14,52050040,1,Definitivo,SANDONA [52050040],Pluviométrica,Convencional,Activa,Nariño,Sandoná,1.3223,-77.4792,20,9/15/1963,,Cudayari,Pacifico,Patía,Río Guáitara,2014,14,Andes,Definitivo,1,1,0,3.45400786399841,3.45400786399841,0,2.06041121482849,2.81064033508301,3.93818187713623,4.62545442581177,5,5,0.789855062961578,0.967391312122345,1,1,33,1.02999997138977,1.02999997138977
06,2003-06-16,52050040,9,Definitivo,SANDONA [52050040],Pluviométrica,Convencional,Activa,Nariño,Sandoná,1.3223,-77.4792,20,9/15/1963,,Cudayari,Pacifico,Patía,Río Guáitara,2003,16,Andes,Definitivo,9,9,0,3.29941248893738,3.29941248893738,6.20679712295532,6.77370548248291,8.10768508911133,3.93818187713623,4.62545442581177,5,5,0.789855062961578,0.967391312122345,1,1,34,1.02999997138977,9.26999974250793
06,2014-06-15,52050040,,"",SANDONA [52050040],Pluviométrica,Convencional,Activa,Nariño,Sandoná,1.3223,-77.4792,20,9/15/1963,,Cudayari,Pacifico,Patía,Río Guáitara,2014,15,Andes,Preliminar,0,0,0,2.04490971565247,2.04490971565247,0,0.552848875522614,2.17715406417847,3.93818187713623,4.62545442581177,5,5,0.789855062961578,0.967391312122345,1,1,33,1.02999997138977,0
06,2014-06-16,52050040,,"",SANDONA [52050040],Pluviométrica,Convencional,Activa,Nariño,Sandoná,1.3223,-77.4792,20,9/15/1963,,Cudayari,Pacifico,Patía,Río Guáitara,2014,16,Andes,Preliminar,0,0,0,0.362501949071884,0.362501949071884,0,0.241015315055847,0.424675315618515,3.93818187713623,4.62545442581177,5,5,0.789855062961578,0.967391312122345,1,1,34,1.02999997138977,0
06,2016-06-17,52050040,1,Definitivo,SANDONA [52050040],Pluviométrica,Convencional,Activa,Nariño,Sandoná,1.3223,-77.4792,20,9/15/1963,,Cudayari,Pacifico,Patía,Río Guáitara,2016,17,Andes,Definitivo,1,1,0,0.686006903648377,0.686006903648377,0,0.383341580629349,0.643249154090881,3.93818187713623,4.62545442581177,5,5,0.789855062961578,0.967391312122345,1,1,34,1.02999997138977,1.02999997138977
06,2002-06-07,52050040,23,Definitivo,SANDONA [52050040],Pluviométrica,Convencional,Activa,Nariño,Sandoná,1.3223,-77.4792,20,9/15/1963,,Cudayari,Pacifico,Patía,Río Guáitara,2002,07,Andes,Definitivo,23,23,0,5.46949815750122,5.46949815750122,0,9.3084020614624,1.24092495441437,3.93818187713623,4.62545442581177,5,5,0.789855062961578,0.967391312122345,1,1,32,1.02999997138977,23.6899993419647
06,2004-06-03,52050040,,"",SANDONA [52050040],Pluviométrica,Convencional,Activa,Nariño,Sandoná,1.3223,-77.4792,20,9/15/1963,,Cudayari,Pacifico,Patía,Río Guáitara,2004,03,Andes,Preliminar,0,0,0,0.456867456436157,0.456867456436157,0,0.379573494195938,0,3.93818187713623,4.62545442581177,5,5,0.789855062961578,0.967391312122345,1,1,31,1.02999997138977,0
06,2016-06-14,52050040,,"",SANDONA [52050040],Pluviométrica,Convencional,Activa,Nariño,Sandoná,1.3223,-77.4792,20,9/15/1963,,Cudayari,Pacifico,Patía,Río Guáitara,2016,14,Andes,Preliminar,0,0,0,0.689284145832062,0.689284145832062,0,0.418860882520676,0,3.93818187713623,4.62545442581177,5,5,0.789855062961578,0.967391312122345,1,1,33,1.02999997138977,0
06,2017-06-12,52050040,7,Definitivo,SANDONA [52050040],Pluviométrica,Convencional,Activa,Nariño,Sandoná,1.3223,-77.4792,20,9/15/1963,,Cudayari,Pacifico,Patía,Río Guáitara,2017,12,Andes,Definitivo,7,7,0,5.39430332183838,5.39430332183838,29.36865234375,22.2065200805664,9.06711483001709,3.93818187713623,4.62545442581177,5,5,0.789855062961578,0.967391312122345,1,1,33,1.02999997138977,7.20999979972839
06,2019-06-07,52050040,,"",SANDONA [52050040],Pluviométrica,Convencional,Activa,Nariño,Sandoná,1.3223,-77.4792,20,9/15/1963,,Cudayari,Pacifico,Patía,Río Guáitara,2019,07,Andes,Preliminar,0,0,0,1.27865564823151,1.27865564823151,0,0.20359879732132,0.0189961455762386,3.93818187713623,4.62545442581177,5,5,0.789855062961578,0.967391312122345,1,1,32,1.02999997138977,0
06,2019-06-08,52050040,,"",SANDONA [52050040],Pluviométrica,Convencional,Activa,Nariño,Sandoná,1.3223,-77.4792,20,9/15/1963,,Cudayari,Pacifico,Patía,Río Guáitara,2019,08,Andes,Preliminar,0,0,0,0.968263387680054,0.968263387680054,0,0.139021918177605,0,3.93818187713623,4.62545442581177,5,5,0.789855062961578,0.967391312122345,1,1,32,1.02999997138977,0
06,2020-06-05,52050040,,"",SANDONA [52050040],Pluviométrica,Convencional,Activa,Nariño,Sandoná,1.3223,-77.4792,20,9/15/1963,,Cudayari,Pacifico,Patía,Río Guáitara,2020,05,Andes,Preliminar,0,0,0,7.37893056869507,7.37893056869507,8.1702938079834,10.7877559661865,0.336893171072006,3.93818187713623,4.62545442581177,5,5,0.789855062961578,0.967391312122345,1,1,31,1.02999997138977,0
06,2019-06-03,52050040,,"",SANDONA [52050040],Pluviométrica,Convencional,Activa,Nariño,Sandoná,1.3223,-77.4792,20,9/15/1963,,Cudayari,Pacifico,Patía,Río Guáitara,2019,03,Andes,Preliminar,0,0,0,4.91140699386597,4.91140699386597,13.1185083389282,0.899741411209106,5.7301173210144,3.93818187713623,4.62545442581177,5,5,0.789855062961578,0.967391312122345,1,1,31,1.02999997138977,0
06,2022-06-01,52050040,30,En revisión,SANDONA [52050040],Pluviométrica,Convencional,Activa,Nariño,Sandoná,1.3223,-77.4792,20,9/15/1963,,Cudayari,Pacifico,Patía,Río Guáitara,2022,01,Andes,En revisión,30,30,0,8.599928855896,8.599928855896,0,22.4662399291992,7.67196893692017,3.93818187713623,4.62545442581177,5,5,0.789855062961578,0.967391312122345,1,1,31,1.02999997138977,30.8999991416931
06,2015-06-11,52050040,,"",SANDONA [52050040],Pluviométrica,Convencional,Activa,Nariño,Sandoná,1.3223,-77.4792,20,9/15/1963,,Cudayari,Pacifico,Patía,Río Guáitara,2015,11,Andes,Preliminar,0,0,0,1.34409773349762,1.34409773349762,0,0.179798021912575,1.01651406288147,3.93818187713623,4.62545442581177,5,5,0.789855062961578,0.967391312122345,1,1,33,1.02999997138977,0
06,2001-06-19,52050040,,"",SANDONA [52050040],Pluviométrica,Convencional,Activa,Nariño,Sandoná,1.3223,-77.4792,20,9/15/1963,,Cudayari,Pacifico,Patía,Río Guáitara,2001,19,Andes,Preliminar,3,3,0,8.53411865234375,8.53411865234375,0,1.73929798603058,0.168785095214844,3.93818187713623,4.62545442581177,5,5,0.789855062961578,0.967391312122345,1,1,34,1.02999997138977,3.08999991416931
06,2001-06-16,52050040,,"",SANDONA [52050040],Pluviométrica,Convencional,Activa,Nariño,Sandoná,1.3223,-77.4792,20,9/15/1963,,Cudayari,Pacifico,Patía,Río Guáitara,2001,16,Andes,Preliminar,0,0,0,1.45704472064972,1.45704472064972,0,1.72179937362671,5.59452199935913,3.93818187713623,4.62545442581177,5,5,0.789855062961578,0.967391312122345,1,1,34,1.02999997138977,0
06,2003-06-13,52050040,6,Definitivo,SANDONA [52050040],Pluviométrica,Convencional,Activa,Nariño,Sandoná,1.3223,-77.4792,20,9/15/1963,,Cudayari,Pacifico,Patía,Río Guáitara,2003,13,Andes,Definitivo,6,6,0,1.80104053020477,1.80104053020477,0,7.15959978103638,5.39164876937866,3.93818187713623,4.62545442581177,5,5,0.789855062961578,0.967391312122345,1,1,33,1.02999997138977,6.17999982833862
06,2016-06-18,52050040,,"",SANDONA [52050040],Pluviométrica,Convencional,Activa,Nariño,Sandoná,1.3223,-77.4792,20,9/15/1963,,Cudayari,Pacifico,Patía,Río Guáitara,2016,18,Andes,Preliminar,0,0,0,1.41706085205078,1.41706085205078,0,0.352547109127045,0,3.93818187713623,4.62545442581177,5,5,0.789855062961578,0.967391312122345,1,1,34,1.02999997138977,0
06,2015-06-16,52050040,,"",SANDONA [52050040],Pluviométrica,Convencional,Activa,Nariño,Sandoná,1.3223,-77.4792,20,9/15/1963,,Cudayari,Pacifico,Patía,Río Guáitara,2015,16,Andes,Preliminar,0,0,0,2.26691842079163,2.26691842079163,0,0.162806153297424,0.676043570041657,3.93818187713623,4.62545442581177,5,5,0.789855062961578,0.967391312122345,1,1,34,1.02999997138977,0
06,2004-06-04,52050040,6,Definitivo,SANDONA [52050040],Pluviométrica,Convencional,Activa,Nariño,Sandoná,1.3223,-77.4792,20,9/15/1963,,Cudayari,Pacifico,Patía,Río Guáitara,2004,04,Andes,Definitivo,6,6,0,4.50340843200684,4.50340843200684,6.58737707138062,1.05054128170013,0,3.93818187713623,4.62545442581177,5,5,0.789855062961578,0.967391312122345,1,1,31,1.02999997138977,6.17999982833862
06,2006-06-06,52050040,6,Definitivo,SANDONA [52050040],Pluviométrica,Convencional,Activa,Nariño,Sandoná,1.3223,-77.4792,20,9/15/1963,,Cudayari,Pacifico,Patía,Río Guáitara,2006,06,Andes,Definitivo,6,6,0,5.42850971221924,5.42850971221924,28.314640045166,11.9238662719727,25.3835430145264,3.93818187713623,4.62545442581177,5,5,0.789855062961578,0.967391312122345,1,1,32,1.02999997138977,6.17999982833862
06,2009-06-04,52050040,,"",SANDONA [52050040],Pluviométrica,Convencional,Activa,Nariño,Sandoná,1.3223,-77.4792,20,9/15/1963,,Cudayari,Pacifico,Patía,Río Guáitara,2009,04,Andes,Preliminar,0,0,0,0.469262182712555,0.469262182712555,0,0.188947275280952,0.0205610562115908,3.93818187713623,4.62545442581177,5,5,0.789855062961578,0.967391312122345,1,1,31,1.02999997138977,0
06,2002-06-22,52050040,,"",SANDONA [52050040],Pluviométrica,Convencional,Activa,Nariño,Sandoná,1.3223,-77.4792,20,9/15/1963,,Cudayari,Pacifico,Patía,Río Guáitara,2002,22,Andes,Preliminar,0,0,0,0.60950243473053,0.60950243473053,0,0.198058649897575,0.1218301653862,3.93818187713623,4.62545442581177,5,5,0.789855062961578,0.967391312122345,1,1,35,1.02999997138977,0
06,2003-06-20,52050040,0,Definitivo,SANDONA [52050040],Pluviométrica,Convencional,Activa,Nariño,Sandoná,1.3223,-77.4792,20,9/15/1963,,Cudayari,Pacifico,Patía,Río Guáitara,2003,20,Andes,Definitivo,0,0,0,6.17309427261353,6.17309427261353,6.20679712295532,2.89303469657898,1.34506702423096,3.93818187713623,4.62545442581177,5,5,0.789855062961578,0.967391312122345,1,1,34,1.02999997138977,0
06,2002-06-21,52050040,,"",SANDONA [52050040],Pluviométrica,Convencional,Activa,Nariño,Sandoná,1.3223,-77.4792,20,9/15/1963,,Cudayari,Pacifico,Patía,Río Guáitara,2002,21,Andes,Preliminar,0,0,0,0.60950243473053,0.60950243473053,0,0.340038925409317,1.07801234722137,3.93818187713623,4.62545442581177,5,5,0.789855062961578,0.967391312122345,1,1,35,1.02999997138977,0
06,2003-06-19,52050040,,"",SANDONA [52050040],Pluviométrica,Convencional,Activa,Nariño,Sandoná,1.3223,-77.4792,20,9/15/1963,,Cudayari,Pacifico,Patía,Río Guáitara,2003,19,Andes,Preliminar,0,0,0,6.70525789260864,6.70525789260864,6.20679712295532,1.23004424571991,0.143397331237793,3.93818187713623,4.62545442581177,5,5,0.789855062961578,0.967391312122345,1,1,34,1.02999997138977,0
06,2017-06-03,52050040,,"",SANDONA [52050040],Pluviométrica,Convencional,Activa,Nariño,Sandoná,1.3223,-77.4792,20,9/15/1963,,Cudayari,Pacifico,Patía,Río Guáitara,2017,03,Andes,Preliminar,0,0,0,1.59245240688324,1.59245240688324,0,0.299739897251129,0,3.93818187713623,4.62545442581177,5,5,0.789855062961578,0.967391312122345,1,1,31,1.02999997138977,0
06,2016-06-07,52050040,7,Definitivo,SANDONA [52050040],Pluviométrica,Convencional,Activa,Nariño,Sandoná,1.3223,-77.4792,20,9/15/1963,,Cudayari,Pacifico,Patía,Río Guáitara,2016,07,Andes,Definitivo,7,7,0,6.2606692314148,6.2606692314148,0,3.75485396385193,2.40634155273438,3.93818187713623,4.62545442581177,5,5,0.789855062961578,0.967391312122345,1,1,32,1.02999997138977,7.20999979972839
06,2015-06-12,52050040,,"",SANDONA [52050040],Pluviométrica,Convencional,Activa,Nariño,Sandoná,1.3223,-77.4792,20,9/15/1963,,Cudayari,Pacifico,Patía,Río Guáitara,2015,12,Andes,Preliminar,0,0,0,1.96312856674194,1.96312856674194,0,0.313359260559082,0,3.93818187713623,4.62545442581177,5,5,0.789855062961578,0.967391312122345,1,1,33,1.02999997138977,0
06,2015-06-13,52050040,,"",SANDONA [52050040],Pluviométrica,Convencional,Activa,Nariño,Sandoná,1.3223,-77.4792,20,9/15/1963,,Cudayari,Pacifico,Patía,Río Guáitara,2015,13,Andes,Preliminar,0,0,0,1.43961775302887,1.43961775302887,0,0.840084671974182,0.496437102556229,3.93818187713623,4.62545442581177,5,5,0.789855062961578,0.967391312122345,1,1,33,1.02999997138977,0
06,2001-06-11,52050040,,"",SANDONA [52050040],Pluviométrica,Convencional,Activa,Nariño,Sandoná,1.3223,-77.4792,20,9/15/1963,,Cudayari,Pacifico,Patía,Río Guáitara,2001,11,Andes,Preliminar,0,0,0,0.677098095417023,0.677098095417023,0,2.22544145584106,10.2421674728394,3.93818187713623,4.62545442581177,5,5,0.789855062961578,0.967391312122345,1,1,33,1.02999997138977,0
06,2003-06-08,52050040,,"",SANDONA [52050040],Pluviométrica,Convencional,Activa,Nariño,Sandoná,1.3223,-77.4792,20,9/15/1963,,Cudayari,Pacifico,Patía,Río Guáitara,2003,08,Andes,Preliminar,0,0,0,0.0347445793449879,0.0347445793449879,0,0.123375527560711,0.94323742389679,3.93818187713623,4.62545442581177,5,5,0.789855062961578,0.967391312122345,1,1,32,1.02999997138977,0
06,2016-06-13,52050040,5,Definitivo,SANDONA [52050040],Pluviométrica,Convencional,Activa,Nariño,Sandoná,1.3223,-77.4792,20,9/15/1963,,Cudayari,Pacifico,Patía,Río Guáitara,2016,13,Andes,Definitivo,5,5,0,2.47859191894531,2.47859191894531,0,1.01529860496521,0,3.93818187713623,4.62545442581177,5,5,0.789855062961578,0.967391312122345,1,1,33,1.02999997138977,5.14999985694885
06,2017-06-11,52050040,20,Definitivo,SANDONA [52050040],Pluviométrica,Convencional,Activa,Nariño,Sandoná,1.3223,-77.4792,20,9/15/1963,,Cudayari,Pacifico,Patía,Río Guáitara,2017,11,Andes,Definitivo,20,20,0,4.26886177062988,4.26886177062988,0,6.97598505020142,2.70763754844666,3.93818187713623,4.62545442581177,5,5,0.789855062961578,0.967391312122345,1,1,33,1.02999997138977,20.5999994277954
06,2018-06-09,52050040,,"",SANDONA [52050040],Pluviométrica,Convencional,Activa,Nariño,Sandoná,1.3223,-77.4792,20,9/15/1963,,Cudayari,Pacifico,Patía,Río Guáitara,2018,09,Andes,Preliminar,0,0,0,1.02535307407379,1.02535307407379,0,0.884245216846466,0,3.93818187713623,4.62545442581177,5,5,0.789855062961578,0.967391312122345,1,1,32,1.02999997138977,0
06,2009-06-05,52050040,4,Definitivo,SANDONA [52050040],Pluviométrica,Convencional,Activa,Nariño,Sandoná,1.3223,-77.4792,20,9/15/1963,,Cudayari,Pacifico,Patía,Río Guáitara,2009,05,Andes,Definitivo,4,4,0,1.0238448381424,1.0238448381424,0,1.05682337284088,0.555148482322693,3.93818187713623,4.62545442581177,5,5,0.789855062961578,0.967391312122345,1,1,31,1.02999997138977,4.11999988555908
06,2011-06-07,52050040,,"",SANDONA [52050040],Pluviométrica,Convencional,Activa,Nariño,Sandoná,1.3223,-77.4792,20,9/15/1963,,Cudayari,Pacifico,Patía,Río Guáitara,2011,07,Andes,Preliminar,0,0,0,2.22410607337952,2.22410607337952,0,0.161566659808159,0,3.93818187713623,4.62545442581177,5,5,0.789855062961578,0.967391312122345,1,1,32,1.02999997138977,0
06,2013-06-08,52050040,,"",SANDONA [52050040],Pluviométrica,Convencional,Activa,Nariño,Sandoná,1.3223,-77.4792,20,9/15/1963,,Cudayari,Pacifico,Patía,Río Guáitara,2013,08,Andes,Preliminar,0,0,0,0.594536364078522,0.594536364078522,0,0.104829102754593,0.311126470565796,3.93818187713623,4.62545442581177,5,5,0.789855062961578,0.967391312122345,1,1,32,1.02999997138977,0
06,2016-06-06,52050040,,"",SANDONA [52050040],Pluviométrica,Convencional,Activa,Nariño,Sandoná,1.3223,-77.4792,20,9/15/1963,,Cudayari,Pacifico,Patía,Río Guáitara,2016,06,Andes,Preliminar,3,3,0,11.1930837631226,11.1930837631226,0,10.2870635986328,3.30012583732605,3.93818187713623,4.62545442581177,5,5,0.789855062961578,0.967391312122345,1,1,32,1.02999997138977,3.08999991416931
06,2002-06-20,52050040,,"",SANDONA [52050040],Pluviométrica,Convencional,Activa,Nariño,Sandoná,1.3223,-77.4792,20,9/15/1963,,Cudayari,Pacifico,Patía,Río Guáitara,2002,20,Andes,Preliminar,0,0,0,0.789657294750214,0.789657294750214,0,0.283879846334457,0.163726761937141,3.93818187713623,4.62545442581177,5,5,0.789855062961578,0.967391312122345,1,1,34,1.02999997138977,0
06,2001-06-21,52050040,,"",SANDONA [52050040],Pluviométrica,Convencional,Activa,Nariño,Sandoná,1.3223,-77.4792,20,9/15/1963,,Cudayari,Pacifico,Patía,Río Guáitara,2001,21,Andes,Preliminar,0,0,0,0.60599011182785,0.60599011182785,0,0.526467680931091,0.215377435088158,3.93818187713623,4.62545442581177,5,5,0.789855062961578,0.967391312122345,1,1,35,1.02999997138977,0
06,2003-06-18,52050040,10,Definitivo,SANDONA [52050040],Pluviométrica,Convencional,Activa,Nariño,Sandoná,1.3223,-77.4792,20,9/15/1963,,Cudayari,Pacifico,Patía,Río Guáitara,2003,18,Andes,Definitivo,10,10,0,3.08654713630676,3.08654713630676,6.20679712295532,5.60464477539063,0.573589324951172,3.93818187713623,4.62545442581177,5,5,0.789855062961578,0.967391312122345,1,1,34,1.02999997138977,10.2999997138977
06,2001-06-18,52050040,,"",SANDONA [52050040],Pluviométrica,Convencional,Activa,Nariño,Sandoná,1.3223,-77.4792,20,9/15/1963,,Cudayari,Pacifico,Patía,Río Guáitara,2001,18,Andes,Preliminar,0,0,0,0.416298508644104,0.416298508644104,12.1545877456665,2.38092637062073,5.59452342987061,3.93818187713623,4.62545442581177,5,5,0.789855062961578,0.967391312122345,1,1,34,1.02999997138977,0
06,2014-06-17,52050040,,"",SANDONA [52050040],Pluviométrica,Convencional,Activa,Nariño,Sandoná,1.3223,-77.4792,20,9/15/1963,,Cudayari,Pacifico,Patía,Río Guáitara,2014,17,Andes,Preliminar,0,0,0,2.54054021835327,2.54054021835327,0,0.442439168691635,0.424675315618515,3.93818187713623,4.62545442581177,5,5,0.789855062961578,0.967391312122345,1,1,34,1.02999997138977,0
06,2014-06-18,52050040,,"",SANDONA [52050040],Pluviométrica,Convencional,Activa,Nariño,Sandoná,1.3223,-77.4792,20,9/15/1963,,Cudayari,Pacifico,Patía,Río Guáitara,2014,18,Andes,Preliminar,0,0,0,1.51294720172882,1.51294720172882,0,0.743188202381134,0.424675315618515,3.93818187713623,4.62545442581177,5,5,0.789855062961578,0.967391312122345,1,1,34,1.02999997138977,0
06,2003-06-05,52050040,15,Definitivo,SANDONA [52050040],Pluviométrica,Convencional,Activa,Nariño,Sandoná,1.3223,-77.4792,20,9/15/1963,,Cudayari,Pacifico,Patía,Río Guáitara,2003,05,Andes,Definitivo,15,15,0,2.6192409992218,2.6192409992218,33.6405754089355,3.59391593933105,6.44561576843262,3.93818187713623,4.62545442581177,5,5,0.789855062961578,0.967391312122345,1,1,31,1.02999997138977,15.4499995708466
06,2002-06-04,52050040,10,Definitivo,SANDONA [52050040],Pluviométrica,Convencional,Activa,Nariño,Sandoná,1.3223,-77.4792,20,9/15/1963,,Cudayari,Pacifico,Patía,Río Guáitara,2002,04,Andes,Definitivo,10,10,0,3.46875858306885,3.46875858306885,0,3.96086120605469,3.66911268234253,3.93818187713623,4.62545442581177,5,5,0.789855062961578,0.967391312122345,1,1,31,1.02999997138977,10.2999997138977
06,2004-06-05,52050040,10,Definitivo,SANDONA [52050040],Pluviométrica,Convencional,Activa,Nariño,Sandoná,1.3223,-77.4792,20,9/15/1963,,Cudayari,Pacifico,Patía,Río Guáitara,2004,05,Andes,Definitivo,10,10,0,0.979001879692078,0.979001879692078,0,3.59575700759888,5.39139604568481,3.93818187713623,4.62545442581177,5,5,0.789855062961578,0.967391312122345,1,1,31,1.02999997138977,10.2999997138977
06,2020-06-03,52050040,12,En revisión,SANDONA [52050040],Pluviométrica,Convencional,Activa,Nariño,Sandoná,1.3223,-77.4792,20,9/15/1963,,Cudayari,Pacifico,Patía,Río Guáitara,2020,03,Andes,En revisión,12,12,0,10.3273897171021,10.3273897171021,11.434965133667,9.47152233123779,20.05637550354,3.93818187713623,4.62545442581177,5,5,0.789855062961578,0.967391312122345,1,1,31,1.02999997138977,12.3599996566772
06,2020-06-04,52050040,1,En revisión,SANDONA [52050040],Pluviométrica,Convencional,Activa,Nariño,Sandoná,1.3223,-77.4792,20,9/15/1963,,Cudayari,Pacifico,Patía,Río Guáitara,2020,04,Andes,En revisión,1,1,0,5.25132751464844,5.25132751464844,5.81451368331909,9.76289653778076,2.60530734062195,3.93818187713623,4.62545442581177,5,5,0.789855062961578,0.967391312122345,1,1,31,1.02999997138977,1.02999997138977
06,2021-06-02,52050040,,"",SANDONA [52050040],Pluviométrica,Convencional,Activa,Nariño,Sandoná,1.3223,-77.4792,20,9/15/1963,,Cudayari,Pacifico,Patía,Río Guáitara,2021,02,Andes,Preliminar,0,0,0,5.64809226989746,5.64809226989746,0,3.66247606277466,0.0784310549497604,3.93818187713623,4.62545442581177,5,5,0.789855062961578,0.967391312122345,1,1,31,1.02999997138977,0
06,2017-06-02,52050040,,"",SANDONA [52050040],Pluviométrica,Convencional,Activa,Nariño,Sandoná,1.3223,-77.4792,20,9/15/1963,,Cudayari,Pacifico,Patía,Río Guáitara,2017,02,Andes,Preliminar,0,0,0,0.847771346569061,0.847771346569061,0,0.154426485300064,0,3.93818187713623,4.62545442581177,5,5,0.789855062961578,0.967391312122345,1,1,31,1.02999997138977,0
06,2011-06-09,52050040,,"",SANDONA [52050040],Pluviométrica,Convencional,Activa,Nariño,Sandoná,1.3223,-77.4792,20,9/15/1963,,Cudayari,Pacifico,Patía,Río Guáitara,2011,09,Andes,Preliminar,0,0,0,1.87797343730927,1.87797343730927,0,0.073755644261837,0.405811697244644,3.93818187713623,4.62545442581177,5,5,0.789855062961578,0.967391312122345,1,1,32,1.02999997138977,0
06,2012-06-05,52050040,,"",SANDONA [52050040],Pluviométrica,Convencional,Activa,Nariño,Sandoná,1.3223,-77.4792,20,9/15/1963,,Cudayari,Pacifico,Patía,Río Guáitara,2012,05,Andes,Preliminar,0,0,0,1.68554246425629,1.68554246425629,5.56340217590332,0.441883355379105,1.24096345901489,3.93818187713623,4.62545442581177,5,5,0.789855062961578,0.967391312122345,1,1,31,1.02999997138977,0
06,2014-06-07,52050040,30,Definitivo,SANDONA [52050040],Pluviométrica,Convencional,Activa,Nariño,Sandoná,1.3223,-77.4792,20,9/15/1963,,Cudayari,Pacifico,Patía,Río Guáitara,2014,07,Andes,Definitivo,30,30,0,2.99628496170044,2.99628496170044,0,8.78318595886231,2.16265320777893,3.93818187713623,4.62545442581177,5,5,0.789855062961578,0.967391312122345,1,1,32,1.02999997138977,30.8999991416931
06,2016-06-08,52050040,1,Definitivo,SANDONA [52050040],Pluviométrica,Convencional,Activa,Nariño,Sandoná,1.3223,-77.4792,20,9/15/1963,,Cudayari,Pacifico,Patía,Río Guáitara,2016,08,Andes,Definitivo,1,1,0,8.35657215118408,8.35657215118408,31.8748073577881,2.64997529983521,14.898946762085,3.93818187713623,4.62545442581177,5,5,0.789855062961578,0.967391312122345,1,1,32,1.02999997138977,1.02999997138977
06,2001-06-15,52050040,,"",SANDONA [52050040],Pluviométrica,Convencional,Activa,Nariño,Sandoná,1.3223,-77.4792,20,9/15/1963,,Cudayari,Pacifico,Patía,Río Guáitara,2001,15,Andes,Preliminar,0,0,0,3.61118936538696,3.61118936538696,0,1.70405256748199,0.0761853456497192,3.93818187713623,4.62545442581177,5,5,0.789855062961578,0.967391312122345,1,1,33,1.02999997138977,0
06,2003-06-10,52050040,,"",SANDONA [52050040],Pluviométrica,Convencional,Activa,Nariño,Sandoná,1.3223,-77.4792,20,9/15/1963,,Cudayari,Pacifico,Patía,Río Guáitara,2003,10,Andes,Preliminar,0,0,0,2.22365307807922,2.22365307807922,0,0.198757663369179,0.00327134341932833,3.93818187713623,4.62545442581177,5,5,0.789855062961578,0.967391312122345,1,1,32,1.02999997138977,0
06,2016-06-12,52050040,,"",SANDONA [52050040],Pluviométrica,Convencional,Activa,Nariño,Sandoná,1.3223,-77.4792,20,9/15/1963,,Cudayari,Pacifico,Patía,Río Guáitara,2016,12,Andes,Preliminar,0,0,0,1.82595014572144,1.82595014572144,0,0.641419291496277,0,3.93818187713623,4.62545442581177,5,5,0.789855062961578,0.967391312122345,1,1,33,1.02999997138977,0
06,2017-06-10,52050040,2,Definitivo,SANDONA [52050040],Pluviométrica,Convencional,Activa,Nariño,Sandoná,1.3223,-77.4792,20,9/15/1963,,Cudayari,Pacifico,Patía,Río Guáitara,2017,10,Andes,Definitivo,2,2,0,1.68167161941528,1.68167161941528,0,2.8914749622345,1.67677354812622,3.93818187713623,4.62545442581177,5,5,0.789855062961578,0.967391312122345,1,1,32,1.02999997138977,2.05999994277954
06,2018-06-08,52050040,,"",SANDONA [52050040],Pluviométrica,Convencional,Activa,Nariño,Sandoná,1.3223,-77.4792,20,9/15/1963,,Cudayari,Pacifico,Patía,Río Guáitara,2018,08,Andes,Preliminar,0,0,0,0.978917419910431,0.978917419910431,0,0.136981680989265,0.591833174228668,3.93818187713623,4.62545442581177,5,5,0.789855062961578,0.967391312122345,1,1,32,1.02999997138977,0
06,2007-06-04,52050040,4,Definitivo,SANDONA [52050040],Pluviométrica,Convencional,Activa,Nariño,Sandoná,1.3223,-77.4792,20,9/15/1963,,Cudayari,Pacifico,Patía,Río Guáitara,2007,04,Andes,Definitivo,4,4,0,1.04551815986633,1.04551815986633,32.5443077087402,0.922507345676422,10.3493547439575,3.93818187713623,4.62545442581177,5,5,0.789855062961578,0.967391312122345,1,1,31,1.02999997138977,4.11999988555908
06,2007-06-05,52050040,5,Definitivo,SANDONA [52050040],Pluviométrica,Convencional,Activa,Nariño,Sandoná,1.3223,-77.4792,20,9/15/1963,,Cudayari,Pacifico,Patía,Río Guáitara,2007,05,Andes,Definitivo,5,5,0,1.82357823848724,1.82357823848724,0,5.29855012893677,0.388032555580139,3.93818187713623,4.62545442581177,5,5,0.789855062961578,0.967391312122345,1,1,31,1.02999997138977,5.14999985694885
06,2001-06-23,52050040,,"",SANDONA [52050040],Pluviométrica,Convencional,Activa,Nariño,Sandoná,1.3223,-77.4792,20,9/15/1963,,Cudayari,Pacifico,Patía,Río Guáitara,2001,23,Andes,Preliminar,0,0,0,0.60599011182785,0.60599011182785,0,0.0965080484747887,0.215377435088158,3.93818187713623,4.62545442581177,5,5,0.789855062961578,0.967391312122345,1,1,35,1.02999997138977,0
06,2001-06-22,52050040,,"",SANDONA [52050040],Pluviométrica,Convencional,Activa,Nariño,Sandoná,1.3223,-77.4792,20,9/15/1963,,Cudayari,Pacifico,Patía,Río Guáitara,2001,22,Andes,Preliminar,0,0,0,0.60599011182785,0.60599011182785,0,0.123893111944199,0.215377435088158,3.93818187713623,4.62545442581177,5,5,0.789855062961578,0.967391312122345,1,1,35,1.02999997138977,0
06,2012-06-04,52050040,,"",SANDONA [52050040],Pluviométrica,Convencional,Activa,Nariño,Sandoná,1.3223,-77.4792,20,9/15/1963,,Cudayari,Pacifico,Patía,Río Guáitara,2012,04,Andes,Preliminar,0,0,0,2.13787245750427,2.13787245750427,0,0.43593031167984,0,3.93818187713623,4.62545442581177,5,5,0.789855062961578,0.967391312122345,1,1,31,1.02999997138977,0
06,2010-06-04,52050040,,"",SANDONA [52050040],Pluviométrica,Convencional,Activa,Nariño,Sandoná,1.3223,-77.4792,20,9/15/1963,,Cudayari,Pacifico,Patía,Río Guáitara,2010,04,Andes,Preliminar,0,0,0,1.12863922119141,1.12863922119141,0,0.685292422771454,0.0138469012454152,3.93818187713623,4.62545442581177,5,5,0.789855062961578,0.967391312122345,1,1,31,1.02999997138977,0
06,2010-06-05,52050040,,"",SANDONA [52050040],Pluviométrica,Convencional,Activa,Nariño,Sandoná,1.3223,-77.4792,20,9/15/1963,,Cudayari,Pacifico,Patía,Río Guáitara,2010,05,Andes,Preliminar,0,0,0,0.0134361814707518,0.0134361814707518,0,0.204818114638329,0.245782479643822,3.93818187713623,4.62545442581177,5,5,0.789855062961578,0.967391312122345,1,1,31,1.02999997138977,0
06,2001-06-20,52050040,,"",SANDONA [52050040],Pluviométrica,Convencional,Activa,Nariño,Sandoná,1.3223,-77.4792,20,9/15/1963,,Cudayari,Pacifico,Patía,Río Guáitara,2001,20,Andes,Preliminar,0,0,0,0,0,0,1.49122095108032,0.249661281704903,3.93818187713623,4.62545442581177,5,5,0.789855062961578,0.967391312122345,1,1,34,1.02999997138977,0
06,2016-06-09,52050040,,"",SANDONA [52050040],Pluviométrica,Convencional,Activa,Nariño,Sandoná,1.3223,-77.4792,20,9/15/1963,,Cudayari,Pacifico,Patía,Río Guáitara,2016,09,Andes,Preliminar,0,0,0,2.25395774841309,2.25395774841309,0,2.39039731025696,0.068752609193325,3.93818187713623,4.62545442581177,5,5,0.789855062961578,0.967391312122345,1,1,32,1.02999997138977,0
06,2015-06-14,52050040,,"",SANDONA [52050040],Pluviométrica,Convencional,Activa,Nariño,Sandoná,1.3223,-77.4792,20,9/15/1963,,Cudayari,Pacifico,Patía,Río Guáitara,2015,14,Andes,Preliminar,0,0,0,1.04733848571777,1.04733848571777,0,0.274936020374298,0.2269426882267,3.93818187713623,4.62545442581177,5,5,0.789855062961578,0.967391312122345,1,1,33,1.02999997138977,0
06,2002-06-09,52050040,,"",SANDONA [52050040],Pluviométrica,Convencional,Activa,Nariño,Sandoná,1.3223,-77.4792,20,9/15/1963,,Cudayari,Pacifico,Patía,Río Guáitara,2002,09,Andes,Preliminar,0,0,0,2.61435127258301,2.61435127258301,44.0775871276855,2.34800839424133,26.1052646636963,3.93818187713623,4.62545442581177,5,5,0.789855062961578,0.967391312122345,1,1,32,1.02999997138977,0
06,2001-06-08,52050040,,"",SANDONA [52050040],Pluviométrica,Convencional,Activa,Nariño,Sandoná,1.3223,-77.4792,20,9/15/1963,,Cudayari,Pacifico,Patía,Río Guáitara,2001,08,Andes,Preliminar,0,0,0,0.894559979438782,0.894559979438782,0,0.154480129480362,0.086724154651165,3.93818187713623,4.62545442581177,5,5,0.789855062961578,0.967391312122345,1,1,32,1.02999997138977,0
06,2001-06-05,52050040,5,Definitivo,SANDONA [52050040],Pluviométrica,Convencional,Activa,Nariño,Sandoná,1.3223,-77.4792,20,9/15/1963,,Cudayari,Pacifico,Patía,Río Guáitara,2001,05,Andes,Definitivo,5,5,0,1.74733650684357,1.74733650684357,0,1.2512412071228,1.1355015039444,3.93818187713623,4.62545442581177,5,5,0.789855062961578,0.967391312122345,1,1,31,1.02999997138977,5.14999985694885
06,2019-06-06,52050040,,"",SANDONA [52050040],Pluviométrica,Convencional,Activa,Nariño,Sandoná,1.3223,-77.4792,20,9/15/1963,,Cudayari,Pacifico,Patía,Río Guáitara,2019,06,Andes,Preliminar,0,0,0,2.10890293121338,2.10890293121338,0,0.122965566813946,0,3.93818187713623,4.62545442581177,5,5,0.789855062961578,0.967391312122345,1,1,32,1.02999997138977,0
06,2018-06-03,52050040,,"",SANDONA [52050040],Pluviométrica,Convencional,Activa,Nariño,Sandoná,1.3223,-77.4792,20,9/15/1963,,Cudayari,Pacifico,Patía,Río Guáitara,2018,03,Andes,Preliminar,0,0,0,7.7658257484436,7.7658257484436,15.2756567001343,0.858128130435944,0,3.93818187713623,4.62545442581177,5,5,0.789855062961578,0.967391312122345,1,1,31,1.02999997138977,0
06,2012-06-03,52050040,,"",SANDONA [52050040],Pluviométrica,Convencional,Activa,Nariño,Sandoná,1.3223,-77.4792,20,9/15/1963,,Cudayari,Pacifico,Patía,Río Guáitara,2012,03,Andes,Preliminar,0,0,0,2.48649096488953,2.48649096488953,0,1.20592725276947,2.01763534545898,3.93818187713623,4.62545442581177,5,5,0.789855062961578,0.967391312122345,1,1,31,1.02999997138977,0
06,2011-06-08,52050040,,"",SANDONA [52050040],Pluviométrica,Convencional,Activa,Nariño,Sandoná,1.3223,-77.4792,20,9/15/1963,,Cudayari,Pacifico,Patía,Río Guáitara,2011,08,Andes,Preliminar,0,0,0,1.60194110870361,1.60194110870361,0,0.116029001772404,0,3.93818187713623,4.62545442581177,5,5,0.789855062961578,0.967391312122345,1,1,32,1.02999997138977,0
06,2017-06-01,52050040,1,Definitivo,SANDONA [52050040],Pluviométrica,Convencional,Activa,Nariño,Sandoná,1.3223,-77.4792,20,9/15/1963,,Cudayari,Pacifico,Patía,Río Guáitara,2017,01,Andes,Definitivo,1,1,0,0.630179107189179,0.630179107189179,0,0.187296852469444,0.171014368534088,3.93818187713623,4.62545442581177,5,5,0.789855062961578,0.967391312122345,1,1,31,1.02999997138977,1.02999997138977
06,2006-06-02,52050040,3,Definitivo,SANDONA [52050040],Pluviométrica,Convencional,Activa,Nariño,Sandoná,1.3223,-77.4792,20,9/15/1963,,Cudayari,Pacifico,Patía,Río Guáitara,2006,02,Andes,Definitivo,3,3,0,0.28118884563446,0.28118884563446,0,4.97853136062622,2.07546234130859,3.93818187713623,4.62545442581177,5,5,0.789855062961578,0.967391312122345,1,1,31,1.02999997138977,3.08999991416931
06,2008-06-03,52050040,,"",SANDONA [52050040],Pluviométrica,Convencional,Activa,Nariño,Sandoná,1.3223,-77.4792,20,9/15/1963,,Cudayari,Pacifico,Patía,Río Guáitara,2008,03,Andes,Preliminar,0,0,0,0.326404005289078,0.326404005289078,0,0.845057606697083,0.143505528569222,3.93818187713623,4.62545442581177,5,5,0.789855062961578,0.967391312122345,1,1,31,1.02999997138977,0
06,2015-06-04,52050040,1,Definitivo,SANDONA [52050040],Pluviométrica,Convencional,Activa,Nariño,Sandoná,1.3223,-77.4792,20,9/15/1963,,Cudayari,Pacifico,Patía,Río Guáitara,2015,04,Andes,Definitivo,1,1,0,4.52327489852905,4.52327489852905,9.35883712768555,1.01416850090027,0.950307190418243,3.93818187713623,4.62545442581177,5,5,0.789855062961578,0.967391312122345,1,1,31,1.02999997138977,1.02999997138977
06,2001-06-17,52050040,,"",SANDONA [52050040],Pluviométrica,Convencional,Activa,Nariño,Sandoná,1.3223,-77.4792,20,9/15/1963,,Cudayari,Pacifico,Patía,Río Guáitara,2001,17,Andes,Preliminar,0,0,0,3.12223887443543,3.12223887443543,0,4.4324836730957,0.158236026763916,3.93818187713623,4.62545442581177,5,5,0.789855062961578,0.967391312122345,1,1,34,1.02999997138977,0
06,2003-06-15,52050040,12,Definitivo,SANDONA [52050040],Pluviométrica,Convencional,Activa,Nariño,Sandoná,1.3223,-77.4792,20,9/15/1963,,Cudayari,Pacifico,Patía,Río Guáitara,2003,15,Andes,Definitivo,12,12,0,3.16280341148376,3.16280341148376,0,4.50131607055664,0.992194175720215,3.93818187713623,4.62545442581177,5,5,0.789855062961578,0.967391312122345,1,1,33,1.02999997138977,12.3599996566772
06,2015-06-15,52050040,,"",SANDONA [52050040],Pluviométrica,Convencional,Activa,Nariño,Sandoná,1.3223,-77.4792,20,9/15/1963,,Cudayari,Pacifico,Patía,Río Guáitara,2015,15,Andes,Preliminar,0,0,0,0.890229344367981,0.890229344367981,0,0.415394157171249,0.283678352832794,3.93818187713623,4.62545442581177,5,5,0.789855062961578,0.967391312122345,1,1,33,1.02999997138977,0
06,2017-06-09,52050040,,"",SANDONA [52050040],Pluviométrica,Convencional,Activa,Nariño,Sandoná,1.3223,-77.4792,20,9/15/1963,,Cudayari,Pacifico,Patía,Río Guáitara,2017,09,Andes,Preliminar,0,0,0,4.85093259811401,4.85093259811401,0,2.00621867179871,0,3.93818187713623,4.62545442581177,5,5,0.789855062961578,0.967391312122345,1,1,32,1.02999997138977,0
06,2018-06-07,52050040,,"",SANDONA [52050040],Pluviométrica,Convencional,Activa,Nariño,Sandoná,1.3223,-77.4792,20,9/15/1963,,Cudayari,Pacifico,Patía,Río Guáitara,2018,07,Andes,Preliminar,0,0,0,0.903838932514191,0.903838932514191,0,0.0812419354915619,1.95085763931274,3.93818187713623,4.62545442581177,5,5,0.789855062961578,0.967391312122345,1,1,32,1.02999997138977,0
06,2002-06-05,52050040,15,Definitivo,SANDONA [52050040],Pluviométrica,Convencional,Activa,Nariño,Sandoná,1.3223,-77.4792,20,9/15/1963,,Cudayari,Pacifico,Patía,Río Guáitara,2002,05,Andes,Definitivo,15,15,0,2.38398289680481,2.38398289680481,0,5.58032560348511,1.28290629386902,3.93818187713623,4.62545442581177,5,5,0.789855062961578,0.967391312122345,1,1,31,1.02999997138977,15.4499995708466
06,2002-06-06,52050040,38,Definitivo,SANDONA [52050040],Pluviométrica,Convencional,Activa,Nariño,Sandoná,1.3223,-77.4792,20,9/15/1963,,Cudayari,Pacifico,Patía,Río Guáitara,2002,06,Andes,Definitivo,38,38,0,11.6040515899658,11.6040515899658,0,17.045877456665,3.08091688156128,3.93818187713623,4.62545442581177,5,5,0.789855062961578,0.967391312122345,1,1,32,1.02999997138977,39.1399989128113
06,2021-06-01,52050040,,"",SANDONA [52050040],Pluviométrica,Convencional,Activa,Nariño,Sandoná,1.3223,-77.4792,20,9/15/1963,,Cudayari,Pacifico,Patía,Río Guáitara,2021,01,Andes,Preliminar,0,0,0,16.0562438964844,16.0562438964844,17.3754959106445,4.06857681274414,3.60782861709595,3.93818187713623,4.62545442581177,5,5,0.789855062961578,0.967391312122345,1,1,31,1.02999997138977,0
06,2019-06-02,52050040,3,Definitivo,SANDONA [52050040],Pluviométrica,Convencional,Activa,Nariño,Sandoná,1.3223,-77.4792,20,9/15/1963,,Cudayari,Pacifico,Patía,Río Guáitara,2019,02,Andes,Definitivo,3,3,0,3.4520263671875,3.4520263671875,13.1185083389282,0.86687171459198,1.12128937244415,3.93818187713623,4.62545442581177,5,5,0.789855062961578,0.967391312122345,1,1,31,1.02999997138977,3.08999991416931
06,2005-06-05,52050040,0.5,Definitivo,SANDONA [52050040],Pluviométrica,Convencional,Activa,Nariño,Sandoná,1.3223,-77.4792,20,9/15/1963,,Cudayari,Pacifico,Patía,Río Guáitara,2005,05,Andes,Definitivo,0.5,0.5,0,0.432836711406708,0.432836711406708,0,2.98310208320618,0,3.93818187713623,4.62545442581177,5,5,0.789855062961578,0.967391312122345,1,1,31,1.02999997138977,0.514999985694885
06,2001-06-01,52050040,,"",SANDONA [52050040],Pluviométrica,Convencional,Activa,Nariño,Sandoná,1.3223,-77.4792,20,9/15/1963,,Cudayari,Pacifico,Patía,Río Guáitara,2001,01,Andes,Preliminar,0,0,0,0.218417063355446,0.218417063355446,8.61651706695557,1.75017333030701,3.60793542861939,3.93818187713623,4.62545442581177,5,5,0.789855062961578,0.967391312122345,1,1,31,1.02999997138977,0
06,2004-06-01,52050040,,"",SANDONA [52050040],Pluviométrica,Convencional,Activa,Nariño,Sandoná,1.3223,-77.4792,20,9/15/1963,,Cudayari,Pacifico,Patía,Río Guáitara,2004,01,Andes,Preliminar,0,0,0,0.195800378918648,0.195800378918648,0,0.255662530660629,0.0800249576568604,3.93818187713623,4.62545442581177,5,5,0.789855062961578,0.967391312122345,1,1,31,1.02999997138977,0
06,2008-06-04,52050040,1,Definitivo,SANDONA [52050040],Pluviométrica,Convencional,Activa,Nariño,Sandoná,1.3223,-77.4792,20,9/15/1963,,Cudayari,Pacifico,Patía,Río Guáitara,2008,04,Andes,Definitivo,1,1,0,0.68907505273819,0.68907505273819,0,1.53191792964935,0.0817316025495529,3.93818187713623,4.62545442581177,5,5,0.789855062961578,0.967391312122345,1,1,31,1.02999997138977,1.02999997138977
06,2014-06-08,52050040,,"",SANDONA [52050040],Pluviométrica,Convencional,Activa,Nariño,Sandoná,1.3223,-77.4792,20,9/15/1963,,Cudayari,Pacifico,Patía,Río Guáitara,2014,08,Andes,Preliminar,0,0,0,2.23701500892639,2.23701500892639,0,7.86991930007935,11.4538736343384,3.93818187713623,4.62545442581177,5,5,0.789855062961578,0.967391312122345,1,1,32,1.02999997138977,0
06,2017-06-06,52050040,,"",SANDONA [52050040],Pluviométrica,Convencional,Activa,Nariño,Sandoná,1.3223,-77.4792,20,9/15/1963,,Cudayari,Pacifico,Patía,Río Guáitara,2017,06,Andes,Preliminar,0,0,0,0.684171438217163,0.684171438217163,0,0.551247835159302,0,3.93818187713623,4.62545442581177,5,5,0.789855062961578,0.967391312122345,1,1,32,1.02999997138977,0
06,2001-06-13,52050040,,"",SANDONA [52050040],Pluviométrica,Convencional,Activa,Nariño,Sandoná,1.3223,-77.4792,20,9/15/1963,,Cudayari,Pacifico,Patía,Río Guáitara,2001,13,Andes,Preliminar,0,0,0,2.36984300613403,2.36984300613403,15.7227907180786,2.6705756187439,1.25705814361572,3.93818187713623,4.62545442581177,5,5,0.789855062961578,0.967391312122345,1,1,33,1.02999997138977,0
06,2001-06-10,52050040,4,Definitivo,SANDONA [52050040],Pluviométrica,Convencional,Activa,Nariño,Sandoná,1.3223,-77.4792,20,9/15/1963,,Cudayari,Pacifico,Patía,Río Guáitara,2001,10,Andes,Definitivo,4,4,0,1.78911995887756,1.78911995887756,0,0.404749929904938,0.221249043941498,3.93818187713623,4.62545442581177,5,5,0.789855062961578,0.967391312122345,1,1,32,1.02999997138977,4.11999988555908
06,2003-06-07,52050040,,"",SANDONA [52050040],Pluviométrica,Convencional,Activa,Nariño,Sandoná,1.3223,-77.4792,20,9/15/1963,,Cudayari,Pacifico,Patía,Río Guáitara,2003,07,Andes,Preliminar,0,0,0,2.25839781761169,2.25839781761169,0,0.44231054186821,0.477616101503372,3.93818187713623,4.62545442581177,5,5,0.789855062961578,0.967391312122345,1,1,32,1.02999997138977,0
06,2019-06-05,52050040,,"",SANDONA [52050040],Pluviométrica,Convencional,Activa,Nariño,Sandoná,1.3223,-77.4792,20,9/15/1963,,Cudayari,Pacifico,Patía,Río Guáitara,2019,05,Andes,Preliminar,0,0,0,6.60352087020874,6.60352087020874,0,5.40203666687012,6.56283950805664,3.93818187713623,4.62545442581177,5,5,0.789855062961578,0.967391312122345,1,1,31,1.02999997138977,0
06,2017-06-05,52050040,,"",SANDONA [52050040],Pluviométrica,Convencional,Activa,Nariño,Sandoná,1.3223,-77.4792,20,9/15/1963,,Cudayari,Pacifico,Patía,Río Guáitara,2017,05,Andes,Preliminar,0,0,0,0.883196830749512,0.883196830749512,0,0.102199502289295,0.0233201384544373,3.93818187713623,4.62545442581177,5,5,0.789855062961578,0.967391312122345,1,1,31,1.02999997138977,0
06,2005-06-04,52050040,1.5,Definitivo,SANDONA [52050040],Pluviométrica,Convencional,Activa,Nariño,Sandoná,1.3223,-77.4792,20,9/15/1963,,Cudayari,Pacifico,Patía,Río Guáitara,2005,04,Andes,Definitivo,1.5,1.5,0,1.55312013626099,1.55312013626099,0,1.10950720310211,9.82154846191406,3.93818187713623,4.62545442581177,5,5,0.789855062961578,0.967391312122345,1,1,31,1.02999997138977,1.54499995708466
06,2007-06-06,52050040,6,Definitivo,SANDONA [52050040],Pluviométrica,Convencional,Activa,Nariño,Sandoná,1.3223,-77.4792,20,9/15/1963,,Cudayari,Pacifico,Patía,Río Guáitara,2007,06,Andes,Definitivo,6,6,0,2.73921203613281,2.73921203613281,0,2.64487862586975,4.39523029327393,3.93818187713623,4.62545442581177,5,5,0.789855062961578,0.967391312122345,1,1,32,1.02999997138977,6.17999982833862
06,2014-06-03,52050040,3,Definitivo,SANDONA [52050040],Pluviométrica,Convencional,Activa,Nariño,Sandoná,1.3223,-77.4792,20,9/15/1963,,Cudayari,Pacifico,Patía,Río Guáitara,2014,03,Andes,Definitivo,3,3,0,2.07411313056946,2.07411313056946,0,5.22564363479614,3.0710723400116,3.93818187713623,4.62545442581177,5,5,0.789855062961578,0.967391312122345,1,1,31,1.02999997138977,3.08999991416931
06,2008-06-02,52050040,7,Definitivo,SANDONA [52050040],Pluviométrica,Convencional,Activa,Nariño,Sandoná,1.3223,-77.4792,20,9/15/1963,,Cudayari,Pacifico,Patía,Río Guáitara,2008,02,Andes,Definitivo,7,7,0,8.59530544281006,8.59530544281006,0,2.45058846473694,5.17380142211914,3.93818187713623,4.62545442581177,5,5,0.789855062961578,0.967391312122345,1,1,31,1.02999997138977,7.20999979972839
06,2016-06-10,52050040,1,Definitivo,SANDONA [52050040],Pluviométrica,Convencional,Activa,Nariño,Sandoná,1.3223,-77.4792,20,9/15/1963,,Cudayari,Pacifico,Patía,Río Guáitara,2016,10,Andes,Definitivo,1,1,0,3.13666033744812,3.13666033744812,0,1.59187543392181,0,3.93818187713623,4.62545442581177,5,5,0.789855062961578,0.967391312122345,1,1,32,1.02999997138977,1.02999997138977
06,2006-06-03,52050040,,"",SANDONA [52050040],Pluviométrica,Convencional,Activa,Nariño,Sandoná,1.3223,-77.4792,20,9/15/1963,,Cudayari,Pacifico,Patía,Río Guáitara,2006,03,Andes,Preliminar,1,1,0,7.34215307235718,7.34215307235718,0,7.72607326507568,5.88786554336548,3.93818187713623,4.62545442581177,5,5,0.789855062961578,0.967391312122345,1,1,31,1.02999997138977,1.02999997138977
06,2010-06-06,52050040,,"",SANDONA [52050040],Pluviométrica,Convencional,Activa,Nariño,Sandoná,1.3223,-77.4792,20,9/15/1963,,Cudayari,Pacifico,Patía,Río Guáitara,2010,06,Andes,Preliminar,0,0,0,0.0773875564336777,0.0773875564336777,0,0.0513159967958927,0.0106430063024163,3.93818187713623,4.62545442581177,5,5,0.789855062961578,0.967391312122345,1,1,32,1.02999997138977,0
06,2015-06-05,52050040,,"",SANDONA [52050040],Pluviométrica,Convencional,Activa,Nariño,Sandoná,1.3223,-77.4792,20,9/15/1963,,Cudayari,Pacifico,Patía,Río Guáitara,2015,05,Andes,Preliminar,0,0,0,1.69236826896667,1.69236826896667,0,3.83899259567261,4.28486728668213,3.93818187713623,4.62545442581177,5,5,0.789855062961578,0.967391312122345,1,1,31,1.02999997138977,0
06,2003-06-02,52050040,10,Definitivo,SANDONA [52050040],Pluviométrica,Convencional,Activa,Nariño,Sandoná,1.3223,-77.4792,20,9/15/1963,,Cudayari,Pacifico,Patía,Río Guáitara,2003,02,Andes,Definitivo,10,10,0,0.712831377983093,0.712831377983093,0,7.59063386917114,7.28354692459106,3.93818187713623,4.62545442581177,5,5,0.789855062961578,0.967391312122345,1,1,31,1.02999997138977,10.2999997138977
06,2016-06-11,52050040,1,Definitivo,SANDONA [52050040],Pluviométrica,Convencional,Activa,Nariño,Sandoná,1.3223,-77.4792,20,9/15/1963,,Cudayari,Pacifico,Patía,Río Guáitara,2016,11,Andes,Definitivo,1,1,0,0.881074726581574,0.881074726581574,0,0.3182013630867,2.55168128013611,3.93818187713623,4.62545442581177,5,5,0.789855062961578,0.967391312122345,1,1,33,1.02999997138977,1.02999997138977
06,2018-06-06,52050040,,"",SANDONA [52050040],Pluviométrica,Convencional,Activa,Nariño,Sandoná,1.3223,-77.4792,20,9/15/1963,,Cudayari,Pacifico,Patía,Río Guáitara,2018,06,Andes,Preliminar,0,0,0,0.939428091049194,0.939428091049194,0,0.387561798095703,0,3.93818187713623,4.62545442581177,5,5,0.789855062961578,0.967391312122345,1,1,32,1.02999997138977,0
06,2001-06-07,52050040,,"",SANDONA [52050040],Pluviométrica,Convencional,Activa,Nariño,Sandoná,1.3223,-77.4792,20,9/15/1963,,Cudayari,Pacifico,Patía,Río Guáitara,2001,07,Andes,Preliminar,0,0,0,2.56440544128418,2.56440544128418,0,0.161316007375717,0.672965884208679,3.93818187713623,4.62545442581177,5,5,0.789855062961578,0.967391312122345,1,1,32,1.02999997138977,0
06,2008-06-05,52050040,,"",SANDONA [52050040],Pluviométrica,Convencional,Activa,Nariño,Sandoná,1.3223,-77.4792,20,9/15/1963,,Cudayari,Pacifico,Patía,Río Guáitara,2008,05,Andes,Preliminar,0,0,0,0.834143579006195,0.834143579006195,7.92888832092285,1.19876182079315,0.0807812511920929,3.93818187713623,4.62545442581177,5,5,0.789855062961578,0.967391312122345,1,1,31,1.02999997138977,0
06,2016-06-02,52050040,3,Definitivo,SANDONA [52050040],Pluviométrica,Convencional,Activa,Nariño,Sandoná,1.3223,-77.4792,20,9/15/1963,,Cudayari,Pacifico,Patía,Río Guáitara,2016,02,Andes,Definitivo,3,3,0,2.18473482131958,2.18473482131958,0,5.86414289474487,2.06282734870911,3.93818187713623,4.62545442581177,5,5,0.789855062961578,0.967391312122345,1,1,31,1.02999997138977,3.08999991416931
06,2019-06-01,52050040,17,Definitivo,SANDONA [52050040],Pluviométrica,Convencional,Activa,Nariño,Sandoná,1.3223,-77.4792,20,9/15/1963,,Cudayari,Pacifico,Patía,Río Guáitara,2019,01,Andes,Definitivo,17,17,0,5.01207733154297,5.01207733154297,0,8.03782367706299,0.305056601762772,3.93818187713623,4.62545442581177,5,5,0.789855062961578,0.967391312122345,1,1,31,1.02999997138977,17.5099995136261
06,2001-06-03,52050040,,"",SANDONA [52050040],Pluviométrica,Convencional,Activa,Nariño,Sandoná,1.3223,-77.4792,20,9/15/1963,,Cudayari,Pacifico,Patía,Río Guáitara,2001,03,Andes,Preliminar,0,0,0,5.02359199523926,5.02359199523926,0,6.05817461013794,0.846723973751068,3.93818187713623,4.62545442581177,5,5,0.789855062961578,0.967391312122345,1,1,31,1.02999997138977,0
06,2019-06-04,52050040,,"",SANDONA [52050040],Pluviométrica,Convencional,Activa,Nariño,Sandoná,1.3223,-77.4792,20,9/15/1963,,Cudayari,Pacifico,Patía,Río Guáitara,2019,04,Andes,Preliminar,0,0,0,2.6643807888031,2.6643807888031,0,0.912059307098389,2.39922952651978,3.93818187713623,4.62545442581177,5,5,0.789855062961578,0.967391312122345,1,1,31,1.02999997138977,0
06,2015-06-06,52050040,,"",SANDONA [52050040],Pluviométrica,Convencional,Activa,Nariño,Sandoná,1.3223,-77.4792,20,9/15/1963,,Cudayari,Pacifico,Patía,Río Guáitara,2015,06,Andes,Preliminar,0,0,0,1.51206731796265,1.51206731796265,0,1.47751927375793,0.167660355567932,3.93818187713623,4.62545442581177,5,5,0.789855062961578,0.967391312122345,1,1,32,1.02999997138977,0
06,2002-06-01,52050040,7,Definitivo,SANDONA [52050040],Pluviométrica,Convencional,Activa,Nariño,Sandoná,1.3223,-77.4792,20,9/15/1963,,Cudayari,Pacifico,Patía,Río Guáitara,2002,01,Andes,Definitivo,7,7,0,2.82546162605286,2.82546162605286,0,4.8157901763916,11.7428693771362,3.93818187713623,4.62545442581177,5,5,0.789855062961578,0.967391312122345,1,1,31,1.02999997138977,7.20999979972839
06,2009-06-01,52050040,,"",SANDONA [52050040],Pluviométrica,Convencional,Activa,Nariño,Sandoná,1.3223,-77.4792,20,9/15/1963,,Cudayari,Pacifico,Patía,Río Guáitara,2009,01,Andes,Preliminar,0,0,0,0.639903008937836,0.639903008937836,0,0.112076885998249,0.287854820489883,3.93818187713623,4.62545442581177,5,5,0.789855062961578,0.967391312122345,1,1,31,1.02999997138977,0
06,2003-06-01,52050040,6,Definitivo,SANDONA [52050040],Pluviométrica,Convencional,Activa,Nariño,Sandoná,1.3223,-77.4792,20,9/15/1963,,Cudayari,Pacifico,Patía,Río Guáitara,2003,01,Andes,Definitivo,6,6,0,3.81281924247742,3.81281924247742,0,7.16700792312622,1.88534283638001,3.93818187713623,4.62545442581177,5,5,0.789855062961578,0.967391312122345,1,1,31,1.02999997138977,6.17999982833862
06,2017-06-04,52050040,,"",SANDONA [52050040],Pluviométrica,Convencional,Activa,Nariño,Sandoná,1.3223,-77.4792,20,9/15/1963,,Cudayari,Pacifico,Patía,Río Guáitara,2017,04,Andes,Preliminar,0,0,0,3.68027877807617,3.68027877807617,0,0.207280576229095,0.756608903408051,3.93818187713623,4.62545442581177,5,5,0.789855062961578,0.967391312122345,1,1,31,1.02999997138977,0
06,2003-06-12,52050040,6,Definitivo,SANDONA [52050040],Pluviométrica,Convencional,Activa,Nariño,Sandoná,1.3223,-77.4792,20,9/15/1963,,Cudayari,Pacifico,Patía,Río Guáitara,2003,12,Andes,Definitivo,6,6,0,1.71318519115448,1.71318519115448,16.6489429473877,8.15695667266846,5.03184223175049,3.93818187713623,4.62545442581177,5,5,0.789855062961578,0.967391312122345,1,1,33,1.02999997138977,6.17999982833862
06,2001-06-12,52050040,2,Definitivo,SANDONA [52050040],Pluviométrica,Convencional,Activa,Nariño,Sandoná,1.3223,-77.4792,20,9/15/1963,,Cudayari,Pacifico,Patía,Río Guáitara,2001,12,Andes,Definitivo,2,2,0,9.36652183532715,9.36652183532715,0,2.69937777519226,1.9236798286438,3.93818187713623,4.62545442581177,5,5,0.789855062961578,0.967391312122345,1,1,33,1.02999997138977,2.05999994277954
06,2004-06-02,52050040,,"",SANDONA [52050040],Pluviométrica,Convencional,Activa,Nariño,Sandoná,1.3223,-77.4792,20,9/15/1963,,Cudayari,Pacifico,Patía,Río Guáitara,2004,02,Andes,Preliminar,0,0,0,1.04426860809326,1.04426860809326,0,0.28363049030304,0.0937435254454613,3.93818187713623,4.62545442581177,5,5,0.789855062961578,0.967391312122345,1,1,31,1.02999997138977,0
06,2007-06-01,52050040,10,Definitivo,SANDONA [52050040],Pluviométrica,Convencional,Activa,Nariño,Sandoná,1.3223,-77.4792,20,9/15/1963,,Cudayari,Pacifico,Patía,Río Guáitara,2007,01,Andes,Definitivo,10,10,0,2.56516671180725,2.56516671180725,0,5.44650459289551,0.180353134870529,3.93818187713623,4.62545442581177,5,5,0.789855062961578,0.967391312122345,1,1,31,1.02999997138977,10.2999997138977
06,2003-06-03,52050040,,"",SANDONA [52050040],Pluviométrica,Convencional,Activa,Nariño,Sandoná,1.3223,-77.4792,20,9/15/1963,,Cudayari,Pacifico,Patía,Río Guáitara,2003,03,Andes,Preliminar,4,4,0,0.64652144908905,0.64652144908905,0,5.34626722335815,3.25503659248352,3.93818187713623,4.62545442581177,5,5,0.789855062961578,0.967391312122345,1,1,31,1.02999997138977,4.11999988555908
06,2006-06-01,52050040,3,Definitivo,SANDONA [52050040],Pluviométrica,Convencional,Activa,Nariño,Sandoná,1.3223,-77.4792,20,9/15/1963,,Cudayari,Pacifico,Patía,Río Guáitara,2006,01,Andes,Definitivo,3,3,0,2.56194281578064,2.56194281578064,45.572078704834,9.16921806335449,9.46048164367676,3.93818187713623,4.62545442581177,5,5,0.789855062961578,0.967391312122345,1,1,31,1.02999997138977,3.08999991416931
06,2017-06-08,52050040,13,Definitivo,SANDONA [52050040],Pluviométrica,Convencional,Activa,Nariño,Sandoná,1.3223,-77.4792,20,9/15/1963,,Cudayari,Pacifico,Patía,Río Guáitara,2017,08,Andes,Definitivo,13,13,0,7.31436538696289,7.31436538696289,30.9076118469238,12.3548069000244,13.279953956604,3.93818187713623,4.62545442581177,5,5,0.789855062961578,0.967391312122345,1,1,32,1.02999997138977,13.389999628067
06,2001-06-09,52050040,,"",SANDONA [52050040],Pluviométrica,Convencional,Activa,Nariño,Sandoná,1.3223,-77.4792,20,9/15/1963,,Cudayari,Pacifico,Patía,Río Guáitara,2001,09,Andes,Preliminar,0,0,0,0.3578240275383,0.3578240275383,0,0.331128627061844,0.243100792169571,3.93818187713623,4.62545442581177,5,5,0.789855062961578,0.967391312122345,1,1,32,1.02999997138977,0
06,2013-06-04,52050040,,"",SANDONA [52050040],Pluviométrica,Convencional,Activa,Nariño,Sandoná,1.3223,-77.4792,20,9/15/1963,,Cudayari,Pacifico,Patía,Río Guáitara,2013,04,Andes,Preliminar,0,0,0,0.915599405765533,0.915599405765533,0,0.168848633766174,0,3.93818187713623,4.62545442581177,5,5,0.789855062961578,0.967391312122345,1,1,31,1.02999997138977,0
06,2017-06-07,52050040,20,Definitivo,SANDONA [52050040],Pluviométrica,Convencional,Activa,Nariño,Sandoná,1.3223,-77.4792,20,9/15/1963,,Cudayari,Pacifico,Patía,Río Guáitara,2017,07,Andes,Definitivo,20,20,0,1.58354330062866,1.58354330062866,0,5.88539028167725,8.73241138458252,3.93818187713623,4.62545442581177,5,5,0.789855062961578,0.967391312122345,1,1,32,1.02999997138977,20.5999994277954
06,2014-06-02,52050040,6,Definitivo,SANDONA [52050040],Pluviométrica,Convencional,Activa,Nariño,Sandoná,1.3223,-77.4792,20,9/15/1963,,Cudayari,Pacifico,Patía,Río Guáitara,2014,02,Andes,Definitivo,6,6,0,3.09435677528381,3.09435677528381,0,6.13696002960205,7.31152439117432,3.93818187713623,4.62545442581177,5,5,0.789855062961578,0.967391312122345,1,1,31,1.02999997138977,6.17999982833862
06,2014-06-01,52050040,5,Definitivo,SANDONA [52050040],Pluviométrica,Convencional,Activa,Nariño,Sandoná,1.3223,-77.4792,20,9/15/1963,,Cudayari,Pacifico,Patía,Río Guáitara,2014,01,Andes,Definitivo,5,5,0,5.28808259963989,5.28808259963989,0,3.55740594863892,7.10694169998169,3.93818187713623,4.62545442581177,5,5,0.789855062961578,0.967391312122345,1,1,31,1.02999997138977,5.14999985694885
06,2001-06-06,52050040,1,Definitivo,SANDONA [52050040],Pluviométrica,Convencional,Activa,Nariño,Sandoná,1.3223,-77.4792,20,9/15/1963,,Cudayari,Pacifico,Patía,Río Guáitara,2001,06,Andes,Definitivo,1,1,0,2.08730673789978,2.08730673789978,0,0.21265435218811,0.0402891747653484,3.93818187713623,4.62545442581177,5,5,0.789855062961578,0.967391312122345,1,1,32,1.02999997138977,1.02999997138977
06,2018-06-02,52050040,2,Definitivo,SANDONA [52050040],Pluviométrica,Convencional,Activa,Nariño,Sandoná,1.3223,-77.4792,20,9/15/1963,,Cudayari,Pacifico,Patía,Río Guáitara,2018,02,Andes,Definitivo,2,2,0,4.04349327087402,4.04349327087402,7.95369625091553,0.727176070213318,8.81554222106934,3.93818187713623,4.62545442581177,5,5,0.789855062961578,0.967391312122345,1,1,31,1.02999997138977,2.05999994277954
06,2013-06-05,52050040,,"",SANDONA [52050040],Pluviométrica,Convencional,Activa,Nariño,Sandoná,1.3223,-77.4792,20,9/15/1963,,Cudayari,Pacifico,Patía,Río Guáitara,2013,05,Andes,Preliminar,0,0,0,0.802064120769501,0.802064120769501,0,0.159722253680229,0.032709825783968,3.93818187713623,4.62545442581177,5,5,0.789855062961578,0.967391312122345,1,1,31,1.02999997138977,0
06,2018-06-04,52050040,,"",SANDONA [52050040],Pluviométrica,Convencional,Activa,Nariño,Sandoná,1.3223,-77.4792,20,9/15/1963,,Cudayari,Pacifico,Patía,Río Guáitara,2018,04,Andes,Preliminar,0,0,0,3.62286472320557,3.62286472320557,7.12630558013916,2.9668402671814,2.40598845481873,3.93818187713623,4.62545442581177,5,5,0.789855062961578,0.967391312122345,1,1,31,1.02999997138977,0
06,2002-06-02,52050040,3,Definitivo,SANDONA [52050040],Pluviométrica,Convencional,Activa,Nariño,Sandoná,1.3223,-77.4792,20,9/15/1963,,Cudayari,Pacifico,Patía,Río Guáitara,2002,02,Andes,Definitivo,3,3,0,1.43795800209045,1.43795800209045,0,3.47372460365295,3.07897520065308,3.93818187713623,4.62545442581177,5,5,0.789855062961578,0.967391312122345,1,1,31,1.02999997138977,3.08999991416931
06,2009-06-02,52050040,,"",SANDONA [52050040],Pluviométrica,Convencional,Activa,Nariño,Sandoná,1.3223,-77.4792,20,9/15/1963,,Cudayari,Pacifico,Patía,Río Guáitara,2009,02,Andes,Preliminar,0,0,0,0.0853204056620598,0.0853204056620598,0,0.0773433297872543,0.609978020191193,3.93818187713623,4.62545442581177,5,5,0.789855062961578,0.967391312122345,1,1,31,1.02999997138977,0
06,2001-06-04,52050040,7,Definitivo,SANDONA [52050040],Pluviométrica,Convencional,Activa,Nariño,Sandoná,1.3223,-77.4792,20,9/15/1963,,Cudayari,Pacifico,Patía,Río Guáitara,2001,04,Andes,Definitivo,7,7,0,1.6745308637619,1.6745308637619,0,1.22871613502502,4.50100660324097,3.93818187713623,4.62545442581177,5,5,0.789855062961578,0.967391312122345,1,1,31,1.02999997138977,7.20999979972839
06,2001-06-02,52050040,35,Definitivo,SANDONA [52050040],Pluviométrica,Convencional,Activa,Nariño,Sandoná,1.3223,-77.4792,20,9/15/1963,,Cudayari,Pacifico,Patía,Río Guáitara,2001,02,Andes,Definitivo,35,35,0,1.52891945838928,1.52891945838928,8.61651706695557,3.51240658760071,3.70954275131226,3.93818187713623,4.62545442581177,5,5,0.789855062961578,0.967391312122345,1,1,31,1.02999997138977,36.049998998642
06,2016-06-05,52050040,,"",SANDONA [52050040],Pluviométrica,Convencional,Activa,Nariño,Sandoná,1.3223,-77.4792,20,9/15/1963,,Cudayari,Pacifico,Patía,Río Guáitara,2016,05,Andes,Preliminar,0,0,0,1.8469580411911,1.8469580411911,0,2.10712456703186,0,3.93818187713623,4.62545442581177,5,5,0.789855062961578,0.967391312122345,1,1,31,1.02999997138977,0
06,2014-06-06,52050040,1,Definitivo,SANDONA [52050040],Pluviométrica,Convencional,Activa,Nariño,Sandoná,1.3223,-77.4792,20,9/15/1963,,Cudayari,Pacifico,Patía,Río Guáitara,2014,06,Andes,Definitivo,1,1,0,2.02596664428711,2.02596664428711,0,4.32606315612793,1.39681375026703,3.93818187713623,4.62545442581177,5,5,0.789855062961578,0.967391312122345,1,1,32,1.02999997138977,1.02999997138977
06,2002-06-03,52050040,8,Definitivo,SANDONA [52050040],Pluviométrica,Convencional,Activa,Nariño,Sandoná,1.3223,-77.4792,20,9/15/1963,,Cudayari,Pacifico,Patía,Río Guáitara,2002,03,Andes,Definitivo,8,8,0,2.51011991500855,2.51011991500855,0,2.60171985626221,0.658558547496796,3.93818187713623,4.62545442581177,5,5,0.789855062961578,0.967391312122345,1,1,31,1.02999997138977,8.23999977111816
06,2011-06-04,52050040,1,Definitivo,SANDONA [52050040],Pluviométrica,Convencional,Activa,Nariño,Sandoná,1.3223,-77.4792,20,9/15/1963,,Cudayari,Pacifico,Patía,Río Guáitara,2011,04,Andes,Definitivo,1,1,0,10.7103328704834,10.7103328704834,51.8270263671875,12.9267482757568,30.2472763061523,3.93818187713623,4.62545442581177,5,5,0.789855062961578,0.967391312122345,1,1,31,1.02999997138977,1.02999997138977
06,2011-06-03,52050040,5,Definitivo,SANDONA [52050040],Pluviométrica,Convencional,Activa,Nariño,Sandoná,1.3223,-77.4792,20,9/15/1963,,Cudayari,Pacifico,Patía,Río Guáitara,2011,03,Andes,Definitivo,5,5,0,3.81147146224976,3.81147146224976,0,6.31243181228638,1.58381748199463,3.93818187713623,4.62545442581177,5,5,0.789855062961578,0.967391312122345,1,1,31,1.02999997138977,5.14999985694885
06,2018-06-05,52050040,,"",SANDONA [52050040],Pluviométrica,Convencional,Activa,Nariño,Sandoná,1.3223,-77.4792,20,9/15/1963,,Cudayari,Pacifico,Patía,Río Guáitara,2018,05,Andes,Preliminar,0,0,0,3.1985023021698,3.1985023021698,6.29156923294067,7.0447416305542,0.00962395407259464,3.93818187713623,4.62545442581177,5,5,0.789855062961578,0.967391312122345,1,1,31,1.02999997138977,0
06,2014-06-05,52050040,,"",SANDONA [52050040],Pluviométrica,Convencional,Activa,Nariño,Sandoná,1.3223,-77.4792,20,9/15/1963,,Cudayari,Pacifico,Patía,Río Guáitara,2014,05,Andes,Preliminar,0,0,0,1.82219314575195,1.82219314575195,0,1.49699354171753,0.162736624479294,3.93818187713623,4.62545442581177,5,5,0.789855062961578,0.967391312122345,1,1,31,1.02999997138977,0
06,2018-06-01,52050040,1,Definitivo,SANDONA [52050040],Pluviométrica,Convencional,Activa,Nariño,Sandoná,1.3223,-77.4792,20,9/15/1963,,Cudayari,Pacifico,Patía,Río Guáitara,2018,01,Andes,Definitivo,1,1,0,4.01272630691528,4.01272630691528,7.89317655563355,2.02100944519043,2.38674068450928,3.93818187713623,4.62545442581177,5,5,0.789855062961578,0.967391312122345,1,1,31,1.02999997138977,1.02999997138977
06,2011-06-05,52050040,,"",SANDONA [52050040],Pluviométrica,Convencional,Activa,Nariño,Sandoná,1.3223,-77.4792,20,9/15/1963,,Cudayari,Pacifico,Patía,Río Guáitara,2011,05,Andes,Preliminar,0,0,0,6.86670970916748,6.86670970916748,0,2.72731685638428,9.41188144683838,3.93818187713623,4.62545442581177,5,5,0.789855062961578,0.967391312122345,1,1,31,1.02999997138977,0
06,2011-06-02,52050040,29,Definitivo,SANDONA [52050040],Pluviométrica,Convencional,Activa,Nariño,Sandoná,1.3223,-77.4792,20,9/15/1963,,Cudayari,Pacifico,Patía,Río Guáitara,2011,02,Andes,Definitivo,29,29,0,4.41280269622803,4.41280269622803,0,11.0781917572021,0,3.93818187713623,4.62545442581177,5,5,0.789855062961578,0.967391312122345,1,1,31,1.02999997138977,29.8699991703033
06,2016-06-03,52050040,,"",SANDONA [52050040],Pluviométrica,Convencional,Activa,Nariño,Sandoná,1.3223,-77.4792,20,9/15/1963,,Cudayari,Pacifico,Patía,Río Guáitara,2016,03,Andes,Preliminar,0,0,0,2.09355568885803,2.09355568885803,0,5.90442132949829,2.63452506065369,3.93818187713623,4.62545442581177,5,5,0.789855062961578,0.967391312122345,1,1,31,1.02999997138977,0
06,2016-06-04,52050040,2,Definitivo,SANDONA [52050040],Pluviométrica,Convencional,Activa,Nariño,Sandoná,1.3223,-77.4792,20,9/15/1963,,Cudayari,Pacifico,Patía,Río Guáitara,2016,04,Andes,Definitivo,2,2,0,3.5256974697113,3.5256974697113,14.9737157821655,3.357102394104,8.88783836364746,3.93818187713623,4.62545442581177,5,5,0.789855062961578,0.967391312122345,1,1,31,1.02999997138977,2.05999994277954
06,2016-06-01,52050040,4,Definitivo,SANDONA [52050040],Pluviométrica,Convencional,Activa,Nariño,Sandoná,1.3223,-77.4792,20,9/15/1963,,Cudayari,Pacifico,Patía,Río Guáitara,2016,01,Andes,Definitivo,4,4,0,19.6633682250977,19.6633682250977,14.9737157821655,6.4425687789917,10.0901708602905,3.93818187713623,4.62545442581177,5,5,0.789855062961578,0.967391312122345,1,1,31,1.02999997138977,4.11999988555908
06,2009-06-03,52050040,,"",SANDONA [52050040],Pluviométrica,Convencional,Activa,Nariño,Sandoná,1.3223,-77.4792,20,9/15/1963,,Cudayari,Pacifico,Patía,Río Guáitara,2009,03,Andes,Preliminar,0,0,0,4.64996147155762,4.64996147155762,0,0.10003450512886,0.0616831704974175,3.93818187713623,4.62545442581177,5,5,0.789855062961578,0.967391312122345,1,1,31,1.02999997138977,0
06,2011-06-01,52050040,30,Definitivo,SANDONA [52050040],Pluviométrica,Convencional,Activa,Nariño,Sandoná,1.3223,-77.4792,20,9/15/1963,,Cudayari,Pacifico,Patía,Río Guáitara,2011,01,Andes,Definitivo,30,30,0,2.01254558563232,2.01254558563232,0,8.94468402862549,0.746396720409393,3.93818187713623,4.62545442581177,5,5,0.789855062961578,0.967391312122345,1,1,31,1.02999997138977,30.8999991416931
06,2012-06-01,52050040,,"",SANDONA [52050040],Pluviométrica,Convencional,Activa,Nariño,Sandoná,1.3223,-77.4792,20,9/15/1963,,Cudayari,Pacifico,Patía,Río Guáitara,2012,01,Andes,Preliminar,0,0,0,2.85564780235291,2.85564780235291,0,0.837079465389252,0.0962816402316093,3.93818187713623,4.62545442581177,5,5,0.789855062961578,0.967391312122345,1,1,31,1.02999997138977,0
06,2007-06-02,52050040,7,Definitivo,SANDONA [52050040],Pluviométrica,Convencional,Activa,Nariño,Sandoná,1.3223,-77.4792,20,9/15/1963,,Cudayari,Pacifico,Patía,Río Guáitara,2007,02,Andes,Definitivo,7,7,0,9.21514892578125,9.21514892578125,0,6.32139205932617,8.16872119903565,3.93818187713623,4.62545442581177,5,5,0.789855062961578,0.967391312122345,1,1,31,1.02999997138977,7.20999979972839
06,2003-06-04,52050040,0,Definitivo,SANDONA [52050040],Pluviométrica,Convencional,Activa,Nariño,Sandoná,1.3223,-77.4792,20,9/15/1963,,Cudayari,Pacifico,Patía,Río Guáitara,2003,04,Andes,Definitivo,0,0,0,7.45986366271973,7.45986366271973,0,7.04776573181152,11.8760480880737,3.93818187713623,4.62545442581177,5,5,0.789855062961578,0.967391312122345,1,1,31,1.02999997138977,0
06,2005-06-01,52050040,,"",SANDONA [52050040],Pluviométrica,Convencional,Activa,Nariño,Sandoná,1.3223,-77.4792,20,9/15/1963,,Cudayari,Pacifico,Patía,Río Guáitara,2005,01,Andes,Preliminar,0,0,0,3.1826229095459,3.1826229095459,0,1.04860353469849,0.122006803750992,3.93818187713623,4.62545442581177,5,5,0.789855062961578,0.967391312122345,1,1,31,1.02999997138977,0
06,2010-06-03,52050040,0,Definitivo,SANDONA [52050040],Pluviométrica,Convencional,Activa,Nariño,Sandoná,1.3223,-77.4792,20,9/15/1963,,Cudayari,Pacifico,Patía,Río Guáitara,2010,03,Andes,Definitivo,0,0,0,7.73923921585083,7.73923921585083,0,3.20466661453247,1.90164113044739,3.93818187713623,4.62545442581177,5,5,0.789855062961578,0.967391312122345,1,1,31,1.02999997138977,0
06,2015-06-03,52050040,,"",SANDONA [52050040],Pluviométrica,Convencional,Activa,Nariño,Sandoná,1.3223,-77.4792,20,9/15/1963,,Cudayari,Pacifico,Patía,Río Guáitara,2015,03,Andes,Preliminar,0,0,0,0.774341344833374,0.774341344833374,0,0.817179977893829,0.899397850036621,3.93818187713623,4.62545442581177,5,5,0.789855062961578,0.967391312122345,1,1,31,1.02999997138977,0
06,2015-06-02,52050040,,"",SANDONA [52050040],Pluviométrica,Convencional,Activa,Nariño,Sandoná,1.3223,-77.4792,20,9/15/1963,,Cudayari,Pacifico,Patía,Río Guáitara,2015,02,Andes,Preliminar,0,0,0,0.813740015029907,0.813740015029907,0,0.228485614061356,0,3.93818187713623,4.62545442581177,5,5,0.789855062961578,0.967391312122345,1,1,31,1.02999997138977,0
06,2013-06-03,52050040,,"",SANDONA [52050040],Pluviométrica,Convencional,Activa,Nariño,Sandoná,1.3223,-77.4792,20,9/15/1963,,Cudayari,Pacifico,Patía,Río Guáitara,2013,03,Andes,Preliminar,0,0,0,2.43844604492188,2.43844604492188,0,0.0850105062127113,1.30932772159576,3.93818187713623,4.62545442581177,5,5,0.789855062961578,0.967391312122345,1,1,31,1.02999997138977,0
06,2013-06-02,52050040,,"",SANDONA [52050040],Pluviométrica,Convencional,Activa,Nariño,Sandoná,1.3223,-77.4792,20,9/15/1963,,Cudayari,Pacifico,Patía,Río Guáitara,2013,02,Andes,Preliminar,0,0,0,1.53735864162445,1.53735864162445,0,0.0849127992987633,0.0878492444753647,3.93818187713623,4.62545442581177,5,5,0.789855062961578,0.967391312122345,1,1,31,1.02999997138977,0
06,2011-06-06,52050040,,"",SANDONA [52050040],Pluviométrica,Convencional,Activa,Nariño,Sandoná,1.3223,-77.4792,20,9/15/1963,,Cudayari,Pacifico,Patía,Río Guáitara,2011,06,Andes,Preliminar,0,0,0,2.78487730026245,2.78487730026245,0,0.0810142084956169,0.0612545944750309,3.93818187713623,4.62545442581177,5,5,0.789855062961578,0.967391312122345,1,1,32,1.02999997138977,0
06,2010-06-01,52050040,7,Definitivo,SANDONA [52050040],Pluviométrica,Convencional,Activa,Nariño,Sandoná,1.3223,-77.4792,20,9/15/1963,,Cudayari,Pacifico,Patía,Río Guáitara,2010,01,Andes,Definitivo,7,7,0,3.54715180397034,3.54715180397034,67.9311294555664,6.83969163894653,9.80937767028809,3.93818187713623,4.62545442581177,5,5,0.789855062961578,0.967391312122345,1,1,31,1.02999997138977,7.20999979972839
06,2014-06-04,52050040,,"",SANDONA [52050040],Pluviométrica,Convencional,Activa,Nariño,Sandoná,1.3223,-77.4792,20,9/15/1963,,Cudayari,Pacifico,Patía,Río Guáitara,2014,04,Andes,Preliminar,0,0,0,2.90709972381592,2.90709972381592,0,1.64676189422607,0.411491185426712,3.93818187713623,4.62545442581177,5,5,0.789855062961578,0.967391312122345,1,1,31,1.02999997138977,0
06,2012-06-02,52050040,,"",SANDONA [52050040],Pluviométrica,Convencional,Activa,Nariño,Sandoná,1.3223,-77.4792,20,9/15/1963,,Cudayari,Pacifico,Patía,Río Guáitara,2012,02,Andes,Preliminar,0,0,0,6.29410076141357,6.29410076141357,0,0.84486186504364,0.410801649093628,3.93818187713623,4.62545442581177,5,5,0.789855062961578,0.967391312122345,1,1,31,1.02999997138977,0
06,2007-06-03,52050040,,"",SANDONA [52050040],Pluviométrica,Convencional,Activa,Nariño,Sandoná,1.3223,-77.4792,20,9/15/1963,,Cudayari,Pacifico,Patía,Río Guáitara,2007,03,Andes,Preliminar,0,0,0,3.97540068626404,3.97540068626404,0,1.41995573043823,0.322449535131454,3.93818187713623,4.62545442581177,5,5,0.789855062961578,0.967391312122345,1,1,31,1.02999997138977,0
06,2015-06-01,52050040,,"",SANDONA [52050040],Pluviométrica,Convencional,Activa,Nariño,Sandoná,1.3223,-77.4792,20,9/15/1963,,Cudayari,Pacifico,Patía,Río Guáitara,2015,01,Andes,Preliminar,0,0,0,3.16560649871826,3.16560649871826,6.5497670173645,0.295139968395233,0.0593941994011402,3.93818187713623,4.62545442581177,5,5,0.789855062961578,0.967391312122345,1,1,31,1.02999997138977,0
06,2005-06-02,52050040,,"",SANDONA [52050040],Pluviométrica,Convencional,Activa,Nariño,Sandoná,1.3223,-77.4792,20,9/15/1963,,Cudayari,Pacifico,Patía,Río Guáitara,2005,02,Andes,Preliminar,0,0,0,2.46971559524536,2.46971559524536,0,4.09142065048218,0.183010220527649,3.93818187713623,4.62545442581177,5,5,0.789855062961578,0.967391312122345,1,1,31,1.02999997138977,0
06,2008-06-01,52050040,,"",SANDONA [52050040],Pluviométrica,Convencional,Activa,Nariño,Sandoná,1.3223,-77.4792,20,9/15/1963,,Cudayari,Pacifico,Patía,Río Guáitara,2008,01,Andes,Preliminar,0,0,0,1.45068418979645,1.45068418979645,0,0.75169575214386,1.29820191860199,3.93818187713623,4.62545442581177,5,5,0.789855062961578,0.967391312122345,1,1,31,1.02999997138977,0
06,2010-06-02,52050040,1,Definitivo,SANDONA [52050040],Pluviométrica,Convencional,Activa,Nariño,Sandoná,1.3223,-77.4792,20,9/15/1963,,Cudayari,Pacifico,Patía,Río Guáitara,2010,02,Andes,Definitivo,1,1,0,5.11918449401856,5.11918449401856,0,1.40427625179291,0.368096739053726,3.93818187713623,4.62545442581177,5,5,0.789855062961578,0.967391312122345,1,1,31,1.02999997138977,1.02999997138977
06,2013-06-01,52050040,,"",SANDONA [52050040],Pluviométrica,Convencional,Activa,Nariño,Sandoná,1.3223,-77.4792,20,9/15/1963,,Cudayari,Pacifico,Patía,Río Guáitara,2013,01,Andes,Preliminar,2,2,0,1.94040977954865,1.94040977954865,0,0.97157895565033,0.0401863567531109,3.93818187713623,4.62545442581177,5,5,0.789855062961578,0.967391312122345,1,1,31,1.02999997138977,2.05999994277954
06,2005-06-03,52050040,,"",SANDONA [52050040],Pluviométrica,Convencional,Activa,Nariño,Sandoná,1.3223,-77.4792,20,9/15/1963,,Cudayari,Pacifico,Patía,Río Guáitara,2005,03,Andes,Preliminar,0,0,0,1.80772995948792,1.80772995948792,0,0.893931865692139,0,3.93818187713623,4.62545442581177,5,5,0.789855062961578,0.967391312122345,1,1,31,1.02999997138977,0
07,2014-07-29,52050040,,"",SANDONA [52050040],Pluviométrica,Convencional,Activa,Nariño,Sandoná,1.3223,-77.4792,20,9/15/1963,,Cudayari,Pacifico,Patía,Río Guáitara,2014,29,Andes,Preliminar,,,1,2.7807080745697,2.7807080745697,6.95888042449951,0.229162469506264,0.0548844896256924,3.93818187713623,4.62545442581177,5,5,0.789855062961578,0.967391312122345,1,1,42,1.04999995231628,
07,2016-07-31,52050040,,"",SANDONA [52050040],Pluviométrica,Convencional,Activa,Nariño,Sandoná,1.3223,-77.4792,20,9/15/1963,,Cudayari,Pacifico,Patía,Río Guáitara,2016,31,Andes,Preliminar,0,0,0,0.349295437335968,0.349295437335968,0,0.141062870621681,0,3.93818187713623,4.62545442581177,5,5,0.789855062961578,0.967391312122345,1,1,42,1.04999995231628,0
07,2011-07-31,52050040,,"",SANDONA [52050040],Pluviométrica,Convencional,Activa,Nariño,Sandoná,1.3223,-77.4792,20,9/15/1963,,Cudayari,Pacifico,Patía,Río Guáitara,2011,31,Andes,Preliminar,0,0,0,6.6489052772522,6.6489052772522,24.5687503814697,5.08132553100586,16.2173671722412,3.93818187713623,4.62545442581177,5,5,0.789855062961578,0.967391312122345,1,1,42,1.04999995231628,0
07,2009-07-29,52050040,,"",SANDONA [52050040],Pluviométrica,Convencional,Activa,Nariño,Sandoná,1.3223,-77.4792,20,9/15/1963,,Cudayari,Pacifico,Patía,Río Guáitara,2009,29,Andes,Preliminar,0,0,0,0.564656376838684,0.564656376838684,0,0.0891037732362747,0.139051616191864,3.93818187713623,4.62545442581177,5,5,0.789855062961578,0.967391312122345,1,1,42,1.04999995231628,0
07,2016-07-30,52050040,10,Definitivo,SANDONA [52050040],Pluviométrica,Convencional,Activa,Nariño,Sandoná,1.3223,-77.4792,20,9/15/1963,,Cudayari,Pacifico,Patía,Río Guáitara,2016,30,Andes,Definitivo,10,10,0,0.885405719280243,0.885405719280243,0,0.320208787918091,0,3.93818187713623,4.62545442581177,5,5,0.789855062961578,0.967391312122345,1,1,42,1.04999995231628,10.4999995231628
07,2014-07-31,52050040,,"",SANDONA [52050040],Pluviométrica,Convencional,Activa,Nariño,Sandoná,1.3223,-77.4792,20,9/15/1963,,Cudayari,Pacifico,Patía,Río Guáitara,2014,31,Andes,Preliminar,,,1,0.374310970306397,0.374310970306397,0,0.080832302570343,0,3.93818187713623,4.62545442581177,5,5,0.789855062961578,0.967391312122345,1,1,42,1.04999995231628,
07,2013-07-29,52050040,,"",SANDONA [52050040],Pluviométrica,Convencional,Activa,Nariño,Sandoná,1.3223,-77.4792,20,9/15/1963,,Cudayari,Pacifico,Patía,Río Guáitara,2013,29,Andes,Preliminar,0,0,0,0.806706309318543,0.806706309318543,0,0.39163875579834,0.299848765134811,3.93818187713623,4.62545442581177,5,5,0.789855062961578,0.967391312122345,1,1,42,1.04999995231628,0
07,2016-07-29,52050040,,"",SANDONA [52050040],Pluviométrica,Convencional,Activa,Nariño,Sandoná,1.3223,-77.4792,20,9/15/1963,,Cudayari,Pacifico,Patía,Río Guáitara,2016,29,Andes,Preliminar,0,0,0,0.704634666442871,0.704634666442871,0,0.373448818922043,0.196266859769821,3.93818187713623,4.62545442581177,5,5,0.789855062961578,0.967391312122345,1,1,42,1.04999995231628,0
07,2009-07-31,52050040,,"",SANDONA [52050040],Pluviométrica,Convencional,Activa,Nariño,Sandoná,1.3223,-77.4792,20,9/15/1963,,Cudayari,Pacifico,Patía,Río Guáitara,2009,31,Andes,Preliminar,0,0,0,2.96444606781006,2.96444606781006,6.6887788772583,0.20293790102005,0.00744919292628765,3.93818187713623,4.62545442581177,5,5,0.789855062961578,0.967391312122345,1,1,42,1.04999995231628,0
07,2009-07-30,52050040,,"",SANDONA [52050040],Pluviométrica,Convencional,Activa,Nariño,Sandoná,1.3223,-77.4792,20,9/15/1963,,Cudayari,Pacifico,Patía,Río Guáitara,2009,30,Andes,Preliminar,0,0,0,0,0,0,0.116865709424019,0.13160240650177,3.93818187713623,4.62545442581177,5,5,0.789855062961578,0.967391312122345,1,1,42,1.04999995231628,0
07,2019-07-30,52050040,,"",SANDONA [52050040],Pluviométrica,Convencional,Activa,Nariño,Sandoná,1.3223,-77.4792,20,9/15/1963,,Cudayari,Pacifico,Patía,Río Guáitara,2019,30,Andes,Preliminar,0,0,0,0.550653874874115,0.550653874874115,0,0.0197458695620298,0,3.93818187713623,4.62545442581177,5,5,0.789855062961578,0.967391312122345,1,1,42,1.04999995231628,0
07,2014-07-30,52050040,,"",SANDONA [52050040],Pluviométrica,Convencional,Activa,Nariño,Sandoná,1.3223,-77.4792,20,9/15/1963,,Cudayari,Pacifico,Patía,Río Guáitara,2014,30,Andes,Preliminar,,,1,0.632097125053406,0.632097125053406,0,0.0677266418933868,0,3.93818187713623,4.62545442581177,5,5,0.789855062961578,0.967391312122345,1,1,42,1.04999995231628,
07,2008-07-30,52050040,,"",SANDONA [52050040],Pluviométrica,Convencional,Activa,Nariño,Sandoná,1.3223,-77.4792,20,9/15/1963,,Cudayari,Pacifico,Patía,Río Guáitara,2008,30,Andes,Preliminar,0,0,0,3.73173832893372,3.73173832893372,10.8585033416748,1.59573101997376,0.0817786902189255,3.93818187713623,4.62545442581177,5,5,0.789855062961578,0.967391312122345,1,1,42,1.04999995231628,0
07,2011-07-30,52050040,1,Definitivo,SANDONA [52050040],Pluviométrica,Convencional,Activa,Nariño,Sandoná,1.3223,-77.4792,20,9/15/1963,,Cudayari,Pacifico,Patía,Río Guáitara,2011,30,Andes,Definitivo,1,1,0,9.25647163391113,9.25647163391113,24.5687503814697,16.4325733184814,36.2534408569336,3.93818187713623,4.62545442581177,5,5,0.789855062961578,0.967391312122345,1,1,42,1.04999995231628,1.04999995231628
07,2010-07-28,52050040,,"",SANDONA [52050040],Pluviométrica,Convencional,Activa,Nariño,Sandoná,1.3223,-77.4792,20,9/15/1963,,Cudayari,Pacifico,Patía,Río Guáitara,2010,28,Andes,Preliminar,0,0,0,0.271672815084457,0.271672815084457,0,0.50322163105011,0,3.93818187713623,4.62545442581177,5,5,0.789855062961578,0.967391312122345,1,1,42,1.04999995231628,0
07,2008-07-31,52050040,,"",SANDONA [52050040],Pluviométrica,Convencional,Activa,Nariño,Sandoná,1.3223,-77.4792,20,9/15/1963,,Cudayari,Pacifico,Patía,Río Guáitara,2008,31,Andes,Preliminar,1,1,0,0.746347725391388,0.746347725391388,0,0.857879102230072,2.87526440620422,3.93818187713623,4.62545442581177,5,5,0.789855062961578,0.967391312122345,1,1,42,1.04999995231628,1.04999995231628
07,2017-07-29,52050040,,"",SANDONA [52050040],Pluviométrica,Convencional,Activa,Nariño,Sandoná,1.3223,-77.4792,20,9/15/1963,,Cudayari,Pacifico,Patía,Río Guáitara,2017,29,Andes,Preliminar,0,0,0,0.962951004505157,0.962951004505157,0,0.107687406241894,0.245334848761559,3.93818187713623,4.62545442581177,5,5,0.789855062961578,0.967391312122345,1,1,42,1.04999995231628,0
07,2012-07-29,52050040,,"",SANDONA [52050040],Pluviométrica,Convencional,Activa,Nariño,Sandoná,1.3223,-77.4792,20,9/15/1963,,Cudayari,Pacifico,Patía,Río Guáitara,2012,29,Andes,Preliminar,,,1,0.943451523780823,0.943451523780823,0,0.874236881732941,0.380734801292419,3.93818187713623,4.62545442581177,5,5,0.789855062961578,0.967391312122345,1,1,42,1.04999995231628,
07,2007-07-29,52050040,,"",SANDONA [52050040],Pluviométrica,Convencional,Activa,Nariño,Sandoná,1.3223,-77.4792,20,9/15/1963,,Cudayari,Pacifico,Patía,Río Guáitara,2007,29,Andes,Preliminar,0,0,0,0,0,0,0.295364409685135,0,3.93818187713623,4.62545442581177,5,5,0.789855062961578,0.967391312122345,1,1,42,1.04999995231628,0
07,2010-07-31,52050040,8,Definitivo,SANDONA [52050040],Pluviométrica,Convencional,Activa,Nariño,Sandoná,1.3223,-77.4792,20,9/15/1963,,Cudayari,Pacifico,Patía,Río Guáitara,2010,31,Andes,Definitivo,8,8,0,6.1724066734314,6.1724066734314,0,0.63561749458313,1.39792037010193,3.93818187713623,4.62545442581177,5,5,0.789855062961578,0.967391312122345,1,1,42,1.04999995231628,8.39999961853027
07,2008-07-29,52050040,,"",SANDONA [52050040],Pluviométrica,Convencional,Activa,Nariño,Sandoná,1.3223,-77.4792,20,9/15/1963,,Cudayari,Pacifico,Patía,Río Guáitara,2008,29,Andes,Preliminar,0,0,0,2.42563009262085,2.42563009262085,7.05802869796753,0.65449446439743,0.104081958532333,3.93818187713623,4.62545442581177,5,5,0.789855062961578,0.967391312122345,1,1,42,1.04999995231628,0
07,2010-07-27,52050040,,"",SANDONA [52050040],Pluviométrica,Convencional,Activa,Nariño,Sandoná,1.3223,-77.4792,20,9/15/1963,,Cudayari,Pacifico,Patía,Río Guáitara,2010,27,Andes,Preliminar,0,0,0,0.239072069525719,0.239072069525719,0,0.327125430107117,0.22803521156311,3.93818187713623,4.62545442581177,5,5,0.789855062961578,0.967391312122345,1,1,42,1.04999995231628,0
07,2019-07-31,52050040,,"",SANDONA [52050040],Pluviométrica,Convencional,Activa,Nariño,Sandoná,1.3223,-77.4792,20,9/15/1963,,Cudayari,Pacifico,Patía,Río Guáitara,2019,31,Andes,Preliminar,0,0,0,1.12048900127411,1.12048900127411,0,0.0428078547120094,0,3.93818187713623,4.62545442581177,5,5,0.789855062961578,0.967391312122345,1,1,42,1.04999995231628,0
07,2012-07-30,52050040,,"",SANDONA [52050040],Pluviométrica,Convencional,Activa,Nariño,Sandoná,1.3223,-77.4792,20,9/15/1963,,Cudayari,Pacifico,Patía,Río Guáitara,2012,30,Andes,Preliminar,,,1,0.705100536346436,0.705100536346436,0,0.861461162567139,2.09932923316956,3.93818187713623,4.62545442581177,5,5,0.789855062961578,0.967391312122345,1,1,42,1.04999995231628,
07,2013-07-26,52050040,,"",SANDONA [52050040],Pluviométrica,Convencional,Activa,Nariño,Sandoná,1.3223,-77.4792,20,9/15/1963,,Cudayari,Pacifico,Patía,Río Guáitara,2013,26,Andes,Preliminar,0,0,0,2.68339395523071,2.68339395523071,0,0.181555241346359,1.4731205701828,3.93818187713623,4.62545442581177,5,5,0.789855062961578,0.967391312122345,1,1,42,1.04999995231628,0
07,2021-07-31,52050040,,"",SANDONA [52050040],Pluviométrica,Convencional,Activa,Nariño,Sandoná,1.3223,-77.4792,20,9/15/1963,,Cudayari,Pacifico,Patía,Río Guáitara,2021,31,Andes,Preliminar,0,0,0,1.12555694580078,1.12555694580078,0,0.883366048336029,1.43501031398773,3.93818187713623,4.62545442581177,5,5,0.789855062961578,0.967391312122345,1,1,42,1.04999995231628,0
07,2006-07-29,52050040,,"",SANDONA [52050040],Pluviométrica,Convencional,Activa,Nariño,Sandoná,1.3223,-77.4792,20,9/15/1963,,Cudayari,Pacifico,Patía,Río Guáitara,2006,29,Andes,Preliminar,0,0,0,0.844756186008453,0.844756186008453,0,0.875827074050903,2.27901291847229,3.93818187713623,4.62545442581177,5,5,0.789855062961578,0.967391312122345,1,1,42,1.04999995231628,0
07,2008-07-26,52050040,,"",SANDONA [52050040],Pluviométrica,Convencional,Activa,Nariño,Sandoná,1.3223,-77.4792,20,9/15/1963,,Cudayari,Pacifico,Patía,Río Guáitara,2008,26,Andes,Preliminar,0,0,0,1.10086286067963,1.10086286067963,0,0.21066290140152,0.466510266065598,3.93818187713623,4.62545442581177,5,5,0.789855062961578,0.967391312122345,1,1,42,1.04999995231628,0
07,2005-07-28,52050040,,"",SANDONA [52050040],Pluviométrica,Convencional,Activa,Nariño,Sandoná,1.3223,-77.4792,20,9/15/1963,,Cudayari,Pacifico,Patía,Río Guáitara,2005,28,Andes,Preliminar,0,0,0,0.456211030483246,0.456211030483246,0,0.0832298994064331,0,3.93818187713623,4.62545442581177,5,5,0.789855062961578,0.967391312122345,1,1,42,1.04999995231628,0
07,2013-07-27,52050040,,"",SANDONA [52050040],Pluviométrica,Convencional,Activa,Nariño,Sandoná,1.3223,-77.4792,20,9/15/1963,,Cudayari,Pacifico,Patía,Río Guáitara,2013,27,Andes,Preliminar,0,0,0,0.478608667850494,0.478608667850494,0,0.149445027112961,0,3.93818187713623,4.62545442581177,5,5,0.789855062961578,0.967391312122345,1,1,42,1.04999995231628,0
07,2008-07-28,52050040,,"",SANDONA [52050040],Pluviométrica,Convencional,Activa,Nariño,Sandoná,1.3223,-77.4792,20,9/15/1963,,Cudayari,Pacifico,Patía,Río Guáitara,2008,28,Andes,Preliminar,0,0,0,0.87695848941803,0.87695848941803,0,0.225208759307861,0.26392212510109,3.93818187713623,4.62545442581177,5,5,0.789855062961578,0.967391312122345,1,1,42,1.04999995231628,0
07,2006-07-31,52050040,,"",SANDONA [52050040],Pluviométrica,Convencional,Activa,Nariño,Sandoná,1.3223,-77.4792,20,9/15/1963,,Cudayari,Pacifico,Patía,Río Guáitara,2006,31,Andes,Preliminar,0,0,0,0,0,0,0.260608404874802,0.367582738399506,3.93818187713623,4.62545442581177,5,5,0.789855062961578,0.967391312122345,1,1,42,1.04999995231628,0
07,2022-07-29,52050040,,"",SANDONA [52050040],Pluviométrica,Convencional,Activa,Nariño,Sandoná,1.3223,-77.4792,20,9/15/1963,,Cudayari,Pacifico,Patía,Río Guáitara,2022,29,Andes,Preliminar,0,0,0,0.314800173044205,0.314800173044205,0,0.956829249858856,0,3.93818187713623,4.62545442581177,5,5,0.789855062961578,0.967391312122345,1,1,42,1.04999995231628,0
07,2020-07-31,52050040,,"",SANDONA [52050040],Pluviométrica,Convencional,Activa,Nariño,Sandoná,1.3223,-77.4792,20,9/15/1963,,Cudayari,Pacifico,Patía,Río Guáitara,2020,31,Andes,Preliminar,0,0,0,0.721636652946472,0.721636652946472,0,0.108300127089024,0.558239638805389,3.93818187713623,4.62545442581177,5,5,0.789855062961578,0.967391312122345,1,1,42,1.04999995231628,0
07,2010-07-29,52050040,,"",SANDONA [52050040],Pluviométrica,Convencional,Activa,Nariño,Sandoná,1.3223,-77.4792,20,9/15/1963,,Cudayari,Pacifico,Patía,Río Guáitara,2010,29,Andes,Preliminar,0,0,0,0.130402937531471,0.130402937531471,0,0.227563723921776,0.0321176424622536,3.93818187713623,4.62545442581177,5,5,0.789855062961578,0.967391312122345,1,1,42,1.04999995231628,0
07,2012-07-31,52050040,,"",SANDONA [52050040],Pluviométrica,Convencional,Activa,Nariño,Sandoná,1.3223,-77.4792,20,9/15/1963,,Cudayari,Pacifico,Patía,Río Guáitara,2012,31,Andes,Preliminar,,,1,2.89119601249695,2.89119601249695,5.37446689605713,0.355158478021622,0.0237959232181311,3.93818187713623,4.62545442581177,5,5,0.789855062961578,0.967391312122345,1,1,42,1.04999995231628,
07,2006-07-30,52050040,,"",SANDONA [52050040],Pluviométrica,Convencional,Activa,Nariño,Sandoná,1.3223,-77.4792,20,9/15/1963,,Cudayari,Pacifico,Patía,Río Guáitara,2006,30,Andes,Preliminar,0,0,0,0,0,0,0.286434084177017,0.894801318645477,3.93818187713623,4.62545442581177,5,5,0.789855062961578,0.967391312122345,1,1,42,1.04999995231628,0
07,2008-07-27,52050040,,"",SANDONA [52050040],Pluviométrica,Convencional,Activa,Nariño,Sandoná,1.3223,-77.4792,20,9/15/1963,,Cudayari,Pacifico,Patía,Río Guáitara,2008,27,Andes,Preliminar,0,0,0,0.970251858234406,0.970251858234406,0,0.247581347823143,0,3.93818187713623,4.62545442581177,5,5,0.789855062961578,0.967391312122345,1,1,42,1.04999995231628,0
07,2006-07-26,52050040,2,Definitivo,SANDONA [52050040],Pluviométrica,Convencional,Activa,Nariño,Sandoná,1.3223,-77.4792,20,9/15/1963,,Cudayari,Pacifico,Patía,Río Guáitara,2006,26,Andes,Definitivo,2,2,0,1.02839875221252,1.02839875221252,0,1.16574382781982,0,3.93818187713623,4.62545442581177,5,5,0.789855062961578,0.967391312122345,1,1,42,1.04999995231628,2.09999990463257
07,2018-07-31,52050040,25,Definitivo,SANDONA [52050040],Pluviométrica,Convencional,Activa,Nariño,Sandoná,1.3223,-77.4792,20,9/15/1963,,Cudayari,Pacifico,Patía,Río Guáitara,2018,31,Andes,Definitivo,25,25,0,3.10896158218384,3.10896158218384,9.50667953491211,9.88821697235107,13.1698131561279,3.93818187713623,4.62545442581177,5,5,0.789855062961578,0.967391312122345,1,1,42,1.04999995231628,26.2499988079071
07,2011-07-27,52050040,,"",SANDONA [52050040],Pluviométrica,Convencional,Activa,Nariño,Sandoná,1.3223,-77.4792,20,9/15/1963,,Cudayari,Pacifico,Patía,Río Guáitara,2011,27,Andes,Preliminar,0,0,0,1.22054183483124,1.22054183483124,0,4.29823446273804,0,3.93818187713623,4.62545442581177,5,5,0.789855062961578,0.967391312122345,1,1,42,1.04999995231628,0
07,2007-07-28,52050040,,"",SANDONA [52050040],Pluviométrica,Convencional,Activa,Nariño,Sandoná,1.3223,-77.4792,20,9/15/1963,,Cudayari,Pacifico,Patía,Río Guáitara,2007,28,Andes,Preliminar,0,0,0,0,0,0,0.122488766908646,0,3.93818187713623,4.62545442581177,5,5,0.789855062961578,0.967391312122345,1,1,42,1.04999995231628,0
07,2017-07-31,52050040,,"",SANDONA [52050040],Pluviométrica,Convencional,Activa,Nariño,Sandoná,1.3223,-77.4792,20,9/15/1963,,Cudayari,Pacifico,Patía,Río Guáitara,2017,31,Andes,Preliminar,0,0,0,0.604019343852997,0.604019343852997,0,0.0199705958366394,0,3.93818187713623,4.62545442581177,5,5,0.789855062961578,0.967391312122345,1,1,42,1.04999995231628,0
07,2006-07-27,52050040,18,Definitivo,SANDONA [52050040],Pluviométrica,Convencional,Activa,Nariño,Sandoná,1.3223,-77.4792,20,9/15/1963,,Cudayari,Pacifico,Patía,Río Guáitara,2006,27,Andes,Definitivo,18,18,0,4.65228033065796,4.65228033065796,9.46335220336914,2.27983617782593,0.856992959976196,3.93818187713623,4.62545442581177,5,5,0.789855062961578,0.967391312122345,1,1,42,1.04999995231628,18.8999991416931
07,2005-07-31,52050040,,"",SANDONA [52050040],Pluviométrica,Convencional,Activa,Nariño,Sandoná,1.3223,-77.4792,20,9/15/1963,,Cudayari,Pacifico,Patía,Río Guáitara,2005,31,Andes,Preliminar,0,0,0,0.456211030483246,0.456211030483246,0,0.230361938476563,0,3.93818187713623,4.62545442581177,5,5,0.789855062961578,0.967391312122345,1,1,42,1.04999995231628,0
07,2017-07-30,52050040,,"",SANDONA [52050040],Pluviométrica,Convencional,Activa,Nariño,Sandoná,1.3223,-77.4792,20,9/15/1963,,Cudayari,Pacifico,Patía,Río Guáitara,2017,30,Andes,Preliminar,0,0,0,1.21881711483002,1.21881711483002,0,0.138699024915695,0.327113121747971,3.93818187713623,4.62545442581177,5,5,0.789855062961578,0.967391312122345,1,1,42,1.04999995231628,0
07,2013-07-31,52050040,1,Definitivo,SANDONA [52050040],Pluviométrica,Convencional,Activa,Nariño,Sandoná,1.3223,-77.4792,20,9/15/1963,,Cudayari,Pacifico,Patía,Río Guáitara,2013,31,Andes,Definitivo,1,1,0,1.24947381019592,1.24947381019592,0,0.800095558166504,0,3.93818187713623,4.62545442581177,5,5,0.789855062961578,0.967391312122345,1,1,42,1.04999995231628,1.04999995231628
07,2018-07-30,52050040,16,Definitivo,SANDONA [52050040],Pluviométrica,Convencional,Activa,Nariño,Sandoná,1.3223,-77.4792,20,9/15/1963,,Cudayari,Pacifico,Patía,Río Guáitara,2018,30,Andes,Definitivo,16,16,0,1.36441028118134,1.36441028118134,0,9.20284748077393,9.87771701812744,3.93818187713623,4.62545442581177,5,5,0.789855062961578,0.967391312122345,1,1,42,1.04999995231628,16.7999992370605
07,2007-07-23,52050040,0,Definitivo,SANDONA [52050040],Pluviométrica,Convencional,Activa,Nariño,Sandoná,1.3223,-77.4792,20,9/15/1963,,Cudayari,Pacifico,Patía,Río Guáitara,2007,23,Andes,Definitivo,0,0,0,5.78948831558228,5.78948831558228,16.2191047668457,10.7154970169067,3.7759964466095,3.93818187713623,4.62545442581177,5,5,0.789855062961578,0.967391312122345,1,1,41,1.04999995231628,0
07,2023-07-30,52050040,,"",SANDONA [52050040],Pluviométrica,Convencional,Activa,Nariño,Sandoná,1.3223,-77.4792,20,9/15/1963,,Cudayari,Pacifico,Patía,Río Guáitara,2023,30,Andes,Preliminar,0,0,0,0.908658623695374,0.908658623695374,0,0.2592993080616,0.0125210331752896,3.93818187713623,4.62545442581177,5,5,0.789855062961578,0.967391312122345,1,1,42,1.04999995231628,0
07,2023-07-29,52050040,,"",SANDONA [52050040],Pluviométrica,Convencional,Activa,Nariño,Sandoná,1.3223,-77.4792,20,9/15/1963,,Cudayari,Pacifico,Patía,Río Guáitara,2023,29,Andes,Preliminar,0,0,0,3.5100462436676,3.5100462436676,0,0.244078457355499,0.273115009069443,3.93818187713623,4.62545442581177,5,5,0.789855062961578,0.967391312122345,1,1,42,1.04999995231628,0
07,2006-07-25,52050040,,"",SANDONA [52050040],Pluviométrica,Convencional,Activa,Nariño,Sandoná,1.3223,-77.4792,20,9/15/1963,,Cudayari,Pacifico,Patía,Río Guáitara,2006,25,Andes,Preliminar,0,0,0,1.11456537246704,1.11456537246704,0,2.16930508613586,6.04803562164307,3.93818187713623,4.62545442581177,5,5,0.789855062961578,0.967391312122345,1,1,41,1.04999995231628,0
07,2022-07-30,52050040,,"",SANDONA [52050040],Pluviométrica,Convencional,Activa,Nariño,Sandoná,1.3223,-77.4792,20,9/15/1963,,Cudayari,Pacifico,Patía,Río Guáitara,2022,30,Andes,Preliminar,0,0,0,0.341958552598953,0.341958552598953,0,1.55465495586395,0,3.93818187713623,4.62545442581177,5,5,0.789855062961578,0.967391312122345,1,1,42,1.04999995231628,0
07,2006-07-28,52050040,4,Definitivo,SANDONA [52050040],Pluviométrica,Convencional,Activa,Nariño,Sandoná,1.3223,-77.4792,20,9/15/1963,,Cudayari,Pacifico,Patía,Río Guáitara,2006,28,Andes,Definitivo,4,4,0,4.4563946723938,4.4563946723938,9.0648946762085,3.13225150108337,3.6023108959198,3.93818187713623,4.62545442581177,5,5,0.789855062961578,0.967391312122345,1,1,42,1.04999995231628,4.19999980926514
07,2013-07-28,52050040,,"",SANDONA [52050040],Pluviométrica,Convencional,Activa,Nariño,Sandoná,1.3223,-77.4792,20,9/15/1963,,Cudayari,Pacifico,Patía,Río Guáitara,2013,28,Andes,Preliminar,0,0,0,0.263609498739243,0.263609498739243,0,0.0674205720424652,0,3.93818187713623,4.62545442581177,5,5,0.789855062961578,0.967391312122345,1,1,42,1.04999995231628,0
07,2015-07-30,52050040,,"",SANDONA [52050040],Pluviométrica,Convencional,Activa,Nariño,Sandoná,1.3223,-77.4792,20,9/15/1963,,Cudayari,Pacifico,Patía,Río Guáitara,2015,30,Andes,Preliminar,0,0,0,4.39964532852173,4.39964532852173,0,2.53621602058411,6.21047019958496,3.93818187713623,4.62545442581177,5,5,0.789855062961578,0.967391312122345,1,1,42,1.04999995231628,0
07,2007-07-31,52050040,,"",SANDONA [52050040],Pluviométrica,Convencional,Activa,Nariño,Sandoná,1.3223,-77.4792,20,9/15/1963,,Cudayari,Pacifico,Patía,Río Guáitara,2007,31,Andes,Preliminar,0,0,0,0,0,0,0.671341419219971,0.116568602621555,3.93818187713623,4.62545442581177,5,5,0.789855062961578,0.967391312122345,1,1,42,1.04999995231628,0
07,2019-07-27,52050040,,"",SANDONA [52050040],Pluviométrica,Convencional,Activa,Nariño,Sandoná,1.3223,-77.4792,20,9/15/1963,,Cudayari,Pacifico,Patía,Río Guáitara,2019,27,Andes,Preliminar,0,0,0,1.81889522075653,1.81889522075653,5.39463710784912,0.236402973532677,0,3.93818187713623,4.62545442581177,5,5,0.789855062961578,0.967391312122345,1,1,42,1.04999995231628,0
07,2004-07-28,52050040,,"",SANDONA [52050040],Pluviométrica,Convencional,Activa,Nariño,Sandoná,1.3223,-77.4792,20,9/15/1963,,Cudayari,Pacifico,Patía,Río Guáitara,2004,28,Andes,Preliminar,0,0,0,2.89638686180115,2.89638686180115,0,0.962560832500458,0.0384408235549927,3.93818187713623,4.62545442581177,5,5,0.789855062961578,0.967391312122345,1,1,42,1.04999995231628,0
07,2013-07-30,52050040,,"",SANDONA [52050040],Pluviométrica,Convencional,Activa,Nariño,Sandoná,1.3223,-77.4792,20,9/15/1963,,Cudayari,Pacifico,Patía,Río Guáitara,2013,30,Andes,Preliminar,0,0,0,0.493895620107651,0.493895620107651,0,0.182814121246338,0,3.93818187713623,4.62545442581177,5,5,0.789855062961578,0.967391312122345,1,1,42,1.04999995231628,0
07,2023-07-26,52050040,,"",SANDONA [52050040],Pluviométrica,Convencional,Activa,Nariño,Sandoná,1.3223,-77.4792,20,9/15/1963,,Cudayari,Pacifico,Patía,Río Guáitara,2023,26,Andes,Preliminar,0,0,0,0.508761703968048,0.508761703968048,14.8342504501343,0.273166984319687,0,3.93818187713623,4.62545442581177,5,5,0.789855062961578,0.967391312122345,1,1,42,1.04999995231628,0
07,2023-07-23,52050040,,"",SANDONA [52050040],Pluviométrica,Convencional,Activa,Nariño,Sandoná,1.3223,-77.4792,20,9/15/1963,,Cudayari,Pacifico,Patía,Río Guáitara,2023,23,Andes,Preliminar,0,0,0,0.169816181063652,0.169816181063652,13.4799165725708,1.18654727935791,2.62268805503845,3.93818187713623,4.62545442581177,5,5,0.789855062961578,0.967391312122345,1,1,41,1.04999995231628,0
07,2007-07-24,52050040,0,Definitivo,SANDONA [52050040],Pluviométrica,Convencional,Activa,Nariño,Sandoná,1.3223,-77.4792,20,9/15/1963,,Cudayari,Pacifico,Patía,Río Guáitara,2007,24,Andes,Definitivo,0,0,0,3.73985385894775,3.73985385894775,0,1.72169613838196,0.635214447975159,3.93818187713623,4.62545442581177,5,5,0.789855062961578,0.967391312122345,1,1,41,1.04999995231628,0
07,2007-07-27,52050040,0,Definitivo,SANDONA [52050040],Pluviométrica,Convencional,Activa,Nariño,Sandoná,1.3223,-77.4792,20,9/15/1963,,Cudayari,Pacifico,Patía,Río Guáitara,2007,27,Andes,Definitivo,0,0,0,0,0,14.2890110015869,7.01683282852173,9.89495468139648,3.93818187713623,4.62545442581177,5,5,0.789855062961578,0.967391312122345,1,1,42,1.04999995231628,0
07,2011-07-28,52050040,14,Definitivo,SANDONA [52050040],Pluviométrica,Convencional,Activa,Nariño,Sandoná,1.3223,-77.4792,20,9/15/1963,,Cudayari,Pacifico,Patía,Río Guáitara,2011,28,Andes,Definitivo,14,14,0,1.10125148296356,1.10125148296356,0,13.0068283081055,3.27104306221008,3.93818187713623,4.62545442581177,5,5,0.789855062961578,0.967391312122345,1,1,42,1.04999995231628,14.699999332428
07,2015-07-31,52050040,,"",SANDONA [52050040],Pluviométrica,Convencional,Activa,Nariño,Sandoná,1.3223,-77.4792,20,9/15/1963,,Cudayari,Pacifico,Patía,Río Guáitara,2015,31,Andes,Preliminar,0,0,0,5.93926095962524,5.93926095962524,0,2.69604444503784,0,3.93818187713623,4.62545442581177,5,5,0.789855062961578,0.967391312122345,1,1,42,1.04999995231628,0
07,2020-07-29,52050040,1,En revisión,SANDONA [52050040],Pluviométrica,Convencional,Activa,Nariño,Sandoná,1.3223,-77.4792,20,9/15/1963,,Cudayari,Pacifico,Patía,Río Guáitara,2020,29,Andes,En revisión,1,1,0,0.855268836021423,0.855268836021423,0,0.51024454832077,0,3.93818187713623,4.62545442581177,5,5,0.789855062961578,0.967391312122345,1,1,42,1.04999995231628,1.04999995231628
07,2009-07-26,52050040,,"",SANDONA [52050040],Pluviométrica,Convencional,Activa,Nariño,Sandoná,1.3223,-77.4792,20,9/15/1963,,Cudayari,Pacifico,Patía,Río Guáitara,2009,26,Andes,Preliminar,0,0,0,0,0,0,0.0794003531336784,0,3.93818187713623,4.62545442581177,5,5,0.789855062961578,0.967391312122345,1,1,42,1.04999995231628,0
07,2010-07-30,52050040,1,Definitivo,SANDONA [52050040],Pluviométrica,Convencional,Activa,Nariño,Sandoná,1.3223,-77.4792,20,9/15/1963,,Cudayari,Pacifico,Patía,Río Guáitara,2010,30,Andes,Definitivo,1,1,0,1.89084267616272,1.89084267616272,0,1.38739085197449,0.52753221988678,3.93818187713623,4.62545442581177,5,5,0.789855062961578,0.967391312122345,1,1,42,1.04999995231628,1.04999995231628
07,2014-07-28,52050040,,"",SANDONA [52050040],Pluviométrica,Convencional,Activa,Nariño,Sandoná,1.3223,-77.4792,20,9/15/1963,,Cudayari,Pacifico,Patía,Río Guáitara,2014,28,Andes,Preliminar,,,1,0.757361173629761,0.757361173629761,0,0.0488380640745163,0.107939511537552,3.93818187713623,4.62545442581177,5,5,0.789855062961578,0.967391312122345,1,1,42,1.04999995231628,
07,2005-07-30,52050040,,"",SANDONA [52050040],Pluviométrica,Convencional,Activa,Nariño,Sandoná,1.3223,-77.4792,20,9/15/1963,,Cudayari,Pacifico,Patía,Río Guáitara,2005,30,Andes,Preliminar,0,0,0,0.456211030483246,0.456211030483246,0,0.369836539030075,0.564022362232208,3.93818187713623,4.62545442581177,5,5,0.789855062961578,0.967391312122345,1,1,42,1.04999995231628,0
07,2019-07-28,52050040,,"",SANDONA [52050040],Pluviométrica,Convencional,Activa,Nariño,Sandoná,1.3223,-77.4792,20,9/15/1963,,Cudayari,Pacifico,Patía,Río Guáitara,2019,28,Andes,Preliminar,0,0,0,1.00000691413879,1.00000691413879,0,0.160530090332031,0.0856647193431854,3.93818187713623,4.62545442581177,5,5,0.789855062961578,0.967391312122345,1,1,42,1.04999995231628,0
07,2021-07-29,52050040,,"",SANDONA [52050040],Pluviométrica,Convencional,Activa,Nariño,Sandoná,1.3223,-77.4792,20,9/15/1963,,Cudayari,Pacifico,Patía,Río Guáitara,2021,29,Andes,Preliminar,0,0,0,1.06825160980225,1.06825160980225,0,1.44718611240387,0.195429384708405,3.93818187713623,4.62545442581177,5,5,0.789855062961578,0.967391312122345,1,1,42,1.04999995231628,0
07,2005-07-27,52050040,,"",SANDONA [52050040],Pluviométrica,Convencional,Activa,Nariño,Sandoná,1.3223,-77.4792,20,9/15/1963,,Cudayari,Pacifico,Patía,Río Guáitara,2005,27,Andes,Preliminar,0,0,0,0.456211030483246,0.456211030483246,0,0.384350955486298,0.0143801756203175,3.93818187713623,4.62545442581177,5,5,0.789855062961578,0.967391312122345,1,1,42,1.04999995231628,0
07,2007-07-22,52050040,34,Definitivo,SANDONA [52050040],Pluviométrica,Convencional,Activa,Nariño,Sandoná,1.3223,-77.4792,20,9/15/1963,,Cudayari,Pacifico,Patía,Río Guáitara,2007,22,Andes,Definitivo,34,34,0,0.699401319026947,0.699401319026947,0,8.53961849212647,1.12632930278778,3.93818187713623,4.62545442581177,5,5,0.789855062961578,0.967391312122345,1,1,41,1.04999995231628,35.6999983787537
07,2008-07-19,52050040,,"",SANDONA [52050040],Pluviométrica,Convencional,Activa,Nariño,Sandoná,1.3223,-77.4792,20,9/15/1963,,Cudayari,Pacifico,Patía,Río Guáitara,2008,19,Andes,Preliminar,0,0,0,0.71503472328186,0.71503472328186,0,0.44172215461731,0.219872608780861,3.93818187713623,4.62545442581177,5,5,0.789855062961578,0.967391312122345,1,1,40,1.04999995231628,0
07,2007-07-25,52050040,,"",SANDONA [52050040],Pluviométrica,Convencional,Activa,Nariño,Sandoná,1.3223,-77.4792,20,9/15/1963,,Cudayari,Pacifico,Patía,Río Guáitara,2007,25,Andes,Preliminar,0,0,0,1.81650042533875,1.81650042533875,24.3286590576172,3.17238283157349,26.3466949462891,3.93818187713623,4.62545442581177,5,5,0.789855062961578,0.967391312122345,1,1,41,1.04999995231628,0
07,2007-07-26,52050040,1,Definitivo,SANDONA [52050040],Pluviométrica,Convencional,Activa,Nariño,Sandoná,1.3223,-77.4792,20,9/15/1963,,Cudayari,Pacifico,Patía,Río Guáitara,2007,26,Andes,Definitivo,1,1,0,7.08053636550903,7.08053636550903,0,1.34120440483093,0.0783493891358376,3.93818187713623,4.62545442581177,5,5,0.789855062961578,0.967391312122345,1,1,42,1.04999995231628,1.04999995231628
07,2016-07-26,52050040,,"",SANDONA [52050040],Pluviométrica,Convencional,Activa,Nariño,Sandoná,1.3223,-77.4792,20,9/15/1963,,Cudayari,Pacifico,Patía,Río Guáitara,2016,26,Andes,Preliminar,0,0,0,0.355952560901642,0.355952560901642,0,0.319865584373474,0,3.93818187713623,4.62545442581177,5,5,0.789855062961578,0.967391312122345,1,1,42,1.04999995231628,0
07,2016-07-27,52050040,,"",SANDONA [52050040],Pluviométrica,Convencional,Activa,Nariño,Sandoná,1.3223,-77.4792,20,9/15/1963,,Cudayari,Pacifico,Patía,Río Guáitara,2016,27,Andes,Preliminar,0,0,0,1.90219438076019,1.90219438076019,0,0.234570607542992,0.0248153526335955,3.93818187713623,4.62545442581177,5,5,0.789855062961578,0.967391312122345,1,1,42,1.04999995231628,0
07,2022-07-31,52050040,9,En revisión,SANDONA [52050040],Pluviométrica,Convencional,Activa,Nariño,Sandoná,1.3223,-77.4792,20,9/15/1963,,Cudayari,Pacifico,Patía,Río Guáitara,2022,31,Andes,En revisión,9,9,0,1.08489489555359,1.08489489555359,0,2.59958457946777,7.77189350128174,3.93818187713623,4.62545442581177,5,5,0.789855062961578,0.967391312122345,1,1,42,1.04999995231628,9.44999957084656
07,2023-07-31,52050040,,"",SANDONA [52050040],Pluviométrica,Convencional,Activa,Nariño,Sandoná,1.3223,-77.4792,20,9/15/1963,,Cudayari,Pacifico,Patía,Río Guáitara,2023,31,Andes,Preliminar,0,0,0,0.647188603878021,0.647188603878021,0,0.242278426885605,0,3.93818187713623,4.62545442581177,5,5,0.789855062961578,0.967391312122345,1,1,42,1.04999995231628,0
07,2005-07-29,52050040,,"",SANDONA [52050040],Pluviométrica,Convencional,Activa,Nariño,Sandoná,1.3223,-77.4792,20,9/15/1963,,Cudayari,Pacifico,Patía,Río Guáitara,2005,29,Andes,Preliminar,0,0,0,0.456211030483246,0.456211030483246,0,0.106044925749302,0.624738693237305,3.93818187713623,4.62545442581177,5,5,0.789855062961578,0.967391312122345,1,1,42,1.04999995231628,0
07,2012-07-27,52050040,,"",SANDONA [52050040],Pluviométrica,Convencional,Activa,Nariño,Sandoná,1.3223,-77.4792,20,9/15/1963,,Cudayari,Pacifico,Patía,Río Guáitara,2012,27,Andes,Preliminar,,,1,0.641982972621918,0.641982972621918,0,0.342942625284195,0.0475918464362621,3.93818187713623,4.62545442581177,5,5,0.789855062961578,0.967391312122345,1,1,42,1.04999995231628,
07,2003-07-31,52050040,,"",SANDONA [52050040],Pluviométrica,Convencional,Activa,Nariño,Sandoná,1.3223,-77.4792,20,9/15/1963,,Cudayari,Pacifico,Patía,Río Guáitara,2003,31,Andes,Preliminar,0,0,0,3.83533620834351,3.83533620834351,0,1.24123895168304,0.20178347826004,3.93818187713623,4.62545442581177,5,5,0.789855062961578,0.967391312122345,1,1,42,1.04999995231628,0
07,2005-07-25,52050040,,"",SANDONA [52050040],Pluviométrica,Convencional,Activa,Nariño,Sandoná,1.3223,-77.4792,20,9/15/1963,,Cudayari,Pacifico,Patía,Río Guáitara,2005,25,Andes,Preliminar,0,0,0,0,0,0,0.373709589242935,0,3.93818187713623,4.62545442581177,5,5,0.789855062961578,0.967391312122345,1,1,41,1.04999995231628,0
07,2023-07-28,52050040,,"",SANDONA [52050040],Pluviométrica,Convencional,Activa,Nariño,Sandoná,1.3223,-77.4792,20,9/15/1963,,Cudayari,Pacifico,Patía,Río Guáitara,2023,28,Andes,Preliminar,0,0,0,0.732051372528076,0.732051372528076,0,0.351642280817032,1.23801708221436,3.93818187713623,4.62545442581177,5,5,0.789855062961578,0.967391312122345,1,1,42,1.04999995231628,0
07,2021-07-28,52050040,,"",SANDONA [52050040],Pluviométrica,Convencional,Activa,Nariño,Sandoná,1.3223,-77.4792,20,9/15/1963,,Cudayari,Pacifico,Patía,Río Guáitara,2021,28,Andes,Preliminar,0,0,0,0.574307560920715,0.574307560920715,45.5584907531738,0.708563983440399,0.477406144142151,3.93818187713623,4.62545442581177,5,5,0.789855062961578,0.967391312122345,1,1,42,1.04999995231628,0
07,2023-07-25,52050040,,"",SANDONA [52050040],Pluviométrica,Convencional,Activa,Nariño,Sandoná,1.3223,-77.4792,20,9/15/1963,,Cudayari,Pacifico,Patía,Río Guáitara,2023,25,Andes,Preliminar,0,0,0,1.01049864292145,1.01049864292145,0,0.978378295898438,0.484015375375748,3.93818187713623,4.62545442581177,5,5,0.789855062961578,0.967391312122345,1,1,41,1.04999995231628,0
07,2008-07-20,52050040,,"",SANDONA [52050040],Pluviométrica,Convencional,Activa,Nariño,Sandoná,1.3223,-77.4792,20,9/15/1963,,Cudayari,Pacifico,Patía,Río Guáitara,2008,20,Andes,Preliminar,0,0,0,1.24279856681824,1.24279856681824,0,0.157683357596397,1.28607439994812,3.93818187713623,4.62545442581177,5,5,0.789855062961578,0.967391312122345,1,1,40,1.04999995231628,0
07,2008-07-21,52050040,,"",SANDONA [52050040],Pluviométrica,Convencional,Activa,Nariño,Sandoná,1.3223,-77.4792,20,9/15/1963,,Cudayari,Pacifico,Patía,Río Guáitara,2008,21,Andes,Preliminar,0,0,0,0.182178020477295,0.182178020477295,0,0.110310442745686,0,3.93818187713623,4.62545442581177,5,5,0.789855062961578,0.967391312122345,1,1,41,1.04999995231628,0
07,2009-07-27,52050040,,"",SANDONA [52050040],Pluviométrica,Convencional,Activa,Nariño,Sandoná,1.3223,-77.4792,20,9/15/1963,,Cudayari,Pacifico,Patía,Río Guáitara,2009,27,Andes,Preliminar,0,0,0,0.352910250425339,0.352910250425339,0,0.230593994259834,0.677876591682434,3.93818187713623,4.62545442581177,5,5,0.789855062961578,0.967391312122345,1,1,42,1.04999995231628,0
07,2011-07-29,52050040,20,Definitivo,SANDONA [52050040],Pluviométrica,Convencional,Activa,Nariño,Sandoná,1.3223,-77.4792,20,9/15/1963,,Cudayari,Pacifico,Patía,Río Guáitara,2011,29,Andes,Definitivo,20,20,0,4.2305850982666,4.2305850982666,0,17.9276905059814,1.01707816123962,3.93818187713623,4.62545442581177,5,5,0.789855062961578,0.967391312122345,1,1,42,1.04999995231628,20.9999990463257
07,2018-07-29,52050040,,"",SANDONA [52050040],Pluviométrica,Convencional,Activa,Nariño,Sandoná,1.3223,-77.4792,20,9/15/1963,,Cudayari,Pacifico,Patía,Río Guáitara,2018,29,Andes,Preliminar,0,0,0,1.02913272380829,1.02913272380829,0,2.25659918785095,1.09356379508972,3.93818187713623,4.62545442581177,5,5,0.789855062961578,0.967391312122345,1,1,42,1.04999995231628,0
07,2020-07-30,52050040,,"",SANDONA [52050040],Pluviométrica,Convencional,Activa,Nariño,Sandoná,1.3223,-77.4792,20,9/15/1963,,Cudayari,Pacifico,Patía,Río Guáitara,2020,30,Andes,Preliminar,0,0,0,1.1774240732193,1.1774240732193,0,0.143408447504044,0.751476466655731,3.93818187713623,4.62545442581177,5,5,0.789855062961578,0.967391312122345,1,1,42,1.04999995231628,0
07,2010-07-26,52050040,,"",SANDONA [52050040],Pluviométrica,Convencional,Activa,Nariño,Sandoná,1.3223,-77.4792,20,9/15/1963,,Cudayari,Pacifico,Patía,Río Guáitara,2010,26,Andes,Preliminar,0,0,0,1.39096474647522,1.39096474647522,0,0.203109785914421,1.09842336177826,3.93818187713623,4.62545442581177,5,5,0.789855062961578,0.967391312122345,1,1,42,1.04999995231628,0
07,2022-07-12,52050040,4,En revisión,SANDONA [52050040],Pluviométrica,Convencional,Activa,Nariño,Sandoná,1.3223,-77.4792,20,9/15/1963,,Cudayari,Pacifico,Patía,Río Guáitara,2022,12,Andes,En revisión,4,4,0,0.864860653877258,0.864860653877258,0,2.94266247749329,0.0612972751259804,3.93818187713623,4.62545442581177,5,5,0.789855062961578,0.967391312122345,1,1,39,1.04999995231628,4.19999980926514
07,2017-07-26,52050040,,"",SANDONA [52050040],Pluviométrica,Convencional,Activa,Nariño,Sandoná,1.3223,-77.4792,20,9/15/1963,,Cudayari,Pacifico,Patía,Río Guáitara,2017,26,Andes,Preliminar,0,0,0,0.780077457427979,0.780077457427979,0,0.65014123916626,0,3.93818187713623,4.62545442581177,5,5,0.789855062961578,0.967391312122345,1,1,42,1.04999995231628,0
07,2017-07-27,52050040,,"",SANDONA [52050040],Pluviométrica,Convencional,Activa,Nariño,Sandoná,1.3223,-77.4792,20,9/15/1963,,Cudayari,Pacifico,Patía,Río Guáitara,2017,27,Andes,Preliminar,0,0,0,1.21466660499573,1.21466660499573,0,0.0753890797495842,0.515832185745239,3.93818187713623,4.62545442581177,5,5,0.789855062961578,0.967391312122345,1,1,42,1.04999995231628,0
07,2005-07-26,52050040,,"",SANDONA [52050040],Pluviométrica,Convencional,Activa,Nariño,Sandoná,1.3223,-77.4792,20,9/15/1963,,Cudayari,Pacifico,Patía,Río Guáitara,2005,26,Andes,Preliminar,0,0,0,0.456211030483246,0.456211030483246,0,0.118793860077858,0.0894766449928284,3.93818187713623,4.62545442581177,5,5,0.789855062961578,0.967391312122345,1,1,42,1.04999995231628,0
07,2006-07-24,52050040,6,Definitivo,SANDONA [52050040],Pluviométrica,Convencional,Activa,Nariño,Sandoná,1.3223,-77.4792,20,9/15/1963,,Cudayari,Pacifico,Patía,Río Guáitara,2006,24,Andes,Definitivo,6,6,0,1.7147159576416,1.7147159576416,0,1.70083773136139,1.67195868492126,3.93818187713623,4.62545442581177,5,5,0.789855062961578,0.967391312122345,1,1,41,1.04999995231628,6.29999971389771
07,2008-07-18,52050040,0,Definitivo,SANDONA [52050040],Pluviométrica,Convencional,Activa,Nariño,Sandoná,1.3223,-77.4792,20,9/15/1963,,Cudayari,Pacifico,Patía,Río Guáitara,2008,18,Andes,Definitivo,0,0,0,0.102147839963436,0.102147839963436,0,0.397276192903519,0.175177171826363,3.93818187713623,4.62545442581177,5,5,0.789855062961578,0.967391312122345,1,1,40,1.04999995231628,0
07,2021-07-23,52050040,,"",SANDONA [52050040],Pluviométrica,Convencional,Activa,Nariño,Sandoná,1.3223,-77.4792,20,9/15/1963,,Cudayari,Pacifico,Patía,Río Guáitara,2021,23,Andes,Preliminar,0,0,0,0.602639198303223,0.602639198303223,0,0.484284996986389,0.129815340042114,3.93818187713623,4.62545442581177,5,5,0.789855062961578,0.967391312122345,1,1,41,1.04999995231628,0
07,2021-07-20,52050040,,"",SANDONA [52050040],Pluviométrica,Convencional,Activa,Nariño,Sandoná,1.3223,-77.4792,20,9/15/1963,,Cudayari,Pacifico,Patía,Río Guáitara,2021,20,Andes,Preliminar,0,0,0,0.514193117618561,0.514193117618561,0,0.965883076190948,0,3.93818187713623,4.62545442581177,5,5,0.789855062961578,0.967391312122345,1,1,40,1.04999995231628,0
07,2008-07-22,52050040,,"",SANDONA [52050040],Pluviométrica,Convencional,Activa,Nariño,Sandoná,1.3223,-77.4792,20,9/15/1963,,Cudayari,Pacifico,Patía,Río Guáitara,2008,22,Andes,Preliminar,0,0,0,2.00395822525024,2.00395822525024,0,0.794457674026489,0.352933406829834,3.93818187713623,4.62545442581177,5,5,0.789855062961578,0.967391312122345,1,1,41,1.04999995231628,0
07,2010-07-24,52050040,,"",SANDONA [52050040],Pluviométrica,Convencional,Activa,Nariño,Sandoná,1.3223,-77.4792,20,9/15/1963,,Cudayari,Pacifico,Patía,Río Guáitara,2010,24,Andes,Preliminar,0,0,0,0.425729095935822,0.425729095935822,0,0.245123371481895,0,3.93818187713623,4.62545442581177,5,5,0.789855062961578,0.967391312122345,1,1,41,1.04999995231628,0
07,2014-07-27,52050040,,"",SANDONA [52050040],Pluviométrica,Convencional,Activa,Nariño,Sandoná,1.3223,-77.4792,20,9/15/1963,,Cudayari,Pacifico,Patía,Río Guáitara,2014,27,Andes,Preliminar,,,1,0.786859273910523,0.786859273910523,0,0.177205324172974,0.772041916847229,3.93818187713623,4.62545442581177,5,5,0.789855062961578,0.967391312122345,1,1,42,1.04999995231628,
07,2016-07-28,52050040,,"",SANDONA [52050040],Pluviométrica,Convencional,Activa,Nariño,Sandoná,1.3223,-77.4792,20,9/15/1963,,Cudayari,Pacifico,Patía,Río Guáitara,2016,28,Andes,Preliminar,0,0,0,1.77820456027985,1.77820456027985,0,0.514857649803162,1.68293190002441,3.93818187713623,4.62545442581177,5,5,0.789855062961578,0.967391312122345,1,1,42,1.04999995231628,0
07,2023-07-11,52050040,,"",SANDONA [52050040],Pluviométrica,Convencional,Activa,Nariño,Sandoná,1.3223,-77.4792,20,9/15/1963,,Cudayari,Pacifico,Patía,Río Guáitara,2023,11,Andes,Preliminar,0,0,0,0.864913761615753,0.864913761615753,0,0.677505612373352,0,3.93818187713623,4.62545442581177,5,5,0.789855062961578,0.967391312122345,1,1,39,1.04999995231628,0
07,2003-07-29,52050040,,"",SANDONA [52050040],Pluviométrica,Convencional,Activa,Nariño,Sandoná,1.3223,-77.4792,20,9/15/1963,,Cudayari,Pacifico,Patía,Río Guáitara,2003,29,Andes,Preliminar,0,0,0,0,0,0,0.256885975599289,0.243531793355942,3.93818187713623,4.62545442581177,5,5,0.789855062961578,0.967391312122345,1,1,42,1.04999995231628,0
07,2003-07-30,52050040,,"",SANDONA [52050040],Pluviométrica,Convencional,Activa,Nariño,Sandoná,1.3223,-77.4792,20,9/15/1963,,Cudayari,Pacifico,Patía,Río Guáitara,2003,30,Andes,Preliminar,0,0,0,0,0,0,0.418699443340302,0,3.93818187713623,4.62545442581177,5,5,0.789855062961578,0.967391312122345,1,1,42,1.04999995231628,0
07,2004-07-27,52050040,,"",SANDONA [52050040],Pluviométrica,Convencional,Activa,Nariño,Sandoná,1.3223,-77.4792,20,9/15/1963,,Cudayari,Pacifico,Patía,Río Guáitara,2004,27,Andes,Preliminar,0,0,0,0.389430165290833,0.389430165290833,0,1.35220921039581,0.0823731794953346,3.93818187713623,4.62545442581177,5,5,0.789855062961578,0.967391312122345,1,1,42,1.04999995231628,0
07,2019-07-29,52050040,,"",SANDONA [52050040],Pluviométrica,Convencional,Activa,Nariño,Sandoná,1.3223,-77.4792,20,9/15/1963,,Cudayari,Pacifico,Patía,Río Guáitara,2019,29,Andes,Preliminar,0,0,0,0.433598309755325,0.433598309755325,0,0.0454527735710144,0,3.93818187713623,4.62545442581177,5,5,0.789855062961578,0.967391312122345,1,1,42,1.04999995231628,0
07,2021-07-30,52050040,,"",SANDONA [52050040],Pluviométrica,Convencional,Activa,Nariño,Sandoná,1.3223,-77.4792,20,9/15/1963,,Cudayari,Pacifico,Patía,Río Guáitara,2021,30,Andes,Preliminar,0,0,0,3.34494972229004,3.34494972229004,0,1.53215003013611,4.38320255279541,3.93818187713623,4.62545442581177,5,5,0.789855062961578,0.967391312122345,1,1,42,1.04999995231628,0
07,2023-07-27,52050040,,"",SANDONA [52050040],Pluviométrica,Convencional,Activa,Nariño,Sandoná,1.3223,-77.4792,20,9/15/1963,,Cudayari,Pacifico,Patía,Río Guáitara,2023,27,Andes,Preliminar,0,0,0,0.68851363658905,0.68851363658905,0,0.153187841176987,0,3.93818187713623,4.62545442581177,5,5,0.789855062961578,0.967391312122345,1,1,42,1.04999995231628,0
07,2009-07-16,52050040,,"",SANDONA [52050040],Pluviométrica,Convencional,Activa,Nariño,Sandoná,1.3223,-77.4792,20,9/15/1963,,Cudayari,Pacifico,Patía,Río Guáitara,2009,16,Andes,Preliminar,0,0,0,0,0,0,0.100856617093086,0,3.93818187713623,4.62545442581177,5,5,0.789855062961578,0.967391312122345,1,1,40,1.04999995231628,0
07,2009-07-17,52050040,,"",SANDONA [52050040],Pluviométrica,Convencional,Activa,Nariño,Sandoná,1.3223,-77.4792,20,9/15/1963,,Cudayari,Pacifico,Patía,Río Guáitara,2009,17,Andes,Preliminar,0,0,0,0,0,0,0.238073512911797,0,3.93818187713623,4.62545442581177,5,5,0.789855062961578,0.967391312122345,1,1,40,1.04999995231628,0
07,2023-07-18,52050040,,"",SANDONA [52050040],Pluviométrica,Convencional,Activa,Nariño,Sandoná,1.3223,-77.4792,20,9/15/1963,,Cudayari,Pacifico,Patía,Río Guáitara,2023,18,Andes,Preliminar,0,0,0,0.745209336280823,0.745209336280823,0,0.318061053752899,0.0247061103582382,3.93818187713623,4.62545442581177,5,5,0.789855062961578,0.967391312122345,1,1,40,1.04999995231628,0
07,2023-07-15,52050040,,"",SANDONA [52050040],Pluviométrica,Convencional,Activa,Nariño,Sandoná,1.3223,-77.4792,20,9/15/1963,,Cudayari,Pacifico,Patía,Río Guáitara,2023,15,Andes,Preliminar,0,0,0,1.47608697414398,1.47608697414398,0,5.79838752746582,5.12043333053589,3.93818187713623,4.62545442581177,5,5,0.789855062961578,0.967391312122345,1,1,39,1.04999995231628,0
07,2009-07-28,52050040,,"",SANDONA [52050040],Pluviométrica,Convencional,Activa,Nariño,Sandoná,1.3223,-77.4792,20,9/15/1963,,Cudayari,Pacifico,Patía,Río Guáitara,2009,28,Andes,Preliminar,0,0,0,0.49407434463501,0.49407434463501,0,0.237078040838242,0,3.93818187713623,4.62545442581177,5,5,0.789855062961578,0.967391312122345,1,1,42,1.04999995231628,0
07,2007-07-30,52050040,,"",SANDONA [52050040],Pluviométrica,Convencional,Activa,Nariño,Sandoná,1.3223,-77.4792,20,9/15/1963,,Cudayari,Pacifico,Patía,Río Guáitara,2007,30,Andes,Preliminar,0,0,0,0,0,0,0.642640352249146,0,3.93818187713623,4.62545442581177,5,5,0.789855062961578,0.967391312122345,1,1,42,1.04999995231628,0
07,2004-07-31,52050040,,"",SANDONA [52050040],Pluviométrica,Convencional,Activa,Nariño,Sandoná,1.3223,-77.4792,20,9/15/1963,,Cudayari,Pacifico,Patía,Río Guáitara,2004,31,Andes,Preliminar,0,0,0,0,0,0,0.279630243778229,0.023339070379734,3.93818187713623,4.62545442581177,5,5,0.789855062961578,0.967391312122345,1,1,42,1.04999995231628,0
07,2008-07-25,52050040,,"",SANDONA [52050040],Pluviométrica,Convencional,Activa,Nariño,Sandoná,1.3223,-77.4792,20,9/15/1963,,Cudayari,Pacifico,Patía,Río Guáitara,2008,25,Andes,Preliminar,0,0,0,0.655840933322907,0.655840933322907,0,0.240730717778206,0.0787313058972359,3.93818187713623,4.62545442581177,5,5,0.789855062961578,0.967391312122345,1,1,41,1.04999995231628,0
07,2013-07-24,52050040,,"",SANDONA [52050040],Pluviométrica,Convencional,Activa,Nariño,Sandoná,1.3223,-77.4792,20,9/15/1963,,Cudayari,Pacifico,Patía,Río Guáitara,2013,24,Andes,Preliminar,0,0,0,0.507747709751129,0.507747709751129,0,0.281228929758072,0.0914562493562698,3.93818187713623,4.62545442581177,5,5,0.789855062961578,0.967391312122345,1,1,41,1.04999995231628,0
07,2012-07-28,52050040,,"",SANDONA [52050040],Pluviométrica,Convencional,Activa,Nariño,Sandoná,1.3223,-77.4792,20,9/15/1963,,Cudayari,Pacifico,Patía,Río Guáitara,2012,28,Andes,Preliminar,,,1,2.9859459400177,2.9859459400177,5.55059814453125,0.670874655246735,0.695369720458984,3.93818187713623,4.62545442581177,5,5,0.789855062961578,0.967391312122345,1,1,42,1.04999995231628,
07,2006-07-22,52050040,,"",SANDONA [52050040],Pluviométrica,Convencional,Activa,Nariño,Sandoná,1.3223,-77.4792,20,9/15/1963,,Cudayari,Pacifico,Patía,Río Guáitara,2006,22,Andes,Preliminar,0,0,0,1.43607473373413,1.43607473373413,0,1.97659993171692,0.0388827547430992,3.93818187713623,4.62545442581177,5,5,0.789855062961578,0.967391312122345,1,1,41,1.04999995231628,0
07,2006-07-23,52050040,,"",SANDONA [52050040],Pluviométrica,Convencional,Activa,Nariño,Sandoná,1.3223,-77.4792,20,9/15/1963,,Cudayari,Pacifico,Patía,Río Guáitara,2006,23,Andes,Preliminar,1,1,0,0.514414846897125,0.514414846897125,0,1.14370226860046,0.00706959282979369,3.93818187713623,4.62545442581177,5,5,0.789855062961578,0.967391312122345,1,1,41,1.04999995231628,1.04999995231628
07,2007-07-21,52050040,3,Definitivo,SANDONA [52050040],Pluviométrica,Convencional,Activa,Nariño,Sandoná,1.3223,-77.4792,20,9/15/1963,,Cudayari,Pacifico,Patía,Río Guáitara,2007,21,Andes,Definitivo,3,3,0,2.51590180397034,2.51590180397034,0,7.84973526000977,0.114691495895386,3.93818187713623,4.62545442581177,5,5,0.789855062961578,0.967391312122345,1,1,41,1.04999995231628,3.14999985694885
07,2022-07-26,52050040,8,En revisión,SANDONA [52050040],Pluviométrica,Convencional,Activa,Nariño,Sandoná,1.3223,-77.4792,20,9/15/1963,,Cudayari,Pacifico,Patía,Río Guáitara,2022,26,Andes,En revisión,8,8,0,2.87534379959106,2.87534379959106,0,2.3182909488678,2.05973720550537,3.93818187713623,4.62545442581177,5,5,0.789855062961578,0.967391312122345,1,1,42,1.04999995231628,8.39999961853027
07,2023-07-22,52050040,,"",SANDONA [52050040],Pluviométrica,Convencional,Activa,Nariño,Sandoná,1.3223,-77.4792,20,9/15/1963,,Cudayari,Pacifico,Patía,Río Guáitara,2023,22,Andes,Preliminar,0,0,0,0.472878724336624,0.472878724336624,0,0.652239501476288,0,3.93818187713623,4.62545442581177,5,5,0.789855062961578,0.967391312122345,1,1,41,1.04999995231628,0
07,2009-07-18,52050040,,"",SANDONA [52050040],Pluviométrica,Convencional,Activa,Nariño,Sandoná,1.3223,-77.4792,20,9/15/1963,,Cudayari,Pacifico,Patía,Río Guáitara,2009,18,Andes,Preliminar,0,0,0,0.0659292936325073,0.0659292936325073,0,0.33527410030365,0.150160983204842,3.93818187713623,4.62545442581177,5,5,0.789855062961578,0.967391312122345,1,1,40,1.04999995231628,0
07,2009-07-19,52050040,,"",SANDONA [52050040],Pluviométrica,Convencional,Activa,Nariño,Sandoná,1.3223,-77.4792,20,9/15/1963,,Cudayari,Pacifico,Patía,Río Guáitara,2009,19,Andes,Preliminar,0,0,0,0.0263717174530029,0.0263717174530029,0,0.270702928304672,1.19762539863586,3.93818187713623,4.62545442581177,5,5,0.789855062961578,0.967391312122345,1,1,40,1.04999995231628,0
07,2008-07-23,52050040,,"",SANDONA [52050040],Pluviométrica,Convencional,Activa,Nariño,Sandoná,1.3223,-77.4792,20,9/15/1963,,Cudayari,Pacifico,Patía,Río Guáitara,2008,23,Andes,Preliminar,0,0,0,1.36633539199829,1.36633539199829,0,0.0549563728272915,0.162892326712608,3.93818187713623,4.62545442581177,5,5,0.789855062961578,0.967391312122345,1,1,41,1.04999995231628,0
07,2012-07-26,52050040,,"",SANDONA [52050040],Pluviométrica,Convencional,Activa,Nariño,Sandoná,1.3223,-77.4792,20,9/15/1963,,Cudayari,Pacifico,Patía,Río Guáitara,2012,26,Andes,Preliminar,,,1,0.106258295476437,0.106258295476437,0,0.142147824168205,0,3.93818187713623,4.62545442581177,5,5,0.789855062961578,0.967391312122345,1,1,42,1.04999995231628,
07,2008-07-24,52050040,,"",SANDONA [52050040],Pluviométrica,Convencional,Activa,Nariño,Sandoná,1.3223,-77.4792,20,9/15/1963,,Cudayari,Pacifico,Patía,Río Guáitara,2008,24,Andes,Preliminar,0,0,0,0.874454617500305,0.874454617500305,0,0.180509775876999,0.786407947540283,3.93818187713623,4.62545442581177,5,5,0.789855062961578,0.967391312122345,1,1,41,1.04999995231628,0
07,2021-07-14,52050040,,"",SANDONA [52050040],Pluviométrica,Convencional,Activa,Nariño,Sandoná,1.3223,-77.4792,20,9/15/1963,,Cudayari,Pacifico,Patía,Río Guáitara,2021,14,Andes,Preliminar,0,0,0,1.25210452079773,1.25210452079773,0,1.06646311283112,0,3.93818187713623,4.62545442581177,5,5,0.789855062961578,0.967391312122345,1,1,39,1.04999995231628,0
07,2021-07-13,52050040,,"",SANDONA [52050040],Pluviométrica,Convencional,Activa,Nariño,Sandoná,1.3223,-77.4792,20,9/15/1963,,Cudayari,Pacifico,Patía,Río Guáitara,2021,13,Andes,Preliminar,0,0,0,1.43171882629395,1.43171882629395,0,0.924582362174988,0.672159969806671,3.93818187713623,4.62545442581177,5,5,0.789855062961578,0.967391312122345,1,1,39,1.04999995231628,0
07,2023-07-10,52050040,,"",SANDONA [52050040],Pluviométrica,Convencional,Activa,Nariño,Sandoná,1.3223,-77.4792,20,9/15/1963,,Cudayari,Pacifico,Patía,Río Guáitara,2023,10,Andes,Preliminar,0,0,0,0.67300283908844,0.67300283908844,0,1.30295038223267,0,3.93818187713623,4.62545442581177,5,5,0.789855062961578,0.967391312122345,1,1,38,1.04999995231628,0
07,2015-07-27,52050040,,"",SANDONA [52050040],Pluviométrica,Convencional,Activa,Nariño,Sandoná,1.3223,-77.4792,20,9/15/1963,,Cudayari,Pacifico,Patía,Río Guáitara,2015,27,Andes,Preliminar,1,1,0,3.78122973442078,3.78122973442078,0,1.63990962505341,4.36321830749512,3.93818187713623,4.62545442581177,5,5,0.789855062961578,0.967391312122345,1,1,42,1.04999995231628,1.04999995231628
07,2017-07-28,52050040,,"",SANDONA [52050040],Pluviométrica,Convencional,Activa,Nariño,Sandoná,1.3223,-77.4792,20,9/15/1963,,Cudayari,Pacifico,Patía,Río Guáitara,2017,28,Andes,Preliminar,0,0,0,1.19515609741211,1.19515609741211,0,0.0963928028941154,0,3.93818187713623,4.62545442581177,5,5,0.789855062961578,0.967391312122345,1,1,42,1.04999995231628,0
07,2022-07-27,52050040,5,En revisión,SANDONA [52050040],Pluviométrica,Convencional,Activa,Nariño,Sandoná,1.3223,-77.4792,20,9/15/1963,,Cudayari,Pacifico,Patía,Río Guáitara,2022,27,Andes,En revisión,5,5,0,3.43323016166687,3.43323016166687,0,5.03326368331909,8.37574291229248,3.93818187713623,4.62545442581177,5,5,0.789855062961578,0.967391312122345,1,1,42,1.04999995231628,5.24999976158142
07,2009-07-15,52050040,,"",SANDONA [52050040],Pluviométrica,Convencional,Activa,Nariño,Sandoná,1.3223,-77.4792,20,9/15/1963,,Cudayari,Pacifico,Patía,Río Guáitara,2009,15,Andes,Preliminar,0,0,0,0,0,0,0.2771415412426,0.0825170874595642,3.93818187713623,4.62545442581177,5,5,0.789855062961578,0.967391312122345,1,1,39,1.04999995231628,0
07,2010-07-13,52050040,6,Definitivo,SANDONA [52050040],Pluviométrica,Convencional,Activa,Nariño,Sandoná,1.3223,-77.4792,20,9/15/1963,,Cudayari,Pacifico,Patía,Río Guáitara,2010,13,Andes,Definitivo,6,6,0,2.84074091911316,2.84074091911316,0,4.72597408294678,7.75680780410767,3.93818187713623,4.62545442581177,5,5,0.789855062961578,0.967391312122345,1,1,39,1.04999995231628,6.29999971389771
07,2023-07-20,52050040,,"",SANDONA [52050040],Pluviométrica,Convencional,Activa,Nariño,Sandoná,1.3223,-77.4792,20,9/15/1963,,Cudayari,Pacifico,Patía,Río Guáitara,2023,20,Andes,Preliminar,0,0,0,0.374478787183762,0.374478787183762,0,0.0736945495009422,0,3.93818187713623,4.62545442581177,5,5,0.789855062961578,0.967391312122345,1,1,40,1.04999995231628,0
07,2023-07-17,52050040,,"",SANDONA [52050040],Pluviométrica,Convencional,Activa,Nariño,Sandoná,1.3223,-77.4792,20,9/15/1963,,Cudayari,Pacifico,Patía,Río Guáitara,2023,17,Andes,Preliminar,0,0,0,1.76922106742859,1.76922106742859,0,0.509122610092163,1.22880387306213,3.93818187713623,4.62545442581177,5,5,0.789855062961578,0.967391312122345,1,1,40,1.04999995231628,0
07,2021-07-17,52050040,1,En revisión,SANDONA [52050040],Pluviométrica,Convencional,Activa,Nariño,Sandoná,1.3223,-77.4792,20,9/15/1963,,Cudayari,Pacifico,Patía,Río Guáitara,2021,17,Andes,En revisión,1,1,0,1.04698085784912,1.04698085784912,0,2.17529034614563,0.720293462276459,3.93818187713623,4.62545442581177,5,5,0.789855062961578,0.967391312122345,1,1,40,1.04999995231628,1.04999995231628
07,2010-07-25,52050040,2,Definitivo,SANDONA [52050040],Pluviométrica,Convencional,Activa,Nariño,Sandoná,1.3223,-77.4792,20,9/15/1963,,Cudayari,Pacifico,Patía,Río Guáitara,2010,25,Andes,Definitivo,2,2,0,0.818709671497345,0.818709671497345,0,0.368667334318161,0,3.93818187713623,4.62545442581177,5,5,0.789855062961578,0.967391312122345,1,1,41,1.04999995231628,2.09999990463257
07,2023-07-14,52050040,5,En revisión,SANDONA [52050040],Pluviométrica,Convencional,Activa,Nariño,Sandoná,1.3223,-77.4792,20,9/15/1963,,Cudayari,Pacifico,Patía,Río Guáitara,2023,14,Andes,En revisión,5,5,0,2.83386874198914,2.83386874198914,0,3.1441969871521,0.765716135501862,3.93818187713623,4.62545442581177,5,5,0.789855062961578,0.967391312122345,1,1,39,1.04999995231628,5.24999976158142
07,2002-07-31,52050040,,"",SANDONA [52050040],Pluviométrica,Convencional,Activa,Nariño,Sandoná,1.3223,-77.4792,20,9/15/1963,,Cudayari,Pacifico,Patía,Río Guáitara,2002,31,Andes,Preliminar,0,0,0,4.16148567199707,4.16148567199707,0,0.448587715625763,1.34052348136902,3.93818187713623,4.62545442581177,5,5,0.789855062961578,0.967391312122345,1,1,42,1.04999995231628,0
07,2004-07-25,52050040,,"",SANDONA [52050040],Pluviométrica,Convencional,Activa,Nariño,Sandoná,1.3223,-77.4792,20,9/15/1963,,Cudayari,Pacifico,Patía,Río Guáitara,2004,25,Andes,Preliminar,0,0,0,0.463365167379379,0.463365167379379,0,0.956761538982391,3.14004302024841,3.93818187713623,4.62545442581177,5,5,0.789855062961578,0.967391312122345,1,1,41,1.04999995231628,0
07,2004-07-26,52050040,,"",SANDONA [52050040],Pluviométrica,Convencional,Activa,Nariño,Sandoná,1.3223,-77.4792,20,9/15/1963,,Cudayari,Pacifico,Patía,Río Guáitara,2004,26,Andes,Preliminar,0,0,0,1.60639941692352,1.60639941692352,5.92349004745483,0.485717684030533,3.86055684089661,3.93818187713623,4.62545442581177,5,5,0.789855062961578,0.967391312122345,1,1,42,1.04999995231628,0
07,2005-07-24,52050040,,"",SANDONA [52050040],Pluviométrica,Convencional,Activa,Nariño,Sandoná,1.3223,-77.4792,20,9/15/1963,,Cudayari,Pacifico,Patía,Río Guáitara,2005,24,Andes,Preliminar,0,0,0,0,0,0,0.182393431663513,0,3.93818187713623,4.62545442581177,5,5,0.789855062961578,0.967391312122345,1,1,41,1.04999995231628,0
07,2007-07-19,52050040,1,Definitivo,SANDONA [52050040],Pluviométrica,Convencional,Activa,Nariño,Sandoná,1.3223,-77.4792,20,9/15/1963,,Cudayari,Pacifico,Patía,Río Guáitara,2007,19,Andes,Definitivo,1,1,0,0.822831094264984,0.822831094264984,0,1.50895583629608,1.00831651687622,3.93818187713623,4.62545442581177,5,5,0.789855062961578,0.967391312122345,1,1,40,1.04999995231628,1.04999995231628
07,2007-07-20,52050040,0,Definitivo,SANDONA [52050040],Pluviométrica,Convencional,Activa,Nariño,Sandoná,1.3223,-77.4792,20,9/15/1963,,Cudayari,Pacifico,Patía,Río Guáitara,2007,20,Andes,Definitivo,0,0,0,1.9729243516922,1.9729243516922,0,2.010409116745,1.07716310024261,3.93818187713623,4.62545442581177,5,5,0.789855062961578,0.967391312122345,1,1,40,1.04999995231628,0
07,2022-07-28,52050040,,"",SANDONA [52050040],Pluviométrica,Convencional,Activa,Nariño,Sandoná,1.3223,-77.4792,20,9/15/1963,,Cudayari,Pacifico,Patía,Río Guáitara,2022,28,Andes,Preliminar,0,0,0,0.984059453010559,0.984059453010559,0,5.74474859237671,0,3.93818187713623,4.62545442581177,5,5,0.789855062961578,0.967391312122345,1,1,42,1.04999995231628,0
07,2021-07-27,52050040,16,En revisión,SANDONA [52050040],Pluviométrica,Convencional,Activa,Nariño,Sandoná,1.3223,-77.4792,20,9/15/1963,,Cudayari,Pacifico,Patía,Río Guáitara,2021,27,Andes,En revisión,16,16,0,2.36204886436462,2.36204886436462,0,3.90471816062927,2.03246569633484,3.93818187713623,4.62545442581177,5,5,0.789855062961578,0.967391312122345,1,1,42,1.04999995231628,16.7999992370605
07,2010-07-14,52050040,7,Definitivo,SANDONA [52050040],Pluviométrica,Convencional,Activa,Nariño,Sandoná,1.3223,-77.4792,20,9/15/1963,,Cudayari,Pacifico,Patía,Río Guáitara,2010,14,Andes,Definitivo,7,7,0,3.26514101028442,3.26514101028442,73.8412094116211,9.51971817016602,15.2637710571289,3.93818187713623,4.62545442581177,5,5,0.789855062961578,0.967391312122345,1,1,39,1.04999995231628,7.34999966621399
07,2010-07-15,52050040,17,Definitivo,SANDONA [52050040],Pluviométrica,Convencional,Activa,Nariño,Sandoná,1.3223,-77.4792,20,9/15/1963,,Cudayari,Pacifico,Patía,Río Guáitara,2010,15,Andes,Definitivo,17,17,0,4.7505407333374,4.7505407333374,0,16.3713207244873,12.3237371444702,3.93818187713623,4.62545442581177,5,5,0.789855062961578,0.967391312122345,1,1,39,1.04999995231628,17.8499991893768
07,2010-07-16,52050040,,"",SANDONA [52050040],Pluviométrica,Convencional,Activa,Nariño,Sandoná,1.3223,-77.4792,20,9/15/1963,,Cudayari,Pacifico,Patía,Río Guáitara,2010,16,Andes,Preliminar,0,0,0,6.4407377243042,6.4407377243042,11.7805471420288,4.22610187530518,9.32042694091797,3.93818187713623,4.62545442581177,5,5,0.789855062961578,0.967391312122345,1,1,40,1.04999995231628,0
07,2023-07-12,52050040,,"",SANDONA [52050040],Pluviométrica,Convencional,Activa,Nariño,Sandoná,1.3223,-77.4792,20,9/15/1963,,Cudayari,Pacifico,Patía,Río Guáitara,2023,12,Andes,Preliminar,0,0,0,0.782445192337036,0.782445192337036,0,1.15455210208893,5.85326623916626,3.93818187713623,4.62545442581177,5,5,0.789855062961578,0.967391312122345,1,1,39,1.04999995231628,0
07,2004-07-30,52050040,1,Definitivo,SANDONA [52050040],Pluviométrica,Convencional,Activa,Nariño,Sandoná,1.3223,-77.4792,20,9/15/1963,,Cudayari,Pacifico,Patía,Río Guáitara,2004,30,Andes,Definitivo,1,1,0,0.0973575413227081,0.0973575413227081,0,0.201859846711159,0.0658985525369644,3.93818187713623,4.62545442581177,5,5,0.789855062961578,0.967391312122345,1,1,42,1.04999995231628,1.04999995231628
07,2009-07-21,52050040,1,Definitivo,SANDONA [52050040],Pluviométrica,Convencional,Activa,Nariño,Sandoná,1.3223,-77.4792,20,9/15/1963,,Cudayari,Pacifico,Patía,Río Guáitara,2009,21,Andes,Definitivo,1,1,0,0.17954595386982,0.17954595386982,0,3.35237789154053,3.69954395294189,3.93818187713623,4.62545442581177,5,5,0.789855062961578,0.967391312122345,1,1,41,1.04999995231628,1.04999995231628
07,2009-07-22,52050040,10,Definitivo,SANDONA [52050040],Pluviométrica,Convencional,Activa,Nariño,Sandoná,1.3223,-77.4792,20,9/15/1963,,Cudayari,Pacifico,Patía,Río Guáitara,2009,22,Andes,Definitivo,10,10,0,3.31343865394592,3.31343865394592,7.47622299194336,1.42433679103851,0.231221452355385,3.93818187713623,4.62545442581177,5,5,0.789855062961578,0.967391312122345,1,1,41,1.04999995231628,10.4999995231628
07,2011-07-24,52050040,,"",SANDONA [52050040],Pluviométrica,Convencional,Activa,Nariño,Sandoná,1.3223,-77.4792,20,9/15/1963,,Cudayari,Pacifico,Patía,Río Guáitara,2011,24,Andes,Preliminar,0,0,0,0.920412302017212,0.920412302017212,0,0.889327108860016,0.20265556871891,3.93818187713623,4.62545442581177,5,5,0.789855062961578,0.967391312122345,1,1,41,1.04999995231628,0
07,2013-07-25,52050040,,"",SANDONA [52050040],Pluviométrica,Convencional,Activa,Nariño,Sandoná,1.3223,-77.4792,20,9/15/1963,,Cudayari,Pacifico,Patía,Río Guáitara,2013,25,Andes,Preliminar,0,0,0,2.98243737220764,2.98243737220764,0,2.01967358589172,5.93272733688355,3.93818187713623,4.62545442581177,5,5,0.789855062961578,0.967391312122345,1,1,41,1.04999995231628,0
07,2016-07-23,52050040,,"",SANDONA [52050040],Pluviométrica,Convencional,Activa,Nariño,Sandoná,1.3223,-77.4792,20,9/15/1963,,Cudayari,Pacifico,Patía,Río Guáitara,2016,23,Andes,Preliminar,0,0,0,2.20620560646057,2.20620560646057,0,3.99187231063843,0.312443673610687,3.93818187713623,4.62545442581177,5,5,0.789855062961578,0.967391312122345,1,1,41,1.04999995231628,0
07,2015-07-28,52050040,,"",SANDONA [52050040],Pluviométrica,Convencional,Activa,Nariño,Sandoná,1.3223,-77.4792,20,9/15/1963,,Cudayari,Pacifico,Patía,Río Guáitara,2015,28,Andes,Preliminar,0,0,0,3.56526875495911,3.56526875495911,23.1382789611816,1.98024034500122,1.23812139034271,3.93818187713623,4.62545442581177,5,5,0.789855062961578,0.967391312122345,1,1,42,1.04999995231628,0
07,2008-07-17,52050040,1,Definitivo,SANDONA [52050040],Pluviométrica,Convencional,Activa,Nariño,Sandoná,1.3223,-77.4792,20,9/15/1963,,Cudayari,Pacifico,Patía,Río Guáitara,2008,17,Andes,Definitivo,1,1,0,2.1961784362793,2.1961784362793,6.39037656784058,0.633369028568268,0.193199530243874,3.93818187713623,4.62545442581177,5,5,0.789855062961578,0.967391312122345,1,1,40,1.04999995231628,1.04999995231628
07,2010-07-12,52050040,10,Definitivo,SANDONA [52050040],Pluviométrica,Convencional,Activa,Nariño,Sandoná,1.3223,-77.4792,20,9/15/1963,,Cudayari,Pacifico,Patía,Río Guáitara,2010,12,Andes,Definitivo,10,10,0,4.72316026687622,4.72316026687622,0,15.9788732528687,17.1347007751465,3.93818187713623,4.62545442581177,5,5,0.789855062961578,0.967391312122345,1,1,39,1.04999995231628,10.4999995231628
07,2021-07-25,52050040,11,En revisión,SANDONA [52050040],Pluviométrica,Convencional,Activa,Nariño,Sandoná,1.3223,-77.4792,20,9/15/1963,,Cudayari,Pacifico,Patía,Río Guáitara,2021,25,Andes,En revisión,11,11,0,1.18483948707581,1.18483948707581,0,1.97993457317352,1.48142230510712,3.93818187713623,4.62545442581177,5,5,0.789855062961578,0.967391312122345,1,1,41,1.04999995231628,11.5499994754791
07,2021-07-22,52050040,,"",SANDONA [52050040],Pluviométrica,Convencional,Activa,Nariño,Sandoná,1.3223,-77.4792,20,9/15/1963,,Cudayari,Pacifico,Patía,Río Guáitara,2021,22,Andes,Preliminar,0,0,0,0.961429238319397,0.961429238319397,0,0.525089681148529,0,3.93818187713623,4.62545442581177,5,5,0.789855062961578,0.967391312122345,1,1,41,1.04999995231628,0
07,2023-07-19,52050040,,"",SANDONA [52050040],Pluviométrica,Convencional,Activa,Nariño,Sandoná,1.3223,-77.4792,20,9/15/1963,,Cudayari,Pacifico,Patía,Río Guáitara,2023,19,Andes,Preliminar,0,0,0,0.0868424326181412,0.0868424326181412,0,0.0458453223109245,0.172942772507668,3.93818187713623,4.62545442581177,5,5,0.789855062961578,0.967391312122345,1,1,40,1.04999995231628,0
07,2009-07-20,52050040,,"",SANDONA [52050040],Pluviométrica,Convencional,Activa,Nariño,Sandoná,1.3223,-77.4792,20,9/15/1963,,Cudayari,Pacifico,Patía,Río Guáitara,2009,20,Andes,Preliminar,0,0,0,2.61080002784729,2.61080002784729,0,0.501765787601471,0.0988865047693253,3.93818187713623,4.62545442581177,5,5,0.789855062961578,0.967391312122345,1,1,40,1.04999995231628,0
07,2010-07-17,52050040,1,Definitivo,SANDONA [52050040],Pluviométrica,Convencional,Activa,Nariño,Sandoná,1.3223,-77.4792,20,9/15/1963,,Cudayari,Pacifico,Patía,Río Guáitara,2010,17,Andes,Definitivo,1,1,0,3.32269859313965,3.32269859313965,0,2.85560369491577,0.311719954013824,3.93818187713623,4.62545442581177,5,5,0.789855062961578,0.967391312122345,1,1,40,1.04999995231628,1.04999995231628
07,2022-07-15,52050040,5,En revisión,SANDONA [52050040],Pluviométrica,Convencional,Activa,Nariño,Sandoná,1.3223,-77.4792,20,9/15/1963,,Cudayari,Pacifico,Patía,Río Guáitara,2022,15,Andes,En revisión,5,5,0,1.47252130508423,1.47252130508423,0,1.73520874977112,6.32168483734131,3.93818187713623,4.62545442581177,5,5,0.789855062961578,0.967391312122345,1,1,39,1.04999995231628,5.24999976158142
07,2023-07-13,52050040,,"",SANDONA [52050040],Pluviométrica,Convencional,Activa,Nariño,Sandoná,1.3223,-77.4792,20,9/15/1963,,Cudayari,Pacifico,Patía,Río Guáitara,2023,13,Andes,Preliminar,0,0,0,1.25723373889923,1.25723373889923,33.0129165649414,2.36467146873474,1.39989840984344,3.93818187713623,4.62545442581177,5,5,0.789855062961578,0.967391312122345,1,1,39,1.04999995231628,0
07,2020-07-14,52050040,,"",SANDONA [52050040],Pluviométrica,Convencional,Activa,Nariño,Sandoná,1.3223,-77.4792,20,9/15/1963,,Cudayari,Pacifico,Patía,Río Guáitara,2020,14,Andes,Preliminar,0,0,0,1.21287417411804,1.21287417411804,0,0.624547839164734,1.08930885791779,3.93818187713623,4.62545442581177,5,5,0.789855062961578,0.967391312122345,1,1,39,1.04999995231628,0
07,2022-07-11,52050040,11,En revisión,SANDONA [52050040],Pluviométrica,Convencional,Activa,Nariño,Sandoná,1.3223,-77.4792,20,9/15/1963,,Cudayari,Pacifico,Patía,Río Guáitara,2022,11,Andes,En revisión,11,11,0,1.2876535654068,1.2876535654068,0,4.42150354385376,4.40533876419067,3.93818187713623,4.62545442581177,5,5,0.789855062961578,0.967391312122345,1,1,39,1.04999995231628,11.5499994754791
07,2023-07-09,52050040,,"",SANDONA [52050040],Pluviométrica,Convencional,Activa,Nariño,Sandoná,1.3223,-77.4792,20,9/15/1963,,Cudayari,Pacifico,Patía,Río Guáitara,2023,09,Andes,Preliminar,0,0,0,1.54280841350555,1.54280841350555,0,2.24020433425903,8.83908367156982,3.93818187713623,4.62545442581177,5,5,0.789855062961578,0.967391312122345,1,1,38,1.04999995231628,0
07,2023-07-08,52050040,4,En revisión,SANDONA [52050040],Pluviométrica,Convencional,Activa,Nariño,Sandoná,1.3223,-77.4792,20,9/15/1963,,Cudayari,Pacifico,Patía,Río Guáitara,2023,08,Andes,En revisión,4,4,0,1.18176412582397,1.18176412582397,0,7.70274114608765,4.46086359024048,3.93818187713623,4.62545442581177,5,5,0.789855062961578,0.967391312122345,1,1,38,1.04999995231628,4.19999980926514
07,2020-07-26,52050040,2,En revisión,SANDONA [52050040],Pluviométrica,Convencional,Activa,Nariño,Sandoná,1.3223,-77.4792,20,9/15/1963,,Cudayari,Pacifico,Patía,Río Guáitara,2020,26,Andes,En revisión,2,2,0,1.49028444290161,1.49028444290161,0,0.117109857499599,0,3.93818187713623,4.62545442581177,5,5,0.789855062961578,0.967391312122345,1,1,42,1.04999995231628,2.09999990463257
07,2020-07-27,52050040,,"",SANDONA [52050040],Pluviométrica,Convencional,Activa,Nariño,Sandoná,1.3223,-77.4792,20,9/15/1963,,Cudayari,Pacifico,Patía,Río Guáitara,2020,27,Andes,Preliminar,0,0,0,1.05161666870117,1.05161666870117,0,0.199782088398933,0,3.93818187713623,4.62545442581177,5,5,0.789855062961578,0.967391312122345,1,1,42,1.04999995231628,0
07,2008-07-12,52050040,8,Definitivo,SANDONA [52050040],Pluviométrica,Convencional,Activa,Nariño,Sandoná,1.3223,-77.4792,20,9/15/1963,,Cudayari,Pacifico,Patía,Río Guáitara,2008,12,Andes,Definitivo,8,8,0,0.412490874528885,0.412490874528885,0,1.13802707195282,0.47478911280632,3.93818187713623,4.62545442581177,5,5,0.789855062961578,0.967391312122345,1,1,39,1.04999995231628,8.39999961853027
07,2008-07-13,52050040,25,Definitivo,SANDONA [52050040],Pluviométrica,Convencional,Activa,Nariño,Sandoná,1.3223,-77.4792,20,9/15/1963,,Cudayari,Pacifico,Patía,Río Guáitara,2008,13,Andes,Definitivo,25,25,0,2.16145205497742,2.16145205497742,6.28933095932007,5.89841985702515,0,3.93818187713623,4.62545442581177,5,5,0.789855062961578,0.967391312122345,1,1,39,1.04999995231628,26.2499988079071
07,2011-07-12,52050040,2,Definitivo,SANDONA [52050040],Pluviométrica,Convencional,Activa,Nariño,Sandoná,1.3223,-77.4792,20,9/15/1963,,Cudayari,Pacifico,Patía,Río Guáitara,2011,12,Andes,Definitivo,2,2,0,0.574077725410461,0.574077725410461,0,0.378721445798874,0.684173047542572,3.93818187713623,4.62545442581177,5,5,0.789855062961578,0.967391312122345,1,1,39,1.04999995231628,2.09999990463257
07,2023-07-16,52050040,,"",SANDONA [52050040],Pluviométrica,Convencional,Activa,Nariño,Sandoná,1.3223,-77.4792,20,9/15/1963,,Cudayari,Pacifico,Patía,Río Guáitara,2023,16,Andes,Preliminar,0,0,0,0.589034557342529,0.589034557342529,0,0.479729115962982,0,3.93818187713623,4.62545442581177,5,5,0.789855062961578,0.967391312122345,1,1,40,1.04999995231628,0
07,2021-07-19,52050040,,"",SANDONA [52050040],Pluviométrica,Convencional,Activa,Nariño,Sandoná,1.3223,-77.4792,20,9/15/1963,,Cudayari,Pacifico,Patía,Río Guáitara,2021,19,Andes,Preliminar,0,0,0,2.30570507049561,2.30570507049561,0,1.25915312767029,0,3.93818187713623,4.62545442581177,5,5,0.789855062961578,0.967391312122345,1,1,40,1.04999995231628,0
07,2002-07-30,52050040,,"",SANDONA [52050040],Pluviométrica,Convencional,Activa,Nariño,Sandoná,1.3223,-77.4792,20,9/15/1963,,Cudayari,Pacifico,Patía,Río Guáitara,2002,30,Andes,Preliminar,0,0,0,0,0,0,0.32336488366127,0,3.93818187713623,4.62545442581177,5,5,0.789855062961578,0.967391312122345,1,1,42,1.04999995231628,0
07,2003-07-28,52050040,,"",SANDONA [52050040],Pluviométrica,Convencional,Activa,Nariño,Sandoná,1.3223,-77.4792,20,9/15/1963,,Cudayari,Pacifico,Patía,Río Guáitara,2003,28,Andes,Preliminar,0,0,0,0,0,0,0.169369339942932,0.0765385627746582,3.93818187713623,4.62545442581177,5,5,0.789855062961578,0.967391312122345,1,1,42,1.04999995231628,0
07,2005-07-22,52050040,,"",SANDONA [52050040],Pluviométrica,Convencional,Activa,Nariño,Sandoná,1.3223,-77.4792,20,9/15/1963,,Cudayari,Pacifico,Patía,Río Guáitara,2005,22,Andes,Preliminar,0,0,0,0,0,0,0.323936223983765,0.741476893424988,3.93818187713623,4.62545442581177,5,5,0.789855062961578,0.967391312122345,1,1,41,1.04999995231628,0
07,2005-07-23,52050040,,"",SANDONA [52050040],Pluviométrica,Convencional,Activa,Nariño,Sandoná,1.3223,-77.4792,20,9/15/1963,,Cudayari,Pacifico,Patía,Río Guáitara,2005,23,Andes,Preliminar,0,0,0,0,0,0,0.0768687948584557,0,3.93818187713623,4.62545442581177,5,5,0.789855062961578,0.967391312122345,1,1,41,1.04999995231628,0
07,2006-07-21,52050040,,"",SANDONA [52050040],Pluviométrica,Convencional,Activa,Nariño,Sandoná,1.3223,-77.4792,20,9/15/1963,,Cudayari,Pacifico,Patía,Río Guáitara,2006,21,Andes,Preliminar,0,0,0,0.15003764629364,0.15003764629364,0,0.789641916751862,0.0141391856595874,3.93818187713623,4.62545442581177,5,5,0.789855062961578,0.967391312122345,1,1,41,1.04999995231628,0
07,2008-07-15,52050040,1,Definitivo,SANDONA [52050040],Pluviométrica,Convencional,Activa,Nariño,Sandoná,1.3223,-77.4792,20,9/15/1963,,Cudayari,Pacifico,Patía,Río Guáitara,2008,15,Andes,Definitivo,1,1,0,0.874480664730072,0.874480664730072,0,4.76217889785767,1.68154489994049,3.93818187713623,4.62545442581177,5,5,0.789855062961578,0.967391312122345,1,1,39,1.04999995231628,1.04999995231628
07,2008-07-16,52050040,,"",SANDONA [52050040],Pluviométrica,Convencional,Activa,Nariño,Sandoná,1.3223,-77.4792,20,9/15/1963,,Cudayari,Pacifico,Patía,Río Guáitara,2008,16,Andes,Preliminar,0,0,0,0.783133268356323,0.783133268356323,0,0.25508651137352,0.0108134066686034,3.93818187713623,4.62545442581177,5,5,0.789855062961578,0.967391312122345,1,1,40,1.04999995231628,0
07,2009-07-14,52050040,,"",SANDONA [52050040],Pluviométrica,Convencional,Activa,Nariño,Sandoná,1.3223,-77.4792,20,9/15/1963,,Cudayari,Pacifico,Patía,Río Guáitara,2009,14,Andes,Preliminar,0,0,0,0.141901090741158,0.141901090741158,0,0.617092430591583,0.463012486696243,3.93818187713623,4.62545442581177,5,5,0.789855062961578,0.967391312122345,1,1,39,1.04999995231628,0
07,2020-07-28,52050040,,"",SANDONA [52050040],Pluviométrica,Convencional,Activa,Nariño,Sandoná,1.3223,-77.4792,20,9/15/1963,,Cudayari,Pacifico,Patía,Río Guáitara,2020,28,Andes,Preliminar,0,0,0,0.679457783699036,0.679457783699036,0,0.230871215462685,0,3.93818187713623,4.62545442581177,5,5,0.789855062961578,0.967391312122345,1,1,42,1.04999995231628,0
07,2023-07-24,52050040,,"",SANDONA [52050040],Pluviométrica,Convencional,Activa,Nariño,Sandoná,1.3223,-77.4792,20,9/15/1963,,Cudayari,Pacifico,Patía,Río Guáitara,2023,24,Andes,Preliminar,0,0,0,0.468414217233658,0.468414217233658,0,0.829209387302399,0,3.93818187713623,4.62545442581177,5,5,0.789855062961578,0.967391312122345,1,1,41,1.04999995231628,0
07,2022-07-23,52050040,15,En revisión,SANDONA [52050040],Pluviométrica,Convencional,Activa,Nariño,Sandoná,1.3223,-77.4792,20,9/15/1963,,Cudayari,Pacifico,Patía,Río Guáitara,2022,23,Andes,En revisión,15,15,0,1.58448815345764,1.58448815345764,0,7.39037847518921,4.0018162727356,3.93818187713623,4.62545442581177,5,5,0.789855062961578,0.967391312122345,1,1,41,1.04999995231628,15.7499992847443
07,2011-07-13,52050040,,"",SANDONA [52050040],Pluviométrica,Convencional,Activa,Nariño,Sandoná,1.3223,-77.4792,20,9/15/1963,,Cudayari,Pacifico,Patía,Río Guáitara,2011,13,Andes,Preliminar,0,0,0,0.726086795330048,0.726086795330048,0,1.07185304164886,0.0920863673090935,3.93818187713623,4.62545442581177,5,5,0.789855062961578,0.967391312122345,1,1,39,1.04999995231628,0
07,2004-07-29,52050040,,"",SANDONA [52050040],Pluviométrica,Convencional,Activa,Nariño,Sandoná,1.3223,-77.4792,20,9/15/1963,,Cudayari,Pacifico,Patía,Río Guáitara,2004,29,Andes,Preliminar,0,0,0,2.77468991279602,2.77468991279602,0,0.876495897769928,0.0878647342324257,3.93818187713623,4.62545442581177,5,5,0.789855062961578,0.967391312122345,1,1,42,1.04999995231628,0
07,2011-07-14,52050040,15,Definitivo,SANDONA [52050040],Pluviométrica,Convencional,Activa,Nariño,Sandoná,1.3223,-77.4792,20,9/15/1963,,Cudayari,Pacifico,Patía,Río Guáitara,2011,14,Andes,Definitivo,15,15,0,1.70329976081848,1.70329976081848,0,1.04187417030334,1.3122307062149,3.93818187713623,4.62545442581177,5,5,0.789855062961578,0.967391312122345,1,1,39,1.04999995231628,15.7499992847443
07,2010-07-18,52050040,,"",SANDONA [52050040],Pluviométrica,Convencional,Activa,Nariño,Sandoná,1.3223,-77.4792,20,9/15/1963,,Cudayari,Pacifico,Patía,Río Guáitara,2010,18,Andes,Preliminar,0,0,0,0.132426396012306,0.132426396012306,0,1.42958188056946,0.307469248771668,3.93818187713623,4.62545442581177,5,5,0.789855062961578,0.967391312122345,1,1,40,1.04999995231628,0
07,2010-07-19,52050040,,"",SANDONA [52050040],Pluviométrica,Convencional,Activa,Nariño,Sandoná,1.3223,-77.4792,20,9/15/1963,,Cudayari,Pacifico,Patía,Río Guáitara,2010,19,Andes,Preliminar,0,0,0,0.300969064235687,0.300969064235687,0,0.599366307258606,0,3.93818187713623,4.62545442581177,5,5,0.789855062961578,0.967391312122345,1,1,40,1.04999995231628,0
07,2009-07-23,52050040,7,Definitivo,SANDONA [52050040],Pluviométrica,Convencional,Activa,Nariño,Sandoná,1.3223,-77.4792,20,9/15/1963,,Cudayari,Pacifico,Patía,Río Guáitara,2009,23,Andes,Definitivo,7,7,0,1.19153225421906,1.19153225421906,0,1.31921088695526,1.4335732460022,3.93818187713623,4.62545442581177,5,5,0.789855062961578,0.967391312122345,1,1,41,1.04999995231628,7.34999966621399
07,2011-07-25,52050040,,"",SANDONA [52050040],Pluviométrica,Convencional,Activa,Nariño,Sandoná,1.3223,-77.4792,20,9/15/1963,,Cudayari,Pacifico,Patía,Río Guáitara,2011,25,Andes,Preliminar,0,0,0,0.541790783405304,0.541790783405304,0,0.528211653232575,1.40170085430145,3.93818187713623,4.62545442581177,5,5,0.789855062961578,0.967391312122345,1,1,41,1.04999995231628,0
07,2011-07-26,52050040,,"",SANDONA [52050040],Pluviométrica,Convencional,Activa,Nariño,Sandoná,1.3223,-77.4792,20,9/15/1963,,Cudayari,Pacifico,Patía,Río Guáitara,2011,26,Andes,Preliminar,0,0,0,0.649207770824432,0.649207770824432,24.5687503814697,0.913857698440552,0.901585876941681,3.93818187713623,4.62545442581177,5,5,0.789855062961578,0.967391312122345,1,1,42,1.04999995231628,0
07,2016-07-24,52050040,3,Definitivo,SANDONA [52050040],Pluviométrica,Convencional,Activa,Nariño,Sandoná,1.3223,-77.4792,20,9/15/1963,,Cudayari,Pacifico,Patía,Río Guáitara,2016,24,Andes,Definitivo,3,3,0,1.81440222263336,1.81440222263336,0,5.42574214935303,0,3.93818187713623,4.62545442581177,5,5,0.789855062961578,0.967391312122345,1,1,41,1.04999995231628,3.14999985694885
07,2015-07-29,52050040,,"",SANDONA [52050040],Pluviométrica,Convencional,Activa,Nariño,Sandoná,1.3223,-77.4792,20,9/15/1963,,Cudayari,Pacifico,Patía,Río Guáitara,2015,29,Andes,Preliminar,0,0,0,3.06749796867371,3.06749796867371,0,4.03925180435181,1.73469400405884,3.93818187713623,4.62545442581177,5,5,0.789855062961578,0.967391312122345,1,1,42,1.04999995231628,0
07,2005-07-14,52050040,5,Definitivo,SANDONA [52050040],Pluviométrica,Convencional,Activa,Nariño,Sandoná,1.3223,-77.4792,20,9/15/1963,,Cudayari,Pacifico,Patía,Río Guáitara,2005,14,Andes,Definitivo,5,5,0,2.00536942481995,2.00536942481995,0,1.6495475769043,2.32548785209656,3.93818187713623,4.62545442581177,5,5,0.789855062961578,0.967391312122345,1,1,39,1.04999995231628,5.24999976158142
07,2009-07-09,52050040,,"",SANDONA [52050040],Pluviométrica,Convencional,Activa,Nariño,Sandoná,1.3223,-77.4792,20,9/15/1963,,Cudayari,Pacifico,Patía,Río Guáitara,2009,09,Andes,Preliminar,0,0,0,0.772864639759064,0.772864639759064,0,1.28020489215851,0.0805443301796913,3.93818187713623,4.62545442581177,5,5,0.789855062961578,0.967391312122345,1,1,38,1.04999995231628,0
07,2009-07-10,52050040,,"",SANDONA [52050040],Pluviométrica,Convencional,Activa,Nariño,Sandoná,1.3223,-77.4792,20,9/15/1963,,Cudayari,Pacifico,Patía,Río Guáitara,2009,10,Andes,Preliminar,0,0,0,0,0,0,1.10412180423737,0.363239079713821,3.93818187713623,4.62545442581177,5,5,0.789855062961578,0.967391312122345,1,1,38,1.04999995231628,0
07,2022-07-20,52050040,,"",SANDONA [52050040],Pluviométrica,Convencional,Activa,Nariño,Sandoná,1.3223,-77.4792,20,9/15/1963,,Cudayari,Pacifico,Patía,Río Guáitara,2022,20,Andes,Preliminar,0,0,0,3.63699579238892,3.63699579238892,0,2.31516075134277,1.3698034286499,3.93818187713623,4.62545442581177,5,5,0.789855062961578,0.967391312122345,1,1,40,1.04999995231628,0
07,2012-07-09,52050040,,"",SANDONA [52050040],Pluviométrica,Convencional,Activa,Nariño,Sandoná,1.3223,-77.4792,20,9/15/1963,,Cudayari,Pacifico,Patía,Río Guáitara,2012,09,Andes,Preliminar,,,1,0.71808785200119,0.71808785200119,0,0.209581464529037,0.138251274824142,3.93818187713623,4.62545442581177,5,5,0.789855062961578,0.967391312122345,1,1,38,1.04999995231628,
07,2020-07-20,52050040,1,En revisión,SANDONA [52050040],Pluviométrica,Convencional,Activa,Nariño,Sandoná,1.3223,-77.4792,20,9/15/1963,,Cudayari,Pacifico,Patía,Río Guáitara,2020,20,Andes,En revisión,1,1,0,0.897702991962433,0.897702991962433,0.807748973369598,0.660593807697296,1.57665348052979,3.93818187713623,4.62545442581177,5,5,0.789855062961578,0.967391312122345,1,1,40,1.04999995231628,1.04999995231628
07,2021-07-16,52050040,0,En revisión,SANDONA [52050040],Pluviométrica,Convencional,Activa,Nariño,Sandoná,1.3223,-77.4792,20,9/15/1963,,Cudayari,Pacifico,Patía,Río Guáitara,2021,16,Andes,En revisión,0,0,0,0.581525325775147,0.581525325775147,0,1.00510799884796,0.214343369007111,3.93818187713623,4.62545442581177,5,5,0.789855062961578,0.967391312122345,1,1,40,1.04999995231628,0
07,2022-07-14,52050040,27,En revisión,SANDONA [52050040],Pluviométrica,Convencional,Activa,Nariño,Sandoná,1.3223,-77.4792,20,9/15/1963,,Cudayari,Pacifico,Patía,Río Guáitara,2022,14,Andes,En revisión,27,27,0,1.13205564022064,1.13205564022064,0,3.96443653106689,2.4631826877594,3.93818187713623,4.62545442581177,5,5,0.789855062961578,0.967391312122345,1,1,39,1.04999995231628,28.3499987125397
07,2021-07-15,52050040,,"",SANDONA [52050040],Pluviométrica,Convencional,Activa,Nariño,Sandoná,1.3223,-77.4792,20,9/15/1963,,Cudayari,Pacifico,Patía,Río Guáitara,2021,15,Andes,Preliminar,0,0,0,0.866183578968048,0.866183578968048,0,0.758638501167297,0.878978431224823,3.93818187713623,4.62545442581177,5,5,0.789855062961578,0.967391312122345,1,1,39,1.04999995231628,0
07,2021-07-12,52050040,,"",SANDONA [52050040],Pluviométrica,Convencional,Activa,Nariño,Sandoná,1.3223,-77.4792,20,9/15/1963,,Cudayari,Pacifico,Patía,Río Guáitara,2021,12,Andes,Preliminar,0,0,0,1.29750216007233,1.29750216007233,0,0.782838225364685,4.17083883285522,3.93818187713623,4.62545442581177,5,5,0.789855062961578,0.967391312122345,1,1,39,1.04999995231628,0
07,2022-07-10,52050040,5,En revisión,SANDONA [52050040],Pluviométrica,Convencional,Activa,Nariño,Sandoná,1.3223,-77.4792,20,9/15/1963,,Cudayari,Pacifico,Patía,Río Guáitara,2022,10,Andes,En revisión,5,5,0,1.16243779659271,1.16243779659271,0,1.16194570064545,1.05044782161713,3.93818187713623,4.62545442581177,5,5,0.789855062961578,0.967391312122345,1,1,38,1.04999995231628,5.24999976158142
07,2021-07-11,52050040,,"",SANDONA [52050040],Pluviométrica,Convencional,Activa,Nariño,Sandoná,1.3223,-77.4792,20,9/15/1963,,Cudayari,Pacifico,Patía,Río Guáitara,2021,11,Andes,Preliminar,0,0,0,0.92614734172821,0.92614734172821,0,2.18945455551147,0,3.93818187713623,4.62545442581177,5,5,0.789855062961578,0.967391312122345,1,1,39,1.04999995231628,0
07,2022-07-09,52050040,,"",SANDONA [52050040],Pluviométrica,Convencional,Activa,Nariño,Sandoná,1.3223,-77.4792,20,9/15/1963,,Cudayari,Pacifico,Patía,Río Guáitara,2022,09,Andes,Preliminar,0,0,0,1.78725171089172,1.78725171089172,0,0.191742613911629,1.21205508708954,3.93818187713623,4.62545442581177,5,5,0.789855062961578,0.967391312122345,1,1,38,1.04999995231628,0
07,2018-07-27,52050040,1,Definitivo,SANDONA [52050040],Pluviométrica,Convencional,Activa,Nariño,Sandoná,1.3223,-77.4792,20,9/15/1963,,Cudayari,Pacifico,Patía,Río Guáitara,2018,27,Andes,Definitivo,1,1,0,0.769740700721741,0.769740700721741,0,1.2441713809967,0.567455470561981,3.93818187713623,4.62545442581177,5,5,0.789855062961578,0.967391312122345,1,1,42,1.04999995231628,1.04999995231628
07,2018-07-28,52050040,,"",SANDONA [52050040],Pluviométrica,Convencional,Activa,Nariño,Sandoná,1.3223,-77.4792,20,9/15/1963,,Cudayari,Pacifico,Patía,Río Guáitara,2018,28,Andes,Preliminar,0,0,0,0.840988099575043,0.840988099575043,0,0.817023158073425,0,3.93818187713623,4.62545442581177,5,5,0.789855062961578,0.967391312122345,1,1,42,1.04999995231628,0
07,2022-07-25,52050040,15,En revisión,SANDONA [52050040],Pluviométrica,Convencional,Activa,Nariño,Sandoná,1.3223,-77.4792,20,9/15/1963,,Cudayari,Pacifico,Patía,Río Guáitara,2022,25,Andes,En revisión,15,15,0,7.58350467681885,7.58350467681885,45.0967407226563,15.526026725769,31.3828258514404,3.93818187713623,4.62545442581177,5,5,0.789855062961578,0.967391312122345,1,1,41,1.04999995231628,15.7499992847443
07,2009-07-11,52050040,,"",SANDONA [52050040],Pluviométrica,Convencional,Activa,Nariño,Sandoná,1.3223,-77.4792,20,9/15/1963,,Cudayari,Pacifico,Patía,Río Guáitara,2009,11,Andes,Preliminar,0,0,0,3.97323060035706,3.97323060035706,8.96493339538574,0.519974291324616,0,3.93818187713623,4.62545442581177,5,5,0.789855062961578,0.967391312122345,1,1,39,1.04999995231628,0
07,2023-07-21,52050040,,"",SANDONA [52050040],Pluviométrica,Convencional,Activa,Nariño,Sandoná,1.3223,-77.4792,20,9/15/1963,,Cudayari,Pacifico,Patía,Río Guáitara,2023,21,Andes,Preliminar,0,0,0,3.17190742492676,3.17190742492676,0,0.32705420255661,0.866725146770477,3.93818187713623,4.62545442581177,5,5,0.789855062961578,0.967391312122345,1,1,41,1.04999995231628,0
07,2002-07-29,52050040,,"",SANDONA [52050040],Pluviométrica,Convencional,Activa,Nariño,Sandoná,1.3223,-77.4792,20,9/15/1963,,Cudayari,Pacifico,Patía,Río Guáitara,2002,29,Andes,Preliminar,0,0,0,0,0,0,0.293949544429779,0.0499573945999146,3.93818187713623,4.62545442581177,5,5,0.789855062961578,0.967391312122345,1,1,42,1.04999995231628,0
07,2003-07-27,52050040,,"",SANDONA [52050040],Pluviométrica,Convencional,Activa,Nariño,Sandoná,1.3223,-77.4792,20,9/15/1963,,Cudayari,Pacifico,Patía,Río Guáitara,2003,27,Andes,Preliminar,0,0,0,0,0,0,0.130242437124252,1.99000263214111,3.93818187713623,4.62545442581177,5,5,0.789855062961578,0.967391312122345,1,1,42,1.04999995231628,0
07,2004-07-24,52050040,,"",SANDONA [52050040],Pluviométrica,Convencional,Activa,Nariño,Sandoná,1.3223,-77.4792,20,9/15/1963,,Cudayari,Pacifico,Patía,Río Guáitara,2004,24,Andes,Preliminar,0,0,0,0.245310977101326,0.245310977101326,0,1.2267894744873,2.03025197982788,3.93818187713623,4.62545442581177,5,5,0.789855062961578,0.967391312122345,1,1,41,1.04999995231628,0
07,2006-07-19,52050040,,"",SANDONA [52050040],Pluviométrica,Convencional,Activa,Nariño,Sandoná,1.3223,-77.4792,20,9/15/1963,,Cudayari,Pacifico,Patía,Río Guáitara,2006,19,Andes,Preliminar,0,0,0,0,0,0,0.579945743083954,1.47264611721039,3.93818187713623,4.62545442581177,5,5,0.789855062961578,0.967391312122345,1,1,40,1.04999995231628,0
07,2006-07-20,52050040,,"",SANDONA [52050040],Pluviométrica,Convencional,Activa,Nariño,Sandoná,1.3223,-77.4792,20,9/15/1963,,Cudayari,Pacifico,Patía,Río Guáitara,2006,20,Andes,Preliminar,0,0,0,2.50759720802307,2.50759720802307,5.10078382492065,0.417026966810226,0,3.93818187713623,4.62545442581177,5,5,0.789855062961578,0.967391312122345,1,1,40,1.04999995231628,0
07,2007-07-18,52050040,3,Definitivo,SANDONA [52050040],Pluviométrica,Convencional,Activa,Nariño,Sandoná,1.3223,-77.4792,20,9/15/1963,,Cudayari,Pacifico,Patía,Río Guáitara,2007,18,Andes,Definitivo,3,3,0,2.99211287498474,2.99211287498474,0,3.62666034698486,2.48708486557007,3.93818187713623,4.62545442581177,5,5,0.789855062961578,0.967391312122345,1,1,40,1.04999995231628,3.14999985694885
07,2009-07-12,52050040,,"",SANDONA [52050040],Pluviométrica,Convencional,Activa,Nariño,Sandoná,1.3223,-77.4792,20,9/15/1963,,Cudayari,Pacifico,Patía,Río Guáitara,2009,12,Andes,Preliminar,0,0,0,0,0,0,0.75077760219574,1.64575731754303,3.93818187713623,4.62545442581177,5,5,0.789855062961578,0.967391312122345,1,1,39,1.04999995231628,0
07,2009-07-13,52050040,,"",SANDONA [52050040],Pluviométrica,Convencional,Activa,Nariño,Sandoná,1.3223,-77.4792,20,9/15/1963,,Cudayari,Pacifico,Patía,Río Guáitara,2009,13,Andes,Preliminar,0,0,0,0,0,0,0.828550100326538,0.802249372005463,3.93818187713623,4.62545442581177,5,5,0.789855062961578,0.967391312122345,1,1,39,1.04999995231628,0
07,2007-07-14,52050040,1,Definitivo,SANDONA [52050040],Pluviométrica,Convencional,Activa,Nariño,Sandoná,1.3223,-77.4792,20,9/15/1963,,Cudayari,Pacifico,Patía,Río Guáitara,2007,14,Andes,Definitivo,1,1,0,0.54059773683548,0.54059773683548,0,2.18141055107117,0.106479480862617,3.93818187713623,4.62545442581177,5,5,0.789855062961578,0.967391312122345,1,1,39,1.04999995231628,1.04999995231628
07,2006-07-11,52050040,,"",SANDONA [52050040],Pluviométrica,Convencional,Activa,Nariño,Sandoná,1.3223,-77.4792,20,9/15/1963,,Cudayari,Pacifico,Patía,Río Guáitara,2006,11,Andes,Preliminar,0,0,0,0,0,0,0.438309729099274,0,3.93818187713623,4.62545442581177,5,5,0.789855062961578,0.967391312122345,1,1,39,1.04999995231628,0
07,2004-07-11,52050040,,"",SANDONA [52050040],Pluviométrica,Convencional,Activa,Nariño,Sandoná,1.3223,-77.4792,20,9/15/1963,,Cudayari,Pacifico,Patía,Río Guáitara,2004,11,Andes,Preliminar,0,0,0,2.34805130958557,2.34805130958557,10.0260400772095,1.16498279571533,0.219458505511284,3.93818187713623,4.62545442581177,5,5,0.789855062961578,0.967391312122345,1,1,39,1.04999995231628,0
07,2021-07-24,52050040,,"",SANDONA [52050040],Pluviométrica,Convencional,Activa,Nariño,Sandoná,1.3223,-77.4792,20,9/15/1963,,Cudayari,Pacifico,Patía,Río Guáitara,2021,24,Andes,Preliminar,0,0,0,0.80127364397049,0.80127364397049,0,1.65498495101929,3.49356007575989,3.93818187713623,4.62545442581177,5,5,0.789855062961578,0.967391312122345,1,1,41,1.04999995231628,0
07,2001-07-31,52050040,,"",SANDONA [52050040],Pluviométrica,Convencional,Activa,Nariño,Sandoná,1.3223,-77.4792,20,9/15/1963,,Cudayari,Pacifico,Patía,Río Guáitara,2001,31,Andes,Preliminar,0,0,0,0,0,0,0.184580504894257,0.191860347986221,3.93818187713623,4.62545442581177,5,5,0.789855062961578,0.967391312122345,1,1,42,1.04999995231628,0
07,2010-07-09,52050040,,"",SANDONA [52050040],Pluviométrica,Convencional,Activa,Nariño,Sandoná,1.3223,-77.4792,20,9/15/1963,,Cudayari,Pacifico,Patía,Río Guáitara,2010,09,Andes,Preliminar,0,0,0,0.984200179576874,0.984200179576874,16.8647193908691,4.63729381561279,23.7549877166748,3.93818187713623,4.62545442581177,5,5,0.789855062961578,0.967391312122345,1,1,38,1.04999995231628,0
07,2012-07-10,52050040,,"",SANDONA [52050040],Pluviométrica,Convencional,Activa,Nariño,Sandoná,1.3223,-77.4792,20,9/15/1963,,Cudayari,Pacifico,Patía,Río Guáitara,2012,10,Andes,Preliminar,,,1,1.51772391796112,1.51772391796112,0,0.421940743923187,0.952397704124451,3.93818187713623,4.62545442581177,5,5,0.789855062961578,0.967391312122345,1,1,38,1.04999995231628,
07,2011-07-15,52050040,2,Definitivo,SANDONA [52050040],Pluviométrica,Convencional,Activa,Nariño,Sandoná,1.3223,-77.4792,20,9/15/1963,,Cudayari,Pacifico,Patía,Río Guáitara,2011,15,Andes,Definitivo,2,2,0,3.37991619110107,3.37991619110107,0,0.794104814529419,1.36474907398224,3.93818187713623,4.62545442581177,5,5,0.789855062961578,0.967391312122345,1,1,39,1.04999995231628,2.09999990463257
07,2011-07-16,52050040,11,Definitivo,SANDONA [52050040],Pluviométrica,Convencional,Activa,Nariño,Sandoná,1.3223,-77.4792,20,9/15/1963,,Cudayari,Pacifico,Patía,Río Guáitara,2011,16,Andes,Definitivo,11,11,0,3.71319317817688,3.71319317817688,0,6.96360540390015,7.63180065155029,3.93818187713623,4.62545442581177,5,5,0.789855062961578,0.967391312122345,1,1,40,1.04999995231628,11.5499994754791
07,2010-07-20,52050040,,"",SANDONA [52050040],Pluviométrica,Convencional,Activa,Nariño,Sandoná,1.3223,-77.4792,20,9/15/1963,,Cudayari,Pacifico,Patía,Río Guáitara,2010,20,Andes,Preliminar,0,0,0,0.866790950298309,0.866790950298309,0,0.845965027809143,0.0170029066503048,3.93818187713623,4.62545442581177,5,5,0.789855062961578,0.967391312122345,1,1,40,1.04999995231628,0
07,2009-07-24,52050040,,"",SANDONA [52050040],Pluviométrica,Convencional,Activa,Nariño,Sandoná,1.3223,-77.4792,20,9/15/1963,,Cudayari,Pacifico,Patía,Río Guáitara,2009,24,Andes,Preliminar,0,0,0,1.06095337867737,1.06095337867737,0,0.549718379974365,0.346832156181335,3.93818187713623,4.62545442581177,5,5,0.789855062961578,0.967391312122345,1,1,41,1.04999995231628,0
07,2009-07-25,52050040,,"",SANDONA [52050040],Pluviométrica,Convencional,Activa,Nariño,Sandoná,1.3223,-77.4792,20,9/15/1963,,Cudayari,Pacifico,Patía,Río Guáitara,2009,25,Andes,Preliminar,0,0,0,0,0,0,0.464416265487671,1.39888989925385,3.93818187713623,4.62545442581177,5,5,0.789855062961578,0.967391312122345,1,1,41,1.04999995231628,0
07,2014-07-24,52050040,,"",SANDONA [52050040],Pluviométrica,Convencional,Activa,Nariño,Sandoná,1.3223,-77.4792,20,9/15/1963,,Cudayari,Pacifico,Patía,Río Guáitara,2014,24,Andes,Preliminar,,,1,0.441713631153107,0.441713631153107,0,0.236636623740196,0,3.93818187713623,4.62545442581177,5,5,0.789855062961578,0.967391312122345,1,1,41,1.04999995231628,
07,2016-07-25,52050040,0,Definitivo,SANDONA [52050040],Pluviométrica,Convencional,Activa,Nariño,Sandoná,1.3223,-77.4792,20,9/15/1963,,Cudayari,Pacifico,Patía,Río Guáitara,2016,25,Andes,Definitivo,0,0,0,1.04497444629669,1.04497444629669,12.5942840576172,1.8819135427475,11.5793523788452,3.93818187713623,4.62545442581177,5,5,0.789855062961578,0.967391312122345,1,1,41,1.04999995231628,0
07,2019-07-24,52050040,,"",SANDONA [52050040],Pluviométrica,Convencional,Activa,Nariño,Sandoná,1.3223,-77.4792,20,9/15/1963,,Cudayari,Pacifico,Patía,Río Guáitara,2019,24,Andes,Preliminar,0,0,0,0.764830112457275,0.764830112457275,0,1.33661103248596,0.0361658409237862,3.93818187713623,4.62545442581177,5,5,0.789855062961578,0.967391312122345,1,1,41,1.04999995231628,0
07,2019-07-25,52050040,2,Definitivo,SANDONA [52050040],Pluviométrica,Convencional,Activa,Nariño,Sandoná,1.3223,-77.4792,20,9/15/1963,,Cudayari,Pacifico,Patía,Río Guáitara,2019,25,Andes,Definitivo,2,2,0,0.719691514968872,0.719691514968872,0,2.58042335510254,8.57311248779297,3.93818187713623,4.62545442581177,5,5,0.789855062961578,0.967391312122345,1,1,41,1.04999995231628,2.09999990463257
07,2007-07-10,52050040,,"",SANDONA [52050040],Pluviométrica,Convencional,Activa,Nariño,Sandoná,1.3223,-77.4792,20,9/15/1963,,Cudayari,Pacifico,Patía,Río Guáitara,2007,10,Andes,Preliminar,0,0,0,0,0,0,0.243919506669045,0,3.93818187713623,4.62545442581177,5,5,0.789855062961578,0.967391312122345,1,1,38,1.04999995231628,0
07,2007-07-11,52050040,,"",SANDONA [52050040],Pluviométrica,Convencional,Activa,Nariño,Sandoná,1.3223,-77.4792,20,9/15/1963,,Cudayari,Pacifico,Patía,Río Guáitara,2007,11,Andes,Preliminar,0,0,0,0.172008350491524,0.172008350491524,0,0.918750703334808,0.0665496662259102,3.93818187713623,4.62545442581177,5,5,0.789855062961578,0.967391312122345,1,1,39,1.04999995231628,0
07,2022-07-22,52050040,10,En revisión,SANDONA [52050040],Pluviométrica,Convencional,Activa,Nariño,Sandoná,1.3223,-77.4792,20,9/15/1963,,Cudayari,Pacifico,Patía,Río Guáitara,2022,22,Andes,En revisión,10,10,0,1.07017278671265,1.07017278671265,0,12.4295358657837,1.3661789894104,3.93818187713623,4.62545442581177,5,5,0.789855062961578,0.967391312122345,1,1,41,1.04999995231628,10.4999995231628
07,2021-07-21,52050040,,"",SANDONA [52050040],Pluviométrica,Convencional,Activa,Nariño,Sandoná,1.3223,-77.4792,20,9/15/1963,,Cudayari,Pacifico,Patía,Río Guáitara,2021,21,Andes,Preliminar,0,0,0,1.74333381652832,1.74333381652832,0,0.460503906011581,0,3.93818187713623,4.62545442581177,5,5,0.789855062961578,0.967391312122345,1,1,41,1.04999995231628,0
07,2022-07-17,52050040,6,En revisión,SANDONA [52050040],Pluviométrica,Convencional,Activa,Nariño,Sandoná,1.3223,-77.4792,20,9/15/1963,,Cudayari,Pacifico,Patía,Río Guáitara,2022,17,Andes,En revisión,6,6,0,3.33653807640076,3.33653807640076,26.9023857116699,2.54507493972778,6.84402656555176,3.93818187713623,4.62545442581177,5,5,0.789855062961578,0.967391312122345,1,1,40,1.04999995231628,6.29999971389771
07,2020-07-17,52050040,,"",SANDONA [52050040],Pluviométrica,Convencional,Activa,Nariño,Sandoná,1.3223,-77.4792,20,9/15/1963,,Cudayari,Pacifico,Patía,Río Guáitara,2020,17,Andes,Preliminar,0,0,0,0.385540217161179,0.385540217161179,0.34690722823143,0.0829950571060181,0,3.93818187713623,4.62545442581177,5,5,0.789855062961578,0.967391312122345,1,1,40,1.04999995231628,0
07,2020-07-16,52050040,,"",SANDONA [52050040],Pluviométrica,Convencional,Activa,Nariño,Sandoná,1.3223,-77.4792,20,9/15/1963,,Cudayari,Pacifico,Patía,Río Guáitara,2020,16,Andes,Preliminar,0,0,0,0.397782295942307,0.397782295942307,0.357922613620758,0.215944990515709,0,3.93818187713623,4.62545442581177,5,5,0.789855062961578,0.967391312122345,1,1,40,1.04999995231628,0
07,2022-07-13,52050040,5,En revisión,SANDONA [52050040],Pluviométrica,Convencional,Activa,Nariño,Sandoná,1.3223,-77.4792,20,9/15/1963,,Cudayari,Pacifico,Patía,Río Guáitara,2022,13,Andes,En revisión,5,5,0,1.01656532287598,1.01656532287598,0,3.58001279830933,3.39232039451599,3.93818187713623,4.62545442581177,5,5,0.789855062961578,0.967391312122345,1,1,39,1.04999995231628,5.24999976158142
07,2020-07-13,52050040,3,En revisión,SANDONA [52050040],Pluviométrica,Convencional,Activa,Nariño,Sandoná,1.3223,-77.4792,20,9/15/1963,,Cudayari,Pacifico,Patía,Río Guáitara,2020,13,Andes,En revisión,3,3,0,1.64589357376099,1.64589357376099,11.2971143722534,1.80782222747803,0.313749134540558,3.93818187713623,4.62545442581177,5,5,0.789855062961578,0.967391312122345,1,1,39,1.04999995231628,3.14999985694885
07,2020-07-12,52050040,4,En revisión,SANDONA [52050040],Pluviométrica,Convencional,Activa,Nariño,Sandoná,1.3223,-77.4792,20,9/15/1963,,Cudayari,Pacifico,Patía,Río Guáitara,2020,12,Andes,En revisión,4,4,0,1.62318730354309,1.62318730354309,0,4.10319328308105,0,3.93818187713623,4.62545442581177,5,5,0.789855062961578,0.967391312122345,1,1,39,1.04999995231628,4.19999980926514
07,2021-07-10,52050040,3,En revisión,SANDONA [52050040],Pluviométrica,Convencional,Activa,Nariño,Sandoná,1.3223,-77.4792,20,9/15/1963,,Cudayari,Pacifico,Patía,Río Guáitara,2021,10,Andes,En revisión,3,3,0,1.05180180072784,1.05180180072784,0,0.718520522117615,0,3.93818187713623,4.62545442581177,5,5,0.789855062961578,0.967391312122345,1,1,38,1.04999995231628,3.14999985694885
07,2023-07-07,52050040,16,En revisión,SANDONA [52050040],Pluviométrica,Convencional,Activa,Nariño,Sandoná,1.3223,-77.4792,20,9/15/1963,,Cudayari,Pacifico,Patía,Río Guáitara,2023,07,Andes,En revisión,16,16,0,2.18077540397644,2.18077540397644,0,5.88541698455811,4.52697706222534,3.93818187713623,4.62545442581177,5,5,0.789855062961578,0.967391312122345,1,1,38,1.04999995231628,16.7999992370605
07,2023-07-06,52050040,14,En revisión,SANDONA [52050040],Pluviométrica,Convencional,Activa,Nariño,Sandoná,1.3223,-77.4792,20,9/15/1963,,Cudayari,Pacifico,Patía,Río Guáitara,2023,06,Andes,En revisión,14,14,0,0.887333273887634,0.887333273887634,0,5.49990081787109,4.8042893409729,3.93818187713623,4.62545442581177,5,5,0.789855062961578,0.967391312122345,1,1,38,1.04999995231628,14.699999332428
07,2021-07-26,52050040,1,En revisión,SANDONA [52050040],Pluviométrica,Convencional,Activa,Nariño,Sandoná,1.3223,-77.4792,20,9/15/1963,,Cudayari,Pacifico,Patía,Río Guáitara,2021,26,Andes,En revisión,1,1,0,1.57870507240295,1.57870507240295,0,3.05155849456787,3.00402927398682,3.93818187713623,4.62545442581177,5,5,0.789855062961578,0.967391312122345,1,1,42,1.04999995231628,1.04999995231628
07,2020-07-25,52050040,6,En revisión,SANDONA [52050040],Pluviométrica,Convencional,Activa,Nariño,Sandoná,1.3223,-77.4792,20,9/15/1963,,Cudayari,Pacifico,Patía,Río Guáitara,2020,25,Andes,En revisión,6,6,0,1.61601424217224,1.61601424217224,9.10000419616699,3.10734272003174,1.92007064819336,3.93818187713623,4.62545442581177,5,5,0.789855062961578,0.967391312122345,1,1,41,1.04999995231628,6.29999971389771
07,2002-07-28,52050040,,"",SANDONA [52050040],Pluviométrica,Convencional,Activa,Nariño,Sandoná,1.3223,-77.4792,20,9/15/1963,,Cudayari,Pacifico,Patía,Río Guáitara,2002,28,Andes,Preliminar,0,0,0,0,0,0,0.124000318348408,0,3.93818187713623,4.62545442581177,5,5,0.789855062961578,0.967391312122345,1,1,42,1.04999995231628,0
07,2003-07-26,52050040,,"",SANDONA [52050040],Pluviométrica,Convencional,Activa,Nariño,Sandoná,1.3223,-77.4792,20,9/15/1963,,Cudayari,Pacifico,Patía,Río Guáitara,2003,26,Andes,Preliminar,0,0,0,0,0,0,0.295420199632645,0,3.93818187713623,4.62545442581177,5,5,0.789855062961578,0.967391312122345,1,1,42,1.04999995231628,0
07,2004-07-23,52050040,8,Definitivo,SANDONA [52050040],Pluviométrica,Convencional,Activa,Nariño,Sandoná,1.3223,-77.4792,20,9/15/1963,,Cudayari,Pacifico,Patía,Río Guáitara,2004,23,Andes,Definitivo,8,8,0,2.56213665008545,2.56213665008545,7.20352220535278,1.04638743400574,0.0503534711897373,3.93818187713623,4.62545442581177,5,5,0.789855062961578,0.967391312122345,1,1,41,1.04999995231628,8.39999961853027
07,2005-07-21,52050040,,"",SANDONA [52050040],Pluviométrica,Convencional,Activa,Nariño,Sandoná,1.3223,-77.4792,20,9/15/1963,,Cudayari,Pacifico,Patía,Río Guáitara,2005,21,Andes,Preliminar,0,0,0,2.42261505126953,2.42261505126953,0,0.831083714962006,1.04651498794556,3.93818187713623,4.62545442581177,5,5,0.789855062961578,0.967391312122345,1,1,41,1.04999995231628,0
07,2005-07-20,52050040,,"",SANDONA [52050040],Pluviométrica,Convencional,Activa,Nariño,Sandoná,1.3223,-77.4792,20,9/15/1963,,Cudayari,Pacifico,Patía,Río Guáitara,2005,20,Andes,Preliminar,0,0,0,0.243644088506699,0.243644088506699,0,2.48497104644775,3.36887288093567,3.93818187713623,4.62545442581177,5,5,0.789855062961578,0.967391312122345,1,1,40,1.04999995231628,0
07,2007-07-17,52050040,,"",SANDONA [52050040],Pluviométrica,Convencional,Activa,Nariño,Sandoná,1.3223,-77.4792,20,9/15/1963,,Cudayari,Pacifico,Patía,Río Guáitara,2007,17,Andes,Preliminar,0,0,0,2.1505811214447,2.1505811214447,0,3.37722015380859,1.06281995773315,3.93818187713623,4.62545442581177,5,5,0.789855062961578,0.967391312122345,1,1,40,1.04999995231628,0
07,2008-07-14,52050040,4,Definitivo,SANDONA [52050040],Pluviométrica,Convencional,Activa,Nariño,Sandoná,1.3223,-77.4792,20,9/15/1963,,Cudayari,Pacifico,Patía,Río Guáitara,2008,14,Andes,Definitivo,4,4,0,2.11195349693298,2.11195349693298,0,2.63892269134522,4.47093105316162,3.93818187713623,4.62545442581177,5,5,0.789855062961578,0.967391312122345,1,1,39,1.04999995231628,4.19999980926514
07,2005-07-16,52050040,,"",SANDONA [52050040],Pluviométrica,Convencional,Activa,Nariño,Sandoná,1.3223,-77.4792,20,9/15/1963,,Cudayari,Pacifico,Patía,Río Guáitara,2005,16,Andes,Preliminar,0,0,0,4.1216459274292,4.1216459274292,0,1.96604228019714,0.192025721073151,3.93818187713623,4.62545442581177,5,5,0.789855062961578,0.967391312122345,1,1,40,1.04999995231628,0
07,2007-07-13,52050040,,"",SANDONA [52050040],Pluviométrica,Convencional,Activa,Nariño,Sandoná,1.3223,-77.4792,20,9/15/1963,,Cudayari,Pacifico,Patía,Río Guáitara,2007,13,Andes,Preliminar,0,0,0,1.59722089767456,1.59722089767456,0,1.38732719421387,0,3.93818187713623,4.62545442581177,5,5,0.789855062961578,0.967391312122345,1,1,39,1.04999995231628,0
07,2005-07-13,52050040,10,Definitivo,SANDONA [52050040],Pluviométrica,Convencional,Activa,Nariño,Sandoná,1.3223,-77.4792,20,9/15/1963,,Cudayari,Pacifico,Patía,Río Guáitara,2005,13,Andes,Definitivo,10,10,0,0.485772728919983,0.485772728919983,0,0.976230144500732,0.0360540710389614,3.93818187713623,4.62545442581177,5,5,0.789855062961578,0.967391312122345,1,1,39,1.04999995231628,10.4999995231628
07,2005-07-12,52050040,,"",SANDONA [52050040],Pluviométrica,Convencional,Activa,Nariño,Sandoná,1.3223,-77.4792,20,9/15/1963,,Cudayari,Pacifico,Patía,Río Guáitara,2005,12,Andes,Preliminar,0,0,0,0,0,0,0.335609406232834,0,3.93818187713623,4.62545442581177,5,5,0.789855062961578,0.967391312122345,1,1,39,1.04999995231628,0
07,2006-07-10,52050040,,"",SANDONA [52050040],Pluviométrica,Convencional,Activa,Nariño,Sandoná,1.3223,-77.4792,20,9/15/1963,,Cudayari,Pacifico,Patía,Río Guáitara,2006,10,Andes,Preliminar,0,0,0,0,0,0,0.216094985604286,1.23659074306488,3.93818187713623,4.62545442581177,5,5,0.789855062961578,0.967391312122345,1,1,38,1.04999995231628,0
07,2005-07-09,52050040,,"",SANDONA [52050040],Pluviométrica,Convencional,Activa,Nariño,Sandoná,1.3223,-77.4792,20,9/15/1963,,Cudayari,Pacifico,Patía,Río Guáitara,2005,09,Andes,Preliminar,0,0,0,0,0,0,0.493818700313568,0.60686606168747,3.93818187713623,4.62545442581177,5,5,0.789855062961578,0.967391312122345,1,1,38,1.04999995231628,0
07,2005-07-10,52050040,,"",SANDONA [52050040],Pluviométrica,Convencional,Activa,Nariño,Sandoná,1.3223,-77.4792,20,9/15/1963,,Cudayari,Pacifico,Patía,Río Guáitara,2005,10,Andes,Preliminar,0,0,0,0,0,0,0.511271476745606,0.197664961218834,3.93818187713623,4.62545442581177,5,5,0.789855062961578,0.967391312122345,1,1,38,1.04999995231628,0
07,2005-07-11,52050040,,"",SANDONA [52050040],Pluviométrica,Convencional,Activa,Nariño,Sandoná,1.3223,-77.4792,20,9/15/1963,,Cudayari,Pacifico,Patía,Río Guáitara,2005,11,Andes,Preliminar,0,0,0,0,0,0,0.152661100029945,0.00600901199504733,3.93818187713623,4.62545442581177,5,5,0.789855062961578,0.967391312122345,1,1,39,1.04999995231628,0
07,2010-07-10,52050040,,"",SANDONA [52050040],Pluviométrica,Convencional,Activa,Nariño,Sandoná,1.3223,-77.4792,20,9/15/1963,,Cudayari,Pacifico,Patía,Río Guáitara,2010,10,Andes,Preliminar,0,0,0,1.13815319538116,1.13815319538116,0,5.62243223190308,3.69500780105591,3.93818187713623,4.62545442581177,5,5,0.789855062961578,0.967391312122345,1,1,38,1.04999995231628,0
07,2012-07-11,52050040,,"",SANDONA [52050040],Pluviométrica,Convencional,Activa,Nariño,Sandoná,1.3223,-77.4792,20,9/15/1963,,Cudayari,Pacifico,Patía,Río Guáitara,2012,11,Andes,Preliminar,,,1,0.66180408000946,0.66180408000946,0,0.128432497382164,0.00765372905880213,3.93818187713623,4.62545442581177,5,5,0.789855062961578,0.967391312122345,1,1,39,1.04999995231628,
07,2012-07-12,52050040,,"",SANDONA [52050040],Pluviométrica,Convencional,Activa,Nariño,Sandoná,1.3223,-77.4792,20,9/15/1963,,Cudayari,Pacifico,Patía,Río Guáitara,2012,12,Andes,Preliminar,,,1,1.40304374694824,1.40304374694824,0,0.143592685461044,0.00510248588398099,3.93818187713623,4.62545442581177,5,5,0.789855062961578,0.967391312122345,1,1,39,1.04999995231628,
07,2011-07-17,52050040,,"",SANDONA [52050040],Pluviométrica,Convencional,Activa,Nariño,Sandoná,1.3223,-77.4792,20,9/15/1963,,Cudayari,Pacifico,Patía,Río Guáitara,2011,17,Andes,Preliminar,0,0,0,1.12570464611053,1.12570464611053,0,1.8394068479538,0.560560703277588,3.93818187713623,4.62545442581177,5,5,0.789855062961578,0.967391312122345,1,1,40,1.04999995231628,0
07,2010-07-21,52050040,,"",SANDONA [52050040],Pluviométrica,Convencional,Activa,Nariño,Sandoná,1.3223,-77.4792,20,9/15/1963,,Cudayari,Pacifico,Patía,Río Guáitara,2010,21,Andes,Preliminar,0,0,0,2.61987113952637,2.61987113952637,0,1.06682777404785,0.0778518617153168,3.93818187713623,4.62545442581177,5,5,0.789855062961578,0.967391312122345,1,1,41,1.04999995231628,0
07,2010-07-22,52050040,,"",SANDONA [52050040],Pluviométrica,Convencional,Activa,Nariño,Sandoná,1.3223,-77.4792,20,9/15/1963,,Cudayari,Pacifico,Patía,Río Guáitara,2010,22,Andes,Preliminar,0,0,0,0.0654967874288559,0.0654967874288559,0,0.246731072664261,1.98522257804871,3.93818187713623,4.62545442581177,5,5,0.789855062961578,0.967391312122345,1,1,41,1.04999995231628,0
07,2012-07-23,52050040,,"",SANDONA [52050040],Pluviométrica,Convencional,Activa,Nariño,Sandoná,1.3223,-77.4792,20,9/15/1963,,Cudayari,Pacifico,Patía,Río Guáitara,2012,23,Andes,Preliminar,,,1,0.695523023605347,0.695523023605347,0,0.201658636331558,0,3.93818187713623,4.62545442581177,5,5,0.789855062961578,0.967391312122345,1,1,41,1.04999995231628,
07,2014-07-25,52050040,,"",SANDONA [52050040],Pluviométrica,Convencional,Activa,Nariño,Sandoná,1.3223,-77.4792,20,9/15/1963,,Cudayari,Pacifico,Patía,Río Guáitara,2014,25,Andes,Preliminar,,,1,1.1662632226944,1.1662632226944,0,0.337314069271088,0.438283354043961,3.93818187713623,4.62545442581177,5,5,0.789855062961578,0.967391312122345,1,1,41,1.04999995231628,
07,2014-07-26,52050040,,"",SANDONA [52050040],Pluviométrica,Convencional,Activa,Nariño,Sandoná,1.3223,-77.4792,20,9/15/1963,,Cudayari,Pacifico,Patía,Río Guáitara,2014,26,Andes,Preliminar,,,1,0.644350826740265,0.644350826740265,0,0.382326722145081,0.0512255318462849,3.93818187713623,4.62545442581177,5,5,0.789855062961578,0.967391312122345,1,1,42,1.04999995231628,
07,2017-07-24,52050040,,"",SANDONA [52050040],Pluviométrica,Convencional,Activa,Nariño,Sandoná,1.3223,-77.4792,20,9/15/1963,,Cudayari,Pacifico,Patía,Río Guáitara,2017,24,Andes,Preliminar,0,0,0,0.718401968479157,0.718401968479157,0,0.1683559268713,1.03682017326355,3.93818187713623,4.62545442581177,5,5,0.789855062961578,0.967391312122345,1,1,41,1.04999995231628,0
07,2019-07-26,52050040,,"",SANDONA [52050040],Pluviométrica,Convencional,Activa,Nariño,Sandoná,1.3223,-77.4792,20,9/15/1963,,Cudayari,Pacifico,Patía,Río Guáitara,2019,26,Andes,Preliminar,0,0,0,1.05204463005066,1.05204463005066,0,0.365599155426025,0.784873962402344,3.93818187713623,4.62545442581177,5,5,0.789855062961578,0.967391312122345,1,1,42,1.04999995231628,0
07,2022-07-24,52050040,7,En revisión,SANDONA [52050040],Pluviométrica,Convencional,Activa,Nariño,Sandoná,1.3223,-77.4792,20,9/15/1963,,Cudayari,Pacifico,Patía,Río Guáitara,2022,24,Andes,En revisión,7,7,0,2.20214223861694,2.20214223861694,45.0967407226563,7.14546871185303,21.459888458252,3.93818187713623,4.62545442581177,5,5,0.789855062961578,0.967391312122345,1,1,41,1.04999995231628,7.34999966621399
07,2018-07-26,52050040,,"",SANDONA [52050040],Pluviométrica,Convencional,Activa,Nariño,Sandoná,1.3223,-77.4792,20,9/15/1963,,Cudayari,Pacifico,Patía,Río Guáitara,2018,26,Andes,Preliminar,0,0,0,0.922984600067139,0.922984600067139,0,1.68607413768768,0.38638299703598,3.93818187713623,4.62545442581177,5,5,0.789855062961578,0.967391312122345,1,1,42,1.04999995231628,0
07,2020-07-22,52050040,31,En revisión,SANDONA [52050040],Pluviométrica,Convencional,Activa,Nariño,Sandoná,1.3223,-77.4792,20,9/15/1963,,Cudayari,Pacifico,Patía,Río Guáitara,2020,22,Andes,En revisión,31,31,0,3.80316019058228,3.80316019058228,0,8.08440780639648,2.21597146987915,3.93818187713623,4.62545442581177,5,5,0.789855062961578,0.967391312122345,1,1,41,1.04999995231628,32.5499985218048
07,2021-07-18,52050040,0,En revisión,SANDONA [52050040],Pluviométrica,Convencional,Activa,Nariño,Sandoná,1.3223,-77.4792,20,9/15/1963,,Cudayari,Pacifico,Patía,Río Guáitara,2021,18,Andes,En revisión,0,0,0,1.24928033351898,1.24928033351898,0,2.09409165382385,6.56488990783691,3.93818187713623,4.62545442581177,5,5,0.789855062961578,0.967391312122345,1,1,40,1.04999995231628,0
07,2022-07-16,52050040,3,En revisión,SANDONA [52050040],Pluviométrica,Convencional,Activa,Nariño,Sandoná,1.3223,-77.4792,20,9/15/1963,,Cudayari,Pacifico,Patía,Río Guáitara,2022,16,Andes,En revisión,3,3,0,3.16944241523743,3.16944241523743,0,1.87516903877258,0.893474221229553,3.93818187713623,4.62545442581177,5,5,0.789855062961578,0.967391312122345,1,1,40,1.04999995231628,3.14999985694885
07,2018-07-20,52050040,,"",SANDONA [52050040],Pluviométrica,Convencional,Activa,Nariño,Sandoná,1.3223,-77.4792,20,9/15/1963,,Cudayari,Pacifico,Patía,Río Guáitara,2018,20,Andes,Preliminar,0,0,0,1.63852143287659,1.63852143287659,5.01032161712647,0.694506943225861,0.407367795705795,3.93818187713623,4.62545442581177,5,5,0.789855062961578,0.967391312122345,1,1,40,1.04999995231628,0
07,2018-07-17,52050040,,"",SANDONA [52050040],Pluviométrica,Convencional,Activa,Nariño,Sandoná,1.3223,-77.4792,20,9/15/1963,,Cudayari,Pacifico,Patía,Río Guáitara,2018,17,Andes,Preliminar,0,0,0,0.334158182144165,0.334158182144165,0,0.456616759300232,0.407367795705795,3.93818187713623,4.62545442581177,5,5,0.789855062961578,0.967391312122345,1,1,40,1.04999995231628,0
07,2019-07-15,52050040,,"",SANDONA [52050040],Pluviométrica,Convencional,Activa,Nariño,Sandoná,1.3223,-77.4792,20,9/15/1963,,Cudayari,Pacifico,Patía,Río Guáitara,2019,15,Andes,Preliminar,0,0,0,0.577667117118835,0.577667117118835,0,3.33513188362122,6.28138446807861,3.93818187713623,4.62545442581177,5,5,0.789855062961578,0.967391312122345,1,1,39,1.04999995231628,0
07,2018-07-16,52050040,,"",SANDONA [52050040],Pluviométrica,Convencional,Activa,Nariño,Sandoná,1.3223,-77.4792,20,9/15/1963,,Cudayari,Pacifico,Patía,Río Guáitara,2018,16,Andes,Preliminar,0,0,0,0.150596678256989,0.150596678256989,0,0.0578761547803879,0.407367795705795,3.93818187713623,4.62545442581177,5,5,0.789855062961578,0.967391312122345,1,1,40,1.04999995231628,0
07,2019-07-14,52050040,3,Definitivo,SANDONA [52050040],Pluviométrica,Convencional,Activa,Nariño,Sandoná,1.3223,-77.4792,20,9/15/1963,,Cudayari,Pacifico,Patía,Río Guáitara,2019,14,Andes,Definitivo,3,3,0,1.46210968494415,1.46210968494415,0,1.12565934658051,0.653264045715332,3.93818187713623,4.62545442581177,5,5,0.789855062961578,0.967391312122345,1,1,39,1.04999995231628,3.14999985694885
07,2022-07-08,52050040,,"",SANDONA [52050040],Pluviométrica,Convencional,Activa,Nariño,Sandoná,1.3223,-77.4792,20,9/15/1963,,Cudayari,Pacifico,Patía,Río Guáitara,2022,08,Andes,Preliminar,0,0,0,0.475095510482788,0.475095510482788,0,0.266331642866135,0,3.93818187713623,4.62545442581177,5,5,0.789855062961578,0.967391312122345,1,1,38,1.04999995231628,0
07,2021-07-09,52050040,9,En revisión,SANDONA [52050040],Pluviométrica,Convencional,Activa,Nariño,Sandoná,1.3223,-77.4792,20,9/15/1963,,Cudayari,Pacifico,Patía,Río Guáitara,2021,09,Andes,En revisión,9,9,0,0.95576798915863,0.95576798915863,0,0.539277136325836,2.20529007911682,3.93818187713623,4.62545442581177,5,5,0.789855062961578,0.967391312122345,1,1,38,1.04999995231628,9.44999957084656
07,2022-07-07,52050040,,"",SANDONA [52050040],Pluviométrica,Convencional,Activa,Nariño,Sandoná,1.3223,-77.4792,20,9/15/1963,,Cudayari,Pacifico,Patía,Río Guáitara,2022,07,Andes,Preliminar,0,0,0,0.337381094694138,0.337381094694138,0,0.23493492603302,0,3.93818187713623,4.62545442581177,5,5,0.789855062961578,0.967391312122345,1,1,38,1.04999995231628,0
07,2001-07-30,52050040,3,Definitivo,SANDONA [52050040],Pluviométrica,Convencional,Activa,Nariño,Sandoná,1.3223,-77.4792,20,9/15/1963,,Cudayari,Pacifico,Patía,Río Guáitara,2001,30,Andes,Definitivo,3,3,0,6.61432504653931,6.61432504653931,0,0.579156517982483,0.270572245121002,3.93818187713623,4.62545442581177,5,5,0.789855062961578,0.967391312122345,1,1,42,1.04999995231628,3.14999985694885
07,2001-07-29,52050040,,"",SANDONA [52050040],Pluviométrica,Convencional,Activa,Nariño,Sandoná,1.3223,-77.4792,20,9/15/1963,,Cudayari,Pacifico,Patía,Río Guáitara,2001,29,Andes,Preliminar,0,0,0,0,0,0,1.47840845584869,1.21757519245148,3.93818187713623,4.62545442581177,5,5,0.789855062961578,0.967391312122345,1,1,42,1.04999995231628,0
07,2002-07-27,52050040,,"",SANDONA [52050040],Pluviométrica,Convencional,Activa,Nariño,Sandoná,1.3223,-77.4792,20,9/15/1963,,Cudayari,Pacifico,Patía,Río Guáitara,2002,27,Andes,Preliminar,0,0,0,0,0,0,0.10272067040205,0,3.93818187713623,4.62545442581177,5,5,0.789855062961578,0.967391312122345,1,1,42,1.04999995231628,0
07,2003-07-25,52050040,,"",SANDONA [52050040],Pluviométrica,Convencional,Activa,Nariño,Sandoná,1.3223,-77.4792,20,9/15/1963,,Cudayari,Pacifico,Patía,Río Guáitara,2003,25,Andes,Preliminar,0,0,0,0.30688887834549,0.30688887834549,0,0.454845637083054,0.537725746631622,3.93818187713623,4.62545442581177,5,5,0.789855062961578,0.967391312122345,1,1,41,1.04999995231628,0
07,2004-07-22,52050040,,"",SANDONA [52050040],Pluviométrica,Convencional,Activa,Nariño,Sandoná,1.3223,-77.4792,20,9/15/1963,,Cudayari,Pacifico,Patía,Río Guáitara,2004,22,Andes,Preliminar,0,0,0,2.78019070625305,2.78019070625305,0,0.773499846458435,0,3.93818187713623,4.62545442581177,5,5,0.789855062961578,0.967391312122345,1,1,41,1.04999995231628,0
07,2003-07-24,52050040,,"",SANDONA [52050040],Pluviométrica,Convencional,Activa,Nariño,Sandoná,1.3223,-77.4792,20,9/15/1963,,Cudayari,Pacifico,Patía,Río Guáitara,2003,24,Andes,Preliminar,0,0,0,0.30688887834549,0.30688887834549,0,0.35112538933754,0,3.93818187713623,4.62545442581177,5,5,0.789855062961578,0.967391312122345,1,1,41,1.04999995231628,0
07,2006-07-18,52050040,,"",SANDONA [52050040],Pluviométrica,Convencional,Activa,Nariño,Sandoná,1.3223,-77.4792,20,9/15/1963,,Cudayari,Pacifico,Patía,Río Guáitara,2006,18,Andes,Preliminar,0,0,0,0,0,0,0.465731739997864,0,3.93818187713623,4.62545442581177,5,5,0.789855062961578,0.967391312122345,1,1,40,1.04999995231628,0
07,2007-07-16,52050040,10,Definitivo,SANDONA [52050040],Pluviométrica,Convencional,Activa,Nariño,Sandoná,1.3223,-77.4792,20,9/15/1963,,Cudayari,Pacifico,Patía,Río Guáitara,2007,16,Andes,Definitivo,10,10,0,0.38336443901062,0.38336443901062,0,1.6453959941864,6.53325796127319,3.93818187713623,4.62545442581177,5,5,0.789855062961578,0.967391312122345,1,1,40,1.04999995231628,10.4999995231628
07,2006-07-17,52050040,,"",SANDONA [52050040],Pluviométrica,Convencional,Activa,Nariño,Sandoná,1.3223,-77.4792,20,9/15/1963,,Cudayari,Pacifico,Patía,Río Guáitara,2006,17,Andes,Preliminar,0,0,0,0,0,0,0.315695196390152,0.0428926013410091,3.93818187713623,4.62545442581177,5,5,0.789855062961578,0.967391312122345,1,1,40,1.04999995231628,0
07,2006-07-14,52050040,,"",SANDONA [52050040],Pluviométrica,Convencional,Activa,Nariño,Sandoná,1.3223,-77.4792,20,9/15/1963,,Cudayari,Pacifico,Patía,Río Guáitara,2006,14,Andes,Preliminar,0,0,0,0.843388617038727,0.843388617038727,0,0.600125908851624,0.651671469211578,3.93818187713623,4.62545442581177,5,5,0.789855062961578,0.967391312122345,1,1,39,1.04999995231628,0
07,2007-07-12,52050040,,"",SANDONA [52050040],Pluviométrica,Convencional,Activa,Nariño,Sandoná,1.3223,-77.4792,20,9/15/1963,,Cudayari,Pacifico,Patía,Río Guáitara,2007,12,Andes,Preliminar,0,0,0,0.368589371442795,0.368589371442795,0,0.880936741828919,0,3.93818187713623,4.62545442581177,5,5,0.789855062961578,0.967391312122345,1,1,39,1.04999995231628,0
07,2006-07-13,52050040,,"",SANDONA [52050040],Pluviométrica,Convencional,Activa,Nariño,Sandoná,1.3223,-77.4792,20,9/15/1963,,Cudayari,Pacifico,Patía,Río Guáitara,2006,13,Andes,Preliminar,0,0,0,0.421694308519363,0.421694308519363,0,0.40391081571579,0.0948442071676254,3.93818187713623,4.62545442581177,5,5,0.789855062961578,0.967391312122345,1,1,39,1.04999995231628,0
07,2004-07-13,52050040,7,Definitivo,SANDONA [52050040],Pluviométrica,Convencional,Activa,Nariño,Sandoná,1.3223,-77.4792,20,9/15/1963,,Cudayari,Pacifico,Patía,Río Guáitara,2004,13,Andes,Definitivo,7,7,0,2.0027494430542,2.0027494430542,0,6.64887762069702,12.3068895339966,3.93818187713623,4.62545442581177,5,5,0.789855062961578,0.967391312122345,1,1,39,1.04999995231628,7.34999966621399
07,2004-07-10,52050040,,"",SANDONA [52050040],Pluviométrica,Convencional,Activa,Nariño,Sandoná,1.3223,-77.4792,20,9/15/1963,,Cudayari,Pacifico,Patía,Río Guáitara,2004,10,Andes,Preliminar,0,0,0,2.64092874526978,2.64092874526978,0,1.4500013589859,3.81224489212036,3.93818187713623,4.62545442581177,5,5,0.789855062961578,0.967391312122345,1,1,38,1.04999995231628,0
07,2006-07-07,52050040,,"",SANDONA [52050040],Pluviométrica,Convencional,Activa,Nariño,Sandoná,1.3223,-77.4792,20,9/15/1963,,Cudayari,Pacifico,Patía,Río Guáitara,2006,07,Andes,Preliminar,0,0,0,1.89692962169647,1.89692962169647,0,0.272555559873581,0,3.93818187713623,4.62545442581177,5,5,0.789855062961578,0.967391312122345,1,1,38,1.04999995231628,0
07,2006-07-08,52050040,,"",SANDONA [52050040],Pluviométrica,Convencional,Activa,Nariño,Sandoná,1.3223,-77.4792,20,9/15/1963,,Cudayari,Pacifico,Patía,Río Guáitara,2006,08,Andes,Preliminar,0,0,0,0.270989954471588,0.270989954471588,0,0.286996126174927,0,3.93818187713623,4.62545442581177,5,5,0.789855062961578,0.967391312122345,1,1,38,1.04999995231628,0
07,2008-07-09,52050040,,"",SANDONA [52050040],Pluviométrica,Convencional,Activa,Nariño,Sandoná,1.3223,-77.4792,20,9/15/1963,,Cudayari,Pacifico,Patía,Río Guáitara,2008,09,Andes,Preliminar,0,0,0,0.679208517074585,0.679208517074585,0,0.54704350233078,0.450605809688568,3.93818187713623,4.62545442581177,5,5,0.789855062961578,0.967391312122345,1,1,38,1.04999995231628,0
07,2010-07-11,52050040,9,Definitivo,SANDONA [52050040],Pluviométrica,Convencional,Activa,Nariño,Sandoná,1.3223,-77.4792,20,9/15/1963,,Cudayari,Pacifico,Patía,Río Guáitara,2010,11,Andes,Definitivo,9,9,0,2.02616715431213,2.02616715431213,0,10.362904548645,4.47977495193481,3.93818187713623,4.62545442581177,5,5,0.789855062961578,0.967391312122345,1,1,39,1.04999995231628,9.44999957084656
07,2013-07-09,52050040,,"",SANDONA [52050040],Pluviométrica,Convencional,Activa,Nariño,Sandoná,1.3223,-77.4792,20,9/15/1963,,Cudayari,Pacifico,Patía,Río Guáitara,2013,09,Andes,Preliminar,0,0,0,0.749237477779388,0.749237477779388,0,0.434535950422287,0.189868986606598,3.93818187713623,4.62545442581177,5,5,0.789855062961578,0.967391312122345,1,1,38,1.04999995231628,0
07,2012-07-13,52050040,,"",SANDONA [52050040],Pluviométrica,Convencional,Activa,Nariño,Sandoná,1.3223,-77.4792,20,9/15/1963,,Cudayari,Pacifico,Patía,Río Guáitara,2012,13,Andes,Preliminar,,,1,0.693006038665772,0.693006038665772,0,0.0328773260116577,0.0711513310670853,3.93818187713623,4.62545442581177,5,5,0.789855062961578,0.967391312122345,1,1,39,1.04999995231628,
07,2011-07-18,52050040,,"",SANDONA [52050040],Pluviométrica,Convencional,Activa,Nariño,Sandoná,1.3223,-77.4792,20,9/15/1963,,Cudayari,Pacifico,Patía,Río Guáitara,2011,18,Andes,Preliminar,0,0,0,1.18911325931549,1.18911325931549,0,0.99349445104599,0.157657697796822,3.93818187713623,4.62545442581177,5,5,0.789855062961578,0.967391312122345,1,1,40,1.04999995231628,0
07,2011-07-19,52050040,,"",SANDONA [52050040],Pluviométrica,Convencional,Activa,Nariño,Sandoná,1.3223,-77.4792,20,9/15/1963,,Cudayari,Pacifico,Patía,Río Guáitara,2011,19,Andes,Preliminar,0,0,0,1.10344088077545,1.10344088077545,0,0.512713432312012,2.03787159919739,3.93818187713623,4.62545442581177,5,5,0.789855062961578,0.967391312122345,1,1,40,1.04999995231628,0
07,2010-07-23,52050040,,"",SANDONA [52050040],Pluviométrica,Convencional,Activa,Nariño,Sandoná,1.3223,-77.4792,20,9/15/1963,,Cudayari,Pacifico,Patía,Río Guáitara,2010,23,Andes,Preliminar,0,0,0,0.311109721660614,0.311109721660614,0,0.135724857449532,0,3.93818187713623,4.62545442581177,5,5,0.789855062961578,0.967391312122345,1,1,41,1.04999995231628,0
07,2012-07-24,52050040,,"",SANDONA [52050040],Pluviométrica,Convencional,Activa,Nariño,Sandoná,1.3223,-77.4792,20,9/15/1963,,Cudayari,Pacifico,Patía,Río Guáitara,2012,24,Andes,Preliminar,,,1,0.571834981441498,0.571834981441498,0,0.319207072257996,0.0247735399752855,3.93818187713623,4.62545442581177,5,5,0.789855062961578,0.967391312122345,1,1,41,1.04999995231628,
07,2012-07-25,52050040,,"",SANDONA [52050040],Pluviométrica,Convencional,Activa,Nariño,Sandoná,1.3223,-77.4792,20,9/15/1963,,Cudayari,Pacifico,Patía,Río Guáitara,2012,25,Andes,Preliminar,,,1,0.418190866708756,0.418190866708756,0,0.137774735689163,0,3.93818187713623,4.62545442581177,5,5,0.789855062961578,0.967391312122345,1,1,41,1.04999995231628,
07,2015-07-24,52050040,,"",SANDONA [52050040],Pluviométrica,Convencional,Activa,Nariño,Sandoná,1.3223,-77.4792,20,9/15/1963,,Cudayari,Pacifico,Patía,Río Guáitara,2015,24,Andes,Preliminar,0,0,0,0.125887528061867,0.125887528061867,0,0.109477408230305,0,3.93818187713623,4.62545442581177,5,5,0.789855062961578,0.967391312122345,1,1,41,1.04999995231628,0
07,2017-07-25,52050040,,"",SANDONA [52050040],Pluviométrica,Convencional,Activa,Nariño,Sandoná,1.3223,-77.4792,20,9/15/1963,,Cudayari,Pacifico,Patía,Río Guáitara,2017,25,Andes,Preliminar,0,0,0,1.77930200099945,1.77930200099945,6.64745950698853,1.45033133029938,0,3.93818187713623,4.62545442581177,5,5,0.789855062961578,0.967391312122345,1,1,41,1.04999995231628,0
07,2020-07-23,52050040,3,En revisión,SANDONA [52050040],Pluviométrica,Convencional,Activa,Nariño,Sandoná,1.3223,-77.4792,20,9/15/1963,,Cudayari,Pacifico,Patía,Río Guáitara,2020,23,Andes,En revisión,3,3,0,3.78057265281677,3.78057265281677,18.200008392334,7.73224544525147,24.5269260406494,3.93818187713623,4.62545442581177,5,5,0.789855062961578,0.967391312122345,1,1,41,1.04999995231628,3.14999985694885
07,2020-07-24,52050040,2,En revisión,SANDONA [52050040],Pluviométrica,Convencional,Activa,Nariño,Sandoná,1.3223,-77.4792,20,9/15/1963,,Cudayari,Pacifico,Patía,Río Guáitara,2020,24,Andes,En revisión,2,2,0,3.22696161270142,3.22696161270142,9.10000419616699,10.7481937408447,2.25542497634888,3.93818187713623,4.62545442581177,5,5,0.789855062961578,0.967391312122345,1,1,41,1.04999995231628,2.09999990463257
07,2022-07-21,52050040,,"",SANDONA [52050040],Pluviométrica,Convencional,Activa,Nariño,Sandoná,1.3223,-77.4792,20,9/15/1963,,Cudayari,Pacifico,Patía,Río Guáitara,2022,21,Andes,Preliminar,0,0,0,0.400271832942963,0.400271832942963,0,15.7192974090576,0,3.93818187713623,4.62545442581177,5,5,0.789855062961578,0.967391312122345,1,1,41,1.04999995231628,0
07,2022-07-19,52050040,,"",SANDONA [52050040],Pluviométrica,Convencional,Activa,Nariño,Sandoná,1.3223,-77.4792,20,9/15/1963,,Cudayari,Pacifico,Patía,Río Guáitara,2022,19,Andes,Preliminar,0,0,0,1.0732809305191,1.0732809305191,0,1.63839888572693,0.225329503417015,3.93818187713623,4.62545442581177,5,5,0.789855062961578,0.967391312122345,1,1,40,1.04999995231628,0
07,2020-07-19,52050040,,"",SANDONA [52050040],Pluviométrica,Convencional,Activa,Nariño,Sandoná,1.3223,-77.4792,20,9/15/1963,,Cudayari,Pacifico,Patía,Río Guáitara,2020,19,Andes,Preliminar,0,0,0,1.35344779491425,1.35344779491425,1.2178258895874,0.295614361763001,0,3.93818187713623,4.62545442581177,5,5,0.789855062961578,0.967391312122345,1,1,40,1.04999995231628,0
07,2020-07-18,52050040,,"",SANDONA [52050040],Pluviométrica,Convencional,Activa,Nariño,Sandoná,1.3223,-77.4792,20,9/15/1963,,Cudayari,Pacifico,Patía,Río Guáitara,2020,18,Andes,Preliminar,0,0,0,0.530313491821289,0.530313491821289,0.477173566818237,0.321505278348923,0,3.93818187713623,4.62545442581177,5,5,0.789855062961578,0.967391312122345,1,1,40,1.04999995231628,0
07,2019-07-18,52050040,,"",SANDONA [52050040],Pluviométrica,Convencional,Activa,Nariño,Sandoná,1.3223,-77.4792,20,9/15/1963,,Cudayari,Pacifico,Patía,Río Guáitara,2019,18,Andes,Preliminar,0,0,0,0.657435476779938,0.657435476779938,0,0.310875833034515,0.09321528673172,3.93818187713623,4.62545442581177,5,5,0.789855062961578,0.967391312122345,1,1,40,1.04999995231628,0
07,2020-07-15,52050040,,"",SANDONA [52050040],Pluviométrica,Convencional,Activa,Nariño,Sandoná,1.3223,-77.4792,20,9/15/1963,,Cudayari,Pacifico,Patía,Río Guáitara,2020,15,Andes,Preliminar,1,1,0,1.2759040594101,1.2759040594101,0,0.518011391162872,7.11399745941162,3.93818187713623,4.62545442581177,5,5,0.789855062961578,0.967391312122345,1,1,39,1.04999995231628,1.04999995231628
07,2017-07-17,52050040,,"",SANDONA [52050040],Pluviométrica,Convencional,Activa,Nariño,Sandoná,1.3223,-77.4792,20,9/15/1963,,Cudayari,Pacifico,Patía,Río Guáitara,2017,17,Andes,Preliminar,0,0,0,0.772546887397766,0.772546887397766,0,0.221344783902168,0,3.93818187713623,4.62545442581177,5,5,0.789855062961578,0.967391312122345,1,1,40,1.04999995231628,0
07,2018-07-15,52050040,,"",SANDONA [52050040],Pluviométrica,Convencional,Activa,Nariño,Sandoná,1.3223,-77.4792,20,9/15/1963,,Cudayari,Pacifico,Patía,Río Guáitara,2018,15,Andes,Preliminar,0,0,0,0.325775802135468,0.325775802135468,0,0.0493799932301045,0,3.93818187713623,4.62545442581177,5,5,0.789855062961578,0.967391312122345,1,1,39,1.04999995231628,0
07,2020-07-11,52050040,2,En revisión,SANDONA [52050040],Pluviométrica,Convencional,Activa,Nariño,Sandoná,1.3223,-77.4792,20,9/15/1963,,Cudayari,Pacifico,Patía,Río Guáitara,2020,11,Andes,En revisión,2,2,0,1.45668971538544,1.45668971538544,0,4.59744596481323,3.13396596908569,3.93818187713623,4.62545442581177,5,5,0.789855062961578,0.967391312122345,1,1,39,1.04999995231628,2.09999990463257
07,2020-07-10,52050040,1,En revisión,SANDONA [52050040],Pluviométrica,Convencional,Activa,Nariño,Sandoná,1.3223,-77.4792,20,9/15/1963,,Cudayari,Pacifico,Patía,Río Guáitara,2020,10,Andes,En revisión,1,1,0,3.76872730255127,3.76872730255127,0,1.91962277889252,0.231189221143723,3.93818187713623,4.62545442581177,5,5,0.789855062961578,0.967391312122345,1,1,38,1.04999995231628,1.04999995231628
07,2021-07-08,52050040,,"",SANDONA [52050040],Pluviométrica,Convencional,Activa,Nariño,Sandoná,1.3223,-77.4792,20,9/15/1963,,Cudayari,Pacifico,Patía,Río Guáitara,2021,08,Andes,Preliminar,0,0,0,1.05978918075562,1.05978918075562,0,0.551786661148071,0,3.93818187713623,4.62545442581177,5,5,0.789855062961578,0.967391312122345,1,1,38,1.04999995231628,0
07,2023-07-05,52050040,11,En revisión,SANDONA [52050040],Pluviométrica,Convencional,Activa,Nariño,Sandoná,1.3223,-77.4792,20,9/15/1963,,Cudayari,Pacifico,Patía,Río Guáitara,2023,05,Andes,En revisión,11,11,0,2.48131346702576,2.48131346702576,0,3.64273142814636,9.87503051757812,3.93818187713623,4.62545442581177,5,5,0.789855062961578,0.967391312122345,1,1,37,1.04999995231628,11.5499994754791
07,2023-07-04,52050040,10,En revisión,SANDONA [52050040],Pluviométrica,Convencional,Activa,Nariño,Sandoná,1.3223,-77.4792,20,9/15/1963,,Cudayari,Pacifico,Patía,Río Guáitara,2023,04,Andes,En revisión,10,10,0,2.82039213180542,2.82039213180542,0,2.84689450263977,5.98622131347656,3.93818187713623,4.62545442581177,5,5,0.789855062961578,0.967391312122345,1,1,37,1.04999995231628,10.4999995231628
07,2023-07-03,52050040,3,En revisión,SANDONA [52050040],Pluviométrica,Convencional,Activa,Nariño,Sandoná,1.3223,-77.4792,20,9/15/1963,,Cudayari,Pacifico,Patía,Río Guáitara,2023,03,Andes,En revisión,3,3,0,1.70664644241333,1.70664644241333,0,5.66986131668091,1.54727137088776,3.93818187713623,4.62545442581177,5,5,0.789855062961578,0.967391312122345,1,1,37,1.04999995231628,3.14999985694885
07,2001-07-28,52050040,,"",SANDONA [52050040],Pluviométrica,Convencional,Activa,Nariño,Sandoná,1.3223,-77.4792,20,9/15/1963,,Cudayari,Pacifico,Patía,Río Guáitara,2001,28,Andes,Preliminar,0,0,0,0,0,0,1.92794644832611,2.44006967544556,3.93818187713623,4.62545442581177,5,5,0.789855062961578,0.967391312122345,1,1,42,1.04999995231628,0
07,2002-07-26,52050040,,"",SANDONA [52050040],Pluviométrica,Convencional,Activa,Nariño,Sandoná,1.3223,-77.4792,20,9/15/1963,,Cudayari,Pacifico,Patía,Río Guáitara,2002,26,Andes,Preliminar,0,0,0,0,0,0,0.0978577807545662,0,3.93818187713623,4.62545442581177,5,5,0.789855062961578,0.967391312122345,1,1,42,1.04999995231628,0
07,2002-07-25,52050040,,"",SANDONA [52050040],Pluviométrica,Convencional,Activa,Nariño,Sandoná,1.3223,-77.4792,20,9/15/1963,,Cudayari,Pacifico,Patía,Río Guáitara,2002,25,Andes,Preliminar,0,0,0,0.234031587839127,0.234031587839127,0,0.18916392326355,0.00533994939178228,3.93818187713623,4.62545442581177,5,5,0.789855062961578,0.967391312122345,1,1,41,1.04999995231628,0
07,2004-07-21,52050040,,"",SANDONA [52050040],Pluviométrica,Convencional,Activa,Nariño,Sandoná,1.3223,-77.4792,20,9/15/1963,,Cudayari,Pacifico,Patía,Río Guáitara,2004,21,Andes,Preliminar,0,0,0,0.626905798912048,0.626905798912048,0,2.60092353820801,1.38371336460114,3.93818187713623,4.62545442581177,5,5,0.789855062961578,0.967391312122345,1,1,41,1.04999995231628,0
07,2005-07-19,52050040,3,Definitivo,SANDONA [52050040],Pluviométrica,Convencional,Activa,Nariño,Sandoná,1.3223,-77.4792,20,9/15/1963,,Cudayari,Pacifico,Patía,Río Guáitara,2005,19,Andes,Definitivo,3,3,0,0.182733073830605,0.182733073830605,38.2665634155273,7.03792762756348,10.1807336807251,3.93818187713623,4.62545442581177,5,5,0.789855062961578,0.967391312122345,1,1,40,1.04999995231628,3.14999985694885
07,2005-07-18,52050040,10,Definitivo,SANDONA [52050040],Pluviométrica,Convencional,Activa,Nariño,Sandoná,1.3223,-77.4792,20,9/15/1963,,Cudayari,Pacifico,Patía,Río Guáitara,2005,18,Andes,Definitivo,10,10,0,0.203036725521088,0.203036725521088,0,1.47141540050507,0.485117703676224,3.93818187713623,4.62545442581177,5,5,0.789855062961578,0.967391312122345,1,1,40,1.04999995231628,10.4999995231628
07,2007-07-15,52050040,5,Definitivo,SANDONA [52050040],Pluviométrica,Convencional,Activa,Nariño,Sandoná,1.3223,-77.4792,20,9/15/1963,,Cudayari,Pacifico,Patía,Río Guáitara,2007,15,Andes,Definitivo,5,5,0,2.08867311477661,2.08867311477661,11.5721845626831,3.58472442626953,8.78011989593506,3.93818187713623,4.62545442581177,5,5,0.789855062961578,0.967391312122345,1,1,39,1.04999995231628,5.24999976158142
07,2005-07-15,52050040,2,Definitivo,SANDONA [52050040],Pluviométrica,Convencional,Activa,Nariño,Sandoná,1.3223,-77.4792,20,9/15/1963,,Cudayari,Pacifico,Patía,Río Guáitara,2005,15,Andes,Definitivo,2,2,0,0.846988439559937,0.846988439559937,0,0.422255516052246,1.16875267028809,3.93818187713623,4.62545442581177,5,5,0.789855062961578,0.967391312122345,1,1,39,1.04999995231628,2.09999990463257
07,2002-07-17,52050040,19,Definitivo,SANDONA [52050040],Pluviométrica,Convencional,Activa,Nariño,Sandoná,1.3223,-77.4792,20,9/15/1963,,Cudayari,Pacifico,Patía,Río Guáitara,2002,17,Andes,Definitivo,19,19,0,0.60190349817276,0.60190349817276,0,1.57864058017731,0,3.93818187713623,4.62545442581177,5,5,0.789855062961578,0.967391312122345,1,1,40,1.04999995231628,19.9499990940094
07,2006-07-12,52050040,,"",SANDONA [52050040],Pluviométrica,Convencional,Activa,Nariño,Sandoná,1.3223,-77.4792,20,9/15/1963,,Cudayari,Pacifico,Patía,Río Guáitara,2006,12,Andes,Preliminar,0,0,0,1.26508283615112,1.26508283615112,0,0.344585657119751,0,3.93818187713623,4.62545442581177,5,5,0.789855062961578,0.967391312122345,1,1,39,1.04999995231628,0
07,2002-07-14,52050040,,"",SANDONA [52050040],Pluviométrica,Convencional,Activa,Nariño,Sandoná,1.3223,-77.4792,20,9/15/1963,,Cudayari,Pacifico,Patía,Río Guáitara,2002,14,Andes,Preliminar,0,0,0,0.506950974464417,0.506950974464417,0,0.514181911945343,1.07724559307098,3.93818187713623,4.62545442581177,5,5,0.789855062961578,0.967391312122345,1,1,39,1.04999995231628,0
07,2002-07-11,52050040,,"",SANDONA [52050040],Pluviométrica,Convencional,Activa,Nariño,Sandoná,1.3223,-77.4792,20,9/15/1963,,Cudayari,Pacifico,Patía,Río Guáitara,2002,11,Andes,Preliminar,0,0,0,0.506950974464417,0.506950974464417,14.9111375808716,2.88016414642334,3.21141147613525,3.93818187713623,4.62545442581177,5,5,0.789855062961578,0.967391312122345,1,1,39,1.04999995231628,0
07,2004-07-07,52050040,2,Definitivo,SANDONA [52050040],Pluviométrica,Convencional,Activa,Nariño,Sandoná,1.3223,-77.4792,20,9/15/1963,,Cudayari,Pacifico,Patía,Río Guáitara,2004,07,Andes,Definitivo,2,2,0,0.575251877307892,0.575251877307892,0,5.64483261108398,1.62692558765411,3.93818187713623,4.62545442581177,5,5,0.789855062961578,0.967391312122345,1,1,38,1.04999995231628,2.09999990463257
07,2009-07-06,52050040,0,Definitivo,SANDONA [52050040],Pluviométrica,Convencional,Activa,Nariño,Sandoná,1.3223,-77.4792,20,9/15/1963,,Cudayari,Pacifico,Patía,Río Guáitara,2009,06,Andes,Definitivo,0,0,0,2.27313089370728,2.27313089370728,0,0.753573060035706,0,3.93818187713623,4.62545442581177,5,5,0.789855062961578,0.967391312122345,1,1,38,1.04999995231628,0
07,2008-07-10,52050040,,"",SANDONA [52050040],Pluviométrica,Convencional,Activa,Nariño,Sandoná,1.3223,-77.4792,20,9/15/1963,,Cudayari,Pacifico,Patía,Río Guáitara,2008,10,Andes,Preliminar,0,0,0,1.11692070960999,1.11692070960999,0,0.214119628071785,0.0375504866242409,3.93818187713623,4.62545442581177,5,5,0.789855062961578,0.967391312122345,1,1,38,1.04999995231628,0
07,2008-07-11,52050040,,"",SANDONA [52050040],Pluviométrica,Convencional,Activa,Nariño,Sandoná,1.3223,-77.4792,20,9/15/1963,,Cudayari,Pacifico,Patía,Río Guáitara,2008,11,Andes,Preliminar,0,0,0,0.494989037513733,0.494989037513733,0,0.913965404033661,8.72425079345703,3.93818187713623,4.62545442581177,5,5,0.789855062961578,0.967391312122345,1,1,39,1.04999995231628,0
07,2013-07-10,52050040,,"",SANDONA [52050040],Pluviométrica,Convencional,Activa,Nariño,Sandoná,1.3223,-77.4792,20,9/15/1963,,Cudayari,Pacifico,Patía,Río Guáitara,2013,10,Andes,Preliminar,0,0,0,1.23990714550018,1.23990714550018,0,0.587855637073517,0.00466890959069133,3.93818187713623,4.62545442581177,5,5,0.789855062961578,0.967391312122345,1,1,38,1.04999995231628,0
07,2012-07-14,52050040,,"",SANDONA [52050040],Pluviométrica,Convencional,Activa,Nariño,Sandoná,1.3223,-77.4792,20,9/15/1963,,Cudayari,Pacifico,Patía,Río Guáitara,2012,14,Andes,Preliminar,,,1,1.41577053070068,1.41577053070068,0,0.214616879820824,0.021260354667902,3.93818187713623,4.62545442581177,5,5,0.789855062961578,0.967391312122345,1,1,39,1.04999995231628,
07,2012-07-15,52050040,,"",SANDONA [52050040],Pluviométrica,Convencional,Activa,Nariño,Sandoná,1.3223,-77.4792,20,9/15/1963,,Cudayari,Pacifico,Patía,Río Guáitara,2012,15,Andes,Preliminar,,,1,0.890308022499085,0.890308022499085,0,0.0615970157086849,0.475948601961136,3.93818187713623,4.62545442581177,5,5,0.789855062961578,0.967391312122345,1,1,39,1.04999995231628,
07,2011-07-20,52050040,,"",SANDONA [52050040],Pluviométrica,Convencional,Activa,Nariño,Sandoná,1.3223,-77.4792,20,9/15/1963,,Cudayari,Pacifico,Patía,Río Guáitara,2011,20,Andes,Preliminar,0,0,0,0.507914900779724,0.507914900779724,0,0.440699726343155,0.362028777599335,3.93818187713623,4.62545442581177,5,5,0.789855062961578,0.967391312122345,1,1,40,1.04999995231628,0
07,2013-07-21,52050040,,"",SANDONA [52050040],Pluviométrica,Convencional,Activa,Nariño,Sandoná,1.3223,-77.4792,20,9/15/1963,,Cudayari,Pacifico,Patía,Río Guáitara,2013,21,Andes,Preliminar,0,0,0,1.25900673866272,1.25900673866272,0,1.24587213993073,0,3.93818187713623,4.62545442581177,5,5,0.789855062961578,0.967391312122345,1,1,41,1.04999995231628,0
07,2013-07-22,52050040,,"",SANDONA [52050040],Pluviométrica,Convencional,Activa,Nariño,Sandoná,1.3223,-77.4792,20,9/15/1963,,Cudayari,Pacifico,Patía,Río Guáitara,2013,22,Andes,Preliminar,0,0,0,1.51077044010162,1.51077044010162,0,2.16025495529175,0.011929078027606,3.93818187713623,4.62545442581177,5,5,0.789855062961578,0.967391312122345,1,1,41,1.04999995231628,0
07,2013-07-23,52050040,,"",SANDONA [52050040],Pluviométrica,Convencional,Activa,Nariño,Sandoná,1.3223,-77.4792,20,9/15/1963,,Cudayari,Pacifico,Patía,Río Guáitara,2013,23,Andes,Preliminar,0,0,0,1.29767286777496,1.29767286777496,0,0.740636229515076,0.411553174257278,3.93818187713623,4.62545442581177,5,5,0.789855062961578,0.967391312122345,1,1,41,1.04999995231628,0
07,2015-07-25,52050040,,"",SANDONA [52050040],Pluviométrica,Convencional,Activa,Nariño,Sandoná,1.3223,-77.4792,20,9/15/1963,,Cudayari,Pacifico,Patía,Río Guáitara,2015,25,Andes,Preliminar,0,0,0,0.0858338251709938,0.0858338251709938,0,0.0715185776352882,0,3.93818187713623,4.62545442581177,5,5,0.789855062961578,0.967391312122345,1,1,41,1.04999995231628,0
07,2015-07-26,52050040,,"",SANDONA [52050040],Pluviométrica,Convencional,Activa,Nariño,Sandoná,1.3223,-77.4792,20,9/15/1963,,Cudayari,Pacifico,Patía,Río Guáitara,2015,26,Andes,Preliminar,0,0,0,3.57437562942505,3.57437562942505,0,0.654841363430023,0,3.93818187713623,4.62545442581177,5,5,0.789855062961578,0.967391312122345,1,1,42,1.04999995231628,0
07,2018-07-24,52050040,,"",SANDONA [52050040],Pluviométrica,Convencional,Activa,Nariño,Sandoná,1.3223,-77.4792,20,9/15/1963,,Cudayari,Pacifico,Patía,Río Guáitara,2018,24,Andes,Preliminar,0,0,0,0.662618219852448,0.662618219852448,0,0.173647984862328,0,3.93818187713623,4.62545442581177,5,5,0.789855062961578,0.967391312122345,1,1,41,1.04999995231628,0
07,2018-07-25,52050040,,"",SANDONA [52050040],Pluviométrica,Convencional,Activa,Nariño,Sandoná,1.3223,-77.4792,20,9/15/1963,,Cudayari,Pacifico,Patía,Río Guáitara,2018,25,Andes,Preliminar,0,0,0,0.422676146030426,0.422676146030426,0,0.090662807226181,0.678334951400757,3.93818187713623,4.62545442581177,5,5,0.789855062961578,0.967391312122345,1,1,41,1.04999995231628,0
07,2018-07-23,52050040,,"",SANDONA [52050040],Pluviométrica,Convencional,Activa,Nariño,Sandoná,1.3223,-77.4792,20,9/15/1963,,Cudayari,Pacifico,Patía,Río Guáitara,2018,23,Andes,Preliminar,0,0,0,0.500064134597778,0.500064134597778,0,0.24196083843708,0,3.93818187713623,4.62545442581177,5,5,0.789855062961578,0.967391312122345,1,1,41,1.04999995231628,0
07,2022-07-18,52050040,,"",SANDONA [52050040],Pluviométrica,Convencional,Activa,Nariño,Sandoná,1.3223,-77.4792,20,9/15/1963,,Cudayari,Pacifico,Patía,Río Guáitara,2022,18,Andes,Preliminar,0,0,0,0.880121409893036,0.880121409893036,0,1.58347678184509,0.624647557735443,3.93818187713623,4.62545442581177,5,5,0.789855062961578,0.967391312122345,1,1,40,1.04999995231628,0
07,2019-07-20,52050040,,"",SANDONA [52050040],Pluviométrica,Convencional,Activa,Nariño,Sandoná,1.3223,-77.4792,20,9/15/1963,,Cudayari,Pacifico,Patía,Río Guáitara,2019,20,Andes,Preliminar,0,0,0,1.08481466770172,1.08481466770172,0,0.370018988847733,0.295181721448898,3.93818187713623,4.62545442581177,5,5,0.789855062961578,0.967391312122345,1,1,40,1.04999995231628,0
07,2018-07-19,52050040,,"",SANDONA [52050040],Pluviométrica,Convencional,Activa,Nariño,Sandoná,1.3223,-77.4792,20,9/15/1963,,Cudayari,Pacifico,Patía,Río Guáitara,2018,19,Andes,Preliminar,0,0,0,0.478716164827347,0.478716164827347,0,0.477443397045136,0.407367795705795,3.93818187713623,4.62545442581177,5,5,0.789855062961578,0.967391312122345,1,1,40,1.04999995231628,0
07,2019-07-17,52050040,,"",SANDONA [52050040],Pluviométrica,Convencional,Activa,Nariño,Sandoná,1.3223,-77.4792,20,9/15/1963,,Cudayari,Pacifico,Patía,Río Guáitara,2019,17,Andes,Preliminar,0,0,0,1.20247995853424,1.20247995853424,0,0.198748245835304,0,3.93818187713623,4.62545442581177,5,5,0.789855062961578,0.967391312122345,1,1,40,1.04999995231628,0
07,2019-07-16,52050040,,"",SANDONA [52050040],Pluviométrica,Convencional,Activa,Nariño,Sandoná,1.3223,-77.4792,20,9/15/1963,,Cudayari,Pacifico,Patía,Río Guáitara,2019,16,Andes,Preliminar,0,0,0,0.220451071858406,0.220451071858406,0,0.341259062290192,0.481612265110016,3.93818187713623,4.62545442581177,5,5,0.789855062961578,0.967391312122345,1,1,40,1.04999995231628,0
07,2017-07-16,52050040,,"",SANDONA [52050040],Pluviométrica,Convencional,Activa,Nariño,Sandoná,1.3223,-77.4792,20,9/15/1963,,Cudayari,Pacifico,Patía,Río Guáitara,2017,16,Andes,Preliminar,0,0,0,0.368490159511566,0.368490159511566,0,0.216275960206985,0.958273589611053,3.93818187713623,4.62545442581177,5,5,0.789855062961578,0.967391312122345,1,1,40,1.04999995231628,0
07,2019-07-13,52050040,5,Definitivo,SANDONA [52050040],Pluviométrica,Convencional,Activa,Nariño,Sandoná,1.3223,-77.4792,20,9/15/1963,,Cudayari,Pacifico,Patía,Río Guáitara,2019,13,Andes,Definitivo,5,5,0,1.37754559516907,1.37754559516907,0,0.791727840900421,0.0541165396571159,3.93818187713623,4.62545442581177,5,5,0.789855062961578,0.967391312122345,1,1,39,1.04999995231628,5.24999976158142
07,2019-07-12,52050040,,"",SANDONA [52050040],Pluviométrica,Convencional,Activa,Nariño,Sandoná,1.3223,-77.4792,20,9/15/1963,,Cudayari,Pacifico,Patía,Río Guáitara,2019,12,Andes,Preliminar,0,0,0,0.939103245735168,0.939103245735168,0,2.33241367340088,0.137224093079567,3.93818187713623,4.62545442581177,5,5,0.789855062961578,0.967391312122345,1,1,39,1.04999995231628,0
07,2020-07-09,52050040,,"",SANDONA [52050040],Pluviométrica,Convencional,Activa,Nariño,Sandoná,1.3223,-77.4792,20,9/15/1963,,Cudayari,Pacifico,Patía,Río Guáitara,2020,09,Andes,Preliminar,0,0,0,0.392042398452759,0.392042398452759,7.36185693740845,0.314209640026093,0,3.93818187713623,4.62545442581177,5,5,0.789855062961578,0.967391312122345,1,1,38,1.04999995231628,0
07,2022-07-06,52050040,,"",SANDONA [52050040],Pluviométrica,Convencional,Activa,Nariño,Sandoná,1.3223,-77.4792,20,9/15/1963,,Cudayari,Pacifico,Patía,Río Guáitara,2022,06,Andes,Preliminar,0,0,0,0.28312286734581,0.28312286734581,0,0.40754821896553,0,3.93818187713623,4.62545442581177,5,5,0.789855062961578,0.967391312122345,1,1,38,1.04999995231628,0
07,2022-07-05,52050040,,"",SANDONA [52050040],Pluviométrica,Convencional,Activa,Nariño,Sandoná,1.3223,-77.4792,20,9/15/1963,,Cudayari,Pacifico,Patía,Río Guáitara,2022,05,Andes,Preliminar,0,0,0,0.752300679683685,0.752300679683685,0,1.0276792049408,0.991882920265198,3.93818187713623,4.62545442581177,5,5,0.789855062961578,0.967391312122345,1,1,37,1.04999995231628,0
07,2022-07-04,52050040,2,En revisión,SANDONA [52050040],Pluviométrica,Convencional,Activa,Nariño,Sandoná,1.3223,-77.4792,20,9/15/1963,,Cudayari,Pacifico,Patía,Río Guáitara,2022,04,Andes,En revisión,2,2,0,1.65226829051971,1.65226829051971,0,2.31959676742554,5.29338121414185,3.93818187713623,4.62545442581177,5,5,0.789855062961578,0.967391312122345,1,1,37,1.04999995231628,2.09999990463257
07,2023-07-02,52050040,,"",SANDONA [52050040],Pluviométrica,Convencional,Activa,Nariño,Sandoná,1.3223,-77.4792,20,9/15/1963,,Cudayari,Pacifico,Patía,Río Guáitara,2023,02,Andes,Preliminar,0,0,0,1.42154860496521,1.42154860496521,0,7.47100925445557,0,3.93818187713623,4.62545442581177,5,5,0.789855062961578,0.967391312122345,1,1,37,1.04999995231628,0
07,2001-07-27,52050040,,"",SANDONA [52050040],Pluviométrica,Convencional,Activa,Nariño,Sandoná,1.3223,-77.4792,20,9/15/1963,,Cudayari,Pacifico,Patía,Río Guáitara,2001,27,Andes,Preliminar,0,0,0,0.249597191810608,0.249597191810608,0,0.665046632289887,1.63327252864838,3.93818187713623,4.62545442581177,5,5,0.789855062961578,0.967391312122345,1,1,42,1.04999995231628,0
07,2001-07-26,52050040,4,Definitivo,SANDONA [52050040],Pluviométrica,Convencional,Activa,Nariño,Sandoná,1.3223,-77.4792,20,9/15/1963,,Cudayari,Pacifico,Patía,Río Guáitara,2001,26,Andes,Definitivo,4,4,0,0.62399297952652,0.62399297952652,0,1.28717410564423,0.368962198495865,3.93818187713623,4.62545442581177,5,5,0.789855062961578,0.967391312122345,1,1,42,1.04999995231628,4.19999980926514
07,2003-07-23,52050040,,"",SANDONA [52050040],Pluviométrica,Convencional,Activa,Nariño,Sandoná,1.3223,-77.4792,20,9/15/1963,,Cudayari,Pacifico,Patía,Río Guáitara,2003,23,Andes,Preliminar,0,0,0,0.30688887834549,0.30688887834549,0,0.425186067819595,1.11199593544006,3.93818187713623,4.62545442581177,5,5,0.789855062961578,0.967391312122345,1,1,41,1.04999995231628,0
07,2004-07-20,52050040,,"",SANDONA [52050040],Pluviométrica,Convencional,Activa,Nariño,Sandoná,1.3223,-77.4792,20,9/15/1963,,Cudayari,Pacifico,Patía,Río Guáitara,2004,20,Andes,Preliminar,0,0,0,1.95414209365845,1.95414209365845,0,0.309219777584076,0.257412672042847,3.93818187713623,4.62545442581177,5,5,0.789855062961578,0.967391312122345,1,1,40,1.04999995231628,0
07,2004-07-19,52050040,1,Definitivo,SANDONA [52050040],Pluviométrica,Convencional,Activa,Nariño,Sandoná,1.3223,-77.4792,20,9/15/1963,,Cudayari,Pacifico,Patía,Río Guáitara,2004,19,Andes,Definitivo,1,1,0,0.252147376537323,0.252147376537323,0,0.479668736457825,0.0122213736176491,3.93818187713623,4.62545442581177,5,5,0.789855062961578,0.967391312122345,1,1,40,1.04999995231628,1.04999995231628
07,2006-07-16,52050040,,"",SANDONA [52050040],Pluviométrica,Convencional,Activa,Nariño,Sandoná,1.3223,-77.4792,20,9/15/1963,,Cudayari,Pacifico,Patía,Río Guáitara,2006,16,Andes,Preliminar,0,0,0,0.0626899376511574,0.0626899376511574,0,0.66647869348526,0.92933976650238,3.93818187713623,4.62545442581177,5,5,0.789855062961578,0.967391312122345,1,1,40,1.04999995231628,0
07,2004-07-16,52050040,,"",SANDONA [52050040],Pluviométrica,Convencional,Activa,Nariño,Sandoná,1.3223,-77.4792,20,9/15/1963,,Cudayari,Pacifico,Patía,Río Guáitara,2004,16,Andes,Preliminar,0,0,0,1.26073706150055,1.26073706150055,0,0.120562046766281,0.597319662570953,3.93818187713623,4.62545442581177,5,5,0.789855062961578,0.967391312122345,1,1,40,1.04999995231628,0
07,2004-07-15,52050040,8,Definitivo,SANDONA [52050040],Pluviométrica,Convencional,Activa,Nariño,Sandoná,1.3223,-77.4792,20,9/15/1963,,Cudayari,Pacifico,Patía,Río Guáitara,2004,15,Andes,Definitivo,8,8,0,0.932314455509186,0.932314455509186,10.0260400772095,2.65527677536011,8.03390312194824,3.93818187713623,4.62545442581177,5,5,0.789855062961578,0.967391312122345,1,1,39,1.04999995231628,8.39999961853027
07,2002-07-16,52050040,,"",SANDONA [52050040],Pluviométrica,Convencional,Activa,Nariño,Sandoná,1.3223,-77.4792,20,9/15/1963,,Cudayari,Pacifico,Patía,Río Guáitara,2002,16,Andes,Preliminar,0,0,0,1.75941014289856,1.75941014289856,0,1.97020936012268,0.0663721635937691,3.93818187713623,4.62545442581177,5,5,0.789855062961578,0.967391312122345,1,1,40,1.04999995231628,0
07,2004-07-12,52050040,,"",SANDONA [52050040],Pluviométrica,Convencional,Activa,Nariño,Sandoná,1.3223,-77.4792,20,9/15/1963,,Cudayari,Pacifico,Patía,Río Guáitara,2004,12,Andes,Preliminar,0,0,0,0.103590503334999,0.103590503334999,0,1.64404559135437,0.0774559378623962,3.93818187713623,4.62545442581177,5,5,0.789855062961578,0.967391312122345,1,1,39,1.04999995231628,0
07,2006-07-09,52050040,,"",SANDONA [52050040],Pluviométrica,Convencional,Activa,Nariño,Sandoná,1.3223,-77.4792,20,9/15/1963,,Cudayari,Pacifico,Patía,Río Guáitara,2006,09,Andes,Preliminar,0,0,0,0,0,0,0.327261388301849,0,3.93818187713623,4.62545442581177,5,5,0.789855062961578,0.967391312122345,1,1,38,1.04999995231628,0
07,2003-07-09,52050040,,"",SANDONA [52050040],Pluviométrica,Convencional,Activa,Nariño,Sandoná,1.3223,-77.4792,20,9/15/1963,,Cudayari,Pacifico,Patía,Río Guáitara,2003,09,Andes,Preliminar,0,0,0,1.56790828704834,1.56790828704834,0,2.96974754333496,1.59630632400513,3.93818187713623,4.62545442581177,5,5,0.789855062961578,0.967391312122345,1,1,38,1.04999995231628,0
07,2004-07-08,52050040,12,Definitivo,SANDONA [52050040],Pluviométrica,Convencional,Activa,Nariño,Sandoná,1.3223,-77.4792,20,9/15/1963,,Cudayari,Pacifico,Patía,Río Guáitara,2004,08,Andes,Definitivo,12,12,0,0.418365001678467,0.418365001678467,0,4.68398427963257,2.46106934547424,3.93818187713623,4.62545442581177,5,5,0.789855062961578,0.967391312122345,1,1,38,1.04999995231628,12.5999994277954
07,2009-07-07,52050040,0,Definitivo,SANDONA [52050040],Pluviométrica,Convencional,Activa,Nariño,Sandoná,1.3223,-77.4792,20,9/15/1963,,Cudayari,Pacifico,Patía,Río Guáitara,2009,07,Andes,Definitivo,0,0,0,2.27313089370728,2.27313089370728,0,1.47351551055908,4.73158407211304,3.93818187713623,4.62545442581177,5,5,0.789855062961578,0.967391312122345,1,1,38,1.04999995231628,0
07,2009-07-08,52050040,,"",SANDONA [52050040],Pluviométrica,Convencional,Activa,Nariño,Sandoná,1.3223,-77.4792,20,9/15/1963,,Cudayari,Pacifico,Patía,Río Guáitara,2009,08,Andes,Preliminar,0,0,0,0.818327188491821,0.818327188491821,0,1.51311266422272,0.949159681797028,3.93818187713623,4.62545442581177,5,5,0.789855062961578,0.967391312122345,1,1,38,1.04999995231628,0
07,2011-07-10,52050040,,"",SANDONA [52050040],Pluviométrica,Convencional,Activa,Nariño,Sandoná,1.3223,-77.4792,20,9/15/1963,,Cudayari,Pacifico,Patía,Río Guáitara,2011,10,Andes,Preliminar,0,0,0,1.55827534198761,1.55827534198761,0,1.73211991786957,2.42183542251587,3.93818187713623,4.62545442581177,5,5,0.789855062961578,0.967391312122345,1,1,38,1.04999995231628,0
07,2013-07-11,52050040,,"",SANDONA [52050040],Pluviométrica,Convencional,Activa,Nariño,Sandoná,1.3223,-77.4792,20,9/15/1963,,Cudayari,Pacifico,Patía,Río Guáitara,2013,11,Andes,Preliminar,0,0,0,0.62258243560791,0.62258243560791,0,0.0584327913820744,0,3.93818187713623,4.62545442581177,5,5,0.789855062961578,0.967391312122345,1,1,39,1.04999995231628,0
07,2013-07-12,52050040,,"",SANDONA [52050040],Pluviométrica,Convencional,Activa,Nariño,Sandoná,1.3223,-77.4792,20,9/15/1963,,Cudayari,Pacifico,Patía,Río Guáitara,2013,12,Andes,Preliminar,0,0,0,0.725679397583008,0.725679397583008,0,0.377402454614639,0.0560237728059292,3.93818187713623,4.62545442581177,5,5,0.789855062961578,0.967391312122345,1,1,39,1.04999995231628,0
07,2012-07-16,52050040,,"",SANDONA [52050040],Pluviométrica,Convencional,Activa,Nariño,Sandoná,1.3223,-77.4792,20,9/15/1963,,Cudayari,Pacifico,Patía,Río Guáitara,2012,16,Andes,Preliminar,,,1,0.335575729608536,0.335575729608536,0,0.227123409509659,0.16056028008461,3.93818187713623,4.62545442581177,5,5,0.789855062961578,0.967391312122345,1,1,40,1.04999995231628,
07,2011-07-21,52050040,,"",SANDONA [52050040],Pluviométrica,Convencional,Activa,Nariño,Sandoná,1.3223,-77.4792,20,9/15/1963,,Cudayari,Pacifico,Patía,Río Guáitara,2011,21,Andes,Preliminar,0,0,0,0.971980392932892,0.971980392932892,0,0.261453807353973,0,3.93818187713623,4.62545442581177,5,5,0.789855062961578,0.967391312122345,1,1,41,1.04999995231628,0
07,2011-07-22,52050040,,"",SANDONA [52050040],Pluviométrica,Convencional,Activa,Nariño,Sandoná,1.3223,-77.4792,20,9/15/1963,,Cudayari,Pacifico,Patía,Río Guáitara,2011,22,Andes,Preliminar,0,0,0,1.28082072734833,1.28082072734833,0,0.329954713582993,0,3.93818187713623,4.62545442581177,5,5,0.789855062961578,0.967391312122345,1,1,41,1.04999995231628,0
07,2011-07-23,52050040,,"",SANDONA [52050040],Pluviométrica,Convencional,Activa,Nariño,Sandoná,1.3223,-77.4792,20,9/15/1963,,Cudayari,Pacifico,Patía,Río Guáitara,2011,23,Andes,Preliminar,0,0,0,1.35152637958527,1.35152637958527,0,0.608686804771423,1.01327764987946,3.93818187713623,4.62545442581177,5,5,0.789855062961578,0.967391312122345,1,1,41,1.04999995231628,0
07,2016-07-21,52050040,,"",SANDONA [52050040],Pluviométrica,Convencional,Activa,Nariño,Sandoná,1.3223,-77.4792,20,9/15/1963,,Cudayari,Pacifico,Patía,Río Guáitara,2016,21,Andes,Preliminar,0,0,0,1.91223049163818,1.91223049163818,0,0.725540339946747,0.123083867132664,3.93818187713623,4.62545442581177,5,5,0.789855062961578,0.967391312122345,1,1,41,1.04999995231628,0
07,2016-07-22,52050040,,"",SANDONA [52050040],Pluviométrica,Convencional,Activa,Nariño,Sandoná,1.3223,-77.4792,20,9/15/1963,,Cudayari,Pacifico,Patía,Río Guáitara,2016,22,Andes,Preliminar,0,0,0,1.33453047275543,1.33453047275543,0,0.699911296367645,0.710099160671234,3.93818187713623,4.62545442581177,5,5,0.789855062961578,0.967391312122345,1,1,41,1.04999995231628,0
07,2019-07-21,52050040,,"",SANDONA [52050040],Pluviométrica,Convencional,Activa,Nariño,Sandoná,1.3223,-77.4792,20,9/15/1963,,Cudayari,Pacifico,Patía,Río Guáitara,2019,21,Andes,Preliminar,0,0,0,1.26047241687775,1.26047241687775,0,0.257152020931244,0,3.93818187713623,4.62545442581177,5,5,0.789855062961578,0.967391312122345,1,1,41,1.04999995231628,0
07,2019-07-22,52050040,,"",SANDONA [52050040],Pluviométrica,Convencional,Activa,Nariño,Sandoná,1.3223,-77.4792,20,9/15/1963,,Cudayari,Pacifico,Patía,Río Guáitara,2019,22,Andes,Preliminar,0,0,0,0.793548047542572,0.793548047542572,0,2.50949454307556,0,3.93818187713623,4.62545442581177,5,5,0.789855062961578,0.967391312122345,1,1,41,1.04999995231628,0
07,2020-07-21,52050040,,"",SANDONA [52050040],Pluviométrica,Convencional,Activa,Nariño,Sandoná,1.3223,-77.4792,20,9/15/1963,,Cudayari,Pacifico,Patía,Río Guáitara,2020,21,Andes,Preliminar,0,0,0,4.18740367889404,4.18740367889404,0,2.57447266578674,1.32826781272888,3.93818187713623,4.62545442581177,5,5,0.789855062961578,0.967391312122345,1,1,41,1.04999995231628,0
07,2018-07-22,52050040,,"",SANDONA [52050040],Pluviométrica,Convencional,Activa,Nariño,Sandoná,1.3223,-77.4792,20,9/15/1963,,Cudayari,Pacifico,Patía,Río Guáitara,2018,22,Andes,Preliminar,0,0,0,1.28786146640778,1.28786146640778,0,1.71604120731354,1.56199550628662,3.93818187713623,4.62545442581177,5,5,0.789855062961578,0.967391312122345,1,1,41,1.04999995231628,0
07,2018-07-21,52050040,0,Definitivo,SANDONA [52050040],Pluviométrica,Convencional,Activa,Nariño,Sandoná,1.3223,-77.4792,20,9/15/1963,,Cudayari,Pacifico,Patía,Río Guáitara,2018,21,Andes,Definitivo,0,0,0,0.910881876945496,0.910881876945496,0,0.317641168832779,0.299623280763626,3.93818187713623,4.62545442581177,5,5,0.789855062961578,0.967391312122345,1,1,41,1.04999995231628,0
07,2017-07-20,52050040,,"",SANDONA [52050040],Pluviométrica,Convencional,Activa,Nariño,Sandoná,1.3223,-77.4792,20,9/15/1963,,Cudayari,Pacifico,Patía,Río Guáitara,2017,20,Andes,Preliminar,0,0,0,0.128414899110794,0.128414899110794,0,0.154972091317177,0,3.93818187713623,4.62545442581177,5,5,0.789855062961578,0.967391312122345,1,1,40,1.04999995231628,0
07,2018-07-18,52050040,,"",SANDONA [52050040],Pluviométrica,Convencional,Activa,Nariño,Sandoná,1.3223,-77.4792,20,9/15/1963,,Cudayari,Pacifico,Patía,Río Guáitara,2018,18,Andes,Preliminar,0,0,0,0.962794303894043,0.962794303894043,0,0.35039547085762,0.407367795705795,3.93818187713623,4.62545442581177,5,5,0.789855062961578,0.967391312122345,1,1,40,1.04999995231628,0
07,2015-07-20,52050040,4,Definitivo,SANDONA [52050040],Pluviométrica,Convencional,Activa,Nariño,Sandoná,1.3223,-77.4792,20,9/15/1963,,Cudayari,Pacifico,Patía,Río Guáitara,2015,20,Andes,Definitivo,4,4,0,0.843526482582092,0.843526482582092,0,2.24291181564331,0.203922182321548,3.93818187713623,4.62545442581177,5,5,0.789855062961578,0.967391312122345,1,1,40,1.04999995231628,4.19999980926514
07,2016-07-17,52050040,6,Definitivo,SANDONA [52050040],Pluviométrica,Convencional,Activa,Nariño,Sandoná,1.3223,-77.4792,20,9/15/1963,,Cudayari,Pacifico,Patía,Río Guáitara,2016,17,Andes,Definitivo,6,6,0,0.765887498855591,0.765887498855591,0,2.20263051986694,0.0334405340254307,3.93818187713623,4.62545442581177,5,5,0.789855062961578,0.967391312122345,1,1,40,1.04999995231628,6.29999971389771
07,2018-07-14,52050040,,"",SANDONA [52050040],Pluviométrica,Convencional,Activa,Nariño,Sandoná,1.3223,-77.4792,20,9/15/1963,,Cudayari,Pacifico,Patía,Río Guáitara,2018,14,Andes,Preliminar,0,0,0,0.534539997577667,0.534539997577667,0,0.0957777574658394,0,3.93818187713623,4.62545442581177,5,5,0.789855062961578,0.967391312122345,1,1,39,1.04999995231628,0
07,2018-07-13,52050040,,"",SANDONA [52050040],Pluviométrica,Convencional,Activa,Nariño,Sandoná,1.3223,-77.4792,20,9/15/1963,,Cudayari,Pacifico,Patía,Río Guáitara,2018,13,Andes,Preliminar,0,0,0,0.643238067626953,0.643238067626953,0,0.243806928396225,0.730265855789185,3.93818187713623,4.62545442581177,5,5,0.789855062961578,0.967391312122345,1,1,39,1.04999995231628,0
07,2019-07-11,52050040,,"",SANDONA [52050040],Pluviométrica,Convencional,Activa,Nariño,Sandoná,1.3223,-77.4792,20,9/15/1963,,Cudayari,Pacifico,Patía,Río Guáitara,2019,11,Andes,Preliminar,0,0,0,0.696785569190979,0.696785569190979,0,0.44944104552269,0.908384740352631,3.93818187713623,4.62545442581177,5,5,0.789855062961578,0.967391312122345,1,1,39,1.04999995231628,0
07,2021-07-07,52050040,,"",SANDONA [52050040],Pluviométrica,Convencional,Activa,Nariño,Sandoná,1.3223,-77.4792,20,9/15/1963,,Cudayari,Pacifico,Patía,Río Guáitara,2021,07,Andes,Preliminar,0,0,0,0.721573710441589,0.721573710441589,0,0.220238551497459,0,3.93818187713623,4.62545442581177,5,5,0.789855062961578,0.967391312122345,1,1,38,1.04999995231628,0
07,2021-07-06,52050040,,"",SANDONA [52050040],Pluviométrica,Convencional,Activa,Nariño,Sandoná,1.3223,-77.4792,20,9/15/1963,,Cudayari,Pacifico,Patía,Río Guáitara,2021,06,Andes,Preliminar,0,0,0,0.256356507539749,0.256356507539749,0,0.175467327237129,0,3.93818187713623,4.62545442581177,5,5,0.789855062961578,0.967391312122345,1,1,38,1.04999995231628,0
07,2023-07-01,52050040,,"",SANDONA [52050040],Pluviométrica,Convencional,Activa,Nariño,Sandoná,1.3223,-77.4792,20,9/15/1963,,Cudayari,Pacifico,Patía,Río Guáitara,2023,01,Andes,Preliminar,0,0,0,0.956788718700409,0.956788718700409,0,1.0513664484024,3.27333831787109,3.93818187713623,4.62545442581177,5,5,0.789855062961578,0.967391312122345,1,1,37,1.04999995231628,0
07,2002-07-08,52050040,,"",SANDONA [52050040],Pluviométrica,Convencional,Activa,Nariño,Sandoná,1.3223,-77.4792,20,9/15/1963,,Cudayari,Pacifico,Patía,Río Guáitara,2002,08,Andes,Preliminar,0,0,0,0,0,0,0.308076620101929,0.014246323145926,3.93818187713623,4.62545442581177,5,5,0.789855062961578,0.967391312122345,1,1,38,1.04999995231628,0
07,2007-07-07,52050040,,"",SANDONA [52050040],Pluviométrica,Convencional,Activa,Nariño,Sandoná,1.3223,-77.4792,20,9/15/1963,,Cudayari,Pacifico,Patía,Río Guáitara,2007,07,Andes,Preliminar,1,1,0,0,0,0,0.814456343650818,0.5615114569664,3.93818187713623,4.62545442581177,5,5,0.789855062961578,0.967391312122345,1,1,38,1.04999995231628,1.04999995231628
07,2007-07-08,52050040,2,Definitivo,SANDONA [52050040],Pluviométrica,Convencional,Activa,Nariño,Sandoná,1.3223,-77.4792,20,9/15/1963,,Cudayari,Pacifico,Patía,Río Guáitara,2007,08,Andes,Definitivo,2,2,0,3.09657716751099,3.09657716751099,0,0.628350377082825,1.82346475124359,3.93818187713623,4.62545442581177,5,5,0.789855062961578,0.967391312122345,1,1,38,1.04999995231628,2.09999990463257
07,2002-07-24,52050040,,"",SANDONA [52050040],Pluviométrica,Convencional,Activa,Nariño,Sandoná,1.3223,-77.4792,20,9/15/1963,,Cudayari,Pacifico,Patía,Río Guáitara,2002,24,Andes,Preliminar,0,0,0,0.49731707572937,0.49731707572937,0,0.29900798201561,1.25577831268311,3.93818187713623,4.62545442581177,5,5,0.789855062961578,0.967391312122345,1,1,41,1.04999995231628,0
07,2003-07-22,52050040,,"",SANDONA [52050040],Pluviométrica,Convencional,Activa,Nariño,Sandoná,1.3223,-77.4792,20,9/15/1963,,Cudayari,Pacifico,Patía,Río Guáitara,2003,22,Andes,Preliminar,0,0,0,0.30688887834549,0.30688887834549,0,0.254209667444229,0,3.93818187713623,4.62545442581177,5,5,0.789855062961578,0.967391312122345,1,1,41,1.04999995231628,0
07,2002-07-23,52050040,3,Definitivo,SANDONA [52050040],Pluviométrica,Convencional,Activa,Nariño,Sandoná,1.3223,-77.4792,20,9/15/1963,,Cudayari,Pacifico,Patía,Río Guáitara,2002,23,Andes,Definitivo,3,3,0,2.223299741745,2.223299741745,0,0.669640123844147,0.0160198491066694,3.93818187713623,4.62545442581177,5,5,0.789855062961578,0.967391312122345,1,1,41,1.04999995231628,3.14999985694885
07,2005-07-17,52050040,,"",SANDONA [52050040],Pluviométrica,Convencional,Activa,Nariño,Sandoná,1.3223,-77.4792,20,9/15/1963,,Cudayari,Pacifico,Patía,Río Guáitara,2005,17,Andes,Preliminar,0,0,0,2.86281800270081,2.86281800270081,0,1.39104247093201,0.124648302793503,3.93818187713623,4.62545442581177,5,5,0.789855062961578,0.967391312122345,1,1,40,1.04999995231628,0
07,2006-07-15,52050040,,"",SANDONA [52050040],Pluviométrica,Convencional,Activa,Nariño,Sandoná,1.3223,-77.4792,20,9/15/1963,,Cudayari,Pacifico,Patía,Río Guáitara,2006,15,Andes,Preliminar,0,0,0,0,0,0,0.385306119918823,1.42572247982025,3.93818187713623,4.62545442581177,5,5,0.789855062961578,0.967391312122345,1,1,39,1.04999995231628,0
07,2002-07-19,52050040,,"",SANDONA [52050040],Pluviométrica,Convencional,Activa,Nariño,Sandoná,1.3223,-77.4792,20,9/15/1963,,Cudayari,Pacifico,Patía,Río Guáitara,2002,19,Andes,Preliminar,0,0,0,0,0,0,1.44907760620117,0,3.93818187713623,4.62545442581177,5,5,0.789855062961578,0.967391312122345,1,1,40,1.04999995231628,0
07,2003-07-17,52050040,,"",SANDONA [52050040],Pluviométrica,Convencional,Activa,Nariño,Sandoná,1.3223,-77.4792,20,9/15/1963,,Cudayari,Pacifico,Patía,Río Guáitara,2003,17,Andes,Preliminar,0,0,0,0.3526950776577,0.3526950776577,0,0.24123127758503,0.44338870048523,3.93818187713623,4.62545442581177,5,5,0.789855062961578,0.967391312122345,1,1,40,1.04999995231628,0
07,2003-07-14,52050040,,"",SANDONA [52050040],Pluviométrica,Convencional,Activa,Nariño,Sandoná,1.3223,-77.4792,20,9/15/1963,,Cudayari,Pacifico,Patía,Río Guáitara,2003,14,Andes,Preliminar,0,0,0,0,0,0,0.362286299467087,1.92353951931,3.93818187713623,4.62545442581177,5,5,0.789855062961578,0.967391312122345,1,1,39,1.04999995231628,0
07,2002-07-13,52050040,,"",SANDONA [52050040],Pluviométrica,Convencional,Activa,Nariño,Sandoná,1.3223,-77.4792,20,9/15/1963,,Cudayari,Pacifico,Patía,Río Guáitara,2002,13,Andes,Preliminar,0,0,0,0.506950974464417,0.506950974464417,0,0.470552802085877,0.853666424751282,3.93818187713623,4.62545442581177,5,5,0.789855062961578,0.967391312122345,1,1,39,1.04999995231628,0
07,2004-07-09,52050040,,"",SANDONA [52050040],Pluviométrica,Convencional,Activa,Nariño,Sandoná,1.3223,-77.4792,20,9/15/1963,,Cudayari,Pacifico,Patía,Río Guáitara,2004,09,Andes,Preliminar,0,0,0,2.90240693092346,2.90240693092346,20.4161529541016,7.0630521774292,11.2368173599243,3.93818187713623,4.62545442581177,5,5,0.789855062961578,0.967391312122345,1,1,38,1.04999995231628,0
07,2017-07-21,52050040,,"",SANDONA [52050040],Pluviométrica,Convencional,Activa,Nariño,Sandoná,1.3223,-77.4792,20,9/15/1963,,Cudayari,Pacifico,Patía,Río Guáitara,2017,21,Andes,Preliminar,0,0,0,0.317731082439423,0.317731082439423,0,0.15625461935997,0,3.93818187713623,4.62545442581177,5,5,0.789855062961578,0.967391312122345,1,1,41,1.04999995231628,0
07,2019-07-23,52050040,2,Definitivo,SANDONA [52050040],Pluviométrica,Convencional,Activa,Nariño,Sandoná,1.3223,-77.4792,20,9/15/1963,,Cudayari,Pacifico,Patía,Río Guáitara,2019,23,Andes,Definitivo,2,2,0,1.75497317314148,1.75497317314148,0,2.95451521873474,1.02891802787781,3.93818187713623,4.62545442581177,5,5,0.789855062961578,0.967391312122345,1,1,41,1.04999995231628,2.09999990463257
07,2017-07-23,52050040,,"",SANDONA [52050040],Pluviométrica,Convencional,Activa,Nariño,Sandoná,1.3223,-77.4792,20,9/15/1963,,Cudayari,Pacifico,Patía,Río Guáitara,2017,23,Andes,Preliminar,0,0,0,0.539521455764771,0.539521455764771,0,0.131008818745613,1.05019855499268,3.93818187713623,4.62545442581177,5,5,0.789855062961578,0.967391312122345,1,1,41,1.04999995231628,0
07,2012-07-06,52050040,,"",SANDONA [52050040],Pluviométrica,Convencional,Activa,Nariño,Sandoná,1.3223,-77.4792,20,9/15/1963,,Cudayari,Pacifico,Patía,Río Guáitara,2012,06,Andes,Preliminar,,,1,0.691452503204346,0.691452503204346,0,0.220850080251694,0.0230418778955936,3.93818187713623,4.62545442581177,5,5,0.789855062961578,0.967391312122345,1,1,38,1.04999995231628,
07,2011-07-11,52050040,5,Definitivo,SANDONA [52050040],Pluviométrica,Convencional,Activa,Nariño,Sandoná,1.3223,-77.4792,20,9/15/1963,,Cudayari,Pacifico,Patía,Río Guáitara,2011,11,Andes,Definitivo,5,5,0,0.423672467470169,0.423672467470169,0,0.178556308150291,0.0118705090135336,3.93818187713623,4.62545442581177,5,5,0.789855062961578,0.967391312122345,1,1,39,1.04999995231628,5.24999976158142
07,2014-07-09,52050040,,"",SANDONA [52050040],Pluviométrica,Convencional,Activa,Nariño,Sandoná,1.3223,-77.4792,20,9/15/1963,,Cudayari,Pacifico,Patía,Río Guáitara,2014,09,Andes,Preliminar,,,1,0.899424552917481,0.899424552917481,0,0.94734662771225,0.0629398450255394,3.93818187713623,4.62545442581177,5,5,0.789855062961578,0.967391312122345,1,1,38,1.04999995231628,
07,2013-07-13,52050040,,"",SANDONA [52050040],Pluviométrica,Convencional,Activa,Nariño,Sandoná,1.3223,-77.4792,20,9/15/1963,,Cudayari,Pacifico,Patía,Río Guáitara,2013,13,Andes,Preliminar,0,0,0,0.617485523223877,0.617485523223877,0,0.165806323289871,0.659835577011108,3.93818187713623,4.62545442581177,5,5,0.789855062961578,0.967391312122345,1,1,39,1.04999995231628,0
07,2012-07-17,52050040,,"",SANDONA [52050040],Pluviométrica,Convencional,Activa,Nariño,Sandoná,1.3223,-77.4792,20,9/15/1963,,Cudayari,Pacifico,Patía,Río Guáitara,2012,17,Andes,Preliminar,,,1,0.873693883419037,0.873693883419037,0,0.102033294737339,0.511589109897614,3.93818187713623,4.62545442581177,5,5,0.789855062961578,0.967391312122345,1,1,40,1.04999995231628,
07,2012-07-18,52050040,,"",SANDONA [52050040],Pluviométrica,Convencional,Activa,Nariño,Sandoná,1.3223,-77.4792,20,9/15/1963,,Cudayari,Pacifico,Patía,Río Guáitara,2012,18,Andes,Preliminar,,,1,2.3907208442688,2.3907208442688,0,0.451206147670746,0.413993656635284,3.93818187713623,4.62545442581177,5,5,0.789855062961578,0.967391312122345,1,1,40,1.04999995231628,
07,2012-07-19,52050040,,"",SANDONA [52050040],Pluviométrica,Convencional,Activa,Nariño,Sandoná,1.3223,-77.4792,20,9/15/1963,,Cudayari,Pacifico,Patía,Río Guáitara,2012,19,Andes,Preliminar,,,1,0.589271783828735,0.589271783828735,0,0.289562821388245,0,3.93818187713623,4.62545442581177,5,5,0.789855062961578,0.967391312122345,1,1,40,1.04999995231628,
07,2014-07-21,52050040,,"",SANDONA [52050040],Pluviométrica,Convencional,Activa,Nariño,Sandoná,1.3223,-77.4792,20,9/15/1963,,Cudayari,Pacifico,Patía,Río Guáitara,2014,21,Andes,Preliminar,,,1,0.566421926021576,0.566421926021576,0,0.289284855127335,0.685132741928101,3.93818187713623,4.62545442581177,5,5,0.789855062961578,0.967391312122345,1,1,41,1.04999995231628,
07,2014-07-22,52050040,,"",SANDONA [52050040],Pluviométrica,Convencional,Activa,Nariño,Sandoná,1.3223,-77.4792,20,9/15/1963,,Cudayari,Pacifico,Patía,Río Guáitara,2014,22,Andes,Preliminar,,,1,0.517547011375427,0.517547011375427,0,0.395448476076126,0,3.93818187713623,4.62545442581177,5,5,0.789855062961578,0.967391312122345,1,1,41,1.04999995231628,
07,2014-07-23,52050040,,"",SANDONA [52050040],Pluviométrica,Convencional,Activa,Nariño,Sandoná,1.3223,-77.4792,20,9/15/1963,,Cudayari,Pacifico,Patía,Río Guáitara,2014,23,Andes,Preliminar,,,1,1.09215617179871,1.09215617179871,0,0.192185118794441,0.327453106641769,3.93818187713623,4.62545442581177,5,5,0.789855062961578,0.967391312122345,1,1,41,1.04999995231628,
07,2003-07-11,52050040,,"",SANDONA [52050040],Pluviométrica,Convencional,Activa,Nariño,Sandoná,1.3223,-77.4792,20,9/15/1963,,Cudayari,Pacifico,Patía,Río Guáitara,2003,11,Andes,Preliminar,0,0,0,3.69370579719543,3.69370579719543,5.96268558502197,1.3587691783905,0.180735275149345,3.93818187713623,4.62545442581177,5,5,0.789855062961578,0.967391312122345,1,1,39,1.04999995231628,0
07,2004-07-06,52050040,,"",SANDONA [52050040],Pluviométrica,Convencional,Activa,Nariño,Sandoná,1.3223,-77.4792,20,9/15/1963,,Cudayari,Pacifico,Patía,Río Guáitara,2004,06,Andes,Preliminar,0,0,0,1.88264238834381,1.88264238834381,0,2.50463390350342,2.20944762229919,3.93818187713623,4.62545442581177,5,5,0.789855062961578,0.967391312122345,1,1,38,1.04999995231628,0
07,2005-07-06,52050040,1,Definitivo,SANDONA [52050040],Pluviométrica,Convencional,Activa,Nariño,Sandoná,1.3223,-77.4792,20,9/15/1963,,Cudayari,Pacifico,Patía,Río Guáitara,2005,06,Andes,Definitivo,1,1,0,3.44285845756531,3.44285845756531,0,1.86748254299164,1.88648664951324,3.93818187713623,4.62545442581177,5,5,0.789855062961578,0.967391312122345,1,1,38,1.04999995231628,1.04999995231628
07,2016-07-20,52050040,0,Definitivo,SANDONA [52050040],Pluviométrica,Convencional,Activa,Nariño,Sandoná,1.3223,-77.4792,20,9/15/1963,,Cudayari,Pacifico,Patía,Río Guáitara,2016,20,Andes,Definitivo,0,0,0,3.24516034126282,3.24516034126282,20.5508308410645,6.9586992263794,15.9648160934448,3.93818187713623,4.62545442581177,5,5,0.789855062961578,0.967391312122345,1,1,40,1.04999995231628,0
07,2019-07-19,52050040,,"",SANDONA [52050040],Pluviométrica,Convencional,Activa,Nariño,Sandoná,1.3223,-77.4792,20,9/15/1963,,Cudayari,Pacifico,Patía,Río Guáitara,2019,19,Andes,Preliminar,0,0,0,0.399605393409729,0.399605393409729,0,0.146255418658257,0.497148126363754,3.93818187713623,4.62545442581177,5,5,0.789855062961578,0.967391312122345,1,1,40,1.04999995231628,0
07,2017-07-19,52050040,,"",SANDONA [52050040],Pluviométrica,Convencional,Activa,Nariño,Sandoná,1.3223,-77.4792,20,9/15/1963,,Cudayari,Pacifico,Patía,Río Guáitara,2017,19,Andes,Preliminar,0,0,0,0.855647087097168,0.855647087097168,0,1.01397585868835,0.524872601032257,3.93818187713623,4.62545442581177,5,5,0.789855062961578,0.967391312122345,1,1,40,1.04999995231628,0
07,2016-07-16,52050040,,"",SANDONA [52050040],Pluviométrica,Convencional,Activa,Nariño,Sandoná,1.3223,-77.4792,20,9/15/1963,,Cudayari,Pacifico,Patía,Río Guáitara,2016,16,Andes,Preliminar,0,0,0,0.539950907230377,0.539950907230377,0,3.86794018745422,0.0395206287503243,3.93818187713623,4.62545442581177,5,5,0.789855062961578,0.967391312122345,1,1,40,1.04999995231628,0
07,2017-07-14,52050040,,"",SANDONA [52050040],Pluviométrica,Convencional,Activa,Nariño,Sandoná,1.3223,-77.4792,20,9/15/1963,,Cudayari,Pacifico,Patía,Río Guáitara,2017,14,Andes,Preliminar,0,0,0,0.527755975723267,0.527755975723267,0,0.323287487030029,0,3.93818187713623,4.62545442581177,5,5,0.789855062961578,0.967391312122345,1,1,39,1.04999995231628,0
07,2017-07-15,52050040,15,Definitivo,SANDONA [52050040],Pluviométrica,Convencional,Activa,Nariño,Sandoná,1.3223,-77.4792,20,9/15/1963,,Cudayari,Pacifico,Patía,Río Guáitara,2017,15,Andes,Definitivo,15,15,0,1.64947474002838,1.64947474002838,0,1.07888889312744,0.818304240703583,3.93818187713623,4.62545442581177,5,5,0.789855062961578,0.967391312122345,1,1,39,1.04999995231628,15.7499992847443
07,2019-07-10,52050040,,"",SANDONA [52050040],Pluviométrica,Convencional,Activa,Nariño,Sandoná,1.3223,-77.4792,20,9/15/1963,,Cudayari,Pacifico,Patía,Río Guáitara,2019,10,Andes,Preliminar,0,0,0,0.403453707695007,0.403453707695007,0,0.113922379910946,0,3.93818187713623,4.62545442581177,5,5,0.789855062961578,0.967391312122345,1,1,38,1.04999995231628,0
07,2020-07-07,52050040,3,En revisión,SANDONA [52050040],Pluviométrica,Convencional,Activa,Nariño,Sandoná,1.3223,-77.4792,20,9/15/1963,,Cudayari,Pacifico,Patía,Río Guáitara,2020,07,Andes,En revisión,3,3,0,1.09713590145111,1.09713590145111,0,3.03679585456848,1.1522958278656,3.93818187713623,4.62545442581177,5,5,0.789855062961578,0.967391312122345,1,1,38,1.04999995231628,3.14999985694885
07,2020-07-08,52050040,4,En revisión,SANDONA [52050040],Pluviométrica,Convencional,Activa,Nariño,Sandoná,1.3223,-77.4792,20,9/15/1963,,Cudayari,Pacifico,Patía,Río Guáitara,2020,08,Andes,En revisión,4,4,0,0.41857185959816,0.41857185959816,0,1.18791878223419,0.00243357103317976,3.93818187713623,4.62545442581177,5,5,0.789855062961578,0.967391312122345,1,1,38,1.04999995231628,4.19999980926514
07,2022-07-03,52050040,0,En revisión,SANDONA [52050040],Pluviométrica,Convencional,Activa,Nariño,Sandoná,1.3223,-77.4792,20,9/15/1963,,Cudayari,Pacifico,Patía,Río Guáitara,2022,03,Andes,En revisión,0,0,0,3.30106115341187,3.30106115341187,0,1.28594756126404,1.37928509712219,3.93818187713623,4.62545442581177,5,5,0.789855062961578,0.967391312122345,1,1,37,1.04999995231628,0
07,2012-07-22,52050040,,"",SANDONA [52050040],Pluviométrica,Convencional,Activa,Nariño,Sandoná,1.3223,-77.4792,20,9/15/1963,,Cudayari,Pacifico,Patía,Río Guáitara,2012,22,Andes,Preliminar,,,1,0.980721354484558,0.980721354484558,0,0.444917410612106,0,3.93818187713623,4.62545442581177,5,5,0.789855062961578,0.967391312122345,1,1,41,1.04999995231628,
07,2015-07-21,52050040,2,Definitivo,SANDONA [52050040],Pluviométrica,Convencional,Activa,Nariño,Sandoná,1.3223,-77.4792,20,9/15/1963,,Cudayari,Pacifico,Patía,Río Guáitara,2015,21,Andes,Definitivo,2,2,0,0.956321954727173,0.956321954727173,0,1.47267580032349,1.55614995956421,3.93818187713623,4.62545442581177,5,5,0.789855062961578,0.967391312122345,1,1,41,1.04999995231628,2.09999990463257
07,2017-07-22,52050040,,"",SANDONA [52050040],Pluviométrica,Convencional,Activa,Nariño,Sandoná,1.3223,-77.4792,20,9/15/1963,,Cudayari,Pacifico,Patía,Río Guáitara,2017,22,Andes,Preliminar,0,0,0,0.429145276546478,0.429145276546478,0,0.181067883968353,0,3.93818187713623,4.62545442581177,5,5,0.789855062961578,0.967391312122345,1,1,41,1.04999995231628,0
07,2005-07-07,52050040,,"",SANDONA [52050040],Pluviométrica,Convencional,Activa,Nariño,Sandoná,1.3223,-77.4792,20,9/15/1963,,Cudayari,Pacifico,Patía,Río Guáitara,2005,07,Andes,Preliminar,0,0,0,0,0,0,3.23065161705017,3.23546361923218,3.93818187713623,4.62545442581177,5,5,0.789855062961578,0.967391312122345,1,1,38,1.04999995231628,0
07,2007-07-09,52050040,1,Definitivo,SANDONA [52050040],Pluviométrica,Convencional,Activa,Nariño,Sandoná,1.3223,-77.4792,20,9/15/1963,,Cudayari,Pacifico,Patía,Río Guáitara,2007,09,Andes,Definitivo,1,1,0,0.289399743080139,0.289399743080139,0,0.519147038459778,0.0289438888430595,3.93818187713623,4.62545442581177,5,5,0.789855062961578,0.967391312122345,1,1,38,1.04999995231628,1.04999995231628
07,2001-07-25,52050040,,"",SANDONA [52050040],Pluviométrica,Convencional,Activa,Nariño,Sandoná,1.3223,-77.4792,20,9/15/1963,,Cudayari,Pacifico,Patía,Río Guáitara,2001,25,Andes,Preliminar,0,0,0,0.26174658536911,0.26174658536911,0,0.46517151594162,0,3.93818187713623,4.62545442581177,5,5,0.789855062961578,0.967391312122345,1,1,41,1.04999995231628,0
07,2001-07-24,52050040,,"",SANDONA [52050040],Pluviométrica,Convencional,Activa,Nariño,Sandoná,1.3223,-77.4792,20,9/15/1963,,Cudayari,Pacifico,Patía,Río Guáitara,2001,24,Andes,Preliminar,0,0,0,0,0,0,0.0821932703256607,0,3.93818187713623,4.62545442581177,5,5,0.789855062961578,0.967391312122345,1,1,41,1.04999995231628,0
07,2003-07-21,52050040,,"",SANDONA [52050040],Pluviométrica,Convencional,Activa,Nariño,Sandoná,1.3223,-77.4792,20,9/15/1963,,Cudayari,Pacifico,Patía,Río Guáitara,2003,21,Andes,Preliminar,0,0,0,0.30688887834549,0.30688887834549,0,0.242664694786072,0.0783095732331276,3.93818187713623,4.62545442581177,5,5,0.789855062961578,0.967391312122345,1,1,41,1.04999995231628,0
07,2004-07-18,52050040,,"",SANDONA [52050040],Pluviométrica,Convencional,Activa,Nariño,Sandoná,1.3223,-77.4792,20,9/15/1963,,Cudayari,Pacifico,Patía,Río Guáitara,2004,18,Andes,Preliminar,0,0,0,0.504294753074646,0.504294753074646,0,0.398752838373184,0,3.93818187713623,4.62545442581177,5,5,0.789855062961578,0.967391312122345,1,1,40,1.04999995231628,0
07,2004-07-17,52050040,,"",SANDONA [52050040],Pluviométrica,Convencional,Activa,Nariño,Sandoná,1.3223,-77.4792,20,9/15/1963,,Cudayari,Pacifico,Patía,Río Guáitara,2004,17,Andes,Preliminar,0,0,0,0.0945552662014961,0.0945552662014961,0,0.17860309779644,0.619852781295776,3.93818187713623,4.62545442581177,5,5,0.789855062961578,0.967391312122345,1,1,40,1.04999995231628,0
07,2002-07-18,52050040,,"",SANDONA [52050040],Pluviométrica,Convencional,Activa,Nariño,Sandoná,1.3223,-77.4792,20,9/15/1963,,Cudayari,Pacifico,Patía,Río Guáitara,2002,18,Andes,Preliminar,0,0,0,2.68541550636292,2.68541550636292,0,2.44956016540527,0.331860840320587,3.93818187713623,4.62545442581177,5,5,0.789855062961578,0.967391312122345,1,1,40,1.04999995231628,0
07,2004-07-14,52050040,20,Definitivo,SANDONA [52050040],Pluviométrica,Convencional,Activa,Nariño,Sandoná,1.3223,-77.4792,20,9/15/1963,,Cudayari,Pacifico,Patía,Río Guáitara,2004,14,Andes,Definitivo,20,20,0,1.38120663166046,1.38120663166046,0,9.29047870635986,0.765953242778778,3.93818187713623,4.62545442581177,5,5,0.789855062961578,0.967391312122345,1,1,39,1.04999995231628,20.9999990463257
07,2001-07-14,52050040,,"",SANDONA [52050040],Pluviométrica,Convencional,Activa,Nariño,Sandoná,1.3223,-77.4792,20,9/15/1963,,Cudayari,Pacifico,Patía,Río Guáitara,2001,14,Andes,Preliminar,0,0,0,1.83564853668213,1.83564853668213,0,0.173889726400375,0.00304519082419574,3.93818187713623,4.62545442581177,5,5,0.789855062961578,0.967391312122345,1,1,39,1.04999995231628,0
07,2020-07-02,52050040,6,En revisión,SANDONA [52050040],Pluviométrica,Convencional,Activa,Nariño,Sandoná,1.3223,-77.4792,20,9/15/1963,,Cudayari,Pacifico,Patía,Río Guáitara,2020,02,Andes,En revisión,6,6,0,3.60533022880554,3.60533022880554,33.930477142334,5.53014516830444,16.6979427337647,3.93818187713623,4.62545442581177,5,5,0.789855062961578,0.967391312122345,1,1,37,1.04999995231628,6.29999971389771
07,2002-07-12,52050040,,"",SANDONA [52050040],Pluviométrica,Convencional,Activa,Nariño,Sandoná,1.3223,-77.4792,20,9/15/1963,,Cudayari,Pacifico,Patía,Río Guáitara,2002,12,Andes,Preliminar,0,0,0,0.506950974464417,0.506950974464417,0,1.26070201396942,0.264230042695999,3.93818187713623,4.62545442581177,5,5,0.789855062961578,0.967391312122345,1,1,39,1.04999995231628,0
07,2002-07-10,52050040,,"",SANDONA [52050040],Pluviométrica,Convencional,Activa,Nariño,Sandoná,1.3223,-77.4792,20,9/15/1963,,Cudayari,Pacifico,Patía,Río Guáitara,2002,10,Andes,Preliminar,0,0,0,0,0,0,0.541564166545868,4.33613061904907,3.93818187713623,4.62545442581177,5,5,0.789855062961578,0.967391312122345,1,1,38,1.04999995231628,0
07,2015-07-23,52050040,,"",SANDONA [52050040],Pluviométrica,Convencional,Activa,Nariño,Sandoná,1.3223,-77.4792,20,9/15/1963,,Cudayari,Pacifico,Patía,Río Guáitara,2015,23,Andes,Preliminar,0,0,0,1.67308306694031,1.67308306694031,0,0.827200949192047,0,3.93818187713623,4.62545442581177,5,5,0.789855062961578,0.967391312122345,1,1,41,1.04999995231628,0
07,2014-07-20,52050040,,"",SANDONA [52050040],Pluviométrica,Convencional,Activa,Nariño,Sandoná,1.3223,-77.4792,20,9/15/1963,,Cudayari,Pacifico,Patía,Río Guáitara,2014,20,Andes,Preliminar,,,1,1.28994524478912,1.28994524478912,0,0.327386945486069,0.0926291346549988,3.93818187713623,4.62545442581177,5,5,0.789855062961578,0.967391312122345,1,1,40,1.04999995231628,
07,2012-07-07,52050040,,"",SANDONA [52050040],Pluviométrica,Convencional,Activa,Nariño,Sandoná,1.3223,-77.4792,20,9/15/1963,,Cudayari,Pacifico,Patía,Río Guáitara,2012,07,Andes,Preliminar,,,1,0.798863530158997,0.798863530158997,0,0.134057313203812,0,3.93818187713623,4.62545442581177,5,5,0.789855062961578,0.967391312122345,1,1,38,1.04999995231628,
07,2012-07-08,52050040,,"",SANDONA [52050040],Pluviométrica,Convencional,Activa,Nariño,Sandoná,1.3223,-77.4792,20,9/15/1963,,Cudayari,Pacifico,Patía,Río Guáitara,2012,08,Andes,Preliminar,,,1,0.41710439324379,0.41710439324379,0,0.127261281013489,0,3.93818187713623,4.62545442581177,5,5,0.789855062961578,0.967391312122345,1,1,38,1.04999995231628,
07,2014-07-10,52050040,,"",SANDONA [52050040],Pluviométrica,Convencional,Activa,Nariño,Sandoná,1.3223,-77.4792,20,9/15/1963,,Cudayari,Pacifico,Patía,Río Guáitara,2014,10,Andes,Preliminar,,,1,0.745055735111237,0.745055735111237,0,0.404540985822678,1.3993626832962,3.93818187713623,4.62545442581177,5,5,0.789855062961578,0.967391312122345,1,1,38,1.04999995231628,
07,2013-07-14,52050040,,"",SANDONA [52050040],Pluviométrica,Convencional,Activa,Nariño,Sandoná,1.3223,-77.4792,20,9/15/1963,,Cudayari,Pacifico,Patía,Río Guáitara,2013,14,Andes,Preliminar,0,0,0,0.959914028644562,0.959914028644562,0,0.103332415223122,0,3.93818187713623,4.62545442581177,5,5,0.789855062961578,0.967391312122345,1,1,39,1.04999995231628,0
07,2013-07-15,52050040,,"",SANDONA [52050040],Pluviométrica,Convencional,Activa,Nariño,Sandoná,1.3223,-77.4792,20,9/15/1963,,Cudayari,Pacifico,Patía,Río Guáitara,2013,15,Andes,Preliminar,0,0,0,0.686657607555389,0.686657607555389,0,0.066909171640873,0.0560237728059292,3.93818187713623,4.62545442581177,5,5,0.789855062961578,0.967391312122345,1,1,39,1.04999995231628,0
07,2013-07-16,52050040,,"",SANDONA [52050040],Pluviométrica,Convencional,Activa,Nariño,Sandoná,1.3223,-77.4792,20,9/15/1963,,Cudayari,Pacifico,Patía,Río Guáitara,2013,16,Andes,Preliminar,0,0,0,1.41419363021851,1.41419363021851,0,0.46608504652977,0,3.93818187713623,4.62545442581177,5,5,0.789855062961578,0.967391312122345,1,1,40,1.04999995231628,0
07,2012-07-20,52050040,,"",SANDONA [52050040],Pluviométrica,Convencional,Activa,Nariño,Sandoná,1.3223,-77.4792,20,9/15/1963,,Cudayari,Pacifico,Patía,Río Guáitara,2012,20,Andes,Preliminar,,,1,0.197900086641312,0.197900086641312,0,0.049273993819952,0.0330565311014652,3.93818187713623,4.62545442581177,5,5,0.789855062961578,0.967391312122345,1,1,40,1.04999995231628,
07,2012-07-21,52050040,,"",SANDONA [52050040],Pluviométrica,Convencional,Activa,Nariño,Sandoná,1.3223,-77.4792,20,9/15/1963,,Cudayari,Pacifico,Patía,Río Guáitara,2012,21,Andes,Preliminar,,,1,0.430060416460037,0.430060416460037,0,0.20324644446373,1.28203082084656,3.93818187713623,4.62545442581177,5,5,0.789855062961578,0.967391312122345,1,1,41,1.04999995231628,
07,2002-07-15,52050040,,"",SANDONA [52050040],Pluviométrica,Convencional,Activa,Nariño,Sandoná,1.3223,-77.4792,20,9/15/1963,,Cudayari,Pacifico,Patía,Río Guáitara,2002,15,Andes,Preliminar,0,0,0,0.506950974464417,0.506950974464417,0,0.42323026061058,0.142277732491493,3.93818187713623,4.62545442581177,5,5,0.789855062961578,0.967391312122345,1,1,39,1.04999995231628,0
07,2013-07-19,52050040,,"",SANDONA [52050040],Pluviométrica,Convencional,Activa,Nariño,Sandoná,1.3223,-77.4792,20,9/15/1963,,Cudayari,Pacifico,Patía,Río Guáitara,2013,19,Andes,Preliminar,0,0,0,0.512261688709259,0.512261688709259,0,0.341443538665772,0.434409886598587,3.93818187713623,4.62545442581177,5,5,0.789855062961578,0.967391312122345,1,1,40,1.04999995231628,0
07,2013-07-20,52050040,,"",SANDONA [52050040],Pluviométrica,Convencional,Activa,Nariño,Sandoná,1.3223,-77.4792,20,9/15/1963,,Cudayari,Pacifico,Patía,Río Guáitara,2013,20,Andes,Preliminar,0,0,0,0.329125285148621,0.329125285148621,0,0.23420524597168,0.0217204913496971,3.93818187713623,4.62545442581177,5,5,0.789855062961578,0.967391312122345,1,1,40,1.04999995231628,0
07,2003-07-06,52050040,,"",SANDONA [52050040],Pluviométrica,Convencional,Activa,Nariño,Sandoná,1.3223,-77.4792,20,9/15/1963,,Cudayari,Pacifico,Patía,Río Guáitara,2003,06,Andes,Preliminar,0,0,0,3.59847831726074,3.59847831726074,0,8.74546909332275,0,3.93818187713623,4.62545442581177,5,5,0.789855062961578,0.967391312122345,1,1,38,1.04999995231628,0
07,2006-07-04,52050040,,"",SANDONA [52050040],Pluviométrica,Convencional,Activa,Nariño,Sandoná,1.3223,-77.4792,20,9/15/1963,,Cudayari,Pacifico,Patía,Río Guáitara,2006,04,Andes,Preliminar,0,0,0,0,0,0,0.108304746448994,2.00764942169189,3.93818187713623,4.62545442581177,5,5,0.789855062961578,0.967391312122345,1,1,37,1.04999995231628,0
07,2017-07-18,52050040,0,Definitivo,SANDONA [52050040],Pluviométrica,Convencional,Activa,Nariño,Sandoná,1.3223,-77.4792,20,9/15/1963,,Cudayari,Pacifico,Patía,Río Guáitara,2017,18,Andes,Definitivo,0,0,0,1.43968784809113,1.43968784809113,0,0.877320230007172,1.0007426738739,3.93818187713623,4.62545442581177,5,5,0.789855062961578,0.967391312122345,1,1,40,1.04999995231628,0
07,2015-07-19,52050040,5,Definitivo,SANDONA [52050040],Pluviométrica,Convencional,Activa,Nariño,Sandoná,1.3223,-77.4792,20,9/15/1963,,Cudayari,Pacifico,Patía,Río Guáitara,2015,19,Andes,Definitivo,5,5,0,0.916797935962677,0.916797935962677,0,1.61710524559021,0.282353758811951,3.93818187713623,4.62545442581177,5,5,0.789855062961578,0.967391312122345,1,1,40,1.04999995231628,5.24999976158142
07,2017-07-13,52050040,,"",SANDONA [52050040],Pluviométrica,Convencional,Activa,Nariño,Sandoná,1.3223,-77.4792,20,9/15/1963,,Cudayari,Pacifico,Patía,Río Guáitara,2017,13,Andes,Preliminar,0,0,0,0.347732782363892,0.347732782363892,0,0.155469745397568,0.198142856359482,3.93818187713623,4.62545442581177,5,5,0.789855062961578,0.967391312122345,1,1,39,1.04999995231628,0
07,2018-07-11,52050040,,"",SANDONA [52050040],Pluviométrica,Convencional,Activa,Nariño,Sandoná,1.3223,-77.4792,20,9/15/1963,,Cudayari,Pacifico,Patía,Río Guáitara,2018,11,Andes,Preliminar,0,0,0,1.89155471324921,1.89155471324921,5.78405523300171,0.257575750350952,0.031409278512001,3.93818187713623,4.62545442581177,5,5,0.789855062961578,0.967391312122345,1,1,39,1.04999995231628,0
07,2018-07-12,52050040,,"",SANDONA [52050040],Pluviométrica,Convencional,Activa,Nariño,Sandoná,1.3223,-77.4792,20,9/15/1963,,Cudayari,Pacifico,Patía,Río Guáitara,2018,12,Andes,Preliminar,0,0,0,0.217210173606873,0.217210173606873,0,0.115134678781033,0,3.93818187713623,4.62545442581177,5,5,0.789855062961578,0.967391312122345,1,1,39,1.04999995231628,0
07,2020-07-06,52050040,4,En revisión,SANDONA [52050040],Pluviométrica,Convencional,Activa,Nariño,Sandoná,1.3223,-77.4792,20,9/15/1963,,Cudayari,Pacifico,Patía,Río Guáitara,2020,06,Andes,En revisión,4,4,0,0.789207100868225,0.789207100868225,0,2.44953870773315,7.52216720581055,3.93818187713623,4.62545442581177,5,5,0.789855062961578,0.967391312122345,1,1,38,1.04999995231628,4.19999980926514
07,2021-07-04,52050040,,"",SANDONA [52050040],Pluviométrica,Convencional,Activa,Nariño,Sandoná,1.3223,-77.4792,20,9/15/1963,,Cudayari,Pacifico,Patía,Río Guáitara,2021,04,Andes,Preliminar,0,0,0,0.78023236989975,0.78023236989975,0,0.625698387622833,0,3.93818187713623,4.62545442581177,5,5,0.789855062961578,0.967391312122345,1,1,37,1.04999995231628,0
07,2021-07-05,52050040,,"",SANDONA [52050040],Pluviométrica,Convencional,Activa,Nariño,Sandoná,1.3223,-77.4792,20,9/15/1963,,Cudayari,Pacifico,Patía,Río Guáitara,2021,05,Andes,Preliminar,0,0,0,0.180971771478653,0.180971771478653,0,0.5414759516716,0,3.93818187713623,4.62545442581177,5,5,0.789855062961578,0.967391312122345,1,1,37,1.04999995231628,0
07,2013-07-18,52050040,,"",SANDONA [52050040],Pluviométrica,Convencional,Activa,Nariño,Sandoná,1.3223,-77.4792,20,9/15/1963,,Cudayari,Pacifico,Patía,Río Guáitara,2013,18,Andes,Preliminar,0,0,0,0.591475129127502,0.591475129127502,0,0.369607657194138,1.43355262279511,3.93818187713623,4.62545442581177,5,5,0.789855062961578,0.967391312122345,1,1,40,1.04999995231628,0
07,2001-07-16,52050040,,"",SANDONA [52050040],Pluviométrica,Convencional,Activa,Nariño,Sandoná,1.3223,-77.4792,20,9/15/1963,,Cudayari,Pacifico,Patía,Río Guáitara,2001,16,Andes,Preliminar,0,0,0,0.319392263889313,0.319392263889313,9.07188034057617,1.62385058403015,0.0421277359127998,3.93818187713623,4.62545442581177,5,5,0.789855062961578,0.967391312122345,1,1,40,1.04999995231628,0
07,2003-07-13,52050040,,"",SANDONA [52050040],Pluviométrica,Convencional,Activa,Nariño,Sandoná,1.3223,-77.4792,20,9/15/1963,,Cudayari,Pacifico,Patía,Río Guáitara,2003,13,Andes,Preliminar,0,0,0,0,0,0,0.736314952373505,1.94935870170593,3.93818187713623,4.62545442581177,5,5,0.789855062961578,0.967391312122345,1,1,39,1.04999995231628,0
07,2015-07-22,52050040,0,Definitivo,SANDONA [52050040],Pluviométrica,Convencional,Activa,Nariño,Sandoná,1.3223,-77.4792,20,9/15/1963,,Cudayari,Pacifico,Patía,Río Guáitara,2015,22,Andes,Definitivo,0,0,0,0.942975044250488,0.942975044250488,0,0.756572067737579,1.68129503726959,3.93818187713623,4.62545442581177,5,5,0.789855062961578,0.967391312122345,1,1,41,1.04999995231628,0
07,2016-07-19,52050040,12,Definitivo,SANDONA [52050040],Pluviométrica,Convencional,Activa,Nariño,Sandoná,1.3223,-77.4792,20,9/15/1963,,Cudayari,Pacifico,Patía,Río Guáitara,2016,19,Andes,Definitivo,12,12,0,0.409364521503449,0.409364521503449,0,2.21378207206726,0.027360437437892,3.93818187713623,4.62545442581177,5,5,0.789855062961578,0.967391312122345,1,1,40,1.04999995231628,12.5999994277954
07,2005-07-08,52050040,,"",SANDONA [52050040],Pluviométrica,Convencional,Activa,Nariño,Sandoná,1.3223,-77.4792,20,9/15/1963,,Cudayari,Pacifico,Patía,Río Guáitara,2005,08,Andes,Preliminar,0,0,0,0,0,0,0.645126104354858,0.821870028972626,3.93818187713623,4.62545442581177,5,5,0.789855062961578,0.967391312122345,1,1,38,1.04999995231628,0
07,2010-07-07,52050040,5,Definitivo,SANDONA [52050040],Pluviométrica,Convencional,Activa,Nariño,Sandoná,1.3223,-77.4792,20,9/15/1963,,Cudayari,Pacifico,Patía,Río Guáitara,2010,07,Andes,Definitivo,5,5,0,4.82203102111816,4.82203102111816,16.8647193908691,9.17147827148438,6.94604158401489,3.93818187713623,4.62545442581177,5,5,0.789855062961578,0.967391312122345,1,1,38,1.04999995231628,5.24999976158142
07,2010-07-08,52050040,13,Definitivo,SANDONA [52050040],Pluviométrica,Convencional,Activa,Nariño,Sandoná,1.3223,-77.4792,20,9/15/1963,,Cudayari,Pacifico,Patía,Río Guáitara,2010,08,Andes,Definitivo,13,13,0,6.46053171157837,6.46053171157837,0,10.413857460022,1.38920819759369,3.93818187713623,4.62545442581177,5,5,0.789855062961578,0.967391312122345,1,1,38,1.04999995231628,13.6499993801117
07,2002-07-22,52050040,,"",SANDONA [52050040],Pluviométrica,Convencional,Activa,Nariño,Sandoná,1.3223,-77.4792,20,9/15/1963,,Cudayari,Pacifico,Patía,Río Guáitara,2002,22,Andes,Preliminar,0,0,0,0.321793407201767,0.321793407201767,0,0.4972043633461,0.810782313346863,3.93818187713623,4.62545442581177,5,5,0.789855062961578,0.967391312122345,1,1,41,1.04999995231628,0
07,2003-07-20,52050040,,"",SANDONA [52050040],Pluviométrica,Convencional,Activa,Nariño,Sandoná,1.3223,-77.4792,20,9/15/1963,,Cudayari,Pacifico,Patía,Río Guáitara,2003,20,Andes,Preliminar,0,0,0,0.3526950776577,0.3526950776577,0,0.0683051347732544,0.274200916290283,3.93818187713623,4.62545442581177,5,5,0.789855062961578,0.967391312122345,1,1,40,1.04999995231628,0
07,2002-07-21,52050040,,"",SANDONA [52050040],Pluviométrica,Convencional,Activa,Nariño,Sandoná,1.3223,-77.4792,20,9/15/1963,,Cudayari,Pacifico,Patía,Río Guáitara,2002,21,Andes,Preliminar,0,0,0,1.43344330787659,1.43344330787659,0,0.716811180114746,0.283907324075699,3.93818187713623,4.62545442581177,5,5,0.789855062961578,0.967391312122345,1,1,41,1.04999995231628,0
07,2003-07-19,52050040,,"",SANDONA [52050040],Pluviométrica,Convencional,Activa,Nariño,Sandoná,1.3223,-77.4792,20,9/15/1963,,Cudayari,Pacifico,Patía,Río Guáitara,2003,19,Andes,Preliminar,0,0,0,0.3526950776577,0.3526950776577,0,0.063844196498394,0.0991790667176247,3.93818187713623,4.62545442581177,5,5,0.789855062961578,0.967391312122345,1,1,40,1.04999995231628,0
07,2003-07-16,52050040,,"",SANDONA [52050040],Pluviométrica,Convencional,Activa,Nariño,Sandoná,1.3223,-77.4792,20,9/15/1963,,Cudayari,Pacifico,Patía,Río Guáitara,2003,16,Andes,Preliminar,0,0,0,0.3526950776577,0.3526950776577,0,0.64268946647644,0,3.93818187713623,4.62545442581177,5,5,0.789855062961578,0.967391312122345,1,1,40,1.04999995231628,0
07,2022-07-02,52050040,,"",SANDONA [52050040],Pluviométrica,Convencional,Activa,Nariño,Sandoná,1.3223,-77.4792,20,9/15/1963,,Cudayari,Pacifico,Patía,Río Guáitara,2022,02,Andes,Preliminar,0,0,0,1.74352335929871,1.74352335929871,0,1.51677739620209,0.170323327183723,3.93818187713623,4.62545442581177,5,5,0.789855062961578,0.967391312122345,1,1,37,1.04999995231628,0
07,2014-07-15,52050040,,"",SANDONA [52050040],Pluviométrica,Convencional,Activa,Nariño,Sandoná,1.3223,-77.4792,20,9/15/1963,,Cudayari,Pacifico,Patía,Río Guáitara,2014,15,Andes,Preliminar,,,1,1.12684118747711,1.12684118747711,0,0.993445336818695,0,3.93818187713623,4.62545442581177,5,5,0.789855062961578,0.967391312122345,1,1,39,1.04999995231628,
07,2014-07-16,52050040,,"",SANDONA [52050040],Pluviométrica,Convencional,Activa,Nariño,Sandoná,1.3223,-77.4792,20,9/15/1963,,Cudayari,Pacifico,Patía,Río Guáitara,2014,16,Andes,Preliminar,,,1,0.436107069253922,0.436107069253922,0,0.176880747079849,0,3.93818187713623,4.62545442581177,5,5,0.789855062961578,0.967391312122345,1,1,40,1.04999995231628,
07,2001-07-11,52050040,,"",SANDONA [52050040],Pluviométrica,Convencional,Activa,Nariño,Sandoná,1.3223,-77.4792,20,9/15/1963,,Cudayari,Pacifico,Patía,Río Guáitara,2001,11,Andes,Preliminar,0,0,0,0.0992242470383644,0.0992242470383644,0,0.0650338605046272,0.138251677155495,3.93818187713623,4.62545442581177,5,5,0.789855062961578,0.967391312122345,1,1,39,1.04999995231628,0
07,2002-07-07,52050040,,"",SANDONA [52050040],Pluviométrica,Convencional,Activa,Nariño,Sandoná,1.3223,-77.4792,20,9/15/1963,,Cudayari,Pacifico,Patía,Río Guáitara,2002,07,Andes,Preliminar,0,0,0,0,0,0,0.628290355205536,0,3.93818187713623,4.62545442581177,5,5,0.789855062961578,0.967391312122345,1,1,38,1.04999995231628,0
07,2015-07-17,52050040,,"",SANDONA [52050040],Pluviométrica,Convencional,Activa,Nariño,Sandoná,1.3223,-77.4792,20,9/15/1963,,Cudayari,Pacifico,Patía,Río Guáitara,2015,17,Andes,Preliminar,0,0,0,0.345368891954422,0.345368891954422,0,0.130354344844818,0,3.93818187713623,4.62545442581177,5,5,0.789855062961578,0.967391312122345,1,1,40,1.04999995231628,0
07,2015-07-18,52050040,,"",SANDONA [52050040],Pluviométrica,Convencional,Activa,Nariño,Sandoná,1.3223,-77.4792,20,9/15/1963,,Cudayari,Pacifico,Patía,Río Guáitara,2015,18,Andes,Preliminar,0,0,0,0.747569680213928,0.747569680213928,0,0.867930889129639,0.193464621901512,3.93818187713623,4.62545442581177,5,5,0.789855062961578,0.967391312122345,1,1,40,1.04999995231628,0
07,2016-07-15,52050040,,"",SANDONA [52050040],Pluviométrica,Convencional,Activa,Nariño,Sandoná,1.3223,-77.4792,20,9/15/1963,,Cudayari,Pacifico,Patía,Río Guáitara,2016,15,Andes,Preliminar,0,0,0,0.479916960000992,0.479916960000992,0,0.525535047054291,0.107465766370296,3.93818187713623,4.62545442581177,5,5,0.789855062961578,0.967391312122345,1,1,39,1.04999995231628,0
07,2015-07-07,52050040,5,Definitivo,SANDONA [52050040],Pluviométrica,Convencional,Activa,Nariño,Sandoná,1.3223,-77.4792,20,9/15/1963,,Cudayari,Pacifico,Patía,Río Guáitara,2015,07,Andes,Definitivo,5,5,0,7.40307950973511,7.40307950973511,5.30005598068237,14.0134658813477,8.35817623138428,3.93818187713623,4.62545442581177,5,5,0.789855062961578,0.967391312122345,1,1,38,1.04999995231628,5.24999976158142
07,2014-07-11,52050040,,"",SANDONA [52050040],Pluviométrica,Convencional,Activa,Nariño,Sandoná,1.3223,-77.4792,20,9/15/1963,,Cudayari,Pacifico,Patía,Río Guáitara,2014,11,Andes,Preliminar,,,1,0.978294491767883,0.978294491767883,0,0.731318056583405,4.91164255142212,3.93818187713623,4.62545442581177,5,5,0.789855062961578,0.967391312122345,1,1,39,1.04999995231628,
07,2014-07-12,52050040,,"",SANDONA [52050040],Pluviométrica,Convencional,Activa,Nariño,Sandoná,1.3223,-77.4792,20,9/15/1963,,Cudayari,Pacifico,Patía,Río Guáitara,2014,12,Andes,Preliminar,,,1,0.66583663225174,0.66583663225174,0,0.304027944803238,0.664020299911499,3.93818187713623,4.62545442581177,5,5,0.789855062961578,0.967391312122345,1,1,39,1.04999995231628,
07,2014-07-13,52050040,,"",SANDONA [52050040],Pluviométrica,Convencional,Activa,Nariño,Sandoná,1.3223,-77.4792,20,9/15/1963,,Cudayari,Pacifico,Patía,Río Guáitara,2014,13,Andes,Preliminar,,,1,2.25273585319519,2.25273585319519,0,0.933306872844696,0,3.93818187713623,4.62545442581177,5,5,0.789855062961578,0.967391312122345,1,1,39,1.04999995231628,
07,2013-07-17,52050040,,"",SANDONA [52050040],Pluviométrica,Convencional,Activa,Nariño,Sandoná,1.3223,-77.4792,20,9/15/1963,,Cudayari,Pacifico,Patía,Río Guáitara,2013,17,Andes,Preliminar,0,0,0,0.717730820178986,0.717730820178986,0,0.478341370820999,0,3.93818187713623,4.62545442581177,5,5,0.789855062961578,0.967391312122345,1,1,40,1.04999995231628,0
07,2001-07-19,52050040,0,Definitivo,SANDONA [52050040],Pluviométrica,Convencional,Activa,Nariño,Sandoná,1.3223,-77.4792,20,9/15/1963,,Cudayari,Pacifico,Patía,Río Guáitara,2001,19,Andes,Definitivo,0,0,0,1.22843182086945,1.22843182086945,0,4.18289566040039,2.2952356338501,3.93818187713623,4.62545442581177,5,5,0.789855062961578,0.967391312122345,1,1,40,1.04999995231628,0
07,2020-07-01,52050040,13,En revisión,SANDONA [52050040],Pluviométrica,Convencional,Activa,Nariño,Sandoná,1.3223,-77.4792,20,9/15/1963,,Cudayari,Pacifico,Patía,Río Guáitara,2020,01,Andes,En revisión,13,13,0,1.41519570350647,1.41519570350647,0,4.15518760681152,0.458935171365738,3.93818187713623,4.62545442581177,5,5,0.789855062961578,0.967391312122345,1,1,37,1.04999995231628,13.6499993801117
07,2001-07-18,52050040,0,Definitivo,SANDONA [52050040],Pluviométrica,Convencional,Activa,Nariño,Sandoná,1.3223,-77.4792,20,9/15/1963,,Cudayari,Pacifico,Patía,Río Guáitara,2001,18,Andes,Definitivo,0,0,0,1.94092226028442,1.94092226028442,0,2.79866361618042,1.37568879127502,3.93818187713623,4.62545442581177,5,5,0.789855062961578,0.967391312122345,1,1,40,1.04999995231628,0
07,2014-07-17,52050040,,"",SANDONA [52050040],Pluviométrica,Convencional,Activa,Nariño,Sandoná,1.3223,-77.4792,20,9/15/1963,,Cudayari,Pacifico,Patía,Río Guáitara,2014,17,Andes,Preliminar,,,1,0.888508677482605,0.888508677482605,0,0.287351995706558,1.22523093223572,3.93818187713623,4.62545442581177,5,5,0.789855062961578,0.967391312122345,1,1,40,1.04999995231628,
07,2016-07-18,52050040,,"",SANDONA [52050040],Pluviométrica,Convencional,Activa,Nariño,Sandoná,1.3223,-77.4792,20,9/15/1963,,Cudayari,Pacifico,Patía,Río Guáitara,2016,18,Andes,Preliminar,0,0,0,1.47218632698059,1.47218632698059,0,1.56233823299408,0.74025171995163,3.93818187713623,4.62545442581177,5,5,0.789855062961578,0.967391312122345,1,1,40,1.04999995231628,0
07,2004-07-03,52050040,11,Definitivo,SANDONA [52050040],Pluviométrica,Convencional,Activa,Nariño,Sandoná,1.3223,-77.4792,20,9/15/1963,,Cudayari,Pacifico,Patía,Río Guáitara,2004,03,Andes,Definitivo,11,11,0,4.5559344291687,4.5559344291687,15.4173498153687,8.60330009460449,10.1497201919556,3.93818187713623,4.62545442581177,5,5,0.789855062961578,0.967391312122345,1,1,37,1.04999995231628,11.5499994754791
07,2006-07-05,52050040,,"",SANDONA [52050040],Pluviométrica,Convencional,Activa,Nariño,Sandoná,1.3223,-77.4792,20,9/15/1963,,Cudayari,Pacifico,Patía,Río Guáitara,2006,05,Andes,Preliminar,0,0,0,3.00364518165588,3.00364518165588,6.10981035232544,0.247390523552895,0,3.93818187713623,4.62545442581177,5,5,0.789855062961578,0.967391312122345,1,1,37,1.04999995231628,0
07,2008-07-06,52050040,1,Definitivo,SANDONA [52050040],Pluviométrica,Convencional,Activa,Nariño,Sandoná,1.3223,-77.4792,20,9/15/1963,,Cudayari,Pacifico,Patía,Río Guáitara,2008,06,Andes,Definitivo,1,1,0,2.27912187576294,2.27912187576294,6.63172292709351,0.713542580604553,0.0497290231287479,3.93818187713623,4.62545442581177,5,5,0.789855062961578,0.967391312122345,1,1,38,1.04999995231628,1.04999995231628
07,2018-07-10,52050040,,"",SANDONA [52050040],Pluviométrica,Convencional,Activa,Nariño,Sandoná,1.3223,-77.4792,20,9/15/1963,,Cudayari,Pacifico,Patía,Río Guáitara,2018,10,Andes,Preliminar,0,0,0,1.1379429101944,1.1379429101944,0,0.183869376778603,0.0601688362658024,3.93818187713623,4.62545442581177,5,5,0.789855062961578,0.967391312122345,1,1,38,1.04999995231628,0
07,2019-07-08,52050040,,"",SANDONA [52050040],Pluviométrica,Convencional,Activa,Nariño,Sandoná,1.3223,-77.4792,20,9/15/1963,,Cudayari,Pacifico,Patía,Río Guáitara,2019,08,Andes,Preliminar,0,0,0,1.55534732341766,1.55534732341766,0,1.67288982868195,0.0823951885104179,3.93818187713623,4.62545442581177,5,5,0.789855062961578,0.967391312122345,1,1,38,1.04999995231628,0
07,2019-07-09,52050040,,"",SANDONA [52050040],Pluviométrica,Convencional,Activa,Nariño,Sandoná,1.3223,-77.4792,20,9/15/1963,,Cudayari,Pacifico,Patía,Río Guáitara,2019,09,Andes,Preliminar,0,0,0,0.610092043876648,0.610092043876648,0,0.324419617652893,0,3.93818187713623,4.62545442581177,5,5,0.789855062961578,0.967391312122345,1,1,38,1.04999995231628,0
07,2021-07-03,52050040,,"",SANDONA [52050040],Pluviométrica,Convencional,Activa,Nariño,Sandoná,1.3223,-77.4792,20,9/15/1963,,Cudayari,Pacifico,Patía,Río Guáitara,2021,03,Andes,Preliminar,0,0,0,1.07070600986481,1.07070600986481,0,0.977877020835876,0,3.93818187713623,4.62545442581177,5,5,0.789855062961578,0.967391312122345,1,1,37,1.04999995231628,0
07,2022-07-01,52050040,2,En revisión,SANDONA [52050040],Pluviométrica,Convencional,Activa,Nariño,Sandoná,1.3223,-77.4792,20,9/15/1963,,Cudayari,Pacifico,Patía,Río Guáitara,2022,01,Andes,En revisión,2,2,0,1.00017857551575,1.00017857551575,0,2.35614562034607,0.671274244785309,3.93818187713623,4.62545442581177,5,5,0.789855062961578,0.967391312122345,1,1,37,1.04999995231628,2.09999990463257
07,2014-07-14,52050040,,"",SANDONA [52050040],Pluviométrica,Convencional,Activa,Nariño,Sandoná,1.3223,-77.4792,20,9/15/1963,,Cudayari,Pacifico,Patía,Río Guáitara,2014,14,Andes,Preliminar,,,1,2.91128635406494,2.91128635406494,7.28566026687622,2.61356472969055,0,3.93818187713623,4.62545442581177,5,5,0.789855062961578,0.967391312122345,1,1,39,1.04999995231628,
07,2003-07-18,52050040,,"",SANDONA [52050040],Pluviométrica,Convencional,Activa,Nariño,Sandoná,1.3223,-77.4792,20,9/15/1963,,Cudayari,Pacifico,Patía,Río Guáitara,2003,18,Andes,Preliminar,0,0,0,0.3526950776577,0.3526950776577,0,0.0982357859611511,0.297537177801132,3.93818187713623,4.62545442581177,5,5,0.789855062961578,0.967391312122345,1,1,40,1.04999995231628,0
07,2015-07-12,52050040,,"",SANDONA [52050040],Pluviométrica,Convencional,Activa,Nariño,Sandoná,1.3223,-77.4792,20,9/15/1963,,Cudayari,Pacifico,Patía,Río Guáitara,2015,12,Andes,Preliminar,0,0,0,0.696644484996796,0.696644484996796,0,0.556646108627319,0.0387733019888401,3.93818187713623,4.62545442581177,5,5,0.789855062961578,0.967391312122345,1,1,39,1.04999995231628,0
07,2001-07-15,52050040,,"",SANDONA [52050040],Pluviométrica,Convencional,Activa,Nariño,Sandoná,1.3223,-77.4792,20,9/15/1963,,Cudayari,Pacifico,Patía,Río Guáitara,2001,15,Andes,Preliminar,0,0,0,0.992242336273193,0.992242336273193,0,0.053809579461813,0.0749116986989975,3.93818187713623,4.62545442581177,5,5,0.789855062961578,0.967391312122345,1,1,39,1.04999995231628,0
07,2003-07-10,52050040,0,Definitivo,SANDONA [52050040],Pluviométrica,Convencional,Activa,Nariño,Sandoná,1.3223,-77.4792,20,9/15/1963,,Cudayari,Pacifico,Patía,Río Guáitara,2003,10,Andes,Definitivo,0,0,0,0.205627337098122,0.205627337098122,0,2.24313473701477,0.103493332862854,3.93818187713623,4.62545442581177,5,5,0.789855062961578,0.967391312122345,1,1,38,1.04999995231628,0
07,2014-07-19,52050040,,"",SANDONA [52050040],Pluviométrica,Convencional,Activa,Nariño,Sandoná,1.3223,-77.4792,20,9/15/1963,,Cudayari,Pacifico,Patía,Río Guáitara,2014,19,Andes,Preliminar,,,1,0.580045819282532,0.580045819282532,0,0.312514066696167,0,3.93818187713623,4.62545442581177,5,5,0.789855062961578,0.967391312122345,1,1,40,1.04999995231628,
07,2016-07-13,52050040,,"",SANDONA [52050040],Pluviométrica,Convencional,Activa,Nariño,Sandoná,1.3223,-77.4792,20,9/15/1963,,Cudayari,Pacifico,Patía,Río Guáitara,2016,13,Andes,Preliminar,0,0,0,1.34976971149445,1.34976971149445,0,0.125522375106812,0.763658225536346,3.93818187713623,4.62545442581177,5,5,0.789855062961578,0.967391312122345,1,1,39,1.04999995231628,0
07,2016-07-14,52050040,0,Definitivo,SANDONA [52050040],Pluviométrica,Convencional,Activa,Nariño,Sandoná,1.3223,-77.4792,20,9/15/1963,,Cudayari,Pacifico,Patía,Río Guáitara,2016,14,Andes,Definitivo,0,0,0,0.79348224401474,0.79348224401474,0,0.12617951631546,0.125376716256142,3.93818187713623,4.62545442581177,5,5,0.789855062961578,0.967391312122345,1,1,39,1.04999995231628,0
07,2008-07-07,52050040,,"",SANDONA [52050040],Pluviométrica,Convencional,Activa,Nariño,Sandoná,1.3223,-77.4792,20,9/15/1963,,Cudayari,Pacifico,Patía,Río Guáitara,2008,07,Andes,Preliminar,0,0,0,1.4338846206665,1.4338846206665,0,0.799700260162354,0,3.93818187713623,4.62545442581177,5,5,0.789855062961578,0.967391312122345,1,1,38,1.04999995231628,0
07,2013-07-06,52050040,,"",SANDONA [52050040],Pluviométrica,Convencional,Activa,Nariño,Sandoná,1.3223,-77.4792,20,9/15/1963,,Cudayari,Pacifico,Patía,Río Guáitara,2013,06,Andes,Preliminar,0,0,0,0.898822784423828,0.898822784423828,0,0.370798677206039,1.51583933830261,3.93818187713623,4.62545442581177,5,5,0.789855062961578,0.967391312122345,1,1,38,1.04999995231628,0
07,2001-07-23,52050040,,"",SANDONA [52050040],Pluviométrica,Convencional,Activa,Nariño,Sandoná,1.3223,-77.4792,20,9/15/1963,,Cudayari,Pacifico,Patía,Río Guáitara,2001,23,Andes,Preliminar,0,0,0,0,0,0,0.0850693508982658,0.51740974187851,3.93818187713623,4.62545442581177,5,5,0.789855062961578,0.967391312122345,1,1,41,1.04999995231628,0
07,2001-07-22,52050040,,"",SANDONA [52050040],Pluviométrica,Convencional,Activa,Nariño,Sandoná,1.3223,-77.4792,20,9/15/1963,,Cudayari,Pacifico,Patía,Río Guáitara,2001,22,Andes,Preliminar,0,0,0,0.392619907855988,0.392619907855988,0,0.495689660310745,0,3.93818187713623,4.62545442581177,5,5,0.789855062961578,0.967391312122345,1,1,41,1.04999995231628,0
07,2002-07-20,52050040,,"",SANDONA [52050040],Pluviométrica,Convencional,Activa,Nariño,Sandoná,1.3223,-77.4792,20,9/15/1963,,Cudayari,Pacifico,Patía,Río Guáitara,2002,20,Andes,Preliminar,0,0,0,0.972305655479431,0.972305655479431,22.092658996582,1.72662150859833,8.77587604522705,3.93818187713623,4.62545442581177,5,5,0.789855062961578,0.967391312122345,1,1,40,1.04999995231628,0
07,2017-07-03,52050040,,"",SANDONA [52050040],Pluviométrica,Convencional,Activa,Nariño,Sandoná,1.3223,-77.4792,20,9/15/1963,,Cudayari,Pacifico,Patía,Río Guáitara,2017,03,Andes,Preliminar,0,0,0,1.69617533683777,1.69617533683777,6.33689880371094,0.34100216627121,1.09961378574371,3.93818187713623,4.62545442581177,5,5,0.789855062961578,0.967391312122345,1,1,37,1.04999995231628,0
07,2015-07-11,52050040,,"",SANDONA [52050040],Pluviométrica,Convencional,Activa,Nariño,Sandoná,1.3223,-77.4792,20,9/15/1963,,Cudayari,Pacifico,Patía,Río Guáitara,2015,11,Andes,Preliminar,0,0,0,0.927652060985565,0.927652060985565,0,0.328400552272797,0,3.93818187713623,4.62545442581177,5,5,0.789855062961578,0.967391312122345,1,1,39,1.04999995231628,0
07,2001-07-20,52050040,,"",SANDONA [52050040],Pluviométrica,Convencional,Activa,Nariño,Sandoná,1.3223,-77.4792,20,9/15/1963,,Cudayari,Pacifico,Patía,Río Guáitara,2001,20,Andes,Preliminar,0,0,0,2.65341281890869,2.65341281890869,9.07188034057617,2.39853811264038,2.28070855140686,3.93818187713623,4.62545442581177,5,5,0.789855062961578,0.967391312122345,1,1,40,1.04999995231628,0
07,2015-07-13,52050040,,"",SANDONA [52050040],Pluviométrica,Convencional,Activa,Nariño,Sandoná,1.3223,-77.4792,20,9/15/1963,,Cudayari,Pacifico,Patía,Río Guáitara,2015,13,Andes,Preliminar,0,0,0,0.395136207342148,0.395136207342148,0,0.258103251457214,0,3.93818187713623,4.62545442581177,5,5,0.789855062961578,0.967391312122345,1,1,39,1.04999995231628,0
07,2015-07-14,52050040,,"",SANDONA [52050040],Pluviométrica,Convencional,Activa,Nariño,Sandoná,1.3223,-77.4792,20,9/15/1963,,Cudayari,Pacifico,Patía,Río Guáitara,2015,14,Andes,Preliminar,0,0,0,0.712388098239899,0.712388098239899,0,0.164454266428947,1.31381833553314,3.93818187713623,4.62545442581177,5,5,0.789855062961578,0.967391312122345,1,1,39,1.04999995231628,0
07,2003-07-08,52050040,13,Definitivo,SANDONA [52050040],Pluviométrica,Convencional,Activa,Nariño,Sandoná,1.3223,-77.4792,20,9/15/1963,,Cudayari,Pacifico,Patía,Río Guáitara,2003,08,Andes,Definitivo,13,13,0,1.13095045089722,1.13095045089722,38.8737907409668,9.92556095123291,29.1568927764893,3.93818187713623,4.62545442581177,5,5,0.789855062961578,0.967391312122345,1,1,38,1.04999995231628,13.6499993801117
07,2003-07-05,52050040,,"",SANDONA [52050040],Pluviométrica,Convencional,Activa,Nariño,Sandoná,1.3223,-77.4792,20,9/15/1963,,Cudayari,Pacifico,Patía,Río Guáitara,2003,05,Andes,Preliminar,0,0,0,3.82358980178833,3.82358980178833,0,0.638224124908447,0.773732125759125,3.93818187713623,4.62545442581177,5,5,0.789855062961578,0.967391312122345,1,1,37,1.04999995231628,0
07,2004-07-04,52050040,,"",SANDONA [52050040],Pluviométrica,Convencional,Activa,Nariño,Sandoná,1.3223,-77.4792,20,9/15/1963,,Cudayari,Pacifico,Patía,Río Guáitara,2004,04,Andes,Preliminar,0,0,0,0.63571172952652,0.63571172952652,15.4173498153687,8.43442153930664,8.80811977386475,3.93818187713623,4.62545442581177,5,5,0.789855062961578,0.967391312122345,1,1,37,1.04999995231628,0
07,2017-07-12,52050040,,"",SANDONA [52050040],Pluviométrica,Convencional,Activa,Nariño,Sandoná,1.3223,-77.4792,20,9/15/1963,,Cudayari,Pacifico,Patía,Río Guáitara,2017,12,Andes,Preliminar,0,0,0,0.600335776805878,0.600335776805878,0,0.115435317158699,0.669911563396454,3.93818187713623,4.62545442581177,5,5,0.789855062961578,0.967391312122345,1,1,39,1.04999995231628,0
07,2019-07-07,52050040,,"",SANDONA [52050040],Pluviométrica,Convencional,Activa,Nariño,Sandoná,1.3223,-77.4792,20,9/15/1963,,Cudayari,Pacifico,Patía,Río Guáitara,2019,07,Andes,Preliminar,0,0,0,1.46307873725891,1.46307873725891,0,0.292462408542633,0.00270148133859038,3.93818187713623,4.62545442581177,5,5,0.789855062961578,0.967391312122345,1,1,38,1.04999995231628,0
07,2015-07-08,52050040,,"",SANDONA [52050040],Pluviométrica,Convencional,Activa,Nariño,Sandoná,1.3223,-77.4792,20,9/15/1963,,Cudayari,Pacifico,Patía,Río Guáitara,2015,08,Andes,Preliminar,0,0,0,8.51663112640381,8.51663112640381,0,3.29945397377014,0,3.93818187713623,4.62545442581177,5,5,0.789855062961578,0.967391312122345,1,1,38,1.04999995231628,0
07,2015-07-09,52050040,,"",SANDONA [52050040],Pluviométrica,Convencional,Activa,Nariño,Sandoná,1.3223,-77.4792,20,9/15/1963,,Cudayari,Pacifico,Patía,Río Guáitara,2015,09,Andes,Preliminar,0,0,0,1.85225784778595,1.85225784778595,0,2.87824416160584,0.219952031970024,3.93818187713623,4.62545442581177,5,5,0.789855062961578,0.967391312122345,1,1,38,1.04999995231628,0
07,2015-07-10,52050040,,"",SANDONA [52050040],Pluviométrica,Convencional,Activa,Nariño,Sandoná,1.3223,-77.4792,20,9/15/1963,,Cudayari,Pacifico,Patía,Río Guáitara,2015,10,Andes,Preliminar,0,0,0,4.50902652740479,4.50902652740479,0,2.81952238082886,1.64178466796875,3.93818187713623,4.62545442581177,5,5,0.789855062961578,0.967391312122345,1,1,38,1.04999995231628,0
07,2001-07-21,52050040,,"",SANDONA [52050040],Pluviométrica,Convencional,Activa,Nariño,Sandoná,1.3223,-77.4792,20,9/15/1963,,Cudayari,Pacifico,Patía,Río Guáitara,2001,21,Andes,Preliminar,0,0,0,2.91193056106567,2.91193056106567,0,0.519921958446503,1.13063597679138,3.93818187713623,4.62545442581177,5,5,0.789855062961578,0.967391312122345,1,1,41,1.04999995231628,0
07,2011-07-09,52050040,4,Definitivo,SANDONA [52050040],Pluviométrica,Convencional,Activa,Nariño,Sandoná,1.3223,-77.4792,20,9/15/1963,,Cudayari,Pacifico,Patía,Río Guáitara,2011,09,Andes,Definitivo,4,4,0,0.809618651866913,0.809618651866913,0,1.4400098323822,0.357730507850647,3.93818187713623,4.62545442581177,5,5,0.789855062961578,0.967391312122345,1,1,38,1.04999995231628,4.19999980926514
07,2016-07-07,52050040,,"",SANDONA [52050040],Pluviométrica,Convencional,Activa,Nariño,Sandoná,1.3223,-77.4792,20,9/15/1963,,Cudayari,Pacifico,Patía,Río Guáitara,2016,07,Andes,Preliminar,0,0,0,1.15844297409058,1.15844297409058,0,0.289149433374405,0.514962077140808,3.93818187713623,4.62545442581177,5,5,0.789855062961578,0.967391312122345,1,1,38,1.04999995231628,0
07,2001-07-17,52050040,5,Definitivo,SANDONA [52050040],Pluviométrica,Convencional,Activa,Nariño,Sandoná,1.3223,-77.4792,20,9/15/1963,,Cudayari,Pacifico,Patía,Río Guáitara,2001,17,Andes,Definitivo,5,5,0,0.29482364654541,0.29482364654541,9.07188034057617,2.95050191879272,7.96068954467773,3.93818187713623,4.62545442581177,5,5,0.789855062961578,0.967391312122345,1,1,40,1.04999995231628,5.24999976158142
07,2003-07-15,52050040,,"",SANDONA [52050040],Pluviométrica,Convencional,Activa,Nariño,Sandoná,1.3223,-77.4792,20,9/15/1963,,Cudayari,Pacifico,Patía,Río Guáitara,2003,15,Andes,Preliminar,0,0,0,0,0,0,1.62103426456451,0,3.93818187713623,4.62545442581177,5,5,0.789855062961578,0.967391312122345,1,1,39,1.04999995231628,0
07,2014-07-18,52050040,,"",SANDONA [52050040],Pluviométrica,Convencional,Activa,Nariño,Sandoná,1.3223,-77.4792,20,9/15/1963,,Cudayari,Pacifico,Patía,Río Guáitara,2014,18,Andes,Preliminar,,,1,0.370179802179337,0.370179802179337,0,0.29372426867485,0.0799978896975517,3.93818187713623,4.62545442581177,5,5,0.789855062961578,0.967391312122345,1,1,40,1.04999995231628,
07,2015-07-16,52050040,,"",SANDONA [52050040],Pluviométrica,Convencional,Activa,Nariño,Sandoná,1.3223,-77.4792,20,9/15/1963,,Cudayari,Pacifico,Patía,Río Guáitara,2015,16,Andes,Preliminar,0,0,0,0.711523830890656,0.711523830890656,0,0.187464743852615,4.36602640151978,3.93818187713623,4.62545442581177,5,5,0.789855062961578,0.967391312122345,1,1,40,1.04999995231628,0
07,2017-07-10,52050040,,"",SANDONA [52050040],Pluviométrica,Convencional,Activa,Nariño,Sandoná,1.3223,-77.4792,20,9/15/1963,,Cudayari,Pacifico,Patía,Río Guáitara,2017,10,Andes,Preliminar,0,0,0,0.277257233858109,0.277257233858109,0,0.179811999201775,0,3.93818187713623,4.62545442581177,5,5,0.789855062961578,0.967391312122345,1,1,38,1.04999995231628,0
07,2006-07-06,52050040,,"",SANDONA [52050040],Pluviométrica,Convencional,Activa,Nariño,Sandoná,1.3223,-77.4792,20,9/15/1963,,Cudayari,Pacifico,Patía,Río Guáitara,2006,06,Andes,Preliminar,0,0,0,0,0,0,0.133682623505592,0,3.93818187713623,4.62545442581177,5,5,0.789855062961578,0.967391312122345,1,1,38,1.04999995231628,0
07,2009-07-04,52050040,,"",SANDONA [52050040],Pluviométrica,Convencional,Activa,Nariño,Sandoná,1.3223,-77.4792,20,9/15/1963,,Cudayari,Pacifico,Patía,Río Guáitara,2009,04,Andes,Preliminar,3,3,0,2.88514542579651,2.88514542579651,6.50985050201416,1.36331069469452,2.19262886047363,3.93818187713623,4.62545442581177,5,5,0.789855062961578,0.967391312122345,1,1,37,1.04999995231628,3.14999985694885
07,2020-07-04,52050040,8,En revisión,SANDONA [52050040],Pluviométrica,Convencional,Activa,Nariño,Sandoná,1.3223,-77.4792,20,9/15/1963,,Cudayari,Pacifico,Patía,Río Guáitara,2020,04,Andes,En revisión,8,8,0,1.81443691253662,1.81443691253662,0,8.27384567260742,7.92954778671265,3.93818187713623,4.62545442581177,5,5,0.789855062961578,0.967391312122345,1,1,37,1.04999995231628,8.39999961853027
07,2020-07-05,52050040,13,En revisión,SANDONA [52050040],Pluviométrica,Convencional,Activa,Nariño,Sandoná,1.3223,-77.4792,20,9/15/1963,,Cudayari,Pacifico,Patía,Río Guáitara,2020,05,Andes,En revisión,13,13,0,3.09481859207153,3.09481859207153,0,6.65017318725586,5.20936965942383,3.93818187713623,4.62545442581177,5,5,0.789855062961578,0.967391312122345,1,1,37,1.04999995231628,13.6499993801117
07,2019-07-03,52050040,,"",SANDONA [52050040],Pluviométrica,Convencional,Activa,Nariño,Sandoná,1.3223,-77.4792,20,9/15/1963,,Cudayari,Pacifico,Patía,Río Guáitara,2019,03,Andes,Preliminar,0,0,0,2.05629777908325,2.05629777908325,6.09874534606934,1.89349675178528,0,3.93818187713623,4.62545442581177,5,5,0.789855062961578,0.967391312122345,1,1,37,1.04999995231628,0
07,2016-07-06,52050040,,"",SANDONA [52050040],Pluviométrica,Convencional,Activa,Nariño,Sandoná,1.3223,-77.4792,20,9/15/1963,,Cudayari,Pacifico,Patía,Río Guáitara,2016,06,Andes,Preliminar,0,0,0,0.881511867046356,0.881511867046356,0,0.279582977294922,0,3.93818187713623,4.62545442581177,5,5,0.789855062961578,0.967391312122345,1,1,38,1.04999995231628,0
07,2012-07-04,52050040,,"",SANDONA [52050040],Pluviométrica,Convencional,Activa,Nariño,Sandoná,1.3223,-77.4792,20,9/15/1963,,Cudayari,Pacifico,Patía,Río Guáitara,2012,04,Andes,Preliminar,,,1,0.872079312801361,0.872079312801361,0,0.566131591796875,0,3.93818187713623,4.62545442581177,5,5,0.789855062961578,0.967391312122345,1,1,37,1.04999995231628,
07,2012-07-05,52050040,,"",SANDONA [52050040],Pluviométrica,Convencional,Activa,Nariño,Sandoná,1.3223,-77.4792,20,9/15/1963,,Cudayari,Pacifico,Patía,Río Guáitara,2012,05,Andes,Preliminar,,,1,1.70640480518341,1.70640480518341,0,0.376286596059799,0.326072543859482,3.93818187713623,4.62545442581177,5,5,0.789855062961578,0.967391312122345,1,1,37,1.04999995231628,
07,2016-07-08,52050040,,"",SANDONA [52050040],Pluviométrica,Convencional,Activa,Nariño,Sandoná,1.3223,-77.4792,20,9/15/1963,,Cudayari,Pacifico,Patía,Río Guáitara,2016,08,Andes,Preliminar,0,0,0,0.5959512591362,0.5959512591362,0,0.175486132502556,0.305425763130188,3.93818187713623,4.62545442581177,5,5,0.789855062961578,0.967391312122345,1,1,38,1.04999995231628,0
07,2016-07-09,52050040,,"",SANDONA [52050040],Pluviométrica,Convencional,Activa,Nariño,Sandoná,1.3223,-77.4792,20,9/15/1963,,Cudayari,Pacifico,Patía,Río Guáitara,2016,09,Andes,Preliminar,0,0,0,0.428443104028702,0.428443104028702,0,0.182676017284393,0,3.93818187713623,4.62545442581177,5,5,0.789855062961578,0.967391312122345,1,1,38,1.04999995231628,0
07,2001-07-13,52050040,,"",SANDONA [52050040],Pluviométrica,Convencional,Activa,Nariño,Sandoná,1.3223,-77.4792,20,9/15/1963,,Cudayari,Pacifico,Patía,Río Guáitara,2001,13,Andes,Preliminar,0,0,0,1.48836350440979,1.48836350440979,0,0.0661955401301384,0.17966628074646,3.93818187713623,4.62545442581177,5,5,0.789855062961578,0.967391312122345,1,1,39,1.04999995231628,0
07,2002-07-09,52050040,,"",SANDONA [52050040],Pluviométrica,Convencional,Activa,Nariño,Sandoná,1.3223,-77.4792,20,9/15/1963,,Cudayari,Pacifico,Patía,Río Guáitara,2002,09,Andes,Preliminar,0,0,0,0,0,0,0.332052975893021,0.0674825832247734,3.93818187713623,4.62545442581177,5,5,0.789855062961578,0.967391312122345,1,1,38,1.04999995231628,0
07,2001-07-08,52050040,,"",SANDONA [52050040],Pluviométrica,Convencional,Activa,Nariño,Sandoná,1.3223,-77.4792,20,9/15/1963,,Cudayari,Pacifico,Patía,Río Guáitara,2001,08,Andes,Preliminar,0,0,0,0.0984402820467949,0.0984402820467949,0,0.301208257675171,0.236183866858482,3.93818187713623,4.62545442581177,5,5,0.789855062961578,0.967391312122345,1,1,38,1.04999995231628,0
07,2017-07-11,52050040,,"",SANDONA [52050040],Pluviométrica,Convencional,Activa,Nariño,Sandoná,1.3223,-77.4792,20,9/15/1963,,Cudayari,Pacifico,Patía,Río Guáitara,2017,11,Andes,Preliminar,0,0,0,0.487019658088684,0.487019658088684,0,0.0544496774673462,0.0411725416779518,3.93818187713623,4.62545442581177,5,5,0.789855062961578,0.967391312122345,1,1,39,1.04999995231628,0
07,2018-07-09,52050040,,"",SANDONA [52050040],Pluviométrica,Convencional,Activa,Nariño,Sandoná,1.3223,-77.4792,20,9/15/1963,,Cudayari,Pacifico,Patía,Río Guáitara,2018,09,Andes,Preliminar,0,0,0,0.617313623428345,0.617313623428345,0,0.30656373500824,0,3.93818187713623,4.62545442581177,5,5,0.789855062961578,0.967391312122345,1,1,38,1.04999995231628,0
07,2008-07-08,52050040,3,Definitivo,SANDONA [52050040],Pluviométrica,Convencional,Activa,Nariño,Sandoná,1.3223,-77.4792,20,9/15/1963,,Cudayari,Pacifico,Patía,Río Guáitara,2008,08,Andes,Definitivo,3,3,0,2.09799957275391,2.09799957275391,0,1.13355433940887,2.87007522583008,3.93818187713623,4.62545442581177,5,5,0.789855062961578,0.967391312122345,1,1,38,1.04999995231628,3.14999985694885
07,2013-07-07,52050040,,"",SANDONA [52050040],Pluviométrica,Convencional,Activa,Nariño,Sandoná,1.3223,-77.4792,20,9/15/1963,,Cudayari,Pacifico,Patía,Río Guáitara,2013,07,Andes,Preliminar,1,1,0,0.857706189155579,0.857706189155579,0,0.366622269153595,0,3.93818187713623,4.62545442581177,5,5,0.789855062961578,0.967391312122345,1,1,38,1.04999995231628,1.04999995231628
07,2013-07-08,52050040,1,Definitivo,SANDONA [52050040],Pluviométrica,Convencional,Activa,Nariño,Sandoná,1.3223,-77.4792,20,9/15/1963,,Cudayari,Pacifico,Patía,Río Guáitara,2013,08,Andes,Definitivo,1,1,0,1.10641443729401,1.10641443729401,0,1.68117392063141,1.7306090593338,3.93818187713623,4.62545442581177,5,5,0.789855062961578,0.967391312122345,1,1,38,1.04999995231628,1.04999995231628
07,2017-07-02,52050040,,"",SANDONA [52050040],Pluviométrica,Convencional,Activa,Nariño,Sandoná,1.3223,-77.4792,20,9/15/1963,,Cudayari,Pacifico,Patía,Río Guáitara,2017,02,Andes,Preliminar,0,0,0,1.33019816875458,1.33019816875458,0,0.590902268886566,0.186837062239647,3.93818187713623,4.62545442581177,5,5,0.789855062961578,0.967391312122345,1,1,37,1.04999995231628,0
07,2017-07-01,52050040,,"",SANDONA [52050040],Pluviométrica,Convencional,Activa,Nariño,Sandoná,1.3223,-77.4792,20,9/15/1963,,Cudayari,Pacifico,Patía,Río Guáitara,2017,01,Andes,Preliminar,0,0,0,0.325347423553467,0.325347423553467,0,0.114932090044022,0,3.93818187713623,4.62545442581177,5,5,0.789855062961578,0.967391312122345,1,1,37,1.04999995231628,0
07,2010-07-04,52050040,4,Definitivo,SANDONA [52050040],Pluviométrica,Convencional,Activa,Nariño,Sandoná,1.3223,-77.4792,20,9/15/1963,,Cudayari,Pacifico,Patía,Río Guáitara,2010,04,Andes,Definitivo,4,4,0,2.09630680084229,2.09630680084229,0,3.80516672134399,10.9637422561646,3.93818187713623,4.62545442581177,5,5,0.789855062961578,0.967391312122345,1,1,37,1.04999995231628,4.19999980926514
07,2014-07-07,52050040,,"",SANDONA [52050040],Pluviométrica,Convencional,Activa,Nariño,Sandoná,1.3223,-77.4792,20,9/15/1963,,Cudayari,Pacifico,Patía,Río Guáitara,2014,07,Andes,Preliminar,,,1,1.03364026546478,1.03364026546478,0,2.63492321968079,2.186110496521,3.93818187713623,4.62545442581177,5,5,0.789855062961578,0.967391312122345,1,1,38,1.04999995231628,
07,2014-07-08,52050040,,"",SANDONA [52050040],Pluviométrica,Convencional,Activa,Nariño,Sandoná,1.3223,-77.4792,20,9/15/1963,,Cudayari,Pacifico,Patía,Río Guáitara,2014,08,Andes,Preliminar,,,1,1.1166158914566,1.1166158914566,0,3.17345285415649,5.27016305923462,3.93818187713623,4.62545442581177,5,5,0.789855062961578,0.967391312122345,1,1,38,1.04999995231628,
07,2016-07-10,52050040,,"",SANDONA [52050040],Pluviométrica,Convencional,Activa,Nariño,Sandoná,1.3223,-77.4792,20,9/15/1963,,Cudayari,Pacifico,Patía,Río Guáitara,2016,10,Andes,Preliminar,0,0,0,0.980939924716949,0.980939924716949,0,0.589579939842224,0.696086764335632,3.93818187713623,4.62545442581177,5,5,0.789855062961578,0.967391312122345,1,1,38,1.04999995231628,0
07,2015-07-15,52050040,0,Definitivo,SANDONA [52050040],Pluviométrica,Convencional,Activa,Nariño,Sandoná,1.3223,-77.4792,20,9/15/1963,,Cudayari,Pacifico,Patía,Río Guáitara,2015,15,Andes,Definitivo,0,0,0,0.880497932434082,0.880497932434082,0,0.0956910848617554,0.050703551620245,3.93818187713623,4.62545442581177,5,5,0.789855062961578,0.967391312122345,1,1,39,1.04999995231628,0
07,2016-07-12,52050040,,"",SANDONA [52050040],Pluviométrica,Convencional,Activa,Nariño,Sandoná,1.3223,-77.4792,20,9/15/1963,,Cudayari,Pacifico,Patía,Río Guáitara,2016,12,Andes,Preliminar,0,0,0,0.458686232566834,0.458686232566834,0,0.139975503087044,0.0976961404085159,3.93818187713623,4.62545442581177,5,5,0.789855062961578,0.967391312122345,1,1,39,1.04999995231628,0
07,2002-07-04,52050040,,"",SANDONA [52050040],Pluviométrica,Convencional,Activa,Nariño,Sandoná,1.3223,-77.4792,20,9/15/1963,,Cudayari,Pacifico,Patía,Río Guáitara,2002,04,Andes,Preliminar,0,0,0,0.89435213804245,0.89435213804245,0,4.73298740386963,0.580937504768372,3.93818187713623,4.62545442581177,5,5,0.789855062961578,0.967391312122345,1,1,37,1.04999995231628,0
07,2004-07-05,52050040,4,Definitivo,SANDONA [52050040],Pluviométrica,Convencional,Activa,Nariño,Sandoná,1.3223,-77.4792,20,9/15/1963,,Cudayari,Pacifico,Patía,Río Guáitara,2004,05,Andes,Definitivo,4,4,0,1.80118346214294,1.80118346214294,0,5.01641273498535,1.80618596076965,3.93818187713623,4.62545442581177,5,5,0.789855062961578,0.967391312122345,1,1,37,1.04999995231628,4.19999980926514
07,2020-07-03,52050040,11,En revisión,SANDONA [52050040],Pluviométrica,Convencional,Activa,Nariño,Sandoná,1.3223,-77.4792,20,9/15/1963,,Cudayari,Pacifico,Patía,Río Guáitara,2020,03,Andes,En revisión,11,11,0,3.2063307762146,3.2063307762146,0,6.04204320907593,0.35559868812561,3.93818187713623,4.62545442581177,5,5,0.789855062961578,0.967391312122345,1,1,37,1.04999995231628,11.5499994754791
07,2021-07-01,52050040,,"",SANDONA [52050040],Pluviométrica,Convencional,Activa,Nariño,Sandoná,1.3223,-77.4792,20,9/15/1963,,Cudayari,Pacifico,Patía,Río Guáitara,2021,01,Andes,Preliminar,0,0,0,1.56384718418121,1.56384718418121,0,0.848252058029175,0,3.93818187713623,4.62545442581177,5,5,0.789855062961578,0.967391312122345,1,1,37,1.04999995231628,0
07,2021-07-02,52050040,,"",SANDONA [52050040],Pluviométrica,Convencional,Activa,Nariño,Sandoná,1.3223,-77.4792,20,9/15/1963,,Cudayari,Pacifico,Patía,Río Guáitara,2021,02,Andes,Preliminar,0,0,0,1.10415005683899,1.10415005683899,0,0.729910373687744,3.72321391105652,3.93818187713623,4.62545442581177,5,5,0.789855062961578,0.967391312122345,1,1,37,1.04999995231628,0
07,2011-07-08,52050040,,"",SANDONA [52050040],Pluviométrica,Convencional,Activa,Nariño,Sandoná,1.3223,-77.4792,20,9/15/1963,,Cudayari,Pacifico,Patía,Río Guáitara,2011,08,Andes,Preliminar,0,0,0,0.489611834287643,0.489611834287643,0,0.394319653511047,0.801316201686859,3.93818187713623,4.62545442581177,5,5,0.789855062961578,0.967391312122345,1,1,38,1.04999995231628,0
07,2007-07-06,52050040,,"",SANDONA [52050040],Pluviométrica,Convencional,Activa,Nariño,Sandoná,1.3223,-77.4792,20,9/15/1963,,Cudayari,Pacifico,Patía,Río Guáitara,2007,06,Andes,Preliminar,0,0,0,0.14469987154007,0.14469987154007,0,0.248568296432495,0.0405214466154575,3.93818187713623,4.62545442581177,5,5,0.789855062961578,0.967391312122345,1,1,38,1.04999995231628,0
07,2005-07-05,52050040,8,Definitivo,SANDONA [52050040],Pluviométrica,Convencional,Activa,Nariño,Sandoná,1.3223,-77.4792,20,9/15/1963,,Cudayari,Pacifico,Patía,Río Guáitara,2005,05,Andes,Definitivo,8,8,0,2.31341075897217,2.31341075897217,0,1.09277975559235,0.499545693397522,3.93818187713623,4.62545442581177,5,5,0.789855062961578,0.967391312122345,1,1,37,1.04999995231628,8.39999961853027
07,2010-07-05,52050040,,"",SANDONA [52050040],Pluviométrica,Convencional,Activa,Nariño,Sandoná,1.3223,-77.4792,20,9/15/1963,,Cudayari,Pacifico,Patía,Río Guáitara,2010,05,Andes,Preliminar,0,0,0,7.20721435546875,7.20721435546875,0,4.39824104309082,2.23293614387512,3.93818187713623,4.62545442581177,5,5,0.789855062961578,0.967391312122345,1,1,37,1.04999995231628,0
07,2015-07-04,52050040,0,Definitivo,SANDONA [52050040],Pluviométrica,Convencional,Activa,Nariño,Sandoná,1.3223,-77.4792,20,9/15/1963,,Cudayari,Pacifico,Patía,Río Guáitara,2015,04,Andes,Definitivo,0,0,0,4.09633159637451,4.09633159637451,0,1.58762514591217,2.01052927970886,3.93818187713623,4.62545442581177,5,5,0.789855062961578,0.967391312122345,1,1,37,1.04999995231628,0
07,2017-07-06,52050040,,"",SANDONA [52050040],Pluviométrica,Convencional,Activa,Nariño,Sandoná,1.3223,-77.4792,20,9/15/1963,,Cudayari,Pacifico,Patía,Río Guáitara,2017,06,Andes,Preliminar,0,0,0,0.6121826171875,0.6121826171875,0,0.395416885614395,1.33517003059387,3.93818187713623,4.62545442581177,5,5,0.789855062961578,0.967391312122345,1,1,38,1.04999995231628,0
07,2003-07-12,52050040,,"",SANDONA [52050040],Pluviométrica,Convencional,Activa,Nariño,Sandoná,1.3223,-77.4792,20,9/15/1963,,Cudayari,Pacifico,Patía,Río Guáitara,2003,12,Andes,Preliminar,0,0,0,0,0,0,1.0790046453476,1.10377621650696,3.93818187713623,4.62545442581177,5,5,0.789855062961578,0.967391312122345,1,1,39,1.04999995231628,0
07,2001-07-10,52050040,,"",SANDONA [52050040],Pluviométrica,Convencional,Activa,Nariño,Sandoná,1.3223,-77.4792,20,9/15/1963,,Cudayari,Pacifico,Patía,Río Guáitara,2001,10,Andes,Preliminar,0,0,0,0.65626859664917,0.65626859664917,0,0.393530458211899,0,3.93818187713623,4.62545442581177,5,5,0.789855062961578,0.967391312122345,1,1,38,1.04999995231628,0
07,2018-07-07,52050040,,"",SANDONA [52050040],Pluviométrica,Convencional,Activa,Nariño,Sandoná,1.3223,-77.4792,20,9/15/1963,,Cudayari,Pacifico,Patía,Río Guáitara,2018,07,Andes,Preliminar,0,0,0,0.734264612197876,0.734264612197876,0,0.584023356437683,1.45408034324646,3.93818187713623,4.62545442581177,5,5,0.789855062961578,0.967391312122345,1,1,38,1.04999995231628,0
07,2018-07-08,52050040,,"",SANDONA [52050040],Pluviométrica,Convencional,Activa,Nariño,Sandoná,1.3223,-77.4792,20,9/15/1963,,Cudayari,Pacifico,Patía,Río Guáitara,2018,08,Andes,Preliminar,0,0,0,0.836683332920075,0.836683332920075,0,0.34070411324501,0.137886926531792,3.93818187713623,4.62545442581177,5,5,0.789855062961578,0.967391312122345,1,1,38,1.04999995231628,0
07,2007-07-04,52050040,,"",SANDONA [52050040],Pluviométrica,Convencional,Activa,Nariño,Sandoná,1.3223,-77.4792,20,9/15/1963,,Cudayari,Pacifico,Patía,Río Guáitara,2007,04,Andes,Preliminar,0,0,0,0.394084811210632,0.394084811210632,0,0.129081830382347,0,3.93818187713623,4.62545442581177,5,5,0.789855062961578,0.967391312122345,1,1,37,1.04999995231628,0
07,2009-07-05,52050040,,"",SANDONA [52050040],Pluviométrica,Convencional,Activa,Nariño,Sandoná,1.3223,-77.4792,20,9/15/1963,,Cudayari,Pacifico,Patía,Río Guáitara,2009,05,Andes,Preliminar,0,0,0,1.46431994438171,1.46431994438171,0,0.286501675844193,0.0423015207052231,3.93818187713623,4.62545442581177,5,5,0.789855062961578,0.967391312122345,1,1,37,1.04999995231628,0
07,2011-07-07,52050040,,"",SANDONA [52050040],Pluviométrica,Convencional,Activa,Nariño,Sandoná,1.3223,-77.4792,20,9/15/1963,,Cudayari,Pacifico,Patía,Río Guáitara,2011,07,Andes,Preliminar,0,0,0,0.637963056564331,0.637963056564331,0,0.398505717515945,0.225370183587074,3.93818187713623,4.62545442581177,5,5,0.789855062961578,0.967391312122345,1,1,38,1.04999995231628,0
07,2019-07-02,52050040,,"",SANDONA [52050040],Pluviométrica,Convencional,Activa,Nariño,Sandoná,1.3223,-77.4792,20,9/15/1963,,Cudayari,Pacifico,Patía,Río Guáitara,2019,02,Andes,Preliminar,0,0,0,2.87730550765991,2.87730550765991,8.53376197814941,2.19154238700867,2.1930558681488,3.93818187713623,4.62545442581177,5,5,0.789855062961578,0.967391312122345,1,1,37,1.04999995231628,0
07,2006-07-01,52050040,,"",SANDONA [52050040],Pluviométrica,Convencional,Activa,Nariño,Sandoná,1.3223,-77.4792,20,9/15/1963,,Cudayari,Pacifico,Patía,Río Guáitara,2006,01,Andes,Preliminar,0,0,0,0,0,0,0.23310475051403,0.669216513633728,3.93818187713623,4.62545442581177,5,5,0.789855062961578,0.967391312122345,1,1,37,1.04999995231628,0
07,2001-07-03,52050040,,"",SANDONA [52050040],Pluviométrica,Convencional,Activa,Nariño,Sandoná,1.3223,-77.4792,20,9/15/1963,,Cudayari,Pacifico,Patía,Río Guáitara,2001,03,Andes,Preliminar,0,0,0,0.421123117208481,0.421123117208481,0,0.0910907536745071,0.0704599693417549,3.93818187713623,4.62545442581177,5,5,0.789855062961578,0.967391312122345,1,1,37,1.04999995231628,0
07,2008-07-03,52050040,,"",SANDONA [52050040],Pluviométrica,Convencional,Activa,Nariño,Sandoná,1.3223,-77.4792,20,9/15/1963,,Cudayari,Pacifico,Patía,Río Guáitara,2008,03,Andes,Preliminar,0,0,0,1.18069791793823,1.18069791793823,0,1.15647077560425,0.0397695414721966,3.93818187713623,4.62545442581177,5,5,0.789855062961578,0.967391312122345,1,1,37,1.04999995231628,0
07,2008-07-04,52050040,5,Definitivo,SANDONA [52050040],Pluviométrica,Convencional,Activa,Nariño,Sandoná,1.3223,-77.4792,20,9/15/1963,,Cudayari,Pacifico,Patía,Río Guáitara,2008,04,Andes,Definitivo,5,5,0,1.66035628318787,1.66035628318787,0,2.64180779457092,1.10360479354858,3.93818187713623,4.62545442581177,5,5,0.789855062961578,0.967391312122345,1,1,37,1.04999995231628,5.24999976158142
07,2015-07-05,52050040,,"",SANDONA [52050040],Pluviométrica,Convencional,Activa,Nariño,Sandoná,1.3223,-77.4792,20,9/15/1963,,Cudayari,Pacifico,Patía,Río Guáitara,2015,05,Andes,Preliminar,0,0,0,5.3201699256897,5.3201699256897,10.4037103652954,7.86159658432007,7.64981889724731,3.93818187713623,4.62545442581177,5,5,0.789855062961578,0.967391312122345,1,1,37,1.04999995231628,0
07,2017-07-07,52050040,,"",SANDONA [52050040],Pluviométrica,Convencional,Activa,Nariño,Sandoná,1.3223,-77.4792,20,9/15/1963,,Cudayari,Pacifico,Patía,Río Guáitara,2017,07,Andes,Preliminar,0,0,0,1.73650670051575,1.73650670051575,6.48757696151733,0.878152072429657,0.538375020027161,3.93818187713623,4.62545442581177,5,5,0.789855062961578,0.967391312122345,1,1,38,1.04999995231628,0
07,2016-07-11,52050040,,"",SANDONA [52050040],Pluviométrica,Convencional,Activa,Nariño,Sandoná,1.3223,-77.4792,20,9/15/1963,,Cudayari,Pacifico,Patía,Río Guáitara,2016,11,Andes,Preliminar,0,0,0,0.53046327829361,0.53046327829361,0,0.194895252585411,0.0179109591990709,3.93818187713623,4.62545442581177,5,5,0.789855062961578,0.967391312122345,1,1,39,1.04999995231628,0
07,2003-07-07,52050040,33,Definitivo,SANDONA [52050040],Pluviométrica,Convencional,Activa,Nariño,Sandoná,1.3223,-77.4792,20,9/15/1963,,Cudayari,Pacifico,Patía,Río Guáitara,2003,07,Andes,Definitivo,33,33,0,2.87878251075745,2.87878251075745,0,10.5260534286499,3.55327105522156,3.93818187713623,4.62545442581177,5,5,0.789855062961578,0.967391312122345,1,1,38,1.04999995231628,34.6499984264374
07,2001-07-05,52050040,,"",SANDONA [52050040],Pluviométrica,Convencional,Activa,Nariño,Sandoná,1.3223,-77.4792,20,9/15/1963,,Cudayari,Pacifico,Patía,Río Guáitara,2001,05,Andes,Preliminar,0,0,0,0.421123117208481,0.421123117208481,0,0.415991991758347,0.36012876033783,3.93818187713623,4.62545442581177,5,5,0.789855062961578,0.967391312122345,1,1,37,1.04999995231628,0
07,2019-07-06,52050040,,"",SANDONA [52050040],Pluviométrica,Convencional,Activa,Nariño,Sandoná,1.3223,-77.4792,20,9/15/1963,,Cudayari,Pacifico,Patía,Río Guáitara,2019,06,Andes,Preliminar,0,0,0,0.820116102695465,0.820116102695465,0,0.284280121326447,2.60287761688232,3.93818187713623,4.62545442581177,5,5,0.789855062961578,0.967391312122345,1,1,38,1.04999995231628,0
07,2018-07-03,52050040,,"",SANDONA [52050040],Pluviométrica,Convencional,Activa,Nariño,Sandoná,1.3223,-77.4792,20,9/15/1963,,Cudayari,Pacifico,Patía,Río Guáitara,2018,03,Andes,Preliminar,0,0,0,0.76074093580246,0.76074093580246,0,0.963580548763275,6.18222856521606,3.93818187713623,4.62545442581177,5,5,0.789855062961578,0.967391312122345,1,1,37,1.04999995231628,0
07,2019-07-01,52050040,,"",SANDONA [52050040],Pluviométrica,Convencional,Activa,Nariño,Sandoná,1.3223,-77.4792,20,9/15/1963,,Cudayari,Pacifico,Patía,Río Guáitara,2019,01,Andes,Preliminar,0,0,0,2.70014429092407,2.70014429092407,8.00832176208496,1.56606793403626,2.84931707382202,3.93818187713623,4.62545442581177,5,5,0.789855062961578,0.967391312122345,1,1,37,1.04999995231628,0
07,2012-07-03,52050040,,"",SANDONA [52050040],Pluviométrica,Convencional,Activa,Nariño,Sandoná,1.3223,-77.4792,20,9/15/1963,,Cudayari,Pacifico,Patía,Río Guáitara,2012,03,Andes,Preliminar,,,1,1.00543534755707,1.00543534755707,0,0.165344581007957,0,3.93818187713623,4.62545442581177,5,5,0.789855062961578,0.967391312122345,1,1,37,1.04999995231628,
07,2003-07-01,52050040,,"",SANDONA [52050040],Pluviométrica,Convencional,Activa,Nariño,Sandoná,1.3223,-77.4792,20,9/15/1963,,Cudayari,Pacifico,Patía,Río Guáitara,2003,01,Andes,Preliminar,0,0,0,0.0303459502756596,0.0303459502756596,0,0.234051808714867,0.339687258005142,3.93818187713623,4.62545442581177,5,5,0.789855062961578,0.967391312122345,1,1,37,1.04999995231628,0
07,2015-07-06,52050040,15,Definitivo,SANDONA [52050040],Pluviométrica,Convencional,Activa,Nariño,Sandoná,1.3223,-77.4792,20,9/15/1963,,Cudayari,Pacifico,Patía,Río Guáitara,2015,06,Andes,Definitivo,15,15,0,2.65815281867981,2.65815281867981,21.2002239227295,8.69382381439209,21.4846000671387,3.93818187713623,4.62545442581177,5,5,0.789855062961578,0.967391312122345,1,1,38,1.04999995231628,15.7499992847443
07,2006-07-02,52050040,,"",SANDONA [52050040],Pluviométrica,Convencional,Activa,Nariño,Sandoná,1.3223,-77.4792,20,9/15/1963,,Cudayari,Pacifico,Patía,Río Guáitara,2006,02,Andes,Preliminar,0,0,0,0,0,0,0.616526365280151,0,3.93818187713623,4.62545442581177,5,5,0.789855062961578,0.967391312122345,1,1,37,1.04999995231628,0
07,2006-07-03,52050040,,"",SANDONA [52050040],Pluviométrica,Convencional,Activa,Nariño,Sandoná,1.3223,-77.4792,20,9/15/1963,,Cudayari,Pacifico,Patía,Río Guáitara,2006,03,Andes,Preliminar,0,0,0,0,0,0,1.47153973579407,0,3.93818187713623,4.62545442581177,5,5,0.789855062961578,0.967391312122345,1,1,37,1.04999995231628,0
07,2010-07-06,52050040,0,Definitivo,SANDONA [52050040],Pluviométrica,Convencional,Activa,Nariño,Sandoná,1.3223,-77.4792,20,9/15/1963,,Cudayari,Pacifico,Patía,Río Guáitara,2010,06,Andes,Definitivo,0,0,0,5.76774311065674,5.76774311065674,0,13.0007963180542,7.06061506271362,3.93818187713623,4.62545442581177,5,5,0.789855062961578,0.967391312122345,1,1,38,1.04999995231628,0
07,2002-07-05,52050040,30,Definitivo,SANDONA [52050040],Pluviométrica,Convencional,Activa,Nariño,Sandoná,1.3223,-77.4792,20,9/15/1963,,Cudayari,Pacifico,Patía,Río Guáitara,2002,05,Andes,Definitivo,30,30,0,2.04955673217773,2.04955673217773,0,4.38176870346069,10.565185546875,3.93818187713623,4.62545442581177,5,5,0.789855062961578,0.967391312122345,1,1,37,1.04999995231628,31.4999985694885
07,2018-07-04,52050040,,"",SANDONA [52050040],Pluviométrica,Convencional,Activa,Nariño,Sandoná,1.3223,-77.4792,20,9/15/1963,,Cudayari,Pacifico,Patía,Río Guáitara,2018,04,Andes,Preliminar,0,0,0,1.038010597229,1.038010597229,0,1.68506753444672,0,3.93818187713623,4.62545442581177,5,5,0.789855062961578,0.967391312122345,1,1,37,1.04999995231628,0
07,2017-07-09,52050040,,"",SANDONA [52050040],Pluviométrica,Convencional,Activa,Nariño,Sandoná,1.3223,-77.4792,20,9/15/1963,,Cudayari,Pacifico,Patía,Río Guáitara,2017,09,Andes,Preliminar,0,0,0,0.823230862617493,0.823230862617493,0,0.221944272518158,0,3.93818187713623,4.62545442581177,5,5,0.789855062961578,0.967391312122345,1,1,38,1.04999995231628,0
07,2019-07-04,52050040,20,Definitivo,SANDONA [52050040],Pluviométrica,Convencional,Activa,Nariño,Sandoná,1.3223,-77.4792,20,9/15/1963,,Cudayari,Pacifico,Patía,Río Guáitara,2019,04,Andes,Definitivo,20,20,0,1.78205823898315,1.78205823898315,0,0.681129217147827,0.355223894119263,3.93818187713623,4.62545442581177,5,5,0.789855062961578,0.967391312122345,1,1,37,1.04999995231628,20.9999990463257
07,2014-07-01,52050040,,"",SANDONA [52050040],Pluviométrica,Convencional,Activa,Nariño,Sandoná,1.3223,-77.4792,20,9/15/1963,,Cudayari,Pacifico,Patía,Río Guáitara,2014,01,Andes,Preliminar,,,1,0.984643042087555,0.984643042087555,0,0.457147359848023,0.0057163187302649,3.93818187713623,4.62545442581177,5,5,0.789855062961578,0.967391312122345,1,1,37,1.04999995231628,
07,2002-07-06,52050040,,"",SANDONA [52050040],Pluviométrica,Convencional,Activa,Nariño,Sandoná,1.3223,-77.4792,20,9/15/1963,,Cudayari,Pacifico,Patía,Río Guáitara,2002,06,Andes,Preliminar,0,0,0,3.40581560134888,3.40581560134888,0,3.04876184463501,0.44088613986969,3.93818187713623,4.62545442581177,5,5,0.789855062961578,0.967391312122345,1,1,38,1.04999995231628,0
07,2007-07-05,52050040,,"",SANDONA [52050040],Pluviométrica,Convencional,Activa,Nariño,Sandoná,1.3223,-77.4792,20,9/15/1963,,Cudayari,Pacifico,Patía,Río Guáitara,2007,05,Andes,Preliminar,0,0,0,0.394084811210632,0.394084811210632,0,0.422697573900223,0,3.93818187713623,4.62545442581177,5,5,0.789855062961578,0.967391312122345,1,1,37,1.04999995231628,0
07,2014-07-03,52050040,,"",SANDONA [52050040],Pluviométrica,Convencional,Activa,Nariño,Sandoná,1.3223,-77.4792,20,9/15/1963,,Cudayari,Pacifico,Patía,Río Guáitara,2014,03,Andes,Preliminar,,,1,0.733146250247955,0.733146250247955,0,1.15631258487701,0.0423007607460022,3.93818187713623,4.62545442581177,5,5,0.789855062961578,0.967391312122345,1,1,37,1.04999995231628,
07,2009-07-01,52050040,2,Definitivo,SANDONA [52050040],Pluviométrica,Convencional,Activa,Nariño,Sandoná,1.3223,-77.4792,20,9/15/1963,,Cudayari,Pacifico,Patía,Río Guáitara,2009,01,Andes,Definitivo,2,2,0,0.202975064516068,0.202975064516068,0,0.229583993554115,0,3.93818187713623,4.62545442581177,5,5,0.789855062961578,0.967391312122345,1,1,37,1.04999995231628,2.09999990463257
07,2013-07-04,52050040,17,Definitivo,SANDONA [52050040],Pluviométrica,Convencional,Activa,Nariño,Sandoná,1.3223,-77.4792,20,9/15/1963,,Cudayari,Pacifico,Patía,Río Guáitara,2013,04,Andes,Definitivo,17,17,0,1.98949027061462,1.98949027061462,0,5.04022264480591,2.94063639640808,3.93818187713623,4.62545442581177,5,5,0.789855062961578,0.967391312122345,1,1,37,1.04999995231628,17.8499991893768
07,2001-07-01,52050040,,"",SANDONA [52050040],Pluviométrica,Convencional,Activa,Nariño,Sandoná,1.3223,-77.4792,20,9/15/1963,,Cudayari,Pacifico,Patía,Río Guáitara,2001,01,Andes,Preliminar,0,0,0,0.421123117208481,0.421123117208481,0,0.278721392154694,0.465818673372269,3.93818187713623,4.62545442581177,5,5,0.789855062961578,0.967391312122345,1,1,37,1.04999995231628,0
07,2004-07-01,52050040,,"",SANDONA [52050040],Pluviométrica,Convencional,Activa,Nariño,Sandoná,1.3223,-77.4792,20,9/15/1963,,Cudayari,Pacifico,Patía,Río Guáitara,2004,01,Andes,Preliminar,0,0,0,0.741663753986359,0.741663753986359,0,1.53705394268036,4.88760566711426,3.93818187713623,4.62545442581177,5,5,0.789855062961578,0.967391312122345,1,1,37,1.04999995231628,0
07,2001-07-09,52050040,,"",SANDONA [52050040],Pluviométrica,Convencional,Activa,Nariño,Sandoná,1.3223,-77.4792,20,9/15/1963,,Cudayari,Pacifico,Patía,Río Guáitara,2001,09,Andes,Preliminar,0,0,0,2.46100735664368,2.46100735664368,0,0.610179245471954,0.682309031486511,3.93818187713623,4.62545442581177,5,5,0.789855062961578,0.967391312122345,1,1,38,1.04999995231628,0
07,2019-07-05,52050040,1,Definitivo,SANDONA [52050040],Pluviométrica,Convencional,Activa,Nariño,Sandoná,1.3223,-77.4792,20,9/15/1963,,Cudayari,Pacifico,Patía,Río Guáitara,2019,05,Andes,Definitivo,1,1,0,1.84559464454651,1.84559464454651,5.4738245010376,2.83284091949463,3.76748061180115,3.93818187713623,4.62545442581177,5,5,0.789855062961578,0.967391312122345,1,1,37,1.04999995231628,1.04999995231628
07,2013-07-05,52050040,,"",SANDONA [52050040],Pluviométrica,Convencional,Activa,Nariño,Sandoná,1.3223,-77.4792,20,9/15/1963,,Cudayari,Pacifico,Patía,Río Guáitara,2013,05,Andes,Preliminar,0,0,0,5.44491291046143,5.44491291046143,10.5862617492676,1.50417423248291,5.40614795684815,3.93818187713623,4.62545442581177,5,5,0.789855062961578,0.967391312122345,1,1,37,1.04999995231628,0
07,2001-07-12,52050040,,"",SANDONA [52050040],Pluviométrica,Convencional,Activa,Nariño,Sandoná,1.3223,-77.4792,20,9/15/1963,,Cudayari,Pacifico,Patía,Río Guáitara,2001,12,Andes,Preliminar,0,0,0,0.0248060617595911,0.0248060617595911,0,0.0582624413073063,0.0213163364678621,3.93818187713623,4.62545442581177,5,5,0.789855062961578,0.967391312122345,1,1,39,1.04999995231628,0
07,2005-07-04,52050040,,"",SANDONA [52050040],Pluviométrica,Convencional,Activa,Nariño,Sandoná,1.3223,-77.4792,20,9/15/1963,,Cudayari,Pacifico,Patía,Río Guáitara,2005,04,Andes,Preliminar,0,0,0,2.4159038066864,2.4159038066864,0,1.42515170574188,0.835177779197693,3.93818187713623,4.62545442581177,5,5,0.789855062961578,0.967391312122345,1,1,37,1.04999995231628,0
07,2011-07-03,52050040,,"",SANDONA [52050040],Pluviométrica,Convencional,Activa,Nariño,Sandoná,1.3223,-77.4792,20,9/15/1963,,Cudayari,Pacifico,Patía,Río Guáitara,2011,03,Andes,Preliminar,0,0,0,0.723432779312134,0.723432779312134,0,2.69869446754456,0,3.93818187713623,4.62545442581177,5,5,0.789855062961578,0.967391312122345,1,1,37,1.04999995231628,0
07,2017-07-05,52050040,,"",SANDONA [52050040],Pluviométrica,Convencional,Activa,Nariño,Sandoná,1.3223,-77.4792,20,9/15/1963,,Cudayari,Pacifico,Patía,Río Guáitara,2017,05,Andes,Preliminar,0,0,0,0.542458176612854,0.542458176612854,0,0.0999142825603485,0.0184890814125538,3.93818187713623,4.62545442581177,5,5,0.789855062961578,0.967391312122345,1,1,37,1.04999995231628,0
07,2016-07-02,52050040,,"",SANDONA [52050040],Pluviométrica,Convencional,Activa,Nariño,Sandoná,1.3223,-77.4792,20,9/15/1963,,Cudayari,Pacifico,Patía,Río Guáitara,2016,02,Andes,Preliminar,0,0,0,4.24618482589722,4.24618482589722,5.89510154724121,1.37845075130463,4.09467124938965,3.93818187713623,4.62545442581177,5,5,0.789855062961578,0.967391312122345,1,1,37,1.04999995231628,0
07,2017-07-08,52050040,,"",SANDONA [52050040],Pluviométrica,Convencional,Activa,Nariño,Sandoná,1.3223,-77.4792,20,9/15/1963,,Cudayari,Pacifico,Patía,Río Guáitara,2017,08,Andes,Preliminar,0,0,0,0.596111416816711,0.596111416816711,0,0.198219776153564,0,3.93818187713623,4.62545442581177,5,5,0.789855062961578,0.967391312122345,1,1,38,1.04999995231628,0
07,2004-07-02,52050040,6,Definitivo,SANDONA [52050040],Pluviométrica,Convencional,Activa,Nariño,Sandoná,1.3223,-77.4792,20,9/15/1963,,Cudayari,Pacifico,Patía,Río Guáitara,2004,02,Andes,Definitivo,6,6,0,1.27142357826233,1.27142357826233,0,2.09362745285034,0.0331845171749592,3.93818187713623,4.62545442581177,5,5,0.789855062961578,0.967391312122345,1,1,37,1.04999995231628,6.29999971389771
07,2008-07-05,52050040,4,Definitivo,SANDONA [52050040],Pluviométrica,Convencional,Activa,Nariño,Sandoná,1.3223,-77.4792,20,9/15/1963,,Cudayari,Pacifico,Patía,Río Guáitara,2008,05,Andes,Definitivo,4,4,0,1.10690426826477,1.10690426826477,0,1.0947253704071,3.02248525619507,3.93818187713623,4.62545442581177,5,5,0.789855062961578,0.967391312122345,1,1,37,1.04999995231628,4.19999980926514
07,2011-07-04,52050040,,"",SANDONA [52050040],Pluviométrica,Convencional,Activa,Nariño,Sandoná,1.3223,-77.4792,20,9/15/1963,,Cudayari,Pacifico,Patía,Río Guáitara,2011,04,Andes,Preliminar,0,0,0,1.86349892616272,1.86349892616272,5.65596103668213,4.41851854324341,3.66523504257202,3.93818187713623,4.62545442581177,5,5,0.789855062961578,0.967391312122345,1,1,37,1.04999995231628,0
07,2003-07-03,52050040,,"",SANDONA [52050040],Pluviométrica,Convencional,Activa,Nariño,Sandoná,1.3223,-77.4792,20,9/15/1963,,Cudayari,Pacifico,Patía,Río Guáitara,2003,03,Andes,Preliminar,0,0,0,0.485535204410553,0.485535204410553,0,0.107178427278996,0.0141536360606551,3.93818187713623,4.62545442581177,5,5,0.789855062961578,0.967391312122345,1,1,37,1.04999995231628,0
07,2018-07-06,52050040,,"",SANDONA [52050040],Pluviométrica,Convencional,Activa,Nariño,Sandoná,1.3223,-77.4792,20,9/15/1963,,Cudayari,Pacifico,Patía,Río Guáitara,2018,06,Andes,Preliminar,0,0,0,0.719084441661835,0.719084441661835,0,0.25953882932663,0.0225633140653372,3.93818187713623,4.62545442581177,5,5,0.789855062961578,0.967391312122345,1,1,38,1.04999995231628,0
07,2001-07-07,52050040,,"",SANDONA [52050040],Pluviométrica,Convencional,Activa,Nariño,Sandoná,1.3223,-77.4792,20,9/15/1963,,Cudayari,Pacifico,Patía,Río Guáitara,2001,07,Andes,Preliminar,0,0,0,0.229693993926048,0.229693993926048,0,0.346375495195389,0.568590819835663,3.93818187713623,4.62545442581177,5,5,0.789855062961578,0.967391312122345,1,1,38,1.04999995231628,0
07,2003-07-02,52050040,,"",SANDONA [52050040],Pluviométrica,Convencional,Activa,Nariño,Sandoná,1.3223,-77.4792,20,9/15/1963,,Cudayari,Pacifico,Patía,Río Guáitara,2003,02,Andes,Preliminar,0,0,0,0,0,0,0.134969443082809,0,3.93818187713623,4.62545442581177,5,5,0.789855062961578,0.967391312122345,1,1,37,1.04999995231628,0
07,2009-07-02,52050040,4,Definitivo,SANDONA [52050040],Pluviométrica,Convencional,Activa,Nariño,Sandoná,1.3223,-77.4792,20,9/15/1963,,Cudayari,Pacifico,Patía,Río Guáitara,2009,02,Andes,Definitivo,4,4,0,1.58030581474304,1.58030581474304,0,0.348841518163681,0.616897225379944,3.93818187713623,4.62545442581177,5,5,0.789855062961578,0.967391312122345,1,1,37,1.04999995231628,4.19999980926514
07,2014-07-02,52050040,,"",SANDONA [52050040],Pluviométrica,Convencional,Activa,Nariño,Sandoná,1.3223,-77.4792,20,9/15/1963,,Cudayari,Pacifico,Patía,Río Guáitara,2014,02,Andes,Preliminar,,,1,1.00980186462402,1.00980186462402,0,1.57344675064087,3.76819729804993,3.93818187713623,4.62545442581177,5,5,0.789855062961578,0.967391312122345,1,1,37,1.04999995231628,
07,2011-07-01,52050040,,"",SANDONA [52050040],Pluviométrica,Convencional,Activa,Nariño,Sandoná,1.3223,-77.4792,20,9/15/1963,,Cudayari,Pacifico,Patía,Río Guáitara,2011,01,Andes,Preliminar,0,0,0,6.43032646179199,6.43032646179199,16.9678840637207,4.76206970214844,15.2256097793579,3.93818187713623,4.62545442581177,5,5,0.789855062961578,0.967391312122345,1,1,37,1.04999995231628,0
07,2007-07-01,52050040,,"",SANDONA [52050040],Pluviométrica,Convencional,Activa,Nariño,Sandoná,1.3223,-77.4792,20,9/15/1963,,Cudayari,Pacifico,Patía,Río Guáitara,2007,01,Andes,Preliminar,0,0,0,0.394084811210632,0.394084811210632,0,0.191571786999702,0.855196177959442,3.93818187713623,4.62545442581177,5,5,0.789855062961578,0.967391312122345,1,1,37,1.04999995231628,0
07,2017-07-04,52050040,,"",SANDONA [52050040],Pluviométrica,Convencional,Activa,Nariño,Sandoná,1.3223,-77.4792,20,9/15/1963,,Cudayari,Pacifico,Patía,Río Guáitara,2017,04,Andes,Preliminar,0,0,0,0.805728375911713,0.805728375911713,0,0.158189132809639,0,3.93818187713623,4.62545442581177,5,5,0.789855062961578,0.967391312122345,1,1,37,1.04999995231628,0
07,2016-07-03,52050040,,"",SANDONA [52050040],Pluviométrica,Convencional,Activa,Nariño,Sandoná,1.3223,-77.4792,20,9/15/1963,,Cudayari,Pacifico,Patía,Río Guáitara,2016,03,Andes,Preliminar,0,0,0,3.5259325504303,3.5259325504303,5.89510154724121,1.65244328975678,6.57879877090454,3.93818187713623,4.62545442581177,5,5,0.789855062961578,0.967391312122345,1,1,37,1.04999995231628,0
07,2002-07-01,52050040,,"",SANDONA [52050040],Pluviométrica,Convencional,Activa,Nariño,Sandoná,1.3223,-77.4792,20,9/15/1963,,Cudayari,Pacifico,Patía,Río Guáitara,2002,01,Andes,Preliminar,0,0,0,0,0,0,0.467748552560806,0,3.93818187713623,4.62545442581177,5,5,0.789855062961578,0.967391312122345,1,1,37,1.04999995231628,0
07,2014-07-06,52050040,,"",SANDONA [52050040],Pluviométrica,Convencional,Activa,Nariño,Sandoná,1.3223,-77.4792,20,9/15/1963,,Cudayari,Pacifico,Patía,Río Guáitara,2014,06,Andes,Preliminar,,,1,2.69128751754761,2.69128751754761,6.73510074615479,1.75831115245819,0,3.93818187713623,4.62545442581177,5,5,0.789855062961578,0.967391312122345,1,1,38,1.04999995231628,
07,2002-07-02,52050040,,"",SANDONA [52050040],Pluviométrica,Convencional,Activa,Nariño,Sandoná,1.3223,-77.4792,20,9/15/1963,,Cudayari,Pacifico,Patía,Río Guáitara,2002,02,Andes,Preliminar,0,0,0,0,0,0,0.443342387676239,0,3.93818187713623,4.62545442581177,5,5,0.789855062961578,0.967391312122345,1,1,37,1.04999995231628,0
07,2018-07-02,52050040,,"",SANDONA [52050040],Pluviométrica,Convencional,Activa,Nariño,Sandoná,1.3223,-77.4792,20,9/15/1963,,Cudayari,Pacifico,Patía,Río Guáitara,2018,02,Andes,Preliminar,0,0,0,1.58432281017303,1.58432281017303,4.84459209442139,5.59415626525879,0,3.93818187713623,4.62545442581177,5,5,0.789855062961578,0.967391312122345,1,1,37,1.04999995231628,0
07,2018-07-05,52050040,,"",SANDONA [52050040],Pluviométrica,Convencional,Activa,Nariño,Sandoná,1.3223,-77.4792,20,9/15/1963,,Cudayari,Pacifico,Patía,Río Guáitara,2018,05,Andes,Preliminar,0,0,0,2.50577163696289,2.50577163696289,7.66222620010376,0.630920112133026,0,3.93818187713623,4.62545442581177,5,5,0.789855062961578,0.967391312122345,1,1,37,1.04999995231628,0
07,2008-07-02,52050040,,"",SANDONA [52050040],Pluviométrica,Convencional,Activa,Nariño,Sandoná,1.3223,-77.4792,20,9/15/1963,,Cudayari,Pacifico,Patía,Río Guáitara,2008,02,Andes,Preliminar,0,0,0,1.54966592788696,1.54966592788696,0,0.577983915805817,0.520318150520325,3.93818187713623,4.62545442581177,5,5,0.789855062961578,0.967391312122345,1,1,37,1.04999995231628,0
07,2016-07-05,52050040,1,Definitivo,SANDONA [52050040],Pluviométrica,Convencional,Activa,Nariño,Sandoná,1.3223,-77.4792,20,9/15/1963,,Cudayari,Pacifico,Patía,Río Guáitara,2016,05,Andes,Definitivo,1,1,0,3.37125158309937,3.37125158309937,0,4.49673938751221,0,3.93818187713623,4.62545442581177,5,5,0.789855062961578,0.967391312122345,1,1,37,1.04999995231628,1.04999995231628
07,2002-07-03,52050040,,"",SANDONA [52050040],Pluviométrica,Convencional,Activa,Nariño,Sandoná,1.3223,-77.4792,20,9/15/1963,,Cudayari,Pacifico,Patía,Río Guáitara,2002,03,Andes,Preliminar,0,0,0,0,0,0,1.12027621269226,0,3.93818187713623,4.62545442581177,5,5,0.789855062961578,0.967391312122345,1,1,37,1.04999995231628,0
07,2001-07-02,52050040,,"",SANDONA [52050040],Pluviométrica,Convencional,Activa,Nariño,Sandoná,1.3223,-77.4792,20,9/15/1963,,Cudayari,Pacifico,Patía,Río Guáitara,2001,02,Andes,Preliminar,0,0,0,0.421123117208481,0.421123117208481,0,0.145242214202881,0,3.93818187713623,4.62545442581177,5,5,0.789855062961578,0.967391312122345,1,1,37,1.04999995231628,0
07,2011-07-06,52050040,,"",SANDONA [52050040],Pluviométrica,Convencional,Activa,Nariño,Sandoná,1.3223,-77.4792,20,9/15/1963,,Cudayari,Pacifico,Patía,Río Guáitara,2011,06,Andes,Preliminar,0,0,0,0.686776638031006,0.686776638031006,0,2.45630764961243,2.61501026153564,3.93818187713623,4.62545442581177,5,5,0.789855062961578,0.967391312122345,1,1,38,1.04999995231628,0
07,2012-07-01,52050040,,"",SANDONA [52050040],Pluviométrica,Convencional,Activa,Nariño,Sandoná,1.3223,-77.4792,20,9/15/1963,,Cudayari,Pacifico,Patía,Río Guáitara,2012,01,Andes,Preliminar,,,1,2.57848787307739,2.57848787307739,4.79317140579224,1.4337432384491,2.39759254455566,3.93818187713623,4.62545442581177,5,5,0.789855062961578,0.967391312122345,1,1,37,1.04999995231628,
07,2001-07-06,52050040,,"",SANDONA [52050040],Pluviométrica,Convencional,Activa,Nariño,Sandoná,1.3223,-77.4792,20,9/15/1963,,Cudayari,Pacifico,Patía,Río Guáitara,2001,06,Andes,Preliminar,0,0,0,0.164067134261131,0.164067134261131,0,0.176944762468338,0.341154515743256,3.93818187713623,4.62545442581177,5,5,0.789855062961578,0.967391312122345,1,1,38,1.04999995231628,0
07,2011-07-05,52050040,1,Definitivo,SANDONA [52050040],Pluviométrica,Convencional,Activa,Nariño,Sandoná,1.3223,-77.4792,20,9/15/1963,,Cudayari,Pacifico,Patía,Río Guáitara,2011,05,Andes,Definitivo,1,1,0,1.80501103401184,1.80501103401184,0,6.33420562744141,3.38069891929626,3.93818187713623,4.62545442581177,5,5,0.789855062961578,0.967391312122345,1,1,37,1.04999995231628,1.04999995231628
07,2016-07-01,52050040,,"",SANDONA [52050040],Pluviométrica,Convencional,Activa,Nariño,Sandoná,1.3223,-77.4792,20,9/15/1963,,Cudayari,Pacifico,Patía,Río Guáitara,2016,01,Andes,Preliminar,0,0,0,5.19865369796753,5.19865369796753,0,1.47131836414337,1.39525198936462,3.93818187713623,4.62545442581177,5,5,0.789855062961578,0.967391312122345,1,1,37,1.04999995231628,0
07,2003-07-04,52050040,,"",SANDONA [52050040],Pluviométrica,Convencional,Activa,Nariño,Sandoná,1.3223,-77.4792,20,9/15/1963,,Cudayari,Pacifico,Patía,Río Guáitara,2003,04,Andes,Preliminar,0,0,0,0.0303459502756596,0.0303459502756596,0,0.178275048732758,0.165125742554665,3.93818187713623,4.62545442581177,5,5,0.789855062961578,0.967391312122345,1,1,37,1.04999995231628,0
07,2016-07-04,52050040,,"",SANDONA [52050040],Pluviométrica,Convencional,Activa,Nariño,Sandoná,1.3223,-77.4792,20,9/15/1963,,Cudayari,Pacifico,Patía,Río Guáitara,2016,04,Andes,Preliminar,0,0,0,5.23029756546021,5.23029756546021,0,3.09668183326721,0.0269113872200251,3.93818187713623,4.62545442581177,5,5,0.789855062961578,0.967391312122345,1,1,37,1.04999995231628,0
07,2001-07-04,52050040,,"",SANDONA [52050040],Pluviométrica,Convencional,Activa,Nariño,Sandoná,1.3223,-77.4792,20,9/15/1963,,Cudayari,Pacifico,Patía,Río Guáitara,2001,04,Andes,Preliminar,0,0,0,0.421123117208481,0.421123117208481,0,0.114109814167023,0.148748844861984,3.93818187713623,4.62545442581177,5,5,0.789855062961578,0.967391312122345,1,1,37,1.04999995231628,0
07,2009-07-03,52050040,,"",SANDONA [52050040],Pluviométrica,Convencional,Activa,Nariño,Sandoná,1.3223,-77.4792,20,9/15/1963,,Cudayari,Pacifico,Patía,Río Guáitara,2009,03,Andes,Preliminar,0,0,0,1.00037705898285,1.00037705898285,0,0.750494241714478,0.12690457701683,3.93818187713623,4.62545442581177,5,5,0.789855062961578,0.967391312122345,1,1,37,1.04999995231628,0
07,2007-07-02,52050040,,"",SANDONA [52050040],Pluviométrica,Convencional,Activa,Nariño,Sandoná,1.3223,-77.4792,20,9/15/1963,,Cudayari,Pacifico,Patía,Río Guáitara,2007,02,Andes,Preliminar,0,0,0,0.394084811210632,0.394084811210632,0,0.241636857390404,0.293651729822159,3.93818187713623,4.62545442581177,5,5,0.789855062961578,0.967391312122345,1,1,37,1.04999995231628,0
07,2007-07-03,52050040,,"",SANDONA [52050040],Pluviométrica,Convencional,Activa,Nariño,Sandoná,1.3223,-77.4792,20,9/15/1963,,Cudayari,Pacifico,Patía,Río Guáitara,2007,03,Andes,Preliminar,0,0,0,0.394084811210632,0.394084811210632,0,0.163859948515892,0,3.93818187713623,4.62545442581177,5,5,0.789855062961578,0.967391312122345,1,1,37,1.04999995231628,0
07,2015-07-03,52050040,,"",SANDONA [52050040],Pluviométrica,Convencional,Activa,Nariño,Sandoná,1.3223,-77.4792,20,9/15/1963,,Cudayari,Pacifico,Patía,Río Guáitara,2015,03,Andes,Preliminar,0,0,0,0.663854897022247,0.663854897022247,0,0.1873469799757,0.031730018556118,3.93818187713623,4.62545442581177,5,5,0.789855062961578,0.967391312122345,1,1,37,1.04999995231628,0
07,2018-07-01,52050040,,"",SANDONA [52050040],Pluviométrica,Convencional,Activa,Nariño,Sandoná,1.3223,-77.4792,20,9/15/1963,,Cudayari,Pacifico,Patía,Río Guáitara,2018,01,Andes,Preliminar,0,0,0,4.43519878387451,4.43519878387451,13.5620899200439,2.53739905357361,5.22889471054077,3.93818187713623,4.62545442581177,5,5,0.789855062961578,0.967391312122345,1,1,37,1.04999995231628,0
07,2013-07-02,52050040,1,Definitivo,SANDONA [52050040],Pluviométrica,Convencional,Activa,Nariño,Sandoná,1.3223,-77.4792,20,9/15/1963,,Cudayari,Pacifico,Patía,Río Guáitara,2013,02,Andes,Definitivo,1,1,0,2.33853816986084,2.33853816986084,0,2.47831916809082,0.102729663252831,3.93818187713623,4.62545442581177,5,5,0.789855062961578,0.967391312122345,1,1,37,1.04999995231628,1.04999995231628
07,2013-07-03,52050040,6,Definitivo,SANDONA [52050040],Pluviométrica,Convencional,Activa,Nariño,Sandoná,1.3223,-77.4792,20,9/15/1963,,Cudayari,Pacifico,Patía,Río Guáitara,2013,03,Andes,Definitivo,6,6,0,2.30615186691284,2.30615186691284,10.5862617492676,3.45509314537048,5.12792205810547,3.93818187713623,4.62545442581177,5,5,0.789855062961578,0.967391312122345,1,1,37,1.04999995231628,6.29999971389771
07,2012-07-02,52050040,,"",SANDONA [52050040],Pluviométrica,Convencional,Activa,Nariño,Sandoná,1.3223,-77.4792,20,9/15/1963,,Cudayari,Pacifico,Patía,Río Guáitara,2012,02,Andes,Preliminar,,,1,0.74494993686676,0.74494993686676,0,0.193667382001877,0.0115084433928132,3.93818187713623,4.62545442581177,5,5,0.789855062961578,0.967391312122345,1,1,37,1.04999995231628,
07,2014-07-05,52050040,,"",SANDONA [52050040],Pluviométrica,Convencional,Activa,Nariño,Sandoná,1.3223,-77.4792,20,9/15/1963,,Cudayari,Pacifico,Patía,Río Guáitara,2014,05,Andes,Preliminar,,,1,1.24039542675018,1.24039542675018,0,0.281802475452423,0,3.93818187713623,4.62545442581177,5,5,0.789855062961578,0.967391312122345,1,1,37,1.04999995231628,
07,2014-07-04,52050040,,"",SANDONA [52050040],Pluviométrica,Convencional,Activa,Nariño,Sandoná,1.3223,-77.4792,20,9/15/1963,,Cudayari,Pacifico,Patía,Río Guáitara,2014,04,Andes,Preliminar,,,1,0.731920838356018,0.731920838356018,0,0.364654213190079,0.017148956656456,3.93818187713623,4.62545442581177,5,5,0.789855062961578,0.967391312122345,1,1,37,1.04999995231628,
07,2015-07-02,52050040,,"",SANDONA [52050040],Pluviométrica,Convencional,Activa,Nariño,Sandoná,1.3223,-77.4792,20,9/15/1963,,Cudayari,Pacifico,Patía,Río Guáitara,2015,02,Andes,Preliminar,0,0,0,3.32666182518005,3.32666182518005,0,0.653823971748352,1.40188980102539,3.93818187713623,4.62545442581177,5,5,0.789855062961578,0.967391312122345,1,1,37,1.04999995231628,0
07,2005-07-01,52050040,,"",SANDONA [52050040],Pluviométrica,Convencional,Activa,Nariño,Sandoná,1.3223,-77.4792,20,9/15/1963,,Cudayari,Pacifico,Patía,Río Guáitara,2005,01,Andes,Preliminar,0,0,0,0.117134727537632,0.117134727537632,0,0.170843422412872,0.152205318212509,3.93818187713623,4.62545442581177,5,5,0.789855062961578,0.967391312122345,1,1,37,1.04999995231628,0
07,2010-07-01,52050040,70,Definitivo,SANDONA [52050040],Pluviométrica,Convencional,Activa,Nariño,Sandoná,1.3223,-77.4792,20,9/15/1963,,Cudayari,Pacifico,Patía,Río Guáitara,2010,01,Andes,Definitivo,70,70,0,1.62324619293213,1.62324619293213,0,3.04817771911621,0.260367691516876,3.93818187713623,4.62545442581177,5,5,0.789855062961578,0.967391312122345,1,1,37,1.04999995231628,73.4999966621399
07,2005-07-02,52050040,,"",SANDONA [52050040],Pluviométrica,Convencional,Activa,Nariño,Sandoná,1.3223,-77.4792,20,9/15/1963,,Cudayari,Pacifico,Patía,Río Guáitara,2005,02,Andes,Preliminar,0,0,0,0.131776586174965,0.131776586174965,0,0.293759346008301,1.57766652107239,3.93818187713623,4.62545442581177,5,5,0.789855062961578,0.967391312122345,1,1,37,1.04999995231628,0
07,2010-07-02,52050040,10,Definitivo,SANDONA [52050040],Pluviométrica,Convencional,Activa,Nariño,Sandoná,1.3223,-77.4792,20,9/15/1963,,Cudayari,Pacifico,Patía,Río Guáitara,2010,02,Andes,Definitivo,10,10,0,0.575093030929565,0.575093030929565,0,2.84409666061401,1.66408920288086,3.93818187713623,4.62545442581177,5,5,0.789855062961578,0.967391312122345,1,1,37,1.04999995231628,10.4999995231628
07,2011-07-02,52050040,1,Definitivo,SANDONA [52050040],Pluviométrica,Convencional,Activa,Nariño,Sandoná,1.3223,-77.4792,20,9/15/1963,,Cudayari,Pacifico,Patía,Río Guáitara,2011,02,Andes,Definitivo,1,1,0,4.01728439331055,4.01728439331055,0,4.72539567947388,0.667339742183685,3.93818187713623,4.62545442581177,5,5,0.789855062961578,0.967391312122345,1,1,37,1.04999995231628,1.04999995231628
07,2013-07-01,52050040,,"",SANDONA [52050040],Pluviométrica,Convencional,Activa,Nariño,Sandoná,1.3223,-77.4792,20,9/15/1963,,Cudayari,Pacifico,Patía,Río Guáitara,2013,01,Andes,Preliminar,0,0,0,2.9317319393158,2.9317319393158,10.5862617492676,2.99156618118286,1.89193797111511,3.93818187713623,4.62545442581177,5,5,0.789855062961578,0.967391312122345,1,1,37,1.04999995231628,0
07,2010-07-03,52050040,1,Definitivo,SANDONA [52050040],Pluviométrica,Convencional,Activa,Nariño,Sandoná,1.3223,-77.4792,20,9/15/1963,,Cudayari,Pacifico,Patía,Río Guáitara,2010,03,Andes,Definitivo,1,1,0,0.176238194108009,0.176238194108009,0,1.06790482997894,0.0424512512981892,3.93818187713623,4.62545442581177,5,5,0.789855062961578,0.967391312122345,1,1,37,1.04999995231628,1.04999995231628
07,2015-07-01,52050040,,"",SANDONA [52050040],Pluviométrica,Convencional,Activa,Nariño,Sandoná,1.3223,-77.4792,20,9/15/1963,,Cudayari,Pacifico,Patía,Río Guáitara,2015,01,Andes,Preliminar,0,0,0,3.47851920127869,3.47851920127869,0,0.956457376480103,0.152880981564522,3.93818187713623,4.62545442581177,5,5,0.789855062961578,0.967391312122345,1,1,37,1.04999995231628,0
07,2008-07-01,52050040,,"",SANDONA [52050040],Pluviométrica,Convencional,Activa,Nariño,Sandoná,1.3223,-77.4792,20,9/15/1963,,Cudayari,Pacifico,Patía,Río Guáitara,2008,01,Andes,Preliminar,0,0,0,0.737936198711395,0.737936198711395,0,0.90870988368988,1.69351971149445,3.93818187713623,4.62545442581177,5,5,0.789855062961578,0.967391312122345,1,1,37,1.04999995231628,0
07,2005-07-03,52050040,,"",SANDONA [52050040],Pluviométrica,Convencional,Activa,Nariño,Sandoná,1.3223,-77.4792,20,9/15/1963,,Cudayari,Pacifico,Patía,Río Guáitara,2005,03,Andes,Preliminar,0,0,0,1.24455642700195,1.24455642700195,0,0.679173827171326,0.597113132476807,3.93818187713623,4.62545442581177,5,5,0.789855062961578,0.967391312122345,1,1,37,1.04999995231628,0
08,2006-08-31,52050040,,"",SANDONA [52050040],Pluviométrica,Convencional,Activa,Nariño,Sandoná,1.3223,-77.4792,20,9/15/1963,,Cudayari,Pacifico,Patía,Río Guáitara,2006,31,Andes,Preliminar,0,0,0,1.39495289325714,1.39495289325714,0,1.89526188373566,0.0242069475352764,3.93818187713623,4.62545442581177,5,5,0.789855062961578,0.967391312122345,1,1,48,1.03999996185303,0
08,2013-08-29,52050040,,"",SANDONA [52050040],Pluviométrica,Convencional,Activa,Nariño,Sandoná,1.3223,-77.4792,20,9/15/1963,,Cudayari,Pacifico,Patía,Río Guáitara,2013,29,Andes,Preliminar,0,0,0,1.31892156600952,1.31892156600952,0,0.380874633789063,0.0107781803235412,3.93818187713623,4.62545442581177,5,5,0.789855062961578,0.967391312122345,1,1,48,1.03999996185303,0
08,2007-08-29,52050040,5,Definitivo,SANDONA [52050040],Pluviométrica,Convencional,Activa,Nariño,Sandoná,1.3223,-77.4792,20,9/15/1963,,Cudayari,Pacifico,Patía,Río Guáitara,2007,29,Andes,Definitivo,5,5,0,0.0654614046216011,0.0654614046216011,0,5.22332668304443,4.68625259399414,3.93818187713623,4.62545442581177,5,5,0.789855062961578,0.967391312122345,1,1,48,1.03999996185303,5.19999980926514
08,2009-08-29,52050040,,"",SANDONA [52050040],Pluviométrica,Convencional,Activa,Nariño,Sandoná,1.3223,-77.4792,20,9/15/1963,,Cudayari,Pacifico,Patía,Río Guáitara,2009,29,Andes,Preliminar,0,0,0,0.474753737449646,0.474753737449646,0,0,0,3.93818187713623,4.62545442581177,5,5,0.789855062961578,0.967391312122345,1,1,48,1.03999996185303,0
08,2013-08-30,52050040,,"",SANDONA [52050040],Pluviométrica,Convencional,Activa,Nariño,Sandoná,1.3223,-77.4792,20,9/15/1963,,Cudayari,Pacifico,Patía,Río Guáitara,2013,30,Andes,Preliminar,0,0,0,0.901286840438843,0.901286840438843,0,0.0659948959946632,0,3.93818187713623,4.62545442581177,5,5,0.789855062961578,0.967391312122345,1,1,48,1.03999996185303,0
08,2005-08-27,52050040,,"",SANDONA [52050040],Pluviométrica,Convencional,Activa,Nariño,Sandoná,1.3223,-77.4792,20,9/15/1963,,Cudayari,Pacifico,Patía,Río Guáitara,2005,27,Andes,Preliminar,0,0,0,1.34651327133179,1.34651327133179,0,0.589582622051239,0,3.93818187713623,4.62545442581177,5,5,0.789855062961578,0.967391312122345,1,1,48,1.03999996185303,0
08,2006-08-30,52050040,,"",SANDONA [52050040],Pluviométrica,Convencional,Activa,Nariño,Sandoná,1.3223,-77.4792,20,9/15/1963,,Cudayari,Pacifico,Patía,Río Guáitara,2006,30,Andes,Preliminar,0,0,0,1.73863697052002,1.73863697052002,0,0.794484555721283,2.4502809047699,3.93818187713623,4.62545442581177,5,5,0.789855062961578,0.967391312122345,1,1,48,1.03999996185303,0
08,2007-08-27,52050040,0,Definitivo,SANDONA [52050040],Pluviométrica,Convencional,Activa,Nariño,Sandoná,1.3223,-77.4792,20,9/15/1963,,Cudayari,Pacifico,Patía,Río Guáitara,2007,27,Andes,Definitivo,0,0,0,11.9794359207153,11.9794359207153,0,7.03150367736816,0.354105889797211,3.93818187713623,4.62545442581177,5,5,0.789855062961578,0.967391312122345,1,1,48,1.03999996185303,0
08,2007-08-28,52050040,3,Definitivo,SANDONA [52050040],Pluviométrica,Convencional,Activa,Nariño,Sandoná,1.3223,-77.4792,20,9/15/1963,,Cudayari,Pacifico,Patía,Río Guáitara,2007,28,Andes,Definitivo,3,3,0,1.70199632644653,1.70199632644653,8.77324295043945,8.79792785644531,1.49176526069641,3.93818187713623,4.62545442581177,5,5,0.789855062961578,0.967391312122345,1,1,48,1.03999996185303,3.11999988555908
08,2005-08-31,52050040,,"",SANDONA [52050040],Pluviométrica,Convencional,Activa,Nariño,Sandoná,1.3223,-77.4792,20,9/15/1963,,Cudayari,Pacifico,Patía,Río Guáitara,2005,31,Andes,Preliminar,0,0,0,2.461594581604,2.461594581604,0,0.399615615606308,0.00407801289111376,3.93818187713623,4.62545442581177,5,5,0.789855062961578,0.967391312122345,1,1,48,1.03999996185303,0
08,2006-08-25,52050040,,"",SANDONA [52050040],Pluviométrica,Convencional,Activa,Nariño,Sandoná,1.3223,-77.4792,20,9/15/1963,,Cudayari,Pacifico,Patía,Río Guáitara,2006,25,Andes,Preliminar,0,0,0,0.570284485816956,0.570284485816956,0,0,0,3.93818187713623,4.62545442581177,5,5,0.789855062961578,0.967391312122345,1,1,47,1.03999996185303,0
08,2011-08-30,52050040,,"",SANDONA [52050040],Pluviométrica,Convencional,Activa,Nariño,Sandoná,1.3223,-77.4792,20,9/15/1963,,Cudayari,Pacifico,Patía,Río Guáitara,2011,30,Andes,Preliminar,0,0,0,0.972650706768036,0.972650706768036,0,0.230762392282486,0.0701800510287285,3.93818187713623,4.62545442581177,5,5,0.789855062961578,0.967391312122345,1,1,48,1.03999996185303,0
08,2006-08-29,52050040,,"",SANDONA [52050040],Pluviométrica,Convencional,Activa,Nariño,Sandoná,1.3223,-77.4792,20,9/15/1963,,Cudayari,Pacifico,Patía,Río Guáitara,2006,29,Andes,Preliminar,0,0,0,0.56606787443161,0.56606787443161,0,0.310702383518219,0,3.93818187713623,4.62545442581177,5,5,0.789855062961578,0.967391312122345,1,1,48,1.03999996185303,0
08,2011-08-31,52050040,,"",SANDONA [52050040],Pluviométrica,Convencional,Activa,Nariño,Sandoná,1.3223,-77.4792,20,9/15/1963,,Cudayari,Pacifico,Patía,Río Guáitara,2011,31,Andes,Preliminar,0,0,0,0.859513998031616,0.859513998031616,0,0.427490770816803,3.36864280700684,3.93818187713623,4.62545442581177,5,5,0.789855062961578,0.967391312122345,1,1,48,1.03999996185303,0
08,2005-08-26,52050040,,"",SANDONA [52050040],Pluviométrica,Convencional,Activa,Nariño,Sandoná,1.3223,-77.4792,20,9/15/1963,,Cudayari,Pacifico,Patía,Río Guáitara,2005,26,Andes,Preliminar,0,0,0,2.79822278022766,2.79822278022766,0,0.686555683612824,0.381002902984619,3.93818187713623,4.62545442581177,5,5,0.789855062961578,0.967391312122345,1,1,48,1.03999996185303,0
08,2006-08-24,52050040,,"",SANDONA [52050040],Pluviométrica,Convencional,Activa,Nariño,Sandoná,1.3223,-77.4792,20,9/15/1963,,Cudayari,Pacifico,Patía,Río Guáitara,2006,24,Andes,Preliminar,0,0,0,2.49499487876892,2.49499487876892,0,0,0,3.93818187713623,4.62545442581177,5,5,0.789855062961578,0.967391312122345,1,1,47,1.03999996185303,0
08,2008-08-31,52050040,1,Definitivo,SANDONA [52050040],Pluviométrica,Convencional,Activa,Nariño,Sandoná,1.3223,-77.4792,20,9/15/1963,,Cudayari,Pacifico,Patía,Río Guáitara,2008,31,Andes,Definitivo,1,1,0,1.72301280498505,1.72301280498505,0,1.69736433029175,0.0284809712320566,3.93818187713623,4.62545442581177,5,5,0.789855062961578,0.967391312122345,1,1,48,1.03999996185303,1.03999996185303
08,2008-08-30,52050040,,"",SANDONA [52050040],Pluviométrica,Convencional,Activa,Nariño,Sandoná,1.3223,-77.4792,20,9/15/1963,,Cudayari,Pacifico,Patía,Río Guáitara,2008,30,Andes,Preliminar,0,0,0,0.906848847866058,0.906848847866058,0,0.862084209918976,0,3.93818187713623,4.62545442581177,5,5,0.789855062961578,0.967391312122345,1,1,48,1.03999996185303,0
08,2013-08-31,52050040,,"",SANDONA [52050040],Pluviométrica,Convencional,Activa,Nariño,Sandoná,1.3223,-77.4792,20,9/15/1963,,Cudayari,Pacifico,Patía,Río Guáitara,2013,31,Andes,Preliminar,0,0,0,0.305438637733459,0.305438637733459,0,0.255859434604645,0,3.93818187713623,4.62545442581177,5,5,0.789855062961578,0.967391312122345,1,1,48,1.03999996185303,0
08,2004-08-28,52050040,,"",SANDONA [52050040],Pluviométrica,Convencional,Activa,Nariño,Sandoná,1.3223,-77.4792,20,9/15/1963,,Cudayari,Pacifico,Patía,Río Guáitara,2004,28,Andes,Preliminar,0,0,0,0.5149285197258,0.5149285197258,0,0.404334634542465,0.0201779995113611,3.93818187713623,4.62545442581177,5,5,0.789855062961578,0.967391312122345,1,1,48,1.03999996185303,0
08,2005-08-28,52050040,,"",SANDONA [52050040],Pluviométrica,Convencional,Activa,Nariño,Sandoná,1.3223,-77.4792,20,9/15/1963,,Cudayari,Pacifico,Patía,Río Guáitara,2005,28,Andes,Preliminar,0,0,0,0.778453052043915,0.778453052043915,0,0.121421076357365,0.00174771994352341,3.93818187713623,4.62545442581177,5,5,0.789855062961578,0.967391312122345,1,1,48,1.03999996185303,0
08,2007-08-22,52050040,,"",SANDONA [52050040],Pluviométrica,Convencional,Activa,Nariño,Sandoná,1.3223,-77.4792,20,9/15/1963,,Cudayari,Pacifico,Patía,Río Guáitara,2007,22,Andes,Preliminar,0,0,0,0.152479454874992,0.152479454874992,0,0,0,3.93818187713623,4.62545442581177,5,5,0.789855062961578,0.967391312122345,1,1,47,1.03999996185303,0
08,2005-08-30,52050040,,"",SANDONA [52050040],Pluviométrica,Convencional,Activa,Nariño,Sandoná,1.3223,-77.4792,20,9/15/1963,,Cudayari,Pacifico,Patía,Río Guáitara,2005,30,Andes,Preliminar,0,0,0,0.988845646381378,0.988845646381378,5.65901613235474,0.534373998641968,2.46370220184326,3.93818187713623,4.62545442581177,5,5,0.789855062961578,0.967391312122345,1,1,48,1.03999996185303,0
08,2009-08-30,52050040,3,Definitivo,SANDONA [52050040],Pluviométrica,Convencional,Activa,Nariño,Sandoná,1.3223,-77.4792,20,9/15/1963,,Cudayari,Pacifico,Patía,Río Guáitara,2009,30,Andes,Definitivo,3,3,0,2.19291019439697,2.19291019439697,0,0,0,3.93818187713623,4.62545442581177,5,5,0.789855062961578,0.967391312122345,1,1,48,1.03999996185303,3.11999988555908
08,2007-08-21,52050040,,"",SANDONA [52050040],Pluviométrica,Convencional,Activa,Nariño,Sandoná,1.3223,-77.4792,20,9/15/1963,,Cudayari,Pacifico,Patía,Río Guáitara,2007,21,Andes,Preliminar,0,0,0,0,0,0,0,0,3.93818187713623,4.62545442581177,5,5,0.789855062961578,0.967391312122345,1,1,47,1.03999996185303,0
08,2006-08-23,52050040,,"",SANDONA [52050040],Pluviométrica,Convencional,Activa,Nariño,Sandoná,1.3223,-77.4792,20,9/15/1963,,Cudayari,Pacifico,Patía,Río Guáitara,2006,23,Andes,Preliminar,0,0,0,0.213856667280197,0.213856667280197,0,0,0,3.93818187713623,4.62545442581177,5,5,0.789855062961578,0.967391312122345,1,1,47,1.03999996185303,0
08,2010-08-27,52050040,,"",SANDONA [52050040],Pluviométrica,Convencional,Activa,Nariño,Sandoná,1.3223,-77.4792,20,9/15/1963,,Cudayari,Pacifico,Patía,Río Guáitara,2010,27,Andes,Preliminar,0,0,0,4.66847038269043,4.66847038269043,0,0,0,3.93818187713623,4.62545442581177,5,5,0.789855062961578,0.967391312122345,1,1,48,1.03999996185303,0
08,2014-08-31,52050040,,"",SANDONA [52050040],Pluviométrica,Convencional,Activa,Nariño,Sandoná,1.3223,-77.4792,20,9/15/1963,,Cudayari,Pacifico,Patía,Río Guáitara,2014,31,Andes,Preliminar,0,0,0,0.0530910976231098,0.0530910976231098,0,0.0994952321052551,0,3.93818187713623,4.62545442581177,5,5,0.789855062961578,0.967391312122345,1,1,48,1.03999996185303,0
08,2003-08-31,52050040,,"",SANDONA [52050040],Pluviométrica,Convencional,Activa,Nariño,Sandoná,1.3223,-77.4792,20,9/15/1963,,Cudayari,Pacifico,Patía,Río Guáitara,2003,31,Andes,Preliminar,0,0,0,0,0,0,0,0,3.93818187713623,4.62545442581177,5,5,0.789855062961578,0.967391312122345,1,1,48,1.03999996185303,0
08,2009-08-31,52050040,,"",SANDONA [52050040],Pluviométrica,Convencional,Activa,Nariño,Sandoná,1.3223,-77.4792,20,9/15/1963,,Cudayari,Pacifico,Patía,Río Guáitara,2009,31,Andes,Preliminar,0,0,0,0.1130366101861,0.1130366101861,0,0,0,3.93818187713623,4.62545442581177,5,5,0.789855062961578,0.967391312122345,1,1,48,1.03999996185303,0
08,2008-08-29,52050040,3,Definitivo,SANDONA [52050040],Pluviométrica,Convencional,Activa,Nariño,Sandoná,1.3223,-77.4792,20,9/15/1963,,Cudayari,Pacifico,Patía,Río Guáitara,2008,29,Andes,Definitivo,3,3,0,1.99506759643555,1.99506759643555,21.5171680450439,4.37021350860596,12.6170701980591,3.93818187713623,4.62545442581177,5,5,0.789855062961578,0.967391312122345,1,1,48,1.03999996185303,3.11999988555908
08,2007-08-23,52050040,,"",SANDONA [52050040],Pluviométrica,Convencional,Activa,Nariño,Sandoná,1.3223,-77.4792,20,9/15/1963,,Cudayari,Pacifico,Patía,Río Guáitara,2007,23,Andes,Preliminar,0,0,0,0.406611859798431,0.406611859798431,0,0,0,3.93818187713623,4.62545442581177,5,5,0.789855062961578,0.967391312122345,1,1,47,1.03999996185303,0
08,2008-08-26,52050040,,"",SANDONA [52050040],Pluviométrica,Convencional,Activa,Nariño,Sandoná,1.3223,-77.4792,20,9/15/1963,,Cudayari,Pacifico,Patía,Río Guáitara,2008,26,Andes,Preliminar,0,0,0,1.20913171768188,1.20913171768188,0,1.59845781326294,1.32911217212677,3.93818187713623,4.62545442581177,5,5,0.789855062961578,0.967391312122345,1,1,48,1.03999996185303,0
08,2017-08-29,52050040,8,Definitivo,SANDONA [52050040],Pluviométrica,Convencional,Activa,Nariño,Sandoná,1.3223,-77.4792,20,9/15/1963,,Cudayari,Pacifico,Patía,Río Guáitara,2017,29,Andes,Definitivo,8,8,0,1.47069680690765,1.47069680690765,0,2.01873326301575,0.325268596410751,3.93818187713623,4.62545442581177,5,5,0.789855062961578,0.967391312122345,1,1,48,1.03999996185303,8.31999969482422
08,2008-08-18,52050040,3,Definitivo,SANDONA [52050040],Pluviométrica,Convencional,Activa,Nariño,Sandoná,1.3223,-77.4792,20,9/15/1963,,Cudayari,Pacifico,Patía,Río Guáitara,2008,18,Andes,Definitivo,3,3,0,3.62094569206238,3.62094569206238,9.31656837463379,2.99272871017456,2.19528746604919,3.93818187713623,4.62545442581177,5,5,0.789855062961578,0.967391312122345,1,1,46,1.03999996185303,3.11999988555908
08,2010-08-29,52050040,,"",SANDONA [52050040],Pluviométrica,Convencional,Activa,Nariño,Sandoná,1.3223,-77.4792,20,9/15/1963,,Cudayari,Pacifico,Patía,Río Guáitara,2010,29,Andes,Preliminar,0,0,0,0.708775818347931,0.708775818347931,0,0,0,3.93818187713623,4.62545442581177,5,5,0.789855062961578,0.967391312122345,1,1,48,1.03999996185303,0
08,2003-08-30,52050040,,"",SANDONA [52050040],Pluviométrica,Convencional,Activa,Nariño,Sandoná,1.3223,-77.4792,20,9/15/1963,,Cudayari,Pacifico,Patía,Río Guáitara,2003,30,Andes,Preliminar,0,0,0,0.924538671970367,0.924538671970367,0,0,0,3.93818187713623,4.62545442581177,5,5,0.789855062961578,0.967391312122345,1,1,48,1.03999996185303,0
08,2008-08-19,52050040,0,Definitivo,SANDONA [52050040],Pluviométrica,Convencional,Activa,Nariño,Sandoná,1.3223,-77.4792,20,9/15/1963,,Cudayari,Pacifico,Patía,Río Guáitara,2008,19,Andes,Definitivo,0,0,0,3.75505495071411,3.75505495071411,0,2.10971617698669,5.53261518478394,3.93818187713623,4.62545442581177,5,5,0.789855062961578,0.967391312122345,1,1,46,1.03999996185303,0
08,2019-08-30,52050040,,"",SANDONA [52050040],Pluviométrica,Convencional,Activa,Nariño,Sandoná,1.3223,-77.4792,20,9/15/1963,,Cudayari,Pacifico,Patía,Río Guáitara,2019,30,Andes,Preliminar,0,0,0,0.956065058708191,0.956065058708191,0,0,0,3.93818187713623,4.62545442581177,5,5,0.789855062961578,0.967391312122345,1,1,48,1.03999996185303,0
08,2008-08-17,52050040,4,Definitivo,SANDONA [52050040],Pluviométrica,Convencional,Activa,Nariño,Sandoná,1.3223,-77.4792,20,9/15/1963,,Cudayari,Pacifico,Patía,Río Guáitara,2008,17,Andes,Definitivo,4,4,0,2.3245575428009,2.3245575428009,4.6582841873169,2.6389787197113,1.6962194442749,3.93818187713623,4.62545442581177,5,5,0.789855062961578,0.967391312122345,1,1,46,1.03999996185303,4.15999984741211
08,2009-08-16,52050040,,"",SANDONA [52050040],Pluviométrica,Convencional,Activa,Nariño,Sandoná,1.3223,-77.4792,20,9/15/1963,,Cudayari,Pacifico,Patía,Río Guáitara,2009,16,Andes,Preliminar,0,0,0,8.48820304870606,8.48820304870606,9.10508060455322,3.24356007575989,1.2501882314682,3.93818187713623,4.62545442581177,5,5,0.789855062961578,0.967391312122345,1,1,46,1.03999996185303,0
08,2009-08-27,52050040,,"",SANDONA [52050040],Pluviométrica,Convencional,Activa,Nariño,Sandoná,1.3223,-77.4792,20,9/15/1963,,Cudayari,Pacifico,Patía,Río Guáitara,2009,27,Andes,Preliminar,0,0,0,3.41370534896851,3.41370534896851,0,0,0,3.93818187713623,4.62545442581177,5,5,0.789855062961578,0.967391312122345,1,1,48,1.03999996185303,0
08,2008-08-27,52050040,,"",SANDONA [52050040],Pluviométrica,Convencional,Activa,Nariño,Sandoná,1.3223,-77.4792,20,9/15/1963,,Cudayari,Pacifico,Patía,Río Guáitara,2008,27,Andes,Preliminar,0,0,0,4.62492990493774,4.62492990493774,0,3.5020387172699,1.49050402641296,3.93818187713623,4.62545442581177,5,5,0.789855062961578,0.967391312122345,1,1,48,1.03999996185303,0
08,2016-08-29,52050040,,"",SANDONA [52050040],Pluviométrica,Convencional,Activa,Nariño,Sandoná,1.3223,-77.4792,20,9/15/1963,,Cudayari,Pacifico,Patía,Río Guáitara,2016,29,Andes,Preliminar,0,0,0,7.76319456100464,7.76319456100464,4.71405172348023,8.62729835510254,6.52212810516357,3.93818187713623,4.62545442581177,5,5,0.789855062961578,0.967391312122345,1,1,48,1.03999996185303,0
08,2007-08-31,52050040,,"",SANDONA [52050040],Pluviométrica,Convencional,Activa,Nariño,Sandoná,1.3223,-77.4792,20,9/15/1963,,Cudayari,Pacifico,Patía,Río Guáitara,2007,31,Andes,Preliminar,0,0,0,0.589152693748474,0.589152693748474,0,0.898065209388733,0,3.93818187713623,4.62545442581177,5,5,0.789855062961578,0.967391312122345,1,1,48,1.03999996185303,0
08,2009-08-15,52050040,,"",SANDONA [52050040],Pluviométrica,Convencional,Activa,Nariño,Sandoná,1.3223,-77.4792,20,9/15/1963,,Cudayari,Pacifico,Patía,Río Guáitara,2009,15,Andes,Preliminar,0,0,0,4.05879640579224,4.05879640579224,0,0,0,3.93818187713623,4.62545442581177,5,5,0.789855062961578,0.967391312122345,1,1,45,1.03999996185303,0
08,2004-08-27,52050040,,"",SANDONA [52050040],Pluviométrica,Convencional,Activa,Nariño,Sandoná,1.3223,-77.4792,20,9/15/1963,,Cudayari,Pacifico,Patía,Río Guáitara,2004,27,Andes,Preliminar,0,0,0,4.50562429428101,4.50562429428101,6.53930377960205,0.897133529186249,0,3.93818187713623,4.62545442581177,5,5,0.789855062961578,0.967391312122345,1,1,48,1.03999996185303,0
08,2005-08-25,52050040,,"",SANDONA [52050040],Pluviométrica,Convencional,Activa,Nariño,Sandoná,1.3223,-77.4792,20,9/15/1963,,Cudayari,Pacifico,Patía,Río Guáitara,2005,25,Andes,Preliminar,0,0,0,0.255665719509125,0.255665719509125,0,0.772499799728394,0,3.93818187713623,4.62545442581177,5,5,0.789855062961578,0.967391312122345,1,1,47,1.03999996185303,0
08,2019-08-31,52050040,,"",SANDONA [52050040],Pluviométrica,Convencional,Activa,Nariño,Sandoná,1.3223,-77.4792,20,9/15/1963,,Cudayari,Pacifico,Patía,Río Guáitara,2019,31,Andes,Preliminar,0,0,0,0.361792743206024,0.361792743206024,0,0,0,3.93818187713623,4.62545442581177,5,5,0.789855062961578,0.967391312122345,1,1,48,1.03999996185303,0
08,2014-08-29,52050040,,"",SANDONA [52050040],Pluviométrica,Convencional,Activa,Nariño,Sandoná,1.3223,-77.4792,20,9/15/1963,,Cudayari,Pacifico,Patía,Río Guáitara,2014,29,Andes,Preliminar,0,0,0,0.640128254890442,0.640128254890442,0,0.308775752782822,0,3.93818187713623,4.62545442581177,5,5,0.789855062961578,0.967391312122345,1,1,48,1.03999996185303,0
08,2010-08-13,52050040,,"",SANDONA [52050040],Pluviométrica,Convencional,Activa,Nariño,Sandoná,1.3223,-77.4792,20,9/15/1963,,Cudayari,Pacifico,Patía,Río Guáitara,2010,13,Andes,Preliminar,0,0,0,0.713032841682434,0.713032841682434,0,0.174134269356728,0,3.93818187713623,4.62545442581177,5,5,0.789855062961578,0.967391312122345,1,1,45,1.03999996185303,0
08,2006-08-26,52050040,,"",SANDONA [52050040],Pluviométrica,Convencional,Activa,Nariño,Sandoná,1.3223,-77.4792,20,9/15/1963,,Cudayari,Pacifico,Patía,Río Guáitara,2006,26,Andes,Preliminar,0,0,0,3.35597372055054,3.35597372055054,4.54866695404053,1.92742478847504,0.279724717140198,3.93818187713623,4.62545442581177,5,5,0.789855062961578,0.967391312122345,1,1,48,1.03999996185303,0
08,2010-08-28,52050040,,"",SANDONA [52050040],Pluviométrica,Convencional,Activa,Nariño,Sandoná,1.3223,-77.4792,20,9/15/1963,,Cudayari,Pacifico,Patía,Río Guáitara,2010,28,Andes,Preliminar,0,0,0,2.13577771186829,2.13577771186829,0,0,0,3.93818187713623,4.62545442581177,5,5,0.789855062961578,0.967391312122345,1,1,48,1.03999996185303,0
08,2016-08-31,52050040,10,Definitivo,SANDONA [52050040],Pluviométrica,Convencional,Activa,Nariño,Sandoná,1.3223,-77.4792,20,9/15/1963,,Cudayari,Pacifico,Patía,Río Guáitara,2016,31,Andes,Definitivo,10,10,0,12.3375301361084,12.3375301361084,4.71405172348023,5.51489019393921,4.86417818069458,3.93818187713623,4.62545442581177,5,5,0.789855062961578,0.967391312122345,1,1,48,1.03999996185303,10.3999996185303
08,2005-08-29,52050040,,"",SANDONA [52050040],Pluviométrica,Convencional,Activa,Nariño,Sandoná,1.3223,-77.4792,20,9/15/1963,,Cudayari,Pacifico,Patía,Río Guáitara,2005,29,Andes,Preliminar,0,0,0,3.78706836700439,3.78706836700439,0,0.539954483509064,0.0209726374596357,3.93818187713623,4.62545442581177,5,5,0.789855062961578,0.967391312122345,1,1,48,1.03999996185303,0
08,2013-08-28,52050040,,"",SANDONA [52050040],Pluviométrica,Convencional,Activa,Nariño,Sandoná,1.3223,-77.4792,20,9/15/1963,,Cudayari,Pacifico,Patía,Río Guáitara,2013,28,Andes,Preliminar,0,0,0,2.50130605697632,2.50130605697632,0,0.471774727106094,0.104189082980156,3.93818187713623,4.62545442581177,5,5,0.789855062961578,0.967391312122345,1,1,48,1.03999996185303,0
08,2012-08-31,52050040,,"",SANDONA [52050040],Pluviométrica,Convencional,Activa,Nariño,Sandoná,1.3223,-77.4792,20,9/15/1963,,Cudayari,Pacifico,Patía,Río Guáitara,2012,31,Andes,Preliminar,0,0,0,0.399837851524353,0.399837851524353,0,0,0,3.93818187713623,4.62545442581177,5,5,0.789855062961578,0.967391312122345,1,1,48,1.03999996185303,0
08,2007-08-20,52050040,,"",SANDONA [52050040],Pluviométrica,Convencional,Activa,Nariño,Sandoná,1.3223,-77.4792,20,9/15/1963,,Cudayari,Pacifico,Patía,Río Guáitara,2007,20,Andes,Preliminar,0,0,0,0.396849602460861,0.396849602460861,0,0.107958301901817,0.430011928081512,3.93818187713623,4.62545442581177,5,5,0.789855062961578,0.967391312122345,1,1,46,1.03999996185303,0
08,2010-08-12,52050040,,"",SANDONA [52050040],Pluviométrica,Convencional,Activa,Nariño,Sandoná,1.3223,-77.4792,20,9/15/1963,,Cudayari,Pacifico,Patía,Río Guáitara,2010,12,Andes,Preliminar,0,0,0,2.73804616928101,2.73804616928101,0,1.0369884967804,0,3.93818187713623,4.62545442581177,5,5,0.789855062961578,0.967391312122345,1,1,45,1.03999996185303,0
08,2008-08-12,52050040,5,Definitivo,SANDONA [52050040],Pluviométrica,Convencional,Activa,Nariño,Sandoná,1.3223,-77.4792,20,9/15/1963,,Cudayari,Pacifico,Patía,Río Guáitara,2008,12,Andes,Definitivo,5,5,0,5.15417385101318,5.15417385101318,0,1.16743397712708,0.257585227489471,3.93818187713623,4.62545442581177,5,5,0.789855062961578,0.967391312122345,1,1,45,1.03999996185303,5.19999980926514
08,2010-08-14,52050040,,"",SANDONA [52050040],Pluviométrica,Convencional,Activa,Nariño,Sandoná,1.3223,-77.4792,20,9/15/1963,,Cudayari,Pacifico,Patía,Río Guáitara,2010,14,Andes,Preliminar,0,0,0,1.5401508808136,1.5401508808136,3.87916398048401,0.150496423244476,1.66411209106445,3.93818187713623,4.62545442581177,5,5,0.789855062961578,0.967391312122345,1,1,45,1.03999996185303,0
08,2006-08-27,52050040,0,Definitivo,SANDONA [52050040],Pluviométrica,Convencional,Activa,Nariño,Sandoná,1.3223,-77.4792,20,9/15/1963,,Cudayari,Pacifico,Patía,Río Guáitara,2006,27,Andes,Definitivo,0,0,0,4.32637596130371,4.32637596130371,5.86394453048706,2.53836345672607,3.19800686836243,3.93818187713623,4.62545442581177,5,5,0.789855062961578,0.967391312122345,1,1,48,1.03999996185303,0
08,2006-08-28,52050040,3,Definitivo,SANDONA [52050040],Pluviométrica,Convencional,Activa,Nariño,Sandoná,1.3223,-77.4792,20,9/15/1963,,Cudayari,Pacifico,Patía,Río Guáitara,2006,28,Andes,Definitivo,3,3,0,2.12275457382202,2.12275457382202,0,0.328400254249573,1.84241771697998,3.93818187713623,4.62545442581177,5,5,0.789855062961578,0.967391312122345,1,1,48,1.03999996185303,3.11999988555908
08,2014-08-30,52050040,,"",SANDONA [52050040],Pluviométrica,Convencional,Activa,Nariño,Sandoná,1.3223,-77.4792,20,9/15/1963,,Cudayari,Pacifico,Patía,Río Guáitara,2014,30,Andes,Preliminar,0,0,0,0.422021716833115,0.422021716833115,0,0.0461408495903015,0.077288031578064,3.93818187713623,4.62545442581177,5,5,0.789855062961578,0.967391312122345,1,1,48,1.03999996185303,0
08,2016-08-30,52050040,,"",SANDONA [52050040],Pluviométrica,Convencional,Activa,Nariño,Sandoná,1.3223,-77.4792,20,9/15/1963,,Cudayari,Pacifico,Patía,Río Guáitara,2016,30,Andes,Preliminar,0,0,0,3.45663976669312,3.45663976669312,14.1421566009522,2.45817923545837,11.7088661193848,3.93818187713623,4.62545442581177,5,5,0.789855062961578,0.967391312122345,1,1,48,1.03999996185303,0
08,2010-08-31,52050040,5,Definitivo,SANDONA [52050040],Pluviométrica,Convencional,Activa,Nariño,Sandoná,1.3223,-77.4792,20,9/15/1963,,Cudayari,Pacifico,Patía,Río Guáitara,2010,31,Andes,Definitivo,5,5,0,5.71745872497559,5.71745872497559,0,0,0,3.93818187713623,4.62545442581177,5,5,0.789855062961578,0.967391312122345,1,1,48,1.03999996185303,5.19999980926514
08,2007-08-30,52050040,,"",SANDONA [52050040],Pluviométrica,Convencional,Activa,Nariño,Sandoná,1.3223,-77.4792,20,9/15/1963,,Cudayari,Pacifico,Patía,Río Guáitara,2007,30,Andes,Preliminar,0,0,0,2.68391752243042,2.68391752243042,17.5464859008789,3.11882066726685,15.2642240524292,3.93818187713623,4.62545442581177,5,5,0.789855062961578,0.967391312122345,1,1,48,1.03999996185303,0
08,2008-08-23,52050040,10,Definitivo,SANDONA [52050040],Pluviométrica,Convencional,Activa,Nariño,Sandoná,1.3223,-77.4792,20,9/15/1963,,Cudayari,Pacifico,Patía,Río Guáitara,2008,23,Andes,Definitivo,10,10,0,3.26021838188171,3.26021838188171,0,2.11853170394897,6.05724668502808,3.93818187713623,4.62545442581177,5,5,0.789855062961578,0.967391312122345,1,1,47,1.03999996185303,10.3999996185303
08,2004-08-26,52050040,,"",SANDONA [52050040],Pluviométrica,Convencional,Activa,Nariño,Sandoná,1.3223,-77.4792,20,9/15/1963,,Cudayari,Pacifico,Patía,Río Guáitara,2004,26,Andes,Preliminar,0,0,0,0.0429107137024403,0.0429107137024403,0,0.143766075372696,0,3.93818187713623,4.62545442581177,5,5,0.789855062961578,0.967391312122345,1,1,48,1.03999996185303,0
08,2005-08-24,52050040,,"",SANDONA [52050040],Pluviométrica,Convencional,Activa,Nariño,Sandoná,1.3223,-77.4792,20,9/15/1963,,Cudayari,Pacifico,Patía,Río Guáitara,2005,24,Andes,Preliminar,0,0,0,4.28240060806274,4.28240060806274,27.7121315002441,5.29299783706665,16.6975231170654,3.93818187713623,4.62545442581177,5,5,0.789855062961578,0.967391312122345,1,1,47,1.03999996185303,0
08,2015-08-30,52050040,,"",SANDONA [52050040],Pluviométrica,Convencional,Activa,Nariño,Sandoná,1.3223,-77.4792,20,9/15/1963,,Cudayari,Pacifico,Patía,Río Guáitara,2015,30,Andes,Preliminar,0,0,0,0.695014536380768,0.695014536380768,0,0.0356719717383385,0,3.93818187713623,4.62545442581177,5,5,0.789855062961578,0.967391312122345,1,1,48,1.03999996185303,0
08,2017-08-30,52050040,,"",SANDONA [52050040],Pluviométrica,Convencional,Activa,Nariño,Sandoná,1.3223,-77.4792,20,9/15/1963,,Cudayari,Pacifico,Patía,Río Guáitara,2017,30,Andes,Preliminar,0,0,0,1.5382936000824,1.5382936000824,0,1.07972073554993,7.63062572479248,3.93818187713623,4.62545442581177,5,5,0.789855062961578,0.967391312122345,1,1,48,1.03999996185303,0
08,2022-08-29,52050040,,"",SANDONA [52050040],Pluviométrica,Convencional,Activa,Nariño,Sandoná,1.3223,-77.4792,20,9/15/1963,,Cudayari,Pacifico,Patía,Río Guáitara,2022,29,Andes,Preliminar,0,0,0,0.831136345863342,0.831136345863342,0,0,0,3.93818187713623,4.62545442581177,5,5,0.789855062961578,0.967391312122345,1,1,48,1.03999996185303,0
08,2009-08-10,52050040,,"",SANDONA [52050040],Pluviométrica,Convencional,Activa,Nariño,Sandoná,1.3223,-77.4792,20,9/15/1963,,Cudayari,Pacifico,Patía,Río Guáitara,2009,10,Andes,Preliminar,0,0,0,0.0693838000297546,0.0693838000297546,0,0.174949079751968,0.0917915999889374,3.93818187713623,4.62545442581177,5,5,0.789855062961578,0.967391312122345,1,1,44,1.03999996185303,0
08,2008-08-20,52050040,,"",SANDONA [52050040],Pluviométrica,Convencional,Activa,Nariño,Sandoná,1.3223,-77.4792,20,9/15/1963,,Cudayari,Pacifico,Patía,Río Guáitara,2008,20,Andes,Preliminar,0,0,0,2.63747882843018,2.63747882843018,0,2.14338994026184,2.97603821754456,3.93818187713623,4.62545442581177,5,5,0.789855062961578,0.967391312122345,1,1,46,1.03999996185303,0
08,2007-08-24,52050040,4,Definitivo,SANDONA [52050040],Pluviométrica,Convencional,Activa,Nariño,Sandoná,1.3223,-77.4792,20,9/15/1963,,Cudayari,Pacifico,Patía,Río Guáitara,2007,24,Andes,Definitivo,4,4,0,2.1601254940033,2.1601254940033,0,0,0,3.93818187713623,4.62545442581177,5,5,0.789855062961578,0.967391312122345,1,1,47,1.03999996185303,4.15999984741211
08,2013-08-26,52050040,,"",SANDONA [52050040],Pluviométrica,Convencional,Activa,Nariño,Sandoná,1.3223,-77.4792,20,9/15/1963,,Cudayari,Pacifico,Patía,Río Guáitara,2013,26,Andes,Preliminar,0,0,0,2.78387236595154,2.78387236595154,0,1.68395149707794,2.10533785820007,3.93818187713623,4.62545442581177,5,5,0.789855062961578,0.967391312122345,1,1,48,1.03999996185303,0
08,2012-08-29,52050040,,"",SANDONA [52050040],Pluviométrica,Convencional,Activa,Nariño,Sandoná,1.3223,-77.4792,20,9/15/1963,,Cudayari,Pacifico,Patía,Río Guáitara,2012,29,Andes,Preliminar,0,0,0,2.05774831771851,2.05774831771851,0,0,0,3.93818187713623,4.62545442581177,5,5,0.789855062961578,0.967391312122345,1,1,48,1.03999996185303,0
08,2010-08-30,52050040,,"",SANDONA [52050040],Pluviométrica,Convencional,Activa,Nariño,Sandoná,1.3223,-77.4792,20,9/15/1963,,Cudayari,Pacifico,Patía,Río Guáitara,2010,30,Andes,Preliminar,0,0,0,0.0378013774752617,0.0378013774752617,0,0,0,3.93818187713623,4.62545442581177,5,5,0.789855062961578,0.967391312122345,1,1,48,1.03999996185303,0
08,2013-08-27,52050040,,"",SANDONA [52050040],Pluviométrica,Convencional,Activa,Nariño,Sandoná,1.3223,-77.4792,20,9/15/1963,,Cudayari,Pacifico,Patía,Río Guáitara,2013,27,Andes,Preliminar,0,0,0,2.5283625125885,2.5283625125885,0,0.112730018794537,0.750879883766174,3.93818187713623,4.62545442581177,5,5,0.789855062961578,0.967391312122345,1,1,48,1.03999996185303,0
08,2002-08-31,52050040,,"",SANDONA [52050040],Pluviométrica,Convencional,Activa,Nariño,Sandoná,1.3223,-77.4792,20,9/15/1963,,Cudayari,Pacifico,Patía,Río Guáitara,2002,31,Andes,Preliminar,0,0,0,0.564648509025574,0.564648509025574,0,3.75228762626648,0.0593993850052357,3.93818187713623,4.62545442581177,5,5,0.789855062961578,0.967391312122345,1,1,48,1.03999996185303,0
08,2010-08-24,52050040,,"",SANDONA [52050040],Pluviométrica,Convencional,Activa,Nariño,Sandoná,1.3223,-77.4792,20,9/15/1963,,Cudayari,Pacifico,Patía,Río Guáitara,2010,24,Andes,Preliminar,0,0,0,1.17252945899963,1.17252945899963,0,0,0,3.93818187713623,4.62545442581177,5,5,0.789855062961578,0.967391312122345,1,1,47,1.03999996185303,0
08,2011-08-28,52050040,,"",SANDONA [52050040],Pluviométrica,Convencional,Activa,Nariño,Sandoná,1.3223,-77.4792,20,9/15/1963,,Cudayari,Pacifico,Patía,Río Guáitara,2011,28,Andes,Preliminar,0,0,0,3.42830753326416,3.42830753326416,0,1.15736854076386,0.012030865997076,3.93818187713623,4.62545442581177,5,5,0.789855062961578,0.967391312122345,1,1,48,1.03999996185303,0
08,2006-08-22,52050040,,"",SANDONA [52050040],Pluviométrica,Convencional,Activa,Nariño,Sandoná,1.3223,-77.4792,20,9/15/1963,,Cudayari,Pacifico,Patía,Río Guáitara,2006,22,Andes,Preliminar,0,0,0,0.926712214946747,0.926712214946747,0,0,0,3.93818187713623,4.62545442581177,5,5,0.789855062961578,0.967391312122345,1,1,47,1.03999996185303,0
08,2009-08-14,52050040,,"",SANDONA [52050040],Pluviométrica,Convencional,Activa,Nariño,Sandoná,1.3223,-77.4792,20,9/15/1963,,Cudayari,Pacifico,Patía,Río Guáitara,2009,14,Andes,Preliminar,0,0,0,0.1464514285326,0.1464514285326,0,0,0,3.93818187713623,4.62545442581177,5,5,0.789855062961578,0.967391312122345,1,1,45,1.03999996185303,0
08,2005-08-14,52050040,,"",SANDONA [52050040],Pluviométrica,Convencional,Activa,Nariño,Sandoná,1.3223,-77.4792,20,9/15/1963,,Cudayari,Pacifico,Patía,Río Guáitara,2005,14,Andes,Preliminar,0,0,0,0.47279891371727,0.47279891371727,0,0,0,3.93818187713623,4.62545442581177,5,5,0.789855062961578,0.967391312122345,1,1,45,1.03999996185303,0
08,2009-08-09,52050040,,"",SANDONA [52050040],Pluviométrica,Convencional,Activa,Nariño,Sandoná,1.3223,-77.4792,20,9/15/1963,,Cudayari,Pacifico,Patía,Río Guáitara,2009,09,Andes,Preliminar,0,0,0,1.21421647071838,1.21421647071838,0,0.244957819581032,0.0604481250047684,3.93818187713623,4.62545442581177,5,5,0.789855062961578,0.967391312122345,1,1,44,1.03999996185303,0
08,2008-08-13,52050040,,"",SANDONA [52050040],Pluviométrica,Convencional,Activa,Nariño,Sandoná,1.3223,-77.4792,20,9/15/1963,,Cudayari,Pacifico,Patía,Río Guáitara,2008,13,Andes,Preliminar,0,0,0,1.67944991588593,1.67944991588593,0,0.841058015823364,3.35352420806885,3.93818187713623,4.62545442581177,5,5,0.789855062961578,0.967391312122345,1,1,45,1.03999996185303,0
08,2009-08-17,52050040,5,Definitivo,SANDONA [52050040],Pluviométrica,Convencional,Activa,Nariño,Sandoná,1.3223,-77.4792,20,9/15/1963,,Cudayari,Pacifico,Patía,Río Guáitara,2009,17,Andes,Definitivo,5,5,0,3.51688170433044,3.51688170433044,0,3.84535241127014,12.6161642074585,3.93818187713623,4.62545442581177,5,5,0.789855062961578,0.967391312122345,1,1,46,1.03999996185303,5.19999980926514
08,2007-08-25,52050040,2,Definitivo,SANDONA [52050040],Pluviométrica,Convencional,Activa,Nariño,Sandoná,1.3223,-77.4792,20,9/15/1963,,Cudayari,Pacifico,Patía,Río Guáitara,2007,25,Andes,Definitivo,2,2,0,3.53244066238403,3.53244066238403,0,0,0,3.93818187713623,4.62545442581177,5,5,0.789855062961578,0.967391312122345,1,1,47,1.03999996185303,2.07999992370605
08,2008-08-28,52050040,22,Definitivo,SANDONA [52050040],Pluviométrica,Convencional,Activa,Nariño,Sandoná,1.3223,-77.4792,20,9/15/1963,,Cudayari,Pacifico,Patía,Río Guáitara,2008,28,Andes,Definitivo,22,22,0,9.49168491363525,9.49168491363525,0,4.84956455230713,1.41455495357513,3.93818187713623,4.62545442581177,5,5,0.789855062961578,0.967391312122345,1,1,48,1.03999996185303,22.8799991607666
08,2012-08-30,52050040,,"",SANDONA [52050040],Pluviométrica,Convencional,Activa,Nariño,Sandoná,1.3223,-77.4792,20,9/15/1963,,Cudayari,Pacifico,Patía,Río Guáitara,2012,30,Andes,Preliminar,0,0,0,1.53076314926147,1.53076314926147,0,0,0,3.93818187713623,4.62545442581177,5,5,0.789855062961578,0.967391312122345,1,1,48,1.03999996185303,0
08,2009-08-26,52050040,,"",SANDONA [52050040],Pluviométrica,Convencional,Activa,Nariño,Sandoná,1.3223,-77.4792,20,9/15/1963,,Cudayari,Pacifico,Patía,Río Guáitara,2009,26,Andes,Preliminar,0,0,0,2.30594682693481,2.30594682693481,0,0,0,3.93818187713623,4.62545442581177,5,5,0.789855062961578,0.967391312122345,1,1,48,1.03999996185303,0
08,2009-08-19,52050040,5,Definitivo,SANDONA [52050040],Pluviométrica,Convencional,Activa,Nariño,Sandoná,1.3223,-77.4792,20,9/15/1963,,Cudayari,Pacifico,Patía,Río Guáitara,2009,19,Andes,Definitivo,5,5,0,3.57649040222168,3.57649040222168,0,3.61320328712463,0.0727256312966347,3.93818187713623,4.62545442581177,5,5,0.789855062961578,0.967391312122345,1,1,46,1.03999996185303,5.19999980926514
08,2003-08-29,52050040,,"",SANDONA [52050040],Pluviométrica,Convencional,Activa,Nariño,Sandoná,1.3223,-77.4792,20,9/15/1963,,Cudayari,Pacifico,Patía,Río Guáitara,2003,29,Andes,Preliminar,0,0,0,0,0,0,0,0,3.93818187713623,4.62545442581177,5,5,0.789855062961578,0.967391312122345,1,1,48,1.03999996185303,0
08,2006-08-21,52050040,,"",SANDONA [52050040],Pluviométrica,Convencional,Activa,Nariño,Sandoná,1.3223,-77.4792,20,9/15/1963,,Cudayari,Pacifico,Patía,Río Guáitara,2006,21,Andes,Preliminar,0,0,0,0.498998910188675,0.498998910188675,0,0,0,3.93818187713623,4.62545442581177,5,5,0.789855062961578,0.967391312122345,1,1,47,1.03999996185303,0
08,2011-08-29,52050040,,"",SANDONA [52050040],Pluviométrica,Convencional,Activa,Nariño,Sandoná,1.3223,-77.4792,20,9/15/1963,,Cudayari,Pacifico,Patía,Río Guáitara,2011,29,Andes,Preliminar,0,0,0,1.84049952030182,1.84049952030182,0,0.8570197224617,0.0501286126673222,3.93818187713623,4.62545442581177,5,5,0.789855062961578,0.967391312122345,1,1,48,1.03999996185303,0
08,2016-08-26,52050040,,"",SANDONA [52050040],Pluviométrica,Convencional,Activa,Nariño,Sandoná,1.3223,-77.4792,20,9/15/1963,,Cudayari,Pacifico,Patía,Río Guáitara,2016,26,Andes,Preliminar,0,0,0,3.90480995178223,3.90480995178223,0,2.08554267883301,0,3.93818187713623,4.62545442581177,5,5,0.789855062961578,0.967391312122345,1,1,48,1.03999996185303,0
08,2016-08-27,52050040,,"",SANDONA [52050040],Pluviométrica,Convencional,Activa,Nariño,Sandoná,1.3223,-77.4792,20,9/15/1963,,Cudayari,Pacifico,Patía,Río Guáitara,2016,27,Andes,Preliminar,0,0,0,1.57241821289063,1.57241821289063,0,1.91388213634491,0,3.93818187713623,4.62545442581177,5,5,0.789855062961578,0.967391312122345,1,1,48,1.03999996185303,0
08,2017-08-31,52050040,3,Definitivo,SANDONA [52050040],Pluviométrica,Convencional,Activa,Nariño,Sandoná,1.3223,-77.4792,20,9/15/1963,,Cudayari,Pacifico,Patía,Río Guáitara,2017,31,Andes,Definitivo,3,3,0,1.04257822036743,1.04257822036743,6.16473436355591,0.218572616577148,0.681305944919586,3.93818187713623,4.62545442581177,5,5,0.789855062961578,0.967391312122345,1,1,48,1.03999996185303,3.11999988555908
08,2007-08-10,52050040,,"",SANDONA [52050040],Pluviométrica,Convencional,Activa,Nariño,Sandoná,1.3223,-77.4792,20,9/15/1963,,Cudayari,Pacifico,Patía,Río Guáitara,2007,10,Andes,Preliminar,0,0,0,0.467339903116226,0.467339903116226,0,0,0,3.93818187713623,4.62545442581177,5,5,0.789855062961578,0.967391312122345,1,1,44,1.03999996185303,0
08,2007-08-11,52050040,,"",SANDONA [52050040],Pluviométrica,Convencional,Activa,Nariño,Sandoná,1.3223,-77.4792,20,9/15/1963,,Cudayari,Pacifico,Patía,Río Guáitara,2007,11,Andes,Preliminar,0,0,0,0,0,0,0,0,3.93818187713623,4.62545442581177,5,5,0.789855062961578,0.967391312122345,1,1,45,1.03999996185303,0
08,2009-08-18,52050040,6,Definitivo,SANDONA [52050040],Pluviométrica,Convencional,Activa,Nariño,Sandoná,1.3223,-77.4792,20,9/15/1963,,Cudayari,Pacifico,Patía,Río Guáitara,2009,18,Andes,Definitivo,6,6,0,2.28895378112793,2.28895378112793,9.10508060455322,2.67480945587158,3.18607521057129,3.93818187713623,4.62545442581177,5,5,0.789855062961578,0.967391312122345,1,1,46,1.03999996185303,6.23999977111816
08,2008-08-21,52050040,1,Definitivo,SANDONA [52050040],Pluviométrica,Convencional,Activa,Nariño,Sandoná,1.3223,-77.4792,20,9/15/1963,,Cudayari,Pacifico,Patía,Río Guáitara,2008,21,Andes,Definitivo,1,1,0,6.04532909393311,6.04532909393311,0,6.47756242752075,2.09336304664612,3.93818187713623,4.62545442581177,5,5,0.789855062961578,0.967391312122345,1,1,47,1.03999996185303,1.03999996185303
08,2011-08-27,52050040,,"",SANDONA [52050040],Pluviométrica,Convencional,Activa,Nariño,Sandoná,1.3223,-77.4792,20,9/15/1963,,Cudayari,Pacifico,Patía,Río Guáitara,2011,27,Andes,Preliminar,0,0,0,4.57266139984131,4.57266139984131,0,1.42843770980835,0.152390956878662,3.93818187713623,4.62545442581177,5,5,0.789855062961578,0.967391312122345,1,1,48,1.03999996185303,0
08,2004-08-31,52050040,,"",SANDONA [52050040],Pluviométrica,Convencional,Activa,Nariño,Sandoná,1.3223,-77.4792,20,9/15/1963,,Cudayari,Pacifico,Patía,Río Guáitara,2004,31,Andes,Preliminar,0,0,0,3.00374984741211,3.00374984741211,4.35953617095947,0.139085546135902,0,3.93818187713623,4.62545442581177,5,5,0.789855062961578,0.967391312122345,1,1,48,1.03999996185303,0
08,2003-08-28,52050040,,"",SANDONA [52050040],Pluviométrica,Convencional,Activa,Nariño,Sandoná,1.3223,-77.4792,20,9/15/1963,,Cudayari,Pacifico,Patía,Río Guáitara,2003,28,Andes,Preliminar,0,0,0,0,0,0,0,0,3.93818187713623,4.62545442581177,5,5,0.789855062961578,0.967391312122345,1,1,48,1.03999996185303,0
08,2009-08-20,52050040,12,Definitivo,SANDONA [52050040],Pluviométrica,Convencional,Activa,Nariño,Sandoná,1.3223,-77.4792,20,9/15/1963,,Cudayari,Pacifico,Patía,Río Guáitara,2009,20,Andes,Definitivo,12,12,0,2.51546454429626,2.51546454429626,0,3.80883169174194,0.0606046915054321,3.93818187713623,4.62545442581177,5,5,0.789855062961578,0.967391312122345,1,1,46,1.03999996185303,12.4799995422363
08,2009-08-21,52050040,1,Definitivo,SANDONA [52050040],Pluviométrica,Convencional,Activa,Nariño,Sandoná,1.3223,-77.4792,20,9/15/1963,,Cudayari,Pacifico,Patía,Río Guáitara,2009,21,Andes,Definitivo,1,1,0,3.37581658363342,3.37581658363342,0,2.36833167076111,3.56081891059876,3.93818187713623,4.62545442581177,5,5,0.789855062961578,0.967391312122345,1,1,47,1.03999996185303,1.03999996185303
08,2007-08-19,52050040,1,Definitivo,SANDONA [52050040],Pluviométrica,Convencional,Activa,Nariño,Sandoná,1.3223,-77.4792,20,9/15/1963,,Cudayari,Pacifico,Patía,Río Guáitara,2007,19,Andes,Definitivo,1,1,0,1.38897371292114,1.38897371292114,0,0.249302715063095,0.0060867634601891,3.93818187713623,4.62545442581177,5,5,0.789855062961578,0.967391312122345,1,1,46,1.03999996185303,1.03999996185303
08,2008-08-16,52050040,,"",SANDONA [52050040],Pluviométrica,Convencional,Activa,Nariño,Sandoná,1.3223,-77.4792,20,9/15/1963,,Cudayari,Pacifico,Patía,Río Guáitara,2008,16,Andes,Preliminar,3,3,0,2.77158808708191,2.77158808708191,0,2.53065633773804,0.0153088392689824,3.93818187713623,4.62545442581177,5,5,0.789855062961578,0.967391312122345,1,1,46,1.03999996185303,3.11999988555908
08,2007-08-14,52050040,1,Definitivo,SANDONA [52050040],Pluviométrica,Convencional,Activa,Nariño,Sandoná,1.3223,-77.4792,20,9/15/1963,,Cudayari,Pacifico,Patía,Río Guáitara,2007,14,Andes,Definitivo,1,1,0,0.473011493682861,0.473011493682861,0,0,0,3.93818187713623,4.62545442581177,5,5,0.789855062961578,0.967391312122345,1,1,45,1.03999996185303,1.03999996185303
08,2006-08-11,52050040,,"",SANDONA [52050040],Pluviométrica,Convencional,Activa,Nariño,Sandoná,1.3223,-77.4792,20,9/15/1963,,Cudayari,Pacifico,Patía,Río Guáitara,2006,11,Andes,Preliminar,0,0,0,0,0,0,0,0,3.93818187713623,4.62545442581177,5,5,0.789855062961578,0.967391312122345,1,1,45,1.03999996185303,0
08,2020-08-29,52050040,7,En revisión,SANDONA [52050040],Pluviométrica,Convencional,Activa,Nariño,Sandoná,1.3223,-77.4792,20,9/15/1963,,Cudayari,Pacifico,Patía,Río Guáitara,2020,29,Andes,En revisión,7,7,0,2.7580246925354,2.7580246925354,0,5.48319149017334,1.1804267168045,3.93818187713623,4.62545442581177,5,5,0.789855062961578,0.967391312122345,1,1,48,1.03999996185303,7.27999973297119
08,2022-08-30,52050040,,"",SANDONA [52050040],Pluviométrica,Convencional,Activa,Nariño,Sandoná,1.3223,-77.4792,20,9/15/1963,,Cudayari,Pacifico,Patía,Río Guáitara,2022,30,Andes,Preliminar,0,0,0,1.30749928951263,1.30749928951263,0,0,0,3.93818187713623,4.62545442581177,5,5,0.789855062961578,0.967391312122345,1,1,48,1.03999996185303,0
08,2011-08-12,52050040,,"",SANDONA [52050040],Pluviométrica,Convencional,Activa,Nariño,Sandoná,1.3223,-77.4792,20,9/15/1963,,Cudayari,Pacifico,Patía,Río Guáitara,2011,12,Andes,Preliminar,0,0,0,1.43304169178009,1.43304169178009,0,0,0,3.93818187713623,4.62545442581177,5,5,0.789855062961578,0.967391312122345,1,1,45,1.03999996185303,0
08,2010-08-15,52050040,,"",SANDONA [52050040],Pluviométrica,Convencional,Activa,Nariño,Sandoná,1.3223,-77.4792,20,9/15/1963,,Cudayari,Pacifico,Patía,Río Guáitara,2010,15,Andes,Preliminar,0,0,0,2.13909864425659,2.13909864425659,0,0.214187189936638,0.0367179960012436,3.93818187713623,4.62545442581177,5,5,0.789855062961578,0.967391312122345,1,1,45,1.03999996185303,0
08,2007-08-26,52050040,4,Definitivo,SANDONA [52050040],Pluviométrica,Convencional,Activa,Nariño,Sandoná,1.3223,-77.4792,20,9/15/1963,,Cudayari,Pacifico,Patía,Río Guáitara,2007,26,Andes,Definitivo,4,4,0,12.6340503692627,12.6340503692627,8.77324295043945,10.0546474456787,13.3279428482056,3.93818187713623,4.62545442581177,5,5,0.789855062961578,0.967391312122345,1,1,48,1.03999996185303,4.15999984741211
08,2008-08-22,52050040,9,Definitivo,SANDONA [52050040],Pluviométrica,Convencional,Activa,Nariño,Sandoná,1.3223,-77.4792,20,9/15/1963,,Cudayari,Pacifico,Patía,Río Guáitara,2008,22,Andes,Definitivo,9,9,0,2.42468523979187,2.42468523979187,0,4.24006319046021,0.479447543621063,3.93818187713623,4.62545442581177,5,5,0.789855062961578,0.967391312122345,1,1,47,1.03999996185303,9.35999965667725
08,2010-08-10,52050040,,"",SANDONA [52050040],Pluviométrica,Convencional,Activa,Nariño,Sandoná,1.3223,-77.4792,20,9/15/1963,,Cudayari,Pacifico,Patía,Río Guáitara,2010,10,Andes,Preliminar,0,0,0,0.463991045951843,0.463991045951843,0,0,0,3.93818187713623,4.62545442581177,5,5,0.789855062961578,0.967391312122345,1,1,44,1.03999996185303,0
08,2004-08-25,52050040,,"",SANDONA [52050040],Pluviométrica,Convencional,Activa,Nariño,Sandoná,1.3223,-77.4792,20,9/15/1963,,Cudayari,Pacifico,Patía,Río Guáitara,2004,25,Andes,Preliminar,0,0,0,0.67875462770462,0.67875462770462,0,0,0,3.93818187713623,4.62545442581177,5,5,0.789855062961578,0.967391312122345,1,1,47,1.03999996185303,0
08,2005-08-23,52050040,17,Definitivo,SANDONA [52050040],Pluviométrica,Convencional,Activa,Nariño,Sandoná,1.3223,-77.4792,20,9/15/1963,,Cudayari,Pacifico,Patía,Río Guáitara,2005,23,Andes,Definitivo,17,17,0,4.58067655563355,4.58067655563355,0,8.32267284393311,9.06357002258301,3.93818187713623,4.62545442581177,5,5,0.789855062961578,0.967391312122345,1,1,47,1.03999996185303,17.6799993515015
08,2010-08-25,52050040,3,Definitivo,SANDONA [52050040],Pluviométrica,Convencional,Activa,Nariño,Sandoná,1.3223,-77.4792,20,9/15/1963,,Cudayari,Pacifico,Patía,Río Guáitara,2010,25,Andes,Definitivo,3,3,0,3.11371684074402,3.11371684074402,0,0,0,3.93818187713623,4.62545442581177,5,5,0.789855062961578,0.967391312122345,1,1,47,1.03999996185303,3.11999988555908
08,2009-08-28,52050040,,"",SANDONA [52050040],Pluviométrica,Convencional,Activa,Nariño,Sandoná,1.3223,-77.4792,20,9/15/1963,,Cudayari,Pacifico,Patía,Río Guáitara,2009,28,Andes,Preliminar,0,0,0,0.63300496339798,0.63300496339798,0,0,0,3.93818187713623,4.62545442581177,5,5,0.789855062961578,0.967391312122345,1,1,48,1.03999996185303,0
08,2012-08-26,52050040,,"",SANDONA [52050040],Pluviométrica,Convencional,Activa,Nariño,Sandoná,1.3223,-77.4792,20,9/15/1963,,Cudayari,Pacifico,Patía,Río Guáitara,2012,26,Andes,Preliminar,0,0,0,0.509861707687378,0.509861707687378,0,0,0,3.93818187713623,4.62545442581177,5,5,0.789855062961578,0.967391312122345,1,1,48,1.03999996185303,0
08,2014-08-27,52050040,,"",SANDONA [52050040],Pluviométrica,Convencional,Activa,Nariño,Sandoná,1.3223,-77.4792,20,9/15/1963,,Cudayari,Pacifico,Patía,Río Guáitara,2014,27,Andes,Preliminar,0,0,0,2.16392230987549,2.16392230987549,2.62337303161621,0.782766819000244,0.00565522257238627,3.93818187713623,4.62545442581177,5,5,0.789855062961578,0.967391312122345,1,1,48,1.03999996185303,0
08,2004-08-11,52050040,,"",SANDONA [52050040],Pluviométrica,Convencional,Activa,Nariño,Sandoná,1.3223,-77.4792,20,9/15/1963,,Cudayari,Pacifico,Patía,Río Guáitara,2004,11,Andes,Preliminar,0,0,0,0.34300771355629,0.34300771355629,0,0,0,3.93818187713623,4.62545442581177,5,5,0.789855062961578,0.967391312122345,1,1,45,1.03999996185303,0
08,2005-08-09,52050040,,"",SANDONA [52050040],Pluviométrica,Convencional,Activa,Nariño,Sandoná,1.3223,-77.4792,20,9/15/1963,,Cudayari,Pacifico,Patía,Río Guáitara,2005,09,Andes,Preliminar,0,0,0,0,0,0,0,0,3.93818187713623,4.62545442581177,5,5,0.789855062961578,0.967391312122345,1,1,44,1.03999996185303,0
08,2005-08-10,52050040,,"",SANDONA [52050040],Pluviométrica,Convencional,Activa,Nariño,Sandoná,1.3223,-77.4792,20,9/15/1963,,Cudayari,Pacifico,Patía,Río Guáitara,2005,10,Andes,Preliminar,0,0,0,0,0,0,0,0,3.93818187713623,4.62545442581177,5,5,0.789855062961578,0.967391312122345,1,1,44,1.03999996185303,0
08,2009-08-11,52050040,,"",SANDONA [52050040],Pluviométrica,Convencional,Activa,Nariño,Sandoná,1.3223,-77.4792,20,9/15/1963,,Cudayari,Pacifico,Patía,Río Guáitara,2009,11,Andes,Preliminar,0,0,0,0,0,0,0,0,3.93818187713623,4.62545442581177,5,5,0.789855062961578,0.967391312122345,1,1,45,1.03999996185303,0
08,2010-08-16,52050040,,"",SANDONA [52050040],Pluviométrica,Convencional,Activa,Nariño,Sandoná,1.3223,-77.4792,20,9/15/1963,,Cudayari,Pacifico,Patía,Río Guáitara,2010,16,Andes,Preliminar,0,0,0,1.48720979690552,1.48720979690552,0,1.61466717720032,1.95642113685608,3.93818187713623,4.62545442581177,5,5,0.789855062961578,0.967391312122345,1,1,46,1.03999996185303,0
08,2004-08-30,52050040,,"",SANDONA [52050040],Pluviométrica,Convencional,Activa,Nariño,Sandoná,1.3223,-77.4792,20,9/15/1963,,Cudayari,Pacifico,Patía,Río Guáitara,2004,30,Andes,Preliminar,0,0,0,0.858214139938355,0.858214139938355,0,0.127696558833122,0,3.93818187713623,4.62545442581177,5,5,0.789855062961578,0.967391312122345,1,1,48,1.03999996185303,0
08,2023-08-31,52050040,,"",SANDONA [52050040],Pluviométrica,Convencional,Activa,Nariño,Sandoná,1.3223,-77.4792,20,9/15/1963,,Cudayari,Pacifico,Patía,Río Guáitara,2023,31,Andes,Preliminar,0,0,0,1.78675258159637,1.78675258159637,0,0.177206501364708,0,3.93818187713623,4.62545442581177,5,5,0.789855062961578,0.967391312122345,1,1,48,1.03999996185303,0
08,2011-08-14,52050040,,"",SANDONA [52050040],Pluviométrica,Convencional,Activa,Nariño,Sandoná,1.3223,-77.4792,20,9/15/1963,,Cudayari,Pacifico,Patía,Río Guáitara,2011,14,Andes,Preliminar,0,0,0,1.58022093772888,1.58022093772888,0,0,0,3.93818187713623,4.62545442581177,5,5,0.789855062961578,0.967391312122345,1,1,45,1.03999996185303,0
08,2010-08-17,52050040,4,Definitivo,SANDONA [52050040],Pluviométrica,Convencional,Activa,Nariño,Sandoná,1.3223,-77.4792,20,9/15/1963,,Cudayari,Pacifico,Patía,Río Guáitara,2010,17,Andes,Definitivo,4,4,0,2.298415184021,2.298415184021,0,0.831999957561493,3.07751607894897,3.93818187713623,4.62545442581177,5,5,0.789855062961578,0.967391312122345,1,1,46,1.03999996185303,4.15999984741211
08,2007-08-18,52050040,,"",SANDONA [52050040],Pluviométrica,Convencional,Activa,Nariño,Sandoná,1.3223,-77.4792,20,9/15/1963,,Cudayari,Pacifico,Patía,Río Guáitara,2007,18,Andes,Preliminar,0,0,0,0.496062010526657,0.496062010526657,0,0.144369333982468,0,3.93818187713623,4.62545442581177,5,5,0.789855062961578,0.967391312122345,1,1,46,1.03999996185303,0
08,2008-08-15,52050040,,"",SANDONA [52050040],Pluviométrica,Convencional,Activa,Nariño,Sandoná,1.3223,-77.4792,20,9/15/1963,,Cudayari,Pacifico,Patía,Río Guáitara,2008,15,Andes,Preliminar,0,0,0,1.34645557403564,1.34645557403564,0,0.46101588010788,0.108146481215954,3.93818187713623,4.62545442581177,5,5,0.789855062961578,0.967391312122345,1,1,45,1.03999996185303,0
08,2009-08-13,52050040,,"",SANDONA [52050040],Pluviométrica,Convencional,Activa,Nariño,Sandoná,1.3223,-77.4792,20,9/15/1963,,Cudayari,Pacifico,Patía,Río Guáitara,2009,13,Andes,Preliminar,0,0,0,0.271981209516525,0.271981209516525,0,0,0,3.93818187713623,4.62545442581177,5,5,0.789855062961578,0.967391312122345,1,1,45,1.03999996185303,0
08,2005-08-13,52050040,,"",SANDONA [52050040],Pluviométrica,Convencional,Activa,Nariño,Sandoná,1.3223,-77.4792,20,9/15/1963,,Cudayari,Pacifico,Patía,Río Guáitara,2005,13,Andes,Preliminar,0,0,0,2.00376677513123,2.00376677513123,1.92967021465302,0,0,3.93818187713623,4.62545442581177,5,5,0.789855062961578,0.967391312122345,1,1,45,1.03999996185303,0
08,2015-08-31,52050040,,"",SANDONA [52050040],Pluviométrica,Convencional,Activa,Nariño,Sandoná,1.3223,-77.4792,20,9/15/1963,,Cudayari,Pacifico,Patía,Río Guáitara,2015,31,Andes,Preliminar,0,0,0,1.32643675804138,1.32643675804138,0,0.123228892683983,0,3.93818187713623,4.62545442581177,5,5,0.789855062961578,0.967391312122345,1,1,48,1.03999996185303,0
08,2018-08-29,52050040,,"",SANDONA [52050040],Pluviométrica,Convencional,Activa,Nariño,Sandoná,1.3223,-77.4792,20,9/15/1963,,Cudayari,Pacifico,Patía,Río Guáitara,2018,29,Andes,Preliminar,0,0,0,0.394690901041031,0.394690901041031,0,0,0,3.93818187713623,4.62545442581177,5,5,0.789855062961578,0.967391312122345,1,1,48,1.03999996185303,0
08,2018-08-30,52050040,,"",SANDONA [52050040],Pluviométrica,Convencional,Activa,Nariño,Sandoná,1.3223,-77.4792,20,9/15/1963,,Cudayari,Pacifico,Patía,Río Guáitara,2018,30,Andes,Preliminar,0,0,0,1.13229668140411,1.13229668140411,0,0,0,3.93818187713623,4.62545442581177,5,5,0.789855062961578,0.967391312122345,1,1,48,1.03999996185303,0
08,2022-08-31,52050040,,"",SANDONA [52050040],Pluviométrica,Convencional,Activa,Nariño,Sandoná,1.3223,-77.4792,20,9/15/1963,,Cudayari,Pacifico,Patía,Río Guáitara,2022,31,Andes,Preliminar,0,0,0,0.963525712490082,0.963525712490082,0,0,0,3.93818187713623,4.62545442581177,5,5,0.789855062961578,0.967391312122345,1,1,48,1.03999996185303,0
08,2012-08-09,52050040,,"",SANDONA [52050040],Pluviométrica,Convencional,Activa,Nariño,Sandoná,1.3223,-77.4792,20,9/15/1963,,Cudayari,Pacifico,Patía,Río Guáitara,2012,09,Andes,Preliminar,0,0,0,0.249960690736771,0.249960690736771,0,0,0,3.93818187713623,4.62545442581177,5,5,0.789855062961578,0.967391312122345,1,1,44,1.03999996185303,0
08,2011-08-13,52050040,,"",SANDONA [52050040],Pluviométrica,Convencional,Activa,Nariño,Sandoná,1.3223,-77.4792,20,9/15/1963,,Cudayari,Pacifico,Patía,Río Guáitara,2011,13,Andes,Preliminar,0,0,0,1.50604772567749,1.50604772567749,0,0,0,3.93818187713623,4.62545442581177,5,5,0.789855062961578,0.967391312122345,1,1,45,1.03999996185303,0
08,2002-08-30,52050040,5,Definitivo,SANDONA [52050040],Pluviométrica,Convencional,Activa,Nariño,Sandoná,1.3223,-77.4792,20,9/15/1963,,Cudayari,Pacifico,Patía,Río Guáitara,2002,30,Andes,Definitivo,5,5,0,2.72189521789551,2.72189521789551,19.7590980529785,2.85395812988281,15.9957590103149,3.93818187713623,4.62545442581177,5,5,0.789855062961578,0.967391312122345,1,1,48,1.03999996185303,5.19999980926514
08,2004-08-24,52050040,,"",SANDONA [52050040],Pluviométrica,Convencional,Activa,Nariño,Sandoná,1.3223,-77.4792,20,9/15/1963,,Cudayari,Pacifico,Patía,Río Guáitara,2004,24,Andes,Preliminar,0,0,0,2.41335010528564,2.41335010528564,0,0,0,3.93818187713623,4.62545442581177,5,5,0.789855062961578,0.967391312122345,1,1,47,1.03999996185303,0
08,2005-08-22,52050040,,"",SANDONA [52050040],Pluviométrica,Convencional,Activa,Nariño,Sandoná,1.3223,-77.4792,20,9/15/1963,,Cudayari,Pacifico,Patía,Río Guáitara,2005,22,Andes,Preliminar,0,0,0,4.0054292678833,4.0054292678833,0,9.41967296600342,0.0710135325789452,3.93818187713623,4.62545442581177,5,5,0.789855062961578,0.967391312122345,1,1,47,1.03999996185303,0
08,2010-08-18,52050040,1,Definitivo,SANDONA [52050040],Pluviométrica,Convencional,Activa,Nariño,Sandoná,1.3223,-77.4792,20,9/15/1963,,Cudayari,Pacifico,Patía,Río Guáitara,2010,18,Andes,Definitivo,1,1,0,0.486723244190216,0.486723244190216,0,1.74120891094208,0,3.93818187713623,4.62545442581177,5,5,0.789855062961578,0.967391312122345,1,1,46,1.03999996185303,1.03999996185303
08,2008-08-24,52050040,3,Definitivo,SANDONA [52050040],Pluviométrica,Convencional,Activa,Nariño,Sandoná,1.3223,-77.4792,20,9/15/1963,,Cudayari,Pacifico,Patía,Río Guáitara,2008,24,Andes,Definitivo,3,3,0,1.16319346427917,1.16319346427917,0,1.91491425037384,2.89019083976746,3.93818187713623,4.62545442581177,5,5,0.789855062961578,0.967391312122345,1,1,47,1.03999996185303,3.11999988555908
08,2008-08-25,52050040,1,Definitivo,SANDONA [52050040],Pluviométrica,Convencional,Activa,Nariño,Sandoná,1.3223,-77.4792,20,9/15/1963,,Cudayari,Pacifico,Patía,Río Guáitara,2008,25,Andes,Definitivo,1,1,0,1.54000294208527,1.54000294208527,20.9807739257813,5.44650268554688,8.67732620239258,3.93818187713623,4.62545442581177,5,5,0.789855062961578,0.967391312122345,1,1,47,1.03999996185303,1.03999996185303
08,2010-08-26,52050040,,"",SANDONA [52050040],Pluviométrica,Convencional,Activa,Nariño,Sandoná,1.3223,-77.4792,20,9/15/1963,,Cudayari,Pacifico,Patía,Río Guáitara,2010,26,Andes,Preliminar,0,0,0,2.89180541038513,2.89180541038513,0,0,0,3.93818187713623,4.62545442581177,5,5,0.789855062961578,0.967391312122345,1,1,48,1.03999996185303,0
08,2005-08-12,52050040,,"",SANDONA [52050040],Pluviométrica,Convencional,Activa,Nariño,Sandoná,1.3223,-77.4792,20,9/15/1963,,Cudayari,Pacifico,Patía,Río Guáitara,2005,12,Andes,Preliminar,0,0,0,0.315199285745621,0.315199285745621,0,0,0,3.93818187713623,4.62545442581177,5,5,0.789855062961578,0.967391312122345,1,1,45,1.03999996185303,0
08,2006-08-10,52050040,,"",SANDONA [52050040],Pluviométrica,Convencional,Activa,Nariño,Sandoná,1.3223,-77.4792,20,9/15/1963,,Cudayari,Pacifico,Patía,Río Guáitara,2006,10,Andes,Preliminar,0,0,0,0.0751358345150948,0.0751358345150948,0,0,0,3.93818187713623,4.62545442581177,5,5,0.789855062961578,0.967391312122345,1,1,44,1.03999996185303,0
08,2004-08-10,52050040,,"",SANDONA [52050040],Pluviométrica,Convencional,Activa,Nariño,Sandoná,1.3223,-77.4792,20,9/15/1963,,Cudayari,Pacifico,Patía,Río Guáitara,2004,10,Andes,Preliminar,0,0,0,0.363641679286957,0.363641679286957,0,0,0,3.93818187713623,4.62545442581177,5,5,0.789855062961578,0.967391312122345,1,1,44,1.03999996185303,0
08,2006-08-07,52050040,,"",SANDONA [52050040],Pluviométrica,Convencional,Activa,Nariño,Sandoná,1.3223,-77.4792,20,9/15/1963,,Cudayari,Pacifico,Patía,Río Guáitara,2006,07,Andes,Preliminar,0,0,0,3.00543332099915,3.00543332099915,0,0,0,3.93818187713623,4.62545442581177,5,5,0.789855062961578,0.967391312122345,1,1,44,1.03999996185303,0
08,2005-08-11,52050040,,"",SANDONA [52050040],Pluviométrica,Convencional,Activa,Nariño,Sandoná,1.3223,-77.4792,20,9/15/1963,,Cudayari,Pacifico,Patía,Río Guáitara,2005,11,Andes,Preliminar,0,0,0,0,0,0,0,0,3.93818187713623,4.62545442581177,5,5,0.789855062961578,0.967391312122345,1,1,45,1.03999996185303,0
08,2010-08-09,52050040,,"",SANDONA [52050040],Pluviométrica,Convencional,Activa,Nariño,Sandoná,1.3223,-77.4792,20,9/15/1963,,Cudayari,Pacifico,Patía,Río Guáitara,2010,09,Andes,Preliminar,0,0,0,0,0,0,0,0,3.93818187713623,4.62545442581177,5,5,0.789855062961578,0.967391312122345,1,1,44,1.03999996185303,0
08,2009-08-06,52050040,,"",SANDONA [52050040],Pluviométrica,Convencional,Activa,Nariño,Sandoná,1.3223,-77.4792,20,9/15/1963,,Cudayari,Pacifico,Patía,Río Guáitara,2009,06,Andes,Preliminar,0,0,0,2.46312499046326,2.46312499046326,0,1.18713486194611,0.0291046518832445,3.93818187713623,4.62545442581177,5,5,0.789855062961578,0.967391312122345,1,1,44,1.03999996185303,0
08,2008-08-09,52050040,,"",SANDONA [52050040],Pluviométrica,Convencional,Activa,Nariño,Sandoná,1.3223,-77.4792,20,9/15/1963,,Cudayari,Pacifico,Patía,Río Guáitara,2008,09,Andes,Preliminar,0,0,0,1.76623153686523,1.76623153686523,0,0.547532737255096,0.847144961357117,3.93818187713623,4.62545442581177,5,5,0.789855062961578,0.967391312122345,1,1,44,1.03999996185303,0
08,2012-08-10,52050040,,"",SANDONA [52050040],Pluviométrica,Convencional,Activa,Nariño,Sandoná,1.3223,-77.4792,20,9/15/1963,,Cudayari,Pacifico,Patía,Río Guáitara,2012,10,Andes,Preliminar,0,0,0,1.23909652233124,1.23909652233124,0,0,0,3.93818187713623,4.62545442581177,5,5,0.789855062961578,0.967391312122345,1,1,44,1.03999996185303,0
08,2006-08-20,52050040,,"",SANDONA [52050040],Pluviométrica,Convencional,Activa,Nariño,Sandoná,1.3223,-77.4792,20,9/15/1963,,Cudayari,Pacifico,Patía,Río Guáitara,2006,20,Andes,Preliminar,0,0,0,1.13953590393066,1.13953590393066,0,0.691722393035889,0.0940594747662544,3.93818187713623,4.62545442581177,5,5,0.789855062961578,0.967391312122345,1,1,46,1.03999996185303,0
08,2008-08-14,52050040,,"",SANDONA [52050040],Pluviométrica,Convencional,Activa,Nariño,Sandoná,1.3223,-77.4792,20,9/15/1963,,Cudayari,Pacifico,Patía,Río Guáitara,2008,14,Andes,Preliminar,0,0,0,0.0579120703041554,0.0579120703041554,0,0.384326159954071,0.659693598747253,3.93818187713623,4.62545442581177,5,5,0.789855062961578,0.967391312122345,1,1,45,1.03999996185303,0
08,2009-08-12,52050040,,"",SANDONA [52050040],Pluviométrica,Convencional,Activa,Nariño,Sandoná,1.3223,-77.4792,20,9/15/1963,,Cudayari,Pacifico,Patía,Río Guáitara,2009,12,Andes,Preliminar,0,0,0,1.5691225528717,1.5691225528717,0,0,0,3.93818187713623,4.62545442581177,5,5,0.789855062961578,0.967391312122345,1,1,45,1.03999996185303,0
08,2007-08-13,52050040,,"",SANDONA [52050040],Pluviométrica,Convencional,Activa,Nariño,Sandoná,1.3223,-77.4792,20,9/15/1963,,Cudayari,Pacifico,Patía,Río Guáitara,2007,13,Andes,Preliminar,1,1,0,1.74422979354858,1.74422979354858,0,0,0,3.93818187713623,4.62545442581177,5,5,0.789855062961578,0.967391312122345,1,1,45,1.03999996185303,1.03999996185303
08,2013-08-24,52050040,3,Definitivo,SANDONA [52050040],Pluviométrica,Convencional,Activa,Nariño,Sandoná,1.3223,-77.4792,20,9/15/1963,,Cudayari,Pacifico,Patía,Río Guáitara,2013,24,Andes,Definitivo,3,3,0,1.26812672615051,1.26812672615051,0,1.88023090362549,0,3.93818187713623,4.62545442581177,5,5,0.789855062961578,0.967391312122345,1,1,47,1.03999996185303,3.11999988555908
08,2014-08-28,52050040,,"",SANDONA [52050040],Pluviométrica,Convencional,Activa,Nariño,Sandoná,1.3223,-77.4792,20,9/15/1963,,Cudayari,Pacifico,Patía,Río Guáitara,2014,28,Andes,Preliminar,0,0,0,1.67719745635986,1.67719745635986,2.62337303161621,0.759876608848572,0.437337189912796,3.93818187713623,4.62545442581177,5,5,0.789855062961578,0.967391312122345,1,1,48,1.03999996185303,0
08,2016-08-28,52050040,,"",SANDONA [52050040],Pluviométrica,Convencional,Activa,Nariño,Sandoná,1.3223,-77.4792,20,9/15/1963,,Cudayari,Pacifico,Patía,Río Guáitara,2016,28,Andes,Preliminar,0,0,0,8.62401580810547,8.62401580810547,0,2.49538111686707,0,3.93818187713623,4.62545442581177,5,5,0.789855062961578,0.967391312122345,1,1,48,1.03999996185303,0
08,2019-08-27,52050040,,"",SANDONA [52050040],Pluviométrica,Convencional,Activa,Nariño,Sandoná,1.3223,-77.4792,20,9/15/1963,,Cudayari,Pacifico,Patía,Río Guáitara,2019,27,Andes,Preliminar,0,0,0,0.509711086750031,0.509711086750031,0,0,0,3.93818187713623,4.62545442581177,5,5,0.789855062961578,0.967391312122345,1,1,48,1.03999996185303,0
08,2020-08-30,52050040,,"",SANDONA [52050040],Pluviométrica,Convencional,Activa,Nariño,Sandoná,1.3223,-77.4792,20,9/15/1963,,Cudayari,Pacifico,Patía,Río Guáitara,2020,30,Andes,Preliminar,0,0,0,5.72554969787598,5.72554969787598,0,4.05236768722534,15.5361070632935,3.93818187713623,4.62545442581177,5,5,0.789855062961578,0.967391312122345,1,1,48,1.03999996185303,0
08,2020-08-31,52050040,,"",SANDONA [52050040],Pluviométrica,Convencional,Activa,Nariño,Sandoná,1.3223,-77.4792,20,9/15/1963,,Cudayari,Pacifico,Patía,Río Guáitara,2020,31,Andes,Preliminar,0,0,0,3.4233021736145,3.4233021736145,9.20105934143066,2.1966667175293,0.899876892566681,3.93818187713623,4.62545442581177,5,5,0.789855062961578,0.967391312122345,1,1,48,1.03999996185303,0
08,2018-08-31,52050040,,"",SANDONA [52050040],Pluviométrica,Convencional,Activa,Nariño,Sandoná,1.3223,-77.4792,20,9/15/1963,,Cudayari,Pacifico,Patía,Río Guáitara,2018,31,Andes,Preliminar,0,0,0,0.911141991615295,0.911141991615295,0,0,0,3.93818187713623,4.62545442581177,5,5,0.789855062961578,0.967391312122345,1,1,48,1.03999996185303,0
08,2021-08-29,52050040,,"",SANDONA [52050040],Pluviométrica,Convencional,Activa,Nariño,Sandoná,1.3223,-77.4792,20,9/15/1963,,Cudayari,Pacifico,Patía,Río Guáitara,2021,29,Andes,Preliminar,0,0,0,2.60360097885132,2.60360097885132,18.6960926055908,3.05189037322998,2.42808890342712,3.93818187713623,4.62545442581177,5,5,0.789855062961578,0.967391312122345,1,1,48,1.03999996185303,0
08,2021-08-31,52050040,,"",SANDONA [52050040],Pluviométrica,Convencional,Activa,Nariño,Sandoná,1.3223,-77.4792,20,9/15/1963,,Cudayari,Pacifico,Patía,Río Guáitara,2021,31,Andes,Preliminar,0,0,0,5.03202247619629,5.03202247619629,0,3.05189037322998,0,3.93818187713623,4.62545442581177,5,5,0.789855062961578,0.967391312122345,1,1,48,1.03999996185303,0
08,2012-08-11,52050040,,"",SANDONA [52050040],Pluviométrica,Convencional,Activa,Nariño,Sandoná,1.3223,-77.4792,20,9/15/1963,,Cudayari,Pacifico,Patía,Río Guáitara,2012,11,Andes,Preliminar,0,0,0,0.816275119781494,0.816275119781494,0,0.0366389378905296,0.0607021786272526,3.93818187713623,4.62545442581177,5,5,0.789855062961578,0.967391312122345,1,1,45,1.03999996185303,0
08,2011-08-15,52050040,,"",SANDONA [52050040],Pluviométrica,Convencional,Activa,Nariño,Sandoná,1.3223,-77.4792,20,9/15/1963,,Cudayari,Pacifico,Patía,Río Guáitara,2011,15,Andes,Preliminar,0,0,0,1.91263973712921,1.91263973712921,0,0,0,3.93818187713623,4.62545442581177,5,5,0.789855062961578,0.967391312122345,1,1,45,1.03999996185303,0
08,2010-08-19,52050040,1,Definitivo,SANDONA [52050040],Pluviométrica,Convencional,Activa,Nariño,Sandoná,1.3223,-77.4792,20,9/15/1963,,Cudayari,Pacifico,Patía,Río Guáitara,2010,19,Andes,Definitivo,1,1,0,2.8662588596344,2.8662588596344,7.40076732635498,1.64556097984314,1.16505968570709,3.93818187713623,4.62545442581177,5,5,0.789855062961578,0.967391312122345,1,1,46,1.03999996185303,1.03999996185303
08,2009-08-22,52050040,4,Definitivo,SANDONA [52050040],Pluviométrica,Convencional,Activa,Nariño,Sandoná,1.3223,-77.4792,20,9/15/1963,,Cudayari,Pacifico,Patía,Río Guáitara,2009,22,Andes,Definitivo,4,4,0,6.44849729537964,6.44849729537964,0,3.07322216033936,1.00064373016357,3.93818187713623,4.62545442581177,5,5,0.789855062961578,0.967391312122345,1,1,47,1.03999996185303,4.15999984741211
08,2007-08-12,52050040,,"",SANDONA [52050040],Pluviométrica,Convencional,Activa,Nariño,Sandoná,1.3223,-77.4792,20,9/15/1963,,Cudayari,Pacifico,Patía,Río Guáitara,2007,12,Andes,Preliminar,0,0,0,0.0295632183551788,0.0295632183551788,0,0,0,3.93818187713623,4.62545442581177,5,5,0.789855062961578,0.967391312122345,1,1,45,1.03999996185303,0
08,2006-08-13,52050040,,"",SANDONA [52050040],Pluviométrica,Convencional,Activa,Nariño,Sandoná,1.3223,-77.4792,20,9/15/1963,,Cudayari,Pacifico,Patía,Río Guáitara,2006,13,Andes,Preliminar,0,0,0,0,0,0,0,0,3.93818187713623,4.62545442581177,5,5,0.789855062961578,0.967391312122345,1,1,45,1.03999996185303,0
08,2004-08-13,52050040,,"",SANDONA [52050040],Pluviométrica,Convencional,Activa,Nariño,Sandoná,1.3223,-77.4792,20,9/15/1963,,Cudayari,Pacifico,Patía,Río Guáitara,2004,13,Andes,Preliminar,0,0,0,0.34300771355629,0.34300771355629,0,0,0,3.93818187713623,4.62545442581177,5,5,0.789855062961578,0.967391312122345,1,1,45,1.03999996185303,0
08,2002-08-14,52050040,,"",SANDONA [52050040],Pluviométrica,Convencional,Activa,Nariño,Sandoná,1.3223,-77.4792,20,9/15/1963,,Cudayari,Pacifico,Patía,Río Guáitara,2002,14,Andes,Preliminar,0,0,0,0.427512735128403,0.427512735128403,0,0,0,3.93818187713623,4.62545442581177,5,5,0.789855062961578,0.967391312122345,1,1,45,1.03999996185303,0
08,2002-08-11,52050040,,"",SANDONA [52050040],Pluviométrica,Convencional,Activa,Nariño,Sandoná,1.3223,-77.4792,20,9/15/1963,,Cudayari,Pacifico,Patía,Río Guáitara,2002,11,Andes,Preliminar,0,0,0,0.427512735128403,0.427512735128403,0,0,0,3.93818187713623,4.62545442581177,5,5,0.789855062961578,0.967391312122345,1,1,45,1.03999996185303,0
08,2006-08-08,52050040,,"",SANDONA [52050040],Pluviométrica,Convencional,Activa,Nariño,Sandoná,1.3223,-77.4792,20,9/15/1963,,Cudayari,Pacifico,Patía,Río Guáitara,2006,08,Andes,Preliminar,0,0,0,0.125226378440857,0.125226378440857,0,0,0,3.93818187713623,4.62545442581177,5,5,0.789855062961578,0.967391312122345,1,1,44,1.03999996185303,0
08,2004-08-29,52050040,,"",SANDONA [52050040],Pluviométrica,Convencional,Activa,Nariño,Sandoná,1.3223,-77.4792,20,9/15/1963,,Cudayari,Pacifico,Patía,Río Guáitara,2004,29,Andes,Preliminar,0,0,0,0.171642854809761,0.171642854809761,0,0.132253021001816,1.82409131526947,3.93818187713623,4.62545442581177,5,5,0.789855062961578,0.967391312122345,1,1,48,1.03999996185303,0
08,2003-08-27,52050040,,"",SANDONA [52050040],Pluviométrica,Convencional,Activa,Nariño,Sandoná,1.3223,-77.4792,20,9/15/1963,,Cudayari,Pacifico,Patía,Río Guáitara,2003,27,Andes,Preliminar,0,0,0,0,0,0,0,0,3.93818187713623,4.62545442581177,5,5,0.789855062961578,0.967391312122345,1,1,48,1.03999996185303,0
08,2005-08-21,52050040,,"",SANDONA [52050040],Pluviométrica,Convencional,Activa,Nariño,Sandoná,1.3223,-77.4792,20,9/15/1963,,Cudayari,Pacifico,Patía,Río Guáitara,2005,21,Andes,Preliminar,0,0,0,2.62057328224182,2.62057328224182,0,2.07472252845764,0.0504569858312607,3.93818187713623,4.62545442581177,5,5,0.789855062961578,0.967391312122345,1,1,47,1.03999996185303,0
08,2006-08-19,52050040,,"",SANDONA [52050040],Pluviométrica,Convencional,Activa,Nariño,Sandoná,1.3223,-77.4792,20,9/15/1963,,Cudayari,Pacifico,Patía,Río Guáitara,2006,19,Andes,Preliminar,0,0,0,1.32945847511292,1.32945847511292,0,0.225588500499725,0.0141089195385575,3.93818187713623,4.62545442581177,5,5,0.789855062961578,0.967391312122345,1,1,46,1.03999996185303,0
08,2007-08-17,52050040,,"",SANDONA [52050040],Pluviométrica,Convencional,Activa,Nariño,Sandoná,1.3223,-77.4792,20,9/15/1963,,Cudayari,Pacifico,Patía,Río Guáitara,2007,17,Andes,Preliminar,0,0,0,3.53857588768005,3.53857588768005,0,0.242661163210869,0.00716089783236384,3.93818187713623,4.62545442581177,5,5,0.789855062961578,0.967391312122345,1,1,46,1.03999996185303,0
08,2007-08-16,52050040,,"",SANDONA [52050040],Pluviométrica,Convencional,Activa,Nariño,Sandoná,1.3223,-77.4792,20,9/15/1963,,Cudayari,Pacifico,Patía,Río Guáitara,2007,16,Andes,Preliminar,0,0,0,1.78582334518433,1.78582334518433,6.08938360214233,0.30442214012146,0.605453908443451,3.93818187713623,4.62545442581177,5,5,0.789855062961578,0.967391312122345,1,1,46,1.03999996185303,0
08,2005-08-16,52050040,1,Definitivo,SANDONA [52050040],Pluviométrica,Convencional,Activa,Nariño,Sandoná,1.3223,-77.4792,20,9/15/1963,,Cudayari,Pacifico,Patía,Río Guáitara,2005,16,Andes,Definitivo,1,1,0,7.18423461914063,7.18423461914063,0,0.72920423746109,0.0676674991846085,3.93818187713623,4.62545442581177,5,5,0.789855062961578,0.967391312122345,1,1,46,1.03999996185303,1.03999996185303
08,2009-08-23,52050040,36,Definitivo,SANDONA [52050040],Pluviométrica,Convencional,Activa,Nariño,Sandoná,1.3223,-77.4792,20,9/15/1963,,Cudayari,Pacifico,Patía,Río Guáitara,2009,23,Andes,Definitivo,36,36,0,6.28315162658691,6.28315162658691,0,7.99613809585571,6.4021110534668,3.93818187713623,4.62545442581177,5,5,0.789855062961578,0.967391312122345,1,1,47,1.03999996185303,37.439998626709
08,2011-08-24,52050040,,"",SANDONA [52050040],Pluviométrica,Convencional,Activa,Nariño,Sandoná,1.3223,-77.4792,20,9/15/1963,,Cudayari,Pacifico,Patía,Río Guáitara,2011,24,Andes,Preliminar,0,0,0,1.69971108436584,1.69971108436584,0,1.65963482856751,1.53705048561096,3.93818187713623,4.62545442581177,5,5,0.789855062961578,0.967391312122345,1,1,47,1.03999996185303,0
08,2012-08-27,52050040,,"",SANDONA [52050040],Pluviométrica,Convencional,Activa,Nariño,Sandoná,1.3223,-77.4792,20,9/15/1963,,Cudayari,Pacifico,Patía,Río Guáitara,2012,27,Andes,Preliminar,0,0,0,0.964072644710541,0.964072644710541,0,0,0,3.93818187713623,4.62545442581177,5,5,0.789855062961578,0.967391312122345,1,1,48,1.03999996185303,0
08,2012-08-28,52050040,,"",SANDONA [52050040],Pluviométrica,Convencional,Activa,Nariño,Sandoná,1.3223,-77.4792,20,9/15/1963,,Cudayari,Pacifico,Patía,Río Guáitara,2012,28,Andes,Preliminar,0,0,0,1.08140218257904,1.08140218257904,0,0,0,3.93818187713623,4.62545442581177,5,5,0.789855062961578,0.967391312122345,1,1,48,1.03999996185303,0
08,2017-08-26,52050040,1,Definitivo,SANDONA [52050040],Pluviométrica,Convencional,Activa,Nariño,Sandoná,1.3223,-77.4792,20,9/15/1963,,Cudayari,Pacifico,Patía,Río Guáitara,2017,26,Andes,Definitivo,1,1,0,1.2024347782135,1.2024347782135,0,1.03845357894897,0.254940271377564,3.93818187713623,4.62545442581177,5,5,0.789855062961578,0.967391312122345,1,1,48,1.03999996185303,1.03999996185303
08,2019-08-28,52050040,,"",SANDONA [52050040],Pluviométrica,Convencional,Activa,Nariño,Sandoná,1.3223,-77.4792,20,9/15/1963,,Cudayari,Pacifico,Patía,Río Guáitara,2019,28,Andes,Preliminar,0,0,0,1.36499106884003,1.36499106884003,0,0,0,3.93818187713623,4.62545442581177,5,5,0.789855062961578,0.967391312122345,1,1,48,1.03999996185303,0
08,2004-08-07,52050040,,"",SANDONA [52050040],Pluviométrica,Convencional,Activa,Nariño,Sandoná,1.3223,-77.4792,20,9/15/1963,,Cudayari,Pacifico,Patía,Río Guáitara,2004,07,Andes,Preliminar,0,0,0,0.363641679286957,0.363641679286957,0,0,0,3.93818187713623,4.62545442581177,5,5,0.789855062961578,0.967391312122345,1,1,44,1.03999996185303,0
08,2004-08-08,52050040,,"",SANDONA [52050040],Pluviométrica,Convencional,Activa,Nariño,Sandoná,1.3223,-77.4792,20,9/15/1963,,Cudayari,Pacifico,Patía,Río Guáitara,2004,08,Andes,Preliminar,0,0,0,0.363641679286957,0.363641679286957,0,0,0,3.93818187713623,4.62545442581177,5,5,0.789855062961578,0.967391312122345,1,1,44,1.03999996185303,0
08,2007-08-07,52050040,2,Definitivo,SANDONA [52050040],Pluviométrica,Convencional,Activa,Nariño,Sandoná,1.3223,-77.4792,20,9/15/1963,,Cudayari,Pacifico,Patía,Río Guáitara,2007,07,Andes,Definitivo,2,2,0,0.12017310410738,0.12017310410738,0,0,0,3.93818187713623,4.62545442581177,5,5,0.789855062961578,0.967391312122345,1,1,44,1.03999996185303,2.07999992370605
08,2008-08-10,52050040,1,Definitivo,SANDONA [52050040],Pluviométrica,Convencional,Activa,Nariño,Sandoná,1.3223,-77.4792,20,9/15/1963,,Cudayari,Pacifico,Patía,Río Guáitara,2008,10,Andes,Definitivo,1,1,0,3.21132969856262,3.21132969856262,0,2.11363744735718,1.45103144645691,3.93818187713623,4.62545442581177,5,5,0.789855062961578,0.967391312122345,1,1,44,1.03999996185303,1.03999996185303
08,2010-08-11,52050040,,"",SANDONA [52050040],Pluviométrica,Convencional,Activa,Nariño,Sandoná,1.3223,-77.4792,20,9/15/1963,,Cudayari,Pacifico,Patía,Río Guáitara,2010,11,Andes,Preliminar,0,0,0,0.285213112831116,0.285213112831116,0,0.125023558735847,0,3.93818187713623,4.62545442581177,5,5,0.789855062961578,0.967391312122345,1,1,45,1.03999996185303,0
08,2013-08-09,52050040,0,Definitivo,SANDONA [52050040],Pluviométrica,Convencional,Activa,Nariño,Sandoná,1.3223,-77.4792,20,9/15/1963,,Cudayari,Pacifico,Patía,Río Guáitara,2013,09,Andes,Definitivo,0,0,0,7.59943056106567,7.59943056106567,5.04770278930664,2.82320022583008,1.52878212928772,3.93818187713623,4.62545442581177,5,5,0.789855062961578,0.967391312122345,1,1,44,1.03999996185303,0
08,2011-08-16,52050040,,"",SANDONA [52050040],Pluviométrica,Convencional,Activa,Nariño,Sandoná,1.3223,-77.4792,20,9/15/1963,,Cudayari,Pacifico,Patía,Río Guáitara,2011,16,Andes,Preliminar,0,0,0,1.80972921848297,1.80972921848297,0,2.27444696426392,1.79074394702911,3.93818187713623,4.62545442581177,5,5,0.789855062961578,0.967391312122345,1,1,46,1.03999996185303,0
08,2006-08-14,52050040,,"",SANDONA [52050040],Pluviométrica,Convencional,Activa,Nariño,Sandoná,1.3223,-77.4792,20,9/15/1963,,Cudayari,Pacifico,Patía,Río Guáitara,2006,14,Andes,Preliminar,0,0,0,0.0991979688405991,0.0991979688405991,0,0,0,3.93818187713623,4.62545442581177,5,5,0.789855062961578,0.967391312122345,1,1,45,1.03999996185303,0
08,2005-08-15,52050040,,"",SANDONA [52050040],Pluviométrica,Convencional,Activa,Nariño,Sandoná,1.3223,-77.4792,20,9/15/1963,,Cudayari,Pacifico,Patía,Río Guáitara,2005,15,Andes,Preliminar,0,0,0,3.06193614006043,3.06193614006043,0,0,0,3.93818187713623,4.62545442581177,5,5,0.789855062961578,0.967391312122345,1,1,45,1.03999996185303,0
08,2002-08-17,52050040,,"",SANDONA [52050040],Pluviométrica,Convencional,Activa,Nariño,Sandoná,1.3223,-77.4792,20,9/15/1963,,Cudayari,Pacifico,Patía,Río Guáitara,2002,17,Andes,Preliminar,0,0,0,0,0,0,0,0,3.93818187713623,4.62545442581177,5,5,0.789855062961578,0.967391312122345,1,1,46,1.03999996185303,0
08,2006-08-12,52050040,,"",SANDONA [52050040],Pluviométrica,Convencional,Activa,Nariño,Sandoná,1.3223,-77.4792,20,9/15/1963,,Cudayari,Pacifico,Patía,Río Guáitara,2006,12,Andes,Preliminar,0,0,0,0,0,0,0,0,3.93818187713623,4.62545442581177,5,5,0.789855062961578,0.967391312122345,1,1,45,1.03999996185303,0
08,2004-08-12,52050040,,"",SANDONA [52050040],Pluviométrica,Convencional,Activa,Nariño,Sandoná,1.3223,-77.4792,20,9/15/1963,,Cudayari,Pacifico,Patía,Río Guáitara,2004,12,Andes,Preliminar,0,0,0,0.34300771355629,0.34300771355629,0,0,0,3.93818187713623,4.62545442581177,5,5,0.789855062961578,0.967391312122345,1,1,45,1.03999996185303,0
08,2001-08-31,52050040,,"",SANDONA [52050040],Pluviométrica,Convencional,Activa,Nariño,Sandoná,1.3223,-77.4792,20,9/15/1963,,Cudayari,Pacifico,Patía,Río Guáitara,2001,31,Andes,Preliminar,0,0,0,0,0,0,0,0,3.93818187713623,4.62545442581177,5,5,0.789855062961578,0.967391312122345,1,1,48,1.03999996185303,0
08,2017-08-27,52050040,5,Definitivo,SANDONA [52050040],Pluviométrica,Convencional,Activa,Nariño,Sandoná,1.3223,-77.4792,20,9/15/1963,,Cudayari,Pacifico,Patía,Río Guáitara,2017,27,Andes,Definitivo,5,5,0,1.34268403053284,1.34268403053284,0,3.38353729248047,0,3.93818187713623,4.62545442581177,5,5,0.789855062961578,0.967391312122345,1,1,48,1.03999996185303,5.19999980926514
08,2017-08-28,52050040,4,Definitivo,SANDONA [52050040],Pluviométrica,Convencional,Activa,Nariño,Sandoná,1.3223,-77.4792,20,9/15/1963,,Cudayari,Pacifico,Patía,Río Guáitara,2017,28,Andes,Definitivo,4,4,0,1.05034184455872,1.05034184455872,0,1.9355263710022,0.78240293264389,3.93818187713623,4.62545442581177,5,5,0.789855062961578,0.967391312122345,1,1,48,1.03999996185303,4.15999984741211
08,2019-08-29,52050040,,"",SANDONA [52050040],Pluviométrica,Convencional,Activa,Nariño,Sandoná,1.3223,-77.4792,20,9/15/1963,,Cudayari,Pacifico,Patía,Río Guáitara,2019,29,Andes,Preliminar,0,0,0,0.781882107257843,0.781882107257843,0,0,0,3.93818187713623,4.62545442581177,5,5,0.789855062961578,0.967391312122345,1,1,48,1.03999996185303,0
08,2023-08-30,52050040,,"",SANDONA [52050040],Pluviométrica,Convencional,Activa,Nariño,Sandoná,1.3223,-77.4792,20,9/15/1963,,Cudayari,Pacifico,Patía,Río Guáitara,2023,30,Andes,Preliminar,0,0,0,0.437699884176254,0.437699884176254,0,0.177206501364708,0,3.93818187713623,4.62545442581177,5,5,0.789855062961578,0.967391312122345,1,1,48,1.03999996185303,0
08,2023-08-28,52050040,,"",SANDONA [52050040],Pluviométrica,Convencional,Activa,Nariño,Sandoná,1.3223,-77.4792,20,9/15/1963,,Cudayari,Pacifico,Patía,Río Guáitara,2023,28,Andes,Preliminar,0,0,0,1.84547424316406,1.84547424316406,0,0.177206501364708,0.0788591578602791,3.93818187713623,4.62545442581177,5,5,0.789855062961578,0.967391312122345,1,1,48,1.03999996185303,0
08,2023-08-29,52050040,,"",SANDONA [52050040],Pluviométrica,Convencional,Activa,Nariño,Sandoná,1.3223,-77.4792,20,9/15/1963,,Cudayari,Pacifico,Patía,Río Guáitara,2023,29,Andes,Preliminar,0,0,0,0.885238170623779,0.885238170623779,0,0.177206501364708,0.212103933095932,3.93818187713623,4.62545442581177,5,5,0.789855062961578,0.967391312122345,1,1,48,1.03999996185303,0
08,2023-08-26,52050040,,"",SANDONA [52050040],Pluviométrica,Convencional,Activa,Nariño,Sandoná,1.3223,-77.4792,20,9/15/1963,,Cudayari,Pacifico,Patía,Río Guáitara,2023,26,Andes,Preliminar,0,0,0,1.97065675258636,1.97065675258636,0,0.177206501364708,0.50578635931015,3.93818187713623,4.62545442581177,5,5,0.789855062961578,0.967391312122345,1,1,48,1.03999996185303,0
08,2011-08-17,52050040,,"",SANDONA [52050040],Pluviométrica,Convencional,Activa,Nariño,Sandoná,1.3223,-77.4792,20,9/15/1963,,Cudayari,Pacifico,Patía,Río Guáitara,2011,17,Andes,Preliminar,0,0,0,2.25682902336121,2.25682902336121,0,3.69143676757813,0.1985023021698,3.93818187713623,4.62545442581177,5,5,0.789855062961578,0.967391312122345,1,1,46,1.03999996185303,0
08,2010-08-20,52050040,,"",SANDONA [52050040],Pluviométrica,Convencional,Activa,Nariño,Sandoná,1.3223,-77.4792,20,9/15/1963,,Cudayari,Pacifico,Patía,Río Guáitara,2010,20,Andes,Preliminar,0,0,0,2.75809836387634,2.75809836387634,0,0.365559965372086,0,3.93818187713623,4.62545442581177,5,5,0.789855062961578,0.967391312122345,1,1,46,1.03999996185303,0
08,2010-08-21,52050040,,"",SANDONA [52050040],Pluviométrica,Convencional,Activa,Nariño,Sandoná,1.3223,-77.4792,20,9/15/1963,,Cudayari,Pacifico,Patía,Río Guáitara,2010,21,Andes,Preliminar,0,0,0,0.898939251899719,0.898939251899719,0,0,0,3.93818187713623,4.62545442581177,5,5,0.789855062961578,0.967391312122345,1,1,47,1.03999996185303,0
08,2011-08-25,52050040,,"",SANDONA [52050040],Pluviométrica,Convencional,Activa,Nariño,Sandoná,1.3223,-77.4792,20,9/15/1963,,Cudayari,Pacifico,Patía,Río Guáitara,2011,25,Andes,Preliminar,0,0,0,0.550539553165436,0.550539553165436,0,1.08208346366882,0.00836110860109329,3.93818187713623,4.62545442581177,5,5,0.789855062961578,0.967391312122345,1,1,47,1.03999996185303,0
08,2013-08-25,52050040,7,Definitivo,SANDONA [52050040],Pluviométrica,Convencional,Activa,Nariño,Sandoná,1.3223,-77.4792,20,9/15/1963,,Cudayari,Pacifico,Patía,Río Guáitara,2013,25,Andes,Definitivo,7,7,0,1.77823579311371,1.77823579311371,0,1.78513276576996,6.21740770339966,3.93818187713623,4.62545442581177,5,5,0.789855062961578,0.967391312122345,1,1,47,1.03999996185303,7.27999973297119
08,2006-08-09,52050040,,"",SANDONA [52050040],Pluviométrica,Convencional,Activa,Nariño,Sandoná,1.3223,-77.4792,20,9/15/1963,,Cudayari,Pacifico,Patía,Río Guáitara,2006,09,Andes,Preliminar,0,0,0,2.27912020683289,2.27912020683289,0,0,0,3.93818187713623,4.62545442581177,5,5,0.789855062961578,0.967391312122345,1,1,44,1.03999996185303,0
08,2002-08-28,52050040,20,Definitivo,SANDONA [52050040],Pluviométrica,Convencional,Activa,Nariño,Sandoná,1.3223,-77.4792,20,9/15/1963,,Cudayari,Pacifico,Patía,Río Guáitara,2002,28,Andes,Definitivo,20,20,0,6.70339155197144,6.70339155197144,0,2.5265326499939,0,3.93818187713623,4.62545442581177,5,5,0.789855062961578,0.967391312122345,1,1,48,1.03999996185303,20.7999992370605
08,2002-08-29,52050040,7,Definitivo,SANDONA [52050040],Pluviométrica,Convencional,Activa,Nariño,Sandoná,1.3223,-77.4792,20,9/15/1963,,Cudayari,Pacifico,Patía,Río Guáitara,2002,29,Andes,Definitivo,7,7,0,14.9125127792358,14.9125127792358,9.87954902648926,11.1150503158569,7.86299419403076,3.93818187713623,4.62545442581177,5,5,0.789855062961578,0.967391312122345,1,1,48,1.03999996185303,7.27999973297119
08,2004-08-23,52050040,,"",SANDONA [52050040],Pluviométrica,Convencional,Activa,Nariño,Sandoná,1.3223,-77.4792,20,9/15/1963,,Cudayari,Pacifico,Patía,Río Guáitara,2004,23,Andes,Preliminar,0,0,0,0.0754171907901764,0.0754171907901764,0,0,0,3.93818187713623,4.62545442581177,5,5,0.789855062961578,0.967391312122345,1,1,47,1.03999996185303,0
08,2004-08-22,52050040,,"",SANDONA [52050040],Pluviométrica,Convencional,Activa,Nariño,Sandoná,1.3223,-77.4792,20,9/15/1963,,Cudayari,Pacifico,Patía,Río Guáitara,2004,22,Andes,Preliminar,0,0,0,0,0,0,0,0,3.93818187713623,4.62545442581177,5,5,0.789855062961578,0.967391312122345,1,1,47,1.03999996185303,0
08,2005-08-20,52050040,,"",SANDONA [52050040],Pluviométrica,Convencional,Activa,Nariño,Sandoná,1.3223,-77.4792,20,9/15/1963,,Cudayari,Pacifico,Patía,Río Guáitara,2005,20,Andes,Preliminar,0,0,0,0,0,0,0.194334805011749,0,3.93818187713623,4.62545442581177,5,5,0.789855062961578,0.967391312122345,1,1,46,1.03999996185303,0
08,2006-08-18,52050040,,"",SANDONA [52050040],Pluviométrica,Convencional,Activa,Nariño,Sandoná,1.3223,-77.4792,20,9/15/1963,,Cudayari,Pacifico,Patía,Río Guáitara,2006,18,Andes,Preliminar,0,0,0,1.0852724313736,1.0852724313736,0,2.37910556793213,0.30569326877594,3.93818187713623,4.62545442581177,5,5,0.789855062961578,0.967391312122345,1,1,46,1.03999996185303,0
08,2005-08-19,52050040,,"",SANDONA [52050040],Pluviométrica,Convencional,Activa,Nariño,Sandoná,1.3223,-77.4792,20,9/15/1963,,Cudayari,Pacifico,Patía,Río Guáitara,2005,19,Andes,Preliminar,0,0,0,0.0772498324513435,0.0772498324513435,0,2.02681851387024,2.04196643829346,3.93818187713623,4.62545442581177,5,5,0.789855062961578,0.967391312122345,1,1,46,1.03999996185303,0
08,2006-08-17,52050040,1,Definitivo,SANDONA [52050040],Pluviométrica,Convencional,Activa,Nariño,Sandoná,1.3223,-77.4792,20,9/15/1963,,Cudayari,Pacifico,Patía,Río Guáitara,2006,17,Andes,Definitivo,1,1,0,2.11628079414368,2.11628079414368,0,1.24945271015167,0,3.93818187713623,4.62545442581177,5,5,0.789855062961578,0.967391312122345,1,1,46,1.03999996185303,1.03999996185303
08,2007-08-15,52050040,2,Definitivo,SANDONA [52050040],Pluviométrica,Convencional,Activa,Nariño,Sandoná,1.3223,-77.4792,20,9/15/1963,,Cudayari,Pacifico,Patía,Río Guáitara,2007,15,Andes,Definitivo,2,2,0,3.81365513801575,3.81365513801575,0,0,0,3.93818187713623,4.62545442581177,5,5,0.789855062961578,0.967391312122345,1,1,45,1.03999996185303,2.07999992370605
08,2004-08-16,52050040,,"",SANDONA [52050040],Pluviométrica,Convencional,Activa,Nariño,Sandoná,1.3223,-77.4792,20,9/15/1963,,Cudayari,Pacifico,Patía,Río Guáitara,2004,16,Andes,Preliminar,0,0,0,2.22185277938843,2.22185277938843,0,0,0,3.93818187713623,4.62545442581177,5,5,0.789855062961578,0.967391312122345,1,1,46,1.03999996185303,0
08,2004-08-15,52050040,,"",SANDONA [52050040],Pluviométrica,Convencional,Activa,Nariño,Sandoná,1.3223,-77.4792,20,9/15/1963,,Cudayari,Pacifico,Patía,Río Guáitara,2004,15,Andes,Preliminar,0,0,0,0.34300771355629,0.34300771355629,0,0,0,3.93818187713623,4.62545442581177,5,5,0.789855062961578,0.967391312122345,1,1,45,1.03999996185303,0
08,2002-08-16,52050040,,"",SANDONA [52050040],Pluviométrica,Convencional,Activa,Nariño,Sandoná,1.3223,-77.4792,20,9/15/1963,,Cudayari,Pacifico,Patía,Río Guáitara,2002,16,Andes,Preliminar,0,0,0,0,0,0,0,0,3.93818187713623,4.62545442581177,5,5,0.789855062961578,0.967391312122345,1,1,46,1.03999996185303,0
08,2016-08-23,52050040,,"",SANDONA [52050040],Pluviométrica,Convencional,Activa,Nariño,Sandoná,1.3223,-77.4792,20,9/15/1963,,Cudayari,Pacifico,Patía,Río Guáitara,2016,23,Andes,Preliminar,0,0,0,0.154757052659988,0.154757052659988,0,0,0,3.93818187713623,4.62545442581177,5,5,0.789855062961578,0.967391312122345,1,1,47,1.03999996185303,0
08,2002-08-13,52050040,,"",SANDONA [52050040],Pluviométrica,Convencional,Activa,Nariño,Sandoná,1.3223,-77.4792,20,9/15/1963,,Cudayari,Pacifico,Patía,Río Guáitara,2002,13,Andes,Preliminar,0,0,0,0.427512735128403,0.427512735128403,0,0,0,3.93818187713623,4.62545442581177,5,5,0.789855062961578,0.967391312122345,1,1,45,1.03999996185303,0
08,2003-08-09,52050040,,"",SANDONA [52050040],Pluviométrica,Convencional,Activa,Nariño,Sandoná,1.3223,-77.4792,20,9/15/1963,,Cudayari,Pacifico,Patía,Río Guáitara,2003,09,Andes,Preliminar,0,0,0,0,0,6.26388454437256,2.35300612449646,5.00920343399048,3.93818187713623,4.62545442581177,5,5,0.789855062961578,0.967391312122345,1,1,44,1.03999996185303,0
08,2002-08-08,52050040,,"",SANDONA [52050040],Pluviométrica,Convencional,Activa,Nariño,Sandoná,1.3223,-77.4792,20,9/15/1963,,Cudayari,Pacifico,Patía,Río Guáitara,2002,08,Andes,Preliminar,0,0,0,2.26543283462524,2.26543283462524,0,0,0,3.93818187713623,4.62545442581177,5,5,0.789855062961578,0.967391312122345,1,1,44,1.03999996185303,0
08,2005-08-06,52050040,,"",SANDONA [52050040],Pluviométrica,Convencional,Activa,Nariño,Sandoná,1.3223,-77.4792,20,9/15/1963,,Cudayari,Pacifico,Patía,Río Guáitara,2005,06,Andes,Preliminar,0,0,0,0,0,0,0,0,3.93818187713623,4.62545442581177,5,5,0.789855062961578,0.967391312122345,1,1,44,1.03999996185303,0
08,2009-08-07,52050040,,"",SANDONA [52050040],Pluviométrica,Convencional,Activa,Nariño,Sandoná,1.3223,-77.4792,20,9/15/1963,,Cudayari,Pacifico,Patía,Río Guáitara,2009,07,Andes,Preliminar,0,0,0,3.57326507568359,3.57326507568359,4.06377696990967,0.938700497150421,2.91942071914673,3.93818187713623,4.62545442581177,5,5,0.789855062961578,0.967391312122345,1,1,44,1.03999996185303,0
08,2009-08-08,52050040,,"",SANDONA [52050040],Pluviométrica,Convencional,Activa,Nariño,Sandoná,1.3223,-77.4792,20,9/15/1963,,Cudayari,Pacifico,Patía,Río Guáitara,2009,08,Andes,Preliminar,0,0,0,2.15089750289917,2.15089750289917,0,0.555022656917572,0,3.93818187713623,4.62545442581177,5,5,0.789855062961578,0.967391312122345,1,1,44,1.03999996185303,0
08,2008-08-11,52050040,2,Definitivo,SANDONA [52050040],Pluviométrica,Convencional,Activa,Nariño,Sandoná,1.3223,-77.4792,20,9/15/1963,,Cudayari,Pacifico,Patía,Río Guáitara,2008,11,Andes,Definitivo,2,2,0,1.65049386024475,1.65049386024475,0,2.16907835006714,0.643963158130646,3.93818187713623,4.62545442581177,5,5,0.789855062961578,0.967391312122345,1,1,45,1.03999996185303,2.07999992370605
08,2012-08-12,52050040,4,Definitivo,SANDONA [52050040],Pluviométrica,Convencional,Activa,Nariño,Sandoná,1.3223,-77.4792,20,9/15/1963,,Cudayari,Pacifico,Patía,Río Guáitara,2012,12,Andes,Definitivo,4,4,0,1.1097264289856,1.1097264289856,0,0.0775342136621475,0.00981275830417871,3.93818187713623,4.62545442581177,5,5,0.789855062961578,0.967391312122345,1,1,45,1.03999996185303,4.15999984741211
08,2012-08-13,52050040,,"",SANDONA [52050040],Pluviométrica,Convencional,Activa,Nariño,Sandoná,1.3223,-77.4792,20,9/15/1963,,Cudayari,Pacifico,Patía,Río Guáitara,2012,13,Andes,Preliminar,0,0,0,1.82663512229919,1.82663512229919,0,0.0513123832643032,0.120491519570351,3.93818187713623,4.62545442581177,5,5,0.789855062961578,0.967391312122345,1,1,45,1.03999996185303,0
08,2012-08-14,52050040,,"",SANDONA [52050040],Pluviométrica,Convencional,Activa,Nariño,Sandoná,1.3223,-77.4792,20,9/15/1963,,Cudayari,Pacifico,Patía,Río Guáitara,2012,14,Andes,Preliminar,0,0,0,6.88058853149414,6.88058853149414,0,0.0417738929390907,0.0352574698626995,3.93818187713623,4.62545442581177,5,5,0.789855062961578,0.967391312122345,1,1,45,1.03999996185303,0
08,2011-08-18,52050040,7,Definitivo,SANDONA [52050040],Pluviométrica,Convencional,Activa,Nariño,Sandoná,1.3223,-77.4792,20,9/15/1963,,Cudayari,Pacifico,Patía,Río Guáitara,2011,18,Andes,Definitivo,7,7,0,2.19258737564087,2.19258737564087,0,4.34360885620117,4.96255683898926,3.93818187713623,4.62545442581177,5,5,0.789855062961578,0.967391312122345,1,1,46,1.03999996185303,7.27999973297119
08,2009-08-24,52050040,,"",SANDONA [52050040],Pluviométrica,Convencional,Activa,Nariño,Sandoná,1.3223,-77.4792,20,9/15/1963,,Cudayari,Pacifico,Patía,Río Guáitara,2009,24,Andes,Preliminar,0,0,0,0.702720940113068,0.702720940113068,18.1335048675537,3.21939992904663,6.425537109375,3.93818187713623,4.62545442581177,5,5,0.789855062961578,0.967391312122345,1,1,47,1.03999996185303,0
08,2003-08-14,52050040,,"",SANDONA [52050040],Pluviométrica,Convencional,Activa,Nariño,Sandoná,1.3223,-77.4792,20,9/15/1963,,Cudayari,Pacifico,Patía,Río Guáitara,2003,14,Andes,Preliminar,0,0,0,0.611022293567658,0.611022293567658,0,0,0,3.93818187713623,4.62545442581177,5,5,0.789855062961578,0.967391312122345,1,1,45,1.03999996185303,0
08,2011-08-26,52050040,,"",SANDONA [52050040],Pluviométrica,Convencional,Activa,Nariño,Sandoná,1.3223,-77.4792,20,9/15/1963,,Cudayari,Pacifico,Patía,Río Guáitara,2011,26,Andes,Preliminar,0,0,0,2.99469184875488,2.99469184875488,8.07742977142334,0.647102653980255,1.09480893611908,3.93818187713623,4.62545442581177,5,5,0.789855062961578,0.967391312122345,1,1,48,1.03999996185303,0
08,2015-08-27,52050040,,"",SANDONA [52050040],Pluviométrica,Convencional,Activa,Nariño,Sandoná,1.3223,-77.4792,20,9/15/1963,,Cudayari,Pacifico,Patía,Río Guáitara,2015,27,Andes,Preliminar,0,0,0,1.07636749744415,1.07636749744415,0,0.304440319538116,0.949408531188965,3.93818187713623,4.62545442581177,5,5,0.789855062961578,0.967391312122345,1,1,48,1.03999996185303,0
08,2015-08-28,52050040,,"",SANDONA [52050040],Pluviométrica,Convencional,Activa,Nariño,Sandoná,1.3223,-77.4792,20,9/15/1963,,Cudayari,Pacifico,Patía,Río Guáitara,2015,28,Andes,Preliminar,0,0,0,2.62139511108398,2.62139511108398,0,0.0845435112714768,0,3.93818187713623,4.62545442581177,5,5,0.789855062961578,0.967391312122345,1,1,48,1.03999996185303,0
08,2015-08-29,52050040,,"",SANDONA [52050040],Pluviométrica,Convencional,Activa,Nariño,Sandoná,1.3223,-77.4792,20,9/15/1963,,Cudayari,Pacifico,Patía,Río Guáitara,2015,29,Andes,Preliminar,0,0,0,1.30445051193237,1.30445051193237,0,0.0793351978063583,0,3.93818187713623,4.62545442581177,5,5,0.789855062961578,0.967391312122345,1,1,48,1.03999996185303,0
08,2022-08-27,52050040,,"",SANDONA [52050040],Pluviométrica,Convencional,Activa,Nariño,Sandoná,1.3223,-77.4792,20,9/15/1963,,Cudayari,Pacifico,Patía,Río Guáitara,2022,27,Andes,Preliminar,0,0,0,0.836457788944244,0.836457788944244,0,0,0,3.93818187713623,4.62545442581177,5,5,0.789855062961578,0.967391312122345,1,1,48,1.03999996185303,0
08,2021-08-30,52050040,,"",SANDONA [52050040],Pluviométrica,Convencional,Activa,Nariño,Sandoná,1.3223,-77.4792,20,9/15/1963,,Cudayari,Pacifico,Patía,Río Guáitara,2021,30,Andes,Preliminar,0,0,0,5.57901573181152,5.57901573181152,0,3.05189037322998,0.32374519109726,3.93818187713623,4.62545442581177,5,5,0.789855062961578,0.967391312122345,1,1,48,1.03999996185303,0
08,2023-08-27,52050040,,"",SANDONA [52050040],Pluviométrica,Convencional,Activa,Nariño,Sandoná,1.3223,-77.4792,20,9/15/1963,,Cudayari,Pacifico,Patía,Río Guáitara,2023,27,Andes,Preliminar,0,0,0,0.721207678318024,0.721207678318024,0,0.177206501364708,0.266489565372467,3.93818187713623,4.62545442581177,5,5,0.789855062961578,0.967391312122345,1,1,48,1.03999996185303,0
08,2021-08-28,52050040,,"",SANDONA [52050040],Pluviométrica,Convencional,Activa,Nariño,Sandoná,1.3223,-77.4792,20,9/15/1963,,Cudayari,Pacifico,Patía,Río Guáitara,2021,28,Andes,Preliminar,0,0,0,12.0517635345459,12.0517635345459,9.34804630279541,3.05189037322998,13.7552213668823,3.93818187713623,4.62545442581177,5,5,0.789855062961578,0.967391312122345,1,1,48,1.03999996185303,0
08,2023-08-25,52050040,,"",SANDONA [52050040],Pluviométrica,Convencional,Activa,Nariño,Sandoná,1.3223,-77.4792,20,9/15/1963,,Cudayari,Pacifico,Patía,Río Guáitara,2023,25,Andes,Preliminar,0,0,0,1.23385858535767,1.23385858535767,0,2.64401793479919,0.577489078044891,3.93818187713623,4.62545442581177,5,5,0.789855062961578,0.967391312122345,1,1,47,1.03999996185303,0
08,2023-08-23,52050040,,"",SANDONA [52050040],Pluviométrica,Convencional,Activa,Nariño,Sandoná,1.3223,-77.4792,20,9/15/1963,,Cudayari,Pacifico,Patía,Río Guáitara,2023,23,Andes,Preliminar,0,0,0,0.617300450801849,0.617300450801849,0,2.64401793479919,0,3.93818187713623,4.62545442581177,5,5,0.789855062961578,0.967391312122345,1,1,47,1.03999996185303,0
08,2021-08-23,52050040,18,En revisión,SANDONA [52050040],Pluviométrica,Convencional,Activa,Nariño,Sandoná,1.3223,-77.4792,20,9/15/1963,,Cudayari,Pacifico,Patía,Río Guáitara,2021,23,Andes,En revisión,18,18,0,0.959180355072021,0.959180355072021,0,1.88840985298157,0.0677803829312325,3.93818187713623,4.62545442581177,5,5,0.789855062961578,0.967391312122345,1,1,47,1.03999996185303,18.7199993133545
08,2021-08-20,52050040,9,En revisión,SANDONA [52050040],Pluviométrica,Convencional,Activa,Nariño,Sandoná,1.3223,-77.4792,20,9/15/1963,,Cudayari,Pacifico,Patía,Río Guáitara,2021,20,Andes,En revisión,9,9,0,2.24317359924316,2.24317359924316,0,0,12.0598258972168,3.93818187713623,4.62545442581177,5,5,0.789855062961578,0.967391312122345,1,1,46,1.03999996185303,9.35999965667725
08,2009-08-25,52050040,,"",SANDONA [52050040],Pluviométrica,Convencional,Activa,Nariño,Sandoná,1.3223,-77.4792,20,9/15/1963,,Cudayari,Pacifico,Patía,Río Guáitara,2009,25,Andes,Preliminar,0,0,0,0.11023073643446,0.11023073643446,0,0.732017695903778,0,3.93818187713623,4.62545442581177,5,5,0.789855062961578,0.967391312122345,1,1,47,1.03999996185303,0
08,2001-08-30,52050040,,"",SANDONA [52050040],Pluviométrica,Convencional,Activa,Nariño,Sandoná,1.3223,-77.4792,20,9/15/1963,,Cudayari,Pacifico,Patía,Río Guáitara,2001,30,Andes,Preliminar,0,0,0,0,0,0,0,0,3.93818187713623,4.62545442581177,5,5,0.789855062961578,0.967391312122345,1,1,48,1.03999996185303,0
08,2001-08-29,52050040,,"",SANDONA [52050040],Pluviométrica,Convencional,Activa,Nariño,Sandoná,1.3223,-77.4792,20,9/15/1963,,Cudayari,Pacifico,Patía,Río Guáitara,2001,29,Andes,Preliminar,0,0,0,1.27462542057037,1.27462542057037,0,0,0,3.93818187713623,4.62545442581177,5,5,0.789855062961578,0.967391312122345,1,1,48,1.03999996185303,0
08,2003-08-26,52050040,,"",SANDONA [52050040],Pluviométrica,Convencional,Activa,Nariño,Sandoná,1.3223,-77.4792,20,9/15/1963,,Cudayari,Pacifico,Patía,Río Guáitara,2003,26,Andes,Preliminar,0,0,0,4.3915581703186,4.3915581703186,0,0,0,3.93818187713623,4.62545442581177,5,5,0.789855062961578,0.967391312122345,1,1,48,1.03999996185303,0
08,2003-08-25,52050040,,"",SANDONA [52050040],Pluviométrica,Convencional,Activa,Nariño,Sandoná,1.3223,-77.4792,20,9/15/1963,,Cudayari,Pacifico,Patía,Río Guáitara,2003,25,Andes,Preliminar,0,0,0,0,0,0,0.396548330783844,0.143218204379082,3.93818187713623,4.62545442581177,5,5,0.789855062961578,0.967391312122345,1,1,47,1.03999996185303,0
08,2002-08-26,52050040,9,Definitivo,SANDONA [52050040],Pluviométrica,Convencional,Activa,Nariño,Sandoná,1.3223,-77.4792,20,9/15/1963,,Cudayari,Pacifico,Patía,Río Guáitara,2002,26,Andes,Definitivo,9,9,0,3.7208890914917,3.7208890914917,0,3.17041993141174,1.06671392917633,3.93818187713623,4.62545442581177,5,5,0.789855062961578,0.967391312122345,1,1,48,1.03999996185303,9.35999965667725
08,2003-08-24,52050040,,"",SANDONA [52050040],Pluviométrica,Convencional,Activa,Nariño,Sandoná,1.3223,-77.4792,20,9/15/1963,,Cudayari,Pacifico,Patía,Río Guáitara,2003,24,Andes,Preliminar,0,0,0,0,0,0,0.524049818515778,0.868857085704804,3.93818187713623,4.62545442581177,5,5,0.789855062961578,0.967391312122345,1,1,47,1.03999996185303,0
08,2004-08-21,52050040,,"",SANDONA [52050040],Pluviométrica,Convencional,Activa,Nariño,Sandoná,1.3223,-77.4792,20,9/15/1963,,Cudayari,Pacifico,Patía,Río Guáitara,2004,21,Andes,Preliminar,0,0,0,0.402225017547607,0.402225017547607,0,0,0,3.93818187713623,4.62545442581177,5,5,0.789855062961578,0.967391312122345,1,1,47,1.03999996185303,0
08,2004-08-20,52050040,,"",SANDONA [52050040],Pluviométrica,Convencional,Activa,Nariño,Sandoná,1.3223,-77.4792,20,9/15/1963,,Cudayari,Pacifico,Patía,Río Guáitara,2004,20,Andes,Preliminar,0,0,0,0,0,0,0,0,3.93818187713623,4.62545442581177,5,5,0.789855062961578,0.967391312122345,1,1,46,1.03999996185303,0
08,2005-08-18,52050040,,"",SANDONA [52050040],Pluviométrica,Convencional,Activa,Nariño,Sandoná,1.3223,-77.4792,20,9/15/1963,,Cudayari,Pacifico,Patía,Río Guáitara,2005,18,Andes,Preliminar,0,0,0,1.39049708843231,1.39049708843231,0,0.510617733001709,0.808029592037201,3.93818187713623,4.62545442581177,5,5,0.789855062961578,0.967391312122345,1,1,46,1.03999996185303,0
08,2006-08-16,52050040,,"",SANDONA [52050040],Pluviométrica,Convencional,Activa,Nariño,Sandoná,1.3223,-77.4792,20,9/15/1963,,Cudayari,Pacifico,Patía,Río Guáitara,2006,16,Andes,Preliminar,0,0,0,5.58915185928345,5.58915185928345,7.57550382614136,0.385197877883911,4.51720571517944,3.93818187713623,4.62545442581177,5,5,0.789855062961578,0.967391312122345,1,1,46,1.03999996185303,0
08,2006-08-15,52050040,3,Definitivo,SANDONA [52050040],Pluviométrica,Convencional,Activa,Nariño,Sandoná,1.3223,-77.4792,20,9/15/1963,,Cudayari,Pacifico,Patía,Río Guáitara,2006,15,Andes,Definitivo,3,3,0,3.90178680419922,3.90178680419922,5.28845882415772,0,0,3.93818187713623,4.62545442581177,5,5,0.789855062961578,0.967391312122345,1,1,45,1.03999996185303,3.11999988555908
08,2002-08-19,52050040,,"",SANDONA [52050040],Pluviométrica,Convencional,Activa,Nariño,Sandoná,1.3223,-77.4792,20,9/15/1963,,Cudayari,Pacifico,Patía,Río Guáitara,2002,19,Andes,Preliminar,0,0,0,0.120326854288578,0.120326854288578,0,0,0,3.93818187713623,4.62545442581177,5,5,0.789855062961578,0.967391312122345,1,1,46,1.03999996185303,0
08,2003-08-17,52050040,,"",SANDONA [52050040],Pluviométrica,Convencional,Activa,Nariño,Sandoná,1.3223,-77.4792,20,9/15/1963,,Cudayari,Pacifico,Patía,Río Guáitara,2003,17,Andes,Preliminar,0,0,0,0,0,0,0,0,3.93818187713623,4.62545442581177,5,5,0.789855062961578,0.967391312122345,1,1,46,1.03999996185303,0
08,2004-08-14,52050040,,"",SANDONA [52050040],Pluviométrica,Convencional,Activa,Nariño,Sandoná,1.3223,-77.4792,20,9/15/1963,,Cudayari,Pacifico,Patía,Río Guáitara,2004,14,Andes,Preliminar,0,0,0,0.34300771355629,0.34300771355629,0,0,0,3.93818187713623,4.62545442581177,5,5,0.789855062961578,0.967391312122345,1,1,45,1.03999996185303,0
08,2001-08-14,52050040,,"",SANDONA [52050040],Pluviométrica,Convencional,Activa,Nariño,Sandoná,1.3223,-77.4792,20,9/15/1963,,Cudayari,Pacifico,Patía,Río Guáitara,2001,14,Andes,Preliminar,0,0,0,0.308915317058563,0.308915317058563,0,0,0,3.93818187713623,4.62545442581177,5,5,0.789855062961578,0.967391312122345,1,1,45,1.03999996185303,0
08,2004-08-09,52050040,,"",SANDONA [52050040],Pluviométrica,Convencional,Activa,Nariño,Sandoná,1.3223,-77.4792,20,9/15/1963,,Cudayari,Pacifico,Patía,Río Guáitara,2004,09,Andes,Preliminar,0,0,0,0.363641679286957,0.363641679286957,0,0,0,3.93818187713623,4.62545442581177,5,5,0.789855062961578,0.967391312122345,1,1,44,1.03999996185303,0
08,2004-08-06,52050040,,"",SANDONA [52050040],Pluviométrica,Convencional,Activa,Nariño,Sandoná,1.3223,-77.4792,20,9/15/1963,,Cudayari,Pacifico,Patía,Río Guáitara,2004,06,Andes,Preliminar,0,0,0,0.363641679286957,0.363641679286957,0,0,0,3.93818187713623,4.62545442581177,5,5,0.789855062961578,0.967391312122345,1,1,44,1.03999996185303,0
08,2003-08-06,52050040,,"",SANDONA [52050040],Pluviométrica,Convencional,Activa,Nariño,Sandoná,1.3223,-77.4792,20,9/15/1963,,Cudayari,Pacifico,Patía,Río Guáitara,2003,06,Andes,Preliminar,0,0,0,0,0,0,0.837598204612732,0.0487344302237034,3.93818187713623,4.62545442581177,5,5,0.789855062961578,0.967391312122345,1,1,44,1.03999996185303,0
08,2005-08-07,52050040,,"",SANDONA [52050040],Pluviométrica,Convencional,Activa,Nariño,Sandoná,1.3223,-77.4792,20,9/15/1963,,Cudayari,Pacifico,Patía,Río Guáitara,2005,07,Andes,Preliminar,0,0,0,0.414490580558777,0.414490580558777,0,0,0,3.93818187713623,4.62545442581177,5,5,0.789855062961578,0.967391312122345,1,1,44,1.03999996185303,0
08,2007-08-08,52050040,8,Definitivo,SANDONA [52050040],Pluviométrica,Convencional,Activa,Nariño,Sandoná,1.3223,-77.4792,20,9/15/1963,,Cudayari,Pacifico,Patía,Río Guáitara,2007,08,Andes,Definitivo,8,8,0,2.61710333824158,2.61710333824158,0,0,0,3.93818187713623,4.62545442581177,5,5,0.789855062961578,0.967391312122345,1,1,44,1.03999996185303,8.31999969482422
08,2007-08-09,52050040,,"",SANDONA [52050040],Pluviométrica,Convencional,Activa,Nariño,Sandoná,1.3223,-77.4792,20,9/15/1963,,Cudayari,Pacifico,Patía,Río Guáitara,2007,09,Andes,Preliminar,0,0,0,3.40490484237671,3.40490484237671,0,0,0,3.93818187713623,4.62545442581177,5,5,0.789855062961578,0.967391312122345,1,1,44,1.03999996185303,0
08,2011-08-10,52050040,,"",SANDONA [52050040],Pluviométrica,Convencional,Activa,Nariño,Sandoná,1.3223,-77.4792,20,9/15/1963,,Cudayari,Pacifico,Patía,Río Guáitara,2011,10,Andes,Preliminar,0,0,0,1.47162687778473,1.47162687778473,0,0,0,3.93818187713623,4.62545442581177,5,5,0.789855062961578,0.967391312122345,1,1,44,1.03999996185303,0
08,2013-08-10,52050040,4,Definitivo,SANDONA [52050040],Pluviométrica,Convencional,Activa,Nariño,Sandoná,1.3223,-77.4792,20,9/15/1963,,Cudayari,Pacifico,Patía,Río Guáitara,2013,10,Andes,Definitivo,4,4,0,9.54675197601318,9.54675197601318,10.0954055786133,5.81655168533325,14.7589445114136,3.93818187713623,4.62545442581177,5,5,0.789855062961578,0.967391312122345,1,1,44,1.03999996185303,4.15999984741211
08,2013-08-11,52050040,5,Definitivo,SANDONA [52050040],Pluviométrica,Convencional,Activa,Nariño,Sandoná,1.3223,-77.4792,20,9/15/1963,,Cudayari,Pacifico,Patía,Río Guáitara,2013,11,Andes,Definitivo,5,5,0,4.99585819244385,4.99585819244385,0,6.10944795608521,7.64171504974365,3.93818187713623,4.62545442581177,5,5,0.789855062961578,0.967391312122345,1,1,45,1.03999996185303,5.19999980926514
08,2013-08-12,52050040,,"",SANDONA [52050040],Pluviométrica,Convencional,Activa,Nariño,Sandoná,1.3223,-77.4792,20,9/15/1963,,Cudayari,Pacifico,Patía,Río Guáitara,2013,12,Andes,Preliminar,0,0,0,1.54713404178619,1.54713404178619,14.0603466033936,8.98263168334961,9.03735637664795,3.93818187713623,4.62545442581177,5,5,0.789855062961578,0.967391312122345,1,1,45,1.03999996185303,0
08,2011-08-19,52050040,9,Definitivo,SANDONA [52050040],Pluviométrica,Convencional,Activa,Nariño,Sandoná,1.3223,-77.4792,20,9/15/1963,,Cudayari,Pacifico,Patía,Río Guáitara,2011,19,Andes,Definitivo,9,9,0,4.25263166427612,4.25263166427612,6.33150768280029,5.31291007995606,10.2249794006348,3.93818187713623,4.62545442581177,5,5,0.789855062961578,0.967391312122345,1,1,46,1.03999996185303,9.35999965667725
08,2010-08-22,52050040,,"",SANDONA [52050040],Pluviométrica,Convencional,Activa,Nariño,Sandoná,1.3223,-77.4792,20,9/15/1963,,Cudayari,Pacifico,Patía,Río Guáitara,2010,22,Andes,Preliminar,0,0,0,0,0,0,0,0,3.93818187713623,4.62545442581177,5,5,0.789855062961578,0.967391312122345,1,1,47,1.03999996185303,0
08,2010-08-23,52050040,,"",SANDONA [52050040],Pluviométrica,Convencional,Activa,Nariño,Sandoná,1.3223,-77.4792,20,9/15/1963,,Cudayari,Pacifico,Patía,Río Guáitara,2010,23,Andes,Preliminar,0,0,0,1.26372623443604,1.26372623443604,0,0,0,3.93818187713623,4.62545442581177,5,5,0.789855062961578,0.967391312122345,1,1,47,1.03999996185303,0
08,2014-08-24,52050040,,"",SANDONA [52050040],Pluviométrica,Convencional,Activa,Nariño,Sandoná,1.3223,-77.4792,20,9/15/1963,,Cudayari,Pacifico,Patía,Río Guáitara,2014,24,Andes,Preliminar,0,0,0,0.554019749164581,0.554019749164581,0,0,0,3.93818187713623,4.62545442581177,5,5,0.789855062961578,0.967391312122345,1,1,47,1.03999996185303,0
08,2016-08-24,52050040,,"",SANDONA [52050040],Pluviométrica,Convencional,Activa,Nariño,Sandoná,1.3223,-77.4792,20,9/15/1963,,Cudayari,Pacifico,Patía,Río Guáitara,2016,24,Andes,Preliminar,0,0,0,0.172221660614014,0.172221660614014,0,0,0,3.93818187713623,4.62545442581177,5,5,0.789855062961578,0.967391312122345,1,1,47,1.03999996185303,0
08,2016-08-25,52050040,,"",SANDONA [52050040],Pluviométrica,Convencional,Activa,Nariño,Sandoná,1.3223,-77.4792,20,9/15/1963,,Cudayari,Pacifico,Patía,Río Guáitara,2016,25,Andes,Preliminar,0,0,0,0.388341158628464,0.388341158628464,0,0,0,3.93818187713623,4.62545442581177,5,5,0.789855062961578,0.967391312122345,1,1,47,1.03999996185303,0
08,2020-08-26,52050040,,"",SANDONA [52050040],Pluviométrica,Convencional,Activa,Nariño,Sandoná,1.3223,-77.4792,20,9/15/1963,,Cudayari,Pacifico,Patía,Río Guáitara,2020,26,Andes,Preliminar,0,0,0,1.10055005550385,1.10055005550385,0,1.04665374755859,0.386417657136917,3.93818187713623,4.62545442581177,5,5,0.789855062961578,0.967391312122345,1,1,48,1.03999996185303,0
08,2020-08-27,52050040,,"",SANDONA [52050040],Pluviométrica,Convencional,Activa,Nariño,Sandoná,1.3223,-77.4792,20,9/15/1963,,Cudayari,Pacifico,Patía,Río Guáitara,2020,27,Andes,Preliminar,0,0,0,1.32802999019623,1.32802999019623,0,2.03787326812744,0,3.93818187713623,4.62545442581177,5,5,0.789855062961578,0.967391312122345,1,1,48,1.03999996185303,0
08,2022-08-28,52050040,1,En revisión,SANDONA [52050040],Pluviométrica,Convencional,Activa,Nariño,Sandoná,1.3223,-77.4792,20,9/15/1963,,Cudayari,Pacifico,Patía,Río Guáitara,2022,28,Andes,En revisión,1,1,0,0.440470784902573,0.440470784902573,0,0,0,3.93818187713623,4.62545442581177,5,5,0.789855062961578,0.967391312122345,1,1,48,1.03999996185303,1.03999996185303
08,2021-08-27,52050040,23,En revisión,SANDONA [52050040],Pluviométrica,Convencional,Activa,Nariño,Sandoná,1.3223,-77.4792,20,9/15/1963,,Cudayari,Pacifico,Patía,Río Guáitara,2021,27,Andes,En revisión,23,23,0,4.52733039855957,4.52733039855957,0,3.05189037322998,0.205301806330681,3.93818187713623,4.62545442581177,5,5,0.789855062961578,0.967391312122345,1,1,48,1.03999996185303,23.9199991226196
08,2022-08-26,52050040,,"",SANDONA [52050040],Pluviométrica,Convencional,Activa,Nariño,Sandoná,1.3223,-77.4792,20,9/15/1963,,Cudayari,Pacifico,Patía,Río Guáitara,2022,26,Andes,Preliminar,0,0,0,0.575782120227814,0.575782120227814,0,0,0,3.93818187713623,4.62545442581177,5,5,0.789855062961578,0.967391312122345,1,1,48,1.03999996185303,0
08,2021-08-25,52050040,10,En revisión,SANDONA [52050040],Pluviométrica,Convencional,Activa,Nariño,Sandoná,1.3223,-77.4792,20,9/15/1963,,Cudayari,Pacifico,Patía,Río Guáitara,2021,25,Andes,En revisión,10,10,0,3.17327642440796,3.17327642440796,0,1.88840985298157,3.50884437561035,3.93818187713623,4.62545442581177,5,5,0.789855062961578,0.967391312122345,1,1,47,1.03999996185303,10.3999996185303
08,2023-08-22,52050040,3,En revisión,SANDONA [52050040],Pluviométrica,Convencional,Activa,Nariño,Sandoná,1.3223,-77.4792,20,9/15/1963,,Cudayari,Pacifico,Patía,Río Guáitara,2023,22,Andes,En revisión,3,3,0,3.44060707092285,3.44060707092285,16.1030521392822,2.64401793479919,11.383355140686,3.93818187713623,4.62545442581177,5,5,0.789855062961578,0.967391312122345,1,1,47,1.03999996185303,3.11999988555908
08,2023-08-20,52050040,20,En revisión,SANDONA [52050040],Pluviométrica,Convencional,Activa,Nariño,Sandoná,1.3223,-77.4792,20,9/15/1963,,Cudayari,Pacifico,Patía,Río Guáitara,2023,20,Andes,En revisión,20,20,0,4.65029191970825,4.65029191970825,14.5767946243286,3.66450357437134,13.0910634994507,3.93818187713623,4.62545442581177,5,5,0.789855062961578,0.967391312122345,1,1,46,1.03999996185303,20.7999992370605
08,2023-08-17,52050040,,"",SANDONA [52050040],Pluviométrica,Convencional,Activa,Nariño,Sandoná,1.3223,-77.4792,20,9/15/1963,,Cudayari,Pacifico,Patía,Río Guáitara,2023,17,Andes,Preliminar,0,0,0,0.636670708656311,0.636670708656311,0,3.66450357437134,0,3.93818187713623,4.62545442581177,5,5,0.789855062961578,0.967391312122345,1,1,46,1.03999996185303,0
08,2023-08-18,52050040,,"",SANDONA [52050040],Pluviométrica,Convencional,Activa,Nariño,Sandoná,1.3223,-77.4792,20,9/15/1963,,Cudayari,Pacifico,Patía,Río Guáitara,2023,18,Andes,Preliminar,0,0,0,0.613508641719818,0.613508641719818,0,3.66450357437134,0,3.93818187713623,4.62545442581177,5,5,0.789855062961578,0.967391312122345,1,1,46,1.03999996185303,0
08,2023-08-15,52050040,2,En revisión,SANDONA [52050040],Pluviométrica,Convencional,Activa,Nariño,Sandoná,1.3223,-77.4792,20,9/15/1963,,Cudayari,Pacifico,Patía,Río Guáitara,2023,15,Andes,En revisión,2,2,0,1.13390469551086,1.13390469551086,0,0,0,3.93818187713623,4.62545442581177,5,5,0.789855062961578,0.967391312122345,1,1,45,1.03999996185303,2.07999992370605
08,2002-08-27,52050040,3,Definitivo,SANDONA [52050040],Pluviométrica,Convencional,Activa,Nariño,Sandoná,1.3223,-77.4792,20,9/15/1963,,Cudayari,Pacifico,Patía,Río Guáitara,2002,27,Andes,Definitivo,3,3,0,1.54916381835938,1.54916381835938,0,2.29673361778259,0.730117440223694,3.93818187713623,4.62545442581177,5,5,0.789855062961578,0.967391312122345,1,1,48,1.03999996185303,3.11999988555908
08,2001-08-28,52050040,,"",SANDONA [52050040],Pluviométrica,Convencional,Activa,Nariño,Sandoná,1.3223,-77.4792,20,9/15/1963,,Cudayari,Pacifico,Patía,Río Guáitara,2001,28,Andes,Preliminar,0,0,0,0,0,0,0,0,3.93818187713623,4.62545442581177,5,5,0.789855062961578,0.967391312122345,1,1,48,1.03999996185303,0
08,2001-08-27,52050040,,"",SANDONA [52050040],Pluviométrica,Convencional,Activa,Nariño,Sandoná,1.3223,-77.4792,20,9/15/1963,,Cudayari,Pacifico,Patía,Río Guáitara,2001,27,Andes,Preliminar,0,0,0,0.424875169992447,0.424875169992447,0,0,0,3.93818187713623,4.62545442581177,5,5,0.789855062961578,0.967391312122345,1,1,48,1.03999996185303,0
08,2002-08-25,52050040,,"",SANDONA [52050040],Pluviométrica,Convencional,Activa,Nariño,Sandoná,1.3223,-77.4792,20,9/15/1963,,Cudayari,Pacifico,Patía,Río Guáitara,2002,25,Andes,Preliminar,0,0,0,2.75156044960022,2.75156044960022,0,0,0,3.93818187713623,4.62545442581177,5,5,0.789855062961578,0.967391312122345,1,1,47,1.03999996185303,0
08,2003-08-23,52050040,,"",SANDONA [52050040],Pluviométrica,Convencional,Activa,Nariño,Sandoná,1.3223,-77.4792,20,9/15/1963,,Cudayari,Pacifico,Patía,Río Guáitara,2003,23,Andes,Preliminar,0,0,0,4.27735233306885,4.27735233306885,0,0.470795542001724,0,3.93818187713623,4.62545442581177,5,5,0.789855062961578,0.967391312122345,1,1,47,1.03999996185303,0
08,2003-08-22,52050040,,"",SANDONA [52050040],Pluviométrica,Convencional,Activa,Nariño,Sandoná,1.3223,-77.4792,20,9/15/1963,,Cudayari,Pacifico,Patía,Río Guáitara,2003,22,Andes,Preliminar,0,0,0,0.534669041633606,0.534669041633606,0,1.03281033039093,0.916596591472626,3.93818187713623,4.62545442581177,5,5,0.789855062961578,0.967391312122345,1,1,47,1.03999996185303,0
08,2004-08-19,52050040,,"",SANDONA [52050040],Pluviométrica,Convencional,Activa,Nariño,Sandoná,1.3223,-77.4792,20,9/15/1963,,Cudayari,Pacifico,Patía,Río Guáitara,2004,19,Andes,Preliminar,0,0,0,0.0569705851376057,0.0569705851376057,0,0,0,3.93818187713623,4.62545442581177,5,5,0.789855062961578,0.967391312122345,1,1,46,1.03999996185303,0
08,2005-08-17,52050040,2,Definitivo,SANDONA [52050040],Pluviométrica,Convencional,Activa,Nariño,Sandoná,1.3223,-77.4792,20,9/15/1963,,Cudayari,Pacifico,Patía,Río Guáitara,2005,17,Andes,Definitivo,2,2,0,0.4634989798069,0.4634989798069,0,0.865764677524567,1.40907621383667,3.93818187713623,4.62545442581177,5,5,0.789855062961578,0.967391312122345,1,1,46,1.03999996185303,2.07999992370605
08,2004-08-18,52050040,,"",SANDONA [52050040],Pluviométrica,Convencional,Activa,Nariño,Sandoná,1.3223,-77.4792,20,9/15/1963,,Cudayari,Pacifico,Patía,Río Guáitara,2004,18,Andes,Preliminar,0,0,0,0.113941170275211,0.113941170275211,0,0,0,3.93818187713623,4.62545442581177,5,5,0.789855062961578,0.967391312122345,1,1,46,1.03999996185303,0
08,2004-08-17,52050040,,"",SANDONA [52050040],Pluviométrica,Convencional,Activa,Nariño,Sandoná,1.3223,-77.4792,20,9/15/1963,,Cudayari,Pacifico,Patía,Río Guáitara,2004,17,Andes,Preliminar,0,0,0,1.95598983764648,1.95598983764648,0,0,0,3.93818187713623,4.62545442581177,5,5,0.789855062961578,0.967391312122345,1,1,46,1.03999996185303,0
08,2002-08-18,52050040,,"",SANDONA [52050040],Pluviométrica,Convencional,Activa,Nariño,Sandoná,1.3223,-77.4792,20,9/15/1963,,Cudayari,Pacifico,Patía,Río Guáitara,2002,18,Andes,Preliminar,0,0,0,2.25612854957581,2.25612854957581,0,0,0,3.93818187713623,4.62545442581177,5,5,0.789855062961578,0.967391312122345,1,1,46,1.03999996185303,0
08,2003-08-16,52050040,,"",SANDONA [52050040],Pluviométrica,Convencional,Activa,Nariño,Sandoná,1.3223,-77.4792,20,9/15/1963,,Cudayari,Pacifico,Patía,Río Guáitara,2003,16,Andes,Preliminar,0,0,0,0.0481939539313316,0.0481939539313316,0,0,0,3.93818187713623,4.62545442581177,5,5,0.789855062961578,0.967391312122345,1,1,46,1.03999996185303,0
08,2002-08-15,52050040,,"",SANDONA [52050040],Pluviométrica,Convencional,Activa,Nariño,Sandoná,1.3223,-77.4792,20,9/15/1963,,Cudayari,Pacifico,Patía,Río Guáitara,2002,15,Andes,Preliminar,0,0,0,0.427512735128403,0.427512735128403,0,0,0,3.93818187713623,4.62545442581177,5,5,0.789855062961578,0.967391312122345,1,1,45,1.03999996185303,0
08,2003-08-11,52050040,,"",SANDONA [52050040],Pluviométrica,Convencional,Activa,Nariño,Sandoná,1.3223,-77.4792,20,9/15/1963,,Cudayari,Pacifico,Patía,Río Guáitara,2003,11,Andes,Preliminar,0,0,0,0,0,0,0,0,3.93818187713623,4.62545442581177,5,5,0.789855062961578,0.967391312122345,1,1,45,1.03999996185303,0
08,2002-08-10,52050040,,"",SANDONA [52050040],Pluviométrica,Convencional,Activa,Nariño,Sandoná,1.3223,-77.4792,20,9/15/1963,,Cudayari,Pacifico,Patía,Río Guáitara,2002,10,Andes,Preliminar,0,0,0,0,0,0,0,0,3.93818187713623,4.62545442581177,5,5,0.789855062961578,0.967391312122345,1,1,44,1.03999996185303,0
08,2002-08-07,52050040,,"",SANDONA [52050040],Pluviométrica,Convencional,Activa,Nariño,Sandoná,1.3223,-77.4792,20,9/15/1963,,Cudayari,Pacifico,Patía,Río Guáitara,2002,07,Andes,Preliminar,0,0,0,0,0,0,0,0,3.93818187713623,4.62545442581177,5,5,0.789855062961578,0.967391312122345,1,1,44,1.03999996185303,0
08,2006-08-04,52050040,,"",SANDONA [52050040],Pluviométrica,Convencional,Activa,Nariño,Sandoná,1.3223,-77.4792,20,9/15/1963,,Cudayari,Pacifico,Patía,Río Guáitara,2006,04,Andes,Preliminar,0,0,0,0.648969948291779,0.648969948291779,0,0.0456862859427929,0,3.93818187713623,4.62545442581177,5,5,0.789855062961578,0.967391312122345,1,1,43,1.03999996185303,0
08,2006-08-05,52050040,,"",SANDONA [52050040],Pluviométrica,Convencional,Activa,Nariño,Sandoná,1.3223,-77.4792,20,9/15/1963,,Cudayari,Pacifico,Patía,Río Guáitara,2006,05,Andes,Preliminar,0,0,0,0.648969948291779,0.648969948291779,0,0.0586704313755035,0,3.93818187713623,4.62545442581177,5,5,0.789855062961578,0.967391312122345,1,1,43,1.03999996185303,0
08,2005-08-08,52050040,,"",SANDONA [52050040],Pluviométrica,Convencional,Activa,Nariño,Sandoná,1.3223,-77.4792,20,9/15/1963,,Cudayari,Pacifico,Patía,Río Guáitara,2005,08,Andes,Preliminar,0,0,0,2.48694324493408,2.48694324493408,0,0,0,3.93818187713623,4.62545442581177,5,5,0.789855062961578,0.967391312122345,1,1,44,1.03999996185303,0
08,2012-08-06,52050040,,"",SANDONA [52050040],Pluviométrica,Convencional,Activa,Nariño,Sandoná,1.3223,-77.4792,20,9/15/1963,,Cudayari,Pacifico,Patía,Río Guáitara,2012,06,Andes,Preliminar,0,0,0,1.18389534950256,1.18389534950256,0,0,0,3.93818187713623,4.62545442581177,5,5,0.789855062961578,0.967391312122345,1,1,44,1.03999996185303,0
08,2012-08-07,52050040,,"",SANDONA [52050040],Pluviométrica,Convencional,Activa,Nariño,Sandoná,1.3223,-77.4792,20,9/15/1963,,Cudayari,Pacifico,Patía,Río Guáitara,2012,07,Andes,Preliminar,0,0,0,1.26362693309784,1.26362693309784,0,0,0,3.93818187713623,4.62545442581177,5,5,0.789855062961578,0.967391312122345,1,1,44,1.03999996185303,0
08,2011-08-11,52050040,,"",SANDONA [52050040],Pluviométrica,Convencional,Activa,Nariño,Sandoná,1.3223,-77.4792,20,9/15/1963,,Cudayari,Pacifico,Patía,Río Guáitara,2011,11,Andes,Preliminar,0,0,0,0.921924412250519,0.921924412250519,0,0,0,3.93818187713623,4.62545442581177,5,5,0.789855062961578,0.967391312122345,1,1,45,1.03999996185303,0
08,2014-08-09,52050040,,"",SANDONA [52050040],Pluviométrica,Convencional,Activa,Nariño,Sandoná,1.3223,-77.4792,20,9/15/1963,,Cudayari,Pacifico,Patía,Río Guáitara,2014,09,Andes,Preliminar,0,0,0,0.647177875041962,0.647177875041962,0,0,0,3.93818187713623,4.62545442581177,5,5,0.789855062961578,0.967391312122345,1,1,44,1.03999996185303,0
08,2012-08-15,52050040,,"",SANDONA [52050040],Pluviométrica,Convencional,Activa,Nariño,Sandoná,1.3223,-77.4792,20,9/15/1963,,Cudayari,Pacifico,Patía,Río Guáitara,2012,15,Andes,Preliminar,0,0,0,0.887196004390717,0.887196004390717,0,0.022998072206974,0.00399356428533793,3.93818187713623,4.62545442581177,5,5,0.789855062961578,0.967391312122345,1,1,45,1.03999996185303,0
08,2012-08-16,52050040,5,Definitivo,SANDONA [52050040],Pluviométrica,Convencional,Activa,Nariño,Sandoná,1.3223,-77.4792,20,9/15/1963,,Cudayari,Pacifico,Patía,Río Guáitara,2012,16,Andes,Definitivo,5,5,0,0.5105220079422,0.5105220079422,0,0,0,3.93818187713623,4.62545442581177,5,5,0.789855062961578,0.967391312122345,1,1,46,1.03999996185303,5.19999980926514
08,2011-08-20,52050040,3,Definitivo,SANDONA [52050040],Pluviométrica,Convencional,Activa,Nariño,Sandoná,1.3223,-77.4792,20,9/15/1963,,Cudayari,Pacifico,Patía,Río Guáitara,2011,20,Andes,Definitivo,3,3,0,9.30960750579834,9.30960750579834,12.6630153656006,7.44187211990356,5.88749361038208,3.93818187713623,4.62545442581177,5,5,0.789855062961578,0.967391312122345,1,1,46,1.03999996185303,3.11999988555908
08,2012-08-23,52050040,,"",SANDONA [52050040],Pluviométrica,Convencional,Activa,Nariño,Sandoná,1.3223,-77.4792,20,9/15/1963,,Cudayari,Pacifico,Patía,Río Guáitara,2012,23,Andes,Preliminar,0,0,0,1.1170529127121,1.1170529127121,0,0,0,3.93818187713623,4.62545442581177,5,5,0.789855062961578,0.967391312122345,1,1,47,1.03999996185303,0
08,2012-08-24,52050040,,"",SANDONA [52050040],Pluviométrica,Convencional,Activa,Nariño,Sandoná,1.3223,-77.4792,20,9/15/1963,,Cudayari,Pacifico,Patía,Río Guáitara,2012,24,Andes,Preliminar,0,0,0,0.775305151939392,0.775305151939392,0,0,0,3.93818187713623,4.62545442581177,5,5,0.789855062961578,0.967391312122345,1,1,47,1.03999996185303,0
08,2014-08-25,52050040,10,Definitivo,SANDONA [52050040],Pluviométrica,Convencional,Activa,Nariño,Sandoná,1.3223,-77.4792,20,9/15/1963,,Cudayari,Pacifico,Patía,Río Guáitara,2014,25,Andes,Definitivo,10,10,0,1.06257176399231,1.06257176399231,0,0,0,3.93818187713623,4.62545442581177,5,5,0.789855062961578,0.967391312122345,1,1,47,1.03999996185303,10.3999996185303
08,2019-08-24,52050040,,"",SANDONA [52050040],Pluviométrica,Convencional,Activa,Nariño,Sandoná,1.3223,-77.4792,20,9/15/1963,,Cudayari,Pacifico,Patía,Río Guáitara,2019,24,Andes,Preliminar,0,0,0,0.621319055557251,0.621319055557251,0,0,0,3.93818187713623,4.62545442581177,5,5,0.789855062961578,0.967391312122345,1,1,47,1.03999996185303,0
08,2018-08-27,52050040,,"",SANDONA [52050040],Pluviométrica,Convencional,Activa,Nariño,Sandoná,1.3223,-77.4792,20,9/15/1963,,Cudayari,Pacifico,Patía,Río Guáitara,2018,27,Andes,Preliminar,0,0,0,1.65761232376099,1.65761232376099,0,0,0,3.93818187713623,4.62545442581177,5,5,0.789855062961578,0.967391312122345,1,1,48,1.03999996185303,0
08,2018-08-28,52050040,,"",SANDONA [52050040],Pluviométrica,Convencional,Activa,Nariño,Sandoná,1.3223,-77.4792,20,9/15/1963,,Cudayari,Pacifico,Patía,Río Guáitara,2018,28,Andes,Preliminar,0,0,0,0.258838891983032,0.258838891983032,0,0,0,3.93818187713623,4.62545442581177,5,5,0.789855062961578,0.967391312122345,1,1,48,1.03999996185303,0
08,2020-08-28,52050040,6,En revisión,SANDONA [52050040],Pluviométrica,Convencional,Activa,Nariño,Sandoná,1.3223,-77.4792,20,9/15/1963,,Cudayari,Pacifico,Patía,Río Guáitara,2020,28,Andes,En revisión,6,6,0,5.42628479003906,5.42628479003906,9.20105934143066,3.48779964447022,0.301723390817642,3.93818187713623,4.62545442581177,5,5,0.789855062961578,0.967391312122345,1,1,48,1.03999996185303,6.23999977111816
08,2022-08-25,52050040,,"",SANDONA [52050040],Pluviométrica,Convencional,Activa,Nariño,Sandoná,1.3223,-77.4792,20,9/15/1963,,Cudayari,Pacifico,Patía,Río Guáitara,2022,25,Andes,Preliminar,0,0,0,0.704444587230682,0.704444587230682,0,0,0,3.93818187713623,4.62545442581177,5,5,0.789855062961578,0.967391312122345,1,1,47,1.03999996185303,0
08,2023-08-24,52050040,,"",SANDONA [52050040],Pluviométrica,Convencional,Activa,Nariño,Sandoná,1.3223,-77.4792,20,9/15/1963,,Cudayari,Pacifico,Patía,Río Guáitara,2023,24,Andes,Preliminar,0,0,0,1.14745402336121,1.14745402336121,0,2.64401793479919,0.2586669921875,3.93818187713623,4.62545442581177,5,5,0.789855062961578,0.967391312122345,1,1,47,1.03999996185303,0
08,2022-08-23,52050040,,"",SANDONA [52050040],Pluviométrica,Convencional,Activa,Nariño,Sandoná,1.3223,-77.4792,20,9/15/1963,,Cudayari,Pacifico,Patía,Río Guáitara,2022,23,Andes,Preliminar,0,0,0,0.152452781796455,0.152452781796455,0,0,0,3.93818187713623,4.62545442581177,5,5,0.789855062961578,0.967391312122345,1,1,47,1.03999996185303,0
08,2021-08-22,52050040,,"",SANDONA [52050040],Pluviométrica,Convencional,Activa,Nariño,Sandoná,1.3223,-77.4792,20,9/15/1963,,Cudayari,Pacifico,Patía,Río Guáitara,2021,22,Andes,Preliminar,0,0,0,0.788415133953095,0.788415133953095,0,1.88840985298157,0.0108932768926024,3.93818187713623,4.62545442581177,5,5,0.789855062961578,0.967391312122345,1,1,47,1.03999996185303,0
08,2023-08-19,52050040,12,En revisión,SANDONA [52050040],Pluviométrica,Convencional,Activa,Nariño,Sandoná,1.3223,-77.4792,20,9/15/1963,,Cudayari,Pacifico,Patía,Río Guáitara,2023,19,Andes,En revisión,12,12,0,2.55762004852295,2.55762004852295,7.28839731216431,3.66450357437134,5.23145437240601,3.93818187713623,4.62545442581177,5,5,0.789855062961578,0.967391312122345,1,1,46,1.03999996185303,12.4799995422363
08,2023-08-16,52050040,1,En revisión,SANDONA [52050040],Pluviométrica,Convencional,Activa,Nariño,Sandoná,1.3223,-77.4792,20,9/15/1963,,Cudayari,Pacifico,Patía,Río Guáitara,2023,16,Andes,En revisión,1,1,0,0.946110725402832,0.946110725402832,0,3.66450357437134,0,3.93818187713623,4.62545442581177,5,5,0.789855062961578,0.967391312122345,1,1,46,1.03999996185303,1.03999996185303
08,2021-08-17,52050040,3,En revisión,SANDONA [52050040],Pluviométrica,Convencional,Activa,Nariño,Sandoná,1.3223,-77.4792,20,9/15/1963,,Cudayari,Pacifico,Patía,Río Guáitara,2021,17,Andes,En revisión,3,3,0,4.59628105163574,4.59628105163574,0,0,0,3.93818187713623,4.62545442581177,5,5,0.789855062961578,0.967391312122345,1,1,46,1.03999996185303,3.11999988555908
08,2023-08-14,52050040,,"",SANDONA [52050040],Pluviométrica,Convencional,Activa,Nariño,Sandoná,1.3223,-77.4792,20,9/15/1963,,Cudayari,Pacifico,Patía,Río Guáitara,2023,14,Andes,Preliminar,0,0,0,0.653018772602081,0.653018772602081,0,0,0,3.93818187713623,4.62545442581177,5,5,0.789855062961578,0.967391312122345,1,1,45,1.03999996185303,0
08,2023-08-12,52050040,,"",SANDONA [52050040],Pluviométrica,Convencional,Activa,Nariño,Sandoná,1.3223,-77.4792,20,9/15/1963,,Cudayari,Pacifico,Patía,Río Guáitara,2023,12,Andes,Preliminar,0,0,0,0.628724575042725,0.628724575042725,0,0,0,3.93818187713623,4.62545442581177,5,5,0.789855062961578,0.967391312122345,1,1,45,1.03999996185303,0
08,2023-08-11,52050040,,"",SANDONA [52050040],Pluviométrica,Convencional,Activa,Nariño,Sandoná,1.3223,-77.4792,20,9/15/1963,,Cudayari,Pacifico,Patía,Río Guáitara,2023,11,Andes,Preliminar,0,0,0,0.389650225639343,0.389650225639343,0,0,0,3.93818187713623,4.62545442581177,5,5,0.789855062961578,0.967391312122345,1,1,45,1.03999996185303,0
08,2001-08-26,52050040,,"",SANDONA [52050040],Pluviométrica,Convencional,Activa,Nariño,Sandoná,1.3223,-77.4792,20,9/15/1963,,Cudayari,Pacifico,Patía,Río Guáitara,2001,26,Andes,Preliminar,0,0,0,2.12437558174133,2.12437558174133,4.07166957855225,0,0,3.93818187713623,4.62545442581177,5,5,0.789855062961578,0.967391312122345,1,1,48,1.03999996185303,0
08,2002-08-24,52050040,,"",SANDONA [52050040],Pluviométrica,Convencional,Activa,Nariño,Sandoná,1.3223,-77.4792,20,9/15/1963,,Cudayari,Pacifico,Patía,Río Guáitara,2002,24,Andes,Preliminar,0,0,0,0.175631508231163,0.175631508231163,0,0,0,3.93818187713623,4.62545442581177,5,5,0.789855062961578,0.967391312122345,1,1,47,1.03999996185303,0
08,2001-08-25,52050040,,"",SANDONA [52050040],Pluviométrica,Convencional,Activa,Nariño,Sandoná,1.3223,-77.4792,20,9/15/1963,,Cudayari,Pacifico,Patía,Río Guáitara,2001,25,Andes,Preliminar,0,0,0,2.99940133094788,2.99940133094788,5.74878120422363,0,0,3.93818187713623,4.62545442581177,5,5,0.789855062961578,0.967391312122345,1,1,47,1.03999996185303,0
08,2002-08-23,52050040,,"",SANDONA [52050040],Pluviométrica,Convencional,Activa,Nariño,Sandoná,1.3223,-77.4792,20,9/15/1963,,Cudayari,Pacifico,Patía,Río Guáitara,2002,23,Andes,Preliminar,0,0,0,0,0,0,0,0,3.93818187713623,4.62545442581177,5,5,0.789855062961578,0.967391312122345,1,1,47,1.03999996185303,0
08,2003-08-21,52050040,,"",SANDONA [52050040],Pluviométrica,Convencional,Activa,Nariño,Sandoná,1.3223,-77.4792,20,9/15/1963,,Cudayari,Pacifico,Patía,Río Guáitara,2003,21,Andes,Preliminar,0,0,0,2.35254383087158,2.35254383087158,4.01351261138916,1.10851240158081,1.60404407978058,3.93818187713623,4.62545442581177,5,5,0.789855062961578,0.967391312122345,1,1,47,1.03999996185303,0
08,2003-08-20,52050040,,"",SANDONA [52050040],Pluviométrica,Convencional,Activa,Nariño,Sandoná,1.3223,-77.4792,20,9/15/1963,,Cudayari,Pacifico,Patía,Río Guáitara,2003,20,Andes,Preliminar,0,0,0,2.40969753265381,2.40969753265381,0,0,0,3.93818187713623,4.62545442581177,5,5,0.789855062961578,0.967391312122345,1,1,46,1.03999996185303,0
08,2002-08-21,52050040,,"",SANDONA [52050040],Pluviométrica,Convencional,Activa,Nariño,Sandoná,1.3223,-77.4792,20,9/15/1963,,Cudayari,Pacifico,Patía,Río Guáitara,2002,21,Andes,Preliminar,0,0,0,0,0,0,0,0,3.93818187713623,4.62545442581177,5,5,0.789855062961578,0.967391312122345,1,1,47,1.03999996185303,0
08,2003-08-19,52050040,,"",SANDONA [52050040],Pluviométrica,Convencional,Activa,Nariño,Sandoná,1.3223,-77.4792,20,9/15/1963,,Cudayari,Pacifico,Patía,Río Guáitara,2003,19,Andes,Preliminar,0,0,0,1.54220652580261,1.54220652580261,0,0,0,3.93818187713623,4.62545442581177,5,5,0.789855062961578,0.967391312122345,1,1,46,1.03999996185303,0
08,2001-08-19,52050040,,"",SANDONA [52050040],Pluviométrica,Convencional,Activa,Nariño,Sandoná,1.3223,-77.4792,20,9/15/1963,,Cudayari,Pacifico,Patía,Río Guáitara,2001,19,Andes,Preliminar,0,0,0,0.321423202753067,0.321423202753067,0,0,0,3.93818187713623,4.62545442581177,5,5,0.789855062961578,0.967391312122345,1,1,46,1.03999996185303,0
08,2001-08-16,52050040,,"",SANDONA [52050040],Pluviométrica,Convencional,Activa,Nariño,Sandoná,1.3223,-77.4792,20,9/15/1963,,Cudayari,Pacifico,Patía,Río Guáitara,2001,16,Andes,Preliminar,0,0,0,0.321423202753067,0.321423202753067,0,0,0,3.93818187713623,4.62545442581177,5,5,0.789855062961578,0.967391312122345,1,1,46,1.03999996185303,0
08,2002-08-12,52050040,,"",SANDONA [52050040],Pluviométrica,Convencional,Activa,Nariño,Sandoná,1.3223,-77.4792,20,9/15/1963,,Cudayari,Pacifico,Patía,Río Guáitara,2002,12,Andes,Preliminar,0,0,0,0.427512735128403,0.427512735128403,0,0,0,3.93818187713623,4.62545442581177,5,5,0.789855062961578,0.967391312122345,1,1,45,1.03999996185303,0
08,2001-08-11,52050040,,"",SANDONA [52050040],Pluviométrica,Convencional,Activa,Nariño,Sandoná,1.3223,-77.4792,20,9/15/1963,,Cudayari,Pacifico,Patía,Río Guáitara,2001,11,Andes,Preliminar,0,0,0,0,0,0,0,0,3.93818187713623,4.62545442581177,5,5,0.789855062961578,0.967391312122345,1,1,45,1.03999996185303,0
08,2003-08-08,52050040,9,Definitivo,SANDONA [52050040],Pluviométrica,Convencional,Activa,Nariño,Sandoná,1.3223,-77.4792,20,9/15/1963,,Cudayari,Pacifico,Patía,Río Guáitara,2003,08,Andes,Definitivo,9,9,0,4.04235172271729,4.04235172271729,6.26388454437256,4.79202747344971,5.53484010696411,3.93818187713623,4.62545442581177,5,5,0.789855062961578,0.967391312122345,1,1,44,1.03999996185303,9.35999965667725
08,2004-08-03,52050040,,"",SANDONA [52050040],Pluviométrica,Convencional,Activa,Nariño,Sandoná,1.3223,-77.4792,20,9/15/1963,,Cudayari,Pacifico,Patía,Río Guáitara,2004,03,Andes,Preliminar,0,0,0,0.458718657493591,0.458718657493591,0,0.175384745001793,0.22526328265667,3.93818187713623,4.62545442581177,5,5,0.789855062961578,0.967391312122345,1,1,43,1.03999996185303,0
08,2004-08-04,52050040,,"",SANDONA [52050040],Pluviométrica,Convencional,Activa,Nariño,Sandoná,1.3223,-77.4792,20,9/15/1963,,Cudayari,Pacifico,Patía,Río Guáitara,2004,04,Andes,Preliminar,0,0,0,0,0,0,0.0510445162653923,0,3.93818187713623,4.62545442581177,5,5,0.789855062961578,0.967391312122345,1,1,43,1.03999996185303,0
08,2004-08-05,52050040,,"",SANDONA [52050040],Pluviométrica,Convencional,Activa,Nariño,Sandoná,1.3223,-77.4792,20,9/15/1963,,Cudayari,Pacifico,Patía,Río Guáitara,2004,05,Andes,Preliminar,0,0,0,0,0,0,0.0289187002927065,0.090105302631855,3.93818187713623,4.62545442581177,5,5,0.789855062961578,0.967391312122345,1,1,43,1.03999996185303,0
08,2008-08-06,52050040,,"",SANDONA [52050040],Pluviométrica,Convencional,Activa,Nariño,Sandoná,1.3223,-77.4792,20,9/15/1963,,Cudayari,Pacifico,Patía,Río Guáitara,2008,06,Andes,Preliminar,0,0,0,0.963398873806,0.963398873806,0,0.132778316736221,0.106011435389519,3.93818187713623,4.62545442581177,5,5,0.789855062961578,0.967391312122345,1,1,44,1.03999996185303,0
08,2010-08-07,52050040,1,Definitivo,SANDONA [52050040],Pluviométrica,Convencional,Activa,Nariño,Sandoná,1.3223,-77.4792,20,9/15/1963,,Cudayari,Pacifico,Patía,Río Guáitara,2010,07,Andes,Definitivo,1,1,0,0.994266629219055,0.994266629219055,0,0,0,3.93818187713623,4.62545442581177,5,5,0.789855062961578,0.967391312122345,1,1,44,1.03999996185303,1.03999996185303
08,2010-08-08,52050040,,"",SANDONA [52050040],Pluviométrica,Convencional,Activa,Nariño,Sandoná,1.3223,-77.4792,20,9/15/1963,,Cudayari,Pacifico,Patía,Río Guáitara,2010,08,Andes,Preliminar,0,0,0,1.98853325843811,1.98853325843811,0,0,0,3.93818187713623,4.62545442581177,5,5,0.789855062961578,0.967391312122345,1,1,44,1.03999996185303,0
08,2012-08-08,52050040,,"",SANDONA [52050040],Pluviométrica,Convencional,Activa,Nariño,Sandoná,1.3223,-77.4792,20,9/15/1963,,Cudayari,Pacifico,Patía,Río Guáitara,2012,08,Andes,Preliminar,0,0,0,0.36389833688736,0.36389833688736,0,0,0,3.93818187713623,4.62545442581177,5,5,0.789855062961578,0.967391312122345,1,1,44,1.03999996185303,0
08,2014-08-10,52050040,,"",SANDONA [52050040],Pluviométrica,Convencional,Activa,Nariño,Sandoná,1.3223,-77.4792,20,9/15/1963,,Cudayari,Pacifico,Patía,Río Guáitara,2014,10,Andes,Preliminar,0,0,0,0.49292317032814,0.49292317032814,0,0,0,3.93818187713623,4.62545442581177,5,5,0.789855062961578,0.967391312122345,1,1,44,1.03999996185303,0
08,2013-08-13,52050040,2,Definitivo,SANDONA [52050040],Pluviométrica,Convencional,Activa,Nariño,Sandoná,1.3223,-77.4792,20,9/15/1963,,Cudayari,Pacifico,Patía,Río Guáitara,2013,13,Andes,Definitivo,2,2,0,1.49848210811615,1.49848210811615,0,6.05848741531372,0,3.93818187713623,4.62545442581177,5,5,0.789855062961578,0.967391312122345,1,1,45,1.03999996185303,2.07999992370605
08,2013-08-14,52050040,,"",SANDONA [52050040],Pluviométrica,Convencional,Activa,Nariño,Sandoná,1.3223,-77.4792,20,9/15/1963,,Cudayari,Pacifico,Patía,Río Guáitara,2013,14,Andes,Preliminar,0,0,0,13.1356582641602,13.1356582641602,7.03017330169678,2.42943739891052,0.526225805282593,3.93818187713623,4.62545442581177,5,5,0.789855062961578,0.967391312122345,1,1,45,1.03999996185303,0
08,2011-08-21,52050040,2,Definitivo,SANDONA [52050040],Pluviométrica,Convencional,Activa,Nariño,Sandoná,1.3223,-77.4792,20,9/15/1963,,Cudayari,Pacifico,Patía,Río Guáitara,2011,21,Andes,Definitivo,2,2,0,15.16565990448,15.16565990448,0,3.19813919067383,4.18055438995361,3.93818187713623,4.62545442581177,5,5,0.789855062961578,0.967391312122345,1,1,47,1.03999996185303,2.07999992370605
08,2013-08-21,52050040,,"",SANDONA [52050040],Pluviométrica,Convencional,Activa,Nariño,Sandoná,1.3223,-77.4792,20,9/15/1963,,Cudayari,Pacifico,Patía,Río Guáitara,2013,21,Andes,Preliminar,0,0,0,0.614591717720032,0.614591717720032,0,0.600285232067108,0.0396349765360355,3.93818187713623,4.62545442581177,5,5,0.789855062961578,0.967391312122345,1,1,47,1.03999996185303,0
08,2013-08-22,52050040,,"",SANDONA [52050040],Pluviométrica,Convencional,Activa,Nariño,Sandoná,1.3223,-77.4792,20,9/15/1963,,Cudayari,Pacifico,Patía,Río Guáitara,2013,22,Andes,Preliminar,0,0,0,0.570593297481537,0.570593297481537,0,0.484732955694199,0.245736852288246,3.93818187713623,4.62545442581177,5,5,0.789855062961578,0.967391312122345,1,1,47,1.03999996185303,0
08,2014-08-26,52050040,3,Definitivo,SANDONA [52050040],Pluviométrica,Convencional,Activa,Nariño,Sandoná,1.3223,-77.4792,20,9/15/1963,,Cudayari,Pacifico,Patía,Río Guáitara,2014,26,Andes,Definitivo,3,3,0,1.34928047657013,1.34928047657013,0,1.03602874279022,2.51280355453491,3.93818187713623,4.62545442581177,5,5,0.789855062961578,0.967391312122345,1,1,48,1.03999996185303,3.11999988555908
08,2017-08-24,52050040,,"",SANDONA [52050040],Pluviométrica,Convencional,Activa,Nariño,Sandoná,1.3223,-77.4792,20,9/15/1963,,Cudayari,Pacifico,Patía,Río Guáitara,2017,24,Andes,Preliminar,0,0,0,1.55640578269959,1.55640578269959,0,3.0519905090332,0.0296811927109957,3.93818187713623,4.62545442581177,5,5,0.789855062961578,0.967391312122345,1,1,47,1.03999996185303,0
08,2019-08-25,52050040,,"",SANDONA [52050040],Pluviométrica,Convencional,Activa,Nariño,Sandoná,1.3223,-77.4792,20,9/15/1963,,Cudayari,Pacifico,Patía,Río Guáitara,2019,25,Andes,Preliminar,0,0,0,0.396914094686508,0.396914094686508,0,0,0,3.93818187713623,4.62545442581177,5,5,0.789855062961578,0.967391312122345,1,1,47,1.03999996185303,0
08,2019-08-26,52050040,,"",SANDONA [52050040],Pluviométrica,Convencional,Activa,Nariño,Sandoná,1.3223,-77.4792,20,9/15/1963,,Cudayari,Pacifico,Patía,Río Guáitara,2019,26,Andes,Preliminar,0,0,0,0.980429410934448,0.980429410934448,0,0,0,3.93818187713623,4.62545442581177,5,5,0.789855062961578,0.967391312122345,1,1,48,1.03999996185303,0
08,2021-08-26,52050040,12,En revisión,SANDONA [52050040],Pluviométrica,Convencional,Activa,Nariño,Sandoná,1.3223,-77.4792,20,9/15/1963,,Cudayari,Pacifico,Patía,Río Guáitara,2021,26,Andes,En revisión,12,12,0,4.77487182617188,4.77487182617188,9.34804630279541,3.05189037322998,1.5989853143692,3.93818187713623,4.62545442581177,5,5,0.789855062961578,0.967391312122345,1,1,48,1.03999996185303,12.4799995422363
08,2020-08-25,52050040,,"",SANDONA [52050040],Pluviométrica,Convencional,Activa,Nariño,Sandoná,1.3223,-77.4792,20,9/15/1963,,Cudayari,Pacifico,Patía,Río Guáitara,2020,25,Andes,Preliminar,0,0,0,3.47450685501099,3.47450685501099,5.74703931808472,5.70703125,0.0345809198915958,3.93818187713623,4.62545442581177,5,5,0.789855062961578,0.967391312122345,1,1,47,1.03999996185303,0
08,2021-08-24,52050040,9,En revisión,SANDONA [52050040],Pluviométrica,Convencional,Activa,Nariño,Sandoná,1.3223,-77.4792,20,9/15/1963,,Cudayari,Pacifico,Patía,Río Guáitara,2021,24,Andes,En revisión,9,9,0,2.55536365509033,2.55536365509033,8.79922771453857,1.88840985298157,5.81943035125732,3.93818187713623,4.62545442581177,5,5,0.789855062961578,0.967391312122345,1,1,47,1.03999996185303,9.35999965667725
08,2023-08-21,52050040,30,En revisión,SANDONA [52050040],Pluviométrica,Convencional,Activa,Nariño,Sandoná,1.3223,-77.4792,20,9/15/1963,,Cudayari,Pacifico,Patía,Río Guáitara,2023,21,Andes,En revisión,33,33,0,2.68785977363586,2.68785977363586,0,2.64401793479919,1.00058007240295,3.93818187713623,4.62545442581177,5,5,0.789855062961578,0.967391312122345,1,1,47,1.03999996185303,34.3199987411499
08,2022-08-20,52050040,,"",SANDONA [52050040],Pluviométrica,Convencional,Activa,Nariño,Sandoná,1.3223,-77.4792,20,9/15/1963,,Cudayari,Pacifico,Patía,Río Guáitara,2022,20,Andes,Preliminar,0,0,0,12.1358022689819,12.1358022689819,0,3.26139426231384,4.33078336715698,3.93818187713623,4.62545442581177,5,5,0.789855062961578,0.967391312122345,1,1,46,1.03999996185303,0
08,2021-08-19,52050040,9,En revisión,SANDONA [52050040],Pluviométrica,Convencional,Activa,Nariño,Sandoná,1.3223,-77.4792,20,9/15/1963,,Cudayari,Pacifico,Patía,Río Guáitara,2021,19,Andes,En revisión,9,9,0,4.54332780838013,4.54332780838013,9.50996112823486,0,4.33727979660034,3.93818187713623,4.62545442581177,5,5,0.789855062961578,0.967391312122345,1,1,46,1.03999996185303,9.35999965667725
08,2021-08-16,52050040,2,En revisión,SANDONA [52050040],Pluviométrica,Convencional,Activa,Nariño,Sandoná,1.3223,-77.4792,20,9/15/1963,,Cudayari,Pacifico,Patía,Río Guáitara,2021,16,Andes,En revisión,2,2,0,3.34740567207336,3.34740567207336,4.75498056411743,17.081636428833,0.0575236156582832,3.93818187713623,4.62545442581177,5,5,0.789855062961578,0.967391312122345,1,1,46,1.03999996185303,2.07999992370605
08,2022-08-15,52050040,,"",SANDONA [52050040],Pluviométrica,Convencional,Activa,Nariño,Sandoná,1.3223,-77.4792,20,9/15/1963,,Cudayari,Pacifico,Patía,Río Guáitara,2022,15,Andes,Preliminar,0,0,0,0.849588215351105,0.849588215351105,0,0.0947714000940323,0,3.93818187713623,4.62545442581177,5,5,0.789855062961578,0.967391312122345,1,1,45,1.03999996185303,0
08,2021-08-14,52050040,27,En revisión,SANDONA [52050040],Pluviométrica,Convencional,Activa,Nariño,Sandoná,1.3223,-77.4792,20,9/15/1963,,Cudayari,Pacifico,Patía,Río Guáitara,2021,14,Andes,En revisión,27,27,0,4.94388008117676,4.94388008117676,0,5.55945491790772,7.3632378578186,3.93818187713623,4.62545442581177,5,5,0.789855062961578,0.967391312122345,1,1,45,1.03999996185303,28.0799989700317
08,2022-08-12,52050040,,"",SANDONA [52050040],Pluviométrica,Convencional,Activa,Nariño,Sandoná,1.3223,-77.4792,20,9/15/1963,,Cudayari,Pacifico,Patía,Río Guáitara,2022,12,Andes,Preliminar,0,0,0,0.923240780830383,0.923240780830383,0,0.0355133190751076,0.00315199885517359,3.93818187713623,4.62545442581177,5,5,0.789855062961578,0.967391312122345,1,1,45,1.03999996185303,0
08,2023-08-10,52050040,,"",SANDONA [52050040],Pluviométrica,Convencional,Activa,Nariño,Sandoná,1.3223,-77.4792,20,9/15/1963,,Cudayari,Pacifico,Patía,Río Guáitara,2023,10,Andes,Preliminar,0,0,0,1.19727051258087,1.19727051258087,0,0.274975031614304,0,3.93818187713623,4.62545442581177,5,5,0.789855062961578,0.967391312122345,1,1,44,1.03999996185303,0
08,2023-08-09,52050040,,"",SANDONA [52050040],Pluviométrica,Convencional,Activa,Nariño,Sandoná,1.3223,-77.4792,20,9/15/1963,,Cudayari,Pacifico,Patía,Río Guáitara,2023,09,Andes,Preliminar,0,0,0,2.12483334541321,2.12483334541321,0,0.274975031614304,0.761826515197754,3.93818187713623,4.62545442581177,5,5,0.789855062961578,0.967391312122345,1,1,44,1.03999996185303,0
08,2022-08-09,52050040,0,En revisión,SANDONA [52050040],Pluviométrica,Convencional,Activa,Nariño,Sandoná,1.3223,-77.4792,20,9/15/1963,,Cudayari,Pacifico,Patía,Río Guáitara,2022,09,Andes,En revisión,0,0,0,1.76616275310516,1.76616275310516,0,0.93371045589447,1.80670535564423,3.93818187713623,4.62545442581177,5,5,0.789855062961578,0.967391312122345,1,1,44,1.03999996185303,0
08,2001-08-24,52050040,,"",SANDONA [52050040],Pluviométrica,Convencional,Activa,Nariño,Sandoná,1.3223,-77.4792,20,9/15/1963,,Cudayari,Pacifico,Patía,Río Guáitara,2001,24,Andes,Preliminar,0,0,0,0,0,0,0,0,3.93818187713623,4.62545442581177,5,5,0.789855062961578,0.967391312122345,1,1,47,1.03999996185303,0
08,2002-08-22,52050040,,"",SANDONA [52050040],Pluviométrica,Convencional,Activa,Nariño,Sandoná,1.3223,-77.4792,20,9/15/1963,,Cudayari,Pacifico,Patía,Río Guáitara,2002,22,Andes,Preliminar,0,0,0,0,0,0,0,0,3.93818187713623,4.62545442581177,5,5,0.789855062961578,0.967391312122345,1,1,47,1.03999996185303,0
08,2001-08-23,52050040,,"",SANDONA [52050040],Pluviométrica,Convencional,Activa,Nariño,Sandoná,1.3223,-77.4792,20,9/15/1963,,Cudayari,Pacifico,Patía,Río Guáitara,2001,23,Andes,Preliminar,0,0,0,0,0,0,0,0,3.93818187713623,4.62545442581177,5,5,0.789855062961578,0.967391312122345,1,1,47,1.03999996185303,0
08,2001-08-22,52050040,,"",SANDONA [52050040],Pluviométrica,Convencional,Activa,Nariño,Sandoná,1.3223,-77.4792,20,9/15/1963,,Cudayari,Pacifico,Patía,Río Guáitara,2001,22,Andes,Preliminar,0,0,0,0,0,0,0,0,3.93818187713623,4.62545442581177,5,5,0.789855062961578,0.967391312122345,1,1,47,1.03999996185303,0
08,2002-08-20,52050040,,"",SANDONA [52050040],Pluviométrica,Convencional,Activa,Nariño,Sandoná,1.3223,-77.4792,20,9/15/1963,,Cudayari,Pacifico,Patía,Río Guáitara,2002,20,Andes,Preliminar,0,0,0,0,0,0,0,0,3.93818187713623,4.62545442581177,5,5,0.789855062961578,0.967391312122345,1,1,46,1.03999996185303,0
08,2003-08-18,52050040,,"",SANDONA [52050040],Pluviométrica,Convencional,Activa,Nariño,Sandoná,1.3223,-77.4792,20,9/15/1963,,Cudayari,Pacifico,Patía,Río Guáitara,2003,18,Andes,Preliminar,0,0,0,0,0,0,0,0,3.93818187713623,4.62545442581177,5,5,0.789855062961578,0.967391312122345,1,1,46,1.03999996185303,0
08,2001-08-18,52050040,,"",SANDONA [52050040],Pluviométrica,Convencional,Activa,Nariño,Sandoná,1.3223,-77.4792,20,9/15/1963,,Cudayari,Pacifico,Patía,Río Guáitara,2001,18,Andes,Preliminar,0,0,0,0.321423202753067,0.321423202753067,0,0,0,3.93818187713623,4.62545442581177,5,5,0.789855062961578,0.967391312122345,1,1,46,1.03999996185303,0
08,2003-08-13,52050040,,"",SANDONA [52050040],Pluviométrica,Convencional,Activa,Nariño,Sandoná,1.3223,-77.4792,20,9/15/1963,,Cudayari,Pacifico,Patía,Río Guáitara,2003,13,Andes,Preliminar,0,0,0,0.333284914493561,0.333284914493561,0,0,0,3.93818187713623,4.62545442581177,5,5,0.789855062961578,0.967391312122345,1,1,45,1.03999996185303,0
08,2003-08-10,52050040,,"",SANDONA [52050040],Pluviométrica,Convencional,Activa,Nariño,Sandoná,1.3223,-77.4792,20,9/15/1963,,Cudayari,Pacifico,Patía,Río Guáitara,2003,10,Andes,Preliminar,0,0,0,0,0,0,1.06813144683838,0.250634223222733,3.93818187713623,4.62545442581177,5,5,0.789855062961578,0.967391312122345,1,1,44,1.03999996185303,0
08,2002-08-09,52050040,,"",SANDONA [52050040],Pluviométrica,Convencional,Activa,Nariño,Sandoná,1.3223,-77.4792,20,9/15/1963,,Cudayari,Pacifico,Patía,Río Guáitara,2002,09,Andes,Preliminar,0,0,0,0,0,0,0,0,3.93818187713623,4.62545442581177,5,5,0.789855062961578,0.967391312122345,1,1,44,1.03999996185303,0
08,2003-08-05,52050040,,"",SANDONA [52050040],Pluviométrica,Convencional,Activa,Nariño,Sandoná,1.3223,-77.4792,20,9/15/1963,,Cudayari,Pacifico,Patía,Río Guáitara,2003,05,Andes,Preliminar,0,0,0,0.113148853182793,0.113148853182793,0,0.042098019272089,0.0114243468269706,3.93818187713623,4.62545442581177,5,5,0.789855062961578,0.967391312122345,1,1,43,1.03999996185303,0
08,2002-08-04,52050040,,"",SANDONA [52050040],Pluviométrica,Convencional,Activa,Nariño,Sandoná,1.3223,-77.4792,20,9/15/1963,,Cudayari,Pacifico,Patía,Río Guáitara,2002,04,Andes,Preliminar,0,0,0,0.926551818847656,0.926551818847656,0,0.75156033039093,0.107665292918682,3.93818187713623,4.62545442581177,5,5,0.789855062961578,0.967391312122345,1,1,43,1.03999996185303,0
08,2002-08-05,52050040,,"",SANDONA [52050040],Pluviométrica,Convencional,Activa,Nariño,Sandoná,1.3223,-77.4792,20,9/15/1963,,Cudayari,Pacifico,Patía,Río Guáitara,2002,05,Andes,Preliminar,0,0,0,0.926551818847656,0.926551818847656,0,0.116766981780529,0.0050468104891479,3.93818187713623,4.62545442581177,5,5,0.789855062961578,0.967391312122345,1,1,43,1.03999996185303,0
08,2006-08-06,52050040,,"",SANDONA [52050040],Pluviométrica,Convencional,Activa,Nariño,Sandoná,1.3223,-77.4792,20,9/15/1963,,Cudayari,Pacifico,Patía,Río Guáitara,2006,06,Andes,Preliminar,0,0,0,0,0,0,0,0,3.93818187713623,4.62545442581177,5,5,0.789855062961578,0.967391312122345,1,1,44,1.03999996185303,0
08,2009-08-04,52050040,,"",SANDONA [52050040],Pluviométrica,Convencional,Activa,Nariño,Sandoná,1.3223,-77.4792,20,9/15/1963,,Cudayari,Pacifico,Patía,Río Guáitara,2009,04,Andes,Preliminar,0,0,0,0,0,0,0.0424006842076778,0,3.93818187713623,4.62545442581177,5,5,0.789855062961578,0.967391312122345,1,1,43,1.03999996185303,0
08,2008-08-07,52050040,,"",SANDONA [52050040],Pluviométrica,Convencional,Activa,Nariño,Sandoná,1.3223,-77.4792,20,9/15/1963,,Cudayari,Pacifico,Patía,Río Guáitara,2008,07,Andes,Preliminar,0,0,0,0,0,0,0.155467927455902,0.0492195934057236,3.93818187713623,4.62545442581177,5,5,0.789855062961578,0.967391312122345,1,1,44,1.03999996185303,0
08,2008-08-08,52050040,,"",SANDONA [52050040],Pluviométrica,Convencional,Activa,Nariño,Sandoná,1.3223,-77.4792,20,9/15/1963,,Cudayari,Pacifico,Patía,Río Guáitara,2008,08,Andes,Preliminar,0,0,0,1.76623153686523,1.76623153686523,0,0.0747487246990204,0.570757925510407,3.93818187713623,4.62545442581177,5,5,0.789855062961578,0.967391312122345,1,1,44,1.03999996185303,0
08,2015-08-07,52050040,,"",SANDONA [52050040],Pluviométrica,Convencional,Activa,Nariño,Sandoná,1.3223,-77.4792,20,9/15/1963,,Cudayari,Pacifico,Patía,Río Guáitara,2015,07,Andes,Preliminar,0,0,0,2.67396306991577,2.67396306991577,0,1.69067978858948,0.86333167552948,3.93818187713623,4.62545442581177,5,5,0.789855062961578,0.967391312122345,1,1,44,1.03999996185303,0
08,2015-08-08,52050040,,"",SANDONA [52050040],Pluviométrica,Convencional,Activa,Nariño,Sandoná,1.3223,-77.4792,20,9/15/1963,,Cudayari,Pacifico,Patía,Río Guáitara,2015,08,Andes,Preliminar,0,0,0,6.51147890090942,6.51147890090942,0,5.58607959747315,0.782245397567749,3.93818187713623,4.62545442581177,5,5,0.789855062961578,0.967391312122345,1,1,44,1.03999996185303,0
08,2014-08-11,52050040,,"",SANDONA [52050040],Pluviométrica,Convencional,Activa,Nariño,Sandoná,1.3223,-77.4792,20,9/15/1963,,Cudayari,Pacifico,Patía,Río Guáitara,2014,11,Andes,Preliminar,0,0,0,0.555086851119995,0.555086851119995,0,0,0,3.93818187713623,4.62545442581177,5,5,0.789855062961578,0.967391312122345,1,1,45,1.03999996185303,0
08,2012-08-17,52050040,,"",SANDONA [52050040],Pluviométrica,Convencional,Activa,Nariño,Sandoná,1.3223,-77.4792,20,9/15/1963,,Cudayari,Pacifico,Patía,Río Guáitara,2012,17,Andes,Preliminar,0,0,0,2.86242055892944,2.86242055892944,10.9137916564941,0,0,3.93818187713623,4.62545442581177,5,5,0.789855062961578,0.967391312122345,1,1,46,1.03999996185303,0
08,2012-08-18,52050040,,"",SANDONA [52050040],Pluviométrica,Convencional,Activa,Nariño,Sandoná,1.3223,-77.4792,20,9/15/1963,,Cudayari,Pacifico,Patía,Río Guáitara,2012,18,Andes,Preliminar,0,0,0,3.59376907348633,3.59376907348633,0,0,0,3.93818187713623,4.62545442581177,5,5,0.789855062961578,0.967391312122345,1,1,46,1.03999996185303,0
08,2011-08-22,52050040,4,Definitivo,SANDONA [52050040],Pluviométrica,Convencional,Activa,Nariño,Sandoná,1.3223,-77.4792,20,9/15/1963,,Cudayari,Pacifico,Patía,Río Guáitara,2011,22,Andes,Definitivo,4,4,0,2.64382696151733,2.64382696151733,10.9719953536987,5.77425146102905,5.79842901229858,3.93818187713623,4.62545442581177,5,5,0.789855062961578,0.967391312122345,1,1,47,1.03999996185303,4.15999984741211
08,2012-08-25,52050040,,"",SANDONA [52050040],Pluviométrica,Convencional,Activa,Nariño,Sandoná,1.3223,-77.4792,20,9/15/1963,,Cudayari,Pacifico,Patía,Río Guáitara,2012,25,Andes,Preliminar,0,0,0,0.901854157447815,0.901854157447815,0,0,0,3.93818187713623,4.62545442581177,5,5,0.789855062961578,0.967391312122345,1,1,47,1.03999996185303,0
08,2015-08-24,52050040,,"",SANDONA [52050040],Pluviométrica,Convencional,Activa,Nariño,Sandoná,1.3223,-77.4792,20,9/15/1963,,Cudayari,Pacifico,Patía,Río Guáitara,2015,24,Andes,Preliminar,0,0,0,1.14553213119507,1.14553213119507,0,0.425596117973328,0.056033443659544,3.93818187713623,4.62545442581177,5,5,0.789855062961578,0.967391312122345,1,1,47,1.03999996185303,0
08,2015-08-25,52050040,,"",SANDONA [52050040],Pluviométrica,Convencional,Activa,Nariño,Sandoná,1.3223,-77.4792,20,9/15/1963,,Cudayari,Pacifico,Patía,Río Guáitara,2015,25,Andes,Preliminar,0,0,0,1.29583358764648,1.29583358764648,0,1.05049228668213,0,3.93818187713623,4.62545442581177,5,5,0.789855062961578,0.967391312122345,1,1,47,1.03999996185303,0
08,2017-08-25,52050040,,"",SANDONA [52050040],Pluviométrica,Convencional,Activa,Nariño,Sandoná,1.3223,-77.4792,20,9/15/1963,,Cudayari,Pacifico,Patía,Río Guáitara,2017,25,Andes,Preliminar,0,0,0,2.0255138874054,2.0255138874054,0,1.45677280426025,0.0576164312660694,3.93818187713623,4.62545442581177,5,5,0.789855062961578,0.967391312122345,1,1,47,1.03999996185303,0
08,2020-08-23,52050040,1,En revisión,SANDONA [52050040],Pluviométrica,Convencional,Activa,Nariño,Sandoná,1.3223,-77.4792,20,9/15/1963,,Cudayari,Pacifico,Patía,Río Guáitara,2020,23,Andes,En revisión,1,1,0,2.35213851928711,2.35213851928711,0,3.33444499969482,4.46478080749512,3.93818187713623,4.62545442581177,5,5,0.789855062961578,0.967391312122345,1,1,47,1.03999996185303,1.03999996185303
08,2022-08-24,52050040,,"",SANDONA [52050040],Pluviométrica,Convencional,Activa,Nariño,Sandoná,1.3223,-77.4792,20,9/15/1963,,Cudayari,Pacifico,Patía,Río Guáitara,2022,24,Andes,Preliminar,0,0,0,0.158301368355751,0.158301368355751,0,0,0,3.93818187713623,4.62545442581177,5,5,0.789855062961578,0.967391312122345,1,1,47,1.03999996185303,0
08,2018-08-26,52050040,,"",SANDONA [52050040],Pluviométrica,Convencional,Activa,Nariño,Sandoná,1.3223,-77.4792,20,9/15/1963,,Cudayari,Pacifico,Patía,Río Guáitara,2018,26,Andes,Preliminar,0,0,0,0.600291728973389,0.600291728973389,0,0,0,3.93818187713623,4.62545442581177,5,5,0.789855062961578,0.967391312122345,1,1,48,1.03999996185303,0
08,2022-08-22,52050040,,"",SANDONA [52050040],Pluviométrica,Convencional,Activa,Nariño,Sandoná,1.3223,-77.4792,20,9/15/1963,,Cudayari,Pacifico,Patía,Río Guáitara,2022,22,Andes,Preliminar,0,0,0,0.609070777893066,0.609070777893066,0,0,0,3.93818187713623,4.62545442581177,5,5,0.789855062961578,0.967391312122345,1,1,47,1.03999996185303,0
08,2021-08-21,52050040,,"",SANDONA [52050040],Pluviométrica,Convencional,Activa,Nariño,Sandoná,1.3223,-77.4792,20,9/15/1963,,Cudayari,Pacifico,Patía,Río Guáitara,2021,21,Andes,Preliminar,0,0,0,0.658540189266205,0.658540189266205,0,1.88840985298157,0.035100556910038,3.93818187713623,4.62545442581177,5,5,0.789855062961578,0.967391312122345,1,1,47,1.03999996185303,0
08,2020-08-20,52050040,,"",SANDONA [52050040],Pluviométrica,Convencional,Activa,Nariño,Sandoná,1.3223,-77.4792,20,9/15/1963,,Cudayari,Pacifico,Patía,Río Guáitara,2020,20,Andes,Preliminar,0,0,0,2.53830575942993,2.53830575942993,0,0.964100658893585,4.5713005065918,3.93818187713623,4.62545442581177,5,5,0.789855062961578,0.967391312122345,1,1,46,1.03999996185303,0
08,2022-08-17,52050040,3,En revisión,SANDONA [52050040],Pluviométrica,Convencional,Activa,Nariño,Sandoná,1.3223,-77.4792,20,9/15/1963,,Cudayari,Pacifico,Patía,Río Guáitara,2022,17,Andes,En revisión,3,3,0,2.78295350074768,2.78295350074768,16.5417976379395,2.08539772033691,8.26663875579834,3.93818187713623,4.62545442581177,5,5,0.789855062961578,0.967391312122345,1,1,46,1.03999996185303,3.11999988555908
08,2022-08-14,52050040,7,En revisión,SANDONA [52050040],Pluviométrica,Convencional,Activa,Nariño,Sandoná,1.3223,-77.4792,20,9/15/1963,,Cudayari,Pacifico,Patía,Río Guáitara,2022,14,Andes,En revisión,7,7,0,1.30041646957397,1.30041646957397,7.50021600723267,0.0521113499999046,0.0371076203882694,3.93818187713623,4.62545442581177,5,5,0.789855062961578,0.967391312122345,1,1,45,1.03999996185303,7.27999973297119
08,2023-08-13,52050040,,"",SANDONA [52050040],Pluviométrica,Convencional,Activa,Nariño,Sandoná,1.3223,-77.4792,20,9/15/1963,,Cudayari,Pacifico,Patía,Río Guáitara,2023,13,Andes,Preliminar,0,0,0,0.690274357795715,0.690274357795715,0,0,0,3.93818187713623,4.62545442581177,5,5,0.789855062961578,0.967391312122345,1,1,45,1.03999996185303,0
08,2021-08-13,52050040,,"",SANDONA [52050040],Pluviométrica,Convencional,Activa,Nariño,Sandoná,1.3223,-77.4792,20,9/15/1963,,Cudayari,Pacifico,Patía,Río Guáitara,2021,13,Andes,Preliminar,0,0,0,3.76492094993591,3.76492094993591,5.97041082382202,5.55945491790772,7.81034278869629,3.93818187713623,4.62545442581177,5,5,0.789855062961578,0.967391312122345,1,1,45,1.03999996185303,0
08,2022-08-11,52050040,,"",SANDONA [52050040],Pluviométrica,Convencional,Activa,Nariño,Sandoná,1.3223,-77.4792,20,9/15/1963,,Cudayari,Pacifico,Patía,Río Guáitara,2022,11,Andes,Preliminar,0,0,0,0.761134386062622,0.761134386062622,0,0.0429169833660126,0.0320930816233158,3.93818187713623,4.62545442581177,5,5,0.789855062961578,0.967391312122345,1,1,45,1.03999996185303,0
08,2023-08-08,52050040,,"",SANDONA [52050040],Pluviométrica,Convencional,Activa,Nariño,Sandoná,1.3223,-77.4792,20,9/15/1963,,Cudayari,Pacifico,Patía,Río Guáitara,2023,08,Andes,Preliminar,0,0,0,0.834966778755188,0.834966778755188,0,0.274975031614304,0.058033861219883,3.93818187713623,4.62545442581177,5,5,0.789855062961578,0.967391312122345,1,1,44,1.03999996185303,0
08,2021-08-10,52050040,28,En revisión,SANDONA [52050040],Pluviométrica,Convencional,Activa,Nariño,Sandoná,1.3223,-77.4792,20,9/15/1963,,Cudayari,Pacifico,Patía,Río Guáitara,2021,10,Andes,En revisión,28,28,0,0.99198704957962,0.99198704957962,0,0,0,3.93818187713623,4.62545442581177,5,5,0.789855062961578,0.967391312122345,1,1,44,1.03999996185303,29.1199989318848
08,2023-08-07,52050040,,"",SANDONA [52050040],Pluviométrica,Convencional,Activa,Nariño,Sandoná,1.3223,-77.4792,20,9/15/1963,,Cudayari,Pacifico,Patía,Río Guáitara,2023,07,Andes,Preliminar,0,0,0,1.19575524330139,1.19575524330139,3.20138502120972,0.274975031614304,0.555014789104462,3.93818187713623,4.62545442581177,5,5,0.789855062961578,0.967391312122345,1,1,44,1.03999996185303,0
08,2023-08-06,52050040,,"",SANDONA [52050040],Pluviométrica,Convencional,Activa,Nariño,Sandoná,1.3223,-77.4792,20,9/15/1963,,Cudayari,Pacifico,Patía,Río Guáitara,2023,06,Andes,Preliminar,0,0,0,1.48413407802582,1.48413407802582,0,0.274975031614304,0,3.93818187713623,4.62545442581177,5,5,0.789855062961578,0.967391312122345,1,1,44,1.03999996185303,0
08,2023-08-05,52050040,,"",SANDONA [52050040],Pluviométrica,Convencional,Activa,Nariño,Sandoná,1.3223,-77.4792,20,9/15/1963,,Cudayari,Pacifico,Patía,Río Guáitara,2023,05,Andes,Preliminar,0,0,0,0.45364785194397,0.45364785194397,0,0.0560187995433807,0,3.93818187713623,4.62545442581177,5,5,0.789855062961578,0.967391312122345,1,1,43,1.03999996185303,0
08,2023-08-04,52050040,,"",SANDONA [52050040],Pluviométrica,Convencional,Activa,Nariño,Sandoná,1.3223,-77.4792,20,9/15/1963,,Cudayari,Pacifico,Patía,Río Guáitara,2023,04,Andes,Preliminar,0,0,0,0.654340386390686,0.654340386390686,0,0.0560187995433807,0.158543765544891,3.93818187713623,4.62545442581177,5,5,0.789855062961578,0.967391312122345,1,1,43,1.03999996185303,0
08,2001-08-21,52050040,,"",SANDONA [52050040],Pluviométrica,Convencional,Activa,Nariño,Sandoná,1.3223,-77.4792,20,9/15/1963,,Cudayari,Pacifico,Patía,Río Guáitara,2001,21,Andes,Preliminar,0,0,0,0,0,0,0,0,3.93818187713623,4.62545442581177,5,5,0.789855062961578,0.967391312122345,1,1,47,1.03999996185303,0
08,2001-08-20,52050040,,"",SANDONA [52050040],Pluviométrica,Convencional,Activa,Nariño,Sandoná,1.3223,-77.4792,20,9/15/1963,,Cudayari,Pacifico,Patía,Río Guáitara,2001,20,Andes,Preliminar,0,0,0,0.321423202753067,0.321423202753067,0,0,0,3.93818187713623,4.62545442581177,5,5,0.789855062961578,0.967391312122345,1,1,46,1.03999996185303,0
08,2001-08-17,52050040,,"",SANDONA [52050040],Pluviométrica,Convencional,Activa,Nariño,Sandoná,1.3223,-77.4792,20,9/15/1963,,Cudayari,Pacifico,Patía,Río Guáitara,2001,17,Andes,Preliminar,0,0,0,0.321423202753067,0.321423202753067,0,0,0,3.93818187713623,4.62545442581177,5,5,0.789855062961578,0.967391312122345,1,1,46,1.03999996185303,0
08,2001-08-15,52050040,,"",SANDONA [52050040],Pluviométrica,Convencional,Activa,Nariño,Sandoná,1.3223,-77.4792,20,9/15/1963,,Cudayari,Pacifico,Patía,Río Guáitara,2001,15,Andes,Preliminar,0,0,0,0.926746010780334,0.926746010780334,0,0,0,3.93818187713623,4.62545442581177,5,5,0.789855062961578,0.967391312122345,1,1,45,1.03999996185303,0
08,2001-08-13,52050040,,"",SANDONA [52050040],Pluviométrica,Convencional,Activa,Nariño,Sandoná,1.3223,-77.4792,20,9/15/1963,,Cudayari,Pacifico,Patía,Río Guáitara,2001,13,Andes,Preliminar,0,0,0,1.4416047334671,1.4416047334671,0,0,0,3.93818187713623,4.62545442581177,5,5,0.789855062961578,0.967391312122345,1,1,45,1.03999996185303,0
08,2001-08-10,52050040,,"",SANDONA [52050040],Pluviométrica,Convencional,Activa,Nariño,Sandoná,1.3223,-77.4792,20,9/15/1963,,Cudayari,Pacifico,Patía,Río Guáitara,2001,10,Andes,Preliminar,0,0,0,0.48774653673172,0.48774653673172,0,0,0,3.93818187713623,4.62545442581177,5,5,0.789855062961578,0.967391312122345,1,1,44,1.03999996185303,0
08,2001-08-08,52050040,,"",SANDONA [52050040],Pluviométrica,Convencional,Activa,Nariño,Sandoná,1.3223,-77.4792,20,9/15/1963,,Cudayari,Pacifico,Patía,Río Guáitara,2001,08,Andes,Preliminar,0,0,0,0.48774653673172,0.48774653673172,0,0,0,3.93818187713623,4.62545442581177,5,5,0.789855062961578,0.967391312122345,1,1,44,1.03999996185303,0
08,2001-08-05,52050040,,"",SANDONA [52050040],Pluviométrica,Convencional,Activa,Nariño,Sandoná,1.3223,-77.4792,20,9/15/1963,,Cudayari,Pacifico,Patía,Río Guáitara,2001,05,Andes,Preliminar,0,0,0,0,0,0,0.0909821316599846,0,3.93818187713623,4.62545442581177,5,5,0.789855062961578,0.967391312122345,1,1,43,1.03999996185303,0
08,2003-08-02,52050040,,"",SANDONA [52050040],Pluviométrica,Convencional,Activa,Nariño,Sandoná,1.3223,-77.4792,20,9/15/1963,,Cudayari,Pacifico,Patía,Río Guáitara,2003,02,Andes,Preliminar,0,0,0,0.377162843942642,0.377162843942642,0,0.216546177864075,0,3.93818187713623,4.62545442581177,5,5,0.789855062961578,0.967391312122345,1,1,43,1.03999996185303,0
08,2002-08-06,52050040,,"",SANDONA [52050040],Pluviométrica,Convencional,Activa,Nariño,Sandoná,1.3223,-77.4792,20,9/15/1963,,Cudayari,Pacifico,Patía,Río Guáitara,2002,06,Andes,Preliminar,0,0,0,0,0,0,0,0,3.93818187713623,4.62545442581177,5,5,0.789855062961578,0.967391312122345,1,1,44,1.03999996185303,0
08,2007-08-04,52050040,,"",SANDONA [52050040],Pluviométrica,Convencional,Activa,Nariño,Sandoná,1.3223,-77.4792,20,9/15/1963,,Cudayari,Pacifico,Patía,Río Guáitara,2007,04,Andes,Preliminar,0,0,0,0.21858423948288,0.21858423948288,0,0.628326892852783,0.491834133863449,3.93818187713623,4.62545442581177,5,5,0.789855062961578,0.967391312122345,1,1,43,1.03999996185303,0
08,2007-08-05,52050040,,"",SANDONA [52050040],Pluviométrica,Convencional,Activa,Nariño,Sandoná,1.3223,-77.4792,20,9/15/1963,,Cudayari,Pacifico,Patía,Río Guáitara,2007,05,Andes,Preliminar,0,0,0,0,0,0,0.750293076038361,0.624918639659882,3.93818187713623,4.62545442581177,5,5,0.789855062961578,0.967391312122345,1,1,43,1.03999996185303,0
08,2009-08-05,52050040,,"",SANDONA [52050040],Pluviométrica,Convencional,Activa,Nariño,Sandoná,1.3223,-77.4792,20,9/15/1963,,Cudayari,Pacifico,Patía,Río Guáitara,2009,05,Andes,Preliminar,0,0,0,2.98726224899292,2.98726224899292,0,0.22287055850029,0.189167007803917,3.93818187713623,4.62545442581177,5,5,0.789855062961578,0.967391312122345,1,1,43,1.03999996185303,0
08,2013-08-06,52050040,,"",SANDONA [52050040],Pluviométrica,Convencional,Activa,Nariño,Sandoná,1.3223,-77.4792,20,9/15/1963,,Cudayari,Pacifico,Patía,Río Guáitara,2013,06,Andes,Preliminar,0,0,0,1.03596496582031,1.03596496582031,0,0.977758169174194,1.15691614151001,3.93818187713623,4.62545442581177,5,5,0.789855062961578,0.967391312122345,1,1,44,1.03999996185303,0
08,2013-08-07,52050040,4,Definitivo,SANDONA [52050040],Pluviométrica,Convencional,Activa,Nariño,Sandoná,1.3223,-77.4792,20,9/15/1963,,Cudayari,Pacifico,Patía,Río Guáitara,2013,07,Andes,Definitivo,4,4,0,1.55689597129822,1.55689597129822,0,2.84024453163147,0.0495821237564087,3.93818187713623,4.62545442581177,5,5,0.789855062961578,0.967391312122345,1,1,44,1.03999996185303,4.15999984741211
08,2013-08-08,52050040,,"",SANDONA [52050040],Pluviométrica,Convencional,Activa,Nariño,Sandoná,1.3223,-77.4792,20,9/15/1963,,Cudayari,Pacifico,Patía,Río Guáitara,2013,08,Andes,Preliminar,0,0,0,2.78828477859497,2.78828477859497,5.04770278930664,7.44946670532227,2.41299653053284,3.93818187713623,4.62545442581177,5,5,0.789855062961578,0.967391312122345,1,1,44,1.03999996185303,0
08,2014-08-12,52050040,0,Definitivo,SANDONA [52050040],Pluviométrica,Convencional,Activa,Nariño,Sandoná,1.3223,-77.4792,20,9/15/1963,,Cudayari,Pacifico,Patía,Río Guáitara,2014,12,Andes,Definitivo,0,0,0,0.775327682495117,0.775327682495117,0,0,0,3.93818187713623,4.62545442581177,5,5,0.789855062961578,0.967391312122345,1,1,45,1.03999996185303,0
08,2013-08-15,52050040,,"",SANDONA [52050040],Pluviométrica,Convencional,Activa,Nariño,Sandoná,1.3223,-77.4792,20,9/15/1963,,Cudayari,Pacifico,Patía,Río Guáitara,2013,15,Andes,Preliminar,0,0,0,1.53311467170715,1.53311467170715,7.03017330169678,2.52537441253662,8.90008163452148,3.93818187713623,4.62545442581177,5,5,0.789855062961578,0.967391312122345,1,1,45,1.03999996185303,0
08,2013-08-16,52050040,,"",SANDONA [52050040],Pluviométrica,Convencional,Activa,Nariño,Sandoná,1.3223,-77.4792,20,9/15/1963,,Cudayari,Pacifico,Patía,Río Guáitara,2013,16,Andes,Preliminar,0,0,0,1.24304986000061,1.24304986000061,0,0,0,3.93818187713623,4.62545442581177,5,5,0.789855062961578,0.967391312122345,1,1,46,1.03999996185303,0
08,2011-08-23,52050040,5,Definitivo,SANDONA [52050040],Pluviométrica,Convencional,Activa,Nariño,Sandoná,1.3223,-77.4792,20,9/15/1963,,Cudayari,Pacifico,Patía,Río Guáitara,2011,23,Andes,Definitivo,5,5,0,2.38687896728516,2.38687896728516,10.9719953536987,8.47936248779297,8.66907596588135,3.93818187713623,4.62545442581177,5,5,0.789855062961578,0.967391312122345,1,1,47,1.03999996185303,5.19999980926514
08,2013-08-23,52050040,6,Definitivo,SANDONA [52050040],Pluviométrica,Convencional,Activa,Nariño,Sandoná,1.3223,-77.4792,20,9/15/1963,,Cudayari,Pacifico,Patía,Río Guáitara,2013,23,Andes,Definitivo,6,6,0,0.926310420036316,0.926310420036316,0,1.75239729881287,0,3.93818187713623,4.62545442581177,5,5,0.789855062961578,0.967391312122345,1,1,47,1.03999996185303,6.23999977111816
08,2016-08-21,52050040,,"",SANDONA [52050040],Pluviométrica,Convencional,Activa,Nariño,Sandoná,1.3223,-77.4792,20,9/15/1963,,Cudayari,Pacifico,Patía,Río Guáitara,2016,21,Andes,Preliminar,0,0,0,0.254643321037293,0.254643321037293,0,0,0,3.93818187713623,4.62545442581177,5,5,0.789855062961578,0.967391312122345,1,1,47,1.03999996185303,0
08,2016-08-22,52050040,,"",SANDONA [52050040],Pluviométrica,Convencional,Activa,Nariño,Sandoná,1.3223,-77.4792,20,9/15/1963,,Cudayari,Pacifico,Patía,Río Guáitara,2016,22,Andes,Preliminar,0,0,0,2.20328330993652,2.20328330993652,0,0,0,3.93818187713623,4.62545442581177,5,5,0.789855062961578,0.967391312122345,1,1,47,1.03999996185303,0
08,2015-08-26,52050040,,"",SANDONA [52050040],Pluviométrica,Convencional,Activa,Nariño,Sandoná,1.3223,-77.4792,20,9/15/1963,,Cudayari,Pacifico,Patía,Río Guáitara,2015,26,Andes,Preliminar,0,0,0,0.623365521430969,0.623365521430969,0,0.322188645601273,0,3.93818187713623,4.62545442581177,5,5,0.789855062961578,0.967391312122345,1,1,48,1.03999996185303,0
08,2018-08-24,52050040,,"",SANDONA [52050040],Pluviométrica,Convencional,Activa,Nariño,Sandoná,1.3223,-77.4792,20,9/15/1963,,Cudayari,Pacifico,Patía,Río Guáitara,2018,24,Andes,Preliminar,0,0,0,0.58222508430481,0.58222508430481,0,0,0,3.93818187713623,4.62545442581177,5,5,0.789855062961578,0.967391312122345,1,1,47,1.03999996185303,0
08,2020-08-24,52050040,,"",SANDONA [52050040],Pluviométrica,Convencional,Activa,Nariño,Sandoná,1.3223,-77.4792,20,9/15/1963,,Cudayari,Pacifico,Patía,Río Guáitara,2020,24,Andes,Preliminar,0,0,0,2.24294948577881,2.24294948577881,0,1.78943133354187,2.31692171096802,3.93818187713623,4.62545442581177,5,5,0.789855062961578,0.967391312122345,1,1,47,1.03999996185303,0
08,2022-08-21,52050040,,"",SANDONA [52050040],Pluviométrica,Convencional,Activa,Nariño,Sandoná,1.3223,-77.4792,20,9/15/1963,,Cudayari,Pacifico,Patía,Río Guáitara,2022,21,Andes,Preliminar,0,0,0,1.54897677898407,1.54897677898407,0,0,0,3.93818187713623,4.62545442581177,5,5,0.789855062961578,0.967391312122345,1,1,47,1.03999996185303,0
08,2020-08-22,52050040,10,En revisión,SANDONA [52050040],Pluviométrica,Convencional,Activa,Nariño,Sandoná,1.3223,-77.4792,20,9/15/1963,,Cudayari,Pacifico,Patía,Río Guáitara,2020,22,Andes,En revisión,10,10,0,1.88070809841156,1.88070809841156,5.74703931808472,3.32344675064087,8.63370227813721,3.93818187713623,4.62545442581177,5,5,0.789855062961578,0.967391312122345,1,1,47,1.03999996185303,10.3999996185303
08,2022-08-19,52050040,,"",SANDONA [52050040],Pluviométrica,Convencional,Activa,Nariño,Sandoná,1.3223,-77.4792,20,9/15/1963,,Cudayari,Pacifico,Patía,Río Guáitara,2022,19,Andes,Preliminar,0,0,0,1.75034141540527,1.75034141540527,0,1.45915734767914,0.249852895736694,3.93818187713623,4.62545442581177,5,5,0.789855062961578,0.967391312122345,1,1,46,1.03999996185303,0
08,2021-08-18,52050040,0,En revisión,SANDONA [52050040],Pluviométrica,Convencional,Activa,Nariño,Sandoná,1.3223,-77.4792,20,9/15/1963,,Cudayari,Pacifico,Patía,Río Guáitara,2021,18,Andes,En revisión,0,0,0,2.8534893989563,2.8534893989563,4.75498056411743,0,0.627007365226746,3.93818187713623,4.62545442581177,5,5,0.789855062961578,0.967391312122345,1,1,46,1.03999996185303,0
08,2020-08-17,52050040,14,En revisión,SANDONA [52050040],Pluviométrica,Convencional,Activa,Nariño,Sandoná,1.3223,-77.4792,20,9/15/1963,,Cudayari,Pacifico,Patía,Río Guáitara,2020,17,Andes,En revisión,14,14,0,1.04188883304596,1.04188883304596,26.3994827270508,2.13487696647644,0.400181174278259,3.93818187713623,4.62545442581177,5,5,0.789855062961578,0.967391312122345,1,1,46,1.03999996185303,14.5599994659424
08,2020-08-14,52050040,,"",SANDONA [52050040],Pluviométrica,Convencional,Activa,Nariño,Sandoná,1.3223,-77.4792,20,9/15/1963,,Cudayari,Pacifico,Patía,Río Guáitara,2020,14,Andes,Preliminar,0,0,0,10.6458768844605,10.6458768844605,9.68467903137207,9.68219184875488,15.8383760452271,3.93818187713623,4.62545442581177,5,5,0.789855062961578,0.967391312122345,1,1,45,1.03999996185303,0
08,2021-08-12,52050040,7,En revisión,SANDONA [52050040],Pluviométrica,Convencional,Activa,Nariño,Sandoná,1.3223,-77.4792,20,9/15/1963,,Cudayari,Pacifico,Patía,Río Guáitara,2021,12,Andes,En revisión,7,7,0,2.49749875068665,2.49749875068665,0,5.55945491790772,2.10977005958557,3.93818187713623,4.62545442581177,5,5,0.789855062961578,0.967391312122345,1,1,45,1.03999996185303,7.27999973297119
08,2022-08-10,52050040,,"",SANDONA [52050040],Pluviométrica,Convencional,Activa,Nariño,Sandoná,1.3223,-77.4792,20,9/15/1963,,Cudayari,Pacifico,Patía,Río Guáitara,2022,10,Andes,Preliminar,0,0,0,1.39613282680511,1.39613282680511,0,1.16000187397003,2.02643966674805,3.93818187713623,4.62545442581177,5,5,0.789855062961578,0.967391312122345,1,1,44,1.03999996185303,0
08,2021-08-11,52050040,,"",SANDONA [52050040],Pluviométrica,Convencional,Activa,Nariño,Sandoná,1.3223,-77.4792,20,9/15/1963,,Cudayari,Pacifico,Patía,Río Guáitara,2021,11,Andes,Preliminar,0,0,0,2.28817939758301,2.28817939758301,0,5.55945491790772,5.28141212463379,3.93818187713623,4.62545442581177,5,5,0.789855062961578,0.967391312122345,1,1,45,1.03999996185303,0
08,2020-08-11,52050040,,"",SANDONA [52050040],Pluviométrica,Convencional,Activa,Nariño,Sandoná,1.3223,-77.4792,20,9/15/1963,,Cudayari,Pacifico,Patía,Río Guáitara,2020,11,Andes,Preliminar,0,0,0,0.830995082855225,0.830995082855225,0,1.78235054016113,0,3.93818187713623,4.62545442581177,5,5,0.789855062961578,0.967391312122345,1,1,45,1.03999996185303,0
08,2022-08-08,52050040,0,En revisión,SANDONA [52050040],Pluviométrica,Convencional,Activa,Nariño,Sandoná,1.3223,-77.4792,20,9/15/1963,,Cudayari,Pacifico,Patía,Río Guáitara,2022,08,Andes,En revisión,0,0,0,0.96447217464447,0.96447217464447,0,0.744314134120941,0,3.93818187713623,4.62545442581177,5,5,0.789855062961578,0.967391312122345,1,1,44,1.03999996185303,0
08,2022-08-07,52050040,,"",SANDONA [52050040],Pluviométrica,Convencional,Activa,Nariño,Sandoná,1.3223,-77.4792,20,9/15/1963,,Cudayari,Pacifico,Patía,Río Guáitara,2022,07,Andes,Preliminar,0,0,0,1.31011962890625,1.31011962890625,0,0.382972896099091,0.21973443031311,3.93818187713623,4.62545442581177,5,5,0.789855062961578,0.967391312122345,1,1,44,1.03999996185303,0
08,2022-08-06,52050040,,"",SANDONA [52050040],Pluviométrica,Convencional,Activa,Nariño,Sandoná,1.3223,-77.4792,20,9/15/1963,,Cudayari,Pacifico,Patía,Río Guáitara,2022,06,Andes,Preliminar,0,0,0,2.50319123268127,2.50319123268127,0,1.99565887451172,1.16377866268158,3.93818187713623,4.62545442581177,5,5,0.789855062961578,0.967391312122345,1,1,44,1.03999996185303,0
08,2023-08-03,52050040,,"",SANDONA [52050040],Pluviométrica,Convencional,Activa,Nariño,Sandoná,1.3223,-77.4792,20,9/15/1963,,Cudayari,Pacifico,Patía,Río Guáitara,2023,03,Andes,Preliminar,0,0,0,0.53470504283905,0.53470504283905,0,0.0560187995433807,0,3.93818187713623,4.62545442581177,5,5,0.789855062961578,0.967391312122345,1,1,43,1.03999996185303,0
08,2023-08-02,52050040,,"",SANDONA [52050040],Pluviométrica,Convencional,Activa,Nariño,Sandoná,1.3223,-77.4792,20,9/15/1963,,Cudayari,Pacifico,Patía,Río Guáitara,2023,02,Andes,Preliminar,0,0,0,0.558443665504456,0.558443665504456,0,0.0560187995433807,0.121550217270851,3.93818187713623,4.62545442581177,5,5,0.789855062961578,0.967391312122345,1,1,43,1.03999996185303,0
08,2011-08-07,52050040,,"",SANDONA [52050040],Pluviométrica,Convencional,Activa,Nariño,Sandoná,1.3223,-77.4792,20,9/15/1963,,Cudayari,Pacifico,Patía,Río Guáitara,2011,07,Andes,Preliminar,0,0,0,0.621959686279297,0.621959686279297,0,0,0,3.93818187713623,4.62545442581177,5,5,0.789855062961578,0.967391312122345,1,1,44,1.03999996185303,0
08,2011-08-08,52050040,,"",SANDONA [52050040],Pluviométrica,Convencional,Activa,Nariño,Sandoná,1.3223,-77.4792,20,9/15/1963,,Cudayari,Pacifico,Patía,Río Guáitara,2011,08,Andes,Preliminar,0,0,0,0.716230034828186,0.716230034828186,0,0,0,3.93818187713623,4.62545442581177,5,5,0.789855062961578,0.967391312122345,1,1,44,1.03999996185303,0
08,2003-08-15,52050040,,"",SANDONA [52050040],Pluviométrica,Convencional,Activa,Nariño,Sandoná,1.3223,-77.4792,20,9/15/1963,,Cudayari,Pacifico,Patía,Río Guáitara,2003,15,Andes,Preliminar,0,0,0,2.83292150497437,2.83292150497437,0,0,0,3.93818187713623,4.62545442581177,5,5,0.789855062961578,0.967391312122345,1,1,45,1.03999996185303,0
08,2003-08-12,52050040,,"",SANDONA [52050040],Pluviométrica,Convencional,Activa,Nariño,Sandoná,1.3223,-77.4792,20,9/15/1963,,Cudayari,Pacifico,Patía,Río Guáitara,2003,12,Andes,Preliminar,0,0,0,0.277737408876419,0.277737408876419,0,0,0,3.93818187713623,4.62545442581177,5,5,0.789855062961578,0.967391312122345,1,1,45,1.03999996185303,0
08,2001-08-12,52050040,,"",SANDONA [52050040],Pluviométrica,Convencional,Activa,Nariño,Sandoná,1.3223,-77.4792,20,9/15/1963,,Cudayari,Pacifico,Patía,Río Guáitara,2001,12,Andes,Preliminar,0,0,0,0,0,0,0,0,3.93818187713623,4.62545442581177,5,5,0.789855062961578,0.967391312122345,1,1,45,1.03999996185303,0
08,2003-08-07,52050040,,"",SANDONA [52050040],Pluviométrica,Convencional,Activa,Nariño,Sandoná,1.3223,-77.4792,20,9/15/1963,,Cudayari,Pacifico,Patía,Río Guáitara,2003,07,Andes,Preliminar,0,0,0,4.29499864578247,4.29499864578247,0,1.87619292736053,0.0835447460412979,3.93818187713623,4.62545442581177,5,5,0.789855062961578,0.967391312122345,1,1,44,1.03999996185303,0
08,2001-08-07,52050040,,"",SANDONA [52050040],Pluviométrica,Convencional,Activa,Nariño,Sandoná,1.3223,-77.4792,20,9/15/1963,,Cudayari,Pacifico,Patía,Río Guáitara,2001,07,Andes,Preliminar,0,0,0,0.48774653673172,0.48774653673172,0,0,0,3.93818187713623,4.62545442581177,5,5,0.789855062961578,0.967391312122345,1,1,44,1.03999996185303,0
08,2001-08-04,52050040,,"",SANDONA [52050040],Pluviométrica,Convencional,Activa,Nariño,Sandoná,1.3223,-77.4792,20,9/15/1963,,Cudayari,Pacifico,Patía,Río Guáitara,2001,04,Andes,Preliminar,0,0,0,0.206680431962013,0.206680431962013,0,0.141855850815773,0.10743547976017,3.93818187713623,4.62545442581177,5,5,0.789855062961578,0.967391312122345,1,1,43,1.03999996185303,0
08,2003-08-03,52050040,,"",SANDONA [52050040],Pluviométrica,Convencional,Activa,Nariño,Sandoná,1.3223,-77.4792,20,9/15/1963,,Cudayari,Pacifico,Patía,Río Guáitara,2003,03,Andes,Preliminar,0,0,0,0.0377162843942642,0.0377162843942642,0,0.0661221966147423,0.0588793195784092,3.93818187713623,4.62545442581177,5,5,0.789855062961578,0.967391312122345,1,1,43,1.03999996185303,0
08,2006-08-01,52050040,,"",SANDONA [52050040],Pluviométrica,Convencional,Activa,Nariño,Sandoná,1.3223,-77.4792,20,9/15/1963,,Cudayari,Pacifico,Patía,Río Guáitara,2006,01,Andes,Preliminar,0,0,0,0.648969948291779,0.648969948291779,0,0.088916689157486,0.408417612314224,3.93818187713623,4.62545442581177,5,5,0.789855062961578,0.967391312122345,1,1,43,1.03999996185303,0
08,2005-08-04,52050040,,"",SANDONA [52050040],Pluviométrica,Convencional,Activa,Nariño,Sandoná,1.3223,-77.4792,20,9/15/1963,,Cudayari,Pacifico,Patía,Río Guáitara,2005,04,Andes,Preliminar,0,0,0,0,0,0,0.0559743233025074,0.107513844966888,3.93818187713623,4.62545442581177,5,5,0.789855062961578,0.967391312122345,1,1,43,1.03999996185303,0
08,2005-08-05,52050040,,"",SANDONA [52050040],Pluviométrica,Convencional,Activa,Nariño,Sandoná,1.3223,-77.4792,20,9/15/1963,,Cudayari,Pacifico,Patía,Río Guáitara,2005,05,Andes,Preliminar,0,0,0,0,0,0,0.059832576662302,0.155297785997391,3.93818187713623,4.62545442581177,5,5,0.789855062961578,0.967391312122345,1,1,43,1.03999996185303,0
08,2012-08-03,52050040,,"",SANDONA [52050040],Pluviométrica,Convencional,Activa,Nariño,Sandoná,1.3223,-77.4792,20,9/15/1963,,Cudayari,Pacifico,Patía,Río Guáitara,2012,03,Andes,Preliminar,0,0,0,2.20226740837097,2.20226740837097,0,1.84266221523285,0,3.93818187713623,4.62545442581177,5,5,0.789855062961578,0.967391312122345,1,1,43,1.03999996185303,0
08,2020-08-21,52050040,9,En revisión,SANDONA [52050040],Pluviométrica,Convencional,Activa,Nariño,Sandoná,1.3223,-77.4792,20,9/15/1963,,Cudayari,Pacifico,Patía,Río Guáitara,2020,21,Andes,En revisión,9,9,0,4.38638114929199,4.38638114929199,0,2.3368992805481,1.04126989841461,3.93818187713623,4.62545442581177,5,5,0.789855062961578,0.967391312122345,1,1,47,1.03999996185303,9.35999965667725
08,2018-08-23,52050040,,"",SANDONA [52050040],Pluviométrica,Convencional,Activa,Nariño,Sandoná,1.3223,-77.4792,20,9/15/1963,,Cudayari,Pacifico,Patía,Río Guáitara,2018,23,Andes,Preliminar,0,0,0,0.53070992231369,0.53070992231369,0,0,0,3.93818187713623,4.62545442581177,5,5,0.789855062961578,0.967391312122345,1,1,47,1.03999996185303,0
08,2015-08-09,52050040,,"",SANDONA [52050040],Pluviométrica,Convencional,Activa,Nariño,Sandoná,1.3223,-77.4792,20,9/15/1963,,Cudayari,Pacifico,Patía,Río Guáitara,2015,09,Andes,Preliminar,0,0,0,9.21832942962646,9.21832942962646,26.9245529174805,4.62198495864868,11.437952041626,3.93818187713623,4.62545442581177,5,5,0.789855062961578,0.967391312122345,1,1,44,1.03999996185303,0
08,2015-08-10,52050040,,"",SANDONA [52050040],Pluviométrica,Convencional,Activa,Nariño,Sandoná,1.3223,-77.4792,20,9/15/1963,,Cudayari,Pacifico,Patía,Río Guáitara,2015,10,Andes,Preliminar,0,0,0,3.52606558799744,3.52606558799744,0,1.0822389125824,0.0572374612092972,3.93818187713623,4.62545442581177,5,5,0.789855062961578,0.967391312122345,1,1,44,1.03999996185303,0
08,2014-08-13,52050040,,"",SANDONA [52050040],Pluviométrica,Convencional,Activa,Nariño,Sandoná,1.3223,-77.4792,20,9/15/1963,,Cudayari,Pacifico,Patía,Río Guáitara,2014,13,Andes,Preliminar,0,0,0,1.36145305633545,1.36145305633545,0,0,0,3.93818187713623,4.62545442581177,5,5,0.789855062961578,0.967391312122345,1,1,45,1.03999996185303,0
08,2012-08-19,52050040,,"",SANDONA [52050040],Pluviométrica,Convencional,Activa,Nariño,Sandoná,1.3223,-77.4792,20,9/15/1963,,Cudayari,Pacifico,Patía,Río Guáitara,2012,19,Andes,Preliminar,0,0,0,0.447412014007568,0.447412014007568,0,0,0,3.93818187713623,4.62545442581177,5,5,0.789855062961578,0.967391312122345,1,1,46,1.03999996185303,0
08,2012-08-20,52050040,,"",SANDONA [52050040],Pluviométrica,Convencional,Activa,Nariño,Sandoná,1.3223,-77.4792,20,9/15/1963,,Cudayari,Pacifico,Patía,Río Guáitara,2012,20,Andes,Preliminar,0,0,0,0.145477756857872,0.145477756857872,0,0,0,3.93818187713623,4.62545442581177,5,5,0.789855062961578,0.967391312122345,1,1,46,1.03999996185303,0
08,2014-08-21,52050040,,"",SANDONA [52050040],Pluviométrica,Convencional,Activa,Nariño,Sandoná,1.3223,-77.4792,20,9/15/1963,,Cudayari,Pacifico,Patía,Río Guáitara,2014,21,Andes,Preliminar,0,0,0,0.564315259456635,0.564315259456635,0,0,0,3.93818187713623,4.62545442581177,5,5,0.789855062961578,0.967391312122345,1,1,47,1.03999996185303,0
08,2014-08-22,52050040,,"",SANDONA [52050040],Pluviométrica,Convencional,Activa,Nariño,Sandoná,1.3223,-77.4792,20,9/15/1963,,Cudayari,Pacifico,Patía,Río Guáitara,2014,22,Andes,Preliminar,0,0,0,0.556682825088501,0.556682825088501,0,0,0,3.93818187713623,4.62545442581177,5,5,0.789855062961578,0.967391312122345,1,1,47,1.03999996185303,0
08,2014-08-23,52050040,,"",SANDONA [52050040],Pluviométrica,Convencional,Activa,Nariño,Sandoná,1.3223,-77.4792,20,9/15/1963,,Cudayari,Pacifico,Patía,Río Guáitara,2014,23,Andes,Preliminar,0,0,0,0.43565645813942,0.43565645813942,0,0,0,3.93818187713623,4.62545442581177,5,5,0.789855062961578,0.967391312122345,1,1,47,1.03999996185303,0
08,2019-08-21,52050040,,"",SANDONA [52050040],Pluviométrica,Convencional,Activa,Nariño,Sandoná,1.3223,-77.4792,20,9/15/1963,,Cudayari,Pacifico,Patía,Río Guáitara,2019,21,Andes,Preliminar,0,0,0,0.871701121330261,0.871701121330261,0,0,0,3.93818187713623,4.62545442581177,5,5,0.789855062961578,0.967391312122345,1,1,47,1.03999996185303,0
08,2019-08-22,52050040,,"",SANDONA [52050040],Pluviométrica,Convencional,Activa,Nariño,Sandoná,1.3223,-77.4792,20,9/15/1963,,Cudayari,Pacifico,Patía,Río Guáitara,2019,22,Andes,Preliminar,0,0,0,0.66555917263031,0.66555917263031,0,0,0,3.93818187713623,4.62545442581177,5,5,0.789855062961578,0.967391312122345,1,1,47,1.03999996185303,0
08,2018-08-25,52050040,,"",SANDONA [52050040],Pluviométrica,Convencional,Activa,Nariño,Sandoná,1.3223,-77.4792,20,9/15/1963,,Cudayari,Pacifico,Patía,Río Guáitara,2018,25,Andes,Preliminar,0,0,0,0.496126621961594,0.496126621961594,0,0,0,3.93818187713623,4.62545442581177,5,5,0.789855062961578,0.967391312122345,1,1,47,1.03999996185303,0
08,2007-08-06,52050040,,"",SANDONA [52050040],Pluviométrica,Convencional,Activa,Nariño,Sandoná,1.3223,-77.4792,20,9/15/1963,,Cudayari,Pacifico,Patía,Río Guáitara,2007,06,Andes,Preliminar,0,0,0,0.841211795806885,0.841211795806885,0,0,0,3.93818187713623,4.62545442581177,5,5,0.789855062961578,0.967391312122345,1,1,44,1.03999996185303,0
08,2010-08-04,52050040,,"",SANDONA [52050040],Pluviométrica,Convencional,Activa,Nariño,Sandoná,1.3223,-77.4792,20,9/15/1963,,Cudayari,Pacifico,Patía,Río Guáitara,2010,04,Andes,Preliminar,0,0,0,0.197858214378357,0.197858214378357,0,0.582751750946045,0.221579894423485,3.93818187713623,4.62545442581177,5,5,0.789855062961578,0.967391312122345,1,1,43,1.03999996185303,0
08,2020-08-19,52050040,22,En revisión,SANDONA [52050040],Pluviométrica,Convencional,Activa,Nariño,Sandoná,1.3223,-77.4792,20,9/15/1963,,Cudayari,Pacifico,Patía,Río Guáitara,2020,19,Andes,En revisión,22,22,0,3.41028761863709,3.41028761863709,0,2.16486978530884,2.14866542816162,3.93818187713623,4.62545442581177,5,5,0.789855062961578,0.967391312122345,1,1,46,1.03999996185303,22.8799991607666
08,2022-08-16,52050040,11,En revisión,SANDONA [52050040],Pluviométrica,Convencional,Activa,Nariño,Sandoná,1.3223,-77.4792,20,9/15/1963,,Cudayari,Pacifico,Patía,Río Guáitara,2022,16,Andes,En revisión,11,11,0,0.784352362155914,0.784352362155914,0,4.43483066558838,0,3.93818187713623,4.62545442581177,5,5,0.789855062961578,0.967391312122345,1,1,46,1.03999996185303,11.4399995803833
08,2021-08-15,52050040,3,En revisión,SANDONA [52050040],Pluviométrica,Convencional,Activa,Nariño,Sandoná,1.3223,-77.4792,20,9/15/1963,,Cudayari,Pacifico,Patía,Río Guáitara,2021,15,Andes,En revisión,3,3,0,8.5837984085083,8.5837984085083,17.9112339019775,5.55945491790772,5.23250961303711,3.93818187713623,4.62545442581177,5,5,0.789855062961578,0.967391312122345,1,1,45,1.03999996185303,3.11999988555908
08,2022-08-13,52050040,1,En revisión,SANDONA [52050040],Pluviométrica,Convencional,Activa,Nariño,Sandoná,1.3223,-77.4792,20,9/15/1963,,Cudayari,Pacifico,Patía,Río Guáitara,2022,13,Andes,En revisión,1,1,0,0.75429368019104,0.75429368019104,0,0.028995918110013,0.181956261396408,3.93818187713623,4.62545442581177,5,5,0.789855062961578,0.967391312122345,1,1,45,1.03999996185303,1.03999996185303
08,2020-08-13,52050040,15,En revisión,SANDONA [52050040],Pluviométrica,Convencional,Activa,Nariño,Sandoná,1.3223,-77.4792,20,9/15/1963,,Cudayari,Pacifico,Patía,Río Guáitara,2020,13,Andes,En revisión,15,15,0,4.30526494979858,4.30526494979858,9.68467903137207,8.2449893951416,0,3.93818187713623,4.62545442581177,5,5,0.789855062961578,0.967391312122345,1,1,45,1.03999996185303,15.5999994277954
08,2020-08-12,52050040,,"",SANDONA [52050040],Pluviométrica,Convencional,Activa,Nariño,Sandoná,1.3223,-77.4792,20,9/15/1963,,Cudayari,Pacifico,Patía,Río Guáitara,2020,12,Andes,Preliminar,0,0,0,1.39229035377502,1.39229035377502,0,1.39614450931549,0,3.93818187713623,4.62545442581177,5,5,0.789855062961578,0.967391312122345,1,1,45,1.03999996185303,0
08,2019-08-13,52050040,,"",SANDONA [52050040],Pluviométrica,Convencional,Activa,Nariño,Sandoná,1.3223,-77.4792,20,9/15/1963,,Cudayari,Pacifico,Patía,Río Guáitara,2019,13,Andes,Preliminar,0,0,0,0.417155593633652,0.417155593633652,0,0,0,3.93818187713623,4.62545442581177,5,5,0.789855062961578,0.967391312122345,1,1,45,1.03999996185303,0
08,2021-08-09,52050040,,"",SANDONA [52050040],Pluviométrica,Convencional,Activa,Nariño,Sandoná,1.3223,-77.4792,20,9/15/1963,,Cudayari,Pacifico,Patía,Río Guáitara,2021,09,Andes,Preliminar,0,0,0,0.959841966629028,0.959841966629028,0,0,0,3.93818187713623,4.62545442581177,5,5,0.789855062961578,0.967391312122345,1,1,44,1.03999996185303,0
08,2021-08-08,52050040,,"",SANDONA [52050040],Pluviométrica,Convencional,Activa,Nariño,Sandoná,1.3223,-77.4792,20,9/15/1963,,Cudayari,Pacifico,Patía,Río Guáitara,2021,08,Andes,Preliminar,0,0,0,0.736992061138153,0.736992061138153,0,0,0,3.93818187713623,4.62545442581177,5,5,0.789855062961578,0.967391312122345,1,1,44,1.03999996185303,0
08,2022-08-05,52050040,13,En revisión,SANDONA [52050040],Pluviométrica,Convencional,Activa,Nariño,Sandoná,1.3223,-77.4792,20,9/15/1963,,Cudayari,Pacifico,Patía,Río Guáitara,2022,05,Andes,En revisión,13,13,0,2.40921902656555,2.40921902656555,13.0191068649292,2.63490843772888,6.67725419998169,3.93818187713623,4.62545442581177,5,5,0.789855062961578,0.967391312122345,1,1,43,1.03999996185303,13.5199995040894
08,2022-08-04,52050040,4,En revisión,SANDONA [52050040],Pluviométrica,Convencional,Activa,Nariño,Sandoná,1.3223,-77.4792,20,9/15/1963,,Cudayari,Pacifico,Patía,Río Guáitara,2022,04,Andes,En revisión,4,4,0,2.05019569396973,2.05019569396973,0,2.09469366073608,0.113369219005108,3.93818187713623,4.62545442581177,5,5,0.789855062961578,0.967391312122345,1,1,43,1.03999996185303,4.15999984741211
08,2017-08-22,52050040,,"",SANDONA [52050040],Pluviométrica,Convencional,Activa,Nariño,Sandoná,1.3223,-77.4792,20,9/15/1963,,Cudayari,Pacifico,Patía,Río Guáitara,2017,22,Andes,Preliminar,0,0,0,1.36230838298798,1.36230838298798,15.0816068649292,0.321432441473007,5.9973464012146,3.93818187713623,4.62545442581177,5,5,0.789855062961578,0.967391312122345,1,1,47,1.03999996185303,0
08,2019-08-23,52050040,,"",SANDONA [52050040],Pluviométrica,Convencional,Activa,Nariño,Sandoná,1.3223,-77.4792,20,9/15/1963,,Cudayari,Pacifico,Patía,Río Guáitara,2019,23,Andes,Preliminar,0,0,0,0.617753028869629,0.617753028869629,0,0,0,3.93818187713623,4.62545442581177,5,5,0.789855062961578,0.967391312122345,1,1,47,1.03999996185303,0
08,2012-08-04,52050040,,"",SANDONA [52050040],Pluviométrica,Convencional,Activa,Nariño,Sandoná,1.3223,-77.4792,20,9/15/1963,,Cudayari,Pacifico,Patía,Río Guáitara,2012,04,Andes,Preliminar,0,0,0,1.446457862854,1.446457862854,0,1.30703771114349,3.07924747467041,3.93818187713623,4.62545442581177,5,5,0.789855062961578,0.967391312122345,1,1,43,1.03999996185303,0
08,2011-08-09,52050040,,"",SANDONA [52050040],Pluviométrica,Convencional,Activa,Nariño,Sandoná,1.3223,-77.4792,20,9/15/1963,,Cudayari,Pacifico,Patía,Río Guáitara,2011,09,Andes,Preliminar,0,0,0,1.39817309379578,1.39817309379578,0,0,0,3.93818187713623,4.62545442581177,5,5,0.789855062961578,0.967391312122345,1,1,44,1.03999996185303,0
08,2016-08-06,52050040,,"",SANDONA [52050040],Pluviométrica,Convencional,Activa,Nariño,Sandoná,1.3223,-77.4792,20,9/15/1963,,Cudayari,Pacifico,Patía,Río Guáitara,2016,06,Andes,Preliminar,0,0,0,0.139971703290939,0.139971703290939,0,0,0,3.93818187713623,4.62545442581177,5,5,0.789855062961578,0.967391312122345,1,1,44,1.03999996185303,0
08,2016-08-07,52050040,,"",SANDONA [52050040],Pluviométrica,Convencional,Activa,Nariño,Sandoná,1.3223,-77.4792,20,9/15/1963,,Cudayari,Pacifico,Patía,Río Guáitara,2016,07,Andes,Preliminar,0,0,0,0.719917237758637,0.719917237758637,0,0,0,3.93818187713623,4.62545442581177,5,5,0.789855062961578,0.967391312122345,1,1,44,1.03999996185303,0
08,2001-08-09,52050040,,"",SANDONA [52050040],Pluviométrica,Convencional,Activa,Nariño,Sandoná,1.3223,-77.4792,20,9/15/1963,,Cudayari,Pacifico,Patía,Río Guáitara,2001,09,Andes,Preliminar,0,0,0,0.48774653673172,0.48774653673172,0,0,0,3.93818187713623,4.62545442581177,5,5,0.789855062961578,0.967391312122345,1,1,44,1.03999996185303,0
08,2001-08-06,52050040,,"",SANDONA [52050040],Pluviométrica,Convencional,Activa,Nariño,Sandoná,1.3223,-77.4792,20,9/15/1963,,Cudayari,Pacifico,Patía,Río Guáitara,2001,06,Andes,Preliminar,0,0,0,0.48774653673172,0.48774653673172,0,0,0,3.93818187713623,4.62545442581177,5,5,0.789855062961578,0.967391312122345,1,1,44,1.03999996185303,0
08,2003-08-04,52050040,,"",SANDONA [52050040],Pluviométrica,Convencional,Activa,Nariño,Sandoná,1.3223,-77.4792,20,9/15/1963,,Cudayari,Pacifico,Patía,Río Guáitara,2003,04,Andes,Preliminar,0,0,0,0,0,0,0.0180851072072983,0.370412439107895,3.93818187713623,4.62545442581177,5,5,0.789855062961578,0.967391312122345,1,1,43,1.03999996185303,0
08,2001-08-02,52050040,,"",SANDONA [52050040],Pluviométrica,Convencional,Activa,Nariño,Sandoná,1.3223,-77.4792,20,9/15/1963,,Cudayari,Pacifico,Patía,Río Guáitara,2001,02,Andes,Preliminar,0,0,0,0.103340215981007,0.103340215981007,0,0.102848835289478,0,3.93818187713623,4.62545442581177,5,5,0.789855062961578,0.967391312122345,1,1,43,1.03999996185303,0
08,2001-08-03,52050040,,"",SANDONA [52050040],Pluviométrica,Convencional,Activa,Nariño,Sandoná,1.3223,-77.4792,20,9/15/1963,,Cudayari,Pacifico,Patía,Río Guáitara,2001,03,Andes,Preliminar,0,0,0,1.75678372383118,1.75678372383118,0,0.0885085836052895,0.346181005239487,3.93818187713623,4.62545442581177,5,5,0.789855062961578,0.967391312122345,1,1,43,1.03999996185303,0
08,2004-08-01,52050040,,"",SANDONA [52050040],Pluviométrica,Convencional,Activa,Nariño,Sandoná,1.3223,-77.4792,20,9/15/1963,,Cudayari,Pacifico,Patía,Río Guáitara,2004,01,Andes,Preliminar,0,0,0,0,0,0,0.0411840826272965,0.0495579205453396,3.93818187713623,4.62545442581177,5,5,0.789855062961578,0.967391312122345,1,1,43,1.03999996185303,0
08,2006-08-02,52050040,,"",SANDONA [52050040],Pluviométrica,Convencional,Activa,Nariño,Sandoná,1.3223,-77.4792,20,9/15/1963,,Cudayari,Pacifico,Patía,Río Guáitara,2006,02,Andes,Preliminar,0,0,0,0.648969948291779,0.648969948291779,0,0.210578665137291,0,3.93818187713623,4.62545442581177,5,5,0.789855062961578,0.967391312122345,1,1,43,1.03999996185303,0
08,2002-08-02,52050040,,"",SANDONA [52050040],Pluviométrica,Convencional,Activa,Nariño,Sandoná,1.3223,-77.4792,20,9/15/1963,,Cudayari,Pacifico,Patía,Río Guáitara,2002,02,Andes,Preliminar,0,0,0,0.926551818847656,0.926551818847656,3.27885365486145,1.51637804508209,3.01294612884522,3.93818187713623,4.62545442581177,5,5,0.789855062961578,0.967391312122345,1,1,43,1.03999996185303,0
08,2006-08-03,52050040,,"",SANDONA [52050040],Pluviométrica,Convencional,Activa,Nariño,Sandoná,1.3223,-77.4792,20,9/15/1963,,Cudayari,Pacifico,Patía,Río Guáitara,2006,03,Andes,Preliminar,0,0,0,0.648969948291779,0.648969948291779,0,0.00456553092226386,0,3.93818187713623,4.62545442581177,5,5,0.789855062961578,0.967391312122345,1,1,43,1.03999996185303,0
08,2018-08-22,52050040,,"",SANDONA [52050040],Pluviométrica,Convencional,Activa,Nariño,Sandoná,1.3223,-77.4792,20,9/15/1963,,Cudayari,Pacifico,Patía,Río Guáitara,2018,22,Andes,Preliminar,0,0,0,0.951273262500763,0.951273262500763,0,0,0,3.93818187713623,4.62545442581177,5,5,0.789855062961578,0.967391312122345,1,1,47,1.03999996185303,0
08,2022-08-18,52050040,12,En revisión,SANDONA [52050040],Pluviométrica,Convencional,Activa,Nariño,Sandoná,1.3223,-77.4792,20,9/15/1963,,Cudayari,Pacifico,Patía,Río Guáitara,2022,18,Andes,En revisión,12,12,0,4.21996688842773,4.21996688842773,0,3.3903911113739,1.78389608860016,3.93818187713623,4.62545442581177,5,5,0.789855062961578,0.967391312122345,1,1,46,1.03999996185303,12.4799995422363
08,2018-08-20,52050040,,"",SANDONA [52050040],Pluviométrica,Convencional,Activa,Nariño,Sandoná,1.3223,-77.4792,20,9/15/1963,,Cudayari,Pacifico,Patía,Río Guáitara,2018,20,Andes,Preliminar,0,0,0,1.00940263271332,1.00940263271332,0.705264568328857,0,0,3.93818187713623,4.62545442581177,5,5,0.789855062961578,0.967391312122345,1,1,46,1.03999996185303,0
08,2020-08-16,52050040,,"",SANDONA [52050040],Pluviométrica,Convencional,Activa,Nariño,Sandoná,1.3223,-77.4792,20,9/15/1963,,Cudayari,Pacifico,Patía,Río Guáitara,2020,16,Andes,Preliminar,0,0,0,0.563412725925446,0.563412725925446,0,0.871140003204346,0.447895139455795,3.93818187713623,4.62545442581177,5,5,0.789855062961578,0.967391312122345,1,1,46,1.03999996185303,0
08,2014-08-14,52050040,,"",SANDONA [52050040],Pluviométrica,Convencional,Activa,Nariño,Sandoná,1.3223,-77.4792,20,9/15/1963,,Cudayari,Pacifico,Patía,Río Guáitara,2014,14,Andes,Preliminar,0,0,0,1.43914437294006,1.43914437294006,0,0,0,3.93818187713623,4.62545442581177,5,5,0.789855062961578,0.967391312122345,1,1,45,1.03999996185303,0
08,2013-08-17,52050040,,"",SANDONA [52050040],Pluviométrica,Convencional,Activa,Nariño,Sandoná,1.3223,-77.4792,20,9/15/1963,,Cudayari,Pacifico,Patía,Río Guáitara,2013,17,Andes,Preliminar,0,0,0,0.549012362957001,0.549012362957001,0,0,0,3.93818187713623,4.62545442581177,5,5,0.789855062961578,0.967391312122345,1,1,46,1.03999996185303,0
08,2013-08-18,52050040,,"",SANDONA [52050040],Pluviométrica,Convencional,Activa,Nariño,Sandoná,1.3223,-77.4792,20,9/15/1963,,Cudayari,Pacifico,Patía,Río Guáitara,2013,18,Andes,Preliminar,0,0,0,0.985549569129944,0.985549569129944,0,0,0,3.93818187713623,4.62545442581177,5,5,0.789855062961578,0.967391312122345,1,1,46,1.03999996185303,0
08,2012-08-21,52050040,,"",SANDONA [52050040],Pluviométrica,Convencional,Activa,Nariño,Sandoná,1.3223,-77.4792,20,9/15/1963,,Cudayari,Pacifico,Patía,Río Guáitara,2012,21,Andes,Preliminar,0,0,0,0.638814926147461,0.638814926147461,0,0,0,3.93818187713623,4.62545442581177,5,5,0.789855062961578,0.967391312122345,1,1,47,1.03999996185303,0
08,2012-08-22,52050040,,"",SANDONA [52050040],Pluviométrica,Convencional,Activa,Nariño,Sandoná,1.3223,-77.4792,20,9/15/1963,,Cudayari,Pacifico,Patía,Río Guáitara,2012,22,Andes,Preliminar,0,0,0,1.06739473342896,1.06739473342896,0,0,0,3.93818187713623,4.62545442581177,5,5,0.789855062961578,0.967391312122345,1,1,47,1.03999996185303,0
08,2015-08-21,52050040,,"",SANDONA [52050040],Pluviométrica,Convencional,Activa,Nariño,Sandoná,1.3223,-77.4792,20,9/15/1963,,Cudayari,Pacifico,Patía,Río Guáitara,2015,21,Andes,Preliminar,0,0,0,0.767347812652588,0.767347812652588,0,0.130540162324905,2.59855103492737,3.93818187713623,4.62545442581177,5,5,0.789855062961578,0.967391312122345,1,1,47,1.03999996185303,0
08,2017-08-21,52050040,,"",SANDONA [52050040],Pluviométrica,Convencional,Activa,Nariño,Sandoná,1.3223,-77.4792,20,9/15/1963,,Cudayari,Pacifico,Patía,Río Guáitara,2017,21,Andes,Preliminar,0,0,0,7.78253602981567,7.78253602981567,0,0.545946419239044,0.00349190505221486,3.93818187713623,4.62545442581177,5,5,0.789855062961578,0.967391312122345,1,1,47,1.03999996185303,0
08,2016-08-18,52050040,,"",SANDONA [52050040],Pluviométrica,Convencional,Activa,Nariño,Sandoná,1.3223,-77.4792,20,9/15/1963,,Cudayari,Pacifico,Patía,Río Guáitara,2016,18,Andes,Preliminar,0,0,0,0.860033512115479,0.860033512115479,0,0,0,3.93818187713623,4.62545442581177,5,5,0.789855062961578,0.967391312122345,1,1,46,1.03999996185303,0
08,2015-08-22,52050040,,"",SANDONA [52050040],Pluviométrica,Convencional,Activa,Nariño,Sandoná,1.3223,-77.4792,20,9/15/1963,,Cudayari,Pacifico,Patía,Río Guáitara,2015,22,Andes,Preliminar,0,0,0,0.836473286151886,0.836473286151886,0,0.281122356653214,0,3.93818187713623,4.62545442581177,5,5,0.789855062961578,0.967391312122345,1,1,47,1.03999996185303,0
08,2008-08-03,52050040,1,Definitivo,SANDONA [52050040],Pluviométrica,Convencional,Activa,Nariño,Sandoná,1.3223,-77.4792,20,9/15/1963,,Cudayari,Pacifico,Patía,Río Guáitara,2008,03,Andes,Definitivo,1,1,0,1.46381533145905,1.46381533145905,0,0.801123917102814,0.772961974143982,3.93818187713623,4.62545442581177,5,5,0.789855062961578,0.967391312122345,1,1,43,1.03999996185303,1.03999996185303
08,2008-08-04,52050040,,"",SANDONA [52050040],Pluviométrica,Convencional,Activa,Nariño,Sandoná,1.3223,-77.4792,20,9/15/1963,,Cudayari,Pacifico,Patía,Río Guáitara,2008,04,Andes,Preliminar,0,0,0,1.32440435886383,1.32440435886383,0,0.863963603973389,1.13247907161713,3.93818187713623,4.62545442581177,5,5,0.789855062961578,0.967391312122345,1,1,43,1.03999996185303,0
08,2012-08-05,52050040,,"",SANDONA [52050040],Pluviométrica,Convencional,Activa,Nariño,Sandoná,1.3223,-77.4792,20,9/15/1963,,Cudayari,Pacifico,Patía,Río Guáitara,2012,05,Andes,Preliminar,0,0,0,2.21247291564941,2.21247291564941,0,0.27787783741951,1.21944880485535,3.93818187713623,4.62545442581177,5,5,0.789855062961578,0.967391312122345,1,1,43,1.03999996185303,0
08,2015-08-04,52050040,,"",SANDONA [52050040],Pluviométrica,Convencional,Activa,Nariño,Sandoná,1.3223,-77.4792,20,9/15/1963,,Cudayari,Pacifico,Patía,Río Guáitara,2015,04,Andes,Preliminar,0,0,0,0.588131844997406,0.588131844997406,0,0.0781985223293304,0.109302550554276,3.93818187713623,4.62545442581177,5,5,0.789855062961578,0.967391312122345,1,1,43,1.03999996185303,0
08,2018-08-17,52050040,,"",SANDONA [52050040],Pluviométrica,Convencional,Activa,Nariño,Sandoná,1.3223,-77.4792,20,9/15/1963,,Cudayari,Pacifico,Patía,Río Guáitara,2018,17,Andes,Preliminar,0,0,0,0.724616765975952,0.724616765975952,0.506286144256592,0,0,3.93818187713623,4.62545442581177,5,5,0.789855062961578,0.967391312122345,1,1,46,1.03999996185303,0
08,2019-08-15,52050040,,"",SANDONA [52050040],Pluviométrica,Convencional,Activa,Nariño,Sandoná,1.3223,-77.4792,20,9/15/1963,,Cudayari,Pacifico,Patía,Río Guáitara,2019,15,Andes,Preliminar,0,0,0,0.162378385663033,0.162378385663033,0,0,0,3.93818187713623,4.62545442581177,5,5,0.789855062961578,0.967391312122345,1,1,45,1.03999996185303,0
08,2019-08-14,52050040,,"",SANDONA [52050040],Pluviométrica,Convencional,Activa,Nariño,Sandoná,1.3223,-77.4792,20,9/15/1963,,Cudayari,Pacifico,Patía,Río Guáitara,2019,14,Andes,Preliminar,0,0,0,1.57736933231354,1.57736933231354,0,0,0,3.93818187713623,4.62545442581177,5,5,0.789855062961578,0.967391312122345,1,1,45,1.03999996185303,0
08,2019-08-12,52050040,,"",SANDONA [52050040],Pluviométrica,Convencional,Activa,Nariño,Sandoná,1.3223,-77.4792,20,9/15/1963,,Cudayari,Pacifico,Patía,Río Guáitara,2019,12,Andes,Preliminar,0,0,0,0.544281423091888,0.544281423091888,0,0,0,3.93818187713623,4.62545442581177,5,5,0.789855062961578,0.967391312122345,1,1,45,1.03999996185303,0
08,2020-08-10,52050040,,"",SANDONA [52050040],Pluviométrica,Convencional,Activa,Nariño,Sandoná,1.3223,-77.4792,20,9/15/1963,,Cudayari,Pacifico,Patía,Río Guáitara,2020,10,Andes,Preliminar,0,0,0,0.248111754655838,0.248111754655838,0,0,0,3.93818187713623,4.62545442581177,5,5,0.789855062961578,0.967391312122345,1,1,44,1.03999996185303,0
08,2021-08-07,52050040,,"",SANDONA [52050040],Pluviométrica,Convencional,Activa,Nariño,Sandoná,1.3223,-77.4792,20,9/15/1963,,Cudayari,Pacifico,Patía,Río Guáitara,2021,07,Andes,Preliminar,0,0,0,0.333977669477463,0.333977669477463,0,0,0,3.93818187713623,4.62545442581177,5,5,0.789855062961578,0.967391312122345,1,1,44,1.03999996185303,0
08,2021-08-06,52050040,,"",SANDONA [52050040],Pluviométrica,Convencional,Activa,Nariño,Sandoná,1.3223,-77.4792,20,9/15/1963,,Cudayari,Pacifico,Patía,Río Guáitara,2021,06,Andes,Preliminar,0,0,0,0.504808187484741,0.504808187484741,0,0,0,3.93818187713623,4.62545442581177,5,5,0.789855062961578,0.967391312122345,1,1,44,1.03999996185303,0
08,2023-08-01,52050040,,"",SANDONA [52050040],Pluviométrica,Convencional,Activa,Nariño,Sandoná,1.3223,-77.4792,20,9/15/1963,,Cudayari,Pacifico,Patía,Río Guáitara,2023,01,Andes,Preliminar,0,0,0,0.998900890350342,0.998900890350342,0,0.0560187995433807,0,3.93818187713623,4.62545442581177,5,5,0.789855062961578,0.967391312122345,1,1,43,1.03999996185303,0
08,2014-08-18,52050040,,"",SANDONA [52050040],Pluviométrica,Convencional,Activa,Nariño,Sandoná,1.3223,-77.4792,20,9/15/1963,,Cudayari,Pacifico,Patía,Río Guáitara,2014,18,Andes,Preliminar,0,0,0,1.3806563615799,1.3806563615799,0,0,0,3.93818187713623,4.62545442581177,5,5,0.789855062961578,0.967391312122345,1,1,46,1.03999996185303,0
08,2015-08-23,52050040,,"",SANDONA [52050040],Pluviométrica,Convencional,Activa,Nariño,Sandoná,1.3223,-77.4792,20,9/15/1963,,Cudayari,Pacifico,Patía,Río Guáitara,2015,23,Andes,Preliminar,0,0,0,1.11267113685608,1.11267113685608,0,0.986297726631165,0.219464331865311,3.93818187713623,4.62545442581177,5,5,0.789855062961578,0.967391312122345,1,1,47,1.03999996185303,0
08,2017-08-23,52050040,,"",SANDONA [52050040],Pluviométrica,Convencional,Activa,Nariño,Sandoná,1.3223,-77.4792,20,9/15/1963,,Cudayari,Pacifico,Patía,Río Guáitara,2017,23,Andes,Preliminar,0,0,0,1.36184310913086,1.36184310913086,0,0.711994349956513,0,3.93818187713623,4.62545442581177,5,5,0.789855062961578,0.967391312122345,1,1,47,1.03999996185303,0
08,2019-08-20,52050040,,"",SANDONA [52050040],Pluviométrica,Convencional,Activa,Nariño,Sandoná,1.3223,-77.4792,20,9/15/1963,,Cudayari,Pacifico,Patía,Río Guáitara,2019,20,Andes,Preliminar,0,0,0,1.00282955169678,1.00282955169678,0,0,0,3.93818187713623,4.62545442581177,5,5,0.789855062961578,0.967391312122345,1,1,46,1.03999996185303,0
08,2020-08-18,52050040,10,En revisión,SANDONA [52050040],Pluviométrica,Convencional,Activa,Nariño,Sandoná,1.3223,-77.4792,20,9/15/1963,,Cudayari,Pacifico,Patía,Río Guáitara,2020,18,Andes,En revisión,10,10,0,1.85030651092529,1.85030651092529,0,2.74749684333801,1.31444132328033,3.93818187713623,4.62545442581177,5,5,0.789855062961578,0.967391312122345,1,1,46,1.03999996185303,10.3999996185303
08,2014-08-07,52050040,,"",SANDONA [52050040],Pluviométrica,Convencional,Activa,Nariño,Sandoná,1.3223,-77.4792,20,9/15/1963,,Cudayari,Pacifico,Patía,Río Guáitara,2014,07,Andes,Preliminar,0,0,0,0.63383024930954,0.63383024930954,0,0,0,3.93818187713623,4.62545442581177,5,5,0.789855062961578,0.967391312122345,1,1,44,1.03999996185303,0
08,2015-08-11,52050040,,"",SANDONA [52050040],Pluviométrica,Convencional,Activa,Nariño,Sandoná,1.3223,-77.4792,20,9/15/1963,,Cudayari,Pacifico,Patía,Río Guáitara,2015,11,Andes,Preliminar,0,0,0,0.214311599731445,0.214311599731445,0,0,0,3.93818187713623,4.62545442581177,5,5,0.789855062961578,0.967391312122345,1,1,45,1.03999996185303,0
08,2015-08-12,52050040,,"",SANDONA [52050040],Pluviométrica,Convencional,Activa,Nariño,Sandoná,1.3223,-77.4792,20,9/15/1963,,Cudayari,Pacifico,Patía,Río Guáitara,2015,12,Andes,Preliminar,0,0,0,0.407173186540604,0.407173186540604,0,0,0,3.93818187713623,4.62545442581177,5,5,0.789855062961578,0.967391312122345,1,1,45,1.03999996185303,0
08,2014-08-15,52050040,,"",SANDONA [52050040],Pluviométrica,Convencional,Activa,Nariño,Sandoná,1.3223,-77.4792,20,9/15/1963,,Cudayari,Pacifico,Patía,Río Guáitara,2014,15,Andes,Preliminar,0,0,0,0.457661956548691,0.457661956548691,0,0,0,3.93818187713623,4.62545442581177,5,5,0.789855062961578,0.967391312122345,1,1,45,1.03999996185303,0
08,2003-08-01,52050040,,"",SANDONA [52050040],Pluviométrica,Convencional,Activa,Nariño,Sandoná,1.3223,-77.4792,20,9/15/1963,,Cudayari,Pacifico,Patía,Río Guáitara,2003,01,Andes,Preliminar,0,0,0,3.92249321937561,3.92249321937561,0,0.229244604706764,0.131379976868629,3.93818187713623,4.62545442581177,5,5,0.789855062961578,0.967391312122345,1,1,43,1.03999996185303,0
08,2001-08-01,52050040,,"",SANDONA [52050040],Pluviométrica,Convencional,Activa,Nariño,Sandoná,1.3223,-77.4792,20,9/15/1963,,Cudayari,Pacifico,Patía,Río Guáitara,2001,01,Andes,Preliminar,0,0,0,0.826721727848053,0.826721727848053,0,0.0294210650026798,0,3.93818187713623,4.62545442581177,5,5,0.789855062961578,0.967391312122345,1,1,43,1.03999996185303,0
08,2002-08-01,52050040,,"",SANDONA [52050040],Pluviométrica,Convencional,Activa,Nariño,Sandoná,1.3223,-77.4792,20,9/15/1963,,Cudayari,Pacifico,Patía,Río Guáitara,2002,01,Andes,Preliminar,0,0,0,0.926551818847656,0.926551818847656,0,0.355389058589935,0.127852529287338,3.93818187713623,4.62545442581177,5,5,0.789855062961578,0.967391312122345,1,1,43,1.03999996185303,0
08,2014-08-17,52050040,,"",SANDONA [52050040],Pluviométrica,Convencional,Activa,Nariño,Sandoná,1.3223,-77.4792,20,9/15/1963,,Cudayari,Pacifico,Patía,Río Guáitara,2014,17,Andes,Preliminar,0,0,0,0.681326508522034,0.681326508522034,0,0,0,3.93818187713623,4.62545442581177,5,5,0.789855062961578,0.967391312122345,1,1,46,1.03999996185303,0
08,2016-08-11,52050040,,"",SANDONA [52050040],Pluviométrica,Convencional,Activa,Nariño,Sandoná,1.3223,-77.4792,20,9/15/1963,,Cudayari,Pacifico,Patía,Río Guáitara,2016,11,Andes,Preliminar,0,0,0,1.5480215549469,1.5480215549469,0,0,0,3.93818187713623,4.62545442581177,5,5,0.789855062961578,0.967391312122345,1,1,45,1.03999996185303,0
08,2004-08-02,52050040,,"",SANDONA [52050040],Pluviométrica,Convencional,Activa,Nariño,Sandoná,1.3223,-77.4792,20,9/15/1963,,Cudayari,Pacifico,Patía,Río Guáitara,2004,02,Andes,Preliminar,0,0,0,2.40152716636658,2.40152716636658,0,0.122457630932331,0.0540631823241711,3.93818187713623,4.62545442581177,5,5,0.789855062961578,0.967391312122345,1,1,43,1.03999996185303,0
08,2007-08-01,52050040,,"",SANDONA [52050040],Pluviométrica,Convencional,Activa,Nariño,Sandoná,1.3223,-77.4792,20,9/15/1963,,Cudayari,Pacifico,Patía,Río Guáitara,2007,01,Andes,Preliminar,0,0,0,0.655752718448639,0.655752718448639,0,0.223958626389503,0.474475294351578,3.93818187713623,4.62545442581177,5,5,0.789855062961578,0.967391312122345,1,1,43,1.03999996185303,0
08,2009-08-01,52050040,,"",SANDONA [52050040],Pluviométrica,Convencional,Activa,Nariño,Sandoná,1.3223,-77.4792,20,9/15/1963,,Cudayari,Pacifico,Patía,Río Guáitara,2009,01,Andes,Preliminar,0,0,0,0,0,0,0.0176303181797266,0.153918489813805,3.93818187713623,4.62545442581177,5,5,0.789855062961578,0.967391312122345,1,1,43,1.03999996185303,0
08,2010-08-05,52050040,,"",SANDONA [52050040],Pluviométrica,Convencional,Activa,Nariño,Sandoná,1.3223,-77.4792,20,9/15/1963,,Cudayari,Pacifico,Patía,Río Guáitara,2010,05,Andes,Preliminar,0,0,0,0,0,0,0.913474977016449,0.00633085425943136,3.93818187713623,4.62545442581177,5,5,0.789855062961578,0.967391312122345,1,1,43,1.03999996185303,0
08,2019-08-18,52050040,,"",SANDONA [52050040],Pluviométrica,Convencional,Activa,Nariño,Sandoná,1.3223,-77.4792,20,9/15/1963,,Cudayari,Pacifico,Patía,Río Guáitara,2019,18,Andes,Preliminar,0,0,0,0.248555317521095,0.248555317521095,0,0,0,3.93818187713623,4.62545442581177,5,5,0.789855062961578,0.967391312122345,1,1,46,1.03999996185303,0
08,2020-08-15,52050040,1,En revisión,SANDONA [52050040],Pluviométrica,Convencional,Activa,Nariño,Sandoná,1.3223,-77.4792,20,9/15/1963,,Cudayari,Pacifico,Patía,Río Guáitara,2020,15,Andes,En revisión,1,1,0,3.81075429916382,3.81075429916382,0,2.20831990242004,7.47562026977539,3.93818187713623,4.62545442581177,5,5,0.789855062961578,0.967391312122345,1,1,45,1.03999996185303,1.03999996185303
08,2018-08-16,52050040,,"",SANDONA [52050040],Pluviométrica,Convencional,Activa,Nariño,Sandoná,1.3223,-77.4792,20,9/15/1963,,Cudayari,Pacifico,Patía,Río Guáitara,2018,16,Andes,Preliminar,0,0,0,0.524443864822388,0.524443864822388,0.366426318883896,0,0,3.93818187713623,4.62545442581177,5,5,0.789855062961578,0.967391312122345,1,1,46,1.03999996185303,0
08,2018-08-15,52050040,,"",SANDONA [52050040],Pluviométrica,Convencional,Activa,Nariño,Sandoná,1.3223,-77.4792,20,9/15/1963,,Cudayari,Pacifico,Patía,Río Guáitara,2018,15,Andes,Preliminar,0,0,0,1.01706182956696,1.01706182956696,0,0,0,3.93818187713623,4.62545442581177,5,5,0.789855062961578,0.967391312122345,1,1,45,1.03999996185303,0
08,2014-08-16,52050040,,"",SANDONA [52050040],Pluviométrica,Convencional,Activa,Nariño,Sandoná,1.3223,-77.4792,20,9/15/1963,,Cudayari,Pacifico,Patía,Río Guáitara,2014,16,Andes,Preliminar,0,0,0,0.460957080125809,0.460957080125809,0,0,0,3.93818187713623,4.62545442581177,5,5,0.789855062961578,0.967391312122345,1,1,46,1.03999996185303,0
08,2013-08-19,52050040,,"",SANDONA [52050040],Pluviométrica,Convencional,Activa,Nariño,Sandoná,1.3223,-77.4792,20,9/15/1963,,Cudayari,Pacifico,Patía,Río Guáitara,2013,19,Andes,Preliminar,0,0,0,0.87168687582016,0.87168687582016,0,0,0,3.93818187713623,4.62545442581177,5,5,0.789855062961578,0.967391312122345,1,1,46,1.03999996185303,0
08,2013-08-20,52050040,,"",SANDONA [52050040],Pluviométrica,Convencional,Activa,Nariño,Sandoná,1.3223,-77.4792,20,9/15/1963,,Cudayari,Pacifico,Patía,Río Guáitara,2013,20,Andes,Preliminar,0,0,0,0.642730295658112,0.642730295658112,0,0,0,3.93818187713623,4.62545442581177,5,5,0.789855062961578,0.967391312122345,1,1,46,1.03999996185303,0
08,2022-08-03,52050040,,"",SANDONA [52050040],Pluviométrica,Convencional,Activa,Nariño,Sandoná,1.3223,-77.4792,20,9/15/1963,,Cudayari,Pacifico,Patía,Río Guáitara,2022,03,Andes,Preliminar,0,0,0,1.87683153152466,1.87683153152466,0,1.38540160655975,1.6909304857254,3.93818187713623,4.62545442581177,5,5,0.789855062961578,0.967391312122345,1,1,43,1.03999996185303,0
08,2020-08-02,52050040,,"",SANDONA [52050040],Pluviométrica,Convencional,Activa,Nariño,Sandoná,1.3223,-77.4792,20,9/15/1963,,Cudayari,Pacifico,Patía,Río Guáitara,2020,02,Andes,Preliminar,0,0,0,0.579681575298309,0.579681575298309,0,0.027638453990221,0.091438889503479,3.93818187713623,4.62545442581177,5,5,0.789855062961578,0.967391312122345,1,1,43,1.03999996185303,0
08,2014-08-19,52050040,,"",SANDONA [52050040],Pluviométrica,Convencional,Activa,Nariño,Sandoná,1.3223,-77.4792,20,9/15/1963,,Cudayari,Pacifico,Patía,Río Guáitara,2014,19,Andes,Preliminar,0,0,0,0.468429118394852,0.468429118394852,0,0,0,3.93818187713623,4.62545442581177,5,5,0.789855062961578,0.967391312122345,1,1,46,1.03999996185303,0
08,2016-08-19,52050040,,"",SANDONA [52050040],Pluviométrica,Convencional,Activa,Nariño,Sandoná,1.3223,-77.4792,20,9/15/1963,,Cudayari,Pacifico,Patía,Río Guáitara,2016,19,Andes,Preliminar,0,0,0,1.19584608078003,1.19584608078003,0,0,0,3.93818187713623,4.62545442581177,5,5,0.789855062961578,0.967391312122345,1,1,46,1.03999996185303,0
08,2016-08-20,52050040,,"",SANDONA [52050040],Pluviométrica,Convencional,Activa,Nariño,Sandoná,1.3223,-77.4792,20,9/15/1963,,Cudayari,Pacifico,Patía,Río Guáitara,2016,20,Andes,Preliminar,0,0,0,0.304712623357773,0.304712623357773,0,0,0,3.93818187713623,4.62545442581177,5,5,0.789855062961578,0.967391312122345,1,1,46,1.03999996185303,0
08,2018-08-21,52050040,,"",SANDONA [52050040],Pluviométrica,Convencional,Activa,Nariño,Sandoná,1.3223,-77.4792,20,9/15/1963,,Cudayari,Pacifico,Patía,Río Guáitara,2018,21,Andes,Preliminar,0,0,0,0.6129110455513,0.6129110455513,0,0,0,3.93818187713623,4.62545442581177,5,5,0.789855062961578,0.967391312122345,1,1,47,1.03999996185303,0
08,2010-08-06,52050040,,"",SANDONA [52050040],Pluviométrica,Convencional,Activa,Nariño,Sandoná,1.3223,-77.4792,20,9/15/1963,,Cudayari,Pacifico,Patía,Río Guáitara,2010,06,Andes,Preliminar,0,0,0,1.12683546543121,1.12683546543121,0,0,0,3.93818187713623,4.62545442581177,5,5,0.789855062961578,0.967391312122345,1,1,44,1.03999996185303,0
08,2013-08-04,52050040,,"",SANDONA [52050040],Pluviométrica,Convencional,Activa,Nariño,Sandoná,1.3223,-77.4792,20,9/15/1963,,Cudayari,Pacifico,Patía,Río Guáitara,2013,04,Andes,Preliminar,0,0,0,0.180886209011078,0.180886209011078,0,0.0722515806555748,0.288801997900009,3.93818187713623,4.62545442581177,5,5,0.789855062961578,0.967391312122345,1,1,43,1.03999996185303,0
08,2014-08-08,52050040,,"",SANDONA [52050040],Pluviométrica,Convencional,Activa,Nariño,Sandoná,1.3223,-77.4792,20,9/15/1963,,Cudayari,Pacifico,Patía,Río Guáitara,2014,08,Andes,Preliminar,0,0,0,0.625044941902161,0.625044941902161,0,0,0,3.93818187713623,4.62545442581177,5,5,0.789855062961578,0.967391312122345,1,1,44,1.03999996185303,0
08,2016-08-08,52050040,,"",SANDONA [52050040],Pluviométrica,Convencional,Activa,Nariño,Sandoná,1.3223,-77.4792,20,9/15/1963,,Cudayari,Pacifico,Patía,Río Guáitara,2016,08,Andes,Preliminar,0,0,0,0.623300731182098,0.623300731182098,0,0,0,3.93818187713623,4.62545442581177,5,5,0.789855062961578,0.967391312122345,1,1,44,1.03999996185303,0
08,2018-08-13,52050040,,"",SANDONA [52050040],Pluviométrica,Convencional,Activa,Nariño,Sandoná,1.3223,-77.4792,20,9/15/1963,,Cudayari,Pacifico,Patía,Río Guáitara,2018,13,Andes,Preliminar,0,0,0,0.599702894687653,0.599702894687653,0,0,0,3.93818187713623,4.62545442581177,5,5,0.789855062961578,0.967391312122345,1,1,45,1.03999996185303,0
08,2020-08-09,52050040,,"",SANDONA [52050040],Pluviométrica,Convencional,Activa,Nariño,Sandoná,1.3223,-77.4792,20,9/15/1963,,Cudayari,Pacifico,Patía,Río Guáitara,2020,09,Andes,Preliminar,0,0,0,0.228417739272118,0.228417739272118,0,0,0,3.93818187713623,4.62545442581177,5,5,0.789855062961578,0.967391312122345,1,1,44,1.03999996185303,0
08,2020-08-08,52050040,,"",SANDONA [52050040],Pluviométrica,Convencional,Activa,Nariño,Sandoná,1.3223,-77.4792,20,9/15/1963,,Cudayari,Pacifico,Patía,Río Guáitara,2020,08,Andes,Preliminar,0,0,0,1.18250048160553,1.18250048160553,0,0,0,3.93818187713623,4.62545442581177,5,5,0.789855062961578,0.967391312122345,1,1,44,1.03999996185303,0
08,2016-08-10,52050040,,"",SANDONA [52050040],Pluviométrica,Convencional,Activa,Nariño,Sandoná,1.3223,-77.4792,20,9/15/1963,,Cudayari,Pacifico,Patía,Río Guáitara,2016,10,Andes,Preliminar,0,0,0,0.940211474895477,0.940211474895477,0,0,0,3.93818187713623,4.62545442581177,5,5,0.789855062961578,0.967391312122345,1,1,44,1.03999996185303,0
08,2018-08-05,52050040,,"",SANDONA [52050040],Pluviométrica,Convencional,Activa,Nariño,Sandoná,1.3223,-77.4792,20,9/15/1963,,Cudayari,Pacifico,Patía,Río Guáitara,2018,05,Andes,Preliminar,0,0,0,1.53684878349304,1.53684878349304,7.25171279907227,1.49936366081238,3.08881974220276,3.93818187713623,4.62545442581177,5,5,0.789855062961578,0.967391312122345,1,1,43,1.03999996185303,0
08,2015-08-15,52050040,,"",SANDONA [52050040],Pluviométrica,Convencional,Activa,Nariño,Sandoná,1.3223,-77.4792,20,9/15/1963,,Cudayari,Pacifico,Patía,Río Guáitara,2015,15,Andes,Preliminar,0,0,0,0.914962530136108,0.914962530136108,0,0,0,3.93818187713623,4.62545442581177,5,5,0.789855062961578,0.967391312122345,1,1,45,1.03999996185303,0
08,2015-08-16,52050040,,"",SANDONA [52050040],Pluviométrica,Convencional,Activa,Nariño,Sandoná,1.3223,-77.4792,20,9/15/1963,,Cudayari,Pacifico,Patía,Río Guáitara,2015,16,Andes,Preliminar,0,0,0,1.19258558750153,1.19258558750153,0,0,0,3.93818187713623,4.62545442581177,5,5,0.789855062961578,0.967391312122345,1,1,46,1.03999996185303,0
08,2002-08-03,52050040,,"",SANDONA [52050040],Pluviométrica,Convencional,Activa,Nariño,Sandoná,1.3223,-77.4792,20,9/15/1963,,Cudayari,Pacifico,Patía,Río Guáitara,2002,03,Andes,Preliminar,0,0,0,0.926551818847656,0.926551818847656,0,0.65304446220398,0.139628440141678,3.93818187713623,4.62545442581177,5,5,0.789855062961578,0.967391312122345,1,1,43,1.03999996185303,0
08,2005-08-01,52050040,,"",SANDONA [52050040],Pluviométrica,Convencional,Activa,Nariño,Sandoná,1.3223,-77.4792,20,9/15/1963,,Cudayari,Pacifico,Patía,Río Guáitara,2005,01,Andes,Preliminar,0,0,0,0,0,0,0.0849955305457115,0.0447974354028702,3.93818187713623,4.62545442581177,5,5,0.789855062961578,0.967391312122345,1,1,43,1.03999996185303,0
08,2017-08-20,52050040,12,Definitivo,SANDONA [52050040],Pluviométrica,Convencional,Activa,Nariño,Sandoná,1.3223,-77.4792,20,9/15/1963,,Cudayari,Pacifico,Patía,Río Guáitara,2017,20,Andes,Definitivo,12,12,0,2.61475563049316,2.61475563049316,7.76386737823486,4.09110355377197,5.60789346694946,3.93818187713623,4.62545442581177,5,5,0.789855062961578,0.967391312122345,1,1,46,1.03999996185303,12.4799995422363
08,2018-08-19,52050040,,"",SANDONA [52050040],Pluviométrica,Convencional,Activa,Nariño,Sandoná,1.3223,-77.4792,20,9/15/1963,,Cudayari,Pacifico,Patía,Río Guáitara,2018,19,Andes,Preliminar,0,0,0,0.39241287112236,0.39241287112236,0.274176925420761,0,0,3.93818187713623,4.62545442581177,5,5,0.789855062961578,0.967391312122345,1,1,46,1.03999996185303,0
08,2019-08-17,52050040,,"",SANDONA [52050040],Pluviométrica,Convencional,Activa,Nariño,Sandoná,1.3223,-77.4792,20,9/15/1963,,Cudayari,Pacifico,Patía,Río Guáitara,2019,17,Andes,Preliminar,0,0,0,0.95210599899292,0.95210599899292,0,0,0,3.93818187713623,4.62545442581177,5,5,0.789855062961578,0.967391312122345,1,1,46,1.03999996185303,0
08,2017-08-17,52050040,,"",SANDONA [52050040],Pluviométrica,Convencional,Activa,Nariño,Sandoná,1.3223,-77.4792,20,9/15/1963,,Cudayari,Pacifico,Patía,Río Guáitara,2017,17,Andes,Preliminar,0,0,0,2.58328723907471,2.58328723907471,0,3.4068329334259,0.038045410066843,3.93818187713623,4.62545442581177,5,5,0.789855062961578,0.967391312122345,1,1,46,1.03999996185303,0
08,2016-08-09,52050040,,"",SANDONA [52050040],Pluviométrica,Convencional,Activa,Nariño,Sandoná,1.3223,-77.4792,20,9/15/1963,,Cudayari,Pacifico,Patía,Río Guáitara,2016,09,Andes,Preliminar,0,0,0,1.10420560836792,1.10420560836792,0,0,0,3.93818187713623,4.62545442581177,5,5,0.789855062961578,0.967391312122345,1,1,44,1.03999996185303,0
08,2015-08-13,52050040,,"",SANDONA [52050040],Pluviométrica,Convencional,Activa,Nariño,Sandoná,1.3223,-77.4792,20,9/15/1963,,Cudayari,Pacifico,Patía,Río Guáitara,2015,13,Andes,Preliminar,0,0,0,0.779949545860291,0.779949545860291,0,0,0,3.93818187713623,4.62545442581177,5,5,0.789855062961578,0.967391312122345,1,1,45,1.03999996185303,0
08,2015-08-14,52050040,,"",SANDONA [52050040],Pluviométrica,Convencional,Activa,Nariño,Sandoná,1.3223,-77.4792,20,9/15/1963,,Cudayari,Pacifico,Patía,Río Guáitara,2015,14,Andes,Preliminar,0,0,0,1.17917633056641,1.17917633056641,0,0,0,3.93818187713623,4.62545442581177,5,5,0.789855062961578,0.967391312122345,1,1,45,1.03999996185303,0
08,2021-08-05,52050040,,"",SANDONA [52050040],Pluviométrica,Convencional,Activa,Nariño,Sandoná,1.3223,-77.4792,20,9/15/1963,,Cudayari,Pacifico,Patía,Río Guáitara,2021,05,Andes,Preliminar,0,0,0,0.404045939445496,0.404045939445496,0,0.206964686512947,0.206964686512947,3.93818187713623,4.62545442581177,5,5,0.789855062961578,0.967391312122345,1,1,43,1.03999996185303,0
08,2022-08-02,52050040,5,En revisión,SANDONA [52050040],Pluviométrica,Convencional,Activa,Nariño,Sandoná,1.3223,-77.4792,20,9/15/1963,,Cudayari,Pacifico,Patía,Río Guáitara,2022,02,Andes,En revisión,5,5,0,1.2886153459549,1.2886153459549,0,1.93891632556915,2.65168619155884,3.93818187713623,4.62545442581177,5,5,0.789855062961578,0.967391312122345,1,1,43,1.03999996185303,5.19999980926514
08,2017-08-08,52050040,,"",SANDONA [52050040],Pluviométrica,Convencional,Activa,Nariño,Sandoná,1.3223,-77.4792,20,9/15/1963,,Cudayari,Pacifico,Patía,Río Guáitara,2017,08,Andes,Preliminar,0,0,0,2.65711426734924,2.65711426734924,2.06297969818115,1.24283850193024,0,3.93818187713623,4.62545442581177,5,5,0.789855062961578,0.967391312122345,1,1,44,1.03999996185303,0
08,2017-08-09,52050040,,"",SANDONA [52050040],Pluviométrica,Convencional,Activa,Nariño,Sandoná,1.3223,-77.4792,20,9/15/1963,,Cudayari,Pacifico,Patía,Río Guáitara,2017,09,Andes,Preliminar,0,0,0,0.884437441825867,0.884437441825867,2.06297969818115,0.883322894573212,3.95009469985962,3.93818187713623,4.62545442581177,5,5,0.789855062961578,0.967391312122345,1,1,44,1.03999996185303,0
08,2015-08-17,52050040,,"",SANDONA [52050040],Pluviométrica,Convencional,Activa,Nariño,Sandoná,1.3223,-77.4792,20,9/15/1963,,Cudayari,Pacifico,Patía,Río Guáitara,2015,17,Andes,Preliminar,0,0,0,1.0534942150116,1.0534942150116,0,0,0,3.93818187713623,4.62545442581177,5,5,0.789855062961578,0.967391312122345,1,1,46,1.03999996185303,0
08,2014-08-20,52050040,,"",SANDONA [52050040],Pluviométrica,Convencional,Activa,Nariño,Sandoná,1.3223,-77.4792,20,9/15/1963,,Cudayari,Pacifico,Patía,Río Guáitara,2014,20,Andes,Preliminar,0,0,0,0.278224527835846,0.278224527835846,0,0,0,3.93818187713623,4.62545442581177,5,5,0.789855062961578,0.967391312122345,1,1,46,1.03999996185303,0
08,2009-08-02,52050040,,"",SANDONA [52050040],Pluviométrica,Convencional,Activa,Nariño,Sandoná,1.3223,-77.4792,20,9/15/1963,,Cudayari,Pacifico,Patía,Río Guáitara,2009,02,Andes,Preliminar,0,0,0,0,0,0,0.0338340848684311,0,3.93818187713623,4.62545442581177,5,5,0.789855062961578,0.967391312122345,1,1,43,1.03999996185303,0
08,2008-08-05,52050040,,"",SANDONA [52050040],Pluviométrica,Convencional,Activa,Nariño,Sandoná,1.3223,-77.4792,20,9/15/1963,,Cudayari,Pacifico,Patía,Río Guáitara,2008,05,Andes,Preliminar,0,0,0,0.662202179431915,0.662202179431915,0,0.977679252624512,0.251662015914917,3.93818187713623,4.62545442581177,5,5,0.789855062961578,0.967391312122345,1,1,43,1.03999996185303,0
08,2011-08-04,52050040,,"",SANDONA [52050040],Pluviométrica,Convencional,Activa,Nariño,Sandoná,1.3223,-77.4792,20,9/15/1963,,Cudayari,Pacifico,Patía,Río Guáitara,2011,04,Andes,Preliminar,0,0,0,0.631641983985901,0.631641983985901,0,0.100716061890125,0.0228522960096598,3.93818187713623,4.62545442581177,5,5,0.789855062961578,0.967391312122345,1,1,43,1.03999996185303,0
08,2015-08-05,52050040,,"",SANDONA [52050040],Pluviométrica,Convencional,Activa,Nariño,Sandoná,1.3223,-77.4792,20,9/15/1963,,Cudayari,Pacifico,Patía,Río Guáitara,2015,05,Andes,Preliminar,0,0,0,0.450909107923508,0.450909107923508,0,0.165255054831505,0.109302550554276,3.93818187713623,4.62545442581177,5,5,0.789855062961578,0.967391312122345,1,1,43,1.03999996185303,0
08,2018-08-14,52050040,,"",SANDONA [52050040],Pluviométrica,Convencional,Activa,Nariño,Sandoná,1.3223,-77.4792,20,9/15/1963,,Cudayari,Pacifico,Patía,Río Guáitara,2018,14,Andes,Preliminar,0,0,0,1.18724226951599,1.18724226951599,0,0,0,3.93818187713623,4.62545442581177,5,5,0.789855062961578,0.967391312122345,1,1,45,1.03999996185303,0
08,2020-08-07,52050040,,"",SANDONA [52050040],Pluviométrica,Convencional,Activa,Nariño,Sandoná,1.3223,-77.4792,20,9/15/1963,,Cudayari,Pacifico,Patía,Río Guáitara,2020,07,Andes,Preliminar,0,0,0,1.20677673816681,1.20677673816681,0,0,0,3.93818187713623,4.62545442581177,5,5,0.789855062961578,0.967391312122345,1,1,44,1.03999996185303,0
08,2019-08-11,52050040,,"",SANDONA [52050040],Pluviométrica,Convencional,Activa,Nariño,Sandoná,1.3223,-77.4792,20,9/15/1963,,Cudayari,Pacifico,Patía,Río Guáitara,2019,11,Andes,Preliminar,0,0,0,0.794388234615326,0.794388234615326,0,0,0,3.93818187713623,4.62545442581177,5,5,0.789855062961578,0.967391312122345,1,1,45,1.03999996185303,0
08,2018-08-04,52050040,2,Definitivo,SANDONA [52050040],Pluviométrica,Convencional,Activa,Nariño,Sandoná,1.3223,-77.4792,20,9/15/1963,,Cudayari,Pacifico,Patía,Río Guáitara,2018,04,Andes,Definitivo,2,2,0,5.93412971496582,5.93412971496582,7.25171279907227,6.34721899032593,8.63256740570068,3.93818187713623,4.62545442581177,5,5,0.789855062961578,0.967391312122345,1,1,43,1.03999996185303,2.07999992370605
08,2014-08-04,52050040,,"",SANDONA [52050040],Pluviométrica,Convencional,Activa,Nariño,Sandoná,1.3223,-77.4792,20,9/15/1963,,Cudayari,Pacifico,Patía,Río Guáitara,2014,04,Andes,Preliminar,0,0,0,2.39962768554688,2.39962768554688,0,2.23387217521667,0,3.93818187713623,4.62545442581177,5,5,0.789855062961578,0.967391312122345,1,1,43,1.03999996185303,0
08,2016-08-04,52050040,,"",SANDONA [52050040],Pluviométrica,Convencional,Activa,Nariño,Sandoná,1.3223,-77.4792,20,9/15/1963,,Cudayari,Pacifico,Patía,Río Guáitara,2016,04,Andes,Preliminar,0,0,0,1.09200656414032,1.09200656414032,0,0.0937765464186668,0.0883452221751213,3.93818187713623,4.62545442581177,5,5,0.789855062961578,0.967391312122345,1,1,43,1.03999996185303,0
08,2016-08-05,52050040,,"",SANDONA [52050040],Pluviométrica,Convencional,Activa,Nariño,Sandoná,1.3223,-77.4792,20,9/15/1963,,Cudayari,Pacifico,Patía,Río Guáitara,2016,05,Andes,Preliminar,0,0,0,0.161037087440491,0.161037087440491,0,0.0524217374622822,0,3.93818187713623,4.62545442581177,5,5,0.789855062961578,0.967391312122345,1,1,43,1.03999996185303,0
08,2016-08-12,52050040,,"",SANDONA [52050040],Pluviométrica,Convencional,Activa,Nariño,Sandoná,1.3223,-77.4792,20,9/15/1963,,Cudayari,Pacifico,Patía,Río Guáitara,2016,12,Andes,Preliminar,0,0,0,0.921374499797821,0.921374499797821,0,0,0,3.93818187713623,4.62545442581177,5,5,0.789855062961578,0.967391312122345,1,1,45,1.03999996185303,0
08,2016-08-13,52050040,,"",SANDONA [52050040],Pluviométrica,Convencional,Activa,Nariño,Sandoná,1.3223,-77.4792,20,9/15/1963,,Cudayari,Pacifico,Patía,Río Guáitara,2016,13,Andes,Preliminar,0,0,0,0.229788824915886,0.229788824915886,0,0,0,3.93818187713623,4.62545442581177,5,5,0.789855062961578,0.967391312122345,1,1,45,1.03999996185303,0
08,2017-08-18,52050040,15,Definitivo,SANDONA [52050040],Pluviométrica,Convencional,Activa,Nariño,Sandoná,1.3223,-77.4792,20,9/15/1963,,Cudayari,Pacifico,Patía,Río Guáitara,2017,18,Andes,Definitivo,15,15,0,6.92656803131104,6.92656803131104,7.76386737823486,7.56901121139526,5.73217439651489,3.93818187713623,4.62545442581177,5,5,0.789855062961578,0.967391312122345,1,1,46,1.03999996185303,15.5999994277954
08,2019-08-19,52050040,,"",SANDONA [52050040],Pluviométrica,Convencional,Activa,Nariño,Sandoná,1.3223,-77.4792,20,9/15/1963,,Cudayari,Pacifico,Patía,Río Guáitara,2019,19,Andes,Preliminar,0,0,0,0.494257539510727,0.494257539510727,0,0,0,3.93818187713623,4.62545442581177,5,5,0.789855062961578,0.967391312122345,1,1,46,1.03999996185303,0
08,2018-08-18,52050040,,"",SANDONA [52050040],Pluviométrica,Convencional,Activa,Nariño,Sandoná,1.3223,-77.4792,20,9/15/1963,,Cudayari,Pacifico,Patía,Río Guáitara,2018,18,Andes,Preliminar,0,0,0,0.618717670440674,0.618717670440674,0.432294934988022,0,0,3.93818187713623,4.62545442581177,5,5,0.789855062961578,0.967391312122345,1,1,46,1.03999996185303,0
08,2019-08-16,52050040,,"",SANDONA [52050040],Pluviométrica,Convencional,Activa,Nariño,Sandoná,1.3223,-77.4792,20,9/15/1963,,Cudayari,Pacifico,Patía,Río Guáitara,2019,16,Andes,Preliminar,0,0,0,0.571845531463623,0.571845531463623,0,0,0,3.93818187713623,4.62545442581177,5,5,0.789855062961578,0.967391312122345,1,1,46,1.03999996185303,0
08,2015-08-06,52050040,,"",SANDONA [52050040],Pluviométrica,Convencional,Activa,Nariño,Sandoná,1.3223,-77.4792,20,9/15/1963,,Cudayari,Pacifico,Patía,Río Guáitara,2015,06,Andes,Preliminar,0,0,0,0.597490787506104,0.597490787506104,0,0.221791163086891,0.0620072484016419,3.93818187713623,4.62545442581177,5,5,0.789855062961578,0.967391312122345,1,1,44,1.03999996185303,0
08,2017-08-06,52050040,,"",SANDONA [52050040],Pluviométrica,Convencional,Activa,Nariño,Sandoná,1.3223,-77.4792,20,9/15/1963,,Cudayari,Pacifico,Patía,Río Guáitara,2017,06,Andes,Preliminar,0,0,0,1.32939076423645,1.32939076423645,0,0.48298591375351,0,3.93818187713623,4.62545442581177,5,5,0.789855062961578,0.967391312122345,1,1,44,1.03999996185303,0
08,2017-08-07,52050040,,"",SANDONA [52050040],Pluviométrica,Convencional,Activa,Nariño,Sandoná,1.3223,-77.4792,20,9/15/1963,,Cudayari,Pacifico,Patía,Río Guáitara,2017,07,Andes,Preliminar,0,0,0,2.09472322463989,2.09472322463989,0,0.845927119255066,0,3.93818187713623,4.62545442581177,5,5,0.789855062961578,0.967391312122345,1,1,44,1.03999996185303,0
08,2020-08-01,52050040,,"",SANDONA [52050040],Pluviométrica,Convencional,Activa,Nariño,Sandoná,1.3223,-77.4792,20,9/15/1963,,Cudayari,Pacifico,Patía,Río Guáitara,2020,01,Andes,Preliminar,0,0,0,1.29132509231567,1.29132509231567,0,0.258989870548248,0.091438889503479,3.93818187713623,4.62545442581177,5,5,0.789855062961578,0.967391312122345,1,1,43,1.03999996185303,0
08,2010-08-03,52050040,,"",SANDONA [52050040],Pluviométrica,Convencional,Activa,Nariño,Sandoná,1.3223,-77.4792,20,9/15/1963,,Cudayari,Pacifico,Patía,Río Guáitara,2010,03,Andes,Preliminar,0,0,0,1.95879662036896,1.95879662036896,0,1.28335738182068,12.9592590332031,3.93818187713623,4.62545442581177,5,5,0.789855062961578,0.967391312122345,1,1,43,1.03999996185303,0
08,2015-08-01,52050040,,"",SANDONA [52050040],Pluviométrica,Convencional,Activa,Nariño,Sandoná,1.3223,-77.4792,20,9/15/1963,,Cudayari,Pacifico,Patía,Río Guáitara,2015,01,Andes,Preliminar,0,0,0,1.27472162246704,1.27472162246704,0,0.109750367701054,0.109302550554276,3.93818187713623,4.62545442581177,5,5,0.789855062961578,0.967391312122345,1,1,43,1.03999996185303,0
08,2015-08-02,52050040,,"",SANDONA [52050040],Pluviométrica,Convencional,Activa,Nariño,Sandoná,1.3223,-77.4792,20,9/15/1963,,Cudayari,Pacifico,Patía,Río Guáitara,2015,02,Andes,Preliminar,0,0,0,0.605196475982666,0.605196475982666,0,0.144779250025749,0.109302550554276,3.93818187713623,4.62545442581177,5,5,0.789855062961578,0.967391312122345,1,1,43,1.03999996185303,0
08,2018-08-06,52050040,,"",SANDONA [52050040],Pluviométrica,Convencional,Activa,Nariño,Sandoná,1.3223,-77.4792,20,9/15/1963,,Cudayari,Pacifico,Patía,Río Guáitara,2018,06,Andes,Preliminar,0,0,0,0.77733314037323,0.77733314037323,0,0,0,3.93818187713623,4.62545442581177,5,5,0.789855062961578,0.967391312122345,1,1,44,1.03999996185303,0
08,2018-08-07,52050040,,"",SANDONA [52050040],Pluviométrica,Convencional,Activa,Nariño,Sandoná,1.3223,-77.4792,20,9/15/1963,,Cudayari,Pacifico,Patía,Río Guáitara,2018,07,Andes,Preliminar,0,0,0,0.815329551696777,0.815329551696777,0,0,0,3.93818187713623,4.62545442581177,5,5,0.789855062961578,0.967391312122345,1,1,44,1.03999996185303,0
08,2016-08-14,52050040,,"",SANDONA [52050040],Pluviométrica,Convencional,Activa,Nariño,Sandoná,1.3223,-77.4792,20,9/15/1963,,Cudayari,Pacifico,Patía,Río Guáitara,2016,14,Andes,Preliminar,0,0,0,0.241613477468491,0.241613477468491,0,0,0,3.93818187713623,4.62545442581177,5,5,0.789855062961578,0.967391312122345,1,1,45,1.03999996185303,0
08,2007-08-02,52050040,,"",SANDONA [52050040],Pluviométrica,Convencional,Activa,Nariño,Sandoná,1.3223,-77.4792,20,9/15/1963,,Cudayari,Pacifico,Patía,Río Guáitara,2007,02,Andes,Preliminar,0,0,0,0,0,0,0.339599549770355,0.237237647175789,3.93818187713623,4.62545442581177,5,5,0.789855062961578,0.967391312122345,1,1,43,1.03999996185303,0
08,2007-08-03,52050040,,"",SANDONA [52050040],Pluviométrica,Convencional,Activa,Nariño,Sandoná,1.3223,-77.4792,20,9/15/1963,,Cudayari,Pacifico,Patía,Río Guáitara,2007,03,Andes,Preliminar,0,0,0,2.62301087379456,2.62301087379456,3.19339370727539,0.459129750728607,0.572842061519623,3.93818187713623,4.62545442581177,5,5,0.789855062961578,0.967391312122345,1,1,43,1.03999996185303,0
08,2009-08-03,52050040,,"",SANDONA [52050040],Pluviométrica,Convencional,Activa,Nariño,Sandoná,1.3223,-77.4792,20,9/15/1963,,Cudayari,Pacifico,Patía,Río Guáitara,2009,03,Andes,Preliminar,0,0,0,0,0,0,0.0545486696064472,0.0281988065689802,3.93818187713623,4.62545442581177,5,5,0.789855062961578,0.967391312122345,1,1,43,1.03999996185303,0
08,2017-08-16,52050040,,"",SANDONA [52050040],Pluviométrica,Convencional,Activa,Nariño,Sandoná,1.3223,-77.4792,20,9/15/1963,,Cudayari,Pacifico,Patía,Río Guáitara,2017,16,Andes,Preliminar,0,0,0,3.08595204353333,3.08595204353333,0,4.65690565109253,0.157254353165627,3.93818187713623,4.62545442581177,5,5,0.789855062961578,0.967391312122345,1,1,46,1.03999996185303,0
08,2017-08-15,52050040,,"",SANDONA [52050040],Pluviométrica,Convencional,Activa,Nariño,Sandoná,1.3223,-77.4792,20,9/15/1963,,Cudayari,Pacifico,Patía,Río Guáitara,2017,15,Andes,Preliminar,0,0,0,0.701604843139648,0.701604843139648,0,0,0,3.93818187713623,4.62545442581177,5,5,0.789855062961578,0.967391312122345,1,1,45,1.03999996185303,0
08,2021-08-04,52050040,,"",SANDONA [52050040],Pluviométrica,Convencional,Activa,Nariño,Sandoná,1.3223,-77.4792,20,9/15/1963,,Cudayari,Pacifico,Patía,Río Guáitara,2021,04,Andes,Preliminar,0,0,0,0.338689178228378,0.338689178228378,0,0.206964686512947,0.206964686512947,3.93818187713623,4.62545442581177,5,5,0.789855062961578,0.967391312122345,1,1,43,1.03999996185303,0
08,2011-08-06,52050040,,"",SANDONA [52050040],Pluviométrica,Convencional,Activa,Nariño,Sandoná,1.3223,-77.4792,20,9/15/1963,,Cudayari,Pacifico,Patía,Río Guáitara,2011,06,Andes,Preliminar,0,0,0,0.47782763838768,0.47782763838768,0,0,0,3.93818187713623,4.62545442581177,5,5,0.789855062961578,0.967391312122345,1,1,44,1.03999996185303,0
08,2022-08-01,52050040,8,En revisión,SANDONA [52050040],Pluviométrica,Convencional,Activa,Nariño,Sandoná,1.3223,-77.4792,20,9/15/1963,,Cudayari,Pacifico,Patía,Río Guáitara,2022,01,Andes,En revisión,8,8,0,1.57927763462067,1.57927763462067,0,3.07932019233704,0,3.93818187713623,4.62545442581177,5,5,0.789855062961578,0.967391312122345,1,1,43,1.03999996185303,8.31999969482422
08,2008-08-02,52050040,7,Definitivo,SANDONA [52050040],Pluviométrica,Convencional,Activa,Nariño,Sandoná,1.3223,-77.4792,20,9/15/1963,,Cudayari,Pacifico,Patía,Río Guáitara,2008,02,Andes,Definitivo,7,7,0,0.453085690736771,0.453085690736771,0,3.24838209152222,0.0808913558721542,3.93818187713623,4.62545442581177,5,5,0.789855062961578,0.967391312122345,1,1,43,1.03999996185303,7.27999973297119
08,2011-08-01,52050040,1,Definitivo,SANDONA [52050040],Pluviométrica,Convencional,Activa,Nariño,Sandoná,1.3223,-77.4792,20,9/15/1963,,Cudayari,Pacifico,Patía,Río Guáitara,2011,01,Andes,Definitivo,1,1,0,3.26819920539856,3.26819920539856,3.59020256996155,1.21083605289459,1.85799121856689,3.93818187713623,4.62545442581177,5,5,0.789855062961578,0.967391312122345,1,1,43,1.03999996185303,1.03999996185303
08,2014-08-05,52050040,,"",SANDONA [52050040],Pluviométrica,Convencional,Activa,Nariño,Sandoná,1.3223,-77.4792,20,9/15/1963,,Cudayari,Pacifico,Patía,Río Guáitara,2014,05,Andes,Preliminar,0,0,0,5.892249584198,5.892249584198,11.2491855621338,4.87607908248901,8.47255992889404,3.93818187713623,4.62545442581177,5,5,0.789855062961578,0.967391312122345,1,1,43,1.03999996185303,0
08,2014-08-06,52050040,,"",SANDONA [52050040],Pluviométrica,Convencional,Activa,Nariño,Sandoná,1.3223,-77.4792,20,9/15/1963,,Cudayari,Pacifico,Patía,Río Guáitara,2014,06,Andes,Preliminar,0,0,0,1.12863099575043,1.12863099575043,0,0,0,3.93818187713623,4.62545442581177,5,5,0.789855062961578,0.967391312122345,1,1,44,1.03999996185303,0
08,2017-08-10,52050040,,"",SANDONA [52050040],Pluviométrica,Convencional,Activa,Nariño,Sandoná,1.3223,-77.4792,20,9/15/1963,,Cudayari,Pacifico,Patía,Río Guáitara,2017,10,Andes,Preliminar,0,0,0,0.974412560462952,0.974412560462952,0,0.495020300149918,0,3.93818187713623,4.62545442581177,5,5,0.789855062961578,0.967391312122345,1,1,44,1.03999996185303,0
08,2015-08-18,52050040,,"",SANDONA [52050040],Pluviométrica,Convencional,Activa,Nariño,Sandoná,1.3223,-77.4792,20,9/15/1963,,Cudayari,Pacifico,Patía,Río Guáitara,2015,18,Andes,Preliminar,0,0,0,0.349403768777847,0.349403768777847,0,0,0,3.93818187713623,4.62545442581177,5,5,0.789855062961578,0.967391312122345,1,1,46,1.03999996185303,0
08,2015-08-19,52050040,,"",SANDONA [52050040],Pluviométrica,Convencional,Activa,Nariño,Sandoná,1.3223,-77.4792,20,9/15/1963,,Cudayari,Pacifico,Patía,Río Guáitara,2015,19,Andes,Preliminar,0,0,0,0.125845476984978,0.125845476984978,0,0,0,3.93818187713623,4.62545442581177,5,5,0.789855062961578,0.967391312122345,1,1,46,1.03999996185303,0
08,2017-08-19,52050040,40,Definitivo,SANDONA [52050040],Pluviométrica,Convencional,Activa,Nariño,Sandoná,1.3223,-77.4792,20,9/15/1963,,Cudayari,Pacifico,Patía,Río Guáitara,2017,19,Andes,Definitivo,40,40,0,4.67359161376953,4.67359161376953,7.76386737823486,6.73292303085327,14.9214086532593,3.93818187713623,4.62545442581177,5,5,0.789855062961578,0.967391312122345,1,1,46,1.03999996185303,41.5999984741211
08,2011-08-05,52050040,,"",SANDONA [52050040],Pluviométrica,Convencional,Activa,Nariño,Sandoná,1.3223,-77.4792,20,9/15/1963,,Cudayari,Pacifico,Patía,Río Guáitara,2011,05,Andes,Preliminar,0,0,0,1.67458319664001,1.67458319664001,0,0.188933029770851,0.192754164338112,3.93818187713623,4.62545442581177,5,5,0.789855062961578,0.967391312122345,1,1,43,1.03999996185303,0
08,2013-08-05,52050040,,"",SANDONA [52050040],Pluviométrica,Convencional,Activa,Nariño,Sandoná,1.3223,-77.4792,20,9/15/1963,,Cudayari,Pacifico,Patía,Río Guáitara,2013,05,Andes,Preliminar,0,0,0,0.22585940361023,0.22585940361023,0,0.0764714777469635,0.288801997900009,3.93818187713623,4.62545442581177,5,5,0.789855062961578,0.967391312122345,1,1,43,1.03999996185303,0
08,2016-08-03,52050040,,"",SANDONA [52050040],Pluviométrica,Convencional,Activa,Nariño,Sandoná,1.3223,-77.4792,20,9/15/1963,,Cudayari,Pacifico,Patía,Río Guáitara,2016,03,Andes,Preliminar,0,0,0,1.28239870071411,1.28239870071411,0,0.100875608623028,0.0268876757472754,3.93818187713623,4.62545442581177,5,5,0.789855062961578,0.967391312122345,1,1,43,1.03999996185303,0
08,2020-08-06,52050040,,"",SANDONA [52050040],Pluviométrica,Convencional,Activa,Nariño,Sandoná,1.3223,-77.4792,20,9/15/1963,,Cudayari,Pacifico,Patía,Río Guáitara,2020,06,Andes,Preliminar,0,0,0,0.661800384521484,0.661800384521484,0,0,0,3.93818187713623,4.62545442581177,5,5,0.789855062961578,0.967391312122345,1,1,44,1.03999996185303,0
08,2008-08-01,52050040,0,Definitivo,SANDONA [52050040],Pluviométrica,Convencional,Activa,Nariño,Sandoná,1.3223,-77.4792,20,9/15/1963,,Cudayari,Pacifico,Patía,Río Guáitara,2008,01,Andes,Definitivo,0,0,0,6.23864078521729,6.23864078521729,0,1.73960208892822,5.39275693893433,3.93818187713623,4.62545442581177,5,5,0.789855062961578,0.967391312122345,1,1,43,1.03999996185303,0
08,2017-08-03,52050040,,"",SANDONA [52050040],Pluviométrica,Convencional,Activa,Nariño,Sandoná,1.3223,-77.4792,20,9/15/1963,,Cudayari,Pacifico,Patía,Río Guáitara,2017,03,Andes,Preliminar,0,0,0,0.436701327562332,0.436701327562332,0,0.0377993024885654,0,3.93818187713623,4.62545442581177,5,5,0.789855062961578,0.967391312122345,1,1,43,1.03999996185303,0
08,2017-08-02,52050040,,"",SANDONA [52050040],Pluviométrica,Convencional,Activa,Nariño,Sandoná,1.3223,-77.4792,20,9/15/1963,,Cudayari,Pacifico,Patía,Río Guáitara,2017,02,Andes,Preliminar,0,0,0,0.642008006572723,0.642008006572723,0,0.0762246921658516,0,3.93818187713623,4.62545442581177,5,5,0.789855062961578,0.967391312122345,1,1,43,1.03999996185303,0
08,2013-08-01,52050040,,"",SANDONA [52050040],Pluviométrica,Convencional,Activa,Nariño,Sandoná,1.3223,-77.4792,20,9/15/1963,,Cudayari,Pacifico,Patía,Río Guáitara,2013,01,Andes,Preliminar,0,0,0,0.471041023731232,0.471041023731232,0,0.455006808042526,0.288801997900009,3.93818187713623,4.62545442581177,5,5,0.789855062961578,0.967391312122345,1,1,43,1.03999996185303,0
08,2013-08-02,52050040,,"",SANDONA [52050040],Pluviométrica,Convencional,Activa,Nariño,Sandoná,1.3223,-77.4792,20,9/15/1963,,Cudayari,Pacifico,Patía,Río Guáitara,2013,02,Andes,Preliminar,0,0,0,0.64497309923172,0.64497309923172,0,0.565664112567902,0.288801997900009,3.93818187713623,4.62545442581177,5,5,0.789855062961578,0.967391312122345,1,1,43,1.03999996185303,0
08,2019-08-04,52050040,,"",SANDONA [52050040],Pluviométrica,Convencional,Activa,Nariño,Sandoná,1.3223,-77.4792,20,9/15/1963,,Cudayari,Pacifico,Patía,Río Guáitara,2019,04,Andes,Preliminar,0,0,0,3.00720930099487,3.00720930099487,6.61811828613281,0.0840031281113625,0.294660240411758,3.93818187713623,4.62545442581177,5,5,0.789855062961578,0.967391312122345,1,1,43,1.03999996185303,0
08,2017-08-11,52050040,,"",SANDONA [52050040],Pluviométrica,Convencional,Activa,Nariño,Sandoná,1.3223,-77.4792,20,9/15/1963,,Cudayari,Pacifico,Patía,Río Guáitara,2017,11,Andes,Preliminar,0,0,0,1.0419750213623,1.0419750213623,0,0,0,3.93818187713623,4.62545442581177,5,5,0.789855062961578,0.967391312122345,1,1,45,1.03999996185303,0
08,2017-08-12,52050040,,"",SANDONA [52050040],Pluviométrica,Convencional,Activa,Nariño,Sandoná,1.3223,-77.4792,20,9/15/1963,,Cudayari,Pacifico,Patía,Río Guáitara,2017,12,Andes,Preliminar,0,0,0,1.0331038236618,1.0331038236618,0,0,0,3.93818187713623,4.62545442581177,5,5,0.789855062961578,0.967391312122345,1,1,45,1.03999996185303,0
08,2005-08-02,52050040,,"",SANDONA [52050040],Pluviométrica,Convencional,Activa,Nariño,Sandoná,1.3223,-77.4792,20,9/15/1963,,Cudayari,Pacifico,Patía,Río Guáitara,2005,02,Andes,Preliminar,0,0,0,2.987872838974,2.987872838974,0,0.0539179742336273,0,3.93818187713623,4.62545442581177,5,5,0.789855062961578,0.967391312122345,1,1,43,1.03999996185303,0
08,2015-08-20,52050040,,"",SANDONA [52050040],Pluviométrica,Convencional,Activa,Nariño,Sandoná,1.3223,-77.4792,20,9/15/1963,,Cudayari,Pacifico,Patía,Río Guáitara,2015,20,Andes,Preliminar,0,0,0,0.548264980316162,0.548264980316162,0,0,0,3.93818187713623,4.62545442581177,5,5,0.789855062961578,0.967391312122345,1,1,46,1.03999996185303,0
08,2016-08-17,52050040,,"",SANDONA [52050040],Pluviométrica,Convencional,Activa,Nariño,Sandoná,1.3223,-77.4792,20,9/15/1963,,Cudayari,Pacifico,Patía,Río Guáitara,2016,17,Andes,Preliminar,0,0,0,1.25213074684143,1.25213074684143,0,0,0,3.93818187713623,4.62545442581177,5,5,0.789855062961578,0.967391312122345,1,1,46,1.03999996185303,0
08,2019-08-10,52050040,,"",SANDONA [52050040],Pluviométrica,Convencional,Activa,Nariño,Sandoná,1.3223,-77.4792,20,9/15/1963,,Cudayari,Pacifico,Patía,Río Guáitara,2019,10,Andes,Preliminar,0,0,0,0.873272836208344,0.873272836208344,0,0,0,3.93818187713623,4.62545442581177,5,5,0.789855062961578,0.967391312122345,1,1,44,1.03999996185303,0
08,2010-08-02,52050040,,"",SANDONA [52050040],Pluviométrica,Convencional,Activa,Nariño,Sandoná,1.3223,-77.4792,20,9/15/1963,,Cudayari,Pacifico,Patía,Río Guáitara,2010,02,Andes,Preliminar,1,1,0,0.494645595550537,0.494645595550537,17.4778251647949,7.77269887924194,0.772364139556885,3.93818187713623,4.62545442581177,5,5,0.789855062961578,0.967391312122345,1,1,43,1.03999996185303,1.03999996185303
08,2021-08-03,52050040,,"",SANDONA [52050040],Pluviométrica,Convencional,Activa,Nariño,Sandoná,1.3223,-77.4792,20,9/15/1963,,Cudayari,Pacifico,Patía,Río Guáitara,2021,03,Andes,Preliminar,0,0,0,0.632597625255585,0.632597625255585,0,0.206964686512947,0.206964686512947,3.93818187713623,4.62545442581177,5,5,0.789855062961578,0.967391312122345,1,1,43,1.03999996185303,0
08,2019-08-03,52050040,,"",SANDONA [52050040],Pluviométrica,Convencional,Activa,Nariño,Sandoná,1.3223,-77.4792,20,9/15/1963,,Cudayari,Pacifico,Patía,Río Guáitara,2019,03,Andes,Preliminar,0,0,0,0.418678015470505,0.418678015470505,0,0.0396147109568119,0,3.93818187713623,4.62545442581177,5,5,0.789855062961578,0.967391312122345,1,1,43,1.03999996185303,0
08,2019-08-05,52050040,,"",SANDONA [52050040],Pluviométrica,Convencional,Activa,Nariño,Sandoná,1.3223,-77.4792,20,9/15/1963,,Cudayari,Pacifico,Patía,Río Guáitara,2019,05,Andes,Preliminar,0,0,0,0.0334231778979301,0.0334231778979301,0,0.0147960660979152,0.0121928378939629,3.93818187713623,4.62545442581177,5,5,0.789855062961578,0.967391312122345,1,1,43,1.03999996185303,0
08,2018-08-08,52050040,,"",SANDONA [52050040],Pluviométrica,Convencional,Activa,Nariño,Sandoná,1.3223,-77.4792,20,9/15/1963,,Cudayari,Pacifico,Patía,Río Guáitara,2018,08,Andes,Preliminar,0,0,0,0.38845419883728,0.38845419883728,0,0,0,3.93818187713623,4.62545442581177,5,5,0.789855062961578,0.967391312122345,1,1,44,1.03999996185303,0
08,2016-08-15,52050040,,"",SANDONA [52050040],Pluviométrica,Convencional,Activa,Nariño,Sandoná,1.3223,-77.4792,20,9/15/1963,,Cudayari,Pacifico,Patía,Río Guáitara,2016,15,Andes,Preliminar,0,0,0,0.554774582386017,0.554774582386017,0,0,0,3.93818187713623,4.62545442581177,5,5,0.789855062961578,0.967391312122345,1,1,45,1.03999996185303,0
08,2015-08-03,52050040,,"",SANDONA [52050040],Pluviométrica,Convencional,Activa,Nariño,Sandoná,1.3223,-77.4792,20,9/15/1963,,Cudayari,Pacifico,Patía,Río Guáitara,2015,03,Andes,Preliminar,0,0,0,0.281078815460205,0.281078815460205,0,0.048529539257288,0.109302550554276,3.93818187713623,4.62545442581177,5,5,0.789855062961578,0.967391312122345,1,1,43,1.03999996185303,0
08,2012-08-01,52050040,,"",SANDONA [52050040],Pluviométrica,Convencional,Activa,Nariño,Sandoná,1.3223,-77.4792,20,9/15/1963,,Cudayari,Pacifico,Patía,Río Guáitara,2012,01,Andes,Preliminar,0,0,0,0.946492850780487,0.946492850780487,5.1879563331604,0.213198065757751,0.239435151219368,3.93818187713623,4.62545442581177,5,5,0.789855062961578,0.967391312122345,1,1,43,1.03999996185303,0
08,2012-08-02,52050040,,"",SANDONA [52050040],Pluviométrica,Convencional,Activa,Nariño,Sandoná,1.3223,-77.4792,20,9/15/1963,,Cudayari,Pacifico,Patía,Río Guáitara,2012,02,Andes,Preliminar,0,0,0,1.06195724010468,1.06195724010468,0,0.897355496883392,0,3.93818187713623,4.62545442581177,5,5,0.789855062961578,0.967391312122345,1,1,43,1.03999996185303,0
08,2019-08-09,52050040,,"",SANDONA [52050040],Pluviométrica,Convencional,Activa,Nariño,Sandoná,1.3223,-77.4792,20,9/15/1963,,Cudayari,Pacifico,Patía,Río Guáitara,2019,09,Andes,Preliminar,0,0,0,1.84473979473114,1.84473979473114,4.05981254577637,0,0,3.93818187713623,4.62545442581177,5,5,0.789855062961578,0.967391312122345,1,1,44,1.03999996185303,0
08,2005-08-03,52050040,,"",SANDONA [52050040],Pluviométrica,Convencional,Activa,Nariño,Sandoná,1.3223,-77.4792,20,9/15/1963,,Cudayari,Pacifico,Patía,Río Guáitara,2005,03,Andes,Preliminar,0,0,0,0,0,0,0.0528886877000332,0,3.93818187713623,4.62545442581177,5,5,0.789855062961578,0.967391312122345,1,1,43,1.03999996185303,0
08,2019-08-02,52050040,,"",SANDONA [52050040],Pluviométrica,Convencional,Activa,Nariño,Sandoná,1.3223,-77.4792,20,9/15/1963,,Cudayari,Pacifico,Patía,Río Guáitara,2019,02,Andes,Preliminar,0,0,0,0.243574380874634,0.243574380874634,0,0.234980463981628,0.109735533595085,3.93818187713623,4.62545442581177,5,5,0.789855062961578,0.967391312122345,1,1,43,1.03999996185303,0
08,2018-08-01,52050040,3,Definitivo,SANDONA [52050040],Pluviométrica,Convencional,Activa,Nariño,Sandoná,1.3223,-77.4792,20,9/15/1963,,Cudayari,Pacifico,Patía,Río Guáitara,2018,01,Andes,Definitivo,3,3,0,2.09049129486084,2.09049129486084,7.25171279907227,3.94988036155701,8.38688659667969,3.93818187713623,4.62545442581177,5,5,0.789855062961578,0.967391312122345,1,1,43,1.03999996185303,3.11999988555908
08,2017-08-04,52050040,,"",SANDONA [52050040],Pluviométrica,Convencional,Activa,Nariño,Sandoná,1.3223,-77.4792,20,9/15/1963,,Cudayari,Pacifico,Patía,Río Guáitara,2017,04,Andes,Preliminar,0,0,0,0.69268923997879,0.69268923997879,0,0.234906569123268,0.398125112056732,3.93818187713623,4.62545442581177,5,5,0.789855062961578,0.967391312122345,1,1,43,1.03999996185303,0
08,2021-08-02,52050040,,"",SANDONA [52050040],Pluviométrica,Convencional,Activa,Nariño,Sandoná,1.3223,-77.4792,20,9/15/1963,,Cudayari,Pacifico,Patía,Río Guáitara,2021,02,Andes,Preliminar,0,0,0,1.37161445617676,1.37161445617676,0,0.206964686512947,0.206964686512947,3.93818187713623,4.62545442581177,5,5,0.789855062961578,0.967391312122345,1,1,43,1.03999996185303,0
08,2011-08-02,52050040,1,Definitivo,SANDONA [52050040],Pluviométrica,Convencional,Activa,Nariño,Sandoná,1.3223,-77.4792,20,9/15/1963,,Cudayari,Pacifico,Patía,Río Guáitara,2011,02,Andes,Definitivo,1,1,0,1.50169479846954,1.50169479846954,0,0.629346489906311,0.133139476180077,3.93818187713623,4.62545442581177,5,5,0.789855062961578,0.967391312122345,1,1,43,1.03999996185303,1.03999996185303
08,2017-08-14,52050040,,"",SANDONA [52050040],Pluviométrica,Convencional,Activa,Nariño,Sandoná,1.3223,-77.4792,20,9/15/1963,,Cudayari,Pacifico,Patía,Río Guáitara,2017,14,Andes,Preliminar,0,0,0,0.230778187513351,0.230778187513351,0,0,0,3.93818187713623,4.62545442581177,5,5,0.789855062961578,0.967391312122345,1,1,45,1.03999996185303,0
08,2018-08-12,52050040,,"",SANDONA [52050040],Pluviométrica,Convencional,Activa,Nariño,Sandoná,1.3223,-77.4792,20,9/15/1963,,Cudayari,Pacifico,Patía,Río Guáitara,2018,12,Andes,Preliminar,0,0,0,0.573834538459778,0.573834538459778,0,0,0,3.93818187713623,4.62545442581177,5,5,0.789855062961578,0.967391312122345,1,1,45,1.03999996185303,0
08,2018-08-09,52050040,,"",SANDONA [52050040],Pluviométrica,Convencional,Activa,Nariño,Sandoná,1.3223,-77.4792,20,9/15/1963,,Cudayari,Pacifico,Patía,Río Guáitara,2018,09,Andes,Preliminar,0,0,0,1.37364399433136,1.37364399433136,0,0,0,3.93818187713623,4.62545442581177,5,5,0.789855062961578,0.967391312122345,1,1,44,1.03999996185303,0
08,2016-08-16,52050040,,"",SANDONA [52050040],Pluviométrica,Convencional,Activa,Nariño,Sandoná,1.3223,-77.4792,20,9/15/1963,,Cudayari,Pacifico,Patía,Río Guáitara,2016,16,Andes,Preliminar,0,0,0,0.679305911064148,0.679305911064148,0,0,0,3.93818187713623,4.62545442581177,5,5,0.789855062961578,0.967391312122345,1,1,46,1.03999996185303,0
08,2017-08-01,52050040,,"",SANDONA [52050040],Pluviométrica,Convencional,Activa,Nariño,Sandoná,1.3223,-77.4792,20,9/15/1963,,Cudayari,Pacifico,Patía,Río Guáitara,2017,01,Andes,Preliminar,0,0,0,0.464986592531204,0.464986592531204,0,0.0584340915083885,0.0527386479079723,3.93818187713623,4.62545442581177,5,5,0.789855062961578,0.967391312122345,1,1,43,1.03999996185303,0
08,2011-08-03,52050040,,"",SANDONA [52050040],Pluviométrica,Convencional,Activa,Nariño,Sandoná,1.3223,-77.4792,20,9/15/1963,,Cudayari,Pacifico,Patía,Río Guáitara,2011,03,Andes,Preliminar,0,0,0,1.90062534809113,1.90062534809113,0,0.46837529540062,0.391469806432724,3.93818187713623,4.62545442581177,5,5,0.789855062961578,0.967391312122345,1,1,43,1.03999996185303,0
08,2020-08-05,52050040,,"",SANDONA [52050040],Pluviométrica,Convencional,Activa,Nariño,Sandoná,1.3223,-77.4792,20,9/15/1963,,Cudayari,Pacifico,Patía,Río Guáitara,2020,05,Andes,Preliminar,0,0,0,0.285919964313507,0.285919964313507,0,0.0712130516767502,0.091438889503479,3.93818187713623,4.62545442581177,5,5,0.789855062961578,0.967391312122345,1,1,43,1.03999996185303,0
08,2021-08-01,52050040,,"",SANDONA [52050040],Pluviométrica,Convencional,Activa,Nariño,Sandoná,1.3223,-77.4792,20,9/15/1963,,Cudayari,Pacifico,Patía,Río Guáitara,2021,01,Andes,Preliminar,0,0,0,0.45309054851532,0.45309054851532,0,0.206964686512947,0.206964686512947,3.93818187713623,4.62545442581177,5,5,0.789855062961578,0.967391312122345,1,1,43,1.03999996185303,0
08,2018-08-10,52050040,,"",SANDONA [52050040],Pluviométrica,Convencional,Activa,Nariño,Sandoná,1.3223,-77.4792,20,9/15/1963,,Cudayari,Pacifico,Patía,Río Guáitara,2018,10,Andes,Preliminar,0,0,0,0.17284619808197,0.17284619808197,0,0,0,3.93818187713623,4.62545442581177,5,5,0.789855062961578,0.967391312122345,1,1,44,1.03999996185303,0
08,2017-08-13,52050040,,"",SANDONA [52050040],Pluviométrica,Convencional,Activa,Nariño,Sandoná,1.3223,-77.4792,20,9/15/1963,,Cudayari,Pacifico,Patía,Río Guáitara,2017,13,Andes,Preliminar,0,0,0,0.488110780715942,0.488110780715942,0,0,0,3.93818187713623,4.62545442581177,5,5,0.789855062961578,0.967391312122345,1,1,45,1.03999996185303,0
08,2013-08-03,52050040,,"",SANDONA [52050040],Pluviométrica,Convencional,Activa,Nariño,Sandoná,1.3223,-77.4792,20,9/15/1963,,Cudayari,Pacifico,Patía,Río Guáitara,2013,03,Andes,Preliminar,0,0,0,2.68637084960938,2.68637084960938,0,0.274616032838821,0.288801997900009,3.93818187713623,4.62545442581177,5,5,0.789855062961578,0.967391312122345,1,1,43,1.03999996185303,0
08,2017-08-05,52050040,,"",SANDONA [52050040],Pluviométrica,Convencional,Activa,Nariño,Sandoná,1.3223,-77.4792,20,9/15/1963,,Cudayari,Pacifico,Patía,Río Guáitara,2017,05,Andes,Preliminar,0,0,0,0.963652670383453,0.963652670383453,0,0.0434991009533405,0,3.93818187713623,4.62545442581177,5,5,0.789855062961578,0.967391312122345,1,1,43,1.03999996185303,0
08,2014-08-03,52050040,,"",SANDONA [52050040],Pluviométrica,Convencional,Activa,Nariño,Sandoná,1.3223,-77.4792,20,9/15/1963,,Cudayari,Pacifico,Patía,Río Guáitara,2014,03,Andes,Preliminar,0,0,0,2.32566809654236,2.32566809654236,0,0.492385745048523,0,3.93818187713623,4.62545442581177,5,5,0.789855062961578,0.967391312122345,1,1,43,1.03999996185303,0
08,2019-08-06,52050040,,"",SANDONA [52050040],Pluviométrica,Convencional,Activa,Nariño,Sandoná,1.3223,-77.4792,20,9/15/1963,,Cudayari,Pacifico,Patía,Río Guáitara,2019,06,Andes,Preliminar,0,0,0,0.192814469337463,0.192814469337463,0,0,0,3.93818187713623,4.62545442581177,5,5,0.789855062961578,0.967391312122345,1,1,44,1.03999996185303,0
08,2010-08-01,52050040,15,Definitivo,SANDONA [52050040],Pluviométrica,Convencional,Activa,Nariño,Sandoná,1.3223,-77.4792,20,9/15/1963,,Cudayari,Pacifico,Patía,Río Guáitara,2010,01,Andes,Definitivo,15,15,0,7.97368669509888,7.97368669509888,0,4.5468053817749,1.1395537853241,3.93818187713623,4.62545442581177,5,5,0.789855062961578,0.967391312122345,1,1,43,1.03999996185303,15.5999994277954
08,2020-08-04,52050040,,"",SANDONA [52050040],Pluviométrica,Convencional,Activa,Nariño,Sandoná,1.3223,-77.4792,20,9/15/1963,,Cudayari,Pacifico,Patía,Río Guáitara,2020,04,Andes,Preliminar,0,0,0,0.478347837924957,0.478347837924957,0,0.039652906358242,0.091438889503479,3.93818187713623,4.62545442581177,5,5,0.789855062961578,0.967391312122345,1,1,43,1.03999996185303,0
08,2016-08-01,52050040,,"",SANDONA [52050040],Pluviométrica,Convencional,Activa,Nariño,Sandoná,1.3223,-77.4792,20,9/15/1963,,Cudayari,Pacifico,Patía,Río Guáitara,2016,01,Andes,Preliminar,0,0,0,0.237157195806503,0.237157195806503,0,0.0595502220094204,0,3.93818187713623,4.62545442581177,5,5,0.789855062961578,0.967391312122345,1,1,43,1.03999996185303,0
08,2020-08-03,52050040,,"",SANDONA [52050040],Pluviométrica,Convencional,Activa,Nariño,Sandoná,1.3223,-77.4792,20,9/15/1963,,Cudayari,Pacifico,Patía,Río Guáitara,2020,03,Andes,Preliminar,0,0,0,0.564763486385346,0.564763486385346,0,0.0597001872956753,0.091438889503479,3.93818187713623,4.62545442581177,5,5,0.789855062961578,0.967391312122345,1,1,43,1.03999996185303,0
08,2019-08-07,52050040,,"",SANDONA [52050040],Pluviométrica,Convencional,Activa,Nariño,Sandoná,1.3223,-77.4792,20,9/15/1963,,Cudayari,Pacifico,Patía,Río Guáitara,2019,07,Andes,Preliminar,0,0,0,0.212025612592697,0.212025612592697,0,0,0,3.93818187713623,4.62545442581177,5,5,0.789855062961578,0.967391312122345,1,1,44,1.03999996185303,0
08,2018-08-11,52050040,,"",SANDONA [52050040],Pluviométrica,Convencional,Activa,Nariño,Sandoná,1.3223,-77.4792,20,9/15/1963,,Cudayari,Pacifico,Patía,Río Guáitara,2018,11,Andes,Preliminar,0,0,0,0.117731533944607,0.117731533944607,0,0,0,3.93818187713623,4.62545442581177,5,5,0.789855062961578,0.967391312122345,1,1,45,1.03999996185303,0
08,2019-08-01,52050040,,"",SANDONA [52050040],Pluviométrica,Convencional,Activa,Nariño,Sandoná,1.3223,-77.4792,20,9/15/1963,,Cudayari,Pacifico,Patía,Río Guáitara,2019,01,Andes,Preliminar,0,0,0,0.497836917638779,0.497836917638779,0,0.0533549077808857,0.0101606976240873,3.93818187713623,4.62545442581177,5,5,0.789855062961578,0.967391312122345,1,1,43,1.03999996185303,0
08,2018-08-02,52050040,1,Definitivo,SANDONA [52050040],Pluviométrica,Convencional,Activa,Nariño,Sandoná,1.3223,-77.4792,20,9/15/1963,,Cudayari,Pacifico,Patía,Río Guáitara,2018,02,Andes,Definitivo,1,1,0,2.97590970993042,2.97590970993042,0,2.74229001998901,0.0731414556503296,3.93818187713623,4.62545442581177,5,5,0.789855062961578,0.967391312122345,1,1,43,1.03999996185303,1.03999996185303
08,2018-08-03,52050040,3,Definitivo,SANDONA [52050040],Pluviométrica,Convencional,Activa,Nariño,Sandoná,1.3223,-77.4792,20,9/15/1963,,Cudayari,Pacifico,Patía,Río Guáitara,2018,03,Andes,Definitivo,3,3,0,2.67086052894592,2.67086052894592,0,5.81895112991333,0.176289632916451,3.93818187713623,4.62545442581177,5,5,0.789855062961578,0.967391312122345,1,1,43,1.03999996185303,3.11999988555908
08,2019-08-08,52050040,,"",SANDONA [52050040],Pluviométrica,Convencional,Activa,Nariño,Sandoná,1.3223,-77.4792,20,9/15/1963,,Cudayari,Pacifico,Patía,Río Guáitara,2019,08,Andes,Preliminar,0,0,0,0.404754400253296,0.404754400253296,0,0,0,3.93818187713623,4.62545442581177,5,5,0.789855062961578,0.967391312122345,1,1,44,1.03999996185303,0
08,2016-08-02,52050040,,"",SANDONA [52050040],Pluviométrica,Convencional,Activa,Nariño,Sandoná,1.3223,-77.4792,20,9/15/1963,,Cudayari,Pacifico,Patía,Río Guáitara,2016,02,Andes,Preliminar,0,0,0,0.427438318729401,0.427438318729401,0,0.138943076133728,0.330334305763245,3.93818187713623,4.62545442581177,5,5,0.789855062961578,0.967391312122345,1,1,43,1.03999996185303,0
08,2014-08-01,52050040,,"",SANDONA [52050040],Pluviométrica,Convencional,Activa,Nariño,Sandoná,1.3223,-77.4792,20,9/15/1963,,Cudayari,Pacifico,Patía,Río Guáitara,2014,01,Andes,Preliminar,0,0,0,2.52233004570007,2.52233004570007,0,0.378196656703949,0,3.93818187713623,4.62545442581177,5,5,0.789855062961578,0.967391312122345,1,1,43,1.03999996185303,0
08,2014-08-02,52050040,,"",SANDONA [52050040],Pluviométrica,Convencional,Activa,Nariño,Sandoná,1.3223,-77.4792,20,9/15/1963,,Cudayari,Pacifico,Patía,Río Guáitara,2014,02,Andes,Preliminar,0,0,0,1.06768226623535,1.06768226623535,0,0.935581684112549,0.44355583190918,3.93818187713623,4.62545442581177,5,5,0.789855062961578,0.967391312122345,1,1,43,1.03999996185303,0
09,2013-09-28,52050040,6,Definitivo,SANDONA [52050040],Pluviométrica,Convencional,Activa,Nariño,Sandoná,1.3223,-77.4792,20,9/15/1963,,Cudayari,Pacifico,Patía,Río Guáitara,2013,28,Andes,Definitivo,6,6,0,5.85937547683716,5.85937547683716,9.43295669555664,6.99320030212402,0.989307761192322,3.93818187713623,4.62545442581177,5,5,0.789855062961578,0.967391312122345,1,1,54,1.03999996185303,6.23999977111816
09,2006-09-29,52050040,,"",SANDONA [52050040],Pluviométrica,Convencional,Activa,Nariño,Sandoná,1.3223,-77.4792,20,9/15/1963,,Cudayari,Pacifico,Patía,Río Guáitara,2006,29,Andes,Preliminar,0,0,0,1.46267604827881,1.46267604827881,0,0.00228667818009853,0.0132168224081397,3.93818187713623,4.62545442581177,5,5,0.789855062961578,0.967391312122345,1,1,54,1.03999996185303,0
09,2005-09-24,52050040,15,Definitivo,SANDONA [52050040],Pluviométrica,Convencional,Activa,Nariño,Sandoná,1.3223,-77.4792,20,9/15/1963,,Cudayari,Pacifico,Patía,Río Guáitara,2005,24,Andes,Definitivo,15,15,0,7.32566118240356,7.32566118240356,0,7.77219200134277,9.60752582550049,3.93818187713623,4.62545442581177,5,5,0.789855062961578,0.967391312122345,1,1,53,1.03999996185303,15.5999994277954
09,2006-09-30,52050040,,"",SANDONA [52050040],Pluviométrica,Convencional,Activa,Nariño,Sandoná,1.3223,-77.4792,20,9/15/1963,,Cudayari,Pacifico,Patía,Río Guáitara,2006,30,Andes,Preliminar,0,0,0,2.10259675979614,2.10259675979614,0,0.0110894413664937,7.77460154495202e-05,3.93818187713623,4.62545442581177,5,5,0.789855062961578,0.967391312122345,1,1,54,1.03999996185303,0
09,2008-09-29,52050040,,"",SANDONA [52050040],Pluviométrica,Convencional,Activa,Nariño,Sandoná,1.3223,-77.4792,20,9/15/1963,,Cudayari,Pacifico,Patía,Río Guáitara,2008,29,Andes,Preliminar,0,0,0,4.33113288879395,4.33113288879395,0,4.3499584197998,0.846802055835724,3.93818187713623,4.62545442581177,5,5,0.789855062961578,0.967391312122345,1,1,54,1.03999996185303,0
09,2010-09-30,52050040,12,Definitivo,SANDONA [52050040],Pluviométrica,Convencional,Activa,Nariño,Sandoná,1.3223,-77.4792,20,9/15/1963,,Cudayari,Pacifico,Patía,Río Guáitara,2010,30,Andes,Definitivo,12,12,0,6.19656658172607,6.19656658172607,0,12.1685638427734,0.178592219948769,3.93818187713623,4.62545442581177,5,5,0.789855062961578,0.967391312122345,1,1,54,1.03999996185303,12.4799995422363
09,2008-09-28,52050040,4,Definitivo,SANDONA [52050040],Pluviométrica,Convencional,Activa,Nariño,Sandoná,1.3223,-77.4792,20,9/15/1963,,Cudayari,Pacifico,Patía,Río Guáitara,2008,28,Andes,Definitivo,4,4,0,1.72424244880676,1.72424244880676,0,2.20589089393616,0.519872188568115,3.93818187713623,4.62545442581177,5,5,0.789855062961578,0.967391312122345,1,1,54,1.03999996185303,4.15999984741211
09,2005-09-25,52050040,10,Definitivo,SANDONA [52050040],Pluviométrica,Convencional,Activa,Nariño,Sandoná,1.3223,-77.4792,20,9/15/1963,,Cudayari,Pacifico,Patía,Río Guáitara,2005,25,Andes,Definitivo,10,10,0,5.36816263198853,5.36816263198853,41.6753692626953,3.72069263458252,13.3286323547363,3.93818187713623,4.62545442581177,5,5,0.789855062961578,0.967391312122345,1,1,53,1.03999996185303,10.3999996185303
09,2005-09-26,52050040,2,Definitivo,SANDONA [52050040],Pluviométrica,Convencional,Activa,Nariño,Sandoná,1.3223,-77.4792,20,9/15/1963,,Cudayari,Pacifico,Patía,Río Guáitara,2005,26,Andes,Definitivo,2,2,0,11.5505828857422,11.5505828857422,6.27466917037964,6.79160261154175,5.96101331710815,3.93818187713623,4.62545442581177,5,5,0.789855062961578,0.967391312122345,1,1,54,1.03999996185303,2.07999992370605
09,2007-09-26,52050040,,"",SANDONA [52050040],Pluviométrica,Convencional,Activa,Nariño,Sandoná,1.3223,-77.4792,20,9/15/1963,,Cudayari,Pacifico,Patía,Río Guáitara,2007,26,Andes,Preliminar,0,0,0,2.44774270057678,2.44774270057678,0,0.00695164548233151,0,3.93818187713623,4.62545442581177,5,5,0.789855062961578,0.967391312122345,1,1,54,1.03999996185303,0
09,2007-09-27,52050040,,"",SANDONA [52050040],Pluviométrica,Convencional,Activa,Nariño,Sandoná,1.3223,-77.4792,20,9/15/1963,,Cudayari,Pacifico,Patía,Río Guáitara,2007,27,Andes,Preliminar,0,0,0,5.03478765487671,5.03478765487671,0,0.00682492414489389,0.0196165982633829,3.93818187713623,4.62545442581177,5,5,0.789855062961578,0.967391312122345,1,1,54,1.03999996185303,0
09,2006-09-21,52050040,,"",SANDONA [52050040],Pluviométrica,Convencional,Activa,Nariño,Sandoná,1.3223,-77.4792,20,9/15/1963,,Cudayari,Pacifico,Patía,Río Guáitara,2006,21,Andes,Preliminar,0,0,0,2.47315692901611,2.47315692901611,0,2.07819938659668,0.0103238634765148,3.93818187713623,4.62545442581177,5,5,0.789855062961578,0.967391312122345,1,1,53,1.03999996185303,0
09,2007-09-19,52050040,,"",SANDONA [52050040],Pluviométrica,Convencional,Activa,Nariño,Sandoná,1.3223,-77.4792,20,9/15/1963,,Cudayari,Pacifico,Patía,Río Guáitara,2007,19,Andes,Preliminar,0,0,0,4.96817827224731,4.96817827224731,0,0,0,3.93818187713623,4.62545442581177,5,5,0.789855062961578,0.967391312122345,1,1,52,1.03999996185303,0
09,2008-09-30,52050040,15,Definitivo,SANDONA [52050040],Pluviométrica,Convencional,Activa,Nariño,Sandoná,1.3223,-77.4792,20,9/15/1963,,Cudayari,Pacifico,Patía,Río Guáitara,2008,30,Andes,Definitivo,15,15,0,3.16111135482788,3.16111135482788,0,1.62401175498962,7.30500650405884,3.93818187713623,4.62545442581177,5,5,0.789855062961578,0.967391312122345,1,1,54,1.03999996185303,15.5999994277954
09,2010-09-29,52050040,,"",SANDONA [52050040],Pluviométrica,Convencional,Activa,Nariño,Sandoná,1.3223,-77.4792,20,9/15/1963,,Cudayari,Pacifico,Patía,Río Guáitara,2010,29,Andes,Preliminar,0,0,0,7.55438041687012,7.55438041687012,24.6597270965576,1.55140709877014,17.859224319458,3.93818187713623,4.62545442581177,5,5,0.789855062961578,0.967391312122345,1,1,54,1.03999996185303,0
09,2011-09-29,52050040,1,Definitivo,SANDONA [52050040],Pluviométrica,Convencional,Activa,Nariño,Sandoná,1.3223,-77.4792,20,9/15/1963,,Cudayari,Pacifico,Patía,Río Guáitara,2011,29,Andes,Definitivo,1,1,0,3.13168978691101,3.13168978691101,0,0.650121748447418,0.0865214467048645,3.93818187713623,4.62545442581177,5,5,0.789855062961578,0.967391312122345,1,1,54,1.03999996185303,1.03999996185303
09,2013-09-29,52050040,20,Definitivo,SANDONA [52050040],Pluviométrica,Convencional,Activa,Nariño,Sandoná,1.3223,-77.4792,20,9/15/1963,,Cudayari,Pacifico,Patía,Río Guáitara,2013,29,Andes,Definitivo,20,20,0,15.9354515075684,15.9354515075684,9.43295669555664,7.47669696807861,13.7491312026978,3.93818187713623,4.62545442581177,5,5,0.789855062961578,0.967391312122345,1,1,54,1.03999996185303,20.7999992370605
09,2006-09-22,52050040,,"",SANDONA [52050040],Pluviométrica,Convencional,Activa,Nariño,Sandoná,1.3223,-77.4792,20,9/15/1963,,Cudayari,Pacifico,Patía,Río Guáitara,2006,22,Andes,Preliminar,0,0,0,2.10945749282837,2.10945749282837,0,0.677294790744782,0.325201690196991,3.93818187713623,4.62545442581177,5,5,0.789855062961578,0.967391312122345,1,1,53,1.03999996185303,0
09,2008-09-15,52050040,,"",SANDONA [52050040],Pluviométrica,Convencional,Activa,Nariño,Sandoná,1.3223,-77.4792,20,9/15/1963,,Cudayari,Pacifico,Patía,Río Guáitara,2008,15,Andes,Preliminar,0,0,0,3.54625010490418,3.54625010490418,0,1.88207149505615,2.30431795120239,3.93818187713623,4.62545442581177,5,5,0.789855062961578,0.967391312122345,1,1,51,1.03999996185303,0
09,2004-09-27,52050040,,"",SANDONA [52050040],Pluviométrica,Convencional,Activa,Nariño,Sandoná,1.3223,-77.4792,20,9/15/1963,,Cudayari,Pacifico,Patía,Río Guáitara,2004,27,Andes,Preliminar,0,0,0,1.07954204082489,1.07954204082489,0,0.728226006031036,1.81965279579163,3.93818187713623,4.62545442581177,5,5,0.789855062961578,0.967391312122345,1,1,54,1.03999996185303,0
09,2017-09-28,52050040,,"",SANDONA [52050040],Pluviométrica,Convencional,Activa,Nariño,Sandoná,1.3223,-77.4792,20,9/15/1963,,Cudayari,Pacifico,Patía,Río Guáitara,2017,28,Andes,Preliminar,0,0,0,3.4714789390564,3.4714789390564,7.75533628463745,3.37928485870361,10.4241981506348,3.93818187713623,4.62545442581177,5,5,0.789855062961578,0.967391312122345,1,1,54,1.03999996185303,0
09,2007-09-18,52050040,,"",SANDONA [52050040],Pluviométrica,Convencional,Activa,Nariño,Sandoná,1.3223,-77.4792,20,9/15/1963,,Cudayari,Pacifico,Patía,Río Guáitara,2007,18,Andes,Preliminar,0,0,0,0.0222788248211145,0.0222788248211145,0,0,0,3.93818187713623,4.62545442581177,5,5,0.789855062961578,0.967391312122345,1,1,52,1.03999996185303,0
09,2013-09-30,52050040,,"",SANDONA [52050040],Pluviométrica,Convencional,Activa,Nariño,Sandoná,1.3223,-77.4792,20,9/15/1963,,Cudayari,Pacifico,Patía,Río Guáitara,2013,30,Andes,Preliminar,0,0,0,4.56026697158814,4.56026697158814,32.3415679931641,4.29114627838135,10.9273538589478,3.93818187713623,4.62545442581177,5,5,0.789855062961578,0.967391312122345,1,1,54,1.03999996185303,0
09,2006-09-23,52050040,4,Definitivo,SANDONA [52050040],Pluviométrica,Convencional,Activa,Nariño,Sandoná,1.3223,-77.4792,20,9/15/1963,,Cudayari,Pacifico,Patía,Río Guáitara,2006,23,Andes,Definitivo,4,4,0,1.64877152442932,1.64877152442932,0,0.83243989944458,0,3.93818187713623,4.62545442581177,5,5,0.789855062961578,0.967391312122345,1,1,53,1.03999996185303,4.15999984741211
09,2007-09-28,52050040,,"",SANDONA [52050040],Pluviométrica,Convencional,Activa,Nariño,Sandoná,1.3223,-77.4792,20,9/15/1963,,Cudayari,Pacifico,Patía,Río Guáitara,2007,28,Andes,Preliminar,0,0,0,0,0,0,0.00167696364223957,0,3.93818187713623,4.62545442581177,5,5,0.789855062961578,0.967391312122345,1,1,54,1.03999996185303,0
09,2009-09-28,52050040,,"",SANDONA [52050040],Pluviométrica,Convencional,Activa,Nariño,Sandoná,1.3223,-77.4792,20,9/15/1963,,Cudayari,Pacifico,Patía,Río Guáitara,2009,28,Andes,Preliminar,0,0,0,2.74458956718445,2.74458956718445,0,0.298016369342804,0,3.93818187713623,4.62545442581177,5,5,0.789855062961578,0.967391312122345,1,1,54,1.03999996185303,0
09,2010-09-28,52050040,10,Definitivo,SANDONA [52050040],Pluviométrica,Convencional,Activa,Nariño,Sandoná,1.3223,-77.4792,20,9/15/1963,,Cudayari,Pacifico,Patía,Río Guáitara,2010,28,Andes,Definitivo,10,10,0,9.35656833648682,9.35656833648682,12.3298635482788,3.47326850891113,7.94735431671143,3.93818187713623,4.62545442581177,5,5,0.789855062961578,0.967391312122345,1,1,54,1.03999996185303,10.3999996185303
09,2006-09-28,52050040,,"",SANDONA [52050040],Pluviométrica,Convencional,Activa,Nariño,Sandoná,1.3223,-77.4792,20,9/15/1963,,Cudayari,Pacifico,Patía,Río Guáitara,2006,28,Andes,Preliminar,0,0,0,0.639920711517334,0.639920711517334,0,0.000932888535317034,0.00419828435406089,3.93818187713623,4.62545442581177,5,5,0.789855062961578,0.967391312122345,1,1,54,1.03999996185303,0
09,2004-09-26,52050040,,"",SANDONA [52050040],Pluviométrica,Convencional,Activa,Nariño,Sandoná,1.3223,-77.4792,20,9/15/1963,,Cudayari,Pacifico,Patía,Río Guáitara,2004,26,Andes,Preliminar,0,0,0,1.27582240104675,1.27582240104675,0,0.121101543307304,0.00163051299750805,3.93818187713623,4.62545442581177,5,5,0.789855062961578,0.967391312122345,1,1,54,1.03999996185303,0
09,2005-09-23,52050040,8,Definitivo,SANDONA [52050040],Pluviométrica,Convencional,Activa,Nariño,Sandoná,1.3223,-77.4792,20,9/15/1963,,Cudayari,Pacifico,Patía,Río Guáitara,2005,23,Andes,Definitivo,8,8,0,6.19732093811035,6.19732093811035,0,9.17254734039307,4.84638738632202,3.93818187713623,4.62545442581177,5,5,0.789855062961578,0.967391312122345,1,1,53,1.03999996185303,8.31999969482422
09,2012-09-30,52050040,,"",SANDONA [52050040],Pluviométrica,Convencional,Activa,Nariño,Sandoná,1.3223,-77.4792,20,9/15/1963,,Cudayari,Pacifico,Patía,Río Guáitara,2012,30,Andes,Preliminar,0,0,0,1.07720410823822,1.07720410823822,0,0.00206676032394171,0,3.93818187713623,4.62545442581177,5,5,0.789855062961578,0.967391312122345,1,1,54,1.03999996185303,0
09,2019-09-29,52050040,15,Definitivo,SANDONA [52050040],Pluviométrica,Convencional,Activa,Nariño,Sandoná,1.3223,-77.4792,20,9/15/1963,,Cudayari,Pacifico,Patía,Río Guáitara,2019,29,Andes,Definitivo,15,15,0,9.98273277282715,9.98273277282715,14.6714353561401,11.516902923584,2.28700065612793,3.93818187713623,4.62545442581177,5,5,0.789855062961578,0.967391312122345,1,1,54,1.03999996185303,15.5999994277954
09,2008-09-16,52050040,2,Definitivo,SANDONA [52050040],Pluviométrica,Convencional,Activa,Nariño,Sandoná,1.3223,-77.4792,20,9/15/1963,,Cudayari,Pacifico,Patía,Río Guáitara,2008,16,Andes,Definitivo,2,2,0,2.19573879241943,2.19573879241943,5.92633676528931,1.64755845069885,2.77069187164307,3.93818187713623,4.62545442581177,5,5,0.789855062961578,0.967391312122345,1,1,52,1.03999996185303,2.07999992370605
09,2006-09-24,52050040,,"",SANDONA [52050040],Pluviométrica,Convencional,Activa,Nariño,Sandoná,1.3223,-77.4792,20,9/15/1963,,Cudayari,Pacifico,Patía,Río Guáitara,2006,24,Andes,Preliminar,0,0,0,2.0852108001709,2.0852108001709,10.5439538955688,1.36841642856598,4.55024337768555,3.93818187713623,4.62545442581177,5,5,0.789855062961578,0.967391312122345,1,1,53,1.03999996185303,0
09,2005-09-27,52050040,,"",SANDONA [52050040],Pluviométrica,Convencional,Activa,Nariño,Sandoná,1.3223,-77.4792,20,9/15/1963,,Cudayari,Pacifico,Patía,Río Guáitara,2005,27,Andes,Preliminar,0,0,0,0.206260398030281,0.206260398030281,12.5493383407593,3.47286510467529,1.32707118988037,3.93818187713623,4.62545442581177,5,5,0.789855062961578,0.967391312122345,1,1,54,1.03999996185303,0
09,2009-09-29,52050040,,"",SANDONA [52050040],Pluviométrica,Convencional,Activa,Nariño,Sandoná,1.3223,-77.4792,20,9/15/1963,,Cudayari,Pacifico,Patía,Río Guáitara,2009,29,Andes,Preliminar,0,0,0,0,0,0,0.266041606664658,0,3.93818187713623,4.62545442581177,5,5,0.789855062961578,0.967391312122345,1,1,54,1.03999996185303,0
09,2003-09-30,52050040,16,Definitivo,SANDONA [52050040],Pluviométrica,Convencional,Activa,Nariño,Sandoná,1.3223,-77.4792,20,9/15/1963,,Cudayari,Pacifico,Patía,Río Guáitara,2003,30,Andes,Definitivo,16,16,0,7.61972522735596,7.61972522735596,34.2292327880859,6.72554779052734,0.637320518493652,3.93818187713623,4.62545442581177,5,5,0.789855062961578,0.967391312122345,1,1,54,1.03999996185303,16.6399993896484
09,2003-09-29,52050040,9,Definitivo,SANDONA [52050040],Pluviométrica,Convencional,Activa,Nariño,Sandoná,1.3223,-77.4792,20,9/15/1963,,Cudayari,Pacifico,Patía,Río Guáitara,2003,29,Andes,Definitivo,9,9,0,7.71497201919556,7.71497201919556,34.2292327880859,13.8344488143921,45.8603439331055,3.93818187713623,4.62545442581177,5,5,0.789855062961578,0.967391312122345,1,1,54,1.03999996185303,9.35999965667725
09,2012-09-29,52050040,,"",SANDONA [52050040],Pluviométrica,Convencional,Activa,Nariño,Sandoná,1.3223,-77.4792,20,9/15/1963,,Cudayari,Pacifico,Patía,Río Guáitara,2012,29,Andes,Preliminar,0,0,0,1.0538432598114,1.0538432598114,0,0.00112036743666977,0,3.93818187713623,4.62545442581177,5,5,0.789855062961578,0.967391312122345,1,1,54,1.03999996185303,0
09,2005-09-30,52050040,,"",SANDONA [52050040],Pluviométrica,Convencional,Activa,Nariño,Sandoná,1.3223,-77.4792,20,9/15/1963,,Cudayari,Pacifico,Patía,Río Guáitara,2005,30,Andes,Preliminar,0,0,0,3.5889310836792,3.5889310836792,12.5493383407593,3.69260907173157,4.83494853973389,3.93818187713623,4.62545442581177,5,5,0.789855062961578,0.967391312122345,1,1,54,1.03999996185303,0
09,2009-09-12,52050040,,"",SANDONA [52050040],Pluviométrica,Convencional,Activa,Nariño,Sandoná,1.3223,-77.4792,20,9/15/1963,,Cudayari,Pacifico,Patía,Río Guáitara,2009,12,Andes,Preliminar,0,0,0,0.302923202514648,0.302923202514648,0,0.831543922424316,0.7139692902565,3.93818187713623,4.62545442581177,5,5,0.789855062961578,0.967391312122345,1,1,51,1.03999996185303,0
09,2019-09-30,52050040,6,Definitivo,SANDONA [52050040],Pluviométrica,Convencional,Activa,Nariño,Sandoná,1.3223,-77.4792,20,9/15/1963,,Cudayari,Pacifico,Patía,Río Guáitara,2019,30,Andes,Definitivo,6,6,0,8.49720096588135,8.49720096588135,29.3428707122803,12.299295425415,25.3365135192871,3.93818187713623,4.62545442581177,5,5,0.789855062961578,0.967391312122345,1,1,54,1.03999996185303,6.23999977111816
09,2007-09-20,52050040,,"",SANDONA [52050040],Pluviométrica,Convencional,Activa,Nariño,Sandoná,1.3223,-77.4792,20,9/15/1963,,Cudayari,Pacifico,Patía,Río Guáitara,2007,20,Andes,Preliminar,0,0,0,0.178230598568916,0.178230598568916,0,0,0,3.93818187713623,4.62545442581177,5,5,0.789855062961578,0.967391312122345,1,1,52,1.03999996185303,0
09,2006-09-20,52050040,,"",SANDONA [52050040],Pluviométrica,Convencional,Activa,Nariño,Sandoná,1.3223,-77.4792,20,9/15/1963,,Cudayari,Pacifico,Patía,Río Guáitara,2006,20,Andes,Preliminar,0,0,0,4.25298309326172,4.25298309326172,0,1.5749249458313,0,3.93818187713623,4.62545442581177,5,5,0.789855062961578,0.967391312122345,1,1,52,1.03999996185303,0
09,2008-09-25,52050040,,"",SANDONA [52050040],Pluviométrica,Convencional,Activa,Nariño,Sandoná,1.3223,-77.4792,20,9/15/1963,,Cudayari,Pacifico,Patía,Río Guáitara,2008,25,Andes,Preliminar,0,0,0,3.35653018951416,3.35653018951416,0,0.361180901527405,0.477012634277344,3.93818187713623,4.62545442581177,5,5,0.789855062961578,0.967391312122345,1,1,53,1.03999996185303,0
09,2011-09-30,52050040,,"",SANDONA [52050040],Pluviométrica,Convencional,Activa,Nariño,Sandoná,1.3223,-77.4792,20,9/15/1963,,Cudayari,Pacifico,Patía,Río Guáitara,2011,30,Andes,Preliminar,0,0,0,3.10154891014099,3.10154891014099,0,0.351902723312378,0,3.93818187713623,4.62545442581177,5,5,0.789855062961578,0.967391312122345,1,1,54,1.03999996185303,0
09,2014-09-28,52050040,,"",SANDONA [52050040],Pluviométrica,Convencional,Activa,Nariño,Sandoná,1.3223,-77.4792,20,9/15/1963,,Cudayari,Pacifico,Patía,Río Guáitara,2014,28,Andes,Preliminar,0,0,0,1.85947251319885,1.85947251319885,0,0.00508591718971729,0.00551440892741084,3.93818187713623,4.62545442581177,5,5,0.789855062961578,0.967391312122345,1,1,54,1.03999996185303,0
09,2007-09-21,52050040,,"",SANDONA [52050040],Pluviométrica,Convencional,Activa,Nariño,Sandoná,1.3223,-77.4792,20,9/15/1963,,Cudayari,Pacifico,Patía,Río Guáitara,2007,21,Andes,Preliminar,0,0,0,0.745545029640198,0.745545029640198,0,1.20220863819122,0.433087170124054,3.93818187713623,4.62545442581177,5,5,0.789855062961578,0.967391312122345,1,1,53,1.03999996185303,0
09,2007-09-30,52050040,,"",SANDONA [52050040],Pluviométrica,Convencional,Activa,Nariño,Sandoná,1.3223,-77.4792,20,9/15/1963,,Cudayari,Pacifico,Patía,Río Guáitara,2007,30,Andes,Preliminar,0,0,0,1.75123035907745,1.75123035907745,0,0.0037682568654418,0,3.93818187713623,4.62545442581177,5,5,0.789855062961578,0.967391312122345,1,1,54,1.03999996185303,0
09,2005-09-29,52050040,,"",SANDONA [52050040],Pluviométrica,Convencional,Activa,Nariño,Sandoná,1.3223,-77.4792,20,9/15/1963,,Cudayari,Pacifico,Patía,Río Guáitara,2005,29,Andes,Preliminar,0,0,0,8.62168502807617,8.62168502807617,0,2.28067851066589,10.342077255249,3.93818187713623,4.62545442581177,5,5,0.789855062961578,0.967391312122345,1,1,54,1.03999996185303,0
09,2014-09-30,52050040,,"",SANDONA [52050040],Pluviométrica,Convencional,Activa,Nariño,Sandoná,1.3223,-77.4792,20,9/15/1963,,Cudayari,Pacifico,Patía,Río Guáitara,2014,30,Andes,Preliminar,0,0,0,0.488912045955658,0.488912045955658,0,0.00129752315115184,0.00551440892741084,3.93818187713623,4.62545442581177,5,5,0.789855062961578,0.967391312122345,1,1,54,1.03999996185303,0
09,2004-09-25,52050040,,"",SANDONA [52050040],Pluviométrica,Convencional,Activa,Nariño,Sandoná,1.3223,-77.4792,20,9/15/1963,,Cudayari,Pacifico,Patía,Río Guáitara,2004,25,Andes,Preliminar,0,0,0,2.45238089561462,2.45238089561462,0,2.53150820732117,7.95165205001831,3.93818187713623,4.62545442581177,5,5,0.789855062961578,0.967391312122345,1,1,53,1.03999996185303,0
09,2011-09-27,52050040,,"",SANDONA [52050040],Pluviométrica,Convencional,Activa,Nariño,Sandoná,1.3223,-77.4792,20,9/15/1963,,Cudayari,Pacifico,Patía,Río Guáitara,2011,27,Andes,Preliminar,0,0,0,1.50777292251587,1.50777292251587,0,0.152752697467804,0,3.93818187713623,4.62545442581177,5,5,0.789855062961578,0.967391312122345,1,1,54,1.03999996185303,0
09,2013-09-27,52050040,,"",SANDONA [52050040],Pluviométrica,Convencional,Activa,Nariño,Sandoná,1.3223,-77.4792,20,9/15/1963,,Cudayari,Pacifico,Patía,Río Guáitara,2013,27,Andes,Preliminar,0,0,0,2.12979316711426,2.12979316711426,0,3.2022168636322,0,3.93818187713623,4.62545442581177,5,5,0.789855062961578,0.967391312122345,1,1,54,1.03999996185303,0
09,2007-09-13,52050040,,"",SANDONA [52050040],Pluviométrica,Convencional,Activa,Nariño,Sandoná,1.3223,-77.4792,20,9/15/1963,,Cudayari,Pacifico,Patía,Río Guáitara,2007,13,Andes,Preliminar,0,0,0,0.452399879693985,0.452399879693985,0,0.117490090429783,0.909635543823242,3.93818187713623,4.62545442581177,5,5,0.789855062961578,0.967391312122345,1,1,51,1.03999996185303,0
09,2009-09-13,52050040,,"",SANDONA [52050040],Pluviométrica,Convencional,Activa,Nariño,Sandoná,1.3223,-77.4792,20,9/15/1963,,Cudayari,Pacifico,Patía,Río Guáitara,2009,13,Andes,Preliminar,0,0,0,0,0,0,0.269710570573807,0,3.93818187713623,4.62545442581177,5,5,0.789855062961578,0.967391312122345,1,1,51,1.03999996185303,0
09,2009-09-14,52050040,,"",SANDONA [52050040],Pluviométrica,Convencional,Activa,Nariño,Sandoná,1.3223,-77.4792,20,9/15/1963,,Cudayari,Pacifico,Patía,Río Guáitara,2009,14,Andes,Preliminar,0,0,0,2.27192401885986,2.27192401885986,0,0.625903725624085,0,3.93818187713623,4.62545442581177,5,5,0.789855062961578,0.967391312122345,1,1,51,1.03999996185303,0
09,2007-09-22,52050040,,"",SANDONA [52050040],Pluviométrica,Convencional,Activa,Nariño,Sandoná,1.3223,-77.4792,20,9/15/1963,,Cudayari,Pacifico,Patía,Río Guáitara,2007,22,Andes,Preliminar,0,0,0,2.07583117485046,2.07583117485046,0,1.38348782062531,1.01955938339233,3.93818187713623,4.62545442581177,5,5,0.789855062961578,0.967391312122345,1,1,53,1.03999996185303,0
09,2010-09-26,52050040,9,Definitivo,SANDONA [52050040],Pluviométrica,Convencional,Activa,Nariño,Sandoná,1.3223,-77.4792,20,9/15/1963,,Cudayari,Pacifico,Patía,Río Guáitara,2010,26,Andes,Definitivo,9,9,0,4.70708608627319,4.70708608627319,0,4.74140405654907,1.65835654735565,3.93818187713623,4.62545442581177,5,5,0.789855062961578,0.967391312122345,1,1,54,1.03999996185303,9.35999965667725
09,2010-09-27,52050040,22,Definitivo,SANDONA [52050040],Pluviométrica,Convencional,Activa,Nariño,Sandoná,1.3223,-77.4792,20,9/15/1963,,Cudayari,Pacifico,Patía,Río Guáitara,2010,27,Andes,Definitivo,22,22,0,7.80948352813721,7.80948352813721,0,9.14040565490723,3.43152284622192,3.93818187713623,4.62545442581177,5,5,0.789855062961578,0.967391312122345,1,1,54,1.03999996185303,22.8799991607666
09,2016-09-28,52050040,4,Definitivo,SANDONA [52050040],Pluviométrica,Convencional,Activa,Nariño,Sandoná,1.3223,-77.4792,20,9/15/1963,,Cudayari,Pacifico,Patía,Río Guáitara,2016,28,Andes,Definitivo,4,4,0,2.83068060874939,2.83068060874939,47.6672210693359,3.16449809074402,4.55459642410278,3.93818187713623,4.62545442581177,5,5,0.789855062961578,0.967391312122345,1,1,54,1.03999996185303,4.15999984741211
09,2016-09-29,52050040,,"",SANDONA [52050040],Pluviométrica,Convencional,Activa,Nariño,Sandoná,1.3223,-77.4792,20,9/15/1963,,Cudayari,Pacifico,Patía,Río Guáitara,2016,29,Andes,Preliminar,0,0,0,5.89752769470215,5.89752769470215,0,7.30656147003174,0.744699120521545,3.93818187713623,4.62545442581177,5,5,0.789855062961578,0.967391312122345,1,1,54,1.03999996185303,0
09,2016-09-30,52050040,1,Definitivo,SANDONA [52050040],Pluviométrica,Convencional,Activa,Nariño,Sandoná,1.3223,-77.4792,20,9/15/1963,,Cudayari,Pacifico,Patía,Río Guáitara,2016,30,Andes,Definitivo,1,1,0,11.1495761871338,11.1495761871338,0,9.35848617553711,18.8355369567871,3.93818187713623,4.62545442581177,5,5,0.789855062961578,0.967391312122345,1,1,54,1.03999996185303,1.03999996185303
09,2005-09-28,52050040,3,Definitivo,SANDONA [52050040],Pluviométrica,Convencional,Activa,Nariño,Sandoná,1.3223,-77.4792,20,9/15/1963,,Cudayari,Pacifico,Patía,Río Guáitara,2005,28,Andes,Definitivo,3,3,0,2.72263741493225,2.72263741493225,0,6.33110046386719,0.103744976222515,3.93818187713623,4.62545442581177,5,5,0.789855062961578,0.967391312122345,1,1,54,1.03999996185303,3.11999988555908
09,2011-09-26,52050040,,"",SANDONA [52050040],Pluviométrica,Convencional,Activa,Nariño,Sandoná,1.3223,-77.4792,20,9/15/1963,,Cudayari,Pacifico,Patía,Río Guáitara,2011,26,Andes,Preliminar,0,0,0,4.94952440261841,4.94952440261841,0,0.36594295501709,0.986344456672668,3.93818187713623,4.62545442581177,5,5,0.789855062961578,0.967391312122345,1,1,54,1.03999996185303,0
09,2005-09-22,52050040,12,Definitivo,SANDONA [52050040],Pluviométrica,Convencional,Activa,Nariño,Sandoná,1.3223,-77.4792,20,9/15/1963,,Cudayari,Pacifico,Patía,Río Guáitara,2005,22,Andes,Definitivo,12,12,0,2.23958373069763,2.23958373069763,0,7.93886709213257,5.33230447769165,3.93818187713623,4.62545442581177,5,5,0.789855062961578,0.967391312122345,1,1,53,1.03999996185303,12.4799995422363
09,2008-09-14,52050040,,"",SANDONA [52050040],Pluviométrica,Convencional,Activa,Nariño,Sandoná,1.3223,-77.4792,20,9/15/1963,,Cudayari,Pacifico,Patía,Río Guáitara,2008,14,Andes,Preliminar,0,0,0,2.7633113861084,2.7633113861084,0,0.273700594902039,0,3.93818187713623,4.62545442581177,5,5,0.789855062961578,0.967391312122345,1,1,51,1.03999996185303,0
09,2015-09-29,52050040,,"",SANDONA [52050040],Pluviométrica,Convencional,Activa,Nariño,Sandoná,1.3223,-77.4792,20,9/15/1963,,Cudayari,Pacifico,Patía,Río Guáitara,2015,29,Andes,Preliminar,0,0,0,7.76239776611328,7.76239776611328,0,8.41217041015625,0,3.93818187713623,4.62545442581177,5,5,0.789855062961578,0.967391312122345,1,1,54,1.03999996185303,0
09,2017-09-29,52050040,15,Definitivo,SANDONA [52050040],Pluviométrica,Convencional,Activa,Nariño,Sandoná,1.3223,-77.4792,20,9/15/1963,,Cudayari,Pacifico,Patía,Río Guáitara,2017,29,Andes,Definitivo,15,15,0,3.88629794120789,3.88629794120789,7.75533628463745,2.79820942878723,0.0514182709157467,3.93818187713623,4.62545442581177,5,5,0.789855062961578,0.967391312122345,1,1,54,1.03999996185303,15.5999994277954
09,2017-09-30,52050040,2,Definitivo,SANDONA [52050040],Pluviométrica,Convencional,Activa,Nariño,Sandoná,1.3223,-77.4792,20,9/15/1963,,Cudayari,Pacifico,Patía,Río Guáitara,2017,30,Andes,Definitivo,2,2,0,3.04386281967163,3.04386281967163,0,3.61545848846436,1.65738236904144,3.93818187713623,4.62545442581177,5,5,0.789855062961578,0.967391312122345,1,1,54,1.03999996185303,2.07999992370605
09,2008-09-17,52050040,,"",SANDONA [52050040],Pluviométrica,Convencional,Activa,Nariño,Sandoná,1.3223,-77.4792,20,9/15/1963,,Cudayari,Pacifico,Patía,Río Guáitara,2008,17,Andes,Preliminar,0,0,0,0.725378036499023,0.725378036499023,5.92633676528931,1.07942271232605,5.84923839569092,3.93818187713623,4.62545442581177,5,5,0.789855062961578,0.967391312122345,1,1,52,1.03999996185303,0
09,2006-09-25,52050040,,"",SANDONA [52050040],Pluviométrica,Convencional,Activa,Nariño,Sandoná,1.3223,-77.4792,20,9/15/1963,,Cudayari,Pacifico,Patía,Río Guáitara,2006,25,Andes,Preliminar,0,0,0,1.21233201026917,1.21233201026917,0,0.569497287273407,0.64007955789566,3.93818187713623,4.62545442581177,5,5,0.789855062961578,0.967391312122345,1,1,53,1.03999996185303,0
09,2006-09-26,52050040,,"",SANDONA [52050040],Pluviométrica,Convencional,Activa,Nariño,Sandoná,1.3223,-77.4792,20,9/15/1963,,Cudayari,Pacifico,Patía,Río Guáitara,2006,26,Andes,Preliminar,0,0,0,0,0,0,0.00286186952143908,0,3.93818187713623,4.62545442581177,5,5,0.789855062961578,0.967391312122345,1,1,54,1.03999996185303,0
09,2009-09-30,52050040,,"",SANDONA [52050040],Pluviométrica,Convencional,Activa,Nariño,Sandoná,1.3223,-77.4792,20,9/15/1963,,Cudayari,Pacifico,Patía,Río Guáitara,2009,30,Andes,Preliminar,0,0,0,0,0,0,0.446876257658005,0,3.93818187713623,4.62545442581177,5,5,0.789855062961578,0.967391312122345,1,1,54,1.03999996185303,0
09,2012-09-28,52050040,,"",SANDONA [52050040],Pluviométrica,Convencional,Activa,Nariño,Sandoná,1.3223,-77.4792,20,9/15/1963,,Cudayari,Pacifico,Patía,Río Guáitara,2012,28,Andes,Preliminar,0,0,0,1.86857295036316,1.86857295036316,0,0.00751638412475586,0.00279624154791236,3.93818187713623,4.62545442581177,5,5,0.789855062961578,0.967391312122345,1,1,54,1.03999996185303,0
09,2007-09-29,52050040,,"",SANDONA [52050040],Pluviométrica,Convencional,Activa,Nariño,Sandoná,1.3223,-77.4792,20,9/15/1963,,Cudayari,Pacifico,Patía,Río Guáitara,2007,29,Andes,Preliminar,0,0,0,0,0,0,0.00170258164871484,0.00130777328740805,3.93818187713623,4.62545442581177,5,5,0.789855062961578,0.967391312122345,1,1,54,1.03999996185303,0
09,2013-09-26,52050040,,"",SANDONA [52050040],Pluviométrica,Convencional,Activa,Nariño,Sandoná,1.3223,-77.4792,20,9/15/1963,,Cudayari,Pacifico,Patía,Río Guáitara,2013,26,Andes,Preliminar,0,0,0,3.78483390808105,3.78483390808105,0,3.70253133773804,0,3.93818187713623,4.62545442581177,5,5,0.789855062961578,0.967391312122345,1,1,54,1.03999996185303,0
09,2003-09-28,52050040,6,Definitivo,SANDONA [52050040],Pluviométrica,Convencional,Activa,Nariño,Sandoná,1.3223,-77.4792,20,9/15/1963,,Cudayari,Pacifico,Patía,Río Guáitara,2003,28,Andes,Definitivo,6,6,0,10.9533548355103,10.9533548355103,0,26.7437381744385,2.51808428764343,3.93818187713623,4.62545442581177,5,5,0.789855062961578,0.967391312122345,1,1,54,1.03999996185303,6.23999977111816
09,2010-09-23,52050040,8,Definitivo,SANDONA [52050040],Pluviométrica,Convencional,Activa,Nariño,Sandoná,1.3223,-77.4792,20,9/15/1963,,Cudayari,Pacifico,Patía,Río Guáitara,2010,23,Andes,Definitivo,8,8,0,6.82383871078491,6.82383871078491,13.9291563034058,4.80624198913574,11.0807266235352,3.93818187713623,4.62545442581177,5,5,0.789855062961578,0.967391312122345,1,1,53,1.03999996185303,8.31999969482422
09,2009-09-26,52050040,,"",SANDONA [52050040],Pluviométrica,Convencional,Activa,Nariño,Sandoná,1.3223,-77.4792,20,9/15/1963,,Cudayari,Pacifico,Patía,Río Guáitara,2009,26,Andes,Preliminar,0,0,0,0.0807232111692429,0.0807232111692429,0,0.530287027359009,1.8821439743042,3.93818187713623,4.62545442581177,5,5,0.789855062961578,0.967391312122345,1,1,54,1.03999996185303,0
09,2005-09-16,52050040,,"",SANDONA [52050040],Pluviométrica,Convencional,Activa,Nariño,Sandoná,1.3223,-77.4792,20,9/15/1963,,Cudayari,Pacifico,Patía,Río Guáitara,2005,16,Andes,Preliminar,0,0,0,0,0,0,0.0461360961198807,0,3.93818187713623,4.62545442581177,5,5,0.789855062961578,0.967391312122345,1,1,52,1.03999996185303,0
09,2006-09-14,52050040,,"",SANDONA [52050040],Pluviométrica,Convencional,Activa,Nariño,Sandoná,1.3223,-77.4792,20,9/15/1963,,Cudayari,Pacifico,Patía,Río Guáitara,2006,14,Andes,Preliminar,0,0,0,3.20605754852295,3.20605754852295,0,0.679763734340668,0.00909127667546272,3.93818187713623,4.62545442581177,5,5,0.789855062961578,0.967391312122345,1,1,51,1.03999996185303,0
09,2005-09-13,52050040,,"",SANDONA [52050040],Pluviométrica,Convencional,Activa,Nariño,Sandoná,1.3223,-77.4792,20,9/15/1963,,Cudayari,Pacifico,Patía,Río Guáitara,2005,13,Andes,Preliminar,0,0,0,0.164774417877197,0.164774417877197,0,0.377594292163849,0.767049849033356,3.93818187713623,4.62545442581177,5,5,0.789855062961578,0.967391312122345,1,1,51,1.03999996185303,0
09,2007-09-14,52050040,,"",SANDONA [52050040],Pluviométrica,Convencional,Activa,Nariño,Sandoná,1.3223,-77.4792,20,9/15/1963,,Cudayari,Pacifico,Patía,Río Guáitara,2007,14,Andes,Preliminar,0,0,0,4.56512546539307,4.56512546539307,0,0.42744767665863,0.491510421037674,3.93818187713623,4.62545442581177,5,5,0.789855062961578,0.967391312122345,1,1,51,1.03999996185303,0
09,2008-09-18,52050040,,"",SANDONA [52050040],Pluviométrica,Convencional,Activa,Nariño,Sandoná,1.3223,-77.4792,20,9/15/1963,,Cudayari,Pacifico,Patía,Río Guáitara,2008,18,Andes,Preliminar,0,0,0,5.09725093841553,5.09725093841553,0,4.4390754699707,1.90719747543335,3.93818187713623,4.62545442581177,5,5,0.789855062961578,0.967391312122345,1,1,52,1.03999996185303,0
09,2008-09-19,52050040,,"",SANDONA [52050040],Pluviométrica,Convencional,Activa,Nariño,Sandoná,1.3223,-77.4792,20,9/15/1963,,Cudayari,Pacifico,Patía,Río Guáitara,2008,19,Andes,Preliminar,0,0,0,3.50926113128662,3.50926113128662,4.95377588272095,1.05979883670807,1.2464359998703,3.93818187713623,4.62545442581177,5,5,0.789855062961578,0.967391312122345,1,1,52,1.03999996185303,0
09,2008-09-26,52050040,,"",SANDONA [52050040],Pluviométrica,Convencional,Activa,Nariño,Sandoná,1.3223,-77.4792,20,9/15/1963,,Cudayari,Pacifico,Patía,Río Guáitara,2008,26,Andes,Preliminar,0,0,0,2.44267702102661,2.44267702102661,0,0.771858394145966,3.48367953300476,3.93818187713623,4.62545442581177,5,5,0.789855062961578,0.967391312122345,1,1,54,1.03999996185303,0
09,2008-09-27,52050040,8,Definitivo,SANDONA [52050040],Pluviométrica,Convencional,Activa,Nariño,Sandoná,1.3223,-77.4792,20,9/15/1963,,Cudayari,Pacifico,Patía,Río Guáitara,2008,27,Andes,Definitivo,8,8,0,4.39271306991577,4.39271306991577,0,4.13083600997925,0.927194714546204,3.93818187713623,4.62545442581177,5,5,0.789855062961578,0.967391312122345,1,1,54,1.03999996185303,8.31999969482422
09,2014-09-29,52050040,,"",SANDONA [52050040],Pluviométrica,Convencional,Activa,Nariño,Sandoná,1.3223,-77.4792,20,9/15/1963,,Cudayari,Pacifico,Patía,Río Guáitara,2014,29,Andes,Preliminar,0,0,0,0.997065782546997,0.997065782546997,0,0.0014687980292365,0.00551440892741084,3.93818187713623,4.62545442581177,5,5,0.789855062961578,0.967391312122345,1,1,54,1.03999996185303,0
09,2004-09-30,52050040,,"",SANDONA [52050040],Pluviométrica,Convencional,Activa,Nariño,Sandoná,1.3223,-77.4792,20,9/15/1963,,Cudayari,Pacifico,Patía,Río Guáitara,2004,30,Andes,Preliminar,0,0,0,5.94974851608276,5.94974851608276,0,0.457289576530457,0.194031059741974,3.93818187713623,4.62545442581177,5,5,0.789855062961578,0.967391312122345,1,1,54,1.03999996185303,0
09,2007-09-25,52050040,0,Definitivo,SANDONA [52050040],Pluviométrica,Convencional,Activa,Nariño,Sandoná,1.3223,-77.4792,20,9/15/1963,,Cudayari,Pacifico,Patía,Río Guáitara,2007,25,Andes,Definitivo,0,0,0,0.555504143238068,0.555504143238068,5.55882692337036,2.31225514411926,7.16398429870606,3.93818187713623,4.62545442581177,5,5,0.789855062961578,0.967391312122345,1,1,53,1.03999996185303,0
09,2004-09-24,52050040,4,Definitivo,SANDONA [52050040],Pluviométrica,Convencional,Activa,Nariño,Sandoná,1.3223,-77.4792,20,9/15/1963,,Cudayari,Pacifico,Patía,Río Guáitara,2004,24,Andes,Definitivo,4,4,0,3.37926506996155,3.37926506996155,0,3.70933818817139,0.37477770447731,3.93818187713623,4.62545442581177,5,5,0.789855062961578,0.967391312122345,1,1,53,1.03999996185303,4.15999984741211
09,2007-09-17,52050040,,"",SANDONA [52050040],Pluviométrica,Convencional,Activa,Nariño,Sandoná,1.3223,-77.4792,20,9/15/1963,,Cudayari,Pacifico,Patía,Río Guáitara,2007,17,Andes,Preliminar,0,0,0,0.0222788248211145,0.0222788248211145,0,0,0,3.93818187713623,4.62545442581177,5,5,0.789855062961578,0.967391312122345,1,1,52,1.03999996185303,0
09,2009-09-27,52050040,,"",SANDONA [52050040],Pluviométrica,Convencional,Activa,Nariño,Sandoná,1.3223,-77.4792,20,9/15/1963,,Cudayari,Pacifico,Patía,Río Guáitara,2009,27,Andes,Preliminar,0,0,0,3.87471437454224,3.87471437454224,5.7184329032898,0.389494180679321,0.048571452498436,3.93818187713623,4.62545442581177,5,5,0.789855062961578,0.967391312122345,1,1,54,1.03999996185303,0
09,2016-09-25,52050040,,"",SANDONA [52050040],Pluviométrica,Convencional,Activa,Nariño,Sandoná,1.3223,-77.4792,20,9/15/1963,,Cudayari,Pacifico,Patía,Río Guáitara,2016,25,Andes,Preliminar,0,0,0,0.993757665157318,0.993757665157318,0,0.489458501338959,1.67490863800049,3.93818187713623,4.62545442581177,5,5,0.789855062961578,0.967391312122345,1,1,53,1.03999996185303,0
09,2016-09-26,52050040,,"",SANDONA [52050040],Pluviométrica,Convencional,Activa,Nariño,Sandoná,1.3223,-77.4792,20,9/15/1963,,Cudayari,Pacifico,Patía,Río Guáitara,2016,26,Andes,Preliminar,0,0,0,2.86031985282898,2.86031985282898,0,1.70018398761749,0.32914873957634,3.93818187713623,4.62545442581177,5,5,0.789855062961578,0.967391312122345,1,1,54,1.03999996185303,0
09,2015-09-30,52050040,,"",SANDONA [52050040],Pluviométrica,Convencional,Activa,Nariño,Sandoná,1.3223,-77.4792,20,9/15/1963,,Cudayari,Pacifico,Patía,Río Guáitara,2015,30,Andes,Preliminar,0,0,0,31.2840175628662,31.2840175628662,47.413688659668,5.94214344024658,17.5556640625,3.93818187713623,4.62545442581177,5,5,0.789855062961578,0.967391312122345,1,1,54,1.03999996185303,0
09,2010-09-12,52050040,,"",SANDONA [52050040],Pluviométrica,Convencional,Activa,Nariño,Sandoná,1.3223,-77.4792,20,9/15/1963,,Cudayari,Pacifico,Patía,Río Guáitara,2010,12,Andes,Preliminar,0,0,0,0,0,0,0.933109521865845,0.304194718599319,3.93818187713623,4.62545442581177,5,5,0.789855062961578,0.967391312122345,1,1,51,1.03999996185303,0
09,2009-09-15,52050040,10,Definitivo,SANDONA [52050040],Pluviométrica,Convencional,Activa,Nariño,Sandoná,1.3223,-77.4792,20,9/15/1963,,Cudayari,Pacifico,Patía,Río Guáitara,2009,15,Andes,Definitivo,10,10,0,2.48396992683411,2.48396992683411,0,2.93960309028626,4.08782434463501,3.93818187713623,4.62545442581177,5,5,0.789855062961578,0.967391312122345,1,1,51,1.03999996185303,10.3999996185303
09,2007-09-23,52050040,1,Definitivo,SANDONA [52050040],Pluviométrica,Convencional,Activa,Nariño,Sandoná,1.3223,-77.4792,20,9/15/1963,,Cudayari,Pacifico,Patía,Río Guáitara,2007,23,Andes,Definitivo,1,1,0,6.16901969909668,6.16901969909668,0,3.30851674079895,0.351883322000504,3.93818187713623,4.62545442581177,5,5,0.789855062961578,0.967391312122345,1,1,53,1.03999996185303,1.03999996185303
09,2007-09-24,52050040,3,Definitivo,SANDONA [52050040],Pluviométrica,Convencional,Activa,Nariño,Sandoná,1.3223,-77.4792,20,9/15/1963,,Cudayari,Pacifico,Patía,Río Guáitara,2007,24,Andes,Definitivo,3,3,0,3.36226201057434,3.36226201057434,5.55882692337036,1.6823570728302,0.920310258865356,3.93818187713623,4.62545442581177,5,5,0.789855062961578,0.967391312122345,1,1,53,1.03999996185303,3.11999988555908
09,2013-09-25,52050040,,"",SANDONA [52050040],Pluviométrica,Convencional,Activa,Nariño,Sandoná,1.3223,-77.4792,20,9/15/1963,,Cudayari,Pacifico,Patía,Río Guáitara,2013,25,Andes,Preliminar,0,0,0,0.294322580099106,0.294322580099106,0,0.255770117044449,0.135175153613091,3.93818187713623,4.62545442581177,5,5,0.789855062961578,0.967391312122345,1,1,53,1.03999996185303,0
09,2009-09-25,52050040,,"",SANDONA [52050040],Pluviométrica,Convencional,Activa,Nariño,Sandoná,1.3223,-77.4792,20,9/15/1963,,Cudayari,Pacifico,Patía,Río Guáitara,2009,25,Andes,Preliminar,0,0,0,1.21988475322723,1.21988475322723,0,0.11223129183054,0,3.93818187713623,4.62545442581177,5,5,0.789855062961578,0.967391312122345,1,1,53,1.03999996185303,0
09,2003-09-27,52050040,15,Definitivo,SANDONA [52050040],Pluviométrica,Convencional,Activa,Nariño,Sandoná,1.3223,-77.4792,20,9/15/1963,,Cudayari,Pacifico,Patía,Río Guáitara,2003,27,Andes,Definitivo,15,15,0,9.53826236724854,9.53826236724854,0,5.01951503753662,0.748740315437317,3.93818187713623,4.62545442581177,5,5,0.789855062961578,0.967391312122345,1,1,54,1.03999996185303,15.5999994277954
09,2009-09-19,52050040,,"",SANDONA [52050040],Pluviométrica,Convencional,Activa,Nariño,Sandoná,1.3223,-77.4792,20,9/15/1963,,Cudayari,Pacifico,Patía,Río Guáitara,2009,19,Andes,Preliminar,0,0,0,1.22453284263611,1.22453284263611,0,0.634315192699432,0.0515939854085445,3.93818187713623,4.62545442581177,5,5,0.789855062961578,0.967391312122345,1,1,52,1.03999996185303,0
09,2008-09-22,52050040,6,Definitivo,SANDONA [52050040],Pluviométrica,Convencional,Activa,Nariño,Sandoná,1.3223,-77.4792,20,9/15/1963,,Cudayari,Pacifico,Patía,Río Guáitara,2008,22,Andes,Definitivo,6,6,0,1.25568032264709,1.25568032264709,21.7684688568115,2.86106729507446,12.0623149871826,3.93818187713623,4.62545442581177,5,5,0.789855062961578,0.967391312122345,1,1,53,1.03999996185303,6.23999977111816
09,2007-09-16,52050040,,"",SANDONA [52050040],Pluviométrica,Convencional,Activa,Nariño,Sandoná,1.3223,-77.4792,20,9/15/1963,,Cudayari,Pacifico,Patía,Río Guáitara,2007,16,Andes,Preliminar,0,0,0,0.735201239585877,0.735201239585877,0,0,0,3.93818187713623,4.62545442581177,5,5,0.789855062961578,0.967391312122345,1,1,52,1.03999996185303,0
09,2007-09-15,52050040,,"",SANDONA [52050040],Pluviométrica,Convencional,Activa,Nariño,Sandoná,1.3223,-77.4792,20,9/15/1963,,Cudayari,Pacifico,Patía,Río Guáitara,2007,15,Andes,Preliminar,0,0,0,0.164509043097496,0.164509043097496,6.26717710494995,1.40641891956329,0.479563981294632,3.93818187713623,4.62545442581177,5,5,0.789855062961578,0.967391312122345,1,1,51,1.03999996185303,0
09,2005-09-15,52050040,,"",SANDONA [52050040],Pluviométrica,Convencional,Activa,Nariño,Sandoná,1.3223,-77.4792,20,9/15/1963,,Cudayari,Pacifico,Patía,Río Guáitara,2005,15,Andes,Preliminar,0,0,0,0,0,0,0.277259111404419,0.0385937057435513,3.93818187713623,4.62545442581177,5,5,0.789855062961578,0.967391312122345,1,1,51,1.03999996185303,0
09,2007-09-12,52050040,,"",SANDONA [52050040],Pluviométrica,Convencional,Activa,Nariño,Sandoná,1.3223,-77.4792,20,9/15/1963,,Cudayari,Pacifico,Patía,Río Guáitara,2007,12,Andes,Preliminar,0,0,0,0.205636277794838,0.205636277794838,0,0.187095299363136,0.0460791029036045,3.93818187713623,4.62545442581177,5,5,0.789855062961578,0.967391312122345,1,1,51,1.03999996185303,0
09,2022-09-28,52050040,4,En revisión,SANDONA [52050040],Pluviométrica,Convencional,Activa,Nariño,Sandoná,1.3223,-77.4792,20,9/15/1963,,Cudayari,Pacifico,Patía,Río Guáitara,2022,28,Andes,En revisión,4,4,0,6.97123098373413,6.97123098373413,8.82982730865479,6.38787794113159,0.213425397872925,3.93818187713623,4.62545442581177,5,5,0.789855062961578,0.967391312122345,1,1,54,1.03999996185303,4.15999984741211
09,2022-09-29,52050040,1,En revisión,SANDONA [52050040],Pluviométrica,Convencional,Activa,Nariño,Sandoná,1.3223,-77.4792,20,9/15/1963,,Cudayari,Pacifico,Patía,Río Guáitara,2022,29,Andes,En revisión,1,1,0,7.00079202651978,7.00079202651978,8.86727046966553,5.24006223678589,3.78005051612854,3.93818187713623,4.62545442581177,5,5,0.789855062961578,0.967391312122345,1,1,54,1.03999996185303,1.03999996185303
09,2009-09-16,52050040,8,Definitivo,SANDONA [52050040],Pluviométrica,Convencional,Activa,Nariño,Sandoná,1.3223,-77.4792,20,9/15/1963,,Cudayari,Pacifico,Patía,Río Guáitara,2009,16,Andes,Definitivo,8,8,0,6.90600538253784,6.90600538253784,10.1921138763428,3.52585077285767,4.62196063995361,3.93818187713623,4.62545442581177,5,5,0.789855062961578,0.967391312122345,1,1,52,1.03999996185303,8.31999969482422
09,2009-09-17,52050040,,"",SANDONA [52050040],Pluviométrica,Convencional,Activa,Nariño,Sandoná,1.3223,-77.4792,20,9/15/1963,,Cudayari,Pacifico,Patía,Río Guáitara,2009,17,Andes,Preliminar,0,0,0,6.6628999710083,6.6628999710083,9.83333015441895,0.665272057056427,0.0759578049182892,3.93818187713623,4.62545442581177,5,5,0.789855062961578,0.967391312122345,1,1,52,1.03999996185303,0
09,2006-09-27,52050040,,"",SANDONA [52050040],Pluviométrica,Convencional,Activa,Nariño,Sandoná,1.3223,-77.4792,20,9/15/1963,,Cudayari,Pacifico,Patía,Río Guáitara,2006,27,Andes,Preliminar,0,0,0,0,0,0,0.000321974279358983,0,3.93818187713623,4.62545442581177,5,5,0.789855062961578,0.967391312122345,1,1,54,1.03999996185303,0
09,2002-09-30,52050040,,"",SANDONA [52050040],Pluviométrica,Convencional,Activa,Nariño,Sandoná,1.3223,-77.4792,20,9/15/1963,,Cudayari,Pacifico,Patía,Río Guáitara,2002,30,Andes,Preliminar,0,0,0,1.66366457939148,1.66366457939148,0,0.99066835641861,0,3.93818187713623,4.62545442581177,5,5,0.789855062961578,0.967391312122345,1,1,54,1.03999996185303,0
09,2009-09-18,52050040,,"",SANDONA [52050040],Pluviométrica,Convencional,Activa,Nariño,Sandoná,1.3223,-77.4792,20,9/15/1963,,Cudayari,Pacifico,Patía,Río Guáitara,2009,18,Andes,Preliminar,0,0,0,1.11648595333099,1.11648595333099,0,0.341764241456985,0.00429949862882495,3.93818187713623,4.62545442581177,5,5,0.789855062961578,0.967391312122345,1,1,52,1.03999996185303,0
09,2005-09-21,52050040,,"",SANDONA [52050040],Pluviométrica,Convencional,Activa,Nariño,Sandoná,1.3223,-77.4792,20,9/15/1963,,Cudayari,Pacifico,Patía,Río Guáitara,2005,21,Andes,Preliminar,0,0,0,1.0514075756073,1.0514075756073,0,5.43123435974121,0.920685708522797,3.93818187713623,4.62545442581177,5,5,0.789855062961578,0.967391312122345,1,1,53,1.03999996185303,0
09,2006-09-19,52050040,,"",SANDONA [52050040],Pluviométrica,Convencional,Activa,Nariño,Sandoná,1.3223,-77.4792,20,9/15/1963,,Cudayari,Pacifico,Patía,Río Guáitara,2006,19,Andes,Preliminar,0,0,0,1.8069669008255,1.8069669008255,0,2.05236315727234,0.156634137034416,3.93818187713623,4.62545442581177,5,5,0.789855062961578,0.967391312122345,1,1,52,1.03999996185303,0
09,2008-09-23,52050040,,"",SANDONA [52050040],Pluviométrica,Convencional,Activa,Nariño,Sandoná,1.3223,-77.4792,20,9/15/1963,,Cudayari,Pacifico,Patía,Río Guáitara,2008,23,Andes,Preliminar,0,0,0,7.34090042114258,7.34090042114258,0,5.27766084671021,2.5963351726532,3.93818187713623,4.62545442581177,5,5,0.789855062961578,0.967391312122345,1,1,53,1.03999996185303,0
09,2010-09-24,52050040,1,Definitivo,SANDONA [52050040],Pluviométrica,Convencional,Activa,Nariño,Sandoná,1.3223,-77.4792,20,9/15/1963,,Cudayari,Pacifico,Patía,Río Guáitara,2010,24,Andes,Definitivo,1,1,0,7.79753303527832,7.79753303527832,6.96457815170288,5.2053017616272,2.71896862983704,3.93818187713623,4.62545442581177,5,5,0.789855062961578,0.967391312122345,1,1,53,1.03999996185303,1.03999996185303
09,2011-09-28,52050040,,"",SANDONA [52050040],Pluviométrica,Convencional,Activa,Nariño,Sandoná,1.3223,-77.4792,20,9/15/1963,,Cudayari,Pacifico,Patía,Río Guáitara,2011,28,Andes,Preliminar,0,0,0,2.35199117660522,2.35199117660522,0,0.170156091451645,0.618010342121124,3.93818187713623,4.62545442581177,5,5,0.789855062961578,0.967391312122345,1,1,54,1.03999996185303,0
09,2014-09-26,52050040,,"",SANDONA [52050040],Pluviométrica,Convencional,Activa,Nariño,Sandoná,1.3223,-77.4792,20,9/15/1963,,Cudayari,Pacifico,Patía,Río Guáitara,2014,26,Andes,Preliminar,0,0,0,1.0566645860672,1.0566645860672,0,0.0105005642399192,0.00551440892741084,3.93818187713623,4.62545442581177,5,5,0.789855062961578,0.967391312122345,1,1,54,1.03999996185303,0
09,2006-09-11,52050040,1,Definitivo,SANDONA [52050040],Pluviométrica,Convencional,Activa,Nariño,Sandoná,1.3223,-77.4792,20,9/15/1963,,Cudayari,Pacifico,Patía,Río Guáitara,2006,11,Andes,Definitivo,1,1,0,1.98722589015961,1.98722589015961,0,0.86023473739624,0.0472746379673481,3.93818187713623,4.62545442581177,5,5,0.789855062961578,0.967391312122345,1,1,51,1.03999996185303,1.03999996185303
09,2005-09-14,52050040,,"",SANDONA [52050040],Pluviométrica,Convencional,Activa,Nariño,Sandoná,1.3223,-77.4792,20,9/15/1963,,Cudayari,Pacifico,Patía,Río Guáitara,2005,14,Andes,Preliminar,0,0,0,0.411936014890671,0.411936014890671,0,0.626593470573425,0.439003348350525,3.93818187713623,4.62545442581177,5,5,0.789855062961578,0.967391312122345,1,1,51,1.03999996185303,0
09,2008-09-12,52050040,,"",SANDONA [52050040],Pluviométrica,Convencional,Activa,Nariño,Sandoná,1.3223,-77.4792,20,9/15/1963,,Cudayari,Pacifico,Patía,Río Guáitara,2008,12,Andes,Preliminar,0,0,0,0,0,0,0.248728960752487,0.0201690830290318,3.93818187713623,4.62545442581177,5,5,0.789855062961578,0.967391312122345,1,1,51,1.03999996185303,0
09,2010-09-13,52050040,2,Definitivo,SANDONA [52050040],Pluviométrica,Convencional,Activa,Nariño,Sandoná,1.3223,-77.4792,20,9/15/1963,,Cudayari,Pacifico,Patía,Río Guáitara,2010,13,Andes,Definitivo,2,2,0,6.4429817199707,6.4429817199707,0,4.30761003494263,0,3.93818187713623,4.62545442581177,5,5,0.789855062961578,0.967391312122345,1,1,51,1.03999996185303,2.07999992370605
09,2004-09-29,52050040,2,Definitivo,SANDONA [52050040],Pluviométrica,Convencional,Activa,Nariño,Sandoná,1.3223,-77.4792,20,9/15/1963,,Cudayari,Pacifico,Patía,Río Guáitara,2004,29,Andes,Definitivo,2,2,0,9.09023475646973,9.09023475646973,0,0.939129054546356,0.0407628305256367,3.93818187713623,4.62545442581177,5,5,0.789855062961578,0.967391312122345,1,1,54,1.03999996185303,2.07999992370605
09,2008-09-21,52050040,,"",SANDONA [52050040],Pluviométrica,Convencional,Activa,Nariño,Sandoná,1.3223,-77.4792,20,9/15/1963,,Cudayari,Pacifico,Patía,Río Guáitara,2008,21,Andes,Preliminar,1,1,0,6.25425386428833,6.25425386428833,0,3.57183074951172,0.0462157540023327,3.93818187713623,4.62545442581177,5,5,0.789855062961578,0.967391312122345,1,1,53,1.03999996185303,1.03999996185303
09,2004-09-23,52050040,,"",SANDONA [52050040],Pluviométrica,Convencional,Activa,Nariño,Sandoná,1.3223,-77.4792,20,9/15/1963,,Cudayari,Pacifico,Patía,Río Guáitara,2004,23,Andes,Preliminar,0,0,0,2.20134973526001,2.20134973526001,15.0693588256836,1.11574018001556,2.92750883102417,3.93818187713623,4.62545442581177,5,5,0.789855062961578,0.967391312122345,1,1,53,1.03999996185303,0
09,2011-09-13,52050040,,"",SANDONA [52050040],Pluviométrica,Convencional,Activa,Nariño,Sandoná,1.3223,-77.4792,20,9/15/1963,,Cudayari,Pacifico,Patía,Río Guáitara,2011,13,Andes,Preliminar,0,0,0,1.88176727294922,1.88176727294922,0,0.505625724792481,0.472530484199524,3.93818187713623,4.62545442581177,5,5,0.789855062961578,0.967391312122345,1,1,51,1.03999996185303,0
09,2010-09-16,52050040,,"",SANDONA [52050040],Pluviométrica,Convencional,Activa,Nariño,Sandoná,1.3223,-77.4792,20,9/15/1963,,Cudayari,Pacifico,Patía,Río Guáitara,2010,16,Andes,Preliminar,0,0,0,3.75742125511169,3.75742125511169,3.88179922103882,0.664040684700012,1.15763759613037,3.93818187713623,4.62545442581177,5,5,0.789855062961578,0.967391312122345,1,1,52,1.03999996185303,0
09,2006-09-18,52050040,0,Definitivo,SANDONA [52050040],Pluviométrica,Convencional,Activa,Nariño,Sandoná,1.3223,-77.4792,20,9/15/1963,,Cudayari,Pacifico,Patía,Río Guáitara,2006,18,Andes,Definitivo,0,0,0,0.749230206012726,0.749230206012726,16.8202323913574,0.32997727394104,8.64926147460938,3.93818187713623,4.62545442581177,5,5,0.789855062961578,0.967391312122345,1,1,52,1.03999996185303,0
09,2006-09-17,52050040,25,Definitivo,SANDONA [52050040],Pluviométrica,Convencional,Activa,Nariño,Sandoná,1.3223,-77.4792,20,9/15/1963,,Cudayari,Pacifico,Patía,Río Guáitara,2006,17,Andes,Definitivo,25,25,0,3.79022312164307,3.79022312164307,0,3.25033235549927,0.385854780673981,3.93818187713623,4.62545442581177,5,5,0.789855062961578,0.967391312122345,1,1,52,1.03999996185303,25.9999990463257
09,2006-09-16,52050040,1,Definitivo,SANDONA [52050040],Pluviométrica,Convencional,Activa,Nariño,Sandoná,1.3223,-77.4792,20,9/15/1963,,Cudayari,Pacifico,Patía,Río Guáitara,2006,16,Andes,Definitivo,1,1,0,3.70207834243774,3.70207834243774,0,3.25250720977783,1.26835465431213,3.93818187713623,4.62545442581177,5,5,0.789855062961578,0.967391312122345,1,1,52,1.03999996185303,1.03999996185303
09,2004-09-16,52050040,,"",SANDONA [52050040],Pluviométrica,Convencional,Activa,Nariño,Sandoná,1.3223,-77.4792,20,9/15/1963,,Cudayari,Pacifico,Patía,Río Guáitara,2004,16,Andes,Preliminar,0,0,0,0.767007172107697,0.767007172107697,0,0.733318686485291,0,3.93818187713623,4.62545442581177,5,5,0.789855062961578,0.967391312122345,1,1,52,1.03999996185303,0
09,2014-09-27,52050040,,"",SANDONA [52050040],Pluviométrica,Convencional,Activa,Nariño,Sandoná,1.3223,-77.4792,20,9/15/1963,,Cudayari,Pacifico,Patía,Río Guáitara,2014,27,Andes,Preliminar,0,0,0,1.4470100402832,1.4470100402832,0,0.00921924039721489,0.00551440892741084,3.93818187713623,4.62545442581177,5,5,0.789855062961578,0.967391312122345,1,1,54,1.03999996185303,0
09,2018-09-28,52050040,,"",SANDONA [52050040],Pluviométrica,Convencional,Activa,Nariño,Sandoná,1.3223,-77.4792,20,9/15/1963,,Cudayari,Pacifico,Patía,Río Guáitara,2018,28,Andes,Preliminar,0,0,0,0.985940933227539,0.985940933227539,0,0.370882719755173,0,3.93818187713623,4.62545442581177,5,5,0.789855062961578,0.967391312122345,1,1,54,1.03999996185303,0
09,2020-09-28,52050040,,"",SANDONA [52050040],Pluviométrica,Convencional,Activa,Nariño,Sandoná,1.3223,-77.4792,20,9/15/1963,,Cudayari,Pacifico,Patía,Río Guáitara,2020,28,Andes,Preliminar,0,0,0,19.0982494354248,19.0982494354248,9.95810222625732,5.45397090911865,24.8250160217285,3.93818187713623,4.62545442581177,5,5,0.789855062961578,0.967391312122345,1,1,54,1.03999996185303,0
09,2020-09-29,52050040,,"",SANDONA [52050040],Pluviométrica,Convencional,Activa,Nariño,Sandoná,1.3223,-77.4792,20,9/15/1963,,Cudayari,Pacifico,Patía,Río Guáitara,2020,29,Andes,Preliminar,0,0,0,4.16268825531006,4.16268825531006,0,4.68917942047119,0.722093105316162,3.93818187713623,4.62545442581177,5,5,0.789855062961578,0.967391312122345,1,1,54,1.03999996185303,0
09,2008-09-20,52050040,19,Definitivo,SANDONA [52050040],Pluviométrica,Convencional,Activa,Nariño,Sandoná,1.3223,-77.4792,20,9/15/1963,,Cudayari,Pacifico,Patía,Río Guáitara,2008,20,Andes,Definitivo,19,19,0,8.1163911819458,8.1163911819458,0,4.47127151489258,0.923563957214355,3.93818187713623,4.62545442581177,5,5,0.789855062961578,0.967391312122345,1,1,52,1.03999996185303,19.7599992752075
09,2002-09-29,52050040,,"",SANDONA [52050040],Pluviométrica,Convencional,Activa,Nariño,Sandoná,1.3223,-77.4792,20,9/15/1963,,Cudayari,Pacifico,Patía,Río Guáitara,2002,29,Andes,Preliminar,0,0,0,0.0665465965867043,0.0665465965867043,0,0.33705261349678,0.251215398311615,3.93818187713623,4.62545442581177,5,5,0.789855062961578,0.967391312122345,1,1,54,1.03999996185303,0
09,2011-09-12,52050040,,"",SANDONA [52050040],Pluviométrica,Convencional,Activa,Nariño,Sandoná,1.3223,-77.4792,20,9/15/1963,,Cudayari,Pacifico,Patía,Río Guáitara,2011,12,Andes,Preliminar,0,0,0,2.40641784667969,2.40641784667969,8.7114839553833,0.490822404623032,0.0533658564090729,3.93818187713623,4.62545442581177,5,5,0.789855062961578,0.967391312122345,1,1,51,1.03999996185303,0
09,2021-09-30,52050040,10,En revisión,SANDONA [52050040],Pluviométrica,Convencional,Activa,Nariño,Sandoná,1.3223,-77.4792,20,9/15/1963,,Cudayari,Pacifico,Patía,Río Guáitara,2021,30,Andes,En revisión,10,10,0,7.47889375686646,7.47889375686646,18.5079574584961,3.39942526817322,10.626823425293,3.93818187713623,4.62545442581177,5,5,0.789855062961578,0.967391312122345,1,1,54,1.03999996185303,10.3999996185303
09,2023-09-28,52050040,14,En revisión,SANDONA [52050040],Pluviométrica,Convencional,Activa,Nariño,Sandoná,1.3223,-77.4792,20,9/15/1963,,Cudayari,Pacifico,Patía,Río Guáitara,2023,28,Andes,En revisión,14,14,0,5.31397724151611,5.31397724151611,0,2.30390810966492,2.93197083473206,3.93818187713623,4.62545442581177,5,5,0.789855062961578,0.967391312122345,1,1,54,1.03999996185303,14.5599994659424
09,2010-09-17,52050040,,"",SANDONA [52050040],Pluviométrica,Convencional,Activa,Nariño,Sandoná,1.3223,-77.4792,20,9/15/1963,,Cudayari,Pacifico,Patía,Río Guáitara,2010,17,Andes,Preliminar,0,0,0,0.110152408480644,0.110152408480644,0,0.228123843669891,0.0920297652482986,3.93818187713623,4.62545442581177,5,5,0.789855062961578,0.967391312122345,1,1,52,1.03999996185303,0
09,2009-09-20,52050040,,"",SANDONA [52050040],Pluviométrica,Convencional,Activa,Nariño,Sandoná,1.3223,-77.4792,20,9/15/1963,,Cudayari,Pacifico,Patía,Río Guáitara,2009,20,Andes,Preliminar,0,0,0,0.468203753232956,0.468203753232956,0,0.157010093331337,0.57040011882782,3.93818187713623,4.62545442581177,5,5,0.789855062961578,0.967391312122345,1,1,52,1.03999996185303,0
09,2009-09-21,52050040,,"",SANDONA [52050040],Pluviométrica,Convencional,Activa,Nariño,Sandoná,1.3223,-77.4792,20,9/15/1963,,Cudayari,Pacifico,Patía,Río Guáitara,2009,21,Andes,Preliminar,0,0,0,1.86032426357269,1.86032426357269,0,0.148132815957069,0.775212287902832,3.93818187713623,4.62545442581177,5,5,0.789855062961578,0.967391312122345,1,1,53,1.03999996185303,0
09,2010-09-25,52050040,,"",SANDONA [52050040],Pluviométrica,Convencional,Activa,Nariño,Sandoná,1.3223,-77.4792,20,9/15/1963,,Cudayari,Pacifico,Patía,Río Guáitara,2010,25,Andes,Preliminar,0,0,0,3.89477610588074,3.89477610588074,0,2.99483513832092,6.66705799102783,3.93818187713623,4.62545442581177,5,5,0.789855062961578,0.967391312122345,1,1,53,1.03999996185303,0
09,2006-09-13,52050040,,"",SANDONA [52050040],Pluviométrica,Convencional,Activa,Nariño,Sandoná,1.3223,-77.4792,20,9/15/1963,,Cudayari,Pacifico,Patía,Río Guáitara,2006,13,Andes,Preliminar,0,0,0,2.25218915939331,2.25218915939331,0,0.687971293926239,0.00727302161976695,3.93818187713623,4.62545442581177,5,5,0.789855062961578,0.967391312122345,1,1,51,1.03999996185303,0
09,2005-09-12,52050040,,"",SANDONA [52050040],Pluviométrica,Convencional,Activa,Nariño,Sandoná,1.3223,-77.4792,20,9/15/1963,,Cudayari,Pacifico,Patía,Río Guáitara,2005,12,Andes,Preliminar,0,0,0,0.90625923871994,0.90625923871994,0,0.084865115582943,0.217089593410492,3.93818187713623,4.62545442581177,5,5,0.789855062961578,0.967391312122345,1,1,51,1.03999996185303,0
09,2004-09-11,52050040,,"",SANDONA [52050040],Pluviométrica,Convencional,Activa,Nariño,Sandoná,1.3223,-77.4792,20,9/15/1963,,Cudayari,Pacifico,Patía,Río Guáitara,2004,11,Andes,Preliminar,0,0,0,0.0494324006140232,0.0494324006140232,0,0.203201875090599,0,3.93818187713623,4.62545442581177,5,5,0.789855062961578,0.967391312122345,1,1,51,1.03999996185303,0
09,2009-09-09,52050040,,"",SANDONA [52050040],Pluviométrica,Convencional,Activa,Nariño,Sandoná,1.3223,-77.4792,20,9/15/1963,,Cudayari,Pacifico,Patía,Río Guáitara,2009,09,Andes,Preliminar,0,0,0,2.8869047164917,2.8869047164917,0,0.767538249492645,0.233570590615273,3.93818187713623,4.62545442581177,5,5,0.789855062961578,0.967391312122345,1,1,50,1.03999996185303,0
09,2010-09-14,52050040,,"",SANDONA [52050040],Pluviométrica,Convencional,Activa,Nariño,Sandoná,1.3223,-77.4792,20,9/15/1963,,Cudayari,Pacifico,Patía,Río Guáitara,2010,14,Andes,Preliminar,0,0,0,2.7033486366272,2.7033486366272,6.16985368728638,0.759864032268524,7.32095336914063,3.93818187713623,4.62545442581177,5,5,0.789855062961578,0.967391312122345,1,1,51,1.03999996185303,0
09,2010-09-15,52050040,,"",SANDONA [52050040],Pluviométrica,Convencional,Activa,Nariño,Sandoná,1.3223,-77.4792,20,9/15/1963,,Cudayari,Pacifico,Patía,Río Guáitara,2010,15,Andes,Preliminar,0,0,0,4.75338792800903,4.75338792800903,6.16985368728638,1.83718144893646,2.86619067192078,3.93818187713623,4.62545442581177,5,5,0.789855062961578,0.967391312122345,1,1,51,1.03999996185303,0
09,2023-09-30,52050040,,"",SANDONA [52050040],Pluviométrica,Convencional,Activa,Nariño,Sandoná,1.3223,-77.4792,20,9/15/1963,,Cudayari,Pacifico,Patía,Río Guáitara,2023,30,Andes,Preliminar,0,0,0,4.20531415939331,4.20531415939331,0,5.47412061691284,0,3.93818187713623,4.62545442581177,5,5,0.789855062961578,0.967391312122345,1,1,54,1.03999996185303,0
09,2003-09-25,52050040,,"",SANDONA [52050040],Pluviométrica,Convencional,Activa,Nariño,Sandoná,1.3223,-77.4792,20,9/15/1963,,Cudayari,Pacifico,Patía,Río Guáitara,2003,25,Andes,Preliminar,0,0,0,6.74732875823975,6.74732875823975,0,2.82069873809814,0.576620697975159,3.93818187713623,4.62545442581177,5,5,0.789855062961578,0.967391312122345,1,1,53,1.03999996185303,0
09,2004-09-22,52050040,,"",SANDONA [52050040],Pluviométrica,Convencional,Activa,Nariño,Sandoná,1.3223,-77.4792,20,9/15/1963,,Cudayari,Pacifico,Patía,Río Guáitara,2004,22,Andes,Preliminar,0,0,0,0,0,0,0.971038699150085,0,3.93818187713623,4.62545442581177,5,5,0.789855062961578,0.967391312122345,1,1,53,1.03999996185303,0
09,2005-09-20,52050040,,"",SANDONA [52050040],Pluviométrica,Convencional,Activa,Nariño,Sandoná,1.3223,-77.4792,20,9/15/1963,,Cudayari,Pacifico,Patía,Río Guáitara,2005,20,Andes,Preliminar,0,0,0,4.47911882400513,4.47911882400513,0,0.616550803184509,0.932962357997894,3.93818187713623,4.62545442581177,5,5,0.789855062961578,0.967391312122345,1,1,52,1.03999996185303,0
09,2005-09-19,52050040,,"",SANDONA [52050040],Pluviométrica,Convencional,Activa,Nariño,Sandoná,1.3223,-77.4792,20,9/15/1963,,Cudayari,Pacifico,Patía,Río Guáitara,2005,19,Andes,Preliminar,0,0,0,0.451675772666931,0.451675772666931,0,0.124912165105343,0,3.93818187713623,4.62545442581177,5,5,0.789855062961578,0.967391312122345,1,1,52,1.03999996185303,0
09,2005-09-18,52050040,,"",SANDONA [52050040],Pluviométrica,Convencional,Activa,Nariño,Sandoná,1.3223,-77.4792,20,9/15/1963,,Cudayari,Pacifico,Patía,Río Guáitara,2005,18,Andes,Preliminar,0,0,0,0.150558605790138,0.150558605790138,0,0.0732193663716316,0,3.93818187713623,4.62545442581177,5,5,0.789855062961578,0.967391312122345,1,1,52,1.03999996185303,0
09,2006-09-15,52050040,,"",SANDONA [52050040],Pluviométrica,Convencional,Activa,Nariño,Sandoná,1.3223,-77.4792,20,9/15/1963,,Cudayari,Pacifico,Patía,Río Guáitara,2006,15,Andes,Preliminar,0,0,0,1.45729899406433,1.45729899406433,0,1.06534361839294,2.32191228866577,3.93818187713623,4.62545442581177,5,5,0.789855062961578,0.967391312122345,1,1,51,1.03999996185303,0
09,2012-09-25,52050040,1,Definitivo,SANDONA [52050040],Pluviométrica,Convencional,Activa,Nariño,Sandoná,1.3223,-77.4792,20,9/15/1963,,Cudayari,Pacifico,Patía,Río Guáitara,2012,25,Andes,Definitivo,1,1,0,2.84908509254456,2.84908509254456,0,0.301368415355682,0,3.93818187713623,4.62545442581177,5,5,0.789855062961578,0.967391312122345,1,1,53,1.03999996185303,1.03999996185303
09,2012-09-26,52050040,,"",SANDONA [52050040],Pluviométrica,Convencional,Activa,Nariño,Sandoná,1.3223,-77.4792,20,9/15/1963,,Cudayari,Pacifico,Patía,Río Guáitara,2012,26,Andes,Preliminar,0,0,0,1.2005877494812,1.2005877494812,0,0.00212086294777691,0,3.93818187713623,4.62545442581177,5,5,0.789855062961578,0.967391312122345,1,1,54,1.03999996185303,0
09,2016-09-27,52050040,1,Definitivo,SANDONA [52050040],Pluviométrica,Convencional,Activa,Nariño,Sandoná,1.3223,-77.4792,20,9/15/1963,,Cudayari,Pacifico,Patía,Río Guáitara,2016,27,Andes,Definitivo,1,1,0,3.96938681602478,3.96938681602478,0,5.58801126480103,2.6537618637085,3.93818187713623,4.62545442581177,5,5,0.789855062961578,0.967391312122345,1,1,54,1.03999996185303,1.03999996185303
09,2019-09-26,52050040,,"",SANDONA [52050040],Pluviométrica,Convencional,Activa,Nariño,Sandoná,1.3223,-77.4792,20,9/15/1963,,Cudayari,Pacifico,Patía,Río Guáitara,2019,26,Andes,Preliminar,0,0,0,3.76407170295715,3.76407170295715,0,1.52159988880157,0.0531860589981079,3.93818187713623,4.62545442581177,5,5,0.789855062961578,0.967391312122345,1,1,54,1.03999996185303,0
09,2009-09-10,52050040,,"",SANDONA [52050040],Pluviométrica,Convencional,Activa,Nariño,Sandoná,1.3223,-77.4792,20,9/15/1963,,Cudayari,Pacifico,Patía,Río Guáitara,2009,10,Andes,Preliminar,0,0,0,0.287095546722412,0.287095546722412,0,0.064458005130291,0.233570590615273,3.93818187713623,4.62545442581177,5,5,0.789855062961578,0.967391312122345,1,1,50,1.03999996185303,0
09,2008-09-13,52050040,,"",SANDONA [52050040],Pluviométrica,Convencional,Activa,Nariño,Sandoná,1.3223,-77.4792,20,9/15/1963,,Cudayari,Pacifico,Patía,Río Guáitara,2008,13,Andes,Preliminar,0,0,0,0.414496749639511,0.414496749639511,0,0.54109513759613,0.786594092845917,3.93818187713623,4.62545442581177,5,5,0.789855062961578,0.967391312122345,1,1,51,1.03999996185303,0
09,2004-09-28,52050040,2,Definitivo,SANDONA [52050040],Pluviométrica,Convencional,Activa,Nariño,Sandoná,1.3223,-77.4792,20,9/15/1963,,Cudayari,Pacifico,Patía,Río Guáitara,2004,28,Andes,Definitivo,2,2,0,4.04828262329102,4.04828262329102,0,0.793530583381653,0.98319947719574,3.93818187713623,4.62545442581177,5,5,0.789855062961578,0.967391312122345,1,1,54,1.03999996185303,2.07999992370605
09,2009-09-11,52050040,,"",SANDONA [52050040],Pluviométrica,Convencional,Activa,Nariño,Sandoná,1.3223,-77.4792,20,9/15/1963,,Cudayari,Pacifico,Patía,Río Guáitara,2009,11,Andes,Preliminar,0,0,0,0.0908769518136978,0.0908769518136978,0,0.135032385587692,0,3.93818187713623,4.62545442581177,5,5,0.789855062961578,0.967391312122345,1,1,51,1.03999996185303,0
09,2012-09-09,52050040,,"",SANDONA [52050040],Pluviométrica,Convencional,Activa,Nariño,Sandoná,1.3223,-77.4792,20,9/15/1963,,Cudayari,Pacifico,Patía,Río Guáitara,2012,09,Andes,Preliminar,0,0,0,0.786497592926025,0.786497592926025,0,0.161627247929573,0,3.93818187713623,4.62545442581177,5,5,0.789855062961578,0.967391312122345,1,1,50,1.03999996185303,0
09,2012-09-10,52050040,,"",SANDONA [52050040],Pluviométrica,Convencional,Activa,Nariño,Sandoná,1.3223,-77.4792,20,9/15/1963,,Cudayari,Pacifico,Patía,Río Guáitara,2012,10,Andes,Preliminar,0,0,0,0.900809288024902,0.900809288024902,0,0.17785570025444,0,3.93818187713623,4.62545442581177,5,5,0.789855062961578,0.967391312122345,1,1,50,1.03999996185303,0
09,2011-09-14,52050040,,"",SANDONA [52050040],Pluviométrica,Convencional,Activa,Nariño,Sandoná,1.3223,-77.4792,20,9/15/1963,,Cudayari,Pacifico,Patía,Río Guáitara,2011,14,Andes,Preliminar,0,0,0,1.64722347259521,1.64722347259521,0,0.462206095457077,0,3.93818187713623,4.62545442581177,5,5,0.789855062961578,0.967391312122345,1,1,51,1.03999996185303,0
09,2011-09-15,52050040,,"",SANDONA [52050040],Pluviométrica,Convencional,Activa,Nariño,Sandoná,1.3223,-77.4792,20,9/15/1963,,Cudayari,Pacifico,Patía,Río Guáitara,2011,15,Andes,Preliminar,0,0,0,1.99045097827911,1.99045097827911,0,3.19033718109131,0.98678320646286,3.93818187713623,4.62545442581177,5,5,0.789855062961578,0.967391312122345,1,1,51,1.03999996185303,0
09,2010-09-18,52050040,,"",SANDONA [52050040],Pluviométrica,Convencional,Activa,Nariño,Sandoná,1.3223,-77.4792,20,9/15/1963,,Cudayari,Pacifico,Patía,Río Guáitara,2010,18,Andes,Preliminar,0,0,0,0,0,0,0.0762443318963051,0,3.93818187713623,4.62545442581177,5,5,0.789855062961578,0.967391312122345,1,1,52,1.03999996185303,0
09,2004-09-15,52050040,,"",SANDONA [52050040],Pluviométrica,Convencional,Activa,Nariño,Sandoná,1.3223,-77.4792,20,9/15/1963,,Cudayari,Pacifico,Patía,Río Guáitara,2004,15,Andes,Preliminar,0,0,0,3.23782181739807,3.23782181739807,0,0.389200121164322,0.0515642948448658,3.93818187713623,4.62545442581177,5,5,0.789855062961578,0.967391312122345,1,1,51,1.03999996185303,0
09,2002-09-17,52050040,,"",SANDONA [52050040],Pluviométrica,Convencional,Activa,Nariño,Sandoná,1.3223,-77.4792,20,9/15/1963,,Cudayari,Pacifico,Patía,Río Guáitara,2002,17,Andes,Preliminar,0,0,0,1.73852813243866,1.73852813243866,0,0.266161441802979,0.0474642813205719,3.93818187713623,4.62545442581177,5,5,0.789855062961578,0.967391312122345,1,1,52,1.03999996185303,0
09,2004-09-13,52050040,,"",SANDONA [52050040],Pluviométrica,Convencional,Activa,Nariño,Sandoná,1.3223,-77.4792,20,9/15/1963,,Cudayari,Pacifico,Patía,Río Guáitara,2004,13,Andes,Preliminar,0,0,0,1.23580992221832,1.23580992221832,0,0.0727133676409721,0.0593770630657673,3.93818187713623,4.62545442581177,5,5,0.789855062961578,0.967391312122345,1,1,51,1.03999996185303,0
09,2006-09-10,52050040,,"",SANDONA [52050040],Pluviométrica,Convencional,Activa,Nariño,Sandoná,1.3223,-77.4792,20,9/15/1963,,Cudayari,Pacifico,Patía,Río Guáitara,2006,10,Andes,Preliminar,0,0,0,1.16460835933685,1.16460835933685,0,0.342950731515884,0.0117723308503628,3.93818187713623,4.62545442581177,5,5,0.789855062961578,0.967391312122345,1,1,50,1.03999996185303,0
09,2018-09-29,52050040,,"",SANDONA [52050040],Pluviométrica,Convencional,Activa,Nariño,Sandoná,1.3223,-77.4792,20,9/15/1963,,Cudayari,Pacifico,Patía,Río Guáitara,2018,29,Andes,Preliminar,0,0,0,1.43128931522369,1.43128931522369,0,0.386886298656464,0,3.93818187713623,4.62545442581177,5,5,0.789855062961578,0.967391312122345,1,1,54,1.03999996185303,0
09,2022-09-30,52050040,3,En revisión,SANDONA [52050040],Pluviométrica,Convencional,Activa,Nariño,Sandoná,1.3223,-77.4792,20,9/15/1963,,Cudayari,Pacifico,Patía,Río Guáitara,2022,30,Andes,En revisión,3,3,0,4.66891098022461,4.66891098022461,5.91368770599365,4.45517730712891,16.8694076538086,3.93818187713623,4.62545442581177,5,5,0.789855062961578,0.967391312122345,1,1,54,1.03999996185303,3.11999988555908
09,2007-09-11,52050040,,"",SANDONA [52050040],Pluviométrica,Convencional,Activa,Nariño,Sandoná,1.3223,-77.4792,20,9/15/1963,,Cudayari,Pacifico,Patía,Río Guáitara,2007,11,Andes,Preliminar,0,0,0,0.287890791893005,0.287890791893005,0,0.160382986068726,0.372046023607254,3.93818187713623,4.62545442581177,5,5,0.789855062961578,0.967391312122345,1,1,51,1.03999996185303,0
09,2020-09-30,52050040,,"",SANDONA [52050040],Pluviométrica,Convencional,Activa,Nariño,Sandoná,1.3223,-77.4792,20,9/15/1963,,Cudayari,Pacifico,Patía,Río Guáitara,2020,30,Andes,Preliminar,0,0,0,5.34169387817383,5.34169387817383,9.95810222625732,3.40936398506165,0.97432142496109,3.93818187713623,4.62545442581177,5,5,0.789855062961578,0.967391312122345,1,1,54,1.03999996185303,0
09,2023-09-29,52050040,,"",SANDONA [52050040],Pluviométrica,Convencional,Activa,Nariño,Sandoná,1.3223,-77.4792,20,9/15/1963,,Cudayari,Pacifico,Patía,Río Guáitara,2023,29,Andes,Preliminar,,,1,2.39648008346558,2.39648008346558,0,1.99860322475433,2.49668216705322,3.93818187713623,4.62545442581177,5,5,0.789855062961578,0.967391312122345,1,1,54,1.03999996185303,
09,2023-09-27,52050040,2,En revisión,SANDONA [52050040],Pluviométrica,Convencional,Activa,Nariño,Sandoná,1.3223,-77.4792,20,9/15/1963,,Cudayari,Pacifico,Patía,Río Guáitara,2023,27,Andes,En revisión,2,2,0,2.63104748725891,2.63104748725891,18.5233993530273,2.09884810447693,9.4383020401001,3.93818187713623,4.62545442581177,5,5,0.789855062961578,0.967391312122345,1,1,54,1.03999996185303,2.07999992370605
09,2023-09-25,52050040,6,En revisión,SANDONA [52050040],Pluviométrica,Convencional,Activa,Nariño,Sandoná,1.3223,-77.4792,20,9/15/1963,,Cudayari,Pacifico,Patía,Río Guáitara,2023,25,Andes,En revisión,6,6,0,6.13967800140381,6.13967800140381,7.3971643447876,5.58050203323364,3.56888723373413,3.93818187713623,4.62545442581177,5,5,0.789855062961578,0.967391312122345,1,1,53,1.03999996185303,6.23999977111816
09,2023-09-22,52050040,,"",SANDONA [52050040],Pluviométrica,Convencional,Activa,Nariño,Sandoná,1.3223,-77.4792,20,9/15/1963,,Cudayari,Pacifico,Patía,Río Guáitara,2023,22,Andes,Preliminar,0,0,0,2.12198829650879,2.12198829650879,0,3.34861445426941,0.34845831990242,3.93818187713623,4.62545442581177,5,5,0.789855062961578,0.967391312122345,1,1,53,1.03999996185303,0
09,2021-09-22,52050040,6,En revisión,SANDONA [52050040],Pluviométrica,Convencional,Activa,Nariño,Sandoná,1.3223,-77.4792,20,9/15/1963,,Cudayari,Pacifico,Patía,Río Guáitara,2021,22,Andes,En revisión,6,6,0,0.934752345085144,0.934752345085144,0,0.93131548166275,2.63705801963806,3.93818187713623,4.62545442581177,5,5,0.789855062961578,0.967391312122345,1,1,53,1.03999996185303,6.23999977111816
09,2008-09-24,52050040,2,Definitivo,SANDONA [52050040],Pluviométrica,Convencional,Activa,Nariño,Sandoná,1.3223,-77.4792,20,9/15/1963,,Cudayari,Pacifico,Patía,Río Guáitara,2008,24,Andes,Definitivo,2,2,0,7.31675148010254,7.31675148010254,7.25615692138672,4.8366265296936,1.72648859024048,3.93818187713623,4.62545442581177,5,5,0.789855062961578,0.967391312122345,1,1,53,1.03999996185303,2.07999992370605
09,2011-09-23,52050040,3,Definitivo,SANDONA [52050040],Pluviométrica,Convencional,Activa,Nariño,Sandoná,1.3223,-77.4792,20,9/15/1963,,Cudayari,Pacifico,Patía,Río Guáitara,2011,23,Andes,Definitivo,3,3,0,5.60031986236572,5.60031986236572,0,6.21029233932495,0.140581861138344,3.93818187713623,4.62545442581177,5,5,0.789855062961578,0.967391312122345,1,1,53,1.03999996185303,3.11999988555908
09,2013-09-23,52050040,,"",SANDONA [52050040],Pluviométrica,Convencional,Activa,Nariño,Sandoná,1.3223,-77.4792,20,9/15/1963,,Cudayari,Pacifico,Patía,Río Guáitara,2013,23,Andes,Preliminar,0,0,0,1.51032662391663,1.51032662391663,0,0.0549302957952023,0.135175153613091,3.93818187713623,4.62545442581177,5,5,0.789855062961578,0.967391312122345,1,1,53,1.03999996185303,0
09,2012-09-27,52050040,,"",SANDONA [52050040],Pluviométrica,Convencional,Activa,Nariño,Sandoná,1.3223,-77.4792,20,9/15/1963,,Cudayari,Pacifico,Patía,Río Guáitara,2012,27,Andes,Preliminar,0,0,0,4.97028732299805,4.97028732299805,0,0.00674931332468987,0.0167774483561516,3.93818187713623,4.62545442581177,5,5,0.789855062961578,0.967391312122345,1,1,54,1.03999996185303,0
09,2005-09-09,52050040,,"",SANDONA [52050040],Pluviométrica,Convencional,Activa,Nariño,Sandoná,1.3223,-77.4792,20,9/15/1963,,Cudayari,Pacifico,Patía,Río Guáitara,2005,09,Andes,Preliminar,0,0,0,3.28468298912048,3.28468298912048,0,0.173747360706329,0.0394495278596878,3.93818187713623,4.62545442581177,5,5,0.789855062961578,0.967391312122345,1,1,50,1.03999996185303,0
09,2007-09-10,52050040,,"",SANDONA [52050040],Pluviométrica,Convencional,Activa,Nariño,Sandoná,1.3223,-77.4792,20,9/15/1963,,Cudayari,Pacifico,Patía,Río Guáitara,2007,10,Andes,Preliminar,0,0,0,0.609935462474823,0.609935462474823,0,0.172835513949394,0,3.93818187713623,4.62545442581177,5,5,0.789855062961578,0.967391312122345,1,1,50,1.03999996185303,0
09,2018-09-30,52050040,1,Definitivo,SANDONA [52050040],Pluviométrica,Convencional,Activa,Nariño,Sandoná,1.3223,-77.4792,20,9/15/1963,,Cudayari,Pacifico,Patía,Río Guáitara,2018,30,Andes,Definitivo,1,1,0,3.32421326637268,3.32421326637268,7.81712579727173,0.745349943637848,3.53997826576233,3.93818187713623,4.62545442581177,5,5,0.789855062961578,0.967391312122345,1,1,54,1.03999996185303,1.03999996185303
09,2003-09-26,52050040,3,Definitivo,SANDONA [52050040],Pluviométrica,Convencional,Activa,Nariño,Sandoná,1.3223,-77.4792,20,9/15/1963,,Cudayari,Pacifico,Patía,Río Guáitara,2003,26,Andes,Definitivo,3,3,0,3.67379593849182,3.67379593849182,0,2.42838311195374,4.987144947052,3.93818187713623,4.62545442581177,5,5,0.789855062961578,0.967391312122345,1,1,54,1.03999996185303,3.11999988555908
09,2002-09-26,52050040,,"",SANDONA [52050040],Pluviométrica,Convencional,Activa,Nariño,Sandoná,1.3223,-77.4792,20,9/15/1963,,Cudayari,Pacifico,Patía,Río Guáitara,2002,26,Andes,Preliminar,0,0,0,11.9118394851685,11.9118394851685,17.8634262084961,3.0579104423523,8.06879997253418,3.93818187713623,4.62545442581177,5,5,0.789855062961578,0.967391312122345,1,1,54,1.03999996185303,0
09,2003-09-24,52050040,,"",SANDONA [52050040],Pluviométrica,Convencional,Activa,Nariño,Sandoná,1.3223,-77.4792,20,9/15/1963,,Cudayari,Pacifico,Patía,Río Guáitara,2003,24,Andes,Preliminar,0,0,0,3.57845544815064,3.57845544815064,14.8445997238159,5.66995000839233,1.14900147914886,3.93818187713623,4.62545442581177,5,5,0.789855062961578,0.967391312122345,1,1,53,1.03999996185303,0
09,2004-09-21,52050040,,"",SANDONA [52050040],Pluviométrica,Convencional,Activa,Nariño,Sandoná,1.3223,-77.4792,20,9/15/1963,,Cudayari,Pacifico,Patía,Río Guáitara,2004,21,Andes,Preliminar,0,0,0,4.67304086685181,4.67304086685181,0,2.93338537216187,0.00707127759233117,3.93818187713623,4.62545442581177,5,5,0.789855062961578,0.967391312122345,1,1,53,1.03999996185303,0
09,2004-09-20,52050040,,"",SANDONA [52050040],Pluviométrica,Convencional,Activa,Nariño,Sandoná,1.3223,-77.4792,20,9/15/1963,,Cudayari,Pacifico,Patía,Río Guáitara,2004,20,Andes,Preliminar,0,0,0,0.624968767166138,0.624968767166138,8.22653770446777,0.883435308933258,3.01516675949097,3.93818187713623,4.62545442581177,5,5,0.789855062961578,0.967391312122345,1,1,52,1.03999996185303,0
09,2005-09-17,52050040,,"",SANDONA [52050040],Pluviométrica,Convencional,Activa,Nariño,Sandoná,1.3223,-77.4792,20,9/15/1963,,Cudayari,Pacifico,Patía,Río Guáitara,2005,17,Andes,Preliminar,0,0,0,0,0,0,0.0721438974142075,0,3.93818187713623,4.62545442581177,5,5,0.789855062961578,0.967391312122345,1,1,52,1.03999996185303,0
09,2004-09-18,52050040,,"",SANDONA [52050040],Pluviométrica,Convencional,Activa,Nariño,Sandoná,1.3223,-77.4792,20,9/15/1963,,Cudayari,Pacifico,Patía,Río Guáitara,2004,18,Andes,Preliminar,0,0,0,2.69872879981995,2.69872879981995,0,1.00729489326477,0,3.93818187713623,4.62545442581177,5,5,0.789855062961578,0.967391312122345,1,1,52,1.03999996185303,0
09,2002-09-19,52050040,,"",SANDONA [52050040],Pluviométrica,Convencional,Activa,Nariño,Sandoná,1.3223,-77.4792,20,9/15/1963,,Cudayari,Pacifico,Patía,Río Guáitara,2002,19,Andes,Preliminar,0,0,0,0.613598167896271,0.613598167896271,0,0.206491991877556,1.20242846012115,3.93818187713623,4.62545442581177,5,5,0.789855062961578,0.967391312122345,1,1,52,1.03999996185303,0
09,2002-09-16,52050040,,"",SANDONA [52050040],Pluviométrica,Convencional,Activa,Nariño,Sandoná,1.3223,-77.4792,20,9/15/1963,,Cudayari,Pacifico,Patía,Río Guáitara,2002,16,Andes,Preliminar,0,0,0,0.818130910396576,0.818130910396576,0,0.127656579017639,0,3.93818187713623,4.62545442581177,5,5,0.789855062961578,0.967391312122345,1,1,52,1.03999996185303,0
09,2006-09-12,52050040,,"",SANDONA [52050040],Pluviométrica,Convencional,Activa,Nariño,Sandoná,1.3223,-77.4792,20,9/15/1963,,Cudayari,Pacifico,Patía,Río Guáitara,2006,12,Andes,Preliminar,0,0,0,2.09321093559265,2.09321093559265,0,0.285013347864151,1.19277560710907,3.93818187713623,4.62545442581177,5,5,0.789855062961578,0.967391312122345,1,1,51,1.03999996185303,0
09,2017-09-25,52050040,,"",SANDONA [52050040],Pluviométrica,Convencional,Activa,Nariño,Sandoná,1.3223,-77.4792,20,9/15/1963,,Cudayari,Pacifico,Patía,Río Guáitara,2017,25,Andes,Preliminar,0,0,0,8.76987266540527,8.76987266540527,0,1.05777478218079,0.089942142367363,3.93818187713623,4.62545442581177,5,5,0.789855062961578,0.967391312122345,1,1,53,1.03999996185303,0
09,2017-09-26,52050040,,"",SANDONA [52050040],Pluviométrica,Convencional,Activa,Nariño,Sandoná,1.3223,-77.4792,20,9/15/1963,,Cudayari,Pacifico,Patía,Río Guáitara,2017,26,Andes,Preliminar,0,0,0,2.67312598228455,2.67312598228455,0,1.06995940208435,0.0634158700704575,3.93818187713623,4.62545442581177,5,5,0.789855062961578,0.967391312122345,1,1,54,1.03999996185303,0
09,2006-09-07,52050040,,"",SANDONA [52050040],Pluviométrica,Convencional,Activa,Nariño,Sandoná,1.3223,-77.4792,20,9/15/1963,,Cudayari,Pacifico,Patía,Río Guáitara,2006,07,Andes,Preliminar,0,0,0,1.24329805374146,1.24329805374146,0,0.100832261145115,0.0428849160671234,3.93818187713623,4.62545442581177,5,5,0.789855062961578,0.967391312122345,1,1,50,1.03999996185303,0
09,2005-09-10,52050040,,"",SANDONA [52050040],Pluviométrica,Convencional,Activa,Nariño,Sandoná,1.3223,-77.4792,20,9/15/1963,,Cudayari,Pacifico,Patía,Río Guáitara,2005,10,Andes,Preliminar,0,0,0,0.291971832513809,0.291971832513809,0,0.100066356360912,0,3.93818187713623,4.62545442581177,5,5,0.789855062961578,0.967391312122345,1,1,50,1.03999996185303,0
09,2005-09-11,52050040,,"",SANDONA [52050040],Pluviométrica,Convencional,Activa,Nariño,Sandoná,1.3223,-77.4792,20,9/15/1963,,Cudayari,Pacifico,Patía,Río Guáitara,2005,11,Andes,Preliminar,0,0,0,3.21310067176819,3.21310067176819,0,0.109897077083588,0.0144726391881704,3.93818187713623,4.62545442581177,5,5,0.789855062961578,0.967391312122345,1,1,51,1.03999996185303,0
09,2010-09-09,52050040,,"",SANDONA [52050040],Pluviométrica,Convencional,Activa,Nariño,Sandoná,1.3223,-77.4792,20,9/15/1963,,Cudayari,Pacifico,Patía,Río Guáitara,2010,09,Andes,Preliminar,0,0,0,0,0,0,2.50349307060242,0.260071188211441,3.93818187713623,4.62545442581177,5,5,0.789855062961578,0.967391312122345,1,1,50,1.03999996185303,0
09,2010-09-10,52050040,,"",SANDONA [52050040],Pluviométrica,Convencional,Activa,Nariño,Sandoná,1.3223,-77.4792,20,9/15/1963,,Cudayari,Pacifico,Patía,Río Guáitara,2010,10,Andes,Preliminar,0,0,0,0.784763813018799,0.784763813018799,0,1.2264643907547,0,3.93818187713623,4.62545442581177,5,5,0.789855062961578,0.967391312122345,1,1,50,1.03999996185303,0
09,2010-09-11,52050040,,"",SANDONA [52050040],Pluviométrica,Convencional,Activa,Nariño,Sandoná,1.3223,-77.4792,20,9/15/1963,,Cudayari,Pacifico,Patía,Río Guáitara,2010,11,Andes,Preliminar,0,0,0,3.85227274894714,3.85227274894714,0,2.65357351303101,0,3.93818187713623,4.62545442581177,5,5,0.789855062961578,0.967391312122345,1,1,51,1.03999996185303,0
09,2012-09-11,52050040,,"",SANDONA [52050040],Pluviométrica,Convencional,Activa,Nariño,Sandoná,1.3223,-77.4792,20,9/15/1963,,Cudayari,Pacifico,Patía,Río Guáitara,2012,11,Andes,Preliminar,0,0,0,0.653913140296936,0.653913140296936,0,0.128849700093269,0.224920079112053,3.93818187713623,4.62545442581177,5,5,0.789855062961578,0.967391312122345,1,1,51,1.03999996185303,0
09,2012-09-12,52050040,,"",SANDONA [52050040],Pluviométrica,Convencional,Activa,Nariño,Sandoná,1.3223,-77.4792,20,9/15/1963,,Cudayari,Pacifico,Patía,Río Guáitara,2012,12,Andes,Preliminar,0,0,0,1.10757827758789,1.10757827758789,0,0.45208215713501,0.224920079112053,3.93818187713623,4.62545442581177,5,5,0.789855062961578,0.967391312122345,1,1,51,1.03999996185303,0
09,2010-09-19,52050040,,"",SANDONA [52050040],Pluviométrica,Convencional,Activa,Nariño,Sandoná,1.3223,-77.4792,20,9/15/1963,,Cudayari,Pacifico,Patía,Río Guáitara,2010,19,Andes,Preliminar,0,0,0,2.70485377311707,2.70485377311707,0,0.320223063230515,0.276089310646057,3.93818187713623,4.62545442581177,5,5,0.789855062961578,0.967391312122345,1,1,52,1.03999996185303,0
09,2009-09-22,52050040,,"",SANDONA [52050040],Pluviométrica,Convencional,Activa,Nariño,Sandoná,1.3223,-77.4792,20,9/15/1963,,Cudayari,Pacifico,Patía,Río Guáitara,2009,22,Andes,Preliminar,0,0,0,2.3025324344635,2.3025324344635,0,0.403081864118576,0,3.93818187713623,4.62545442581177,5,5,0.789855062961578,0.967391312122345,1,1,53,1.03999996185303,0
09,2009-09-23,52050040,,"",SANDONA [52050040],Pluviométrica,Convencional,Activa,Nariño,Sandoná,1.3223,-77.4792,20,9/15/1963,,Cudayari,Pacifico,Patía,Río Guáitara,2009,23,Andes,Preliminar,0,0,0,3.33943462371826,3.33943462371826,0,0.082235261797905,0,3.93818187713623,4.62545442581177,5,5,0.789855062961578,0.967391312122345,1,1,53,1.03999996185303,0
09,2002-09-14,52050040,,"",SANDONA [52050040],Pluviométrica,Convencional,Activa,Nariño,Sandoná,1.3223,-77.4792,20,9/15/1963,,Cudayari,Pacifico,Patía,Río Guáitara,2002,14,Andes,Preliminar,0,0,0,2.04493498802185,2.04493498802185,0,0.480380237102509,0,3.93818187713623,4.62545442581177,5,5,0.789855062961578,0.967391312122345,1,1,51,1.03999996185303,0
09,2004-09-10,52050040,,"",SANDONA [52050040],Pluviométrica,Convencional,Activa,Nariño,Sandoná,1.3223,-77.4792,20,9/15/1963,,Cudayari,Pacifico,Patía,Río Guáitara,2004,10,Andes,Preliminar,0,0,0,0.25438380241394,0.25438380241394,21.8996562957764,3.08735775947571,1.34314668178558,3.93818187713623,4.62545442581177,5,5,0.789855062961578,0.967391312122345,1,1,50,1.03999996185303,0
09,2015-09-26,52050040,,"",SANDONA [52050040],Pluviométrica,Convencional,Activa,Nariño,Sandoná,1.3223,-77.4792,20,9/15/1963,,Cudayari,Pacifico,Patía,Río Guáitara,2015,26,Andes,Preliminar,0,0,0,2.97453951835632,2.97453951835632,0,1.11846148967743,0,3.93818187713623,4.62545442581177,5,5,0.789855062961578,0.967391312122345,1,1,54,1.03999996185303,0
09,2019-09-27,52050040,,"",SANDONA [52050040],Pluviométrica,Convencional,Activa,Nariño,Sandoná,1.3223,-77.4792,20,9/15/1963,,Cudayari,Pacifico,Patía,Río Guáitara,2019,27,Andes,Preliminar,0,0,0,2.72029829025269,2.72029829025269,0,2.39834499359131,0.545157194137573,3.93818187713623,4.62545442581177,5,5,0.789855062961578,0.967391312122345,1,1,54,1.03999996185303,0
09,2019-09-28,52050040,5,Definitivo,SANDONA [52050040],Pluviométrica,Convencional,Activa,Nariño,Sandoná,1.3223,-77.4792,20,9/15/1963,,Cudayari,Pacifico,Patía,Río Guáitara,2019,28,Andes,Definitivo,5,5,0,7.30541849136353,7.30541849136353,0,3.25138735771179,2.76567506790161,3.93818187713623,4.62545442581177,5,5,0.789855062961578,0.967391312122345,1,1,54,1.03999996185303,5.19999980926514
09,2021-09-28,52050040,,"",SANDONA [52050040],Pluviométrica,Convencional,Activa,Nariño,Sandoná,1.3223,-77.4792,20,9/15/1963,,Cudayari,Pacifico,Patía,Río Guáitara,2021,28,Andes,Preliminar,0,0,0,1.71480894088745,1.71480894088745,0,3.39942526817322,0,3.93818187713623,4.62545442581177,5,5,0.789855062961578,0.967391312122345,1,1,54,1.03999996185303,0
09,2021-09-29,52050040,28,En revisión,SANDONA [52050040],Pluviométrica,Convencional,Activa,Nariño,Sandoná,1.3223,-77.4792,20,9/15/1963,,Cudayari,Pacifico,Patía,Río Guáitara,2021,29,Andes,En revisión,28,28,0,5.33271932601929,5.33271932601929,0,3.39942526817322,6.36065101623535,3.93818187713623,4.62545442581177,5,5,0.789855062961578,0.967391312122345,1,1,54,1.03999996185303,29.1199989318848
09,2021-09-27,52050040,,"",SANDONA [52050040],Pluviométrica,Convencional,Activa,Nariño,Sandoná,1.3223,-77.4792,20,9/15/1963,,Cudayari,Pacifico,Patía,Río Guáitara,2021,27,Andes,Preliminar,0,0,0,1.33105206489563,1.33105206489563,0,3.39942526817322,0,3.93818187713623,4.62545442581177,5,5,0.789855062961578,0.967391312122345,1,1,54,1.03999996185303,0
09,2023-09-24,52050040,,"",SANDONA [52050040],Pluviométrica,Convencional,Activa,Nariño,Sandoná,1.3223,-77.4792,20,9/15/1963,,Cudayari,Pacifico,Patía,Río Guáitara,2023,24,Andes,Preliminar,0,0,0,9.40555572509766,9.40555572509766,14.7943286895752,4.99076175689697,17.7151718139648,3.93818187713623,4.62545442581177,5,5,0.789855062961578,0.967391312122345,1,1,53,1.03999996185303,0
09,2023-09-21,52050040,,"",SANDONA [52050040],Pluviométrica,Convencional,Activa,Nariño,Sandoná,1.3223,-77.4792,20,9/15/1963,,Cudayari,Pacifico,Patía,Río Guáitara,2023,21,Andes,Preliminar,0,0,0,0.506754100322723,0.506754100322723,0,4.72863006591797,0.0449623577296734,3.93818187713623,4.62545442581177,5,5,0.789855062961578,0.967391312122345,1,1,53,1.03999996185303,0
09,2021-09-19,52050040,,"",SANDONA [52050040],Pluviométrica,Convencional,Activa,Nariño,Sandoná,1.3223,-77.4792,20,9/15/1963,,Cudayari,Pacifico,Patía,Río Guáitara,2021,19,Andes,Preliminar,0,0,0,1.28292465209961,1.28292465209961,0,0,0,3.93818187713623,4.62545442581177,5,5,0.789855062961578,0.967391312122345,1,1,52,1.03999996185303,0
09,2023-09-17,52050040,,"",SANDONA [52050040],Pluviométrica,Convencional,Activa,Nariño,Sandoná,1.3223,-77.4792,20,9/15/1963,,Cudayari,Pacifico,Patía,Río Guáitara,2023,17,Andes,Preliminar,0,0,0,2.74935007095337,2.74935007095337,4.57764291763306,0.65985095500946,1.21312093734741,3.93818187713623,4.62545442581177,5,5,0.789855062961578,0.967391312122345,1,1,52,1.03999996185303,0
09,2023-09-14,52050040,,"",SANDONA [52050040],Pluviométrica,Convencional,Activa,Nariño,Sandoná,1.3223,-77.4792,20,9/15/1963,,Cudayari,Pacifico,Patía,Río Guáitara,2023,14,Andes,Preliminar,0,0,0,3.47226119041443,3.47226119041443,0,0.658316731452942,0,3.93818187713623,4.62545442581177,5,5,0.789855062961578,0.967391312122345,1,1,51,1.03999996185303,0
09,2013-09-24,52050040,,"",SANDONA [52050040],Pluviométrica,Convencional,Activa,Nariño,Sandoná,1.3223,-77.4792,20,9/15/1963,,Cudayari,Pacifico,Patía,Río Guáitara,2013,24,Andes,Preliminar,0,0,0,2.06695747375488,2.06695747375488,0,0.232861444354057,0.135175153613091,3.93818187713623,4.62545442581177,5,5,0.789855062961578,0.967391312122345,1,1,53,1.03999996185303,0
09,2016-09-22,52050040,,"",SANDONA [52050040],Pluviométrica,Convencional,Activa,Nariño,Sandoná,1.3223,-77.4792,20,9/15/1963,,Cudayari,Pacifico,Patía,Río Guáitara,2016,22,Andes,Preliminar,0,0,0,1.24533200263977,1.24533200263977,0,0.867043554782867,0,3.93818187713623,4.62545442581177,5,5,0.789855062961578,0.967391312122345,1,1,53,1.03999996185303,0
09,2001-09-30,52050040,,"",SANDONA [52050040],Pluviométrica,Convencional,Activa,Nariño,Sandoná,1.3223,-77.4792,20,9/15/1963,,Cudayari,Pacifico,Patía,Río Guáitara,2001,30,Andes,Preliminar,0,0,0,1.39014601707459,1.39014601707459,0,4.7929835319519,0.164520114660263,3.93818187713623,4.62545442581177,5,5,0.789855062961578,0.967391312122345,1,1,54,1.03999996185303,0
09,2002-09-28,52050040,,"",SANDONA [52050040],Pluviométrica,Convencional,Activa,Nariño,Sandoná,1.3223,-77.4792,20,9/15/1963,,Cudayari,Pacifico,Patía,Río Guáitara,2002,28,Andes,Preliminar,0,0,0,5.15736055374146,5.15736055374146,0,1.9744725227356,0.0538318678736687,3.93818187713623,4.62545442581177,5,5,0.789855062961578,0.967391312122345,1,1,54,1.03999996185303,0
09,2002-09-27,52050040,3,Definitivo,SANDONA [52050040],Pluviométrica,Convencional,Activa,Nariño,Sandoná,1.3223,-77.4792,20,9/15/1963,,Cudayari,Pacifico,Patía,Río Guáitara,2002,27,Andes,Definitivo,3,3,0,0.0998198911547661,0.0998198911547661,0,2.69202423095703,0.678281486034393,3.93818187713623,4.62545442581177,5,5,0.789855062961578,0.967391312122345,1,1,54,1.03999996185303,3.11999988555908
09,2001-09-27,52050040,,"",SANDONA [52050040],Pluviométrica,Convencional,Activa,Nariño,Sandoná,1.3223,-77.4792,20,9/15/1963,,Cudayari,Pacifico,Patía,Río Guáitara,2001,27,Andes,Preliminar,0,0,0,10.6897439956665,10.6897439956665,11.6019229888916,5.5203914642334,6.83642196655273,3.93818187713623,4.62545442581177,5,5,0.789855062961578,0.967391312122345,1,1,54,1.03999996185303,0
09,2002-09-25,52050040,44,Definitivo,SANDONA [52050040],Pluviométrica,Convencional,Activa,Nariño,Sandoná,1.3223,-77.4792,20,9/15/1963,,Cudayari,Pacifico,Patía,Río Guáitara,2002,25,Andes,Definitivo,44,44,0,2.65393972396851,2.65393972396851,34.8955764770508,13.9760646820068,34.2633934020996,3.93818187713623,4.62545442581177,5,5,0.789855062961578,0.967391312122345,1,1,53,1.03999996185303,45.7599983215332
09,2003-09-23,52050040,1,Definitivo,SANDONA [52050040],Pluviométrica,Convencional,Activa,Nariño,Sandoná,1.3223,-77.4792,20,9/15/1963,,Cudayari,Pacifico,Patía,Río Guáitara,2003,23,Andes,Definitivo,1,1,0,4.57007551193237,4.57007551193237,8.48262882232666,6.14020442962647,11.0617904663086,3.93818187713623,4.62545442581177,5,5,0.789855062961578,0.967391312122345,1,1,53,1.03999996185303,1.03999996185303
09,2004-09-19,52050040,,"",SANDONA [52050040],Pluviométrica,Convencional,Activa,Nariño,Sandoná,1.3223,-77.4792,20,9/15/1963,,Cudayari,Pacifico,Patía,Río Guáitara,2004,19,Andes,Preliminar,0,0,0,8.43707942962647,8.43707942962647,0,2.57519316673279,1.59464764595032,3.93818187713623,4.62545442581177,5,5,0.789855062961578,0.967391312122345,1,1,52,1.03999996185303,0
09,2003-09-21,52050040,,"",SANDONA [52050040],Pluviométrica,Convencional,Activa,Nariño,Sandoná,1.3223,-77.4792,20,9/15/1963,,Cudayari,Pacifico,Patía,Río Guáitara,2003,21,Andes,Preliminar,0,0,0,0,0,0,1.9053680896759,7.22471714019775,3.93818187713623,4.62545442581177,5,5,0.789855062961578,0.967391312122345,1,1,53,1.03999996185303,0
09,2003-09-20,52050040,,"",SANDONA [52050040],Pluviométrica,Convencional,Activa,Nariño,Sandoná,1.3223,-77.4792,20,9/15/1963,,Cudayari,Pacifico,Patía,Río Guáitara,2003,20,Andes,Preliminar,0,0,0,4.13211011886597,4.13211011886597,0,0,0,3.93818187713623,4.62545442581177,5,5,0.789855062961578,0.967391312122345,1,1,52,1.03999996185303,0
09,2004-09-17,52050040,,"",SANDONA [52050040],Pluviométrica,Convencional,Activa,Nariño,Sandoná,1.3223,-77.4792,20,9/15/1963,,Cudayari,Pacifico,Patía,Río Guáitara,2004,17,Andes,Preliminar,0,0,0,1.64764499664307,1.64764499664307,0,0.446176707744598,1.03560447692871,3.93818187713623,4.62545442581177,5,5,0.789855062961578,0.967391312122345,1,1,52,1.03999996185303,0
09,2003-09-17,52050040,,"",SANDONA [52050040],Pluviométrica,Convencional,Activa,Nariño,Sandoná,1.3223,-77.4792,20,9/15/1963,,Cudayari,Pacifico,Patía,Río Guáitara,2003,17,Andes,Preliminar,0,0,0,0.0765205696225166,0.0765205696225166,0,0,0,3.93818187713623,4.62545442581177,5,5,0.789855062961578,0.967391312122345,1,1,52,1.03999996185303,0
09,2003-09-14,52050040,,"",SANDONA [52050040],Pluviométrica,Convencional,Activa,Nariño,Sandoná,1.3223,-77.4792,20,9/15/1963,,Cudayari,Pacifico,Patía,Río Guáitara,2003,14,Andes,Preliminar,0,0,0,0,0,0,0.147130042314529,0.500465035438538,3.93818187713623,4.62545442581177,5,5,0.789855062961578,0.967391312122345,1,1,51,1.03999996185303,0
09,2004-09-12,52050040,,"",SANDONA [52050040],Pluviométrica,Convencional,Activa,Nariño,Sandoná,1.3223,-77.4792,20,9/15/1963,,Cudayari,Pacifico,Patía,Río Guáitara,2004,12,Andes,Preliminar,0,0,0,1.6807017326355,1.6807017326355,0,0.0590229630470276,1.03284847736359,3.93818187713623,4.62545442581177,5,5,0.789855062961578,0.967391312122345,1,1,51,1.03999996185303,0
09,2006-09-09,52050040,,"",SANDONA [52050040],Pluviométrica,Convencional,Activa,Nariño,Sandoná,1.3223,-77.4792,20,9/15/1963,,Cudayari,Pacifico,Patía,Río Guáitara,2006,09,Andes,Preliminar,0,0,0,2.0616717338562,2.0616717338562,0,0.101591274142265,0.377555459737778,3.93818187713623,4.62545442581177,5,5,0.789855062961578,0.967391312122345,1,1,50,1.03999996185303,0
09,2002-09-11,52050040,,"",SANDONA [52050040],Pluviométrica,Convencional,Activa,Nariño,Sandoná,1.3223,-77.4792,20,9/15/1963,,Cudayari,Pacifico,Patía,Río Guáitara,2002,11,Andes,Preliminar,0,0,0,0,0,0,0.107787899672985,0,3.93818187713623,4.62545442581177,5,5,0.789855062961578,0.967391312122345,1,1,51,1.03999996185303,0
09,2004-09-07,52050040,12,Definitivo,SANDONA [52050040],Pluviométrica,Convencional,Activa,Nariño,Sandoná,1.3223,-77.4792,20,9/15/1963,,Cudayari,Pacifico,Patía,Río Guáitara,2004,07,Andes,Definitivo,12,12,0,4.99395608901978,4.99395608901978,0,7.96765613555908,0,3.93818187713623,4.62545442581177,5,5,0.789855062961578,0.967391312122345,1,1,50,1.03999996185303,12.4799995422363
09,2006-09-08,52050040,,"",SANDONA [52050040],Pluviométrica,Convencional,Activa,Nariño,Sandoná,1.3223,-77.4792,20,9/15/1963,,Cudayari,Pacifico,Patía,Río Guáitara,2006,08,Andes,Preliminar,0,0,0,3.27349376678467,3.27349376678467,0,0.10754282027483,0.27496799826622,3.93818187713623,4.62545442581177,5,5,0.789855062961578,0.967391312122345,1,1,50,1.03999996185303,0
09,2009-09-06,52050040,,"",SANDONA [52050040],Pluviométrica,Convencional,Activa,Nariño,Sandoná,1.3223,-77.4792,20,9/15/1963,,Cudayari,Pacifico,Patía,Río Guáitara,2009,06,Andes,Preliminar,0,0,0,0,0,0,0.0370734259486198,0.233570590615273,3.93818187713623,4.62545442581177,5,5,0.789855062961578,0.967391312122345,1,1,50,1.03999996185303,0
09,2008-09-09,52050040,,"",SANDONA [52050040],Pluviométrica,Convencional,Activa,Nariño,Sandoná,1.3223,-77.4792,20,9/15/1963,,Cudayari,Pacifico,Patía,Río Guáitara,2008,09,Andes,Preliminar,0,0,0,1.77109134197235,1.77109134197235,5.98997306823731,1.15192699432373,6.28167247772217,3.93818187713623,4.62545442581177,5,5,0.789855062961578,0.967391312122345,1,1,50,1.03999996185303,0
09,2008-09-10,52050040,,"",SANDONA [52050040],Pluviométrica,Convencional,Activa,Nariño,Sandoná,1.3223,-77.4792,20,9/15/1963,,Cudayari,Pacifico,Patía,Río Guáitara,2008,10,Andes,Preliminar,0,0,0,0.975907385349274,0.975907385349274,0,0.61563104391098,0.0296865422278643,3.93818187713623,4.62545442581177,5,5,0.789855062961578,0.967391312122345,1,1,50,1.03999996185303,0
09,2008-09-11,52050040,,"",SANDONA [52050040],Pluviométrica,Convencional,Activa,Nariño,Sandoná,1.3223,-77.4792,20,9/15/1963,,Cudayari,Pacifico,Patía,Río Guáitara,2008,11,Andes,Preliminar,0,0,0,0.092110387980938,0.092110387980938,0,0.16548478603363,0,3.93818187713623,4.62545442581177,5,5,0.789855062961578,0.967391312122345,1,1,51,1.03999996185303,0
09,2013-09-09,52050040,5,Definitivo,SANDONA [52050040],Pluviométrica,Convencional,Activa,Nariño,Sandoná,1.3223,-77.4792,20,9/15/1963,,Cudayari,Pacifico,Patía,Río Guáitara,2013,09,Andes,Definitivo,5,5,0,1.39777421951294,1.39777421951294,0,0.24541574716568,1.20026671886444,3.93818187713623,4.62545442581177,5,5,0.789855062961578,0.967391312122345,1,1,50,1.03999996185303,5.19999980926514
09,2011-09-16,52050040,8,Definitivo,SANDONA [52050040],Pluviométrica,Convencional,Activa,Nariño,Sandoná,1.3223,-77.4792,20,9/15/1963,,Cudayari,Pacifico,Patía,Río Guáitara,2011,16,Andes,Definitivo,8,8,0,2.37002825737,2.37002825737,0,0.346871465444565,0.231119573116303,3.93818187713623,4.62545442581177,5,5,0.789855062961578,0.967391312122345,1,1,52,1.03999996185303,8.31999969482422
09,2011-09-17,52050040,1,Definitivo,SANDONA [52050040],Pluviométrica,Convencional,Activa,Nariño,Sandoná,1.3223,-77.4792,20,9/15/1963,,Cudayari,Pacifico,Patía,Río Guáitara,2011,17,Andes,Definitivo,1,1,0,3.07840442657471,3.07840442657471,0,0.876489222049713,1.26779186725616,3.93818187713623,4.62545442581177,5,5,0.789855062961578,0.967391312122345,1,1,52,1.03999996185303,1.03999996185303
09,2010-09-20,52050040,,"",SANDONA [52050040],Pluviométrica,Convencional,Activa,Nariño,Sandoná,1.3223,-77.4792,20,9/15/1963,,Cudayari,Pacifico,Patía,Río Guáitara,2010,20,Andes,Preliminar,0,0,0,3.50039887428284,3.50039887428284,0,0.562861680984497,0.325736939907074,3.93818187713623,4.62545442581177,5,5,0.789855062961578,0.967391312122345,1,1,52,1.03999996185303,0
09,2011-09-24,52050040,8,Definitivo,SANDONA [52050040],Pluviométrica,Convencional,Activa,Nariño,Sandoná,1.3223,-77.4792,20,9/15/1963,,Cudayari,Pacifico,Patía,Río Guáitara,2011,24,Andes,Definitivo,8,8,0,10.4243440628052,10.4243440628052,10.6609086990356,10.9189710617065,19.842716217041,3.93818187713623,4.62545442581177,5,5,0.789855062961578,0.967391312122345,1,1,53,1.03999996185303,8.31999969482422
09,2011-09-25,52050040,,"",SANDONA [52050040],Pluviométrica,Convencional,Activa,Nariño,Sandoná,1.3223,-77.4792,20,9/15/1963,,Cudayari,Pacifico,Patía,Río Guáitara,2011,25,Andes,Preliminar,0,0,0,6.11761093139648,6.11761093139648,21.3218173980713,7.66398525238037,7.66171264648438,3.93818187713623,4.62545442581177,5,5,0.789855062961578,0.967391312122345,1,1,53,1.03999996185303,0
09,2014-09-23,52050040,,"",SANDONA [52050040],Pluviométrica,Convencional,Activa,Nariño,Sandoná,1.3223,-77.4792,20,9/15/1963,,Cudayari,Pacifico,Patía,Río Guáitara,2014,23,Andes,Preliminar,0,0,0,4.20272445678711,4.20272445678711,0,2.13474178314209,0.111351899802685,3.93818187713623,4.62545442581177,5,5,0.789855062961578,0.967391312122345,1,1,53,1.03999996185303,0
09,2015-09-27,52050040,,"",SANDONA [52050040],Pluviométrica,Convencional,Activa,Nariño,Sandoná,1.3223,-77.4792,20,9/15/1963,,Cudayari,Pacifico,Patía,Río Guáitara,2015,27,Andes,Preliminar,0,0,0,3.00716805458069,3.00716805458069,0,0.766447484493256,0,3.93818187713623,4.62545442581177,5,5,0.789855062961578,0.967391312122345,1,1,54,1.03999996185303,0
09,2017-09-27,52050040,,"",SANDONA [52050040],Pluviométrica,Convencional,Activa,Nariño,Sandoná,1.3223,-77.4792,20,9/15/1963,,Cudayari,Pacifico,Patía,Río Guáitara,2017,27,Andes,Preliminar,0,0,0,2.50826168060303,2.50826168060303,0,1.33350157737732,0,3.93818187713623,4.62545442581177,5,5,0.789855062961578,0.967391312122345,1,1,54,1.03999996185303,0
09,2020-09-25,52050040,,"",SANDONA [52050040],Pluviométrica,Convencional,Activa,Nariño,Sandoná,1.3223,-77.4792,20,9/15/1963,,Cudayari,Pacifico,Patía,Río Guáitara,2020,25,Andes,Preliminar,0,0,0,1.22977936267853,1.22977936267853,0,0.286686927080154,0.0589020252227783,3.93818187713623,4.62545442581177,5,5,0.789855062961578,0.967391312122345,1,1,53,1.03999996185303,0
09,2022-09-26,52050040,,"",SANDONA [52050040],Pluviométrica,Convencional,Activa,Nariño,Sandoná,1.3223,-77.4792,20,9/15/1963,,Cudayari,Pacifico,Patía,Río Guáitara,2022,26,Andes,Preliminar,0,0,0,1.72889614105225,1.72889614105225,2.18983626365662,2.12267065048218,0.270632207393646,3.93818187713623,4.62545442581177,5,5,0.789855062961578,0.967391312122345,1,1,54,1.03999996185303,0
09,2023-09-26,52050040,,"",SANDONA [52050040],Pluviométrica,Convencional,Activa,Nariño,Sandoná,1.3223,-77.4792,20,9/15/1963,,Cudayari,Pacifico,Patía,Río Guáitara,2023,26,Andes,Preliminar,0,0,0,3.81732535362244,3.81732535362244,0,3.3673210144043,0.375844568014145,3.93818187713623,4.62545442581177,5,5,0.789855062961578,0.967391312122345,1,1,54,1.03999996185303,0
09,2022-09-25,52050040,1,En revisión,SANDONA [52050040],Pluviométrica,Convencional,Activa,Nariño,Sandoná,1.3223,-77.4792,20,9/15/1963,,Cudayari,Pacifico,Patía,Río Guáitara,2022,25,Andes,En revisión,1,1,0,7.14264011383057,7.14264011383057,0,3.23974537849426,0.190400645136833,3.93818187713623,4.62545442581177,5,5,0.789855062961578,0.967391312122345,1,1,53,1.03999996185303,1.03999996185303
09,2021-09-24,52050040,,"",SANDONA [52050040],Pluviométrica,Convencional,Activa,Nariño,Sandoná,1.3223,-77.4792,20,9/15/1963,,Cudayari,Pacifico,Patía,Río Guáitara,2021,24,Andes,Preliminar,0,0,0,0.977392554283142,0.977392554283142,0,0.93131548166275,0.267043888568878,3.93818187713623,4.62545442581177,5,5,0.789855062961578,0.967391312122345,1,1,53,1.03999996185303,0
09,2023-09-19,52050040,,"",SANDONA [52050040],Pluviométrica,Convencional,Activa,Nariño,Sandoná,1.3223,-77.4792,20,9/15/1963,,Cudayari,Pacifico,Patía,Río Guáitara,2023,19,Andes,Preliminar,0,0,0,3.68044853210449,3.68044853210449,0,0.888565242290497,0.655741095542908,3.93818187713623,4.62545442581177,5,5,0.789855062961578,0.967391312122345,1,1,52,1.03999996185303,0
09,2023-09-16,52050040,,"",SANDONA [52050040],Pluviométrica,Convencional,Activa,Nariño,Sandoná,1.3223,-77.4792,20,9/15/1963,,Cudayari,Pacifico,Patía,Río Guáitara,2023,16,Andes,Preliminar,0,0,0,0.722483575344086,0.722483575344086,0,0.256285786628723,0.665108799934387,3.93818187713623,4.62545442581177,5,5,0.789855062961578,0.967391312122345,1,1,52,1.03999996185303,0
09,2021-09-16,52050040,,"",SANDONA [52050040],Pluviométrica,Convencional,Activa,Nariño,Sandoná,1.3223,-77.4792,20,9/15/1963,,Cudayari,Pacifico,Patía,Río Guáitara,2021,16,Andes,Preliminar,0,0,0,0.917096853256226,0.917096853256226,0,0,0,3.93818187713623,4.62545442581177,5,5,0.789855062961578,0.967391312122345,1,1,52,1.03999996185303,0
09,2023-09-11,52050040,,"",SANDONA [52050040],Pluviométrica,Convencional,Activa,Nariño,Sandoná,1.3223,-77.4792,20,9/15/1963,,Cudayari,Pacifico,Patía,Río Guáitara,2023,11,Andes,Preliminar,,,1,0.776585459709168,0.776585459709168,3.13401198387146,0.368968904018402,0.626198053359985,3.93818187713623,4.62545442581177,5,5,0.789855062961578,0.967391312122345,1,1,51,1.03999996185303,
09,2023-09-10,52050040,,"",SANDONA [52050040],Pluviométrica,Convencional,Activa,Nariño,Sandoná,1.3223,-77.4792,20,9/15/1963,,Cudayari,Pacifico,Patía,Río Guáitara,2023,10,Andes,Preliminar,0,0,0,2.62034273147583,2.62034273147583,0,0.254937291145325,0.780014991760254,3.93818187713623,4.62545442581177,5,5,0.789855062961578,0.967391312122345,1,1,50,1.03999996185303,0
09,2022-09-11,52050040,,"",SANDONA [52050040],Pluviométrica,Convencional,Activa,Nariño,Sandoná,1.3223,-77.4792,20,9/15/1963,,Cudayari,Pacifico,Patía,Río Guáitara,2022,11,Andes,Preliminar,0,0,0,5.08836889266968,5.08836889266968,0,4.74150228500366,0.113638654351234,3.93818187713623,4.62545442581177,5,5,0.789855062961578,0.967391312122345,1,1,51,1.03999996185303,0
09,2001-09-29,52050040,2,Definitivo,SANDONA [52050040],Pluviométrica,Convencional,Activa,Nariño,Sandoná,1.3223,-77.4792,20,9/15/1963,,Cudayari,Pacifico,Patía,Río Guáitara,2001,29,Andes,Definitivo,2,2,0,7.62183523178101,7.62183523178101,5.8009614944458,2.33300542831421,6.14435052871704,3.93818187713623,4.62545442581177,5,5,0.789855062961578,0.967391312122345,1,1,54,1.03999996185303,2.07999992370605
09,2001-09-28,52050040,18,Definitivo,SANDONA [52050040],Pluviométrica,Convencional,Activa,Nariño,Sandoná,1.3223,-77.4792,20,9/15/1963,,Cudayari,Pacifico,Patía,Río Guáitara,2001,28,Andes,Definitivo,18,18,0,3.33155679702759,3.33155679702759,11.6019229888916,6.68068313598633,9.82769680023193,3.93818187713623,4.62545442581177,5,5,0.789855062961578,0.967391312122345,1,1,54,1.03999996185303,18.7199993133545
09,2001-09-26,52050040,,"",SANDONA [52050040],Pluviométrica,Convencional,Activa,Nariño,Sandoná,1.3223,-77.4792,20,9/15/1963,,Cudayari,Pacifico,Patía,Río Guáitara,2001,26,Andes,Preliminar,0,0,0,2.5645797252655,2.5645797252655,0,3.73974323272705,0.0938172563910484,3.93818187713623,4.62545442581177,5,5,0.789855062961578,0.967391312122345,1,1,54,1.03999996185303,0
09,2002-09-24,52050040,,"",SANDONA [52050040],Pluviométrica,Convencional,Activa,Nariño,Sandoná,1.3223,-77.4792,20,9/15/1963,,Cudayari,Pacifico,Patía,Río Guáitara,2002,24,Andes,Preliminar,0,0,0,3.66496419906616,3.66496419906616,0,13.0641307830811,0.636642396450043,3.93818187713623,4.62545442581177,5,5,0.789855062961578,0.967391312122345,1,1,53,1.03999996185303,0
09,2003-09-22,52050040,,"",SANDONA [52050040],Pluviométrica,Convencional,Activa,Nariño,Sandoná,1.3223,-77.4792,20,9/15/1963,,Cudayari,Pacifico,Patía,Río Guáitara,2003,22,Andes,Preliminar,0,0,0,5.49702501296997,5.49702501296997,0,4.57403087615967,1.09812307357788,3.93818187713623,4.62545442581177,5,5,0.789855062961578,0.967391312122345,1,1,53,1.03999996185303,0
09,2002-09-23,52050040,,"",SANDONA [52050040],Pluviométrica,Convencional,Activa,Nariño,Sandoná,1.3223,-77.4792,20,9/15/1963,,Cudayari,Pacifico,Patía,Río Guáitara,2002,23,Andes,Preliminar,0,0,0,0,0,0,3.20447325706482,0.225581958889961,3.93818187713623,4.62545442581177,5,5,0.789855062961578,0.967391312122345,1,1,53,1.03999996185303,0
09,2002-09-22,52050040,,"",SANDONA [52050040],Pluviométrica,Convencional,Activa,Nariño,Sandoná,1.3223,-77.4792,20,9/15/1963,,Cudayari,Pacifico,Patía,Río Guáitara,2002,22,Andes,Preliminar,0,0,0,0,0,0,2.45494532585144,0.0551422536373138,3.93818187713623,4.62545442581177,5,5,0.789855062961578,0.967391312122345,1,1,53,1.03999996185303,0
09,2002-09-21,52050040,,"",SANDONA [52050040],Pluviométrica,Convencional,Activa,Nariño,Sandoná,1.3223,-77.4792,20,9/15/1963,,Cudayari,Pacifico,Patía,Río Guáitara,2002,21,Andes,Preliminar,0,0,0,1.89567124843597,1.89567124843597,0,2.48114418983459,0,3.93818187713623,4.62545442581177,5,5,0.789855062961578,0.967391312122345,1,1,53,1.03999996185303,0
09,2003-09-19,52050040,,"",SANDONA [52050040],Pluviométrica,Convencional,Activa,Nariño,Sandoná,1.3223,-77.4792,20,9/15/1963,,Cudayari,Pacifico,Patía,Río Guáitara,2003,19,Andes,Preliminar,0,0,0,1.35824012756348,1.35824012756348,0,0,0,3.93818187713623,4.62545442581177,5,5,0.789855062961578,0.967391312122345,1,1,52,1.03999996185303,0
09,2002-09-18,52050040,,"",SANDONA [52050040],Pluviométrica,Convencional,Activa,Nariño,Sandoná,1.3223,-77.4792,20,9/15/1963,,Cudayari,Pacifico,Patía,Río Guáitara,2002,18,Andes,Preliminar,0,0,0,3.57932281494141,3.57932281494141,0,0.556415677070618,0.0158214252442122,3.93818187713623,4.62545442581177,5,5,0.789855062961578,0.967391312122345,1,1,52,1.03999996185303,0
09,2004-09-14,52050040,3,Definitivo,SANDONA [52050040],Pluviométrica,Convencional,Activa,Nariño,Sandoná,1.3223,-77.4792,20,9/15/1963,,Cudayari,Pacifico,Patía,Río Guáitara,2004,14,Andes,Definitivo,3,3,0,1.8289989233017,1.8289989233017,0,0.419651389122009,0,3.93818187713623,4.62545442581177,5,5,0.789855062961578,0.967391312122345,1,1,51,1.03999996185303,3.11999988555908
09,2001-09-14,52050040,3,Definitivo,SANDONA [52050040],Pluviométrica,Convencional,Activa,Nariño,Sandoná,1.3223,-77.4792,20,9/15/1963,,Cudayari,Pacifico,Patía,Río Guáitara,2001,14,Andes,Definitivo,3,3,0,0.828137218952179,0.828137218952179,36.086238861084,6.18297815322876,9.5356912612915,3.93818187713623,4.62545442581177,5,5,0.789855062961578,0.967391312122345,1,1,51,1.03999996185303,3.11999988555908
09,2002-09-13,52050040,,"",SANDONA [52050040],Pluviométrica,Convencional,Activa,Nariño,Sandoná,1.3223,-77.4792,20,9/15/1963,,Cudayari,Pacifico,Patía,Río Guáitara,2002,13,Andes,Preliminar,0,0,0,0,0,0,0.256303459405899,1.0238002538681,3.93818187713623,4.62545442581177,5,5,0.789855062961578,0.967391312122345,1,1,51,1.03999996185303,0
09,2004-09-09,52050040,5,Definitivo,SANDONA [52050040],Pluviométrica,Convencional,Activa,Nariño,Sandoná,1.3223,-77.4792,20,9/15/1963,,Cudayari,Pacifico,Patía,Río Guáitara,2004,09,Andes,Definitivo,5,5,0,8.54194068908691,8.54194068908691,0,6.19474411010742,9.23169898986816,3.93818187713623,4.62545442581177,5,5,0.789855062961578,0.967391312122345,1,1,50,1.03999996185303,5.19999980926514
09,2003-09-09,52050040,,"",SANDONA [52050040],Pluviométrica,Convencional,Activa,Nariño,Sandoná,1.3223,-77.4792,20,9/15/1963,,Cudayari,Pacifico,Patía,Río Guáitara,2003,09,Andes,Preliminar,0,0,0,11.5709133148193,11.5709133148193,4.37388277053833,3.40963673591614,3.35828185081482,3.93818187713623,4.62545442581177,5,5,0.789855062961578,0.967391312122345,1,1,50,1.03999996185303,0
09,2002-09-08,52050040,,"",SANDONA [52050040],Pluviométrica,Convencional,Activa,Nariño,Sandoná,1.3223,-77.4792,20,9/15/1963,,Cudayari,Pacifico,Patía,Río Guáitara,2002,08,Andes,Preliminar,0,0,0,0,0,0,0.189520224928856,0.00434008054435253,3.93818187713623,4.62545442581177,5,5,0.789855062961578,0.967391312122345,1,1,50,1.03999996185303,0
09,2004-09-08,52050040,10,Definitivo,SANDONA [52050040],Pluviométrica,Convencional,Activa,Nariño,Sandoná,1.3223,-77.4792,20,9/15/1963,,Cudayari,Pacifico,Patía,Río Guáitara,2004,08,Andes,Definitivo,10,10,0,11.8087644577026,11.8087644577026,21.8996562957764,10.9868927001953,23.0816841125488,3.93818187713623,4.62545442581177,5,5,0.789855062961578,0.967391312122345,1,1,50,1.03999996185303,10.3999996185303
09,2007-09-07,52050040,,"",SANDONA [52050040],Pluviométrica,Convencional,Activa,Nariño,Sandoná,1.3223,-77.4792,20,9/15/1963,,Cudayari,Pacifico,Patía,Río Guáitara,2007,07,Andes,Preliminar,0,0,0,4.43005800247192,4.43005800247192,0,0.102503404021263,0.191605508327484,3.93818187713623,4.62545442581177,5,5,0.789855062961578,0.967391312122345,1,1,50,1.03999996185303,0
09,2009-09-07,52050040,,"",SANDONA [52050040],Pluviométrica,Convencional,Activa,Nariño,Sandoná,1.3223,-77.4792,20,9/15/1963,,Cudayari,Pacifico,Patía,Río Guáitara,2009,07,Andes,Preliminar,0,0,0,1.41952788829803,1.41952788829803,0,0.149087622761726,0.233570590615273,3.93818187713623,4.62545442581177,5,5,0.789855062961578,0.967391312122345,1,1,50,1.03999996185303,0
09,2009-09-08,52050040,,"",SANDONA [52050040],Pluviométrica,Convencional,Activa,Nariño,Sandoná,1.3223,-77.4792,20,9/15/1963,,Cudayari,Pacifico,Patía,Río Guáitara,2009,08,Andes,Preliminar,0,0,0,1.57902550697327,1.57902550697327,0,0.149695709347725,0.233570590615273,3.93818187713623,4.62545442581177,5,5,0.789855062961578,0.967391312122345,1,1,50,1.03999996185303,0
09,2012-09-06,52050040,,"",SANDONA [52050040],Pluviométrica,Convencional,Activa,Nariño,Sandoná,1.3223,-77.4792,20,9/15/1963,,Cudayari,Pacifico,Patía,Río Guáitara,2012,06,Andes,Preliminar,0,0,0,1.13808059692383,1.13808059692383,0,0.251325100660324,0,3.93818187713623,4.62545442581177,5,5,0.789855062961578,0.967391312122345,1,1,50,1.03999996185303,0
09,2013-09-10,52050040,,"",SANDONA [52050040],Pluviométrica,Convencional,Activa,Nariño,Sandoná,1.3223,-77.4792,20,9/15/1963,,Cudayari,Pacifico,Patía,Río Guáitara,2013,10,Andes,Preliminar,0,0,0,2.02872467041016,2.02872467041016,0,0.394341766834259,0.222729936242104,3.93818187713623,4.62545442581177,5,5,0.789855062961578,0.967391312122345,1,1,50,1.03999996185303,0
09,2012-09-13,52050040,,"",SANDONA [52050040],Pluviométrica,Convencional,Activa,Nariño,Sandoná,1.3223,-77.4792,20,9/15/1963,,Cudayari,Pacifico,Patía,Río Guáitara,2012,13,Andes,Preliminar,0,0,0,0.815575003623962,0.815575003623962,0,0.186176270246506,0.224920079112053,3.93818187713623,4.62545442581177,5,5,0.789855062961578,0.967391312122345,1,1,51,1.03999996185303,0
09,2012-09-14,52050040,,"",SANDONA [52050040],Pluviométrica,Convencional,Activa,Nariño,Sandoná,1.3223,-77.4792,20,9/15/1963,,Cudayari,Pacifico,Patía,Río Guáitara,2012,14,Andes,Preliminar,0,0,0,0.6962069272995,0.6962069272995,0,0.25243005156517,0.224920079112053,3.93818187713623,4.62545442581177,5,5,0.789855062961578,0.967391312122345,1,1,51,1.03999996185303,0
09,2010-09-21,52050040,0,Definitivo,SANDONA [52050040],Pluviométrica,Convencional,Activa,Nariño,Sandoná,1.3223,-77.4792,20,9/15/1963,,Cudayari,Pacifico,Patía,Río Guáitara,2010,21,Andes,Definitivo,0,0,0,4.42950916290283,4.42950916290283,0,4.16430807113647,0.26072296500206,3.93818187713623,4.62545442581177,5,5,0.789855062961578,0.967391312122345,1,1,53,1.03999996185303,0
09,2009-09-24,52050040,,"",SANDONA [52050040],Pluviométrica,Convencional,Activa,Nariño,Sandoná,1.3223,-77.4792,20,9/15/1963,,Cudayari,Pacifico,Patía,Río Guáitara,2009,24,Andes,Preliminar,0,0,0,0.0457456819713116,0.0457456819713116,0,0.0295309945940971,0,3.93818187713623,4.62545442581177,5,5,0.789855062961578,0.967391312122345,1,1,53,1.03999996185303,0
09,2012-09-22,52050040,,"",SANDONA [52050040],Pluviométrica,Convencional,Activa,Nariño,Sandoná,1.3223,-77.4792,20,9/15/1963,,Cudayari,Pacifico,Patía,Río Guáitara,2012,22,Andes,Preliminar,0,0,0,3.20106053352356,3.20106053352356,0,0.245604187250137,0,3.93818187713623,4.62545442581177,5,5,0.789855062961578,0.967391312122345,1,1,53,1.03999996185303,0
09,2016-09-23,52050040,,"",SANDONA [52050040],Pluviométrica,Convencional,Activa,Nariño,Sandoná,1.3223,-77.4792,20,9/15/1963,,Cudayari,Pacifico,Patía,Río Guáitara,2016,23,Andes,Preliminar,0,0,0,0.891824066638947,0.891824066638947,0,0.578671991825104,0.0565635226666927,3.93818187713623,4.62545442581177,5,5,0.789855062961578,0.967391312122345,1,1,53,1.03999996185303,0
09,2016-09-24,52050040,,"",SANDONA [52050040],Pluviométrica,Convencional,Activa,Nariño,Sandoná,1.3223,-77.4792,20,9/15/1963,,Cudayari,Pacifico,Patía,Río Guáitara,2016,24,Andes,Preliminar,0,0,0,2.54900217056274,2.54900217056274,0,1.87331295013428,2.4919376373291,3.93818187713623,4.62545442581177,5,5,0.789855062961578,0.967391312122345,1,1,53,1.03999996185303,0
09,2015-09-28,52050040,,"",SANDONA [52050040],Pluviométrica,Convencional,Activa,Nariño,Sandoná,1.3223,-77.4792,20,9/15/1963,,Cudayari,Pacifico,Patía,Río Guáitara,2015,28,Andes,Preliminar,0,0,0,2.53773164749146,2.53773164749146,0,1.31644058227539,0,3.93818187713623,4.62545442581177,5,5,0.789855062961578,0.967391312122345,1,1,54,1.03999996185303,0
09,2018-09-26,52050040,1,Definitivo,SANDONA [52050040],Pluviométrica,Convencional,Activa,Nariño,Sandoná,1.3223,-77.4792,20,9/15/1963,,Cudayari,Pacifico,Patía,Río Guáitara,2018,26,Andes,Definitivo,1,1,0,2.14491152763367,2.14491152763367,5.0439133644104,1.36839318275452,0.147841289639473,3.93818187713623,4.62545442581177,5,5,0.789855062961578,0.967391312122345,1,1,54,1.03999996185303,1.03999996185303
09,2022-09-27,52050040,,"",SANDONA [52050040],Pluviométrica,Convencional,Activa,Nariño,Sandoná,1.3223,-77.4792,20,9/15/1963,,Cudayari,Pacifico,Patía,Río Guáitara,2022,27,Andes,Preliminar,0,0,0,2.16598582267761,2.16598582267761,2.74345803260803,2.92772579193115,0,3.93818187713623,4.62545442581177,5,5,0.789855062961578,0.967391312122345,1,1,54,1.03999996185303,0
09,2021-09-26,52050040,,"",SANDONA [52050040],Pluviométrica,Convencional,Activa,Nariño,Sandoná,1.3223,-77.4792,20,9/15/1963,,Cudayari,Pacifico,Patía,Río Guáitara,2021,26,Andes,Preliminar,0,0,0,1.11611270904541,1.11611270904541,0,3.39942526817322,0.00965197384357452,3.93818187713623,4.62545442581177,5,5,0.789855062961578,0.967391312122345,1,1,54,1.03999996185303,0
09,2023-09-23,52050040,12,En revisión,SANDONA [52050040],Pluviométrica,Convencional,Activa,Nariño,Sandoná,1.3223,-77.4792,20,9/15/1963,,Cudayari,Pacifico,Patía,Río Guáitara,2023,23,Andes,En revisión,12,12,0,5.0393590927124,5.0393590927124,0,3.41958045959473,0.390610545873642,3.93818187713623,4.62545442581177,5,5,0.789855062961578,0.967391312122345,1,1,53,1.03999996185303,12.4799995422363
09,2021-09-21,52050040,3,En revisión,SANDONA [52050040],Pluviométrica,Convencional,Activa,Nariño,Sandoná,1.3223,-77.4792,20,9/15/1963,,Cudayari,Pacifico,Patía,Río Guáitara,2021,21,Andes,En revisión,3,3,0,1.20176529884338,1.20176529884338,0,0.93131548166275,0.200282901525497,3.93818187713623,4.62545442581177,5,5,0.789855062961578,0.967391312122345,1,1,53,1.03999996185303,3.11999988555908
09,2023-09-18,52050040,,"",SANDONA [52050040],Pluviométrica,Convencional,Activa,Nariño,Sandoná,1.3223,-77.4792,20,9/15/1963,,Cudayari,Pacifico,Patía,Río Guáitara,2023,18,Andes,Preliminar,0,0,0,3.45173907279968,3.45173907279968,0,0.69939112663269,0.608902454376221,3.93818187713623,4.62545442581177,5,5,0.789855062961578,0.967391312122345,1,1,52,1.03999996185303,0
09,2023-09-15,52050040,,"",SANDONA [52050040],Pluviométrica,Convencional,Activa,Nariño,Sandoná,1.3223,-77.4792,20,9/15/1963,,Cudayari,Pacifico,Patía,Río Guáitara,2023,15,Andes,Preliminar,0,0,0,1.05000877380371,1.05000877380371,0,0.311097651720047,1.45548725128174,3.93818187713623,4.62545442581177,5,5,0.789855062961578,0.967391312122345,1,1,51,1.03999996185303,0
09,2023-09-13,52050040,,"",SANDONA [52050040],Pluviométrica,Convencional,Activa,Nariño,Sandoná,1.3223,-77.4792,20,9/15/1963,,Cudayari,Pacifico,Patía,Río Guáitara,2023,13,Andes,Preliminar,0,0,0,1.0354278087616,1.0354278087616,0,0.404555231332779,0,3.93818187713623,4.62545442581177,5,5,0.789855062961578,0.967391312122345,1,1,51,1.03999996185303,0
09,2021-09-13,52050040,,"",SANDONA [52050040],Pluviométrica,Convencional,Activa,Nariño,Sandoná,1.3223,-77.4792,20,9/15/1963,,Cudayari,Pacifico,Patía,Río Guáitara,2021,13,Andes,Preliminar,0,0,0,1.8787579536438,1.8787579536438,0,0.413540601730347,0.121409840881825,3.93818187713623,4.62545442581177,5,5,0.789855062961578,0.967391312122345,1,1,51,1.03999996185303,0
09,2021-09-12,52050040,0,En revisión,SANDONA [52050040],Pluviométrica,Convencional,Activa,Nariño,Sandoná,1.3223,-77.4792,20,9/15/1963,,Cudayari,Pacifico,Patía,Río Guáitara,2021,12,Andes,En revisión,0,0,0,1.36813974380493,1.36813974380493,0,0.413540601730347,1.47559654712677,3.93818187713623,4.62545442581177,5,5,0.789855062961578,0.967391312122345,1,1,51,1.03999996185303,0
09,2023-09-09,52050040,,"",SANDONA [52050040],Pluviométrica,Convencional,Activa,Nariño,Sandoná,1.3223,-77.4792,20,9/15/1963,,Cudayari,Pacifico,Patía,Río Guáitara,2023,09,Andes,Preliminar,0,0,0,0.941655099391937,0.941655099391937,0,0.210526436567307,0,3.93818187713623,4.62545442581177,5,5,0.789855062961578,0.967391312122345,1,1,50,1.03999996185303,0
09,2023-09-08,52050040,,"",SANDONA [52050040],Pluviométrica,Convencional,Activa,Nariño,Sandoná,1.3223,-77.4792,20,9/15/1963,,Cudayari,Pacifico,Patía,Río Guáitara,2023,08,Andes,Preliminar,0,0,0,1.03275001049042,1.03275001049042,0,0.13768869638443,0,3.93818187713623,4.62545442581177,5,5,0.789855062961578,0.967391312122345,1,1,50,1.03999996185303,0
09,2023-09-07,52050040,,"",SANDONA [52050040],Pluviométrica,Convencional,Activa,Nariño,Sandoná,1.3223,-77.4792,20,9/15/1963,,Cudayari,Pacifico,Patía,Río Guáitara,2023,07,Andes,Preliminar,0,0,0,0.422561317682266,0.422561317682266,0,0.0956151708960533,0,3.93818187713623,4.62545442581177,5,5,0.789855062961578,0.967391312122345,1,1,50,1.03999996185303,0
09,2022-09-08,52050040,,"",SANDONA [52050040],Pluviométrica,Convencional,Activa,Nariño,Sandoná,1.3223,-77.4792,20,9/15/1963,,Cudayari,Pacifico,Patía,Río Guáitara,2022,08,Andes,Preliminar,0,0,0,0.908253192901611,0.908253192901611,0,0.245710700750351,0,3.93818187713623,4.62545442581177,5,5,0.789855062961578,0.967391312122345,1,1,50,1.03999996185303,0
09,2001-09-25,52050040,,"",SANDONA [52050040],Pluviométrica,Convencional,Activa,Nariño,Sandoná,1.3223,-77.4792,20,9/15/1963,,Cudayari,Pacifico,Patía,Río Guáitara,2001,25,Andes,Preliminar,0,0,0,1.01689755916595,1.01689755916595,0,2.81570553779602,0,3.93818187713623,4.62545442581177,5,5,0.789855062961578,0.967391312122345,1,1,53,1.03999996185303,0
09,2001-09-24,52050040,,"",SANDONA [52050040],Pluviométrica,Convencional,Activa,Nariño,Sandoná,1.3223,-77.4792,20,9/15/1963,,Cudayari,Pacifico,Patía,Río Guáitara,2001,24,Andes,Preliminar,0,0,0,2.34854888916016,2.34854888916016,0,2.54409527778626,0.306315958499908,3.93818187713623,4.62545442581177,5,5,0.789855062961578,0.967391312122345,1,1,53,1.03999996185303,0
09,2001-09-23,52050040,,"",SANDONA [52050040],Pluviométrica,Convencional,Activa,Nariño,Sandoná,1.3223,-77.4792,20,9/15/1963,,Cudayari,Pacifico,Patía,Río Guáitara,2001,23,Andes,Preliminar,0,0,0,1.71904110908508,1.71904110908508,6.86775970458984,3.1925961971283,1.86097466945648,3.93818187713623,4.62545442581177,5,5,0.789855062961578,0.967391312122345,1,1,53,1.03999996185303,0
09,2001-09-22,52050040,,"",SANDONA [52050040],Pluviométrica,Convencional,Activa,Nariño,Sandoná,1.3223,-77.4792,20,9/15/1963,,Cudayari,Pacifico,Patía,Río Guáitara,2001,22,Andes,Preliminar,0,0,0,3.8254714012146,3.8254714012146,0,1.92486429214478,0.159452170133591,3.93818187713623,4.62545442581177,5,5,0.789855062961578,0.967391312122345,1,1,53,1.03999996185303,0
09,2002-09-20,52050040,,"",SANDONA [52050040],Pluviométrica,Convencional,Activa,Nariño,Sandoná,1.3223,-77.4792,20,9/15/1963,,Cudayari,Pacifico,Patía,Río Guáitara,2002,20,Andes,Preliminar,0,0,0,0.639164745807648,0.639164745807648,0,0.108988381922245,0,3.93818187713623,4.62545442581177,5,5,0.789855062961578,0.967391312122345,1,1,52,1.03999996185303,0
09,2001-09-19,52050040,4,Definitivo,SANDONA [52050040],Pluviométrica,Convencional,Activa,Nariño,Sandoná,1.3223,-77.4792,20,9/15/1963,,Cudayari,Pacifico,Patía,Río Guáitara,2001,19,Andes,Definitivo,4,4,0,0.299714535474777,0.299714535474777,0,2.28621101379395,2.05534338951111,3.93818187713623,4.62545442581177,5,5,0.789855062961578,0.967391312122345,1,1,52,1.03999996185303,4.15999984741211
09,2003-09-16,52050040,,"",SANDONA [52050040],Pluviométrica,Convencional,Activa,Nariño,Sandoná,1.3223,-77.4792,20,9/15/1963,,Cudayari,Pacifico,Patía,Río Guáitara,2003,16,Andes,Preliminar,0,0,0,1.09041798114777,1.09041798114777,0,0,0,3.93818187713623,4.62545442581177,5,5,0.789855062961578,0.967391312122345,1,1,52,1.03999996185303,0
09,2002-09-15,52050040,,"",SANDONA [52050040],Pluviométrica,Convencional,Activa,Nariño,Sandoná,1.3223,-77.4792,20,9/15/1963,,Cudayari,Pacifico,Patía,Río Guáitara,2002,15,Andes,Preliminar,0,0,0,2.94609260559082,2.94609260559082,0,0.0943863540887833,0,3.93818187713623,4.62545442581177,5,5,0.789855062961578,0.967391312122345,1,1,51,1.03999996185303,0
09,2002-09-12,52050040,,"",SANDONA [52050040],Pluviométrica,Convencional,Activa,Nariño,Sandoná,1.3223,-77.4792,20,9/15/1963,,Cudayari,Pacifico,Patía,Río Guáitara,2002,12,Andes,Preliminar,0,0,0,0,0,0,0.0849422886967659,0,3.93818187713623,4.62545442581177,5,5,0.789855062961578,0.967391312122345,1,1,51,1.03999996185303,0
09,2003-09-11,52050040,,"",SANDONA [52050040],Pluviométrica,Convencional,Activa,Nariño,Sandoná,1.3223,-77.4792,20,9/15/1963,,Cudayari,Pacifico,Patía,Río Guáitara,2003,11,Andes,Preliminar,0,0,0,4.39902400970459,4.39902400970459,4.83520841598511,1.85005533695221,2.06441831588745,3.93818187713623,4.62545442581177,5,5,0.789855062961578,0.967391312122345,1,1,51,1.03999996185303,0
09,2002-09-10,52050040,,"",SANDONA [52050040],Pluviométrica,Convencional,Activa,Nariño,Sandoná,1.3223,-77.4792,20,9/15/1963,,Cudayari,Pacifico,Patía,Río Guáitara,2002,10,Andes,Preliminar,0,0,0,3.0607795715332,3.0607795715332,0,0.319159686565399,0.0188070144504309,3.93818187713623,4.62545442581177,5,5,0.789855062961578,0.967391312122345,1,1,50,1.03999996185303,0
09,2004-09-06,52050040,,"",SANDONA [52050040],Pluviométrica,Convencional,Activa,Nariño,Sandoná,1.3223,-77.4792,20,9/15/1963,,Cudayari,Pacifico,Patía,Río Guáitara,2004,06,Andes,Preliminar,0,0,0,3.1597146987915,3.1597146987915,0,5.41987466812134,0,3.93818187713623,4.62545442581177,5,5,0.789855062961578,0.967391312122345,1,1,50,1.03999996185303,0
09,2003-09-06,52050040,,"",SANDONA [52050040],Pluviométrica,Convencional,Activa,Nariño,Sandoná,1.3223,-77.4792,20,9/15/1963,,Cudayari,Pacifico,Patía,Río Guáitara,2003,06,Andes,Preliminar,0,0,0,0.702788650989533,0.702788650989533,0,1.6442779302597,0.821957230567932,3.93818187713623,4.62545442581177,5,5,0.789855062961578,0.967391312122345,1,1,50,1.03999996185303,0
09,2005-09-06,52050040,,"",SANDONA [52050040],Pluviométrica,Convencional,Activa,Nariño,Sandoná,1.3223,-77.4792,20,9/15/1963,,Cudayari,Pacifico,Patía,Río Guáitara,2005,06,Andes,Preliminar,0,0,0,2.40876770019531,2.40876770019531,0,0.379566490650177,0.11506112664938,3.93818187713623,4.62545442581177,5,5,0.789855062961578,0.967391312122345,1,1,50,1.03999996185303,0
09,2005-09-07,52050040,,"",SANDONA [52050040],Pluviométrica,Convencional,Activa,Nariño,Sandoná,1.3223,-77.4792,20,9/15/1963,,Cudayari,Pacifico,Patía,Río Guáitara,2005,07,Andes,Preliminar,0,0,0,0,0,0,0.169315800070763,0.729816257953644,3.93818187713623,4.62545442581177,5,5,0.789855062961578,0.967391312122345,1,1,50,1.03999996185303,0
09,2007-09-08,52050040,,"",SANDONA [52050040],Pluviométrica,Convencional,Activa,Nariño,Sandoná,1.3223,-77.4792,20,9/15/1963,,Cudayari,Pacifico,Patía,Río Guáitara,2007,08,Andes,Preliminar,0,0,0,0.417324274778366,0.417324274778366,0,0.314765959978104,0,3.93818187713623,4.62545442581177,5,5,0.789855062961578,0.967391312122345,1,1,50,1.03999996185303,0
09,2007-09-09,52050040,,"",SANDONA [52050040],Pluviométrica,Convencional,Activa,Nariño,Sandoná,1.3223,-77.4792,20,9/15/1963,,Cudayari,Pacifico,Patía,Río Guáitara,2007,09,Andes,Preliminar,0,0,0,0.224713072180748,0.224713072180748,0,0.275244504213333,0,3.93818187713623,4.62545442581177,5,5,0.789855062961578,0.967391312122345,1,1,50,1.03999996185303,0
09,2011-09-10,52050040,5,Definitivo,SANDONA [52050040],Pluviométrica,Convencional,Activa,Nariño,Sandoná,1.3223,-77.4792,20,9/15/1963,,Cudayari,Pacifico,Patía,Río Guáitara,2011,10,Andes,Definitivo,5,5,0,11.9236707687378,11.9236707687378,18.0610618591309,2.71836400032043,1.43269264698029,3.93818187713623,4.62545442581177,5,5,0.789855062961578,0.967391312122345,1,1,50,1.03999996185303,5.19999980926514
09,2011-09-11,52050040,,"",SANDONA [52050040],Pluviométrica,Convencional,Activa,Nariño,Sandoná,1.3223,-77.4792,20,9/15/1963,,Cudayari,Pacifico,Patía,Río Guáitara,2011,11,Andes,Preliminar,0,0,0,6.03998374938965,6.03998374938965,0,1.23677694797516,4.37308931350708,3.93818187713623,4.62545442581177,5,5,0.789855062961578,0.967391312122345,1,1,51,1.03999996185303,0
09,2013-09-11,52050040,,"",SANDONA [52050040],Pluviométrica,Convencional,Activa,Nariño,Sandoná,1.3223,-77.4792,20,9/15/1963,,Cudayari,Pacifico,Patía,Río Guáitara,2013,11,Andes,Preliminar,0,0,0,0.954529285430908,0.954529285430908,0,0.478272527456284,0,3.93818187713623,4.62545442581177,5,5,0.789855062961578,0.967391312122345,1,1,51,1.03999996185303,0
09,2011-09-18,52050040,8,Definitivo,SANDONA [52050040],Pluviométrica,Convencional,Activa,Nariño,Sandoná,1.3223,-77.4792,20,9/15/1963,,Cudayari,Pacifico,Patía,Río Guáitara,2011,18,Andes,Definitivo,8,8,0,3.16707372665405,3.16707372665405,0,0.648661315441132,0.00673163821920753,3.93818187713623,4.62545442581177,5,5,0.789855062961578,0.967391312122345,1,1,52,1.03999996185303,8.31999969482422
09,2011-09-19,52050040,,"",SANDONA [52050040],Pluviométrica,Convencional,Activa,Nariño,Sandoná,1.3223,-77.4792,20,9/15/1963,,Cudayari,Pacifico,Patía,Río Guáitara,2011,19,Andes,Preliminar,0,0,0,2.91081666946411,2.91081666946411,0,0.474429041147232,1.08603763580322,3.93818187713623,4.62545442581177,5,5,0.789855062961578,0.967391312122345,1,1,52,1.03999996185303,0
09,2010-09-22,52050040,2,Definitivo,SANDONA [52050040],Pluviométrica,Convencional,Activa,Nariño,Sandoná,1.3223,-77.4792,20,9/15/1963,,Cudayari,Pacifico,Patía,Río Guáitara,2010,22,Andes,Definitivo,2,2,0,5.7463903427124,5.7463903427124,0,3.55678844451904,0,3.93818187713623,4.62545442581177,5,5,0.789855062961578,0.967391312122345,1,1,53,1.03999996185303,2.07999992370605
09,2012-09-23,52050040,,"",SANDONA [52050040],Pluviométrica,Convencional,Activa,Nariño,Sandoná,1.3223,-77.4792,20,9/15/1963,,Cudayari,Pacifico,Patía,Río Guáitara,2012,23,Andes,Preliminar,0,0,0,1.74108409881592,1.74108409881592,0,0.24890772998333,2.58373427391052,3.93818187713623,4.62545442581177,5,5,0.789855062961578,0.967391312122345,1,1,53,1.03999996185303,0
09,2014-09-24,52050040,,"",SANDONA [52050040],Pluviométrica,Convencional,Activa,Nariño,Sandoná,1.3223,-77.4792,20,9/15/1963,,Cudayari,Pacifico,Patía,Río Guáitara,2014,24,Andes,Preliminar,0,0,0,0.969509780406952,0.969509780406952,0,1.0608446598053,0.837280690670013,3.93818187713623,4.62545442581177,5,5,0.789855062961578,0.967391312122345,1,1,53,1.03999996185303,0
09,2014-09-25,52050040,,"",SANDONA [52050040],Pluviométrica,Convencional,Activa,Nariño,Sandoná,1.3223,-77.4792,20,9/15/1963,,Cudayari,Pacifico,Patía,Río Guáitara,2014,25,Andes,Preliminar,0,0,0,1.71823704242706,1.71823704242706,0,2.15123653411865,0.108139835298061,3.93818187713623,4.62545442581177,5,5,0.789855062961578,0.967391312122345,1,1,53,1.03999996185303,0
09,2019-09-23,52050040,,"",SANDONA [52050040],Pluviométrica,Convencional,Activa,Nariño,Sandoná,1.3223,-77.4792,20,9/15/1963,,Cudayari,Pacifico,Patía,Río Guáitara,2019,23,Andes,Preliminar,0,0,0,1.15333044528961,1.15333044528961,0,1.71639168262482,0.480938255786896,3.93818187713623,4.62545442581177,5,5,0.789855062961578,0.967391312122345,1,1,53,1.03999996185303,0
09,2020-09-26,52050040,,"",SANDONA [52050040],Pluviométrica,Convencional,Activa,Nariño,Sandoná,1.3223,-77.4792,20,9/15/1963,,Cudayari,Pacifico,Patía,Río Guáitara,2020,26,Andes,Preliminar,0,0,0,1.88628160953522,1.88628160953522,9.95810222625732,5.60875368118286,0.0374738983809948,3.93818187713623,4.62545442581177,5,5,0.789855062961578,0.967391312122345,1,1,54,1.03999996185303,0
09,2020-09-27,52050040,10,En revisión,SANDONA [52050040],Pluviométrica,Convencional,Activa,Nariño,Sandoná,1.3223,-77.4792,20,9/15/1963,,Cudayari,Pacifico,Patía,Río Guáitara,2020,27,Andes,En revisión,10,10,0,8.38595485687256,8.38595485687256,9.95810222625732,8.67462921142578,1.27699530124664,3.93818187713623,4.62545442581177,5,5,0.789855062961578,0.967391312122345,1,1,54,1.03999996185303,10.3999996185303
09,2022-09-24,52050040,,"",SANDONA [52050040],Pluviométrica,Convencional,Activa,Nariño,Sandoná,1.3223,-77.4792,20,9/15/1963,,Cudayari,Pacifico,Patía,Río Guáitara,2022,24,Andes,Preliminar,0,0,0,5.64463710784912,5.64463710784912,11.8258180618286,0.615402102470398,4.37488746643066,3.93818187713623,4.62545442581177,5,5,0.789855062961578,0.967391312122345,1,1,53,1.03999996185303,0
09,2022-09-22,52050040,4,En revisión,SANDONA [52050040],Pluviométrica,Convencional,Activa,Nariño,Sandoná,1.3223,-77.4792,20,9/15/1963,,Cudayari,Pacifico,Patía,Río Guáitara,2022,22,Andes,En revisión,4,4,0,4.38811779022217,4.38811779022217,0,1.58342671394348,5.38314533233643,3.93818187713623,4.62545442581177,5,5,0.789855062961578,0.967391312122345,1,1,53,1.03999996185303,4.15999984741211
09,2022-09-19,52050040,7,En revisión,SANDONA [52050040],Pluviométrica,Convencional,Activa,Nariño,Sandoná,1.3223,-77.4792,20,9/15/1963,,Cudayari,Pacifico,Patía,Río Guáitara,2022,19,Andes,En revisión,7,7,0,7.97829437255859,7.97829437255859,0,4.38075017929077,7.49487543106079,3.93818187713623,4.62545442581177,5,5,0.789855062961578,0.967391312122345,1,1,52,1.03999996185303,7.27999973297119
09,2021-09-18,52050040,,"",SANDONA [52050040],Pluviométrica,Convencional,Activa,Nariño,Sandoná,1.3223,-77.4792,20,9/15/1963,,Cudayari,Pacifico,Patía,Río Guáitara,2021,18,Andes,Preliminar,0,0,0,1.5938835144043,1.5938835144043,0,0,0,3.93818187713623,4.62545442581177,5,5,0.789855062961578,0.967391312122345,1,1,52,1.03999996185303,0
09,2022-09-14,52050040,9,En revisión,SANDONA [52050040],Pluviométrica,Convencional,Activa,Nariño,Sandoná,1.3223,-77.4792,20,9/15/1963,,Cudayari,Pacifico,Patía,Río Guáitara,2022,14,Andes,En revisión,9,9,0,6.74783563613892,6.74783563613892,0,4.38743543624878,7.04282474517822,3.93818187713623,4.62545442581177,5,5,0.789855062961578,0.967391312122345,1,1,51,1.03999996185303,9.35999965667725
09,2023-09-12,52050040,,"",SANDONA [52050040],Pluviométrica,Convencional,Activa,Nariño,Sandoná,1.3223,-77.4792,20,9/15/1963,,Cudayari,Pacifico,Patía,Río Guáitara,2023,12,Andes,Preliminar,0,0,0,0.502355098724365,0.502355098724365,0,0.338746815919876,0,3.93818187713623,4.62545442581177,5,5,0.789855062961578,0.967391312122345,1,1,51,1.03999996185303,0
09,2020-09-13,52050040,,"",SANDONA [52050040],Pluviométrica,Convencional,Activa,Nariño,Sandoná,1.3223,-77.4792,20,9/15/1963,,Cudayari,Pacifico,Patía,Río Guáitara,2020,13,Andes,Preliminar,0,0,0,2.27759861946106,2.27759861946106,0,0.615248382091522,0.512819111347199,3.93818187713623,4.62545442581177,5,5,0.789855062961578,0.967391312122345,1,1,51,1.03999996185303,0
09,2022-09-10,52050040,,"",SANDONA [52050040],Pluviométrica,Convencional,Activa,Nariño,Sandoná,1.3223,-77.4792,20,9/15/1963,,Cudayari,Pacifico,Patía,Río Guáitara,2022,10,Andes,Preliminar,0,0,0,4.62288904190064,4.62288904190064,0,0.286732912063599,0.369840890169144,3.93818187713623,4.62545442581177,5,5,0.789855062961578,0.967391312122345,1,1,50,1.03999996185303,0
09,2022-09-09,52050040,,"",SANDONA [52050040],Pluviométrica,Convencional,Activa,Nariño,Sandoná,1.3223,-77.4792,20,9/15/1963,,Cudayari,Pacifico,Patía,Río Guáitara,2022,09,Andes,Preliminar,0,0,0,0.938213288784027,0.938213288784027,0,0.369254529476166,0.954082250595093,3.93818187713623,4.62545442581177,5,5,0.789855062961578,0.967391312122345,1,1,50,1.03999996185303,0
09,2021-09-10,52050040,0,En revisión,SANDONA [52050040],Pluviométrica,Convencional,Activa,Nariño,Sandoná,1.3223,-77.4792,20,9/15/1963,,Cudayari,Pacifico,Patía,Río Guáitara,2021,10,Andes,En revisión,0,0,0,1.25546038150787,1.25546038150787,0,3.47877168655396,0.119081623852253,3.93818187713623,4.62545442581177,5,5,0.789855062961578,0.967391312122345,1,1,50,1.03999996185303,0
09,2021-09-09,52050040,,"",SANDONA [52050040],Pluviométrica,Convencional,Activa,Nariño,Sandoná,1.3223,-77.4792,20,9/15/1963,,Cudayari,Pacifico,Patía,Río Guáitara,2021,09,Andes,Preliminar,0,0,0,2.50689220428467,2.50689220428467,0,3.47877168655396,0,3.93818187713623,4.62545442581177,5,5,0.789855062961578,0.967391312122345,1,1,50,1.03999996185303,0
09,2023-09-06,52050040,,"",SANDONA [52050040],Pluviométrica,Convencional,Activa,Nariño,Sandoná,1.3223,-77.4792,20,9/15/1963,,Cudayari,Pacifico,Patía,Río Guáitara,2023,06,Andes,Preliminar,0,0,0,0.30426886677742,0.30426886677742,0,0.0812473669648171,0,3.93818187713623,4.62545442581177,5,5,0.789855062961578,0.967391312122345,1,1,50,1.03999996185303,0
09,2023-09-05,52050040,,"",SANDONA [52050040],Pluviométrica,Convencional,Activa,Nariño,Sandoná,1.3223,-77.4792,20,9/15/1963,,Cudayari,Pacifico,Patía,Río Guáitara,2023,05,Andes,Preliminar,0,0,0,0.999587178230286,0.999587178230286,0,1.93528604507446,0,3.93818187713623,4.62545442581177,5,5,0.789855062961578,0.967391312122345,1,1,49,1.03999996185303,0
09,2022-09-06,52050040,,"",SANDONA [52050040],Pluviométrica,Convencional,Activa,Nariño,Sandoná,1.3223,-77.4792,20,9/15/1963,,Cudayari,Pacifico,Patía,Río Guáitara,2022,06,Andes,Preliminar,0,0,0,0.678927302360535,0.678927302360535,0,0.255855113267899,0.0964802205562592,3.93818187713623,4.62545442581177,5,5,0.789855062961578,0.967391312122345,1,1,50,1.03999996185303,0
09,2001-09-21,52050040,25,Definitivo,SANDONA [52050040],Pluviométrica,Convencional,Activa,Nariño,Sandoná,1.3223,-77.4792,20,9/15/1963,,Cudayari,Pacifico,Patía,Río Guáitara,2001,21,Andes,Definitivo,25,25,0,3.97074294090271,3.97074294090271,6.86775970458984,1.32429730892181,9.47481632232666,3.93818187713623,4.62545442581177,5,5,0.789855062961578,0.967391312122345,1,1,53,1.03999996185303,25.9999990463257
09,2001-09-20,52050040,,"",SANDONA [52050040],Pluviométrica,Convencional,Activa,Nariño,Sandoná,1.3223,-77.4792,20,9/15/1963,,Cudayari,Pacifico,Patía,Río Guáitara,2001,20,Andes,Preliminar,0,0,0,5.4221076965332,5.4221076965332,0,0.636367678642273,0,3.93818187713623,4.62545442581177,5,5,0.789855062961578,0.967391312122345,1,1,52,1.03999996185303,0
09,2003-09-18,52050040,,"",SANDONA [52050040],Pluviométrica,Convencional,Activa,Nariño,Sandoná,1.3223,-77.4792,20,9/15/1963,,Cudayari,Pacifico,Patía,Río Guáitara,2003,18,Andes,Preliminar,0,0,0,0.344342559576035,0.344342559576035,0,0,0,3.93818187713623,4.62545442581177,5,5,0.789855062961578,0.967391312122345,1,1,52,1.03999996185303,0
09,2001-09-18,52050040,7,Definitivo,SANDONA [52050040],Pluviométrica,Convencional,Activa,Nariño,Sandoná,1.3223,-77.4792,20,9/15/1963,,Cudayari,Pacifico,Patía,Río Guáitara,2001,18,Andes,Definitivo,7,7,0,1.062624335289,1.062624335289,0,2.49587464332581,2.90890049934387,3.93818187713623,4.62545442581177,5,5,0.789855062961578,0.967391312122345,1,1,52,1.03999996185303,7.27999973297119
09,2001-09-16,52050040,,"",SANDONA [52050040],Pluviométrica,Convencional,Activa,Nariño,Sandoná,1.3223,-77.4792,20,9/15/1963,,Cudayari,Pacifico,Patía,Río Guáitara,2001,16,Andes,Preliminar,0,0,0,0.0272467769682407,0.0272467769682407,0,0.184750720858574,1.32746386528015,3.93818187713623,4.62545442581177,5,5,0.789855062961578,0.967391312122345,1,1,52,1.03999996185303,0
09,2003-09-13,52050040,,"",SANDONA [52050040],Pluviométrica,Convencional,Activa,Nariño,Sandoná,1.3223,-77.4792,20,9/15/1963,,Cudayari,Pacifico,Patía,Río Guáitara,2003,13,Andes,Preliminar,0,0,0,0.59217631816864,0.59217631816864,0,0.181376755237579,0.938371956348419,3.93818187713623,4.62545442581177,5,5,0.789855062961578,0.967391312122345,1,1,51,1.03999996185303,0
09,2003-09-10,52050040,,"",SANDONA [52050040],Pluviométrica,Convencional,Activa,Nariño,Sandoná,1.3223,-77.4792,20,9/15/1963,,Cudayari,Pacifico,Patía,Río Guáitara,2003,10,Andes,Preliminar,0,0,0,7.14083480834961,7.14083480834961,0,2.55260109901428,0,3.93818187713623,4.62545442581177,5,5,0.789855062961578,0.967391312122345,1,1,50,1.03999996185303,0
09,2001-09-11,52050040,15,Definitivo,SANDONA [52050040],Pluviométrica,Convencional,Activa,Nariño,Sandoná,1.3223,-77.4792,20,9/15/1963,,Cudayari,Pacifico,Patía,Río Guáitara,2001,11,Andes,Definitivo,15,15,0,5.29505920410156,5.29505920410156,10.3103551864624,9.28998184204102,23.9259605407715,3.93818187713623,4.62545442581177,5,5,0.789855062961578,0.967391312122345,1,1,51,1.03999996185303,15.5999994277954
09,2003-09-08,52050040,,"",SANDONA [52050040],Pluviométrica,Convencional,Activa,Nariño,Sandoná,1.3223,-77.4792,20,9/15/1963,,Cudayari,Pacifico,Patía,Río Guáitara,2003,08,Andes,Preliminar,0,0,0,4.75637340545654,4.75637340545654,0,2.17080974578857,0.563627779483795,3.93818187713623,4.62545442581177,5,5,0.789855062961578,0.967391312122345,1,1,50,1.03999996185303,0
09,2002-09-07,52050040,,"",SANDONA [52050040],Pluviométrica,Convencional,Activa,Nariño,Sandoná,1.3223,-77.4792,20,9/15/1963,,Cudayari,Pacifico,Patía,Río Guáitara,2002,07,Andes,Preliminar,0,0,0,0,0,0,0.0935773998498917,0.862229287624359,3.93818187713623,4.62545442581177,5,5,0.789855062961578,0.967391312122345,1,1,50,1.03999996185303,0
09,2004-09-03,52050040,,"",SANDONA [52050040],Pluviométrica,Convencional,Activa,Nariño,Sandoná,1.3223,-77.4792,20,9/15/1963,,Cudayari,Pacifico,Patía,Río Guáitara,2004,03,Andes,Preliminar,0,0,0,3.17238640785217,3.17238640785217,0,0.257861942052841,0.0931422263383865,3.93818187713623,4.62545442581177,5,5,0.789855062961578,0.967391312122345,1,1,49,1.03999996185303,0
09,2006-09-04,52050040,,"",SANDONA [52050040],Pluviométrica,Convencional,Activa,Nariño,Sandoná,1.3223,-77.4792,20,9/15/1963,,Cudayari,Pacifico,Patía,Río Guáitara,2006,04,Andes,Preliminar,0,0,0,0.384804487228394,0.384804487228394,0,2.94605255126953,0.716941595077515,3.93818187713623,4.62545442581177,5,5,0.789855062961578,0.967391312122345,1,1,49,1.03999996185303,0
09,2006-09-05,52050040,,"",SANDONA [52050040],Pluviométrica,Convencional,Activa,Nariño,Sandoná,1.3223,-77.4792,20,9/15/1963,,Cudayari,Pacifico,Patía,Río Guáitara,2006,05,Andes,Preliminar,0,0,0,0,0,14.1964883804321,0.482629209756851,7.16941595077515,3.93818187713623,4.62545442581177,5,5,0.789855062961578,0.967391312122345,1,1,49,1.03999996185303,0
09,2005-09-08,52050040,,"",SANDONA [52050040],Pluviométrica,Convencional,Activa,Nariño,Sandoná,1.3223,-77.4792,20,9/15/1963,,Cudayari,Pacifico,Patía,Río Guáitara,2005,08,Andes,Preliminar,0,0,0,0,0,0,0.104367896914482,0.0427369922399521,3.93818187713623,4.62545442581177,5,5,0.789855062961578,0.967391312122345,1,1,50,1.03999996185303,0
09,2010-09-07,52050040,9,Definitivo,SANDONA [52050040],Pluviométrica,Convencional,Activa,Nariño,Sandoná,1.3223,-77.4792,20,9/15/1963,,Cudayari,Pacifico,Patía,Río Guáitara,2010,07,Andes,Definitivo,9,9,0,9.67875385284424,9.67875385284424,0,3.18102884292603,2.90832352638245,3.93818187713623,4.62545442581177,5,5,0.789855062961578,0.967391312122345,1,1,50,1.03999996185303,9.35999965667725
09,2012-09-07,52050040,,"",SANDONA [52050040],Pluviométrica,Convencional,Activa,Nariño,Sandoná,1.3223,-77.4792,20,9/15/1963,,Cudayari,Pacifico,Patía,Río Guáitara,2012,07,Andes,Preliminar,0,0,0,1.40855515003204,1.40855515003204,0,0.14615386724472,0.668478548526764,3.93818187713623,4.62545442581177,5,5,0.789855062961578,0.967391312122345,1,1,50,1.03999996185303,0
09,2012-09-08,52050040,,"",SANDONA [52050040],Pluviométrica,Convencional,Activa,Nariño,Sandoná,1.3223,-77.4792,20,9/15/1963,,Cudayari,Pacifico,Patía,Río Guáitara,2012,08,Andes,Preliminar,0,0,0,0.896821677684784,0.896821677684784,0,0.447966575622559,0.516449987888336,3.93818187713623,4.62545442581177,5,5,0.789855062961578,0.967391312122345,1,1,50,1.03999996185303,0
09,2013-09-12,52050040,,"",SANDONA [52050040],Pluviométrica,Convencional,Activa,Nariño,Sandoná,1.3223,-77.4792,20,9/15/1963,,Cudayari,Pacifico,Patía,Río Guáitara,2013,12,Andes,Preliminar,0,0,0,1.6942629814148,1.6942629814148,0,1.01700377464294,0,3.93818187713623,4.62545442581177,5,5,0.789855062961578,0.967391312122345,1,1,51,1.03999996185303,0
09,2012-09-15,52050040,,"",SANDONA [52050040],Pluviométrica,Convencional,Activa,Nariño,Sandoná,1.3223,-77.4792,20,9/15/1963,,Cudayari,Pacifico,Patía,Río Guáitara,2012,15,Andes,Preliminar,0,0,0,1.84704601764679,1.84704601764679,0,0.105062283575535,0.224920079112053,3.93818187713623,4.62545442581177,5,5,0.789855062961578,0.967391312122345,1,1,51,1.03999996185303,0
09,2012-09-16,52050040,,"",SANDONA [52050040],Pluviométrica,Convencional,Activa,Nariño,Sandoná,1.3223,-77.4792,20,9/15/1963,,Cudayari,Pacifico,Patía,Río Guáitara,2012,16,Andes,Preliminar,0,0,0,0.706401586532593,0.706401586532593,0,0,0,3.93818187713623,4.62545442581177,5,5,0.789855062961578,0.967391312122345,1,1,52,1.03999996185303,0
09,2013-09-20,52050040,,"",SANDONA [52050040],Pluviométrica,Convencional,Activa,Nariño,Sandoná,1.3223,-77.4792,20,9/15/1963,,Cudayari,Pacifico,Patía,Río Guáitara,2013,20,Andes,Preliminar,0,0,0,1.02145576477051,1.02145576477051,0,0.112100347876549,0,3.93818187713623,4.62545442581177,5,5,0.789855062961578,0.967391312122345,1,1,52,1.03999996185303,0
09,2013-09-21,52050040,,"",SANDONA [52050040],Pluviométrica,Convencional,Activa,Nariño,Sandoná,1.3223,-77.4792,20,9/15/1963,,Cudayari,Pacifico,Patía,Río Guáitara,2013,21,Andes,Preliminar,0,0,0,1.03737771511078,1.03737771511078,0,0.0826105698943138,0.135175153613091,3.93818187713623,4.62545442581177,5,5,0.789855062961578,0.967391312122345,1,1,53,1.03999996185303,0
09,2012-09-24,52050040,9,Definitivo,SANDONA [52050040],Pluviométrica,Convencional,Activa,Nariño,Sandoná,1.3223,-77.4792,20,9/15/1963,,Cudayari,Pacifico,Patía,Río Guáitara,2012,24,Andes,Definitivo,9,9,0,3.71755957603455,3.71755957603455,19.3907089233398,1.28464436531067,0,3.93818187713623,4.62545442581177,5,5,0.789855062961578,0.967391312122345,1,1,53,1.03999996185303,9.35999965667725
09,2015-09-23,52050040,,"",SANDONA [52050040],Pluviométrica,Convencional,Activa,Nariño,Sandoná,1.3223,-77.4792,20,9/15/1963,,Cudayari,Pacifico,Patía,Río Guáitara,2015,23,Andes,Preliminar,0,0,0,1.16354870796204,1.16354870796204,0,0.331705689430237,0.158074751496315,3.93818187713623,4.62545442581177,5,5,0.789855062961578,0.967391312122345,1,1,53,1.03999996185303,0
09,2019-09-24,52050040,14,Definitivo,SANDONA [52050040],Pluviométrica,Convencional,Activa,Nariño,Sandoná,1.3223,-77.4792,20,9/15/1963,,Cudayari,Pacifico,Patía,Río Guáitara,2019,24,Andes,Definitivo,14,14,0,2.57572746276855,2.57572746276855,15.0383291244507,2.61983847618103,0.42387780547142,3.93818187713623,4.62545442581177,5,5,0.789855062961578,0.967391312122345,1,1,53,1.03999996185303,14.5599994659424
09,2018-09-27,52050040,,"",SANDONA [52050040],Pluviométrica,Convencional,Activa,Nariño,Sandoná,1.3223,-77.4792,20,9/15/1963,,Cudayari,Pacifico,Patía,Río Guáitara,2018,27,Andes,Preliminar,0,0,0,2.13444423675537,2.13444423675537,0,1.07913649082184,0.262828975915909,3.93818187713623,4.62545442581177,5,5,0.789855062961578,0.967391312122345,1,1,54,1.03999996185303,0
09,2021-09-25,52050040,,"",SANDONA [52050040],Pluviométrica,Convencional,Activa,Nariño,Sandoná,1.3223,-77.4792,20,9/15/1963,,Cudayari,Pacifico,Patía,Río Guáitara,2021,25,Andes,Preliminar,0,0,0,1.39728009700775,1.39728009700775,0,0.93131548166275,1.5521924495697,3.93818187713623,4.62545442581177,5,5,0.789855062961578,0.967391312122345,1,1,53,1.03999996185303,0
09,2021-09-23,52050040,3,En revisión,SANDONA [52050040],Pluviométrica,Convencional,Activa,Nariño,Sandoná,1.3223,-77.4792,20,9/15/1963,,Cudayari,Pacifico,Patía,Río Guáitara,2021,23,Andes,En revisión,3,3,0,2.12694263458252,2.12694263458252,0,0.93131548166275,0,3.93818187713623,4.62545442581177,5,5,0.789855062961578,0.967391312122345,1,1,53,1.03999996185303,3.11999988555908
09,2023-09-20,52050040,,"",SANDONA [52050040],Pluviométrica,Convencional,Activa,Nariño,Sandoná,1.3223,-77.4792,20,9/15/1963,,Cudayari,Pacifico,Patía,Río Guáitara,2023,20,Andes,Preliminar,0,0,0,1.32091820240021,1.32091820240021,0,0.774612307548523,0.135832071304321,3.93818187713623,4.62545442581177,5,5,0.789855062961578,0.967391312122345,1,1,52,1.03999996185303,0
09,2020-09-19,52050040,,"",SANDONA [52050040],Pluviométrica,Convencional,Activa,Nariño,Sandoná,1.3223,-77.4792,20,9/15/1963,,Cudayari,Pacifico,Patía,Río Guáitara,2020,19,Andes,Preliminar,0,0,0,3.72202229499817,3.72202229499817,2.90402746200562,2.89340209960938,4.46178913116455,3.93818187713623,4.62545442581177,5,5,0.789855062961578,0.967391312122345,1,1,52,1.03999996185303,0
09,2021-09-15,52050040,,"",SANDONA [52050040],Pluviométrica,Convencional,Activa,Nariño,Sandoná,1.3223,-77.4792,20,9/15/1963,,Cudayari,Pacifico,Patía,Río Guáitara,2021,15,Andes,Preliminar,0,0,0,0.442733347415924,0.442733347415924,0,0.413540601730347,0.239083975553513,3.93818187713623,4.62545442581177,5,5,0.789855062961578,0.967391312122345,1,1,51,1.03999996185303,0
09,2022-09-13,52050040,,"",SANDONA [52050040],Pluviométrica,Convencional,Activa,Nariño,Sandoná,1.3223,-77.4792,20,9/15/1963,,Cudayari,Pacifico,Patía,Río Guáitara,2022,13,Andes,Preliminar,0,0,0,5.85640287399292,5.85640287399292,0,2.74199414253235,10.5115766525269,3.93818187713623,4.62545442581177,5,5,0.789855062961578,0.967391312122345,1,1,51,1.03999996185303,0
09,2021-09-14,52050040,3,En revisión,SANDONA [52050040],Pluviométrica,Convencional,Activa,Nariño,Sandoná,1.3223,-77.4792,20,9/15/1963,,Cudayari,Pacifico,Patía,Río Guáitara,2021,14,Andes,En revisión,3,3,0,0.471369653940201,0.471369653940201,0,0.413540601730347,0.0728458985686302,3.93818187713623,4.62545442581177,5,5,0.789855062961578,0.967391312122345,1,1,51,1.03999996185303,3.11999988555908
09,2021-09-11,52050040,,"",SANDONA [52050040],Pluviométrica,Convencional,Activa,Nariño,Sandoná,1.3223,-77.4792,20,9/15/1963,,Cudayari,Pacifico,Patía,Río Guáitara,2021,11,Andes,Preliminar,0,0,0,1.36249542236328,1.36249542236328,0,0.413540601730347,0.158766701817513,3.93818187713623,4.62545442581177,5,5,0.789855062961578,0.967391312122345,1,1,51,1.03999996185303,0
09,2020-09-12,52050040,,"",SANDONA [52050040],Pluviométrica,Convencional,Activa,Nariño,Sandoná,1.3223,-77.4792,20,9/15/1963,,Cudayari,Pacifico,Patía,Río Guáitara,2020,12,Andes,Preliminar,0,0,0,2.28227353096008,2.28227353096008,0,1.02210128307343,0,3.93818187713623,4.62545442581177,5,5,0.789855062961578,0.967391312122345,1,1,51,1.03999996185303,0
09,2020-09-11,52050040,,"",SANDONA [52050040],Pluviométrica,Convencional,Activa,Nariño,Sandoná,1.3223,-77.4792,20,9/15/1963,,Cudayari,Pacifico,Patía,Río Guáitara,2020,11,Andes,Preliminar,0,0,0,1.9426281452179,1.9426281452179,0,0.481247484683991,2.79536700248718,3.93818187713623,4.62545442581177,5,5,0.789855062961578,0.967391312122345,1,1,51,1.03999996185303,0
09,2019-09-13,52050040,,"",SANDONA [52050040],Pluviométrica,Convencional,Activa,Nariño,Sandoná,1.3223,-77.4792,20,9/15/1963,,Cudayari,Pacifico,Patía,Río Guáitara,2019,13,Andes,Preliminar,0,0,0,1.11570799350739,1.11570799350739,0,0.260900378227234,0,3.93818187713623,4.62545442581177,5,5,0.789855062961578,0.967391312122345,1,1,51,1.03999996185303,0
09,2022-09-07,52050040,,"",SANDONA [52050040],Pluviométrica,Convencional,Activa,Nariño,Sandoná,1.3223,-77.4792,20,9/15/1963,,Cudayari,Pacifico,Patía,Río Guáitara,2022,07,Andes,Preliminar,0,0,0,0.703574419021606,0.703574419021606,0,0.262850016355515,0,3.93818187713623,4.62545442581177,5,5,0.789855062961578,0.967391312122345,1,1,50,1.03999996185303,0
09,2021-09-08,52050040,3,En revisión,SANDONA [52050040],Pluviométrica,Convencional,Activa,Nariño,Sandoná,1.3223,-77.4792,20,9/15/1963,,Cudayari,Pacifico,Patía,Río Guáitara,2021,08,Andes,En revisión,3,3,0,9.34542751312256,9.34542751312256,0,3.47877168655396,2.40544867515564,3.93818187713623,4.62545442581177,5,5,0.789855062961578,0.967391312122345,1,1,50,1.03999996185303,3.11999988555908
09,2021-09-07,52050040,14,En revisión,SANDONA [52050040],Pluviométrica,Convencional,Activa,Nariño,Sandoná,1.3223,-77.4792,20,9/15/1963,,Cudayari,Pacifico,Patía,Río Guáitara,2021,07,Andes,En revisión,14,14,0,5.12589406967163,5.12589406967163,0,3.47877168655396,1.44485700130463,3.93818187713623,4.62545442581177,5,5,0.789855062961578,0.967391312122345,1,1,50,1.03999996185303,14.5599994659424
09,2023-09-04,52050040,,"",SANDONA [52050040],Pluviométrica,Convencional,Activa,Nariño,Sandoná,1.3223,-77.4792,20,9/15/1963,,Cudayari,Pacifico,Patía,Río Guáitara,2023,04,Andes,Preliminar,0,0,0,5.95507431030273,5.95507431030273,4.93034744262695,3.55339217185974,4.79520988464356,3.93818187713623,4.62545442581177,5,5,0.789855062961578,0.967391312122345,1,1,49,1.03999996185303,0
09,2023-09-03,52050040,13,En revisión,SANDONA [52050040],Pluviométrica,Convencional,Activa,Nariño,Sandoná,1.3223,-77.4792,20,9/15/1963,,Cudayari,Pacifico,Patía,Río Guáitara,2023,03,Andes,En revisión,13,13,0,14.4212608337402,14.4212608337402,14.7910432815552,8.31711387634277,7.39883184432983,3.93818187713623,4.62545442581177,5,5,0.789855062961578,0.967391312122345,1,1,49,1.03999996185303,13.5199995040894
09,2023-09-02,52050040,33,En revisión,SANDONA [52050040],Pluviométrica,Convencional,Activa,Nariño,Sandoná,1.3223,-77.4792,20,9/15/1963,,Cudayari,Pacifico,Patía,Río Guáitara,2023,02,Andes,En revisión,33,33,0,4.94270944595337,4.94270944595337,0,2.94514775276184,6.51793432235718,3.93818187713623,4.62545442581177,5,5,0.789855062961578,0.967391312122345,1,1,49,1.03999996185303,34.3199987411499
09,2001-09-17,52050040,,"",SANDONA [52050040],Pluviométrica,Convencional,Activa,Nariño,Sandoná,1.3223,-77.4792,20,9/15/1963,,Cudayari,Pacifico,Patía,Río Guáitara,2001,17,Andes,Preliminar,0,0,0,3.35135364532471,3.35135364532471,11.7522220611572,1.01578760147095,0.327284038066864,3.93818187713623,4.62545442581177,5,5,0.789855062961578,0.967391312122345,1,1,52,1.03999996185303,0
09,2003-09-15,52050040,,"",SANDONA [52050040],Pluviométrica,Convencional,Activa,Nariño,Sandoná,1.3223,-77.4792,20,9/15/1963,,Cudayari,Pacifico,Patía,Río Guáitara,2003,15,Andes,Preliminar,0,0,0,0.338386505842209,0.338386505842209,0,0.294654816389084,0.0625581294298172,3.93818187713623,4.62545442581177,5,5,0.789855062961578,0.967391312122345,1,1,51,1.03999996185303,0
09,2001-09-15,52050040,,"",SANDONA [52050040],Pluviométrica,Convencional,Activa,Nariño,Sandoná,1.3223,-77.4792,20,9/15/1963,,Cudayari,Pacifico,Patía,Río Guáitara,2001,15,Andes,Preliminar,0,0,0,2.33384132385254,2.33384132385254,0,4.07752990722656,0.0177904721349478,3.93818187713623,4.62545442581177,5,5,0.789855062961578,0.967391312122345,1,1,51,1.03999996185303,0
09,2001-09-13,52050040,14,Definitivo,SANDONA [52050040],Pluviométrica,Convencional,Activa,Nariño,Sandoná,1.3223,-77.4792,20,9/15/1963,,Cudayari,Pacifico,Patía,Río Guáitara,2001,13,Andes,Definitivo,14,14,0,1.43041884899139,1.43041884899139,0,8.14081001281738,6.34675121307373,3.93818187713623,4.62545442581177,5,5,0.789855062961578,0.967391312122345,1,1,51,1.03999996185303,14.5599994659424
09,2001-09-10,52050040,13,Definitivo,SANDONA [52050040],Pluviométrica,Convencional,Activa,Nariño,Sandoná,1.3223,-77.4792,20,9/15/1963,,Cudayari,Pacifico,Patía,Río Guáitara,2001,10,Andes,Definitivo,13,13,0,3.6412296295166,3.6412296295166,7.74476718902588,4.39936208724976,1.19977974891663,3.93818187713623,4.62545442581177,5,5,0.789855062961578,0.967391312122345,1,1,50,1.03999996185303,13.5199995040894
09,2002-09-09,52050040,,"",SANDONA [52050040],Pluviométrica,Convencional,Activa,Nariño,Sandoná,1.3223,-77.4792,20,9/15/1963,,Cudayari,Pacifico,Patía,Río Guáitara,2002,09,Andes,Preliminar,0,0,0,0,0,0,0.395510971546173,0.149009421467781,3.93818187713623,4.62545442581177,5,5,0.789855062961578,0.967391312122345,1,1,50,1.03999996185303,0
09,2001-09-08,52050040,,"",SANDONA [52050040],Pluviométrica,Convencional,Activa,Nariño,Sandoná,1.3223,-77.4792,20,9/15/1963,,Cudayari,Pacifico,Patía,Río Guáitara,2001,08,Andes,Preliminar,0,0,0,1.01954412460327,1.01954412460327,0,5.43512773513794,0.00899630319327116,3.93818187713623,4.62545442581177,5,5,0.789855062961578,0.967391312122345,1,1,50,1.03999996185303,0
09,2003-09-05,52050040,,"",SANDONA [52050040],Pluviométrica,Convencional,Activa,Nariño,Sandoná,1.3223,-77.4792,20,9/15/1963,,Cudayari,Pacifico,Patía,Río Guáitara,2003,05,Andes,Preliminar,0,0,0,4.05238103866577,4.05238103866577,0,0.297010362148285,0,3.93818187713623,4.62545442581177,5,5,0.789855062961578,0.967391312122345,1,1,49,1.03999996185303,0
09,2002-09-04,52050040,,"",SANDONA [52050040],Pluviométrica,Convencional,Activa,Nariño,Sandoná,1.3223,-77.4792,20,9/15/1963,,Cudayari,Pacifico,Patía,Río Guáitara,2002,04,Andes,Preliminar,0,0,0,0,0,0,0.17194564640522,0.124055035412312,3.93818187713623,4.62545442581177,5,5,0.789855062961578,0.967391312122345,1,1,49,1.03999996185303,0
09,2004-09-04,52050040,,"",SANDONA [52050040],Pluviométrica,Convencional,Activa,Nariño,Sandoná,1.3223,-77.4792,20,9/15/1963,,Cudayari,Pacifico,Patía,Río Guáitara,2004,04,Andes,Preliminar,0,0,0,1.70590603351593,1.70590603351593,4.92530298233032,1.5520406961441,0.378102153539658,3.93818187713623,4.62545442581177,5,5,0.789855062961578,0.967391312122345,1,1,49,1.03999996185303,0
09,2004-09-05,52050040,,"",SANDONA [52050040],Pluviométrica,Convencional,Activa,Nariño,Sandoná,1.3223,-77.4792,20,9/15/1963,,Cudayari,Pacifico,Patía,Río Guáitara,2004,05,Andes,Preliminar,0,0,0,2.27454161643982,2.27454161643982,0,1.15194070339203,2.70757985115051,3.93818187713623,4.62545442581177,5,5,0.789855062961578,0.967391312122345,1,1,49,1.03999996185303,0
09,2008-09-06,52050040,,"",SANDONA [52050040],Pluviométrica,Convencional,Activa,Nariño,Sandoná,1.3223,-77.4792,20,9/15/1963,,Cudayari,Pacifico,Patía,Río Guáitara,2008,06,Andes,Preliminar,0,0,0,5.927734375,5.927734375,0,2.95573830604553,0.469047397375107,3.93818187713623,4.62545442581177,5,5,0.789855062961578,0.967391312122345,1,1,50,1.03999996185303,0
09,2008-09-07,52050040,1,Definitivo,SANDONA [52050040],Pluviométrica,Convencional,Activa,Nariño,Sandoná,1.3223,-77.4792,20,9/15/1963,,Cudayari,Pacifico,Patía,Río Guáitara,2008,07,Andes,Definitivo,1,1,0,5.42170810699463,5.42170810699463,0,1.66981780529022,0.0296865422278643,3.93818187713623,4.62545442581177,5,5,0.789855062961578,0.967391312122345,1,1,50,1.03999996185303,1.03999996185303
09,2010-09-08,52050040,,"",SANDONA [52050040],Pluviométrica,Convencional,Activa,Nariño,Sandoná,1.3223,-77.4792,20,9/15/1963,,Cudayari,Pacifico,Patía,Río Guáitara,2010,08,Andes,Preliminar,0,0,0,2.22349739074707,2.22349739074707,0,2.62859559059143,3.39211201667786,3.93818187713623,4.62545442581177,5,5,0.789855062961578,0.967391312122345,1,1,50,1.03999996185303,0
09,2014-09-09,52050040,,"",SANDONA [52050040],Pluviométrica,Convencional,Activa,Nariño,Sandoná,1.3223,-77.4792,20,9/15/1963,,Cudayari,Pacifico,Patía,Río Guáitara,2014,09,Andes,Preliminar,0,0,0,1.20759737491608,1.20759737491608,0,0.0880651101469994,0,3.93818187713623,4.62545442581177,5,5,0.789855062961578,0.967391312122345,1,1,50,1.03999996185303,0
09,2014-09-10,52050040,,"",SANDONA [52050040],Pluviométrica,Convencional,Activa,Nariño,Sandoná,1.3223,-77.4792,20,9/15/1963,,Cudayari,Pacifico,Patía,Río Guáitara,2014,10,Andes,Preliminar,0,0,0,0.861119329929352,0.861119329929352,0,1.03704845905304,0.818035364151001,3.93818187713623,4.62545442581177,5,5,0.789855062961578,0.967391312122345,1,1,50,1.03999996185303,0
09,2013-09-13,52050040,,"",SANDONA [52050040],Pluviométrica,Convencional,Activa,Nariño,Sandoná,1.3223,-77.4792,20,9/15/1963,,Cudayari,Pacifico,Patía,Río Guáitara,2013,13,Andes,Preliminar,0,0,0,1.07142698764801,1.07142698764801,0,0.795896887779236,0,3.93818187713623,4.62545442581177,5,5,0.789855062961578,0.967391312122345,1,1,51,1.03999996185303,0
09,2011-09-20,52050040,,"",SANDONA [52050040],Pluviométrica,Convencional,Activa,Nariño,Sandoná,1.3223,-77.4792,20,9/15/1963,,Cudayari,Pacifico,Patía,Río Guáitara,2011,20,Andes,Preliminar,0,0,0,1.71323680877686,1.71323680877686,0,0.287863165140152,0.0426337085664272,3.93818187713623,4.62545442581177,5,5,0.789855062961578,0.967391312122345,1,1,52,1.03999996185303,0
09,2011-09-21,52050040,,"",SANDONA [52050040],Pluviométrica,Convencional,Activa,Nariño,Sandoná,1.3223,-77.4792,20,9/15/1963,,Cudayari,Pacifico,Patía,Río Guáitara,2011,21,Andes,Preliminar,0,0,0,1.49750113487244,1.49750113487244,0,0.958653807640076,0,3.93818187713623,4.62545442581177,5,5,0.789855062961578,0.967391312122345,1,1,53,1.03999996185303,0
09,2011-09-22,52050040,,"",SANDONA [52050040],Pluviométrica,Convencional,Activa,Nariño,Sandoná,1.3223,-77.4792,20,9/15/1963,,Cudayari,Pacifico,Patía,Río Guáitara,2011,22,Andes,Preliminar,0,0,0,3.60458326339722,3.60458326339722,0,5.44900226593018,3.55589413642883,3.93818187713623,4.62545442581177,5,5,0.789855062961578,0.967391312122345,1,1,53,1.03999996185303,0
09,2013-09-22,52050040,,"",SANDONA [52050040],Pluviométrica,Convencional,Activa,Nariño,Sandoná,1.3223,-77.4792,20,9/15/1963,,Cudayari,Pacifico,Patía,Río Guáitara,2013,22,Andes,Preliminar,0,0,0,0.454133421182632,0.454133421182632,0,0.0497032813727856,0.135175153613091,3.93818187713623,4.62545442581177,5,5,0.789855062961578,0.967391312122345,1,1,53,1.03999996185303,0
09,2017-09-23,52050040,,"",SANDONA [52050040],Pluviométrica,Convencional,Activa,Nariño,Sandoná,1.3223,-77.4792,20,9/15/1963,,Cudayari,Pacifico,Patía,Río Guáitara,2017,23,Andes,Preliminar,0,0,0,3.62705492973328,3.62705492973328,7.44107055664063,1.11345601081848,4.1024022102356,3.93818187713623,4.62545442581177,5,5,0.789855062961578,0.967391312122345,1,1,53,1.03999996185303,0
09,2017-09-24,52050040,,"",SANDONA [52050040],Pluviométrica,Convencional,Activa,Nariño,Sandoná,1.3223,-77.4792,20,9/15/1963,,Cudayari,Pacifico,Patía,Río Guáitara,2017,24,Andes,Preliminar,0,0,0,6.86419677734375,6.86419677734375,0,0.966953158378601,0.702440738677979,3.93818187713623,4.62545442581177,5,5,0.789855062961578,0.967391312122345,1,1,53,1.03999996185303,0
09,2019-09-25,52050040,,"",SANDONA [52050040],Pluviométrica,Convencional,Activa,Nariño,Sandoná,1.3223,-77.4792,20,9/15/1963,,Cudayari,Pacifico,Patía,Río Guáitara,2019,25,Andes,Preliminar,0,0,0,2.93303608894348,2.93303608894348,0,1.8094162940979,0.912967503070831,3.93818187713623,4.62545442581177,5,5,0.789855062961578,0.967391312122345,1,1,53,1.03999996185303,0
09,2020-09-24,52050040,,"",SANDONA [52050040],Pluviométrica,Convencional,Activa,Nariño,Sandoná,1.3223,-77.4792,20,9/15/1963,,Cudayari,Pacifico,Patía,Río Guáitara,2020,24,Andes,Preliminar,0,0,0,4.92690229415894,4.92690229415894,0,0.922958016395569,3.52675843238831,3.93818187713623,4.62545442581177,5,5,0.789855062961578,0.967391312122345,1,1,53,1.03999996185303,0
09,2022-09-21,52050040,,"",SANDONA [52050040],Pluviométrica,Convencional,Activa,Nariño,Sandoná,1.3223,-77.4792,20,9/15/1963,,Cudayari,Pacifico,Patía,Río Guáitara,2022,21,Andes,Preliminar,0,0,0,5.07125377655029,5.07125377655029,0,2.98009777069092,0.424074202775955,3.93818187713623,4.62545442581177,5,5,0.789855062961578,0.967391312122345,1,1,53,1.03999996185303,0
09,2021-09-20,52050040,,"",SANDONA [52050040],Pluviométrica,Convencional,Activa,Nariño,Sandoná,1.3223,-77.4792,20,9/15/1963,,Cudayari,Pacifico,Patía,Río Guáitara,2021,20,Andes,Preliminar,0,0,0,1.11078917980194,1.11078917980194,0,0,0,3.93818187713623,4.62545442581177,5,5,0.789855062961578,0.967391312122345,1,1,52,1.03999996185303,0
09,2022-09-16,52050040,,"",SANDONA [52050040],Pluviométrica,Convencional,Activa,Nariño,Sandoná,1.3223,-77.4792,20,9/15/1963,,Cudayari,Pacifico,Patía,Río Guáitara,2022,16,Andes,Preliminar,0,0,0,11.0960130691528,11.0960130691528,21.8405227661133,8.63592910766602,10.5783462524414,3.93818187713623,4.62545442581177,5,5,0.789855062961578,0.967391312122345,1,1,52,1.03999996185303,0
09,2020-09-16,52050040,38,En revisión,SANDONA [52050040],Pluviométrica,Convencional,Activa,Nariño,Sandoná,1.3223,-77.4792,20,9/15/1963,,Cudayari,Pacifico,Patía,Río Guáitara,2020,16,Andes,En revisión,38,38,0,3.16159868240356,3.16159868240356,2.46676921844482,2.4952347278595,2.0310640335083,3.93818187713623,4.62545442581177,5,5,0.789855062961578,0.967391312122345,1,1,52,1.03999996185303,39.519998550415
09,2020-09-15,52050040,,"",SANDONA [52050040],Pluviométrica,Convencional,Activa,Nariño,Sandoná,1.3223,-77.4792,20,9/15/1963,,Cudayari,Pacifico,Patía,Río Guáitara,2020,15,Andes,Preliminar,0,0,0,2.8052818775177,2.8052818775177,0,1.64490020275116,0.0703869387507439,3.93818187713623,4.62545442581177,5,5,0.789855062961578,0.967391312122345,1,1,51,1.03999996185303,0
09,2022-09-12,52050040,1,En revisión,SANDONA [52050040],Pluviométrica,Convencional,Activa,Nariño,Sandoná,1.3223,-77.4792,20,9/15/1963,,Cudayari,Pacifico,Patía,Río Guáitara,2022,12,Andes,En revisión,1,1,0,2.18772625923157,2.18772625923157,0,3.53278779983521,0.268852412700653,3.93818187713623,4.62545442581177,5,5,0.789855062961578,0.967391312122345,1,1,51,1.03999996185303,1.03999996185303
09,2019-09-14,52050040,,"",SANDONA [52050040],Pluviométrica,Convencional,Activa,Nariño,Sandoná,1.3223,-77.4792,20,9/15/1963,,Cudayari,Pacifico,Patía,Río Guáitara,2019,14,Andes,Preliminar,0,0,0,3.19090509414673,3.19090509414673,0,0.402778655290604,4.12345314025879,3.93818187713623,4.62545442581177,5,5,0.789855062961578,0.967391312122345,1,1,51,1.03999996185303,0
09,2018-09-15,52050040,15,Definitivo,SANDONA [52050040],Pluviométrica,Convencional,Activa,Nariño,Sandoná,1.3223,-77.4792,20,9/15/1963,,Cudayari,Pacifico,Patía,Río Guáitara,2018,15,Andes,Definitivo,15,15,0,5.44709062576294,5.44709062576294,12.8092260360718,4.8012866973877,5.65791893005371,3.93818187713623,4.62545442581177,5,5,0.789855062961578,0.967391312122345,1,1,51,1.03999996185303,15.5999994277954
09,2018-09-14,52050040,2,Definitivo,SANDONA [52050040],Pluviométrica,Convencional,Activa,Nariño,Sandoná,1.3223,-77.4792,20,9/15/1963,,Cudayari,Pacifico,Patía,Río Guáitara,2018,14,Andes,Definitivo,2,2,0,2.5126633644104,2.5126633644104,5.90870809555054,6.90408277511597,4.98217535018921,3.93818187713623,4.62545442581177,5,5,0.789855062961578,0.967391312122345,1,1,51,1.03999996185303,2.07999992370605
09,2020-09-10,52050040,,"",SANDONA [52050040],Pluviométrica,Convencional,Activa,Nariño,Sandoná,1.3223,-77.4792,20,9/15/1963,,Cudayari,Pacifico,Patía,Río Guáitara,2020,10,Andes,Preliminar,0,0,0,2.73521399497986,2.73521399497986,13.0715131759644,1.2884418964386,8.54557800292969,3.93818187713623,4.62545442581177,5,5,0.789855062961578,0.967391312122345,1,1,50,1.03999996185303,0
09,2020-09-09,52050040,1,En revisión,SANDONA [52050040],Pluviométrica,Convencional,Activa,Nariño,Sandoná,1.3223,-77.4792,20,9/15/1963,,Cudayari,Pacifico,Patía,Río Guáitara,2020,09,Andes,En revisión,1,1,0,2.8126392364502,2.8126392364502,0,2.18486571311951,0.355243444442749,3.93818187713623,4.62545442581177,5,5,0.789855062961578,0.967391312122345,1,1,50,1.03999996185303,1.03999996185303
09,2020-09-08,52050040,1,En revisión,SANDONA [52050040],Pluviométrica,Convencional,Activa,Nariño,Sandoná,1.3223,-77.4792,20,9/15/1963,,Cudayari,Pacifico,Patía,Río Guáitara,2020,08,Andes,En revisión,1,1,0,6.08162260055542,6.08162260055542,0,3.61025905609131,0.897976398468018,3.93818187713623,4.62545442581177,5,5,0.789855062961578,0.967391312122345,1,1,50,1.03999996185303,1.03999996185303
09,2022-09-05,52050040,,"",SANDONA [52050040],Pluviométrica,Convencional,Activa,Nariño,Sandoná,1.3223,-77.4792,20,9/15/1963,,Cudayari,Pacifico,Patía,Río Guáitara,2022,05,Andes,Preliminar,0,0,0,1.04648268222809,1.04648268222809,0,0.469543755054474,0.931854605674744,3.93818187713623,4.62545442581177,5,5,0.789855062961578,0.967391312122345,1,1,49,1.03999996185303,0
09,2022-09-04,52050040,,"",SANDONA [52050040],Pluviométrica,Convencional,Activa,Nariño,Sandoná,1.3223,-77.4792,20,9/15/1963,,Cudayari,Pacifico,Patía,Río Guáitara,2022,04,Andes,Preliminar,0,0,0,1.17989218235016,1.17989218235016,0,0.352785259485245,0.0126096718013287,3.93818187713623,4.62545442581177,5,5,0.789855062961578,0.967391312122345,1,1,49,1.03999996185303,0
09,2022-09-03,52050040,,"",SANDONA [52050040],Pluviométrica,Convencional,Activa,Nariño,Sandoná,1.3223,-77.4792,20,9/15/1963,,Cudayari,Pacifico,Patía,Río Guáitara,2022,03,Andes,Preliminar,0,0,0,0.946071267127991,0.946071267127991,0,0.140170902013779,0.239583745598793,3.93818187713623,4.62545442581177,5,5,0.789855062961578,0.967391312122345,1,1,49,1.03999996185303,0
09,2023-09-01,52050040,,"",SANDONA [52050040],Pluviométrica,Convencional,Activa,Nariño,Sandoná,1.3223,-77.4792,20,9/15/1963,,Cudayari,Pacifico,Patía,Río Guáitara,2023,01,Andes,Preliminar,0,0,0,2.60240125656128,2.60240125656128,0,1.96103739738464,0,3.93818187713623,4.62545442581177,5,5,0.789855062961578,0.967391312122345,1,1,49,1.03999996185303,0
09,2013-09-06,52050040,,"",SANDONA [52050040],Pluviométrica,Convencional,Activa,Nariño,Sandoná,1.3223,-77.4792,20,9/15/1963,,Cudayari,Pacifico,Patía,Río Guáitara,2013,06,Andes,Preliminar,0,0,0,0.826691746711731,0.826691746711731,0,0.288611859083176,0.866171896457672,3.93818187713623,4.62545442581177,5,5,0.789855062961578,0.967391312122345,1,1,50,1.03999996185303,0
09,2015-09-07,52050040,,"",SANDONA [52050040],Pluviométrica,Convencional,Activa,Nariño,Sandoná,1.3223,-77.4792,20,9/15/1963,,Cudayari,Pacifico,Patía,Río Guáitara,2015,07,Andes,Preliminar,0,0,0,0.96799898147583,0.96799898147583,0,0.0855098813772202,0,3.93818187713623,4.62545442581177,5,5,0.789855062961578,0.967391312122345,1,1,50,1.03999996185303,0
09,2003-09-12,52050040,,"",SANDONA [52050040],Pluviométrica,Convencional,Activa,Nariño,Sandoná,1.3223,-77.4792,20,9/15/1963,,Cudayari,Pacifico,Patía,Río Guáitara,2003,12,Andes,Preliminar,0,0,0,2.53789854049683,2.53789854049683,0,1.09259629249573,0,3.93818187713623,4.62545442581177,5,5,0.789855062961578,0.967391312122345,1,1,51,1.03999996185303,0
09,2001-09-12,52050040,16,Definitivo,SANDONA [52050040],Pluviométrica,Convencional,Activa,Nariño,Sandoná,1.3223,-77.4792,20,9/15/1963,,Cudayari,Pacifico,Patía,Río Guáitara,2001,12,Andes,Definitivo,16,16,0,11.6943025588989,11.6943025588989,0,14.0006675720215,1.86577582359314,3.93818187713623,4.62545442581177,5,5,0.789855062961578,0.967391312122345,1,1,51,1.03999996185303,16.6399993896484
09,2001-09-09,52050040,10,Definitivo,SANDONA [52050040],Pluviométrica,Convencional,Activa,Nariño,Sandoná,1.3223,-77.4792,20,9/15/1963,,Cudayari,Pacifico,Patía,Río Guáitara,2001,09,Andes,Definitivo,10,10,0,6.7414755821228,6.7414755821228,7.74476718902588,5.92707681655884,11.1652297973633,3.93818187713623,4.62545442581177,5,5,0.789855062961578,0.967391312122345,1,1,50,1.03999996185303,10.3999996185303
09,2003-09-07,52050040,,"",SANDONA [52050040],Pluviométrica,Convencional,Activa,Nariño,Sandoná,1.3223,-77.4792,20,9/15/1963,,Cudayari,Pacifico,Patía,Río Guáitara,2003,07,Andes,Preliminar,0,0,0,4.53047704696655,4.53047704696655,8.74776554107666,0.808308780193329,5.84176778793335,3.93818187713623,4.62545442581177,5,5,0.789855062961578,0.967391312122345,1,1,50,1.03999996185303,0
09,2001-09-07,52050040,,"",SANDONA [52050040],Pluviométrica,Convencional,Activa,Nariño,Sandoná,1.3223,-77.4792,20,9/15/1963,,Cudayari,Pacifico,Patía,Río Guáitara,2001,07,Andes,Preliminar,0,0,0,1.39407074451447,1.39407074451447,0,2.1785831451416,0,3.93818187713623,4.62545442581177,5,5,0.789855062961578,0.967391312122345,1,1,50,1.03999996185303,0
09,2001-09-05,52050040,11,Definitivo,SANDONA [52050040],Pluviométrica,Convencional,Activa,Nariño,Sandoná,1.3223,-77.4792,20,9/15/1963,,Cudayari,Pacifico,Patía,Río Guáitara,2001,05,Andes,Definitivo,11,11,0,0,0,0,0.429268211126328,0.73024195432663,3.93818187713623,4.62545442581177,5,5,0.789855062961578,0.967391312122345,1,1,49,1.03999996185303,11.4399995803833
09,2003-09-02,52050040,,"",SANDONA [52050040],Pluviométrica,Convencional,Activa,Nariño,Sandoná,1.3223,-77.4792,20,9/15/1963,,Cudayari,Pacifico,Patía,Río Guáitara,2003,02,Andes,Preliminar,0,0,0,0,0,0,0.0802520737051964,0,3.93818187713623,4.62545442581177,5,5,0.789855062961578,0.967391312122345,1,1,49,1.03999996185303,0
09,2002-09-05,52050040,,"",SANDONA [52050040],Pluviométrica,Convencional,Activa,Nariño,Sandoná,1.3223,-77.4792,20,9/15/1963,,Cudayari,Pacifico,Patía,Río Guáitara,2002,05,Andes,Preliminar,0,0,0,0.558007180690765,0.558007180690765,0,0.452336341142654,0.370097547769547,3.93818187713623,4.62545442581177,5,5,0.789855062961578,0.967391312122345,1,1,49,1.03999996185303,0
09,2006-09-06,52050040,,"",SANDONA [52050040],Pluviométrica,Convencional,Activa,Nariño,Sandoná,1.3223,-77.4792,20,9/15/1963,,Cudayari,Pacifico,Patía,Río Guáitara,2006,06,Andes,Preliminar,0,0,0,0,0,0,0.1425561606884,0.0882924795150757,3.93818187713623,4.62545442581177,5,5,0.789855062961578,0.967391312122345,1,1,50,1.03999996185303,0
09,2009-09-04,52050040,,"",SANDONA [52050040],Pluviométrica,Convencional,Activa,Nariño,Sandoná,1.3223,-77.4792,20,9/15/1963,,Cudayari,Pacifico,Patía,Río Guáitara,2009,04,Andes,Preliminar,0,0,0,1.95073056221008,1.95073056221008,0,0.418960273265839,3.58135032653809,3.93818187713623,4.62545442581177,5,5,0.789855062961578,0.967391312122345,1,1,49,1.03999996185303,0
09,2009-09-05,52050040,,"",SANDONA [52050040],Pluviométrica,Convencional,Activa,Nariño,Sandoná,1.3223,-77.4792,20,9/15/1963,,Cudayari,Pacifico,Patía,Río Guáitara,2009,05,Andes,Preliminar,0,0,0,0,0,0,0.161173611879349,0,3.93818187713623,4.62545442581177,5,5,0.789855062961578,0.967391312122345,1,1,49,1.03999996185303,0
09,2021-09-17,52050040,,"",SANDONA [52050040],Pluviométrica,Convencional,Activa,Nariño,Sandoná,1.3223,-77.4792,20,9/15/1963,,Cudayari,Pacifico,Patía,Río Guáitara,2021,17,Andes,Preliminar,0,0,0,0.543746948242188,0.543746948242188,0,0,0,3.93818187713623,4.62545442581177,5,5,0.789855062961578,0.967391312122345,1,1,52,1.03999996185303,0
09,2022-09-15,52050040,,"",SANDONA [52050040],Pluviométrica,Convencional,Activa,Nariño,Sandoná,1.3223,-77.4792,20,9/15/1963,,Cudayari,Pacifico,Patía,Río Guáitara,2022,15,Andes,Preliminar,0,0,0,1.4008823633194,1.4008823633194,22.8495712280273,3.45752668380737,0.924353420734406,3.93818187713623,4.62545442581177,5,5,0.789855062961578,0.967391312122345,1,1,51,1.03999996185303,0
09,2015-09-08,52050040,,"",SANDONA [52050040],Pluviométrica,Convencional,Activa,Nariño,Sandoná,1.3223,-77.4792,20,9/15/1963,,Cudayari,Pacifico,Patía,Río Guáitara,2015,08,Andes,Preliminar,0,0,0,0.400479674339294,0.400479674339294,0,0.211758866906166,0.160379692912102,3.93818187713623,4.62545442581177,5,5,0.789855062961578,0.967391312122345,1,1,50,1.03999996185303,0
09,2013-09-14,52050040,,"",SANDONA [52050040],Pluviométrica,Convencional,Activa,Nariño,Sandoná,1.3223,-77.4792,20,9/15/1963,,Cudayari,Pacifico,Patía,Río Guáitara,2013,14,Andes,Preliminar,0,0,0,0.723466217517853,0.723466217517853,0,0.526456952095032,1.48698830604553,3.93818187713623,4.62545442581177,5,5,0.789855062961578,0.967391312122345,1,1,51,1.03999996185303,0
09,2012-09-17,52050040,,"",SANDONA [52050040],Pluviométrica,Convencional,Activa,Nariño,Sandoná,1.3223,-77.4792,20,9/15/1963,,Cudayari,Pacifico,Patía,Río Guáitara,2012,17,Andes,Preliminar,0,0,0,0.861349582672119,0.861349582672119,0,0,0,3.93818187713623,4.62545442581177,5,5,0.789855062961578,0.967391312122345,1,1,52,1.03999996185303,0
09,2012-09-18,52050040,,"",SANDONA [52050040],Pluviométrica,Convencional,Activa,Nariño,Sandoná,1.3223,-77.4792,20,9/15/1963,,Cudayari,Pacifico,Patía,Río Guáitara,2012,18,Andes,Preliminar,0,0,0,2.92067003250122,2.92067003250122,0,0,0,3.93818187713623,4.62545442581177,5,5,0.789855062961578,0.967391312122345,1,1,52,1.03999996185303,0
09,2012-09-19,52050040,,"",SANDONA [52050040],Pluviométrica,Convencional,Activa,Nariño,Sandoná,1.3223,-77.4792,20,9/15/1963,,Cudayari,Pacifico,Patía,Río Guáitara,2012,19,Andes,Preliminar,0,0,0,0.857036471366882,0.857036471366882,0,0,0,3.93818187713623,4.62545442581177,5,5,0.789855062961578,0.967391312122345,1,1,52,1.03999996185303,0
09,2016-09-20,52050040,,"",SANDONA [52050040],Pluviométrica,Convencional,Activa,Nariño,Sandoná,1.3223,-77.4792,20,9/15/1963,,Cudayari,Pacifico,Patía,Río Guáitara,2016,20,Andes,Preliminar,0,0,0,1.0447473526001,1.0447473526001,0,0.0880082920193672,0.307127773761749,3.93818187713623,4.62545442581177,5,5,0.789855062961578,0.967391312122345,1,1,52,1.03999996185303,0
09,2015-09-24,52050040,,"",SANDONA [52050040],Pluviométrica,Convencional,Activa,Nariño,Sandoná,1.3223,-77.4792,20,9/15/1963,,Cudayari,Pacifico,Patía,Río Guáitara,2015,24,Andes,Preliminar,0,0,0,1.26372933387756,1.26372933387756,0,0.183167234063149,0.142267286777496,3.93818187713623,4.62545442581177,5,5,0.789855062961578,0.967391312122345,1,1,53,1.03999996185303,0
09,2015-09-25,52050040,,"",SANDONA [52050040],Pluviométrica,Convencional,Activa,Nariño,Sandoná,1.3223,-77.4792,20,9/15/1963,,Cudayari,Pacifico,Patía,Río Guáitara,2015,25,Andes,Preliminar,0,0,0,0.528153717517853,0.528153717517853,0,0.0453753173351288,0.0158074758946896,3.93818187713623,4.62545442581177,5,5,0.789855062961578,0.967391312122345,1,1,53,1.03999996185303,0
09,2022-09-23,52050040,,"",SANDONA [52050040],Pluviométrica,Convencional,Activa,Nariño,Sandoná,1.3223,-77.4792,20,9/15/1963,,Cudayari,Pacifico,Patía,Río Guáitara,2022,23,Andes,Preliminar,0,0,0,3.51671624183655,3.51671624183655,0,1.95383596420288,0,3.93818187713623,4.62545442581177,5,5,0.789855062961578,0.967391312122345,1,1,53,1.03999996185303,0
09,2018-09-25,52050040,,"",SANDONA [52050040],Pluviométrica,Convencional,Activa,Nariño,Sandoná,1.3223,-77.4792,20,9/15/1963,,Cudayari,Pacifico,Patía,Río Guáitara,2018,25,Andes,Preliminar,0,0,0,0.999003410339355,0.999003410339355,0,0.326667577028275,0.0039982246235013,3.93818187713623,4.62545442581177,5,5,0.789855062961578,0.967391312122345,1,1,53,1.03999996185303,0
09,2020-09-21,52050040,,"",SANDONA [52050040],Pluviométrica,Convencional,Activa,Nariño,Sandoná,1.3223,-77.4792,20,9/15/1963,,Cudayari,Pacifico,Patía,Río Guáitara,2020,21,Andes,Preliminar,0,0,0,1.18486177921295,1.18486177921295,0,0.266232162714005,0,3.93818187713623,4.62545442581177,5,5,0.789855062961578,0.967391312122345,1,1,53,1.03999996185303,0
09,2007-09-05,52050040,,"",SANDONA [52050040],Pluviométrica,Convencional,Activa,Nariño,Sandoná,1.3223,-77.4792,20,9/15/1963,,Cudayari,Pacifico,Patía,Río Guáitara,2007,05,Andes,Preliminar,0,0,0,2.71716213226318,2.71716213226318,0,0.285544633865356,0,3.93818187713623,4.62545442581177,5,5,0.789855062961578,0.967391312122345,1,1,49,1.03999996185303,0
09,2008-09-08,52050040,2,Definitivo,SANDONA [52050040],Pluviométrica,Convencional,Activa,Nariño,Sandoná,1.3223,-77.4792,20,9/15/1963,,Cudayari,Pacifico,Patía,Río Guáitara,2008,08,Andes,Definitivo,2,2,0,1.37349939346313,1.37349939346313,5.98997306823731,1.07601881027222,0.659041225910187,3.93818187713623,4.62545442581177,5,5,0.789855062961578,0.967391312122345,1,1,50,1.03999996185303,2.07999992370605
09,2018-09-19,52050040,,"",SANDONA [52050040],Pluviométrica,Convencional,Activa,Nariño,Sandoná,1.3223,-77.4792,20,9/15/1963,,Cudayari,Pacifico,Patía,Río Guáitara,2018,19,Andes,Preliminar,0,0,0,0.408907532691956,0.408907532691956,0,0.303193986415863,0,3.93818187713623,4.62545442581177,5,5,0.789855062961578,0.967391312122345,1,1,52,1.03999996185303,0
09,2018-09-16,52050040,1,Definitivo,SANDONA [52050040],Pluviométrica,Convencional,Activa,Nariño,Sandoná,1.3223,-77.4792,20,9/15/1963,,Cudayari,Pacifico,Patía,Río Guáitara,2018,16,Andes,Definitivo,1,1,0,6.95165729522705,6.95165729522705,16.3473205566406,3.58324456214905,4.82579851150513,3.93818187713623,4.62545442581177,5,5,0.789855062961578,0.967391312122345,1,1,52,1.03999996185303,1.03999996185303
09,2020-09-14,52050040,,"",SANDONA [52050040],Pluviométrica,Convencional,Activa,Nariño,Sandoná,1.3223,-77.4792,20,9/15/1963,,Cudayari,Pacifico,Patía,Río Guáitara,2020,14,Andes,Preliminar,0,0,0,1.46828734874725,1.46828734874725,0,0.198281615972519,0.583206057548523,3.93818187713623,4.62545442581177,5,5,0.789855062961578,0.967391312122345,1,1,51,1.03999996185303,0
09,2017-09-16,52050040,,"",SANDONA [52050040],Pluviométrica,Convencional,Activa,Nariño,Sandoná,1.3223,-77.4792,20,9/15/1963,,Cudayari,Pacifico,Patía,Río Guáitara,2017,16,Andes,Preliminar,0,0,0,2.51980829238892,2.51980829238892,0,0.102173425257206,0,3.93818187713623,4.62545442581177,5,5,0.789855062961578,0.967391312122345,1,1,52,1.03999996185303,0
09,2017-09-15,52050040,,"",SANDONA [52050040],Pluviométrica,Convencional,Activa,Nariño,Sandoná,1.3223,-77.4792,20,9/15/1963,,Cudayari,Pacifico,Patía,Río Guáitara,2017,15,Andes,Preliminar,0,0,0,6.12438297271729,6.12438297271729,0,0.33703801035881,1.02319729328156,3.93818187713623,4.62545442581177,5,5,0.789855062961578,0.967391312122345,1,1,51,1.03999996185303,0
09,2019-09-12,52050040,,"",SANDONA [52050040],Pluviométrica,Convencional,Activa,Nariño,Sandoná,1.3223,-77.4792,20,9/15/1963,,Cudayari,Pacifico,Patía,Río Guáitara,2019,12,Andes,Preliminar,0,0,0,1.14304482936859,1.14304482936859,0,1.17767190933228,0,3.93818187713623,4.62545442581177,5,5,0.789855062961578,0.967391312122345,1,1,51,1.03999996185303,0
09,2019-09-11,52050040,,"",SANDONA [52050040],Pluviométrica,Convencional,Activa,Nariño,Sandoná,1.3223,-77.4792,20,9/15/1963,,Cudayari,Pacifico,Patía,Río Guáitara,2019,11,Andes,Preliminar,0,0,0,1.05312156677246,1.05312156677246,0,2.33661150932312,0,3.93818187713623,4.62545442581177,5,5,0.789855062961578,0.967391312122345,1,1,51,1.03999996185303,0
09,2019-09-10,52050040,,"",SANDONA [52050040],Pluviométrica,Convencional,Activa,Nariño,Sandoná,1.3223,-77.4792,20,9/15/1963,,Cudayari,Pacifico,Patía,Río Guáitara,2019,10,Andes,Preliminar,0,0,0,1.22588789463043,1.22588789463043,0,0.618607223033905,0,3.93818187713623,4.62545442581177,5,5,0.789855062961578,0.967391312122345,1,1,50,1.03999996185303,0
09,2021-09-06,52050040,3,En revisión,SANDONA [52050040],Pluviométrica,Convencional,Activa,Nariño,Sandoná,1.3223,-77.4792,20,9/15/1963,,Cudayari,Pacifico,Patía,Río Guáitara,2021,06,Andes,En revisión,3,3,0,2.2695791721344,2.2695791721344,48.6904792785645,3.47877168655396,13.4244699478149,3.93818187713623,4.62545442581177,5,5,0.789855062961578,0.967391312122345,1,1,50,1.03999996185303,3.11999988555908
09,2021-09-05,52050040,9,En revisión,SANDONA [52050040],Pluviométrica,Convencional,Activa,Nariño,Sandoná,1.3223,-77.4792,20,9/15/1963,,Cudayari,Pacifico,Patía,Río Guáitara,2021,05,Andes,En revisión,9,9,0,2.87031745910645,2.87031745910645,0,4.58581495285034,1.78404557704926,3.93818187713623,4.62545442581177,5,5,0.789855062961578,0.967391312122345,1,1,49,1.03999996185303,9.35999965667725
09,2020-09-02,52050040,,"",SANDONA [52050040],Pluviométrica,Convencional,Activa,Nariño,Sandoná,1.3223,-77.4792,20,9/15/1963,,Cudayari,Pacifico,Patía,Río Guáitara,2020,02,Andes,Preliminar,0,0,0,1.93179595470428,1.93179595470428,0,0.699946224689484,0,3.93818187713623,4.62545442581177,5,5,0.789855062961578,0.967391312122345,1,1,49,1.03999996185303,0
09,2022-09-20,52050040,,"",SANDONA [52050040],Pluviométrica,Convencional,Activa,Nariño,Sandoná,1.3223,-77.4792,20,9/15/1963,,Cudayari,Pacifico,Patía,Río Guáitara,2022,20,Andes,Preliminar,0,0,0,9.27721500396729,9.27721500396729,7.28017473220825,3.12867546081543,3.8887836933136,3.93818187713623,4.62545442581177,5,5,0.789855062961578,0.967391312122345,1,1,52,1.03999996185303,0
09,2022-09-18,52050040,4,En revisión,SANDONA [52050040],Pluviométrica,Convencional,Activa,Nariño,Sandoná,1.3223,-77.4792,20,9/15/1963,,Cudayari,Pacifico,Patía,Río Guáitara,2022,18,Andes,En revisión,4,4,0,7.78479719161987,7.78479719161987,0,3.45056390762329,1.00485992431641,3.93818187713623,4.62545442581177,5,5,0.789855062961578,0.967391312122345,1,1,52,1.03999996185303,4.15999984741211
09,2011-09-07,52050040,,"",SANDONA [52050040],Pluviométrica,Convencional,Activa,Nariño,Sandoná,1.3223,-77.4792,20,9/15/1963,,Cudayari,Pacifico,Patía,Río Guáitara,2011,07,Andes,Preliminar,0,0,0,1.94668424129486,1.94668424129486,9.03053092956543,4.33038091659546,14.0805015563965,3.93818187713623,4.62545442581177,5,5,0.789855062961578,0.967391312122345,1,1,50,1.03999996185303,0
09,2013-09-07,52050040,,"",SANDONA [52050040],Pluviométrica,Convencional,Activa,Nariño,Sandoná,1.3223,-77.4792,20,9/15/1963,,Cudayari,Pacifico,Patía,Río Guáitara,2013,07,Andes,Preliminar,0,0,0,1.23742163181305,1.23742163181305,0,0.688097536563873,0,3.93818187713623,4.62545442581177,5,5,0.789855062961578,0.967391312122345,1,1,50,1.03999996185303,0
09,2014-09-11,52050040,6,Definitivo,SANDONA [52050040],Pluviométrica,Convencional,Activa,Nariño,Sandoná,1.3223,-77.4792,20,9/15/1963,,Cudayari,Pacifico,Patía,Río Guáitara,2014,11,Andes,Definitivo,6,6,0,0.513901889324188,0.513901889324188,0,0.647029459476471,0.199639350175858,3.93818187713623,4.62545442581177,5,5,0.789855062961578,0.967391312122345,1,1,51,1.03999996185303,6.23999977111816
09,2014-09-12,52050040,,"",SANDONA [52050040],Pluviométrica,Convencional,Activa,Nariño,Sandoná,1.3223,-77.4792,20,9/15/1963,,Cudayari,Pacifico,Patía,Río Guáitara,2014,12,Andes,Preliminar,0,0,0,2.62555932998657,2.62555932998657,0,0.41203910112381,0.982118427753448,3.93818187713623,4.62545442581177,5,5,0.789855062961578,0.967391312122345,1,1,51,1.03999996185303,0
09,2013-09-15,52050040,,"",SANDONA [52050040],Pluviométrica,Convencional,Activa,Nariño,Sandoná,1.3223,-77.4792,20,9/15/1963,,Cudayari,Pacifico,Patía,Río Guáitara,2013,15,Andes,Preliminar,0,0,0,1.07981061935425,1.07981061935425,0,0.403534442186356,1.73417592048645,3.93818187713623,4.62545442581177,5,5,0.789855062961578,0.967391312122345,1,1,51,1.03999996185303,0
09,2001-09-06,52050040,,"",SANDONA [52050040],Pluviométrica,Convencional,Activa,Nariño,Sandoná,1.3223,-77.4792,20,9/15/1963,,Cudayari,Pacifico,Patía,Río Guáitara,2001,06,Andes,Preliminar,0,0,0,0,0,7.74476718902588,1.90814852714539,7.47429275512695,3.93818187713623,4.62545442581177,5,5,0.789855062961578,0.967391312122345,1,1,50,1.03999996185303,0
09,2003-09-04,52050040,,"",SANDONA [52050040],Pluviométrica,Convencional,Activa,Nariño,Sandoná,1.3223,-77.4792,20,9/15/1963,,Cudayari,Pacifico,Patía,Río Guáitara,2003,04,Andes,Preliminar,0,0,0,0.167453750967979,0.167453750967979,0,0.142392545938492,0.116907805204391,3.93818187713623,4.62545442581177,5,5,0.789855062961578,0.967391312122345,1,1,49,1.03999996185303,0
09,2001-09-04,52050040,,"",SANDONA [52050040],Pluviométrica,Convencional,Activa,Nariño,Sandoná,1.3223,-77.4792,20,9/15/1963,,Cudayari,Pacifico,Patía,Río Guáitara,2001,04,Andes,Preliminar,0,0,0,0.211652919650078,0.211652919650078,0,0.640412151813507,0.0464464835822582,3.93818187713623,4.62545442581177,5,5,0.789855062961578,0.967391312122345,1,1,49,1.03999996185303,0
09,2001-09-02,52050040,,"",SANDONA [52050040],Pluviométrica,Convencional,Activa,Nariño,Sandoná,1.3223,-77.4792,20,9/15/1963,,Cudayari,Pacifico,Patía,Río Guáitara,2001,02,Andes,Preliminar,0,0,0,1.93511247634888,1.93511247634888,0,0.292811304330826,2.15202045440674,3.93818187713623,4.62545442581177,5,5,0.789855062961578,0.967391312122345,1,1,49,1.03999996185303,0
09,2002-09-06,52050040,,"",SANDONA [52050040],Pluviométrica,Convencional,Activa,Nariño,Sandoná,1.3223,-77.4792,20,9/15/1963,,Cudayari,Pacifico,Patía,Río Guáitara,2002,06,Andes,Preliminar,0,0,0,1.02025973796844,1.02025973796844,0,0.0366175137460232,0,3.93818187713623,4.62545442581177,5,5,0.789855062961578,0.967391312122345,1,1,50,1.03999996185303,0
09,2007-09-04,52050040,,"",SANDONA [52050040],Pluviométrica,Convencional,Activa,Nariño,Sandoná,1.3223,-77.4792,20,9/15/1963,,Cudayari,Pacifico,Patía,Río Guáitara,2007,04,Andes,Preliminar,0,0,0,3.12473678588867,3.12473678588867,0,0.203597381711006,0,3.93818187713623,4.62545442581177,5,5,0.789855062961578,0.967391312122345,1,1,49,1.03999996185303,0
09,2006-09-01,52050040,,"",SANDONA [52050040],Pluviométrica,Convencional,Activa,Nariño,Sandoná,1.3223,-77.4792,20,9/15/1963,,Cudayari,Pacifico,Patía,Río Guáitara,2006,01,Andes,Preliminar,0,0,0,1.23542511463165,1.23542511463165,0,1.87973630428314,0.233151748776436,3.93818187713623,4.62545442581177,5,5,0.789855062961578,0.967391312122345,1,1,49,1.03999996185303,0
09,2005-09-04,52050040,,"",SANDONA [52050040],Pluviométrica,Convencional,Activa,Nariño,Sandoná,1.3223,-77.4792,20,9/15/1963,,Cudayari,Pacifico,Patía,Río Guáitara,2005,04,Andes,Preliminar,0,0,0,0,0,0,1.55425250530243,0.141165897250175,3.93818187713623,4.62545442581177,5,5,0.789855062961578,0.967391312122345,1,1,49,1.03999996185303,0
09,2020-09-18,52050040,1,En revisión,SANDONA [52050040],Pluviométrica,Convencional,Activa,Nariño,Sandoná,1.3223,-77.4792,20,9/15/1963,,Cudayari,Pacifico,Patía,Río Guáitara,2020,18,Andes,En revisión,1,1,0,3.1403124332428,3.1403124332428,2.45016098022461,4.2077956199646,7.7376971244812,3.93818187713623,4.62545442581177,5,5,0.789855062961578,0.967391312122345,1,1,52,1.03999996185303,1.03999996185303
09,2020-09-17,52050040,,"",SANDONA [52050040],Pluviométrica,Convencional,Activa,Nariño,Sandoná,1.3223,-77.4792,20,9/15/1963,,Cudayari,Pacifico,Patía,Río Guáitara,2020,17,Andes,Preliminar,5,5,0,3.80981040000916,3.80981040000916,2.97252225875855,3.85740947723389,2.36520648002625,3.93818187713623,4.62545442581177,5,5,0.789855062961578,0.967391312122345,1,1,52,1.03999996185303,5.19999980926514
09,2019-09-17,52050040,1,Definitivo,SANDONA [52050040],Pluviométrica,Convencional,Activa,Nariño,Sandoná,1.3223,-77.4792,20,9/15/1963,,Cudayari,Pacifico,Patía,Río Guáitara,2019,17,Andes,Definitivo,1,1,0,1.75600695610046,1.75600695610046,0,3.49722003936768,0.85907369852066,3.93818187713623,4.62545442581177,5,5,0.789855062961578,0.967391312122345,1,1,52,1.03999996185303,1.03999996185303
09,2019-09-16,52050040,,"",SANDONA [52050040],Pluviométrica,Convencional,Activa,Nariño,Sandoná,1.3223,-77.4792,20,9/15/1963,,Cudayari,Pacifico,Patía,Río Guáitara,2019,16,Andes,Preliminar,0,0,0,2.27292132377625,2.27292132377625,0,1.20891559123993,0.0430883318185806,3.93818187713623,4.62545442581177,5,5,0.789855062961578,0.967391312122345,1,1,52,1.03999996185303,0
09,2019-09-15,52050040,,"",SANDONA [52050040],Pluviométrica,Convencional,Activa,Nariño,Sandoná,1.3223,-77.4792,20,9/15/1963,,Cudayari,Pacifico,Patía,Río Guáitara,2019,15,Andes,Preliminar,0,0,0,1.64700222015381,1.64700222015381,0,0.375764101743698,0.430273354053497,3.93818187713623,4.62545442581177,5,5,0.789855062961578,0.967391312122345,1,1,51,1.03999996185303,0
09,2013-09-16,52050040,,"",SANDONA [52050040],Pluviométrica,Convencional,Activa,Nariño,Sandoná,1.3223,-77.4792,20,9/15/1963,,Cudayari,Pacifico,Patía,Río Guáitara,2013,16,Andes,Preliminar,0,0,0,1.6662210226059,1.6662210226059,0,0.388890624046326,0.471929222345352,3.93818187713623,4.62545442581177,5,5,0.789855062961578,0.967391312122345,1,1,52,1.03999996185303,0
09,2014-09-20,52050040,12,Definitivo,SANDONA [52050040],Pluviométrica,Convencional,Activa,Nariño,Sandoná,1.3223,-77.4792,20,9/15/1963,,Cudayari,Pacifico,Patía,Río Guáitara,2014,20,Andes,Definitivo,12,12,0,9.67673683166504,9.67673683166504,42.3840217590332,12.4888639450073,33.6609306335449,3.93818187713623,4.62545442581177,5,5,0.789855062961578,0.967391312122345,1,1,52,1.03999996185303,12.4799995422363
09,2014-09-21,52050040,0,Definitivo,SANDONA [52050040],Pluviométrica,Convencional,Activa,Nariño,Sandoná,1.3223,-77.4792,20,9/15/1963,,Cudayari,Pacifico,Patía,Río Guáitara,2014,21,Andes,Definitivo,0,0,0,2.78441190719605,2.78441190719605,10.7091360092163,3.9004921913147,5.21319627761841,3.93818187713623,4.62545442581177,5,5,0.789855062961578,0.967391312122345,1,1,53,1.03999996185303,0
09,2016-09-21,52050040,,"",SANDONA [52050040],Pluviométrica,Convencional,Activa,Nariño,Sandoná,1.3223,-77.4792,20,9/15/1963,,Cudayari,Pacifico,Patía,Río Guáitara,2016,21,Andes,Preliminar,0,0,0,0.958217859268188,0.958217859268188,0,0.678886353969574,0.263963133096695,3.93818187713623,4.62545442581177,5,5,0.789855062961578,0.967391312122345,1,1,53,1.03999996185303,0
09,2020-09-22,52050040,,"",SANDONA [52050040],Pluviométrica,Convencional,Activa,Nariño,Sandoná,1.3223,-77.4792,20,9/15/1963,,Cudayari,Pacifico,Patía,Río Guáitara,2020,22,Andes,Preliminar,0,0,0,0.735791623592377,0.735791623592377,0,0.221032947301865,0,3.93818187713623,4.62545442581177,5,5,0.789855062961578,0.967391312122345,1,1,53,1.03999996185303,0
09,2020-09-23,52050040,2,En revisión,SANDONA [52050040],Pluviométrica,Convencional,Activa,Nariño,Sandoná,1.3223,-77.4792,20,9/15/1963,,Cudayari,Pacifico,Patía,Río Guáitara,2020,23,Andes,En revisión,2,2,0,1.11082947254181,1.11082947254181,5.05185127258301,2.10227012634277,0.213519841432571,3.93818187713623,4.62545442581177,5,5,0.789855062961578,0.967391312122345,1,1,53,1.03999996185303,2.07999992370605
09,2018-09-23,52050040,,"",SANDONA [52050040],Pluviométrica,Convencional,Activa,Nariño,Sandoná,1.3223,-77.4792,20,9/15/1963,,Cudayari,Pacifico,Patía,Río Guáitara,2018,23,Andes,Preliminar,0,0,0,1.10308563709259,1.10308563709259,0,0.0878676995635033,0,3.93818187713623,4.62545442581177,5,5,0.789855062961578,0.967391312122345,1,1,53,1.03999996185303,0
09,2018-09-24,52050040,,"",SANDONA [52050040],Pluviométrica,Convencional,Activa,Nariño,Sandoná,1.3223,-77.4792,20,9/15/1963,,Cudayari,Pacifico,Patía,Río Guáitara,2018,24,Andes,Preliminar,0,0,0,0.662486374378204,0.662486374378204,0,0.0260501224547625,0,3.93818187713623,4.62545442581177,5,5,0.789855062961578,0.967391312122345,1,1,53,1.03999996185303,0
09,2007-09-06,52050040,,"",SANDONA [52050040],Pluviométrica,Convencional,Activa,Nariño,Sandoná,1.3223,-77.4792,20,9/15/1963,,Cudayari,Pacifico,Patía,Río Guáitara,2007,06,Andes,Preliminar,0,0,0,1.50878775119782,1.50878775119782,0,0.232217088341713,0.905960917472839,3.93818187713623,4.62545442581177,5,5,0.789855062961578,0.967391312122345,1,1,50,1.03999996185303,0
09,2012-09-03,52050040,,"",SANDONA [52050040],Pluviométrica,Convencional,Activa,Nariño,Sandoná,1.3223,-77.4792,20,9/15/1963,,Cudayari,Pacifico,Patía,Río Guáitara,2012,03,Andes,Preliminar,0,0,0,1.23495805263519,1.23495805263519,0,0.233277320861816,0.759906589984894,3.93818187713623,4.62545442581177,5,5,0.789855062961578,0.967391312122345,1,1,49,1.03999996185303,0
09,2012-09-04,52050040,,"",SANDONA [52050040],Pluviométrica,Convencional,Activa,Nariño,Sandoná,1.3223,-77.4792,20,9/15/1963,,Cudayari,Pacifico,Patía,Río Guáitara,2012,04,Andes,Preliminar,0,0,0,1.07945036888123,1.07945036888123,0,0.154645994305611,0,3.93818187713623,4.62545442581177,5,5,0.789855062961578,0.967391312122345,1,1,49,1.03999996185303,0
09,2013-09-08,52050040,,"",SANDONA [52050040],Pluviométrica,Convencional,Activa,Nariño,Sandoná,1.3223,-77.4792,20,9/15/1963,,Cudayari,Pacifico,Patía,Río Guáitara,2013,08,Andes,Preliminar,0,0,0,1.11212015151978,1.11212015151978,0,0.759319007396698,0.0866171941161156,3.93818187713623,4.62545442581177,5,5,0.789855062961578,0.967391312122345,1,1,50,1.03999996185303,0
09,2015-09-09,52050040,,"",SANDONA [52050040],Pluviométrica,Convencional,Activa,Nariño,Sandoná,1.3223,-77.4792,20,9/15/1963,,Cudayari,Pacifico,Patía,Río Guáitara,2015,09,Andes,Preliminar,0,0,0,1.24808073043823,1.24808073043823,0,0.17080944776535,0.188271805644035,3.93818187713623,4.62545442581177,5,5,0.789855062961578,0.967391312122345,1,1,50,1.03999996185303,0
09,2016-09-16,52050040,,"",SANDONA [52050040],Pluviométrica,Convencional,Activa,Nariño,Sandoná,1.3223,-77.4792,20,9/15/1963,,Cudayari,Pacifico,Patía,Río Guáitara,2016,16,Andes,Preliminar,0,0,0,1.41241800785065,1.41241800785065,0,0.0739108845591545,0.0035712537355721,3.93818187713623,4.62545442581177,5,5,0.789855062961578,0.967391312122345,1,1,52,1.03999996185303,0
09,2018-09-13,52050040,5,Definitivo,SANDONA [52050040],Pluviométrica,Convencional,Activa,Nariño,Sandoná,1.3223,-77.4792,20,9/15/1963,,Cudayari,Pacifico,Patía,Río Guáitara,2018,13,Andes,Definitivo,5,5,0,1.33996999263763,1.33996999263763,0,2.8590259552002,7.35300207138062,3.93818187713623,4.62545442581177,5,5,0.789855062961578,0.967391312122345,1,1,51,1.03999996185303,5.19999980926514
09,2018-09-12,52050040,,"",SANDONA [52050040],Pluviométrica,Convencional,Activa,Nariño,Sandoná,1.3223,-77.4792,20,9/15/1963,,Cudayari,Pacifico,Patía,Río Guáitara,2018,12,Andes,Preliminar,0,0,0,0.785317480564117,0.785317480564117,0,2.81410026550293,0,3.93818187713623,4.62545442581177,5,5,0.789855062961578,0.967391312122345,1,1,51,1.03999996185303,0
09,2020-09-06,52050040,,"",SANDONA [52050040],Pluviométrica,Convencional,Activa,Nariño,Sandoná,1.3223,-77.4792,20,9/15/1963,,Cudayari,Pacifico,Patía,Río Guáitara,2020,06,Andes,Preliminar,0,0,0,1.19881808757782,1.19881808757782,0,4.21806621551514,2.77287220954895,3.93818187713623,4.62545442581177,5,5,0.789855062961578,0.967391312122345,1,1,50,1.03999996185303,0
09,2020-09-07,52050040,3,En revisión,SANDONA [52050040],Pluviométrica,Convencional,Activa,Nariño,Sandoná,1.3223,-77.4792,20,9/15/1963,,Cudayari,Pacifico,Patía,Río Guáitara,2020,07,Andes,En revisión,3,3,0,2.61440110206604,2.61440110206604,0,3.14493250846863,1.87489557266235,3.93818187713623,4.62545442581177,5,5,0.789855062961578,0.967391312122345,1,1,50,1.03999996185303,3.11999988555908
09,2022-09-02,52050040,4,En revisión,SANDONA [52050040],Pluviométrica,Convencional,Activa,Nariño,Sandoná,1.3223,-77.4792,20,9/15/1963,,Cudayari,Pacifico,Patía,Río Guáitara,2022,02,Andes,En revisión,4,4,0,1.15185022354126,1.15185022354126,0,0.36160883307457,0.132401540875435,3.93818187713623,4.62545442581177,5,5,0.789855062961578,0.967391312122345,1,1,49,1.03999996185303,4.15999984741211
09,2001-09-01,52050040,,"",SANDONA [52050040],Pluviométrica,Convencional,Activa,Nariño,Sandoná,1.3223,-77.4792,20,9/15/1963,,Cudayari,Pacifico,Patía,Río Guáitara,2001,01,Andes,Preliminar,0,0,0,0,0,0,0.844314992427826,0,3.93818187713623,4.62545442581177,5,5,0.789855062961578,0.967391312122345,1,1,49,1.03999996185303,0
09,2001-09-03,52050040,,"",SANDONA [52050040],Pluviométrica,Convencional,Activa,Nariño,Sandoná,1.3223,-77.4792,20,9/15/1963,,Cudayari,Pacifico,Patía,Río Guáitara,2001,03,Andes,Preliminar,0,0,0,2.35841846466064,2.35841846466064,0,0.739964663982391,0.0180625189095736,3.93818187713623,4.62545442581177,5,5,0.789855062961578,0.967391312122345,1,1,49,1.03999996185303,0
09,2018-09-22,52050040,,"",SANDONA [52050040],Pluviométrica,Convencional,Activa,Nariño,Sandoná,1.3223,-77.4792,20,9/15/1963,,Cudayari,Pacifico,Patía,Río Guáitara,2018,22,Andes,Preliminar,0,0,0,2.09767699241638,2.09767699241638,0,0.121125102043152,0.534873604774475,3.93818187713623,4.62545442581177,5,5,0.789855062961578,0.967391312122345,1,1,53,1.03999996185303,0
09,2022-09-17,52050040,1,En revisión,SANDONA [52050040],Pluviométrica,Convencional,Activa,Nariño,Sandoná,1.3223,-77.4792,20,9/15/1963,,Cudayari,Pacifico,Patía,Río Guáitara,2022,17,Andes,En revisión,1,1,0,9.46641540527344,9.46641540527344,0,6.41165351867676,3.04071044921875,3.93818187713623,4.62545442581177,5,5,0.789855062961578,0.967391312122345,1,1,52,1.03999996185303,1.03999996185303
09,2019-09-19,52050040,2,Definitivo,SANDONA [52050040],Pluviométrica,Convencional,Activa,Nariño,Sandoná,1.3223,-77.4792,20,9/15/1963,,Cudayari,Pacifico,Patía,Río Guáitara,2019,19,Andes,Definitivo,2,2,0,15.1832218170166,15.1832218170166,13.3632316589355,10.4545621871948,5.08038377761841,3.93818187713623,4.62545442581177,5,5,0.789855062961578,0.967391312122345,1,1,52,1.03999996185303,2.07999992370605
09,2018-09-18,52050040,,"",SANDONA [52050040],Pluviométrica,Convencional,Activa,Nariño,Sandoná,1.3223,-77.4792,20,9/15/1963,,Cudayari,Pacifico,Patía,Río Guáitara,2018,18,Andes,Preliminar,0,0,0,0.412127763032913,0.412127763032913,0,0.405507296323776,0,3.93818187713623,4.62545442581177,5,5,0.789855062961578,0.967391312122345,1,1,52,1.03999996185303,0
09,2018-09-17,52050040,,"",SANDONA [52050040],Pluviométrica,Convencional,Activa,Nariño,Sandoná,1.3223,-77.4792,20,9/15/1963,,Cudayari,Pacifico,Patía,Río Guáitara,2018,17,Andes,Preliminar,0,0,0,1.18001365661621,1.18001365661621,0,0.4165398478508,0.175559595227242,3.93818187713623,4.62545442581177,5,5,0.789855062961578,0.967391312122345,1,1,52,1.03999996185303,0
09,2015-09-10,52050040,,"",SANDONA [52050040],Pluviométrica,Convencional,Activa,Nariño,Sandoná,1.3223,-77.4792,20,9/15/1963,,Cudayari,Pacifico,Patía,Río Guáitara,2015,10,Andes,Preliminar,0,0,0,1.14951229095459,1.14951229095459,0,0.36415034532547,0.0251029096543789,3.93818187713623,4.62545442581177,5,5,0.789855062961578,0.967391312122345,1,1,50,1.03999996185303,0
09,2014-09-13,52050040,,"",SANDONA [52050040],Pluviométrica,Convencional,Activa,Nariño,Sandoná,1.3223,-77.4792,20,9/15/1963,,Cudayari,Pacifico,Patía,Río Guáitara,2014,13,Andes,Preliminar,0,0,0,0.546379804611206,0.546379804611206,0,0.337122708559036,0.0241175051778555,3.93818187713623,4.62545442581177,5,5,0.789855062961578,0.967391312122345,1,1,51,1.03999996185303,0
09,2013-09-17,52050040,0,Definitivo,SANDONA [52050040],Pluviométrica,Convencional,Activa,Nariño,Sandoná,1.3223,-77.4792,20,9/15/1963,,Cudayari,Pacifico,Patía,Río Guáitara,2013,17,Andes,Definitivo,0,0,0,2.19590926170349,2.19590926170349,0,1.49037909507751,2.29847002029419,3.93818187713623,4.62545442581177,5,5,0.789855062961578,0.967391312122345,1,1,52,1.03999996185303,0
09,2012-09-20,52050040,,"",SANDONA [52050040],Pluviométrica,Convencional,Activa,Nariño,Sandoná,1.3223,-77.4792,20,9/15/1963,,Cudayari,Pacifico,Patía,Río Guáitara,2012,20,Andes,Preliminar,0,0,0,1.77991580963135,1.77991580963135,0,0,0,3.93818187713623,4.62545442581177,5,5,0.789855062961578,0.967391312122345,1,1,52,1.03999996185303,0
09,2003-09-01,52050040,,"",SANDONA [52050040],Pluviométrica,Convencional,Activa,Nariño,Sandoná,1.3223,-77.4792,20,9/15/1963,,Cudayari,Pacifico,Patía,Río Guáitara,2003,01,Andes,Preliminar,0,0,0,0.0669815093278885,0.0669815093278885,0,0.0399663671851158,0,3.93818187713623,4.62545442581177,5,5,0.789855062961578,0.967391312122345,1,1,49,1.03999996185303,0
09,2003-09-03,52050040,,"",SANDONA [52050040],Pluviométrica,Convencional,Activa,Nariño,Sandoná,1.3223,-77.4792,20,9/15/1963,,Cudayari,Pacifico,Patía,Río Guáitara,2003,03,Andes,Preliminar,0,0,0,0.0669815093278885,0.0669815093278885,0,0.0950622707605362,0.537775814533234,3.93818187713623,4.62545442581177,5,5,0.789855062961578,0.967391312122345,1,1,49,1.03999996185303,0
09,2014-09-22,52050040,1,Definitivo,SANDONA [52050040],Pluviométrica,Convencional,Activa,Nariño,Sandoná,1.3223,-77.4792,20,9/15/1963,,Cudayari,Pacifico,Patía,Río Guáitara,2014,22,Andes,Definitivo,1,1,0,3.33832788467407,3.33832788467407,10.7091360092163,2.68232941627502,5.65967464447022,3.93818187713623,4.62545442581177,5,5,0.789855062961578,0.967391312122345,1,1,53,1.03999996185303,1.03999996185303
09,2017-09-20,52050040,,"",SANDONA [52050040],Pluviométrica,Convencional,Activa,Nariño,Sandoná,1.3223,-77.4792,20,9/15/1963,,Cudayari,Pacifico,Patía,Río Guáitara,2017,20,Andes,Preliminar,0,0,0,0.476894646883011,0.476894646883011,0,0.191748797893524,0.00938748102635145,3.93818187713623,4.62545442581177,5,5,0.789855062961578,0.967391312122345,1,1,52,1.03999996185303,0
09,2004-09-01,52050040,,"",SANDONA [52050040],Pluviométrica,Convencional,Activa,Nariño,Sandoná,1.3223,-77.4792,20,9/15/1963,,Cudayari,Pacifico,Patía,Río Guáitara,2004,01,Andes,Preliminar,0,0,0,0,0,0,0.118239909410477,0,3.93818187713623,4.62545442581177,5,5,0.789855062961578,0.967391312122345,1,1,49,1.03999996185303,0
09,2005-09-05,52050040,,"",SANDONA [52050040],Pluviométrica,Convencional,Activa,Nariño,Sandoná,1.3223,-77.4792,20,9/15/1963,,Cudayari,Pacifico,Patía,Río Guáitara,2005,05,Andes,Preliminar,0,0,0,10.2510814666748,10.2510814666748,0,1.0382354259491,0.18822118639946,3.93818187713623,4.62545442581177,5,5,0.789855062961578,0.967391312122345,1,1,49,1.03999996185303,0
09,2008-09-03,52050040,4,Definitivo,SANDONA [52050040],Pluviométrica,Convencional,Activa,Nariño,Sandoná,1.3223,-77.4792,20,9/15/1963,,Cudayari,Pacifico,Patía,Río Guáitara,2008,03,Andes,Definitivo,4,4,0,8.77793693542481,8.77793693542481,0,3.82084155082703,1.98901510238647,3.93818187713623,4.62545442581177,5,5,0.789855062961578,0.967391312122345,1,1,49,1.03999996185303,4.15999984741211
09,2010-09-04,52050040,6,Definitivo,SANDONA [52050040],Pluviométrica,Convencional,Activa,Nariño,Sandoná,1.3223,-77.4792,20,9/15/1963,,Cudayari,Pacifico,Patía,Río Guáitara,2010,04,Andes,Definitivo,6,6,0,3.67445421218872,3.67445421218872,0,5.92018222808838,6.20559358596802,3.93818187713623,4.62545442581177,5,5,0.789855062961578,0.967391312122345,1,1,49,1.03999996185303,6.23999977111816
09,2011-09-08,52050040,1,Definitivo,SANDONA [52050040],Pluviométrica,Convencional,Activa,Nariño,Sandoná,1.3223,-77.4792,20,9/15/1963,,Cudayari,Pacifico,Patía,Río Guáitara,2011,08,Andes,Definitivo,1,1,0,4.05296087265015,4.05296087265015,0,6.25328254699707,5.04021263122559,3.93818187713623,4.62545442581177,5,5,0.789855062961578,0.967391312122345,1,1,50,1.03999996185303,1.03999996185303
09,2015-09-19,52050040,1,Definitivo,SANDONA [52050040],Pluviométrica,Convencional,Activa,Nariño,Sandoná,1.3223,-77.4792,20,9/15/1963,,Cudayari,Pacifico,Patía,Río Guáitara,2015,19,Andes,Definitivo,1,1,0,3.54594683647156,3.54594683647156,0,1.03889322280884,3.97152233123779,3.93818187713623,4.62545442581177,5,5,0.789855062961578,0.967391312122345,1,1,52,1.03999996185303,1.03999996185303
09,2017-09-13,52050040,,"",SANDONA [52050040],Pluviométrica,Convencional,Activa,Nariño,Sandoná,1.3223,-77.4792,20,9/15/1963,,Cudayari,Pacifico,Patía,Río Guáitara,2017,13,Andes,Preliminar,0,0,0,5.26134967803955,5.26134967803955,0,0.517888903617859,1.64895439147949,3.93818187713623,4.62545442581177,5,5,0.789855062961578,0.967391312122345,1,1,51,1.03999996185303,0
09,2017-09-14,52050040,,"",SANDONA [52050040],Pluviométrica,Convencional,Activa,Nariño,Sandoná,1.3223,-77.4792,20,9/15/1963,,Cudayari,Pacifico,Patía,Río Guáitara,2017,14,Andes,Preliminar,0,0,0,3.31598424911499,3.31598424911499,0,0.906558990478516,0.0394621603190899,3.93818187713623,4.62545442581177,5,5,0.789855062961578,0.967391312122345,1,1,51,1.03999996185303,0
09,2019-09-09,52050040,,"",SANDONA [52050040],Pluviométrica,Convencional,Activa,Nariño,Sandoná,1.3223,-77.4792,20,9/15/1963,,Cudayari,Pacifico,Patía,Río Guáitara,2019,09,Andes,Preliminar,0,0,0,0.556995272636414,0.556995272636414,0,0.0590734146535397,0,3.93818187713623,4.62545442581177,5,5,0.789855062961578,0.967391312122345,1,1,50,1.03999996185303,0
09,2012-09-21,52050040,,"",SANDONA [52050040],Pluviométrica,Convencional,Activa,Nariño,Sandoná,1.3223,-77.4792,20,9/15/1963,,Cudayari,Pacifico,Patía,Río Guáitara,2012,21,Andes,Preliminar,0,0,0,0.979459166526794,0.979459166526794,0,0.570610880851746,0.0674017667770386,3.93818187713623,4.62545442581177,5,5,0.789855062961578,0.967391312122345,1,1,53,1.03999996185303,0
09,2019-09-20,52050040,,"",SANDONA [52050040],Pluviométrica,Convencional,Activa,Nariño,Sandoná,1.3223,-77.4792,20,9/15/1963,,Cudayari,Pacifico,Patía,Río Guáitara,2019,20,Andes,Preliminar,0,0,0,16.1972217559814,16.1972217559814,13.3632316589355,4.73244047164917,8.67018032073975,3.93818187713623,4.62545442581177,5,5,0.789855062961578,0.967391312122345,1,1,52,1.03999996185303,0
09,2020-09-01,52050040,,"",SANDONA [52050040],Pluviométrica,Convencional,Activa,Nariño,Sandoná,1.3223,-77.4792,20,9/15/1963,,Cudayari,Pacifico,Patía,Río Guáitara,2020,01,Andes,Preliminar,0,0,0,2.99487233161926,2.99487233161926,0,2.9044623374939,3.22708511352539,3.93818187713623,4.62545442581177,5,5,0.789855062961578,0.967391312122345,1,1,49,1.03999996185303,0
09,2013-09-19,52050040,,"",SANDONA [52050040],Pluviométrica,Convencional,Activa,Nariño,Sandoná,1.3223,-77.4792,20,9/15/1963,,Cudayari,Pacifico,Patía,Río Guáitara,2013,19,Andes,Preliminar,0,0,0,1.59285295009613,1.59285295009613,0,0.32560870051384,0.157309710979462,3.93818187713623,4.62545442581177,5,5,0.789855062961578,0.967391312122345,1,1,52,1.03999996185303,0
09,2019-09-21,52050040,12,Definitivo,SANDONA [52050040],Pluviométrica,Convencional,Activa,Nariño,Sandoná,1.3223,-77.4792,20,9/15/1963,,Cudayari,Pacifico,Patía,Río Guáitara,2019,21,Andes,Definitivo,12,12,0,15.6117944717407,15.6117944717407,0,3.16995120048523,6.83095359802246,3.93818187713623,4.62545442581177,5,5,0.789855062961578,0.967391312122345,1,1,53,1.03999996185303,12.4799995422363
09,2020-09-20,52050040,,"",SANDONA [52050040],Pluviométrica,Convencional,Activa,Nariño,Sandoná,1.3223,-77.4792,20,9/15/1963,,Cudayari,Pacifico,Patía,Río Guáitara,2020,20,Andes,Preliminar,0,0,0,11.0441932678223,11.0441932678223,8.61699295043945,3.14191555976868,0,3.93818187713623,4.62545442581177,5,5,0.789855062961578,0.967391312122345,1,1,52,1.03999996185303,0
09,2018-09-21,52050040,,"",SANDONA [52050040],Pluviométrica,Convencional,Activa,Nariño,Sandoná,1.3223,-77.4792,20,9/15/1963,,Cudayari,Pacifico,Patía,Río Guáitara,2018,21,Andes,Preliminar,0,0,0,0.500865519046783,0.500865519046783,0,0.0455753952264786,0.0684140622615814,3.93818187713623,4.62545442581177,5,5,0.789855062961578,0.967391312122345,1,1,53,1.03999996185303,0
09,2018-09-20,52050040,,"",SANDONA [52050040],Pluviométrica,Convencional,Activa,Nariño,Sandoná,1.3223,-77.4792,20,9/15/1963,,Cudayari,Pacifico,Patía,Río Guáitara,2018,20,Andes,Preliminar,0,0,0,0.381635069847107,0.381635069847107,0,0.292872339487076,0,3.93818187713623,4.62545442581177,5,5,0.789855062961578,0.967391312122345,1,1,52,1.03999996185303,0
09,2017-09-19,52050040,,"",SANDONA [52050040],Pluviométrica,Convencional,Activa,Nariño,Sandoná,1.3223,-77.4792,20,9/15/1963,,Cudayari,Pacifico,Patía,Río Guáitara,2017,19,Andes,Preliminar,0,0,0,0.319757372140884,0.319757372140884,0,0.0276671517640352,0.100062020123005,3.93818187713623,4.62545442581177,5,5,0.789855062961578,0.967391312122345,1,1,52,1.03999996185303,0
09,2011-09-09,52050040,0,Definitivo,SANDONA [52050040],Pluviométrica,Convencional,Activa,Nariño,Sandoná,1.3223,-77.4792,20,9/15/1963,,Cudayari,Pacifico,Patía,Río Guáitara,2011,09,Andes,Definitivo,0,0,0,6.83868169784546,6.83868169784546,9.03053092956543,10.7785749435425,6.60184669494629,3.93818187713623,4.62545442581177,5,5,0.789855062961578,0.967391312122345,1,1,50,1.03999996185303,0
09,2016-09-06,52050040,12,Definitivo,SANDONA [52050040],Pluviométrica,Convencional,Activa,Nariño,Sandoná,1.3223,-77.4792,20,9/15/1963,,Cudayari,Pacifico,Patía,Río Guáitara,2016,06,Andes,Definitivo,12,12,0,4.0279712677002,4.0279712677002,0,1.91289794445038,0.268503159284592,3.93818187713623,4.62545442581177,5,5,0.789855062961578,0.967391312122345,1,1,50,1.03999996185303,12.4799995422363
09,2016-09-07,52050040,,"",SANDONA [52050040],Pluviométrica,Convencional,Activa,Nariño,Sandoná,1.3223,-77.4792,20,9/15/1963,,Cudayari,Pacifico,Patía,Río Guáitara,2016,07,Andes,Preliminar,0,0,0,1.70511770248413,1.70511770248413,0,0.572305381298065,0.0811410620808601,3.93818187713623,4.62545442581177,5,5,0.789855062961578,0.967391312122345,1,1,50,1.03999996185303,0
09,2014-09-14,52050040,,"",SANDONA [52050040],Pluviométrica,Convencional,Activa,Nariño,Sandoná,1.3223,-77.4792,20,9/15/1963,,Cudayari,Pacifico,Patía,Río Guáitara,2014,14,Andes,Preliminar,0,0,0,0.73409515619278,0.73409515619278,0,0.575709700584412,1.27688801288605,3.93818187713623,4.62545442581177,5,5,0.789855062961578,0.967391312122345,1,1,51,1.03999996185303,0
09,2022-09-01,52050040,,"",SANDONA [52050040],Pluviométrica,Convencional,Activa,Nariño,Sandoná,1.3223,-77.4792,20,9/15/1963,,Cudayari,Pacifico,Patía,Río Guáitara,2022,01,Andes,Preliminar,0,0,0,0.501915752887726,0.501915752887726,0,0.219314768910408,0.226974084973335,3.93818187713623,4.62545442581177,5,5,0.789855062961578,0.967391312122345,1,1,49,1.03999996185303,0
09,2021-09-04,52050040,,"",SANDONA [52050040],Pluviométrica,Convencional,Activa,Nariño,Sandoná,1.3223,-77.4792,20,9/15/1963,,Cudayari,Pacifico,Patía,Río Guáitara,2021,04,Andes,Preliminar,0,0,0,2.89128732681274,2.89128732681274,20.7166595458984,4.58581495285034,15.7414026260376,3.93818187713623,4.62545442581177,5,5,0.789855062961578,0.967391312122345,1,1,49,1.03999996185303,0
09,2015-09-13,52050040,,"",SANDONA [52050040],Pluviométrica,Convencional,Activa,Nariño,Sandoná,1.3223,-77.4792,20,9/15/1963,,Cudayari,Pacifico,Patía,Río Guáitara,2015,13,Andes,Preliminar,0,0,0,0.305711627006531,0.305711627006531,0,0.0646839737892151,0.22176006436348,3.93818187713623,4.62545442581177,5,5,0.789855062961578,0.967391312122345,1,1,51,1.03999996185303,0
09,2016-09-09,52050040,,"",SANDONA [52050040],Pluviométrica,Convencional,Activa,Nariño,Sandoná,1.3223,-77.4792,20,9/15/1963,,Cudayari,Pacifico,Patía,Río Guáitara,2016,09,Andes,Preliminar,0,0,0,1.25478780269623,1.25478780269623,0,0.486166149377823,3.25154399871826,3.93818187713623,4.62545442581177,5,5,0.789855062961578,0.967391312122345,1,1,50,1.03999996185303,0
09,2015-09-20,52050040,,"",SANDONA [52050040],Pluviométrica,Convencional,Activa,Nariño,Sandoná,1.3223,-77.4792,20,9/15/1963,,Cudayari,Pacifico,Patía,Río Guáitara,2015,20,Andes,Preliminar,0,0,0,8.60774040222168,8.60774040222168,0,1.17387807369232,0.0147823411971331,3.93818187713623,4.62545442581177,5,5,0.789855062961578,0.967391312122345,1,1,52,1.03999996185303,0
09,2002-09-01,52050040,,"",SANDONA [52050040],Pluviométrica,Convencional,Activa,Nariño,Sandoná,1.3223,-77.4792,20,9/15/1963,,Cudayari,Pacifico,Patía,Río Guáitara,2002,01,Andes,Preliminar,0,0,0,4.16761589050293,4.16761589050293,0,2.59340572357178,1.23434770107269,3.93818187713623,4.62545442581177,5,5,0.789855062961578,0.967391312122345,1,1,49,1.03999996185303,0
09,2006-09-02,52050040,,"",SANDONA [52050040],Pluviométrica,Convencional,Activa,Nariño,Sandoná,1.3223,-77.4792,20,9/15/1963,,Cudayari,Pacifico,Patía,Río Guáitara,2006,02,Andes,Preliminar,0,0,0,1.96452844142914,1.96452844142914,0,0.951548337936401,0.271038889884949,3.93818187713623,4.62545442581177,5,5,0.789855062961578,0.967391312122345,1,1,49,1.03999996185303,0
09,2006-09-03,52050040,11,Definitivo,SANDONA [52050040],Pluviométrica,Convencional,Activa,Nariño,Sandoná,1.3223,-77.4792,20,9/15/1963,,Cudayari,Pacifico,Patía,Río Guáitara,2006,03,Andes,Definitivo,11,11,0,4.59740114212036,4.59740114212036,0,2.25007224082947,0.119490273296833,3.93818187713623,4.62545442581177,5,5,0.789855062961578,0.967391312122345,1,1,49,1.03999996185303,11.4399995803833
09,2009-09-01,52050040,,"",SANDONA [52050040],Pluviométrica,Convencional,Activa,Nariño,Sandoná,1.3223,-77.4792,20,9/15/1963,,Cudayari,Pacifico,Patía,Río Guáitara,2009,01,Andes,Preliminar,0,0,0,0.134533151984215,0.134533151984215,0,0.955387711524963,0,3.93818187713623,4.62545442581177,5,5,0.789855062961578,0.967391312122345,1,1,49,1.03999996185303,0
09,2017-09-18,52050040,,"",SANDONA [52050040],Pluviométrica,Convencional,Activa,Nariño,Sandoná,1.3223,-77.4792,20,9/15/1963,,Cudayari,Pacifico,Patía,Río Guáitara,2017,18,Andes,Preliminar,0,0,0,2.38280892372131,2.38280892372131,3.25793266296387,0.0750140175223351,0.111156307160854,3.93818187713623,4.62545442581177,5,5,0.789855062961578,0.967391312122345,1,1,52,1.03999996185303,0
09,2016-09-15,52050040,,"",SANDONA [52050040],Pluviométrica,Convencional,Activa,Nariño,Sandoná,1.3223,-77.4792,20,9/15/1963,,Cudayari,Pacifico,Patía,Río Guáitara,2016,15,Andes,Preliminar,0,0,0,2.22965574264526,2.22965574264526,0,1.23399829864502,0.812569558620453,3.93818187713623,4.62545442581177,5,5,0.789855062961578,0.967391312122345,1,1,51,1.03999996185303,0
09,2019-09-08,52050040,,"",SANDONA [52050040],Pluviométrica,Convencional,Activa,Nariño,Sandoná,1.3223,-77.4792,20,9/15/1963,,Cudayari,Pacifico,Patía,Río Guáitara,2019,08,Andes,Preliminar,0,0,0,1.30141162872314,1.30141162872314,0,0.0202285926789045,0,3.93818187713623,4.62545442581177,5,5,0.789855062961578,0.967391312122345,1,1,50,1.03999996185303,0
09,2018-09-11,52050040,,"",SANDONA [52050040],Pluviométrica,Convencional,Activa,Nariño,Sandoná,1.3223,-77.4792,20,9/15/1963,,Cudayari,Pacifico,Patía,Río Guáitara,2018,11,Andes,Preliminar,0,0,0,0.691028356552124,0.691028356552124,0,1.26743841171265,0.652836740016937,3.93818187713623,4.62545442581177,5,5,0.789855062961578,0.967391312122345,1,1,51,1.03999996185303,0
09,2014-09-15,52050040,,"",SANDONA [52050040],Pluviométrica,Convencional,Activa,Nariño,Sandoná,1.3223,-77.4792,20,9/15/1963,,Cudayari,Pacifico,Patía,Río Guáitara,2014,15,Andes,Preliminar,0,0,0,1.10355949401855,1.10355949401855,0,0.537659585475922,0.026797229424119,3.93818187713623,4.62545442581177,5,5,0.789855062961578,0.967391312122345,1,1,51,1.03999996185303,0
09,2013-09-18,52050040,,"",SANDONA [52050040],Pluviométrica,Convencional,Activa,Nariño,Sandoná,1.3223,-77.4792,20,9/15/1963,,Cudayari,Pacifico,Patía,Río Guáitara,2013,18,Andes,Preliminar,0,0,0,1.57344114780426,1.57344114780426,0,0.698124349117279,0.0873942822217941,3.93818187713623,4.62545442581177,5,5,0.789855062961578,0.967391312122345,1,1,52,1.03999996185303,0
09,2016-09-08,52050040,,"",SANDONA [52050040],Pluviométrica,Convencional,Activa,Nariño,Sandoná,1.3223,-77.4792,20,9/15/1963,,Cudayari,Pacifico,Patía,Río Guáitara,2016,08,Andes,Preliminar,0,0,0,1.44760799407959,1.44760799407959,0,1.01936900615692,0.0545858144760132,3.93818187713623,4.62545442581177,5,5,0.789855062961578,0.967391312122345,1,1,50,1.03999996185303,0
09,2015-09-06,52050040,,"",SANDONA [52050040],Pluviométrica,Convencional,Activa,Nariño,Sandoná,1.3223,-77.4792,20,9/15/1963,,Cudayari,Pacifico,Patía,Río Guáitara,2015,06,Andes,Preliminar,0,0,0,1.55550599098206,1.55550599098206,0,0.272299498319626,0.730773687362671,3.93818187713623,4.62545442581177,5,5,0.789855062961578,0.967391312122345,1,1,50,1.03999996185303,0
09,2014-09-16,52050040,,"",SANDONA [52050040],Pluviométrica,Convencional,Activa,Nariño,Sandoná,1.3223,-77.4792,20,9/15/1963,,Cudayari,Pacifico,Patía,Río Guáitara,2014,16,Andes,Preliminar,0,0,0,4.49842262268066,4.49842262268066,0,4.02394819259644,0,3.93818187713623,4.62545442581177,5,5,0.789855062961578,0.967391312122345,1,1,52,1.03999996185303,0
09,2015-09-21,52050040,,"",SANDONA [52050040],Pluviométrica,Convencional,Activa,Nariño,Sandoná,1.3223,-77.4792,20,9/15/1963,,Cudayari,Pacifico,Patía,Río Guáitara,2015,21,Andes,Preliminar,0,0,0,1.63558852672577,1.63558852672577,0,0.22962811589241,0.553261637687683,3.93818187713623,4.62545442581177,5,5,0.789855062961578,0.967391312122345,1,1,53,1.03999996185303,0
09,2019-09-22,52050040,,"",SANDONA [52050040],Pluviométrica,Convencional,Activa,Nariño,Sandoná,1.3223,-77.4792,20,9/15/1963,,Cudayari,Pacifico,Patía,Río Guáitara,2019,22,Andes,Preliminar,0,0,0,2.21445870399475,2.21445870399475,0,1.55034804344177,2.21720695495605,3.93818187713623,4.62545442581177,5,5,0.789855062961578,0.967391312122345,1,1,53,1.03999996185303,0
09,2017-09-22,52050040,,"",SANDONA [52050040],Pluviométrica,Convencional,Activa,Nariño,Sandoná,1.3223,-77.4792,20,9/15/1963,,Cudayari,Pacifico,Patía,Río Guáitara,2017,22,Andes,Preliminar,0,0,0,1.28329753875732,1.28329753875732,0,0.273880124092102,0.0668991208076477,3.93818187713623,4.62545442581177,5,5,0.789855062961578,0.967391312122345,1,1,53,1.03999996185303,0
09,2016-09-19,52050040,,"",SANDONA [52050040],Pluviométrica,Convencional,Activa,Nariño,Sandoná,1.3223,-77.4792,20,9/15/1963,,Cudayari,Pacifico,Patía,Río Guáitara,2016,19,Andes,Preliminar,0,0,0,1.56082165241241,1.56082165241241,0,0.144147396087646,0.544616162776947,3.93818187713623,4.62545442581177,5,5,0.789855062961578,0.967391312122345,1,1,52,1.03999996185303,0
09,2010-09-05,52050040,5,Definitivo,SANDONA [52050040],Pluviométrica,Convencional,Activa,Nariño,Sandoná,1.3223,-77.4792,20,9/15/1963,,Cudayari,Pacifico,Patía,Río Guáitara,2010,05,Andes,Definitivo,5,5,0,3.56866359710693,3.56866359710693,0,2.04862117767334,0.0149592468515039,3.93818187713623,4.62545442581177,5,5,0.789855062961578,0.967391312122345,1,1,49,1.03999996185303,5.19999980926514
09,2012-09-05,52050040,,"",SANDONA [52050040],Pluviométrica,Convencional,Activa,Nariño,Sandoná,1.3223,-77.4792,20,9/15/1963,,Cudayari,Pacifico,Patía,Río Guáitara,2012,05,Andes,Preliminar,0,0,0,1.06735253334045,1.06735253334045,0,0.164555191993713,0,3.93818187713623,4.62545442581177,5,5,0.789855062961578,0.967391312122345,1,1,49,1.03999996185303,0
09,2015-09-04,52050040,,"",SANDONA [52050040],Pluviométrica,Convencional,Activa,Nariño,Sandoná,1.3223,-77.4792,20,9/15/1963,,Cudayari,Pacifico,Patía,Río Guáitara,2015,04,Andes,Preliminar,0,0,0,0.36013650894165,0.36013650894165,0,0.0225769262760878,0,3.93818187713623,4.62545442581177,5,5,0.789855062961578,0.967391312122345,1,1,49,1.03999996185303,0
09,2014-09-07,52050040,,"",SANDONA [52050040],Pluviométrica,Convencional,Activa,Nariño,Sandoná,1.3223,-77.4792,20,9/15/1963,,Cudayari,Pacifico,Patía,Río Guáitara,2014,07,Andes,Preliminar,0,0,0,1.16592144966126,1.16592144966126,0,0.0854582041501999,0.545356929302216,3.93818187713623,4.62545442581177,5,5,0.789855062961578,0.967391312122345,1,1,50,1.03999996185303,0
09,2021-09-03,52050040,9,En revisión,SANDONA [52050040],Pluviométrica,Convencional,Activa,Nariño,Sandoná,1.3223,-77.4792,20,9/15/1963,,Cudayari,Pacifico,Patía,Río Guáitara,2021,03,Andes,En revisión,9,9,0,2.80931758880615,2.80931758880615,20.7166595458984,4.58581495285034,4.86447763442993,3.93818187713623,4.62545442581177,5,5,0.789855062961578,0.967391312122345,1,1,49,1.03999996185303,9.35999965667725
09,2017-09-03,52050040,,"",SANDONA [52050040],Pluviométrica,Convencional,Activa,Nariño,Sandoná,1.3223,-77.4792,20,9/15/1963,,Cudayari,Pacifico,Patía,Río Guáitara,2017,03,Andes,Preliminar,0,0,0,1.38802719116211,1.38802719116211,0,0.124756120145321,0,3.93818187713623,4.62545442581177,5,5,0.789855062961578,0.967391312122345,1,1,49,1.03999996185303,0
09,2015-09-05,52050040,,"",SANDONA [52050040],Pluviométrica,Convencional,Activa,Nariño,Sandoná,1.3223,-77.4792,20,9/15/1963,,Cudayari,Pacifico,Patía,Río Guáitara,2015,05,Andes,Preliminar,0,0,0,0.342050731182098,0.342050731182098,0,0.669231474399567,0.0206249635666609,3.93818187713623,4.62545442581177,5,5,0.789855062961578,0.967391312122345,1,1,49,1.03999996185303,0
09,2011-09-05,52050040,,"",SANDONA [52050040],Pluviométrica,Convencional,Activa,Nariño,Sandoná,1.3223,-77.4792,20,9/15/1963,,Cudayari,Pacifico,Patía,Río Guáitara,2011,05,Andes,Preliminar,0,0,0,0.385378062725067,0.385378062725067,0,0.0564428567886353,0,3.93818187713623,4.62545442581177,5,5,0.789855062961578,0.967391312122345,1,1,49,1.03999996185303,0
09,2017-09-06,52050040,,"",SANDONA [52050040],Pluviométrica,Convencional,Activa,Nariño,Sandoná,1.3223,-77.4792,20,9/15/1963,,Cudayari,Pacifico,Patía,Río Guáitara,2017,06,Andes,Preliminar,0,0,0,1.88379001617432,1.88379001617432,0,0.778023600578308,1.80604517459869,3.93818187713623,4.62545442581177,5,5,0.789855062961578,0.967391312122345,1,1,50,1.03999996185303,0
09,2014-09-17,52050040,,"",SANDONA [52050040],Pluviométrica,Convencional,Activa,Nariño,Sandoná,1.3223,-77.4792,20,9/15/1963,,Cudayari,Pacifico,Patía,Río Guáitara,2014,17,Andes,Preliminar,0,0,0,2.28653264045715,2.28653264045715,0,8.63531970977783,0,3.93818187713623,4.62545442581177,5,5,0.789855062961578,0.967391312122345,1,1,52,1.03999996185303,0
09,2016-09-17,52050040,,"",SANDONA [52050040],Pluviométrica,Convencional,Activa,Nariño,Sandoná,1.3223,-77.4792,20,9/15/1963,,Cudayari,Pacifico,Patía,Río Guáitara,2016,17,Andes,Preliminar,0,0,0,1.2679009437561,1.2679009437561,0,0.393514394760132,0,3.93818187713623,4.62545442581177,5,5,0.789855062961578,0.967391312122345,1,1,52,1.03999996185303,0
09,2002-09-02,52050040,,"",SANDONA [52050040],Pluviométrica,Convencional,Activa,Nariño,Sandoná,1.3223,-77.4792,20,9/15/1963,,Cudayari,Pacifico,Patía,Río Guáitara,2002,02,Andes,Preliminar,0,0,0,4.18505334854126,4.18505334854126,0,1.49803626537323,0.802222609519959,3.93818187713623,4.62545442581177,5,5,0.789855062961578,0.967391312122345,1,1,49,1.03999996185303,0
09,2004-09-02,52050040,,"",SANDONA [52050040],Pluviométrica,Convencional,Activa,Nariño,Sandoná,1.3223,-77.4792,20,9/15/1963,,Cudayari,Pacifico,Patía,Río Guáitara,2004,02,Andes,Preliminar,0,0,0,0.119712702929974,0.119712702929974,0,0.0987408757209778,0,3.93818187713623,4.62545442581177,5,5,0.789855062961578,0.967391312122345,1,1,49,1.03999996185303,0
09,2019-09-18,52050040,7,Definitivo,SANDONA [52050040],Pluviométrica,Convencional,Activa,Nariño,Sandoná,1.3223,-77.4792,20,9/15/1963,,Cudayari,Pacifico,Patía,Río Guáitara,2019,18,Andes,Definitivo,7,7,0,3.71686029434204,3.71686029434204,6.68161582946777,3.79332327842712,9.0337381362915,3.93818187713623,4.62545442581177,5,5,0.789855062961578,0.967391312122345,1,1,52,1.03999996185303,7.27999973297119
09,2015-09-18,52050040,,"",SANDONA [52050040],Pluviométrica,Convencional,Activa,Nariño,Sandoná,1.3223,-77.4792,20,9/15/1963,,Cudayari,Pacifico,Patía,Río Guáitara,2015,18,Andes,Preliminar,0,0,0,4.67276573181152,4.67276573181152,32.7590446472168,1.00519073009491,7.21871137619019,3.93818187713623,4.62545442581177,5,5,0.789855062961578,0.967391312122345,1,1,52,1.03999996185303,0
09,2018-09-10,52050040,,"",SANDONA [52050040],Pluviométrica,Convencional,Activa,Nariño,Sandoná,1.3223,-77.4792,20,9/15/1963,,Cudayari,Pacifico,Patía,Río Guáitara,2018,10,Andes,Preliminar,0,0,0,0.759075820446014,0.759075820446014,0,0.0620263665914536,0,3.93818187713623,4.62545442581177,5,5,0.789855062961578,0.967391312122345,1,1,50,1.03999996185303,0
09,2020-09-04,52050040,1,En revisión,SANDONA [52050040],Pluviométrica,Convencional,Activa,Nariño,Sandoná,1.3223,-77.4792,20,9/15/1963,,Cudayari,Pacifico,Patía,Río Guáitara,2020,04,Andes,En revisión,1,1,0,2.06897854804993,2.06897854804993,0,0.666514098644257,1.4038245677948,3.93818187713623,4.62545442581177,5,5,0.789855062961578,0.967391312122345,1,1,49,1.03999996185303,1.03999996185303
09,2015-09-11,52050040,,"",SANDONA [52050040],Pluviométrica,Convencional,Activa,Nariño,Sandoná,1.3223,-77.4792,20,9/15/1963,,Cudayari,Pacifico,Patía,Río Guáitara,2015,11,Andes,Preliminar,0,0,0,3.49622201919556,3.49622201919556,0,0.920455574989319,0.22176006436348,3.93818187713623,4.62545442581177,5,5,0.789855062961578,0.967391312122345,1,1,51,1.03999996185303,0
09,2015-09-12,52050040,,"",SANDONA [52050040],Pluviométrica,Convencional,Activa,Nariño,Sandoná,1.3223,-77.4792,20,9/15/1963,,Cudayari,Pacifico,Patía,Río Guáitara,2015,12,Andes,Preliminar,0,0,0,1.18040132522583,1.18040132522583,0,0.0189478136599064,0.22176006436348,3.93818187713623,4.62545442581177,5,5,0.789855062961578,0.967391312122345,1,1,51,1.03999996185303,0
09,2017-09-02,52050040,,"",SANDONA [52050040],Pluviométrica,Convencional,Activa,Nariño,Sandoná,1.3223,-77.4792,20,9/15/1963,,Cudayari,Pacifico,Patía,Río Guáitara,2017,02,Andes,Preliminar,0,0,0,1.38839197158813,1.38839197158813,0,0.127957239747047,0.74766880273819,3.93818187713623,4.62545442581177,5,5,0.789855062961578,0.967391312122345,1,1,49,1.03999996185303,0
09,2005-09-03,52050040,,"",SANDONA [52050040],Pluviométrica,Convencional,Activa,Nariño,Sandoná,1.3223,-77.4792,20,9/15/1963,,Cudayari,Pacifico,Patía,Río Guáitara,2005,03,Andes,Preliminar,0,0,0,0,0,8.03154850006104,4.69484186172485,5.34077501296997,3.93818187713623,4.62545442581177,5,5,0.789855062961578,0.967391312122345,1,1,49,1.03999996185303,0
09,2013-09-05,52050040,,"",SANDONA [52050040],Pluviométrica,Convencional,Activa,Nariño,Sandoná,1.3223,-77.4792,20,9/15/1963,,Cudayari,Pacifico,Patía,Río Guáitara,2013,05,Andes,Preliminar,0,0,0,3.41656708717346,3.41656708717346,0,0.263682007789612,0.126589044928551,3.93818187713623,4.62545442581177,5,5,0.789855062961578,0.967391312122345,1,1,49,1.03999996185303,0
09,2016-09-10,52050040,,"",SANDONA [52050040],Pluviométrica,Convencional,Activa,Nariño,Sandoná,1.3223,-77.4792,20,9/15/1963,,Cudayari,Pacifico,Patía,Río Guáitara,2016,10,Andes,Preliminar,0,0,0,1.946653008461,1.946653008461,0,0.532507598400116,0.867471814155579,3.93818187713623,4.62545442581177,5,5,0.789855062961578,0.967391312122345,1,1,50,1.03999996185303,0
09,2015-09-14,52050040,,"",SANDONA [52050040],Pluviométrica,Convencional,Activa,Nariño,Sandoná,1.3223,-77.4792,20,9/15/1963,,Cudayari,Pacifico,Patía,Río Guáitara,2015,14,Andes,Preliminar,0,0,0,0.212009087204933,0.212009087204933,0,0.0344670787453651,0.22176006436348,3.93818187713623,4.62545442581177,5,5,0.789855062961578,0.967391312122345,1,1,51,1.03999996185303,0
09,2017-09-21,52050040,,"",SANDONA [52050040],Pluviométrica,Convencional,Activa,Nariño,Sandoná,1.3223,-77.4792,20,9/15/1963,,Cudayari,Pacifico,Patía,Río Guáitara,2017,21,Andes,Preliminar,0,0,0,2.66891241073608,2.66891241073608,0,1.54962003231049,0,3.93818187713623,4.62545442581177,5,5,0.789855062961578,0.967391312122345,1,1,53,1.03999996185303,0
09,2015-09-22,52050040,,"",SANDONA [52050040],Pluviométrica,Convencional,Activa,Nariño,Sandoná,1.3223,-77.4792,20,9/15/1963,,Cudayari,Pacifico,Patía,Río Guáitara,2015,22,Andes,Preliminar,0,0,0,0.772098183631897,0.772098183631897,0,0.0795347690582275,0,3.93818187713623,4.62545442581177,5,5,0.789855062961578,0.967391312122345,1,1,53,1.03999996185303,0
09,2007-09-01,52050040,,"",SANDONA [52050040],Pluviométrica,Convencional,Activa,Nariño,Sandoná,1.3223,-77.4792,20,9/15/1963,,Cudayari,Pacifico,Patía,Río Guáitara,2007,01,Andes,Preliminar,0,0,0,0.244544610381126,0.244544610381126,0,0.144412130117416,0.451662212610245,3.93818187713623,4.62545442581177,5,5,0.789855062961578,0.967391312122345,1,1,49,1.03999996185303,0
09,2008-09-04,52050040,3,Definitivo,SANDONA [52050040],Pluviométrica,Convencional,Activa,Nariño,Sandoná,1.3223,-77.4792,20,9/15/1963,,Cudayari,Pacifico,Patía,Río Guáitara,2008,04,Andes,Definitivo,3,3,0,4.5328688621521,4.5328688621521,0,2.85371494293213,8.88154029846191,3.93818187713623,4.62545442581177,5,5,0.789855062961578,0.967391312122345,1,1,49,1.03999996185303,3.11999988555908
09,2008-09-05,52050040,,"",SANDONA [52050040],Pluviométrica,Convencional,Activa,Nariño,Sandoná,1.3223,-77.4792,20,9/15/1963,,Cudayari,Pacifico,Patía,Río Guáitara,2008,05,Andes,Preliminar,0,0,0,3.46560621261597,3.46560621261597,20.279748916626,1.05245351791382,2.1526358127594,3.93818187713623,4.62545442581177,5,5,0.789855062961578,0.967391312122345,1,1,49,1.03999996185303,0
09,2010-09-06,52050040,,"",SANDONA [52050040],Pluviométrica,Convencional,Activa,Nariño,Sandoná,1.3223,-77.4792,20,9/15/1963,,Cudayari,Pacifico,Patía,Río Guáitara,2010,06,Andes,Preliminar,0,0,0,3.00826120376587,3.00826120376587,13.9033126831055,3.85548567771912,6.83456039428711,3.93818187713623,4.62545442581177,5,5,0.789855062961578,0.967391312122345,1,1,50,1.03999996185303,0
09,2020-09-05,52050040,,"",SANDONA [52050040],Pluviométrica,Convencional,Activa,Nariño,Sandoná,1.3223,-77.4792,20,9/15/1963,,Cudayari,Pacifico,Patía,Río Guáitara,2020,05,Andes,Preliminar,0,0,0,1.10920071601868,1.10920071601868,0,0.520518958568573,0.43655526638031,3.93818187713623,4.62545442581177,5,5,0.789855062961578,0.967391312122345,1,1,49,1.03999996185303,0
09,2019-09-03,52050040,,"",SANDONA [52050040],Pluviométrica,Convencional,Activa,Nariño,Sandoná,1.3223,-77.4792,20,9/15/1963,,Cudayari,Pacifico,Patía,Río Guáitara,2019,03,Andes,Preliminar,0,0,0,0.865568399429321,0.865568399429321,0,0.128700062632561,0,3.93818187713623,4.62545442581177,5,5,0.789855062961578,0.967391312122345,1,1,49,1.03999996185303,0
09,2010-09-01,52050040,12,Definitivo,SANDONA [52050040],Pluviométrica,Convencional,Activa,Nariño,Sandoná,1.3223,-77.4792,20,9/15/1963,,Cudayari,Pacifico,Patía,Río Guáitara,2010,01,Andes,Definitivo,12,12,0,6.26984548568726,6.26984548568726,0,6.54083108901978,2.07434868812561,3.93818187713623,4.62545442581177,5,5,0.789855062961578,0.967391312122345,1,1,49,1.03999996185303,12.4799995422363
09,2014-09-02,52050040,,"",SANDONA [52050040],Pluviométrica,Convencional,Activa,Nariño,Sandoná,1.3223,-77.4792,20,9/15/1963,,Cudayari,Pacifico,Patía,Río Guáitara,2014,02,Andes,Preliminar,0,0,0,0.978666543960571,0.978666543960571,0,0.660067677497864,0.693883955478668,3.93818187713623,4.62545442581177,5,5,0.789855062961578,0.967391312122345,1,1,49,1.03999996185303,0
09,2012-09-01,52050040,,"",SANDONA [52050040],Pluviométrica,Convencional,Activa,Nariño,Sandoná,1.3223,-77.4792,20,9/15/1963,,Cudayari,Pacifico,Patía,Río Guáitara,2012,01,Andes,Preliminar,0,0,0,0.381100624799728,0.381100624799728,0,0.111886315047741,0,3.93818187713623,4.62545442581177,5,5,0.789855062961578,0.967391312122345,1,1,49,1.03999996185303,0
09,2016-09-03,52050040,,"",SANDONA [52050040],Pluviométrica,Convencional,Activa,Nariño,Sandoná,1.3223,-77.4792,20,9/15/1963,,Cudayari,Pacifico,Patía,Río Guáitara,2016,03,Andes,Preliminar,0,0,0,0.805071592330933,0.805071592330933,0,0.441993474960327,0,3.93818187713623,4.62545442581177,5,5,0.789855062961578,0.967391312122345,1,1,49,1.03999996185303,0
09,2017-09-07,52050040,,"",SANDONA [52050040],Pluviométrica,Convencional,Activa,Nariño,Sandoná,1.3223,-77.4792,20,9/15/1963,,Cudayari,Pacifico,Patía,Río Guáitara,2017,07,Andes,Preliminar,0,0,0,1.61977696418762,1.61977696418762,0,1.6958087682724,0,3.93818187713623,4.62545442581177,5,5,0.789855062961578,0.967391312122345,1,1,50,1.03999996185303,0
09,2015-09-15,52050040,,"",SANDONA [52050040],Pluviométrica,Convencional,Activa,Nariño,Sandoná,1.3223,-77.4792,20,9/15/1963,,Cudayari,Pacifico,Patía,Río Guáitara,2015,15,Andes,Preliminar,0,0,0,0.329151749610901,0.329151749610901,0,0.0702457949519157,0.22176006436348,3.93818187713623,4.62545442581177,5,5,0.789855062961578,0.967391312122345,1,1,51,1.03999996185303,0
09,2016-09-18,52050040,,"",SANDONA [52050040],Pluviométrica,Convencional,Activa,Nariño,Sandoná,1.3223,-77.4792,20,9/15/1963,,Cudayari,Pacifico,Patía,Río Guáitara,2016,18,Andes,Preliminar,0,0,0,1.45785248279572,1.45785248279572,0,0.182518616318703,0.0267844013869762,3.93818187713623,4.62545442581177,5,5,0.789855062961578,0.967391312122345,1,1,52,1.03999996185303,0
09,2015-09-17,52050040,0,Definitivo,SANDONA [52050040],Pluviométrica,Convencional,Activa,Nariño,Sandoná,1.3223,-77.4792,20,9/15/1963,,Cudayari,Pacifico,Patía,Río Guáitara,2015,17,Andes,Definitivo,0,0,0,3.61707234382629,3.61707234382629,0,4.7833514213562,0,3.93818187713623,4.62545442581177,5,5,0.789855062961578,0.967391312122345,1,1,52,1.03999996185303,0
09,2017-09-17,52050040,,"",SANDONA [52050040],Pluviométrica,Convencional,Activa,Nariño,Sandoná,1.3223,-77.4792,20,9/15/1963,,Cudayari,Pacifico,Patía,Río Guáitara,2017,17,Andes,Preliminar,0,0,0,1.04447114467621,1.04447114467621,0,0.221690267324448,0.397687792778015,3.93818187713623,4.62545442581177,5,5,0.789855062961578,0.967391312122345,1,1,52,1.03999996185303,0
09,2017-09-12,52050040,2,Definitivo,SANDONA [52050040],Pluviométrica,Convencional,Activa,Nariño,Sandoná,1.3223,-77.4792,20,9/15/1963,,Cudayari,Pacifico,Patía,Río Guáitara,2017,12,Andes,Definitivo,2,2,0,3.04179930686951,3.04179930686951,4.75184488296509,2.14504480361938,1.0288348197937,3.93818187713623,4.62545442581177,5,5,0.789855062961578,0.967391312122345,1,1,51,1.03999996185303,2.07999992370605
09,2019-09-07,52050040,,"",SANDONA [52050040],Pluviométrica,Convencional,Activa,Nariño,Sandoná,1.3223,-77.4792,20,9/15/1963,,Cudayari,Pacifico,Patía,Río Guáitara,2019,07,Andes,Preliminar,0,0,0,1.31812310218811,1.31812310218811,0,0.0417433567345142,0.822260916233063,3.93818187713623,4.62545442581177,5,5,0.789855062961578,0.967391312122345,1,1,50,1.03999996185303,0
09,2013-09-04,52050040,,"",SANDONA [52050040],Pluviométrica,Convencional,Activa,Nariño,Sandoná,1.3223,-77.4792,20,9/15/1963,,Cudayari,Pacifico,Patía,Río Guáitara,2013,04,Andes,Preliminar,0,0,0,1.30257666110992,1.30257666110992,0,0.6645947098732,0.0268522258847952,3.93818187713623,4.62545442581177,5,5,0.789855062961578,0.967391312122345,1,1,49,1.03999996185303,0
09,2014-09-08,52050040,,"",SANDONA [52050040],Pluviométrica,Convencional,Activa,Nariño,Sandoná,1.3223,-77.4792,20,9/15/1963,,Cudayari,Pacifico,Patía,Río Guáitara,2014,08,Andes,Preliminar,0,0,0,1.26090824604034,1.26090824604034,0,0.0765791311860085,0,3.93818187713623,4.62545442581177,5,5,0.789855062961578,0.967391312122345,1,1,50,1.03999996185303,0
09,2014-09-03,52050040,,"",SANDONA [52050040],Pluviométrica,Convencional,Activa,Nariño,Sandoná,1.3223,-77.4792,20,9/15/1963,,Cudayari,Pacifico,Patía,Río Guáitara,2014,03,Andes,Preliminar,0,0,0,1.43314874172211,1.43314874172211,0,0.48285973072052,0.569340586662293,3.93818187713623,4.62545442581177,5,5,0.789855062961578,0.967391312122345,1,1,49,1.03999996185303,0
09,2017-09-08,52050040,,"",SANDONA [52050040],Pluviométrica,Convencional,Activa,Nariño,Sandoná,1.3223,-77.4792,20,9/15/1963,,Cudayari,Pacifico,Patía,Río Guáitara,2017,08,Andes,Preliminar,0,0,0,3.42279291152954,3.42279291152954,0,2.3289623260498,3.016282081604,3.93818187713623,4.62545442581177,5,5,0.789855062961578,0.967391312122345,1,1,50,1.03999996185303,0
09,2016-09-11,52050040,2,Definitivo,SANDONA [52050040],Pluviométrica,Convencional,Activa,Nariño,Sandoná,1.3223,-77.4792,20,9/15/1963,,Cudayari,Pacifico,Patía,Río Guáitara,2016,11,Andes,Definitivo,2,2,0,1.49086403846741,1.49086403846741,0,0.625869750976563,1.53511691093445,3.93818187713623,4.62545442581177,5,5,0.789855062961578,0.967391312122345,1,1,51,1.03999996185303,2.07999992370605
09,2012-09-02,52050040,,"",SANDONA [52050040],Pluviométrica,Convencional,Activa,Nariño,Sandoná,1.3223,-77.4792,20,9/15/1963,,Cudayari,Pacifico,Patía,Río Guáitara,2012,02,Andes,Preliminar,0,0,0,1.36971664428711,1.36971664428711,0,0.0955417156219482,0,3.93818187713623,4.62545442581177,5,5,0.789855062961578,0.967391312122345,1,1,49,1.03999996185303,0
09,2011-09-06,52050040,0,Definitivo,SANDONA [52050040],Pluviométrica,Convencional,Activa,Nariño,Sandoná,1.3223,-77.4792,20,9/15/1963,,Cudayari,Pacifico,Patía,Río Guáitara,2011,06,Andes,Definitivo,0,0,0,1.38259220123291,1.38259220123291,0,3.14628601074219,0.0716346278786659,3.93818187713623,4.62545442581177,5,5,0.789855062961578,0.967391312122345,1,1,50,1.03999996185303,0
09,2007-09-02,52050040,,"",SANDONA [52050040],Pluviométrica,Convencional,Activa,Nariño,Sandoná,1.3223,-77.4792,20,9/15/1963,,Cudayari,Pacifico,Patía,Río Guáitara,2007,02,Andes,Preliminar,0,0,0,0.0271716266870499,0.0271716266870499,0,0.110303826630116,0.160687506198883,3.93818187713623,4.62545442581177,5,5,0.789855062961578,0.967391312122345,1,1,49,1.03999996185303,0
09,2009-09-02,52050040,,"",SANDONA [52050040],Pluviométrica,Convencional,Activa,Nariño,Sandoná,1.3223,-77.4792,20,9/15/1963,,Cudayari,Pacifico,Patía,Río Guáitara,2009,02,Andes,Preliminar,0,0,0,3.69966149330139,3.69966149330139,5.4600830078125,1.34162318706512,0,3.93818187713623,4.62545442581177,5,5,0.789855062961578,0.967391312122345,1,1,49,1.03999996185303,0
09,2014-09-19,52050040,26,Definitivo,SANDONA [52050040],Pluviométrica,Convencional,Activa,Nariño,Sandoná,1.3223,-77.4792,20,9/15/1963,,Cudayari,Pacifico,Patía,Río Guáitara,2014,19,Andes,Definitivo,26,26,0,4.22273111343384,4.22273111343384,0,9.00520420074463,8.87453269958496,3.93818187713623,4.62545442581177,5,5,0.789855062961578,0.967391312122345,1,1,52,1.03999996185303,27.0399990081787
09,2002-09-03,52050040,,"",SANDONA [52050040],Pluviométrica,Convencional,Activa,Nariño,Sandoná,1.3223,-77.4792,20,9/15/1963,,Cudayari,Pacifico,Patía,Río Guáitara,2002,03,Andes,Preliminar,0,0,0,0,0,6.56771087646484,0.753036141395569,2.93803715705872,3.93818187713623,4.62545442581177,5,5,0.789855062961578,0.967391312122345,1,1,49,1.03999996185303,0
09,2016-09-02,52050040,,"",SANDONA [52050040],Pluviométrica,Convencional,Activa,Nariño,Sandoná,1.3223,-77.4792,20,9/15/1963,,Cudayari,Pacifico,Patía,Río Guáitara,2016,02,Andes,Preliminar,0,0,0,0.625310778617859,0.625310778617859,0,0.994938910007477,0,3.93818187713623,4.62545442581177,5,5,0.789855062961578,0.967391312122345,1,1,49,1.03999996185303,0
09,2018-09-04,52050040,,"",SANDONA [52050040],Pluviométrica,Convencional,Activa,Nariño,Sandoná,1.3223,-77.4792,20,9/15/1963,,Cudayari,Pacifico,Patía,Río Guáitara,2018,04,Andes,Preliminar,0,0,0,2.36717247962952,2.36717247962952,5.56657600402832,1.03786718845367,1.73588979244232,3.93818187713623,4.62545442581177,5,5,0.789855062961578,0.967391312122345,1,1,49,1.03999996185303,0
09,2019-09-02,52050040,,"",SANDONA [52050040],Pluviométrica,Convencional,Activa,Nariño,Sandoná,1.3223,-77.4792,20,9/15/1963,,Cudayari,Pacifico,Patía,Río Guáitara,2019,02,Andes,Preliminar,0,0,0,0.694759905338287,0.694759905338287,0,0.21294966340065,0,3.93818187713623,4.62545442581177,5,5,0.789855062961578,0.967391312122345,1,1,49,1.03999996185303,0
09,2021-09-02,52050040,,"",SANDONA [52050040],Pluviométrica,Convencional,Activa,Nariño,Sandoná,1.3223,-77.4792,20,9/15/1963,,Cudayari,Pacifico,Patía,Río Guáitara,2021,02,Andes,Preliminar,0,0,0,5.58558320999146,5.58558320999146,0,4.58581495285034,0.0151446983218193,3.93818187713623,4.62545442581177,5,5,0.789855062961578,0.967391312122345,1,1,49,1.03999996185303,0
09,2010-09-02,52050040,0,Definitivo,SANDONA [52050040],Pluviométrica,Convencional,Activa,Nariño,Sandoná,1.3223,-77.4792,20,9/15/1963,,Cudayari,Pacifico,Patía,Río Guáitara,2010,02,Andes,Definitivo,0,0,0,9.56345462799072,9.56345462799072,21.3838558197022,5.81527185440064,8.26747512817383,3.93818187713623,4.62545442581177,5,5,0.789855062961578,0.967391312122345,1,1,49,1.03999996185303,0
09,2016-09-14,52050040,,"",SANDONA [52050040],Pluviométrica,Convencional,Activa,Nariño,Sandoná,1.3223,-77.4792,20,9/15/1963,,Cudayari,Pacifico,Patía,Río Guáitara,2016,14,Andes,Preliminar,0,0,0,4.4281439781189,4.4281439781189,13.3322811126709,0.795489549636841,0.530657649040222,3.93818187713623,4.62545442581177,5,5,0.789855062961578,0.967391312122345,1,1,51,1.03999996185303,0
09,2018-09-05,52050040,,"",SANDONA [52050040],Pluviométrica,Convencional,Activa,Nariño,Sandoná,1.3223,-77.4792,20,9/15/1963,,Cudayari,Pacifico,Patía,Río Guáitara,2018,05,Andes,Preliminar,0,0,0,1.46417284011841,1.46417284011841,0,0.123134300112724,0.0183692015707493,3.93818187713623,4.62545442581177,5,5,0.789855062961578,0.967391312122345,1,1,49,1.03999996185303,0
09,2008-09-01,52050040,2,Definitivo,SANDONA [52050040],Pluviométrica,Convencional,Activa,Nariño,Sandoná,1.3223,-77.4792,20,9/15/1963,,Cudayari,Pacifico,Patía,Río Guáitara,2008,01,Andes,Definitivo,2,2,0,0.311784625053406,0.311784625053406,0,2.78455138206482,0.465296596288681,3.93818187713623,4.62545442581177,5,5,0.789855062961578,0.967391312122345,1,1,49,1.03999996185303,2.07999992370605
09,2016-09-13,52050040,,"",SANDONA [52050040],Pluviométrica,Convencional,Activa,Nariño,Sandoná,1.3223,-77.4792,20,9/15/1963,,Cudayari,Pacifico,Patía,Río Guáitara,2016,13,Andes,Preliminar,0,0,0,1.75549304485321,1.75549304485321,0,2.73494029045105,3.21237421035767,3.93818187713623,4.62545442581177,5,5,0.789855062961578,0.967391312122345,1,1,51,1.03999996185303,0
09,2014-09-01,52050040,,"",SANDONA [52050040],Pluviométrica,Convencional,Activa,Nariño,Sandoná,1.3223,-77.4792,20,9/15/1963,,Cudayari,Pacifico,Patía,Río Guáitara,2014,01,Andes,Preliminar,0,0,0,0.570008158683777,0.570008158683777,0,0.192879378795624,0,3.93818187713623,4.62545442581177,5,5,0.789855062961578,0.967391312122345,1,1,49,1.03999996185303,0
09,2018-09-09,52050040,,"",SANDONA [52050040],Pluviométrica,Convencional,Activa,Nariño,Sandoná,1.3223,-77.4792,20,9/15/1963,,Cudayari,Pacifico,Patía,Río Guáitara,2018,09,Andes,Preliminar,0,0,0,0.964714467525482,0.964714467525482,0,0.0424363017082214,0.19236022233963,3.93818187713623,4.62545442581177,5,5,0.789855062961578,0.967391312122345,1,1,50,1.03999996185303,0
09,2014-09-18,52050040,6,Definitivo,SANDONA [52050040],Pluviométrica,Convencional,Activa,Nariño,Sandoná,1.3223,-77.4792,20,9/15/1963,,Cudayari,Pacifico,Patía,Río Guáitara,2014,18,Andes,Definitivo,6,6,0,4.19351387023926,4.19351387023926,21.1920108795166,12.0384721755981,3.65634369850159,3.93818187713623,4.62545442581177,5,5,0.789855062961578,0.967391312122345,1,1,52,1.03999996185303,6.23999977111816
09,2011-09-04,52050040,,"",SANDONA [52050040],Pluviométrica,Convencional,Activa,Nariño,Sandoná,1.3223,-77.4792,20,9/15/1963,,Cudayari,Pacifico,Patía,Río Guáitara,2011,04,Andes,Preliminar,0,0,0,1.31268405914307,1.31268405914307,0,0.354989260435104,0.0024441727437079,3.93818187713623,4.62545442581177,5,5,0.789855062961578,0.967391312122345,1,1,49,1.03999996185303,0
09,2015-09-16,52050040,,"",SANDONA [52050040],Pluviométrica,Convencional,Activa,Nariño,Sandoná,1.3223,-77.4792,20,9/15/1963,,Cudayari,Pacifico,Patía,Río Guáitara,2015,16,Andes,Preliminar,0,0,0,1.84381628036499,1.84381628036499,0,3.2037034034729,0,3.93818187713623,4.62545442581177,5,5,0.789855062961578,0.967391312122345,1,1,52,1.03999996185303,0
09,2010-09-03,52050040,,"",SANDONA [52050040],Pluviométrica,Convencional,Activa,Nariño,Sandoná,1.3223,-77.4792,20,9/15/1963,,Cudayari,Pacifico,Patía,Río Guáitara,2010,03,Andes,Preliminar,0,0,0,3.92129802703857,3.92129802703857,0,1.64274537563324,5.40527439117432,3.93818187713623,4.62545442581177,5,5,0.789855062961578,0.967391312122345,1,1,49,1.03999996185303,0
09,2009-09-03,52050040,,"",SANDONA [52050040],Pluviométrica,Convencional,Activa,Nariño,Sandoná,1.3223,-77.4792,20,9/15/1963,,Cudayari,Pacifico,Patía,Río Guáitara,2009,03,Andes,Preliminar,0,0,0,0.672665655612946,0.672665655612946,0,0.704206049442291,0,3.93818187713623,4.62545442581177,5,5,0.789855062961578,0.967391312122345,1,1,49,1.03999996185303,0
09,2018-09-06,52050040,,"",SANDONA [52050040],Pluviométrica,Convencional,Activa,Nariño,Sandoná,1.3223,-77.4792,20,9/15/1963,,Cudayari,Pacifico,Patía,Río Guáitara,2018,06,Andes,Preliminar,0,0,0,1.72002899646759,1.72002899646759,0,0.170278117060661,0.536885976791382,3.93818187713623,4.62545442581177,5,5,0.789855062961578,0.967391312122345,1,1,50,1.03999996185303,0
09,2017-09-01,52050040,,"",SANDONA [52050040],Pluviométrica,Convencional,Activa,Nariño,Sandoná,1.3223,-77.4792,20,9/15/1963,,Cudayari,Pacifico,Patía,Río Guáitara,2017,01,Andes,Preliminar,0,0,0,0.811866641044617,0.811866641044617,0,0.0170063227415085,0,3.93818187713623,4.62545442581177,5,5,0.789855062961578,0.967391312122345,1,1,49,1.03999996185303,0
09,2018-09-08,52050040,,"",SANDONA [52050040],Pluviométrica,Convencional,Activa,Nariño,Sandoná,1.3223,-77.4792,20,9/15/1963,,Cudayari,Pacifico,Patía,Río Guáitara,2018,08,Andes,Preliminar,0,0,0,0.845160961151123,0.845160961151123,0,0.352699249982834,0,3.93818187713623,4.62545442581177,5,5,0.789855062961578,0.967391312122345,1,1,50,1.03999996185303,0
09,2014-09-04,52050040,,"",SANDONA [52050040],Pluviométrica,Convencional,Activa,Nariño,Sandoná,1.3223,-77.4792,20,9/15/1963,,Cudayari,Pacifico,Patía,Río Guáitara,2014,04,Andes,Preliminar,0,0,0,1.48469138145447,1.48469138145447,0,0.118410497903824,0.255017161369324,3.93818187713623,4.62545442581177,5,5,0.789855062961578,0.967391312122345,1,1,49,1.03999996185303,0
09,2021-09-01,52050040,,"",SANDONA [52050040],Pluviométrica,Convencional,Activa,Nariño,Sandoná,1.3223,-77.4792,20,9/15/1963,,Cudayari,Pacifico,Patía,Río Guáitara,2021,01,Andes,Preliminar,0,0,0,3.29080319404602,3.29080319404602,0,4.58581495285034,0.524006605148315,3.93818187713623,4.62545442581177,5,5,0.789855062961578,0.967391312122345,1,1,49,1.03999996185303,0
09,2016-09-04,52050040,,"",SANDONA [52050040],Pluviométrica,Convencional,Activa,Nariño,Sandoná,1.3223,-77.4792,20,9/15/1963,,Cudayari,Pacifico,Patía,Río Guáitara,2016,04,Andes,Preliminar,0,0,0,1.66456866264343,1.66456866264343,0,1.60398864746094,0,3.93818187713623,4.62545442581177,5,5,0.789855062961578,0.967391312122345,1,1,49,1.03999996185303,0
09,2013-09-03,52050040,,"",SANDONA [52050040],Pluviométrica,Convencional,Activa,Nariño,Sandoná,1.3223,-77.4792,20,9/15/1963,,Cudayari,Pacifico,Patía,Río Guáitara,2013,03,Andes,Preliminar,0,0,0,3.0806941986084,3.0806941986084,0,0.950805187225342,0,3.93818187713623,4.62545442581177,5,5,0.789855062961578,0.967391312122345,1,1,49,1.03999996185303,0
09,2005-09-01,52050040,,"",SANDONA [52050040],Pluviométrica,Convencional,Activa,Nariño,Sandoná,1.3223,-77.4792,20,9/15/1963,,Cudayari,Pacifico,Patía,Río Guáitara,2005,01,Andes,Preliminar,0,0,0,2.42788791656494,2.42788791656494,0,0.879116773605347,0.064701035618782,3.93818187713623,4.62545442581177,5,5,0.789855062961578,0.967391312122345,1,1,49,1.03999996185303,0
09,2008-09-02,52050040,8,Definitivo,SANDONA [52050040],Pluviométrica,Convencional,Activa,Nariño,Sandoná,1.3223,-77.4792,20,9/15/1963,,Cudayari,Pacifico,Patía,Río Guáitara,2008,02,Andes,Definitivo,8,8,0,4.2570595741272,4.2570595741272,0,3.75412511825562,0.777198731899262,3.93818187713623,4.62545442581177,5,5,0.789855062961578,0.967391312122345,1,1,49,1.03999996185303,8.31999969482422
09,2005-09-02,52050040,0,Definitivo,SANDONA [52050040],Pluviométrica,Convencional,Activa,Nariño,Sandoná,1.3223,-77.4792,20,9/15/1963,,Cudayari,Pacifico,Patía,Río Guáitara,2005,02,Andes,Definitivo,0,0,0,0,0,4.01577425003052,0.632893025875092,3.06447649002075,3.93818187713623,4.62545442581177,5,5,0.789855062961578,0.967391312122345,1,1,49,1.03999996185303,0
09,2016-09-12,52050040,,"",SANDONA [52050040],Pluviométrica,Convencional,Activa,Nariño,Sandoná,1.3223,-77.4792,20,9/15/1963,,Cudayari,Pacifico,Patía,Río Guáitara,2016,12,Andes,Preliminar,0,0,0,0.871913194656372,0.871913194656372,0,0.714634358882904,0.014214045368135,3.93818187713623,4.62545442581177,5,5,0.789855062961578,0.967391312122345,1,1,51,1.03999996185303,0
09,2017-09-10,52050040,,"",SANDONA [52050040],Pluviométrica,Convencional,Activa,Nariño,Sandoná,1.3223,-77.4792,20,9/15/1963,,Cudayari,Pacifico,Patía,Río Guáitara,2017,10,Andes,Preliminar,0,0,0,3.06869673728943,3.06869673728943,0,3.19921326637268,0.763379991054535,3.93818187713623,4.62545442581177,5,5,0.789855062961578,0.967391312122345,1,1,50,1.03999996185303,0
09,2017-09-11,52050040,,"",SANDONA [52050040],Pluviométrica,Convencional,Activa,Nariño,Sandoná,1.3223,-77.4792,20,9/15/1963,,Cudayari,Pacifico,Patía,Río Guáitara,2017,11,Andes,Preliminar,0,0,0,2.22455549240112,2.22455549240112,4.75184488296509,2.04097986221313,2.20706224441528,3.93818187713623,4.62545442581177,5,5,0.789855062961578,0.967391312122345,1,1,51,1.03999996185303,0
09,2019-09-05,52050040,,"",SANDONA [52050040],Pluviométrica,Convencional,Activa,Nariño,Sandoná,1.3223,-77.4792,20,9/15/1963,,Cudayari,Pacifico,Patía,Río Guáitara,2019,05,Andes,Preliminar,0,0,0,0.76280802488327,0.76280802488327,0,0.109394662082195,0.0186673272401094,3.93818187713623,4.62545442581177,5,5,0.789855062961578,0.967391312122345,1,1,49,1.03999996185303,0
09,2007-09-03,52050040,,"",SANDONA [52050040],Pluviométrica,Convencional,Activa,Nariño,Sandoná,1.3223,-77.4792,20,9/15/1963,,Cudayari,Pacifico,Patía,Río Guáitara,2007,03,Andes,Preliminar,0,0,0,0.135858118534088,0.135858118534088,0,0.103008590638638,0.234516888856888,3.93818187713623,4.62545442581177,5,5,0.789855062961578,0.967391312122345,1,1,49,1.03999996185303,0
09,2011-09-03,52050040,,"",SANDONA [52050040],Pluviométrica,Convencional,Activa,Nariño,Sandoná,1.3223,-77.4792,20,9/15/1963,,Cudayari,Pacifico,Patía,Río Guáitara,2011,03,Andes,Preliminar,0,0,0,2.44360017776489,2.44360017776489,0,0.121811985969543,0.586601495742798,3.93818187713623,4.62545442581177,5,5,0.789855062961578,0.967391312122345,1,1,49,1.03999996185303,0
09,2017-09-09,52050040,,"",SANDONA [52050040],Pluviométrica,Convencional,Activa,Nariño,Sandoná,1.3223,-77.4792,20,9/15/1963,,Cudayari,Pacifico,Patía,Río Guáitara,2017,09,Andes,Preliminar,0,0,0,5.48998785018921,5.48998785018921,11.2972087860107,3.76521348953247,6.18151521682739,3.93818187713623,4.62545442581177,5,5,0.789855062961578,0.967391312122345,1,1,50,1.03999996185303,0
09,2014-09-05,52050040,,"",SANDONA [52050040],Pluviométrica,Convencional,Activa,Nariño,Sandoná,1.3223,-77.4792,20,9/15/1963,,Cudayari,Pacifico,Patía,Río Guáitara,2014,05,Andes,Preliminar,0,0,0,0.359697163105011,0.359697163105011,0,0.0640245005488396,0,3.93818187713623,4.62545442581177,5,5,0.789855062961578,0.967391312122345,1,1,49,1.03999996185303,0
09,2015-09-01,52050040,,"",SANDONA [52050040],Pluviométrica,Convencional,Activa,Nariño,Sandoná,1.3223,-77.4792,20,9/15/1963,,Cudayari,Pacifico,Patía,Río Guáitara,2015,01,Andes,Preliminar,0,0,0,2.11752915382385,2.11752915382385,0,0.0743702203035355,0,3.93818187713623,4.62545442581177,5,5,0.789855062961578,0.967391312122345,1,1,49,1.03999996185303,0
09,2016-09-05,52050040,0,Definitivo,SANDONA [52050040],Pluviométrica,Convencional,Activa,Nariño,Sandoná,1.3223,-77.4792,20,9/15/1963,,Cudayari,Pacifico,Patía,Río Guáitara,2016,05,Andes,Definitivo,0,0,0,2.04506731033325,2.04506731033325,0,0.759591162204742,1.15838766098022,3.93818187713623,4.62545442581177,5,5,0.789855062961578,0.967391312122345,1,1,49,1.03999996185303,0
09,2015-09-02,52050040,,"",SANDONA [52050040],Pluviométrica,Convencional,Activa,Nariño,Sandoná,1.3223,-77.4792,20,9/15/1963,,Cudayari,Pacifico,Patía,Río Guáitara,2015,02,Andes,Preliminar,0,0,0,1.13663852214813,1.13663852214813,0,0.0648845732212067,0.895467042922974,3.93818187713623,4.62545442581177,5,5,0.789855062961578,0.967391312122345,1,1,49,1.03999996185303,0
09,2011-09-01,52050040,,"",SANDONA [52050040],Pluviométrica,Convencional,Activa,Nariño,Sandoná,1.3223,-77.4792,20,9/15/1963,,Cudayari,Pacifico,Patía,Río Guáitara,2011,01,Andes,Preliminar,0,0,0,0.198893398046494,0.198893398046494,0,0.0697372108697891,0.0024441727437079,3.93818187713623,4.62545442581177,5,5,0.789855062961578,0.967391312122345,1,1,49,1.03999996185303,0
09,2020-09-03,52050040,,"",SANDONA [52050040],Pluviométrica,Convencional,Activa,Nariño,Sandoná,1.3223,-77.4792,20,9/15/1963,,Cudayari,Pacifico,Patía,Río Guáitara,2020,03,Andes,Preliminar,0,0,0,1.3108537197113,1.3108537197113,0,0.412982076406479,0.136958509683609,3.93818187713623,4.62545442581177,5,5,0.789855062961578,0.967391312122345,1,1,49,1.03999996185303,0
09,2019-09-01,52050040,,"",SANDONA [52050040],Pluviométrica,Convencional,Activa,Nariño,Sandoná,1.3223,-77.4792,20,9/15/1963,,Cudayari,Pacifico,Patía,Río Guáitara,2019,01,Andes,Preliminar,0,0,0,1.11884200572968,1.11884200572968,0,0.0639219433069229,0,3.93818187713623,4.62545442581177,5,5,0.789855062961578,0.967391312122345,1,1,49,1.03999996185303,0
09,2018-09-03,52050040,,"",SANDONA [52050040],Pluviométrica,Convencional,Activa,Nariño,Sandoná,1.3223,-77.4792,20,9/15/1963,,Cudayari,Pacifico,Patía,Río Guáitara,2018,03,Andes,Preliminar,0,0,0,0.567480623722076,0.567480623722076,0,0.193447396159172,0.0734768062829971,3.93818187713623,4.62545442581177,5,5,0.789855062961578,0.967391312122345,1,1,49,1.03999996185303,0
09,2017-09-05,52050040,1,Definitivo,SANDONA [52050040],Pluviométrica,Convencional,Activa,Nariño,Sandoná,1.3223,-77.4792,20,9/15/1963,,Cudayari,Pacifico,Patía,Río Guáitara,2017,05,Andes,Definitivo,1,1,0,0.789458930492401,0.789458930492401,0,0.500144600868225,0,3.93818187713623,4.62545442581177,5,5,0.789855062961578,0.967391312122345,1,1,49,1.03999996185303,1.03999996185303
09,2018-09-07,52050040,,"",SANDONA [52050040],Pluviométrica,Convencional,Activa,Nariño,Sandoná,1.3223,-77.4792,20,9/15/1963,,Cudayari,Pacifico,Patía,Río Guáitara,2018,07,Andes,Preliminar,0,0,0,1.03259766101837,1.03259766101837,0,0.19655080139637,0.094744585454464,3.93818187713623,4.62545442581177,5,5,0.789855062961578,0.967391312122345,1,1,50,1.03999996185303,0
09,2019-09-06,52050040,,"",SANDONA [52050040],Pluviométrica,Convencional,Activa,Nariño,Sandoná,1.3223,-77.4792,20,9/15/1963,,Cudayari,Pacifico,Patía,Río Guáitara,2019,06,Andes,Preliminar,0,0,0,0.919159948825836,0.919159948825836,0,0.0826083198189735,0,3.93818187713623,4.62545442581177,5,5,0.789855062961578,0.967391312122345,1,1,50,1.03999996185303,0
09,2018-09-02,52050040,,"",SANDONA [52050040],Pluviométrica,Convencional,Activa,Nariño,Sandoná,1.3223,-77.4792,20,9/15/1963,,Cudayari,Pacifico,Patía,Río Guáitara,2018,02,Andes,Preliminar,0,0,0,0.746231257915497,0.746231257915497,0,0.155570328235626,0,3.93818187713623,4.62545442581177,5,5,0.789855062961578,0.967391312122345,1,1,49,1.03999996185303,0
09,2017-09-04,52050040,,"",SANDONA [52050040],Pluviométrica,Convencional,Activa,Nariño,Sandoná,1.3223,-77.4792,20,9/15/1963,,Cudayari,Pacifico,Patía,Río Guáitara,2017,04,Andes,Preliminar,0,0,0,0.448467552661896,0.448467552661896,0,0.0846142843365669,0.106809824705124,3.93818187713623,4.62545442581177,5,5,0.789855062961578,0.967391312122345,1,1,49,1.03999996185303,0
09,2013-09-01,52050040,,"",SANDONA [52050040],Pluviométrica,Convencional,Activa,Nariño,Sandoná,1.3223,-77.4792,20,9/15/1963,,Cudayari,Pacifico,Patía,Río Guáitara,2013,01,Andes,Preliminar,0,0,0,1.0548357963562,1.0548357963562,0,0.207185074687004,1.84896731376648,3.93818187713623,4.62545442581177,5,5,0.789855062961578,0.967391312122345,1,1,49,1.03999996185303,0
09,2019-09-04,52050040,,"",SANDONA [52050040],Pluviométrica,Convencional,Activa,Nariño,Sandoná,1.3223,-77.4792,20,9/15/1963,,Cudayari,Pacifico,Patía,Río Guáitara,2019,04,Andes,Preliminar,0,0,0,1.38423347473145,1.38423347473145,0,0.121589526534081,0.617888569831848,3.93818187713623,4.62545442581177,5,5,0.789855062961578,0.967391312122345,1,1,49,1.03999996185303,0
09,2013-09-02,52050040,,"",SANDONA [52050040],Pluviométrica,Convencional,Activa,Nariño,Sandoná,1.3223,-77.4792,20,9/15/1963,,Cudayari,Pacifico,Patía,Río Guáitara,2013,02,Andes,Preliminar,0,0,0,1.75660932064056,1.75660932064056,0,0.802264988422394,0.886123478412628,3.93818187713623,4.62545442581177,5,5,0.789855062961578,0.967391312122345,1,1,49,1.03999996185303,0
09,2016-09-01,52050040,,"",SANDONA [52050040],Pluviométrica,Convencional,Activa,Nariño,Sandoná,1.3223,-77.4792,20,9/15/1963,,Cudayari,Pacifico,Patía,Río Guáitara,2016,01,Andes,Preliminar,0,0,0,2.01983141899109,2.01983141899109,0,0.808905243873596,3.45102953910828,3.93818187713623,4.62545442581177,5,5,0.789855062961578,0.967391312122345,1,1,49,1.03999996185303,0
09,2018-09-01,52050040,,"",SANDONA [52050040],Pluviométrica,Convencional,Activa,Nariño,Sandoná,1.3223,-77.4792,20,9/15/1963,,Cudayari,Pacifico,Patía,Río Guáitara,2018,01,Andes,Preliminar,0,0,0,0.828527271747589,0.828527271747589,0,0.317716538906097,0,3.93818187713623,4.62545442581177,5,5,0.789855062961578,0.967391312122345,1,1,49,1.03999996185303,0
09,2015-09-03,52050040,,"",SANDONA [52050040],Pluviométrica,Convencional,Activa,Nariño,Sandoná,1.3223,-77.4792,20,9/15/1963,,Cudayari,Pacifico,Patía,Río Guáitara,2015,03,Andes,Preliminar,0,0,0,0.869856536388397,0.869856536388397,0,0.0850288346409798,0,3.93818187713623,4.62545442581177,5,5,0.789855062961578,0.967391312122345,1,1,49,1.03999996185303,0
09,2014-09-06,52050040,,"",SANDONA [52050040],Pluviométrica,Convencional,Activa,Nariño,Sandoná,1.3223,-77.4792,20,9/15/1963,,Cudayari,Pacifico,Patía,Río Guáitara,2014,06,Andes,Preliminar,0,0,0,0.826031684875488,0.826031684875488,0,0.0762413367629051,0,3.93818187713623,4.62545442581177,5,5,0.789855062961578,0.967391312122345,1,1,50,1.03999996185303,0
09,2011-09-02,52050040,,"",SANDONA [52050040],Pluviométrica,Convencional,Activa,Nariño,Sandoná,1.3223,-77.4792,20,9/15/1963,,Cudayari,Pacifico,Patía,Río Guáitara,2011,02,Andes,Preliminar,0,0,0,1.00904893875122,1.00904893875122,0,0.0593895055353642,0.0708810165524483,3.93818187713623,4.62545442581177,5,5,0.789855062961578,0.967391312122345,1,1,49,1.03999996185303,0
10,2014-10-30,52050040,33,Definitivo,SANDONA [52050040],Pluviométrica,Convencional,Activa,Nariño,Sandoná,1.3223,-77.4792,20,9/15/1963,,Cudayari,Pacifico,Patía,Río Guáitara,2014,30,Andes,Definitivo,33,33,0,10.4956436157227,10.4956436157227,0,5.39087200164795,6.39791345596314,3.93818187713623,4.62545442581177,5,5,0.789855062961578,0.967391312122345,1,1,60,1.03999996185303,34.3199987411499
10,2014-10-29,52050040,2,Definitivo,SANDONA [52050040],Pluviométrica,Convencional,Activa,Nariño,Sandoná,1.3223,-77.4792,20,9/15/1963,,Cudayari,Pacifico,Patía,Río Guáitara,2014,29,Andes,Definitivo,2,2,0,7.17049217224121,7.17049217224121,0,2.10115551948547,0,3.93818187713623,4.62545442581177,5,5,0.789855062961578,0.967391312122345,1,1,60,1.03999996185303,2.07999992370605
10,2016-10-30,52050040,,"",SANDONA [52050040],Pluviométrica,Convencional,Activa,Nariño,Sandoná,1.3223,-77.4792,20,9/15/1963,,Cudayari,Pacifico,Patía,Río Guáitara,2016,30,Andes,Preliminar,0,0,0,1.7655463218689,1.7655463218689,0,1.24315273761749,0,3.93818187713623,4.62545442581177,5,5,0.789855062961578,0.967391312122345,1,1,60,1.03999996185303,0
10,2019-10-30,52050040,0,Definitivo,SANDONA [52050040],Pluviométrica,Convencional,Activa,Nariño,Sandoná,1.3223,-77.4792,20,9/15/1963,,Cudayari,Pacifico,Patía,Río Guáitara,2019,30,Andes,Definitivo,0,0,0,10.0497093200684,10.0497093200684,0,3.2856068611145,0.0421817004680634,3.93818187713623,4.62545442581177,5,5,0.789855062961578,0.967391312122345,1,1,60,1.03999996185303,0
10,2009-10-31,52050040,6,Definitivo,SANDONA [52050040],Pluviométrica,Convencional,Activa,Nariño,Sandoná,1.3223,-77.4792,20,9/15/1963,,Cudayari,Pacifico,Patía,Río Guáitara,2009,31,Andes,Definitivo,6,6,0,6.63406324386597,6.63406324386597,64.5862503051758,4.57308435440064,16.8249187469482,3.93818187713623,4.62545442581177,5,5,0.789855062961578,0.967391312122345,1,1,60,1.03999996185303,6.23999977111816
10,2009-10-30,52050040,1,Definitivo,SANDONA [52050040],Pluviométrica,Convencional,Activa,Nariño,Sandoná,1.3223,-77.4792,20,9/15/1963,,Cudayari,Pacifico,Patía,Río Guáitara,2009,30,Andes,Definitivo,1,1,0,13.2681274414063,13.2681274414063,0,4.69233512878418,0.0645457282662392,3.93818187713623,4.62545442581177,5,5,0.789855062961578,0.967391312122345,1,1,60,1.03999996185303,1.03999996185303
10,2016-10-31,52050040,9,Definitivo,SANDONA [52050040],Pluviométrica,Convencional,Activa,Nariño,Sandoná,1.3223,-77.4792,20,9/15/1963,,Cudayari,Pacifico,Patía,Río Guáitara,2016,31,Andes,Definitivo,9,9,0,6.73615074157715,6.73615074157715,16.8003463745117,1.95576548576355,8.83884620666504,3.93818187713623,4.62545442581177,5,5,0.789855062961578,0.967391312122345,1,1,60,1.03999996185303,9.35999965667725
10,2012-10-29,52050040,,"",SANDONA [52050040],Pluviométrica,Convencional,Activa,Nariño,Sandoná,1.3223,-77.4792,20,9/15/1963,,Cudayari,Pacifico,Patía,Río Guáitara,2012,29,Andes,Preliminar,0,0,0,4.81345748901367,4.81345748901367,0,5.23800849914551,0.41177362203598,3.93818187713623,4.62545442581177,5,5,0.789855062961578,0.967391312122345,1,1,60,1.03999996185303,0
10,2011-10-31,52050040,,"",SANDONA [52050040],Pluviométrica,Convencional,Activa,Nariño,Sandoná,1.3223,-77.4792,20,9/15/1963,,Cudayari,Pacifico,Patía,Río Guáitara,2011,31,Andes,Preliminar,0,0,0,2.97051787376404,2.97051787376404,0,0.44777712225914,0.0116117913275957,3.93818187713623,4.62545442581177,5,5,0.789855062961578,0.967391312122345,1,1,60,1.03999996185303,0
10,2011-10-30,52050040,4,Definitivo,SANDONA [52050040],Pluviométrica,Convencional,Activa,Nariño,Sandoná,1.3223,-77.4792,20,9/15/1963,,Cudayari,Pacifico,Patía,Río Guáitara,2011,30,Andes,Definitivo,4,4,0,5.65724468231201,5.65724468231201,0,2.18928670883179,0.0261265300214291,3.93818187713623,4.62545442581177,5,5,0.789855062961578,0.967391312122345,1,1,60,1.03999996185303,4.15999984741211
10,2009-10-29,52050040,4,Definitivo,SANDONA [52050040],Pluviométrica,Convencional,Activa,Nariño,Sandoná,1.3223,-77.4792,20,9/15/1963,,Cudayari,Pacifico,Patía,Río Guáitara,2009,29,Andes,Definitivo,4,4,0,4.84935617446899,4.84935617446899,0,7.8394923210144,5.80911493301392,3.93818187713623,4.62545442581177,5,5,0.789855062961578,0.967391312122345,1,1,60,1.03999996185303,4.15999984741211
10,2023-10-26,52050040,2,En revisión,SANDONA [52050040],Pluviométrica,Convencional,Activa,Nariño,Sandoná,1.3223,-77.4792,20,9/15/1963,,Cudayari,Pacifico,Patía,Río Guáitara,2023,26,Andes,En revisión,2,2,0,21.7462768554688,21.7462768554688,13.9519214630127,6.75785064697266,24.9911937713623,3.93818187713623,4.62545442581177,5,5,0.789855062961578,0.967391312122345,1,1,60,1.03999996185303,2.07999992370605
10,2014-10-31,52050040,0,Definitivo,SANDONA [52050040],Pluviométrica,Convencional,Activa,Nariño,Sandoná,1.3223,-77.4792,20,9/15/1963,,Cudayari,Pacifico,Patía,Río Guáitara,2014,31,Andes,Definitivo,0,0,0,4.250328540802,4.250328540802,38.4829597473145,9.10529518127441,19.5144939422607,3.93818187713623,4.62545442581177,5,5,0.789855062961578,0.967391312122345,1,1,60,1.03999996185303,0
10,2019-10-31,52050040,,"",SANDONA [52050040],Pluviométrica,Convencional,Activa,Nariño,Sandoná,1.3223,-77.4792,20,9/15/1963,,Cudayari,Pacifico,Patía,Río Guáitara,2019,31,Andes,Preliminar,0,0,0,15.1678266525269,15.1678266525269,5.38743352890015,3.50125169754028,12.1905107498169,3.93818187713623,4.62545442581177,5,5,0.789855062961578,0.967391312122345,1,1,60,1.03999996185303,0
10,2008-10-31,52050040,7,Definitivo,SANDONA [52050040],Pluviométrica,Convencional,Activa,Nariño,Sandoná,1.3223,-77.4792,20,9/15/1963,,Cudayari,Pacifico,Patía,Río Guáitara,2008,31,Andes,Definitivo,7,7,0,6.61053466796875,6.61053466796875,21.3120460510254,5.3027138710022,16.5350170135498,3.93818187713623,4.62545442581177,5,5,0.789855062961578,0.967391312122345,1,1,60,1.03999996185303,7.27999973297119
10,2022-10-29,52050040,2,En revisión,SANDONA [52050040],Pluviométrica,Convencional,Activa,Nariño,Sandoná,1.3223,-77.4792,20,9/15/1963,,Cudayari,Pacifico,Patía,Río Guáitara,2022,29,Andes,En revisión,2,2,0,10.5687532424927,10.5687532424927,9.9015064239502,25.4630298614502,33.2528991699219,3.93818187713623,4.62545442581177,5,5,0.789855062961578,0.967391312122345,1,1,60,1.03999996185303,2.07999992370605
10,2010-10-28,52050040,15,Definitivo,SANDONA [52050040],Pluviométrica,Convencional,Activa,Nariño,Sandoná,1.3223,-77.4792,20,9/15/1963,,Cudayari,Pacifico,Patía,Río Guáitara,2010,28,Andes,Definitivo,15,15,0,6.25186157226563,6.25186157226563,29.9283542633057,13.6878547668457,15.9559316635132,3.93818187713623,4.62545442581177,5,5,0.789855062961578,0.967391312122345,1,1,60,1.03999996185303,15.5999994277954
10,2013-10-26,52050040,,"",SANDONA [52050040],Pluviométrica,Convencional,Activa,Nariño,Sandoná,1.3223,-77.4792,20,9/15/1963,,Cudayari,Pacifico,Patía,Río Guáitara,2013,26,Andes,Preliminar,0,0,0,2.4919228553772,2.4919228553772,0,1.66296803951263,0.0961403474211693,3.93818187713623,4.62545442581177,5,5,0.789855062961578,0.967391312122345,1,1,60,1.03999996185303,0
10,2017-10-29,52050040,1,Definitivo,SANDONA [52050040],Pluviométrica,Convencional,Activa,Nariño,Sandoná,1.3223,-77.4792,20,9/15/1963,,Cudayari,Pacifico,Patía,Río Guáitara,2017,29,Andes,Definitivo,1,1,0,14.761040687561,14.761040687561,0,1.82055985927582,0.817988395690918,3.93818187713623,4.62545442581177,5,5,0.789855062961578,0.967391312122345,1,1,60,1.03999996185303,1.03999996185303
10,2023-10-29,52050040,,"",SANDONA [52050040],Pluviométrica,Convencional,Activa,Nariño,Sandoná,1.3223,-77.4792,20,9/15/1963,,Cudayari,Pacifico,Patía,Río Guáitara,2023,29,Andes,Preliminar,0,0,0,4.11597728729248,4.11597728729248,18.6025619506836,6.75785064697266,1.77766215801239,3.93818187713623,4.62545442581177,5,5,0.789855062961578,0.967391312122345,1,1,60,1.03999996185303,0
10,2006-10-31,52050040,12,Definitivo,SANDONA [52050040],Pluviométrica,Convencional,Activa,Nariño,Sandoná,1.3223,-77.4792,20,9/15/1963,,Cudayari,Pacifico,Patía,Río Guáitara,2006,31,Andes,Definitivo,12,12,0,0.237031400203705,0.237031400203705,19.2552433013916,12.4648332595825,6.06196689605713,3.93818187713623,4.62545442581177,5,5,0.789855062961578,0.967391312122345,1,1,60,1.03999996185303,12.4799995422363
10,2010-10-27,52050040,20,Definitivo,SANDONA [52050040],Pluviométrica,Convencional,Activa,Nariño,Sandoná,1.3223,-77.4792,20,9/15/1963,,Cudayari,Pacifico,Patía,Río Guáitara,2010,27,Andes,Definitivo,20,20,0,34.6993293762207,34.6993293762207,0,17.4413738250732,28.5758876800537,3.93818187713623,4.62545442581177,5,5,0.789855062961578,0.967391312122345,1,1,60,1.03999996185303,20.7999992370605
10,2016-10-29,52050040,,"",SANDONA [52050040],Pluviométrica,Convencional,Activa,Nariño,Sandoná,1.3223,-77.4792,20,9/15/1963,,Cudayari,Pacifico,Patía,Río Guáitara,2016,29,Andes,Preliminar,0,0,0,7.12781143188477,7.12781143188477,0,3.62203001976013,0.807656466960907,3.93818187713623,4.62545442581177,5,5,0.789855062961578,0.967391312122345,1,1,60,1.03999996185303,0
10,2012-10-30,52050040,13,Definitivo,SANDONA [52050040],Pluviométrica,Convencional,Activa,Nariño,Sandoná,1.3223,-77.4792,20,9/15/1963,,Cudayari,Pacifico,Patía,Río Guáitara,2012,30,Andes,Definitivo,13,13,0,7.32961988449097,7.32961988449097,22.6177024841309,9.54913806915283,25.1410694122314,3.93818187713623,4.62545442581177,5,5,0.789855062961578,0.967391312122345,1,1,60,1.03999996185303,13.5199995040894
10,2017-10-30,52050040,0,Definitivo,SANDONA [52050040],Pluviométrica,Convencional,Activa,Nariño,Sandoná,1.3223,-77.4792,20,9/15/1963,,Cudayari,Pacifico,Patía,Río Guáitara,2017,30,Andes,Definitivo,0,0,0,8.62313652038574,8.62313652038574,13.7735004425049,3.12184715270996,5.69599294662476,3.93818187713623,4.62545442581177,5,5,0.789855062961578,0.967391312122345,1,1,60,1.03999996185303,0
10,2017-10-31,52050040,,"",SANDONA [52050040],Pluviométrica,Convencional,Activa,Nariño,Sandoná,1.3223,-77.4792,20,9/15/1963,,Cudayari,Pacifico,Patía,Río Guáitara,2017,31,Andes,Preliminar,0,0,0,20.4085960388184,20.4085960388184,0,1.80332720279694,2.16966485977173,3.93818187713623,4.62545442581177,5,5,0.789855062961578,0.967391312122345,1,1,60,1.03999996185303,0
10,2008-10-27,52050040,24,Definitivo,SANDONA [52050040],Pluviométrica,Convencional,Activa,Nariño,Sandoná,1.3223,-77.4792,20,9/15/1963,,Cudayari,Pacifico,Patía,Río Guáitara,2008,27,Andes,Definitivo,24,24,0,17.9580307006836,17.9580307006836,0,11.6912784576416,4.66619253158569,3.93818187713623,4.62545442581177,5,5,0.789855062961578,0.967391312122345,1,1,60,1.03999996185303,24.9599990844727
10,2013-10-31,52050040,9,Definitivo,SANDONA [52050040],Pluviométrica,Convencional,Activa,Nariño,Sandoná,1.3223,-77.4792,20,9/15/1963,,Cudayari,Pacifico,Patía,Río Guáitara,2013,31,Andes,Definitivo,9,9,0,1.58473360538483,1.58473360538483,22.0910167694092,8.74386215209961,23.8977432250977,3.93818187713623,4.62545442581177,5,5,0.789855062961578,0.967391312122345,1,1,60,1.03999996185303,9.35999965667725
10,2010-10-31,52050040,8,Definitivo,SANDONA [52050040],Pluviométrica,Convencional,Activa,Nariño,Sandoná,1.3223,-77.4792,20,9/15/1963,,Cudayari,Pacifico,Patía,Río Guáitara,2010,31,Andes,Definitivo,8,8,0,0.867483258247376,0.867483258247376,14.9641771316528,3.69538164138794,0.77607798576355,3.93818187713623,4.62545442581177,5,5,0.789855062961578,0.967391312122345,1,1,60,1.03999996185303,8.31999969482422
10,2023-10-28,52050040,3,En revisión,SANDONA [52050040],Pluviométrica,Convencional,Activa,Nariño,Sandoná,1.3223,-77.4792,20,9/15/1963,,Cudayari,Pacifico,Patía,Río Guáitara,2023,28,Andes,En revisión,3,3,0,10.5577783584595,10.5577783584595,0,6.75785064697266,3.51703643798828,3.93818187713623,4.62545442581177,5,5,0.789855062961578,0.967391312122345,1,1,60,1.03999996185303,3.11999988555908
10,2007-10-29,52050040,6,Definitivo,SANDONA [52050040],Pluviométrica,Convencional,Activa,Nariño,Sandoná,1.3223,-77.4792,20,9/15/1963,,Cudayari,Pacifico,Patía,Río Guáitara,2007,29,Andes,Definitivo,6,6,0,11.1485738754272,11.1485738754272,48.5814399719238,1.56351912021637,0,3.93818187713623,4.62545442581177,5,5,0.789855062961578,0.967391312122345,1,1,60,1.03999996185303,6.23999977111816
10,2008-10-26,52050040,,"",SANDONA [52050040],Pluviométrica,Convencional,Activa,Nariño,Sandoná,1.3223,-77.4792,20,9/15/1963,,Cudayari,Pacifico,Patía,Río Guáitara,2008,26,Andes,Preliminar,0,0,0,10.8879404067993,10.8879404067993,21.3120460510254,4.931471824646,0.103455327451229,3.93818187713623,4.62545442581177,5,5,0.789855062961578,0.967391312122345,1,1,60,1.03999996185303,0
10,2008-10-28,52050040,3,Definitivo,SANDONA [52050040],Pluviométrica,Convencional,Activa,Nariño,Sandoná,1.3223,-77.4792,20,9/15/1963,,Cudayari,Pacifico,Patía,Río Guáitara,2008,28,Andes,Definitivo,3,3,0,8.47232532501221,8.47232532501221,21.3120460510254,15.3419198989868,13.7559909820557,3.93818187713623,4.62545442581177,5,5,0.789855062961578,0.967391312122345,1,1,60,1.03999996185303,3.11999988555908
10,2012-10-31,52050040,7,Definitivo,SANDONA [52050040],Pluviométrica,Convencional,Activa,Nariño,Sandoná,1.3223,-77.4792,20,9/15/1963,,Cudayari,Pacifico,Patía,Río Guáitara,2012,31,Andes,Definitivo,7,7,0,13.395320892334,13.395320892334,0,11.2043075561523,4.11773633956909,3.93818187713623,4.62545442581177,5,5,0.789855062961578,0.967391312122345,1,1,60,1.03999996185303,7.27999973297119
10,2015-10-30,52050040,32,Definitivo,SANDONA [52050040],Pluviométrica,Convencional,Activa,Nariño,Sandoná,1.3223,-77.4792,20,9/15/1963,,Cudayari,Pacifico,Patía,Río Guáitara,2015,30,Andes,Definitivo,32,32,0,8.74429321289063,8.74429321289063,0,6.33878612518311,0,3.93818187713623,4.62545442581177,5,5,0.789855062961578,0.967391312122345,1,1,60,1.03999996185303,33.2799987792969
10,2021-10-28,52050040,2,En revisión,SANDONA [52050040],Pluviométrica,Convencional,Activa,Nariño,Sandoná,1.3223,-77.4792,20,9/15/1963,,Cudayari,Pacifico,Patía,Río Guáitara,2021,28,Andes,En revisión,2,2,0,3.61657047271729,3.61657047271729,0,3.10356903076172,0.00438413256779313,3.93818187713623,4.62545442581177,5,5,0.789855062961578,0.967391312122345,1,1,60,1.03999996185303,2.07999992370605
10,2013-10-30,52050040,26,Definitivo,SANDONA [52050040],Pluviométrica,Convencional,Activa,Nariño,Sandoná,1.3223,-77.4792,20,9/15/1963,,Cudayari,Pacifico,Patía,Río Guáitara,2013,30,Andes,Definitivo,26,26,0,9.11325454711914,9.11325454711914,22.0910167694092,12.3637638092041,1.01290714740753,3.93818187713623,4.62545442581177,5,5,0.789855062961578,0.967391312122345,1,1,60,1.03999996185303,27.0399990081787
10,2021-10-29,52050040,9,En revisión,SANDONA [52050040],Pluviométrica,Convencional,Activa,Nariño,Sandoná,1.3223,-77.4792,20,9/15/1963,,Cudayari,Pacifico,Patía,Río Guáitara,2021,29,Andes,En revisión,9,9,0,3.76605558395386,3.76605558395386,0,4.91571474075317,9.49164772033691,3.93818187713623,4.62545442581177,5,5,0.789855062961578,0.967391312122345,1,1,60,1.03999996185303,9.35999965667725
10,2008-10-30,52050040,8,Definitivo,SANDONA [52050040],Pluviométrica,Convencional,Activa,Nariño,Sandoná,1.3223,-77.4792,20,9/15/1963,,Cudayari,Pacifico,Patía,Río Guáitara,2008,30,Andes,Definitivo,8,8,0,5.50288772583008,5.50288772583008,0,3.88121652603149,0.638569116592407,3.93818187713623,4.62545442581177,5,5,0.789855062961578,0.967391312122345,1,1,60,1.03999996185303,8.31999969482422
10,2013-10-28,52050040,,"",SANDONA [52050040],Pluviométrica,Convencional,Activa,Nariño,Sandoná,1.3223,-77.4792,20,9/15/1963,,Cudayari,Pacifico,Patía,Río Guáitara,2013,28,Andes,Preliminar,0,0,0,5.90296983718872,5.90296983718872,0,1.43332171440125,0.569974958896637,3.93818187713623,4.62545442581177,5,5,0.789855062961578,0.967391312122345,1,1,60,1.03999996185303,0
10,2023-10-23,52050040,,"",SANDONA [52050040],Pluviométrica,Convencional,Activa,Nariño,Sandoná,1.3223,-77.4792,20,9/15/1963,,Cudayari,Pacifico,Patía,Río Guáitara,2023,23,Andes,Preliminar,0,0,0,8.39816188812256,8.39816188812256,11.1752281188965,8.23404693603516,4.68171310424805,3.93818187713623,4.62545442581177,5,5,0.789855062961578,0.967391312122345,1,1,59,1.03999996185303,0
10,2006-10-27,52050040,15,Definitivo,SANDONA [52050040],Pluviométrica,Convencional,Activa,Nariño,Sandoná,1.3223,-77.4792,20,9/15/1963,,Cudayari,Pacifico,Patía,Río Guáitara,2006,27,Andes,Definitivo,15,15,0,7.05450630187988,7.05450630187988,19.2552433013916,7.91386222839356,7.89945602416992,3.93818187713623,4.62545442581177,5,5,0.789855062961578,0.967391312122345,1,1,60,1.03999996185303,15.5999994277954
10,2013-10-27,52050040,,"",SANDONA [52050040],Pluviométrica,Convencional,Activa,Nariño,Sandoná,1.3223,-77.4792,20,9/15/1963,,Cudayari,Pacifico,Patía,Río Guáitara,2013,27,Andes,Preliminar,7,7,0,2.93520832061768,2.93520832061768,0,2.36281609535217,3.54689240455627,3.93818187713623,4.62545442581177,5,5,0.789855062961578,0.967391312122345,1,1,60,1.03999996185303,7.27999973297119
10,2019-10-29,52050040,9,Definitivo,SANDONA [52050040],Pluviométrica,Convencional,Activa,Nariño,Sandoná,1.3223,-77.4792,20,9/15/1963,,Cudayari,Pacifico,Patía,Río Guáitara,2019,29,Andes,Definitivo,9,9,0,8.12684059143066,8.12684059143066,10.7748670578003,2.12392950057983,2.33149743080139,3.93818187713623,4.62545442581177,5,5,0.789855062961578,0.967391312122345,1,1,60,1.03999996185303,9.35999965667725
10,2022-10-30,52050040,,"",SANDONA [52050040],Pluviométrica,Convencional,Activa,Nariño,Sandoná,1.3223,-77.4792,20,9/15/1963,,Cudayari,Pacifico,Patía,Río Guáitara,2022,30,Andes,Preliminar,0,0,0,6.11750316619873,6.11750316619873,0,25.4630298614502,0,3.93818187713623,4.62545442581177,5,5,0.789855062961578,0.967391312122345,1,1,60,1.03999996185303,0
10,2022-10-31,52050040,,"",SANDONA [52050040],Pluviométrica,Convencional,Activa,Nariño,Sandoná,1.3223,-77.4792,20,9/15/1963,,Cudayari,Pacifico,Patía,Río Guáitara,2022,31,Andes,Preliminar,0,0,0,8.54283618927002,8.54283618927002,0,25.4630298614502,6.05508041381836,3.93818187713623,4.62545442581177,5,5,0.789855062961578,0.967391312122345,1,1,60,1.03999996185303,0
10,2008-10-29,52050040,2,Definitivo,SANDONA [52050040],Pluviométrica,Convencional,Activa,Nariño,Sandoná,1.3223,-77.4792,20,9/15/1963,,Cudayari,Pacifico,Patía,Río Guáitara,2008,29,Andes,Definitivo,2,2,0,5.92709255218506,5.92709255218506,0,8.20672798156738,13.6561040878296,3.93818187713623,4.62545442581177,5,5,0.789855062961578,0.967391312122345,1,1,60,1.03999996185303,2.07999992370605
10,2006-10-28,52050040,4,Definitivo,SANDONA [52050040],Pluviométrica,Convencional,Activa,Nariño,Sandoná,1.3223,-77.4792,20,9/15/1963,,Cudayari,Pacifico,Patía,Río Guáitara,2006,28,Andes,Definitivo,4,4,0,8.22837638854981,8.22837638854981,0,6.91211652755737,11.9699335098267,3.93818187713623,4.62545442581177,5,5,0.789855062961578,0.967391312122345,1,1,60,1.03999996185303,4.15999984741211
10,2007-10-28,52050040,8,Definitivo,SANDONA [52050040],Pluviométrica,Convencional,Activa,Nariño,Sandoná,1.3223,-77.4792,20,9/15/1963,,Cudayari,Pacifico,Patía,Río Guáitara,2007,28,Andes,Definitivo,8,8,0,6.78066205978394,6.78066205978394,0,6.74722099304199,14.1811771392822,3.93818187713623,4.62545442581177,5,5,0.789855062961578,0.967391312122345,1,1,60,1.03999996185303,8.31999969482422
10,2013-10-29,52050040,2,Definitivo,SANDONA [52050040],Pluviométrica,Convencional,Activa,Nariño,Sandoná,1.3223,-77.4792,20,9/15/1963,,Cudayari,Pacifico,Patía,Río Guáitara,2013,29,Andes,Definitivo,2,2,0,9.21379566192627,9.21379566192627,0,4.55870580673218,2.00177955627441,3.93818187713623,4.62545442581177,5,5,0.789855062961578,0.967391312122345,1,1,60,1.03999996185303,2.07999992370605
10,2006-10-26,52050040,18,Definitivo,SANDONA [52050040],Pluviométrica,Convencional,Activa,Nariño,Sandoná,1.3223,-77.4792,20,9/15/1963,,Cudayari,Pacifico,Patía,Río Guáitara,2006,26,Andes,Definitivo,18,18,0,7.41569662094116,7.41569662094116,0,5.94503307342529,4.38197612762451,3.93818187713623,4.62545442581177,5,5,0.789855062961578,0.967391312122345,1,1,60,1.03999996185303,18.7199993133545
10,2023-10-31,52050040,,"",SANDONA [52050040],Pluviométrica,Convencional,Activa,Nariño,Sandoná,1.3223,-77.4792,20,9/15/1963,,Cudayari,Pacifico,Patía,Río Guáitara,2023,31,Andes,Preliminar,0,0,0,19.0267658233643,19.0267658233643,4.6506404876709,6.75785064697266,1.36196279525757,3.93818187713623,4.62545442581177,5,5,0.789855062961578,0.967391312122345,1,1,60,1.03999996185303,0
10,2011-10-27,52050040,2,Definitivo,SANDONA [52050040],Pluviométrica,Convencional,Activa,Nariño,Sandoná,1.3223,-77.4792,20,9/15/1963,,Cudayari,Pacifico,Patía,Río Guáitara,2011,27,Andes,Definitivo,2,2,0,4.30981779098511,4.30981779098511,0,1.74340915679932,3.47773170471191,3.93818187713623,4.62545442581177,5,5,0.789855062961578,0.967391312122345,1,1,60,1.03999996185303,2.07999992370605
10,2005-10-28,52050040,,"",SANDONA [52050040],Pluviométrica,Convencional,Activa,Nariño,Sandoná,1.3223,-77.4792,20,9/15/1963,,Cudayari,Pacifico,Patía,Río Guáitara,2005,28,Andes,Preliminar,0,0,0,21.3439788818359,21.3439788818359,0,4.00163888931274,0,3.93818187713623,4.62545442581177,5,5,0.789855062961578,0.967391312122345,1,1,60,1.03999996185303,0
10,2020-10-29,52050040,34,En revisión,SANDONA [52050040],Pluviométrica,Convencional,Activa,Nariño,Sandoná,1.3223,-77.4792,20,9/15/1963,,Cudayari,Pacifico,Patía,Río Guáitara,2020,29,Andes,En revisión,34,34,0,2.54069590568543,2.54069590568543,2.54883003234863,6.90758228302002,19.3806667327881,3.93818187713623,4.62545442581177,5,5,0.789855062961578,0.967391312122345,1,1,60,1.03999996185303,35.3599987030029
10,2017-10-27,52050040,12,Definitivo,SANDONA [52050040],Pluviométrica,Convencional,Activa,Nariño,Sandoná,1.3223,-77.4792,20,9/15/1963,,Cudayari,Pacifico,Patía,Río Guáitara,2017,27,Andes,Definitivo,12,12,0,6.00853824615479,6.00853824615479,6.88675022125244,2.91069865226746,6.68107032775879,3.93818187713623,4.62545442581177,5,5,0.789855062961578,0.967391312122345,1,1,60,1.03999996185303,12.4799995422363
10,2006-10-29,52050040,19,Definitivo,SANDONA [52050040],Pluviométrica,Convencional,Activa,Nariño,Sandoná,1.3223,-77.4792,20,9/15/1963,,Cudayari,Pacifico,Patía,Río Guáitara,2006,29,Andes,Definitivo,19,19,0,8.14936542510986,8.14936542510986,28.8828659057617,12.1074056625366,19.512393951416,3.93818187713623,4.62545442581177,5,5,0.789855062961578,0.967391312122345,1,1,60,1.03999996185303,19.7599992752075
10,2015-10-31,52050040,3,Definitivo,SANDONA [52050040],Pluviométrica,Convencional,Activa,Nariño,Sandoná,1.3223,-77.4792,20,9/15/1963,,Cudayari,Pacifico,Patía,Río Guáitara,2015,31,Andes,Definitivo,3,3,0,7.49513006210327,7.49513006210327,11.8786325454712,4.44847869873047,22.0772571563721,3.93818187713623,4.62545442581177,5,5,0.789855062961578,0.967391312122345,1,1,60,1.03999996185303,3.11999988555908
10,2023-10-30,52050040,8,En revisión,SANDONA [52050040],Pluviométrica,Convencional,Activa,Nariño,Sandoná,1.3223,-77.4792,20,9/15/1963,,Cudayari,Pacifico,Patía,Río Guáitara,2023,30,Andes,En revisión,,,1,12.2017440795898,12.2017440795898,9.3012809753418,6.75785064697266,8.01315212249756,3.93818187713623,4.62545442581177,5,5,0.789855062961578,0.967391312122345,1,1,60,1.03999996185303,
10,2023-10-25,52050040,52,En revisión,SANDONA [52050040],Pluviométrica,Convencional,Activa,Nariño,Sandoná,1.3223,-77.4792,20,9/15/1963,,Cudayari,Pacifico,Patía,Río Guáitara,2023,25,Andes,En revisión,52,52,0,10.5551385879517,10.5551385879517,11.1752281188965,8.23404693603516,29.9651870727539,3.93818187713623,4.62545442581177,5,5,0.789855062961578,0.967391312122345,1,1,59,1.03999996185303,54.0799980163574
10,2007-10-24,52050040,,"",SANDONA [52050040],Pluviométrica,Convencional,Activa,Nariño,Sandoná,1.3223,-77.4792,20,9/15/1963,,Cudayari,Pacifico,Patía,Río Guáitara,2007,24,Andes,Preliminar,0,0,0,5.85052585601807,5.85052585601807,0,4.00685358047485,0,3.93818187713623,4.62545442581177,5,5,0.789855062961578,0.967391312122345,1,1,59,1.03999996185303,0
10,2021-10-30,52050040,10,En revisión,SANDONA [52050040],Pluviométrica,Convencional,Activa,Nariño,Sandoná,1.3223,-77.4792,20,9/15/1963,,Cudayari,Pacifico,Patía,Río Guáitara,2021,30,Andes,En revisión,10,10,0,5.24836921691895,5.24836921691895,0,11.7394609451294,2.26659679412842,3.93818187713623,4.62545442581177,5,5,0.789855062961578,0.967391312122345,1,1,60,1.03999996185303,10.3999996185303
10,2023-10-27,52050040,7,En revisión,SANDONA [52050040],Pluviométrica,Convencional,Activa,Nariño,Sandoná,1.3223,-77.4792,20,9/15/1963,,Cudayari,Pacifico,Patía,Río Guáitara,2023,27,Andes,En revisión,7,7,0,20.7943115234375,20.7943115234375,0,6.75785064697266,0.886096239089966,3.93818187713623,4.62545442581177,5,5,0.789855062961578,0.967391312122345,1,1,60,1.03999996185303,7.27999973297119
10,2016-10-27,52050040,,"",SANDONA [52050040],Pluviométrica,Convencional,Activa,Nariño,Sandoná,1.3223,-77.4792,20,9/15/1963,,Cudayari,Pacifico,Patía,Río Guáitara,2016,27,Andes,Preliminar,0,0,0,4.64677619934082,4.64677619934082,0,0.728430271148682,0,3.93818187713623,4.62545442581177,5,5,0.789855062961578,0.967391312122345,1,1,60,1.03999996185303,0
10,2020-10-30,52050040,,"",SANDONA [52050040],Pluviométrica,Convencional,Activa,Nariño,Sandoná,1.3223,-77.4792,20,9/15/1963,,Cudayari,Pacifico,Patía,Río Guáitara,2020,30,Andes,Preliminar,0,0,0,8.68139457702637,8.68139457702637,8.70918846130371,29.123857498169,30.9716949462891,3.93818187713623,4.62545442581177,5,5,0.789855062961578,0.967391312122345,1,1,60,1.03999996185303,0
10,2007-10-25,52050040,4,Definitivo,SANDONA [52050040],Pluviométrica,Convencional,Activa,Nariño,Sandoná,1.3223,-77.4792,20,9/15/1963,,Cudayari,Pacifico,Patía,Río Guáitara,2007,25,Andes,Definitivo,4,4,0,4.87543821334839,4.87543821334839,0,1.79623878002167,0,3.93818187713623,4.62545442581177,5,5,0.789855062961578,0.967391312122345,1,1,59,1.03999996185303,4.15999984741211
10,2016-10-26,52050040,,"",SANDONA [52050040],Pluviométrica,Convencional,Activa,Nariño,Sandoná,1.3223,-77.4792,20,9/15/1963,,Cudayari,Pacifico,Patía,Río Guáitara,2016,26,Andes,Preliminar,0,0,0,3.81031537055969,3.81031537055969,0,1.12481582164764,0,3.93818187713623,4.62545442581177,5,5,0.789855062961578,0.967391312122345,1,1,60,1.03999996185303,0
10,2010-10-30,52050040,1,Definitivo,SANDONA [52050040],Pluviométrica,Convencional,Activa,Nariño,Sandoná,1.3223,-77.4792,20,9/15/1963,,Cudayari,Pacifico,Patía,Río Guáitara,2010,30,Andes,Definitivo,1,1,0,0.418785005807877,0.418785005807877,29.9283542633057,6.74026536941528,5.91325092315674,3.93818187713623,4.62545442581177,5,5,0.789855062961578,0.967391312122345,1,1,60,1.03999996185303,1.03999996185303
10,2005-10-31,52050040,,"",SANDONA [52050040],Pluviométrica,Convencional,Activa,Nariño,Sandoná,1.3223,-77.4792,20,9/15/1963,,Cudayari,Pacifico,Patía,Río Guáitara,2005,31,Andes,Preliminar,0,0,0,15.0811862945557,15.0811862945557,26.2459144592285,2.5059540271759,15.9368171691895,3.93818187713623,4.62545442581177,5,5,0.789855062961578,0.967391312122345,1,1,60,1.03999996185303,0
10,2015-10-27,52050040,,"",SANDONA [52050040],Pluviométrica,Convencional,Activa,Nariño,Sandoná,1.3223,-77.4792,20,9/15/1963,,Cudayari,Pacifico,Patía,Río Guáitara,2015,27,Andes,Preliminar,0,0,0,13.1129922866821,13.1129922866821,0,4.67755842208862,1.58308279514313,3.93818187713623,4.62545442581177,5,5,0.789855062961578,0.967391312122345,1,1,60,1.03999996185303,0
10,2006-10-30,52050040,5,Definitivo,SANDONA [52050040],Pluviométrica,Convencional,Activa,Nariño,Sandoná,1.3223,-77.4792,20,9/15/1963,,Cudayari,Pacifico,Patía,Río Guáitara,2006,30,Andes,Definitivo,5,5,0,36.7398643493652,36.7398643493652,0,11.8849287033081,7.40245914459229,3.93818187713623,4.62545442581177,5,5,0.789855062961578,0.967391312122345,1,1,60,1.03999996185303,5.19999980926514
10,2005-10-27,52050040,7,Definitivo,SANDONA [52050040],Pluviométrica,Convencional,Activa,Nariño,Sandoná,1.3223,-77.4792,20,9/15/1963,,Cudayari,Pacifico,Patía,Río Guáitara,2005,27,Andes,Definitivo,7,7,0,7.63524436950684,7.63524436950684,0,5.66989278793335,0,3.93818187713623,4.62545442581177,5,5,0.789855062961578,0.967391312122345,1,1,60,1.03999996185303,7.27999973297119
10,2006-10-25,52050040,,"",SANDONA [52050040],Pluviométrica,Convencional,Activa,Nariño,Sandoná,1.3223,-77.4792,20,9/15/1963,,Cudayari,Pacifico,Patía,Río Guáitara,2006,25,Andes,Preliminar,0,0,0,8.09188175201416,8.09188175201416,0,0,0,3.93818187713623,4.62545442581177,5,5,0.789855062961578,0.967391312122345,1,1,59,1.03999996185303,0
10,2021-10-23,52050040,32,En revisión,SANDONA [52050040],Pluviométrica,Convencional,Activa,Nariño,Sandoná,1.3223,-77.4792,20,9/15/1963,,Cudayari,Pacifico,Patía,Río Guáitara,2021,23,Andes,En revisión,32,32,0,9.29390239715576,9.29390239715576,0,14.5946645736694,3.39684867858887,3.93818187713623,4.62545442581177,5,5,0.789855062961578,0.967391312122345,1,1,59,1.03999996185303,33.2799987792969
10,2021-10-20,52050040,16,En revisión,SANDONA [52050040],Pluviométrica,Convencional,Activa,Nariño,Sandoná,1.3223,-77.4792,20,9/15/1963,,Cudayari,Pacifico,Patía,Río Guáitara,2021,20,Andes,En revisión,16,16,0,3.02462410926819,3.02462410926819,0,3.54229331016541,3.52253770828247,3.93818187713623,4.62545442581177,5,5,0.789855062961578,0.967391312122345,1,1,58,1.03999996185303,16.6399993896484
10,2011-10-28,52050040,,"",SANDONA [52050040],Pluviométrica,Convencional,Activa,Nariño,Sandoná,1.3223,-77.4792,20,9/15/1963,,Cudayari,Pacifico,Patía,Río Guáitara,2011,28,Andes,Preliminar,0,0,0,6.43114376068115,6.43114376068115,0,0.772102177143097,4.22959423065186,3.93818187713623,4.62545442581177,5,5,0.789855062961578,0.967391312122345,1,1,60,1.03999996185303,0
10,2011-10-29,52050040,3,Definitivo,SANDONA [52050040],Pluviométrica,Convencional,Activa,Nariño,Sandoná,1.3223,-77.4792,20,9/15/1963,,Cudayari,Pacifico,Patía,Río Guáitara,2011,29,Andes,Definitivo,3,3,0,6.71116065979004,6.71116065979004,0,2.04326725006104,0.399155348539352,3.93818187713623,4.62545442581177,5,5,0.789855062961578,0.967391312122345,1,1,60,1.03999996185303,3.11999988555908
10,2018-10-29,52050040,1,Definitivo,SANDONA [52050040],Pluviométrica,Convencional,Activa,Nariño,Sandoná,1.3223,-77.4792,20,9/15/1963,,Cudayari,Pacifico,Patía,Río Guáitara,2018,29,Andes,Definitivo,1,1,0,1.79280197620392,1.79280197620392,0,1.74243903160095,0.856915831565857,3.93818187713623,4.62545442581177,5,5,0.789855062961578,0.967391312122345,1,1,60,1.03999996185303,1.03999996185303
10,2020-10-31,52050040,0,En revisión,SANDONA [52050040],Pluviométrica,Convencional,Activa,Nariño,Sandoná,1.3223,-77.4792,20,9/15/1963,,Cudayari,Pacifico,Patía,Río Guáitara,2020,31,Andes,En revisión,0,0,0,16.8558959960938,16.8558959960938,16.9098606109619,6.64859771728516,0.0934181287884712,3.93818187713623,4.62545442581177,5,5,0.789855062961578,0.967391312122345,1,1,60,1.03999996185303,0
10,2021-10-31,52050040,8,En revisión,SANDONA [52050040],Pluviométrica,Convencional,Activa,Nariño,Sandoná,1.3223,-77.4792,20,9/15/1963,,Cudayari,Pacifico,Patía,Río Guáitara,2021,31,Andes,En revisión,8,8,0,4.3383526802063,4.3383526802063,0,4.11844062805176,3.85584497451782,3.93818187713623,4.62545442581177,5,5,0.789855062961578,0.967391312122345,1,1,60,1.03999996185303,8.31999969482422
10,2019-10-28,52050040,,"",SANDONA [52050040],Pluviométrica,Convencional,Activa,Nariño,Sandoná,1.3223,-77.4792,20,9/15/1963,,Cudayari,Pacifico,Patía,Río Guáitara,2019,28,Andes,Preliminar,0,0,0,7.73886871337891,7.73886871337891,0,1.84684598445892,0.230081990361214,3.93818187713623,4.62545442581177,5,5,0.789855062961578,0.967391312122345,1,1,60,1.03999996185303,0
10,2012-10-28,52050040,,"",SANDONA [52050040],Pluviométrica,Convencional,Activa,Nariño,Sandoná,1.3223,-77.4792,20,9/15/1963,,Cudayari,Pacifico,Patía,Río Guáitara,2012,28,Andes,Preliminar,0,0,0,1.64765918254852,1.64765918254852,0,1.16291546821594,0,3.93818187713623,4.62545442581177,5,5,0.789855062961578,0.967391312122345,1,1,60,1.03999996185303,0
10,2003-10-31,52050040,,"",SANDONA [52050040],Pluviométrica,Convencional,Activa,Nariño,Sandoná,1.3223,-77.4792,20,9/15/1963,,Cudayari,Pacifico,Patía,Río Guáitara,2003,31,Andes,Preliminar,8,8,0,1.68670654296875,1.68670654296875,16.2998752593994,13.0574855804443,32.8269729614258,3.93818187713623,4.62545442581177,5,5,0.789855062961578,0.967391312122345,1,1,60,1.03999996185303,8.31999969482422
10,2017-10-28,52050040,10,Definitivo,SANDONA [52050040],Pluviométrica,Convencional,Activa,Nariño,Sandoná,1.3223,-77.4792,20,9/15/1963,,Cudayari,Pacifico,Patía,Río Guáitara,2017,28,Andes,Definitivo,10,10,0,6.18172836303711,6.18172836303711,0,15.3888530731201,3.96774315834045,3.93818187713623,4.62545442581177,5,5,0.789855062961578,0.967391312122345,1,1,60,1.03999996185303,10.3999996185303
10,2022-10-27,52050040,,"",SANDONA [52050040],Pluviométrica,Convencional,Activa,Nariño,Sandoná,1.3223,-77.4792,20,9/15/1963,,Cudayari,Pacifico,Patía,Río Guáitara,2022,27,Andes,Preliminar,0,0,0,9.53724670410156,9.53724670410156,4.9507532119751,25.4630298614502,44.3872451782227,3.93818187713623,4.62545442581177,5,5,0.789855062961578,0.967391312122345,1,1,60,1.03999996185303,0
10,2022-10-28,52050040,,"",SANDONA [52050040],Pluviométrica,Convencional,Activa,Nariño,Sandoná,1.3223,-77.4792,20,9/15/1963,,Cudayari,Pacifico,Patía,Río Guáitara,2022,28,Andes,Preliminar,0,0,0,9.87652397155762,9.87652397155762,9.9015064239502,25.4630298614502,44.5373725891113,3.93818187713623,4.62545442581177,5,5,0.789855062961578,0.967391312122345,1,1,60,1.03999996185303,0
10,2007-10-23,52050040,1,Definitivo,SANDONA [52050040],Pluviométrica,Convencional,Activa,Nariño,Sandoná,1.3223,-77.4792,20,9/15/1963,,Cudayari,Pacifico,Patía,Río Guáitara,2007,23,Andes,Definitivo,1,1,0,3.83070135116577,3.83070135116577,0,3.78115057945251,13.1691741943359,3.93818187713623,4.62545442581177,5,5,0.789855062961578,0.967391312122345,1,1,59,1.03999996185303,1.03999996185303
10,2008-10-20,52050040,6,Definitivo,SANDONA [52050040],Pluviométrica,Convencional,Activa,Nariño,Sandoná,1.3223,-77.4792,20,9/15/1963,,Cudayari,Pacifico,Patía,Río Guáitara,2008,20,Andes,Definitivo,6,6,0,9.70122146606445,9.70122146606445,12.5255336761475,8.05451774597168,7.70907878875732,3.93818187713623,4.62545442581177,5,5,0.789855062961578,0.967391312122345,1,1,58,1.03999996185303,6.23999977111816
10,2009-10-26,52050040,,"",SANDONA [52050040],Pluviométrica,Convencional,Activa,Nariño,Sandoná,1.3223,-77.4792,20,9/15/1963,,Cudayari,Pacifico,Patía,Río Guáitara,2009,26,Andes,Preliminar,0,0,0,3.8037703037262,3.8037703037262,0,0.995797693729401,0.0645457282662392,3.93818187713623,4.62545442581177,5,5,0.789855062961578,0.967391312122345,1,1,60,1.03999996185303,0
10,2009-10-27,52050040,,"",SANDONA [52050040],Pluviométrica,Convencional,Activa,Nariño,Sandoná,1.3223,-77.4792,20,9/15/1963,,Cudayari,Pacifico,Patía,Río Guáitara,2009,27,Andes,Preliminar,0,0,0,6.67011833190918,6.67011833190918,0,5.24628162384033,2.38819169998169,3.93818187713623,4.62545442581177,5,5,0.789855062961578,0.967391312122345,1,1,60,1.03999996185303,0
10,2014-10-27,52050040,,"",SANDONA [52050040],Pluviométrica,Convencional,Activa,Nariño,Sandoná,1.3223,-77.4792,20,9/15/1963,,Cudayari,Pacifico,Patía,Río Guáitara,2014,27,Andes,Preliminar,0,0,0,3.15741395950317,3.15741395950317,19.2414798736572,7.58450555801392,7.10242795944214,3.93818187713623,4.62545442581177,5,5,0.789855062961578,0.967391312122345,1,1,60,1.03999996185303,0
10,2018-10-30,52050040,2,Definitivo,SANDONA [52050040],Pluviométrica,Convencional,Activa,Nariño,Sandoná,1.3223,-77.4792,20,9/15/1963,,Cudayari,Pacifico,Patía,Río Guáitara,2018,30,Andes,Definitivo,2,2,0,1.24180495738983,1.24180495738983,0,0.937483012676239,4.72038221359253,3.93818187713623,4.62545442581177,5,5,0.789855062961578,0.967391312122345,1,1,60,1.03999996185303,2.07999992370605
10,2018-10-31,52050040,,"",SANDONA [52050040],Pluviométrica,Convencional,Activa,Nariño,Sandoná,1.3223,-77.4792,20,9/15/1963,,Cudayari,Pacifico,Patía,Río Guáitara,2018,31,Andes,Preliminar,0,0,0,2.52978420257568,2.52978420257568,0,0.687940299510956,0.663497745990753,3.93818187713623,4.62545442581177,5,5,0.789855062961578,0.967391312122345,1,1,60,1.03999996185303,0
10,2010-10-29,52050040,2,Definitivo,SANDONA [52050040],Pluviométrica,Convencional,Activa,Nariño,Sandoná,1.3223,-77.4792,20,9/15/1963,,Cudayari,Pacifico,Patía,Río Guáitara,2010,29,Andes,Definitivo,2,2,0,1.85461926460266,1.85461926460266,0,10.4719200134277,2.18344306945801,3.93818187713623,4.62545442581177,5,5,0.789855062961578,0.967391312122345,1,1,60,1.03999996185303,2.07999992370605
10,2007-10-31,52050040,8,Definitivo,SANDONA [52050040],Pluviométrica,Convencional,Activa,Nariño,Sandoná,1.3223,-77.4792,20,9/15/1963,,Cudayari,Pacifico,Patía,Río Guáitara,2007,31,Andes,Definitivo,8,8,0,14.8508996963501,14.8508996963501,0,2.17726898193359,0.925743937492371,3.93818187713623,4.62545442581177,5,5,0.789855062961578,0.967391312122345,1,1,60,1.03999996185303,8.31999969482422
10,2013-10-25,52050040,,"",SANDONA [52050040],Pluviométrica,Convencional,Activa,Nariño,Sandoná,1.3223,-77.4792,20,9/15/1963,,Cudayari,Pacifico,Patía,Río Guáitara,2013,25,Andes,Preliminar,0,0,0,3.307124376297,3.307124376297,0,2.3652138710022,0,3.93818187713623,4.62545442581177,5,5,0.789855062961578,0.967391312122345,1,1,59,1.03999996185303,0
10,2004-10-28,52050040,3,Definitivo,SANDONA [52050040],Pluviométrica,Convencional,Activa,Nariño,Sandoná,1.3223,-77.4792,20,9/15/1963,,Cudayari,Pacifico,Patía,Río Guáitara,2004,28,Andes,Definitivo,3,3,0,9.53712463378906,9.53712463378906,13.4294652938843,13.4716310501099,9.35092163085938,3.93818187713623,4.62545442581177,5,5,0.789855062961578,0.967391312122345,1,1,60,1.03999996185303,3.11999988555908
10,2007-10-27,52050040,15,Definitivo,SANDONA [52050040],Pluviométrica,Convencional,Activa,Nariño,Sandoná,1.3223,-77.4792,20,9/15/1963,,Cudayari,Pacifico,Patía,Río Guáitara,2007,27,Andes,Definitivo,15,15,0,1.19250917434692,1.19250917434692,0,3.24392819404602,1.54629755020142,3.93818187713623,4.62545442581177,5,5,0.789855062961578,0.967391312122345,1,1,60,1.03999996185303,15.5999994277954
10,2006-10-24,52050040,,"",SANDONA [52050040],Pluviométrica,Convencional,Activa,Nariño,Sandoná,1.3223,-77.4792,20,9/15/1963,,Cudayari,Pacifico,Patía,Río Guáitara,2006,24,Andes,Preliminar,0,0,0,2.70407056808472,2.70407056808472,0,0,0,3.93818187713623,4.62545442581177,5,5,0.789855062961578,0.967391312122345,1,1,59,1.03999996185303,0
10,2022-10-26,52050040,2,En revisión,SANDONA [52050040],Pluviométrica,Convencional,Activa,Nariño,Sandoná,1.3223,-77.4792,20,9/15/1963,,Cudayari,Pacifico,Patía,Río Guáitara,2022,26,Andes,En revisión,2,2,0,16.629545211792,16.629545211792,4.9507532119751,25.4630298614502,24.5455932617188,3.93818187713623,4.62545442581177,5,5,0.789855062961578,0.967391312122345,1,1,60,1.03999996185303,2.07999992370605
10,2023-10-22,52050040,,"",SANDONA [52050040],Pluviométrica,Convencional,Activa,Nariño,Sandoná,1.3223,-77.4792,20,9/15/1963,,Cudayari,Pacifico,Patía,Río Guáitara,2023,22,Andes,Preliminar,0,0,0,4.76790523529053,4.76790523529053,0,8.23404693603516,0,3.93818187713623,4.62545442581177,5,5,0.789855062961578,0.967391312122345,1,1,59,1.03999996185303,0
10,2008-10-21,52050040,,"",SANDONA [52050040],Pluviométrica,Convencional,Activa,Nariño,Sandoná,1.3223,-77.4792,20,9/15/1963,,Cudayari,Pacifico,Patía,Río Guáitara,2008,21,Andes,Preliminar,0,0,0,6.64999961853027,6.64999961853027,0,0,0,3.93818187713623,4.62545442581177,5,5,0.789855062961578,0.967391312122345,1,1,59,1.03999996185303,0
10,2007-10-26,52050040,5,Definitivo,SANDONA [52050040],Pluviométrica,Convencional,Activa,Nariño,Sandoná,1.3223,-77.4792,20,9/15/1963,,Cudayari,Pacifico,Patía,Río Guáitara,2007,26,Andes,Definitivo,5,5,0,2.67621254920959,2.67621254920959,0,2.3384850025177,0.956262946128845,3.93818187713623,4.62545442581177,5,5,0.789855062961578,0.967391312122345,1,1,60,1.03999996185303,5.19999980926514
10,2009-10-28,52050040,,"",SANDONA [52050040],Pluviométrica,Convencional,Activa,Nariño,Sandoná,1.3223,-77.4792,20,9/15/1963,,Cudayari,Pacifico,Patía,Río Guáitara,2009,28,Andes,Preliminar,0,0,0,4.05615282058716,4.05615282058716,0,2.62190628051758,0.817579209804535,3.93818187713623,4.62545442581177,5,5,0.789855062961578,0.967391312122345,1,1,60,1.03999996185303,0
10,2016-10-28,52050040,,"",SANDONA [52050040],Pluviométrica,Convencional,Activa,Nariño,Sandoná,1.3223,-77.4792,20,9/15/1963,,Cudayari,Pacifico,Patía,Río Guáitara,2016,28,Andes,Preliminar,0,0,0,27.1756267547607,27.1756267547607,33.6006927490234,3.56769847869873,2.5953905582428,3.93818187713623,4.62545442581177,5,5,0.789855062961578,0.967391312122345,1,1,60,1.03999996185303,0
10,2019-10-27,52050040,4,Definitivo,SANDONA [52050040],Pluviométrica,Convencional,Activa,Nariño,Sandoná,1.3223,-77.4792,20,9/15/1963,,Cudayari,Pacifico,Patía,Río Guáitara,2019,27,Andes,Definitivo,4,4,0,6.60598707199097,6.60598707199097,5.38743352890015,4.24500942230225,2.05923390388489,3.93818187713623,4.62545442581177,5,5,0.789855062961578,0.967391312122345,1,1,60,1.03999996185303,4.15999984741211
10,2017-10-26,52050040,,"",SANDONA [52050040],Pluviométrica,Convencional,Activa,Nariño,Sandoná,1.3223,-77.4792,20,9/15/1963,,Cudayari,Pacifico,Patía,Río Guáitara,2017,26,Andes,Preliminar,0,0,0,15.299521446228,15.299521446228,20.6602516174316,4.25516080856323,9.96798801422119,3.93818187713623,4.62545442581177,5,5,0.789855062961578,0.967391312122345,1,1,60,1.03999996185303,0
10,2013-10-24,52050040,,"",SANDONA [52050040],Pluviométrica,Convencional,Activa,Nariño,Sandoná,1.3223,-77.4792,20,9/15/1963,,Cudayari,Pacifico,Patía,Río Guáitara,2013,24,Andes,Preliminar,0,0,0,5.95262432098389,5.95262432098389,22.0174026489258,1.2388824224472,1.89667129516602,3.93818187713623,4.62545442581177,5,5,0.789855062961578,0.967391312122345,1,1,59,1.03999996185303,0
10,2005-10-30,52050040,10,Definitivo,SANDONA [52050040],Pluviométrica,Convencional,Activa,Nariño,Sandoná,1.3223,-77.4792,20,9/15/1963,,Cudayari,Pacifico,Patía,Río Guáitara,2005,30,Andes,Definitivo,10,10,0,8.07695293426514,8.07695293426514,8.74863815307617,3.83852982521057,0.467639714479446,3.93818187713623,4.62545442581177,5,5,0.789855062961578,0.967391312122345,1,1,60,1.03999996185303,10.3999996185303
10,2016-10-23,52050040,0,Definitivo,SANDONA [52050040],Pluviométrica,Convencional,Activa,Nariño,Sandoná,1.3223,-77.4792,20,9/15/1963,,Cudayari,Pacifico,Patía,Río Guáitara,2016,23,Andes,Definitivo,0,0,0,8.58740520477295,8.58740520477295,21.3013744354248,3.65493083000183,5.39777183532715,3.93818187713623,4.62545442581177,5,5,0.789855062961578,0.967391312122345,1,1,59,1.03999996185303,0
10,2015-10-28,52050040,5,Definitivo,SANDONA [52050040],Pluviométrica,Convencional,Activa,Nariño,Sandoná,1.3223,-77.4792,20,9/15/1963,,Cudayari,Pacifico,Patía,Río Guáitara,2015,28,Andes,Definitivo,5,5,0,1.85268223285675,1.85268223285675,0,3.52893877029419,0.245439186692238,3.93818187713623,4.62545442581177,5,5,0.789855062961578,0.967391312122345,1,1,60,1.03999996185303,5.19999980926514
10,2020-10-26,52050040,,"",SANDONA [52050040],Pluviométrica,Convencional,Activa,Nariño,Sandoná,1.3223,-77.4792,20,9/15/1963,,Cudayari,Pacifico,Patía,Río Guáitara,2020,26,Andes,Preliminar,2,2,0,10.3034286499023,10.3034286499023,10.3364152908325,8.47541046142578,0.00718600861728191,3.93818187713623,4.62545442581177,5,5,0.789855062961578,0.967391312122345,1,1,60,1.03999996185303,2.07999992370605
10,2007-10-22,52050040,0,Definitivo,SANDONA [52050040],Pluviométrica,Convencional,Activa,Nariño,Sandoná,1.3223,-77.4792,20,9/15/1963,,Cudayari,Pacifico,Patía,Río Guáitara,2007,22,Andes,Definitivo,0,0,0,3.09938549995422,3.09938549995422,0,20.4526233673096,12.3757553100586,3.93818187713623,4.62545442581177,5,5,0.789855062961578,0.967391312122345,1,1,59,1.03999996185303,0
10,2008-10-19,52050040,28,Definitivo,SANDONA [52050040],Pluviométrica,Convencional,Activa,Nariño,Sandoná,1.3223,-77.4792,20,9/15/1963,,Cudayari,Pacifico,Patía,Río Guáitara,2008,19,Andes,Definitivo,28,28,0,18.1408920288086,18.1408920288086,12.5255336761475,7.8536548614502,7.90608739852905,3.93818187713623,4.62545442581177,5,5,0.789855062961578,0.967391312122345,1,1,58,1.03999996185303,29.1199989318848
10,2023-10-20,52050040,,"",SANDONA [52050040],Pluviométrica,Convencional,Activa,Nariño,Sandoná,1.3223,-77.4792,20,9/15/1963,,Cudayari,Pacifico,Patía,Río Guáitara,2023,20,Andes,Preliminar,0,0,0,4.25897979736328,4.25897979736328,0,1.00500190258026,1.24792265892029,3.93818187713623,4.62545442581177,5,5,0.789855062961578,0.967391312122345,1,1,58,1.03999996185303,0
10,2023-10-18,52050040,,"",SANDONA [52050040],Pluviométrica,Convencional,Activa,Nariño,Sandoná,1.3223,-77.4792,20,9/15/1963,,Cudayari,Pacifico,Patía,Río Guáitara,2023,18,Andes,Preliminar,0,0,0,2.98836636543274,2.98836636543274,6.70538377761841,1.00500190258026,3.43481612205505,3.93818187713623,4.62545442581177,5,5,0.789855062961578,0.967391312122345,1,1,58,1.03999996185303,0
10,2010-10-24,52050040,5,Definitivo,SANDONA [52050040],Pluviométrica,Convencional,Activa,Nariño,Sandoná,1.3223,-77.4792,20,9/15/1963,,Cudayari,Pacifico,Patía,Río Guáitara,2010,24,Andes,Definitivo,5,5,0,9.0538272857666,9.0538272857666,15.1380529403687,12.7588863372803,10.0329484939575,3.93818187713623,4.62545442581177,5,5,0.789855062961578,0.967391312122345,1,1,59,1.03999996185303,5.19999980926514
10,2012-10-26,52050040,,"",SANDONA [52050040],Pluviométrica,Convencional,Activa,Nariño,Sandoná,1.3223,-77.4792,20,9/15/1963,,Cudayari,Pacifico,Patía,Río Guáitara,2012,26,Andes,Preliminar,0,0,0,3.84300589561462,3.84300589561462,0,1.63864052295685,0.0686289370059967,3.93818187713623,4.62545442581177,5,5,0.789855062961578,0.967391312122345,1,1,60,1.03999996185303,0
10,2014-10-28,52050040,,"",SANDONA [52050040],Pluviométrica,Convencional,Activa,Nariño,Sandoná,1.3223,-77.4792,20,9/15/1963,,Cudayari,Pacifico,Patía,Río Guáitara,2014,28,Andes,Preliminar,0,0,0,9.31423854827881,9.31423854827881,0,1.84662926197052,18.45485496521,3.93818187713623,4.62545442581177,5,5,0.789855062961578,0.967391312122345,1,1,60,1.03999996185303,0
10,2012-10-27,52050040,,"",SANDONA [52050040],Pluviométrica,Convencional,Activa,Nariño,Sandoná,1.3223,-77.4792,20,9/15/1963,,Cudayari,Pacifico,Patía,Río Guáitara,2012,27,Andes,Preliminar,0,0,0,3.22312688827515,3.22312688827515,11.3088512420654,1.12920773029327,0.183010503649712,3.93818187713623,4.62545442581177,5,5,0.789855062961578,0.967391312122345,1,1,60,1.03999996185303,0
10,2005-10-29,52050040,5,Definitivo,SANDONA [52050040],Pluviométrica,Convencional,Activa,Nariño,Sandoná,1.3223,-77.4792,20,9/15/1963,,Cudayari,Pacifico,Patía,Río Guáitara,2005,29,Andes,Definitivo,5,5,0,0.962293267250061,0.962293267250061,0,5.51355934143066,0.00570292258635163,3.93818187713623,4.62545442581177,5,5,0.789855062961578,0.967391312122345,1,1,60,1.03999996185303,5.19999980926514
10,2011-10-24,52050040,4,Definitivo,SANDONA [52050040],Pluviométrica,Convencional,Activa,Nariño,Sandoná,1.3223,-77.4792,20,9/15/1963,,Cudayari,Pacifico,Patía,Río Guáitara,2011,24,Andes,Definitivo,4,4,0,7.26080560684204,7.26080560684204,5.88134050369263,3.55360293388367,9.46275520324707,3.93818187713623,4.62545442581177,5,5,0.789855062961578,0.967391312122345,1,1,59,1.03999996185303,4.15999984741211
10,2004-10-27,52050040,5,Definitivo,SANDONA [52050040],Pluviométrica,Convencional,Activa,Nariño,Sandoná,1.3223,-77.4792,20,9/15/1963,,Cudayari,Pacifico,Patía,Río Guáitara,2004,27,Andes,Definitivo,5,5,0,12.6610956192017,12.6610956192017,20.1441974639893,5.8756914138794,11.1606750488281,3.93818187713623,4.62545442581177,5,5,0.789855062961578,0.967391312122345,1,1,60,1.03999996185303,5.19999980926514
10,2005-10-25,52050040,0,Definitivo,SANDONA [52050040],Pluviométrica,Convencional,Activa,Nariño,Sandoná,1.3223,-77.4792,20,9/15/1963,,Cudayari,Pacifico,Patía,Río Guáitara,2005,25,Andes,Definitivo,0,0,0,1.55655694007874,1.55655694007874,15.5999660491943,3.34928274154663,7.02865219116211,3.93818187713623,4.62545442581177,5,5,0.789855062961578,0.967391312122345,1,1,59,1.03999996185303,0
10,2005-10-26,52050040,,"",SANDONA [52050040],Pluviométrica,Convencional,Activa,Nariño,Sandoná,1.3223,-77.4792,20,9/15/1963,,Cudayari,Pacifico,Patía,Río Guáitara,2005,26,Andes,Preliminar,0,0,0,1.97191226482391,1.97191226482391,0,2.62514972686768,7.74456739425659,3.93818187713623,4.62545442581177,5,5,0.789855062961578,0.967391312122345,1,1,60,1.03999996185303,0
10,2020-10-27,52050040,3,En revisión,SANDONA [52050040],Pluviométrica,Convencional,Activa,Nariño,Sandoná,1.3223,-77.4792,20,9/15/1963,,Cudayari,Pacifico,Patía,Río Guáitara,2020,27,Andes,En revisión,3,3,0,21.0486526489258,21.0486526489258,21.1160411834717,12.6306209564209,9.32025337219238,3.93818187713623,4.62545442581177,5,5,0.789855062961578,0.967391312122345,1,1,60,1.03999996185303,3.11999988555908
10,2021-10-27,52050040,9,En revisión,SANDONA [52050040],Pluviométrica,Convencional,Activa,Nariño,Sandoná,1.3223,-77.4792,20,9/15/1963,,Cudayari,Pacifico,Patía,Río Guáitara,2021,27,Andes,En revisión,9,9,0,11.6542091369629,11.6542091369629,15.4663038253784,1.97398936748505,12.2448825836182,3.93818187713623,4.62545442581177,5,5,0.789855062961578,0.967391312122345,1,1,60,1.03999996185303,9.35999965667725
10,2009-10-17,52050040,,"",SANDONA [52050040],Pluviométrica,Convencional,Activa,Nariño,Sandoná,1.3223,-77.4792,20,9/15/1963,,Cudayari,Pacifico,Patía,Río Guáitara,2009,17,Andes,Preliminar,0,0,0,7.8482027053833,7.8482027053833,0,4.68942022323608,0,3.93818187713623,4.62545442581177,5,5,0.789855062961578,0.967391312122345,1,1,58,1.03999996185303,0
10,2009-10-18,52050040,37,Definitivo,SANDONA [52050040],Pluviométrica,Convencional,Activa,Nariño,Sandoná,1.3223,-77.4792,20,9/15/1963,,Cudayari,Pacifico,Patía,Río Guáitara,2009,18,Andes,Definitivo,37,37,0,7.83467149734497,7.83467149734497,0,4.70018625259399,9.51843070983887,3.93818187713623,4.62545442581177,5,5,0.789855062961578,0.967391312122345,1,1,58,1.03999996185303,38.479998588562
10,2008-10-22,52050040,26,Definitivo,SANDONA [52050040],Pluviométrica,Convencional,Activa,Nariño,Sandoná,1.3223,-77.4792,20,9/15/1963,,Cudayari,Pacifico,Patía,Río Guáitara,2008,22,Andes,Definitivo,26,26,0,6.29533290863037,6.29533290863037,0,0,0,3.93818187713623,4.62545442581177,5,5,0.789855062961578,0.967391312122345,1,1,59,1.03999996185303,27.0399990081787
10,2010-10-25,52050040,,"",SANDONA [52050040],Pluviométrica,Convencional,Activa,Nariño,Sandoná,1.3223,-77.4792,20,9/15/1963,,Cudayari,Pacifico,Patía,Río Guáitara,2010,25,Andes,Preliminar,0,0,0,2.40063619613647,2.40063619613647,30.2761058807373,6.99700355529785,3.28107523918152,3.93818187713623,4.62545442581177,5,5,0.789855062961578,0.967391312122345,1,1,59,1.03999996185303,0
10,2010-10-26,52050040,26,Definitivo,SANDONA [52050040],Pluviométrica,Convencional,Activa,Nariño,Sandoná,1.3223,-77.4792,20,9/15/1963,,Cudayari,Pacifico,Patía,Río Guáitara,2010,26,Andes,Definitivo,26,26,0,6.76038694381714,6.76038694381714,0,10.6575555801392,9.28977012634277,3.93818187713623,4.62545442581177,5,5,0.789855062961578,0.967391312122345,1,1,60,1.03999996185303,27.0399990081787
10,2007-10-30,52050040,4,Definitivo,SANDONA [52050040],Pluviométrica,Convencional,Activa,Nariño,Sandoná,1.3223,-77.4792,20,9/15/1963,,Cudayari,Pacifico,Patía,Río Guáitara,2007,30,Andes,Definitivo,4,4,0,8.43076229095459,8.43076229095459,0,3.59400868415833,2.05494809150696,3.93818187713623,4.62545442581177,5,5,0.789855062961578,0.967391312122345,1,1,60,1.03999996185303,4.15999984741211
10,2009-10-22,52050040,,"",SANDONA [52050040],Pluviométrica,Convencional,Activa,Nariño,Sandoná,1.3223,-77.4792,20,9/15/1963,,Cudayari,Pacifico,Patía,Río Guáitara,2009,22,Andes,Preliminar,0,0,0,17.8772678375244,17.8772678375244,53.0728149414063,23.3318939208984,28.5401821136475,3.93818187713623,4.62545442581177,5,5,0.789855062961578,0.967391312122345,1,1,59,1.03999996185303,0
10,2022-10-12,52050040,4,En revisión,SANDONA [52050040],Pluviométrica,Convencional,Activa,Nariño,Sandoná,1.3223,-77.4792,20,9/15/1963,,Cudayari,Pacifico,Patía,Río Guáitara,2022,12,Andes,En revisión,4,4,0,3.68426060676575,3.68426060676575,0,4.78030729293823,0.150901824235916,3.93818187713623,4.62545442581177,5,5,0.789855062961578,0.967391312122345,1,1,57,1.03999996185303,4.15999984741211
10,2011-10-25,52050040,,"",SANDONA [52050040],Pluviométrica,Convencional,Activa,Nariño,Sandoná,1.3223,-77.4792,20,9/15/1963,,Cudayari,Pacifico,Patía,Río Guáitara,2011,25,Andes,Preliminar,2,2,0,9.00790023803711,9.00790023803711,0,6.73173093795776,0.817286491394043,3.93818187713623,4.62545442581177,5,5,0.789855062961578,0.967391312122345,1,1,59,1.03999996185303,2.07999992370605
10,2011-10-26,52050040,1,Definitivo,SANDONA [52050040],Pluviométrica,Convencional,Activa,Nariño,Sandoná,1.3223,-77.4792,20,9/15/1963,,Cudayari,Pacifico,Patía,Río Guáitara,2011,26,Andes,Definitivo,1,1,0,4.34498977661133,4.34498977661133,0,0.948378145694733,0,3.93818187713623,4.62545442581177,5,5,0.789855062961578,0.967391312122345,1,1,60,1.03999996185303,1.03999996185303
10,2016-10-24,52050040,21,Definitivo,SANDONA [52050040],Pluviométrica,Convencional,Activa,Nariño,Sandoná,1.3223,-77.4792,20,9/15/1963,,Cudayari,Pacifico,Patía,Río Guáitara,2016,24,Andes,Definitivo,21,21,0,5.27990436553955,5.27990436553955,0,14.9813852310181,0.529378592967987,3.93818187713623,4.62545442581177,5,5,0.789855062961578,0.967391312122345,1,1,59,1.03999996185303,21.8399991989136
10,2007-10-21,52050040,9,Definitivo,SANDONA [52050040],Pluviométrica,Convencional,Activa,Nariño,Sandoná,1.3223,-77.4792,20,9/15/1963,,Cudayari,Pacifico,Patía,Río Guáitara,2007,21,Andes,Definitivo,9,9,0,28.7883033752441,28.7883033752441,41.4158058166504,5.09130477905273,9.5832405090332,3.93818187713623,4.62545442581177,5,5,0.789855062961578,0.967391312122345,1,1,59,1.03999996185303,9.35999965667725
10,2008-10-18,52050040,,"",SANDONA [52050040],Pluviométrica,Convencional,Activa,Nariño,Sandoná,1.3223,-77.4792,20,9/15/1963,,Cudayari,Pacifico,Patía,Río Guáitara,2008,18,Andes,Preliminar,0,0,0,9.5056324005127,9.5056324005127,0,1.76178395748138,4.54835557937622,3.93818187713623,4.62545442581177,5,5,0.789855062961578,0.967391312122345,1,1,58,1.03999996185303,0
10,2021-10-25,52050040,,"",SANDONA [52050040],Pluviométrica,Convencional,Activa,Nariño,Sandoná,1.3223,-77.4792,20,9/15/1963,,Cudayari,Pacifico,Patía,Río Guáitara,2021,25,Andes,Preliminar,0,0,0,13.709282875061,13.709282875061,36.9784851074219,13.251148223877,11.1956586837769,3.93818187713623,4.62545442581177,5,5,0.789855062961578,0.967391312122345,1,1,59,1.03999996185303,0
10,2021-10-22,52050040,2,En revisión,SANDONA [52050040],Pluviométrica,Convencional,Activa,Nariño,Sandoná,1.3223,-77.4792,20,9/15/1963,,Cudayari,Pacifico,Patía,Río Guáitara,2021,22,Andes,En revisión,2,2,0,11.2024154663086,11.2024154663086,0,7.25442695617676,3.35282874107361,3.93818187713623,4.62545442581177,5,5,0.789855062961578,0.967391312122345,1,1,59,1.03999996185303,2.07999992370605
10,2023-10-17,52050040,,"",SANDONA [52050040],Pluviométrica,Convencional,Activa,Nariño,Sandoná,1.3223,-77.4792,20,9/15/1963,,Cudayari,Pacifico,Patía,Río Guáitara,2023,17,Andes,Preliminar,0,0,0,6.65337610244751,6.65337610244751,0,1.00500190258026,0.139331161975861,3.93818187713623,4.62545442581177,5,5,0.789855062961578,0.967391312122345,1,1,58,1.03999996185303,0
10,2008-10-23,52050040,,"",SANDONA [52050040],Pluviométrica,Convencional,Activa,Nariño,Sandoná,1.3223,-77.4792,20,9/15/1963,,Cudayari,Pacifico,Patía,Río Guáitara,2008,23,Andes,Preliminar,0,0,0,11.6547393798828,11.6547393798828,0,0,0,3.93818187713623,4.62545442581177,5,5,0.789855062961578,0.967391312122345,1,1,59,1.03999996185303,0
10,2008-10-24,52050040,1,Definitivo,SANDONA [52050040],Pluviométrica,Convencional,Activa,Nariño,Sandoná,1.3223,-77.4792,20,9/15/1963,,Cudayari,Pacifico,Patía,Río Guáitara,2008,24,Andes,Definitivo,1,1,0,5.29044342041016,5.29044342041016,0,0,0,3.93818187713623,4.62545442581177,5,5,0.789855062961578,0.967391312122345,1,1,59,1.03999996185303,1.03999996185303
10,2008-10-25,52050040,2,Definitivo,SANDONA [52050040],Pluviométrica,Convencional,Activa,Nariño,Sandoná,1.3223,-77.4792,20,9/15/1963,,Cudayari,Pacifico,Patía,Río Guáitara,2008,25,Andes,Definitivo,2,2,0,5.54659223556519,5.54659223556519,0,0,0,3.93818187713623,4.62545442581177,5,5,0.789855062961578,0.967391312122345,1,1,59,1.03999996185303,2.07999992370605
10,2021-10-14,52050040,5,En revisión,SANDONA [52050040],Pluviométrica,Convencional,Activa,Nariño,Sandoná,1.3223,-77.4792,20,9/15/1963,,Cudayari,Pacifico,Patía,Río Guáitara,2021,14,Andes,En revisión,5,5,0,2.49407124519348,2.49407124519348,11.379075050354,5.79242038726807,7.07432460784912,3.93818187713623,4.62545442581177,5,5,0.789855062961578,0.967391312122345,1,1,57,1.03999996185303,5.19999980926514
10,2003-10-29,52050040,12,Definitivo,SANDONA [52050040],Pluviométrica,Convencional,Activa,Nariño,Sandoná,1.3223,-77.4792,20,9/15/1963,,Cudayari,Pacifico,Patía,Río Guáitara,2003,29,Andes,Definitivo,12,12,0,9.71310234069824,9.71310234069824,48.8996315002441,5.28080272674561,6.41015386581421,3.93818187713623,4.62545442581177,5,5,0.789855062961578,0.967391312122345,1,1,60,1.03999996185303,12.4799995422363
10,2003-10-30,52050040,18,Definitivo,SANDONA [52050040],Pluviométrica,Convencional,Activa,Nariño,Sandoná,1.3223,-77.4792,20,9/15/1963,,Cudayari,Pacifico,Patía,Río Guáitara,2003,30,Andes,Definitivo,18,18,0,4.94379472732544,4.94379472732544,0,2.42636036872864,5.41290330886841,3.93818187713623,4.62545442581177,5,5,0.789855062961578,0.967391312122345,1,1,60,1.03999996185303,18.7199993133545
10,2005-10-24,52050040,4,Definitivo,SANDONA [52050040],Pluviométrica,Convencional,Activa,Nariño,Sandoná,1.3223,-77.4792,20,9/15/1963,,Cudayari,Pacifico,Patía,Río Guáitara,2005,24,Andes,Definitivo,4,4,0,11.8927936553955,11.8927936553955,31.1999320983887,9.60682010650635,7.17585897445679,3.93818187713623,4.62545442581177,5,5,0.789855062961578,0.967391312122345,1,1,59,1.03999996185303,4.15999984741211
10,2006-10-22,52050040,,"",SANDONA [52050040],Pluviométrica,Convencional,Activa,Nariño,Sandoná,1.3223,-77.4792,20,9/15/1963,,Cudayari,Pacifico,Patía,Río Guáitara,2006,22,Andes,Preliminar,0,0,0,1.26054441928864,1.26054441928864,0,0,0,3.93818187713623,4.62545442581177,5,5,0.789855062961578,0.967391312122345,1,1,59,1.03999996185303,0
10,2015-10-29,52050040,10,Definitivo,SANDONA [52050040],Pluviométrica,Convencional,Activa,Nariño,Sandoná,1.3223,-77.4792,20,9/15/1963,,Cudayari,Pacifico,Patía,Río Guáitara,2015,29,Andes,Definitivo,10,10,0,5.32151985168457,5.32151985168457,11.8786325454712,5.56587362289429,5.00695991516113,3.93818187713623,4.62545442581177,5,5,0.789855062961578,0.967391312122345,1,1,60,1.03999996185303,10.3999996185303
10,2018-10-27,52050040,,"",SANDONA [52050040],Pluviométrica,Convencional,Activa,Nariño,Sandoná,1.3223,-77.4792,20,9/15/1963,,Cudayari,Pacifico,Patía,Río Guáitara,2018,27,Andes,Preliminar,0,0,0,6.11968278884888,6.11968278884888,0,0.931530714035034,0.0122416559606791,3.93818187713623,4.62545442581177,5,5,0.789855062961578,0.967391312122345,1,1,60,1.03999996185303,0
10,2009-10-16,52050040,,"",SANDONA [52050040],Pluviométrica,Convencional,Activa,Nariño,Sandoná,1.3223,-77.4792,20,9/15/1963,,Cudayari,Pacifico,Patía,Río Guáitara,2009,16,Andes,Preliminar,0,0,0,0.960728466510773,0.960728466510773,0,1.63401067256928,0.743925392627716,3.93818187713623,4.62545442581177,5,5,0.789855062961578,0.967391312122345,1,1,58,1.03999996185303,0
10,2010-10-14,52050040,,"",SANDONA [52050040],Pluviométrica,Convencional,Activa,Nariño,Sandoná,1.3223,-77.4792,20,9/15/1963,,Cudayari,Pacifico,Patía,Río Guáitara,2010,14,Andes,Preliminar,0,0,0,6.37701416015625,6.37701416015625,0,1.56965208053589,0.163138821721077,3.93818187713623,4.62545442581177,5,5,0.789855062961578,0.967391312122345,1,1,57,1.03999996185303,0
10,2010-10-15,52050040,,"",SANDONA [52050040],Pluviométrica,Convencional,Activa,Nariño,Sandoná,1.3223,-77.4792,20,9/15/1963,,Cudayari,Pacifico,Patía,Río Guáitara,2010,15,Andes,Preliminar,0,0,0,12.1849508285522,12.1849508285522,7.52010250091553,2.42902040481567,0.412645310163498,3.93818187713623,4.62545442581177,5,5,0.789855062961578,0.967391312122345,1,1,57,1.03999996185303,0
10,2023-10-15,52050040,,"",SANDONA [52050040],Pluviométrica,Convencional,Activa,Nariño,Sandoná,1.3223,-77.4792,20,9/15/1963,,Cudayari,Pacifico,Patía,Río Guáitara,2023,15,Andes,Preliminar,0,0,0,9.68876838684082,9.68876838684082,0,3.93077802658081,0.390681654214859,3.93818187713623,4.62545442581177,5,5,0.789855062961578,0.967391312122345,1,1,57,1.03999996185303,0
10,2023-10-12,52050040,,"",SANDONA [52050040],Pluviométrica,Convencional,Activa,Nariño,Sandoná,1.3223,-77.4792,20,9/15/1963,,Cudayari,Pacifico,Patía,Río Guáitara,2023,12,Andes,Preliminar,0,0,0,4.15694761276245,4.15694761276245,0,3.93077802658081,0.682390511035919,3.93818187713623,4.62545442581177,5,5,0.789855062961578,0.967391312122345,1,1,57,1.03999996185303,0
10,2023-10-11,52050040,,"",SANDONA [52050040],Pluviométrica,Convencional,Activa,Nariño,Sandoná,1.3223,-77.4792,20,9/15/1963,,Cudayari,Pacifico,Patía,Río Guáitara,2023,11,Andes,Preliminar,0,0,0,3.89637398719788,3.89637398719788,0,3.93077802658081,1.37519931793213,3.93818187713623,4.62545442581177,5,5,0.789855062961578,0.967391312122345,1,1,57,1.03999996185303,0
10,2002-10-31,52050040,,"",SANDONA [52050040],Pluviométrica,Convencional,Activa,Nariño,Sandoná,1.3223,-77.4792,20,9/15/1963,,Cudayari,Pacifico,Patía,Río Guáitara,2002,31,Andes,Preliminar,4,4,0,5.50479364395142,5.50479364395142,52.4242820739746,8.12787055969238,6.05237627029419,3.93818187713623,4.62545442581177,5,5,0.789855062961578,0.967391312122345,1,1,60,1.03999996185303,4.15999984741211
10,2010-10-19,52050040,0,Definitivo,SANDONA [52050040],Pluviométrica,Convencional,Activa,Nariño,Sandoná,1.3223,-77.4792,20,9/15/1963,,Cudayari,Pacifico,Patía,Río Guáitara,2010,19,Andes,Definitivo,0,0,0,9.25357913970947,9.25357913970947,18.7950534820557,4.43909025192261,12.8052053451538,3.93818187713623,4.62545442581177,5,5,0.789855062961578,0.967391312122345,1,1,58,1.03999996185303,0
10,2009-10-23,52050040,,"",SANDONA [52050040],Pluviométrica,Convencional,Activa,Nariño,Sandoná,1.3223,-77.4792,20,9/15/1963,,Cudayari,Pacifico,Patía,Río Guáitara,2009,23,Andes,Preliminar,0,0,0,0.255025237798691,0.255025237798691,0,0.498087406158447,0,3.93818187713623,4.62545442581177,5,5,0.789855062961578,0.967391312122345,1,1,59,1.03999996185303,0
10,2009-10-24,52050040,,"",SANDONA [52050040],Pluviométrica,Convencional,Activa,Nariño,Sandoná,1.3223,-77.4792,20,9/15/1963,,Cudayari,Pacifico,Patía,Río Guáitara,2009,24,Andes,Preliminar,0,0,0,2.26972460746765,2.26972460746765,0,1.72527170181274,1.14373302459717,3.93818187713623,4.62545442581177,5,5,0.789855062961578,0.967391312122345,1,1,59,1.03999996185303,0
10,2009-10-25,52050040,,"",SANDONA [52050040],Pluviométrica,Convencional,Activa,Nariño,Sandoná,1.3223,-77.4792,20,9/15/1963,,Cudayari,Pacifico,Patía,Río Guáitara,2009,25,Andes,Preliminar,0,0,0,20.4530258178711,20.4530258178711,10.6145620346069,1.06158268451691,0.522970914840698,3.93818187713623,4.62545442581177,5,5,0.789855062961578,0.967391312122345,1,1,59,1.03999996185303,0
10,2006-10-23,52050040,,"",SANDONA [52050040],Pluviométrica,Convencional,Activa,Nariño,Sandoná,1.3223,-77.4792,20,9/15/1963,,Cudayari,Pacifico,Patía,Río Guáitara,2006,23,Andes,Preliminar,0,0,0,1.50452065467834,1.50452065467834,0,0,0,3.93818187713623,4.62545442581177,5,5,0.789855062961578,0.967391312122345,1,1,59,1.03999996185303,0
10,2008-10-17,52050040,,"",SANDONA [52050040],Pluviométrica,Convencional,Activa,Nariño,Sandoná,1.3223,-77.4792,20,9/15/1963,,Cudayari,Pacifico,Patía,Río Guáitara,2008,17,Andes,Preliminar,0,0,0,2.54265856742859,2.54265856742859,0,1.65813398361206,0,3.93818187713623,4.62545442581177,5,5,0.789855062961578,0.967391312122345,1,1,58,1.03999996185303,0
10,2020-10-28,52050040,4,En revisión,SANDONA [52050040],Pluviométrica,Convencional,Activa,Nariño,Sandoná,1.3223,-77.4792,20,9/15/1963,,Cudayari,Pacifico,Patía,Río Guáitara,2020,28,Andes,En revisión,4,4,0,44.743049621582,44.743049621582,44.8862991333008,17.0637168884277,21.0765647888184,3.93818187713623,4.62545442581177,5,5,0.789855062961578,0.967391312122345,1,1,60,1.03999996185303,4.15999984741211
10,2023-10-24,52050040,6,En revisión,SANDONA [52050040],Pluviométrica,Convencional,Activa,Nariño,Sandoná,1.3223,-77.4792,20,9/15/1963,,Cudayari,Pacifico,Patía,Río Guáitara,2023,24,Andes,En revisión,,,1,7.78966999053955,7.78966999053955,22.350456237793,8.23404693603516,6.37911224365234,3.93818187713623,4.62545442581177,5,5,0.789855062961578,0.967391312122345,1,1,59,1.03999996185303,
10,2022-10-23,52050040,9,En revisión,SANDONA [52050040],Pluviométrica,Convencional,Activa,Nariño,Sandoná,1.3223,-77.4792,20,9/15/1963,,Cudayari,Pacifico,Patía,Río Guáitara,2022,23,Andes,En revisión,9,9,0,8.65616512298584,8.65616512298584,25.173906326294,9.2827672958374,7.82605743408203,3.93818187713623,4.62545442581177,5,5,0.789855062961578,0.967391312122345,1,1,59,1.03999996185303,9.35999965667725
10,2009-10-19,52050040,5,Definitivo,SANDONA [52050040],Pluviométrica,Convencional,Activa,Nariño,Sandoná,1.3223,-77.4792,20,9/15/1963,,Cudayari,Pacifico,Patía,Río Guáitara,2009,19,Andes,Definitivo,5,5,0,11.4340200424194,11.4340200424194,0,4.41648292541504,20.0936183929443,3.93818187713623,4.62545442581177,5,5,0.789855062961578,0.967391312122345,1,1,58,1.03999996185303,5.19999980926514
10,2009-10-20,52050040,,"",SANDONA [52050040],Pluviométrica,Convencional,Activa,Nariño,Sandoná,1.3223,-77.4792,20,9/15/1963,,Cudayari,Pacifico,Patía,Río Guáitara,2009,20,Andes,Preliminar,0,0,0,2.90924787521362,2.90924787521362,0,15.4766798019409,0.560805320739746,3.93818187713623,4.62545442581177,5,5,0.789855062961578,0.967391312122345,1,1,58,1.03999996185303,0
10,2004-10-31,52050040,,"",SANDONA [52050040],Pluviométrica,Convencional,Activa,Nariño,Sandoná,1.3223,-77.4792,20,9/15/1963,,Cudayari,Pacifico,Patía,Río Guáitara,2004,31,Andes,Preliminar,0,0,0,13.3820133209229,13.3820133209229,6.71473264694214,6.29174089431763,0.76183158159256,3.93818187713623,4.62545442581177,5,5,0.789855062961578,0.967391312122345,1,1,60,1.03999996185303,0
10,2010-10-18,52050040,15,Definitivo,SANDONA [52050040],Pluviométrica,Convencional,Activa,Nariño,Sandoná,1.3223,-77.4792,20,9/15/1963,,Cudayari,Pacifico,Patía,Río Guáitara,2010,18,Andes,Definitivo,15,15,0,19.9714241027832,19.9714241027832,3.75901079177856,12.0940799713135,5.4352822303772,3.93818187713623,4.62545442581177,5,5,0.789855062961578,0.967391312122345,1,1,58,1.03999996185303,15.5999994277954
10,2023-10-13,52050040,32,En revisión,SANDONA [52050040],Pluviométrica,Convencional,Activa,Nariño,Sandoná,1.3223,-77.4792,20,9/15/1963,,Cudayari,Pacifico,Patía,Río Guáitara,2023,13,Andes,En revisión,32,32,0,3.31495594978333,3.31495594978333,0,3.93077802658081,0.718854188919067,3.93818187713623,4.62545442581177,5,5,0.789855062961578,0.967391312122345,1,1,57,1.03999996185303,33.2799987792969
10,2021-10-13,52050040,,"",SANDONA [52050040],Pluviométrica,Convencional,Activa,Nariño,Sandoná,1.3223,-77.4792,20,9/15/1963,,Cudayari,Pacifico,Patía,Río Guáitara,2021,13,Andes,Preliminar,0,0,0,1.85256719589233,1.85256719589233,0,3.55514407157898,7.48517465591431,3.93818187713623,4.62545442581177,5,5,0.789855062961578,0.967391312122345,1,1,57,1.03999996185303,0
10,2023-10-10,52050040,,"",SANDONA [52050040],Pluviométrica,Convencional,Activa,Nariño,Sandoná,1.3223,-77.4792,20,9/15/1963,,Cudayari,Pacifico,Patía,Río Guáitara,2023,10,Andes,Preliminar,0,0,0,27.1318244934082,27.1318244934082,3.28948473930359,3.44655776023865,0.282802522182465,3.93818187713623,4.62545442581177,5,5,0.789855062961578,0.967391312122345,1,1,56,1.03999996185303,0
10,2023-10-09,52050040,,"",SANDONA [52050040],Pluviométrica,Convencional,Activa,Nariño,Sandoná,1.3223,-77.4792,20,9/15/1963,,Cudayari,Pacifico,Patía,Río Guáitara,2023,09,Andes,Preliminar,0,0,0,4.15119743347168,4.15119743347168,3.28948473930359,3.44655776023865,0.804300606250763,3.93818187713623,4.62545442581177,5,5,0.789855062961578,0.967391312122345,1,1,56,1.03999996185303,0
10,2014-10-24,52050040,8,Definitivo,SANDONA [52050040],Pluviométrica,Convencional,Activa,Nariño,Sandoná,1.3223,-77.4792,20,9/15/1963,,Cudayari,Pacifico,Patía,Río Guáitara,2014,24,Andes,Definitivo,8,8,0,3.96050548553467,3.96050548553467,0,4.84414005279541,9.77558422088623,3.93818187713623,4.62545442581177,5,5,0.789855062961578,0.967391312122345,1,1,59,1.03999996185303,8.31999969482422
10,2016-10-25,52050040,2,Definitivo,SANDONA [52050040],Pluviométrica,Convencional,Activa,Nariño,Sandoná,1.3223,-77.4792,20,9/15/1963,,Cudayari,Pacifico,Patía,Río Guáitara,2016,25,Andes,Definitivo,2,2,0,14.2713346481323,14.2713346481323,10.6506872177124,12.644401550293,37.5953330993652,3.93818187713623,4.62545442581177,5,5,0.789855062961578,0.967391312122345,1,1,59,1.03999996185303,2.07999992370605
10,2009-10-15,52050040,,"",SANDONA [52050040],Pluviométrica,Convencional,Activa,Nariño,Sandoná,1.3223,-77.4792,20,9/15/1963,,Cudayari,Pacifico,Patía,Río Guáitara,2009,15,Andes,Preliminar,0,0,0,0.0430541187524796,0.0430541187524796,0,0.103804215788841,0.297992885112762,3.93818187713623,4.62545442581177,5,5,0.789855062961578,0.967391312122345,1,1,57,1.03999996185303,0
10,2010-10-13,52050040,,"",SANDONA [52050040],Pluviométrica,Convencional,Activa,Nariño,Sandoná,1.3223,-77.4792,20,9/15/1963,,Cudayari,Pacifico,Patía,Río Guáitara,2010,13,Andes,Preliminar,0,0,0,2.59432363510132,2.59432363510132,0,1.35752129554749,0.62376606464386,3.93818187713623,4.62545442581177,5,5,0.789855062961578,0.967391312122345,1,1,57,1.03999996185303,0
10,2008-10-13,52050040,8,Definitivo,SANDONA [52050040],Pluviométrica,Convencional,Activa,Nariño,Sandoná,1.3223,-77.4792,20,9/15/1963,,Cudayari,Pacifico,Patía,Río Guáitara,2008,13,Andes,Definitivo,8,8,0,8.28025531768799,8.28025531768799,12.4764795303345,8.89330101013184,3.09828639030457,3.93818187713623,4.62545442581177,5,5,0.789855062961578,0.967391312122345,1,1,57,1.03999996185303,8.31999969482422
10,2023-10-19,52050040,,"",SANDONA [52050040],Pluviométrica,Convencional,Activa,Nariño,Sandoná,1.3223,-77.4792,20,9/15/1963,,Cudayari,Pacifico,Patía,Río Guáitara,2023,19,Andes,Preliminar,0,0,0,5.07903957366943,5.07903957366943,0,1.00500190258026,0,3.93818187713623,4.62545442581177,5,5,0.789855062961578,0.967391312122345,1,1,58,1.03999996185303,0
10,2021-10-17,52050040,1,En revisión,SANDONA [52050040],Pluviométrica,Convencional,Activa,Nariño,Sandoná,1.3223,-77.4792,20,9/15/1963,,Cudayari,Pacifico,Patía,Río Guáitara,2021,17,Andes,En revisión,1,1,0,9.83378791809082,9.83378791809082,0,5.04070568084717,5.19175386428833,3.93818187713623,4.62545442581177,5,5,0.789855062961578,0.967391312122345,1,1,58,1.03999996185303,1.03999996185303
10,2009-10-21,52050040,21,Definitivo,SANDONA [52050040],Pluviométrica,Convencional,Activa,Nariño,Sandoná,1.3223,-77.4792,20,9/15/1963,,Cudayari,Pacifico,Patía,Río Guáitara,2009,21,Andes,Definitivo,21,21,0,2.85628271102905,2.85628271102905,10.6145620346069,3.99397325515747,0.403920590877533,3.93818187713623,4.62545442581177,5,5,0.789855062961578,0.967391312122345,1,1,59,1.03999996185303,21.8399991989136
10,2022-10-15,52050040,7,En revisión,SANDONA [52050040],Pluviométrica,Convencional,Activa,Nariño,Sandoná,1.3223,-77.4792,20,9/15/1963,,Cudayari,Pacifico,Patía,Río Guáitara,2022,15,Andes,En revisión,7,7,0,8.90988254547119,8.90988254547119,16.3073444366455,4.78030729293823,7.26625061035156,3.93818187713623,4.62545442581177,5,5,0.789855062961578,0.967391312122345,1,1,57,1.03999996185303,7.27999973297119
10,2003-10-28,52050040,13,Definitivo,SANDONA [52050040],Pluviométrica,Convencional,Activa,Nariño,Sandoná,1.3223,-77.4792,20,9/15/1963,,Cudayari,Pacifico,Patía,Río Guáitara,2003,28,Andes,Definitivo,13,13,0,32.367317199707,32.367317199707,0,7.36157321929932,5.86012363433838,3.93818187713623,4.62545442581177,5,5,0.789855062961578,0.967391312122345,1,1,60,1.03999996185303,13.5199995040894
10,2004-10-25,52050040,,"",SANDONA [52050040],Pluviométrica,Convencional,Activa,Nariño,Sandoná,1.3223,-77.4792,20,9/15/1963,,Cudayari,Pacifico,Patía,Río Guáitara,2004,25,Andes,Preliminar,0,0,0,21.6692638397217,21.6692638397217,31.3734798431397,5.68649387359619,1.82072138786316,3.93818187713623,4.62545442581177,5,5,0.789855062961578,0.967391312122345,1,1,59,1.03999996185303,0
10,2004-10-26,52050040,,"",SANDONA [52050040],Pluviométrica,Convencional,Activa,Nariño,Sandoná,1.3223,-77.4792,20,9/15/1963,,Cudayari,Pacifico,Patía,Río Guáitara,2004,26,Andes,Preliminar,0,0,0,7.70479583740234,7.70479583740234,0,4.26166152954102,5.75070333480835,3.93818187713623,4.62545442581177,5,5,0.789855062961578,0.967391312122345,1,1,60,1.03999996185303,0
10,2006-10-21,52050040,1,Definitivo,SANDONA [52050040],Pluviométrica,Convencional,Activa,Nariño,Sandoná,1.3223,-77.4792,20,9/15/1963,,Cudayari,Pacifico,Patía,Río Guáitara,2006,21,Andes,Definitivo,1,1,0,1.93147921562195,1.93147921562195,0,0,0,3.93818187713623,4.62545442581177,5,5,0.789855062961578,0.967391312122345,1,1,59,1.03999996185303,1.03999996185303
10,2007-10-19,52050040,2,Definitivo,SANDONA [52050040],Pluviométrica,Convencional,Activa,Nariño,Sandoná,1.3223,-77.4792,20,9/15/1963,,Cudayari,Pacifico,Patía,Río Guáitara,2007,19,Andes,Definitivo,2,2,0,5.30755090713501,5.30755090713501,0,5.28267049789429,2.19079995155334,3.93818187713623,4.62545442581177,5,5,0.789855062961578,0.967391312122345,1,1,58,1.03999996185303,2.07999992370605
10,2007-10-20,52050040,7,Definitivo,SANDONA [52050040],Pluviométrica,Convencional,Activa,Nariño,Sandoná,1.3223,-77.4792,20,9/15/1963,,Cudayari,Pacifico,Patía,Río Guáitara,2007,20,Andes,Definitivo,7,7,0,13.9124011993408,13.9124011993408,0,12.2193651199341,12.3418874740601,3.93818187713623,4.62545442581177,5,5,0.789855062961578,0.967391312122345,1,1,58,1.03999996185303,7.27999973297119
10,2019-10-24,52050040,0,Definitivo,SANDONA [52050040],Pluviométrica,Convencional,Activa,Nariño,Sandoná,1.3223,-77.4792,20,9/15/1963,,Cudayari,Pacifico,Patía,Río Guáitara,2019,24,Andes,Definitivo,0,0,0,11.0154132843018,11.0154132843018,36.4906539916992,7.68279933929443,12.4129667282104,3.93818187713623,4.62545442581177,5,5,0.789855062961578,0.967391312122345,1,1,59,1.03999996185303,0
10,2018-10-28,52050040,,"",SANDONA [52050040],Pluviométrica,Convencional,Activa,Nariño,Sandoná,1.3223,-77.4792,20,9/15/1963,,Cudayari,Pacifico,Patía,Río Guáitara,2018,28,Andes,Preliminar,0,0,0,2.58141613006592,2.58141613006592,0,1.17910194396973,0.0710016041994095,3.93818187713623,4.62545442581177,5,5,0.789855062961578,0.967391312122345,1,1,60,1.03999996185303,0
10,2022-10-25,52050040,3,En revisión,SANDONA [52050040],Pluviométrica,Convencional,Activa,Nariño,Sandoná,1.3223,-77.4792,20,9/15/1963,,Cudayari,Pacifico,Patía,Río Guáitara,2022,25,Andes,En revisión,3,3,0,6.94474935531616,6.94474935531616,12.586953163147,9.2827672958374,13.2135210037231,3.93818187713623,4.62545442581177,5,5,0.789855062961578,0.967391312122345,1,1,59,1.03999996185303,3.11999988555908
10,2011-10-12,52050040,3,Definitivo,SANDONA [52050040],Pluviométrica,Convencional,Activa,Nariño,Sandoná,1.3223,-77.4792,20,9/15/1963,,Cudayari,Pacifico,Patía,Río Guáitara,2011,12,Andes,Definitivo,3,3,0,11.0932350158691,11.0932350158691,22.2036418914795,20.5724906921387,3.96474647521973,3.93818187713623,4.62545442581177,5,5,0.789855062961578,0.967391312122345,1,1,57,1.03999996185303,3.11999988555908
10,2010-10-16,52050040,1,Definitivo,SANDONA [52050040],Pluviométrica,Convencional,Activa,Nariño,Sandoná,1.3223,-77.4792,20,9/15/1963,,Cudayari,Pacifico,Patía,Río Guáitara,2010,16,Andes,Definitivo,1,1,0,16.9070281982422,16.9070281982422,0,6.93967342376709,0.613423049449921,3.93818187713623,4.62545442581177,5,5,0.789855062961578,0.967391312122345,1,1,58,1.03999996185303,1.03999996185303
10,2023-10-14,52050040,2,En revisión,SANDONA [52050040],Pluviométrica,Convencional,Activa,Nariño,Sandoná,1.3223,-77.4792,20,9/15/1963,,Cudayari,Pacifico,Patía,Río Guáitara,2023,14,Andes,En revisión,2,2,0,9.44990348815918,9.44990348815918,22.7767505645752,3.93077802658081,16.4867668151855,3.93818187713623,4.62545442581177,5,5,0.789855062961578,0.967391312122345,1,1,57,1.03999996185303,2.07999992370605
10,2004-10-30,52050040,,"",SANDONA [52050040],Pluviométrica,Convencional,Activa,Nariño,Sandoná,1.3223,-77.4792,20,9/15/1963,,Cudayari,Pacifico,Patía,Río Guáitara,2004,30,Andes,Preliminar,2,2,0,11.8500652313232,11.8500652313232,0,5.34151935577393,8.73052501678467,3.93818187713623,4.62545442581177,5,5,0.789855062961578,0.967391312122345,1,1,60,1.03999996185303,2.07999992370605
10,2011-10-15,52050040,,"",SANDONA [52050040],Pluviométrica,Convencional,Activa,Nariño,Sandoná,1.3223,-77.4792,20,9/15/1963,,Cudayari,Pacifico,Patía,Río Guáitara,2011,15,Andes,Preliminar,0,0,0,4.0821590423584,4.0821590423584,14.8024291992188,4.05987215042114,13.6153688430786,3.93818187713623,4.62545442581177,5,5,0.789855062961578,0.967391312122345,1,1,57,1.03999996185303,0
10,2011-10-16,52050040,5,Definitivo,SANDONA [52050040],Pluviométrica,Convencional,Activa,Nariño,Sandoná,1.3223,-77.4792,20,9/15/1963,,Cudayari,Pacifico,Patía,Río Guáitara,2011,16,Andes,Definitivo,5,5,0,8.03393173217773,8.03393173217773,0,6.43893957138062,0,3.93818187713623,4.62545442581177,5,5,0.789855062961578,0.967391312122345,1,1,58,1.03999996185303,5.19999980926514
10,2010-10-20,52050040,,"",SANDONA [52050040],Pluviométrica,Convencional,Activa,Nariño,Sandoná,1.3223,-77.4792,20,9/15/1963,,Cudayari,Pacifico,Patía,Río Guáitara,2010,20,Andes,Preliminar,0,0,0,0.830255746841431,0.830255746841431,0,3.73931884765625,0.507253706455231,3.93818187713623,4.62545442581177,5,5,0.789855062961578,0.967391312122345,1,1,58,1.03999996185303,0
10,2010-10-21,52050040,8,Definitivo,SANDONA [52050040],Pluviométrica,Convencional,Activa,Nariño,Sandoná,1.3223,-77.4792,20,9/15/1963,,Cudayari,Pacifico,Patía,Río Guáitara,2010,21,Andes,Definitivo,8,8,0,0.388674437999725,0.388674437999725,0,3.1170654296875,0.100441090762615,3.93818187713623,4.62545442581177,5,5,0.789855062961578,0.967391312122345,1,1,59,1.03999996185303,8.31999969482422
10,2010-10-22,52050040,4,Definitivo,SANDONA [52050040],Pluviométrica,Convencional,Activa,Nariño,Sandoná,1.3223,-77.4792,20,9/15/1963,,Cudayari,Pacifico,Patía,Río Guáitara,2010,22,Andes,Definitivo,4,4,0,10.7457056045532,10.7457056045532,0,8.08252620697022,15.8808517456055,3.93818187713623,4.62545442581177,5,5,0.789855062961578,0.967391312122345,1,1,59,1.03999996185303,4.15999984741211
10,2012-10-23,52050040,,"",SANDONA [52050040],Pluviométrica,Convencional,Activa,Nariño,Sandoná,1.3223,-77.4792,20,9/15/1963,,Cudayari,Pacifico,Patía,Río Guáitara,2012,23,Andes,Preliminar,0,0,0,5.23775434494019,5.23775434494019,0,7.93769979476929,0,3.93818187713623,4.62545442581177,5,5,0.789855062961578,0.967391312122345,1,1,59,1.03999996185303,0
10,2009-10-14,52050040,,"",SANDONA [52050040],Pluviométrica,Convencional,Activa,Nariño,Sandoná,1.3223,-77.4792,20,9/15/1963,,Cudayari,Pacifico,Patía,Río Guáitara,2009,14,Andes,Preliminar,0,0,0,8.99831104278565,8.99831104278565,0,1.4629647731781,0.0248327385634184,3.93818187713623,4.62545442581177,5,5,0.789855062961578,0.967391312122345,1,1,57,1.03999996185303,0
10,2010-10-12,52050040,,"",SANDONA [52050040],Pluviométrica,Convencional,Activa,Nariño,Sandoná,1.3223,-77.4792,20,9/15/1963,,Cudayari,Pacifico,Patía,Río Guáitara,2010,12,Andes,Preliminar,0,0,0,1.60680675506592,1.60680675506592,0,0.304440259933472,0,3.93818187713623,4.62545442581177,5,5,0.789855062961578,0.967391312122345,1,1,57,1.03999996185303,0
10,2008-10-12,52050040,2,Definitivo,SANDONA [52050040],Pluviométrica,Convencional,Activa,Nariño,Sandoná,1.3223,-77.4792,20,9/15/1963,,Cudayari,Pacifico,Patía,Río Guáitara,2008,12,Andes,Definitivo,2,2,0,17.5068225860596,17.5068225860596,12.4764795303345,11.1322727203369,1.82186663150787,3.93818187713623,4.62545442581177,5,5,0.789855062961578,0.967391312122345,1,1,57,1.03999996185303,2.07999992370605
10,2021-10-24,52050040,13,En revisión,SANDONA [52050040],Pluviométrica,Convencional,Activa,Nariño,Sandoná,1.3223,-77.4792,20,9/15/1963,,Cudayari,Pacifico,Patía,Río Guáitara,2021,24,Andes,En revisión,13,13,0,6.96772241592407,6.96772241592407,36.9784851074219,3.1271870136261,21.1991214752197,3.93818187713623,4.62545442581177,5,5,0.789855062961578,0.967391312122345,1,1,59,1.03999996185303,13.5199995040894
10,2022-10-20,52050040,2,En revisión,SANDONA [52050040],Pluviométrica,Convencional,Activa,Nariño,Sandoná,1.3223,-77.4792,20,9/15/1963,,Cudayari,Pacifico,Patía,Río Guáitara,2022,20,Andes,En revisión,2,2,0,8.43374824523926,8.43374824523926,0,0,2.55358505249023,3.93818187713623,4.62545442581177,5,5,0.789855062961578,0.967391312122345,1,1,58,1.03999996185303,2.07999992370605
10,2010-10-17,52050040,4,Definitivo,SANDONA [52050040],Pluviométrica,Convencional,Activa,Nariño,Sandoná,1.3223,-77.4792,20,9/15/1963,,Cudayari,Pacifico,Patía,Río Guáitara,2010,17,Andes,Definitivo,4,4,0,16.2881107330322,16.2881107330322,11.2770318984985,6.590989112854,14.4419851303101,3.93818187713623,4.62545442581177,5,5,0.789855062961578,0.967391312122345,1,1,58,1.03999996185303,4.15999984741211
10,2011-10-14,52050040,,"",SANDONA [52050040],Pluviométrica,Convencional,Activa,Nariño,Sandoná,1.3223,-77.4792,20,9/15/1963,,Cudayari,Pacifico,Patía,Río Guáitara,2011,14,Andes,Preliminar,4,4,0,3.56784987449646,3.56784987449646,7.40121459960938,2.25151562690735,0.112693071365356,3.93818187713623,4.62545442581177,5,5,0.789855062961578,0.967391312122345,1,1,57,1.03999996185303,4.15999984741211
10,2021-10-16,52050040,5,En revisión,SANDONA [52050040],Pluviométrica,Convencional,Activa,Nariño,Sandoná,1.3223,-77.4792,20,9/15/1963,,Cudayari,Pacifico,Patía,Río Guáitara,2021,16,Andes,En revisión,5,5,0,7.48076248168945,7.48076248168945,41.1794738769531,13.4283800125122,14.2435703277588,3.93818187713623,4.62545442581177,5,5,0.789855062961578,0.967391312122345,1,1,58,1.03999996185303,5.19999980926514
10,2022-10-14,52050040,0,En revisión,SANDONA [52050040],Pluviométrica,Convencional,Activa,Nariño,Sandoná,1.3223,-77.4792,20,9/15/1963,,Cudayari,Pacifico,Patía,Río Guáitara,2022,14,Andes,En revisión,0,0,0,6.39241695404053,6.39241695404053,0,4.78030729293823,10.1858730316162,3.93818187713623,4.62545442581177,5,5,0.789855062961578,0.967391312122345,1,1,57,1.03999996185303,0
10,2020-10-14,52050040,1,En revisión,SANDONA [52050040],Pluviométrica,Convencional,Activa,Nariño,Sandoná,1.3223,-77.4792,20,9/15/1963,,Cudayari,Pacifico,Patía,Río Guáitara,2020,14,Andes,En revisión,1,1,0,2.75979948043823,2.75979948043823,0,0.117797337472439,0,3.93818187713623,4.62545442581177,5,5,0.789855062961578,0.967391312122345,1,1,57,1.03999996185303,1.03999996185303
10,2022-10-11,52050040,,"",SANDONA [52050040],Pluviométrica,Convencional,Activa,Nariño,Sandoná,1.3223,-77.4792,20,9/15/1963,,Cudayari,Pacifico,Patía,Río Guáitara,2022,11,Andes,Preliminar,0,0,0,1.2559586763382,1.2559586763382,0,4.78030729293823,0.396937400102615,3.93818187713623,4.62545442581177,5,5,0.789855062961578,0.967391312122345,1,1,57,1.03999996185303,0
10,2022-10-10,52050040,,"",SANDONA [52050040],Pluviométrica,Convencional,Activa,Nariño,Sandoná,1.3223,-77.4792,20,9/15/1963,,Cudayari,Pacifico,Patía,Río Guáitara,2022,10,Andes,Preliminar,0,0,0,1.31610858440399,1.31610858440399,0,4.91461849212647,0.0103657683357596,3.93818187713623,4.62545442581177,5,5,0.789855062961578,0.967391312122345,1,1,56,1.03999996185303,0
10,2023-10-08,52050040,1,En revisión,SANDONA [52050040],Pluviométrica,Convencional,Activa,Nariño,Sandoná,1.3223,-77.4792,20,9/15/1963,,Cudayari,Pacifico,Patía,Río Guáitara,2023,08,Andes,En revisión,1,1,0,4.2343053817749,4.2343053817749,0,3.44655776023865,2.73721718788147,3.93818187713623,4.62545442581177,5,5,0.789855062961578,0.967391312122345,1,1,56,1.03999996185303,1.03999996185303
10,2014-10-25,52050040,2,Definitivo,SANDONA [52050040],Pluviométrica,Convencional,Activa,Nariño,Sandoná,1.3223,-77.4792,20,9/15/1963,,Cudayari,Pacifico,Patía,Río Guáitara,2014,25,Andes,Definitivo,2,2,0,5.10040378570557,5.10040378570557,0,6.86969804763794,0.0155414687469602,3.93818187713623,4.62545442581177,5,5,0.789855062961578,0.967391312122345,1,1,59,1.03999996185303,2.07999992370605
10,2014-10-26,52050040,10,Definitivo,SANDONA [52050040],Pluviométrica,Convencional,Activa,Nariño,Sandoná,1.3223,-77.4792,20,9/15/1963,,Cudayari,Pacifico,Patía,Río Guáitara,2014,26,Andes,Definitivo,10,10,0,5.43391275405884,5.43391275405884,0,27.5089530944824,2.0677227973938,3.93818187713623,4.62545442581177,5,5,0.789855062961578,0.967391312122345,1,1,60,1.03999996185303,10.3999996185303
10,2019-10-25,52050040,12,Definitivo,SANDONA [52050040],Pluviométrica,Convencional,Activa,Nariño,Sandoná,1.3223,-77.4792,20,9/15/1963,,Cudayari,Pacifico,Patía,Río Guáitara,2019,25,Andes,Definitivo,12,12,0,2.44643568992615,2.44643568992615,0,2.14660859107971,5.18969392776489,3.93818187713623,4.62545442581177,5,5,0.789855062961578,0.967391312122345,1,1,59,1.03999996185303,12.4799995422363
10,2009-10-10,52050040,,"",SANDONA [52050040],Pluviométrica,Convencional,Activa,Nariño,Sandoná,1.3223,-77.4792,20,9/15/1963,,Cudayari,Pacifico,Patía,Río Guáitara,2009,10,Andes,Preliminar,0,0,0,13.1750860214233,13.1750860214233,0,0,0,3.93818187713623,4.62545442581177,5,5,0.789855062961578,0.967391312122345,1,1,56,1.03999996185303,0
10,2009-10-11,52050040,3,Definitivo,SANDONA [52050040],Pluviométrica,Convencional,Activa,Nariño,Sandoná,1.3223,-77.4792,20,9/15/1963,,Cudayari,Pacifico,Patía,Río Guáitara,2009,11,Andes,Definitivo,3,3,0,25.4665107727051,25.4665107727051,0,1.6125967502594,0.248327389359474,3.93818187713623,4.62545442581177,5,5,0.789855062961578,0.967391312122345,1,1,57,1.03999996185303,3.11999988555908
10,2023-10-16,52050040,,"",SANDONA [52050040],Pluviométrica,Convencional,Activa,Nariño,Sandoná,1.3223,-77.4792,20,9/15/1963,,Cudayari,Pacifico,Patía,Río Guáitara,2023,16,Andes,Preliminar,0,0,0,6.07887697219849,6.07887697219849,0,1.00500190258026,0.202938884496689,3.93818187713623,4.62545442581177,5,5,0.789855062961578,0.967391312122345,1,1,58,1.03999996185303,0
10,2021-10-19,52050040,4,En revisión,SANDONA [52050040],Pluviométrica,Convencional,Activa,Nariño,Sandoná,1.3223,-77.4792,20,9/15/1963,,Cudayari,Pacifico,Patía,Río Guáitara,2021,19,Andes,En revisión,4,4,0,3.67866492271423,3.67866492271423,0,3.44335389137268,2.71861362457275,3.93818187713623,4.62545442581177,5,5,0.789855062961578,0.967391312122345,1,1,58,1.03999996185303,4.15999984741211
10,2002-10-30,52050040,5,Definitivo,SANDONA [52050040],Pluviométrica,Convencional,Activa,Nariño,Sandoná,1.3223,-77.4792,20,9/15/1963,,Cudayari,Pacifico,Patía,Río Guáitara,2002,30,Andes,Definitivo,5,5,0,1.05861413478851,1.05861413478851,0,6.09925127029419,1.21301090717316,3.93818187713623,4.62545442581177,5,5,0.789855062961578,0.967391312122345,1,1,60,1.03999996185303,5.19999980926514
10,2004-10-24,52050040,,"",SANDONA [52050040],Pluviométrica,Convencional,Activa,Nariño,Sandoná,1.3223,-77.4792,20,9/15/1963,,Cudayari,Pacifico,Patía,Río Guáitara,2004,24,Andes,Preliminar,0,0,0,11.3730821609497,11.3730821609497,0,2.4460723400116,1.37365293502808,3.93818187713623,4.62545442581177,5,5,0.789855062961578,0.967391312122345,1,1,59,1.03999996185303,0
10,2005-10-22,52050040,12,Definitivo,SANDONA [52050040],Pluviométrica,Convencional,Activa,Nariño,Sandoná,1.3223,-77.4792,20,9/15/1963,,Cudayari,Pacifico,Patía,Río Guáitara,2005,22,Andes,Definitivo,12,12,0,10.4061946868896,10.4061946868896,15.5999660491943,14.6169538497925,7.1851749420166,3.93818187713623,4.62545442581177,5,5,0.789855062961578,0.967391312122345,1,1,59,1.03999996185303,12.4799995422363
10,2005-10-23,52050040,3,Definitivo,SANDONA [52050040],Pluviométrica,Convencional,Activa,Nariño,Sandoná,1.3223,-77.4792,20,9/15/1963,,Cudayari,Pacifico,Patía,Río Guáitara,2005,23,Andes,Definitivo,3,3,0,8.53482913970947,8.53482913970947,0,11.1090068817139,1.9285933971405,3.93818187713623,4.62545442581177,5,5,0.789855062961578,0.967391312122345,1,1,59,1.03999996185303,3.11999988555908
10,2007-10-18,52050040,7,Definitivo,SANDONA [52050040],Pluviométrica,Convencional,Activa,Nariño,Sandoná,1.3223,-77.4792,20,9/15/1963,,Cudayari,Pacifico,Patía,Río Guáitara,2007,18,Andes,Definitivo,7,7,0,23.5346336364746,23.5346336364746,22.8252716064453,5.7623143196106,6.36593723297119,3.93818187713623,4.62545442581177,5,5,0.789855062961578,0.967391312122345,1,1,58,1.03999996185303,7.27999973297119
10,2008-10-15,52050040,10,Definitivo,SANDONA [52050040],Pluviométrica,Convencional,Activa,Nariño,Sandoná,1.3223,-77.4792,20,9/15/1963,,Cudayari,Pacifico,Patía,Río Guáitara,2008,15,Andes,Definitivo,10,10,0,6.68729162216187,6.68729162216187,0,1.10583257675171,14.2335653305054,3.93818187713623,4.62545442581177,5,5,0.789855062961578,0.967391312122345,1,1,57,1.03999996185303,10.3999996185303
10,2008-10-16,52050040,1,Definitivo,SANDONA [52050040],Pluviométrica,Convencional,Activa,Nariño,Sandoná,1.3223,-77.4792,20,9/15/1963,,Cudayari,Pacifico,Patía,Río Guáitara,2008,16,Andes,Definitivo,1,1,0,3.81398773193359,3.81398773193359,0,3.21668076515198,2.38124871253967,3.93818187713623,4.62545442581177,5,5,0.789855062961578,0.967391312122345,1,1,58,1.03999996185303,1.03999996185303
10,2007-10-14,52050040,5,Definitivo,SANDONA [52050040],Pluviométrica,Convencional,Activa,Nariño,Sandoná,1.3223,-77.4792,20,9/15/1963,,Cudayari,Pacifico,Patía,Río Guáitara,2007,14,Andes,Definitivo,5,5,0,1.40544879436493,1.40544879436493,42.522144317627,24.2096405029297,31.7743682861328,3.93818187713623,4.62545442581177,5,5,0.789855062961578,0.967391312122345,1,1,57,1.03999996185303,5.19999980926514
10,2005-10-14,52050040,,"",SANDONA [52050040],Pluviométrica,Convencional,Activa,Nariño,Sandoná,1.3223,-77.4792,20,9/15/1963,,Cudayari,Pacifico,Patía,Río Guáitara,2005,14,Andes,Preliminar,0,0,0,4.72324371337891,4.72324371337891,0,5.87297439575195,2.42512488365173,3.93818187713623,4.62545442581177,5,5,0.789855062961578,0.967391312122345,1,1,57,1.03999996185303,0
10,2021-10-26,52050040,,"",SANDONA [52050040],Pluviométrica,Convencional,Activa,Nariño,Sandoná,1.3223,-77.4792,20,9/15/1963,,Cudayari,Pacifico,Patía,Río Guáitara,2021,26,Andes,Preliminar,0,0,0,16.9185752868652,16.9185752868652,30.9326076507568,3.09725427627564,1.08507299423218,3.93818187713623,4.62545442581177,5,5,0.789855062961578,0.967391312122345,1,1,60,1.03999996185303,0
10,2020-10-25,52050040,4,En revisión,SANDONA [52050040],Pluviométrica,Convencional,Activa,Nariño,Sandoná,1.3223,-77.4792,20,9/15/1963,,Cudayari,Pacifico,Patía,Río Guáitara,2020,25,Andes,En revisión,4,4,0,4.16311550140381,4.16311550140381,16.4329223632813,0.525731503963471,0.872293174266815,3.93818187713623,4.62545442581177,5,5,0.789855062961578,0.967391312122345,1,1,59,1.03999996185303,4.15999984741211
10,2011-10-13,52050040,7,Definitivo,SANDONA [52050040],Pluviométrica,Convencional,Activa,Nariño,Sandoná,1.3223,-77.4792,20,9/15/1963,,Cudayari,Pacifico,Patía,Río Guáitara,2011,13,Andes,Definitivo,7,7,0,2.67593836784363,2.67593836784363,0,12.9331550598145,17.6723213195801,3.93818187713623,4.62545442581177,5,5,0.789855062961578,0.967391312122345,1,1,57,1.03999996185303,7.27999973297119
10,2012-10-09,52050040,,"",SANDONA [52050040],Pluviométrica,Convencional,Activa,Nariño,Sandoná,1.3223,-77.4792,20,9/15/1963,,Cudayari,Pacifico,Patía,Río Guáitara,2012,09,Andes,Preliminar,0,0,0,4.75913524627686,4.75913524627686,0,0.936894416809082,0.471214413642883,3.93818187713623,4.62545442581177,5,5,0.789855062961578,0.967391312122345,1,1,56,1.03999996185303,0
10,2012-10-10,52050040,,"",SANDONA [52050040],Pluviométrica,Convencional,Activa,Nariño,Sandoná,1.3223,-77.4792,20,9/15/1963,,Cudayari,Pacifico,Patía,Río Guáitara,2012,10,Andes,Preliminar,0,0,0,4.14666414260864,4.14666414260864,0,1.2700001001358,0,3.93818187713623,4.62545442581177,5,5,0.789855062961578,0.967391312122345,1,1,56,1.03999996185303,0
10,2012-10-11,52050040,4,Definitivo,SANDONA [52050040],Pluviométrica,Convencional,Activa,Nariño,Sandoná,1.3223,-77.4792,20,9/15/1963,,Cudayari,Pacifico,Patía,Río Guáitara,2012,11,Andes,Definitivo,4,4,0,6.08575105667114,6.08575105667114,0,6.71551513671875,12.6165456771851,3.93818187713623,4.62545442581177,5,5,0.789855062961578,0.967391312122345,1,1,57,1.03999996185303,4.15999984741211
10,2012-10-12,52050040,,"",SANDONA [52050040],Pluviométrica,Convencional,Activa,Nariño,Sandoná,1.3223,-77.4792,20,9/15/1963,,Cudayari,Pacifico,Patía,Río Guáitara,2012,12,Andes,Preliminar,0,0,0,6.12693023681641,6.12693023681641,26.1554927825928,5.17264795303345,18.6834049224854,3.93818187713623,4.62545442581177,5,5,0.789855062961578,0.967391312122345,1,1,57,1.03999996185303,0
10,2011-10-17,52050040,,"",SANDONA [52050040],Pluviométrica,Convencional,Activa,Nariño,Sandoná,1.3223,-77.4792,20,9/15/1963,,Cudayari,Pacifico,Patía,Río Guáitara,2011,17,Andes,Preliminar,0,0,0,5.08217334747315,5.08217334747315,0,9.10450553894043,5.86243295669556,3.93818187713623,4.62545442581177,5,5,0.789855062961578,0.967391312122345,1,1,58,1.03999996185303,0
10,2011-10-18,52050040,,"",SANDONA [52050040],Pluviométrica,Convencional,Activa,Nariño,Sandoná,1.3223,-77.4792,20,9/15/1963,,Cudayari,Pacifico,Patía,Río Guáitara,2011,18,Andes,Preliminar,0,0,0,2.57262778282166,2.57262778282166,12.4592351913452,3.05124807357788,5.69373083114624,3.93818187713623,4.62545442581177,5,5,0.789855062961578,0.967391312122345,1,1,58,1.03999996185303,0
10,2011-10-19,52050040,1,Definitivo,SANDONA [52050040],Pluviométrica,Convencional,Activa,Nariño,Sandoná,1.3223,-77.4792,20,9/15/1963,,Cudayari,Pacifico,Patía,Río Guáitara,2011,19,Andes,Definitivo,1,1,0,3.85592007637024,3.85592007637024,12.4592351913452,0.759044229984283,6.43602466583252,3.93818187713623,4.62545442581177,5,5,0.789855062961578,0.967391312122345,1,1,58,1.03999996185303,1.03999996185303
10,2010-10-23,52050040,6,Definitivo,SANDONA [52050040],Pluviométrica,Convencional,Activa,Nariño,Sandoná,1.3223,-77.4792,20,9/15/1963,,Cudayari,Pacifico,Patía,Río Guáitara,2010,23,Andes,Definitivo,6,6,0,16.6444110870361,16.6444110870361,0,8.80803298950195,10.4681930541992,3.93818187713623,4.62545442581177,5,5,0.789855062961578,0.967391312122345,1,1,59,1.03999996185303,6.23999977111816
10,2012-10-24,52050040,,"",SANDONA [52050040],Pluviométrica,Convencional,Activa,Nariño,Sandoná,1.3223,-77.4792,20,9/15/1963,,Cudayari,Pacifico,Patía,Río Guáitara,2012,24,Andes,Preliminar,0,0,0,4.72148895263672,4.72148895263672,9.51830196380615,2.20011234283447,5.20164728164673,3.93818187713623,4.62545442581177,5,5,0.789855062961578,0.967391312122345,1,1,59,1.03999996185303,0
10,2012-10-25,52050040,,"",SANDONA [52050040],Pluviométrica,Convencional,Activa,Nariño,Sandoná,1.3223,-77.4792,20,9/15/1963,,Cudayari,Pacifico,Patía,Río Guáitara,2012,25,Andes,Preliminar,0,0,0,3.88800001144409,3.88800001144409,0,1.65484750270844,3.04704308509827,3.93818187713623,4.62545442581177,5,5,0.789855062961578,0.967391312122345,1,1,59,1.03999996185303,0
10,2009-10-09,52050040,,"",SANDONA [52050040],Pluviométrica,Convencional,Activa,Nariño,Sandoná,1.3223,-77.4792,20,9/15/1963,,Cudayari,Pacifico,Patía,Río Guáitara,2009,09,Andes,Preliminar,0,0,0,1.0610808134079,1.0610808134079,0,0,0,3.93818187713623,4.62545442581177,5,5,0.789855062961578,0.967391312122345,1,1,56,1.03999996185303,0
10,2007-10-10,52050040,,"",SANDONA [52050040],Pluviométrica,Convencional,Activa,Nariño,Sandoná,1.3223,-77.4792,20,9/15/1963,,Cudayari,Pacifico,Patía,Río Guáitara,2007,10,Andes,Preliminar,0,0,0,9.2959566116333,9.2959566116333,0,8.33485889434815,5.15538692474365,3.93818187713623,4.62545442581177,5,5,0.789855062961578,0.967391312122345,1,1,56,1.03999996185303,0
10,2023-10-21,52050040,,"",SANDONA [52050040],Pluviométrica,Convencional,Activa,Nariño,Sandoná,1.3223,-77.4792,20,9/15/1963,,Cudayari,Pacifico,Patía,Río Guáitara,2023,21,Andes,Preliminar,0,0,0,9.39581298828125,9.39581298828125,0,8.23404693603516,0.144223392009735,3.93818187713623,4.62545442581177,5,5,0.789855062961578,0.967391312122345,1,1,59,1.03999996185303,0
10,2022-10-22,52050040,3,En revisión,SANDONA [52050040],Pluviométrica,Convencional,Activa,Nariño,Sandoná,1.3223,-77.4792,20,9/15/1963,,Cudayari,Pacifico,Patía,Río Guáitara,2022,22,Andes,En revisión,3,3,0,4.55442380905151,4.55442380905151,0,9.2827672958374,2.98109936714172,3.93818187713623,4.62545442581177,5,5,0.789855062961578,0.967391312122345,1,1,59,1.03999996185303,3.11999988555908
10,2020-10-20,52050040,,"",SANDONA [52050040],Pluviométrica,Convencional,Activa,Nariño,Sandoná,1.3223,-77.4792,20,9/15/1963,,Cudayari,Pacifico,Patía,Río Guáitara,2020,20,Andes,Preliminar,0,0,0,3.25629615783691,3.25629615783691,0,0,0,3.93818187713623,4.62545442581177,5,5,0.789855062961578,0.967391312122345,1,1,58,1.03999996185303,0
10,2022-10-17,52050040,4,En revisión,SANDONA [52050040],Pluviométrica,Convencional,Activa,Nariño,Sandoná,1.3223,-77.4792,20,9/15/1963,,Cudayari,Pacifico,Patía,Río Guáitara,2022,17,Andes,En revisión,4,4,0,3.23999428749084,3.23999428749084,31.4184474945068,0,12.531400680542,3.93818187713623,4.62545442581177,5,5,0.789855062961578,0.967391312122345,1,1,58,1.03999996185303,4.15999984741211
10,2020-10-17,52050040,,"",SANDONA [52050040],Pluviométrica,Convencional,Activa,Nariño,Sandoná,1.3223,-77.4792,20,9/15/1963,,Cudayari,Pacifico,Patía,Río Guáitara,2020,17,Andes,Preliminar,0,0,0,1.40341520309448,1.40341520309448,0,0,0,3.93818187713623,4.62545442581177,5,5,0.789855062961578,0.967391312122345,1,1,58,1.03999996185303,0
10,2021-10-15,52050040,6,En revisión,SANDONA [52050040],Pluviométrica,Convencional,Activa,Nariño,Sandoná,1.3223,-77.4792,20,9/15/1963,,Cudayari,Pacifico,Patía,Río Guáitara,2021,15,Andes,En revisión,6,6,0,9.60133075714111,9.60133075714111,22.758150100708,5.15541172027588,2.5549738407135,3.93818187713623,4.62545442581177,5,5,0.789855062961578,0.967391312122345,1,1,57,1.03999996185303,6.23999977111816
10,2021-10-12,52050040,12,En revisión,SANDONA [52050040],Pluviométrica,Convencional,Activa,Nariño,Sandoná,1.3223,-77.4792,20,9/15/1963,,Cudayari,Pacifico,Patía,Río Guáitara,2021,12,Andes,En revisión,12,12,0,11.3063354492188,11.3063354492188,0,2.76514101028442,2.72188186645508,3.93818187713623,4.62545442581177,5,5,0.789855062961578,0.967391312122345,1,1,57,1.03999996185303,12.4799995422363
10,2020-10-13,52050040,,"",SANDONA [52050040],Pluviométrica,Convencional,Activa,Nariño,Sandoná,1.3223,-77.4792,20,9/15/1963,,Cudayari,Pacifico,Patía,Río Guáitara,2020,13,Andes,Preliminar,0,0,0,3.19854259490967,3.19854259490967,0,0.130263984203339,0,3.93818187713623,4.62545442581177,5,5,0.789855062961578,0.967391312122345,1,1,57,1.03999996185303,0
10,2021-10-11,52050040,13,En revisión,SANDONA [52050040],Pluviométrica,Convencional,Activa,Nariño,Sandoná,1.3223,-77.4792,20,9/15/1963,,Cudayari,Pacifico,Patía,Río Guáitara,2021,11,Andes,En revisión,13,13,0,13.192419052124,13.192419052124,0,3.8393075466156,1.27106738090515,3.93818187713623,4.62545442581177,5,5,0.789855062961578,0.967391312122345,1,1,57,1.03999996185303,13.5199995040894
10,2022-10-09,52050040,5,En revisión,SANDONA [52050040],Pluviométrica,Convencional,Activa,Nariño,Sandoná,1.3223,-77.4792,20,9/15/1963,,Cudayari,Pacifico,Patía,Río Guáitara,2022,09,Andes,En revisión,5,5,0,2.64284181594849,2.64284181594849,0,4.91461849212647,1.84096050262451,3.93818187713623,4.62545442581177,5,5,0.789855062961578,0.967391312122345,1,1,56,1.03999996185303,5.19999980926514
10,2023-10-07,52050040,10,En revisión,SANDONA [52050040],Pluviométrica,Convencional,Activa,Nariño,Sandoná,1.3223,-77.4792,20,9/15/1963,,Cudayari,Pacifico,Patía,Río Guáitara,2023,07,Andes,En revisión,10,10,0,7.4688081741333,7.4688081741333,6.57896947860718,3.44655776023865,6.76390981674194,3.93818187713623,4.62545442581177,5,5,0.789855062961578,0.967391312122345,1,1,56,1.03999996185303,10.3999996185303
10,2017-10-24,52050040,,"",SANDONA [52050040],Pluviométrica,Convencional,Activa,Nariño,Sandoná,1.3223,-77.4792,20,9/15/1963,,Cudayari,Pacifico,Patía,Río Guáitara,2017,24,Andes,Preliminar,0,0,0,10.7531356811523,10.7531356811523,18.7276077270508,3.06102609634399,0.788487732410431,3.93818187713623,4.62545442581177,5,5,0.789855062961578,0.967391312122345,1,1,59,1.03999996185303,0
10,2019-10-26,52050040,2,Definitivo,SANDONA [52050040],Pluviométrica,Convencional,Activa,Nariño,Sandoná,1.3223,-77.4792,20,9/15/1963,,Cudayari,Pacifico,Patía,Río Guáitara,2019,26,Andes,Definitivo,2,2,0,5.00301456451416,5.00301456451416,0,1.85853099822998,0.0076693999581039,3.93818187713623,4.62545442581177,5,5,0.789855062961578,0.967391312122345,1,1,60,1.03999996185303,2.07999992370605
10,2007-10-11,52050040,19,Definitivo,SANDONA [52050040],Pluviométrica,Convencional,Activa,Nariño,Sandoná,1.3223,-77.4792,20,9/15/1963,,Cudayari,Pacifico,Patía,Río Guáitara,2007,11,Andes,Definitivo,19,19,0,9.8143196105957,9.8143196105957,0,13.6213626861572,0.939375281333923,3.93818187713623,4.62545442581177,5,5,0.789855062961578,0.967391312122345,1,1,57,1.03999996185303,19.7599992752075
10,2001-10-31,52050040,,"",SANDONA [52050040],Pluviométrica,Convencional,Activa,Nariño,Sandoná,1.3223,-77.4792,20,9/15/1963,,Cudayari,Pacifico,Patía,Río Guáitara,2001,31,Andes,Preliminar,0,0,0,0,0,0,0.932646155357361,0.04843545332551,3.93818187713623,4.62545442581177,5,5,0.789855062961578,0.967391312122345,1,1,60,1.03999996185303,0
10,2004-10-29,52050040,3,Definitivo,SANDONA [52050040],Pluviométrica,Convencional,Activa,Nariño,Sandoná,1.3223,-77.4792,20,9/15/1963,,Cudayari,Pacifico,Patía,Río Guáitara,2004,29,Andes,Definitivo,3,3,0,9.56716251373291,9.56716251373291,6.71473264694214,4.91625070571899,4.40383672714233,3.93818187713623,4.62545442581177,5,5,0.789855062961578,0.967391312122345,1,1,60,1.03999996185303,3.11999988555908
10,2003-10-27,52050040,1,Definitivo,SANDONA [52050040],Pluviométrica,Convencional,Activa,Nariño,Sandoná,1.3223,-77.4792,20,9/15/1963,,Cudayari,Pacifico,Patía,Río Guáitara,2003,27,Andes,Definitivo,1,1,0,17.7685794830322,17.7685794830322,0,24.8196907043457,1.25941252708435,3.93818187713623,4.62545442581177,5,5,0.789855062961578,0.967391312122345,1,1,60,1.03999996185303,1.03999996185303
10,2005-10-21,52050040,17,Definitivo,SANDONA [52050040],Pluviométrica,Convencional,Activa,Nariño,Sandoná,1.3223,-77.4792,20,9/15/1963,,Cudayari,Pacifico,Patía,Río Guáitara,2005,21,Andes,Definitivo,17,17,0,11.4905376434326,11.4905376434326,0,7.70108079910278,23.0648574829102,3.93818187713623,4.62545442581177,5,5,0.789855062961578,0.967391312122345,1,1,59,1.03999996185303,17.6799993515015
10,2006-10-19,52050040,,"",SANDONA [52050040],Pluviométrica,Convencional,Activa,Nariño,Sandoná,1.3223,-77.4792,20,9/15/1963,,Cudayari,Pacifico,Patía,Río Guáitara,2006,19,Andes,Preliminar,0,0,0,0,0,0,1.01863729953766,0,3.93818187713623,4.62545442581177,5,5,0.789855062961578,0.967391312122345,1,1,58,1.03999996185303,0
10,2006-10-20,52050040,,"",SANDONA [52050040],Pluviométrica,Convencional,Activa,Nariño,Sandoná,1.3223,-77.4792,20,9/15/1963,,Cudayari,Pacifico,Patía,Río Guáitara,2006,20,Andes,Preliminar,0,0,0,0.369110196828842,0.369110196828842,0,0.777114987373352,0,3.93818187713623,4.62545442581177,5,5,0.789855062961578,0.967391312122345,1,1,58,1.03999996185303,0
10,2008-10-14,52050040,0,Definitivo,SANDONA [52050040],Pluviométrica,Convencional,Activa,Nariño,Sandoná,1.3223,-77.4792,20,9/15/1963,,Cudayari,Pacifico,Patía,Río Guáitara,2008,14,Andes,Definitivo,0,0,0,6.89232683181763,6.89232683181763,24.952959060669,16.27121925354,16.1556148529053,3.93818187713623,4.62545442581177,5,5,0.789855062961578,0.967391312122345,1,1,57,1.03999996185303,0
10,2009-10-12,52050040,5,Definitivo,SANDONA [52050040],Pluviométrica,Convencional,Activa,Nariño,Sandoná,1.3223,-77.4792,20,9/15/1963,,Cudayari,Pacifico,Patía,Río Guáitara,2009,12,Andes,Definitivo,5,5,0,3.02813982963562,3.02813982963562,0,2.1479218006134,7.85211229324341,3.93818187713623,4.62545442581177,5,5,0.789855062961578,0.967391312122345,1,1,57,1.03999996185303,5.19999980926514
10,2009-10-13,52050040,2,Definitivo,SANDONA [52050040],Pluviométrica,Convencional,Activa,Nariño,Sandoná,1.3223,-77.4792,20,9/15/1963,,Cudayari,Pacifico,Patía,Río Guáitara,2009,13,Andes,Definitivo,2,2,0,16.640417098999,16.640417098999,0,3.28470659255981,0.188728809356689,3.93818187713623,4.62545442581177,5,5,0.789855062961578,0.967391312122345,1,1,57,1.03999996185303,2.07999992370605
10,2005-10-13,52050040,,"",SANDONA [52050040],Pluviométrica,Convencional,Activa,Nariño,Sandoná,1.3223,-77.4792,20,9/15/1963,,Cudayari,Pacifico,Patía,Río Guáitara,2005,13,Andes,Preliminar,0,0,0,11.3007974624634,11.3007974624634,28.5141696929932,2.54382395744324,16.193244934082,3.93818187713623,4.62545442581177,5,5,0.789855062961578,0.967391312122345,1,1,57,1.03999996185303,0
10,2006-10-11,52050040,3,Definitivo,SANDONA [52050040],Pluviométrica,Convencional,Activa,Nariño,Sandoná,1.3223,-77.4792,20,9/15/1963,,Cudayari,Pacifico,Patía,Río Guáitara,2006,11,Andes,Definitivo,3,3,0,5.70791912078857,5.70791912078857,0,11.1531343460083,8.71245098114014,3.93818187713623,4.62545442581177,5,5,0.789855062961578,0.967391312122345,1,1,57,1.03999996185303,3.11999988555908
10,2004-10-11,52050040,27,Definitivo,SANDONA [52050040],Pluviométrica,Convencional,Activa,Nariño,Sandoná,1.3223,-77.4792,20,9/15/1963,,Cudayari,Pacifico,Patía,Río Guáitara,2004,11,Andes,Definitivo,27,27,0,6.40027952194214,6.40027952194214,9.79168701171875,5.81498003005981,2.22807741165161,3.93818187713623,4.62545442581177,5,5,0.789855062961578,0.967391312122345,1,1,57,1.03999996185303,28.0799989700317
10,2022-10-24,52050040,15,En revisión,SANDONA [52050040],Pluviométrica,Convencional,Activa,Nariño,Sandoná,1.3223,-77.4792,20,9/15/1963,,Cudayari,Pacifico,Patía,Río Guáitara,2022,24,Andes,En revisión,15,15,0,9.44449043273926,9.44449043273926,0,9.2827672958374,0.0805702432990074,3.93818187713623,4.62545442581177,5,5,0.789855062961578,0.967391312122345,1,1,59,1.03999996185303,15.5999994277954
10,2005-10-10,52050040,,"",SANDONA [52050040],Pluviométrica,Convencional,Activa,Nariño,Sandoná,1.3223,-77.4792,20,9/15/1963,,Cudayari,Pacifico,Patía,Río Guáitara,2005,10,Andes,Preliminar,0,0,0,8.25915241241455,8.25915241241455,10.4739742279053,4.55110359191895,8.19393825531006,3.93818187713623,4.62545442581177,5,5,0.789855062961578,0.967391312122345,1,1,56,1.03999996185303,0
10,2010-10-09,52050040,,"",SANDONA [52050040],Pluviométrica,Convencional,Activa,Nariño,Sandoná,1.3223,-77.4792,20,9/15/1963,,Cudayari,Pacifico,Patía,Río Guáitara,2010,09,Andes,Preliminar,0,0,0,1.16711831092834,1.16711831092834,0,0.46732360124588,0.135309025645256,3.93818187713623,4.62545442581177,5,5,0.789855062961578,0.967391312122345,1,1,56,1.03999996185303,0
10,2010-10-10,52050040,,"",SANDONA [52050040],Pluviométrica,Convencional,Activa,Nariño,Sandoná,1.3223,-77.4792,20,9/15/1963,,Cudayari,Pacifico,Patía,Río Guáitara,2010,10,Andes,Preliminar,0,0,0,0.136163786053658,0.136163786053658,0,0.316010326147079,0.0162370838224888,3.93818187713623,4.62545442581177,5,5,0.789855062961578,0.967391312122345,1,1,56,1.03999996185303,0
10,2010-10-11,52050040,,"",SANDONA [52050040],Pluviométrica,Convencional,Activa,Nariño,Sandoná,1.3223,-77.4792,20,9/15/1963,,Cudayari,Pacifico,Patía,Río Guáitara,2010,11,Andes,Preliminar,0,0,0,0,0,0,0.385099321603775,4.84618330001831,3.93818187713623,4.62545442581177,5,5,0.789855062961578,0.967391312122345,1,1,57,1.03999996185303,0
10,2013-10-09,52050040,,"",SANDONA [52050040],Pluviométrica,Convencional,Activa,Nariño,Sandoná,1.3223,-77.4792,20,9/15/1963,,Cudayari,Pacifico,Patía,Río Guáitara,2013,09,Andes,Preliminar,0,0,0,2.62201046943665,2.62201046943665,0,0,0,3.93818187713623,4.62545442581177,5,5,0.789855062961578,0.967391312122345,1,1,56,1.03999996185303,0
10,2012-10-13,52050040,8,Definitivo,SANDONA [52050040],Pluviométrica,Convencional,Activa,Nariño,Sandoná,1.3223,-77.4792,20,9/15/1963,,Cudayari,Pacifico,Patía,Río Guáitara,2012,13,Andes,Definitivo,8,8,0,8.88767623901367,8.88767623901367,17.4369964599609,6.31645679473877,1.98904764652252,3.93818187713623,4.62545442581177,5,5,0.789855062961578,0.967391312122345,1,1,57,1.03999996185303,8.31999969482422
10,2012-10-14,52050040,,"",SANDONA [52050040],Pluviométrica,Convencional,Activa,Nariño,Sandoná,1.3223,-77.4792,20,9/15/1963,,Cudayari,Pacifico,Patía,Río Guáitara,2012,14,Andes,Preliminar,0,0,0,11.9876670837402,11.9876670837402,0,11.4485664367676,1.64791834354401,3.93818187713623,4.62545442581177,5,5,0.789855062961578,0.967391312122345,1,1,57,1.03999996185303,0
10,2012-10-15,52050040,7,Definitivo,SANDONA [52050040],Pluviométrica,Convencional,Activa,Nariño,Sandoná,1.3223,-77.4792,20,9/15/1963,,Cudayari,Pacifico,Patía,Río Guáitara,2012,15,Andes,Definitivo,7,7,0,5.8325834274292,5.8325834274292,0,7.54567909240723,2.26195168495178,3.93818187713623,4.62545442581177,5,5,0.789855062961578,0.967391312122345,1,1,57,1.03999996185303,7.27999973297119
10,2011-10-20,52050040,1,Definitivo,SANDONA [52050040],Pluviométrica,Convencional,Activa,Nariño,Sandoná,1.3223,-77.4792,20,9/15/1963,,Cudayari,Pacifico,Patía,Río Guáitara,2011,20,Andes,Definitivo,1,1,0,5.82339859008789,5.82339859008789,0,0.78941422700882,2.15096497535706,3.93818187713623,4.62545442581177,5,5,0.789855062961578,0.967391312122345,1,1,58,1.03999996185303,1.03999996185303
10,2013-10-21,52050040,12,Definitivo,SANDONA [52050040],Pluviométrica,Convencional,Activa,Nariño,Sandoná,1.3223,-77.4792,20,9/15/1963,,Cudayari,Pacifico,Patía,Río Guáitara,2013,21,Andes,Definitivo,12,12,0,3.34262442588806,3.34262442588806,11.0087013244629,9.52621841430664,0.129135072231293,3.93818187713623,4.62545442581177,5,5,0.789855062961578,0.967391312122345,1,1,59,1.03999996185303,12.4799995422363
10,2013-10-22,52050040,3,Definitivo,SANDONA [52050040],Pluviométrica,Convencional,Activa,Nariño,Sandoná,1.3223,-77.4792,20,9/15/1963,,Cudayari,Pacifico,Patía,Río Guáitara,2013,22,Andes,Definitivo,3,3,0,5.58695459365845,5.58695459365845,0,9.6790771484375,26.6421794891357,3.93818187713623,4.62545442581177,5,5,0.789855062961578,0.967391312122345,1,1,59,1.03999996185303,3.11999988555908
10,2015-10-24,52050040,15,Definitivo,SANDONA [52050040],Pluviométrica,Convencional,Activa,Nariño,Sandoná,1.3223,-77.4792,20,9/15/1963,,Cudayari,Pacifico,Patía,Río Guáitara,2015,24,Andes,Definitivo,15,15,0,9.64288425445557,9.64288425445557,0,1.24691796302795,2.83853507041931,3.93818187713623,4.62545442581177,5,5,0.789855062961578,0.967391312122345,1,1,59,1.03999996185303,15.5999994277954
10,2005-10-09,52050040,14,Definitivo,SANDONA [52050040],Pluviométrica,Convencional,Activa,Nariño,Sandoná,1.3223,-77.4792,20,9/15/1963,,Cudayari,Pacifico,Patía,Río Guáitara,2005,09,Andes,Definitivo,14,14,0,5.39844036102295,5.39844036102295,0,1.63679265975952,0,3.93818187713623,4.62545442581177,5,5,0.789855062961578,0.967391312122345,1,1,56,1.03999996185303,14.5599994659424
10,2020-10-23,52050040,,"",SANDONA [52050040],Pluviométrica,Convencional,Activa,Nariño,Sandoná,1.3223,-77.4792,20,9/15/1963,,Cudayari,Pacifico,Patía,Río Guáitara,2020,23,Andes,Preliminar,0,0,0,2.3279972076416,2.3279972076416,0,0.471639662981033,0.0200527161359787,3.93818187713623,4.62545442581177,5,5,0.789855062961578,0.967391312122345,1,1,59,1.03999996185303,0
10,2018-10-26,52050040,,"",SANDONA [52050040],Pluviométrica,Convencional,Activa,Nariño,Sandoná,1.3223,-77.4792,20,9/15/1963,,Cudayari,Pacifico,Patía,Río Guáitara,2018,26,Andes,Preliminar,0,0,0,5.5461688041687,5.5461688041687,0,0.972857177257538,0.127313211560249,3.93818187713623,4.62545442581177,5,5,0.789855062961578,0.967391312122345,1,1,60,1.03999996185303,0
10,2021-10-21,52050040,,"",SANDONA [52050040],Pluviométrica,Convencional,Activa,Nariño,Sandoná,1.3223,-77.4792,20,9/15/1963,,Cudayari,Pacifico,Patía,Río Guáitara,2021,21,Andes,Preliminar,1,1,0,8.1420373916626,8.1420373916626,0,9.57422542572021,8.65719318389893,3.93818187713623,4.62545442581177,5,5,0.789855062961578,0.967391312122345,1,1,59,1.03999996185303,1.03999996185303
10,2021-10-18,52050040,0,En revisión,SANDONA [52050040],Pluviométrica,Convencional,Activa,Nariño,Sandoná,1.3223,-77.4792,20,9/15/1963,,Cudayari,Pacifico,Patía,Río Guáitara,2021,18,Andes,En revisión,0,0,0,12.2869606018066,12.2869606018066,0,6.12229728698731,5.90055704116821,3.93818187713623,4.62545442581177,5,5,0.789855062961578,0.967391312122345,1,1,58,1.03999996185303,0
10,2022-10-16,52050040,70,En revisión,SANDONA [52050040],Pluviométrica,Convencional,Activa,Nariño,Sandoná,1.3223,-77.4792,20,9/15/1963,,Cudayari,Pacifico,Patía,Río Guáitara,2022,16,Andes,En revisión,70,70,0,4.00026941299439,4.00026941299439,0,39.8061370849609,12.6978425979614,3.93818187713623,4.62545442581177,5,5,0.789855062961578,0.967391312122345,1,1,58,1.03999996185303,72.7999973297119
10,2020-10-16,52050040,,"",SANDONA [52050040],Pluviométrica,Convencional,Activa,Nariño,Sandoná,1.3223,-77.4792,20,9/15/1963,,Cudayari,Pacifico,Patía,Río Guáitara,2020,16,Andes,Preliminar,0,0,0,0.751325190067291,0.751325190067291,0,0,0,3.93818187713623,4.62545442581177,5,5,0.789855062961578,0.967391312122345,1,1,58,1.03999996185303,0
10,2022-10-13,52050040,5,En revisión,SANDONA [52050040],Pluviométrica,Convencional,Activa,Nariño,Sandoná,1.3223,-77.4792,20,9/15/1963,,Cudayari,Pacifico,Patía,Río Guáitara,2022,13,Andes,En revisión,5,5,0,6.29453897476196,6.29453897476196,0,4.78030729293823,5.90157413482666,3.93818187713623,4.62545442581177,5,5,0.789855062961578,0.967391312122345,1,1,57,1.03999996185303,5.19999980926514
10,2019-10-15,52050040,3,Definitivo,SANDONA [52050040],Pluviométrica,Convencional,Activa,Nariño,Sandoná,1.3223,-77.4792,20,9/15/1963,,Cudayari,Pacifico,Patía,Río Guáitara,2019,15,Andes,Definitivo,3,3,0,4.08320760726929,4.08320760726929,0,1.00346720218658,3.2680196762085,3.93818187713623,4.62545442581177,5,5,0.789855062961578,0.967391312122345,1,1,57,1.03999996185303,3.11999988555908
10,2020-10-12,52050040,,"",SANDONA [52050040],Pluviométrica,Convencional,Activa,Nariño,Sandoná,1.3223,-77.4792,20,9/15/1963,,Cudayari,Pacifico,Patía,Río Guáitara,2020,12,Andes,Preliminar,0,0,0,2.90581250190735,2.90581250190735,0,0.0205068029463291,0,3.93818187713623,4.62545442581177,5,5,0.789855062961578,0.967391312122345,1,1,57,1.03999996185303,0
10,2021-10-10,52050040,3,En revisión,SANDONA [52050040],Pluviométrica,Convencional,Activa,Nariño,Sandoná,1.3223,-77.4792,20,9/15/1963,,Cudayari,Pacifico,Patía,Río Guáitara,2021,10,Andes,En revisión,3,3,0,3.47480440139771,3.47480440139771,0,2.01488018035889,9.94056797027588,3.93818187713623,4.62545442581177,5,5,0.789855062961578,0.967391312122345,1,1,56,1.03999996185303,3.11999988555908
10,2022-10-08,52050040,18,En revisión,SANDONA [52050040],Pluviométrica,Convencional,Activa,Nariño,Sandoná,1.3223,-77.4792,20,9/15/1963,,Cudayari,Pacifico,Patía,Río Guáitara,2022,08,Andes,En revisión,18,18,0,5.97859144210815,5.97859144210815,29.9877796173096,4.91461849212647,3.9555766582489,3.93818187713623,4.62545442581177,5,5,0.789855062961578,0.967391312122345,1,1,56,1.03999996185303,18.7199993133545
10,2023-10-06,52050040,2,En revisión,SANDONA [52050040],Pluviométrica,Convencional,Activa,Nariño,Sandoná,1.3223,-77.4792,20,9/15/1963,,Cudayari,Pacifico,Patía,Río Guáitara,2023,06,Andes,En revisión,2,2,0,5.67345094680786,5.67345094680786,6.57896947860718,3.44655776023865,6.64456129074097,3.93818187713623,4.62545442581177,5,5,0.789855062961578,0.967391312122345,1,1,56,1.03999996185303,2.07999992370605
10,2017-10-25,52050040,12,Definitivo,SANDONA [52050040],Pluviométrica,Convencional,Activa,Nariño,Sandoná,1.3223,-77.4792,20,9/15/1963,,Cudayari,Pacifico,Patía,Río Guáitara,2017,25,Andes,Definitivo,12,12,0,4.52639818191528,4.52639818191528,0,3.81646704673767,9.29585552215576,3.93818187713623,4.62545442581177,5,5,0.789855062961578,0.967391312122345,1,1,59,1.03999996185303,12.4799995422363
10,2001-10-30,52050040,,"",SANDONA [52050040],Pluviométrica,Convencional,Activa,Nariño,Sandoná,1.3223,-77.4792,20,9/15/1963,,Cudayari,Pacifico,Patía,Río Guáitara,2001,30,Andes,Preliminar,0,0,0,0,0,0,1.59792637825012,0.489736258983612,3.93818187713623,4.62545442581177,5,5,0.789855062961578,0.967391312122345,1,1,60,1.03999996185303,0
10,2002-10-28,52050040,9,Definitivo,SANDONA [52050040],Pluviométrica,Convencional,Activa,Nariño,Sandoná,1.3223,-77.4792,20,9/15/1963,,Cudayari,Pacifico,Patía,Río Guáitara,2002,28,Andes,Definitivo,9,9,0,11.3515996932983,11.3515996932983,0,7.64175844192505,8.9348611831665,3.93818187713623,4.62545442581177,5,5,0.789855062961578,0.967391312122345,1,1,60,1.03999996185303,9.35999965667725
10,2002-10-29,52050040,6,Definitivo,SANDONA [52050040],Pluviométrica,Convencional,Activa,Nariño,Sandoná,1.3223,-77.4792,20,9/15/1963,,Cudayari,Pacifico,Patía,Río Guáitara,2002,29,Andes,Definitivo,6,6,0,30.9278202056885,30.9278202056885,26.2121410369873,35.2447891235352,34.0699729919434,3.93818187713623,4.62545442581177,5,5,0.789855062961578,0.967391312122345,1,1,60,1.03999996185303,6.23999977111816
10,2004-10-23,52050040,0,Definitivo,SANDONA [52050040],Pluviométrica,Convencional,Activa,Nariño,Sandoná,1.3223,-77.4792,20,9/15/1963,,Cudayari,Pacifico,Patía,Río Guáitara,2004,23,Andes,Definitivo,0,0,0,0.315189331769943,0.315189331769943,31.3734798431397,33.889087677002,5.66767024993897,3.93818187713623,4.62545442581177,5,5,0.789855062961578,0.967391312122345,1,1,59,1.03999996185303,0
10,2004-10-22,52050040,44,Definitivo,SANDONA [52050040],Pluviométrica,Convencional,Activa,Nariño,Sandoná,1.3223,-77.4792,20,9/15/1963,,Cudayari,Pacifico,Patía,Río Guáitara,2004,22,Andes,Definitivo,44,44,0,0.0787973329424858,0.0787973329424858,31.3734798431397,16.2677631378174,26.6077690124512,3.93818187713623,4.62545442581177,5,5,0.789855062961578,0.967391312122345,1,1,59,1.03999996185303,45.7599983215332
10,2005-10-20,52050040,10,Definitivo,SANDONA [52050040],Pluviométrica,Convencional,Activa,Nariño,Sandoná,1.3223,-77.4792,20,9/15/1963,,Cudayari,Pacifico,Patía,Río Guáitara,2005,20,Andes,Definitivo,10,10,0,6.7735767364502,6.7735767364502,10.243577003479,4.72806119918823,19.3249340057373,3.93818187713623,4.62545442581177,5,5,0.789855062961578,0.967391312122345,1,1,58,1.03999996185303,10.3999996185303
10,2007-10-17,52050040,3,Definitivo,SANDONA [52050040],Pluviométrica,Convencional,Activa,Nariño,Sandoná,1.3223,-77.4792,20,9/15/1963,,Cudayari,Pacifico,Patía,Río Guáitara,2007,17,Andes,Definitivo,3,3,0,12.1595621109009,12.1595621109009,11.4126358032227,3.98119950294495,3.57868885993958,3.93818187713623,4.62545442581177,5,5,0.789855062961578,0.967391312122345,1,1,58,1.03999996185303,3.11999988555908
10,2007-10-16,52050040,,"",SANDONA [52050040],Pluviométrica,Convencional,Activa,Nariño,Sandoná,1.3223,-77.4792,20,9/15/1963,,Cudayari,Pacifico,Patía,Río Guáitara,2007,16,Andes,Preliminar,0,0,0,12.6498670578003,12.6498670578003,11.4126358032227,12.0626735687256,14.8309135437012,3.93818187713623,4.62545442581177,5,5,0.789855062961578,0.967391312122345,1,1,58,1.03999996185303,0
10,2005-10-16,52050040,,"",SANDONA [52050040],Pluviométrica,Convencional,Activa,Nariño,Sandoná,1.3223,-77.4792,20,9/15/1963,,Cudayari,Pacifico,Patía,Río Guáitara,2005,16,Andes,Preliminar,0,0,0,6.79304170608521,6.79304170608521,0,1.79772794246674,0,3.93818187713623,4.62545442581177,5,5,0.789855062961578,0.967391312122345,1,1,58,1.03999996185303,0
10,2007-10-13,52050040,37,Definitivo,SANDONA [52050040],Pluviométrica,Convencional,Activa,Nariño,Sandoná,1.3223,-77.4792,20,9/15/1963,,Cudayari,Pacifico,Patía,Río Guáitara,2007,13,Andes,Definitivo,37,37,0,1.73894500732422,1.73894500732422,0,13.9001474380493,8.64225387573242,3.93818187713623,4.62545442581177,5,5,0.789855062961578,0.967391312122345,1,1,57,1.03999996185303,38.479998588562
10,2007-10-12,52050040,15,Definitivo,SANDONA [52050040],Pluviométrica,Convencional,Activa,Nariño,Sandoná,1.3223,-77.4792,20,9/15/1963,,Cudayari,Pacifico,Patía,Río Guáitara,2007,12,Andes,Definitivo,15,15,0,26.4891338348389,26.4891338348389,21.2610721588135,9.65010070800781,1.07245337963104,3.93818187713623,4.62545442581177,5,5,0.789855062961578,0.967391312122345,1,1,57,1.03999996185303,15.5999994277954
10,2005-10-12,52050040,5,Definitivo,SANDONA [52050040],Pluviométrica,Convencional,Activa,Nariño,Sandoná,1.3223,-77.4792,20,9/15/1963,,Cudayari,Pacifico,Patía,Río Guáitara,2005,12,Andes,Definitivo,5,5,0,12.1929655075073,12.1929655075073,0,14.3030529022217,17.3362941741943,3.93818187713623,4.62545442581177,5,5,0.789855062961578,0.967391312122345,1,1,57,1.03999996185303,5.19999980926514
10,2006-10-10,52050040,,"",SANDONA [52050040],Pluviométrica,Convencional,Activa,Nariño,Sandoná,1.3223,-77.4792,20,9/15/1963,,Cudayari,Pacifico,Patía,Río Guáitara,2006,10,Andes,Preliminar,0,0,0,8.05235767364502,8.05235767364502,0,0,0,3.93818187713623,4.62545442581177,5,5,0.789855062961578,0.967391312122345,1,1,56,1.03999996185303,0
10,2004-10-10,52050040,10,Definitivo,SANDONA [52050040],Pluviométrica,Convencional,Activa,Nariño,Sandoná,1.3223,-77.4792,20,9/15/1963,,Cudayari,Pacifico,Patía,Río Guáitara,2004,10,Andes,Definitivo,10,10,0,9.69076633453369,9.69076633453369,37.5883331298828,1.38901352882385,6.69972372055054,3.93818187713623,4.62545442581177,5,5,0.789855062961578,0.967391312122345,1,1,56,1.03999996185303,10.3999996185303
10,2006-10-07,52050040,,"",SANDONA [52050040],Pluviométrica,Convencional,Activa,Nariño,Sandoná,1.3223,-77.4792,20,9/15/1963,,Cudayari,Pacifico,Patía,Río Guáitara,2006,07,Andes,Preliminar,0,0,0,1.41526293754578,1.41526293754578,0,0,0,3.93818187713623,4.62545442581177,5,5,0.789855062961578,0.967391312122345,1,1,56,1.03999996185303,0
10,2005-10-11,52050040,7,Definitivo,SANDONA [52050040],Pluviométrica,Convencional,Activa,Nariño,Sandoná,1.3223,-77.4792,20,9/15/1963,,Cudayari,Pacifico,Patía,Río Guáitara,2005,11,Andes,Definitivo,7,7,0,8.62429332733154,8.62429332733154,14.2570848464966,9.74711513519287,0,3.93818187713623,4.62545442581177,5,5,0.789855062961578,0.967391312122345,1,1,57,1.03999996185303,7.27999973297119
10,2008-10-09,52050040,2,Definitivo,SANDONA [52050040],Pluviométrica,Convencional,Activa,Nariño,Sandoná,1.3223,-77.4792,20,9/15/1963,,Cudayari,Pacifico,Patía,Río Guáitara,2008,09,Andes,Definitivo,2,2,0,2.48089790344238,2.48089790344238,0,3.04349136352539,0,3.93818187713623,4.62545442581177,5,5,0.789855062961578,0.967391312122345,1,1,56,1.03999996185303,2.07999992370605
10,2008-10-10,52050040,1,Definitivo,SANDONA [52050040],Pluviométrica,Convencional,Activa,Nariño,Sandoná,1.3223,-77.4792,20,9/15/1963,,Cudayari,Pacifico,Patía,Río Guáitara,2008,10,Andes,Definitivo,1,1,0,4.05460166931152,4.05460166931152,0,13.189642906189,6.52289390563965,3.93818187713623,4.62545442581177,5,5,0.789855062961578,0.967391312122345,1,1,56,1.03999996185303,1.03999996185303
10,2008-10-11,52050040,19,Definitivo,SANDONA [52050040],Pluviométrica,Convencional,Activa,Nariño,Sandoná,1.3223,-77.4792,20,9/15/1963,,Cudayari,Pacifico,Patía,Río Guáitara,2008,11,Andes,Definitivo,19,19,0,11.9708814620972,11.9708814620972,0,6.45204544067383,8.545334815979,3.93818187713623,4.62545442581177,5,5,0.789855062961578,0.967391312122345,1,1,57,1.03999996185303,19.7599992752075
10,2013-10-10,52050040,10,Definitivo,SANDONA [52050040],Pluviométrica,Convencional,Activa,Nariño,Sandoná,1.3223,-77.4792,20,9/15/1963,,Cudayari,Pacifico,Patía,Río Guáitara,2013,10,Andes,Definitivo,10,10,0,3.26598000526428,3.26598000526428,0,0,0,3.93818187713623,4.62545442581177,5,5,0.789855062961578,0.967391312122345,1,1,56,1.03999996185303,10.3999996185303
10,2013-10-11,52050040,2,Definitivo,SANDONA [52050040],Pluviométrica,Convencional,Activa,Nariño,Sandoná,1.3223,-77.4792,20,9/15/1963,,Cudayari,Pacifico,Patía,Río Guáitara,2013,11,Andes,Definitivo,2,2,0,2.77498555183411,2.77498555183411,0,2.76122784614563,0.013995367102325,3.93818187713623,4.62545442581177,5,5,0.789855062961578,0.967391312122345,1,1,57,1.03999996185303,2.07999992370605
10,2013-10-12,52050040,5,Definitivo,SANDONA [52050040],Pluviométrica,Convencional,Activa,Nariño,Sandoná,1.3223,-77.4792,20,9/15/1963,,Cudayari,Pacifico,Patía,Río Guáitara,2013,12,Andes,Definitivo,5,5,0,3.85070371627808,3.85070371627808,0,8.01556873321533,9.90872097015381,3.93818187713623,4.62545442581177,5,5,0.789855062961578,0.967391312122345,1,1,57,1.03999996185303,5.19999980926514
10,2012-10-16,52050040,5,Definitivo,SANDONA [52050040],Pluviométrica,Convencional,Activa,Nariño,Sandoná,1.3223,-77.4792,20,9/15/1963,,Cudayari,Pacifico,Patía,Río Guáitara,2012,16,Andes,Definitivo,5,5,0,14.6114702224731,14.6114702224731,5.99520301818848,8.4545431137085,2.62495636940002,3.93818187713623,4.62545442581177,5,5,0.789855062961578,0.967391312122345,1,1,58,1.03999996185303,5.19999980926514
10,2011-10-21,52050040,3,Definitivo,SANDONA [52050040],Pluviométrica,Convencional,Activa,Nariño,Sandoná,1.3223,-77.4792,20,9/15/1963,,Cudayari,Pacifico,Patía,Río Guáitara,2011,21,Andes,Definitivo,3,3,0,4.08925437927246,4.08925437927246,5.88134050369263,6.7937331199646,8.46779918670654,3.93818187713623,4.62545442581177,5,5,0.789855062961578,0.967391312122345,1,1,59,1.03999996185303,3.11999988555908
10,2011-10-22,52050040,,"",SANDONA [52050040],Pluviométrica,Convencional,Activa,Nariño,Sandoná,1.3223,-77.4792,20,9/15/1963,,Cudayari,Pacifico,Patía,Río Guáitara,2011,22,Andes,Preliminar,0,0,0,4.66833114624023,4.66833114624023,0,2.92701053619385,0.0710683837532997,3.93818187713623,4.62545442581177,5,5,0.789855062961578,0.967391312122345,1,1,59,1.03999996185303,0
10,2013-10-23,52050040,8,Definitivo,SANDONA [52050040],Pluviométrica,Convencional,Activa,Nariño,Sandoná,1.3223,-77.4792,20,9/15/1963,,Cudayari,Pacifico,Patía,Río Guáitara,2013,23,Andes,Definitivo,8,8,0,5.90001487731934,5.90001487731934,0,5.85859107971191,0,3.93818187713623,4.62545442581177,5,5,0.789855062961578,0.967391312122345,1,1,59,1.03999996185303,8.31999969482422
10,2015-10-25,52050040,,"",SANDONA [52050040],Pluviométrica,Convencional,Activa,Nariño,Sandoná,1.3223,-77.4792,20,9/15/1963,,Cudayari,Pacifico,Patía,Río Guáitara,2015,25,Andes,Preliminar,0,0,0,3.69201302528381,3.69201302528381,20.3510360717773,3.83648157119751,5.7951078414917,3.93818187713623,4.62545442581177,5,5,0.789855062961578,0.967391312122345,1,1,59,1.03999996185303,0
10,2015-10-26,52050040,,"",SANDONA [52050040],Pluviométrica,Convencional,Activa,Nariño,Sandoná,1.3223,-77.4792,20,9/15/1963,,Cudayari,Pacifico,Patía,Río Guáitara,2015,26,Andes,Preliminar,0,0,0,4.72543716430664,4.72543716430664,0,4.65990400314331,0.306798964738846,3.93818187713623,4.62545442581177,5,5,0.789855062961578,0.967391312122345,1,1,60,1.03999996185303,0
10,2020-10-24,52050040,10,En revisión,SANDONA [52050040],Pluviométrica,Convencional,Activa,Nariño,Sandoná,1.3223,-77.4792,20,9/15/1963,,Cudayari,Pacifico,Patía,Río Guáitara,2020,24,Andes,En revisión,10,10,0,2.55482482910156,2.55482482910156,0,0.729312837123871,1.03271496295929,3.93818187713623,4.62545442581177,5,5,0.789855062961578,0.967391312122345,1,1,59,1.03999996185303,10.3999996185303
10,2020-10-22,52050040,,"",SANDONA [52050040],Pluviométrica,Convencional,Activa,Nariño,Sandoná,1.3223,-77.4792,20,9/15/1963,,Cudayari,Pacifico,Patía,Río Guáitara,2020,22,Andes,Preliminar,0,0,0,4.95560646057129,4.95560646057129,0,0.0803266689181328,0.0141548588871956,3.93818187713623,4.62545442581177,5,5,0.789855062961578,0.967391312122345,1,1,59,1.03999996185303,0
10,2022-10-19,52050040,6,En revisión,SANDONA [52050040],Pluviométrica,Convencional,Activa,Nariño,Sandoná,1.3223,-77.4792,20,9/15/1963,,Cudayari,Pacifico,Patía,Río Guáitara,2022,19,Andes,En revisión,6,6,0,4.54102420806885,4.54102420806885,0,0,5.43567562103272,3.93818187713623,4.62545442581177,5,5,0.789855062961578,0.967391312122345,1,1,58,1.03999996185303,6.23999977111816
10,2020-10-19,52050040,,"",SANDONA [52050040],Pluviométrica,Convencional,Activa,Nariño,Sandoná,1.3223,-77.4792,20,9/15/1963,,Cudayari,Pacifico,Patía,Río Guáitara,2020,19,Andes,Preliminar,4,4,0,4.74907064437866,4.74907064437866,0,0,0,3.93818187713623,4.62545442581177,5,5,0.789855062961578,0.967391312122345,1,1,58,1.03999996185303,4.15999984741211
10,2018-10-20,52050040,30,Definitivo,SANDONA [52050040],Pluviométrica,Convencional,Activa,Nariño,Sandoná,1.3223,-77.4792,20,9/15/1963,,Cudayari,Pacifico,Patía,Río Guáitara,2018,20,Andes,Definitivo,30,30,0,11.4337902069092,11.4337902069092,10.738748550415,8.73598957061768,2.79013681411743,3.93818187713623,4.62545442581177,5,5,0.789855062961578,0.967391312122345,1,1,58,1.03999996185303,31.1999988555908
10,2018-10-17,52050040,3,Definitivo,SANDONA [52050040],Pluviométrica,Convencional,Activa,Nariño,Sandoná,1.3223,-77.4792,20,9/15/1963,,Cudayari,Pacifico,Patía,Río Guáitara,2018,17,Andes,Definitivo,3,3,0,4.09924840927124,4.09924840927124,5.36937427520752,3.84653735160828,2.88055777549744,3.93818187713623,4.62545442581177,5,5,0.789855062961578,0.967391312122345,1,1,58,1.03999996185303,3.11999988555908
10,2020-10-15,52050040,1,En revisión,SANDONA [52050040],Pluviométrica,Convencional,Activa,Nariño,Sandoná,1.3223,-77.4792,20,9/15/1963,,Cudayari,Pacifico,Patía,Río Guáitara,2020,15,Andes,En revisión,1,1,0,2.60433506965637,2.60433506965637,0,0.266258001327515,0.667896091938019,3.93818187713623,4.62545442581177,5,5,0.789855062961578,0.967391312122345,1,1,57,1.03999996185303,1.03999996185303
10,2018-10-16,52050040,7,Definitivo,SANDONA [52050040],Pluviométrica,Convencional,Activa,Nariño,Sandoná,1.3223,-77.4792,20,9/15/1963,,Cudayari,Pacifico,Patía,Río Guáitara,2018,16,Andes,Definitivo,7,7,0,5.65182685852051,5.65182685852051,0,10.9094495773315,6.17446947097778,3.93818187713623,4.62545442581177,5,5,0.789855062961578,0.967391312122345,1,1,58,1.03999996185303,7.27999973297119
10,2019-10-14,52050040,,"",SANDONA [52050040],Pluviométrica,Convencional,Activa,Nariño,Sandoná,1.3223,-77.4792,20,9/15/1963,,Cudayari,Pacifico,Patía,Río Guáitara,2019,14,Andes,Preliminar,0,0,0,2.63653540611267,2.63653540611267,0,0.681201636791229,0.221667990088463,3.93818187713623,4.62545442581177,5,5,0.789855062961578,0.967391312122345,1,1,57,1.03999996185303,0
10,2020-10-11,52050040,,"",SANDONA [52050040],Pluviométrica,Convencional,Activa,Nariño,Sandoná,1.3223,-77.4792,20,9/15/1963,,Cudayari,Pacifico,Patía,Río Guáitara,2020,11,Andes,Preliminar,0,0,0,1.83559942245483,1.83559942245483,0,0.13306999206543,0,3.93818187713623,4.62545442581177,5,5,0.789855062961578,0.967391312122345,1,1,57,1.03999996185303,0
10,2021-10-09,52050040,31,En revisión,SANDONA [52050040],Pluviométrica,Convencional,Activa,Nariño,Sandoná,1.3223,-77.4792,20,9/15/1963,,Cudayari,Pacifico,Patía,Río Guáitara,2021,09,Andes,En revisión,31,31,0,3.56272721290588,3.56272721290588,0,4.06589269638062,0.77711284160614,3.93818187713623,4.62545442581177,5,5,0.789855062961578,0.967391312122345,1,1,56,1.03999996185303,32.2399988174439
10,2022-10-07,52050040,12,En revisión,SANDONA [52050040],Pluviométrica,Convencional,Activa,Nariño,Sandoná,1.3223,-77.4792,20,9/15/1963,,Cudayari,Pacifico,Patía,Río Guáitara,2022,07,Andes,En revisión,12,12,0,11.7655096054077,11.7655096054077,29.9877796173096,4.91461849212647,12.1403884887695,3.93818187713623,4.62545442581177,5,5,0.789855062961578,0.967391312122345,1,1,56,1.03999996185303,12.4799995422363
10,2023-10-05,52050040,,"",SANDONA [52050040],Pluviométrica,Convencional,Activa,Nariño,Sandoná,1.3223,-77.4792,20,9/15/1963,,Cudayari,Pacifico,Patía,Río Guáitara,2023,05,Andes,Preliminar,0,0,0,3.63717889785767,3.63717889785767,8.66140174865723,0.766331255435944,1.35210454463959,3.93818187713623,4.62545442581177,5,5,0.789855062961578,0.967391312122345,1,1,55,1.03999996185303,0
10,2001-10-29,52050040,,"",SANDONA [52050040],Pluviométrica,Convencional,Activa,Nariño,Sandoná,1.3223,-77.4792,20,9/15/1963,,Cudayari,Pacifico,Patía,Río Guáitara,2001,29,Andes,Preliminar,0,0,0,0.181403666734695,0.181403666734695,13.5153388977051,0.241366326808929,1.79211175441742,3.93818187713623,4.62545442581177,5,5,0.789855062961578,0.967391312122345,1,1,60,1.03999996185303,0
10,2003-10-26,52050040,0,Definitivo,SANDONA [52050040],Pluviométrica,Convencional,Activa,Nariño,Sandoná,1.3223,-77.4792,20,9/15/1963,,Cudayari,Pacifico,Patía,Río Guáitara,2003,26,Andes,Definitivo,0,0,0,6.36877107620239,6.36877107620239,8.14993762969971,7.50074625015259,8.67709636688232,3.93818187713623,4.62545442581177,5,5,0.789855062961578,0.967391312122345,1,1,60,1.03999996185303,0
10,2003-10-25,52050040,21,Definitivo,SANDONA [52050040],Pluviométrica,Convencional,Activa,Nariño,Sandoná,1.3223,-77.4792,20,9/15/1963,,Cudayari,Pacifico,Patía,Río Guáitara,2003,25,Andes,Definitivo,21,21,0,4.34630393981934,4.34630393981934,0,1.65701127052307,1.06358194351196,3.93818187713623,4.62545442581177,5,5,0.789855062961578,0.967391312122345,1,1,59,1.03999996185303,21.8399991989136
10,2002-10-26,52050040,24,Definitivo,SANDONA [52050040],Pluviométrica,Convencional,Activa,Nariño,Sandoná,1.3223,-77.4792,20,9/15/1963,,Cudayari,Pacifico,Patía,Río Guáitara,2002,26,Andes,Definitivo,24,24,0,12.9639511108398,12.9639511108398,0,4.09109020233154,2.29077386856079,3.93818187713623,4.62545442581177,5,5,0.789855062961578,0.967391312122345,1,1,60,1.03999996185303,24.9599990844727
10,2003-10-24,52050040,,"",SANDONA [52050040],Pluviométrica,Convencional,Activa,Nariño,Sandoná,1.3223,-77.4792,20,9/15/1963,,Cudayari,Pacifico,Patía,Río Guáitara,2003,24,Andes,Preliminar,0,0,0,0,0,0,2.39410877227783,0,3.93818187713623,4.62545442581177,5,5,0.789855062961578,0.967391312122345,1,1,59,1.03999996185303,0
10,2006-10-18,52050040,2,Definitivo,SANDONA [52050040],Pluviométrica,Convencional,Activa,Nariño,Sandoná,1.3223,-77.4792,20,9/15/1963,,Cudayari,Pacifico,Patía,Río Guáitara,2006,18,Andes,Definitivo,2,2,0,0,0,0,0.238441213965416,0.0220190137624741,3.93818187713623,4.62545442581177,5,5,0.789855062961578,0.967391312122345,1,1,58,1.03999996185303,2.07999992370605
10,2005-10-19,52050040,,"",SANDONA [52050040],Pluviométrica,Convencional,Activa,Nariño,Sandoná,1.3223,-77.4792,20,9/15/1963,,Cudayari,Pacifico,Patía,Río Guáitara,2005,19,Andes,Preliminar,0,0,0,3.3283953666687,3.3283953666687,10.243577003479,3.83509135246277,0.145738586783409,3.93818187713623,4.62545442581177,5,5,0.789855062961578,0.967391312122345,1,1,58,1.03999996185303,0
10,2006-10-17,52050040,,"",SANDONA [52050040],Pluviométrica,Convencional,Activa,Nariño,Sandoná,1.3223,-77.4792,20,9/15/1963,,Cudayari,Pacifico,Patía,Río Guáitara,2006,17,Andes,Preliminar,0,0,0,1.47644078731537,1.47644078731537,4.18759775161743,0.48105201125145,3.72321462631226,3.93818187713623,4.62545442581177,5,5,0.789855062961578,0.967391312122345,1,1,58,1.03999996185303,0
10,2006-10-14,52050040,5,Definitivo,SANDONA [52050040],Pluviométrica,Convencional,Activa,Nariño,Sandoná,1.3223,-77.4792,20,9/15/1963,,Cudayari,Pacifico,Patía,Río Guáitara,2006,14,Andes,Definitivo,5,5,0,1.52939438819885,1.52939438819885,53.2643585205078,13.2028245925903,23.7105026245117,3.93818187713623,4.62545442581177,5,5,0.789855062961578,0.967391312122345,1,1,57,1.03999996185303,5.19999980926514
10,2005-10-15,52050040,4,Definitivo,SANDONA [52050040],Pluviométrica,Convencional,Activa,Nariño,Sandoná,1.3223,-77.4792,20,9/15/1963,,Cudayari,Pacifico,Patía,Río Guáitara,2005,15,Andes,Definitivo,4,4,0,0.9621422290802,0.9621422290802,0,3.94594979286194,0.458250731229782,3.93818187713623,4.62545442581177,5,5,0.789855062961578,0.967391312122345,1,1,57,1.03999996185303,4.15999984741211
10,2006-10-13,52050040,18,Definitivo,SANDONA [52050040],Pluviométrica,Convencional,Activa,Nariño,Sandoná,1.3223,-77.4792,20,9/15/1963,,Cudayari,Pacifico,Patía,Río Guáitara,2006,13,Andes,Definitivo,18,18,0,34.3567543029785,34.3567543029785,0,21.6468334197998,11.2972784042358,3.93818187713623,4.62545442581177,5,5,0.789855062961578,0.967391312122345,1,1,57,1.03999996185303,18.7199993133545
10,2004-10-13,52050040,,"",SANDONA [52050040],Pluviométrica,Convencional,Activa,Nariño,Sandoná,1.3223,-77.4792,20,9/15/1963,,Cudayari,Pacifico,Patía,Río Guáitara,2004,13,Andes,Preliminar,0,0,0,16.8863925933838,16.8863925933838,0,2.19220018386841,0.232863232493401,3.93818187713623,4.62545442581177,5,5,0.789855062961578,0.967391312122345,1,1,57,1.03999996185303,0
10,2002-10-14,52050040,,"",SANDONA [52050040],Pluviométrica,Convencional,Activa,Nariño,Sandoná,1.3223,-77.4792,20,9/15/1963,,Cudayari,Pacifico,Patía,Río Guáitara,2002,14,Andes,Preliminar,0,0,0,3.33589220046997,3.33589220046997,0,4.1745924949646,0,3.93818187713623,4.62545442581177,5,5,0.789855062961578,0.967391312122345,1,1,57,1.03999996185303,0
10,2002-10-11,52050040,,"",SANDONA [52050040],Pluviométrica,Convencional,Activa,Nariño,Sandoná,1.3223,-77.4792,20,9/15/1963,,Cudayari,Pacifico,Patía,Río Guáitara,2002,11,Andes,Preliminar,0,0,0,6.50905847549439,6.50905847549439,0,3.83045053482056,0.555931866168976,3.93818187713623,4.62545442581177,5,5,0.789855062961578,0.967391312122345,1,1,57,1.03999996185303,0
10,2006-10-08,52050040,,"",SANDONA [52050040],Pluviométrica,Convencional,Activa,Nariño,Sandoná,1.3223,-77.4792,20,9/15/1963,,Cudayari,Pacifico,Patía,Río Guáitara,2006,08,Andes,Preliminar,0,0,0,3.90417337417603,3.90417337417603,0,0,0,3.93818187713623,4.62545442581177,5,5,0.789855062961578,0.967391312122345,1,1,56,1.03999996185303,0
10,2009-10-06,52050040,,"",SANDONA [52050040],Pluviométrica,Convencional,Activa,Nariño,Sandoná,1.3223,-77.4792,20,9/15/1963,,Cudayari,Pacifico,Patía,Río Guáitara,2009,06,Andes,Preliminar,0,0,0,0.76633608341217,0.76633608341217,0,0,0,3.93818187713623,4.62545442581177,5,5,0.789855062961578,0.967391312122345,1,1,56,1.03999996185303,0
10,2009-10-07,52050040,25,Definitivo,SANDONA [52050040],Pluviométrica,Convencional,Activa,Nariño,Sandoná,1.3223,-77.4792,20,9/15/1963,,Cudayari,Pacifico,Patía,Río Guáitara,2009,07,Andes,Definitivo,25,25,0,3.15376758575439,3.15376758575439,0,0,0,3.93818187713623,4.62545442581177,5,5,0.789855062961578,0.967391312122345,1,1,56,1.03999996185303,25.9999990463257
10,2009-10-08,52050040,,"",SANDONA [52050040],Pluviométrica,Convencional,Activa,Nariño,Sandoná,1.3223,-77.4792,20,9/15/1963,,Cudayari,Pacifico,Patía,Río Guáitara,2009,08,Andes,Preliminar,0,0,0,0.412642508745194,0.412642508745194,0,0,0,3.93818187713623,4.62545442581177,5,5,0.789855062961578,0.967391312122345,1,1,56,1.03999996185303,0
10,2011-10-10,52050040,15,Definitivo,SANDONA [52050040],Pluviométrica,Convencional,Activa,Nariño,Sandoná,1.3223,-77.4792,20,9/15/1963,,Cudayari,Pacifico,Patía,Río Guáitara,2011,10,Andes,Definitivo,15,15,0,11.0965490341187,11.0965490341187,0,16.5621490478516,1.15954542160034,3.93818187713623,4.62545442581177,5,5,0.789855062961578,0.967391312122345,1,1,56,1.03999996185303,15.5999994277954
10,2011-10-11,52050040,10,Definitivo,SANDONA [52050040],Pluviométrica,Convencional,Activa,Nariño,Sandoná,1.3223,-77.4792,20,9/15/1963,,Cudayari,Pacifico,Patía,Río Guáitara,2011,11,Andes,Definitivo,10,10,0,23.2515068054199,23.2515068054199,14.8024291992188,4.88112449645996,9.33303356170654,3.93818187713623,4.62545442581177,5,5,0.789855062961578,0.967391312122345,1,1,57,1.03999996185303,10.3999996185303
10,2014-10-09,52050040,30,Definitivo,SANDONA [52050040],Pluviométrica,Convencional,Activa,Nariño,Sandoná,1.3223,-77.4792,20,9/15/1963,,Cudayari,Pacifico,Patía,Río Guáitara,2014,09,Andes,Definitivo,30,30,0,8.25548648834229,8.25548648834229,0,10.6240940093994,12.141674041748,3.93818187713623,4.62545442581177,5,5,0.789855062961578,0.967391312122345,1,1,56,1.03999996185303,31.1999988555908
10,2013-10-13,52050040,5,Definitivo,SANDONA [52050040],Pluviométrica,Convencional,Activa,Nariño,Sandoná,1.3223,-77.4792,20,9/15/1963,,Cudayari,Pacifico,Patía,Río Guáitara,2013,13,Andes,Definitivo,5,5,0,26.7452697753906,26.7452697753906,35.6652908325195,5.97506713867188,9.65680313110352,3.93818187713623,4.62545442581177,5,5,0.789855062961578,0.967391312122345,1,1,57,1.03999996185303,5.19999980926514
10,2012-10-17,52050040,0,Definitivo,SANDONA [52050040],Pluviométrica,Convencional,Activa,Nariño,Sandoná,1.3223,-77.4792,20,9/15/1963,,Cudayari,Pacifico,Patía,Río Guáitara,2012,17,Andes,Definitivo,0,0,0,15.080174446106,15.080174446106,5.99520301818848,2.78589582443237,1.9773416519165,3.93818187713623,4.62545442581177,5,5,0.789855062961578,0.967391312122345,1,1,58,1.03999996185303,0
10,2012-10-18,52050040,3,Definitivo,SANDONA [52050040],Pluviométrica,Convencional,Activa,Nariño,Sandoná,1.3223,-77.4792,20,9/15/1963,,Cudayari,Pacifico,Patía,Río Guáitara,2012,18,Andes,Definitivo,3,3,0,10.8343734741211,10.8343734741211,11.990406036377,6.08800268173218,14.278883934021,3.93818187713623,4.62545442581177,5,5,0.789855062961578,0.967391312122345,1,1,58,1.03999996185303,3.11999988555908
10,2011-10-23,52050040,,"",SANDONA [52050040],Pluviométrica,Convencional,Activa,Nariño,Sandoná,1.3223,-77.4792,20,9/15/1963,,Cudayari,Pacifico,Patía,Río Guáitara,2011,23,Andes,Preliminar,0,0,0,7.60234880447388,7.60234880447388,17.644021987915,2.52970719337463,3.71687650680542,3.93818187713623,4.62545442581177,5,5,0.789855062961578,0.967391312122345,1,1,59,1.03999996185303,0
10,2016-10-21,52050040,,"",SANDONA [52050040],Pluviométrica,Convencional,Activa,Nariño,Sandoná,1.3223,-77.4792,20,9/15/1963,,Cudayari,Pacifico,Patía,Río Guáitara,2016,21,Andes,Preliminar,0,0,0,2.27624917030334,2.27624917030334,0,2.53572845458984,0,3.93818187713623,4.62545442581177,5,5,0.789855062961578,0.967391312122345,1,1,59,1.03999996185303,0
10,2016-10-22,52050040,22,Definitivo,SANDONA [52050040],Pluviométrica,Convencional,Activa,Nariño,Sandoná,1.3223,-77.4792,20,9/15/1963,,Cudayari,Pacifico,Patía,Río Guáitara,2016,22,Andes,Definitivo,22,22,0,2.08311939239502,2.08311939239502,0,10.1787014007568,0.472659558057785,3.93818187713623,4.62545442581177,5,5,0.789855062961578,0.967391312122345,1,1,59,1.03999996185303,22.8799991607666
10,2018-10-24,52050040,2,Definitivo,SANDONA [52050040],Pluviométrica,Convencional,Activa,Nariño,Sandoná,1.3223,-77.4792,20,9/15/1963,,Cudayari,Pacifico,Patía,Río Guáitara,2018,24,Andes,Definitivo,2,2,0,2.77839875221252,2.77839875221252,0,0.892412185668945,0.0511800721287727,3.93818187713623,4.62545442581177,5,5,0.789855062961578,0.967391312122345,1,1,59,1.03999996185303,2.07999992370605
10,2022-10-21,52050040,5,En revisión,SANDONA [52050040],Pluviométrica,Convencional,Activa,Nariño,Sandoná,1.3223,-77.4792,20,9/15/1963,,Cudayari,Pacifico,Patía,Río Guáitara,2022,21,Andes,En revisión,5,5,0,11.3068590164185,11.3068590164185,12.586953163147,9.2827672958374,22.3125877380371,3.93818187713623,4.62545442581177,5,5,0.789855062961578,0.967391312122345,1,1,59,1.03999996185303,5.19999980926514
10,2018-10-23,52050040,,"",SANDONA [52050040],Pluviométrica,Convencional,Activa,Nariño,Sandoná,1.3223,-77.4792,20,9/15/1963,,Cudayari,Pacifico,Patía,Río Guáitara,2018,23,Andes,Preliminar,0,0,0,1.2575216293335,1.2575216293335,37.6677474975586,6.57594728469849,3.27552461624146,3.93818187713623,4.62545442581177,5,5,0.789855062961578,0.967391312122345,1,1,59,1.03999996185303,0
10,2022-10-18,52050040,13,En revisión,SANDONA [52050040],Pluviométrica,Convencional,Activa,Nariño,Sandoná,1.3223,-77.4792,20,9/15/1963,,Cudayari,Pacifico,Patía,Río Guáitara,2022,18,Andes,En revisión,13,13,0,4.8436017036438,4.8436017036438,31.4184474945068,0,6.58763551712036,3.93818187713623,4.62545442581177,5,5,0.789855062961578,0.967391312122345,1,1,58,1.03999996185303,13.5199995040894
10,2020-10-18,52050040,5,En revisión,SANDONA [52050040],Pluviométrica,Convencional,Activa,Nariño,Sandoná,1.3223,-77.4792,20,9/15/1963,,Cudayari,Pacifico,Patía,Río Guáitara,2020,18,Andes,En revisión,5,5,0,2.40279006958008,2.40279006958008,0,0,0,3.93818187713623,4.62545442581177,5,5,0.789855062961578,0.967391312122345,1,1,58,1.03999996185303,5.19999980926514
10,2019-10-18,52050040,5,Definitivo,SANDONA [52050040],Pluviométrica,Convencional,Activa,Nariño,Sandoná,1.3223,-77.4792,20,9/15/1963,,Cudayari,Pacifico,Patía,Río Guáitara,2019,18,Andes,Definitivo,5,5,0,6.3500075340271,6.3500075340271,0,5.29189968109131,17.0729141235352,3.93818187713623,4.62545442581177,5,5,0.789855062961578,0.967391312122345,1,1,58,1.03999996185303,5.19999980926514
10,2019-10-17,52050040,25,Definitivo,SANDONA [52050040],Pluviométrica,Convencional,Activa,Nariño,Sandoná,1.3223,-77.4792,20,9/15/1963,,Cudayari,Pacifico,Patía,Río Guáitara,2019,17,Andes,Definitivo,25,25,0,1.94028747081757,1.94028747081757,10.4628343582153,6.69364976882935,7.53589296340942,3.93818187713623,4.62545442581177,5,5,0.789855062961578,0.967391312122345,1,1,58,1.03999996185303,25.9999990463257
10,2017-10-17,52050040,,"",SANDONA [52050040],Pluviométrica,Convencional,Activa,Nariño,Sandoná,1.3223,-77.4792,20,9/15/1963,,Cudayari,Pacifico,Patía,Río Guáitara,2017,17,Andes,Preliminar,0,0,0,2.87555861473084,2.87555861473084,0,0,0,3.93818187713623,4.62545442581177,5,5,0.789855062961578,0.967391312122345,1,1,58,1.03999996185303,0
10,2018-10-15,52050040,,"",SANDONA [52050040],Pluviométrica,Convencional,Activa,Nariño,Sandoná,1.3223,-77.4792,20,9/15/1963,,Cudayari,Pacifico,Patía,Río Guáitara,2018,15,Andes,Preliminar,0,0,0,6.73265314102173,6.73265314102173,0,0.763818085193634,0,3.93818187713623,4.62545442581177,5,5,0.789855062961578,0.967391312122345,1,1,57,1.03999996185303,0
10,2019-10-13,52050040,,"",SANDONA [52050040],Pluviométrica,Convencional,Activa,Nariño,Sandoná,1.3223,-77.4792,20,9/15/1963,,Cudayari,Pacifico,Patía,Río Guáitara,2019,13,Andes,Preliminar,0,0,0,5.17652940750122,5.17652940750122,0,0.411398857831955,2.12167954444885,3.93818187713623,4.62545442581177,5,5,0.789855062961578,0.967391312122345,1,1,57,1.03999996185303,0
10,2020-10-10,52050040,,"",SANDONA [52050040],Pluviométrica,Convencional,Activa,Nariño,Sandoná,1.3223,-77.4792,20,9/15/1963,,Cudayari,Pacifico,Patía,Río Guáitara,2020,10,Andes,Preliminar,0,0,0,0.539189100265503,0.539189100265503,0,0.0527817234396935,0,3.93818187713623,4.62545442581177,5,5,0.789855062961578,0.967391312122345,1,1,56,1.03999996185303,0
10,2021-10-08,52050040,12,En revisión,SANDONA [52050040],Pluviométrica,Convencional,Activa,Nariño,Sandoná,1.3223,-77.4792,20,9/15/1963,,Cudayari,Pacifico,Patía,Río Guáitara,2021,08,Andes,En revisión,12,12,0,1.26339471340179,1.26339471340179,0,1.48115599155426,0.0377763137221336,3.93818187713623,4.62545442581177,5,5,0.789855062961578,0.967391312122345,1,1,56,1.03999996185303,12.4799995422363
10,2022-10-06,52050040,30,En revisión,SANDONA [52050040],Pluviométrica,Convencional,Activa,Nariño,Sandoná,1.3223,-77.4792,20,9/15/1963,,Cudayari,Pacifico,Patía,Río Guáitara,2022,06,Andes,En revisión,30,30,0,11.6869697570801,11.6869697570801,0,4.91461849212647,6.62579917907715,3.93818187713623,4.62545442581177,5,5,0.789855062961578,0.967391312122345,1,1,56,1.03999996185303,31.1999988555908
10,2023-10-04,52050040,3,En revisión,SANDONA [52050040],Pluviométrica,Convencional,Activa,Nariño,Sandoná,1.3223,-77.4792,20,9/15/1963,,Cudayari,Pacifico,Patía,Río Guáitara,2023,04,Andes,En revisión,3,3,0,4.09574794769287,4.09574794769287,0,0.766331255435944,2.08016085624695,3.93818187713623,4.62545442581177,5,5,0.789855062961578,0.967391312122345,1,1,55,1.03999996185303,3.11999988555908
10,2002-10-27,52050040,,"",SANDONA [52050040],Pluviométrica,Convencional,Activa,Nariño,Sandoná,1.3223,-77.4792,20,9/15/1963,,Cudayari,Pacifico,Patía,Río Guáitara,2002,27,Andes,Preliminar,6,6,0,12.9313774108887,12.9313774108887,0,6.00112962722778,14.6448879241943,3.93818187713623,4.62545442581177,5,5,0.789855062961578,0.967391312122345,1,1,60,1.03999996185303,6.23999977111816
10,2001-10-28,52050040,,"",SANDONA [52050040],Pluviométrica,Convencional,Activa,Nariño,Sandoná,1.3223,-77.4792,20,9/15/1963,,Cudayari,Pacifico,Patía,Río Guáitara,2001,28,Andes,Preliminar,0,0,0,3.94140648841858,3.94140648841858,0,1.01547741889954,0,3.93818187713623,4.62545442581177,5,5,0.789855062961578,0.967391312122345,1,1,60,1.03999996185303,0
10,2001-10-27,52050040,,"",SANDONA [52050040],Pluviométrica,Convencional,Activa,Nariño,Sandoná,1.3223,-77.4792,20,9/15/1963,,Cudayari,Pacifico,Patía,Río Guáitara,2001,27,Andes,Preliminar,0,0,0,14.6936960220337,14.6936960220337,0,1.33338618278503,1.0332897901535,3.93818187713623,4.62545442581177,5,5,0.789855062961578,0.967391312122345,1,1,60,1.03999996185303,0
10,2002-10-25,52050040,17,Definitivo,SANDONA [52050040],Pluviométrica,Convencional,Activa,Nariño,Sandoná,1.3223,-77.4792,20,9/15/1963,,Cudayari,Pacifico,Patía,Río Guáitara,2002,25,Andes,Definitivo,17,17,0,11.7398242950439,11.7398242950439,0,17.8212604522705,5.49002408981323,3.93818187713623,4.62545442581177,5,5,0.789855062961578,0.967391312122345,1,1,59,1.03999996185303,17.6799993515015
10,2004-10-21,52050040,42,Definitivo,SANDONA [52050040],Pluviométrica,Convencional,Activa,Nariño,Sandoná,1.3223,-77.4792,20,9/15/1963,,Cudayari,Pacifico,Patía,Río Guáitara,2004,21,Andes,Definitivo,42,42,0,9.66580581665039,9.66580581665039,0,15.7219896316528,38.5415916442871,3.93818187713623,4.62545442581177,5,5,0.789855062961578,0.967391312122345,1,1,59,1.03999996185303,43.6799983978271
10,2004-10-20,52050040,15,Definitivo,SANDONA [52050040],Pluviométrica,Convencional,Activa,Nariño,Sandoná,1.3223,-77.4792,20,9/15/1963,,Cudayari,Pacifico,Patía,Río Guáitara,2004,20,Andes,Definitivo,15,15,0,3.29679346084595,3.29679346084595,22.5367946624756,10.0814113616943,5.77238321304321,3.93818187713623,4.62545442581177,5,5,0.789855062961578,0.967391312122345,1,1,58,1.03999996185303,15.5999994277954
10,2005-10-18,52050040,,"",SANDONA [52050040],Pluviométrica,Convencional,Activa,Nariño,Sandoná,1.3223,-77.4792,20,9/15/1963,,Cudayari,Pacifico,Patía,Río Guáitara,2005,18,Andes,Preliminar,0,0,0,7.22125625610352,7.22125625610352,0,5.39034080505371,0.631533741950989,3.93818187713623,4.62545442581177,5,5,0.789855062961578,0.967391312122345,1,1,58,1.03999996185303,0
10,2007-10-15,52050040,20,Definitivo,SANDONA [52050040],Pluviométrica,Convencional,Activa,Nariño,Sandoná,1.3223,-77.4792,20,9/15/1963,,Cudayari,Pacifico,Patía,Río Guáitara,2007,15,Andes,Definitivo,20,20,0,3.23967862129211,3.23967862129211,21.2610721588135,16.0154514312744,34.9682502746582,3.93818187713623,4.62545442581177,5,5,0.789855062961578,0.967391312122345,1,1,57,1.03999996185303,20.7999992370605
10,2004-10-16,52050040,21,Definitivo,SANDONA [52050040],Pluviométrica,Convencional,Activa,Nariño,Sandoná,1.3223,-77.4792,20,9/15/1963,,Cudayari,Pacifico,Patía,Río Guáitara,2004,16,Andes,Definitivo,21,21,0,0.207490473985672,0.207490473985672,0,8.30429458618164,0,3.93818187713623,4.62545442581177,5,5,0.789855062961578,0.967391312122345,1,1,58,1.03999996185303,21.8399991989136
10,2002-10-17,52050040,20,Definitivo,SANDONA [52050040],Pluviométrica,Convencional,Activa,Nariño,Sandoná,1.3223,-77.4792,20,9/15/1963,,Cudayari,Pacifico,Patía,Río Guáitara,2002,17,Andes,Definitivo,20,20,0,5.29798269271851,5.29798269271851,0,1.12569832801819,0,3.93818187713623,4.62545442581177,5,5,0.789855062961578,0.967391312122345,1,1,58,1.03999996185303,20.7999992370605
10,2006-10-12,52050040,23,Definitivo,SANDONA [52050040],Pluviométrica,Convencional,Activa,Nariño,Sandoná,1.3223,-77.4792,20,9/15/1963,,Cudayari,Pacifico,Patía,Río Guáitara,2006,12,Andes,Definitivo,23,23,0,14.734076499939,14.734076499939,26.6321792602539,4.22814083099365,3.15624713897705,3.93818187713623,4.62545442581177,5,5,0.789855062961578,0.967391312122345,1,1,57,1.03999996185303,23.9199991226196
10,2004-10-12,52050040,,"",SANDONA [52050040],Pluviométrica,Convencional,Activa,Nariño,Sandoná,1.3223,-77.4792,20,9/15/1963,,Cudayari,Pacifico,Patía,Río Guáitara,2004,12,Andes,Preliminar,3,3,0,15.8132162094116,15.8132162094116,0,7.85018825531006,6.66835641860962,3.93818187713623,4.62545442581177,5,5,0.789855062961578,0.967391312122345,1,1,57,1.03999996185303,3.11999988555908
10,2006-10-09,52050040,,"",SANDONA [52050040],Pluviométrica,Convencional,Activa,Nariño,Sandoná,1.3223,-77.4792,20,9/15/1963,,Cudayari,Pacifico,Patía,Río Guáitara,2006,09,Andes,Preliminar,0,0,0,0.0488021709024906,0.0488021709024906,0,0,0,3.93818187713623,4.62545442581177,5,5,0.789855062961578,0.967391312122345,1,1,56,1.03999996185303,0
10,2004-10-07,52050040,17,Definitivo,SANDONA [52050040],Pluviométrica,Convencional,Activa,Nariño,Sandoná,1.3223,-77.4792,20,9/15/1963,,Cudayari,Pacifico,Patía,Río Guáitara,2004,07,Andes,Definitivo,17,17,0,0.674140155315399,0.674140155315399,0,10.7684288024902,8.41638660430908,3.93818187713623,4.62545442581177,5,5,0.789855062961578,0.967391312122345,1,1,56,1.03999996185303,17.6799993515015
10,2004-10-08,52050040,,"",SANDONA [52050040],Pluviométrica,Convencional,Activa,Nariño,Sandoná,1.3223,-77.4792,20,9/15/1963,,Cudayari,Pacifico,Patía,Río Guáitara,2004,08,Andes,Preliminar,0,0,0,8.14024257659912,8.14024257659912,0,6.77223968505859,9.59842586517334,3.93818187713623,4.62545442581177,5,5,0.789855062961578,0.967391312122345,1,1,56,1.03999996185303,0
10,2007-10-07,52050040,,"",SANDONA [52050040],Pluviométrica,Convencional,Activa,Nariño,Sandoná,1.3223,-77.4792,20,9/15/1963,,Cudayari,Pacifico,Patía,Río Guáitara,2007,07,Andes,Preliminar,0,0,0,8.02570247650147,8.02570247650147,0,8.77349185943604,1.47359979152679,3.93818187713623,4.62545442581177,5,5,0.789855062961578,0.967391312122345,1,1,56,1.03999996185303,0
10,2007-10-08,52050040,5,Definitivo,SANDONA [52050040],Pluviométrica,Convencional,Activa,Nariño,Sandoná,1.3223,-77.4792,20,9/15/1963,,Cudayari,Pacifico,Patía,Río Guáitara,2007,08,Andes,Definitivo,5,5,0,2.52126383781433,2.52126383781433,0,7.84710168838501,0.76998907327652,3.93818187713623,4.62545442581177,5,5,0.789855062961578,0.967391312122345,1,1,56,1.03999996185303,5.19999980926514
10,2012-10-06,52050040,,"",SANDONA [52050040],Pluviométrica,Convencional,Activa,Nariño,Sandoná,1.3223,-77.4792,20,9/15/1963,,Cudayari,Pacifico,Patía,Río Guáitara,2012,06,Andes,Preliminar,0,0,0,17.7643280029297,17.7643280029297,7.45574283599854,8.71230125427246,3.86395835876465,3.93818187713623,4.62545442581177,5,5,0.789855062961578,0.967391312122345,1,1,56,1.03999996185303,0
10,2012-10-07,52050040,,"",SANDONA [52050040],Pluviométrica,Convencional,Activa,Nariño,Sandoná,1.3223,-77.4792,20,9/15/1963,,Cudayari,Pacifico,Patía,Río Guáitara,2012,07,Andes,Preliminar,0,0,0,10.3270788192749,10.3270788192749,7.45574283599854,1.03883266448975,8.19913196563721,3.93818187713623,4.62545442581177,5,5,0.789855062961578,0.967391312122345,1,1,56,1.03999996185303,0
10,2012-10-08,52050040,,"",SANDONA [52050040],Pluviométrica,Convencional,Activa,Nariño,Sandoná,1.3223,-77.4792,20,9/15/1963,,Cudayari,Pacifico,Patía,Río Guáitara,2012,08,Andes,Preliminar,0,0,0,6.43786144256592,6.43786144256592,0,0.57627660036087,0,3.93818187713623,4.62545442581177,5,5,0.789855062961578,0.967391312122345,1,1,56,1.03999996185303,0
10,2014-10-10,52050040,5,Definitivo,SANDONA [52050040],Pluviométrica,Convencional,Activa,Nariño,Sandoná,1.3223,-77.4792,20,9/15/1963,,Cudayari,Pacifico,Patía,Río Guáitara,2014,10,Andes,Definitivo,5,5,0,5.56530952453613,5.56530952453613,58.2916145324707,6.37339639663696,10.6374406814575,3.93818187713623,4.62545442581177,5,5,0.789855062961578,0.967391312122345,1,1,56,1.03999996185303,5.19999980926514
10,2013-10-14,52050040,18,Definitivo,SANDONA [52050040],Pluviométrica,Convencional,Activa,Nariño,Sandoná,1.3223,-77.4792,20,9/15/1963,,Cudayari,Pacifico,Patía,Río Guáitara,2013,14,Andes,Definitivo,18,18,0,6.90824699401856,6.90824699401856,0,10.4900465011597,1.44618797302246,3.93818187713623,4.62545442581177,5,5,0.789855062961578,0.967391312122345,1,1,57,1.03999996185303,18.7199993133545
10,2013-10-15,52050040,,"",SANDONA [52050040],Pluviométrica,Convencional,Activa,Nariño,Sandoná,1.3223,-77.4792,20,9/15/1963,,Cudayari,Pacifico,Patía,Río Guáitara,2013,15,Andes,Preliminar,0,0,0,4.78400659561157,4.78400659561157,17.8326454162598,12.1317234039307,18.3479251861572,3.93818187713623,4.62545442581177,5,5,0.789855062961578,0.967391312122345,1,1,57,1.03999996185303,0
10,2012-10-19,52050040,,"",SANDONA [52050040],Pluviométrica,Convencional,Activa,Nariño,Sandoná,1.3223,-77.4792,20,9/15/1963,,Cudayari,Pacifico,Patía,Río Guáitara,2012,19,Andes,Preliminar,0,0,0,4.99311828613281,4.99311828613281,0,1.70876526832581,0.18189662694931,3.93818187713623,4.62545442581177,5,5,0.789855062961578,0.967391312122345,1,1,58,1.03999996185303,0
10,2014-10-21,52050040,,"",SANDONA [52050040],Pluviométrica,Convencional,Activa,Nariño,Sandoná,1.3223,-77.4792,20,9/15/1963,,Cudayari,Pacifico,Patía,Río Guáitara,2014,21,Andes,Preliminar,0,0,0,4.81973028182983,4.81973028182983,23.3724555969238,4.08795166015625,10.5215740203857,3.93818187713623,4.62545442581177,5,5,0.789855062961578,0.967391312122345,1,1,59,1.03999996185303,0
10,2014-10-22,52050040,,"",SANDONA [52050040],Pluviométrica,Convencional,Activa,Nariño,Sandoná,1.3223,-77.4792,20,9/15/1963,,Cudayari,Pacifico,Patía,Río Guáitara,2014,22,Andes,Preliminar,0,0,0,5.0483889579773,5.0483889579773,0,3.94995665550232,2.28459572792053,3.93818187713623,4.62545442581177,5,5,0.789855062961578,0.967391312122345,1,1,59,1.03999996185303,0
10,2019-10-21,52050040,16,Definitivo,SANDONA [52050040],Pluviométrica,Convencional,Activa,Nariño,Sandoná,1.3223,-77.4792,20,9/15/1963,,Cudayari,Pacifico,Patía,Río Guáitara,2019,21,Andes,Definitivo,16,16,0,2.57610583305359,2.57610583305359,0,8.12116718292236,2.72499561309814,3.93818187713623,4.62545442581177,5,5,0.789855062961578,0.967391312122345,1,1,59,1.03999996185303,16.6399993896484
10,2018-10-25,52050040,,"",SANDONA [52050040],Pluviométrica,Convencional,Activa,Nariño,Sandoná,1.3223,-77.4792,20,9/15/1963,,Cudayari,Pacifico,Patía,Río Guáitara,2018,25,Andes,Preliminar,0,0,0,12.345986366272,12.345986366272,0,0.927440702915192,0,3.93818187713623,4.62545442581177,5,5,0.789855062961578,0.967391312122345,1,1,59,1.03999996185303,0
10,2020-10-21,52050040,,"",SANDONA [52050040],Pluviométrica,Convencional,Activa,Nariño,Sandoná,1.3223,-77.4792,20,9/15/1963,,Cudayari,Pacifico,Patía,Río Guáitara,2020,21,Andes,Preliminar,0,0,0,1.67912459373474,1.67912459373474,0,0.152847558259964,0.0206425040960312,3.93818187713623,4.62545442581177,5,5,0.789855062961578,0.967391312122345,1,1,59,1.03999996185303,0
10,2018-10-22,52050040,,"",SANDONA [52050040],Pluviométrica,Convencional,Activa,Nariño,Sandoná,1.3223,-77.4792,20,9/15/1963,,Cudayari,Pacifico,Patía,Río Guáitara,2018,22,Andes,Preliminar,0,0,0,2.08862614631653,2.08862614631653,0,2.18831133842468,0,3.93818187713623,4.62545442581177,5,5,0.789855062961578,0.967391312122345,1,1,59,1.03999996185303,0
10,2019-10-20,52050040,2,Definitivo,SANDONA [52050040],Pluviométrica,Convencional,Activa,Nariño,Sandoná,1.3223,-77.4792,20,9/15/1963,,Cudayari,Pacifico,Patía,Río Guáitara,2019,20,Andes,Definitivo,2,2,0,3.85965323448181,3.85965323448181,10.4628343582153,14.0697288513184,1.60850131511688,3.93818187713623,4.62545442581177,5,5,0.789855062961578,0.967391312122345,1,1,58,1.03999996185303,2.07999992370605
10,2018-10-19,52050040,4,Definitivo,SANDONA [52050040],Pluviométrica,Convencional,Activa,Nariño,Sandoná,1.3223,-77.4792,20,9/15/1963,,Cudayari,Pacifico,Patía,Río Guáitara,2018,19,Andes,Definitivo,4,4,0,8.22550487518311,8.22550487518311,10.738748550415,7.24438953399658,28.3276405334473,3.93818187713623,4.62545442581177,5,5,0.789855062961578,0.967391312122345,1,1,58,1.03999996185303,4.15999984741211
10,2018-10-18,52050040,10,Definitivo,SANDONA [52050040],Pluviométrica,Convencional,Activa,Nariño,Sandoná,1.3223,-77.4792,20,9/15/1963,,Cudayari,Pacifico,Patía,Río Guáitara,2018,18,Andes,Definitivo,10,10,0,9.5033712387085,9.5033712387085,0,12.1490697860718,2.71263289451599,3.93818187713623,4.62545442581177,5,5,0.789855062961578,0.967391312122345,1,1,58,1.03999996185303,10.3999996185303
10,2019-10-16,52050040,11,Definitivo,SANDONA [52050040],Pluviométrica,Convencional,Activa,Nariño,Sandoná,1.3223,-77.4792,20,9/15/1963,,Cudayari,Pacifico,Patía,Río Guáitara,2019,16,Andes,Definitivo,11,11,0,1.83648419380188,1.83648419380188,20.9256687164307,5.66911315917969,4.66338682174683,3.93818187713623,4.62545442581177,5,5,0.789855062961578,0.967391312122345,1,1,58,1.03999996185303,11.4399995803833
10,2017-10-16,52050040,,"",SANDONA [52050040],Pluviométrica,Convencional,Activa,Nariño,Sandoná,1.3223,-77.4792,20,9/15/1963,,Cudayari,Pacifico,Patía,Río Guáitara,2017,16,Andes,Preliminar,0,0,0,5.6185188293457,5.6185188293457,0,0,0,3.93818187713623,4.62545442581177,5,5,0.789855062961578,0.967391312122345,1,1,58,1.03999996185303,0
10,2018-10-14,52050040,,"",SANDONA [52050040],Pluviométrica,Convencional,Activa,Nariño,Sandoná,1.3223,-77.4792,20,9/15/1963,,Cudayari,Pacifico,Patía,Río Guáitara,2018,14,Andes,Preliminar,0,0,0,5.65377283096314,5.65377283096314,0,0.533304512500763,0.0633569732308388,3.93818187713623,4.62545442581177,5,5,0.789855062961578,0.967391312122345,1,1,57,1.03999996185303,0
10,2019-10-12,52050040,2,Definitivo,SANDONA [52050040],Pluviométrica,Convencional,Activa,Nariño,Sandoná,1.3223,-77.4792,20,9/15/1963,,Cudayari,Pacifico,Patía,Río Guáitara,2019,12,Andes,Definitivo,2,2,0,1.48934543132782,1.48934543132782,0,1.00212013721466,0,3.93818187713623,4.62545442581177,5,5,0.789855062961578,0.967391312122345,1,1,57,1.03999996185303,2.07999992370605
10,2020-10-09,52050040,,"",SANDONA [52050040],Pluviométrica,Convencional,Activa,Nariño,Sandoná,1.3223,-77.4792,20,9/15/1963,,Cudayari,Pacifico,Patía,Río Guáitara,2020,09,Andes,Preliminar,0,0,0,7.87177038192749,7.87177038192749,0,0.225479871034622,0.284186631441116,3.93818187713623,4.62545442581177,5,5,0.789855062961578,0.967391312122345,1,1,56,1.03999996185303,0
10,2021-10-07,52050040,,"",SANDONA [52050040],Pluviométrica,Convencional,Activa,Nariño,Sandoná,1.3223,-77.4792,20,9/15/1963,,Cudayari,Pacifico,Patía,Río Guáitara,2021,07,Andes,Preliminar,0,0,0,3.36330628395081,3.36330628395081,0,1.36349594593048,0.180786639451981,3.93818187713623,4.62545442581177,5,5,0.789855062961578,0.967391312122345,1,1,56,1.03999996185303,0
10,2022-10-05,52050040,5,En revisión,SANDONA [52050040],Pluviométrica,Convencional,Activa,Nariño,Sandoná,1.3223,-77.4792,20,9/15/1963,,Cudayari,Pacifico,Patía,Río Guáitara,2022,05,Andes,En revisión,5,5,0,7.71055746078491,7.71055746078491,0,2.77940773963928,7.02487564086914,3.93818187713623,4.62545442581177,5,5,0.789855062961578,0.967391312122345,1,1,55,1.03999996185303,5.19999980926514
10,2023-10-03,52050040,2,En revisión,SANDONA [52050040],Pluviométrica,Convencional,Activa,Nariño,Sandoná,1.3223,-77.4792,20,9/15/1963,,Cudayari,Pacifico,Patía,Río Guáitara,2023,03,Andes,En revisión,2,2,0,3.87486958503723,3.87486958503723,0,0.766331255435944,0,3.93818187713623,4.62545442581177,5,5,0.789855062961578,0.967391312122345,1,1,55,1.03999996185303,2.07999992370605
10,2023-10-02,52050040,,"",SANDONA [52050040],Pluviométrica,Convencional,Activa,Nariño,Sandoná,1.3223,-77.4792,20,9/15/1963,,Cudayari,Pacifico,Patía,Río Guáitara,2023,02,Andes,Preliminar,0,0,0,3.07934021949768,3.07934021949768,0,0.766331255435944,0,3.93818187713623,4.62545442581177,5,5,0.789855062961578,0.967391312122345,1,1,55,1.03999996185303,0
10,2005-10-06,52050040,3,Definitivo,SANDONA [52050040],Pluviométrica,Convencional,Activa,Nariño,Sandoná,1.3223,-77.4792,20,9/15/1963,,Cudayari,Pacifico,Patía,Río Guáitara,2005,06,Andes,Definitivo,3,3,0,0,0,10.4739742279053,3.1478898525238,5.55001401901245,3.93818187713623,4.62545442581177,5,5,0.789855062961578,0.967391312122345,1,1,56,1.03999996185303,3.11999988555908
10,2001-10-26,52050040,,"",SANDONA [52050040],Pluviométrica,Convencional,Activa,Nariño,Sandoná,1.3223,-77.4792,20,9/15/1963,,Cudayari,Pacifico,Patía,Río Guáitara,2001,26,Andes,Preliminar,0,0,0,3.66105604171753,3.66105604171753,0,0.36854961514473,2.12577843666077,3.93818187713623,4.62545442581177,5,5,0.789855062961578,0.967391312122345,1,1,60,1.03999996185303,0
10,2003-10-23,52050040,,"",SANDONA [52050040],Pluviométrica,Convencional,Activa,Nariño,Sandoná,1.3223,-77.4792,20,9/15/1963,,Cudayari,Pacifico,Patía,Río Guáitara,2003,23,Andes,Preliminar,0,0,0,0,0,0,0.532440602779388,0,3.93818187713623,4.62545442581177,5,5,0.789855062961578,0.967391312122345,1,1,59,1.03999996185303,0
10,2003-10-22,52050040,,"",SANDONA [52050040],Pluviométrica,Convencional,Activa,Nariño,Sandoná,1.3223,-77.4792,20,9/15/1963,,Cudayari,Pacifico,Patía,Río Guáitara,2003,22,Andes,Preliminar,0,0,0,3.9367048740387,3.9367048740387,0,1.20401346683502,0,3.93818187713623,4.62545442581177,5,5,0.789855062961578,0.967391312122345,1,1,59,1.03999996185303,0
10,2004-10-19,52050040,12,Definitivo,SANDONA [52050040],Pluviométrica,Convencional,Activa,Nariño,Sandoná,1.3223,-77.4792,20,9/15/1963,,Cudayari,Pacifico,Patía,Río Guáitara,2004,19,Andes,Definitivo,12,12,0,13.9249172210693,13.9249172210693,22.5367946624756,10.4645738601685,2.79977917671204,3.93818187713623,4.62545442581177,5,5,0.789855062961578,0.967391312122345,1,1,58,1.03999996185303,12.4799995422363
10,2006-10-16,52050040,,"",SANDONA [52050040],Pluviométrica,Convencional,Activa,Nariño,Sandoná,1.3223,-77.4792,20,9/15/1963,,Cudayari,Pacifico,Patía,Río Guáitara,2006,16,Andes,Preliminar,0,0,0,13.1403226852417,13.1403226852417,4.18759775161743,2.27288866043091,1.04290056228638,3.93818187713623,4.62545442581177,5,5,0.789855062961578,0.967391312122345,1,1,58,1.03999996185303,0
10,2006-10-15,52050040,9,Definitivo,SANDONA [52050040],Pluviométrica,Convencional,Activa,Nariño,Sandoná,1.3223,-77.4792,20,9/15/1963,,Cudayari,Pacifico,Patía,Río Guáitara,2006,15,Andes,Definitivo,9,9,0,3.18168640136719,3.18168640136719,0,7.70417881011963,11.0586280822754,3.93818187713623,4.62545442581177,5,5,0.789855062961578,0.967391312122345,1,1,57,1.03999996185303,9.35999965667725
10,2004-10-15,52050040,,"",SANDONA [52050040],Pluviométrica,Convencional,Activa,Nariño,Sandoná,1.3223,-77.4792,20,9/15/1963,,Cudayari,Pacifico,Patía,Río Guáitara,2004,15,Andes,Preliminar,0,0,0,0.594773471355438,0.594773471355438,0,4.67447566986084,0.65095853805542,3.93818187713623,4.62545442581177,5,5,0.789855062961578,0.967391312122345,1,1,57,1.03999996185303,0
10,2002-10-16,52050040,,"",SANDONA [52050040],Pluviométrica,Convencional,Activa,Nariño,Sandoná,1.3223,-77.4792,20,9/15/1963,,Cudayari,Pacifico,Patía,Río Guáitara,2002,16,Andes,Preliminar,0,0,0,1.0333526134491,1.0333526134491,0,0.640300929546356,3.37015628814697,3.93818187713623,4.62545442581177,5,5,0.789855062961578,0.967391312122345,1,1,58,1.03999996185303,0
10,2003-10-14,52050040,,"",SANDONA [52050040],Pluviométrica,Convencional,Activa,Nariño,Sandoná,1.3223,-77.4792,20,9/15/1963,,Cudayari,Pacifico,Patía,Río Guáitara,2003,14,Andes,Preliminar,0,0,0,18.9067077636719,18.9067077636719,15.8769025802612,8.27104568481445,19.0994968414307,3.93818187713623,4.62545442581177,5,5,0.789855062961578,0.967391312122345,1,1,57,1.03999996185303,0
10,2002-10-13,52050040,,"",SANDONA [52050040],Pluviométrica,Convencional,Activa,Nariño,Sandoná,1.3223,-77.4792,20,9/15/1963,,Cudayari,Pacifico,Patía,Río Guáitara,2002,13,Andes,Preliminar,0,0,0,6.10224199295044,6.10224199295044,6.08869552612305,3.11798286437988,0.926553189754486,3.93818187713623,4.62545442581177,5,5,0.789855062961578,0.967391312122345,1,1,57,1.03999996185303,0
10,2003-10-09,52050040,,"",SANDONA [52050040],Pluviométrica,Convencional,Activa,Nariño,Sandoná,1.3223,-77.4792,20,9/15/1963,,Cudayari,Pacifico,Patía,Río Guáitara,2003,09,Andes,Preliminar,0,0,0,12.9320201873779,12.9320201873779,0,2.79325437545776,0.574009299278259,3.93818187713623,4.62545442581177,5,5,0.789855062961578,0.967391312122345,1,1,56,1.03999996185303,0
10,2002-10-08,52050040,,"",SANDONA [52050040],Pluviométrica,Convencional,Activa,Nariño,Sandoná,1.3223,-77.4792,20,9/15/1963,,Cudayari,Pacifico,Patía,Río Guáitara,2002,08,Andes,Preliminar,0,0,0,5.665771484375,5.665771484375,0,0.749122381210327,0.198840945959091,3.93818187713623,4.62545442581177,5,5,0.789855062961578,0.967391312122345,1,1,56,1.03999996185303,0
10,2019-10-23,52050040,,"",SANDONA [52050040],Pluviométrica,Convencional,Activa,Nariño,Sandoná,1.3223,-77.4792,20,9/15/1963,,Cudayari,Pacifico,Patía,Río Guáitara,2019,23,Andes,Preliminar,0,0,0,5.2174973487854,5.2174973487854,0,4.2611575126648,1.74074351787567,3.93818187713623,4.62545442581177,5,5,0.789855062961578,0.967391312122345,1,1,59,1.03999996185303,0
10,2005-10-07,52050040,,"",SANDONA [52050040],Pluviométrica,Convencional,Activa,Nariño,Sandoná,1.3223,-77.4792,20,9/15/1963,,Cudayari,Pacifico,Patía,Río Guáitara,2005,07,Andes,Preliminar,0,0,0,5.0754566192627,5.0754566192627,0,1.46190583705902,0.0544119067490101,3.93818187713623,4.62545442581177,5,5,0.789855062961578,0.967391312122345,1,1,56,1.03999996185303,0
10,2007-10-09,52050040,4,Definitivo,SANDONA [52050040],Pluviométrica,Convencional,Activa,Nariño,Sandoná,1.3223,-77.4792,20,9/15/1963,,Cudayari,Pacifico,Patía,Río Guáitara,2007,09,Andes,Definitivo,4,4,0,20.3048343658447,20.3048343658447,30.7305183410645,5.08212518692017,18.2938766479492,3.93818187713623,4.62545442581177,5,5,0.789855062961578,0.967391312122345,1,1,56,1.03999996185303,4.15999984741211
10,2010-10-07,52050040,,"",SANDONA [52050040],Pluviométrica,Convencional,Activa,Nariño,Sandoná,1.3223,-77.4792,20,9/15/1963,,Cudayari,Pacifico,Patía,Río Guáitara,2010,07,Andes,Preliminar,0,0,0,3.81258630752564,3.81258630752564,0,0.396959036588669,0,3.93818187713623,4.62545442581177,5,5,0.789855062961578,0.967391312122345,1,1,56,1.03999996185303,0
10,2010-10-08,52050040,,"",SANDONA [52050040],Pluviométrica,Convencional,Activa,Nariño,Sandoná,1.3223,-77.4792,20,9/15/1963,,Cudayari,Pacifico,Patía,Río Guáitara,2010,08,Andes,Preliminar,0,0,0,5.67997550964356,5.67997550964356,0,3.66094541549683,0.159664645791054,3.93818187713623,4.62545442581177,5,5,0.789855062961578,0.967391312122345,1,1,56,1.03999996185303,0
10,2015-10-07,52050040,,"",SANDONA [52050040],Pluviométrica,Convencional,Activa,Nariño,Sandoná,1.3223,-77.4792,20,9/15/1963,,Cudayari,Pacifico,Patía,Río Guáitara,2015,07,Andes,Preliminar,0,0,0,3.74125051498413,3.74125051498413,7.57674074172974,1.27786564826965,3.82518815994263,3.93818187713623,4.62545442581177,5,5,0.789855062961578,0.967391312122345,1,1,56,1.03999996185303,0
10,2014-10-11,52050040,,"",SANDONA [52050040],Pluviométrica,Convencional,Activa,Nariño,Sandoná,1.3223,-77.4792,20,9/15/1963,,Cudayari,Pacifico,Patía,Río Guáitara,2014,11,Andes,Preliminar,0,0,0,5.63520479202271,5.63520479202271,10.08469581604,3.31810927391052,7.34777069091797,3.93818187713623,4.62545442581177,5,5,0.789855062961578,0.967391312122345,1,1,57,1.03999996185303,0
10,2014-10-12,52050040,,"",SANDONA [52050040],Pluviométrica,Convencional,Activa,Nariño,Sandoná,1.3223,-77.4792,20,9/15/1963,,Cudayari,Pacifico,Patía,Río Guáitara,2014,12,Andes,Preliminar,0,0,0,12.2307462692261,12.2307462692261,0,2.3542697429657,0.181254282593727,3.93818187713623,4.62545442581177,5,5,0.789855062961578,0.967391312122345,1,1,57,1.03999996185303,0
10,2013-10-16,52050040,2,Definitivo,SANDONA [52050040],Pluviométrica,Convencional,Activa,Nariño,Sandoná,1.3223,-77.4792,20,9/15/1963,,Cudayari,Pacifico,Patía,Río Guáitara,2013,16,Andes,Definitivo,2,2,0,9.01347541809082,9.01347541809082,13.5718784332275,3.60047268867493,7.65599012374878,3.93818187713623,4.62545442581177,5,5,0.789855062961578,0.967391312122345,1,1,58,1.03999996185303,2.07999992370605
10,2012-10-20,52050040,,"",SANDONA [52050040],Pluviométrica,Convencional,Activa,Nariño,Sandoná,1.3223,-77.4792,20,9/15/1963,,Cudayari,Pacifico,Patía,Río Guáitara,2012,20,Andes,Preliminar,0,0,0,1.91765356063843,1.91765356063843,0,0.181112989783287,0.155239373445511,3.93818187713623,4.62545442581177,5,5,0.789855062961578,0.967391312122345,1,1,58,1.03999996185303,0
10,2012-10-21,52050040,17,Definitivo,SANDONA [52050040],Pluviométrica,Convencional,Activa,Nariño,Sandoná,1.3223,-77.4792,20,9/15/1963,,Cudayari,Pacifico,Patía,Río Guáitara,2012,21,Andes,Definitivo,17,17,0,5.48815727233887,5.48815727233887,9.51830196380615,1.65211248397827,1.01993083953857,3.93818187713623,4.62545442581177,5,5,0.789855062961578,0.967391312122345,1,1,59,1.03999996185303,17.6799993515015
10,2014-10-23,52050040,28,Definitivo,SANDONA [52050040],Pluviométrica,Convencional,Activa,Nariño,Sandoná,1.3223,-77.4792,20,9/15/1963,,Cudayari,Pacifico,Patía,Río Guáitara,2014,23,Andes,Definitivo,28,28,0,6.36155271530151,6.36155271530151,0,3.09421157836914,0.248663499951363,3.93818187713623,4.62545442581177,5,5,0.789855062961578,0.967391312122345,1,1,59,1.03999996185303,29.1199989318848
10,2019-10-22,52050040,7,Definitivo,SANDONA [52050040],Pluviométrica,Convencional,Activa,Nariño,Sandoná,1.3223,-77.4792,20,9/15/1963,,Cudayari,Pacifico,Patía,Río Guáitara,2019,22,Andes,Definitivo,7,7,0,6.43760585784912,6.43760585784912,0,7.78355979919434,7.92689037322998,3.93818187713623,4.62545442581177,5,5,0.789855062961578,0.967391312122345,1,1,59,1.03999996185303,7.27999973297119
10,2004-10-06,52050040,10,Definitivo,SANDONA [52050040],Pluviométrica,Convencional,Activa,Nariño,Sandoná,1.3223,-77.4792,20,9/15/1963,,Cudayari,Pacifico,Patía,Río Guáitara,2004,06,Andes,Definitivo,10,10,0,3.15160536766052,3.15160536766052,0,10.0761060714722,0,3.93818187713623,4.62545442581177,5,5,0.789855062961578,0.967391312122345,1,1,56,1.03999996185303,10.3999996185303
10,2017-10-23,52050040,,"",SANDONA [52050040],Pluviométrica,Convencional,Activa,Nariño,Sandoná,1.3223,-77.4792,20,9/15/1963,,Cudayari,Pacifico,Patía,Río Guáitara,2017,23,Andes,Preliminar,0,0,0,2.84751486778259,2.84751486778259,0,2.95070219039917,2.29906415939331,3.93818187713623,4.62545442581177,5,5,0.789855062961578,0.967391312122345,1,1,59,1.03999996185303,0
10,2018-10-21,52050040,10,Definitivo,SANDONA [52050040],Pluviométrica,Convencional,Activa,Nariño,Sandoná,1.3223,-77.4792,20,9/15/1963,,Cudayari,Pacifico,Patía,Río Guáitara,2018,21,Andes,Definitivo,10,10,0,2.01509404182434,2.01509404182434,0,6.43326425552368,13.6906700134277,3.93818187713623,4.62545442581177,5,5,0.789855062961578,0.967391312122345,1,1,59,1.03999996185303,10.3999996185303
10,2017-10-20,52050040,,"",SANDONA [52050040],Pluviométrica,Convencional,Activa,Nariño,Sandoná,1.3223,-77.4792,20,9/15/1963,,Cudayari,Pacifico,Patía,Río Guáitara,2017,20,Andes,Preliminar,0,0,0,1.57426631450653,1.57426631450653,0,0,0,3.93818187713623,4.62545442581177,5,5,0.789855062961578,0.967391312122345,1,1,58,1.03999996185303,0
10,2017-10-19,52050040,,"",SANDONA [52050040],Pluviométrica,Convencional,Activa,Nariño,Sandoná,1.3223,-77.4792,20,9/15/1963,,Cudayari,Pacifico,Patía,Río Guáitara,2017,19,Andes,Preliminar,0,0,0,0.828659117221832,0.828659117221832,0,0,0,3.93818187713623,4.62545442581177,5,5,0.789855062961578,0.967391312122345,1,1,58,1.03999996185303,0
10,2015-10-20,52050040,,"",SANDONA [52050040],Pluviométrica,Convencional,Activa,Nariño,Sandoná,1.3223,-77.4792,20,9/15/1963,,Cudayari,Pacifico,Patía,Río Guáitara,2015,20,Andes,Preliminar,0,0,0,1.41179537773132,1.41179537773132,0,0.348161846399307,1.55927288532257,3.93818187713623,4.62545442581177,5,5,0.789855062961578,0.967391312122345,1,1,58,1.03999996185303,0
10,2016-10-17,52050040,,"",SANDONA [52050040],Pluviométrica,Convencional,Activa,Nariño,Sandoná,1.3223,-77.4792,20,9/15/1963,,Cudayari,Pacifico,Patía,Río Guáitara,2016,17,Andes,Preliminar,0,0,0,1.70911061763763,1.70911061763763,0,0.335047632455826,0.0051972595974803,3.93818187713623,4.62545442581177,5,5,0.789855062961578,0.967391312122345,1,1,58,1.03999996185303,0
10,2017-10-15,52050040,,"",SANDONA [52050040],Pluviométrica,Convencional,Activa,Nariño,Sandoná,1.3223,-77.4792,20,9/15/1963,,Cudayari,Pacifico,Patía,Río Guáitara,2017,15,Andes,Preliminar,0,0,0,2.91876912117004,2.91876912117004,0,0.484615117311478,0,3.93818187713623,4.62545442581177,5,5,0.789855062961578,0.967391312122345,1,1,57,1.03999996185303,0
10,2018-10-13,52050040,,"",SANDONA [52050040],Pluviométrica,Convencional,Activa,Nariño,Sandoná,1.3223,-77.4792,20,9/15/1963,,Cudayari,Pacifico,Patía,Río Guáitara,2018,13,Andes,Preliminar,0,0,0,14.6707105636597,14.6707105636597,0,0.184110730886459,0,3.93818187713623,4.62545442581177,5,5,0.789855062961578,0.967391312122345,1,1,57,1.03999996185303,0
10,2019-10-11,52050040,,"",SANDONA [52050040],Pluviométrica,Convencional,Activa,Nariño,Sandoná,1.3223,-77.4792,20,9/15/1963,,Cudayari,Pacifico,Patía,Río Guáitara,2019,11,Andes,Preliminar,0,0,0,3.88836002349854,3.88836002349854,0,2.51317954063416,0,3.93818187713623,4.62545442581177,5,5,0.789855062961578,0.967391312122345,1,1,57,1.03999996185303,0
10,2020-10-08,52050040,,"",SANDONA [52050040],Pluviométrica,Convencional,Activa,Nariño,Sandoná,1.3223,-77.4792,20,9/15/1963,,Cudayari,Pacifico,Patía,Río Guáitara,2020,08,Andes,Preliminar,0,0,0,3.41559958457947,3.41559958457947,0,2.20473051071167,2.54583835601807,3.93818187713623,4.62545442581177,5,5,0.789855062961578,0.967391312122345,1,1,56,1.03999996185303,0
10,2021-10-06,52050040,,"",SANDONA [52050040],Pluviométrica,Convencional,Activa,Nariño,Sandoná,1.3223,-77.4792,20,9/15/1963,,Cudayari,Pacifico,Patía,Río Guáitara,2021,06,Andes,Preliminar,0,0,0,3.67993879318237,3.67993879318237,0,2.2401762008667,0.229356229305267,3.93818187713623,4.62545442581177,5,5,0.789855062961578,0.967391312122345,1,1,56,1.03999996185303,0
10,2022-10-04,52050040,13,En revisión,SANDONA [52050040],Pluviométrica,Convencional,Activa,Nariño,Sandoná,1.3223,-77.4792,20,9/15/1963,,Cudayari,Pacifico,Patía,Río Guáitara,2022,04,Andes,En revisión,13,13,0,4.11923122406006,4.11923122406006,0,2.77940773963928,0.506140112876892,3.93818187713623,4.62545442581177,5,5,0.789855062961578,0.967391312122345,1,1,55,1.03999996185303,13.5199995040894
10,2017-10-21,52050040,0,Definitivo,SANDONA [52050040],Pluviométrica,Convencional,Activa,Nariño,Sandoná,1.3223,-77.4792,20,9/15/1963,,Cudayari,Pacifico,Patía,Río Guáitara,2017,21,Andes,Definitivo,0,0,0,1.81073176860809,1.81073176860809,0,2.02481865882874,0,3.93818187713623,4.62545442581177,5,5,0.789855062961578,0.967391312122345,1,1,59,1.03999996185303,0
10,2003-10-06,52050040,,"",SANDONA [52050040],Pluviométrica,Convencional,Activa,Nariño,Sandoná,1.3223,-77.4792,20,9/15/1963,,Cudayari,Pacifico,Patía,Río Guáitara,2003,06,Andes,Preliminar,0,0,0,13.2738380432129,13.2738380432129,10.3170442581177,4.78138589859009,9.99435234069824,3.93818187713623,4.62545442581177,5,5,0.789855062961578,0.967391312122345,1,1,56,1.03999996185303,0
10,2006-10-04,52050040,,"",SANDONA [52050040],Pluviométrica,Convencional,Activa,Nariño,Sandoná,1.3223,-77.4792,20,9/15/1963,,Cudayari,Pacifico,Patía,Río Guáitara,2006,04,Andes,Preliminar,0,0,0,2.12275099754334,2.12275099754334,5.05409383773804,0.0540218874812126,0.247939273715019,3.93818187713623,4.62545442581177,5,5,0.789855062961578,0.967391312122345,1,1,55,1.03999996185303,0
10,2002-10-24,52050040,20,Definitivo,SANDONA [52050040],Pluviométrica,Convencional,Activa,Nariño,Sandoná,1.3223,-77.4792,20,9/15/1963,,Cudayari,Pacifico,Patía,Río Guáitara,2002,24,Andes,Definitivo,20,20,0,3.60599684715271,3.60599684715271,0,8.70968627929688,21.5701885223389,3.93818187713623,4.62545442581177,5,5,0.789855062961578,0.967391312122345,1,1,59,1.03999996185303,20.7999992370605
10,2001-10-25,52050040,,"",SANDONA [52050040],Pluviométrica,Convencional,Activa,Nariño,Sandoná,1.3223,-77.4792,20,9/15/1963,,Cudayari,Pacifico,Patía,Río Guáitara,2001,25,Andes,Preliminar,0,0,0,0.419616162776947,0.419616162776947,0,0.342307925224304,0,3.93818187713623,4.62545442581177,5,5,0.789855062961578,0.967391312122345,1,1,59,1.03999996185303,0
10,2002-10-23,52050040,48,Definitivo,SANDONA [52050040],Pluviométrica,Convencional,Activa,Nariño,Sandoná,1.3223,-77.4792,20,9/15/1963,,Cudayari,Pacifico,Patía,Río Guáitara,2002,23,Andes,Definitivo,48,48,0,9.57080459594727,9.57080459594727,19.1879081726074,12.9853391647339,19.1965847015381,3.93818187713623,4.62545442581177,5,5,0.789855062961578,0.967391312122345,1,1,59,1.03999996185303,49.9199981689453
10,2005-10-17,52050040,,"",SANDONA [52050040],Pluviométrica,Convencional,Activa,Nariño,Sandoná,1.3223,-77.4792,20,9/15/1963,,Cudayari,Pacifico,Patía,Río Guáitara,2005,17,Andes,Preliminar,0,0,0,6.1701831817627,6.1701831817627,10.243577003479,5.92496252059937,1.57397651672363,3.93818187713623,4.62545442581177,5,5,0.789855062961578,0.967391312122345,1,1,58,1.03999996185303,0
10,2004-10-18,52050040,18,Definitivo,SANDONA [52050040],Pluviométrica,Convencional,Activa,Nariño,Sandoná,1.3223,-77.4792,20,9/15/1963,,Cudayari,Pacifico,Patía,Río Guáitara,2004,18,Andes,Definitivo,18,18,0,5.5100245475769,5.5100245475769,0,15.6805582046509,0.0898694396018982,3.93818187713623,4.62545442581177,5,5,0.789855062961578,0.967391312122345,1,1,58,1.03999996185303,18.7199993133545
10,2002-10-19,52050040,2,Definitivo,SANDONA [52050040],Pluviométrica,Convencional,Activa,Nariño,Sandoná,1.3223,-77.4792,20,9/15/1963,,Cudayari,Pacifico,Patía,Río Guáitara,2002,19,Andes,Definitivo,2,2,0,4.11700868606567,4.11700868606567,26.1407203674316,0.200205117464066,0.395744889974594,3.93818187713623,4.62545442581177,5,5,0.789855062961578,0.967391312122345,1,1,58,1.03999996185303,2.07999992370605
10,2003-10-17,52050040,8,Definitivo,SANDONA [52050040],Pluviométrica,Convencional,Activa,Nariño,Sandoná,1.3223,-77.4792,20,9/15/1963,,Cudayari,Pacifico,Patía,Río Guáitara,2003,17,Andes,Definitivo,8,8,0,4.17393159866333,4.17393159866333,0,3.83437085151672,0,3.93818187713623,4.62545442581177,5,5,0.789855062961578,0.967391312122345,1,1,58,1.03999996185303,8.31999969482422
10,2004-10-14,52050040,,"",SANDONA [52050040],Pluviométrica,Convencional,Activa,Nariño,Sandoná,1.3223,-77.4792,20,9/15/1963,,Cudayari,Pacifico,Patía,Río Guáitara,2004,14,Andes,Preliminar,0,0,0,0.801651120185852,0.801651120185852,19.5833740234375,2.39459848403931,13.1461887359619,3.93818187713623,4.62545442581177,5,5,0.789855062961578,0.967391312122345,1,1,57,1.03999996185303,0
10,2001-10-14,52050040,,"",SANDONA [52050040],Pluviométrica,Convencional,Activa,Nariño,Sandoná,1.3223,-77.4792,20,9/15/1963,,Cudayari,Pacifico,Patía,Río Guáitara,2001,14,Andes,Preliminar,0,0,0,4.91739463806152,4.91739463806152,0,0.526155054569244,0.386406302452087,3.93818187713623,4.62545442581177,5,5,0.789855062961578,0.967391312122345,1,1,57,1.03999996185303,0
10,2004-10-09,52050040,,"",SANDONA [52050040],Pluviométrica,Convencional,Activa,Nariño,Sandoná,1.3223,-77.4792,20,9/15/1963,,Cudayari,Pacifico,Patía,Río Guáitara,2004,09,Andes,Preliminar,0,0,0,13.6344861984253,13.6344861984253,0,4.15671682357788,8.44796657562256,3.93818187713623,4.62545442581177,5,5,0.789855062961578,0.967391312122345,1,1,56,1.03999996185303,0
10,2023-10-01,52050040,,"",SANDONA [52050040],Pluviométrica,Convencional,Activa,Nariño,Sandoná,1.3223,-77.4792,20,9/15/1963,,Cudayari,Pacifico,Patía,Río Guáitara,2023,01,Andes,Preliminar,0,0,0,6.18213272094727,6.18213272094727,0,0.766331255435944,0.399390876293182,3.93818187713623,4.62545442581177,5,5,0.789855062961578,0.967391312122345,1,1,55,1.03999996185303,0
10,2017-10-22,52050040,,"",SANDONA [52050040],Pluviométrica,Convencional,Activa,Nariño,Sandoná,1.3223,-77.4792,20,9/15/1963,,Cudayari,Pacifico,Patía,Río Guáitara,2017,22,Andes,Preliminar,0,0,0,1.74908351898193,1.74908351898193,0,3.93333959579468,3.40294718742371,3.93818187713623,4.62545442581177,5,5,0.789855062961578,0.967391312122345,1,1,59,1.03999996185303,0
10,2015-10-23,52050040,,"",SANDONA [52050040],Pluviométrica,Convencional,Activa,Nariño,Sandoná,1.3223,-77.4792,20,9/15/1963,,Cudayari,Pacifico,Patía,Río Guáitara,2015,23,Andes,Preliminar,0,0,0,7.89203357696533,7.89203357696533,0,2.23179483413696,1.82115936279297,3.93818187713623,4.62545442581177,5,5,0.789855062961578,0.967391312122345,1,1,59,1.03999996185303,0
10,2005-10-08,52050040,,"",SANDONA [52050040],Pluviométrica,Convencional,Activa,Nariño,Sandoná,1.3223,-77.4792,20,9/15/1963,,Cudayari,Pacifico,Patía,Río Guáitara,2005,08,Andes,Preliminar,0,0,0,4.66019201278687,4.66019201278687,0,3.05013751983643,0.0494653657078743,3.93818187713623,4.62545442581177,5,5,0.789855062961578,0.967391312122345,1,1,56,1.03999996185303,0
10,2008-10-06,52050040,5,Definitivo,SANDONA [52050040],Pluviométrica,Convencional,Activa,Nariño,Sandoná,1.3223,-77.4792,20,9/15/1963,,Cudayari,Pacifico,Patía,Río Guáitara,2008,06,Andes,Definitivo,5,5,0,22.1614513397217,22.1614513397217,7.59749841690064,4.87639665603638,12.0577421188354,3.93818187713623,4.62545442581177,5,5,0.789855062961578,0.967391312122345,1,1,56,1.03999996185303,5.19999980926514
10,2008-10-07,52050040,,"",SANDONA [52050040],Pluviométrica,Convencional,Activa,Nariño,Sandoná,1.3223,-77.4792,20,9/15/1963,,Cudayari,Pacifico,Patía,Río Guáitara,2008,07,Andes,Preliminar,0,0,0,11.7935199737549,11.7935199737549,22.7924957275391,9.17696666717529,11.6793403625488,3.93818187713623,4.62545442581177,5,5,0.789855062961578,0.967391312122345,1,1,56,1.03999996185303,0
10,2013-10-06,52050040,,"",SANDONA [52050040],Pluviométrica,Convencional,Activa,Nariño,Sandoná,1.3223,-77.4792,20,9/15/1963,,Cudayari,Pacifico,Patía,Río Guáitara,2013,06,Andes,Preliminar,0,0,0,3.31318664550781,3.31318664550781,0,0,0,3.93818187713623,4.62545442581177,5,5,0.789855062961578,0.967391312122345,1,1,56,1.03999996185303,0
10,2015-10-08,52050040,,"",SANDONA [52050040],Pluviométrica,Convencional,Activa,Nariño,Sandoná,1.3223,-77.4792,20,9/15/1963,,Cudayari,Pacifico,Patía,Río Guáitara,2015,08,Andes,Preliminar,0,0,0,6.11457920074463,6.11457920074463,0,1.83680284023285,0,3.93818187713623,4.62545442581177,5,5,0.789855062961578,0.967391312122345,1,1,56,1.03999996185303,0
10,2015-10-09,52050040,,"",SANDONA [52050040],Pluviométrica,Convencional,Activa,Nariño,Sandoná,1.3223,-77.4792,20,9/15/1963,,Cudayari,Pacifico,Patía,Río Guáitara,2015,09,Andes,Preliminar,0,0,0,6.18506622314453,6.18506622314453,0,1.46759557723999,0,3.93818187713623,4.62545442581177,5,5,0.789855062961578,0.967391312122345,1,1,56,1.03999996185303,0
10,2014-10-13,52050040,,"",SANDONA [52050040],Pluviométrica,Convencional,Activa,Nariño,Sandoná,1.3223,-77.4792,20,9/15/1963,,Cudayari,Pacifico,Patía,Río Guáitara,2014,13,Andes,Preliminar,0,0,0,3.85605502128601,3.85605502128601,0,0.557398974895477,0,3.93818187713623,4.62545442581177,5,5,0.789855062961578,0.967391312122345,1,1,57,1.03999996185303,0
10,2013-10-17,52050040,2,Definitivo,SANDONA [52050040],Pluviométrica,Convencional,Activa,Nariño,Sandoná,1.3223,-77.4792,20,9/15/1963,,Cudayari,Pacifico,Patía,Río Guáitara,2013,17,Andes,Definitivo,2,2,0,8.64780902862549,8.64780902862549,0,3.65094256401062,2.52103972434998,3.93818187713623,4.62545442581177,5,5,0.789855062961578,0.967391312122345,1,1,58,1.03999996185303,2.07999992370605
10,2013-10-18,52050040,,"",SANDONA [52050040],Pluviométrica,Convencional,Activa,Nariño,Sandoná,1.3223,-77.4792,20,9/15/1963,,Cudayari,Pacifico,Patía,Río Guáitara,2013,18,Andes,Preliminar,0,0,0,4.10934162139893,4.10934162139893,0,1.36395299434662,0.017413167282939,3.93818187713623,4.62545442581177,5,5,0.789855062961578,0.967391312122345,1,1,58,1.03999996185303,0
10,2012-10-22,52050040,0,Definitivo,SANDONA [52050040],Pluviométrica,Convencional,Activa,Nariño,Sandoná,1.3223,-77.4792,20,9/15/1963,,Cudayari,Pacifico,Patía,Río Guáitara,2012,22,Andes,Definitivo,0,0,0,5.21499633789063,5.21499633789063,9.51830196380615,4.35302019119263,8.52917194366455,3.93818187713623,4.62545442581177,5,5,0.789855062961578,0.967391312122345,1,1,59,1.03999996185303,0
10,2003-10-11,52050040,,"",SANDONA [52050040],Pluviométrica,Convencional,Activa,Nariño,Sandoná,1.3223,-77.4792,20,9/15/1963,,Cudayari,Pacifico,Patía,Río Guáitara,2003,11,Andes,Preliminar,0,0,0,8.09582233428955,8.09582233428955,0,1.53879570960999,0.0366769023239613,3.93818187713623,4.62545442581177,5,5,0.789855062961578,0.967391312122345,1,1,57,1.03999996185303,0
10,2002-10-10,52050040,,"",SANDONA [52050040],Pluviométrica,Convencional,Activa,Nariño,Sandoná,1.3223,-77.4792,20,9/15/1963,,Cudayari,Pacifico,Patía,Río Guáitara,2002,10,Andes,Preliminar,0,0,0,0.239398762583733,0.239398762583733,0,1.56688058376312,0,3.93818187713623,4.62545442581177,5,5,0.789855062961578,0.967391312122345,1,1,56,1.03999996185303,0
10,2002-10-07,52050040,,"",SANDONA [52050040],Pluviométrica,Convencional,Activa,Nariño,Sandoná,1.3223,-77.4792,20,9/15/1963,,Cudayari,Pacifico,Patía,Río Guáitara,2002,07,Andes,Preliminar,0,0,0,5.3465723991394,5.3465723991394,0,2.838618516922,0.13670314848423,3.93818187713623,4.62545442581177,5,5,0.789855062961578,0.967391312122345,1,1,56,1.03999996185303,0
10,2016-10-20,52050040,,"",SANDONA [52050040],Pluviométrica,Convencional,Activa,Nariño,Sandoná,1.3223,-77.4792,20,9/15/1963,,Cudayari,Pacifico,Patía,Río Guáitara,2016,20,Andes,Preliminar,0,0,0,3.40264463424683,3.40264463424683,0,0.139326795935631,0.644460201263428,3.93818187713623,4.62545442581177,5,5,0.789855062961578,0.967391312122345,1,1,58,1.03999996185303,0
10,2019-10-19,52050040,17,Definitivo,SANDONA [52050040],Pluviométrica,Convencional,Activa,Nariño,Sandoná,1.3223,-77.4792,20,9/15/1963,,Cudayari,Pacifico,Patía,Río Guáitara,2019,19,Andes,Definitivo,17,17,0,22.41770362854,22.41770362854,10.4628343582153,13.040075302124,13.8837738037109,3.93818187713623,4.62545442581177,5,5,0.789855062961578,0.967391312122345,1,1,58,1.03999996185303,17.6799993515015
10,2015-10-19,52050040,,"",SANDONA [52050040],Pluviométrica,Convencional,Activa,Nariño,Sandoná,1.3223,-77.4792,20,9/15/1963,,Cudayari,Pacifico,Patía,Río Guáitara,2015,19,Andes,Preliminar,0,0,0,1.33596646785736,1.33596646785736,0,0.206723481416702,0.00791509076952934,3.93818187713623,4.62545442581177,5,5,0.789855062961578,0.967391312122345,1,1,58,1.03999996185303,0
10,2016-10-16,52050040,,"",SANDONA [52050040],Pluviométrica,Convencional,Activa,Nariño,Sandoná,1.3223,-77.4792,20,9/15/1963,,Cudayari,Pacifico,Patía,Río Guáitara,2016,16,Andes,Preliminar,0,0,0,4.21958208084106,4.21958208084106,0,0.394282758235931,0,3.93818187713623,4.62545442581177,5,5,0.789855062961578,0.967391312122345,1,1,58,1.03999996185303,0
10,2017-10-14,52050040,,"",SANDONA [52050040],Pluviométrica,Convencional,Activa,Nariño,Sandoná,1.3223,-77.4792,20,9/15/1963,,Cudayari,Pacifico,Patía,Río Guáitara,2017,14,Andes,Preliminar,0,0,0,2.88227987289429,2.88227987289429,0,0.69851142168045,0.265737295150757,3.93818187713623,4.62545442581177,5,5,0.789855062961578,0.967391312122345,1,1,57,1.03999996185303,0
10,2018-10-12,52050040,,"",SANDONA [52050040],Pluviométrica,Convencional,Activa,Nariño,Sandoná,1.3223,-77.4792,20,9/15/1963,,Cudayari,Pacifico,Patía,Río Guáitara,2018,12,Andes,Preliminar,0,0,0,2.65776109695435,2.65776109695435,0,4.66411066055298,0,3.93818187713623,4.62545442581177,5,5,0.789855062961578,0.967391312122345,1,1,57,1.03999996185303,0
10,2019-10-10,52050040,,"",SANDONA [52050040],Pluviométrica,Convencional,Activa,Nariño,Sandoná,1.3223,-77.4792,20,9/15/1963,,Cudayari,Pacifico,Patía,Río Guáitara,2019,10,Andes,Preliminar,0,0,0,4.10895538330078,4.10895538330078,0,0.936267137527466,0,3.93818187713623,4.62545442581177,5,5,0.789855062961578,0.967391312122345,1,1,56,1.03999996185303,0
10,2020-10-07,52050040,,"",SANDONA [52050040],Pluviométrica,Convencional,Activa,Nariño,Sandoná,1.3223,-77.4792,20,9/15/1963,,Cudayari,Pacifico,Patía,Río Guáitara,2020,07,Andes,Preliminar,5,5,0,3.10775351524353,3.10775351524353,0,0.719734013080597,1.72880184650421,3.93818187713623,4.62545442581177,5,5,0.789855062961578,0.967391312122345,1,1,56,1.03999996185303,5.19999980926514
10,2021-10-05,52050040,6,En revisión,SANDONA [52050040],Pluviométrica,Convencional,Activa,Nariño,Sandoná,1.3223,-77.4792,20,9/15/1963,,Cudayari,Pacifico,Patía,Río Guáitara,2021,05,Andes,En revisión,6,6,0,4.72817134857178,4.72817134857178,0,3.16639494895935,0.832883775234222,3.93818187713623,4.62545442581177,5,5,0.789855062961578,0.967391312122345,1,1,55,1.03999996185303,6.23999977111816
10,2022-10-03,52050040,,"",SANDONA [52050040],Pluviométrica,Convencional,Activa,Nariño,Sandoná,1.3223,-77.4792,20,9/15/1963,,Cudayari,Pacifico,Patía,Río Guáitara,2022,03,Andes,Preliminar,0,0,0,4.68715572357178,4.68715572357178,0,2.77940773963928,0.31415593624115,3.93818187713623,4.62545442581177,5,5,0.789855062961578,0.967391312122345,1,1,55,1.03999996185303,0
10,2013-10-19,52050040,,"",SANDONA [52050040],Pluviométrica,Convencional,Activa,Nariño,Sandoná,1.3223,-77.4792,20,9/15/1963,,Cudayari,Pacifico,Patía,Río Guáitara,2013,19,Andes,Preliminar,0,0,0,2.26939535140991,2.26939535140991,0,0.543816924095154,0,3.93818187713623,4.62545442581177,5,5,0.789855062961578,0.967391312122345,1,1,58,1.03999996185303,0
10,2015-10-21,52050040,,"",SANDONA [52050040],Pluviométrica,Convencional,Activa,Nariño,Sandoná,1.3223,-77.4792,20,9/15/1963,,Cudayari,Pacifico,Patía,Río Guáitara,2015,21,Andes,Preliminar,0,0,0,4.29820108413696,4.29820108413696,0,0.813458800315857,0.567707002162933,3.93818187713623,4.62545442581177,5,5,0.789855062961578,0.967391312122345,1,1,59,1.03999996185303,0
10,2015-10-22,52050040,,"",SANDONA [52050040],Pluviométrica,Convencional,Activa,Nariño,Sandoná,1.3223,-77.4792,20,9/15/1963,,Cudayari,Pacifico,Patía,Río Guáitara,2015,22,Andes,Preliminar,0,0,0,4.57040214538574,4.57040214538574,6.78367853164673,2.89385652542114,0,3.93818187713623,4.62545442581177,5,5,0.789855062961578,0.967391312122345,1,1,59,1.03999996185303,0
10,2004-10-03,52050040,2,Definitivo,SANDONA [52050040],Pluviométrica,Convencional,Activa,Nariño,Sandoná,1.3223,-77.4792,20,9/15/1963,,Cudayari,Pacifico,Patía,Río Guáitara,2004,03,Andes,Definitivo,2,2,0,0.819025933742523,0.819025933742523,0,1.7818067073822,0,3.93818187713623,4.62545442581177,5,5,0.789855062961578,0.967391312122345,1,1,55,1.03999996185303,2.07999992370605
10,2006-10-05,52050040,,"",SANDONA [52050040],Pluviométrica,Convencional,Activa,Nariño,Sandoná,1.3223,-77.4792,20,9/15/1963,,Cudayari,Pacifico,Patía,Río Guáitara,2006,05,Andes,Preliminar,0,0,0,1.06137561798096,1.06137561798096,0,0.0401434861123562,0.00417875172570348,3.93818187713623,4.62545442581177,5,5,0.789855062961578,0.967391312122345,1,1,55,1.03999996185303,0
10,2006-10-06,52050040,,"",SANDONA [52050040],Pluviométrica,Convencional,Activa,Nariño,Sandoná,1.3223,-77.4792,20,9/15/1963,,Cudayari,Pacifico,Patía,Río Guáitara,2006,06,Andes,Preliminar,0,0,0,0.390417367219925,0.390417367219925,0,0,0,3.93818187713623,4.62545442581177,5,5,0.789855062961578,0.967391312122345,1,1,56,1.03999996185303,0
10,2001-10-24,52050040,,"",SANDONA [52050040],Pluviométrica,Convencional,Activa,Nariño,Sandoná,1.3223,-77.4792,20,9/15/1963,,Cudayari,Pacifico,Patía,Río Guáitara,2001,24,Andes,Preliminar,0,0,0,4.96545743942261,4.96545743942261,0,0.939800560474396,6.38658714294434,3.93818187713623,4.62545442581177,5,5,0.789855062961578,0.967391312122345,1,1,59,1.03999996185303,0
10,2003-10-21,52050040,,"",SANDONA [52050040],Pluviométrica,Convencional,Activa,Nariño,Sandoná,1.3223,-77.4792,20,9/15/1963,,Cudayari,Pacifico,Patía,Río Guáitara,2003,21,Andes,Preliminar,0,0,0,9.07945251464844,9.07945251464844,11.3067464828491,3.67387270927429,8.39786529541016,3.93818187713623,4.62545442581177,5,5,0.789855062961578,0.967391312122345,1,1,59,1.03999996185303,0
10,2003-10-20,52050040,4,Definitivo,SANDONA [52050040],Pluviométrica,Convencional,Activa,Nariño,Sandoná,1.3223,-77.4792,20,9/15/1963,,Cudayari,Pacifico,Patía,Río Guáitara,2003,20,Andes,Definitivo,4,4,0,13.6904964447022,13.6904964447022,0,7.02003717422485,0.592362761497498,3.93818187713623,4.62545442581177,5,5,0.789855062961578,0.967391312122345,1,1,58,1.03999996185303,4.15999984741211
10,2004-10-17,52050040,,"",SANDONA [52050040],Pluviométrica,Convencional,Activa,Nariño,Sandoná,1.3223,-77.4792,20,9/15/1963,,Cudayari,Pacifico,Patía,Río Guáitara,2004,17,Andes,Preliminar,0,0,0,4.51868152618408,4.51868152618408,22.5367946624756,11.7689161300659,47.6377220153809,3.93818187713623,4.62545442581177,5,5,0.789855062961578,0.967391312122345,1,1,58,1.03999996185303,0
10,2002-10-18,52050040,9,Definitivo,SANDONA [52050040],Pluviométrica,Convencional,Activa,Nariño,Sandoná,1.3223,-77.4792,20,9/15/1963,,Cudayari,Pacifico,Patía,Río Guáitara,2002,18,Andes,Definitivo,9,9,0,4.8223123550415,4.8223123550415,0,1.15434646606445,0.366831928491592,3.93818187713623,4.62545442581177,5,5,0.789855062961578,0.967391312122345,1,1,58,1.03999996185303,9.35999965667725
10,2003-10-16,52050040,,"",SANDONA [52050040],Pluviométrica,Convencional,Activa,Nariño,Sandoná,1.3223,-77.4792,20,9/15/1963,,Cudayari,Pacifico,Patía,Río Guáitara,2003,16,Andes,Preliminar,0,0,0,0.871887981891632,0.871887981891632,0,2.8602020740509,0,3.93818187713623,4.62545442581177,5,5,0.789855062961578,0.967391312122345,1,1,58,1.03999996185303,0
10,2002-10-15,52050040,5,Definitivo,SANDONA [52050040],Pluviométrica,Convencional,Activa,Nariño,Sandoná,1.3223,-77.4792,20,9/15/1963,,Cudayari,Pacifico,Patía,Río Guáitara,2002,15,Andes,Definitivo,5,5,0,7.20064687728882,7.20064687728882,6.08869552612305,5.68777084350586,11.6342840194702,3.93818187713623,4.62545442581177,5,5,0.789855062961578,0.967391312122345,1,1,57,1.03999996185303,5.19999980926514
10,2020-10-02,52050040,,"",SANDONA [52050040],Pluviométrica,Convencional,Activa,Nariño,Sandoná,1.3223,-77.4792,20,9/15/1963,,Cudayari,Pacifico,Patía,Río Guáitara,2020,02,Andes,Preliminar,0,0,0,1.65402102470398,1.65402102470398,0,0,0,3.93818187713623,4.62545442581177,5,5,0.789855062961578,0.967391312122345,1,1,55,1.03999996185303,0
10,2002-10-12,52050040,,"",SANDONA [52050040],Pluviométrica,Convencional,Activa,Nariño,Sandoná,1.3223,-77.4792,20,9/15/1963,,Cudayari,Pacifico,Patía,Río Guáitara,2002,12,Andes,Preliminar,0,0,0,0.0406816191971302,0.0406816191971302,6.08869552612305,5.83738422393799,9.53141212463379,3.93818187713623,4.62545442581177,5,5,0.789855062961578,0.967391312122345,1,1,57,1.03999996185303,0
10,2001-10-11,52050040,,"",SANDONA [52050040],Pluviométrica,Convencional,Activa,Nariño,Sandoná,1.3223,-77.4792,20,9/15/1963,,Cudayari,Pacifico,Patía,Río Guáitara,2001,11,Andes,Preliminar,0,0,0,1.73147714138031,1.73147714138031,0,0.342583477497101,1.10700178146362,3.93818187713623,4.62545442581177,5,5,0.789855062961578,0.967391312122345,1,1,57,1.03999996185303,0
10,2016-10-19,52050040,,"",SANDONA [52050040],Pluviométrica,Convencional,Activa,Nariño,Sandoná,1.3223,-77.4792,20,9/15/1963,,Cudayari,Pacifico,Patía,Río Guáitara,2016,19,Andes,Preliminar,0,0,0,2.3781943321228,2.3781943321228,0,0.114343091845512,0.0337821878492832,3.93818187713623,4.62545442581177,5,5,0.789855062961578,0.967391312122345,1,1,58,1.03999996185303,0
10,2014-10-20,52050040,5,Definitivo,SANDONA [52050040],Pluviométrica,Convencional,Activa,Nariño,Sandoná,1.3223,-77.4792,20,9/15/1963,,Cudayari,Pacifico,Patía,Río Guáitara,2014,20,Andes,Definitivo,5,5,0,9.9700174331665,9.9700174331665,13.4020128250122,11.0004625320435,23.823844909668,3.93818187713623,4.62545442581177,5,5,0.789855062961578,0.967391312122345,1,1,58,1.03999996185303,5.19999980926514
10,2017-10-18,52050040,,"",SANDONA [52050040],Pluviométrica,Convencional,Activa,Nariño,Sandoná,1.3223,-77.4792,20,9/15/1963,,Cudayari,Pacifico,Patía,Río Guáitara,2017,18,Andes,Preliminar,0,0,0,1.66589426994324,1.66589426994324,0,0,0,3.93818187713623,4.62545442581177,5,5,0.789855062961578,0.967391312122345,1,1,58,1.03999996185303,0
10,2009-10-04,52050040,,"",SANDONA [52050040],Pluviométrica,Convencional,Activa,Nariño,Sandoná,1.3223,-77.4792,20,9/15/1963,,Cudayari,Pacifico,Patía,Río Guáitara,2009,04,Andes,Preliminar,0,0,0,2.90370941162109,2.90370941162109,0,0,0,3.93818187713623,4.62545442581177,5,5,0.789855062961578,0.967391312122345,1,1,55,1.03999996185303,0
10,2008-10-08,52050040,,"",SANDONA [52050040],Pluviométrica,Convencional,Activa,Nariño,Sandoná,1.3223,-77.4792,20,9/15/1963,,Cudayari,Pacifico,Patía,Río Guáitara,2008,08,Andes,Preliminar,0,0,0,2.94375205039978,2.94375205039978,8.6828556060791,0.763311088085175,0.78983473777771,3.93818187713623,4.62545442581177,5,5,0.789855062961578,0.967391312122345,1,1,56,1.03999996185303,0
10,2013-10-07,52050040,,"",SANDONA [52050040],Pluviométrica,Convencional,Activa,Nariño,Sandoná,1.3223,-77.4792,20,9/15/1963,,Cudayari,Pacifico,Patía,Río Guáitara,2013,07,Andes,Preliminar,0,0,0,3.04717516899109,3.04717516899109,0,0,0,3.93818187713623,4.62545442581177,5,5,0.789855062961578,0.967391312122345,1,1,56,1.03999996185303,0
10,2013-10-08,52050040,,"",SANDONA [52050040],Pluviométrica,Convencional,Activa,Nariño,Sandoná,1.3223,-77.4792,20,9/15/1963,,Cudayari,Pacifico,Patía,Río Guáitara,2013,08,Andes,Preliminar,0,0,0,3.1133918762207,3.1133918762207,0,0,0,3.93818187713623,4.62545442581177,5,5,0.789855062961578,0.967391312122345,1,1,56,1.03999996185303,0
10,2015-10-10,52050040,,"",SANDONA [52050040],Pluviométrica,Convencional,Activa,Nariño,Sandoná,1.3223,-77.4792,20,9/15/1963,,Cudayari,Pacifico,Patía,Río Guáitara,2015,10,Andes,Preliminar,0,0,0,8.52027797698975,8.52027797698975,7.57674074172974,2.17604041099548,2.67179155349731,3.93818187713623,4.62545442581177,5,5,0.789855062961578,0.967391312122345,1,1,56,1.03999996185303,0
10,2014-10-14,52050040,,"",SANDONA [52050040],Pluviométrica,Convencional,Activa,Nariño,Sandoná,1.3223,-77.4792,20,9/15/1963,,Cudayari,Pacifico,Patía,Río Guáitara,2014,14,Andes,Preliminar,0,0,0,4.28240251541138,4.28240251541138,0,0.819185197353363,0.362508565187454,3.93818187713623,4.62545442581177,5,5,0.789855062961578,0.967391312122345,1,1,57,1.03999996185303,0
10,2014-10-15,52050040,,"",SANDONA [52050040],Pluviométrica,Convencional,Activa,Nariño,Sandoná,1.3223,-77.4792,20,9/15/1963,,Cudayari,Pacifico,Patía,Río Guáitara,2014,15,Andes,Preliminar,0,0,0,4.50253820419312,4.50253820419312,0,0.842569768428803,0,3.93818187713623,4.62545442581177,5,5,0.789855062961578,0.967391312122345,1,1,57,1.03999996185303,0
10,2001-10-16,52050040,,"",SANDONA [52050040],Pluviométrica,Convencional,Activa,Nariño,Sandoná,1.3223,-77.4792,20,9/15/1963,,Cudayari,Pacifico,Patía,Río Guáitara,2001,16,Andes,Preliminar,0,0,0,4.99663734436035,4.99663734436035,0,0,0,3.93818187713623,4.62545442581177,5,5,0.789855062961578,0.967391312122345,1,1,58,1.03999996185303,0
10,2014-10-16,52050040,,"",SANDONA [52050040],Pluviométrica,Convencional,Activa,Nariño,Sandoná,1.3223,-77.4792,20,9/15/1963,,Cudayari,Pacifico,Patía,Río Guáitara,2014,16,Andes,Preliminar,0,0,0,4.19403409957886,4.19403409957886,0,3.93190288543701,0.475468367338181,3.93818187713623,4.62545442581177,5,5,0.789855062961578,0.967391312122345,1,1,58,1.03999996185303,0
10,2013-10-20,52050040,1,Definitivo,SANDONA [52050040],Pluviométrica,Convencional,Activa,Nariño,Sandoná,1.3223,-77.4792,20,9/15/1963,,Cudayari,Pacifico,Patía,Río Guáitara,2013,20,Andes,Definitivo,1,1,0,2.26818633079529,2.26818633079529,0,1.03525769710541,0,3.93818187713623,4.62545442581177,5,5,0.789855062961578,0.967391312122345,1,1,58,1.03999996185303,1.03999996185303
10,2003-10-08,52050040,0,Definitivo,SANDONA [52050040],Pluviométrica,Convencional,Activa,Nariño,Sandoná,1.3223,-77.4792,20,9/15/1963,,Cudayari,Pacifico,Patía,Río Guáitara,2003,08,Andes,Definitivo,0,0,0,17.6794586181641,17.6794586181641,25.7926120758057,26.1931552886963,20.1480026245117,3.93818187713623,4.62545442581177,5,5,0.789855062961578,0.967391312122345,1,1,56,1.03999996185303,0
10,2003-10-05,52050040,49,Definitivo,SANDONA [52050040],Pluviométrica,Convencional,Activa,Nariño,Sandoná,1.3223,-77.4792,20,9/15/1963,,Cudayari,Pacifico,Patía,Río Guáitara,2003,05,Andes,Definitivo,49,49,0,4.66438865661621,4.66438865661621,0,6.10362052917481,16.9719715118408,3.93818187713623,4.62545442581177,5,5,0.789855062961578,0.967391312122345,1,1,55,1.03999996185303,50.9599981307984
10,2004-10-04,52050040,5,Definitivo,SANDONA [52050040],Pluviométrica,Convencional,Activa,Nariño,Sandoná,1.3223,-77.4792,20,9/15/1963,,Cudayari,Pacifico,Patía,Río Guáitara,2004,04,Andes,Definitivo,5,5,0,8.81271934509277,8.81271934509277,10.5440969467163,3.39806532859802,0.531068861484528,3.93818187713623,4.62545442581177,5,5,0.789855062961578,0.967391312122345,1,1,55,1.03999996185303,5.19999980926514
10,2016-10-15,52050040,1,Definitivo,SANDONA [52050040],Pluviométrica,Convencional,Activa,Nariño,Sandoná,1.3223,-77.4792,20,9/15/1963,,Cudayari,Pacifico,Patía,Río Guáitara,2016,15,Andes,Definitivo,1,1,0,2.96644234657288,2.96644234657288,0,1.19938910007477,0.864240229129791,3.93818187713623,4.62545442581177,5,5,0.789855062961578,0.967391312122345,1,1,57,1.03999996185303,1.03999996185303
10,2017-10-13,52050040,0,Definitivo,SANDONA [52050040],Pluviométrica,Convencional,Activa,Nariño,Sandoná,1.3223,-77.4792,20,9/15/1963,,Cudayari,Pacifico,Patía,Río Guáitara,2017,13,Andes,Definitivo,0,0,0,8.08237743377686,8.08237743377686,0,0.57018917798996,2.2081503868103,3.93818187713623,4.62545442581177,5,5,0.789855062961578,0.967391312122345,1,1,57,1.03999996185303,0
10,2018-10-11,52050040,,"",SANDONA [52050040],Pluviométrica,Convencional,Activa,Nariño,Sandoná,1.3223,-77.4792,20,9/15/1963,,Cudayari,Pacifico,Patía,Río Guáitara,2018,11,Andes,Preliminar,0,0,0,8.73182582855225,8.73182582855225,37.2389450073242,1.07735013961792,7.15933752059937,3.93818187713623,4.62545442581177,5,5,0.789855062961578,0.967391312122345,1,1,57,1.03999996185303,0
10,2019-10-09,52050040,,"",SANDONA [52050040],Pluviométrica,Convencional,Activa,Nariño,Sandoná,1.3223,-77.4792,20,9/15/1963,,Cudayari,Pacifico,Patía,Río Guáitara,2019,09,Andes,Preliminar,0,0,0,3.05285692214966,3.05285692214966,0,0.993065118789673,0.282924175262451,3.93818187713623,4.62545442581177,5,5,0.789855062961578,0.967391312122345,1,1,56,1.03999996185303,0
10,2020-10-06,52050040,,"",SANDONA [52050040],Pluviométrica,Convencional,Activa,Nariño,Sandoná,1.3223,-77.4792,20,9/15/1963,,Cudayari,Pacifico,Patía,Río Guáitara,2020,06,Andes,Preliminar,0,0,0,1.79799926280975,1.79799926280975,0,1.59292304515839,0.236822187900543,3.93818187713623,4.62545442581177,5,5,0.789855062961578,0.967391312122345,1,1,56,1.03999996185303,0
10,2021-10-04,52050040,9,En revisión,SANDONA [52050040],Pluviométrica,Convencional,Activa,Nariño,Sandoná,1.3223,-77.4792,20,9/15/1963,,Cudayari,Pacifico,Patía,Río Guáitara,2021,04,Andes,En revisión,9,9,0,4.46511077880859,4.46511077880859,0,2.79176211357117,10.5054416656494,3.93818187713623,4.62545442581177,5,5,0.789855062961578,0.967391312122345,1,1,55,1.03999996185303,9.35999965667725
10,2022-10-02,52050040,,"",SANDONA [52050040],Pluviométrica,Convencional,Activa,Nariño,Sandoná,1.3223,-77.4792,20,9/15/1963,,Cudayari,Pacifico,Patía,Río Guáitara,2022,02,Andes,Preliminar,0,0,0,2.52814054489136,2.52814054489136,0,2.77940773963928,0,3.93818187713623,4.62545442581177,5,5,0.789855062961578,0.967391312122345,1,1,55,1.03999996185303,0
10,2015-10-12,52050040,,"",SANDONA [52050040],Pluviométrica,Convencional,Activa,Nariño,Sandoná,1.3223,-77.4792,20,9/15/1963,,Cudayari,Pacifico,Patía,Río Guáitara,2015,12,Andes,Preliminar,0,0,0,10.3113021850586,10.3113021850586,0,5.35544300079346,2.83033752441406,3.93818187713623,4.62545442581177,5,5,0.789855062961578,0.967391312122345,1,1,57,1.03999996185303,0
10,2001-10-18,52050040,,"",SANDONA [52050040],Pluviométrica,Convencional,Activa,Nariño,Sandoná,1.3223,-77.4792,20,9/15/1963,,Cudayari,Pacifico,Patía,Río Guáitara,2001,18,Andes,Preliminar,0,0,0,4.88835191726685,4.88835191726685,0,0,0,3.93818187713623,4.62545442581177,5,5,0.789855062961578,0.967391312122345,1,1,58,1.03999996185303,0
10,2003-10-13,52050040,15,Definitivo,SANDONA [52050040],Pluviométrica,Convencional,Activa,Nariño,Sandoná,1.3223,-77.4792,20,9/15/1963,,Cudayari,Pacifico,Patía,Río Guáitara,2003,13,Andes,Definitivo,15,15,0,9.52740001678467,9.52740001678467,7.93845129013062,2.76563954353333,6.18922758102417,3.93818187713623,4.62545442581177,5,5,0.789855062961578,0.967391312122345,1,1,57,1.03999996185303,15.5999994277954
10,2016-10-18,52050040,,"",SANDONA [52050040],Pluviométrica,Convencional,Activa,Nariño,Sandoná,1.3223,-77.4792,20,9/15/1963,,Cudayari,Pacifico,Patía,Río Guáitara,2016,18,Andes,Preliminar,0,0,0,2.10816764831543,2.10816764831543,0,0.474831014871597,0.774391531944275,3.93818187713623,4.62545442581177,5,5,0.789855062961578,0.967391312122345,1,1,58,1.03999996185303,0
10,2014-10-19,52050040,12,Definitivo,SANDONA [52050040],Pluviométrica,Convencional,Activa,Nariño,Sandoná,1.3223,-77.4792,20,9/15/1963,,Cudayari,Pacifico,Patía,Río Guáitara,2014,19,Andes,Definitivo,12,12,0,13.6459407806397,13.6459407806397,40.2060356140137,15.9170999526978,26.2948417663574,3.93818187713623,4.62545442581177,5,5,0.789855062961578,0.967391312122345,1,1,58,1.03999996185303,12.4799995422363
10,2015-10-17,52050040,,"",SANDONA [52050040],Pluviométrica,Convencional,Activa,Nariño,Sandoná,1.3223,-77.4792,20,9/15/1963,,Cudayari,Pacifico,Patía,Río Guáitara,2015,17,Andes,Preliminar,0,0,0,4.80706787109375,4.80706787109375,0,0.42440077662468,0,3.93818187713623,4.62545442581177,5,5,0.789855062961578,0.967391312122345,1,1,58,1.03999996185303,0
10,2004-10-05,52050040,6,Definitivo,SANDONA [52050040],Pluviométrica,Convencional,Activa,Nariño,Sandoná,1.3223,-77.4792,20,9/15/1963,,Cudayari,Pacifico,Patía,Río Guáitara,2004,05,Andes,Definitivo,6,6,0,2.16222858428955,2.16222858428955,0,1.87823975086212,5.85259580612183,3.93818187713623,4.62545442581177,5,5,0.789855062961578,0.967391312122345,1,1,55,1.03999996185303,6.23999977111816
10,2007-10-04,52050040,20,Definitivo,SANDONA [52050040],Pluviométrica,Convencional,Activa,Nariño,Sandoná,1.3223,-77.4792,20,9/15/1963,,Cudayari,Pacifico,Patía,Río Guáitara,2007,04,Andes,Definitivo,20,20,0,3.02500224113464,3.02500224113464,0,0.538321554660797,0,3.93818187713623,4.62545442581177,5,5,0.789855062961578,0.967391312122345,1,1,55,1.03999996185303,20.7999992370605
10,2002-10-22,52050040,33,Definitivo,SANDONA [52050040],Pluviométrica,Convencional,Activa,Nariño,Sandoná,1.3223,-77.4792,20,9/15/1963,,Cudayari,Pacifico,Patía,Río Guáitara,2002,22,Andes,Definitivo,33,33,0,15.0882511138916,15.0882511138916,19.1879081726074,16.2681045532227,2.86596894264221,3.93818187713623,4.62545442581177,5,5,0.789855062961578,0.967391312122345,1,1,59,1.03999996185303,34.3199987411499
10,2001-10-23,52050040,,"",SANDONA [52050040],Pluviométrica,Convencional,Activa,Nariño,Sandoná,1.3223,-77.4792,20,9/15/1963,,Cudayari,Pacifico,Patía,Río Guáitara,2001,23,Andes,Preliminar,0,0,0,2.47107291221619,2.47107291221619,26.2599563598633,3.34296941757202,1.61872029304504,3.93818187713623,4.62545442581177,5,5,0.789855062961578,0.967391312122345,1,1,59,1.03999996185303,0
10,2002-10-21,52050040,39,Definitivo,SANDONA [52050040],Pluviométrica,Convencional,Activa,Nariño,Sandoná,1.3223,-77.4792,20,9/15/1963,,Cudayari,Pacifico,Patía,Río Guáitara,2002,21,Andes,Definitivo,39,39,0,6.79174613952637,6.79174613952637,38.3758163452148,15.7396001815796,22.4012336730957,3.93818187713623,4.62545442581177,5,5,0.789855062961578,0.967391312122345,1,1,59,1.03999996185303,40.5599985122681
10,2003-10-19,52050040,5,Definitivo,SANDONA [52050040],Pluviométrica,Convencional,Activa,Nariño,Sandoná,1.3223,-77.4792,20,9/15/1963,,Cudayari,Pacifico,Patía,Río Guáitara,2003,19,Andes,Definitivo,5,5,0,11.4829511642456,11.4829511642456,0,4.63718128204346,0.634132027626038,3.93818187713623,4.62545442581177,5,5,0.789855062961578,0.967391312122345,1,1,58,1.03999996185303,5.19999980926514
10,2001-10-19,52050040,,"",SANDONA [52050040],Pluviométrica,Convencional,Activa,Nariño,Sandoná,1.3223,-77.4792,20,9/15/1963,,Cudayari,Pacifico,Patía,Río Guáitara,2001,19,Andes,Preliminar,0,0,0,1.54694652557373,1.54694652557373,0,0,0,3.93818187713623,4.62545442581177,5,5,0.789855062961578,0.967391312122345,1,1,58,1.03999996185303,0
10,2020-10-01,52050040,,"",SANDONA [52050040],Pluviométrica,Convencional,Activa,Nariño,Sandoná,1.3223,-77.4792,20,9/15/1963,,Cudayari,Pacifico,Patía,Río Guáitara,2020,01,Andes,Preliminar,0,0,0,2.86396670341492,2.86396670341492,0,0,0,3.93818187713623,4.62545442581177,5,5,0.789855062961578,0.967391312122345,1,1,55,1.03999996185303,0
10,2016-10-08,52050040,15,Definitivo,SANDONA [52050040],Pluviométrica,Convencional,Activa,Nariño,Sandoná,1.3223,-77.4792,20,9/15/1963,,Cudayari,Pacifico,Patía,Río Guáitara,2016,08,Andes,Definitivo,15,15,0,5.74787569046021,5.74787569046021,18.6457424163818,8.10027694702148,23.6398792266846,3.93818187713623,4.62545442581177,5,5,0.789855062961578,0.967391312122345,1,1,56,1.03999996185303,15.5999994277954
10,2015-10-13,52050040,75,Definitivo,SANDONA [52050040],Pluviométrica,Convencional,Activa,Nariño,Sandoná,1.3223,-77.4792,20,9/15/1963,,Cudayari,Pacifico,Patía,Río Guáitara,2015,13,Andes,Definitivo,75,75,0,20.777660369873,20.777660369873,24.0176753997803,17.398983001709,3.39280486106873,3.93818187713623,4.62545442581177,5,5,0.789855062961578,0.967391312122345,1,1,57,1.03999996185303,77.9999971389771
10,2003-10-10,52050040,,"",SANDONA [52050040],Pluviométrica,Convencional,Activa,Nariño,Sandoná,1.3223,-77.4792,20,9/15/1963,,Cudayari,Pacifico,Patía,Río Guáitara,2003,10,Andes,Preliminar,0,0,0,10.0075998306274,10.0075998306274,10.3170442581177,1.20994985103607,0.280138552188873,3.93818187713623,4.62545442581177,5,5,0.789855062961578,0.967391312122345,1,1,56,1.03999996185303,0
10,2002-10-09,52050040,,"",SANDONA [52050040],Pluviométrica,Convencional,Activa,Nariño,Sandoná,1.3223,-77.4792,20,9/15/1963,,Cudayari,Pacifico,Patía,Río Guáitara,2002,09,Andes,Preliminar,0,0,0,0.558597087860107,0.558597087860107,9.65873527526855,0.83660888671875,6.71088218688965,3.93818187713623,4.62545442581177,5,5,0.789855062961578,0.967391312122345,1,1,56,1.03999996185303,0
10,2001-10-08,52050040,,"",SANDONA [52050040],Pluviométrica,Convencional,Activa,Nariño,Sandoná,1.3223,-77.4792,20,9/15/1963,,Cudayari,Pacifico,Patía,Río Guáitara,2001,08,Andes,Preliminar,0,0,0,0.260762959718704,0.260762959718704,0,0.381909936666489,0,3.93818187713623,4.62545442581177,5,5,0.789855062961578,0.967391312122345,1,1,56,1.03999996185303,0
10,2015-10-18,52050040,,"",SANDONA [52050040],Pluviométrica,Convencional,Activa,Nariño,Sandoná,1.3223,-77.4792,20,9/15/1963,,Cudayari,Pacifico,Patía,Río Guáitara,2015,18,Andes,Preliminar,0,0,0,4.28424787521362,4.28424787521362,0,1.41813862323761,0.110811270773411,3.93818187713623,4.62545442581177,5,5,0.789855062961578,0.967391312122345,1,1,58,1.03999996185303,0
10,2017-10-12,52050040,,"",SANDONA [52050040],Pluviométrica,Convencional,Activa,Nariño,Sandoná,1.3223,-77.4792,20,9/15/1963,,Cudayari,Pacifico,Patía,Río Guáitara,2017,12,Andes,Preliminar,0,0,0,4.8326416015625,4.8326416015625,10.6290845870972,2.87317299842834,1.61973202228546,3.93818187713623,4.62545442581177,5,5,0.789855062961578,0.967391312122345,1,1,57,1.03999996185303,0
10,2009-10-05,52050040,,"",SANDONA [52050040],Pluviométrica,Convencional,Activa,Nariño,Sandoná,1.3223,-77.4792,20,9/15/1963,,Cudayari,Pacifico,Patía,Río Guáitara,2009,05,Andes,Preliminar,0,0,0,6.05870151519775,6.05870151519775,0,0,0,3.93818187713623,4.62545442581177,5,5,0.789855062961578,0.967391312122345,1,1,55,1.03999996185303,0
10,2011-10-07,52050040,13,Definitivo,SANDONA [52050040],Pluviométrica,Convencional,Activa,Nariño,Sandoná,1.3223,-77.4792,20,9/15/1963,,Cudayari,Pacifico,Patía,Río Guáitara,2011,07,Andes,Definitivo,13,13,0,3.96925783157349,3.96925783157349,0,1.94904553890228,0.0571606867015362,3.93818187713623,4.62545442581177,5,5,0.789855062961578,0.967391312122345,1,1,56,1.03999996185303,13.5199995040894
10,2011-10-08,52050040,8,Definitivo,SANDONA [52050040],Pluviométrica,Convencional,Activa,Nariño,Sandoná,1.3223,-77.4792,20,9/15/1963,,Cudayari,Pacifico,Patía,Río Guáitara,2011,08,Andes,Definitivo,8,8,0,10.8033475875855,10.8033475875855,0,3.97800445556641,15.1312494277954,3.93818187713623,4.62545442581177,5,5,0.789855062961578,0.967391312122345,1,1,56,1.03999996185303,8.31999969482422
10,2016-10-06,52050040,,"",SANDONA [52050040],Pluviométrica,Convencional,Activa,Nariño,Sandoná,1.3223,-77.4792,20,9/15/1963,,Cudayari,Pacifico,Patía,Río Guáitara,2016,06,Andes,Preliminar,,,1,4.88686513900757,4.88686513900757,18.6457424163818,5.00413751602173,2.23904418945313,3.93818187713623,4.62545442581177,5,5,0.789855062961578,0.967391312122345,1,1,56,1.03999996185303,
10,2015-10-11,52050040,,"",SANDONA [52050040],Pluviométrica,Convencional,Activa,Nariño,Sandoná,1.3223,-77.4792,20,9/15/1963,,Cudayari,Pacifico,Patía,Río Guáitara,2015,11,Andes,Preliminar,0,0,0,7.74896955490112,7.74896955490112,0,6.4853777885437,0,3.93818187713623,4.62545442581177,5,5,0.789855062961578,0.967391312122345,1,1,57,1.03999996185303,0
10,2003-10-18,52050040,,"",SANDONA [52050040],Pluviométrica,Convencional,Activa,Nariño,Sandoná,1.3223,-77.4792,20,9/15/1963,,Cudayari,Pacifico,Patía,Río Guáitara,2003,18,Andes,Preliminar,0,0,0,7.01220512390137,7.01220512390137,30.7285938262939,6.41732454299927,23.5426235198975,3.93818187713623,4.62545442581177,5,5,0.789855062961578,0.967391312122345,1,1,58,1.03999996185303,0
10,2001-10-20,52050040,,"",SANDONA [52050040],Pluviométrica,Convencional,Activa,Nariño,Sandoná,1.3223,-77.4792,20,9/15/1963,,Cudayari,Pacifico,Patía,Río Guáitara,2001,20,Andes,Preliminar,0,0,0,3.27952671051025,3.27952671051025,0,0,0,3.93818187713623,4.62545442581177,5,5,0.789855062961578,0.967391312122345,1,1,58,1.03999996185303,0
10,2001-10-17,52050040,,"",SANDONA [52050040],Pluviométrica,Convencional,Activa,Nariño,Sandoná,1.3223,-77.4792,20,9/15/1963,,Cudayari,Pacifico,Patía,Río Guáitara,2001,17,Andes,Preliminar,0,0,0,4.56349277496338,4.56349277496338,0,0,0,3.93818187713623,4.62545442581177,5,5,0.789855062961578,0.967391312122345,1,1,58,1.03999996185303,0
10,2014-10-17,52050040,31,Definitivo,SANDONA [52050040],Pluviométrica,Convencional,Activa,Nariño,Sandoná,1.3223,-77.4792,20,9/15/1963,,Cudayari,Pacifico,Patía,Río Guáitara,2014,17,Andes,Definitivo,31,31,0,6.85066270828247,6.85066270828247,0,10.1955432891846,0,3.93818187713623,4.62545442581177,5,5,0.789855062961578,0.967391312122345,1,1,58,1.03999996185303,32.2399988174439
10,2014-10-18,52050040,27,Definitivo,SANDONA [52050040],Pluviométrica,Convencional,Activa,Nariño,Sandoná,1.3223,-77.4792,20,9/15/1963,,Cudayari,Pacifico,Patía,Río Guáitara,2014,18,Andes,Definitivo,27,27,0,7.89201354980469,7.89201354980469,13.4020128250122,11.7463874816895,2.19724011421204,3.93818187713623,4.62545442581177,5,5,0.789855062961578,0.967391312122345,1,1,58,1.03999996185303,28.0799989700317
10,2015-10-16,52050040,,"",SANDONA [52050040],Pluviométrica,Convencional,Activa,Nariño,Sandoná,1.3223,-77.4792,20,9/15/1963,,Cudayari,Pacifico,Patía,Río Guáitara,2015,16,Andes,Preliminar,0,0,0,8.22126197814941,8.22126197814941,0,3.15105366706848,3.87047934532166,3.93818187713623,4.62545442581177,5,5,0.789855062961578,0.967391312122345,1,1,58,1.03999996185303,0
10,2002-10-04,52050040,,"",SANDONA [52050040],Pluviométrica,Convencional,Activa,Nariño,Sandoná,1.3223,-77.4792,20,9/15/1963,,Cudayari,Pacifico,Patía,Río Guáitara,2002,04,Andes,Preliminar,0,0,0,4.17531204223633,4.17531204223633,0,0,0,3.93818187713623,4.62545442581177,5,5,0.789855062961578,0.967391312122345,1,1,55,1.03999996185303,0
10,2002-10-05,52050040,,"",SANDONA [52050040],Pluviométrica,Convencional,Activa,Nariño,Sandoná,1.3223,-77.4792,20,9/15/1963,,Cudayari,Pacifico,Patía,Río Guáitara,2002,05,Andes,Preliminar,0,0,0,2.8705267906189,2.8705267906189,0,0,0,3.93818187713623,4.62545442581177,5,5,0.789855062961578,0.967391312122345,1,1,55,1.03999996185303,0
10,2018-10-10,52050040,0,Definitivo,SANDONA [52050040],Pluviométrica,Convencional,Activa,Nariño,Sandoná,1.3223,-77.4792,20,9/15/1963,,Cudayari,Pacifico,Patía,Río Guáitara,2018,10,Andes,Definitivo,0,0,0,18.3929481506348,18.3929481506348,15.0617046356201,4.37446784973145,1.60867023468018,3.93818187713623,4.62545442581177,5,5,0.789855062961578,0.967391312122345,1,1,56,1.03999996185303,0
10,2019-10-08,52050040,,"",SANDONA [52050040],Pluviométrica,Convencional,Activa,Nariño,Sandoná,1.3223,-77.4792,20,9/15/1963,,Cudayari,Pacifico,Patía,Río Guáitara,2019,08,Andes,Preliminar,0,0,0,12.241138458252,12.241138458252,14.1783123016357,1.51875352859497,0.954869031906128,3.93818187713623,4.62545442581177,5,5,0.789855062961578,0.967391312122345,1,1,56,1.03999996185303,0
10,2020-10-05,52050040,,"",SANDONA [52050040],Pluviométrica,Convencional,Activa,Nariño,Sandoná,1.3223,-77.4792,20,9/15/1963,,Cudayari,Pacifico,Patía,Río Guáitara,2020,05,Andes,Preliminar,0,0,0,1.43954122066498,1.43954122066498,0,0,0,3.93818187713623,4.62545442581177,5,5,0.789855062961578,0.967391312122345,1,1,55,1.03999996185303,0
10,2021-10-03,52050040,3,En revisión,SANDONA [52050040],Pluviométrica,Convencional,Activa,Nariño,Sandoná,1.3223,-77.4792,20,9/15/1963,,Cudayari,Pacifico,Patía,Río Guáitara,2021,03,Andes,En revisión,3,3,0,3.72400665283203,3.72400665283203,0,2.88179492950439,3.68689966201782,3.93818187713623,4.62545442581177,5,5,0.789855062961578,0.967391312122345,1,1,55,1.03999996185303,3.11999988555908
10,2022-10-01,52050040,,"",SANDONA [52050040],Pluviométrica,Convencional,Activa,Nariño,Sandoná,1.3223,-77.4792,20,9/15/1963,,Cudayari,Pacifico,Patía,Río Guáitara,2022,01,Andes,Preliminar,0,0,0,4.59681987762451,4.59681987762451,18.5060176849365,2.77940773963928,6.0518651008606,3.93818187713623,4.62545442581177,5,5,0.789855062961578,0.967391312122345,1,1,55,1.03999996185303,0
10,2016-10-07,52050040,12,Definitivo,SANDONA [52050040],Pluviométrica,Convencional,Activa,Nariño,Sandoná,1.3223,-77.4792,20,9/15/1963,,Cudayari,Pacifico,Patía,Río Guáitara,2016,07,Andes,Definitivo,12,12,0,17.4206275939941,17.4206275939941,0,12.9380197525024,1.4213730096817,3.93818187713623,4.62545442581177,5,5,0.789855062961578,0.967391312122345,1,1,56,1.03999996185303,12.4799995422363
10,2014-10-07,52050040,24,Definitivo,SANDONA [52050040],Pluviométrica,Convencional,Activa,Nariño,Sandoná,1.3223,-77.4792,20,9/15/1963,,Cudayari,Pacifico,Patía,Río Guáitara,2014,07,Andes,Definitivo,24,24,0,1.3387885093689,1.3387885093689,0,2.92154908180237,0.342985153198242,3.93818187713623,4.62545442581177,5,5,0.789855062961578,0.967391312122345,1,1,56,1.03999996185303,24.9599990844727
10,2014-10-08,52050040,18,Definitivo,SANDONA [52050040],Pluviométrica,Convencional,Activa,Nariño,Sandoná,1.3223,-77.4792,20,9/15/1963,,Cudayari,Pacifico,Patía,Río Guáitara,2014,08,Andes,Definitivo,18,18,0,3.87614393234253,3.87614393234253,0,8.43856430053711,13.1265306472778,3.93818187713623,4.62545442581177,5,5,0.789855062961578,0.967391312122345,1,1,56,1.03999996185303,18.7199993133545
10,2001-10-15,52050040,,"",SANDONA [52050040],Pluviométrica,Convencional,Activa,Nariño,Sandoná,1.3223,-77.4792,20,9/15/1963,,Cudayari,Pacifico,Patía,Río Guáitara,2001,15,Andes,Preliminar,0,0,0,0.415554463863373,0.415554463863373,0,1.21007800102234,1.52473843097687,3.93818187713623,4.62545442581177,5,5,0.789855062961578,0.967391312122345,1,1,57,1.03999996185303,0
10,2001-10-13,52050040,,"",SANDONA [52050040],Pluviométrica,Convencional,Activa,Nariño,Sandoná,1.3223,-77.4792,20,9/15/1963,,Cudayari,Pacifico,Patía,Río Guáitara,2001,13,Andes,Preliminar,0,0,0,2.77036309242249,2.77036309242249,0,0.659079670906067,0,3.93818187713623,4.62545442581177,5,5,0.789855062961578,0.967391312122345,1,1,57,1.03999996185303,0
10,2001-10-10,52050040,17,Definitivo,SANDONA [52050040],Pluviométrica,Convencional,Activa,Nariño,Sandoná,1.3223,-77.4792,20,9/15/1963,,Cudayari,Pacifico,Patía,Río Guáitara,2001,10,Andes,Definitivo,17,17,0,7.47520399093628,7.47520399093628,14.071662902832,1.02767550945282,3.63381576538086,3.93818187713623,4.62545442581177,5,5,0.789855062961578,0.967391312122345,1,1,56,1.03999996185303,17.6799993515015
10,2016-10-13,52050040,17,Definitivo,SANDONA [52050040],Pluviométrica,Convencional,Activa,Nariño,Sandoná,1.3223,-77.4792,20,9/15/1963,,Cudayari,Pacifico,Patía,Río Guáitara,2016,13,Andes,Definitivo,17,17,0,5.59036588668823,5.59036588668823,19.5859127044678,2.85558533668518,6.918869972229,3.93818187713623,4.62545442581177,5,5,0.789855062961578,0.967391312122345,1,1,57,1.03999996185303,17.6799993515015
10,2016-10-14,52050040,,"",SANDONA [52050040],Pluviométrica,Convencional,Activa,Nariño,Sandoná,1.3223,-77.4792,20,9/15/1963,,Cudayari,Pacifico,Patía,Río Guáitara,2016,14,Andes,Preliminar,0,0,0,4.29882431030273,4.29882431030273,0,1.17178416252136,0.321616113185883,3.93818187713623,4.62545442581177,5,5,0.789855062961578,0.967391312122345,1,1,57,1.03999996185303,0
10,2002-10-06,52050040,,"",SANDONA [52050040],Pluviométrica,Convencional,Activa,Nariño,Sandoná,1.3223,-77.4792,20,9/15/1963,,Cudayari,Pacifico,Patía,Río Guáitara,2002,06,Andes,Preliminar,0,0,0,6.38396644592285,6.38396644592285,0,1.49015974998474,0.434964627027512,3.93818187713623,4.62545442581177,5,5,0.789855062961578,0.967391312122345,1,1,56,1.03999996185303,0
10,2007-10-05,52050040,27,Definitivo,SANDONA [52050040],Pluviométrica,Convencional,Activa,Nariño,Sandoná,1.3223,-77.4792,20,9/15/1963,,Cudayari,Pacifico,Patía,Río Guáitara,2007,05,Andes,Definitivo,27,27,0,4.98437881469727,4.98437881469727,0,0.685645639896393,2.2065052986145,3.93818187713623,4.62545442581177,5,5,0.789855062961578,0.967391312122345,1,1,55,1.03999996185303,28.0799989700317
10,2012-10-03,52050040,,"",SANDONA [52050040],Pluviométrica,Convencional,Activa,Nariño,Sandoná,1.3223,-77.4792,20,9/15/1963,,Cudayari,Pacifico,Patía,Río Guáitara,2012,03,Andes,Preliminar,0,0,0,3.29374122619629,3.29374122619629,10.0423536300659,1.18104469776154,0.076898068189621,3.93818187713623,4.62545442581177,5,5,0.789855062961578,0.967391312122345,1,1,55,1.03999996185303,0
10,2001-10-22,52050040,5,Definitivo,SANDONA [52050040],Pluviométrica,Convencional,Activa,Nariño,Sandoná,1.3223,-77.4792,20,9/15/1963,,Cudayari,Pacifico,Patía,Río Guáitara,2001,22,Andes,Definitivo,5,5,0,0.839232325553894,0.839232325553894,0,4.42399311065674,1.76587665081024,3.93818187713623,4.62545442581177,5,5,0.789855062961578,0.967391312122345,1,1,59,1.03999996185303,5.19999980926514
10,2002-10-20,52050040,45,Definitivo,SANDONA [52050040],Pluviométrica,Convencional,Activa,Nariño,Sandoná,1.3223,-77.4792,20,9/15/1963,,Cudayari,Pacifico,Patía,Río Guáitara,2002,20,Andes,Definitivo,45,45,0,6.70859098434448,6.70859098434448,0,1.1838526725769,0.171670138835907,3.93818187713623,4.62545442581177,5,5,0.789855062961578,0.967391312122345,1,1,58,1.03999996185303,46.7999982833862
10,2017-10-03,52050040,20,Definitivo,SANDONA [52050040],Pluviométrica,Convencional,Activa,Nariño,Sandoná,1.3223,-77.4792,20,9/15/1963,,Cudayari,Pacifico,Patía,Río Guáitara,2017,03,Andes,Definitivo,20,20,0,6.30773401260376,6.30773401260376,27.934118270874,4.83357810974121,5.68878316879273,3.93818187713623,4.62545442581177,5,5,0.789855062961578,0.967391312122345,1,1,55,1.03999996185303,20.7999992370605
10,2010-10-05,52050040,9,Definitivo,SANDONA [52050040],Pluviométrica,Convencional,Activa,Nariño,Sandoná,1.3223,-77.4792,20,9/15/1963,,Cudayari,Pacifico,Patía,Río Guáitara,2010,05,Andes,Definitivo,9,9,0,12.3835430145264,12.3835430145264,0,13.7352094650269,0,3.93818187713623,4.62545442581177,5,5,0.789855062961578,0.967391312122345,1,1,55,1.03999996185303,9.35999965667725
10,2015-10-04,52050040,0,Definitivo,SANDONA [52050040],Pluviométrica,Convencional,Activa,Nariño,Sandoná,1.3223,-77.4792,20,9/15/1963,,Cudayari,Pacifico,Patía,Río Guáitara,2015,04,Andes,Definitivo,0,0,0,2.08064126968384,2.08064126968384,0,1.05698978900909,1.18802154064178,3.93818187713623,4.62545442581177,5,5,0.789855062961578,0.967391312122345,1,1,55,1.03999996185303,0
10,2016-10-09,52050040,18,Definitivo,SANDONA [52050040],Pluviométrica,Convencional,Activa,Nariño,Sandoná,1.3223,-77.4792,20,9/15/1963,,Cudayari,Pacifico,Patía,Río Guáitara,2016,09,Andes,Definitivo,18,18,0,13.2196063995361,13.2196063995361,9.32287120819092,10.6943778991699,20.7780303955078,3.93818187713623,4.62545442581177,5,5,0.789855062961578,0.967391312122345,1,1,56,1.03999996185303,18.7199993133545
10,2015-10-14,52050040,19,Definitivo,SANDONA [52050040],Pluviométrica,Convencional,Activa,Nariño,Sandoná,1.3223,-77.4792,20,9/15/1963,,Cudayari,Pacifico,Patía,Río Guáitara,2015,14,Andes,Definitivo,19,19,0,13.67542552948,13.67542552948,48.0353507995606,21.7175483703613,38.8057632446289,3.93818187713623,4.62545442581177,5,5,0.789855062961578,0.967391312122345,1,1,57,1.03999996185303,19.7599992752075
10,2015-10-15,52050040,12,Definitivo,SANDONA [52050040],Pluviométrica,Convencional,Activa,Nariño,Sandoná,1.3223,-77.4792,20,9/15/1963,,Cudayari,Pacifico,Patía,Río Guáitara,2015,15,Andes,Definitivo,12,12,0,23.5083274841309,23.5083274841309,24.0176753997803,18.5546321868897,24.4830894470215,3.93818187713623,4.62545442581177,5,5,0.789855062961578,0.967391312122345,1,1,57,1.03999996185303,12.4799995422363
10,2003-10-07,52050040,28,Definitivo,SANDONA [52050040],Pluviométrica,Convencional,Activa,Nariño,Sandoná,1.3223,-77.4792,20,9/15/1963,,Cudayari,Pacifico,Patía,Río Guáitara,2003,07,Andes,Definitivo,28,28,0,18.7808647155762,18.7808647155762,0,3.88735485076904,7.86859798431397,3.93818187713623,4.62545442581177,5,5,0.789855062961578,0.967391312122345,1,1,56,1.03999996185303,29.1199989318848
10,2001-10-05,52050040,,"",SANDONA [52050040],Pluviométrica,Convencional,Activa,Nariño,Sandoná,1.3223,-77.4792,20,9/15/1963,,Cudayari,Pacifico,Patía,Río Guáitara,2001,05,Andes,Preliminar,0,0,0,0,0,0,0,0,3.93818187713623,4.62545442581177,5,5,0.789855062961578,0.967391312122345,1,1,55,1.03999996185303,0
10,2018-10-09,52050040,0,Definitivo,SANDONA [52050040],Pluviométrica,Convencional,Activa,Nariño,Sandoná,1.3223,-77.4792,20,9/15/1963,,Cudayari,Pacifico,Patía,Río Guáitara,2018,09,Andes,Definitivo,0,0,0,10.8353672027588,10.8353672027588,0,9.96142387390137,2.69757652282715,3.93818187713623,4.62545442581177,5,5,0.789855062961578,0.967391312122345,1,1,56,1.03999996185303,0
10,2019-10-07,52050040,1,Definitivo,SANDONA [52050040],Pluviométrica,Convencional,Activa,Nariño,Sandoná,1.3223,-77.4792,20,9/15/1963,,Cudayari,Pacifico,Patía,Río Guáitara,2019,07,Andes,Definitivo,1,1,0,15.2681636810303,15.2681636810303,7.08915615081787,8.63338088989258,13.2090244293213,3.93818187713623,4.62545442581177,5,5,0.789855062961578,0.967391312122345,1,1,56,1.03999996185303,1.03999996185303
10,2020-10-04,52050040,3,En revisión,SANDONA [52050040],Pluviométrica,Convencional,Activa,Nariño,Sandoná,1.3223,-77.4792,20,9/15/1963,,Cudayari,Pacifico,Patía,Río Guáitara,2020,04,Andes,En revisión,3,3,0,4.77771806716919,4.77771806716919,0,0,0,3.93818187713623,4.62545442581177,5,5,0.789855062961578,0.967391312122345,1,1,55,1.03999996185303,3.11999988555908
10,2012-10-04,52050040,10,Definitivo,SANDONA [52050040],Pluviométrica,Convencional,Activa,Nariño,Sandoná,1.3223,-77.4792,20,9/15/1963,,Cudayari,Pacifico,Patía,Río Guáitara,2012,04,Andes,Definitivo,10,10,0,5.61987257003784,5.61987257003784,10.0423536300659,7.22825574874878,1.07657289505005,3.93818187713623,4.62545442581177,5,5,0.789855062961578,0.967391312122345,1,1,55,1.03999996185303,10.3999996185303
10,2011-10-09,52050040,16,Definitivo,SANDONA [52050040],Pluviométrica,Convencional,Activa,Nariño,Sandoná,1.3223,-77.4792,20,9/15/1963,,Cudayari,Pacifico,Patía,Río Guáitara,2011,09,Andes,Definitivo,16,16,0,4.06610679626465,4.06610679626465,0,5.40136957168579,3.37248039245605,3.93818187713623,4.62545442581177,5,5,0.789855062961578,0.967391312122345,1,1,56,1.03999996185303,16.6399993896484
10,2001-10-21,52050040,3,Definitivo,SANDONA [52050040],Pluviométrica,Convencional,Activa,Nariño,Sandoná,1.3223,-77.4792,20,9/15/1963,,Cudayari,Pacifico,Patía,Río Guáitara,2001,21,Andes,Definitivo,3,3,0,11.3063249588013,11.3063249588013,0,2.54685282707214,1.82473921775818,3.93818187713623,4.62545442581177,5,5,0.789855062961578,0.967391312122345,1,1,59,1.03999996185303,3.11999988555908
10,2006-10-03,52050040,,"",SANDONA [52050040],Pluviométrica,Convencional,Activa,Nariño,Sandoná,1.3223,-77.4792,20,9/15/1963,,Cudayari,Pacifico,Patía,Río Guáitara,2006,03,Andes,Preliminar,0,0,0,4.28882312774658,4.28882312774658,0,0.112538747489452,0,3.93818187713623,4.62545442581177,5,5,0.789855062961578,0.967391312122345,1,1,55,1.03999996185303,0
10,2008-10-04,52050040,6,Definitivo,SANDONA [52050040],Pluviométrica,Convencional,Activa,Nariño,Sandoná,1.3223,-77.4792,20,9/15/1963,,Cudayari,Pacifico,Patía,Río Guáitara,2008,04,Andes,Definitivo,6,6,0,12.1477308273315,12.1477308273315,0,2.26237916946411,0,3.93818187713623,4.62545442581177,5,5,0.789855062961578,0.967391312122345,1,1,55,1.03999996185303,6.23999977111816
10,2015-10-05,52050040,,"",SANDONA [52050040],Pluviométrica,Convencional,Activa,Nariño,Sandoná,1.3223,-77.4792,20,9/15/1963,,Cudayari,Pacifico,Patía,Río Guáitara,2015,05,Andes,Preliminar,0,0,0,1.56483817100525,1.56483817100525,0,0.504098892211914,0.546335279941559,3.93818187713623,4.62545442581177,5,5,0.789855062961578,0.967391312122345,1,1,55,1.03999996185303,0
10,2003-10-15,52050040,,"",SANDONA [52050040],Pluviométrica,Convencional,Activa,Nariño,Sandoná,1.3223,-77.4792,20,9/15/1963,,Cudayari,Pacifico,Patía,Río Guáitara,2003,15,Andes,Preliminar,0,0,0,1.28348410129547,1.28348410129547,0,12.289511680603,0,3.93818187713623,4.62545442581177,5,5,0.789855062961578,0.967391312122345,1,1,57,1.03999996185303,0
10,2003-10-12,52050040,1,Definitivo,SANDONA [52050040],Pluviométrica,Convencional,Activa,Nariño,Sandoná,1.3223,-77.4792,20,9/15/1963,,Cudayari,Pacifico,Patía,Río Guáitara,2003,12,Andes,Definitivo,1,1,0,6.91106796264648,6.91106796264648,3.96922564506531,1.76243686676025,1.30202996730804,3.93818187713623,4.62545442581177,5,5,0.789855062961578,0.967391312122345,1,1,57,1.03999996185303,1.03999996185303
10,2016-10-12,52050040,0,Definitivo,SANDONA [52050040],Pluviométrica,Convencional,Activa,Nariño,Sandoná,1.3223,-77.4792,20,9/15/1963,,Cudayari,Pacifico,Patía,Río Guáitara,2016,12,Andes,Definitivo,0,0,0,2.58035707473755,2.58035707473755,0,2.57006239891052,0.0181424487382174,3.93818187713623,4.62545442581177,5,5,0.789855062961578,0.967391312122345,1,1,57,1.03999996185303,0
10,2017-10-10,52050040,,"",SANDONA [52050040],Pluviométrica,Convencional,Activa,Nariño,Sandoná,1.3223,-77.4792,20,9/15/1963,,Cudayari,Pacifico,Patía,Río Guáitara,2017,10,Andes,Preliminar,0,0,0,1.4956990480423,1.4956990480423,15.0471000671387,2.00922298431396,5.6283802986145,3.93818187713623,4.62545442581177,5,5,0.789855062961578,0.967391312122345,1,1,56,1.03999996185303,0
10,2003-10-02,52050040,,"",SANDONA [52050040],Pluviométrica,Convencional,Activa,Nariño,Sandoná,1.3223,-77.4792,20,9/15/1963,,Cudayari,Pacifico,Patía,Río Guáitara,2003,02,Andes,Preliminar,0,0,0,9.54358386993408,9.54358386993408,0,7.17581605911255,0,3.93818187713623,4.62545442581177,5,5,0.789855062961578,0.967391312122345,1,1,55,1.03999996185303,0
10,2003-10-03,52050040,,"",SANDONA [52050040],Pluviométrica,Convencional,Activa,Nariño,Sandoná,1.3223,-77.4792,20,9/15/1963,,Cudayari,Pacifico,Patía,Río Guáitara,2003,03,Andes,Preliminar,0,0,0,1.38090443611145,1.38090443611145,0,3.21452069282532,0,3.93818187713623,4.62545442581177,5,5,0.789855062961578,0.967391312122345,1,1,55,1.03999996185303,0
10,2005-10-04,52050040,10,Definitivo,SANDONA [52050040],Pluviométrica,Convencional,Activa,Nariño,Sandoná,1.3223,-77.4792,20,9/15/1963,,Cudayari,Pacifico,Patía,Río Guáitara,2005,04,Andes,Definitivo,10,10,0,0.0472753681242466,0.0472753681242466,0,3.19467878341675,0.0412614159286022,3.93818187713623,4.62545442581177,5,5,0.789855062961578,0.967391312122345,1,1,55,1.03999996185303,10.3999996185303
10,2021-10-02,52050040,5,En revisión,SANDONA [52050040],Pluviométrica,Convencional,Activa,Nariño,Sandoná,1.3223,-77.4792,20,9/15/1963,,Cudayari,Pacifico,Patía,Río Guáitara,2021,02,Andes,En revisión,5,5,0,3.00018978118897,3.00018978118897,0,2.87885689735413,0.299838155508041,3.93818187713623,4.62545442581177,5,5,0.789855062961578,0.967391312122345,1,1,55,1.03999996185303,5.19999980926514
10,2019-10-03,52050040,8,Definitivo,SANDONA [52050040],Pluviométrica,Convencional,Activa,Nariño,Sandoná,1.3223,-77.4792,20,9/15/1963,,Cudayari,Pacifico,Patía,Río Guáitara,2019,03,Andes,Definitivo,8,8,0,10.4533414840698,10.4533414840698,19.6782054901123,7.57065010070801,11.5466947555542,3.93818187713623,4.62545442581177,5,5,0.789855062961578,0.967391312122345,1,1,55,1.03999996185303,8.31999969482422
10,2012-10-05,52050040,4,Definitivo,SANDONA [52050040],Pluviométrica,Convencional,Activa,Nariño,Sandoná,1.3223,-77.4792,20,9/15/1963,,Cudayari,Pacifico,Patía,Río Guáitara,2012,05,Andes,Definitivo,4,4,0,15.1552906036377,15.1552906036377,10.0423536300659,8.61891651153565,12.3344507217407,3.93818187713623,4.62545442581177,5,5,0.789855062961578,0.967391312122345,1,1,55,1.03999996185303,4.15999984741211
10,2004-10-01,52050040,,"",SANDONA [52050040],Pluviométrica,Convencional,Activa,Nariño,Sandoná,1.3223,-77.4792,20,9/15/1963,,Cudayari,Pacifico,Patía,Río Guáitara,2004,01,Andes,Preliminar,0,0,0,2.62088298797607,2.62088298797607,0,0.843412280082703,0.330563247203827,3.93818187713623,4.62545442581177,5,5,0.789855062961578,0.967391312122345,1,1,55,1.03999996185303,0
10,2004-10-02,52050040,,"",SANDONA [52050040],Pluviométrica,Convencional,Activa,Nariño,Sandoná,1.3223,-77.4792,20,9/15/1963,,Cudayari,Pacifico,Patía,Río Guáitara,2004,02,Andes,Preliminar,0,0,0,3.47267031669617,3.47267031669617,0,0.600996673107147,1.78829336166382,3.93818187713623,4.62545442581177,5,5,0.789855062961578,0.967391312122345,1,1,55,1.03999996185303,0
10,2010-10-06,52050040,,"",SANDONA [52050040],Pluviométrica,Convencional,Activa,Nariño,Sandoná,1.3223,-77.4792,20,9/15/1963,,Cudayari,Pacifico,Patía,Río Guáitara,2010,06,Andes,Preliminar,0,0,0,9.08406925201416,9.08406925201416,8.26381683349609,1.66983234882355,6.19986009597778,3.93818187713623,4.62545442581177,5,5,0.789855062961578,0.967391312122345,1,1,56,1.03999996185303,0
10,2017-10-06,52050040,,"",SANDONA [52050040],Pluviométrica,Convencional,Activa,Nariño,Sandoná,1.3223,-77.4792,20,9/15/1963,,Cudayari,Pacifico,Patía,Río Guáitara,2017,06,Andes,Preliminar,0,0,0,9.58974742889404,9.58974742889404,0,2.48470544815064,0,3.93818187713623,4.62545442581177,5,5,0.789855062961578,0.967391312122345,1,1,56,1.03999996185303,0
10,2016-10-10,52050040,3,Definitivo,SANDONA [52050040],Pluviométrica,Convencional,Activa,Nariño,Sandoná,1.3223,-77.4792,20,9/15/1963,,Cudayari,Pacifico,Patía,Río Guáitara,2016,10,Andes,Definitivo,3,3,0,6.13586759567261,6.13586759567261,0,12.1324396133423,0.790925264358521,3.93818187713623,4.62545442581177,5,5,0.789855062961578,0.967391312122345,1,1,56,1.03999996185303,3.11999988555908
10,2001-10-12,52050040,,"",SANDONA [52050040],Pluviométrica,Convencional,Activa,Nariño,Sandoná,1.3223,-77.4792,20,9/15/1963,,Cudayari,Pacifico,Patía,Río Guáitara,2001,12,Andes,Preliminar,0,0,0,0,0,0,0.280250042676926,0,3.93818187713623,4.62545442581177,5,5,0.789855062961578,0.967391312122345,1,1,57,1.03999996185303,0
10,2001-10-09,52050040,,"",SANDONA [52050040],Pluviométrica,Convencional,Activa,Nariño,Sandoná,1.3223,-77.4792,20,9/15/1963,,Cudayari,Pacifico,Patía,Río Guáitara,2001,09,Andes,Preliminar,0,0,0,0,0,0,0.606064081192017,0,3.93818187713623,4.62545442581177,5,5,0.789855062961578,0.967391312122345,1,1,56,1.03999996185303,0
10,2017-10-11,52050040,,"",SANDONA [52050040],Pluviométrica,Convencional,Activa,Nariño,Sandoná,1.3223,-77.4792,20,9/15/1963,,Cudayari,Pacifico,Patía,Río Guáitara,2017,11,Andes,Preliminar,0,0,0,3.85109734535217,3.85109734535217,0,2.42187738418579,2.95474576950073,3.93818187713623,4.62545442581177,5,5,0.789855062961578,0.967391312122345,1,1,57,1.03999996185303,0
10,2019-10-06,52050040,5,Definitivo,SANDONA [52050040],Pluviométrica,Convencional,Activa,Nariño,Sandoná,1.3223,-77.4792,20,9/15/1963,,Cudayari,Pacifico,Patía,Río Guáitara,2019,06,Andes,Definitivo,5,5,0,11.2121801376343,11.2121801376343,7.08915615081787,7.43145990371704,5.06611061096191,3.93818187713623,4.62545442581177,5,5,0.789855062961578,0.967391312122345,1,1,56,1.03999996185303,5.19999980926514
10,2020-10-03,52050040,,"",SANDONA [52050040],Pluviométrica,Convencional,Activa,Nariño,Sandoná,1.3223,-77.4792,20,9/15/1963,,Cudayari,Pacifico,Patía,Río Guáitara,2020,03,Andes,Preliminar,0,0,0,3.20243525505066,3.20243525505066,0,0,0,3.93818187713623,4.62545442581177,5,5,0.789855062961578,0.967391312122345,1,1,55,1.03999996185303,0
10,2007-10-06,52050040,3,Definitivo,SANDONA [52050040],Pluviométrica,Convencional,Activa,Nariño,Sandoná,1.3223,-77.4792,20,9/15/1963,,Cudayari,Pacifico,Patía,Río Guáitara,2007,06,Andes,Definitivo,3,3,0,6.3127818107605,6.3127818107605,7.68262958526611,5.61645650863648,9.96117973327637,3.93818187713623,4.62545442581177,5,5,0.789855062961578,0.967391312122345,1,1,56,1.03999996185303,3.11999988555908
10,2010-10-04,52050040,,"",SANDONA [52050040],Pluviométrica,Convencional,Activa,Nariño,Sandoná,1.3223,-77.4792,20,9/15/1963,,Cudayari,Pacifico,Patía,Río Guáitara,2010,04,Andes,Preliminar,0,0,0,2.10989141464233,2.10989141464233,26.6045589447022,12.5063695907593,2.49245595932007,3.93818187713623,4.62545442581177,5,5,0.789855062961578,0.967391312122345,1,1,55,1.03999996185303,0
10,2017-10-02,52050040,,"",SANDONA [52050040],Pluviométrica,Convencional,Activa,Nariño,Sandoná,1.3223,-77.4792,20,9/15/1963,,Cudayari,Pacifico,Patía,Río Guáitara,2017,02,Andes,Preliminar,0,0,0,5.03485774993897,5.03485774993897,0,7.65647506713867,4.97721433639526,3.93818187713623,4.62545442581177,5,5,0.789855062961578,0.967391312122345,1,1,55,1.03999996185303,0
10,2011-10-03,52050040,21,Definitivo,SANDONA [52050040],Pluviométrica,Convencional,Activa,Nariño,Sandoná,1.3223,-77.4792,20,9/15/1963,,Cudayari,Pacifico,Patía,Río Guáitara,2011,03,Andes,Definitivo,21,21,0,16.3368091583252,16.3368091583252,0,9.99234962463379,17.7799987792969,3.93818187713623,4.62545442581177,5,5,0.789855062961578,0.967391312122345,1,1,55,1.03999996185303,21.8399991989136
10,2002-10-01,52050040,,"",SANDONA [52050040],Pluviométrica,Convencional,Activa,Nariño,Sandoná,1.3223,-77.4792,20,9/15/1963,,Cudayari,Pacifico,Patía,Río Guáitara,2002,01,Andes,Preliminar,0,0,0,4.69722604751587,4.69722604751587,0,0,0,3.93818187713623,4.62545442581177,5,5,0.789855062961578,0.967391312122345,1,1,55,1.03999996185303,0
10,2009-10-01,52050040,,"",SANDONA [52050040],Pluviométrica,Convencional,Activa,Nariño,Sandoná,1.3223,-77.4792,20,9/15/1963,,Cudayari,Pacifico,Patía,Río Guáitara,2009,01,Andes,Preliminar,0,0,0,1.4239342212677,1.4239342212677,0,0,0,3.93818187713623,4.62545442581177,5,5,0.789855062961578,0.967391312122345,1,1,55,1.03999996185303,0
10,2013-10-04,52050040,,"",SANDONA [52050040],Pluviométrica,Convencional,Activa,Nariño,Sandoná,1.3223,-77.4792,20,9/15/1963,,Cudayari,Pacifico,Patía,Río Guáitara,2013,04,Andes,Preliminar,0,0,0,13.6187400817871,13.6187400817871,7.25077533721924,4.05501270294189,6.50929355621338,3.93818187713623,4.62545442581177,5,5,0.789855062961578,0.967391312122345,1,1,55,1.03999996185303,0
10,2015-10-06,52050040,,"",SANDONA [52050040],Pluviométrica,Convencional,Activa,Nariño,Sandoná,1.3223,-77.4792,20,9/15/1963,,Cudayari,Pacifico,Patía,Río Guáitara,2015,06,Andes,Preliminar,0,0,0,1.94041097164154,1.94041097164154,0,0.264273017644882,0.525598347187042,3.93818187713623,4.62545442581177,5,5,0.789855062961578,0.967391312122345,1,1,56,1.03999996185303,0
10,2016-10-11,52050040,7,Definitivo,SANDONA [52050040],Pluviométrica,Convencional,Activa,Nariño,Sandoná,1.3223,-77.4792,20,9/15/1963,,Cudayari,Pacifico,Patía,Río Guáitara,2016,11,Andes,Definitivo,7,7,0,4.48458194732666,4.48458194732666,0,2.69446229934692,2.36841416358948,3.93818187713623,4.62545442581177,5,5,0.789855062961578,0.967391312122345,1,1,57,1.03999996185303,7.27999973297119
10,2017-10-09,52050040,0,Definitivo,SANDONA [52050040],Pluviométrica,Convencional,Activa,Nariño,Sandoná,1.3223,-77.4792,20,9/15/1963,,Cudayari,Pacifico,Patía,Río Guáitara,2017,09,Andes,Definitivo,0,0,0,3.87603640556335,3.87603640556335,0,4.68478488922119,4.94802713394165,3.93818187713623,4.62545442581177,5,5,0.789855062961578,0.967391312122345,1,1,56,1.03999996185303,0
10,2001-10-07,52050040,,"",SANDONA [52050040],Pluviométrica,Convencional,Activa,Nariño,Sandoná,1.3223,-77.4792,20,9/15/1963,,Cudayari,Pacifico,Patía,Río Guáitara,2001,07,Andes,Preliminar,0,0,0,1.12997269630432,1.12997269630432,0,0.713599979877472,0,3.93818187713623,4.62545442581177,5,5,0.789855062961578,0.967391312122345,1,1,56,1.03999996185303,0
10,2001-10-04,52050040,,"",SANDONA [52050040],Pluviométrica,Convencional,Activa,Nariño,Sandoná,1.3223,-77.4792,20,9/15/1963,,Cudayari,Pacifico,Patía,Río Guáitara,2001,04,Andes,Preliminar,0,0,0,0,0,0,0,0,3.93818187713623,4.62545442581177,5,5,0.789855062961578,0.967391312122345,1,1,55,1.03999996185303,0
10,2001-10-02,52050040,,"",SANDONA [52050040],Pluviométrica,Convencional,Activa,Nariño,Sandoná,1.3223,-77.4792,20,9/15/1963,,Cudayari,Pacifico,Patía,Río Guáitara,2001,02,Andes,Preliminar,0,0,0,3.25074338912964,3.25074338912964,0,0,0,3.93818187713623,4.62545442581177,5,5,0.789855062961578,0.967391312122345,1,1,55,1.03999996185303,0
10,2021-10-01,52050040,43,En revisión,SANDONA [52050040],Pluviométrica,Convencional,Activa,Nariño,Sandoná,1.3223,-77.4792,20,9/15/1963,,Cudayari,Pacifico,Patía,Río Guáitara,2021,01,Andes,En revisión,43,43,0,3.56547284126282,3.56547284126282,0,3.68399000167847,0.0777358263731003,3.93818187713623,4.62545442581177,5,5,0.789855062961578,0.967391312122345,1,1,55,1.03999996185303,44.7199983596802
10,2019-10-02,52050040,5,Definitivo,SANDONA [52050040],Pluviométrica,Convencional,Activa,Nariño,Sandoná,1.3223,-77.4792,20,9/15/1963,,Cudayari,Pacifico,Patía,Río Guáitara,2019,02,Andes,Definitivo,5,5,0,8.75369739532471,8.75369739532471,0,6.41022109985352,8.18192672729492,3.93818187713623,4.62545442581177,5,5,0.789855062961578,0.967391312122345,1,1,55,1.03999996185303,5.19999980926514
10,2008-10-03,52050040,,"",SANDONA [52050040],Pluviométrica,Convencional,Activa,Nariño,Sandoná,1.3223,-77.4792,20,9/15/1963,,Cudayari,Pacifico,Patía,Río Guáitara,2008,03,Andes,Preliminar,0,0,0,0.144101202487946,0.144101202487946,0,4.87088060379028,0.0429217182099819,3.93818187713623,4.62545442581177,5,5,0.789855062961578,0.967391312122345,1,1,55,1.03999996185303,0
10,2011-10-04,52050040,0,Definitivo,SANDONA [52050040],Pluviométrica,Convencional,Activa,Nariño,Sandoná,1.3223,-77.4792,20,9/15/1963,,Cudayari,Pacifico,Patía,Río Guáitara,2011,04,Andes,Definitivo,0,0,0,19.5406112670898,19.5406112670898,15.6006355285645,26.3597259521484,12.952579498291,3.93818187713623,4.62545442581177,5,5,0.789855062961578,0.967391312122345,1,1,55,1.03999996185303,0
10,2017-10-07,52050040,,"",SANDONA [52050040],Pluviométrica,Convencional,Activa,Nariño,Sandoná,1.3223,-77.4792,20,9/15/1963,,Cudayari,Pacifico,Patía,Río Guáitara,2017,07,Andes,Preliminar,0,0,0,3.77114415168762,3.77114415168762,0,0.885714650154114,2.96881556510925,3.93818187713623,4.62545442581177,5,5,0.789855062961578,0.967391312122345,1,1,56,1.03999996185303,0
10,2002-10-02,52050040,,"",SANDONA [52050040],Pluviométrica,Convencional,Activa,Nariño,Sandoná,1.3223,-77.4792,20,9/15/1963,,Cudayari,Pacifico,Patía,Río Guáitara,2002,02,Andes,Preliminar,0,0,0,0.130478501319885,0.130478501319885,0,0,0,3.93818187713623,4.62545442581177,5,5,0.789855062961578,0.967391312122345,1,1,55,1.03999996185303,0
10,2008-10-05,52050040,,"",SANDONA [52050040],Pluviométrica,Convencional,Activa,Nariño,Sandoná,1.3223,-77.4792,20,9/15/1963,,Cudayari,Pacifico,Patía,Río Guáitara,2008,05,Andes,Preliminar,0,0,0,11.8739395141602,11.8739395141602,0,6.7714638710022,15.650333404541,3.93818187713623,4.62545442581177,5,5,0.789855062961578,0.967391312122345,1,1,55,1.03999996185303,0
10,2018-10-08,52050040,2,Definitivo,SANDONA [52050040],Pluviométrica,Convencional,Activa,Nariño,Sandoná,1.3223,-77.4792,20,9/15/1963,,Cudayari,Pacifico,Patía,Río Guáitara,2018,08,Andes,Definitivo,2,2,0,11.7600860595703,11.7600860595703,15.0617046356201,5.17531156539917,11.8922061920166,3.93818187713623,4.62545442581177,5,5,0.789855062961578,0.967391312122345,1,1,56,1.03999996185303,2.07999992370605
10,2017-10-05,52050040,8,Definitivo,SANDONA [52050040],Pluviométrica,Convencional,Activa,Nariño,Sandoná,1.3223,-77.4792,20,9/15/1963,,Cudayari,Pacifico,Patía,Río Guáitara,2017,05,Andes,Definitivo,8,8,0,7.67112302780151,7.67112302780151,0,10.3983726501465,8.23009967803955,3.93818187713623,4.62545442581177,5,5,0.789855062961578,0.967391312122345,1,1,55,1.03999996185303,8.31999969482422
10,2017-10-08,52050040,,"",SANDONA [52050040],Pluviométrica,Convencional,Activa,Nariño,Sandoná,1.3223,-77.4792,20,9/15/1963,,Cudayari,Pacifico,Patía,Río Guáitara,2017,08,Andes,Preliminar,0,0,0,6.46910953521729,6.46910953521729,0,3.48079466819763,0,3.93818187713623,4.62545442581177,5,5,0.789855062961578,0.967391312122345,1,1,56,1.03999996185303,0
10,2018-10-07,52050040,10,Definitivo,SANDONA [52050040],Pluviométrica,Convencional,Activa,Nariño,Sandoná,1.3223,-77.4792,20,9/15/1963,,Cudayari,Pacifico,Patía,Río Guáitara,2018,07,Andes,Definitivo,10,10,0,8.48213195800781,8.48213195800781,7.53085231781006,6.05503988265991,20.0135250091553,3.93818187713623,4.62545442581177,5,5,0.789855062961578,0.967391312122345,1,1,56,1.03999996185303,10.3999996185303
10,2017-10-01,52050040,,"",SANDONA [52050040],Pluviométrica,Convencional,Activa,Nariño,Sandoná,1.3223,-77.4792,20,9/15/1963,,Cudayari,Pacifico,Patía,Río Guáitara,2017,01,Andes,Preliminar,0,0,0,1.45852863788605,1.45852863788605,0,7.76011419296265,3.81573891639709,3.93818187713623,4.62545442581177,5,5,0.789855062961578,0.967391312122345,1,1,55,1.03999996185303,0
10,2009-10-02,52050040,,"",SANDONA [52050040],Pluviométrica,Convencional,Activa,Nariño,Sandoná,1.3223,-77.4792,20,9/15/1963,,Cudayari,Pacifico,Patía,Río Guáitara,2009,02,Andes,Preliminar,0,0,0,1.53561532497406,1.53561532497406,0,0,0,3.93818187713623,4.62545442581177,5,5,0.789855062961578,0.967391312122345,1,1,55,1.03999996185303,0
10,2006-10-01,52050040,,"",SANDONA [52050040],Pluviométrica,Convencional,Activa,Nariño,Sandoná,1.3223,-77.4792,20,9/15/1963,,Cudayari,Pacifico,Patía,Río Guáitara,2006,01,Andes,Preliminar,0,0,0,0.151625081896782,0.151625081896782,0,0.166933432221413,0,3.93818187713623,4.62545442581177,5,5,0.789855062961578,0.967391312122345,1,1,55,1.03999996185303,0
10,2005-10-05,52050040,12,Definitivo,SANDONA [52050040],Pluviométrica,Convencional,Activa,Nariño,Sandoná,1.3223,-77.4792,20,9/15/1963,,Cudayari,Pacifico,Patía,Río Guáitara,2005,05,Andes,Definitivo,12,12,0,7.51678371429443,7.51678371429443,0,2.79418420791626,0.0990273803472519,3.93818187713623,4.62545442581177,5,5,0.789855062961578,0.967391312122345,1,1,55,1.03999996185303,12.4799995422363
10,2007-10-01,52050040,,"",SANDONA [52050040],Pluviométrica,Convencional,Activa,Nariño,Sandoná,1.3223,-77.4792,20,9/15/1963,,Cudayari,Pacifico,Patía,Río Guáitara,2007,01,Andes,Preliminar,0,0,0,0.92812579870224,0.92812579870224,0,0.229563504457474,0.0742931142449379,3.93818187713623,4.62545442581177,5,5,0.789855062961578,0.967391312122345,1,1,55,1.03999996185303,0
10,2001-10-06,52050040,,"",SANDONA [52050040],Pluviométrica,Convencional,Activa,Nariño,Sandoná,1.3223,-77.4792,20,9/15/1963,,Cudayari,Pacifico,Patía,Río Guáitara,2001,06,Andes,Preliminar,0,0,0,0.869209706783295,0.869209706783295,0,0.90456610918045,0,3.93818187713623,4.62545442581177,5,5,0.789855062961578,0.967391312122345,1,1,56,1.03999996185303,0
10,2013-10-05,52050040,,"",SANDONA [52050040],Pluviométrica,Convencional,Activa,Nariño,Sandoná,1.3223,-77.4792,20,9/15/1963,,Cudayari,Pacifico,Patía,Río Guáitara,2013,05,Andes,Preliminar,0,0,0,12.8185710906982,12.8185710906982,7.25077533721924,3.84666919708252,0.0404650606215,3.93818187713623,4.62545442581177,5,5,0.789855062961578,0.967391312122345,1,1,55,1.03999996185303,0
10,2018-10-04,52050040,45,Definitivo,SANDONA [52050040],Pluviométrica,Convencional,Activa,Nariño,Sandoná,1.3223,-77.4792,20,9/15/1963,,Cudayari,Pacifico,Patía,Río Guáitara,2018,04,Andes,Definitivo,45,45,0,8.9710636138916,8.9710636138916,0,13.2418632507324,4.62931489944458,3.93818187713623,4.62545442581177,5,5,0.789855062961578,0.967391312122345,1,1,55,1.03999996185303,46.7999982833862
10,2018-10-06,52050040,3,Definitivo,SANDONA [52050040],Pluviométrica,Convencional,Activa,Nariño,Sandoná,1.3223,-77.4792,20,9/15/1963,,Cudayari,Pacifico,Patía,Río Guáitara,2018,06,Andes,Definitivo,3,3,0,8.90605354309082,8.90605354309082,7.53085231781006,11.9945230484009,1.34878826141357,3.93818187713623,4.62545442581177,5,5,0.789855062961578,0.967391312122345,1,1,56,1.03999996185303,3.11999988555908
10,2006-10-02,52050040,,"",SANDONA [52050040],Pluviométrica,Convencional,Activa,Nariño,Sandoná,1.3223,-77.4792,20,9/15/1963,,Cudayari,Pacifico,Patía,Río Guáitara,2006,02,Andes,Preliminar,0,0,0,9.18414783477783,9.18414783477783,0,0.0874180719256401,0.208937600255013,3.93818187713623,4.62545442581177,5,5,0.789855062961578,0.967391312122345,1,1,55,1.03999996185303,0
10,2003-10-04,52050040,,"",SANDONA [52050040],Pluviométrica,Convencional,Activa,Nariño,Sandoná,1.3223,-77.4792,20,9/15/1963,,Cudayari,Pacifico,Patía,Río Guáitara,2003,04,Andes,Preliminar,0,0,0,6.10666561126709,6.10666561126709,0,6.7165002822876,0,3.93818187713623,4.62545442581177,5,5,0.789855062961578,0.967391312122345,1,1,55,1.03999996185303,0
10,2018-10-03,52050040,5,Definitivo,SANDONA [52050040],Pluviométrica,Convencional,Activa,Nariño,Sandoná,1.3223,-77.4792,20,9/15/1963,,Cudayari,Pacifico,Patía,Río Guáitara,2018,03,Andes,Definitivo,5,5,0,4.8213038444519,4.8213038444519,9.06679153442383,3.13991808891296,18.1024227142334,3.93818187713623,4.62545442581177,5,5,0.789855062961578,0.967391312122345,1,1,55,1.03999996185303,5.19999980926514
10,2019-10-01,52050040,12,Definitivo,SANDONA [52050040],Pluviométrica,Convencional,Activa,Nariño,Sandoná,1.3223,-77.4792,20,9/15/1963,,Cudayari,Pacifico,Patía,Río Guáitara,2019,01,Andes,Definitivo,12,12,0,5.65815401077271,5.65815401077271,0,7.0086669921875,2.31560277938843,3.93818187713623,4.62545442581177,5,5,0.789855062961578,0.967391312122345,1,1,55,1.03999996185303,12.4799995422363
10,2018-10-05,52050040,,"",SANDONA [52050040],Pluviométrica,Convencional,Activa,Nariño,Sandoná,1.3223,-77.4792,20,9/15/1963,,Cudayari,Pacifico,Patía,Río Guáitara,2018,05,Andes,Preliminar,0,0,0,7.98659038543701,7.98659038543701,0,4.48607301712036,0,3.93818187713623,4.62545442581177,5,5,0.789855062961578,0.967391312122345,1,1,55,1.03999996185303,0
10,2002-10-03,52050040,,"",SANDONA [52050040],Pluviométrica,Convencional,Activa,Nariño,Sandoná,1.3223,-77.4792,20,9/15/1963,,Cudayari,Pacifico,Patía,Río Guáitara,2002,03,Andes,Preliminar,0,0,0,0.260957002639771,0.260957002639771,0,0,0,3.93818187713623,4.62545442581177,5,5,0.789855062961578,0.967391312122345,1,1,55,1.03999996185303,0
10,2009-10-03,52050040,,"",SANDONA [52050040],Pluviométrica,Convencional,Activa,Nariño,Sandoná,1.3223,-77.4792,20,9/15/1963,,Cudayari,Pacifico,Patía,Río Guáitara,2009,03,Andes,Preliminar,0,0,0,0.111681118607521,0.111681118607521,0,0,0,3.93818187713623,4.62545442581177,5,5,0.789855062961578,0.967391312122345,1,1,55,1.03999996185303,0
10,2011-10-05,52050040,22,Definitivo,SANDONA [52050040],Pluviométrica,Convencional,Activa,Nariño,Sandoná,1.3223,-77.4792,20,9/15/1963,,Cudayari,Pacifico,Patía,Río Guáitara,2011,05,Andes,Definitivo,22,22,0,8.84250354766846,8.84250354766846,15.6006355285645,5.10684537887573,6.86864137649536,3.93818187713623,4.62545442581177,5,5,0.789855062961578,0.967391312122345,1,1,55,1.03999996185303,22.8799991607666
10,2001-10-03,52050040,,"",SANDONA [52050040],Pluviométrica,Convencional,Activa,Nariño,Sandoná,1.3223,-77.4792,20,9/15/1963,,Cudayari,Pacifico,Patía,Río Guáitara,2001,03,Andes,Preliminar,0,0,0,0,0,0,0,0,3.93818187713623,4.62545442581177,5,5,0.789855062961578,0.967391312122345,1,1,55,1.03999996185303,0
10,2019-10-04,52050040,,"",SANDONA [52050040],Pluviométrica,Convencional,Activa,Nariño,Sandoná,1.3223,-77.4792,20,9/15/1963,,Cudayari,Pacifico,Patía,Río Guáitara,2019,04,Andes,Preliminar,0,0,0,2.68345236778259,2.68345236778259,0,3.70665550231934,3.31974744796753,3.93818187713623,4.62545442581177,5,5,0.789855062961578,0.967391312122345,1,1,55,1.03999996185303,0
10,2019-10-05,52050040,2,Definitivo,SANDONA [52050040],Pluviométrica,Convencional,Activa,Nariño,Sandoná,1.3223,-77.4792,20,9/15/1963,,Cudayari,Pacifico,Patía,Río Guáitara,2019,05,Andes,Definitivo,2,2,0,3.02484607696533,3.02484607696533,19.6782054901123,1.23346412181854,0.565688192844391,3.93818187713623,4.62545442581177,5,5,0.789855062961578,0.967391312122345,1,1,55,1.03999996185303,2.07999992370605
10,2003-10-01,52050040,4,Definitivo,SANDONA [52050040],Pluviométrica,Convencional,Activa,Nariño,Sandoná,1.3223,-77.4792,20,9/15/1963,,Cudayari,Pacifico,Patía,Río Guáitara,2003,01,Andes,Definitivo,4,4,0,7.64100360870361,7.64100360870361,33.1152381896973,6.53611660003662,12.7746028900146,3.93818187713623,4.62545442581177,5,5,0.789855062961578,0.967391312122345,1,1,55,1.03999996185303,4.15999984741211
10,2007-10-03,52050040,,"",SANDONA [52050040],Pluviométrica,Convencional,Activa,Nariño,Sandoná,1.3223,-77.4792,20,9/15/1963,,Cudayari,Pacifico,Patía,Río Guáitara,2007,03,Andes,Preliminar,0,0,0,6.11875534057617,6.11875534057617,0,0.307411819696426,0.0445758663117886,3.93818187713623,4.62545442581177,5,5,0.789855062961578,0.967391312122345,1,1,55,1.03999996185303,0
10,2014-10-03,52050040,,"",SANDONA [52050040],Pluviométrica,Convencional,Activa,Nariño,Sandoná,1.3223,-77.4792,20,9/15/1963,,Cudayari,Pacifico,Patía,Río Guáitara,2014,03,Andes,Preliminar,0,0,0,2.13643860816956,2.13643860816956,0,0,0,3.93818187713623,4.62545442581177,5,5,0.789855062961578,0.967391312122345,1,1,55,1.03999996185303,0
10,2016-10-05,52050040,,"",SANDONA [52050040],Pluviométrica,Convencional,Activa,Nariño,Sandoná,1.3223,-77.4792,20,9/15/1963,,Cudayari,Pacifico,Patía,Río Guáitara,2016,05,Andes,Preliminar,0,0,0,2.05732798576355,2.05732798576355,28.9509620666504,1.39154934883118,15.8838815689087,3.93818187713623,4.62545442581177,5,5,0.789855062961578,0.967391312122345,1,1,55,1.03999996185303,0
10,2007-10-02,52050040,,"",SANDONA [52050040],Pluviométrica,Convencional,Activa,Nariño,Sandoná,1.3223,-77.4792,20,9/15/1963,,Cudayari,Pacifico,Patía,Río Guáitara,2007,02,Andes,Preliminar,0,0,0,0.446875303983688,0.446875303983688,0,0.56443190574646,0,3.93818187713623,4.62545442581177,5,5,0.789855062961578,0.967391312122345,1,1,55,1.03999996185303,0
10,2018-10-02,52050040,1,Definitivo,SANDONA [52050040],Pluviométrica,Convencional,Activa,Nariño,Sandoná,1.3223,-77.4792,20,9/15/1963,,Cudayari,Pacifico,Patía,Río Guáitara,2018,02,Andes,Definitivo,1,1,0,3.60368013381958,3.60368013381958,0,3.06090903282166,3.7755970954895,3.93818187713623,4.62545442581177,5,5,0.789855062961578,0.967391312122345,1,1,55,1.03999996185303,1.03999996185303
10,2016-10-03,52050040,,"",SANDONA [52050040],Pluviométrica,Convencional,Activa,Nariño,Sandoná,1.3223,-77.4792,20,9/15/1963,,Cudayari,Pacifico,Patía,Río Guáitara,2016,03,Andes,Preliminar,0,0,0,9.42914581298828,9.42914581298828,0,2.65875005722046,2.03481817245483,3.93818187713623,4.62545442581177,5,5,0.789855062961578,0.967391312122345,1,1,55,1.03999996185303,0
10,2001-10-01,52050040,,"",SANDONA [52050040],Pluviométrica,Convencional,Activa,Nariño,Sandoná,1.3223,-77.4792,20,9/15/1963,,Cudayari,Pacifico,Patía,Río Guáitara,2001,01,Andes,Preliminar,0,0,0,4.87611484527588,4.87611484527588,0,0,0,3.93818187713623,4.62545442581177,5,5,0.789855062961578,0.967391312122345,1,1,55,1.03999996185303,0
10,2014-10-06,52050040,5,Definitivo,SANDONA [52050040],Pluviométrica,Convencional,Activa,Nariño,Sandoná,1.3223,-77.4792,20,9/15/1963,,Cudayari,Pacifico,Patía,Río Guáitara,2014,06,Andes,Definitivo,5,5,0,0.519531667232513,0.519531667232513,0,8.59169864654541,0.700669646263123,3.93818187713623,4.62545442581177,5,5,0.789855062961578,0.967391312122345,1,1,56,1.03999996185303,5.19999980926514
10,2014-10-05,52050040,,"",SANDONA [52050040],Pluviométrica,Convencional,Activa,Nariño,Sandoná,1.3223,-77.4792,20,9/15/1963,,Cudayari,Pacifico,Patía,Río Guáitara,2014,05,Andes,Preliminar,0,0,0,2.8828284740448,2.8828284740448,0,0,0,3.93818187713623,4.62545442581177,5,5,0.789855062961578,0.967391312122345,1,1,55,1.03999996185303,0
10,2016-10-02,52050040,,"",SANDONA [52050040],Pluviométrica,Convencional,Activa,Nariño,Sandoná,1.3223,-77.4792,20,9/15/1963,,Cudayari,Pacifico,Patía,Río Guáitara,2016,02,Andes,Preliminar,0,0,0,6.22543907165527,6.22543907165527,0,9.0989351272583,5.71491718292236,3.93818187713623,4.62545442581177,5,5,0.789855062961578,0.967391312122345,1,1,55,1.03999996185303,0
10,2012-10-01,52050040,,"",SANDONA [52050040],Pluviométrica,Convencional,Activa,Nariño,Sandoná,1.3223,-77.4792,20,9/15/1963,,Cudayari,Pacifico,Patía,Río Guáitara,2012,01,Andes,Preliminar,0,0,0,6.95735502243042,6.95735502243042,0,0.963720440864563,2.23004388809204,3.93818187713623,4.62545442581177,5,5,0.789855062961578,0.967391312122345,1,1,55,1.03999996185303,0
10,2016-10-04,52050040,15,Definitivo,SANDONA [52050040],Pluviométrica,Convencional,Activa,Nariño,Sandoná,1.3223,-77.4792,20,9/15/1963,,Cudayari,Pacifico,Patía,Río Guáitara,2016,04,Andes,Definitivo,15,15,0,3.40880751609802,3.40880751609802,0,2.8578155040741,2.2039589881897,3.93818187713623,4.62545442581177,5,5,0.789855062961578,0.967391312122345,1,1,55,1.03999996185303,15.5999994277954
10,2011-10-06,52050040,0,Definitivo,SANDONA [52050040],Pluviométrica,Convencional,Activa,Nariño,Sandoná,1.3223,-77.4792,20,9/15/1963,,Cudayari,Pacifico,Patía,Río Guáitara,2011,06,Andes,Definitivo,0,0,0,17.9347133636475,17.9347133636475,54.2019767761231,10.965087890625,19.1352233886719,3.93818187713623,4.62545442581177,5,5,0.789855062961578,0.967391312122345,1,1,56,1.03999996185303,0
10,2005-10-01,52050040,12,Definitivo,SANDONA [52050040],Pluviométrica,Convencional,Activa,Nariño,Sandoná,1.3223,-77.4792,20,9/15/1963,,Cudayari,Pacifico,Patía,Río Guáitara,2005,01,Andes,Definitivo,12,12,0,7.044029712677,7.044029712677,0,1.4238965511322,2.17653942108154,3.93818187713623,4.62545442581177,5,5,0.789855062961578,0.967391312122345,1,1,55,1.03999996185303,12.4799995422363
10,2016-10-01,52050040,0,Definitivo,SANDONA [52050040],Pluviométrica,Convencional,Activa,Nariño,Sandoná,1.3223,-77.4792,20,9/15/1963,,Cudayari,Pacifico,Patía,Río Guáitara,2016,01,Andes,Definitivo,0,0,0,8.32491874694824,8.32491874694824,0,16.2758255004883,6.44529819488525,3.93818187713623,4.62545442581177,5,5,0.789855062961578,0.967391312122345,1,1,55,1.03999996185303,0
10,2014-10-02,52050040,,"",SANDONA [52050040],Pluviométrica,Convencional,Activa,Nariño,Sandoná,1.3223,-77.4792,20,9/15/1963,,Cudayari,Pacifico,Patía,Río Guáitara,2014,02,Andes,Preliminar,0,0,0,2.98153877258301,2.98153877258301,0,0,0,3.93818187713623,4.62545442581177,5,5,0.789855062961578,0.967391312122345,1,1,55,1.03999996185303,0
10,2014-10-01,52050040,,"",SANDONA [52050040],Pluviométrica,Convencional,Activa,Nariño,Sandoná,1.3223,-77.4792,20,9/15/1963,,Cudayari,Pacifico,Patía,Río Guáitara,2014,01,Andes,Preliminar,0,0,0,3.336829662323,3.336829662323,0,0,0,3.93818187713623,4.62545442581177,5,5,0.789855062961578,0.967391312122345,1,1,55,1.03999996185303,0
10,2017-10-04,52050040,10,Definitivo,SANDONA [52050040],Pluviométrica,Convencional,Activa,Nariño,Sandoná,1.3223,-77.4792,20,9/15/1963,,Cudayari,Pacifico,Patía,Río Guáitara,2017,04,Andes,Definitivo,10,10,0,6.10023307800293,6.10023307800293,27.934118270874,7.9098072052002,15.8465156555176,3.93818187713623,4.62545442581177,5,5,0.789855062961578,0.967391312122345,1,1,55,1.03999996185303,10.3999996185303
10,2015-10-03,52050040,,"",SANDONA [52050040],Pluviométrica,Convencional,Activa,Nariño,Sandoná,1.3223,-77.4792,20,9/15/1963,,Cudayari,Pacifico,Patía,Río Guáitara,2015,03,Andes,Preliminar,0,0,0,1.68571317195892,1.68571317195892,0,0.625167191028595,0,3.93818187713623,4.62545442581177,5,5,0.789855062961578,0.967391312122345,1,1,55,1.03999996185303,0
10,2005-10-02,52050040,15,Definitivo,SANDONA [52050040],Pluviométrica,Convencional,Activa,Nariño,Sandoná,1.3223,-77.4792,20,9/15/1963,,Cudayari,Pacifico,Patía,Río Guáitara,2005,02,Andes,Definitivo,15,15,0,1.27643477916718,1.27643477916718,0,2.0729444026947,7.7241358757019,3.93818187713623,4.62545442581177,5,5,0.789855062961578,0.967391312122345,1,1,55,1.03999996185303,15.5999994277954
10,2013-10-02,52050040,,"",SANDONA [52050040],Pluviométrica,Convencional,Activa,Nariño,Sandoná,1.3223,-77.4792,20,9/15/1963,,Cudayari,Pacifico,Patía,Río Guáitara,2013,02,Andes,Preliminar,0,0,0,19.8690528869629,19.8690528869629,7.25077533721924,4.04831457138062,5.57859706878662,3.93818187713623,4.62545442581177,5,5,0.789855062961578,0.967391312122345,1,1,55,1.03999996185303,0
10,2014-10-04,52050040,,"",SANDONA [52050040],Pluviométrica,Convencional,Activa,Nariño,Sandoná,1.3223,-77.4792,20,9/15/1963,,Cudayari,Pacifico,Patía,Río Guáitara,2014,04,Andes,Preliminar,0,0,0,2.60004663467407,2.60004663467407,0,0,0,3.93818187713623,4.62545442581177,5,5,0.789855062961578,0.967391312122345,1,1,55,1.03999996185303,0
10,2012-10-02,52050040,,"",SANDONA [52050040],Pluviométrica,Convencional,Activa,Nariño,Sandoná,1.3223,-77.4792,20,9/15/1963,,Cudayari,Pacifico,Patía,Río Guáitara,2012,02,Andes,Preliminar,0,0,0,5.98092222213745,5.98092222213745,0,2.42449617385864,4.6984715461731,3.93818187713623,4.62545442581177,5,5,0.789855062961578,0.967391312122345,1,1,55,1.03999996185303,0
10,2018-10-01,52050040,,"",SANDONA [52050040],Pluviométrica,Convencional,Activa,Nariño,Sandoná,1.3223,-77.4792,20,9/15/1963,,Cudayari,Pacifico,Patía,Río Guáitara,2018,01,Andes,Preliminar,0,0,0,6.57717418670654,6.57717418670654,4.53339576721191,2.73488473892212,0.156314522027969,3.93818187713623,4.62545442581177,5,5,0.789855062961578,0.967391312122345,1,1,55,1.03999996185303,0
10,2015-10-01,52050040,0,Definitivo,SANDONA [52050040],Pluviométrica,Convencional,Activa,Nariño,Sandoná,1.3223,-77.4792,20,9/15/1963,,Cudayari,Pacifico,Patía,Río Guáitara,2015,01,Andes,Definitivo,0,0,0,15.0266513824463,15.0266513824463,0,5.05812501907349,4.82424354553223,3.93818187713623,4.62545442581177,5,5,0.789855062961578,0.967391312122345,1,1,55,1.03999996185303,0
10,2010-10-01,52050040,11,Definitivo,SANDONA [52050040],Pluviométrica,Convencional,Activa,Nariño,Sandoná,1.3223,-77.4792,20,9/15/1963,,Cudayari,Pacifico,Patía,Río Guáitara,2010,01,Andes,Definitivo,11,11,0,12.9351511001587,12.9351511001587,8.86818599700928,7.16707611083984,6.8594708442688,3.93818187713623,4.62545442581177,5,5,0.789855062961578,0.967391312122345,1,1,55,1.03999996185303,11.4399995803833
10,2011-10-02,52050040,3,Definitivo,SANDONA [52050040],Pluviométrica,Convencional,Activa,Nariño,Sandoná,1.3223,-77.4792,20,9/15/1963,,Cudayari,Pacifico,Patía,Río Guáitara,2011,02,Andes,Definitivo,3,3,0,11.3638782501221,11.3638782501221,0,7.9008641242981,12.5999584197998,3.93818187713623,4.62545442581177,5,5,0.789855062961578,0.967391312122345,1,1,55,1.03999996185303,3.11999988555908
10,2015-10-02,52050040,,"",SANDONA [52050040],Pluviométrica,Convencional,Activa,Nariño,Sandoná,1.3223,-77.4792,20,9/15/1963,,Cudayari,Pacifico,Patía,Río Guáitara,2015,02,Andes,Preliminar,0,0,0,6.05669689178467,6.05669689178467,0,2.30360198020935,2.98938202857971,3.93818187713623,4.62545442581177,5,5,0.789855062961578,0.967391312122345,1,1,55,1.03999996185303,0
10,2008-10-02,52050040,22,Definitivo,SANDONA [52050040],Pluviométrica,Convencional,Activa,Nariño,Sandoná,1.3223,-77.4792,20,9/15/1963,,Cudayari,Pacifico,Patía,Río Guáitara,2008,02,Andes,Definitivo,22,22,0,3.97719311714172,3.97719311714172,11.748496055603,3.58010411262512,0.252165108919144,3.93818187713623,4.62545442581177,5,5,0.789855062961578,0.967391312122345,1,1,55,1.03999996185303,22.8799991607666
10,2013-10-03,52050040,15,Definitivo,SANDONA [52050040],Pluviométrica,Convencional,Activa,Nariño,Sandoná,1.3223,-77.4792,20,9/15/1963,,Cudayari,Pacifico,Patía,Río Guáitara,2013,03,Andes,Definitivo,15,15,0,8.83919048309326,8.83919048309326,7.25077533721924,4.69992589950562,2.34139204025269,3.93818187713623,4.62545442581177,5,5,0.789855062961578,0.967391312122345,1,1,55,1.03999996185303,15.5999994277954
10,2010-10-03,52050040,1,Definitivo,SANDONA [52050040],Pluviométrica,Convencional,Activa,Nariño,Sandoná,1.3223,-77.4792,20,9/15/1963,,Cudayari,Pacifico,Patía,Río Guáitara,2010,03,Andes,Definitivo,1,1,0,10.3701848983765,10.3701848983765,17.7363719940186,8.23351860046387,38.9900207519531,3.93818187713623,4.62545442581177,5,5,0.789855062961578,0.967391312122345,1,1,55,1.03999996185303,1.03999996185303
10,2005-10-03,52050040,7,Definitivo,SANDONA [52050040],Pluviométrica,Convencional,Activa,Nariño,Sandoná,1.3223,-77.4792,20,9/15/1963,,Cudayari,Pacifico,Patía,Río Guáitara,2005,03,Andes,Definitivo,7,7,0,0.236376836895943,0.236376836895943,0,2.76274585723877,2.20748543739319,3.93818187713623,4.62545442581177,5,5,0.789855062961578,0.967391312122345,1,1,55,1.03999996185303,7.27999973297119
10,2013-10-01,52050040,,"",SANDONA [52050040],Pluviométrica,Convencional,Activa,Nariño,Sandoná,1.3223,-77.4792,20,9/15/1963,,Cudayari,Pacifico,Patía,Río Guáitara,2013,01,Andes,Preliminar,0,0,0,7.31323766708374,7.31323766708374,0,2.28633117675781,4.46650552749634,3.93818187713623,4.62545442581177,5,5,0.789855062961578,0.967391312122345,1,1,55,1.03999996185303,0
10,2011-10-01,52050040,4,Definitivo,SANDONA [52050040],Pluviométrica,Convencional,Activa,Nariño,Sandoná,1.3223,-77.4792,20,9/15/1963,,Cudayari,Pacifico,Patía,Río Guáitara,2011,01,Andes,Definitivo,4,4,0,3.19617128372192,3.19617128372192,31.2012710571289,4.57121992111206,3.7298264503479,3.93818187713623,4.62545442581177,5,5,0.789855062961578,0.967391312122345,1,1,55,1.03999996185303,4.15999984741211
10,2010-10-02,52050040,13,Definitivo,SANDONA [52050040],Pluviométrica,Convencional,Activa,Nariño,Sandoná,1.3223,-77.4792,20,9/15/1963,,Cudayari,Pacifico,Patía,Río Guáitara,2010,02,Andes,Definitivo,13,13,0,18.2719326019287,18.2719326019287,0,7.35941505432129,0.659644901752472,3.93818187713623,4.62545442581177,5,5,0.789855062961578,0.967391312122345,1,1,55,1.03999996185303,13.5199995040894
10,2008-10-01,52050040,,"",SANDONA [52050040],Pluviométrica,Convencional,Activa,Nariño,Sandoná,1.3223,-77.4792,20,9/15/1963,,Cudayari,Pacifico,Patía,Río Guáitara,2008,01,Andes,Preliminar,0,0,0,2.13269782066345,2.13269782066345,10.279932975769,1.0144317150116,2.55384182929993,3.93818187713623,4.62545442581177,5,5,0.789855062961578,0.967391312122345,1,1,55,1.03999996185303,0
11,2016-11-30,52050040,,"",SANDONA [52050040],Pluviométrica,Convencional,Activa,Nariño,Sandoná,1.3223,-77.4792,20,9/15/1963,,Cudayari,Pacifico,Patía,Río Guáitara,2016,30,Andes,Preliminar,0,0,0,2.12404036521912,2.12404036521912,0,1.9504302740097,0.842755496501923,3.93818187713623,4.62545442581177,5,5,0.789855062961578,0.967391312122345,1,1,66,1.03999996185303,0
11,2014-11-30,52050040,,"",SANDONA [52050040],Pluviométrica,Convencional,Activa,Nariño,Sandoná,1.3223,-77.4792,20,9/15/1963,,Cudayari,Pacifico,Patía,Río Guáitara,2014,30,Andes,Preliminar,0,0,0,5.61618518829346,5.61618518829346,4.85291528701782,0.564257800579071,0,3.93818187713623,4.62545442581177,5,5,0.789855062961578,0.967391312122345,1,1,66,1.03999996185303,0
11,2014-11-28,52050040,,"",SANDONA [52050040],Pluviométrica,Convencional,Activa,Nariño,Sandoná,1.3223,-77.4792,20,9/15/1963,,Cudayari,Pacifico,Patía,Río Guáitara,2014,28,Andes,Preliminar,0,0,0,2.19473171234131,2.19473171234131,0,0.628508925437927,0,3.93818187713623,4.62545442581177,5,5,0.789855062961578,0.967391312122345,1,1,66,1.03999996185303,0
11,2009-11-30,52050040,4,Definitivo,SANDONA [52050040],Pluviométrica,Convencional,Activa,Nariño,Sandoná,1.3223,-77.4792,20,9/15/1963,,Cudayari,Pacifico,Patía,Río Guáitara,2009,30,Andes,Definitivo,4,4,0,14.2032880783081,14.2032880783081,62.5366516113281,16.1755790710449,24.778507232666,3.93818187713623,4.62545442581177,5,5,0.789855062961578,0.967391312122345,1,1,66,1.03999996185303,4.15999984741211
11,2019-11-29,52050040,1,Definitivo,SANDONA [52050040],Pluviométrica,Convencional,Activa,Nariño,Sandoná,1.3223,-77.4792,20,9/15/1963,,Cudayari,Pacifico,Patía,Río Guáitara,2019,29,Andes,Definitivo,1,1,0,6.91219997406006,6.91219997406006,0,2.17387318611145,0.74448436498642,3.93818187713623,4.62545442581177,5,5,0.789855062961578,0.967391312122345,1,1,66,1.03999996185303,1.03999996185303
11,2012-11-28,52050040,8,Definitivo,SANDONA [52050040],Pluviométrica,Convencional,Activa,Nariño,Sandoná,1.3223,-77.4792,20,9/15/1963,,Cudayari,Pacifico,Patía,Río Guáitara,2012,28,Andes,Definitivo,8,8,0,10.8009824752808,10.8009824752808,0,7.71255826950073,2.70274877548218,3.93818187713623,4.62545442581177,5,5,0.789855062961578,0.967391312122345,1,1,66,1.03999996185303,8.31999969482422
11,2013-11-29,52050040,,"",SANDONA [52050040],Pluviométrica,Convencional,Activa,Nariño,Sandoná,1.3223,-77.4792,20,9/15/1963,,Cudayari,Pacifico,Patía,Río Guáitara,2013,29,Andes,Preliminar,0,0,0,3.78973126411438,3.78973126411438,0,1.51046490669251,2.07087898254395,3.93818187713623,4.62545442581177,5,5,0.789855062961578,0.967391312122345,1,1,66,1.03999996185303,0
11,2014-11-29,52050040,,"",SANDONA [52050040],Pluviométrica,Convencional,Activa,Nariño,Sandoná,1.3223,-77.4792,20,9/15/1963,,Cudayari,Pacifico,Patía,Río Guáitara,2014,29,Andes,Preliminar,0,0,0,4.23384380340576,4.23384380340576,4.85291528701782,1.74992966651917,0.936047077178955,3.93818187713623,4.62545442581177,5,5,0.789855062961578,0.967391312122345,1,1,66,1.03999996185303,0
11,2010-11-27,52050040,10,Definitivo,SANDONA [52050040],Pluviométrica,Convencional,Activa,Nariño,Sandoná,1.3223,-77.4792,20,9/15/1963,,Cudayari,Pacifico,Patía,Río Guáitara,2010,27,Andes,Definitivo,10,10,0,4.06329727172852,4.06329727172852,0,8.78136348724365,0.697293221950531,3.93818187713623,4.62545442581177,5,5,0.789855062961578,0.967391312122345,1,1,66,1.03999996185303,10.3999996185303
11,2013-11-30,52050040,,"",SANDONA [52050040],Pluviométrica,Convencional,Activa,Nariño,Sandoná,1.3223,-77.4792,20,9/15/1963,,Cudayari,Pacifico,Patía,Río Guáitara,2013,30,Andes,Preliminar,0,0,0,4.97845315933228,4.97845315933228,0,0.216198652982712,0,3.93818187713623,4.62545442581177,5,5,0.789855062961578,0.967391312122345,1,1,66,1.03999996185303,0
11,2019-11-30,52050040,,"",SANDONA [52050040],Pluviométrica,Convencional,Activa,Nariño,Sandoná,1.3223,-77.4792,20,9/15/1963,,Cudayari,Pacifico,Patía,Río Guáitara,2019,30,Andes,Preliminar,0,0,0,6.93022346496582,6.93022346496582,0,1.51869356632233,2.10397744178772,3.93818187713623,4.62545442581177,5,5,0.789855062961578,0.967391312122345,1,1,66,1.03999996185303,0
11,2013-11-25,52050040,2,Definitivo,SANDONA [52050040],Pluviométrica,Convencional,Activa,Nariño,Sandoná,1.3223,-77.4792,20,9/15/1963,,Cudayari,Pacifico,Patía,Río Guáitara,2013,25,Andes,Definitivo,2,2,0,4.92391586303711,4.92391586303711,0,6.10434198379517,0.187207579612732,3.93818187713623,4.62545442581177,5,5,0.789855062961578,0.967391312122345,1,1,65,1.03999996185303,2.07999992370605
11,2011-11-29,52050040,,"",SANDONA [52050040],Pluviométrica,Convencional,Activa,Nariño,Sandoná,1.3223,-77.4792,20,9/15/1963,,Cudayari,Pacifico,Patía,Río Guáitara,2011,29,Andes,Preliminar,0,0,0,8.07197856903076,8.07197856903076,0,5.9931058883667,1.71728909015656,3.93818187713623,4.62545442581177,5,5,0.789855062961578,0.967391312122345,1,1,66,1.03999996185303,0
11,2012-11-29,52050040,7,Definitivo,SANDONA [52050040],Pluviométrica,Convencional,Activa,Nariño,Sandoná,1.3223,-77.4792,20,9/15/1963,,Cudayari,Pacifico,Patía,Río Guáitara,2012,29,Andes,Definitivo,7,7,0,6.23481512069702,6.23481512069702,0,14.0982704162598,21.4355945587158,3.93818187713623,4.62545442581177,5,5,0.789855062961578,0.967391312122345,1,1,66,1.03999996185303,7.27999973297119
11,2008-11-27,52050040,,"",SANDONA [52050040],Pluviométrica,Convencional,Activa,Nariño,Sandoná,1.3223,-77.4792,20,9/15/1963,,Cudayari,Pacifico,Patía,Río Guáitara,2008,27,Andes,Preliminar,0,0,0,0.632251918315888,0.632251918315888,28.7203102111816,3.58815789222717,1.56464993953705,3.93818187713623,4.62545442581177,5,5,0.789855062961578,0.967391312122345,1,1,66,1.03999996185303,0
11,2011-11-30,52050040,,"",SANDONA [52050040],Pluviométrica,Convencional,Activa,Nariño,Sandoná,1.3223,-77.4792,20,9/15/1963,,Cudayari,Pacifico,Patía,Río Guáitara,2011,30,Andes,Preliminar,0,0,0,6.44665861129761,6.44665861129761,0,9.06751346588135,0.0861722007393837,3.93818187713623,4.62545442581177,5,5,0.789855062961578,0.967391312122345,1,1,66,1.03999996185303,0
11,2017-11-29,52050040,,"",SANDONA [52050040],Pluviométrica,Convencional,Activa,Nariño,Sandoná,1.3223,-77.4792,20,9/15/1963,,Cudayari,Pacifico,Patía,Río Guáitara,2017,29,Andes,Preliminar,0,0,0,2.71476697921753,2.71476697921753,0,0.502734959125519,0,3.93818187713623,4.62545442581177,5,5,0.789855062961578,0.967391312122345,1,1,66,1.03999996185303,0
11,2009-11-29,52050040,5,Definitivo,SANDONA [52050040],Pluviométrica,Convencional,Activa,Nariño,Sandoná,1.3223,-77.4792,20,9/15/1963,,Cudayari,Pacifico,Patía,Río Guáitara,2009,29,Andes,Definitivo,5,5,0,7.72649335861206,7.72649335861206,0,16.1299858093262,21.1431694030762,3.93818187713623,4.62545442581177,5,5,0.789855062961578,0.967391312122345,1,1,66,1.03999996185303,5.19999980926514
11,2009-11-28,52050040,11,Definitivo,SANDONA [52050040],Pluviométrica,Convencional,Activa,Nariño,Sandoná,1.3223,-77.4792,20,9/15/1963,,Cudayari,Pacifico,Patía,Río Guáitara,2009,28,Andes,Definitivo,11,11,0,7.7625412940979,7.7625412940979,0,3.13938593864441,8.60329437255859,3.93818187713623,4.62545442581177,5,5,0.789855062961578,0.967391312122345,1,1,66,1.03999996185303,11.4399995803833
11,2013-11-28,52050040,10,Definitivo,SANDONA [52050040],Pluviométrica,Convencional,Activa,Nariño,Sandoná,1.3223,-77.4792,20,9/15/1963,,Cudayari,Pacifico,Patía,Río Guáitara,2013,28,Andes,Definitivo,10,10,0,1.6843090057373,1.6843090057373,0,0.2404695302248,0,3.93818187713623,4.62545442581177,5,5,0.789855062961578,0.967391312122345,1,1,66,1.03999996185303,10.3999996185303
11,2010-11-30,52050040,,"",SANDONA [52050040],Pluviométrica,Convencional,Activa,Nariño,Sandoná,1.3223,-77.4792,20,9/15/1963,,Cudayari,Pacifico,Patía,Río Guáitara,2010,30,Andes,Preliminar,0,0,0,6.11526250839233,6.11526250839233,0,6.46059417724609,11.9314641952515,3.93818187713623,4.62545442581177,5,5,0.789855062961578,0.967391312122345,1,1,66,1.03999996185303,0
11,2008-11-30,52050040,,"",SANDONA [52050040],Pluviométrica,Convencional,Activa,Nariño,Sandoná,1.3223,-77.4792,20,9/15/1963,,Cudayari,Pacifico,Patía,Río Guáitara,2008,30,Andes,Preliminar,0,0,0,2.09433436393738,2.09433436393738,0,4.36061477661133,0.118913404643536,3.93818187713623,4.62545442581177,5,5,0.789855062961578,0.967391312122345,1,1,66,1.03999996185303,0
11,2022-11-28,52050040,38,En revisión,SANDONA [52050040],Pluviométrica,Convencional,Activa,Nariño,Sandoná,1.3223,-77.4792,20,9/15/1963,,Cudayari,Pacifico,Patía,Río Guáitara,2022,28,Andes,En revisión,38,38,0,15.5654296875,15.5654296875,38.0414161682129,8.74677467346191,7.73195886611939,3.93818187713623,4.62545442581177,5,5,0.789855062961578,0.967391312122345,1,1,66,1.03999996185303,39.519998550415
11,2017-11-28,52050040,,"",SANDONA [52050040],Pluviométrica,Convencional,Activa,Nariño,Sandoná,1.3223,-77.4792,20,9/15/1963,,Cudayari,Pacifico,Patía,Río Guáitara,2017,28,Andes,Preliminar,0,0,0,3.52097392082214,3.52097392082214,0,0.708856761455536,2.83676958084106,3.93818187713623,4.62545442581177,5,5,0.789855062961578,0.967391312122345,1,1,66,1.03999996185303,0
11,2013-11-26,52050040,,"",SANDONA [52050040],Pluviométrica,Convencional,Activa,Nariño,Sandoná,1.3223,-77.4792,20,9/15/1963,,Cudayari,Pacifico,Patía,Río Guáitara,2013,26,Andes,Preliminar,0,0,0,4.23737764358521,4.23737764358521,0,0.341342747211456,0.365449190139771,3.93818187713623,4.62545442581177,5,5,0.789855062961578,0.967391312122345,1,1,66,1.03999996185303,0
11,2012-11-30,52050040,8,Definitivo,SANDONA [52050040],Pluviométrica,Convencional,Activa,Nariño,Sandoná,1.3223,-77.4792,20,9/15/1963,,Cudayari,Pacifico,Patía,Río Guáitara,2012,30,Andes,Definitivo,8,8,0,14.8855676651001,14.8855676651001,28.2427463531494,6.77117443084717,10.4622526168823,3.93818187713623,4.62545442581177,5,5,0.789855062961578,0.967391312122345,1,1,66,1.03999996185303,8.31999969482422
11,2023-11-28,52050040,,"",SANDONA [52050040],Pluviométrica,Convencional,Activa,Nariño,Sandoná,1.3223,-77.4792,20,9/15/1963,,Cudayari,Pacifico,Patía,Río Guáitara,2023,28,Andes,Preliminar,0,0,0,6.18043899536133,6.18043899536133,0,2.52140116691589,0,3.93818187713623,4.62545442581177,5,5,0.789855062961578,0.967391312122345,1,1,66,1.03999996185303,0
11,2008-11-26,52050040,6,Definitivo,SANDONA [52050040],Pluviométrica,Convencional,Activa,Nariño,Sandoná,1.3223,-77.4792,20,9/15/1963,,Cudayari,Pacifico,Patía,Río Guáitara,2008,26,Andes,Definitivo,6,6,0,15.5296878814697,15.5296878814697,0,4.15482091903687,17.223669052124,3.93818187713623,4.62545442581177,5,5,0.789855062961578,0.967391312122345,1,1,66,1.03999996185303,6.23999977111816
11,2010-11-26,52050040,6,Definitivo,SANDONA [52050040],Pluviométrica,Convencional,Activa,Nariño,Sandoná,1.3223,-77.4792,20,9/15/1963,,Cudayari,Pacifico,Patía,Río Guáitara,2010,26,Andes,Definitivo,6,6,0,14.4856538772583,14.4856538772583,50.8860816955566,5.47516345977783,3.56394267082214,3.93818187713623,4.62545442581177,5,5,0.789855062961578,0.967391312122345,1,1,66,1.03999996185303,6.23999977111816
11,2021-11-30,52050040,16,En revisión,SANDONA [52050040],Pluviométrica,Convencional,Activa,Nariño,Sandoná,1.3223,-77.4792,20,9/15/1963,,Cudayari,Pacifico,Patía,Río Guáitara,2021,30,Andes,En revisión,16,16,0,6.56949329376221,6.56949329376221,0,8.01434326171875,8.43368625640869,3.93818187713623,4.62545442581177,5,5,0.789855062961578,0.967391312122345,1,1,66,1.03999996185303,16.6399993896484
11,2011-11-26,52050040,,"",SANDONA [52050040],Pluviométrica,Convencional,Activa,Nariño,Sandoná,1.3223,-77.4792,20,9/15/1963,,Cudayari,Pacifico,Patía,Río Guáitara,2011,26,Andes,Preliminar,0,0,0,7.52405261993408,7.52405261993408,0,4.06285905838013,5.96127033233643,3.93818187713623,4.62545442581177,5,5,0.789855062961578,0.967391312122345,1,1,66,1.03999996185303,0
11,2023-11-25,52050040,14,En revisión,SANDONA [52050040],Pluviométrica,Convencional,Activa,Nariño,Sandoná,1.3223,-77.4792,20,9/15/1963,,Cudayari,Pacifico,Patía,Río Guáitara,2023,25,Andes,En revisión,14,14,0,14.0578804016113,14.0578804016113,0,16.8690395355225,16.5470008850098,3.93818187713623,4.62545442581177,5,5,0.789855062961578,0.967391312122345,1,1,65,1.03999996185303,14.5599994659424
11,2017-11-30,52050040,4,Definitivo,SANDONA [52050040],Pluviométrica,Convencional,Activa,Nariño,Sandoná,1.3223,-77.4792,20,9/15/1963,,Cudayari,Pacifico,Patía,Río Guáitara,2017,30,Andes,Definitivo,4,4,0,5.43918800354004,5.43918800354004,0,3.1875467300415,3.56702780723572,3.93818187713623,4.62545442581177,5,5,0.789855062961578,0.967391312122345,1,1,66,1.03999996185303,4.15999984741211
11,2006-11-27,52050040,,"",SANDONA [52050040],Pluviométrica,Convencional,Activa,Nariño,Sandoná,1.3223,-77.4792,20,9/15/1963,,Cudayari,Pacifico,Patía,Río Guáitara,2006,27,Andes,Preliminar,8,8,0,10.8502540588379,10.8502540588379,0,7.9889087677002,2.83807706832886,3.93818187713623,4.62545442581177,5,5,0.789855062961578,0.967391312122345,1,1,66,1.03999996185303,8.31999969482422
11,2010-11-29,52050040,,"",SANDONA [52050040],Pluviométrica,Convencional,Activa,Nariño,Sandoná,1.3223,-77.4792,20,9/15/1963,,Cudayari,Pacifico,Patía,Río Guáitara,2010,29,Andes,Preliminar,0,0,0,2.24497151374817,2.24497151374817,0,2.83537006378174,1.03819215297699,3.93818187713623,4.62545442581177,5,5,0.789855062961578,0.967391312122345,1,1,66,1.03999996185303,0
11,2015-11-29,52050040,,"",SANDONA [52050040],Pluviométrica,Convencional,Activa,Nariño,Sandoná,1.3223,-77.4792,20,9/15/1963,,Cudayari,Pacifico,Patía,Río Guáitara,2015,29,Andes,Preliminar,0,0,0,3.73804354667664,3.73804354667664,0,1.23632633686066,0.00670854141935706,3.93818187713623,4.62545442581177,5,5,0.789855062961578,0.967391312122345,1,1,66,1.03999996185303,0
11,2006-11-30,52050040,,"",SANDONA [52050040],Pluviométrica,Convencional,Activa,Nariño,Sandoná,1.3223,-77.4792,20,9/15/1963,,Cudayari,Pacifico,Patía,Río Guáitara,2006,30,Andes,Preliminar,0,0,0,1.69073557853699,1.69073557853699,0,2.02787899971008,0.26488721370697,3.93818187713623,4.62545442581177,5,5,0.789855062961578,0.967391312122345,1,1,66,1.03999996185303,0
11,2007-11-28,52050040,1,Definitivo,SANDONA [52050040],Pluviométrica,Convencional,Activa,Nariño,Sandoná,1.3223,-77.4792,20,9/15/1963,,Cudayari,Pacifico,Patía,Río Guáitara,2007,28,Andes,Definitivo,1,1,0,8.30919361114502,8.30919361114502,0,1.90524125099182,0.245360314846039,3.93818187713623,4.62545442581177,5,5,0.789855062961578,0.967391312122345,1,1,66,1.03999996185303,1.03999996185303
11,2006-11-26,52050040,5,Definitivo,SANDONA [52050040],Pluviométrica,Convencional,Activa,Nariño,Sandoná,1.3223,-77.4792,20,9/15/1963,,Cudayari,Pacifico,Patía,Río Guáitara,2006,26,Andes,Definitivo,5,5,0,12.2455205917358,12.2455205917358,10.8859663009644,9.68394470214844,11.671856880188,3.93818187713623,4.62545442581177,5,5,0.789855062961578,0.967391312122345,1,1,66,1.03999996185303,5.19999980926514
11,2008-11-29,52050040,,"",SANDONA [52050040],Pluviométrica,Convencional,Activa,Nariño,Sandoná,1.3223,-77.4792,20,9/15/1963,,Cudayari,Pacifico,Patía,Río Guáitara,2008,29,Andes,Preliminar,0,0,0,5.21607828140259,5.21607828140259,0,4.7032675743103,0,3.93818187713623,4.62545442581177,5,5,0.789855062961578,0.967391312122345,1,1,66,1.03999996185303,0
11,2013-11-27,52050040,,"",SANDONA [52050040],Pluviométrica,Convencional,Activa,Nariño,Sandoná,1.3223,-77.4792,20,9/15/1963,,Cudayari,Pacifico,Patía,Río Guáitara,2013,27,Andes,Preliminar,0,0,0,3.05316209793091,3.05316209793091,0,0.127852320671082,0,3.93818187713623,4.62545442581177,5,5,0.789855062961578,0.967391312122345,1,1,66,1.03999996185303,0
11,2016-11-25,52050040,28,Definitivo,SANDONA [52050040],Pluviométrica,Convencional,Activa,Nariño,Sandoná,1.3223,-77.4792,20,9/15/1963,,Cudayari,Pacifico,Patía,Río Guáitara,2016,25,Andes,Definitivo,28,28,0,12.2615146636963,12.2615146636963,0,4.49755811691284,5.43154001235962,3.93818187713623,4.62545442581177,5,5,0.789855062961578,0.967391312122345,1,1,65,1.03999996185303,29.1199989318848
11,2022-11-29,52050040,,"",SANDONA [52050040],Pluviométrica,Convencional,Activa,Nariño,Sandoná,1.3223,-77.4792,20,9/15/1963,,Cudayari,Pacifico,Patía,Río Guáitara,2022,29,Andes,Preliminar,0,0,0,7.88502597808838,7.88502597808838,0,7.98948240280151,23.906005859375,3.93818187713623,4.62545442581177,5,5,0.789855062961578,0.967391312122345,1,1,66,1.03999996185303,0
11,2007-11-24,52050040,40,Definitivo,SANDONA [52050040],Pluviométrica,Convencional,Activa,Nariño,Sandoná,1.3223,-77.4792,20,9/15/1963,,Cudayari,Pacifico,Patía,Río Guáitara,2007,24,Andes,Definitivo,40,40,0,8.35515403747559,8.35515403747559,51.8108177185059,8.55578327178955,5.49177074432373,3.93818187713623,4.62545442581177,5,5,0.789855062961578,0.967391312122345,1,1,65,1.03999996185303,41.5999984741211
11,2023-11-29,52050040,2,En revisión,SANDONA [52050040],Pluviométrica,Convencional,Activa,Nariño,Sandoná,1.3223,-77.4792,20,9/15/1963,,Cudayari,Pacifico,Patía,Río Guáitara,2023,29,Andes,En revisión,2,2,0,7.4292049407959,7.4292049407959,0,2.9838330745697,2.14020586013794,3.93818187713623,4.62545442581177,5,5,0.789855062961578,0.967391312122345,1,1,66,1.03999996185303,2.07999992370605
11,2023-11-27,52050040,,"",SANDONA [52050040],Pluviométrica,Convencional,Activa,Nariño,Sandoná,1.3223,-77.4792,20,9/15/1963,,Cudayari,Pacifico,Patía,Río Guáitara,2023,27,Andes,Preliminar,0,0,0,4.76445198059082,4.76445198059082,6.54830646514893,0.596839129924774,1.04282593727112,3.93818187713623,4.62545442581177,5,5,0.789855062961578,0.967391312122345,1,1,66,1.03999996185303,0
11,2021-11-27,52050040,,"",SANDONA [52050040],Pluviométrica,Convencional,Activa,Nariño,Sandoná,1.3223,-77.4792,20,9/15/1963,,Cudayari,Pacifico,Patía,Río Guáitara,2021,27,Andes,Preliminar,0,0,0,3.10252165794373,3.10252165794373,0,5.46083498001099,1.52424693107605,3.93818187713623,4.62545442581177,5,5,0.789855062961578,0.967391312122345,1,1,66,1.03999996185303,0
11,2018-11-30,52050040,5,Definitivo,SANDONA [52050040],Pluviométrica,Convencional,Activa,Nariño,Sandoná,1.3223,-77.4792,20,9/15/1963,,Cudayari,Pacifico,Patía,Río Guáitara,2018,30,Andes,Definitivo,5,5,0,19.7908229827881,19.7908229827881,0,16.52268409729,20.8360824584961,3.93818187713623,4.62545442581177,5,5,0.789855062961578,0.967391312122345,1,1,66,1.03999996185303,5.19999980926514
11,2007-11-23,52050040,,"",SANDONA [52050040],Pluviométrica,Convencional,Activa,Nariño,Sandoná,1.3223,-77.4792,20,9/15/1963,,Cudayari,Pacifico,Patía,Río Guáitara,2007,23,Andes,Preliminar,4,4,0,10.2090320587158,10.2090320587158,0,4.2598671913147,18.6239566802979,3.93818187713623,4.62545442581177,5,5,0.789855062961578,0.967391312122345,1,1,65,1.03999996185303,4.15999984741211
11,2009-11-25,52050040,1,Definitivo,SANDONA [52050040],Pluviométrica,Convencional,Activa,Nariño,Sandoná,1.3223,-77.4792,20,9/15/1963,,Cudayari,Pacifico,Patía,Río Guáitara,2009,25,Andes,Definitivo,1,1,0,12.131854057312,12.131854057312,0,0,0,3.93818187713623,4.62545442581177,5,5,0.789855062961578,0.967391312122345,1,1,65,1.03999996185303,1.03999996185303
11,2011-11-27,52050040,10,Definitivo,SANDONA [52050040],Pluviométrica,Convencional,Activa,Nariño,Sandoná,1.3223,-77.4792,20,9/15/1963,,Cudayari,Pacifico,Patía,Río Guáitara,2011,27,Andes,Definitivo,10,10,0,5.58560466766357,5.58560466766357,5.00927019119263,3.92612028121948,9.21427154541016,3.93818187713623,4.62545442581177,5,5,0.789855062961578,0.967391312122345,1,1,66,1.03999996185303,10.3999996185303
11,2008-11-25,52050040,1,Definitivo,SANDONA [52050040],Pluviométrica,Convencional,Activa,Nariño,Sandoná,1.3223,-77.4792,20,9/15/1963,,Cudayari,Pacifico,Patía,Río Guáitara,2008,25,Andes,Definitivo,1,1,0,8.228684425354,8.228684425354,0,0,0,3.93818187713623,4.62545442581177,5,5,0.789855062961578,0.967391312122345,1,1,65,1.03999996185303,1.03999996185303
11,2022-11-30,52050040,3,En revisión,SANDONA [52050040],Pluviométrica,Convencional,Activa,Nariño,Sandoná,1.3223,-77.4792,20,9/15/1963,,Cudayari,Pacifico,Patía,Río Guáitara,2022,30,Andes,En revisión,3,3,0,0.959325850009918,0.959325850009918,0,2.82610034942627,0,3.93818187713623,4.62545442581177,5,5,0.789855062961578,0.967391312122345,1,1,66,1.03999996185303,3.11999988555908
11,2008-11-28,52050040,,"",SANDONA [52050040],Pluviométrica,Convencional,Activa,Nariño,Sandoná,1.3223,-77.4792,20,9/15/1963,,Cudayari,Pacifico,Patía,Río Guáitara,2008,28,Andes,Preliminar,0,0,0,0.237094447016716,0.237094447016716,0,2.10037136077881,0,3.93818187713623,4.62545442581177,5,5,0.789855062961578,0.967391312122345,1,1,66,1.03999996185303,0
11,2006-11-29,52050040,9,Definitivo,SANDONA [52050040],Pluviométrica,Convencional,Activa,Nariño,Sandoná,1.3223,-77.4792,20,9/15/1963,,Cudayari,Pacifico,Patía,Río Guáitara,2006,29,Andes,Definitivo,9,9,0,9.27442359924316,9.27442359924316,32.657901763916,8.67261600494385,28.288272857666,3.93818187713623,4.62545442581177,5,5,0.789855062961578,0.967391312122345,1,1,66,1.03999996185303,9.35999965667725
11,2015-11-30,52050040,,"",SANDONA [52050040],Pluviométrica,Convencional,Activa,Nariño,Sandoná,1.3223,-77.4792,20,9/15/1963,,Cudayari,Pacifico,Patía,Río Guáitara,2015,30,Andes,Preliminar,0,0,0,4.35512399673462,4.35512399673462,0,0.347657680511475,0,3.93818187713623,4.62545442581177,5,5,0.789855062961578,0.967391312122345,1,1,66,1.03999996185303,0
11,2010-11-28,52050040,11,Definitivo,SANDONA [52050040],Pluviométrica,Convencional,Activa,Nariño,Sandoná,1.3223,-77.4792,20,9/15/1963,,Cudayari,Pacifico,Patía,Río Guáitara,2010,28,Andes,Definitivo,11,11,0,17.8378772735596,17.8378772735596,0,8.91038417816162,15.2319860458374,3.93818187713623,4.62545442581177,5,5,0.789855062961578,0.967391312122345,1,1,66,1.03999996185303,11.4399995803833
11,2021-11-22,52050040,36,En revisión,SANDONA [52050040],Pluviométrica,Convencional,Activa,Nariño,Sandoná,1.3223,-77.4792,20,9/15/1963,,Cudayari,Pacifico,Patía,Río Guáitara,2021,22,Andes,En revisión,36,36,0,17.856595993042,17.856595993042,0,11.8118648529053,1.21600735187531,3.93818187713623,4.62545442581177,5,5,0.789855062961578,0.967391312122345,1,1,65,1.03999996185303,37.439998626709
11,2008-11-20,52050040,,"",SANDONA [52050040],Pluviométrica,Convencional,Activa,Nariño,Sandoná,1.3223,-77.4792,20,9/15/1963,,Cudayari,Pacifico,Patía,Río Guáitara,2008,20,Andes,Preliminar,0,0,0,1.19426310062408,1.19426310062408,0,1.69198787212372,0.548407018184662,3.93818187713623,4.62545442581177,5,5,0.789855062961578,0.967391312122345,1,1,64,1.03999996185303,0
11,2007-11-27,52050040,2,Definitivo,SANDONA [52050040],Pluviométrica,Convencional,Activa,Nariño,Sandoná,1.3223,-77.4792,20,9/15/1963,,Cudayari,Pacifico,Patía,Río Guáitara,2007,27,Andes,Definitivo,2,2,0,1.66613852977753,1.66613852977753,0,0.796937763690949,0.120763279497623,3.93818187713623,4.62545442581177,5,5,0.789855062961578,0.967391312122345,1,1,66,1.03999996185303,2.07999992370605
11,2023-11-22,52050040,,"",SANDONA [52050040],Pluviométrica,Convencional,Activa,Nariño,Sandoná,1.3223,-77.4792,20,9/15/1963,,Cudayari,Pacifico,Patía,Río Guáitara,2023,22,Andes,Preliminar,0,0,0,15.9347076416016,15.9347076416016,0,3.89475464820862,0.789476633071899,3.93818187713623,4.62545442581177,5,5,0.789855062961578,0.967391312122345,1,1,65,1.03999996185303,0
11,2020-11-28,52050040,,"",SANDONA [52050040],Pluviométrica,Convencional,Activa,Nariño,Sandoná,1.3223,-77.4792,20,9/15/1963,,Cudayari,Pacifico,Patía,Río Guáitara,2020,28,Andes,Preliminar,0,0,0,6.25918626785278,6.25918626785278,0,7.51418685913086,31.6872539520264,3.93818187713623,4.62545442581177,5,5,0.789855062961578,0.967391312122345,1,1,66,1.03999996185303,0
11,2020-11-29,52050040,,"",SANDONA [52050040],Pluviométrica,Convencional,Activa,Nariño,Sandoná,1.3223,-77.4792,20,9/15/1963,,Cudayari,Pacifico,Patía,Río Guáitara,2020,29,Andes,Preliminar,0,0,0,9.51523590087891,9.51523590087891,0,2.68541741371155,0.301112234592438,3.93818187713623,4.62545442581177,5,5,0.789855062961578,0.967391312122345,1,1,66,1.03999996185303,0
11,2007-11-25,52050040,10,Definitivo,SANDONA [52050040],Pluviométrica,Convencional,Activa,Nariño,Sandoná,1.3223,-77.4792,20,9/15/1963,,Cudayari,Pacifico,Patía,Río Guáitara,2007,25,Andes,Definitivo,10,10,0,13.1422252655029,13.1422252655029,0,16.516996383667,14.4609546661377,3.93818187713623,4.62545442581177,5,5,0.789855062961578,0.967391312122345,1,1,65,1.03999996185303,10.3999996185303
11,2011-11-28,52050040,,"",SANDONA [52050040],Pluviométrica,Convencional,Activa,Nariño,Sandoná,1.3223,-77.4792,20,9/15/1963,,Cudayari,Pacifico,Patía,Río Guáitara,2011,28,Andes,Preliminar,0,0,0,15.4914083480835,15.4914083480835,20.0370807647705,1.51563656330109,7.58623123168945,3.93818187713623,4.62545442581177,5,5,0.789855062961578,0.967391312122345,1,1,66,1.03999996185303,0
11,2017-11-25,52050040,,"",SANDONA [52050040],Pluviométrica,Convencional,Activa,Nariño,Sandoná,1.3223,-77.4792,20,9/15/1963,,Cudayari,Pacifico,Patía,Río Guáitara,2017,25,Andes,Preliminar,0,0,0,2.19840455055237,2.19840455055237,0,0,0,3.93818187713623,4.62545442581177,5,5,0.789855062961578,0.967391312122345,1,1,65,1.03999996185303,0
11,2019-11-27,52050040,0,Definitivo,SANDONA [52050040],Pluviométrica,Convencional,Activa,Nariño,Sandoná,1.3223,-77.4792,20,9/15/1963,,Cudayari,Pacifico,Patía,Río Guáitara,2019,27,Andes,Definitivo,0,0,0,1.35707032680511,1.35707032680511,0,0.262415707111359,2.46003556251526,3.93818187713623,4.62545442581177,5,5,0.789855062961578,0.967391312122345,1,1,66,1.03999996185303,0
11,2021-11-28,52050040,10,En revisión,SANDONA [52050040],Pluviométrica,Convencional,Activa,Nariño,Sandoná,1.3223,-77.4792,20,9/15/1963,,Cudayari,Pacifico,Patía,Río Guáitara,2021,28,Andes,En revisión,10,10,0,2.21793246269226,2.21793246269226,0,3.98149991035461,2.32231974601746,3.93818187713623,4.62545442581177,5,5,0.789855062961578,0.967391312122345,1,1,66,1.03999996185303,10.3999996185303
11,2021-11-29,52050040,11,En revisión,SANDONA [52050040],Pluviométrica,Convencional,Activa,Nariño,Sandoná,1.3223,-77.4792,20,9/15/1963,,Cudayari,Pacifico,Patía,Río Guáitara,2021,29,Andes,En revisión,11,11,0,5.76866960525513,5.76866960525513,36.3264541625977,9.22876262664795,12.3665332794189,3.93818187713623,4.62545442581177,5,5,0.789855062961578,0.967391312122345,1,1,66,1.03999996185303,11.4399995803833
11,2005-11-27,52050040,,"",SANDONA [52050040],Pluviométrica,Convencional,Activa,Nariño,Sandoná,1.3223,-77.4792,20,9/15/1963,,Cudayari,Pacifico,Patía,Río Guáitara,2005,27,Andes,Preliminar,0,0,0,3.179034948349,3.179034948349,0,0.603879988193512,1.10213804244995,3.93818187713623,4.62545442581177,5,5,0.789855062961578,0.967391312122345,1,1,66,1.03999996185303,0
11,2006-11-25,52050040,12,Definitivo,SANDONA [52050040],Pluviométrica,Convencional,Activa,Nariño,Sandoná,1.3223,-77.4792,20,9/15/1963,,Cudayari,Pacifico,Patía,Río Guáitara,2006,25,Andes,Definitivo,12,12,0,7.03137683868408,7.03137683868408,0,4.25459861755371,0.167437478899956,3.93818187713623,4.62545442581177,5,5,0.789855062961578,0.967391312122345,1,1,65,1.03999996185303,12.4799995422363
11,2021-11-19,52050040,6,En revisión,SANDONA [52050040],Pluviométrica,Convencional,Activa,Nariño,Sandoná,1.3223,-77.4792,20,9/15/1963,,Cudayari,Pacifico,Patía,Río Guáitara,2021,19,Andes,En revisión,6,6,0,2.81434774398804,2.81434774398804,0,16.3042430877686,7.91717338562012,3.93818187713623,4.62545442581177,5,5,0.789855062961578,0.967391312122345,1,1,64,1.03999996185303,6.23999977111816
11,2023-11-17,52050040,1,En revisión,SANDONA [52050040],Pluviométrica,Convencional,Activa,Nariño,Sandoná,1.3223,-77.4792,20,9/15/1963,,Cudayari,Pacifico,Patía,Río Guáitara,2023,17,Andes,En revisión,1,1,0,1.49205565452576,1.49205565452576,0,4.91248941421509,0,3.93818187713623,4.62545442581177,5,5,0.789855062961578,0.967391312122345,1,1,64,1.03999996185303,1.03999996185303
11,2009-11-26,52050040,,"",SANDONA [52050040],Pluviométrica,Convencional,Activa,Nariño,Sandoná,1.3223,-77.4792,20,9/15/1963,,Cudayari,Pacifico,Patía,Río Guáitara,2009,26,Andes,Preliminar,0,0,0,7.7625412940979,7.7625412940979,0,1.61573278903961,0.362512707710266,3.93818187713623,4.62545442581177,5,5,0.789855062961578,0.967391312122345,1,1,66,1.03999996185303,0
11,2016-11-26,52050040,,"",SANDONA [52050040],Pluviométrica,Convencional,Activa,Nariño,Sandoná,1.3223,-77.4792,20,9/15/1963,,Cudayari,Pacifico,Patía,Río Guáitara,2016,26,Andes,Preliminar,0,0,0,6.11194038391113,6.11194038391113,40.0456886291504,5.38320159912109,15.8864679336548,3.93818187713623,4.62545442581177,5,5,0.789855062961578,0.967391312122345,1,1,66,1.03999996185303,0
11,2018-11-28,52050040,,"",SANDONA [52050040],Pluviométrica,Convencional,Activa,Nariño,Sandoná,1.3223,-77.4792,20,9/15/1963,,Cudayari,Pacifico,Patía,Río Guáitara,2018,28,Andes,Preliminar,0,0,0,2.64548492431641,2.64548492431641,14.0173091888428,2.81301808357239,6.38548040390015,3.93818187713623,4.62545442581177,5,5,0.789855062961578,0.967391312122345,1,1,66,1.03999996185303,0
11,2023-11-30,52050040,,"",SANDONA [52050040],Pluviométrica,Convencional,Activa,Nariño,Sandoná,1.3223,-77.4792,20,9/15/1963,,Cudayari,Pacifico,Patía,Río Guáitara,2023,30,Andes,Preliminar,0,0,0,6.77359390258789,6.77359390258789,0,1.92622232437134,0.0692419558763504,3.93818187713623,4.62545442581177,5,5,0.789855062961578,0.967391312122345,1,1,66,1.03999996185303,0
11,2016-11-29,52050040,1,Definitivo,SANDONA [52050040],Pluviométrica,Convencional,Activa,Nariño,Sandoná,1.3223,-77.4792,20,9/15/1963,,Cudayari,Pacifico,Patía,Río Guáitara,2016,29,Andes,Definitivo,1,1,0,4.11766052246094,4.11766052246094,0,4.37921190261841,0.923184394836426,3.93818187713623,4.62545442581177,5,5,0.789855062961578,0.967391312122345,1,1,66,1.03999996185303,1.03999996185303
11,2007-11-30,52050040,7,Definitivo,SANDONA [52050040],Pluviométrica,Convencional,Activa,Nariño,Sandoná,1.3223,-77.4792,20,9/15/1963,,Cudayari,Pacifico,Patía,Río Guáitara,2007,30,Andes,Definitivo,7,7,0,1.66613852977753,1.66613852977753,0,2.17273139953613,6.73399019241333,3.93818187713623,4.62545442581177,5,5,0.789855062961578,0.967391312122345,1,1,66,1.03999996185303,7.27999973297119
11,2005-11-30,52050040,1,Definitivo,SANDONA [52050040],Pluviométrica,Convencional,Activa,Nariño,Sandoná,1.3223,-77.4792,20,9/15/1963,,Cudayari,Pacifico,Patía,Río Guáitara,2005,30,Andes,Definitivo,1,1,0,7.44938039779663,7.44938039779663,0,2.53487777709961,0,3.93818187713623,4.62545442581177,5,5,0.789855062961578,0.967391312122345,1,1,66,1.03999996185303,1.03999996185303
11,2006-11-28,52050040,57,Definitivo,SANDONA [52050040],Pluviométrica,Convencional,Activa,Nariño,Sandoná,1.3223,-77.4792,20,9/15/1963,,Cudayari,Pacifico,Patía,Río Guáitara,2006,28,Andes,Definitivo,57,57,0,16.7432079315186,16.7432079315186,0,14.7317867279053,0.0420455858111382,3.93818187713623,4.62545442581177,5,5,0.789855062961578,0.967391312122345,1,1,66,1.03999996185303,59.2799978256226
11,2007-11-26,52050040,,"",SANDONA [52050040],Pluviométrica,Convencional,Activa,Nariño,Sandoná,1.3223,-77.4792,20,9/15/1963,,Cudayari,Pacifico,Patía,Río Guáitara,2007,26,Andes,Preliminar,0,0,0,3.74074959754944,3.74074959754944,0,0.319857597351074,0.00575063237920404,3.93818187713623,4.62545442581177,5,5,0.789855062961578,0.967391312122345,1,1,66,1.03999996185303,0
11,2023-11-26,52050040,,"",SANDONA [52050040],Pluviométrica,Convencional,Activa,Nariño,Sandoná,1.3223,-77.4792,20,9/15/1963,,Cudayari,Pacifico,Patía,Río Guáitara,2023,26,Andes,Preliminar,0,0,0,8.25626182556152,8.25626182556152,6.54830646514893,1.25642192363739,6.03244304656982,3.93818187713623,4.62545442581177,5,5,0.789855062961578,0.967391312122345,1,1,66,1.03999996185303,0
11,2023-11-24,52050040,18,En revisión,SANDONA [52050040],Pluviométrica,Convencional,Activa,Nariño,Sandoná,1.3223,-77.4792,20,9/15/1963,,Cudayari,Pacifico,Patía,Río Guáitara,2023,24,Andes,En revisión,18,18,0,9.45137691497803,9.45137691497803,10.8448934555054,12.2664709091187,5.92107343673706,3.93818187713623,4.62545442581177,5,5,0.789855062961578,0.967391312122345,1,1,65,1.03999996185303,18.7199993133545
11,2008-11-19,52050040,3,Definitivo,SANDONA [52050040],Pluviométrica,Convencional,Activa,Nariño,Sandoná,1.3223,-77.4792,20,9/15/1963,,Cudayari,Pacifico,Patía,Río Guáitara,2008,19,Andes,Definitivo,3,3,0,1.00318109989166,1.00318109989166,0,5.45517873764038,1.38693904876709,3.93818187713623,4.62545442581177,5,5,0.789855062961578,0.967391312122345,1,1,64,1.03999996185303,3.11999988555908
11,2009-11-17,52050040,0,Definitivo,SANDONA [52050040],Pluviométrica,Convencional,Activa,Nariño,Sandoná,1.3223,-77.4792,20,9/15/1963,,Cudayari,Pacifico,Patía,Río Guáitara,2009,17,Andes,Definitivo,0,0,0,11.1426448822021,11.1426448822021,0,3.89441585540772,11.1164016723633,3.93818187713623,4.62545442581177,5,5,0.789855062961578,0.967391312122345,1,1,64,1.03999996185303,0
11,2008-11-21,52050040,7,Definitivo,SANDONA [52050040],Pluviométrica,Convencional,Activa,Nariño,Sandoná,1.3223,-77.4792,20,9/15/1963,,Cudayari,Pacifico,Patía,Río Guáitara,2008,21,Andes,Definitivo,7,7,0,3.07912063598633,3.07912063598633,0,0,0,3.93818187713623,4.62545442581177,5,5,0.789855062961578,0.967391312122345,1,1,65,1.03999996185303,7.27999973297119
11,2009-11-27,52050040,12,Definitivo,SANDONA [52050040],Pluviométrica,Convencional,Activa,Nariño,Sandoná,1.3223,-77.4792,20,9/15/1963,,Cudayari,Pacifico,Patía,Río Guáitara,2009,27,Andes,Definitivo,12,12,0,9.07231903076172,9.07231903076172,0,17.8574352264404,0.030634880065918,3.93818187713623,4.62545442581177,5,5,0.789855062961578,0.967391312122345,1,1,66,1.03999996185303,12.4799995422363
11,2014-11-26,52050040,,"",SANDONA [52050040],Pluviométrica,Convencional,Activa,Nariño,Sandoná,1.3223,-77.4792,20,9/15/1963,,Cudayari,Pacifico,Patía,Río Guáitara,2014,26,Andes,Preliminar,0,0,0,10.8257913589478,10.8257913589478,0,2.95601058006287,3.50150990486145,3.93818187713623,4.62545442581177,5,5,0.789855062961578,0.967391312122345,1,1,66,1.03999996185303,0
11,2018-11-29,52050040,25,Definitivo,SANDONA [52050040],Pluviométrica,Convencional,Activa,Nariño,Sandoná,1.3223,-77.4792,20,9/15/1963,,Cudayari,Pacifico,Patía,Río Guáitara,2018,29,Andes,Definitivo,25,25,0,8.03414821624756,8.03414821624756,28.0346183776856,1.93794763088226,16.4291591644287,3.93818187713623,4.62545442581177,5,5,0.789855062961578,0.967391312122345,1,1,66,1.03999996185303,25.9999990463257
11,2016-11-28,52050040,3,Definitivo,SANDONA [52050040],Pluviométrica,Convencional,Activa,Nariño,Sandoná,1.3223,-77.4792,20,9/15/1963,,Cudayari,Pacifico,Patía,Río Guáitara,2016,28,Andes,Definitivo,3,3,0,7.285231590271,7.285231590271,0,4.6353349685669,0.38815712928772,3.93818187713623,4.62545442581177,5,5,0.789855062961578,0.967391312122345,1,1,66,1.03999996185303,3.11999988555908
11,2012-11-26,52050040,,"",SANDONA [52050040],Pluviométrica,Convencional,Activa,Nariño,Sandoná,1.3223,-77.4792,20,9/15/1963,,Cudayari,Pacifico,Patía,Río Guáitara,2012,26,Andes,Preliminar,0,0,0,6.69767045974731,6.69767045974731,0,5.42382097244263,0.751598656177521,3.93818187713623,4.62545442581177,5,5,0.789855062961578,0.967391312122345,1,1,66,1.03999996185303,0
11,2012-11-27,52050040,4,Definitivo,SANDONA [52050040],Pluviométrica,Convencional,Activa,Nariño,Sandoná,1.3223,-77.4792,20,9/15/1963,,Cudayari,Pacifico,Patía,Río Guáitara,2012,27,Andes,Definitivo,4,4,0,6.54994535446167,6.54994535446167,28.2427463531494,4.35576963424683,3.00940036773682,3.93818187713623,4.62545442581177,5,5,0.789855062961578,0.967391312122345,1,1,66,1.03999996185303,4.15999984741211
11,2017-11-26,52050040,6,Definitivo,SANDONA [52050040],Pluviométrica,Convencional,Activa,Nariño,Sandoná,1.3223,-77.4792,20,9/15/1963,,Cudayari,Pacifico,Patía,Río Guáitara,2017,26,Andes,Definitivo,6,6,0,3.51400351524353,3.51400351524353,0,1.0925030708313,0.486838310956955,3.93818187713623,4.62545442581177,5,5,0.789855062961578,0.967391312122345,1,1,66,1.03999996185303,6.23999977111816
11,2019-11-28,52050040,4,Definitivo,SANDONA [52050040],Pluviométrica,Convencional,Activa,Nariño,Sandoná,1.3223,-77.4792,20,9/15/1963,,Cudayari,Pacifico,Patía,Río Guáitara,2019,28,Andes,Definitivo,4,4,0,1.37665700912476,1.37665700912476,0,1.27283895015717,0.0647377744317055,3.93818187713623,4.62545442581177,5,5,0.789855062961578,0.967391312122345,1,1,66,1.03999996185303,4.15999984741211
11,2005-11-26,52050040,,"",SANDONA [52050040],Pluviométrica,Convencional,Activa,Nariño,Sandoná,1.3223,-77.4792,20,9/15/1963,,Cudayari,Pacifico,Patía,Río Guáitara,2005,26,Andes,Preliminar,0,0,0,2.84689688682556,2.84689688682556,0,0.135458514094353,1.56349813938141,3.93818187713623,4.62545442581177,5,5,0.789855062961578,0.967391312122345,1,1,66,1.03999996185303,0
11,2006-11-24,52050040,,"",SANDONA [52050040],Pluviométrica,Convencional,Activa,Nariño,Sandoná,1.3223,-77.4792,20,9/15/1963,,Cudayari,Pacifico,Patía,Río Guáitara,2006,24,Andes,Preliminar,0,0,0,6.47718048095703,6.47718048095703,0,3.4906313419342,1.69829440116882,3.93818187713623,4.62545442581177,5,5,0.789855062961578,0.967391312122345,1,1,65,1.03999996185303,0
11,2023-11-21,52050040,,"",SANDONA [52050040],Pluviométrica,Convencional,Activa,Nariño,Sandoná,1.3223,-77.4792,20,9/15/1963,,Cudayari,Pacifico,Patía,Río Guáitara,2023,21,Andes,Preliminar,0,0,0,26.9437313079834,26.9437313079834,43.3795738220215,10.7097244262695,27.418306350708,3.93818187713623,4.62545442581177,5,5,0.789855062961578,0.967391312122345,1,1,65,1.03999996185303,0
11,2023-11-19,52050040,0,En revisión,SANDONA [52050040],Pluviométrica,Convencional,Activa,Nariño,Sandoná,1.3223,-77.4792,20,9/15/1963,,Cudayari,Pacifico,Patía,Río Guáitara,2023,19,Andes,En revisión,0,0,0,5.32326698303223,5.32326698303223,0,2.76052737236023,0.819241881370544,3.93818187713623,4.62545442581177,5,5,0.789855062961578,0.967391312122345,1,1,64,1.03999996185303,0
11,2023-11-16,52050040,,"",SANDONA [52050040],Pluviométrica,Convencional,Activa,Nariño,Sandoná,1.3223,-77.4792,20,9/15/1963,,Cudayari,Pacifico,Patía,Río Guáitara,2023,16,Andes,Preliminar,0,0,0,2.08880066871643,2.08880066871643,0,2.16141271591187,2.03640127182007,3.93818187713623,4.62545442581177,5,5,0.789855062961578,0.967391312122345,1,1,64,1.03999996185303,0
11,2010-11-23,52050040,5,Definitivo,SANDONA [52050040],Pluviométrica,Convencional,Activa,Nariño,Sandoná,1.3223,-77.4792,20,9/15/1963,,Cudayari,Pacifico,Patía,Río Guáitara,2010,23,Andes,Definitivo,5,5,0,6.15695953369141,6.15695953369141,0,3.81442546844482,3.41342306137085,3.93818187713623,4.62545442581177,5,5,0.789855062961578,0.967391312122345,1,1,65,1.03999996185303,5.19999980926514
11,2010-11-24,52050040,9,Definitivo,SANDONA [52050040],Pluviométrica,Convencional,Activa,Nariño,Sandoná,1.3223,-77.4792,20,9/15/1963,,Cudayari,Pacifico,Patía,Río Guáitara,2010,24,Andes,Definitivo,9,9,0,6.72511577606201,6.72511577606201,0,2.05845379829407,7.0630693435669,3.93818187713623,4.62545442581177,5,5,0.789855062961578,0.967391312122345,1,1,65,1.03999996185303,9.35999965667725
11,2016-11-27,52050040,2,Definitivo,SANDONA [52050040],Pluviométrica,Convencional,Activa,Nariño,Sandoná,1.3223,-77.4792,20,9/15/1963,,Cudayari,Pacifico,Patía,Río Guáitara,2016,27,Andes,Definitivo,2,2,0,7.2396993637085,7.2396993637085,0,2.47569155693054,0.783308029174805,3.93818187713623,4.62545442581177,5,5,0.789855062961578,0.967391312122345,1,1,66,1.03999996185303,2.07999992370605
11,2020-11-30,52050040,1,En revisión,SANDONA [52050040],Pluviométrica,Convencional,Activa,Nariño,Sandoná,1.3223,-77.4792,20,9/15/1963,,Cudayari,Pacifico,Patía,Río Guáitara,2020,30,Andes,En revisión,1,1,0,7.78744506835938,7.78744506835938,0,2.6451952457428,0.281892269849777,3.93818187713623,4.62545442581177,5,5,0.789855062961578,0.967391312122345,1,1,66,1.03999996185303,1.03999996185303
11,2022-11-11,52050040,,"",SANDONA [52050040],Pluviométrica,Convencional,Activa,Nariño,Sandoná,1.3223,-77.4792,20,9/15/1963,,Cudayari,Pacifico,Patía,Río Guáitara,2022,11,Andes,Preliminar,0,0,0,3.80525159835815,3.80525159835815,19.2448883056641,3.1190333366394,1.44884479045868,3.93818187713623,4.62545442581177,5,5,0.789855062961578,0.967391312122345,1,1,63,1.03999996185303,0
11,2005-11-29,52050040,,"",SANDONA [52050040],Pluviométrica,Convencional,Activa,Nariño,Sandoná,1.3223,-77.4792,20,9/15/1963,,Cudayari,Pacifico,Patía,Río Guáitara,2005,29,Andes,Preliminar,0,0,0,0.47448280453682,0.47448280453682,0,3.01241230964661,5.33127212524414,3.93818187713623,4.62545442581177,5,5,0.789855062961578,0.967391312122345,1,1,66,1.03999996185303,0
11,2003-11-30,52050040,0,Definitivo,SANDONA [52050040],Pluviométrica,Convencional,Activa,Nariño,Sandoná,1.3223,-77.4792,20,9/15/1963,,Cudayari,Pacifico,Patía,Río Guáitara,2003,30,Andes,Definitivo,0,0,0,10.9244890213013,10.9244890213013,0,8.63736820220947,4.94805335998535,3.93818187713623,4.62545442581177,5,5,0.789855062961578,0.967391312122345,1,1,66,1.03999996185303,0
11,2004-11-27,52050040,8,Definitivo,SANDONA [52050040],Pluviométrica,Convencional,Activa,Nariño,Sandoná,1.3223,-77.4792,20,9/15/1963,,Cudayari,Pacifico,Patía,Río Guáitara,2004,27,Andes,Definitivo,8,8,0,19.60524559021,19.60524559021,0,0.705126702785492,0.0407801531255245,3.93818187713623,4.62545442581177,5,5,0.789855062961578,0.967391312122345,1,1,66,1.03999996185303,8.31999969482422
11,2022-11-26,52050040,,"",SANDONA [52050040],Pluviométrica,Convencional,Activa,Nariño,Sandoná,1.3223,-77.4792,20,9/15/1963,,Cudayari,Pacifico,Patía,Río Guáitara,2022,26,Andes,Preliminar,0,0,0,3.27214670181274,3.27214670181274,0,8.11106014251709,0,3.93818187713623,4.62545442581177,5,5,0.789855062961578,0.967391312122345,1,1,66,1.03999996185303,0
11,2022-11-27,52050040,0,En revisión,SANDONA [52050040],Pluviométrica,Convencional,Activa,Nariño,Sandoná,1.3223,-77.4792,20,9/15/1963,,Cudayari,Pacifico,Patía,Río Guáitara,2022,27,Andes,En revisión,0,0,0,4.41695833206177,4.41695833206177,0,4.06882858276367,0.10428461432457,3.93818187713623,4.62545442581177,5,5,0.789855062961578,0.967391312122345,1,1,66,1.03999996185303,0
11,2007-11-22,52050040,6,Definitivo,SANDONA [52050040],Pluviométrica,Convencional,Activa,Nariño,Sandoná,1.3223,-77.4792,20,9/15/1963,,Cudayari,Pacifico,Patía,Río Guáitara,2007,22,Andes,Definitivo,6,6,0,5.90447854995728,5.90447854995728,0,6.61887931823731,2.92258334159851,3.93818187713623,4.62545442581177,5,5,0.789855062961578,0.967391312122345,1,1,65,1.03999996185303,6.23999977111816
11,2009-11-16,52050040,2,Definitivo,SANDONA [52050040],Pluviométrica,Convencional,Activa,Nariño,Sandoná,1.3223,-77.4792,20,9/15/1963,,Cudayari,Pacifico,Patía,Río Guáitara,2009,16,Andes,Definitivo,2,2,0,4.99240255355835,4.99240255355835,0,0.989536046981812,5.45353698730469,3.93818187713623,4.62545442581177,5,5,0.789855062961578,0.967391312122345,1,1,64,1.03999996185303,2.07999992370605
11,2010-11-14,52050040,35,Definitivo,SANDONA [52050040],Pluviométrica,Convencional,Activa,Nariño,Sandoná,1.3223,-77.4792,20,9/15/1963,,Cudayari,Pacifico,Patía,Río Guáitara,2010,14,Andes,Definitivo,35,35,0,9.06822490692139,9.06822490692139,0,18.7981662750244,6.92253494262695,3.93818187713623,4.62545442581177,5,5,0.789855062961578,0.967391312122345,1,1,63,1.03999996185303,36.399998664856
11,2023-11-14,52050040,20,En revisión,SANDONA [52050040],Pluviométrica,Convencional,Activa,Nariño,Sandoná,1.3223,-77.4792,20,9/15/1963,,Cudayari,Pacifico,Patía,Río Guáitara,2023,14,Andes,En revisión,20,20,0,4.23131990432739,4.23131990432739,0,5.59262228012085,3.61444544792175,3.93818187713623,4.62545442581177,5,5,0.789855062961578,0.967391312122345,1,1,63,1.03999996185303,20.7999992370605
11,2023-11-11,52050040,1,En revisión,SANDONA [52050040],Pluviométrica,Convencional,Activa,Nariño,Sandoná,1.3223,-77.4792,20,9/15/1963,,Cudayari,Pacifico,Patía,Río Guáitara,2023,11,Andes,En revisión,1,1,0,5.41828918457031,5.41828918457031,0,2.03247117996216,0.930782556533813,3.93818187713623,4.62545442581177,5,5,0.789855062961578,0.967391312122345,1,1,63,1.03999996185303,1.03999996185303
11,2012-11-25,52050040,5,Definitivo,SANDONA [52050040],Pluviométrica,Convencional,Activa,Nariño,Sandoná,1.3223,-77.4792,20,9/15/1963,,Cudayari,Pacifico,Patía,Río Guáitara,2012,25,Andes,Definitivo,5,5,0,3.79418635368347,3.79418635368347,0,0,0,3.93818187713623,4.62545442581177,5,5,0.789855062961578,0.967391312122345,1,1,65,1.03999996185303,5.19999980926514
11,2019-11-26,52050040,,"",SANDONA [52050040],Pluviométrica,Convencional,Activa,Nariño,Sandoná,1.3223,-77.4792,20,9/15/1963,,Cudayari,Pacifico,Patía,Río Guáitara,2019,26,Andes,Preliminar,0,0,0,1.16688203811646,1.16688203811646,0,0.33962693810463,0.194213315844536,3.93818187713623,4.62545442581177,5,5,0.789855062961578,0.967391312122345,1,1,66,1.03999996185303,0
11,2007-11-29,52050040,11,Definitivo,SANDONA [52050040],Pluviométrica,Convencional,Activa,Nariño,Sandoná,1.3223,-77.4792,20,9/15/1963,,Cudayari,Pacifico,Patía,Río Guáitara,2007,29,Andes,Definitivo,11,11,0,7.41700315475464,7.41700315475464,0,1.99735605716705,0.0862594768404961,3.93818187713623,4.62545442581177,5,5,0.789855062961578,0.967391312122345,1,1,66,1.03999996185303,11.4399995803833
11,2013-11-23,52050040,5,Definitivo,SANDONA [52050040],Pluviométrica,Convencional,Activa,Nariño,Sandoná,1.3223,-77.4792,20,9/15/1963,,Cudayari,Pacifico,Patía,Río Guáitara,2013,23,Andes,Definitivo,5,5,0,3.53757166862488,3.53757166862488,0,5.86344146728516,1.68486821651459,3.93818187713623,4.62545442581177,5,5,0.789855062961578,0.967391312122345,1,1,65,1.03999996185303,5.19999980926514
11,2013-11-24,52050040,4,Definitivo,SANDONA [52050040],Pluviométrica,Convencional,Activa,Nariño,Sandoná,1.3223,-77.4792,20,9/15/1963,,Cudayari,Pacifico,Patía,Río Guáitara,2013,24,Andes,Definitivo,4,4,0,5.5720853805542,5.5720853805542,0,11.3448009490967,4.50383377075195,3.93818187713623,4.62545442581177,5,5,0.789855062961578,0.967391312122345,1,1,65,1.03999996185303,4.15999984741211
11,2015-11-26,52050040,2,Definitivo,SANDONA [52050040],Pluviométrica,Convencional,Activa,Nariño,Sandoná,1.3223,-77.4792,20,9/15/1963,,Cudayari,Pacifico,Patía,Río Guáitara,2015,26,Andes,Definitivo,2,2,0,3.91812372207642,3.91812372207642,0,0.123806037008762,0.107336662709713,3.93818187713623,4.62545442581177,5,5,0.789855062961578,0.967391312122345,1,1,66,1.03999996185303,2.07999992370605
11,2005-11-25,52050040,,"",SANDONA [52050040],Pluviométrica,Convencional,Activa,Nariño,Sandoná,1.3223,-77.4792,20,9/15/1963,,Cudayari,Pacifico,Patía,Río Guáitara,2005,25,Andes,Preliminar,0,0,0,2.60575771331787,2.60575771331787,0,0.157040894031525,0.169267177581787,3.93818187713623,4.62545442581177,5,5,0.789855062961578,0.967391312122345,1,1,65,1.03999996185303,0
11,2006-11-23,52050040,0,Definitivo,SANDONA [52050040],Pluviométrica,Convencional,Activa,Nariño,Sandoná,1.3223,-77.4792,20,9/15/1963,,Cudayari,Pacifico,Patía,Río Guáitara,2006,23,Andes,Definitivo,0,0,0,10.0563697814941,10.0563697814941,0,1.84712219238281,0,3.93818187713623,4.62545442581177,5,5,0.789855062961578,0.967391312122345,1,1,65,1.03999996185303,0
11,2022-11-25,52050040,,"",SANDONA [52050040],Pluviométrica,Convencional,Activa,Nariño,Sandoná,1.3223,-77.4792,20,9/15/1963,,Cudayari,Pacifico,Patía,Río Guáitara,2022,25,Andes,Preliminar,0,0,0,4.13040256500244,4.13040256500244,0,3.63531255722046,0,3.93818187713623,4.62545442581177,5,5,0.789855062961578,0.967391312122345,1,1,65,1.03999996185303,0
11,2021-11-24,52050040,11,En revisión,SANDONA [52050040],Pluviométrica,Convencional,Activa,Nariño,Sandoná,1.3223,-77.4792,20,9/15/1963,,Cudayari,Pacifico,Patía,Río Guáitara,2021,24,Andes,En revisión,11,11,0,10.8597707748413,10.8597707748413,0,8.70866012573242,29.9571723937988,3.93818187713623,4.62545442581177,5,5,0.789855062961578,0.967391312122345,1,1,65,1.03999996185303,11.4399995803833
11,2021-11-21,52050040,4,En revisión,SANDONA [52050040],Pluviométrica,Convencional,Activa,Nariño,Sandoná,1.3223,-77.4792,20,9/15/1963,,Cudayari,Pacifico,Patía,Río Guáitara,2021,21,Andes,En revisión,4,4,0,3.31048226356506,3.31048226356506,0,13.3439855575562,0.307392150163651,3.93818187713623,4.62545442581177,5,5,0.789855062961578,0.967391312122345,1,1,65,1.03999996185303,4.15999984741211
11,2009-11-18,52050040,,"",SANDONA [52050040],Pluviométrica,Convencional,Activa,Nariño,Sandoná,1.3223,-77.4792,20,9/15/1963,,Cudayari,Pacifico,Patía,Río Guáitara,2009,18,Andes,Preliminar,0,0,0,9.76070594787598,9.76070594787598,23.1183319091797,9.55704307556152,0.616965711116791,3.93818187713623,4.62545442581177,5,5,0.789855062961578,0.967391312122345,1,1,64,1.03999996185303,0
11,2008-11-22,52050040,1,Definitivo,SANDONA [52050040],Pluviométrica,Convencional,Activa,Nariño,Sandoná,1.3223,-77.4792,20,9/15/1963,,Cudayari,Pacifico,Patía,Río Guáitara,2008,22,Andes,Definitivo,1,1,0,8.51536083221436,8.51536083221436,0,0,0,3.93818187713623,4.62545442581177,5,5,0.789855062961578,0.967391312122345,1,1,65,1.03999996185303,1.03999996185303
11,2023-11-10,52050040,,"",SANDONA [52050040],Pluviométrica,Convencional,Activa,Nariño,Sandoná,1.3223,-77.4792,20,9/15/1963,,Cudayari,Pacifico,Patía,Río Guáitara,2023,10,Andes,Preliminar,0,0,0,4.98888635635376,4.98888635635376,0,0,0,3.93818187713623,4.62545442581177,5,5,0.789855062961578,0.967391312122345,1,1,62,1.03999996185303,0
11,2014-11-27,52050040,,"",SANDONA [52050040],Pluviométrica,Convencional,Activa,Nariño,Sandoná,1.3223,-77.4792,20,9/15/1963,,Cudayari,Pacifico,Patía,Río Guáitara,2014,27,Andes,Preliminar,0,0,0,6.61817502975464,6.61817502975464,0,2.14436483383179,3.60551524162293,3.93818187713623,4.62545442581177,5,5,0.789855062961578,0.967391312122345,1,1,66,1.03999996185303,0
11,2008-11-24,52050040,18,Definitivo,SANDONA [52050040],Pluviométrica,Convencional,Activa,Nariño,Sandoná,1.3223,-77.4792,20,9/15/1963,,Cudayari,Pacifico,Patía,Río Guáitara,2008,24,Andes,Definitivo,18,18,0,11.0423641204834,11.0423641204834,0,0,0,3.93818187713623,4.62545442581177,5,5,0.789855062961578,0.967391312122345,1,1,65,1.03999996185303,18.7199993133545
11,2021-11-12,52050040,4,En revisión,SANDONA [52050040],Pluviométrica,Convencional,Activa,Nariño,Sandoná,1.3223,-77.4792,20,9/15/1963,,Cudayari,Pacifico,Patía,Río Guáitara,2021,12,Andes,En revisión,4,4,0,5.88981246948242,5.88981246948242,0,2.85768914222717,16.2870254516602,3.93818187713623,4.62545442581177,5,5,0.789855062961578,0.967391312122345,1,1,63,1.03999996185303,4.15999984741211
11,2023-11-09,52050040,,"",SANDONA [52050040],Pluviométrica,Convencional,Activa,Nariño,Sandoná,1.3223,-77.4792,20,9/15/1963,,Cudayari,Pacifico,Patía,Río Guáitara,2023,09,Andes,Preliminar,0,0,0,1.79311788082123,1.79311788082123,0,0,0,3.93818187713623,4.62545442581177,5,5,0.789855062961578,0.967391312122345,1,1,62,1.03999996185303,0
11,2023-11-08,52050040,,"",SANDONA [52050040],Pluviométrica,Convencional,Activa,Nariño,Sandoná,1.3223,-77.4792,20,9/15/1963,,Cudayari,Pacifico,Patía,Río Guáitara,2023,08,Andes,Preliminar,0,0,0,4.18827772140503,4.18827772140503,0,0,0,3.93818187713623,4.62545442581177,5,5,0.789855062961578,0.967391312122345,1,1,62,1.03999996185303,0
11,2017-11-27,52050040,,"",SANDONA [52050040],Pluviométrica,Convencional,Activa,Nariño,Sandoná,1.3223,-77.4792,20,9/15/1963,,Cudayari,Pacifico,Patía,Río Guáitara,2017,27,Andes,Preliminar,0,0,0,2.55410051345825,2.55410051345825,0,1.4645299911499,0.0655359402298927,3.93818187713623,4.62545442581177,5,5,0.789855062961578,0.967391312122345,1,1,66,1.03999996185303,0
11,2020-11-25,52050040,6,En revisión,SANDONA [52050040],Pluviométrica,Convencional,Activa,Nariño,Sandoná,1.3223,-77.4792,20,9/15/1963,,Cudayari,Pacifico,Patía,Río Guáitara,2020,25,Andes,En revisión,6,6,0,5.05710649490356,5.05710649490356,0,4.73022127151489,0.69054526090622,3.93818187713623,4.62545442581177,5,5,0.789855062961578,0.967391312122345,1,1,65,1.03999996185303,6.23999977111816
11,2007-11-21,52050040,1,Definitivo,SANDONA [52050040],Pluviométrica,Convencional,Activa,Nariño,Sandoná,1.3223,-77.4792,20,9/15/1963,,Cudayari,Pacifico,Patía,Río Guáitara,2007,21,Andes,Definitivo,1,1,0,4.54581260681152,4.54581260681152,0,5.84812498092651,0.300386428833008,3.93818187713623,4.62545442581177,5,5,0.789855062961578,0.967391312122345,1,1,65,1.03999996185303,1.03999996185303
11,2008-11-18,52050040,,"",SANDONA [52050040],Pluviométrica,Convencional,Activa,Nariño,Sandoná,1.3223,-77.4792,20,9/15/1963,,Cudayari,Pacifico,Patía,Río Guáitara,2008,18,Andes,Preliminar,0,0,0,8.35984230041504,8.35984230041504,33.5547561645508,1.82096529006958,18.5396938323975,3.93818187713623,4.62545442581177,5,5,0.789855062961578,0.967391312122345,1,1,64,1.03999996185303,0
11,2010-11-13,52050040,7,Definitivo,SANDONA [52050040],Pluviométrica,Convencional,Activa,Nariño,Sandoná,1.3223,-77.4792,20,9/15/1963,,Cudayari,Pacifico,Patía,Río Guáitara,2010,13,Andes,Definitivo,7,7,0,16.7349967956543,16.7349967956543,0,14.1973667144775,46.1824073791504,3.93818187713623,4.62545442581177,5,5,0.789855062961578,0.967391312122345,1,1,63,1.03999996185303,7.27999973297119
11,2023-11-18,52050040,18,En revisión,SANDONA [52050040],Pluviométrica,Convencional,Activa,Nariño,Sandoná,1.3223,-77.4792,20,9/15/1963,,Cudayari,Pacifico,Patía,Río Guáitara,2023,18,Andes,En revisión,18,18,0,6.2817120552063,6.2817120552063,0,2.90956044197083,6.57734060287476,3.93818187713623,4.62545442581177,5,5,0.789855062961578,0.967391312122345,1,1,64,1.03999996185303,18.7199993133545
11,2021-11-16,52050040,5,En revisión,SANDONA [52050040],Pluviométrica,Convencional,Activa,Nariño,Sandoná,1.3223,-77.4792,20,9/15/1963,,Cudayari,Pacifico,Patía,Río Guáitara,2021,16,Andes,En revisión,5,5,0,6.71725702285767,6.71725702285767,0,5.36761808395386,23.4226589202881,3.93818187713623,4.62545442581177,5,5,0.789855062961578,0.967391312122345,1,1,64,1.03999996185303,5.19999980926514
11,2008-11-23,52050040,27,Definitivo,SANDONA [52050040],Pluviométrica,Convencional,Activa,Nariño,Sandoná,1.3223,-77.4792,20,9/15/1963,,Cudayari,Pacifico,Patía,Río Guáitara,2008,23,Andes,Definitivo,27,27,0,8.58968448638916,8.58968448638916,0,0,0,3.93818187713623,4.62545442581177,5,5,0.789855062961578,0.967391312122345,1,1,65,1.03999996185303,28.0799989700317
11,2010-11-25,52050040,20,Definitivo,SANDONA [52050040],Pluviométrica,Convencional,Activa,Nariño,Sandoná,1.3223,-77.4792,20,9/15/1963,,Cudayari,Pacifico,Patía,Río Guáitara,2010,25,Andes,Definitivo,20,20,0,7.53676748275757,7.53676748275757,0,7.05670785903931,3.67917323112488,3.93818187713623,4.62545442581177,5,5,0.789855062961578,0.967391312122345,1,1,65,1.03999996185303,20.7999992370605
11,2023-11-12,52050040,,"",SANDONA [52050040],Pluviométrica,Convencional,Activa,Nariño,Sandoná,1.3223,-77.4792,20,9/15/1963,,Cudayari,Pacifico,Patía,Río Guáitara,2023,12,Andes,Preliminar,0,0,0,2.5040762424469,2.5040762424469,0,3.04232239723206,0,3.93818187713623,4.62545442581177,5,5,0.789855062961578,0.967391312122345,1,1,63,1.03999996185303,0
11,2005-11-28,52050040,,"",SANDONA [52050040],Pluviométrica,Convencional,Activa,Nariño,Sandoná,1.3223,-77.4792,20,9/15/1963,,Cudayari,Pacifico,Patía,Río Guáitara,2005,28,Andes,Preliminar,0,0,0,1.7081378698349,1.7081378698349,0,1.71027874946594,0,3.93818187713623,4.62545442581177,5,5,0.789855062961578,0.967391312122345,1,1,66,1.03999996185303,0
11,2003-11-29,52050040,4,Definitivo,SANDONA [52050040],Pluviométrica,Convencional,Activa,Nariño,Sandoná,1.3223,-77.4792,20,9/15/1963,,Cudayari,Pacifico,Patía,Río Guáitara,2003,29,Andes,Definitivo,4,4,0,9.48668479919434,9.48668479919434,22.8007831573486,12.9248504638672,15.8096323013306,3.93818187713623,4.62545442581177,5,5,0.789855062961578,0.967391312122345,1,1,66,1.03999996185303,4.15999984741211
11,2004-11-26,52050040,14,Definitivo,SANDONA [52050040],Pluviométrica,Convencional,Activa,Nariño,Sandoná,1.3223,-77.4792,20,9/15/1963,,Cudayari,Pacifico,Patía,Río Guáitara,2004,26,Andes,Definitivo,14,14,0,9.51443386077881,9.51443386077881,0,0.916890025138855,2.80533480644226,3.93818187713623,4.62545442581177,5,5,0.789855062961578,0.967391312122345,1,1,66,1.03999996185303,14.5599994659424
11,2005-11-24,52050040,,"",SANDONA [52050040],Pluviométrica,Convencional,Activa,Nariño,Sandoná,1.3223,-77.4792,20,9/15/1963,,Cudayari,Pacifico,Patía,Río Guáitara,2005,24,Andes,Preliminar,0,0,0,0,0,8.10667991638184,1.41552555561066,0.541654944419861,3.93818187713623,4.62545442581177,5,5,0.789855062961578,0.967391312122345,1,1,65,1.03999996185303,0
11,2006-11-22,52050040,2,Definitivo,SANDONA [52050040],Pluviométrica,Convencional,Activa,Nariño,Sandoná,1.3223,-77.4792,20,9/15/1963,,Cudayari,Pacifico,Patía,Río Guáitara,2006,22,Andes,Definitivo,2,2,0,5.23023557662964,5.23023557662964,0,3.79814410209656,2.84643650054932,3.93818187713623,4.62545442581177,5,5,0.789855062961578,0.967391312122345,1,1,65,1.03999996185303,2.07999992370605
11,2020-11-26,52050040,17,En revisión,SANDONA [52050040],Pluviométrica,Convencional,Activa,Nariño,Sandoná,1.3223,-77.4792,20,9/15/1963,,Cudayari,Pacifico,Patía,Río Guáitara,2020,26,Andes,En revisión,17,17,0,11.0079307556152,11.0079307556152,0,16.4542331695557,6.13756418228149,3.93818187713623,4.62545442581177,5,5,0.789855062961578,0.967391312122345,1,1,66,1.03999996185303,17.6799993515015
11,2021-11-26,52050040,15,En revisión,SANDONA [52050040],Pluviométrica,Convencional,Activa,Nariño,Sandoná,1.3223,-77.4792,20,9/15/1963,,Cudayari,Pacifico,Patía,Río Guáitara,2021,26,Andes,En revisión,15,15,0,3.99964714050293,3.99964714050293,0,4.88516521453857,6.92381906509399,3.93818187713623,4.62545442581177,5,5,0.789855062961578,0.967391312122345,1,1,66,1.03999996185303,15.5999994277954
11,2023-11-23,52050040,25,En revisión,SANDONA [52050040],Pluviométrica,Convencional,Activa,Nariño,Sandoná,1.3223,-77.4792,20,9/15/1963,,Cudayari,Pacifico,Patía,Río Guáitara,2023,23,Andes,En revisión,25,25,0,12.8376741409302,12.8376741409302,0,6.9358720779419,0,3.93818187713623,4.62545442581177,5,5,0.789855062961578,0.967391312122345,1,1,65,1.03999996185303,25.9999990463257
11,2008-11-13,52050040,0,Definitivo,SANDONA [52050040],Pluviométrica,Convencional,Activa,Nariño,Sandoná,1.3223,-77.4792,20,9/15/1963,,Cudayari,Pacifico,Patía,Río Guáitara,2008,13,Andes,Definitivo,0,0,0,7.36989307403565,7.36989307403565,0,8.56468677520752,1.37354040145874,3.93818187713623,4.62545442581177,5,5,0.789855062961578,0.967391312122345,1,1,63,1.03999996185303,0
11,2010-11-15,52050040,7,Definitivo,SANDONA [52050040],Pluviométrica,Convencional,Activa,Nariño,Sandoná,1.3223,-77.4792,20,9/15/1963,,Cudayari,Pacifico,Patía,Río Guáitara,2010,15,Andes,Definitivo,7,7,0,7.06614828109741,7.06614828109741,0,39.4134330749512,23.7324371337891,3.93818187713623,4.62545442581177,5,5,0.789855062961578,0.967391312122345,1,1,63,1.03999996185303,7.27999973297119
11,2023-11-13,52050040,,"",SANDONA [52050040],Pluviométrica,Convencional,Activa,Nariño,Sandoná,1.3223,-77.4792,20,9/15/1963,,Cudayari,Pacifico,Patía,Río Guáitara,2023,13,Andes,Preliminar,0,0,0,1.40081036090851,1.40081036090851,0,1.81267261505127,0,3.93818187713623,4.62545442581177,5,5,0.789855062961578,0.967391312122345,1,1,63,1.03999996185303,0
11,2021-11-13,52050040,3,En revisión,SANDONA [52050040],Pluviométrica,Convencional,Activa,Nariño,Sandoná,1.3223,-77.4792,20,9/15/1963,,Cudayari,Pacifico,Patía,Río Guáitara,2021,13,Andes,En revisión,3,3,0,4.75659894943237,4.75659894943237,0,9.1688928604126,5.571129322052,3.93818187713623,4.62545442581177,5,5,0.789855062961578,0.967391312122345,1,1,63,1.03999996185303,3.11999988555908
11,2004-11-30,52050040,,"",SANDONA [52050040],Pluviométrica,Convencional,Activa,Nariño,Sandoná,1.3223,-77.4792,20,9/15/1963,,Cudayari,Pacifico,Patía,Río Guáitara,2004,30,Andes,Preliminar,0,0,0,4.51914691925049,4.51914691925049,0,0.771017968654633,0.00169917300809175,3.93818187713623,4.62545442581177,5,5,0.789855062961578,0.967391312122345,1,1,66,1.03999996185303,0
11,2009-11-21,52050040,,"",SANDONA [52050040],Pluviométrica,Convencional,Activa,Nariño,Sandoná,1.3223,-77.4792,20,9/15/1963,,Cudayari,Pacifico,Patía,Río Guáitara,2009,21,Andes,Preliminar,0,0,0,1.96937501430511,1.96937501430511,0,0,0,3.93818187713623,4.62545442581177,5,5,0.789855062961578,0.967391312122345,1,1,65,1.03999996185303,0
11,2011-11-23,52050040,5,Definitivo,SANDONA [52050040],Pluviométrica,Convencional,Activa,Nariño,Sandoná,1.3223,-77.4792,20,9/15/1963,,Cudayari,Pacifico,Patía,Río Guáitara,2011,23,Andes,Definitivo,5,5,0,14.8328256607056,14.8328256607056,0,1.53935432434082,9.47814846038818,3.93818187713623,4.62545442581177,5,5,0.789855062961578,0.967391312122345,1,1,65,1.03999996185303,5.19999980926514
11,2011-11-24,52050040,2,Definitivo,SANDONA [52050040],Pluviométrica,Convencional,Activa,Nariño,Sandoná,1.3223,-77.4792,20,9/15/1963,,Cudayari,Pacifico,Patía,Río Guáitara,2011,24,Andes,Definitivo,2,2,0,8.44929790496826,8.44929790496826,35.0143432617188,2.84992623329163,17.7207145690918,3.93818187713623,4.62545442581177,5,5,0.789855062961578,0.967391312122345,1,1,65,1.03999996185303,2.07999992370605
11,2016-11-22,52050040,,"",SANDONA [52050040],Pluviométrica,Convencional,Activa,Nariño,Sandoná,1.3223,-77.4792,20,9/15/1963,,Cudayari,Pacifico,Patía,Río Guáitara,2016,22,Andes,Preliminar,0,0,0,0.942737996578217,0.942737996578217,0,1.06506252288818,0,3.93818187713623,4.62545442581177,5,5,0.789855062961578,0.967391312122345,1,1,65,1.03999996185303,0
11,2015-11-27,52050040,,"",SANDONA [52050040],Pluviométrica,Convencional,Activa,Nariño,Sandoná,1.3223,-77.4792,20,9/15/1963,,Cudayari,Pacifico,Patía,Río Guáitara,2015,27,Andes,Preliminar,0,0,0,2.80108523368835,2.80108523368835,0,0.157692104578018,0,3.93818187713623,4.62545442581177,5,5,0.789855062961578,0.967391312122345,1,1,66,1.03999996185303,0
11,2007-11-20,52050040,,"",SANDONA [52050040],Pluviométrica,Convencional,Activa,Nariño,Sandoná,1.3223,-77.4792,20,9/15/1963,,Cudayari,Pacifico,Patía,Río Guáitara,2007,20,Andes,Preliminar,0,0,0,7.60656023025513,7.60656023025513,0,0.952695071697235,0,3.93818187713623,4.62545442581177,5,5,0.789855062961578,0.967391312122345,1,1,64,1.03999996185303,0
11,2008-11-17,52050040,,"",SANDONA [52050040],Pluviométrica,Convencional,Activa,Nariño,Sandoná,1.3223,-77.4792,20,9/15/1963,,Cudayari,Pacifico,Patía,Río Guáitara,2008,17,Andes,Preliminar,0,0,0,15.8120450973511,15.8120450973511,0,8.88983154296875,1.19588124752045,3.93818187713623,4.62545442581177,5,5,0.789855062961578,0.967391312122345,1,1,64,1.03999996185303,0
11,2009-11-15,52050040,3,Definitivo,SANDONA [52050040],Pluviométrica,Convencional,Activa,Nariño,Sandoná,1.3223,-77.4792,20,9/15/1963,,Cudayari,Pacifico,Patía,Río Guáitara,2009,15,Andes,Definitivo,3,3,0,6.28505516052246,6.28505516052246,0,0.288717091083527,0.269815772771835,3.93818187713623,4.62545442581177,5,5,0.789855062961578,0.967391312122345,1,1,63,1.03999996185303,3.11999988555908
11,2022-11-22,52050040,,"",SANDONA [52050040],Pluviométrica,Convencional,Activa,Nariño,Sandoná,1.3223,-77.4792,20,9/15/1963,,Cudayari,Pacifico,Patía,Río Guáitara,2022,22,Andes,Preliminar,0,0,0,8.47314548492432,8.47314548492432,0,2.21221995353699,0.464537709951401,3.93818187713623,4.62545442581177,5,5,0.789855062961578,0.967391312122345,1,1,65,1.03999996185303,0
11,2022-11-19,52050040,,"",SANDONA [52050040],Pluviométrica,Convencional,Activa,Nariño,Sandoná,1.3223,-77.4792,20,9/15/1963,,Cudayari,Pacifico,Patía,Río Guáitara,2022,19,Andes,Preliminar,0,0,0,4.04648733139038,4.04648733139038,0,0.609251320362091,0,3.93818187713623,4.62545442581177,5,5,0.789855062961578,0.967391312122345,1,1,64,1.03999996185303,0
11,2009-11-19,52050040,,"",SANDONA [52050040],Pluviométrica,Convencional,Activa,Nariño,Sandoná,1.3223,-77.4792,20,9/15/1963,,Cudayari,Pacifico,Patía,Río Guáitara,2009,19,Andes,Preliminar,0,0,0,5.35344886779785,5.35344886779785,0,1.47822046279907,0,3.93818187713623,4.62545442581177,5,5,0.789855062961578,0.967391312122345,1,1,64,1.03999996185303,0
11,2009-11-20,52050040,,"",SANDONA [52050040],Pluviométrica,Convencional,Activa,Nariño,Sandoná,1.3223,-77.4792,20,9/15/1963,,Cudayari,Pacifico,Patía,Río Guáitara,2009,20,Andes,Preliminar,0,0,0,6.23739004135132,6.23739004135132,0,1.26769053936005,0,3.93818187713623,4.62545442581177,5,5,0.789855062961578,0.967391312122345,1,1,64,1.03999996185303,0
11,2010-11-17,52050040,12,Definitivo,SANDONA [52050040],Pluviométrica,Convencional,Activa,Nariño,Sandoná,1.3223,-77.4792,20,9/15/1963,,Cudayari,Pacifico,Patía,Río Guáitara,2010,17,Andes,Definitivo,12,12,0,2.22984027862549,2.22984027862549,17.4937763214111,23.3993186950684,31.9488563537598,3.93818187713623,4.62545442581177,5,5,0.789855062961578,0.967391312122345,1,1,64,1.03999996185303,12.4799995422363
11,2022-11-13,52050040,,"",SANDONA [52050040],Pluviométrica,Convencional,Activa,Nariño,Sandoná,1.3223,-77.4792,20,9/15/1963,,Cudayari,Pacifico,Patía,Río Guáitara,2022,13,Andes,Preliminar,0,0,0,6.11444282531738,6.11444282531738,0,0.887463748455048,8.6178035736084,3.93818187713623,4.62545442581177,5,5,0.789855062961578,0.967391312122345,1,1,63,1.03999996185303,0
11,2020-11-13,52050040,1,En revisión,SANDONA [52050040],Pluviométrica,Convencional,Activa,Nariño,Sandoná,1.3223,-77.4792,20,9/15/1963,,Cudayari,Pacifico,Patía,Río Guáitara,2020,13,Andes,En revisión,1,1,0,10.3477697372437,10.3477697372437,14.7138719558716,3.0169575214386,6.91564846038818,3.93818187713623,4.62545442581177,5,5,0.789855062961578,0.967391312122345,1,1,63,1.03999996185303,1.03999996185303
11,2022-11-10,52050040,,"",SANDONA [52050040],Pluviométrica,Convencional,Activa,Nariño,Sandoná,1.3223,-77.4792,20,9/15/1963,,Cudayari,Pacifico,Patía,Río Guáitara,2022,10,Andes,Preliminar,0,0,0,17.2421207427979,17.2421207427979,0,2.16397547721863,1.49157905578613,3.93818187713623,4.62545442581177,5,5,0.789855062961578,0.967391312122345,1,1,62,1.03999996185303,0
11,2022-11-09,52050040,6,En revisión,SANDONA [52050040],Pluviométrica,Convencional,Activa,Nariño,Sandoná,1.3223,-77.4792,20,9/15/1963,,Cudayari,Pacifico,Patía,Río Guáitara,2022,09,Andes,En revisión,6,6,0,10.0167646408081,10.0167646408081,20.056547164917,20.1468372344971,17.1311511993408,3.93818187713623,4.62545442581177,5,5,0.789855062961578,0.967391312122345,1,1,62,1.03999996185303,6.23999977111816
11,2023-11-07,52050040,,"",SANDONA [52050040],Pluviométrica,Convencional,Activa,Nariño,Sandoná,1.3223,-77.4792,20,9/15/1963,,Cudayari,Pacifico,Patía,Río Guáitara,2023,07,Andes,Preliminar,0,0,0,3.47421407699585,3.47421407699585,0,0,0,3.93818187713623,4.62545442581177,5,5,0.789855062961578,0.967391312122345,1,1,62,1.03999996185303,0
11,2015-11-28,52050040,3,Definitivo,SANDONA [52050040],Pluviométrica,Convencional,Activa,Nariño,Sandoná,1.3223,-77.4792,20,9/15/1963,,Cudayari,Pacifico,Patía,Río Guáitara,2015,28,Andes,Definitivo,3,3,0,2.93065500259399,2.93065500259399,0,0.40200486779213,2.15344166755676,3.93818187713623,4.62545442581177,5,5,0.789855062961578,0.967391312122345,1,1,66,1.03999996185303,3.11999988555908
11,2018-11-26,52050040,18,Definitivo,SANDONA [52050040],Pluviométrica,Convencional,Activa,Nariño,Sandoná,1.3223,-77.4792,20,9/15/1963,,Cudayari,Pacifico,Patía,Río Guáitara,2018,26,Andes,Definitivo,18,18,0,9.13443565368652,9.13443565368652,0,11.7652673721313,4.85957002639771,3.93818187713623,4.62545442581177,5,5,0.789855062961578,0.967391312122345,1,1,66,1.03999996185303,18.7199993133545
11,2020-11-27,52050040,52,En revisión,SANDONA [52050040],Pluviométrica,Convencional,Activa,Nariño,Sandoná,1.3223,-77.4792,20,9/15/1963,,Cudayari,Pacifico,Patía,Río Guáitara,2020,27,Andes,En revisión,52,52,0,10.5798540115356,10.5798540115356,56.188533782959,30.1802406311035,21.0714492797852,3.93818187713623,4.62545442581177,5,5,0.789855062961578,0.967391312122345,1,1,66,1.03999996185303,54.0799980163574
11,2008-11-12,52050040,10,Definitivo,SANDONA [52050040],Pluviométrica,Convencional,Activa,Nariño,Sandoná,1.3223,-77.4792,20,9/15/1963,,Cudayari,Pacifico,Patía,Río Guáitara,2008,12,Andes,Definitivo,10,10,0,11.9724903106689,11.9724903106689,0,3.20295333862305,6.83155679702759,3.93818187713623,4.62545442581177,5,5,0.789855062961578,0.967391312122345,1,1,63,1.03999996185303,10.3999996185303
11,2009-11-10,52050040,,"",SANDONA [52050040],Pluviométrica,Convencional,Activa,Nariño,Sandoná,1.3223,-77.4792,20,9/15/1963,,Cudayari,Pacifico,Patía,Río Guáitara,2009,10,Andes,Preliminar,0,0,0,14.6908473968506,14.6908473968506,0,4.84243726730347,0,3.93818187713623,4.62545442581177,5,5,0.789855062961578,0.967391312122345,1,1,62,1.03999996185303,0
11,2023-11-15,52050040,,"",SANDONA [52050040],Pluviométrica,Convencional,Activa,Nariño,Sandoná,1.3223,-77.4792,20,9/15/1963,,Cudayari,Pacifico,Patía,Río Guáitara,2023,15,Andes,Preliminar,0,0,0,5.74490165710449,5.74490165710449,30.1249523162842,2.2925980091095,10.2274589538574,3.93818187713623,4.62545442581177,5,5,0.789855062961578,0.967391312122345,1,1,63,1.03999996185303,0
11,2022-11-14,52050040,2,En revisión,SANDONA [52050040],Pluviométrica,Convencional,Activa,Nariño,Sandoná,1.3223,-77.4792,20,9/15/1963,,Cudayari,Pacifico,Patía,Río Guáitara,2022,14,Andes,En revisión,2,2,0,4.40419626235962,4.40419626235962,0,3.22344708442688,2.1074104309082,3.93818187713623,4.62545442581177,5,5,0.789855062961578,0.967391312122345,1,1,63,1.03999996185303,2.07999992370605
11,2021-11-15,52050040,11,En revisión,SANDONA [52050040],Pluviométrica,Convencional,Activa,Nariño,Sandoná,1.3223,-77.4792,20,9/15/1963,,Cudayari,Pacifico,Patía,Río Guáitara,2021,15,Andes,En revisión,11,11,0,6.37393808364868,6.37393808364868,37.3849563598633,8.77464485168457,1.33593416213989,3.93818187713623,4.62545442581177,5,5,0.789855062961578,0.967391312122345,1,1,63,1.03999996185303,11.4399995803833
11,2002-11-30,52050040,,"",SANDONA [52050040],Pluviométrica,Convencional,Activa,Nariño,Sandoná,1.3223,-77.4792,20,9/15/1963,,Cudayari,Pacifico,Patía,Río Guáitara,2002,30,Andes,Preliminar,0,0,0,0.539825856685638,0.539825856685638,0,0.555908441543579,1.5885466337204,3.93818187713623,4.62545442581177,5,5,0.789855062961578,0.967391312122345,1,1,66,1.03999996185303,0
11,2003-11-28,52050040,19,Definitivo,SANDONA [52050040],Pluviométrica,Convencional,Activa,Nariño,Sandoná,1.3223,-77.4792,20,9/15/1963,,Cudayari,Pacifico,Patía,Río Guáitara,2003,28,Andes,Definitivo,19,19,0,7.44274806976318,7.44274806976318,22.8007831573486,9.50640201568604,16.3241291046143,3.93818187713623,4.62545442581177,5,5,0.789855062961578,0.967391312122345,1,1,66,1.03999996185303,19.7599992752075
11,2004-11-25,52050040,,"",SANDONA [52050040],Pluviométrica,Convencional,Activa,Nariño,Sandoná,1.3223,-77.4792,20,9/15/1963,,Cudayari,Pacifico,Patía,Río Guáitara,2004,25,Andes,Preliminar,10,10,0,11.9454479217529,11.9454479217529,27.0179233551025,13.2397861480713,19.3917140960693,3.93818187713623,4.62545442581177,5,5,0.789855062961578,0.967391312122345,1,1,65,1.03999996185303,10.3999996185303
11,2005-11-23,52050040,,"",SANDONA [52050040],Pluviométrica,Convencional,Activa,Nariño,Sandoná,1.3223,-77.4792,20,9/15/1963,,Cudayari,Pacifico,Patía,Río Guáitara,2005,23,Andes,Preliminar,0,0,0,0,0,0,3.44014191627502,2.43744730949402,3.93818187713623,4.62545442581177,5,5,0.789855062961578,0.967391312122345,1,1,65,1.03999996185303,0
11,2006-11-21,52050040,12,Definitivo,SANDONA [52050040],Pluviométrica,Convencional,Activa,Nariño,Sandoná,1.3223,-77.4792,20,9/15/1963,,Cudayari,Pacifico,Patía,Río Guáitara,2006,21,Andes,Definitivo,12,12,0,5.29951047897339,5.29951047897339,22.1390228271484,4.8243088722229,13.5026350021362,3.93818187713623,4.62545442581177,5,5,0.789855062961578,0.967391312122345,1,1,65,1.03999996185303,12.4799995422363
11,2007-11-19,52050040,,"",SANDONA [52050040],Pluviométrica,Convencional,Activa,Nariño,Sandoná,1.3223,-77.4792,20,9/15/1963,,Cudayari,Pacifico,Patía,Río Guáitara,2007,19,Andes,Preliminar,0,0,0,0.0922007411718369,0.0922007411718369,0,0.340621441602707,0,3.93818187713623,4.62545442581177,5,5,0.789855062961578,0.967391312122345,1,1,64,1.03999996185303,0
11,2008-11-16,52050040,1,Definitivo,SANDONA [52050040],Pluviométrica,Convencional,Activa,Nariño,Sandoná,1.3223,-77.4792,20,9/15/1963,,Cudayari,Pacifico,Patía,Río Guáitara,2008,16,Andes,Definitivo,1,1,0,7.35666179656982,7.35666179656982,0,4.04647302627564,0.233515247702599,3.93818187713623,4.62545442581177,5,5,0.789855062961578,0.967391312122345,1,1,64,1.03999996185303,1.03999996185303
11,2009-11-14,52050040,,"",SANDONA [52050040],Pluviométrica,Convencional,Activa,Nariño,Sandoná,1.3223,-77.4792,20,9/15/1963,,Cudayari,Pacifico,Patía,Río Guáitara,2009,14,Andes,Preliminar,0,0,0,4.07341575622559,4.07341575622559,0,0.849568724632263,0.0622651726007462,3.93818187713623,4.62545442581177,5,5,0.789855062961578,0.967391312122345,1,1,63,1.03999996185303,0
11,2022-11-24,52050040,,"",SANDONA [52050040],Pluviométrica,Convencional,Activa,Nariño,Sandoná,1.3223,-77.4792,20,9/15/1963,,Cudayari,Pacifico,Patía,Río Guáitara,2022,24,Andes,Preliminar,0,0,0,6.44451904296875,6.44451904296875,8.77776050567627,1.47035574913025,10.7092523574829,3.93818187713623,4.62545442581177,5,5,0.789855062961578,0.967391312122345,1,1,65,1.03999996185303,0
11,2021-11-23,52050040,46,En revisión,SANDONA [52050040],Pluviométrica,Convencional,Activa,Nariño,Sandoná,1.3223,-77.4792,20,9/15/1963,,Cudayari,Pacifico,Patía,Río Guáitara,2021,23,Andes,En revisión,46,46,0,6.95558214187622,6.95558214187622,0,9.53026580810547,4.18595838546753,3.93818187713623,4.62545442581177,5,5,0.789855062961578,0.967391312122345,1,1,65,1.03999996185303,47.8399982452393
11,2011-11-12,52050040,,"",SANDONA [52050040],Pluviométrica,Convencional,Activa,Nariño,Sandoná,1.3223,-77.4792,20,9/15/1963,,Cudayari,Pacifico,Patía,Río Guáitara,2011,12,Andes,Preliminar,0,0,0,17.3238563537598,17.3238563537598,26.1560783386231,6.57339286804199,20.4436302185059,3.93818187713623,4.62545442581177,5,5,0.789855062961578,0.967391312122345,1,1,63,1.03999996185303,0
11,2010-11-16,52050040,40,Definitivo,SANDONA [52050040],Pluviométrica,Convencional,Activa,Nariño,Sandoná,1.3223,-77.4792,20,9/15/1963,,Cudayari,Pacifico,Patía,Río Guáitara,2010,16,Andes,Definitivo,40,40,0,10.4268579483032,10.4268579483032,69.9751052856445,8.60574340820313,15.9926013946533,3.93818187713623,4.62545442581177,5,5,0.789855062961578,0.967391312122345,1,1,64,1.03999996185303,41.5999984741211
11,2011-11-13,52050040,1,Definitivo,SANDONA [52050040],Pluviométrica,Convencional,Activa,Nariño,Sandoná,1.3223,-77.4792,20,9/15/1963,,Cudayari,Pacifico,Patía,Río Guáitara,2011,13,Andes,Definitivo,1,1,0,5.76462650299072,5.76462650299072,0,3.16063046455383,0.135328501462936,3.93818187713623,4.62545442581177,5,5,0.789855062961578,0.967391312122345,1,1,63,1.03999996185303,1.03999996185303
11,2011-11-14,52050040,3,Definitivo,SANDONA [52050040],Pluviométrica,Convencional,Activa,Nariño,Sandoná,1.3223,-77.4792,20,9/15/1963,,Cudayari,Pacifico,Patía,Río Guáitara,2011,14,Andes,Definitivo,3,3,0,1.88731372356415,1.88731372356415,0,8.56676578521729,0,3.93818187713623,4.62545442581177,5,5,0.789855062961578,0.967391312122345,1,1,63,1.03999996185303,3.11999988555908
11,2010-11-18,52050040,7,Definitivo,SANDONA [52050040],Pluviométrica,Convencional,Activa,Nariño,Sandoná,1.3223,-77.4792,20,9/15/1963,,Cudayari,Pacifico,Patía,Río Guáitara,2010,18,Andes,Definitivo,7,7,0,6.94077062606812,6.94077062606812,0,16.1328105926514,0.12721386551857,3.93818187713623,4.62545442581177,5,5,0.789855062961578,0.967391312122345,1,1,64,1.03999996185303,7.27999973297119
11,2009-11-22,52050040,,"",SANDONA [52050040],Pluviométrica,Convencional,Activa,Nariño,Sandoná,1.3223,-77.4792,20,9/15/1963,,Cudayari,Pacifico,Patía,Río Guáitara,2009,22,Andes,Preliminar,0,0,0,4.0776162147522,4.0776162147522,0,0,0,3.93818187713623,4.62545442581177,5,5,0.789855062961578,0.967391312122345,1,1,65,1.03999996185303,0
11,2009-11-23,52050040,8,Definitivo,SANDONA [52050040],Pluviométrica,Convencional,Activa,Nariño,Sandoná,1.3223,-77.4792,20,9/15/1963,,Cudayari,Pacifico,Patía,Río Guáitara,2009,23,Andes,Definitivo,8,8,0,1.84313321113586,1.84313321113586,0,0,0,3.93818187713623,4.62545442581177,5,5,0.789855062961578,0.967391312122345,1,1,65,1.03999996185303,8.31999969482422
11,2011-11-25,52050040,17,Definitivo,SANDONA [52050040],Pluviométrica,Convencional,Activa,Nariño,Sandoná,1.3223,-77.4792,20,9/15/1963,,Cudayari,Pacifico,Patía,Río Guáitara,2011,25,Andes,Definitivo,17,17,0,7.00088214874268,7.00088214874268,0,7.32791471481323,0.0318861193954945,3.93818187713623,4.62545442581177,5,5,0.789855062961578,0.967391312122345,1,1,65,1.03999996185303,17.6799993515015
11,2016-11-23,52050040,1,Definitivo,SANDONA [52050040],Pluviométrica,Convencional,Activa,Nariño,Sandoná,1.3223,-77.4792,20,9/15/1963,,Cudayari,Pacifico,Patía,Río Guáitara,2016,23,Andes,Definitivo,1,1,0,2.2410364151001,2.2410364151001,0,0.757587969303131,0.412094473838806,3.93818187713623,4.62545442581177,5,5,0.789855062961578,0.967391312122345,1,1,65,1.03999996185303,1.03999996185303
11,2016-11-24,52050040,20,Definitivo,SANDONA [52050040],Pluviométrica,Convencional,Activa,Nariño,Sandoná,1.3223,-77.4792,20,9/15/1963,,Cudayari,Pacifico,Patía,Río Guáitara,2016,24,Andes,Definitivo,20,20,0,4.54965162277222,4.54965162277222,0,4.93034648895264,6.18479537963867,3.93818187713623,4.62545442581177,5,5,0.789855062961578,0.967391312122345,1,1,65,1.03999996185303,20.7999992370605
11,2019-11-23,52050040,,"",SANDONA [52050040],Pluviométrica,Convencional,Activa,Nariño,Sandoná,1.3223,-77.4792,20,9/15/1963,,Cudayari,Pacifico,Patía,Río Guáitara,2019,23,Andes,Preliminar,0,0,0,5.47585725784302,5.47585725784302,18.0559825897217,4.85347127914429,3.83799529075623,3.93818187713623,4.62545442581177,5,5,0.789855062961578,0.967391312122345,1,1,65,1.03999996185303,0
11,2010-11-12,52050040,32,Definitivo,SANDONA [52050040],Pluviométrica,Convencional,Activa,Nariño,Sandoná,1.3223,-77.4792,20,9/15/1963,,Cudayari,Pacifico,Patía,Río Guáitara,2010,12,Andes,Definitivo,32,32,0,15.1097803115845,15.1097803115845,71.947998046875,30.2941036224365,36.4191513061523,3.93818187713623,4.62545442581177,5,5,0.789855062961578,0.967391312122345,1,1,63,1.03999996185303,33.2799987792969
11,2009-11-09,52050040,,"",SANDONA [52050040],Pluviométrica,Convencional,Activa,Nariño,Sandoná,1.3223,-77.4792,20,9/15/1963,,Cudayari,Pacifico,Patía,Río Guáitara,2009,09,Andes,Preliminar,0,0,0,18.2543811798096,18.2543811798096,0,3.24285459518433,0,3.93818187713623,4.62545442581177,5,5,0.789855062961578,0.967391312122345,1,1,62,1.03999996185303,0
11,2023-11-20,52050040,9,En revisión,SANDONA [52050040],Pluviométrica,Convencional,Activa,Nariño,Sandoná,1.3223,-77.4792,20,9/15/1963,,Cudayari,Pacifico,Patía,Río Guáitara,2023,20,Andes,En revisión,9,9,0,4.78513765335083,4.78513765335083,0,3.43018341064453,6.74118900299072,3.93818187713623,4.62545442581177,5,5,0.789855062961578,0.967391312122345,1,1,64,1.03999996185303,9.35999965667725
11,2021-11-18,52050040,7,En revisión,SANDONA [52050040],Pluviométrica,Convencional,Activa,Nariño,Sandoná,1.3223,-77.4792,20,9/15/1963,,Cudayari,Pacifico,Patía,Río Guáitara,2021,18,Andes,En revisión,7,7,0,3.31061315536499,3.31061315536499,0,9.4726037979126,0.466293513774872,3.93818187713623,4.62545442581177,5,5,0.789855062961578,0.967391312122345,1,1,64,1.03999996185303,7.27999973297119
11,2020-11-19,52050040,1,En revisión,SANDONA [52050040],Pluviométrica,Convencional,Activa,Nariño,Sandoná,1.3223,-77.4792,20,9/15/1963,,Cudayari,Pacifico,Patía,Río Guáitara,2020,19,Andes,En revisión,1,1,0,12.9656133651733,12.9656133651733,0,7.41383981704712,4.11012935638428,3.93818187713623,4.62545442581177,5,5,0.789855062961578,0.967391312122345,1,1,64,1.03999996185303,1.03999996185303
11,2022-11-16,52050040,6,En revisión,SANDONA [52050040],Pluviométrica,Convencional,Activa,Nariño,Sandoná,1.3223,-77.4792,20,9/15/1963,,Cudayari,Pacifico,Patía,Río Guáitara,2022,16,Andes,En revisión,6,6,0,8.72773170471191,8.72773170471191,12.1908273696899,1.10169863700867,0.0238376650959253,3.93818187713623,4.62545442581177,5,5,0.789855062961578,0.967391312122345,1,1,64,1.03999996185303,6.23999977111816
11,2020-11-16,52050040,,"",SANDONA [52050040],Pluviométrica,Convencional,Activa,Nariño,Sandoná,1.3223,-77.4792,20,9/15/1963,,Cudayari,Pacifico,Patía,Río Guáitara,2020,16,Andes,Preliminar,0,0,0,11.4801645278931,11.4801645278931,17.964038848877,4.23197841644287,0.81380569934845,3.93818187713623,4.62545442581177,5,5,0.789855062961578,0.967391312122345,1,1,64,1.03999996185303,0
11,2021-11-14,52050040,,"",SANDONA [52050040],Pluviométrica,Convencional,Activa,Nariño,Sandoná,1.3223,-77.4792,20,9/15/1963,,Cudayari,Pacifico,Patía,Río Guáitara,2021,14,Andes,Preliminar,6,6,0,2.91893672943115,2.91893672943115,0,6.9833550453186,7.44712257385254,3.93818187713623,4.62545442581177,5,5,0.789855062961578,0.967391312122345,1,1,63,1.03999996185303,6.23999977111816
11,2021-11-11,52050040,,"",SANDONA [52050040],Pluviométrica,Convencional,Activa,Nariño,Sandoná,1.3223,-77.4792,20,9/15/1963,,Cudayari,Pacifico,Patía,Río Guáitara,2021,11,Andes,Preliminar,0,0,0,3.07263374328613,3.07263374328613,0,2.99875020980835,0.142120644450188,3.93818187713623,4.62545442581177,5,5,0.789855062961578,0.967391312122345,1,1,63,1.03999996185303,0
11,2020-11-12,52050040,,"",SANDONA [52050040],Pluviométrica,Convencional,Activa,Nariño,Sandoná,1.3223,-77.4792,20,9/15/1963,,Cudayari,Pacifico,Patía,Río Guáitara,2020,12,Andes,Preliminar,0,0,0,5.58094167709351,5.58094167709351,0,1.10669457912445,0.0691564828157425,3.93818187713623,4.62545442581177,5,5,0.789855062961578,0.967391312122345,1,1,63,1.03999996185303,0
11,2021-11-10,52050040,,"",SANDONA [52050040],Pluviométrica,Convencional,Activa,Nariño,Sandoná,1.3223,-77.4792,20,9/15/1963,,Cudayari,Pacifico,Patía,Río Guáitara,2021,10,Andes,Preliminar,0,0,0,21.8041667938232,21.8041667938232,16.769926071167,10.3325395584106,2.75518274307251,3.93818187713623,4.62545442581177,5,5,0.789855062961578,0.967391312122345,1,1,62,1.03999996185303,0
11,2022-11-08,52050040,,"",SANDONA [52050040],Pluviométrica,Convencional,Activa,Nariño,Sandoná,1.3223,-77.4792,20,9/15/1963,,Cudayari,Pacifico,Patía,Río Guáitara,2022,08,Andes,Preliminar,0,0,0,5.89029741287231,5.89029741287231,13.3710308074951,6.90564489364624,10.944766998291,3.93818187713623,4.62545442581177,5,5,0.789855062961578,0.967391312122345,1,1,62,1.03999996185303,0
11,2023-11-06,52050040,6,En revisión,SANDONA [52050040],Pluviométrica,Convencional,Activa,Nariño,Sandoná,1.3223,-77.4792,20,9/15/1963,,Cudayari,Pacifico,Patía,Río Guáitara,2023,06,Andes,En revisión,6,6,0,3.9802839756012,3.9802839756012,0,0,0,3.93818187713623,4.62545442581177,5,5,0.789855062961578,0.967391312122345,1,1,62,1.03999996185303,6.23999977111816
11,2018-11-27,52050040,5,Definitivo,SANDONA [52050040],Pluviométrica,Convencional,Activa,Nariño,Sandoná,1.3223,-77.4792,20,9/15/1963,,Cudayari,Pacifico,Patía,Río Guáitara,2018,27,Andes,Definitivo,5,5,0,2.93460774421692,2.93460774421692,14.0173091888428,20.8149013519287,5.34353351593018,3.93818187713623,4.62545442581177,5,5,0.789855062961578,0.967391312122345,1,1,66,1.03999996185303,5.19999980926514
11,2021-11-25,52050040,4,En revisión,SANDONA [52050040],Pluviométrica,Convencional,Activa,Nariño,Sandoná,1.3223,-77.4792,20,9/15/1963,,Cudayari,Pacifico,Patía,Río Guáitara,2021,25,Andes,En revisión,4,4,0,12.3257913589478,12.3257913589478,55.7750778198242,19.656774520874,27.3850212097168,3.93818187713623,4.62545442581177,5,5,0.789855062961578,0.967391312122345,1,1,65,1.03999996185303,4.15999984741211
11,2007-11-10,52050040,,"",SANDONA [52050040],Pluviométrica,Convencional,Activa,Nariño,Sandoná,1.3223,-77.4792,20,9/15/1963,,Cudayari,Pacifico,Patía,Río Guáitara,2007,10,Andes,Preliminar,15,15,0,3.60892200469971,3.60892200469971,0,17.139253616333,11.7199621200562,3.93818187713623,4.62545442581177,5,5,0.789855062961578,0.967391312122345,1,1,62,1.03999996185303,15.5999994277954
11,2009-11-11,52050040,,"",SANDONA [52050040],Pluviométrica,Convencional,Activa,Nariño,Sandoná,1.3223,-77.4792,20,9/15/1963,,Cudayari,Pacifico,Patía,Río Guáitara,2009,11,Andes,Preliminar,0,0,0,10.8457803726196,10.8457803726196,0,0.693395853042603,0,3.93818187713623,4.62545442581177,5,5,0.789855062961578,0.967391312122345,1,1,63,1.03999996185303,0
11,2004-11-28,52050040,,"",SANDONA [52050040],Pluviométrica,Convencional,Activa,Nariño,Sandoná,1.3223,-77.4792,20,9/15/1963,,Cudayari,Pacifico,Patía,Río Guáitara,2004,28,Andes,Preliminar,0,0,0,3.98453426361084,3.98453426361084,0,0.713248610496521,0.0977024510502815,3.93818187713623,4.62545442581177,5,5,0.789855062961578,0.967391312122345,1,1,66,1.03999996185303,0
11,2004-11-29,52050040,,"",SANDONA [52050040],Pluviométrica,Convencional,Activa,Nariño,Sandoná,1.3223,-77.4792,20,9/15/1963,,Cudayari,Pacifico,Patía,Río Guáitara,2004,29,Andes,Preliminar,0,0,0,3.2494421005249,3.2494421005249,0,0.883375406265259,1.04414188861847,3.93818187713623,4.62545442581177,5,5,0.789855062961578,0.967391312122345,1,1,66,1.03999996185303,0
11,2003-11-27,52050040,14,Definitivo,SANDONA [52050040],Pluviométrica,Convencional,Activa,Nariño,Sandoná,1.3223,-77.4792,20,9/15/1963,,Cudayari,Pacifico,Patía,Río Guáitara,2003,27,Andes,Definitivo,14,14,0,6.16000175476074,6.16000175476074,0,4.38554859161377,0,3.93818187713623,4.62545442581177,5,5,0.789855062961578,0.967391312122345,1,1,66,1.03999996185303,14.5599994659424
11,2004-11-24,52050040,2,Definitivo,SANDONA [52050040],Pluviométrica,Convencional,Activa,Nariño,Sandoná,1.3223,-77.4792,20,9/15/1963,,Cudayari,Pacifico,Patía,Río Guáitara,2004,24,Andes,Definitivo,2,2,0,9.31942462921143,9.31942462921143,27.0179233551025,5.97698259353638,3.36494159698486,3.93818187713623,4.62545442581177,5,5,0.789855062961578,0.967391312122345,1,1,65,1.03999996185303,2.07999992370605
11,2005-11-22,52050040,,"",SANDONA [52050040],Pluviométrica,Convencional,Activa,Nariño,Sandoná,1.3223,-77.4792,20,9/15/1963,,Cudayari,Pacifico,Patía,Río Guáitara,2005,22,Andes,Preliminar,0,0,0,0,0,8.10667991638184,11.2809143066406,12.4919195175171,3.93818187713623,4.62545442581177,5,5,0.789855062961578,0.967391312122345,1,1,65,1.03999996185303,0
11,2006-11-20,52050040,6,Definitivo,SANDONA [52050040],Pluviométrica,Convencional,Activa,Nariño,Sandoná,1.3223,-77.4792,20,9/15/1963,,Cudayari,Pacifico,Patía,Río Guáitara,2006,20,Andes,Definitivo,6,6,0,33.4547233581543,33.4547233581543,7.77130317687988,6.01146554946899,2.04762768745422,3.93818187713623,4.62545442581177,5,5,0.789855062961578,0.967391312122345,1,1,64,1.03999996185303,6.23999977111816
11,2007-11-18,52050040,,"",SANDONA [52050040],Pluviométrica,Convencional,Activa,Nariño,Sandoná,1.3223,-77.4792,20,9/15/1963,,Cudayari,Pacifico,Patía,Río Guáitara,2007,18,Andes,Preliminar,0,0,0,2.0284161567688,2.0284161567688,0,0.764797627925873,1.36137068271637,3.93818187713623,4.62545442581177,5,5,0.789855062961578,0.967391312122345,1,1,64,1.03999996185303,0
11,2008-11-15,52050040,,"",SANDONA [52050040],Pluviométrica,Convencional,Activa,Nariño,Sandoná,1.3223,-77.4792,20,9/15/1963,,Cudayari,Pacifico,Patía,Río Guáitara,2008,15,Andes,Preliminar,0,0,0,0.186398059129715,0.186398059129715,37.8969841003418,3.57519578933716,5.87627458572388,3.93818187713623,4.62545442581177,5,5,0.789855062961578,0.967391312122345,1,1,63,1.03999996185303,0
11,2009-11-13,52050040,,"",SANDONA [52050040],Pluviométrica,Convencional,Activa,Nariño,Sandoná,1.3223,-77.4792,20,9/15/1963,,Cudayari,Pacifico,Patía,Río Guáitara,2009,13,Andes,Preliminar,0,0,0,4.04842567443848,4.04842567443848,0,0.870176494121552,0.7886922955513,3.93818187713623,4.62545442581177,5,5,0.789855062961578,0.967391312122345,1,1,63,1.03999996185303,0
11,2007-11-14,52050040,9,Definitivo,SANDONA [52050040],Pluviométrica,Convencional,Activa,Nariño,Sandoná,1.3223,-77.4792,20,9/15/1963,,Cudayari,Pacifico,Patía,Río Guáitara,2007,14,Andes,Definitivo,9,9,0,5.41950178146362,5.41950178146362,0,6.63566112518311,10.9097566604614,3.93818187713623,4.62545442581177,5,5,0.789855062961578,0.967391312122345,1,1,63,1.03999996185303,9.35999965667725
11,2005-11-14,52050040,5,Definitivo,SANDONA [52050040],Pluviométrica,Convencional,Activa,Nariño,Sandoná,1.3223,-77.4792,20,9/15/1963,,Cudayari,Pacifico,Patía,Río Guáitara,2005,14,Andes,Definitivo,5,5,0,3.04281306266785,3.04281306266785,29.8396148681641,18.8442554473877,1.41218137741089,3.93818187713623,4.62545442581177,5,5,0.789855062961578,0.967391312122345,1,1,63,1.03999996185303,5.19999980926514
11,2020-11-24,52050040,1,En revisión,SANDONA [52050040],Pluviométrica,Convencional,Activa,Nariño,Sandoná,1.3223,-77.4792,20,9/15/1963,,Cudayari,Pacifico,Patía,Río Guáitara,2020,24,Andes,En revisión,1,1,0,4.95888996124268,4.95888996124268,0,7.50192880630493,0.439788639545441,3.93818187713623,4.62545442581177,5,5,0.789855062961578,0.967391312122345,1,1,65,1.03999996185303,1.03999996185303
11,2022-11-21,52050040,2,En revisión,SANDONA [52050040],Pluviométrica,Convencional,Activa,Nariño,Sandoná,1.3223,-77.4792,20,9/15/1963,,Cudayari,Pacifico,Patía,Río Guáitara,2022,21,Andes,En revisión,2,2,0,5.14278078079224,5.14278078079224,0,2.14407825469971,0,3.93818187713623,4.62545442581177,5,5,0.789855062961578,0.967391312122345,1,1,65,1.03999996185303,2.07999992370605
11,2007-11-11,52050040,5,Definitivo,SANDONA [52050040],Pluviométrica,Convencional,Activa,Nariño,Sandoná,1.3223,-77.4792,20,9/15/1963,,Cudayari,Pacifico,Patía,Río Guáitara,2007,11,Andes,Definitivo,5,5,0,9.76701545715332,9.76701545715332,17.9520168304443,11.3839244842529,17.6073551177979,3.93818187713623,4.62545442581177,5,5,0.789855062961578,0.967391312122345,1,1,63,1.03999996185303,5.19999980926514
11,2012-11-09,52050040,,"",SANDONA [52050040],Pluviométrica,Convencional,Activa,Nariño,Sandoná,1.3223,-77.4792,20,9/15/1963,,Cudayari,Pacifico,Patía,Río Guáitara,2012,09,Andes,Preliminar,0,0,0,9.85630798339844,9.85630798339844,0,1.82776212692261,5.38104724884033,3.93818187713623,4.62545442581177,5,5,0.789855062961578,0.967391312122345,1,1,62,1.03999996185303,0
11,2012-11-10,52050040,2,Definitivo,SANDONA [52050040],Pluviométrica,Convencional,Activa,Nariño,Sandoná,1.3223,-77.4792,20,9/15/1963,,Cudayari,Pacifico,Patía,Río Guáitara,2012,10,Andes,Definitivo,2,2,0,11.9732980728149,11.9732980728149,0,3.50076651573181,4.5144362449646,3.93818187713623,4.62545442581177,5,5,0.789855062961578,0.967391312122345,1,1,62,1.03999996185303,2.07999992370605
11,2011-11-15,52050040,,"",SANDONA [52050040],Pluviométrica,Convencional,Activa,Nariño,Sandoná,1.3223,-77.4792,20,9/15/1963,,Cudayari,Pacifico,Patía,Río Guáitara,2011,15,Andes,Preliminar,0,0,0,2.79251170158386,2.79251170158386,0,3.66008281707764,1.29915380477905,3.93818187713623,4.62545442581177,5,5,0.789855062961578,0.967391312122345,1,1,63,1.03999996185303,0
11,2010-11-19,52050040,0,Definitivo,SANDONA [52050040],Pluviométrica,Convencional,Activa,Nariño,Sandoná,1.3223,-77.4792,20,9/15/1963,,Cudayari,Pacifico,Patía,Río Guáitara,2010,19,Andes,Definitivo,0,0,0,18.6866912841797,18.6866912841797,0,18.0916423797607,26.5695247650147,3.93818187713623,4.62545442581177,5,5,0.789855062961578,0.967391312122345,1,1,64,1.03999996185303,0
11,2010-11-20,52050040,24,Definitivo,SANDONA [52050040],Pluviométrica,Convencional,Activa,Nariño,Sandoná,1.3223,-77.4792,20,9/15/1963,,Cudayari,Pacifico,Patía,Río Guáitara,2010,20,Andes,Definitivo,24,24,0,4.67952394485474,4.67952394485474,0,10.2623710632324,1.8536878824234,3.93818187713623,4.62545442581177,5,5,0.789855062961578,0.967391312122345,1,1,64,1.03999996185303,24.9599990844727
11,2009-11-24,52050040,26,Definitivo,SANDONA [52050040],Pluviométrica,Convencional,Activa,Nariño,Sandoná,1.3223,-77.4792,20,9/15/1963,,Cudayari,Pacifico,Patía,Río Guáitara,2009,24,Andes,Definitivo,26,26,0,5.45365333557129,5.45365333557129,0,0,0,3.93818187713623,4.62545442581177,5,5,0.789855062961578,0.967391312122345,1,1,65,1.03999996185303,27.0399990081787
11,2014-11-23,52050040,,"",SANDONA [52050040],Pluviométrica,Convencional,Activa,Nariño,Sandoná,1.3223,-77.4792,20,9/15/1963,,Cudayari,Pacifico,Patía,Río Guáitara,2014,23,Andes,Preliminar,0,0,0,5.75792503356934,5.75792503356934,0,7.08261346817017,0,3.93818187713623,4.62545442581177,5,5,0.789855062961578,0.967391312122345,1,1,65,1.03999996185303,0
11,2014-11-24,52050040,3,Definitivo,SANDONA [52050040],Pluviométrica,Convencional,Activa,Nariño,Sandoná,1.3223,-77.4792,20,9/15/1963,,Cudayari,Pacifico,Patía,Río Guáitara,2014,24,Andes,Definitivo,3,3,0,8.88704872131348,8.88704872131348,0,4.08001375198364,0.0878430083394051,3.93818187713623,4.62545442581177,5,5,0.789855062961578,0.967391312122345,1,1,65,1.03999996185303,3.11999988555908
11,2014-11-25,52050040,2,Definitivo,SANDONA [52050040],Pluviométrica,Convencional,Activa,Nariño,Sandoná,1.3223,-77.4792,20,9/15/1963,,Cudayari,Pacifico,Patía,Río Guáitara,2014,25,Andes,Definitivo,2,2,0,11.5150661468506,11.5150661468506,9.12477207183838,7.88177680969238,24.6378688812256,3.93818187713623,4.62545442581177,5,5,0.789855062961578,0.967391312122345,1,1,65,1.03999996185303,2.07999992370605
11,2019-11-24,52050040,,"",SANDONA [52050040],Pluviométrica,Convencional,Activa,Nariño,Sandoná,1.3223,-77.4792,20,9/15/1963,,Cudayari,Pacifico,Patía,Río Guáitara,2019,24,Andes,Preliminar,0,0,0,24.6437377929688,24.6437377929688,4.51399564743042,3.65839910507202,2.80069971084595,3.93818187713623,4.62545442581177,5,5,0.789855062961578,0.967391312122345,1,1,65,1.03999996185303,0
11,2004-11-11,52050040,2,Definitivo,SANDONA [52050040],Pluviométrica,Convencional,Activa,Nariño,Sandoná,1.3223,-77.4792,20,9/15/1963,,Cudayari,Pacifico,Patía,Río Guáitara,2004,11,Andes,Definitivo,2,2,0,3.64213371276855,3.64213371276855,0,1.16588449478149,0,3.93818187713623,4.62545442581177,5,5,0.789855062961578,0.967391312122345,1,1,63,1.03999996185303,2.07999992370605
11,2005-11-09,52050040,,"",SANDONA [52050040],Pluviométrica,Convencional,Activa,Nariño,Sandoná,1.3223,-77.4792,20,9/15/1963,,Cudayari,Pacifico,Patía,Río Guáitara,2005,09,Andes,Preliminar,0,0,0,2.42573881149292,2.42573881149292,36.742546081543,4.07951974868774,0,3.93818187713623,4.62545442581177,5,5,0.789855062961578,0.967391312122345,1,1,62,1.03999996185303,0
11,2018-11-25,52050040,4,Definitivo,SANDONA [52050040],Pluviométrica,Convencional,Activa,Nariño,Sandoná,1.3223,-77.4792,20,9/15/1963,,Cudayari,Pacifico,Patía,Río Guáitara,2018,25,Andes,Definitivo,4,4,0,11.3189554214478,11.3189554214478,0,7.63291835784912,5.84475946426392,3.93818187713623,4.62545442581177,5,5,0.789855062961578,0.967391312122345,1,1,65,1.03999996185303,4.15999984741211
11,2021-11-20,52050040,7,En revisión,SANDONA [52050040],Pluviométrica,Convencional,Activa,Nariño,Sandoná,1.3223,-77.4792,20,9/15/1963,,Cudayari,Pacifico,Patía,Río Guáitara,2021,20,Andes,En revisión,7,7,0,5.74888038635254,5.74888038635254,0,4.12123727798462,2.23820877075195,3.93818187713623,4.62545442581177,5,5,0.789855062961578,0.967391312122345,1,1,64,1.03999996185303,7.27999973297119
11,2021-11-17,52050040,2,En revisión,SANDONA [52050040],Pluviométrica,Convencional,Activa,Nariño,Sandoná,1.3223,-77.4792,20,9/15/1963,,Cudayari,Pacifico,Patía,Río Guáitara,2021,17,Andes,En revisión,2,2,0,5.22158002853394,5.22158002853394,38.1476020812988,3.84404945373535,5.06541919708252,3.93818187713623,4.62545442581177,5,5,0.789855062961578,0.967391312122345,1,1,64,1.03999996185303,2.07999992370605
11,2022-11-15,52050040,15,En revisión,SANDONA [52050040],Pluviométrica,Convencional,Activa,Nariño,Sandoná,1.3223,-77.4792,20,9/15/1963,,Cudayari,Pacifico,Patía,Río Guáitara,2022,15,Andes,En revisión,15,15,0,4.76431035995483,4.76431035995483,0,5.06816148757935,5.79537868499756,3.93818187713623,4.62545442581177,5,5,0.789855062961578,0.967391312122345,1,1,63,1.03999996185303,15.5999994277954
11,2020-11-15,52050040,,"",SANDONA [52050040],Pluviométrica,Convencional,Activa,Nariño,Sandoná,1.3223,-77.4792,20,9/15/1963,,Cudayari,Pacifico,Patía,Río Guáitara,2020,15,Andes,Preliminar,0,0,0,5.40355730056763,5.40355730056763,0,0.924237489700317,0,3.93818187713623,4.62545442581177,5,5,0.789855062961578,0.967391312122345,1,1,63,1.03999996185303,0
11,2022-11-12,52050040,3,En revisión,SANDONA [52050040],Pluviométrica,Convencional,Activa,Nariño,Sandoná,1.3223,-77.4792,20,9/15/1963,,Cudayari,Pacifico,Patía,Río Guáitara,2022,12,Andes,En revisión,3,3,0,6.39873266220093,6.39873266220093,0,6.16055154800415,0.489220321178436,3.93818187713623,4.62545442581177,5,5,0.789855062961578,0.967391312122345,1,1,63,1.03999996185303,3.11999988555908
11,2019-11-14,52050040,12,Definitivo,SANDONA [52050040],Pluviométrica,Convencional,Activa,Nariño,Sandoná,1.3223,-77.4792,20,9/15/1963,,Cudayari,Pacifico,Patía,Río Guáitara,2019,14,Andes,Definitivo,12,12,0,6.88249492645264,6.88249492645264,13.2822675704956,4.98702478408814,7.42136764526367,3.93818187713623,4.62545442581177,5,5,0.789855062961578,0.967391312122345,1,1,63,1.03999996185303,12.4799995422363
11,2020-11-11,52050040,3,En revisión,SANDONA [52050040],Pluviométrica,Convencional,Activa,Nariño,Sandoná,1.3223,-77.4792,20,9/15/1963,,Cudayari,Pacifico,Patía,Río Guáitara,2020,11,Andes,En revisión,3,3,0,1.68105387687683,1.68105387687683,0,1.63890647888184,0,3.93818187713623,4.62545442581177,5,5,0.789855062961578,0.967391312122345,1,1,63,1.03999996185303,3.11999988555908
11,2021-11-09,52050040,11,En revisión,SANDONA [52050040],Pluviométrica,Convencional,Activa,Nariño,Sandoná,1.3223,-77.4792,20,9/15/1963,,Cudayari,Pacifico,Patía,Río Guáitara,2021,09,Andes,En revisión,11,11,0,15.9251928329468,15.9251928329468,25.1548881530762,4.80666017532349,27.5283737182617,3.93818187713623,4.62545442581177,5,5,0.789855062961578,0.967391312122345,1,1,62,1.03999996185303,11.4399995803833
11,2022-11-07,52050040,,"",SANDONA [52050040],Pluviométrica,Convencional,Activa,Nariño,Sandoná,1.3223,-77.4792,20,9/15/1963,,Cudayari,Pacifico,Patía,Río Guáitara,2022,07,Andes,Preliminar,0,0,0,5.12141370773315,5.12141370773315,0,1.64050352573395,1.78011405467987,3.93818187713623,4.62545442581177,5,5,0.789855062961578,0.967391312122345,1,1,62,1.03999996185303,0
11,2023-11-05,52050040,8,En revisión,SANDONA [52050040],Pluviométrica,Convencional,Activa,Nariño,Sandoná,1.3223,-77.4792,20,9/15/1963,,Cudayari,Pacifico,Patía,Río Guáitara,2023,05,Andes,En revisión,8,8,0,3.33512139320374,3.33512139320374,6.7365574836731,16.5686874389648,2.49686622619629,3.93818187713623,4.62545442581177,5,5,0.789855062961578,0.967391312122345,1,1,61,1.03999996185303,8.31999969482422
11,2019-11-25,52050040,,"",SANDONA [52050040],Pluviométrica,Convencional,Activa,Nariño,Sandoná,1.3223,-77.4792,20,9/15/1963,,Cudayari,Pacifico,Patía,Río Guáitara,2019,25,Andes,Preliminar,0,0,0,1.64219784736633,1.64219784736633,0,1.82407987117767,0,3.93818187713623,4.62545442581177,5,5,0.789855062961578,0.967391312122345,1,1,65,1.03999996185303,0
11,2022-11-23,52050040,,"",SANDONA [52050040],Pluviométrica,Convencional,Activa,Nariño,Sandoná,1.3223,-77.4792,20,9/15/1963,,Cudayari,Pacifico,Patía,Río Guáitara,2022,23,Andes,Preliminar,0,0,0,3.1884036064148,3.1884036064148,8.77776050567627,1.71182417869568,0,3.93818187713623,4.62545442581177,5,5,0.789855062961578,0.967391312122345,1,1,65,1.03999996185303,0
11,2001-11-30,52050040,10,Definitivo,SANDONA [52050040],Pluviométrica,Convencional,Activa,Nariño,Sandoná,1.3223,-77.4792,20,9/15/1963,,Cudayari,Pacifico,Patía,Río Guáitara,2001,30,Andes,Definitivo,10,10,0,0.461366653442383,0.461366653442383,14.2693014144897,12.1666145324707,37.9193992614746,3.93818187713623,4.62545442581177,5,5,0.789855062961578,0.967391312122345,1,1,66,1.03999996185303,10.3999996185303
11,2002-11-28,52050040,,"",SANDONA [52050040],Pluviométrica,Convencional,Activa,Nariño,Sandoná,1.3223,-77.4792,20,9/15/1963,,Cudayari,Pacifico,Patía,Río Guáitara,2002,28,Andes,Preliminar,0,0,0,2.27498030662537,2.27498030662537,0,0.243038401007652,0,3.93818187713623,4.62545442581177,5,5,0.789855062961578,0.967391312122345,1,1,66,1.03999996185303,0
11,2002-11-29,52050040,,"",SANDONA [52050040],Pluviométrica,Convencional,Activa,Nariño,Sandoná,1.3223,-77.4792,20,9/15/1963,,Cudayari,Pacifico,Patía,Río Guáitara,2002,29,Andes,Preliminar,0,0,0,3.12327790260315,3.12327790260315,0,0.762994885444641,0.174740135669708,3.93818187713623,4.62545442581177,5,5,0.789855062961578,0.967391312122345,1,1,66,1.03999996185303,0
11,2004-11-23,52050040,,"",SANDONA [52050040],Pluviométrica,Convencional,Activa,Nariño,Sandoná,1.3223,-77.4792,20,9/15/1963,,Cudayari,Pacifico,Patía,Río Guáitara,2004,23,Andes,Preliminar,0,0,0,4.38328838348389,4.38328838348389,0,4.65876007080078,0.754637658596039,3.93818187713623,4.62545442581177,5,5,0.789855062961578,0.967391312122345,1,1,65,1.03999996185303,0
11,2005-11-21,52050040,8,Definitivo,SANDONA [52050040],Pluviométrica,Convencional,Activa,Nariño,Sandoná,1.3223,-77.4792,20,9/15/1963,,Cudayari,Pacifico,Patía,Río Guáitara,2005,21,Andes,Definitivo,8,8,0,30.2267894744873,30.2267894744873,16.2133598327637,16.4539337158203,17.1072673797607,3.93818187713623,4.62545442581177,5,5,0.789855062961578,0.967391312122345,1,1,65,1.03999996185303,8.31999969482422
11,2006-11-19,52050040,4,Definitivo,SANDONA [52050040],Pluviométrica,Convencional,Activa,Nariño,Sandoná,1.3223,-77.4792,20,9/15/1963,,Cudayari,Pacifico,Patía,Río Guáitara,2006,19,Andes,Definitivo,4,4,0,9.38671493530273,9.38671493530273,0,11.6266841888428,5.15736770629883,3.93818187713623,4.62545442581177,5,5,0.789855062961578,0.967391312122345,1,1,64,1.03999996185303,4.15999984741211
11,2007-11-17,52050040,,"",SANDONA [52050040],Pluviométrica,Convencional,Activa,Nariño,Sandoná,1.3223,-77.4792,20,9/15/1963,,Cudayari,Pacifico,Patía,Río Guáitara,2007,17,Andes,Preliminar,0,0,0,7.00725650787354,7.00725650787354,11.3528327941895,4.87836408615112,5.29059600830078,3.93818187713623,4.62545442581177,5,5,0.789855062961578,0.967391312122345,1,1,64,1.03999996185303,0
11,2008-11-14,52050040,,"",SANDONA [52050040],Pluviométrica,Convencional,Activa,Nariño,Sandoná,1.3223,-77.4792,20,9/15/1963,,Cudayari,Pacifico,Patía,Río Guáitara,2008,14,Andes,Preliminar,0,0,0,0.0430149435997009,0.0430149435997009,0,6.70182847976685,1.66787052154541,3.93818187713623,4.62545442581177,5,5,0.789855062961578,0.967391312122345,1,1,63,1.03999996185303,0
11,2009-11-12,52050040,12,Definitivo,SANDONA [52050040],Pluviométrica,Convencional,Activa,Nariño,Sandoná,1.3223,-77.4792,20,9/15/1963,,Cudayari,Pacifico,Patía,Río Guáitara,2009,12,Andes,Definitivo,12,12,0,6.47248268127441,6.47248268127441,0,0.909521996974945,2.49060702323914,3.93818187713623,4.62545442581177,5,5,0.789855062961578,0.967391312122345,1,1,63,1.03999996185303,12.4799995422363
11,2007-11-13,52050040,4,Definitivo,SANDONA [52050040],Pluviométrica,Convencional,Activa,Nariño,Sandoná,1.3223,-77.4792,20,9/15/1963,,Cudayari,Pacifico,Patía,Río Guáitara,2007,13,Andes,Definitivo,4,4,0,16.2670135498047,16.2670135498047,0,7.13863039016724,0.183137401938438,3.93818187713623,4.62545442581177,5,5,0.789855062961578,0.967391312122345,1,1,63,1.03999996185303,4.15999984741211
11,2005-11-13,52050040,10,Definitivo,SANDONA [52050040],Pluviométrica,Convencional,Activa,Nariño,Sandoná,1.3223,-77.4792,20,9/15/1963,,Cudayari,Pacifico,Patía,Río Guáitara,2005,13,Andes,Definitivo,10,10,0,17.4961757659912,17.4961757659912,0,11.4376525878906,13.1292524337769,3.93818187713623,4.62545442581177,5,5,0.789855062961578,0.967391312122345,1,1,63,1.03999996185303,10.3999996185303
11,2006-11-11,52050040,7,Definitivo,SANDONA [52050040],Pluviométrica,Convencional,Activa,Nariño,Sandoná,1.3223,-77.4792,20,9/15/1963,,Cudayari,Pacifico,Patía,Río Guáitara,2006,11,Andes,Definitivo,7,7,0,16.2039909362793,16.2039909362793,23.7208080291748,9.9848051071167,20.9999828338623,3.93818187713623,4.62545442581177,5,5,0.789855062961578,0.967391312122345,1,1,63,1.03999996185303,7.27999973297119
11,2006-11-10,52050040,13,Definitivo,SANDONA [52050040],Pluviométrica,Convencional,Activa,Nariño,Sandoná,1.3223,-77.4792,20,9/15/1963,,Cudayari,Pacifico,Patía,Río Guáitara,2006,10,Andes,Definitivo,13,13,0,7.53841638565064,7.53841638565064,24.1179256439209,6.44522905349731,12.4613313674927,3.93818187713623,4.62545442581177,5,5,0.789855062961578,0.967391312122345,1,1,62,1.03999996185303,13.5199995040894
11,2004-11-10,52050040,0,Definitivo,SANDONA [52050040],Pluviométrica,Convencional,Activa,Nariño,Sandoná,1.3223,-77.4792,20,9/15/1963,,Cudayari,Pacifico,Patía,Río Guáitara,2004,10,Andes,Definitivo,0,0,0,14.6816844940186,14.6816844940186,0,0,0,3.93818187713623,4.62545442581177,5,5,0.789855062961578,0.967391312122345,1,1,62,1.03999996185303,0
11,2005-11-10,52050040,4,Definitivo,SANDONA [52050040],Pluviométrica,Convencional,Activa,Nariño,Sandoná,1.3223,-77.4792,20,9/15/1963,,Cudayari,Pacifico,Patía,Río Guáitara,2005,10,Andes,Definitivo,4,4,0,9.78828239440918,9.78828239440918,0,3.15619683265686,0.126468881964684,3.93818187713623,4.62545442581177,5,5,0.789855062961578,0.967391312122345,1,1,62,1.03999996185303,4.15999984741211
11,2010-11-09,52050040,13,Definitivo,SANDONA [52050040],Pluviométrica,Convencional,Activa,Nariño,Sandoná,1.3223,-77.4792,20,9/15/1963,,Cudayari,Pacifico,Patía,Río Guáitara,2010,09,Andes,Definitivo,13,13,0,1.55271947383881,1.55271947383881,0,0,0,3.93818187713623,4.62545442581177,5,5,0.789855062961578,0.967391312122345,1,1,62,1.03999996185303,13.5199995040894
11,2010-11-10,52050040,1,Definitivo,SANDONA [52050040],Pluviométrica,Convencional,Activa,Nariño,Sandoná,1.3223,-77.4792,20,9/15/1963,,Cudayari,Pacifico,Patía,Río Guáitara,2010,10,Andes,Definitivo,1,1,0,18.1335468292236,18.1335468292236,0,0,0,3.93818187713623,4.62545442581177,5,5,0.789855062961578,0.967391312122345,1,1,62,1.03999996185303,1.03999996185303
11,2012-11-11,52050040,10,Definitivo,SANDONA [52050040],Pluviométrica,Convencional,Activa,Nariño,Sandoná,1.3223,-77.4792,20,9/15/1963,,Cudayari,Pacifico,Patía,Río Guáitara,2012,11,Andes,Definitivo,10,10,0,9.76051425933838,9.76051425933838,85.8810958862305,8.06888389587402,10.4468955993652,3.93818187713623,4.62545442581177,5,5,0.789855062961578,0.967391312122345,1,1,63,1.03999996185303,10.3999996185303
11,2011-11-16,52050040,,"",SANDONA [52050040],Pluviométrica,Convencional,Activa,Nariño,Sandoná,1.3223,-77.4792,20,9/15/1963,,Cudayari,Pacifico,Patía,Río Guáitara,2011,16,Andes,Preliminar,0,0,0,14.8966789245605,14.8966789245605,2.22446870803833,0.800449311733246,3.56901454925537,3.93818187713623,4.62545442581177,5,5,0.789855062961578,0.967391312122345,1,1,64,1.03999996185303,0
11,2011-11-17,52050040,,"",SANDONA [52050040],Pluviométrica,Convencional,Activa,Nariño,Sandoná,1.3223,-77.4792,20,9/15/1963,,Cudayari,Pacifico,Patía,Río Guáitara,2011,17,Andes,Preliminar,0,0,0,3.43077373504639,3.43077373504639,4.44893741607666,2.1535370349884,3.01059746742249,3.93818187713623,4.62545442581177,5,5,0.789855062961578,0.967391312122345,1,1,64,1.03999996185303,0
11,2010-11-21,52050040,3,Definitivo,SANDONA [52050040],Pluviométrica,Convencional,Activa,Nariño,Sandoná,1.3223,-77.4792,20,9/15/1963,,Cudayari,Pacifico,Patía,Río Guáitara,2010,21,Andes,Definitivo,3,3,0,12.974835395813,12.974835395813,0,5.90208148956299,2.72247052192688,3.93818187713623,4.62545442581177,5,5,0.789855062961578,0.967391312122345,1,1,65,1.03999996185303,3.11999988555908
11,2012-11-22,52050040,0,Definitivo,SANDONA [52050040],Pluviométrica,Convencional,Activa,Nariño,Sandoná,1.3223,-77.4792,20,9/15/1963,,Cudayari,Pacifico,Patía,Río Guáitara,2012,22,Andes,Definitivo,0,0,0,6.87623405456543,6.87623405456543,0,0,0,3.93818187713623,4.62545442581177,5,5,0.789855062961578,0.967391312122345,1,1,65,1.03999996185303,0
11,2012-11-23,52050040,,"",SANDONA [52050040],Pluviométrica,Convencional,Activa,Nariño,Sandoná,1.3223,-77.4792,20,9/15/1963,,Cudayari,Pacifico,Patía,Río Guáitara,2012,23,Andes,Preliminar,0,0,0,4.00346517562866,4.00346517562866,0,0,0,3.93818187713623,4.62545442581177,5,5,0.789855062961578,0.967391312122345,1,1,65,1.03999996185303,0
11,2012-11-24,52050040,1,Definitivo,SANDONA [52050040],Pluviométrica,Convencional,Activa,Nariño,Sandoná,1.3223,-77.4792,20,9/15/1963,,Cudayari,Pacifico,Patía,Río Guáitara,2012,24,Andes,Definitivo,1,1,0,5.94313955307007,5.94313955307007,0,0,0,3.93818187713623,4.62545442581177,5,5,0.789855062961578,0.967391312122345,1,1,65,1.03999996185303,1.03999996185303
11,2017-11-23,52050040,5,Definitivo,SANDONA [52050040],Pluviométrica,Convencional,Activa,Nariño,Sandoná,1.3223,-77.4792,20,9/15/1963,,Cudayari,Pacifico,Patía,Río Guáitara,2017,23,Andes,Definitivo,5,5,0,4.09533214569092,4.09533214569092,0,0,0,3.93818187713623,4.62545442581177,5,5,0.789855062961578,0.967391312122345,1,1,65,1.03999996185303,5.19999980926514
11,2017-11-24,52050040,12,Definitivo,SANDONA [52050040],Pluviométrica,Convencional,Activa,Nariño,Sandoná,1.3223,-77.4792,20,9/15/1963,,Cudayari,Pacifico,Patía,Río Guáitara,2017,24,Andes,Definitivo,12,12,0,3.51871037483215,3.51871037483215,0,0,0,3.93818187713623,4.62545442581177,5,5,0.789855062961578,0.967391312122345,1,1,65,1.03999996185303,12.4799995422363
11,2020-11-22,52050040,3,En revisión,SANDONA [52050040],Pluviométrica,Convencional,Activa,Nariño,Sandoná,1.3223,-77.4792,20,9/15/1963,,Cudayari,Pacifico,Patía,Río Guáitara,2020,22,Andes,En revisión,3,3,0,5.39619779586792,5.39619779586792,0,3.34764289855957,0.883435070514679,3.93818187713623,4.62545442581177,5,5,0.789855062961578,0.967391312122345,1,1,65,1.03999996185303,3.11999988555908
11,2020-11-23,52050040,1,En revisión,SANDONA [52050040],Pluviométrica,Convencional,Activa,Nariño,Sandoná,1.3223,-77.4792,20,9/15/1963,,Cudayari,Pacifico,Patía,Río Guáitara,2020,23,Andes,En revisión,1,1,0,4.00883197784424,4.00883197784424,26.6110534667969,0.678325891494751,2.11792969703674,3.93818187713623,4.62545442581177,5,5,0.789855062961578,0.967391312122345,1,1,65,1.03999996185303,1.03999996185303
11,2020-11-21,52050040,,"",SANDONA [52050040],Pluviométrica,Convencional,Activa,Nariño,Sandoná,1.3223,-77.4792,20,9/15/1963,,Cudayari,Pacifico,Patía,Río Guáitara,2020,21,Andes,Preliminar,2,2,0,9.28761100769043,9.28761100769043,0,5.2079348564148,17.334358215332,3.93818187713623,4.62545442581177,5,5,0.789855062961578,0.967391312122345,1,1,65,1.03999996185303,2.07999992370605
11,2022-11-18,52050040,,"",SANDONA [52050040],Pluviométrica,Convencional,Activa,Nariño,Sandoná,1.3223,-77.4792,20,9/15/1963,,Cudayari,Pacifico,Patía,Río Guáitara,2022,18,Andes,Preliminar,0,0,0,2.04153561592102,2.04153561592102,0,1.15669548511505,0.186728402972221,3.93818187713623,4.62545442581177,5,5,0.789855062961578,0.967391312122345,1,1,64,1.03999996185303,0
11,2020-11-18,52050040,,"",SANDONA [52050040],Pluviométrica,Convencional,Activa,Nariño,Sandoná,1.3223,-77.4792,20,9/15/1963,,Cudayari,Pacifico,Patía,Río Guáitara,2020,18,Andes,Preliminar,0,0,0,5.53699350357056,5.53699350357056,0,5.28638076782227,3.46072936058044,3.93818187713623,4.62545442581177,5,5,0.789855062961578,0.967391312122345,1,1,64,1.03999996185303,0
11,2018-11-19,52050040,0,Definitivo,SANDONA [52050040],Pluviométrica,Convencional,Activa,Nariño,Sandoná,1.3223,-77.4792,20,9/15/1963,,Cudayari,Pacifico,Patía,Río Guáitara,2018,19,Andes,Definitivo,0,0,0,23.7367763519287,23.7367763519287,0,12.7229814529419,3.86987233161926,3.93818187713623,4.62545442581177,5,5,0.789855062961578,0.967391312122345,1,1,64,1.03999996185303,0
11,2018-11-16,52050040,,"",SANDONA [52050040],Pluviométrica,Convencional,Activa,Nariño,Sandoná,1.3223,-77.4792,20,9/15/1963,,Cudayari,Pacifico,Patía,Río Guáitara,2018,16,Andes,Preliminar,2,2,0,6.43764543533325,6.43764543533325,7.56404972076416,5.58935213088989,19.1339340209961,3.93818187713623,4.62545442581177,5,5,0.789855062961578,0.967391312122345,1,1,64,1.03999996185303,2.07999992370605
11,2020-11-14,52050040,,"",SANDONA [52050040],Pluviométrica,Convencional,Activa,Nariño,Sandoná,1.3223,-77.4792,20,9/15/1963,,Cudayari,Pacifico,Patía,Río Guáitara,2020,14,Andes,Preliminar,0,0,0,2.47360897064209,2.47360897064209,0,1.72724223136902,1.42923367023468,3.93818187713623,4.62545442581177,5,5,0.789855062961578,0.967391312122345,1,1,63,1.03999996185303,0
11,2018-11-15,52050040,28,Definitivo,SANDONA [52050040],Pluviométrica,Convencional,Activa,Nariño,Sandoná,1.3223,-77.4792,20,9/15/1963,,Cudayari,Pacifico,Patía,Río Guáitara,2018,15,Andes,Definitivo,28,28,0,5.10881280899048,5.10881280899048,0,6.66024541854858,0.354426711797714,3.93818187713623,4.62545442581177,5,5,0.789855062961578,0.967391312122345,1,1,63,1.03999996185303,29.1199989318848
11,2019-11-13,52050040,21,Definitivo,SANDONA [52050040],Pluviométrica,Convencional,Activa,Nariño,Sandoná,1.3223,-77.4792,20,9/15/1963,,Cudayari,Pacifico,Patía,Río Guáitara,2019,13,Andes,Definitivo,21,21,0,20.956205368042,20.956205368042,40.4425849914551,44.5983619689941,61.4354438781738,3.93818187713623,4.62545442581177,5,5,0.789855062961578,0.967391312122345,1,1,63,1.03999996185303,21.8399991989136
11,2020-11-10,52050040,1,En revisión,SANDONA [52050040],Pluviométrica,Convencional,Activa,Nariño,Sandoná,1.3223,-77.4792,20,9/15/1963,,Cudayari,Pacifico,Patía,Río Guáitara,2020,10,Andes,En revisión,1,1,0,3.39280962944031,3.39280962944031,0,0.67143702507019,0,3.93818187713623,4.62545442581177,5,5,0.789855062961578,0.967391312122345,1,1,62,1.03999996185303,1.03999996185303
11,2021-11-08,52050040,15,En revisión,SANDONA [52050040],Pluviométrica,Convencional,Activa,Nariño,Sandoná,1.3223,-77.4792,20,9/15/1963,,Cudayari,Pacifico,Patía,Río Guáitara,2021,08,Andes,En revisión,15,15,0,14.0848302841187,14.0848302841187,8.3849630355835,10.6569194793701,22.0824947357178,3.93818187713623,4.62545442581177,5,5,0.789855062961578,0.967391312122345,1,1,62,1.03999996185303,15.5999994277954
11,2022-11-06,52050040,,"",SANDONA [52050040],Pluviométrica,Convencional,Activa,Nariño,Sandoná,1.3223,-77.4792,20,9/15/1963,,Cudayari,Pacifico,Patía,Río Guáitara,2022,06,Andes,Preliminar,0,0,0,7.32695388793945,7.32695388793945,0,0.490653604269028,0,3.93818187713623,4.62545442581177,5,5,0.789855062961578,0.967391312122345,1,1,62,1.03999996185303,0
11,2023-11-04,52050040,3,En revisión,SANDONA [52050040],Pluviométrica,Convencional,Activa,Nariño,Sandoná,1.3223,-77.4792,20,9/15/1963,,Cudayari,Pacifico,Patía,Río Guáitara,2023,04,Andes,En revisión,3,3,0,28.9890842437744,28.9890842437744,6.7365574836731,9.81906509399414,2.67363548278809,3.93818187713623,4.62545442581177,5,5,0.789855062961578,0.967391312122345,1,1,61,1.03999996185303,3.11999988555908
11,2023-11-03,52050040,0,En revisión,SANDONA [52050040],Pluviométrica,Convencional,Activa,Nariño,Sandoná,1.3223,-77.4792,20,9/15/1963,,Cudayari,Pacifico,Patía,Río Guáitara,2023,03,Andes,En revisión,0,0,0,9.28765296936035,9.28765296936035,0,6.04287433624268,0,3.93818187713623,4.62545442581177,5,5,0.789855062961578,0.967391312122345,1,1,61,1.03999996185303,0
11,2001-11-29,52050040,15,Definitivo,SANDONA [52050040],Pluviométrica,Convencional,Activa,Nariño,Sandoná,1.3223,-77.4792,20,9/15/1963,,Cudayari,Pacifico,Patía,Río Guáitara,2001,29,Andes,Definitivo,15,15,0,1.28523576259613,1.28523576259613,28.5386028289795,10.7031774520874,0.645436584949493,3.93818187713623,4.62545442581177,5,5,0.789855062961578,0.967391312122345,1,1,66,1.03999996185303,15.5999994277954
11,2003-11-26,52050040,0,Definitivo,SANDONA [52050040],Pluviométrica,Convencional,Activa,Nariño,Sandoná,1.3223,-77.4792,20,9/15/1963,,Cudayari,Pacifico,Patía,Río Guáitara,2003,26,Andes,Definitivo,0,0,0,8.68320655822754,8.68320655822754,0,3.66657257080078,2.03892803192139,3.93818187713623,4.62545442581177,5,5,0.789855062961578,0.967391312122345,1,1,66,1.03999996185303,0
11,2003-11-25,52050040,18,Definitivo,SANDONA [52050040],Pluviométrica,Convencional,Activa,Nariño,Sandoná,1.3223,-77.4792,20,9/15/1963,,Cudayari,Pacifico,Patía,Río Guáitara,2003,25,Andes,Definitivo,18,18,0,8.48968410491943,8.48968410491943,25.9089794158936,17.1966991424561,22.134428024292,3.93818187713623,4.62545442581177,5,5,0.789855062961578,0.967391312122345,1,1,65,1.03999996185303,18.7199993133545
11,2004-11-22,52050040,,"",SANDONA [52050040],Pluviométrica,Convencional,Activa,Nariño,Sandoná,1.3223,-77.4792,20,9/15/1963,,Cudayari,Pacifico,Patía,Río Guáitara,2004,22,Andes,Preliminar,0,0,0,1.85598695278168,1.85598695278168,0,1.89235782623291,0.154638856649399,3.93818187713623,4.62545442581177,5,5,0.789855062961578,0.967391312122345,1,1,65,1.03999996185303,0
11,2005-11-20,52050040,,"",SANDONA [52050040],Pluviométrica,Convencional,Activa,Nariño,Sandoná,1.3223,-77.4792,20,9/15/1963,,Cudayari,Pacifico,Patía,Río Guáitara,2005,20,Andes,Preliminar,0,0,0,1.23226726055145,1.23226726055145,6.76591157913208,0.95559549331665,21.6614665985107,3.93818187713623,4.62545442581177,5,5,0.789855062961578,0.967391312122345,1,1,64,1.03999996185303,0
11,2006-11-18,52050040,0,Definitivo,SANDONA [52050040],Pluviométrica,Convencional,Activa,Nariño,Sandoná,1.3223,-77.4792,20,9/15/1963,,Cudayari,Pacifico,Patía,Río Guáitara,2006,18,Andes,Definitivo,0,0,0,11.2485446929932,11.2485446929932,7.77130317687988,4.81931686401367,17.851634979248,3.93818187713623,4.62545442581177,5,5,0.789855062961578,0.967391312122345,1,1,64,1.03999996185303,0
11,2007-11-16,52050040,3,Definitivo,SANDONA [52050040],Pluviométrica,Convencional,Activa,Nariño,Sandoná,1.3223,-77.4792,20,9/15/1963,,Cudayari,Pacifico,Patía,Río Guáitara,2007,16,Andes,Definitivo,3,3,0,3.27312660217285,3.27312660217285,0,5.32401084899902,5.60852146148682,3.93818187713623,4.62545442581177,5,5,0.789855062961578,0.967391312122345,1,1,64,1.03999996185303,3.11999988555908
11,2005-11-16,52050040,,"",SANDONA [52050040],Pluviométrica,Convencional,Activa,Nariño,Sandoná,1.3223,-77.4792,20,9/15/1963,,Cudayari,Pacifico,Patía,Río Guáitara,2005,16,Andes,Preliminar,0,0,0,21.5353355407715,21.5353355407715,0,4.41467142105103,4.31019020080566,3.93818187713623,4.62545442581177,5,5,0.789855062961578,0.967391312122345,1,1,64,1.03999996185303,0
11,2006-11-14,52050040,22,Definitivo,SANDONA [52050040],Pluviométrica,Convencional,Activa,Nariño,Sandoná,1.3223,-77.4792,20,9/15/1963,,Cudayari,Pacifico,Patía,Río Guáitara,2006,14,Andes,Definitivo,22,22,0,12.7027721405029,12.7027721405029,0,14.3058261871338,13.7580690383911,3.93818187713623,4.62545442581177,5,5,0.789855062961578,0.967391312122345,1,1,63,1.03999996185303,22.8799991607666
11,2007-11-12,52050040,22,Definitivo,SANDONA [52050040],Pluviométrica,Convencional,Activa,Nariño,Sandoná,1.3223,-77.4792,20,9/15/1963,,Cudayari,Pacifico,Patía,Río Guáitara,2007,12,Andes,Definitivo,22,22,0,6.70418739318848,6.70418739318848,17.9520168304443,5.00781488418579,0.824118316173554,3.93818187713623,4.62545442581177,5,5,0.789855062961578,0.967391312122345,1,1,63,1.03999996185303,22.8799991607666
11,2005-11-12,52050040,0,Definitivo,SANDONA [52050040],Pluviométrica,Convencional,Activa,Nariño,Sandoná,1.3223,-77.4792,20,9/15/1963,,Cudayari,Pacifico,Patía,Río Guáitara,2005,12,Andes,Definitivo,0,0,0,10.0646896362305,10.0646896362305,0,6.6489052772522,18.616584777832,3.93818187713623,4.62545442581177,5,5,0.789855062961578,0.967391312122345,1,1,63,1.03999996185303,0
11,2004-11-13,52050040,5,Definitivo,SANDONA [52050040],Pluviométrica,Convencional,Activa,Nariño,Sandoná,1.3223,-77.4792,20,9/15/1963,,Cudayari,Pacifico,Patía,Río Guáitara,2004,13,Andes,Definitivo,5,5,0,13.4731569290161,13.4731569290161,0,19.1955966949463,25.9654293060303,3.93818187713623,4.62545442581177,5,5,0.789855062961578,0.967391312122345,1,1,63,1.03999996185303,5.19999980926514
11,2002-11-14,52050040,,"",SANDONA [52050040],Pluviométrica,Convencional,Activa,Nariño,Sandoná,1.3223,-77.4792,20,9/15/1963,,Cudayari,Pacifico,Patía,Río Guáitara,2002,14,Andes,Preliminar,0,0,0,4.18858814239502,4.18858814239502,0,7.73981285095215,0.127768665552139,3.93818187713623,4.62545442581177,5,5,0.789855062961578,0.967391312122345,1,1,63,1.03999996185303,0
11,2006-11-07,52050040,4,Definitivo,SANDONA [52050040],Pluviométrica,Convencional,Activa,Nariño,Sandoná,1.3223,-77.4792,20,9/15/1963,,Cudayari,Pacifico,Patía,Río Guáitara,2006,07,Andes,Definitivo,4,4,0,21.2480487823486,21.2480487823486,0,8.53889846801758,5.97327518463135,3.93818187713623,4.62545442581177,5,5,0.789855062961578,0.967391312122345,1,1,62,1.03999996185303,4.15999984741211
11,2005-11-11,52050040,33,Definitivo,SANDONA [52050040],Pluviométrica,Convencional,Activa,Nariño,Sandoná,1.3223,-77.4792,20,9/15/1963,,Cudayari,Pacifico,Patía,Río Guáitara,2005,11,Andes,Definitivo,33,33,0,12.3760585784912,12.3760585784912,0,7.84332895278931,4.34951829910278,3.93818187713623,4.62545442581177,5,5,0.789855062961578,0.967391312122345,1,1,63,1.03999996185303,34.3199987411499
11,2008-11-09,52050040,3,Definitivo,SANDONA [52050040],Pluviométrica,Convencional,Activa,Nariño,Sandoná,1.3223,-77.4792,20,9/15/1963,,Cudayari,Pacifico,Patía,Río Guáitara,2008,09,Andes,Definitivo,3,3,0,5.20114517211914,5.20114517211914,0,3.47178149223328,8.27441215515137,3.93818187713623,4.62545442581177,5,5,0.789855062961578,0.967391312122345,1,1,62,1.03999996185303,3.11999988555908
11,2010-11-11,52050040,5.5,Definitivo,SANDONA [52050040],Pluviométrica,Convencional,Activa,Nariño,Sandoná,1.3223,-77.4792,20,9/15/1963,,Cudayari,Pacifico,Patía,Río Guáitara,2010,11,Andes,Definitivo,5.5,5.5,0,21.4339847564697,21.4339847564697,71.947998046875,21.7646560668945,11.2111978530884,3.93818187713623,4.62545442581177,5,5,0.789855062961578,0.967391312122345,1,1,63,1.03999996185303,5.71999979019165
11,2012-11-12,52050040,2,Definitivo,SANDONA [52050040],Pluviométrica,Convencional,Activa,Nariño,Sandoná,1.3223,-77.4792,20,9/15/1963,,Cudayari,Pacifico,Patía,Río Guáitara,2012,12,Andes,Definitivo,2,2,0,6.7196946144104,6.7196946144104,0,9.76623725891113,0.31830883026123,3.93818187713623,4.62545442581177,5,5,0.789855062961578,0.967391312122345,1,1,63,1.03999996185303,2.07999992370605
11,2012-11-13,52050040,45,Definitivo,SANDONA [52050040],Pluviométrica,Convencional,Activa,Nariño,Sandoná,1.3223,-77.4792,20,9/15/1963,,Cudayari,Pacifico,Patía,Río Guáitara,2012,13,Andes,Definitivo,45,45,0,7.30445909500122,7.30445909500122,0,12.5664939880371,12.4649744033813,3.93818187713623,4.62545442581177,5,5,0.789855062961578,0.967391312122345,1,1,63,1.03999996185303,46.7999982833862
11,2011-11-18,52050040,,"",SANDONA [52050040],Pluviométrica,Convencional,Activa,Nariño,Sandoná,1.3223,-77.4792,20,9/15/1963,,Cudayari,Pacifico,Patía,Río Guáitara,2011,18,Andes,Preliminar,0,0,0,0.939609587192535,0.939609587192535,0,1.43195962905884,0,3.93818187713623,4.62545442581177,5,5,0.789855062961578,0.967391312122345,1,1,64,1.03999996185303,0
11,2010-11-22,52050040,7,Definitivo,SANDONA [52050040],Pluviométrica,Convencional,Activa,Nariño,Sandoná,1.3223,-77.4792,20,9/15/1963,,Cudayari,Pacifico,Patía,Río Guáitara,2010,22,Andes,Definitivo,7,7,0,2.75961637496948,2.75961637496948,0,2.79455065727234,4.74808311462402,3.93818187713623,4.62545442581177,5,5,0.789855062961578,0.967391312122345,1,1,65,1.03999996185303,7.27999973297119
11,2013-11-20,52050040,1,Definitivo,SANDONA [52050040],Pluviométrica,Convencional,Activa,Nariño,Sandoná,1.3223,-77.4792,20,9/15/1963,,Cudayari,Pacifico,Patía,Río Guáitara,2013,20,Andes,Definitivo,1,1,0,4.97046709060669,4.97046709060669,9.51586246490479,8.63384437561035,9.94666576385498,3.93818187713623,4.62545442581177,5,5,0.789855062961578,0.967391312122345,1,1,64,1.03999996185303,1.03999996185303
11,2013-11-21,52050040,23,Definitivo,SANDONA [52050040],Pluviométrica,Convencional,Activa,Nariño,Sandoná,1.3223,-77.4792,20,9/15/1963,,Cudayari,Pacifico,Patía,Río Guáitara,2013,21,Andes,Definitivo,23,23,0,5.6211953163147,5.6211953163147,19.3195457458496,2.28997182846069,2.66431641578674,3.93818187713623,4.62545442581177,5,5,0.789855062961578,0.967391312122345,1,1,65,1.03999996185303,23.9199991226196
11,2015-11-23,52050040,9,Definitivo,SANDONA [52050040],Pluviométrica,Convencional,Activa,Nariño,Sandoná,1.3223,-77.4792,20,9/15/1963,,Cudayari,Pacifico,Patía,Río Guáitara,2015,23,Andes,Definitivo,9,9,0,6.40697956085205,6.40697956085205,0,7.23382425308228,0.436866819858551,3.93818187713623,4.62545442581177,5,5,0.789855062961578,0.967391312122345,1,1,65,1.03999996185303,9.35999965667725
11,2015-11-24,52050040,10,Definitivo,SANDONA [52050040],Pluviométrica,Convencional,Activa,Nariño,Sandoná,1.3223,-77.4792,20,9/15/1963,,Cudayari,Pacifico,Patía,Río Guáitara,2015,24,Andes,Definitivo,10,10,0,6.83845663070679,6.83845663070679,0,10.1813535690308,7.1257848739624,3.93818187713623,4.62545442581177,5,5,0.789855062961578,0.967391312122345,1,1,65,1.03999996185303,10.3999996185303
11,2015-11-25,52050040,12,Definitivo,SANDONA [52050040],Pluviométrica,Convencional,Activa,Nariño,Sandoná,1.3223,-77.4792,20,9/15/1963,,Cudayari,Pacifico,Patía,Río Guáitara,2015,25,Andes,Definitivo,12,12,0,3.65672421455383,3.65672421455383,54.7787322998047,6.72174882888794,8.9460620880127,3.93818187713623,4.62545442581177,5,5,0.789855062961578,0.967391312122345,1,1,65,1.03999996185303,12.4799995422363
11,2018-11-23,52050040,,"",SANDONA [52050040],Pluviométrica,Convencional,Activa,Nariño,Sandoná,1.3223,-77.4792,20,9/15/1963,,Cudayari,Pacifico,Patía,Río Guáitara,2018,23,Andes,Preliminar,0,0,0,4.16411781311035,4.16411781311035,15.7239780426025,11.7836246490479,0.41467672586441,3.93818187713623,4.62545442581177,5,5,0.789855062961578,0.967391312122345,1,1,65,1.03999996185303,0
11,2022-11-20,52050040,1,En revisión,SANDONA [52050040],Pluviométrica,Convencional,Activa,Nariño,Sandoná,1.3223,-77.4792,20,9/15/1963,,Cudayari,Pacifico,Patía,Río Guáitara,2022,20,Andes,En revisión,1,1,0,3.51064300537109,3.51064300537109,0,0.666559338569641,0,3.93818187713623,4.62545442581177,5,5,0.789855062961578,0.967391312122345,1,1,64,1.03999996185303,1.03999996185303
11,2018-11-22,52050040,0,Definitivo,SANDONA [52050040],Pluviométrica,Convencional,Activa,Nariño,Sandoná,1.3223,-77.4792,20,9/15/1963,,Cudayari,Pacifico,Patía,Río Guáitara,2018,22,Andes,Definitivo,0,0,0,5.8357048034668,5.8357048034668,0,12.2023611068726,19.9612236022949,3.93818187713623,4.62545442581177,5,5,0.789855062961578,0.967391312122345,1,1,65,1.03999996185303,0
11,2022-11-17,52050040,5,En revisión,SANDONA [52050040],Pluviométrica,Convencional,Activa,Nariño,Sandoná,1.3223,-77.4792,20,9/15/1963,,Cudayari,Pacifico,Patía,Río Guáitara,2022,17,Andes,En revisión,5,5,0,1.64457321166992,1.64457321166992,0,2.23451137542725,5.55814981460571,3.93818187713623,4.62545442581177,5,5,0.789855062961578,0.967391312122345,1,1,64,1.03999996185303,5.19999980926514
11,2020-11-17,52050040,1,En revisión,SANDONA [52050040],Pluviométrica,Convencional,Activa,Nariño,Sandoná,1.3223,-77.4792,20,9/15/1963,,Cudayari,Pacifico,Patía,Río Guáitara,2020,17,Andes,En revisión,1,1,0,15.8024158477783,15.8024158477783,8.98201942443848,10.0615215301514,18.355842590332,3.93818187713623,4.62545442581177,5,5,0.789855062961578,0.967391312122345,1,1,64,1.03999996185303,1.03999996185303
11,2019-11-17,52050040,1,Definitivo,SANDONA [52050040],Pluviométrica,Convencional,Activa,Nariño,Sandoná,1.3223,-77.4792,20,9/15/1963,,Cudayari,Pacifico,Patía,Río Guáitara,2019,17,Andes,Definitivo,1,1,0,5.05728197097778,5.05728197097778,0,5.10378646850586,0.361287474632263,3.93818187713623,4.62545442581177,5,5,0.789855062961578,0.967391312122345,1,1,64,1.03999996185303,1.03999996185303
11,2019-11-16,52050040,1,Definitivo,SANDONA [52050040],Pluviométrica,Convencional,Activa,Nariño,Sandoná,1.3223,-77.4792,20,9/15/1963,,Cudayari,Pacifico,Patía,Río Guáitara,2019,16,Andes,Definitivo,1,1,0,6.99285840988159,6.99285840988159,47.4487075805664,1.89168047904968,32.8152236938477,3.93818187713623,4.62545442581177,5,5,0.789855062961578,0.967391312122345,1,1,64,1.03999996185303,1.03999996185303
11,2017-11-16,52050040,,"",SANDONA [52050040],Pluviométrica,Convencional,Activa,Nariño,Sandoná,1.3223,-77.4792,20,9/15/1963,,Cudayari,Pacifico,Patía,Río Guáitara,2017,16,Andes,Preliminar,0,0,0,8.30809307098389,8.30809307098389,34.3428993225098,1.30760633945465,0.386226624250412,3.93818187713623,4.62545442581177,5,5,0.789855062961578,0.967391312122345,1,1,64,1.03999996185303,0
11,2018-11-14,52050040,5,Definitivo,SANDONA [52050040],Pluviométrica,Convencional,Activa,Nariño,Sandoná,1.3223,-77.4792,20,9/15/1963,,Cudayari,Pacifico,Patía,Río Guáitara,2018,14,Andes,Definitivo,5,5,0,9.99255657196045,9.99255657196045,0,17.6138381958008,14.1256189346313,3.93818187713623,4.62545442581177,5,5,0.789855062961578,0.967391312122345,1,1,63,1.03999996185303,5.19999980926514
11,2019-11-12,52050040,50,Definitivo,SANDONA [52050040],Pluviométrica,Convencional,Activa,Nariño,Sandoná,1.3223,-77.4792,20,9/15/1963,,Cudayari,Pacifico,Patía,Río Guáitara,2019,12,Andes,Definitivo,50,50,0,11.9402723312378,11.9402723312378,23.0430793762207,11.0094194412231,34.9377555847168,3.93818187713623,4.62545442581177,5,5,0.789855062961578,0.967391312122345,1,1,63,1.03999996185303,51.9999980926514
11,2020-11-09,52050040,,"",SANDONA [52050040],Pluviométrica,Convencional,Activa,Nariño,Sandoná,1.3223,-77.4792,20,9/15/1963,,Cudayari,Pacifico,Patía,Río Guáitara,2020,09,Andes,Preliminar,0,0,0,2.06327271461487,2.06327271461487,0,0.457607269287109,0,3.93818187713623,4.62545442581177,5,5,0.789855062961578,0.967391312122345,1,1,62,1.03999996185303,0
11,2021-11-07,52050040,,"",SANDONA [52050040],Pluviométrica,Convencional,Activa,Nariño,Sandoná,1.3223,-77.4792,20,9/15/1963,,Cudayari,Pacifico,Patía,Río Guáitara,2021,07,Andes,Preliminar,0,0,0,4.34060382843018,4.34060382843018,0,12.1843729019165,0.697588801383972,3.93818187713623,4.62545442581177,5,5,0.789855062961578,0.967391312122345,1,1,62,1.03999996185303,0
11,2022-11-05,52050040,,"",SANDONA [52050040],Pluviométrica,Convencional,Activa,Nariño,Sandoná,1.3223,-77.4792,20,9/15/1963,,Cudayari,Pacifico,Patía,Río Guáitara,2022,05,Andes,Preliminar,0,0,0,6.66006326675415,6.66006326675415,0,1.96006989479065,0.538216829299927,3.93818187713623,4.62545442581177,5,5,0.789855062961578,0.967391312122345,1,1,61,1.03999996185303,0
11,2022-11-04,52050040,,"",SANDONA [52050040],Pluviométrica,Convencional,Activa,Nariño,Sandoná,1.3223,-77.4792,20,9/15/1963,,Cudayari,Pacifico,Patía,Río Guáitara,2022,04,Andes,Preliminar,0,0,0,3.71708726882935,3.71708726882935,0,2.98544049263001,0.264215558767319,3.93818187713623,4.62545442581177,5,5,0.789855062961578,0.967391312122345,1,1,61,1.03999996185303,0
11,2023-11-02,52050040,5,En revisión,SANDONA [52050040],Pluviométrica,Convencional,Activa,Nariño,Sandoná,1.3223,-77.4792,20,9/15/1963,,Cudayari,Pacifico,Patía,Río Guáitara,2023,02,Andes,En revisión,5,5,0,13.1490640640259,13.1490640640259,20.2096729278564,9.56258773803711,31.0524787902832,3.93818187713623,4.62545442581177,5,5,0.789855062961578,0.967391312122345,1,1,61,1.03999996185303,5.19999980926514
11,2002-11-27,52050040,,"",SANDONA [52050040],Pluviométrica,Convencional,Activa,Nariño,Sandoná,1.3223,-77.4792,20,9/15/1963,,Cudayari,Pacifico,Patía,Río Guáitara,2002,27,Andes,Preliminar,0,0,0,3.66310429573059,3.66310429573059,0,0.0925530940294266,0,3.93818187713623,4.62545442581177,5,5,0.789855062961578,0.967391312122345,1,1,66,1.03999996185303,0
11,2001-11-28,52050040,3,Definitivo,SANDONA [52050040],Pluviométrica,Convencional,Activa,Nariño,Sandoná,1.3223,-77.4792,20,9/15/1963,,Cudayari,Pacifico,Patía,Río Guáitara,2001,28,Andes,Definitivo,3,3,0,1.318190574646,1.318190574646,14.2693014144897,6.14663553237915,10.4644393920898,3.93818187713623,4.62545442581177,5,5,0.789855062961578,0.967391312122345,1,1,66,1.03999996185303,3.11999988555908
11,2002-11-26,52050040,,"",SANDONA [52050040],Pluviométrica,Convencional,Activa,Nariño,Sandoná,1.3223,-77.4792,20,9/15/1963,,Cudayari,Pacifico,Patía,Río Guáitara,2002,26,Andes,Preliminar,0,0,0,5.08978700637817,5.08978700637817,0,0.108792088925838,0,3.93818187713623,4.62545442581177,5,5,0.789855062961578,0.967391312122345,1,1,66,1.03999996185303,0
11,2003-11-24,52050040,25,Definitivo,SANDONA [52050040],Pluviométrica,Convencional,Activa,Nariño,Sandoná,1.3223,-77.4792,20,9/15/1963,,Cudayari,Pacifico,Patía,Río Guáitara,2003,24,Andes,Definitivo,25,25,0,21.9998455047607,21.9998455047607,0,5.51335859298706,5.97741413116455,3.93818187713623,4.62545442581177,5,5,0.789855062961578,0.967391312122345,1,1,65,1.03999996185303,25.9999990463257
11,2004-11-21,52050040,,"",SANDONA [52050040],Pluviométrica,Convencional,Activa,Nariño,Sandoná,1.3223,-77.4792,20,9/15/1963,,Cudayari,Pacifico,Patía,Río Guáitara,2004,21,Andes,Preliminar,0,0,0,1.83624255657196,1.83624255657196,0,0.984637379646301,3.08659195899963,3.93818187713623,4.62545442581177,5,5,0.789855062961578,0.967391312122345,1,1,65,1.03999996185303,0
11,2005-11-19,52050040,,"",SANDONA [52050040],Pluviométrica,Convencional,Activa,Nariño,Sandoná,1.3223,-77.4792,20,9/15/1963,,Cudayari,Pacifico,Patía,Río Guáitara,2005,19,Andes,Preliminar,0,0,0,0.293396949768066,0.293396949768066,0,3.8655731678009,0,3.93818187713623,4.62545442581177,5,5,0.789855062961578,0.967391312122345,1,1,64,1.03999996185303,0
11,2006-11-17,52050040,2,Definitivo,SANDONA [52050040],Pluviométrica,Convencional,Activa,Nariño,Sandoná,1.3223,-77.4792,20,9/15/1963,,Cudayari,Pacifico,Patía,Río Guáitara,2006,17,Andes,Definitivo,2,2,0,2.05576848983765,2.05576848983765,15.5426063537598,4.32697248458862,5.37693738937378,3.93818187713623,4.62545442581177,5,5,0.789855062961578,0.967391312122345,1,1,64,1.03999996185303,2.07999992370605
11,2007-11-15,52050040,,"",SANDONA [52050040],Pluviométrica,Convencional,Activa,Nariño,Sandoná,1.3223,-77.4792,20,9/15/1963,,Cudayari,Pacifico,Patía,Río Guáitara,2007,15,Andes,Preliminar,0,0,0,3.86256504058838,3.86256504058838,0,1.92226088047028,2.56392359733582,3.93818187713623,4.62545442581177,5,5,0.789855062961578,0.967391312122345,1,1,63,1.03999996185303,0
11,2005-11-15,52050040,6,Definitivo,SANDONA [52050040],Pluviométrica,Convencional,Activa,Nariño,Sandoná,1.3223,-77.4792,20,9/15/1963,,Cudayari,Pacifico,Patía,Río Guáitara,2005,15,Andes,Definitivo,6,6,0,4.02294969558716,4.02294969558716,29.8396148681641,6.42751789093018,13.6941232681274,3.93818187713623,4.62545442581177,5,5,0.789855062961578,0.967391312122345,1,1,63,1.03999996185303,6.23999977111816
11,2006-11-13,52050040,3,Definitivo,SANDONA [52050040],Pluviométrica,Convencional,Activa,Nariño,Sandoná,1.3223,-77.4792,20,9/15/1963,,Cudayari,Pacifico,Patía,Río Guáitara,2006,13,Andes,Definitivo,3,3,0,17.4916286468506,17.4916286468506,11.8604040145874,10.5783929824829,11.0639772415161,3.93818187713623,4.62545442581177,5,5,0.789855062961578,0.967391312122345,1,1,63,1.03999996185303,3.11999988555908
11,2006-11-12,52050040,2,Definitivo,SANDONA [52050040],Pluviométrica,Convencional,Activa,Nariño,Sandoná,1.3223,-77.4792,20,9/15/1963,,Cudayari,Pacifico,Patía,Río Guáitara,2006,12,Andes,Definitivo,2,2,0,9.34623050689697,9.34623050689697,23.7208080291748,9.70876789093018,3.52321624755859,3.93818187713623,4.62545442581177,5,5,0.789855062961578,0.967391312122345,1,1,63,1.03999996185303,2.07999992370605
11,2004-11-12,52050040,15,Definitivo,SANDONA [52050040],Pluviométrica,Convencional,Activa,Nariño,Sandoná,1.3223,-77.4792,20,9/15/1963,,Cudayari,Pacifico,Patía,Río Guáitara,2004,12,Andes,Definitivo,15,15,0,4.81966543197632,4.81966543197632,0,10.745189666748,0.456165611743927,3.93818187713623,4.62545442581177,5,5,0.789855062961578,0.967391312122345,1,1,63,1.03999996185303,15.5999994277954
11,2002-11-11,52050040,,"",SANDONA [52050040],Pluviométrica,Convencional,Activa,Nariño,Sandoná,1.3223,-77.4792,20,9/15/1963,,Cudayari,Pacifico,Patía,Río Guáitara,2002,11,Andes,Preliminar,0,0,0,3.14144134521484,3.14144134521484,0,1.16166126728058,0.364833414554596,3.93818187713623,4.62545442581177,5,5,0.789855062961578,0.967391312122345,1,1,63,1.03999996185303,0
11,2006-11-08,52050040,2,Definitivo,SANDONA [52050040],Pluviométrica,Convencional,Activa,Nariño,Sandoná,1.3223,-77.4792,20,9/15/1963,,Cudayari,Pacifico,Patía,Río Guáitara,2006,08,Andes,Definitivo,2,2,0,8.49169445037842,8.49169445037842,0,16.0062561035156,3.2746422290802,3.93818187713623,4.62545442581177,5,5,0.789855062961578,0.967391312122345,1,1,62,1.03999996185303,2.07999992370605
11,2009-11-06,52050040,1,Definitivo,SANDONA [52050040],Pluviométrica,Convencional,Activa,Nariño,Sandoná,1.3223,-77.4792,20,9/15/1963,,Cudayari,Pacifico,Patía,Río Guáitara,2009,06,Andes,Definitivo,1,1,0,0.262024611234665,0.262024611234665,0,2.22591471672058,0,3.93818187713623,4.62545442581177,5,5,0.789855062961578,0.967391312122345,1,1,62,1.03999996185303,1.03999996185303
11,2008-11-10,52050040,1,Definitivo,SANDONA [52050040],Pluviométrica,Convencional,Activa,Nariño,Sandoná,1.3223,-77.4792,20,9/15/1963,,Cudayari,Pacifico,Patía,Río Guáitara,2008,10,Andes,Definitivo,1,1,0,6.82949638366699,6.82949638366699,14.8036193847656,3.30979061126709,8.3803071975708,3.93818187713623,4.62545442581177,5,5,0.789855062961578,0.967391312122345,1,1,62,1.03999996185303,1.03999996185303
11,2013-11-09,52050040,1,Definitivo,SANDONA [52050040],Pluviométrica,Convencional,Activa,Nariño,Sandoná,1.3223,-77.4792,20,9/15/1963,,Cudayari,Pacifico,Patía,Río Guáitara,2013,09,Andes,Definitivo,1,1,0,5.11428833007813,5.11428833007813,14.0668621063232,2.16564750671387,3.76071286201477,3.93818187713623,4.62545442581177,5,5,0.789855062961578,0.967391312122345,1,1,62,1.03999996185303,1.03999996185303
11,2013-11-10,52050040,,"",SANDONA [52050040],Pluviométrica,Convencional,Activa,Nariño,Sandoná,1.3223,-77.4792,20,9/15/1963,,Cudayari,Pacifico,Patía,Río Guáitara,2013,10,Andes,Preliminar,0,0,0,5.77926158905029,5.77926158905029,0,1.12819838523865,3.31489729881287,3.93818187713623,4.62545442581177,5,5,0.789855062961578,0.967391312122345,1,1,62,1.03999996185303,0
11,2012-11-14,52050040,23,Definitivo,SANDONA [52050040],Pluviométrica,Convencional,Activa,Nariño,Sandoná,1.3223,-77.4792,20,9/15/1963,,Cudayari,Pacifico,Patía,Río Guáitara,2012,14,Andes,Definitivo,23,23,0,19.3287181854248,19.3287181854248,0,23.3822803497315,20.5181846618652,3.93818187713623,4.62545442581177,5,5,0.789855062961578,0.967391312122345,1,1,63,1.03999996185303,23.9199991226196
11,2011-11-19,52050040,,"",SANDONA [52050040],Pluviométrica,Convencional,Activa,Nariño,Sandoná,1.3223,-77.4792,20,9/15/1963,,Cudayari,Pacifico,Patía,Río Guáitara,2011,19,Andes,Preliminar,0,0,0,2.57025790214539,2.57025790214539,0,0.960201025009155,0,3.93818187713623,4.62545442581177,5,5,0.789855062961578,0.967391312122345,1,1,64,1.03999996185303,0
11,2011-11-20,52050040,,"",SANDONA [52050040],Pluviométrica,Convencional,Activa,Nariño,Sandoná,1.3223,-77.4792,20,9/15/1963,,Cudayari,Pacifico,Patía,Río Guáitara,2011,20,Andes,Preliminar,0,0,0,3.04090809822083,3.04090809822083,4.44893741607666,3.97699332237244,2.74352812767029,3.93818187713623,4.62545442581177,5,5,0.789855062961578,0.967391312122345,1,1,64,1.03999996185303,0
11,2011-11-21,52050040,,"",SANDONA [52050040],Pluviométrica,Convencional,Activa,Nariño,Sandoná,1.3223,-77.4792,20,9/15/1963,,Cudayari,Pacifico,Patía,Río Guáitara,2011,21,Andes,Preliminar,0,0,0,4.59349918365479,4.59349918365479,0,13.8946189880371,1.05224192142487,3.93818187713623,4.62545442581177,5,5,0.789855062961578,0.967391312122345,1,1,65,1.03999996185303,0
11,2013-11-22,52050040,3,Definitivo,SANDONA [52050040],Pluviométrica,Convencional,Activa,Nariño,Sandoná,1.3223,-77.4792,20,9/15/1963,,Cudayari,Pacifico,Patía,Río Guáitara,2013,22,Andes,Definitivo,3,3,0,17.0301952362061,17.0301952362061,19.3195457458496,8.8029375076294,25.3652667999268,3.93818187713623,4.62545442581177,5,5,0.789855062961578,0.967391312122345,1,1,65,1.03999996185303,3.11999988555908
11,2016-11-20,52050040,,"",SANDONA [52050040],Pluviométrica,Convencional,Activa,Nariño,Sandoná,1.3223,-77.4792,20,9/15/1963,,Cudayari,Pacifico,Patía,Río Guáitara,2016,20,Andes,Preliminar,0,0,0,2.57052993774414,2.57052993774414,0,3.56345391273499,1.66088199615479,3.93818187713623,4.62545442581177,5,5,0.789855062961578,0.967391312122345,1,1,64,1.03999996185303,0
11,2016-11-21,52050040,,"",SANDONA [52050040],Pluviométrica,Convencional,Activa,Nariño,Sandoná,1.3223,-77.4792,20,9/15/1963,,Cudayari,Pacifico,Patía,Río Guáitara,2016,21,Andes,Preliminar,0,0,0,0.737374603748322,0.737374603748322,0,0.777875363826752,0,3.93818187713623,4.62545442581177,5,5,0.789855062961578,0.967391312122345,1,1,65,1.03999996185303,0
11,2019-11-20,52050040,14,Definitivo,SANDONA [52050040],Pluviométrica,Convencional,Activa,Nariño,Sandoná,1.3223,-77.4792,20,9/15/1963,,Cudayari,Pacifico,Patía,Río Guáitara,2019,20,Andes,Definitivo,14,14,0,20.4195499420166,20.4195499420166,0,25.9369964599609,3.87093734741211,3.93818187713623,4.62545442581177,5,5,0.789855062961578,0.967391312122345,1,1,64,1.03999996185303,14.5599994659424
11,2018-11-24,52050040,,"",SANDONA [52050040],Pluviométrica,Convencional,Activa,Nariño,Sandoná,1.3223,-77.4792,20,9/15/1963,,Cudayari,Pacifico,Patía,Río Guáitara,2018,24,Andes,Preliminar,0,0,0,6.60621023178101,6.60621023178101,0,4.06904745101929,0,3.93818187713623,4.62545442581177,5,5,0.789855062961578,0.967391312122345,1,1,65,1.03999996185303,0
11,2020-11-20,52050040,24,En revisión,SANDONA [52050040],Pluviométrica,Convencional,Activa,Nariño,Sandoná,1.3223,-77.4792,20,9/15/1963,,Cudayari,Pacifico,Patía,Río Guáitara,2020,20,Andes,En revisión,24,24,0,13.8834285736084,13.8834285736084,8.98201942443848,9.72617816925049,9.97939491271973,3.93818187713623,4.62545442581177,5,5,0.789855062961578,0.967391312122345,1,1,64,1.03999996185303,24.9599990844727
11,2018-11-21,52050040,15,Definitivo,SANDONA [52050040],Pluviométrica,Convencional,Activa,Nariño,Sandoná,1.3223,-77.4792,20,9/15/1963,,Cudayari,Pacifico,Patía,Río Guáitara,2018,21,Andes,Definitivo,15,15,0,10.0893650054932,10.0893650054932,31.4479560852051,20.1493530273438,29.6166439056397,3.93818187713623,4.62545442581177,5,5,0.789855062961578,0.967391312122345,1,1,65,1.03999996185303,15.5999994277954
11,2019-11-19,52050040,15,Definitivo,SANDONA [52050040],Pluviométrica,Convencional,Activa,Nariño,Sandoná,1.3223,-77.4792,20,9/15/1963,,Cudayari,Pacifico,Patía,Río Guáitara,2019,19,Andes,Definitivo,15,15,0,11.755989074707,11.755989074707,0,8.1573543548584,12.5728044509888,3.93818187713623,4.62545442581177,5,5,0.789855062961578,0.967391312122345,1,1,64,1.03999996185303,15.5999994277954
11,2018-11-18,52050040,2,Definitivo,SANDONA [52050040],Pluviométrica,Convencional,Activa,Nariño,Sandoná,1.3223,-77.4792,20,9/15/1963,,Cudayari,Pacifico,Patía,Río Guáitara,2018,18,Andes,Definitivo,2,2,0,11.2808713912964,11.2808713912964,7.56404972076416,5.55261850357056,4.46180295944214,3.93818187713623,4.62545442581177,5,5,0.789855062961578,0.967391312122345,1,1,64,1.03999996185303,2.07999992370605
11,2018-11-17,52050040,6,Definitivo,SANDONA [52050040],Pluviométrica,Convencional,Activa,Nariño,Sandoná,1.3223,-77.4792,20,9/15/1963,,Cudayari,Pacifico,Patía,Río Guáitara,2018,17,Andes,Definitivo,6,6,0,8.81277847290039,8.81277847290039,0,2.10305190086365,0.0795710757374764,3.93818187713623,4.62545442581177,5,5,0.789855062961578,0.967391312122345,1,1,64,1.03999996185303,6.23999977111816
11,2019-11-15,52050040,10,Definitivo,SANDONA [52050040],Pluviométrica,Convencional,Activa,Nariño,Sandoná,1.3223,-77.4792,20,9/15/1963,,Cudayari,Pacifico,Patía,Río Guáitara,2019,15,Andes,Definitivo,10,10,0,4.66077184677124,4.66077184677124,8.99464702606201,4.77160978317261,3.78815150260925,3.93818187713623,4.62545442581177,5,5,0.789855062961578,0.967391312122345,1,1,63,1.03999996185303,10.3999996185303
11,2017-11-15,52050040,,"",SANDONA [52050040],Pluviométrica,Convencional,Activa,Nariño,Sandoná,1.3223,-77.4792,20,9/15/1963,,Cudayari,Pacifico,Patía,Río Guáitara,2017,15,Andes,Preliminar,0,0,0,4.91197729110718,4.91197729110718,0,0.639919996261597,0.765544831752777,3.93818187713623,4.62545442581177,5,5,0.789855062961578,0.967391312122345,1,1,63,1.03999996185303,0
11,2018-11-13,52050040,10,Definitivo,SANDONA [52050040],Pluviométrica,Convencional,Activa,Nariño,Sandoná,1.3223,-77.4792,20,9/15/1963,,Cudayari,Pacifico,Patía,Río Guáitara,2018,13,Andes,Definitivo,10,10,0,12.9436283111572,12.9436283111572,0,13.9651298522949,4.85335922241211,3.93818187713623,4.62545442581177,5,5,0.789855062961578,0.967391312122345,1,1,63,1.03999996185303,10.3999996185303
11,2019-11-11,52050040,8,Definitivo,SANDONA [52050040],Pluviométrica,Convencional,Activa,Nariño,Sandoná,1.3223,-77.4792,20,9/15/1963,,Cudayari,Pacifico,Patía,Río Guáitara,2019,11,Andes,Definitivo,8,8,0,9.50984477996826,9.50984477996826,18.352689743042,43.0335922241211,0.817280113697052,3.93818187713623,4.62545442581177,5,5,0.789855062961578,0.967391312122345,1,1,63,1.03999996185303,8.31999969482422
11,2020-11-08,52050040,,"",SANDONA [52050040],Pluviométrica,Convencional,Activa,Nariño,Sandoná,1.3223,-77.4792,20,9/15/1963,,Cudayari,Pacifico,Patía,Río Guáitara,2020,08,Andes,Preliminar,0,0,0,2.74568462371826,2.74568462371826,0,0.168684884905815,1.89849853515625,3.93818187713623,4.62545442581177,5,5,0.789855062961578,0.967391312122345,1,1,62,1.03999996185303,0
11,2021-11-06,52050040,6,En revisión,SANDONA [52050040],Pluviométrica,Convencional,Activa,Nariño,Sandoná,1.3223,-77.4792,20,9/15/1963,,Cudayari,Pacifico,Patía,Río Guáitara,2021,06,Andes,En revisión,6,6,0,9.5269832611084,9.5269832611084,0,16.6014251708984,1.51828134059906,3.93818187713623,4.62545442581177,5,5,0.789855062961578,0.967391312122345,1,1,62,1.03999996185303,6.23999977111816
11,2021-11-05,52050040,,"",SANDONA [52050040],Pluviométrica,Convencional,Activa,Nariño,Sandoná,1.3223,-77.4792,20,9/15/1963,,Cudayari,Pacifico,Patía,Río Guáitara,2021,05,Andes,Preliminar,0,0,0,4.68428564071655,4.68428564071655,0,4.21469593048096,0.33696386218071,3.93818187713623,4.62545442581177,5,5,0.789855062961578,0.967391312122345,1,1,61,1.03999996185303,0
11,2022-11-03,52050040,1,En revisión,SANDONA [52050040],Pluviométrica,Convencional,Activa,Nariño,Sandoná,1.3223,-77.4792,20,9/15/1963,,Cudayari,Pacifico,Patía,Río Guáitara,2022,03,Andes,En revisión,1,1,0,8.51560878753662,8.51560878753662,0,2.57490420341492,0.239751130342484,3.93818187713623,4.62545442581177,5,5,0.789855062961578,0.967391312122345,1,1,61,1.03999996185303,1.03999996185303
11,2023-11-01,52050040,18,En revisión,SANDONA [52050040],Pluviométrica,Convencional,Activa,Nariño,Sandoná,1.3223,-77.4792,20,9/15/1963,,Cudayari,Pacifico,Patía,Río Guáitara,2023,01,Andes,En revisión,18,18,0,15.3147706985474,15.3147706985474,20.2096729278564,4.60760068893433,10.3778324127197,3.93818187713623,4.62545442581177,5,5,0.789855062961578,0.967391312122345,1,1,61,1.03999996185303,18.7199993133545
11,2004-11-08,52050040,7,Definitivo,SANDONA [52050040],Pluviométrica,Convencional,Activa,Nariño,Sandoná,1.3223,-77.4792,20,9/15/1963,,Cudayari,Pacifico,Patía,Río Guáitara,2004,08,Andes,Definitivo,7,7,0,1.92530512809753,1.92530512809753,0,0,0,3.93818187713623,4.62545442581177,5,5,0.789855062961578,0.967391312122345,1,1,62,1.03999996185303,7.27999973297119
11,2001-11-27,52050040,7,Definitivo,SANDONA [52050040],Pluviométrica,Convencional,Activa,Nariño,Sandoná,1.3223,-77.4792,20,9/15/1963,,Cudayari,Pacifico,Patía,Río Guáitara,2001,27,Andes,Definitivo,7,7,0,5.23980712890625,5.23980712890625,0,10.9498472213745,0.615555286407471,3.93818187713623,4.62545442581177,5,5,0.789855062961578,0.967391312122345,1,1,66,1.03999996185303,7.27999973297119
11,2002-11-25,52050040,,"",SANDONA [52050040],Pluviométrica,Convencional,Activa,Nariño,Sandoná,1.3223,-77.4792,20,9/15/1963,,Cudayari,Pacifico,Patía,Río Guáitara,2002,25,Andes,Preliminar,0,0,0,0.326984703540802,0.326984703540802,0,0,0,3.93818187713623,4.62545442581177,5,5,0.789855062961578,0.967391312122345,1,1,65,1.03999996185303,0
11,2003-11-23,52050040,5,Definitivo,SANDONA [52050040],Pluviométrica,Convencional,Activa,Nariño,Sandoná,1.3223,-77.4792,20,9/15/1963,,Cudayari,Pacifico,Patía,Río Guáitara,2003,23,Andes,Definitivo,5,5,0,5.14739942550659,5.14739942550659,0,6.0374550819397,0.111803814768791,3.93818187713623,4.62545442581177,5,5,0.789855062961578,0.967391312122345,1,1,65,1.03999996185303,5.19999980926514
11,2004-11-20,52050040,,"",SANDONA [52050040],Pluviométrica,Convencional,Activa,Nariño,Sandoná,1.3223,-77.4792,20,9/15/1963,,Cudayari,Pacifico,Patía,Río Guáitara,2004,20,Andes,Preliminar,0,0,0,3.38344597816467,3.38344597816467,0,6.02743244171143,2.7099621295929,3.93818187713623,4.62545442581177,5,5,0.789855062961578,0.967391312122345,1,1,64,1.03999996185303,0
11,2005-11-18,52050040,,"",SANDONA [52050040],Pluviométrica,Convencional,Activa,Nariño,Sandoná,1.3223,-77.4792,20,9/15/1963,,Cudayari,Pacifico,Patía,Río Guáitara,2005,18,Andes,Preliminar,0,0,0,0.469435065984726,0.469435065984726,20.2977333068848,2.56780958175659,1.10517680644989,3.93818187713623,4.62545442581177,5,5,0.789855062961578,0.967391312122345,1,1,64,1.03999996185303,0
11,2006-11-16,52050040,,"",SANDONA [52050040],Pluviométrica,Convencional,Activa,Nariño,Sandoná,1.3223,-77.4792,20,9/15/1963,,Cudayari,Pacifico,Patía,Río Guáitara,2006,16,Andes,Preliminar,0,0,0,1.06667220592499,1.06667220592499,0,6.27887773513794,2.62974643707275,3.93818187713623,4.62545442581177,5,5,0.789855062961578,0.967391312122345,1,1,64,1.03999996185303,0
11,2004-11-16,52050040,,"",SANDONA [52050040],Pluviométrica,Convencional,Activa,Nariño,Sandoná,1.3223,-77.4792,20,9/15/1963,,Cudayari,Pacifico,Patía,Río Guáitara,2004,16,Andes,Preliminar,0,0,0,0.304814964532852,0.304814964532852,12.1102275848389,6.40502738952637,0.119381606578827,3.93818187713623,4.62545442581177,5,5,0.789855062961578,0.967391312122345,1,1,64,1.03999996185303,0
11,2002-11-17,52050040,,"",SANDONA [52050040],Pluviométrica,Convencional,Activa,Nariño,Sandoná,1.3223,-77.4792,20,9/15/1963,,Cudayari,Pacifico,Patía,Río Guáitara,2002,17,Andes,Preliminar,0,0,0,9.2677059173584,9.2677059173584,0,0.993559837341309,10.0182313919067,3.93818187713623,4.62545442581177,5,5,0.789855062961578,0.967391312122345,1,1,64,1.03999996185303,0
11,2002-11-16,52050040,,"",SANDONA [52050040],Pluviométrica,Convencional,Activa,Nariño,Sandoná,1.3223,-77.4792,20,9/15/1963,,Cudayari,Pacifico,Patía,Río Guáitara,2002,16,Andes,Preliminar,0,0,0,1.67280161380768,1.67280161380768,0,0.789805471897125,0.0381646975874901,3.93818187713623,4.62545442581177,5,5,0.789855062961578,0.967391312122345,1,1,64,1.03999996185303,0
11,2003-11-14,52050040,,"",SANDONA [52050040],Pluviométrica,Convencional,Activa,Nariño,Sandoná,1.3223,-77.4792,20,9/15/1963,,Cudayari,Pacifico,Patía,Río Guáitara,2003,14,Andes,Preliminar,0,0,0,7.5204062461853,7.5204062461853,0,4.84443283081055,0.554106414318085,3.93818187713623,4.62545442581177,5,5,0.789855062961578,0.967391312122345,1,1,63,1.03999996185303,0
11,2006-11-09,52050040,9,Definitivo,SANDONA [52050040],Pluviométrica,Convencional,Activa,Nariño,Sandoná,1.3223,-77.4792,20,9/15/1963,,Cudayari,Pacifico,Patía,Río Guáitara,2006,09,Andes,Definitivo,9,9,0,1.09125173091888,1.09125173091888,0,3.42459392547607,2.4287691116333,3.93818187713623,4.62545442581177,5,5,0.789855062961578,0.967391312122345,1,1,62,1.03999996185303,9.35999965667725
11,2004-11-07,52050040,,"",SANDONA [52050040],Pluviométrica,Convencional,Activa,Nariño,Sandoná,1.3223,-77.4792,20,9/15/1963,,Cudayari,Pacifico,Patía,Río Guáitara,2004,07,Andes,Preliminar,0,0,0,2.69542717933655,2.69542717933655,0,0,0,3.93818187713623,4.62545442581177,5,5,0.789855062961578,0.967391312122345,1,1,62,1.03999996185303,0
11,2019-11-22,52050040,7,Definitivo,SANDONA [52050040],Pluviométrica,Convencional,Activa,Nariño,Sandoná,1.3223,-77.4792,20,9/15/1963,,Cudayari,Pacifico,Patía,Río Guáitara,2019,22,Andes,Definitivo,7,7,0,8.58464622497559,8.58464622497559,0,3.25003957748413,0,3.93818187713623,4.62545442581177,5,5,0.789855062961578,0.967391312122345,1,1,65,1.03999996185303,7.27999973297119
11,2009-11-07,52050040,54,Definitivo,SANDONA [52050040],Pluviométrica,Convencional,Activa,Nariño,Sandoná,1.3223,-77.4792,20,9/15/1963,,Cudayari,Pacifico,Patía,Río Guáitara,2009,07,Andes,Definitivo,54,54,0,0.52404922246933,0.52404922246933,20.0831108093262,6.78120279312134,1.28550052642822,3.93818187713623,4.62545442581177,5,5,0.789855062961578,0.967391312122345,1,1,62,1.03999996185303,56.1599979400635
11,2008-11-11,52050040,4,Definitivo,SANDONA [52050040],Pluviométrica,Convencional,Activa,Nariño,Sandoná,1.3223,-77.4792,20,9/15/1963,,Cudayari,Pacifico,Patía,Río Guáitara,2008,11,Andes,Definitivo,4,4,0,8.07247066497803,8.07247066497803,0,1.88902056217194,8.1844425201416,3.93818187713623,4.62545442581177,5,5,0.789855062961578,0.967391312122345,1,1,63,1.03999996185303,4.15999984741211
11,2011-11-10,52050040,6,Definitivo,SANDONA [52050040],Pluviométrica,Convencional,Activa,Nariño,Sandoná,1.3223,-77.4792,20,9/15/1963,,Cudayari,Pacifico,Patía,Río Guáitara,2011,10,Andes,Definitivo,6,6,0,6.04565000534058,6.04565000534058,20.5262794494629,6.96958065032959,0.526411771774292,3.93818187713623,4.62545442581177,5,5,0.789855062961578,0.967391312122345,1,1,62,1.03999996185303,6.23999977111816
11,2013-11-11,52050040,3,Definitivo,SANDONA [52050040],Pluviométrica,Convencional,Activa,Nariño,Sandoná,1.3223,-77.4792,20,9/15/1963,,Cudayari,Pacifico,Patía,Río Guáitara,2013,11,Andes,Definitivo,3,3,0,7.34651565551758,7.34651565551758,0,1.14288401603699,0.636710405349731,3.93818187713623,4.62545442581177,5,5,0.789855062961578,0.967391312122345,1,1,63,1.03999996185303,3.11999988555908
11,2012-11-15,52050040,34,Definitivo,SANDONA [52050040],Pluviométrica,Convencional,Activa,Nariño,Sandoná,1.3223,-77.4792,20,9/15/1963,,Cudayari,Pacifico,Patía,Río Guáitara,2012,15,Andes,Definitivo,34,34,0,8.05045127868652,8.05045127868652,0,14.0986413955688,24.1341762542725,3.93818187713623,4.62545442581177,5,5,0.789855062961578,0.967391312122345,1,1,63,1.03999996185303,35.3599987030029
11,2012-11-16,52050040,,"",SANDONA [52050040],Pluviométrica,Convencional,Activa,Nariño,Sandoná,1.3223,-77.4792,20,9/15/1963,,Cudayari,Pacifico,Patía,Río Guáitara,2012,16,Andes,Preliminar,0,0,0,4.74956035614014,4.74956035614014,0,0.695886969566345,3.29733943939209,3.93818187713623,4.62545442581177,5,5,0.789855062961578,0.967391312122345,1,1,64,1.03999996185303,0
11,2012-11-17,52050040,,"",SANDONA [52050040],Pluviométrica,Convencional,Activa,Nariño,Sandoná,1.3223,-77.4792,20,9/15/1963,,Cudayari,Pacifico,Patía,Río Guáitara,2012,17,Andes,Preliminar,0,0,0,2.49386811256409,2.49386811256409,0,0.524928212165833,0,3.93818187713623,4.62545442581177,5,5,0.789855062961578,0.967391312122345,1,1,64,1.03999996185303,0
11,2011-11-22,52050040,,"",SANDONA [52050040],Pluviométrica,Convencional,Activa,Nariño,Sandoná,1.3223,-77.4792,20,9/15/1963,,Cudayari,Pacifico,Patía,Río Guáitara,2011,22,Andes,Preliminar,0,0,0,4.15968942642212,4.15968942642212,0,2.67117810249329,0,3.93818187713623,4.62545442581177,5,5,0.789855062961578,0.967391312122345,1,1,65,1.03999996185303,0
11,2014-11-20,52050040,0,Definitivo,SANDONA [52050040],Pluviométrica,Convencional,Activa,Nariño,Sandoná,1.3223,-77.4792,20,9/15/1963,,Cudayari,Pacifico,Patía,Río Guáitara,2014,20,Andes,Definitivo,0,0,0,8.12772464752197,8.12772464752197,0,3.82539510726929,0.922558784484863,3.93818187713623,4.62545442581177,5,5,0.789855062961578,0.967391312122345,1,1,64,1.03999996185303,0
11,2014-11-21,52050040,16,Definitivo,SANDONA [52050040],Pluviométrica,Convencional,Activa,Nariño,Sandoná,1.3223,-77.4792,20,9/15/1963,,Cudayari,Pacifico,Patía,Río Guáitara,2014,21,Andes,Definitivo,16,16,0,6.6268482208252,6.6268482208252,18.2495441436768,5.04126310348511,3.36731433868408,3.93818187713623,4.62545442581177,5,5,0.789855062961578,0.967391312122345,1,1,65,1.03999996185303,16.6399993896484
11,2014-11-22,52050040,,"",SANDONA [52050040],Pluviométrica,Convencional,Activa,Nariño,Sandoná,1.3223,-77.4792,20,9/15/1963,,Cudayari,Pacifico,Patía,Río Guáitara,2014,22,Andes,Preliminar,0,0,0,6.55685138702393,6.55685138702393,0,4.00735950469971,0,3.93818187713623,4.62545442581177,5,5,0.789855062961578,0.967391312122345,1,1,65,1.03999996185303,0
11,2019-11-21,52050040,3,Definitivo,SANDONA [52050040],Pluviométrica,Convencional,Activa,Nariño,Sandoná,1.3223,-77.4792,20,9/15/1963,,Cudayari,Pacifico,Patía,Río Guáitara,2019,21,Andes,Definitivo,3,3,0,13.6205615997314,13.6205615997314,0,7.5683708190918,14.515664100647,3.93818187713623,4.62545442581177,5,5,0.789855062961578,0.967391312122345,1,1,65,1.03999996185303,3.11999988555908
11,2003-11-09,52050040,9,Definitivo,SANDONA [52050040],Pluviométrica,Convencional,Activa,Nariño,Sandoná,1.3223,-77.4792,20,9/15/1963,,Cudayari,Pacifico,Patía,Río Guáitara,2003,09,Andes,Definitivo,9,9,0,5.27401304244995,5.27401304244995,13.8624820709229,10.6635227203369,0,3.93818187713623,4.62545442581177,5,5,0.789855062961578,0.967391312122345,1,1,62,1.03999996185303,9.35999965667725
11,2017-11-22,52050040,2,Definitivo,SANDONA [52050040],Pluviométrica,Convencional,Activa,Nariño,Sandoná,1.3223,-77.4792,20,9/15/1963,,Cudayari,Pacifico,Patía,Río Guáitara,2017,22,Andes,Definitivo,2,2,0,2.86227083206177,2.86227083206177,0,0,0,3.93818187713623,4.62545442581177,5,5,0.789855062961578,0.967391312122345,1,1,65,1.03999996185303,2.07999992370605
11,2018-11-20,52050040,7,Definitivo,SANDONA [52050040],Pluviométrica,Convencional,Activa,Nariño,Sandoná,1.3223,-77.4792,20,9/15/1963,,Cudayari,Pacifico,Patía,Río Guáitara,2018,20,Andes,Definitivo,7,7,0,13.2422580718994,13.2422580718994,15.1280994415283,5.40629148483276,3.82911586761475,3.93818187713623,4.62545442581177,5,5,0.789855062961578,0.967391312122345,1,1,64,1.03999996185303,7.27999973297119
11,2017-11-19,52050040,6,Definitivo,SANDONA [52050040],Pluviométrica,Convencional,Activa,Nariño,Sandoná,1.3223,-77.4792,20,9/15/1963,,Cudayari,Pacifico,Patía,Río Guáitara,2017,19,Andes,Definitivo,6,6,0,2.55981421470642,2.55981421470642,0,5.64973211288452,7.39348030090332,3.93818187713623,4.62545442581177,5,5,0.789855062961578,0.967391312122345,1,1,64,1.03999996185303,6.23999977111816
11,2017-11-18,52050040,7,Definitivo,SANDONA [52050040],Pluviométrica,Convencional,Activa,Nariño,Sandoná,1.3223,-77.4792,20,9/15/1963,,Cudayari,Pacifico,Patía,Río Guáitara,2017,18,Andes,Definitivo,7,7,0,1.92843365669251,1.92843365669251,0,0.228994056582451,0.190048024058342,3.93818187713623,4.62545442581177,5,5,0.789855062961578,0.967391312122345,1,1,64,1.03999996185303,7.27999973297119
11,2015-11-19,52050040,10,Definitivo,SANDONA [52050040],Pluviométrica,Convencional,Activa,Nariño,Sandoná,1.3223,-77.4792,20,9/15/1963,,Cudayari,Pacifico,Patía,Río Guáitara,2015,19,Andes,Definitivo,10,10,0,7.09374618530273,7.09374618530273,0,5.28309679031372,2.90757894515991,3.93818187713623,4.62545442581177,5,5,0.789855062961578,0.967391312122345,1,1,64,1.03999996185303,10.3999996185303
11,2016-11-16,52050040,,"",SANDONA [52050040],Pluviométrica,Convencional,Activa,Nariño,Sandoná,1.3223,-77.4792,20,9/15/1963,,Cudayari,Pacifico,Patía,Río Guáitara,2016,16,Andes,Preliminar,0,0,0,0.664117753505707,0.664117753505707,0,0.82227635383606,0,3.93818187713623,4.62545442581177,5,5,0.789855062961578,0.967391312122345,1,1,64,1.03999996185303,0
11,2017-11-14,52050040,,"",SANDONA [52050040],Pluviométrica,Convencional,Activa,Nariño,Sandoná,1.3223,-77.4792,20,9/15/1963,,Cudayari,Pacifico,Patía,Río Guáitara,2017,14,Andes,Preliminar,0,0,0,4.18636131286621,4.18636131286621,0,0.673404276371002,1.77335071563721,3.93818187713623,4.62545442581177,5,5,0.789855062961578,0.967391312122345,1,1,63,1.03999996185303,0
11,2018-11-12,52050040,11,Definitivo,SANDONA [52050040],Pluviométrica,Convencional,Activa,Nariño,Sandoná,1.3223,-77.4792,20,9/15/1963,,Cudayari,Pacifico,Patía,Río Guáitara,2018,12,Andes,Definitivo,11,11,0,7.23020744323731,7.23020744323731,39.3068618774414,5.58928298950195,30.4120998382568,3.93818187713623,4.62545442581177,5,5,0.789855062961578,0.967391312122345,1,1,63,1.03999996185303,11.4399995803833
11,2019-11-10,52050040,29,Definitivo,SANDONA [52050040],Pluviométrica,Convencional,Activa,Nariño,Sandoná,1.3223,-77.4792,20,9/15/1963,,Cudayari,Pacifico,Patía,Río Guáitara,2019,10,Andes,Definitivo,29,29,0,6.98365259170532,6.98365259170532,44.1017456054688,11.4192724227905,24.6967582702637,3.93818187713623,4.62545442581177,5,5,0.789855062961578,0.967391312122345,1,1,62,1.03999996185303,30.1599988937378
11,2020-11-07,52050040,,"",SANDONA [52050040],Pluviométrica,Convencional,Activa,Nariño,Sandoná,1.3223,-77.4792,20,9/15/1963,,Cudayari,Pacifico,Patía,Río Guáitara,2020,07,Andes,Preliminar,0,0,0,3.98473477363586,3.98473477363586,6.76544141769409,0.322091937065125,1.04744744300842,3.93818187713623,4.62545442581177,5,5,0.789855062961578,0.967391312122345,1,1,62,1.03999996185303,0
11,2022-11-02,52050040,1,En revisión,SANDONA [52050040],Pluviométrica,Convencional,Activa,Nariño,Sandoná,1.3223,-77.4792,20,9/15/1963,,Cudayari,Pacifico,Patía,Río Guáitara,2022,02,Andes,En revisión,1,1,0,14.9680862426758,14.9680862426758,18.145357131958,3.29629445075989,8.26407432556152,3.93818187713623,4.62545442581177,5,5,0.789855062961578,0.967391312122345,1,1,61,1.03999996185303,1.03999996185303
11,2020-11-02,52050040,,"",SANDONA [52050040],Pluviométrica,Convencional,Activa,Nariño,Sandoná,1.3223,-77.4792,20,9/15/1963,,Cudayari,Pacifico,Patía,Río Guáitara,2020,02,Andes,Preliminar,0,0,0,0.43205738067627,0.43205738067627,0,0.286688357591629,2.19133925437927,3.93818187713623,4.62545442581177,5,5,0.789855062961578,0.967391312122345,1,1,61,1.03999996185303,0
11,2017-11-20,52050040,4,Definitivo,SANDONA [52050040],Pluviométrica,Convencional,Activa,Nariño,Sandoná,1.3223,-77.4792,20,9/15/1963,,Cudayari,Pacifico,Patía,Río Guáitara,2017,20,Andes,Definitivo,4,4,0,11.3206253051758,11.3206253051758,0,6.15965366363525,11.2618770599365,3.93818187713623,4.62545442581177,5,5,0.789855062961578,0.967391312122345,1,1,64,1.03999996185303,4.15999984741211
11,2002-11-08,52050040,5,Definitivo,SANDONA [52050040],Pluviométrica,Convencional,Activa,Nariño,Sandoná,1.3223,-77.4792,20,9/15/1963,,Cudayari,Pacifico,Patía,Río Guáitara,2002,08,Andes,Definitivo,5,5,0,8.42031097412109,8.42031097412109,0,11.0341825485229,5.01255941390991,3.93818187713623,4.62545442581177,5,5,0.789855062961578,0.967391312122345,1,1,62,1.03999996185303,5.19999980926514
11,2007-11-07,52050040,,"",SANDONA [52050040],Pluviométrica,Convencional,Activa,Nariño,Sandoná,1.3223,-77.4792,20,9/15/1963,,Cudayari,Pacifico,Patía,Río Guáitara,2007,07,Andes,Preliminar,0,0,0,10.0512094497681,10.0512094497681,0,4.39521741867065,0.00985975377261639,3.93818187713623,4.62545442581177,5,5,0.789855062961578,0.967391312122345,1,1,62,1.03999996185303,0
11,2001-11-26,52050040,0,Definitivo,SANDONA [52050040],Pluviométrica,Convencional,Activa,Nariño,Sandoná,1.3223,-77.4792,20,9/15/1963,,Cudayari,Pacifico,Patía,Río Guáitara,2001,26,Andes,Definitivo,0,0,0,30.8786144256592,30.8786144256592,0,11.4176454544067,1.73909294605255,3.93818187713623,4.62545442581177,5,5,0.789855062961578,0.967391312122345,1,1,66,1.03999996185303,0
11,2002-11-24,52050040,,"",SANDONA [52050040],Pluviométrica,Convencional,Activa,Nariño,Sandoná,1.3223,-77.4792,20,9/15/1963,,Cudayari,Pacifico,Patía,Río Guáitara,2002,24,Andes,Preliminar,0,0,0,2.74667167663574,2.74667167663574,0,0,0,3.93818187713623,4.62545442581177,5,5,0.789855062961578,0.967391312122345,1,1,65,1.03999996185303,0
11,2003-11-22,52050040,,"",SANDONA [52050040],Pluviométrica,Convencional,Activa,Nariño,Sandoná,1.3223,-77.4792,20,9/15/1963,,Cudayari,Pacifico,Patía,Río Guáitara,2003,22,Andes,Preliminar,0,0,0,7.69994592666626,7.69994592666626,0,8.51265811920166,3.79587578773499,3.93818187713623,4.62545442581177,5,5,0.789855062961578,0.967391312122345,1,1,65,1.03999996185303,0
11,2004-11-19,52050040,,"",SANDONA [52050040],Pluviométrica,Convencional,Activa,Nariño,Sandoná,1.3223,-77.4792,20,9/15/1963,,Cudayari,Pacifico,Patía,Río Guáitara,2004,19,Andes,Preliminar,0,0,0,30.4814968109131,30.4814968109131,12.1102275848389,6.16698789596558,12.3619651794434,3.93818187713623,4.62545442581177,5,5,0.789855062961578,0.967391312122345,1,1,64,1.03999996185303,0
11,2005-11-17,52050040,,"",SANDONA [52050040],Pluviométrica,Convencional,Activa,Nariño,Sandoná,1.3223,-77.4792,20,9/15/1963,,Cudayari,Pacifico,Patía,Río Guáitara,2005,17,Andes,Preliminar,0,0,0,16.6453857421875,16.6453857421875,0,15.2731838226318,0,3.93818187713623,4.62545442581177,5,5,0.789855062961578,0.967391312122345,1,1,64,1.03999996185303,0
11,2006-11-15,52050040,7,Definitivo,SANDONA [52050040],Pluviométrica,Convencional,Activa,Nariño,Sandoná,1.3223,-77.4792,20,9/15/1963,,Cudayari,Pacifico,Patía,Río Guáitara,2006,15,Andes,Definitivo,7,7,0,11.7623615264893,11.7623615264893,0,10.2971935272217,5.52974128723145,3.93818187713623,4.62545442581177,5,5,0.789855062961578,0.967391312122345,1,1,63,1.03999996185303,7.27999973297119
11,2004-11-15,52050040,30,Definitivo,SANDONA [52050040],Pluviométrica,Convencional,Activa,Nariño,Sandoná,1.3223,-77.4792,20,9/15/1963,,Cudayari,Pacifico,Patía,Río Guáitara,2004,15,Andes,Definitivo,30,30,0,0.711995959281921,0.711995959281921,0,4.94449710845947,0,3.93818187713623,4.62545442581177,5,5,0.789855062961578,0.967391312122345,1,1,63,1.03999996185303,31.1999988555908
11,2003-11-17,52050040,5,Definitivo,SANDONA [52050040],Pluviométrica,Convencional,Activa,Nariño,Sandoná,1.3223,-77.4792,20,9/15/1963,,Cudayari,Pacifico,Patía,Río Guáitara,2003,17,Andes,Definitivo,5,5,0,4.16259288787842,4.16259288787842,0,4.8989429473877,2.34423398971558,3.93818187713623,4.62545442581177,5,5,0.789855062961578,0.967391312122345,1,1,64,1.03999996185303,5.19999980926514
11,2004-11-14,52050040,0,Definitivo,SANDONA [52050040],Pluviométrica,Convencional,Activa,Nariño,Sandoná,1.3223,-77.4792,20,9/15/1963,,Cudayari,Pacifico,Patía,Río Guáitara,2004,14,Andes,Definitivo,0,0,0,0.0273844636976719,0.0273844636976719,0,8.25692081451416,17.8864936828613,3.93818187713623,4.62545442581177,5,5,0.789855062961578,0.967391312122345,1,1,63,1.03999996185303,0
11,2002-11-13,52050040,,"",SANDONA [52050040],Pluviométrica,Convencional,Activa,Nariño,Sandoná,1.3223,-77.4792,20,9/15/1963,,Cudayari,Pacifico,Patía,Río Guáitara,2002,13,Andes,Preliminar,0,0,0,7.6688117980957,7.6688117980957,23.3864994049072,8.15038776397705,20.4429836273193,3.93818187713623,4.62545442581177,5,5,0.789855062961578,0.967391312122345,1,1,63,1.03999996185303,0
11,2001-11-14,52050040,30,Definitivo,SANDONA [52050040],Pluviométrica,Convencional,Activa,Nariño,Sandoná,1.3223,-77.4792,20,9/15/1963,,Cudayari,Pacifico,Patía,Río Guáitara,2001,14,Andes,Definitivo,30,30,0,19.5840454101563,19.5840454101563,50.5348968505859,25.2844467163086,24.8565673828125,3.93818187713623,4.62545442581177,5,5,0.789855062961578,0.967391312122345,1,1,63,1.03999996185303,31.1999988555908
11,2017-11-21,52050040,,"",SANDONA [52050040],Pluviométrica,Convencional,Activa,Nariño,Sandoná,1.3223,-77.4792,20,9/15/1963,,Cudayari,Pacifico,Patía,Río Guáitara,2017,21,Andes,Preliminar,,,1,5.39882135391235,5.39882135391235,0,0,0,3.93818187713623,4.62545442581177,5,5,0.789855062961578,0.967391312122345,1,1,65,1.03999996185303,
11,2015-11-22,52050040,,"",SANDONA [52050040],Pluviométrica,Convencional,Activa,Nariño,Sandoná,1.3223,-77.4792,20,9/15/1963,,Cudayari,Pacifico,Patía,Río Guáitara,2015,22,Andes,Preliminar,0,0,0,4.44024705886841,4.44024705886841,0,6.38714170455933,14.7806615829468,3.93818187713623,4.62545442581177,5,5,0.789855062961578,0.967391312122345,1,1,65,1.03999996185303,0
11,2009-11-08,52050040,,"",SANDONA [52050040],Pluviométrica,Convencional,Activa,Nariño,Sandoná,1.3223,-77.4792,20,9/15/1963,,Cudayari,Pacifico,Patía,Río Guáitara,2009,08,Andes,Preliminar,0,0,0,1.9389820098877,1.9389820098877,35.1454429626465,28.1979560852051,44.0048675537109,3.93818187713623,4.62545442581177,5,5,0.789855062961578,0.967391312122345,1,1,62,1.03999996185303,0
11,2012-11-06,52050040,,"",SANDONA [52050040],Pluviométrica,Convencional,Activa,Nariño,Sandoná,1.3223,-77.4792,20,9/15/1963,,Cudayari,Pacifico,Patía,Río Guáitara,2012,06,Andes,Preliminar,0,0,0,13.1584491729736,13.1584491729736,0,4.78094625473023,2.73083114624023,3.93818187713623,4.62545442581177,5,5,0.789855062961578,0.967391312122345,1,1,62,1.03999996185303,0
11,2011-11-11,52050040,36,Definitivo,SANDONA [52050040],Pluviométrica,Convencional,Activa,Nariño,Sandoná,1.3223,-77.4792,20,9/15/1963,,Cudayari,Pacifico,Patía,Río Guáitara,2011,11,Andes,Definitivo,36,36,0,9.76907062530518,9.76907062530518,13.0780391693115,11.5284214019775,11.6111850738525,3.93818187713623,4.62545442581177,5,5,0.789855062961578,0.967391312122345,1,1,63,1.03999996185303,37.439998626709
11,2013-11-12,52050040,,"",SANDONA [52050040],Pluviométrica,Convencional,Activa,Nariño,Sandoná,1.3223,-77.4792,20,9/15/1963,,Cudayari,Pacifico,Patía,Río Guáitara,2013,12,Andes,Preliminar,0,0,0,3.68805527687073,3.68805527687073,0,0.394542664289475,0,3.93818187713623,4.62545442581177,5,5,0.789855062961578,0.967391312122345,1,1,63,1.03999996185303,0
11,2013-11-13,52050040,,"",SANDONA [52050040],Pluviométrica,Convencional,Activa,Nariño,Sandoná,1.3223,-77.4792,20,9/15/1963,,Cudayari,Pacifico,Patía,Río Guáitara,2013,13,Andes,Preliminar,0,0,0,2.62857675552368,2.62857675552368,0,0.461818039417267,1.98087668418884,3.93818187713623,4.62545442581177,5,5,0.789855062961578,0.967391312122345,1,1,63,1.03999996185303,0
11,2013-11-14,52050040,,"",SANDONA [52050040],Pluviométrica,Convencional,Activa,Nariño,Sandoná,1.3223,-77.4792,20,9/15/1963,,Cudayari,Pacifico,Patía,Río Guáitara,2013,14,Andes,Preliminar,0,0,0,7.5318660736084,7.5318660736084,8.37570095062256,1.06236958503723,1.41491198539734,3.93818187713623,4.62545442581177,5,5,0.789855062961578,0.967391312122345,1,1,63,1.03999996185303,0
11,2012-11-18,52050040,,"",SANDONA [52050040],Pluviométrica,Convencional,Activa,Nariño,Sandoná,1.3223,-77.4792,20,9/15/1963,,Cudayari,Pacifico,Patía,Río Guáitara,2012,18,Andes,Preliminar,0,0,0,3.73383164405823,3.73383164405823,0,1.18234968185425,0,3.93818187713623,4.62545442581177,5,5,0.789855062961578,0.967391312122345,1,1,64,1.03999996185303,0
11,2012-11-19,52050040,,"",SANDONA [52050040],Pluviométrica,Convencional,Activa,Nariño,Sandoná,1.3223,-77.4792,20,9/15/1963,,Cudayari,Pacifico,Patía,Río Guáitara,2012,19,Andes,Preliminar,0,0,0,3.47465062141418,3.47465062141418,0,0.451174706220627,0,3.93818187713623,4.62545442581177,5,5,0.789855062961578,0.967391312122345,1,1,64,1.03999996185303,0
11,2012-11-20,52050040,,"",SANDONA [52050040],Pluviométrica,Convencional,Activa,Nariño,Sandoná,1.3223,-77.4792,20,9/15/1963,,Cudayari,Pacifico,Patía,Río Guáitara,2012,20,Andes,Preliminar,0,0,0,9.6892032623291,9.6892032623291,0,0.443000018596649,0,3.93818187713623,4.62545442581177,5,5,0.789855062961578,0.967391312122345,1,1,64,1.03999996185303,0
11,2012-11-21,52050040,3,Definitivo,SANDONA [52050040],Pluviométrica,Convencional,Activa,Nariño,Sandoná,1.3223,-77.4792,20,9/15/1963,,Cudayari,Pacifico,Patía,Río Guáitara,2012,21,Andes,Definitivo,3,3,0,8.62094593048096,8.62094593048096,0,0,0,3.93818187713623,4.62545442581177,5,5,0.789855062961578,0.967391312122345,1,1,65,1.03999996185303,3.11999988555908
11,2013-11-18,52050040,4,Definitivo,SANDONA [52050040],Pluviométrica,Convencional,Activa,Nariño,Sandoná,1.3223,-77.4792,20,9/15/1963,,Cudayari,Pacifico,Patía,Río Guáitara,2013,18,Andes,Definitivo,4,4,0,24.8520698547363,24.8520698547363,47.5793190002441,16.6008911132813,48.9489898681641,3.93818187713623,4.62545442581177,5,5,0.789855062961578,0.967391312122345,1,1,64,1.03999996185303,4.15999984741211
11,2004-11-09,52050040,6,Definitivo,SANDONA [52050040],Pluviométrica,Convencional,Activa,Nariño,Sandoná,1.3223,-77.4792,20,9/15/1963,,Cudayari,Pacifico,Patía,Río Guáitara,2004,09,Andes,Definitivo,6,6,0,9.41918563842773,9.41918563842773,0,0,0,3.93818187713623,4.62545442581177,5,5,0.789855062961578,0.967391312122345,1,1,62,1.03999996185303,6.23999977111816
11,2004-11-06,52050040,13,Definitivo,SANDONA [52050040],Pluviométrica,Convencional,Activa,Nariño,Sandoná,1.3223,-77.4792,20,9/15/1963,,Cudayari,Pacifico,Patía,Río Guáitara,2004,06,Andes,Definitivo,13,13,0,4.01845788955689,4.01845788955689,0,0,0,3.93818187713623,4.62545442581177,5,5,0.789855062961578,0.967391312122345,1,1,62,1.03999996185303,13.5199995040894
11,2016-11-19,52050040,5,Definitivo,SANDONA [52050040],Pluviométrica,Convencional,Activa,Nariño,Sandoná,1.3223,-77.4792,20,9/15/1963,,Cudayari,Pacifico,Patía,Río Guáitara,2016,19,Andes,Definitivo,5,5,0,11.767144203186,11.767144203186,0,4.71501064300537,7.22681522369385,3.93818187713623,4.62545442581177,5,5,0.789855062961578,0.967391312122345,1,1,64,1.03999996185303,5.19999980926514
11,2019-11-18,52050040,16,Definitivo,SANDONA [52050040],Pluviométrica,Convencional,Activa,Nariño,Sandoná,1.3223,-77.4792,20,9/15/1963,,Cudayari,Pacifico,Patía,Río Guáitara,2019,18,Andes,Definitivo,16,16,0,16.7234992980957,16.7234992980957,11.8621768951416,14.0374956130981,5.50705289840698,3.93818187713623,4.62545442581177,5,5,0.789855062961578,0.967391312122345,1,1,64,1.03999996185303,16.6399993896484
11,2015-11-18,52050040,20,Definitivo,SANDONA [52050040],Pluviométrica,Convencional,Activa,Nariño,Sandoná,1.3223,-77.4792,20,9/15/1963,,Cudayari,Pacifico,Patía,Río Guáitara,2015,18,Andes,Definitivo,20,20,0,7.46369600296021,7.46369600296021,0,10.8248605728149,6.27650737762451,3.93818187713623,4.62545442581177,5,5,0.789855062961578,0.967391312122345,1,1,64,1.03999996185303,20.7999992370605
11,2016-11-15,52050040,,"",SANDONA [52050040],Pluviométrica,Convencional,Activa,Nariño,Sandoná,1.3223,-77.4792,20,9/15/1963,,Cudayari,Pacifico,Patía,Río Guáitara,2016,15,Andes,Preliminar,0,0,0,1.0512330532074,1.0512330532074,0,4.55641984939575,0.0629633814096451,3.93818187713623,4.62545442581177,5,5,0.789855062961578,0.967391312122345,1,1,63,1.03999996185303,0
11,2017-11-13,52050040,10,Definitivo,SANDONA [52050040],Pluviométrica,Convencional,Activa,Nariño,Sandoná,1.3223,-77.4792,20,9/15/1963,,Cudayari,Pacifico,Patía,Río Guáitara,2017,13,Andes,Definitivo,10,10,0,1.73270487785339,1.73270487785339,0,0.454661786556244,0.0121130514889956,3.93818187713623,4.62545442581177,5,5,0.789855062961578,0.967391312122345,1,1,63,1.03999996185303,10.3999996185303
11,2018-11-11,52050040,8,Definitivo,SANDONA [52050040],Pluviométrica,Convencional,Activa,Nariño,Sandoná,1.3223,-77.4792,20,9/15/1963,,Cudayari,Pacifico,Patía,Río Guáitara,2018,11,Andes,Definitivo,8,8,0,10.011833190918,10.011833190918,19.6534309387207,14.8005390167236,8.8835334777832,3.93818187713623,4.62545442581177,5,5,0.789855062961578,0.967391312122345,1,1,63,1.03999996185303,8.31999969482422
11,2019-11-09,52050040,37,Definitivo,SANDONA [52050040],Pluviométrica,Convencional,Activa,Nariño,Sandoná,1.3223,-77.4792,20,9/15/1963,,Cudayari,Pacifico,Patía,Río Guáitara,2019,09,Andes,Definitivo,37,37,0,8.94169521331787,8.94169521331787,0,14.9310159683228,8.20763492584229,3.93818187713623,4.62545442581177,5,5,0.789855062961578,0.967391312122345,1,1,62,1.03999996185303,38.479998588562
11,2020-11-06,52050040,,"",SANDONA [52050040],Pluviométrica,Convencional,Activa,Nariño,Sandoná,1.3223,-77.4792,20,9/15/1963,,Cudayari,Pacifico,Patía,Río Guáitara,2020,06,Andes,Preliminar,0,0,0,8.60113048553467,8.60113048553467,0,1.32612502574921,0,3.93818187713623,4.62545442581177,5,5,0.789855062961578,0.967391312122345,1,1,62,1.03999996185303,0
11,2021-11-04,52050040,,"",SANDONA [52050040],Pluviométrica,Convencional,Activa,Nariño,Sandoná,1.3223,-77.4792,20,9/15/1963,,Cudayari,Pacifico,Patía,Río Guáitara,2021,04,Andes,Preliminar,0,0,0,1.29216003417969,1.29216003417969,0,1.53040289878845,0.0791132524609566,3.93818187713623,4.62545442581177,5,5,0.789855062961578,0.967391312122345,1,1,61,1.03999996185303,0
11,2020-11-01,52050040,,"",SANDONA [52050040],Pluviométrica,Convencional,Activa,Nariño,Sandoná,1.3223,-77.4792,20,9/15/1963,,Cudayari,Pacifico,Patía,Río Guáitara,2020,01,Andes,Preliminar,0,0,0,8.20169830322266,8.20169830322266,6.76467704772949,1.62323439121246,0,3.93818187713623,4.62545442581177,5,5,0.789855062961578,0.967391312122345,1,1,61,1.03999996185303,0
11,2001-11-19,52050040,35,Definitivo,SANDONA [52050040],Pluviométrica,Convencional,Activa,Nariño,Sandoná,1.3223,-77.4792,20,9/15/1963,,Cudayari,Pacifico,Patía,Río Guáitara,2001,19,Andes,Definitivo,35,35,0,11.2702646255493,11.2702646255493,0,7.67647361755371,2.9033191204071,3.93818187713623,4.62545442581177,5,5,0.789855062961578,0.967391312122345,1,1,64,1.03999996185303,36.399998664856
11,2015-11-20,52050040,8,Definitivo,SANDONA [52050040],Pluviométrica,Convencional,Activa,Nariño,Sandoná,1.3223,-77.4792,20,9/15/1963,,Cudayari,Pacifico,Patía,Río Guáitara,2015,20,Andes,Definitivo,8,8,0,6.54875898361206,6.54875898361206,0,7.89517688751221,10.9865713119507,3.93818187713623,4.62545442581177,5,5,0.789855062961578,0.967391312122345,1,1,64,1.03999996185303,8.31999969482422
11,2015-11-21,52050040,28,Definitivo,SANDONA [52050040],Pluviométrica,Convencional,Activa,Nariño,Sandoná,1.3223,-77.4792,20,9/15/1963,,Cudayari,Pacifico,Patía,Río Guáitara,2015,21,Andes,Definitivo,28,28,0,6.03684377670288,6.03684377670288,0,6.79892110824585,6.03361558914185,3.93818187713623,4.62545442581177,5,5,0.789855062961578,0.967391312122345,1,1,65,1.03999996185303,29.1199989318848
11,2005-11-06,52050040,30,Definitivo,SANDONA [52050040],Pluviométrica,Convencional,Activa,Nariño,Sandoná,1.3223,-77.4792,20,9/15/1963,,Cudayari,Pacifico,Patía,Río Guáitara,2005,06,Andes,Definitivo,30,30,0,5.33906316757202,5.33906316757202,0,1.94435811042786,2.06441855430603,3.93818187713623,4.62545442581177,5,5,0.789855062961578,0.967391312122345,1,1,62,1.03999996185303,31.1999988555908
11,2007-11-08,52050040,33,Definitivo,SANDONA [52050040],Pluviométrica,Convencional,Activa,Nariño,Sandoná,1.3223,-77.4792,20,9/15/1963,,Cudayari,Pacifico,Patía,Río Guáitara,2007,08,Andes,Definitivo,33,33,0,6.14240598678589,6.14240598678589,0,3.76997518539429,0.00328658451326191,3.93818187713623,4.62545442581177,5,5,0.789855062961578,0.967391312122345,1,1,62,1.03999996185303,34.3199987411499
11,2007-11-09,52050040,8,Definitivo,SANDONA [52050040],Pluviométrica,Convencional,Activa,Nariño,Sandoná,1.3223,-77.4792,20,9/15/1963,,Cudayari,Pacifico,Patía,Río Guáitara,2007,09,Andes,Definitivo,8,8,0,16.7416744232178,16.7416744232178,56.0287055969238,6.88319730758667,23.7981624603272,3.93818187713623,4.62545442581177,5,5,0.789855062961578,0.967391312122345,1,1,62,1.03999996185303,8.31999969482422
11,2001-11-25,52050040,5,Definitivo,SANDONA [52050040],Pluviométrica,Convencional,Activa,Nariño,Sandoná,1.3223,-77.4792,20,9/15/1963,,Cudayari,Pacifico,Patía,Río Guáitara,2001,25,Andes,Definitivo,5,5,0,11.3057069778442,11.3057069778442,0,0,0,3.93818187713623,4.62545442581177,5,5,0.789855062961578,0.967391312122345,1,1,65,1.03999996185303,5.19999980926514
11,2002-11-23,52050040,,"",SANDONA [52050040],Pluviométrica,Convencional,Activa,Nariño,Sandoná,1.3223,-77.4792,20,9/15/1963,,Cudayari,Pacifico,Patía,Río Guáitara,2002,23,Andes,Preliminar,0,0,0,6.2127103805542,6.2127103805542,0,0,0,3.93818187713623,4.62545442581177,5,5,0.789855062961578,0.967391312122345,1,1,65,1.03999996185303,0
11,2003-11-21,52050040,21,Definitivo,SANDONA [52050040],Pluviométrica,Convencional,Activa,Nariño,Sandoná,1.3223,-77.4792,20,9/15/1963,,Cudayari,Pacifico,Patía,Río Guáitara,2003,21,Andes,Definitivo,21,21,0,7.54481840133667,7.54481840133667,25.9089794158936,8.51395130157471,13.7545967102051,3.93818187713623,4.62545442581177,5,5,0.789855062961578,0.967391312122345,1,1,65,1.03999996185303,21.8399991989136
11,2004-11-18,52050040,2,Definitivo,SANDONA [52050040],Pluviométrica,Convencional,Activa,Nariño,Sandoná,1.3223,-77.4792,20,9/15/1963,,Cudayari,Pacifico,Patía,Río Guáitara,2004,18,Andes,Definitivo,2,2,0,8.99204158782959,8.99204158782959,24.2204551696777,5.28463554382324,11.3770694732666,3.93818187713623,4.62545442581177,5,5,0.789855062961578,0.967391312122345,1,1,64,1.03999996185303,2.07999992370605
11,2002-11-19,52050040,7,Definitivo,SANDONA [52050040],Pluviométrica,Convencional,Activa,Nariño,Sandoná,1.3223,-77.4792,20,9/15/1963,,Cudayari,Pacifico,Patía,Río Guáitara,2002,19,Andes,Definitivo,7,7,0,2.98027873039246,2.98027873039246,0,5.26933240890503,0,3.93818187713623,4.62545442581177,5,5,0.789855062961578,0.967391312122345,1,1,64,1.03999996185303,7.27999973297119
11,2002-11-18,52050040,9,Definitivo,SANDONA [52050040],Pluviométrica,Convencional,Activa,Nariño,Sandoná,1.3223,-77.4792,20,9/15/1963,,Cudayari,Pacifico,Patía,Río Guáitara,2002,18,Andes,Definitivo,9,9,0,7.30648994445801,7.30648994445801,17.3652629852295,4.97863245010376,6.16995906829834,3.93818187713623,4.62545442581177,5,5,0.789855062961578,0.967391312122345,1,1,64,1.03999996185303,9.35999965667725
11,2003-11-16,52050040,2,Definitivo,SANDONA [52050040],Pluviométrica,Convencional,Activa,Nariño,Sandoná,1.3223,-77.4792,20,9/15/1963,,Cudayari,Pacifico,Patía,Río Guáitara,2003,16,Andes,Definitivo,2,2,0,22.683277130127,22.683277130127,0,3.19792127609253,0.0523851215839386,3.93818187713623,4.62545442581177,5,5,0.789855062961578,0.967391312122345,1,1,64,1.03999996185303,2.07999992370605
11,2014-11-14,52050040,,"",SANDONA [52050040],Pluviométrica,Convencional,Activa,Nariño,Sandoná,1.3223,-77.4792,20,9/15/1963,,Cudayari,Pacifico,Patía,Río Guáitara,2014,14,Andes,Preliminar,0,0,0,1.30322527885437,1.30322527885437,0,1.71384823322296,0.148638159036636,3.93818187713623,4.62545442581177,5,5,0.789855062961578,0.967391312122345,1,1,63,1.03999996185303,0
11,2002-11-15,52050040,,"",SANDONA [52050040],Pluviométrica,Convencional,Activa,Nariño,Sandoná,1.3223,-77.4792,20,9/15/1963,,Cudayari,Pacifico,Patía,Río Guáitara,2002,15,Andes,Preliminar,0,0,0,3.66501426696777,3.66501426696777,0,1.70284569263458,0,3.93818187713623,4.62545442581177,5,5,0.789855062961578,0.967391312122345,1,1,63,1.03999996185303,0
11,2003-11-11,52050040,39,Definitivo,SANDONA [52050040],Pluviométrica,Convencional,Activa,Nariño,Sandoná,1.3223,-77.4792,20,9/15/1963,,Cudayari,Pacifico,Patía,Río Guáitara,2003,11,Andes,Definitivo,39,39,0,8.90425109863281,8.90425109863281,0,3.02006125450134,6.49641990661621,3.93818187713623,4.62545442581177,5,5,0.789855062961578,0.967391312122345,1,1,63,1.03999996185303,40.5599985122681
11,2016-11-18,52050040,15,Definitivo,SANDONA [52050040],Pluviométrica,Convencional,Activa,Nariño,Sandoná,1.3223,-77.4792,20,9/15/1963,,Cudayari,Pacifico,Patía,Río Guáitara,2016,18,Andes,Definitivo,15,15,0,1.94889116287231,1.94889116287231,0,1.68447804450989,1.71525609493256,3.93818187713623,4.62545442581177,5,5,0.789855062961578,0.967391312122345,1,1,64,1.03999996185303,15.5999994277954
11,2014-11-19,52050040,0,Definitivo,SANDONA [52050040],Pluviométrica,Convencional,Activa,Nariño,Sandoná,1.3223,-77.4792,20,9/15/1963,,Cudayari,Pacifico,Patía,Río Guáitara,2014,19,Andes,Definitivo,0,0,0,14.7715854644775,14.7715854644775,17.6376113891602,11.3371629714966,21.1016521453857,3.93818187713623,4.62545442581177,5,5,0.789855062961578,0.967391312122345,1,1,64,1.03999996185303,0
11,2017-11-17,52050040,,"",SANDONA [52050040],Pluviométrica,Convencional,Activa,Nariño,Sandoná,1.3223,-77.4792,20,9/15/1963,,Cudayari,Pacifico,Patía,Río Guáitara,2017,17,Andes,Preliminar,0,0,0,4.86621141433716,4.86621141433716,0,8.35014247894287,2.46449375152588,3.93818187713623,4.62545442581177,5,5,0.789855062961578,0.967391312122345,1,1,64,1.03999996185303,0
11,2012-11-07,52050040,0,Definitivo,SANDONA [52050040],Pluviométrica,Convencional,Activa,Nariño,Sandoná,1.3223,-77.4792,20,9/15/1963,,Cudayari,Pacifico,Patía,Río Guáitara,2012,07,Andes,Definitivo,0,0,0,4.96629953384399,4.96629953384399,0,1.92599141597748,0.0604612044990063,3.93818187713623,4.62545442581177,5,5,0.789855062961578,0.967391312122345,1,1,62,1.03999996185303,0
11,2014-11-09,52050040,38,Definitivo,SANDONA [52050040],Pluviométrica,Convencional,Activa,Nariño,Sandoná,1.3223,-77.4792,20,9/15/1963,,Cudayari,Pacifico,Patía,Río Guáitara,2014,09,Andes,Definitivo,38,38,0,7.30947685241699,7.30947685241699,0,6.42573165893555,15.9157304763794,3.93818187713623,4.62545442581177,5,5,0.789855062961578,0.967391312122345,1,1,62,1.03999996185303,39.519998550415
11,2014-11-10,52050040,16,Definitivo,SANDONA [52050040],Pluviométrica,Convencional,Activa,Nariño,Sandoná,1.3223,-77.4792,20,9/15/1963,,Cudayari,Pacifico,Patía,Río Guáitara,2014,10,Andes,Definitivo,16,16,0,4.78388071060181,4.78388071060181,0,6.35882472991943,6.2044358253479,3.93818187713623,4.62545442581177,5,5,0.789855062961578,0.967391312122345,1,1,62,1.03999996185303,16.6399993896484
11,2014-11-11,52050040,15,Definitivo,SANDONA [52050040],Pluviométrica,Convencional,Activa,Nariño,Sandoná,1.3223,-77.4792,20,9/15/1963,,Cudayari,Pacifico,Patía,Río Guáitara,2014,11,Andes,Definitivo,15,15,0,16.7219123840332,16.7219123840332,0,21.8291835784912,11.4837827682495,3.93818187713623,4.62545442581177,5,5,0.789855062961578,0.967391312122345,1,1,63,1.03999996185303,15.5999994277954
11,2013-11-15,52050040,,"",SANDONA [52050040],Pluviométrica,Convencional,Activa,Nariño,Sandoná,1.3223,-77.4792,20,9/15/1963,,Cudayari,Pacifico,Patía,Río Guáitara,2013,15,Andes,Preliminar,0,0,0,1.8169047832489,1.8169047832489,0,0.970884799957275,0,3.93818187713623,4.62545442581177,5,5,0.789855062961578,0.967391312122345,1,1,63,1.03999996185303,0
11,2013-11-16,52050040,2,Definitivo,SANDONA [52050040],Pluviométrica,Convencional,Activa,Nariño,Sandoná,1.3223,-77.4792,20,9/15/1963,,Cudayari,Pacifico,Patía,Río Guáitara,2013,16,Andes,Definitivo,2,2,0,17.7537899017334,17.7537899017334,0,4.24302244186401,0,3.93818187713623,4.62545442581177,5,5,0.789855062961578,0.967391312122345,1,1,64,1.03999996185303,2.07999992370605
11,2013-11-17,52050040,6,Definitivo,SANDONA [52050040],Pluviométrica,Convencional,Activa,Nariño,Sandoná,1.3223,-77.4792,20,9/15/1963,,Cudayari,Pacifico,Patía,Río Guáitara,2013,17,Andes,Definitivo,6,6,0,13.8189573287964,13.8189573287964,0,9.87860488891602,0.614982008934021,3.93818187713623,4.62545442581177,5,5,0.789855062961578,0.967391312122345,1,1,64,1.03999996185303,6.23999977111816
11,2017-11-03,52050040,3,Definitivo,SANDONA [52050040],Pluviométrica,Convencional,Activa,Nariño,Sandoná,1.3223,-77.4792,20,9/15/1963,,Cudayari,Pacifico,Patía,Río Guáitara,2017,03,Andes,Definitivo,3,3,0,10.1098108291626,10.1098108291626,18.3317356109619,7.5419602394104,4.48519992828369,3.93818187713623,4.62545442581177,5,5,0.789855062961578,0.967391312122345,1,1,61,1.03999996185303,3.11999988555908
11,2014-11-15,52050040,,"",SANDONA [52050040],Pluviométrica,Convencional,Activa,Nariño,Sandoná,1.3223,-77.4792,20,9/15/1963,,Cudayari,Pacifico,Patía,Río Guáitara,2014,15,Andes,Preliminar,0,0,0,9.21786499023438,9.21786499023438,28.5899963378906,1.89725124835968,1.82230377197266,3.93818187713623,4.62545442581177,5,5,0.789855062961578,0.967391312122345,1,1,63,1.03999996185303,0
11,2013-11-19,52050040,41,Definitivo,SANDONA [52050040],Pluviométrica,Convencional,Activa,Nariño,Sandoná,1.3223,-77.4792,20,9/15/1963,,Cudayari,Pacifico,Patía,Río Guáitara,2013,19,Andes,Definitivo,41,41,0,11.0790176391602,11.0790176391602,9.51586246490479,27.026029586792,6.87175512313843,3.93818187713623,4.62545442581177,5,5,0.789855062961578,0.967391312122345,1,1,64,1.03999996185303,42.6399984359741
11,2002-11-10,52050040,1,Definitivo,SANDONA [52050040],Pluviométrica,Convencional,Activa,Nariño,Sandoná,1.3223,-77.4792,20,9/15/1963,,Cudayari,Pacifico,Patía,Río Guáitara,2002,10,Andes,Definitivo,1,1,0,8.24529266357422,8.24529266357422,9.39941310882568,7.23642301559448,12.7483777999878,3.93818187713623,4.62545442581177,5,5,0.789855062961578,0.967391312122345,1,1,62,1.03999996185303,1.03999996185303
11,2003-11-06,52050040,10,Definitivo,SANDONA [52050040],Pluviométrica,Convencional,Activa,Nariño,Sandoná,1.3223,-77.4792,20,9/15/1963,,Cudayari,Pacifico,Patía,Río Guáitara,2003,06,Andes,Definitivo,10,10,0,6.08143520355225,6.08143520355225,13.8624820709229,13.5759019851685,0.431505531072617,3.93818187713623,4.62545442581177,5,5,0.789855062961578,0.967391312122345,1,1,62,1.03999996185303,10.3999996185303
11,2005-11-07,52050040,10,Definitivo,SANDONA [52050040],Pluviométrica,Convencional,Activa,Nariño,Sandoná,1.3223,-77.4792,20,9/15/1963,,Cudayari,Pacifico,Patía,Río Guáitara,2005,07,Andes,Definitivo,10,10,0,6.20452737808228,6.20452737808228,0,2.5398576259613,11.9327116012573,3.93818187713623,4.62545442581177,5,5,0.789855062961578,0.967391312122345,1,1,62,1.03999996185303,10.3999996185303
11,2016-11-14,52050040,2,Definitivo,SANDONA [52050040],Pluviométrica,Convencional,Activa,Nariño,Sandoná,1.3223,-77.4792,20,9/15/1963,,Cudayari,Pacifico,Patía,Río Guáitara,2016,14,Andes,Definitivo,2,2,0,2.88732814788818,2.88732814788818,0,15.623215675354,3.33705925941467,3.93818187713623,4.62545442581177,5,5,0.789855062961578,0.967391312122345,1,1,63,1.03999996185303,2.07999992370605
11,2017-11-12,52050040,,"",SANDONA [52050040],Pluviométrica,Convencional,Activa,Nariño,Sandoná,1.3223,-77.4792,20,9/15/1963,,Cudayari,Pacifico,Patía,Río Guáitara,2017,12,Andes,Preliminar,0,0,0,1.7035231590271,1.7035231590271,0,0.407876282930374,0,3.93818187713623,4.62545442581177,5,5,0.789855062961578,0.967391312122345,1,1,63,1.03999996185303,0
11,2018-11-10,52050040,10,Definitivo,SANDONA [52050040],Pluviométrica,Convencional,Activa,Nariño,Sandoná,1.3223,-77.4792,20,9/15/1963,,Cudayari,Pacifico,Patía,Río Guáitara,2018,10,Andes,Definitivo,10,10,0,7.53257036209106,7.53257036209106,0,9.07695960998535,6.91075801849365,3.93818187713623,4.62545442581177,5,5,0.789855062961578,0.967391312122345,1,1,62,1.03999996185303,10.3999996185303
11,2019-11-08,52050040,,"",SANDONA [52050040],Pluviométrica,Convencional,Activa,Nariño,Sandoná,1.3223,-77.4792,20,9/15/1963,,Cudayari,Pacifico,Patía,Río Guáitara,2019,08,Andes,Preliminar,0,0,0,1.98506271839142,1.98506271839142,0,3.67226147651672,0,3.93818187713623,4.62545442581177,5,5,0.789855062961578,0.967391312122345,1,1,62,1.03999996185303,0
11,2020-11-05,52050040,,"",SANDONA [52050040],Pluviométrica,Convencional,Activa,Nariño,Sandoná,1.3223,-77.4792,20,9/15/1963,,Cudayari,Pacifico,Patía,Río Guáitara,2020,05,Andes,Preliminar,0,0,0,3.69681143760681,3.69681143760681,0,0.682093560695648,1.19527590274811,3.93818187713623,4.62545442581177,5,5,0.789855062961578,0.967391312122345,1,1,61,1.03999996185303,0
11,2021-11-03,52050040,,"",SANDONA [52050040],Pluviométrica,Convencional,Activa,Nariño,Sandoná,1.3223,-77.4792,20,9/15/1963,,Cudayari,Pacifico,Patía,Río Guáitara,2021,03,Andes,Preliminar,0,0,0,2.66621732711792,2.66621732711792,0,8.75576686859131,0.908337354660034,3.93818187713623,4.62545442581177,5,5,0.789855062961578,0.967391312122345,1,1,61,1.03999996185303,0
11,2022-11-01,52050040,10,En revisión,SANDONA [52050040],Pluviométrica,Convencional,Activa,Nariño,Sandoná,1.3223,-77.4792,20,9/15/1963,,Cudayari,Pacifico,Patía,Río Guáitara,2022,01,Andes,En revisión,10,10,0,6.5036211013794,6.5036211013794,0,3.69068145751953,5.20113182067871,3.93818187713623,4.62545442581177,5,5,0.789855062961578,0.967391312122345,1,1,61,1.03999996185303,10.3999996185303
11,2002-11-20,52050040,,"",SANDONA [52050040],Pluviométrica,Convencional,Activa,Nariño,Sandoná,1.3223,-77.4792,20,9/15/1963,,Cudayari,Pacifico,Patía,Río Guáitara,2002,20,Andes,Preliminar,0,0,0,3.30714797973633,3.30714797973633,0,4.19502592086792,0,3.93818187713623,4.62545442581177,5,5,0.789855062961578,0.967391312122345,1,1,64,1.03999996185303,0
11,2003-11-18,52050040,,"",SANDONA [52050040],Pluviométrica,Convencional,Activa,Nariño,Sandoná,1.3223,-77.4792,20,9/15/1963,,Cudayari,Pacifico,Patía,Río Guáitara,2003,18,Andes,Preliminar,0,0,0,8.79276466369629,8.79276466369629,0,8.27209949493408,0.0720295384526253,3.93818187713623,4.62545442581177,5,5,0.789855062961578,0.967391312122345,1,1,64,1.03999996185303,0
11,2001-11-16,52050040,2,Definitivo,SANDONA [52050040],Pluviométrica,Convencional,Activa,Nariño,Sandoná,1.3223,-77.4792,20,9/15/1963,,Cudayari,Pacifico,Patía,Río Guáitara,2001,16,Andes,Definitivo,2,2,0,2.05078911781311,2.05078911781311,15.0864143371582,1.43404185771942,14.9664077758789,3.93818187713623,4.62545442581177,5,5,0.789855062961578,0.967391312122345,1,1,64,1.03999996185303,2.07999992370605
11,2016-11-17,52050040,,"",SANDONA [52050040],Pluviométrica,Convencional,Activa,Nariño,Sandoná,1.3223,-77.4792,20,9/15/1963,,Cudayari,Pacifico,Patía,Río Guáitara,2016,17,Andes,Preliminar,0,0,0,0.459154218435288,0.459154218435288,0,1.56759262084961,1.74985802173615,3.93818187713623,4.62545442581177,5,5,0.789855062961578,0.967391312122345,1,1,64,1.03999996185303,0
11,2014-11-18,52050040,4,Definitivo,SANDONA [52050040],Pluviométrica,Convencional,Activa,Nariño,Sandoná,1.3223,-77.4792,20,9/15/1963,,Cudayari,Pacifico,Patía,Río Guáitara,2014,18,Andes,Definitivo,4,4,0,5.80850887298584,5.80850887298584,0,4.48743963241577,0.210355430841446,3.93818187713623,4.62545442581177,5,5,0.789855062961578,0.967391312122345,1,1,64,1.03999996185303,4.15999984741211
11,2015-11-16,52050040,,"",SANDONA [52050040],Pluviométrica,Convencional,Activa,Nariño,Sandoná,1.3223,-77.4792,20,9/15/1963,,Cudayari,Pacifico,Patía,Río Guáitara,2015,16,Andes,Preliminar,0,0,0,5.05891275405884,5.05891275405884,44.0606269836426,2.41872715950012,9.09825325012207,3.93818187713623,4.62545442581177,5,5,0.789855062961578,0.967391312122345,1,1,64,1.03999996185303,0
11,2005-11-08,52050040,45,Definitivo,SANDONA [52050040],Pluviométrica,Convencional,Activa,Nariño,Sandoná,1.3223,-77.4792,20,9/15/1963,,Cudayari,Pacifico,Patía,Río Guáitara,2005,08,Andes,Definitivo,45,45,0,4.9002366065979,4.9002366065979,0,2.40366697311401,0,3.93818187713623,4.62545442581177,5,5,0.789855062961578,0.967391312122345,1,1,62,1.03999996185303,46.7999982833862
11,2010-11-07,52050040,32,Definitivo,SANDONA [52050040],Pluviométrica,Convencional,Activa,Nariño,Sandoná,1.3223,-77.4792,20,9/15/1963,,Cudayari,Pacifico,Patía,Río Guáitara,2010,07,Andes,Definitivo,32,32,0,0.471361309289932,0.471361309289932,0,0,0,3.93818187713623,4.62545442581177,5,5,0.789855062961578,0.967391312122345,1,1,62,1.03999996185303,33.2799987792969
11,2001-11-24,52050040,10,Definitivo,SANDONA [52050040],Pluviométrica,Convencional,Activa,Nariño,Sandoná,1.3223,-77.4792,20,9/15/1963,,Cudayari,Pacifico,Patía,Río Guáitara,2001,24,Andes,Definitivo,10,10,0,5.83490180969238,5.83490180969238,0,0,0,3.93818187713623,4.62545442581177,5,5,0.789855062961578,0.967391312122345,1,1,65,1.03999996185303,10.3999996185303
11,2002-11-22,52050040,,"",SANDONA [52050040],Pluviométrica,Convencional,Activa,Nariño,Sandoná,1.3223,-77.4792,20,9/15/1963,,Cudayari,Pacifico,Patía,Río Guáitara,2002,22,Andes,Preliminar,0,0,0,2.09270238876343,2.09270238876343,0,0,0,3.93818187713623,4.62545442581177,5,5,0.789855062961578,0.967391312122345,1,1,65,1.03999996185303,0
11,2003-11-20,52050040,4,Definitivo,SANDONA [52050040],Pluviométrica,Convencional,Activa,Nariño,Sandoná,1.3223,-77.4792,20,9/15/1963,,Cudayari,Pacifico,Patía,Río Guáitara,2003,20,Andes,Definitivo,4,4,0,4.42489290237427,4.42489290237427,32.9626808166504,5.31828165054321,23.3932304382324,3.93818187713623,4.62545442581177,5,5,0.789855062961578,0.967391312122345,1,1,64,1.03999996185303,4.15999984741211
11,2004-11-17,52050040,4,Definitivo,SANDONA [52050040],Pluviométrica,Convencional,Activa,Nariño,Sandoná,1.3223,-77.4792,20,9/15/1963,,Cudayari,Pacifico,Patía,Río Guáitara,2004,17,Andes,Definitivo,4,4,0,1.18877840042114,1.18877840042114,0,7.92514419555664,5.24085283279419,3.93818187713623,4.62545442581177,5,5,0.789855062961578,0.967391312122345,1,1,64,1.03999996185303,4.15999984741211
11,2003-11-19,52050040,18,Definitivo,SANDONA [52050040],Pluviométrica,Convencional,Activa,Nariño,Sandoná,1.3223,-77.4792,20,9/15/1963,,Cudayari,Pacifico,Patía,Río Guáitara,2003,19,Andes,Definitivo,18,18,0,5.36005115509033,5.36005115509033,0,4.18118000030518,0.00654814019799233,3.93818187713623,4.62545442581177,5,5,0.789855062961578,0.967391312122345,1,1,64,1.03999996185303,18.7199993133545
11,2015-11-10,52050040,,"",SANDONA [52050040],Pluviométrica,Convencional,Activa,Nariño,Sandoná,1.3223,-77.4792,20,9/15/1963,,Cudayari,Pacifico,Patía,Río Guáitara,2015,10,Andes,Preliminar,0,0,0,2.01559972763062,2.01559972763062,0,1.41325330734253,1.51766085624695,3.93818187713623,4.62545442581177,5,5,0.789855062961578,0.967391312122345,1,1,62,1.03999996185303,0
11,2015-11-11,52050040,,"",SANDONA [52050040],Pluviométrica,Convencional,Activa,Nariño,Sandoná,1.3223,-77.4792,20,9/15/1963,,Cudayari,Pacifico,Patía,Río Guáitara,2015,11,Andes,Preliminar,0,0,0,3.51279139518738,3.51279139518738,0,1.2878669500351,0.140086069703102,3.93818187713623,4.62545442581177,5,5,0.789855062961578,0.967391312122345,1,1,63,1.03999996185303,0
11,2015-11-12,52050040,,"",SANDONA [52050040],Pluviométrica,Convencional,Activa,Nariño,Sandoná,1.3223,-77.4792,20,9/15/1963,,Cudayari,Pacifico,Patía,Río Guáitara,2015,12,Andes,Preliminar,0,0,0,2.8836624622345,2.8836624622345,0,0.495328217744827,0,3.93818187713623,4.62545442581177,5,5,0.789855062961578,0.967391312122345,1,1,63,1.03999996185303,0
11,2002-11-12,52050040,16,Definitivo,SANDONA [52050040],Pluviométrica,Convencional,Activa,Nariño,Sandoná,1.3223,-77.4792,20,9/15/1963,,Cudayari,Pacifico,Patía,Río Guáitara,2002,12,Andes,Definitivo,16,16,0,9.60911464691162,9.60911464691162,0,2.18087720870972,0,3.93818187713623,4.62545442581177,5,5,0.789855062961578,0.967391312122345,1,1,63,1.03999996185303,16.6399993896484
11,2001-11-11,52050040,,"",SANDONA [52050040],Pluviométrica,Convencional,Activa,Nariño,Sandoná,1.3223,-77.4792,20,9/15/1963,,Cudayari,Pacifico,Patía,Río Guáitara,2001,11,Andes,Preliminar,0,0,0,2.12101578712463,2.12101578712463,0,10.5402240753174,0,3.93818187713623,4.62545442581177,5,5,0.789855062961578,0.967391312122345,1,1,63,1.03999996185303,0
11,2002-11-07,52050040,19,Definitivo,SANDONA [52050040],Pluviométrica,Convencional,Activa,Nariño,Sandoná,1.3223,-77.4792,20,9/15/1963,,Cudayari,Pacifico,Patía,Río Guáitara,2002,07,Andes,Definitivo,19,19,0,16.3350124359131,16.3350124359131,9.39941310882568,8.90745449066162,20.078540802002,3.93818187713623,4.62545442581177,5,5,0.789855062961578,0.967391312122345,1,1,62,1.03999996185303,19.7599992752075
11,2015-11-17,52050040,1,Definitivo,SANDONA [52050040],Pluviométrica,Convencional,Activa,Nariño,Sandoná,1.3223,-77.4792,20,9/15/1963,,Cudayari,Pacifico,Patía,Río Guáitara,2015,17,Andes,Definitivo,1,1,0,5.33098554611206,5.33098554611206,0,11.6234340667725,8.77638053894043,3.93818187713623,4.62545442581177,5,5,0.789855062961578,0.967391312122345,1,1,64,1.03999996185303,1.03999996185303
11,2017-11-11,52050040,,"",SANDONA [52050040],Pluviométrica,Convencional,Activa,Nariño,Sandoná,1.3223,-77.4792,20,9/15/1963,,Cudayari,Pacifico,Patía,Río Guáitara,2017,11,Andes,Preliminar,0,0,0,5.52732563018799,5.52732563018799,0,0.387259513139725,0.0121130514889956,3.93818187713623,4.62545442581177,5,5,0.789855062961578,0.967391312122345,1,1,63,1.03999996185303,0
11,2012-11-08,52050040,3,Definitivo,SANDONA [52050040],Pluviométrica,Convencional,Activa,Nariño,Sandoná,1.3223,-77.4792,20,9/15/1963,,Cudayari,Pacifico,Patía,Río Guáitara,2012,08,Andes,Definitivo,3,3,0,4.93516635894775,4.93516635894775,0,3.36198592185974,2.7106773853302,3.93818187713623,4.62545442581177,5,5,0.789855062961578,0.967391312122345,1,1,62,1.03999996185303,3.11999988555908
11,2015-11-07,52050040,1,Definitivo,SANDONA [52050040],Pluviométrica,Convencional,Activa,Nariño,Sandoná,1.3223,-77.4792,20,9/15/1963,,Cudayari,Pacifico,Patía,Río Guáitara,2015,07,Andes,Definitivo,1,1,0,7.31715297698975,7.31715297698975,7.92180252075195,14.2781686782837,19.161792755127,3.93818187713623,4.62545442581177,5,5,0.789855062961578,0.967391312122345,1,1,62,1.03999996185303,1.03999996185303
11,2015-11-08,52050040,,"",SANDONA [52050040],Pluviométrica,Convencional,Activa,Nariño,Sandoná,1.3223,-77.4792,20,9/15/1963,,Cudayari,Pacifico,Patía,Río Guáitara,2015,08,Andes,Preliminar,0,0,0,12.8471279144287,12.8471279144287,0,4.02956676483154,5.2614016532898,3.93818187713623,4.62545442581177,5,5,0.789855062961578,0.967391312122345,1,1,62,1.03999996185303,0
11,2014-11-12,52050040,13,Definitivo,SANDONA [52050040],Pluviométrica,Convencional,Activa,Nariño,Sandoná,1.3223,-77.4792,20,9/15/1963,,Cudayari,Pacifico,Patía,Río Guáitara,2014,12,Andes,Definitivo,13,13,0,14.393575668335,14.393575668335,14.2949981689453,7.65678644180298,25.075252532959,3.93818187713623,4.62545442581177,5,5,0.789855062961578,0.967391312122345,1,1,63,1.03999996185303,13.5199995040894
11,2014-11-13,52050040,,"",SANDONA [52050040],Pluviométrica,Convencional,Activa,Nariño,Sandoná,1.3223,-77.4792,20,9/15/1963,,Cudayari,Pacifico,Patía,Río Guáitara,2014,13,Andes,Preliminar,0,0,0,1.1754435300827,1.1754435300827,0,7.37709522247315,1.94418728351593,3.93818187713623,4.62545442581177,5,5,0.789855062961578,0.967391312122345,1,1,63,1.03999996185303,0
11,2017-11-02,52050040,10,Definitivo,SANDONA [52050040],Pluviométrica,Convencional,Activa,Nariño,Sandoná,1.3223,-77.4792,20,9/15/1963,,Cudayari,Pacifico,Patía,Río Guáitara,2017,02,Andes,Definitivo,10,10,0,9.76318454742432,9.76318454742432,18.3317356109619,5.45084810256958,20.2759590148926,3.93818187713623,4.62545442581177,5,5,0.789855062961578,0.967391312122345,1,1,61,1.03999996185303,10.3999996185303
11,2001-11-21,52050040,11,Definitivo,SANDONA [52050040],Pluviométrica,Convencional,Activa,Nariño,Sandoná,1.3223,-77.4792,20,9/15/1963,,Cudayari,Pacifico,Patía,Río Guáitara,2001,21,Andes,Definitivo,11,11,0,7.8794527053833,7.8794527053833,0,0,0,3.93818187713623,4.62545442581177,5,5,0.789855062961578,0.967391312122345,1,1,65,1.03999996185303,11.4399995803833
11,2001-11-20,52050040,14,Definitivo,SANDONA [52050040],Pluviométrica,Convencional,Activa,Nariño,Sandoná,1.3223,-77.4792,20,9/15/1963,,Cudayari,Pacifico,Patía,Río Guáitara,2001,20,Andes,Definitivo,14,14,0,10.0180139541626,10.0180139541626,15.0864143371582,5.97876882553101,6.45409297943115,3.93818187713623,4.62545442581177,5,5,0.789855062961578,0.967391312122345,1,1,64,1.03999996185303,14.5599994659424
11,2014-11-16,52050040,4,Definitivo,SANDONA [52050040],Pluviométrica,Convencional,Activa,Nariño,Sandoná,1.3223,-77.4792,20,9/15/1963,,Cudayari,Pacifico,Patía,Río Guáitara,2014,16,Andes,Definitivo,4,4,0,6.54580497741699,6.54580497741699,8.81880569458008,6.0003080368042,4.94635725021362,3.93818187713623,4.62545442581177,5,5,0.789855062961578,0.967391312122345,1,1,64,1.03999996185303,4.15999984741211
11,2014-11-17,52050040,1,Definitivo,SANDONA [52050040],Pluviométrica,Convencional,Activa,Nariño,Sandoná,1.3223,-77.4792,20,9/15/1963,,Cudayari,Pacifico,Patía,Río Guáitara,2014,17,Andes,Definitivo,1,1,0,4.01697206497192,4.01697206497192,0,1.57870161533356,0.0480812452733517,3.93818187713623,4.62545442581177,5,5,0.789855062961578,0.967391312122345,1,1,64,1.03999996185303,1.03999996185303
11,2015-11-15,52050040,1,Definitivo,SANDONA [52050040],Pluviométrica,Convencional,Activa,Nariño,Sandoná,1.3223,-77.4792,20,9/15/1963,,Cudayari,Pacifico,Patía,Río Guáitara,2015,15,Andes,Definitivo,1,1,0,8.80347633361816,8.80347633361816,0,1.77572619915009,4.25088787078857,3.93818187713623,4.62545442581177,5,5,0.789855062961578,0.967391312122345,1,1,63,1.03999996185303,1.03999996185303
11,2006-11-04,52050040,,"",SANDONA [52050040],Pluviométrica,Convencional,Activa,Nariño,Sandoná,1.3223,-77.4792,20,9/15/1963,,Cudayari,Pacifico,Patía,Río Guáitara,2006,04,Andes,Preliminar,0,0,0,6.81511926651001,6.81511926651001,0,3.29154109954834,2.10544037818909,3.93818187713623,4.62545442581177,5,5,0.789855062961578,0.967391312122345,1,1,61,1.03999996185303,0
11,2006-11-05,52050040,18,Definitivo,SANDONA [52050040],Pluviométrica,Convencional,Activa,Nariño,Sandoná,1.3223,-77.4792,20,9/15/1963,,Cudayari,Pacifico,Patía,Río Guáitara,2006,05,Andes,Definitivo,18,18,0,23.0133724212647,23.0133724212647,0,6.88859939575195,5.84061527252197,3.93818187713623,4.62545442581177,5,5,0.789855062961578,0.967391312122345,1,1,61,1.03999996185303,18.7199993133545
11,2018-11-09,52050040,15,Definitivo,SANDONA [52050040],Pluviométrica,Convencional,Activa,Nariño,Sandoná,1.3223,-77.4792,20,9/15/1963,,Cudayari,Pacifico,Patía,Río Guáitara,2018,09,Andes,Definitivo,15,15,0,11.4256868362427,11.4256868362427,6.88135957717896,8.46947479248047,11.883318901062,3.93818187713623,4.62545442581177,5,5,0.789855062961578,0.967391312122345,1,1,62,1.03999996185303,15.5999994277954
11,2019-11-07,52050040,,"",SANDONA [52050040],Pluviométrica,Convencional,Activa,Nariño,Sandoná,1.3223,-77.4792,20,9/15/1963,,Cudayari,Pacifico,Patía,Río Guáitara,2019,07,Andes,Preliminar,0,0,0,4.83858919143677,4.83858919143677,0,2.2142391204834,7.817298412323,3.93818187713623,4.62545442581177,5,5,0.789855062961578,0.967391312122345,1,1,62,1.03999996185303,0
11,2020-11-04,52050040,,"",SANDONA [52050040],Pluviométrica,Convencional,Activa,Nariño,Sandoná,1.3223,-77.4792,20,9/15/1963,,Cudayari,Pacifico,Patía,Río Guáitara,2020,04,Andes,Preliminar,0,0,0,7.44574499130249,7.44574499130249,0,0.165919333696365,0,3.93818187713623,4.62545442581177,5,5,0.789855062961578,0.967391312122345,1,1,61,1.03999996185303,0
11,2021-11-02,52050040,11,En revisión,SANDONA [52050040],Pluviométrica,Convencional,Activa,Nariño,Sandoná,1.3223,-77.4792,20,9/15/1963,,Cudayari,Pacifico,Patía,Río Guáitara,2021,02,Andes,En revisión,11,11,0,6.98703765869141,6.98703765869141,36.6987838745117,6.65289783477783,21.6330814361572,3.93818187713623,4.62545442581177,5,5,0.789855062961578,0.967391312122345,1,1,61,1.03999996185303,11.4399995803833
11,2019-11-03,52050040,22,Definitivo,SANDONA [52050040],Pluviométrica,Convencional,Activa,Nariño,Sandoná,1.3223,-77.4792,20,9/15/1963,,Cudayari,Pacifico,Patía,Río Guáitara,2019,03,Andes,Definitivo,22,22,0,11.5691967010498,11.5691967010498,0,7.78856563568115,2.29686236381531,3.93818187713623,4.62545442581177,5,5,0.789855062961578,0.967391312122345,1,1,61,1.03999996185303,22.8799991607666
11,2001-11-22,52050040,,"",SANDONA [52050040],Pluviométrica,Convencional,Activa,Nariño,Sandoná,1.3223,-77.4792,20,9/15/1963,,Cudayari,Pacifico,Patía,Río Guáitara,2001,22,Andes,Preliminar,0,0,0,1.38170504570007,1.38170504570007,0,0,0,3.93818187713623,4.62545442581177,5,5,0.789855062961578,0.967391312122345,1,1,65,1.03999996185303,0
11,2016-11-06,52050040,,"",SANDONA [52050040],Pluviométrica,Convencional,Activa,Nariño,Sandoná,1.3223,-77.4792,20,9/15/1963,,Cudayari,Pacifico,Patía,Río Guáitara,2016,06,Andes,Preliminar,0,0,0,2.17123460769653,2.17123460769653,0,0,0,3.93818187713623,4.62545442581177,5,5,0.789855062961578,0.967391312122345,1,1,62,1.03999996185303,0
11,2016-11-07,52050040,0,Definitivo,SANDONA [52050040],Pluviométrica,Convencional,Activa,Nariño,Sandoná,1.3223,-77.4792,20,9/15/1963,,Cudayari,Pacifico,Patía,Río Guáitara,2016,07,Andes,Definitivo,0,0,0,1.81283938884735,1.81283938884735,0,0,0,3.93818187713623,4.62545442581177,5,5,0.789855062961578,0.967391312122345,1,1,62,1.03999996185303,0
11,2001-11-18,52050040,19,Definitivo,SANDONA [52050040],Pluviométrica,Convencional,Activa,Nariño,Sandoná,1.3223,-77.4792,20,9/15/1963,,Cudayari,Pacifico,Patía,Río Guáitara,2001,18,Andes,Definitivo,19,19,0,10.1813507080078,10.1813507080078,0,12.4571695327759,0,3.93818187713623,4.62545442581177,5,5,0.789855062961578,0.967391312122345,1,1,64,1.03999996185303,19.7599992752075
11,2003-11-13,52050040,,"",SANDONA [52050040],Pluviométrica,Convencional,Activa,Nariño,Sandoná,1.3223,-77.4792,20,9/15/1963,,Cudayari,Pacifico,Patía,Río Guáitara,2003,13,Andes,Preliminar,0,0,0,2.37068629264832,2.37068629264832,0,0.910159170627594,0.312082916498184,3.93818187713623,4.62545442581177,5,5,0.789855062961578,0.967391312122345,1,1,63,1.03999996185303,0
11,2003-11-10,52050040,3,Definitivo,SANDONA [52050040],Pluviométrica,Convencional,Activa,Nariño,Sandoná,1.3223,-77.4792,20,9/15/1963,,Cudayari,Pacifico,Patía,Río Guáitara,2003,10,Andes,Definitivo,3,3,0,7.71345901489258,7.71345901489258,0,17.4007511138916,6.87326812744141,3.93818187713623,4.62545442581177,5,5,0.789855062961578,0.967391312122345,1,1,62,1.03999996185303,3.11999988555908
11,2016-11-12,52050040,5,Definitivo,SANDONA [52050040],Pluviométrica,Convencional,Activa,Nariño,Sandoná,1.3223,-77.4792,20,9/15/1963,,Cudayari,Pacifico,Patía,Río Guáitara,2016,12,Andes,Definitivo,5,5,0,14.544825553894,14.544825553894,0,7.38354587554932,2.38776516914368,3.93818187713623,4.62545442581177,5,5,0.789855062961578,0.967391312122345,1,1,63,1.03999996185303,5.19999980926514
11,2016-11-13,52050040,8,Definitivo,SANDONA [52050040],Pluviométrica,Convencional,Activa,Nariño,Sandoná,1.3223,-77.4792,20,9/15/1963,,Cudayari,Pacifico,Patía,Río Guáitara,2016,13,Andes,Definitivo,8,8,0,8.58796310424805,8.58796310424805,0,3.15996789932251,0.053276713937521,3.93818187713623,4.62545442581177,5,5,0.789855062961578,0.967391312122345,1,1,63,1.03999996185303,8.31999969482422
11,2008-11-06,52050040,,"",SANDONA [52050040],Pluviométrica,Convencional,Activa,Nariño,Sandoná,1.3223,-77.4792,20,9/15/1963,,Cudayari,Pacifico,Patía,Río Guáitara,2008,06,Andes,Preliminar,0,0,0,4.30076313018799,4.30076313018799,0,4.10561609268189,0.262911587953568,3.93818187713623,4.62545442581177,5,5,0.789855062961578,0.967391312122345,1,1,62,1.03999996185303,0
11,2010-11-08,52050040,17,Definitivo,SANDONA [52050040],Pluviométrica,Convencional,Activa,Nariño,Sandoná,1.3223,-77.4792,20,9/15/1963,,Cudayari,Pacifico,Patía,Río Guáitara,2010,08,Andes,Definitivo,17,17,0,0.0831814110279083,0.0831814110279083,0,0,0,3.93818187713623,4.62545442581177,5,5,0.789855062961578,0.967391312122345,1,1,62,1.03999996185303,17.6799993515015
11,2013-11-06,52050040,,"",SANDONA [52050040],Pluviométrica,Convencional,Activa,Nariño,Sandoná,1.3223,-77.4792,20,9/15/1963,,Cudayari,Pacifico,Patía,Río Guáitara,2013,06,Andes,Preliminar,0,0,0,10.3635997772217,10.3635997772217,0,2.67286062240601,1.38941240310669,3.93818187713623,4.62545442581177,5,5,0.789855062961578,0.967391312122345,1,1,62,1.03999996185303,0
11,2001-11-23,52050040,,"",SANDONA [52050040],Pluviométrica,Convencional,Activa,Nariño,Sandoná,1.3223,-77.4792,20,9/15/1963,,Cudayari,Pacifico,Patía,Río Guáitara,2001,23,Andes,Preliminar,0,0,0,2.02587819099426,2.02587819099426,0,0,0,3.93818187713623,4.62545442581177,5,5,0.789855062961578,0.967391312122345,1,1,65,1.03999996185303,0
11,2002-11-21,52050040,,"",SANDONA [52050040],Pluviométrica,Convencional,Activa,Nariño,Sandoná,1.3223,-77.4792,20,9/15/1963,,Cudayari,Pacifico,Patía,Río Guáitara,2002,21,Andes,Preliminar,0,0,0,3.00825977325439,3.00825977325439,0,0,0,3.93818187713623,4.62545442581177,5,5,0.789855062961578,0.967391312122345,1,1,65,1.03999996185303,0
11,2013-11-08,52050040,5,Definitivo,SANDONA [52050040],Pluviométrica,Convencional,Activa,Nariño,Sandoná,1.3223,-77.4792,20,9/15/1963,,Cudayari,Pacifico,Patía,Río Guáitara,2013,08,Andes,Definitivo,5,5,0,1.98298251628876,1.98298251628876,0,1.2455233335495,1.69573962688446,3.93818187713623,4.62545442581177,5,5,0.789855062961578,0.967391312122345,1,1,62,1.03999996185303,5.19999980926514
11,2011-11-08,52050040,4,Definitivo,SANDONA [52050040],Pluviométrica,Convencional,Activa,Nariño,Sandoná,1.3223,-77.4792,20,9/15/1963,,Cudayari,Pacifico,Patía,Río Guáitara,2011,08,Andes,Definitivo,4,4,0,10.7518367767334,10.7518367767334,0,26.0810775756836,28.22532081604,3.93818187713623,4.62545442581177,5,5,0.789855062961578,0.967391312122345,1,1,62,1.03999996185303,4.15999984741211
11,2011-11-09,52050040,2,Definitivo,SANDONA [52050040],Pluviométrica,Convencional,Activa,Nariño,Sandoná,1.3223,-77.4792,20,9/15/1963,,Cudayari,Pacifico,Patía,Río Guáitara,2011,09,Andes,Definitivo,2,2,0,4.63554573059082,4.63554573059082,0,3.93230772018433,0.0321472845971584,3.93818187713623,4.62545442581177,5,5,0.789855062961578,0.967391312122345,1,1,62,1.03999996185303,2.07999992370605
11,2016-11-08,52050040,5,Definitivo,SANDONA [52050040],Pluviométrica,Convencional,Activa,Nariño,Sandoná,1.3223,-77.4792,20,9/15/1963,,Cudayari,Pacifico,Patía,Río Guáitara,2016,08,Andes,Definitivo,5,5,0,3.1242253780365,3.1242253780365,0,0,0,3.93818187713623,4.62545442581177,5,5,0.789855062961578,0.967391312122345,1,1,62,1.03999996185303,5.19999980926514
11,2015-11-13,52050040,,"",SANDONA [52050040],Pluviométrica,Convencional,Activa,Nariño,Sandoná,1.3223,-77.4792,20,9/15/1963,,Cudayari,Pacifico,Patía,Río Guáitara,2015,13,Andes,Preliminar,0,0,0,3.38704180717468,3.38704180717468,0,0.372997224330902,0,3.93818187713623,4.62545442581177,5,5,0.789855062961578,0.967391312122345,1,1,63,1.03999996185303,0
11,2015-11-14,52050040,,"",SANDONA [52050040],Pluviométrica,Convencional,Activa,Nariño,Sandoná,1.3223,-77.4792,20,9/15/1963,,Cudayari,Pacifico,Patía,Río Guáitara,2015,14,Andes,Preliminar,0,0,0,4.42494678497314,4.42494678497314,0,0.459055572748184,0,3.93818187713623,4.62545442581177,5,5,0.789855062961578,0.967391312122345,1,1,63,1.03999996185303,0
11,2003-11-08,52050040,5,Definitivo,SANDONA [52050040],Pluviométrica,Convencional,Activa,Nariño,Sandoná,1.3223,-77.4792,20,9/15/1963,,Cudayari,Pacifico,Patía,Río Guáitara,2003,08,Andes,Definitivo,5,5,0,6.82013940811157,6.82013940811157,27.7249641418457,9.28199195861816,30.3594989776611,3.93818187713623,4.62545442581177,5,5,0.789855062961578,0.967391312122345,1,1,62,1.03999996185303,5.19999980926514
11,2004-11-03,52050040,0,Definitivo,SANDONA [52050040],Pluviométrica,Convencional,Activa,Nariño,Sandoná,1.3223,-77.4792,20,9/15/1963,,Cudayari,Pacifico,Patía,Río Guáitara,2004,03,Andes,Definitivo,0,0,0,15.8006982803345,15.8006982803345,59.9339179992676,8.28575134277344,34.8592567443848,3.93818187713623,4.62545442581177,5,5,0.789855062961578,0.967391312122345,1,1,61,1.03999996185303,0
11,2018-11-08,52050040,2,Definitivo,SANDONA [52050040],Pluviométrica,Convencional,Activa,Nariño,Sandoná,1.3223,-77.4792,20,9/15/1963,,Cudayari,Pacifico,Patía,Río Guáitara,2018,08,Andes,Definitivo,2,2,0,6.84223651885986,6.84223651885986,6.88135957717896,10.1308727264404,20.1443691253662,3.93818187713623,4.62545442581177,5,5,0.789855062961578,0.967391312122345,1,1,62,1.03999996185303,2.07999992370605
11,2019-11-06,52050040,4,Definitivo,SANDONA [52050040],Pluviométrica,Convencional,Activa,Nariño,Sandoná,1.3223,-77.4792,20,9/15/1963,,Cudayari,Pacifico,Patía,Río Guáitara,2019,06,Andes,Definitivo,4,4,0,2.7643301486969,2.7643301486969,0,8.48489952087402,0,3.93818187713623,4.62545442581177,5,5,0.789855062961578,0.967391312122345,1,1,62,1.03999996185303,4.15999984741211
11,2020-11-03,52050040,,"",SANDONA [52050040],Pluviométrica,Convencional,Activa,Nariño,Sandoná,1.3223,-77.4792,20,9/15/1963,,Cudayari,Pacifico,Patía,Río Guáitara,2020,03,Andes,Preliminar,0,0,0,1.31048631668091,1.31048631668091,0,0.628680050373077,0,3.93818187713623,4.62545442581177,5,5,0.789855062961578,0.967391312122345,1,1,61,1.03999996185303,0
11,2013-11-07,52050040,,"",SANDONA [52050040],Pluviométrica,Convencional,Activa,Nariño,Sandoná,1.3223,-77.4792,20,9/15/1963,,Cudayari,Pacifico,Patía,Río Guáitara,2013,07,Andes,Preliminar,0,0,0,6.99889755249023,6.99889755249023,0,3.18374824523926,0.2352155148983,3.93818187713623,4.62545442581177,5,5,0.789855062961578,0.967391312122345,1,1,62,1.03999996185303,0
11,2015-11-09,52050040,,"",SANDONA [52050040],Pluviométrica,Convencional,Activa,Nariño,Sandoná,1.3223,-77.4792,20,9/15/1963,,Cudayari,Pacifico,Patía,Río Guáitara,2015,09,Andes,Preliminar,0,0,0,3.36394619941711,3.36394619941711,15.8436050415039,8.52601623535156,7.17970418930054,3.93818187713623,4.62545442581177,5,5,0.789855062961578,0.967391312122345,1,1,62,1.03999996185303,0
11,2017-11-01,52050040,15,Definitivo,SANDONA [52050040],Pluviométrica,Convencional,Activa,Nariño,Sandoná,1.3223,-77.4792,20,9/15/1963,,Cudayari,Pacifico,Patía,Río Guáitara,2017,01,Andes,Definitivo,15,15,0,4.9544243812561,4.9544243812561,18.3317356109619,7.04716968536377,2.07070255279541,3.93818187713623,4.62545442581177,5,5,0.789855062961578,0.967391312122345,1,1,61,1.03999996185303,15.5999994277954
11,2007-11-06,52050040,4,Definitivo,SANDONA [52050040],Pluviométrica,Convencional,Activa,Nariño,Sandoná,1.3223,-77.4792,20,9/15/1963,,Cudayari,Pacifico,Patía,Río Guáitara,2007,06,Andes,Definitivo,4,4,0,10.3821144104004,10.3821144104004,0,5.9400315284729,2.59640192985535,3.93818187713623,4.62545442581177,5,5,0.789855062961578,0.967391312122345,1,1,62,1.03999996185303,4.15999984741211
11,2012-11-04,52050040,3,Definitivo,SANDONA [52050040],Pluviométrica,Convencional,Activa,Nariño,Sandoná,1.3223,-77.4792,20,9/15/1963,,Cudayari,Pacifico,Patía,Río Guáitara,2012,04,Andes,Definitivo,3,3,0,14.8742227554321,14.8742227554321,21.1729946136475,7.17364120483398,27.0433788299561,3.93818187713623,4.62545442581177,5,5,0.789855062961578,0.967391312122345,1,1,61,1.03999996185303,3.11999988555908
11,2014-11-07,52050040,1,Definitivo,SANDONA [52050040],Pluviométrica,Convencional,Activa,Nariño,Sandoná,1.3223,-77.4792,20,9/15/1963,,Cudayari,Pacifico,Patía,Río Guáitara,2014,07,Andes,Definitivo,1,1,0,3.9343855381012,3.9343855381012,27.469367980957,1.44056689739227,10.4779720306396,3.93818187713623,4.62545442581177,5,5,0.789855062961578,0.967391312122345,1,1,62,1.03999996185303,1.03999996185303
11,2001-11-17,52050040,4,Definitivo,SANDONA [52050040],Pluviométrica,Convencional,Activa,Nariño,Sandoná,1.3223,-77.4792,20,9/15/1963,,Cudayari,Pacifico,Patía,Río Guáitara,2001,17,Andes,Definitivo,4,4,0,4.39195537567139,4.39195537567139,15.0864143371582,14.1563882827759,17.3790245056152,3.93818187713623,4.62545442581177,5,5,0.789855062961578,0.967391312122345,1,1,64,1.03999996185303,4.15999984741211
11,2001-11-15,52050040,19,Definitivo,SANDONA [52050040],Pluviométrica,Convencional,Activa,Nariño,Sandoná,1.3223,-77.4792,20,9/15/1963,,Cudayari,Pacifico,Patía,Río Guáitara,2001,15,Andes,Definitivo,19,19,0,15.9606447219849,15.9606447219849,25.267448425293,16.7539672851563,23.2696590423584,3.93818187713623,4.62545442581177,5,5,0.789855062961578,0.967391312122345,1,1,63,1.03999996185303,19.7599992752075
11,2016-11-11,52050040,,"",SANDONA [52050040],Pluviométrica,Convencional,Activa,Nariño,Sandoná,1.3223,-77.4792,20,9/15/1963,,Cudayari,Pacifico,Patía,Río Guáitara,2016,11,Andes,Preliminar,0,0,0,24.4032211303711,24.4032211303711,104.954246520996,30.6467742919922,55.5288543701172,3.93818187713623,4.62545442581177,5,5,0.789855062961578,0.967391312122345,1,1,63,1.03999996185303,0
11,2017-11-09,52050040,0,Definitivo,SANDONA [52050040],Pluviométrica,Convencional,Activa,Nariño,Sandoná,1.3223,-77.4792,20,9/15/1963,,Cudayari,Pacifico,Patía,Río Guáitara,2017,09,Andes,Definitivo,0,0,0,2.59817457199097,2.59817457199097,0,3.57008409500122,2.66722321510315,3.93818187713623,4.62545442581177,5,5,0.789855062961578,0.967391312122345,1,1,62,1.03999996185303,0
11,2004-11-04,52050040,,"",SANDONA [52050040],Pluviométrica,Convencional,Activa,Nariño,Sandoná,1.3223,-77.4792,20,9/15/1963,,Cudayari,Pacifico,Patía,Río Guáitara,2004,04,Andes,Preliminar,0,0,0,7.6589937210083,7.6589937210083,0,21.0183849334717,0.416674137115479,3.93818187713623,4.62545442581177,5,5,0.789855062961578,0.967391312122345,1,1,61,1.03999996185303,0
11,2006-11-06,52050040,30,Definitivo,SANDONA [52050040],Pluviométrica,Convencional,Activa,Nariño,Sandoná,1.3223,-77.4792,20,9/15/1963,,Cudayari,Pacifico,Patía,Río Guáitara,2006,06,Andes,Definitivo,30,30,0,15.71653175354,15.71653175354,24.1179256439209,3.46792483329773,13.7448835372925,3.93818187713623,4.62545442581177,5,5,0.789855062961578,0.967391312122345,1,1,62,1.03999996185303,31.1999988555908
11,2008-11-07,52050040,4,Definitivo,SANDONA [52050040],Pluviométrica,Convencional,Activa,Nariño,Sandoná,1.3223,-77.4792,20,9/15/1963,,Cudayari,Pacifico,Patía,Río Guáitara,2008,07,Andes,Definitivo,4,4,0,8.95593166351318,8.95593166351318,14.8036193847656,4.19679832458496,2.20188450813293,3.93818187713623,4.62545442581177,5,5,0.789855062961578,0.967391312122345,1,1,62,1.03999996185303,4.15999984741211
11,2021-11-01,52050040,30,En revisión,SANDONA [52050040],Pluviométrica,Convencional,Activa,Nariño,Sandoná,1.3223,-77.4792,20,9/15/1963,,Cudayari,Pacifico,Patía,Río Guáitara,2021,01,Andes,En revisión,30,30,0,5.45709800720215,5.45709800720215,0,2.38096451759338,0.577233731746674,3.93818187713623,4.62545442581177,5,5,0.789855062961578,0.967391312122345,1,1,61,1.03999996185303,31.1999988555908
11,2019-11-02,52050040,,"",SANDONA [52050040],Pluviométrica,Convencional,Activa,Nariño,Sandoná,1.3223,-77.4792,20,9/15/1963,,Cudayari,Pacifico,Patía,Río Guáitara,2019,02,Andes,Preliminar,0,0,0,9.44999217987061,9.44999217987061,0,22.3110733032227,11.9329786300659,3.93818187713623,4.62545442581177,5,5,0.789855062961578,0.967391312122345,1,1,61,1.03999996185303,0
11,2012-11-03,52050040,28,Definitivo,SANDONA [52050040],Pluviométrica,Convencional,Activa,Nariño,Sandoná,1.3223,-77.4792,20,9/15/1963,,Cudayari,Pacifico,Patía,Río Guáitara,2012,03,Andes,Definitivo,28,28,0,8.90065288543701,8.90065288543701,21.1729946136475,8.76749706268311,1.10360765457153,3.93818187713623,4.62545442581177,5,5,0.789855062961578,0.967391312122345,1,1,61,1.03999996185303,29.1199989318848
11,2005-11-04,52050040,3,Definitivo,SANDONA [52050040],Pluviométrica,Convencional,Activa,Nariño,Sandoná,1.3223,-77.4792,20,9/15/1963,,Cudayari,Pacifico,Patía,Río Guáitara,2005,04,Andes,Definitivo,3,3,0,5.88102197647095,5.88102197647095,0,0,0,3.93818187713623,4.62545442581177,5,5,0.789855062961578,0.967391312122345,1,1,61,1.03999996185303,3.11999988555908
11,2005-11-05,52050040,,"",SANDONA [52050040],Pluviométrica,Convencional,Activa,Nariño,Sandoná,1.3223,-77.4792,20,9/15/1963,,Cudayari,Pacifico,Patía,Río Guáitara,2005,05,Andes,Preliminar,0,0,0,4.05091333389282,4.05091333389282,0,0,0,3.93818187713623,4.62545442581177,5,5,0.789855062961578,0.967391312122345,1,1,61,1.03999996185303,0
11,2012-11-05,52050040,38,Definitivo,SANDONA [52050040],Pluviométrica,Convencional,Activa,Nariño,Sandoná,1.3223,-77.4792,20,9/15/1963,,Cudayari,Pacifico,Patía,Río Guáitara,2012,05,Andes,Definitivo,38,38,0,10.4391374588013,10.4391374588013,0,16.1855316162109,1.88761830329895,3.93818187713623,4.62545442581177,5,5,0.789855062961578,0.967391312122345,1,1,61,1.03999996185303,39.519998550415
11,2014-11-08,52050040,,"",SANDONA [52050040],Pluviométrica,Convencional,Activa,Nariño,Sandoná,1.3223,-77.4792,20,9/15/1963,,Cudayari,Pacifico,Patía,Río Guáitara,2014,08,Andes,Preliminar,0,0,0,4.69069957733154,4.69069957733154,0,5.27823925018311,0.337197631597519,3.93818187713623,4.62545442581177,5,5,0.789855062961578,0.967391312122345,1,1,62,1.03999996185303,0
11,2016-11-09,52050040,,"",SANDONA [52050040],Pluviométrica,Convencional,Activa,Nariño,Sandoná,1.3223,-77.4792,20,9/15/1963,,Cudayari,Pacifico,Patía,Río Guáitara,2016,09,Andes,Preliminar,0,0,0,2.9578902721405,2.9578902721405,0,0,0,3.93818187713623,4.62545442581177,5,5,0.789855062961578,0.967391312122345,1,1,62,1.03999996185303,0
11,2001-11-13,52050040,25,Definitivo,SANDONA [52050040],Pluviométrica,Convencional,Activa,Nariño,Sandoná,1.3223,-77.4792,20,9/15/1963,,Cudayari,Pacifico,Patía,Río Guáitara,2001,13,Andes,Definitivo,25,25,0,10.6757793426514,10.6757793426514,12.6337242126465,20.0829944610596,34.9496040344238,3.93818187713623,4.62545442581177,5,5,0.789855062961578,0.967391312122345,1,1,63,1.03999996185303,25.9999990463257
11,2002-11-09,52050040,13,Definitivo,SANDONA [52050040],Pluviométrica,Convencional,Activa,Nariño,Sandoná,1.3223,-77.4792,20,9/15/1963,,Cudayari,Pacifico,Patía,Río Guáitara,2002,09,Andes,Definitivo,13,13,0,16.7822818756104,16.7822818756104,9.39941310882568,7.22938632965088,1.66037082672119,3.93818187713623,4.62545442581177,5,5,0.789855062961578,0.967391312122345,1,1,62,1.03999996185303,13.5199995040894
11,2017-11-10,52050040,,"",SANDONA [52050040],Pluviométrica,Convencional,Activa,Nariño,Sandoná,1.3223,-77.4792,20,9/15/1963,,Cudayari,Pacifico,Patía,Río Guáitara,2017,10,Andes,Preliminar,0,0,0,6.27714967727661,6.27714967727661,0,4.21385622024536,2.15639543533325,3.93818187713623,4.62545442581177,5,5,0.789855062961578,0.967391312122345,1,1,62,1.03999996185303,0
11,2019-11-05,52050040,3,Definitivo,SANDONA [52050040],Pluviométrica,Convencional,Activa,Nariño,Sandoná,1.3223,-77.4792,20,9/15/1963,,Cudayari,Pacifico,Patía,Río Guáitara,2019,05,Andes,Definitivo,3,3,0,5.02801036834717,5.02801036834717,20.0054817199707,13.6006307601929,5.70264291763306,3.93818187713623,4.62545442581177,5,5,0.789855062961578,0.967391312122345,1,1,61,1.03999996185303,3.11999988555908
11,2017-11-05,52050040,,"",SANDONA [52050040],Pluviométrica,Convencional,Activa,Nariño,Sandoná,1.3223,-77.4792,20,9/15/1963,,Cudayari,Pacifico,Patía,Río Guáitara,2017,05,Andes,Preliminar,0,0,0,0.577357351779938,0.577357351779938,0,1.94415843486786,3.9800865650177,3.93818187713623,4.62545442581177,5,5,0.789855062961578,0.967391312122345,1,1,61,1.03999996185303,0
11,2008-11-08,52050040,2,Definitivo,SANDONA [52050040],Pluviométrica,Convencional,Activa,Nariño,Sandoná,1.3223,-77.4792,20,9/15/1963,,Cudayari,Pacifico,Patía,Río Guáitara,2008,08,Andes,Definitivo,2,2,0,7.92144918441773,7.92144918441773,0,4.86077833175659,0.825250267982483,3.93818187713623,4.62545442581177,5,5,0.789855062961578,0.967391312122345,1,1,62,1.03999996185303,2.07999992370605
11,2011-11-07,52050040,19,Definitivo,SANDONA [52050040],Pluviométrica,Convencional,Activa,Nariño,Sandoná,1.3223,-77.4792,20,9/15/1963,,Cudayari,Pacifico,Patía,Río Guáitara,2011,07,Andes,Definitivo,19,19,0,22.2799301147461,22.2799301147461,41.0525588989258,20.6305103302002,41.0721740722656,3.93818187713623,4.62545442581177,5,5,0.789855062961578,0.967391312122345,1,1,62,1.03999996185303,19.7599992752075
11,2014-11-03,52050040,5,Definitivo,SANDONA [52050040],Pluviométrica,Convencional,Activa,Nariño,Sandoná,1.3223,-77.4792,20,9/15/1963,,Cudayari,Pacifico,Patía,Río Guáitara,2014,03,Andes,Definitivo,5,5,0,8.61666393280029,8.61666393280029,0,6.5874605178833,2.33737254142761,3.93818187713623,4.62545442581177,5,5,0.789855062961578,0.967391312122345,1,1,61,1.03999996185303,5.19999980926514
11,2003-11-03,52050040,,"",SANDONA [52050040],Pluviométrica,Convencional,Activa,Nariño,Sandoná,1.3223,-77.4792,20,9/15/1963,,Cudayari,Pacifico,Patía,Río Guáitara,2003,03,Andes,Preliminar,0,0,0,13.1265754699707,13.1265754699707,13.3569421768188,0.977125108242035,0.24444454908371,3.93818187713623,4.62545442581177,5,5,0.789855062961578,0.967391312122345,1,1,61,1.03999996185303,0
11,2006-11-01,52050040,4,Definitivo,SANDONA [52050040],Pluviométrica,Convencional,Activa,Nariño,Sandoná,1.3223,-77.4792,20,9/15/1963,,Cudayari,Pacifico,Patía,Río Guáitara,2006,01,Andes,Definitivo,4,4,0,1.7037798166275,1.7037798166275,22.4870471954346,7.91005706787109,17.2869262695313,3.93818187713623,4.62545442581177,5,5,0.789855062961578,0.967391312122345,1,1,61,1.03999996185303,4.15999984741211
11,2010-11-04,52050040,,"",SANDONA [52050040],Pluviométrica,Convencional,Activa,Nariño,Sandoná,1.3223,-77.4792,20,9/15/1963,,Cudayari,Pacifico,Patía,Río Guáitara,2010,04,Andes,Preliminar,0,0,0,3.7979907989502,3.7979907989502,0,4.39291715621948,0.250490337610245,3.93818187713623,4.62545442581177,5,5,0.789855062961578,0.967391312122345,1,1,61,1.03999996185303,0
11,2015-11-04,52050040,,"",SANDONA [52050040],Pluviométrica,Convencional,Activa,Nariño,Sandoná,1.3223,-77.4792,20,9/15/1963,,Cudayari,Pacifico,Patía,Río Guáitara,2015,04,Andes,Preliminar,0,0,0,10.5204734802246,10.5204734802246,21.0829162597656,18.3131008148193,5.43069982528687,3.93818187713623,4.62545442581177,5,5,0.789855062961578,0.967391312122345,1,1,61,1.03999996185303,0
11,2015-11-05,52050040,10,Definitivo,SANDONA [52050040],Pluviométrica,Convencional,Activa,Nariño,Sandoná,1.3223,-77.4792,20,9/15/1963,,Cudayari,Pacifico,Patía,Río Guáitara,2015,05,Andes,Definitivo,10,10,0,12.3056497573853,12.3056497573853,14.0552778244019,6.76904153823853,8.85365200042725,3.93818187713623,4.62545442581177,5,5,0.789855062961578,0.967391312122345,1,1,61,1.03999996185303,10.3999996185303
11,2016-11-10,52050040,35,Definitivo,SANDONA [52050040],Pluviométrica,Convencional,Activa,Nariño,Sandoná,1.3223,-77.4792,20,9/15/1963,,Cudayari,Pacifico,Patía,Río Guáitara,2016,10,Andes,Definitivo,35,35,0,7.17716550827026,7.17716550827026,0,0,0,3.93818187713623,4.62545442581177,5,5,0.789855062961578,0.967391312122345,1,1,62,1.03999996185303,36.399998664856
11,2017-11-08,52050040,,"",SANDONA [52050040],Pluviométrica,Convencional,Activa,Nariño,Sandoná,1.3223,-77.4792,20,9/15/1963,,Cudayari,Pacifico,Patía,Río Guáitara,2017,08,Andes,Preliminar,0,0,0,8.7031888961792,8.7031888961792,0,2.60887432098389,1.85223841667175,3.93818187713623,4.62545442581177,5,5,0.789855062961578,0.967391312122345,1,1,62,1.03999996185303,0
11,2003-11-05,52050040,,"",SANDONA [52050040],Pluviométrica,Convencional,Activa,Nariño,Sandoná,1.3223,-77.4792,20,9/15/1963,,Cudayari,Pacifico,Patía,Río Guáitara,2003,05,Andes,Preliminar,0,0,0,13.2074365615845,13.2074365615845,0,1.57261383533478,0,3.93818187713623,4.62545442581177,5,5,0.789855062961578,0.967391312122345,1,1,61,1.03999996185303,0
11,2002-11-04,52050040,,"",SANDONA [52050040],Pluviométrica,Convencional,Activa,Nariño,Sandoná,1.3223,-77.4792,20,9/15/1963,,Cudayari,Pacifico,Patía,Río Guáitara,2002,04,Andes,Preliminar,10,10,0,10.6827163696289,10.6827163696289,32.4950408935547,5.6986870765686,16.5145111083984,3.93818187713623,4.62545442581177,5,5,0.789855062961578,0.967391312122345,1,1,61,1.03999996185303,10.3999996185303
11,2004-11-05,52050040,30,Definitivo,SANDONA [52050040],Pluviométrica,Convencional,Activa,Nariño,Sandoná,1.3223,-77.4792,20,9/15/1963,,Cudayari,Pacifico,Patía,Río Guáitara,2004,05,Andes,Definitivo,30,30,0,14.5778312683105,14.5778312683105,29.9669589996338,9.15493202209473,14.5463924407959,3.93818187713623,4.62545442581177,5,5,0.789855062961578,0.967391312122345,1,1,61,1.03999996185303,31.1999988555908
11,2018-11-03,52050040,13,Definitivo,SANDONA [52050040],Pluviométrica,Convencional,Activa,Nariño,Sandoná,1.3223,-77.4792,20,9/15/1963,,Cudayari,Pacifico,Patía,Río Guáitara,2018,03,Andes,Definitivo,13,13,0,10.8400239944458,10.8400239944458,43.1985168457031,8.87195873260498,17.9099063873291,3.93818187713623,4.62545442581177,5,5,0.789855062961578,0.967391312122345,1,1,61,1.03999996185303,13.5199995040894
11,2019-11-01,52050040,39,Definitivo,SANDONA [52050040],Pluviométrica,Convencional,Activa,Nariño,Sandoná,1.3223,-77.4792,20,9/15/1963,,Cudayari,Pacifico,Patía,Río Guáitara,2019,01,Andes,Definitivo,39,39,0,10.3371725082397,10.3371725082397,0,15.4415893554688,1.62641322612762,3.93818187713623,4.62545442581177,5,5,0.789855062961578,0.967391312122345,1,1,61,1.03999996185303,40.5599985122681
11,2007-11-05,52050040,0,Definitivo,SANDONA [52050040],Pluviométrica,Convencional,Activa,Nariño,Sandoná,1.3223,-77.4792,20,9/15/1963,,Cudayari,Pacifico,Patía,Río Guáitara,2007,05,Andes,Definitivo,0,0,0,11.0570802688599,11.0570802688599,11.6108198165894,9.55951976776123,11.8083400726318,3.93818187713623,4.62545442581177,5,5,0.789855062961578,0.967391312122345,1,1,61,1.03999996185303,0
11,2003-11-04,52050040,,"",SANDONA [52050040],Pluviométrica,Convencional,Activa,Nariño,Sandoná,1.3223,-77.4792,20,9/15/1963,,Cudayari,Pacifico,Patía,Río Guáitara,2003,04,Andes,Preliminar,0,0,0,9.37997722625732,9.37997722625732,4.4523138999939,1.49273109436035,7.27047920227051,3.93818187713623,4.62545442581177,5,5,0.789855062961578,0.967391312122345,1,1,61,1.03999996185303,0
11,2001-11-02,52050040,3,Definitivo,SANDONA [52050040],Pluviométrica,Convencional,Activa,Nariño,Sandoná,1.3223,-77.4792,20,9/15/1963,,Cudayari,Pacifico,Patía,Río Guáitara,2001,02,Andes,Definitivo,3,3,0,3.13526391983032,3.13526391983032,0,0,0,3.93818187713623,4.62545442581177,5,5,0.789855062961578,0.967391312122345,1,1,61,1.03999996185303,3.11999988555908
11,2006-11-02,52050040,1,Definitivo,SANDONA [52050040],Pluviométrica,Convencional,Activa,Nariño,Sandoná,1.3223,-77.4792,20,9/15/1963,,Cudayari,Pacifico,Patía,Río Guáitara,2006,02,Andes,Definitivo,1,1,0,0.716081321239471,0.716081321239471,7.49568271636963,4.91842460632324,2.04671120643616,3.93818187713623,4.62545442581177,5,5,0.789855062961578,0.967391312122345,1,1,61,1.03999996185303,1.03999996185303
11,2010-11-05,52050040,,"",SANDONA [52050040],Pluviométrica,Convencional,Activa,Nariño,Sandoná,1.3223,-77.4792,20,9/15/1963,,Cudayari,Pacifico,Patía,Río Guáitara,2010,05,Andes,Preliminar,0,0,0,0.984664261341095,0.984664261341095,0,2.51787328720093,0.65057909488678,3.93818187713623,4.62545442581177,5,5,0.789855062961578,0.967391312122345,1,1,61,1.03999996185303,0
11,2010-11-06,52050040,,"",SANDONA [52050040],Pluviométrica,Convencional,Activa,Nariño,Sandoná,1.3223,-77.4792,20,9/15/1963,,Cudayari,Pacifico,Patía,Río Guáitara,2010,06,Andes,Preliminar,0,0,0,1.24772095680237,1.24772095680237,0,0,0,3.93818187713623,4.62545442581177,5,5,0.789855062961578,0.967391312122345,1,1,62,1.03999996185303,0
11,2003-11-15,52050040,,"",SANDONA [52050040],Pluviométrica,Convencional,Activa,Nariño,Sandoná,1.3223,-77.4792,20,9/15/1963,,Cudayari,Pacifico,Patía,Río Guáitara,2003,15,Andes,Preliminar,0,0,0,5.59209680557251,5.59209680557251,0,3.14107728004456,0.14011886715889,3.93818187713623,4.62545442581177,5,5,0.789855062961578,0.967391312122345,1,1,63,1.03999996185303,0
11,2003-11-12,52050040,,"",SANDONA [52050040],Pluviométrica,Convencional,Activa,Nariño,Sandoná,1.3223,-77.4792,20,9/15/1963,,Cudayari,Pacifico,Patía,Río Guáitara,2003,12,Andes,Preliminar,20,20,0,10.6283874511719,10.6283874511719,25.4227256774902,1.8732385635376,6.28624153137207,3.93818187713623,4.62545442581177,5,5,0.789855062961578,0.967391312122345,1,1,63,1.03999996185303,20.7999992370605
11,2018-11-06,52050040,,"",SANDONA [52050040],Pluviométrica,Convencional,Activa,Nariño,Sandoná,1.3223,-77.4792,20,9/15/1963,,Cudayari,Pacifico,Patía,Río Guáitara,2018,06,Andes,Preliminar,0,0,0,11.2973165512085,11.2973165512085,6.88135957717896,6.92144346237183,0.0417224727571011,3.93818187713623,4.62545442581177,5,5,0.789855062961578,0.967391312122345,1,1,62,1.03999996185303,0
11,2018-11-07,52050040,,"",SANDONA [52050040],Pluviométrica,Convencional,Activa,Nariño,Sandoná,1.3223,-77.4792,20,9/15/1963,,Cudayari,Pacifico,Patía,Río Guáitara,2018,07,Andes,Preliminar,0,0,0,12.322003364563,12.322003364563,20.6440773010254,4.97311639785767,0.591700494289398,3.93818187713623,4.62545442581177,5,5,0.789855062961578,0.967391312122345,1,1,62,1.03999996185303,0
11,2017-11-04,52050040,3,Definitivo,SANDONA [52050040],Pluviométrica,Convencional,Activa,Nariño,Sandoná,1.3223,-77.4792,20,9/15/1963,,Cudayari,Pacifico,Patía,Río Guáitara,2017,04,Andes,Definitivo,3,3,0,4.75386238098145,4.75386238098145,0,9.28268051147461,0.454867005348206,3.93818187713623,4.62545442581177,5,5,0.789855062961578,0.967391312122345,1,1,61,1.03999996185303,3.11999988555908
11,2009-11-04,52050040,1,Definitivo,SANDONA [52050040],Pluviométrica,Convencional,Activa,Nariño,Sandoná,1.3223,-77.4792,20,9/15/1963,,Cudayari,Pacifico,Patía,Río Guáitara,2009,04,Andes,Definitivo,1,1,0,0.571107923984528,0.571107923984528,0,1.24551916122437,0,3.93818187713623,4.62545442581177,5,5,0.789855062961578,0.967391312122345,1,1,61,1.03999996185303,1.03999996185303
11,2009-11-05,52050040,,"",SANDONA [52050040],Pluviométrica,Convencional,Activa,Nariño,Sandoná,1.3223,-77.4792,20,9/15/1963,,Cudayari,Pacifico,Patía,Río Guáitara,2009,05,Andes,Preliminar,0,0,0,0.902719080448151,0.902719080448151,7.31498622894287,3.10132074356079,0.143669277429581,3.93818187713623,4.62545442581177,5,5,0.789855062961578,0.967391312122345,1,1,61,1.03999996185303,0
11,2014-11-02,52050040,1,Definitivo,SANDONA [52050040],Pluviométrica,Convencional,Activa,Nariño,Sandoná,1.3223,-77.4792,20,9/15/1963,,Cudayari,Pacifico,Patía,Río Guáitara,2014,02,Andes,Definitivo,1,1,0,16.5994415283203,16.5994415283203,9.81595993041992,8.28975868225098,3.15332770347595,3.93818187713623,4.62545442581177,5,5,0.789855062961578,0.967391312122345,1,1,61,1.03999996185303,1.03999996185303
11,2011-11-02,52050040,,"",SANDONA [52050040],Pluviométrica,Convencional,Activa,Nariño,Sandoná,1.3223,-77.4792,20,9/15/1963,,Cudayari,Pacifico,Patía,Río Guáitara,2011,02,Andes,Preliminar,0,0,0,2.19291472434998,2.19291472434998,0,3.30151510238647,0,3.93818187713623,4.62545442581177,5,5,0.789855062961578,0.967391312122345,1,1,61,1.03999996185303,0
11,2017-11-06,52050040,,"",SANDONA [52050040],Pluviométrica,Convencional,Activa,Nariño,Sandoná,1.3223,-77.4792,20,9/15/1963,,Cudayari,Pacifico,Patía,Río Guáitara,2017,06,Andes,Preliminar,0,0,0,5.21131706237793,5.21131706237793,10.8942737579346,0.588517785072327,0.428939372301102,3.93818187713623,4.62545442581177,5,5,0.789855062961578,0.967391312122345,1,1,62,1.03999996185303,0
11,2001-11-03,52050040,,"",SANDONA [52050040],Pluviométrica,Convencional,Activa,Nariño,Sandoná,1.3223,-77.4792,20,9/15/1963,,Cudayari,Pacifico,Patía,Río Guáitara,2001,03,Andes,Preliminar,0,0,0,0.725322127342224,0.725322127342224,0,0,0,3.93818187713623,4.62545442581177,5,5,0.789855062961578,0.967391312122345,1,1,61,1.03999996185303,0
11,2008-11-03,52050040,2,Definitivo,SANDONA [52050040],Pluviométrica,Convencional,Activa,Nariño,Sandoná,1.3223,-77.4792,20,9/15/1963,,Cudayari,Pacifico,Patía,Río Guáitara,2008,03,Andes,Definitivo,2,2,0,4.71808242797852,4.71808242797852,0,1.0228385925293,7.05828523635864,3.93818187713623,4.62545442581177,5,5,0.789855062961578,0.967391312122345,1,1,61,1.03999996185303,2.07999992370605
11,2008-11-04,52050040,5,Definitivo,SANDONA [52050040],Pluviométrica,Convencional,Activa,Nariño,Sandoná,1.3223,-77.4792,20,9/15/1963,,Cudayari,Pacifico,Patía,Río Guáitara,2008,04,Andes,Definitivo,5,5,0,7.26775360107422,7.26775360107422,0,2.56089115142822,2.73984789848328,3.93818187713623,4.62545442581177,5,5,0.789855062961578,0.967391312122345,1,1,61,1.03999996185303,5.19999980926514
11,2001-11-05,52050040,,"",SANDONA [52050040],Pluviométrica,Convencional,Activa,Nariño,Sandoná,1.3223,-77.4792,20,9/15/1963,,Cudayari,Pacifico,Patía,Río Guáitara,2001,05,Andes,Preliminar,0,0,0,8.2125186920166,8.2125186920166,0,0,0,3.93818187713623,4.62545442581177,5,5,0.789855062961578,0.967391312122345,1,1,61,1.03999996185303,0
11,2017-11-07,52050040,,"",SANDONA [52050040],Pluviométrica,Convencional,Activa,Nariño,Sandoná,1.3223,-77.4792,20,9/15/1963,,Cudayari,Pacifico,Patía,Río Guáitara,2017,07,Andes,Preliminar,0,0,0,9.88125419616699,9.88125419616699,10.8942737579346,1.0874627828598,4.96399831771851,3.93818187713623,4.62545442581177,5,5,0.789855062961578,0.967391312122345,1,1,62,1.03999996185303,0
11,2001-11-10,52050040,4,Definitivo,SANDONA [52050040],Pluviométrica,Convencional,Activa,Nariño,Sandoná,1.3223,-77.4792,20,9/15/1963,,Cudayari,Pacifico,Patía,Río Guáitara,2001,10,Andes,Definitivo,4,4,0,3.03055381774902,3.03055381774902,0,1.28504765033722,0.0932517424225807,3.93818187713623,4.62545442581177,5,5,0.789855062961578,0.967391312122345,1,1,62,1.03999996185303,4.15999984741211
11,2001-11-08,52050040,,"",SANDONA [52050040],Pluviométrica,Convencional,Activa,Nariño,Sandoná,1.3223,-77.4792,20,9/15/1963,,Cudayari,Pacifico,Patía,Río Guáitara,2001,08,Andes,Preliminar,0,0,0,1.21681332588196,1.21681332588196,5.44920682907105,0.472825437784195,0.353932797908783,3.93818187713623,4.62545442581177,5,5,0.789855062961578,0.967391312122345,1,1,62,1.03999996185303,0
11,2006-11-03,52050040,0,Definitivo,SANDONA [52050040],Pluviométrica,Convencional,Activa,Nariño,Sandoná,1.3223,-77.4792,20,9/15/1963,,Cudayari,Pacifico,Patía,Río Guáitara,2006,03,Andes,Definitivo,0,0,0,0.765466153621674,0.765466153621674,0,4.27988052368164,0.00880937371402979,3.93818187713623,4.62545442581177,5,5,0.789855062961578,0.967391312122345,1,1,61,1.03999996185303,0
11,2018-11-02,52050040,15,Definitivo,SANDONA [52050040],Pluviométrica,Convencional,Activa,Nariño,Sandoná,1.3223,-77.4792,20,9/15/1963,,Cudayari,Pacifico,Patía,Río Guáitara,2018,02,Andes,Definitivo,15,15,0,4.68742752075195,4.68742752075195,0,7.23698043823242,1.84403848648071,3.93818187713623,4.62545442581177,5,5,0.789855062961578,0.967391312122345,1,1,61,1.03999996185303,15.5999994277954
11,2016-11-02,52050040,,"",SANDONA [52050040],Pluviométrica,Convencional,Activa,Nariño,Sandoná,1.3223,-77.4792,20,9/15/1963,,Cudayari,Pacifico,Patía,Río Guáitara,2016,02,Andes,Preliminar,0,0,0,3.10201835632324,3.10201835632324,0,1.20396721363068,0,3.93818187713623,4.62545442581177,5,5,0.789855062961578,0.967391312122345,1,1,61,1.03999996185303,0
11,2002-11-06,52050040,8,Definitivo,SANDONA [52050040],Pluviométrica,Convencional,Activa,Nariño,Sandoná,1.3223,-77.4792,20,9/15/1963,,Cudayari,Pacifico,Patía,Río Guáitara,2002,06,Andes,Definitivo,8,8,0,5.93116569519043,5.93116569519043,18.7988262176514,8.80622386932373,3.71382188796997,3.93818187713623,4.62545442581177,5,5,0.789855062961578,0.967391312122345,1,1,62,1.03999996185303,8.31999969482422
11,2016-11-05,52050040,,"",SANDONA [52050040],Pluviométrica,Convencional,Activa,Nariño,Sandoná,1.3223,-77.4792,20,9/15/1963,,Cudayari,Pacifico,Patía,Río Guáitara,2016,05,Andes,Preliminar,0,0,0,4.88819885253906,4.88819885253906,0,0.372759431600571,1.52062928676605,3.93818187713623,4.62545442581177,5,5,0.789855062961578,0.967391312122345,1,1,61,1.03999996185303,0
11,2013-11-04,52050040,,"",SANDONA [52050040],Pluviométrica,Convencional,Activa,Nariño,Sandoná,1.3223,-77.4792,20,9/15/1963,,Cudayari,Pacifico,Patía,Río Guáitara,2013,04,Andes,Preliminar,0,0,0,15.6666097640991,15.6666097640991,17.6308517456055,1.85741698741913,3.77488589286804,3.93818187713623,4.62545442581177,5,5,0.789855062961578,0.967391312122345,1,1,61,1.03999996185303,0
11,2003-11-01,52050040,4,Definitivo,SANDONA [52050040],Pluviométrica,Convencional,Activa,Nariño,Sandoná,1.3223,-77.4792,20,9/15/1963,,Cudayari,Pacifico,Patía,Río Guáitara,2003,01,Andes,Definitivo,4,4,0,0.48517119884491,0.48517119884491,0,2.2105450630188,2.64698529243469,3.93818187713623,4.62545442581177,5,5,0.789855062961578,0.967391312122345,1,1,61,1.03999996185303,4.15999984741211
11,2004-11-01,52050040,,"",SANDONA [52050040],Pluviométrica,Convencional,Activa,Nariño,Sandoná,1.3223,-77.4792,20,9/15/1963,,Cudayari,Pacifico,Patía,Río Guáitara,2004,01,Andes,Preliminar,0,0,0,3.90994906425476,3.90994906425476,0,1.44892024993896,0,3.93818187713623,4.62545442581177,5,5,0.789855062961578,0.967391312122345,1,1,61,1.03999996185303,0
11,2014-11-01,52050040,,"",SANDONA [52050040],Pluviométrica,Convencional,Activa,Nariño,Sandoná,1.3223,-77.4792,20,9/15/1963,,Cudayari,Pacifico,Patía,Río Guáitara,2014,01,Andes,Preliminar,0,0,0,10.2393922805786,10.2393922805786,4.90797996520996,2.76536679267883,4.28376626968384,3.93818187713623,4.62545442581177,5,5,0.789855062961578,0.967391312122345,1,1,61,1.03999996185303,0
11,2019-11-04,52050040,14,Definitivo,SANDONA [52050040],Pluviométrica,Convencional,Activa,Nariño,Sandoná,1.3223,-77.4792,20,9/15/1963,,Cudayari,Pacifico,Patía,Río Guáitara,2019,04,Andes,Definitivo,14,14,0,16.4538726806641,16.4538726806641,60.0164489746094,15.7113971710205,53.2943496704102,3.93818187713623,4.62545442581177,5,5,0.789855062961578,0.967391312122345,1,1,61,1.03999996185303,14.5599994659424
11,2015-11-06,52050040,35,Definitivo,SANDONA [52050040],Pluviométrica,Convencional,Activa,Nariño,Sandoná,1.3223,-77.4792,20,9/15/1963,,Cudayari,Pacifico,Patía,Río Guáitara,2015,06,Andes,Definitivo,35,35,0,10.602331161499,10.602331161499,7.92180252075195,5.5129885673523,0.639433979988098,3.93818187713623,4.62545442581177,5,5,0.789855062961578,0.967391312122345,1,1,62,1.03999996185303,36.399998664856
11,2018-11-05,52050040,,"",SANDONA [52050040],Pluviométrica,Convencional,Activa,Nariño,Sandoná,1.3223,-77.4792,20,9/15/1963,,Cudayari,Pacifico,Patía,Río Guáitara,2018,05,Andes,Preliminar,0,0,0,3.1517288684845,3.1517288684845,0,6.99327182769775,0.67362117767334,3.93818187713623,4.62545442581177,5,5,0.789855062961578,0.967391312122345,1,1,61,1.03999996185303,0
11,2001-11-01,52050040,,"",SANDONA [52050040],Pluviométrica,Convencional,Activa,Nariño,Sandoná,1.3223,-77.4792,20,9/15/1963,,Cudayari,Pacifico,Patía,Río Guáitara,2001,01,Andes,Preliminar,0,0,0,0.959297060966492,0.959297060966492,0,0,0,3.93818187713623,4.62545442581177,5,5,0.789855062961578,0.967391312122345,1,1,61,1.03999996185303,0
11,2002-11-01,52050040,26,Definitivo,SANDONA [52050040],Pluviométrica,Convencional,Activa,Nariño,Sandoná,1.3223,-77.4792,20,9/15/1963,,Cudayari,Pacifico,Patía,Río Guáitara,2002,01,Andes,Definitivo,26,26,0,3.75873303413391,3.75873303413391,16.2475204467773,6.26724767684937,3.55495977401733,3.93818187713623,4.62545442581177,5,5,0.789855062961578,0.967391312122345,1,1,61,1.03999996185303,27.0399990081787
11,2002-11-05,52050040,14,Definitivo,SANDONA [52050040],Pluviométrica,Convencional,Activa,Nariño,Sandoná,1.3223,-77.4792,20,9/15/1963,,Cudayari,Pacifico,Patía,Río Guáitara,2002,05,Andes,Definitivo,14,14,0,8.1109504699707,8.1109504699707,16.2475204467773,24.3080043792725,9.83261489868164,3.93818187713623,4.62545442581177,5,5,0.789855062961578,0.967391312122345,1,1,61,1.03999996185303,14.5599994659424
11,2007-11-04,52050040,1,Definitivo,SANDONA [52050040],Pluviométrica,Convencional,Activa,Nariño,Sandoná,1.3223,-77.4792,20,9/15/1963,,Cudayari,Pacifico,Patía,Río Guáitara,2007,04,Andes,Definitivo,1,1,0,2.13382244110107,2.13382244110107,0,0.661677837371826,1.28778564929962,3.93818187713623,4.62545442581177,5,5,0.789855062961578,0.967391312122345,1,1,61,1.03999996185303,1.03999996185303
11,2018-11-04,52050040,14,Definitivo,SANDONA [52050040],Pluviométrica,Convencional,Activa,Nariño,Sandoná,1.3223,-77.4792,20,9/15/1963,,Cudayari,Pacifico,Patía,Río Guáitara,2018,04,Andes,Definitivo,14,14,0,7.67183923721314,7.67183923721314,0,7.60466861724854,15.1985788345337,3.93818187713623,4.62545442581177,5,5,0.789855062961578,0.967391312122345,1,1,61,1.03999996185303,14.5599994659424
11,2001-11-12,52050040,22,Definitivo,SANDONA [52050040],Pluviométrica,Convencional,Activa,Nariño,Sandoná,1.3223,-77.4792,20,9/15/1963,,Cudayari,Pacifico,Patía,Río Guáitara,2001,12,Andes,Definitivo,22,22,0,6.68119955062866,6.68119955062866,0,11.3843870162964,0.970195770263672,3.93818187713623,4.62545442581177,5,5,0.789855062961578,0.967391312122345,1,1,63,1.03999996185303,22.8799991607666
11,2008-11-05,52050040,2,Definitivo,SANDONA [52050040],Pluviométrica,Convencional,Activa,Nariño,Sandoná,1.3223,-77.4792,20,9/15/1963,,Cudayari,Pacifico,Patía,Río Guáitara,2008,05,Andes,Definitivo,2,2,0,10.5084571838379,10.5084571838379,0,3.55440735816956,0.562485337257385,3.93818187713623,4.62545442581177,5,5,0.789855062961578,0.967391312122345,1,1,61,1.03999996185303,2.07999992370605
11,2011-11-04,52050040,3,Definitivo,SANDONA [52050040],Pluviométrica,Convencional,Activa,Nariño,Sandoná,1.3223,-77.4792,20,9/15/1963,,Cudayari,Pacifico,Patía,Río Guáitara,2011,04,Andes,Definitivo,3,3,0,7.09039402008057,7.09039402008057,24.8596782684326,6.22537565231323,17.2282543182373,3.93818187713623,4.62545442581177,5,5,0.789855062961578,0.967391312122345,1,1,61,1.03999996185303,3.11999988555908
11,2016-11-01,52050040,,"",SANDONA [52050040],Pluviométrica,Convencional,Activa,Nariño,Sandoná,1.3223,-77.4792,20,9/15/1963,,Cudayari,Pacifico,Patía,Río Guáitara,2016,01,Andes,Preliminar,0,0,0,1.41853833198547,1.41853833198547,0,1.46198439598084,2.55742192268372,3.93818187713623,4.62545442581177,5,5,0.789855062961578,0.967391312122345,1,1,61,1.03999996185303,0
11,2001-11-04,52050040,,"",SANDONA [52050040],Pluviométrica,Convencional,Activa,Nariño,Sandoná,1.3223,-77.4792,20,9/15/1963,,Cudayari,Pacifico,Patía,Río Guáitara,2001,04,Andes,Preliminar,0,0,0,2.22276163101196,2.22276163101196,0,0,0,3.93818187713623,4.62545442581177,5,5,0.789855062961578,0.967391312122345,1,1,61,1.03999996185303,0
11,2003-11-07,52050040,42,Definitivo,SANDONA [52050040],Pluviométrica,Convencional,Activa,Nariño,Sandoná,1.3223,-77.4792,20,9/15/1963,,Cudayari,Pacifico,Patía,Río Guáitara,2003,07,Andes,Definitivo,42,42,0,9.67188739776611,9.67188739776611,0,11.7386121749878,24.9965057373047,3.93818187713623,4.62545442581177,5,5,0.789855062961578,0.967391312122345,1,1,62,1.03999996185303,43.6799983978271
11,2018-11-01,52050040,,"",SANDONA [52050040],Pluviométrica,Convencional,Activa,Nariño,Sandoná,1.3223,-77.4792,20,9/15/1963,,Cudayari,Pacifico,Patía,Río Guáitara,2018,01,Andes,Preliminar,0,0,0,3.80762052536011,3.80762052536011,0,5.10450983047485,0.185245871543884,3.93818187713623,4.62545442581177,5,5,0.789855062961578,0.967391312122345,1,1,61,1.03999996185303,0
11,2009-11-02,52050040,5,Definitivo,SANDONA [52050040],Pluviométrica,Convencional,Activa,Nariño,Sandoná,1.3223,-77.4792,20,9/15/1963,,Cudayari,Pacifico,Patía,Río Guáitara,2009,02,Andes,Definitivo,5,5,0,0.552685141563416,0.552685141563416,0,3.01281666755676,0.0420495420694351,3.93818187713623,4.62545442581177,5,5,0.789855062961578,0.967391312122345,1,1,61,1.03999996185303,5.19999980926514
11,2013-11-05,52050040,,"",SANDONA [52050040],Pluviométrica,Convencional,Activa,Nariño,Sandoná,1.3223,-77.4792,20,9/15/1963,,Cudayari,Pacifico,Patía,Río Guáitara,2013,05,Andes,Preliminar,0,0,0,25.6685600280762,25.6685600280762,8.81542587280273,5.77937650680542,23.5880451202393,3.93818187713623,4.62545442581177,5,5,0.789855062961578,0.967391312122345,1,1,61,1.03999996185303,0
11,2016-11-04,52050040,,"",SANDONA [52050040],Pluviométrica,Convencional,Activa,Nariño,Sandoná,1.3223,-77.4792,20,9/15/1963,,Cudayari,Pacifico,Patía,Río Guáitara,2016,04,Andes,Preliminar,0,0,0,3.46544647216797,3.46544647216797,0,0.7747603058815,0,3.93818187713623,4.62545442581177,5,5,0.789855062961578,0.967391312122345,1,1,61,1.03999996185303,0
11,2009-11-01,52050040,4,Definitivo,SANDONA [52050040],Pluviométrica,Convencional,Activa,Nariño,Sandoná,1.3223,-77.4792,20,9/15/1963,,Cudayari,Pacifico,Patía,Río Guáitara,2009,01,Andes,Definitivo,4,4,0,29.5870742797852,29.5870742797852,7.31498622894287,17.5518665313721,26.8276062011719,3.93818187713623,4.62545442581177,5,5,0.789855062961578,0.967391312122345,1,1,61,1.03999996185303,4.15999984741211
11,2001-11-07,52050040,,"",SANDONA [52050040],Pluviométrica,Convencional,Activa,Nariño,Sandoná,1.3223,-77.4792,20,9/15/1963,,Cudayari,Pacifico,Patía,Río Guáitara,2001,07,Andes,Preliminar,0,0,0,4.04073858261108,4.04073858261108,5.44920682907105,0.388761073350906,1.92225766181946,3.93818187713623,4.62545442581177,5,5,0.789855062961578,0.967391312122345,1,1,62,1.03999996185303,0
11,2003-11-02,52050040,,"",SANDONA [52050040],Pluviométrica,Convencional,Activa,Nariño,Sandoná,1.3223,-77.4792,20,9/15/1963,,Cudayari,Pacifico,Patía,Río Guáitara,2003,02,Andes,Preliminar,0,0,0,0.134769782423973,0.134769782423973,0,6.45810174942017,2.54920768737793,3.93818187713623,4.62545442581177,5,5,0.789855062961578,0.967391312122345,1,1,61,1.03999996185303,0
11,2011-11-03,52050040,4,Definitivo,SANDONA [52050040],Pluviométrica,Convencional,Activa,Nariño,Sandoná,1.3223,-77.4792,20,9/15/1963,,Cudayari,Pacifico,Patía,Río Guáitara,2011,03,Andes,Definitivo,4,4,0,5.44936418533325,5.44936418533325,0,6.13439083099365,0.65026718378067,3.93818187713623,4.62545442581177,5,5,0.789855062961578,0.967391312122345,1,1,61,1.03999996185303,4.15999984741211
11,2014-11-05,52050040,,"",SANDONA [52050040],Pluviométrica,Convencional,Activa,Nariño,Sandoná,1.3223,-77.4792,20,9/15/1963,,Cudayari,Pacifico,Patía,Río Guáitara,2014,05,Andes,Preliminar,0,0,0,3.1658878326416,3.1658878326416,9.81595993041992,3.12121438980103,5.72018766403198,3.93818187713623,4.62545442581177,5,5,0.789855062961578,0.967391312122345,1,1,61,1.03999996185303,0
11,2004-11-02,52050040,25,Definitivo,SANDONA [52050040],Pluviométrica,Convencional,Activa,Nariño,Sandoná,1.3223,-77.4792,20,9/15/1963,,Cudayari,Pacifico,Patía,Río Guáitara,2004,02,Andes,Definitivo,25,25,0,5.76033639907837,5.76033639907837,0,10.8816137313843,0.967279255390167,3.93818187713623,4.62545442581177,5,5,0.789855062961578,0.967391312122345,1,1,61,1.03999996185303,25.9999990463257
11,2007-11-01,52050040,3,Definitivo,SANDONA [52050040],Pluviométrica,Convencional,Activa,Nariño,Sandoná,1.3223,-77.4792,20,9/15/1963,,Cudayari,Pacifico,Patía,Río Guáitara,2007,01,Andes,Definitivo,3,3,0,8.46254539489746,8.46254539489746,0,3.81601023674011,3.18360543251038,3.93818187713623,4.62545442581177,5,5,0.789855062961578,0.967391312122345,1,1,61,1.03999996185303,3.11999988555908
11,2009-11-03,52050040,1,Definitivo,SANDONA [52050040],Pluviométrica,Convencional,Activa,Nariño,Sandoná,1.3223,-77.4792,20,9/15/1963,,Cudayari,Pacifico,Patía,Río Guáitara,2009,03,Andes,Definitivo,1,1,0,0.460570931434631,0.460570931434631,21.9449596405029,2.10881304740906,0.00700825685635209,3.93818187713623,4.62545442581177,5,5,0.789855062961578,0.967391312122345,1,1,61,1.03999996185303,1.03999996185303
11,2016-11-03,52050040,,"",SANDONA [52050040],Pluviométrica,Convencional,Activa,Nariño,Sandoná,1.3223,-77.4792,20,9/15/1963,,Cudayari,Pacifico,Patía,Río Guáitara,2016,03,Andes,Preliminar,0,0,0,3.67667865753174,3.67667865753174,0,0.264580249786377,0,3.93818187713623,4.62545442581177,5,5,0.789855062961578,0.967391312122345,1,1,61,1.03999996185303,0
11,2014-11-04,52050040,1,Definitivo,SANDONA [52050040],Pluviométrica,Convencional,Activa,Nariño,Sandoná,1.3223,-77.4792,20,9/15/1963,,Cudayari,Pacifico,Patía,Río Guáitara,2014,04,Andes,Definitivo,1,1,0,14.2168598175049,14.2168598175049,4.90797996520996,7.06368112564087,12.3328275680542,3.93818187713623,4.62545442581177,5,5,0.789855062961578,0.967391312122345,1,1,61,1.03999996185303,1.03999996185303
11,2014-11-06,52050040,,"",SANDONA [52050040],Pluviométrica,Convencional,Activa,Nariño,Sandoná,1.3223,-77.4792,20,9/15/1963,,Cudayari,Pacifico,Patía,Río Guáitara,2014,06,Andes,Preliminar,0,0,0,14.2462863922119,14.2462863922119,13.7346839904785,15.0860176086426,1.65404307842255,3.93818187713623,4.62545442581177,5,5,0.789855062961578,0.967391312122345,1,1,62,1.03999996185303,0
11,2013-11-03,52050040,,"",SANDONA [52050040],Pluviométrica,Convencional,Activa,Nariño,Sandoná,1.3223,-77.4792,20,9/15/1963,,Cudayari,Pacifico,Patía,Río Guáitara,2013,03,Andes,Preliminar,0,0,0,9.51461791992188,9.51461791992188,8.81542587280273,2.88347315788269,1.33818709850311,3.93818187713623,4.62545442581177,5,5,0.789855062961578,0.967391312122345,1,1,61,1.03999996185303,0
11,2013-11-02,52050040,,"",SANDONA [52050040],Pluviométrica,Convencional,Activa,Nariño,Sandoná,1.3223,-77.4792,20,9/15/1963,,Cudayari,Pacifico,Patía,Río Guáitara,2013,02,Andes,Preliminar,0,0,0,4.21734857559204,4.21734857559204,0,14.5278015136719,2.20368123054504,3.93818187713623,4.62545442581177,5,5,0.789855062961578,0.967391312122345,1,1,61,1.03999996185303,0
11,2011-11-05,52050040,4,Definitivo,SANDONA [52050040],Pluviométrica,Convencional,Activa,Nariño,Sandoná,1.3223,-77.4792,20,9/15/1963,,Cudayari,Pacifico,Patía,Río Guáitara,2011,05,Andes,Definitivo,4,4,0,12.3736772537231,12.3736772537231,0,3.83783745765686,3.64149618148804,3.93818187713623,4.62545442581177,5,5,0.789855062961578,0.967391312122345,1,1,61,1.03999996185303,4.15999984741211
11,2011-11-06,52050040,30,Definitivo,SANDONA [52050040],Pluviométrica,Convencional,Activa,Nariño,Sandoná,1.3223,-77.4792,20,9/15/1963,,Cudayari,Pacifico,Patía,Río Guáitara,2011,06,Andes,Definitivo,30,30,0,7.26918363571167,7.26918363571167,20.5262794494629,14.8304395675659,2.58785676956177,3.93818187713623,4.62545442581177,5,5,0.789855062961578,0.967391312122345,1,1,62,1.03999996185303,31.1999988555908
11,2002-11-02,52050040,23,Definitivo,SANDONA [52050040],Pluviométrica,Convencional,Activa,Nariño,Sandoná,1.3223,-77.4792,20,9/15/1963,,Cudayari,Pacifico,Patía,Río Guáitara,2002,02,Andes,Definitivo,23,23,0,9.40672397613525,9.40672397613525,0,4.16280269622803,2.47598767280579,3.93818187713623,4.62545442581177,5,5,0.789855062961578,0.967391312122345,1,1,61,1.03999996185303,23.9199991226196
11,2007-11-02,52050040,4,Definitivo,SANDONA [52050040],Pluviométrica,Convencional,Activa,Nariño,Sandoná,1.3223,-77.4792,20,9/15/1963,,Cudayari,Pacifico,Patía,Río Guáitara,2007,02,Andes,Definitivo,4,4,0,2.44904589653015,2.44904589653015,0,1.90921354293823,2.43213748931885,3.93818187713623,4.62545442581177,5,5,0.789855062961578,0.967391312122345,1,1,61,1.03999996185303,4.15999984741211
11,2011-11-01,52050040,,"",SANDONA [52050040],Pluviométrica,Convencional,Activa,Nariño,Sandoná,1.3223,-77.4792,20,9/15/1963,,Cudayari,Pacifico,Patía,Río Guáitara,2011,01,Andes,Preliminar,0,0,0,0.678209364414215,0.678209364414215,0,2.02089715003967,0,3.93818187713623,4.62545442581177,5,5,0.789855062961578,0.967391312122345,1,1,61,1.03999996185303,0
11,2007-11-03,52050040,,"",SANDONA [52050040],Pluviométrica,Convencional,Activa,Nariño,Sandoná,1.3223,-77.4792,20,9/15/1963,,Cudayari,Pacifico,Patía,Río Guáitara,2007,03,Andes,Preliminar,0,0,0,19.7621040344238,19.7621040344238,23.2216396331787,9.07029438018799,6.30484819412231,3.93818187713623,4.62545442581177,5,5,0.789855062961578,0.967391312122345,1,1,61,1.03999996185303,0
11,2001-11-09,52050040,7,Definitivo,SANDONA [52050040],Pluviométrica,Convencional,Activa,Nariño,Sandoná,1.3223,-77.4792,20,9/15/1963,,Cudayari,Pacifico,Patía,Río Guáitara,2001,09,Andes,Definitivo,7,7,0,3.05351305007935,3.05351305007935,0,0.783149540424347,0.279755234718323,3.93818187713623,4.62545442581177,5,5,0.789855062961578,0.967391312122345,1,1,62,1.03999996185303,7.27999973297119
11,2001-11-06,52050040,0,Definitivo,SANDONA [52050040],Pluviométrica,Convencional,Activa,Nariño,Sandoná,1.3223,-77.4792,20,9/15/1963,,Cudayari,Pacifico,Patía,Río Guáitara,2001,06,Andes,Definitivo,0,0,0,7.69117975234985,7.69117975234985,0,0.651931047439575,0.932517468929291,3.93818187713623,4.62545442581177,5,5,0.789855062961578,0.967391312122345,1,1,62,1.03999996185303,0
11,2002-11-03,52050040,11,Definitivo,SANDONA [52050040],Pluviométrica,Convencional,Activa,Nariño,Sandoná,1.3223,-77.4792,20,9/15/1963,,Cudayari,Pacifico,Patía,Río Guáitara,2002,03,Andes,Definitivo,11,11,0,22.6710948944092,22.6710948944092,0,13.3364820480347,21.3951511383057,3.93818187713623,4.62545442581177,5,5,0.789855062961578,0.967391312122345,1,1,61,1.03999996185303,11.4399995803833
11,2008-11-02,52050040,,"",SANDONA [52050040],Pluviométrica,Convencional,Activa,Nariño,Sandoná,1.3223,-77.4792,20,9/15/1963,,Cudayari,Pacifico,Patía,Río Guáitara,2008,02,Andes,Preliminar,0,0,0,5.73080205917358,5.73080205917358,0,1.91672134399414,2.26082801818848,3.93818187713623,4.62545442581177,5,5,0.789855062961578,0.967391312122345,1,1,61,1.03999996185303,0
11,2012-11-01,52050040,11,Definitivo,SANDONA [52050040],Pluviométrica,Convencional,Activa,Nariño,Sandoná,1.3223,-77.4792,20,9/15/1963,,Cudayari,Pacifico,Patía,Río Guáitara,2012,01,Andes,Definitivo,11,11,0,4.2353572845459,4.2353572845459,0,5.62736749649048,3.70532441139221,3.93818187713623,4.62545442581177,5,5,0.789855062961578,0.967391312122345,1,1,61,1.03999996185303,11.4399995803833
11,2015-11-02,52050040,3,Definitivo,SANDONA [52050040],Pluviométrica,Convencional,Activa,Nariño,Sandoná,1.3223,-77.4792,20,9/15/1963,,Cudayari,Pacifico,Patía,Río Guáitara,2015,02,Andes,Definitivo,3,3,0,2.72680163383484,2.72680163383484,0,5.0596866607666,15.3543834686279,3.93818187713623,4.62545442581177,5,5,0.789855062961578,0.967391312122345,1,1,61,1.03999996185303,3.11999988555908
11,2015-11-03,52050040,,"",SANDONA [52050040],Pluviométrica,Convencional,Activa,Nariño,Sandoná,1.3223,-77.4792,20,9/15/1963,,Cudayari,Pacifico,Patía,Río Guáitara,2015,03,Andes,Preliminar,0,0,0,4.05002164840698,4.05002164840698,0,1.12943184375763,2.24361562728882,3.93818187713623,4.62545442581177,5,5,0.789855062961578,0.967391312122345,1,1,61,1.03999996185303,0
11,2013-11-01,52050040,34,Definitivo,SANDONA [52050040],Pluviométrica,Convencional,Activa,Nariño,Sandoná,1.3223,-77.4792,20,9/15/1963,,Cudayari,Pacifico,Patía,Río Guáitara,2013,01,Andes,Definitivo,34,34,0,2.30702757835388,2.30702757835388,0,6.11637926101685,0.25964829325676,3.93818187713623,4.62545442581177,5,5,0.789855062961578,0.967391312122345,1,1,61,1.03999996185303,35.3599987030029
11,2005-11-01,52050040,0,Definitivo,SANDONA [52050040],Pluviométrica,Convencional,Activa,Nariño,Sandoná,1.3223,-77.4792,20,9/15/1963,,Cudayari,Pacifico,Patía,Río Guáitara,2005,01,Andes,Definitivo,0,0,0,3.4340226650238,3.4340226650238,0,0,0,3.93818187713623,4.62545442581177,5,5,0.789855062961578,0.967391312122345,1,1,61,1.03999996185303,0
11,2005-11-02,52050040,4,Definitivo,SANDONA [52050040],Pluviométrica,Convencional,Activa,Nariño,Sandoná,1.3223,-77.4792,20,9/15/1963,,Cudayari,Pacifico,Patía,Río Guáitara,2005,02,Andes,Definitivo,4,4,0,3.29008197784424,3.29008197784424,0,0,0,3.93818187713623,4.62545442581177,5,5,0.789855062961578,0.967391312122345,1,1,61,1.03999996185303,4.15999984741211
11,2015-11-01,52050040,11,Definitivo,SANDONA [52050040],Pluviométrica,Convencional,Activa,Nariño,Sandoná,1.3223,-77.4792,20,9/15/1963,,Cudayari,Pacifico,Patía,Río Guáitara,2015,01,Andes,Definitivo,11,11,0,13.0294752120972,13.0294752120972,7.02763891220093,8.4694995880127,7.85840749740601,3.93818187713623,4.62545442581177,5,5,0.789855062961578,0.967391312122345,1,1,61,1.03999996185303,11.4399995803833
11,2012-11-02,52050040,4,Definitivo,SANDONA [52050040],Pluviométrica,Convencional,Activa,Nariño,Sandoná,1.3223,-77.4792,20,9/15/1963,,Cudayari,Pacifico,Patía,Río Guáitara,2012,02,Andes,Definitivo,4,4,0,5.39285469055176,5.39285469055176,21.1729946136475,5.46892499923706,9.48303413391113,3.93818187713623,4.62545442581177,5,5,0.789855062961578,0.967391312122345,1,1,61,1.03999996185303,4.15999984741211
11,2008-11-01,52050040,12,Definitivo,SANDONA [52050040],Pluviométrica,Convencional,Activa,Nariño,Sandoná,1.3223,-77.4792,20,9/15/1963,,Cudayari,Pacifico,Patía,Río Guáitara,2008,01,Andes,Definitivo,12,12,0,15.8103437423706,15.8103437423706,0,9.17692375183105,5.61033725738525,3.93818187713623,4.62545442581177,5,5,0.789855062961578,0.967391312122345,1,1,61,1.03999996185303,12.4799995422363
11,2010-11-02,52050040,,"",SANDONA [52050040],Pluviométrica,Convencional,Activa,Nariño,Sandoná,1.3223,-77.4792,20,9/15/1963,,Cudayari,Pacifico,Patía,Río Guáitara,2010,02,Andes,Preliminar,0,0,0,19.8339500427246,19.8339500427246,0,5.99709892272949,0.716680705547333,3.93818187713623,4.62545442581177,5,5,0.789855062961578,0.967391312122345,1,1,61,1.03999996185303,0
11,2005-11-03,52050040,,"",SANDONA [52050040],Pluviométrica,Convencional,Activa,Nariño,Sandoná,1.3223,-77.4792,20,9/15/1963,,Cudayari,Pacifico,Patía,Río Guáitara,2005,03,Andes,Preliminar,0,0,0,3.7630307674408,3.7630307674408,0,0,0,3.93818187713623,4.62545442581177,5,5,0.789855062961578,0.967391312122345,1,1,61,1.03999996185303,0
11,2010-11-03,52050040,,"",SANDONA [52050040],Pluviométrica,Convencional,Activa,Nariño,Sandoná,1.3223,-77.4792,20,9/15/1963,,Cudayari,Pacifico,Patía,Río Guáitara,2010,03,Andes,Preliminar,0,0,0,27.1251544952393,27.1251544952393,3.7194402217865,6.96175765991211,0.0208741948008537,3.93818187713623,4.62545442581177,5,5,0.789855062961578,0.967391312122345,1,1,61,1.03999996185303,0
11,2010-11-01,52050040,2,Definitivo,SANDONA [52050040],Pluviométrica,Convencional,Activa,Nariño,Sandoná,1.3223,-77.4792,20,9/15/1963,,Cudayari,Pacifico,Patía,Río Guáitara,2010,01,Andes,Definitivo,2,2,0,0.86744225025177,0.86744225025177,26.0360832214356,8.65493869781494,26.8859634399414,3.93818187713623,4.62545442581177,5,5,0.789855062961578,0.967391312122345,1,1,61,1.03999996185303,2.07999992370605
12,2007-12-24,52050040,,"",SANDONA [52050040],Pluviométrica,Convencional,Activa,Nariño,Sandoná,1.3223,-77.4792,20,9/15/1963,,Cudayari,Pacifico,Patía,Río Guáitara,2007,24,Andes,Preliminar,0,0,0,4.13881206512451,4.13881206512451,0,2.90156769752502,0.230448976159096,3.93818187713623,4.62545442581177,5,5,0.789855062961578,0.967391312122345,1,1,71,1.04999995231628,0
12,2006-12-28,52050040,,"",SANDONA [52050040],Pluviométrica,Convencional,Activa,Nariño,Sandoná,1.3223,-77.4792,20,9/15/1963,,Cudayari,Pacifico,Patía,Río Guáitara,2006,28,Andes,Preliminar,0,0,0,1.82830822467804,1.82830822467804,18.2248630523682,7.94137096405029,3.79264354705811,3.93818187713623,4.62545442581177,5,5,0.789855062961578,0.967391312122345,1,1,72,1.04999995231628,0
12,2005-12-31,52050040,,"",SANDONA [52050040],Pluviométrica,Convencional,Activa,Nariño,Sandoná,1.3223,-77.4792,20,9/15/1963,,Cudayari,Pacifico,Patía,Río Guáitara,2005,31,Andes,Preliminar,0,0,0,10.8536281585693,10.8536281585693,0,5.21421670913696,4.38626527786255,3.93818187713623,4.62545442581177,5,5,0.789855062961578,0.967391312122345,1,1,72,1.04999995231628,0
12,2006-12-26,52050040,,"",SANDONA [52050040],Pluviométrica,Convencional,Activa,Nariño,Sandoná,1.3223,-77.4792,20,9/15/1963,,Cudayari,Pacifico,Patía,Río Guáitara,2006,26,Andes,Preliminar,25,25,0,11.1776113510132,11.1776113510132,18.2248630523682,9.60770320892334,6.37872982025147,3.93818187713623,4.62545442581177,5,5,0.789855062961578,0.967391312122345,1,1,72,1.04999995231628,26.2499988079071
12,2006-12-25,52050040,37,Definitivo,SANDONA [52050040],Pluviométrica,Convencional,Activa,Nariño,Sandoná,1.3223,-77.4792,20,9/15/1963,,Cudayari,Pacifico,Patía,Río Guáitara,2006,25,Andes,Definitivo,37,37,0,3.53094696998596,3.53094696998596,0,3.1844117641449,1.06121408939362,3.93818187713623,4.62545442581177,5,5,0.789855062961578,0.967391312122345,1,1,71,1.04999995231628,38.8499982357025
12,2006-12-27,52050040,13,Definitivo,SANDONA [52050040],Pluviométrica,Convencional,Activa,Nariño,Sandoná,1.3223,-77.4792,20,9/15/1963,,Cudayari,Pacifico,Patía,Río Guáitara,2006,27,Andes,Definitivo,13,13,0,11.3853740692139,11.3853740692139,0,5.74070882797241,13.6982355117798,3.93818187713623,4.62545442581177,5,5,0.789855062961578,0.967391312122345,1,1,72,1.04999995231628,13.6499993801117
12,2006-12-29,52050040,,"",SANDONA [52050040],Pluviométrica,Convencional,Activa,Nariño,Sandoná,1.3223,-77.4792,20,9/15/1963,,Cudayari,Pacifico,Patía,Río Guáitara,2006,29,Andes,Preliminar,0,0,0,0.477853238582611,0.477853238582611,0,0.578323125839233,0.358592599630356,3.93818187713623,4.62545442581177,5,5,0.789855062961578,0.967391312122345,1,1,72,1.04999995231628,0
12,2007-12-23,52050040,1,Definitivo,SANDONA [52050040],Pluviométrica,Convencional,Activa,Nariño,Sandoná,1.3223,-77.4792,20,9/15/1963,,Cudayari,Pacifico,Patía,Río Guáitara,2007,23,Andes,Definitivo,1,1,0,5.41447305679321,5.41447305679321,0,4.45425605773926,14.422924041748,3.93818187713623,4.62545442581177,5,5,0.789855062961578,0.967391312122345,1,1,71,1.04999995231628,1.04999995231628
12,2005-12-27,52050040,20,Definitivo,SANDONA [52050040],Pluviométrica,Convencional,Activa,Nariño,Sandoná,1.3223,-77.4792,20,9/15/1963,,Cudayari,Pacifico,Patía,Río Guáitara,2005,27,Andes,Definitivo,20,20,0,4.47333431243897,4.47333431243897,83.729133605957,12.4156064987183,36.792423248291,3.93818187713623,4.62545442581177,5,5,0.789855062961578,0.967391312122345,1,1,72,1.04999995231628,20.9999990463257
12,2008-12-20,52050040,8,Definitivo,SANDONA [52050040],Pluviométrica,Convencional,Activa,Nariño,Sandoná,1.3223,-77.4792,20,9/15/1963,,Cudayari,Pacifico,Patía,Río Guáitara,2008,20,Andes,Definitivo,8,8,0,0.364420592784882,0.364420592784882,0,2.14992094039917,0,3.93818187713623,4.62545442581177,5,5,0.789855062961578,0.967391312122345,1,1,70,1.04999995231628,8.39999961853027
12,2008-12-19,52050040,1,Definitivo,SANDONA [52050040],Pluviométrica,Convencional,Activa,Nariño,Sandoná,1.3223,-77.4792,20,9/15/1963,,Cudayari,Pacifico,Patía,Río Guáitara,2008,19,Andes,Definitivo,1,1,0,1.18436682224274,1.18436682224274,0,5.05571174621582,0.443471223115921,3.93818187713623,4.62545442581177,5,5,0.789855062961578,0.967391312122345,1,1,70,1.04999995231628,1.04999995231628
12,2005-12-28,52050040,5,Definitivo,SANDONA [52050040],Pluviométrica,Convencional,Activa,Nariño,Sandoná,1.3223,-77.4792,20,9/15/1963,,Cudayari,Pacifico,Patía,Río Guáitara,2005,28,Andes,Definitivo,5,5,0,0.0712881982326508,0.0712881982326508,0,5.37477588653565,0.046745277941227,3.93818187713623,4.62545442581177,5,5,0.789855062961578,0.967391312122345,1,1,72,1.04999995231628,5.24999976158142
12,2007-12-26,52050040,49,Definitivo,SANDONA [52050040],Pluviométrica,Convencional,Activa,Nariño,Sandoná,1.3223,-77.4792,20,9/15/1963,,Cudayari,Pacifico,Patía,Río Guáitara,2007,26,Andes,Definitivo,49,49,0,5.32558107376099,5.32558107376099,27.5693893432617,12.223726272583,18.8293762207031,3.93818187713623,4.62545442581177,5,5,0.789855062961578,0.967391312122345,1,1,72,1.04999995231628,51.4499976634979
12,2006-12-24,52050040,,"",SANDONA [52050040],Pluviométrica,Convencional,Activa,Nariño,Sandoná,1.3223,-77.4792,20,9/15/1963,,Cudayari,Pacifico,Patía,Río Guáitara,2006,24,Andes,Preliminar,0,0,0,3.78696775436401,3.78696775436401,0,1.16729366779327,0.296683520078659,3.93818187713623,4.62545442581177,5,5,0.789855062961578,0.967391312122345,1,1,71,1.04999995231628,0
12,2005-12-26,52050040,24,Definitivo,SANDONA [52050040],Pluviométrica,Convencional,Activa,Nariño,Sandoná,1.3223,-77.4792,20,9/15/1963,,Cudayari,Pacifico,Patía,Río Guáitara,2005,26,Andes,Definitivo,24,24,0,16.6636180877686,16.6636180877686,0,11.2914190292358,2.1035373210907,3.93818187713623,4.62545442581177,5,5,0.789855062961578,0.967391312122345,1,1,72,1.04999995231628,25.1999988555908
12,2006-12-30,52050040,,"",SANDONA [52050040],Pluviométrica,Convencional,Activa,Nariño,Sandoná,1.3223,-77.4792,20,9/15/1963,,Cudayari,Pacifico,Patía,Río Guáitara,2006,30,Andes,Preliminar,0,0,0,3.15798664093018,3.15798664093018,0,1.20016348361969,0.0632810443639755,3.93818187713623,4.62545442581177,5,5,0.789855062961578,0.967391312122345,1,1,72,1.04999995231628,0
12,2009-12-17,52050040,,"",SANDONA [52050040],Pluviométrica,Convencional,Activa,Nariño,Sandoná,1.3223,-77.4792,20,9/15/1963,,Cudayari,Pacifico,Patía,Río Guáitara,2009,17,Andes,Preliminar,0,0,0,3.79093384742737,3.79093384742737,0,2.53652048110962,0,3.93818187713623,4.62545442581177,5,5,0.789855062961578,0.967391312122345,1,1,70,1.04999995231628,0
12,2004-12-29,52050040,,"",SANDONA [52050040],Pluviométrica,Convencional,Activa,Nariño,Sandoná,1.3223,-77.4792,20,9/15/1963,,Cudayari,Pacifico,Patía,Río Guáitara,2004,29,Andes,Preliminar,0,0,0,2.07146191596985,2.07146191596985,0,4.68137931823731,5.2802300453186,3.93818187713623,4.62545442581177,5,5,0.789855062961578,0.967391312122345,1,1,72,1.04999995231628,0
12,2007-12-27,52050040,7,Definitivo,SANDONA [52050040],Pluviométrica,Convencional,Activa,Nariño,Sandoná,1.3223,-77.4792,20,9/15/1963,,Cudayari,Pacifico,Patía,Río Guáitara,2007,27,Andes,Definitivo,7,7,0,16.0351371765137,16.0351371765137,55.1387786865234,23.923023223877,28.0371131896973,3.93818187713623,4.62545442581177,5,5,0.789855062961578,0.967391312122345,1,1,72,1.04999995231628,7.34999966621399
12,2007-12-25,52050040,4,Definitivo,SANDONA [52050040],Pluviométrica,Convencional,Activa,Nariño,Sandoná,1.3223,-77.4792,20,9/15/1963,,Cudayari,Pacifico,Patía,Río Guáitara,2007,25,Andes,Definitivo,4,4,0,2.19224762916565,2.19224762916565,0,4.34792995452881,0.0238395500928164,3.93818187713623,4.62545442581177,5,5,0.789855062961578,0.967391312122345,1,1,71,1.04999995231628,4.19999980926514
12,2007-12-21,52050040,3,Definitivo,SANDONA [52050040],Pluviométrica,Convencional,Activa,Nariño,Sandoná,1.3223,-77.4792,20,9/15/1963,,Cudayari,Pacifico,Patía,Río Guáitara,2007,21,Andes,Definitivo,3,3,0,4.69632291793823,4.69632291793823,0,6.85653972625732,3.25807189941406,3.93818187713623,4.62545442581177,5,5,0.789855062961578,0.967391312122345,1,1,71,1.04999995231628,3.14999985694885
12,2008-12-21,52050040,2,Definitivo,SANDONA [52050040],Pluviométrica,Convencional,Activa,Nariño,Sandoná,1.3223,-77.4792,20,9/15/1963,,Cudayari,Pacifico,Patía,Río Guáitara,2008,21,Andes,Definitivo,2,2,0,0.378049999475479,0.378049999475479,0,1.27508544921875,0,3.93818187713623,4.62545442581177,5,5,0.789855062961578,0.967391312122345,1,1,71,1.04999995231628,2.09999990463257
12,2004-12-28,52050040,3,Definitivo,SANDONA [52050040],Pluviométrica,Convencional,Activa,Nariño,Sandoná,1.3223,-77.4792,20,9/15/1963,,Cudayari,Pacifico,Patía,Río Guáitara,2004,28,Andes,Definitivo,3,3,0,3.07147812843323,3.07147812843323,0,4.36146068572998,3.60638213157654,3.93818187713623,4.62545442581177,5,5,0.789855062961578,0.967391312122345,1,1,72,1.04999995231628,3.14999985694885
12,2007-12-22,52050040,8,Definitivo,SANDONA [52050040],Pluviométrica,Convencional,Activa,Nariño,Sandoná,1.3223,-77.4792,20,9/15/1963,,Cudayari,Pacifico,Patía,Río Guáitara,2007,22,Andes,Definitivo,8,8,0,8.68394470214844,8.68394470214844,0,2.83172655105591,3.4567346572876,3.93818187713623,4.62545442581177,5,5,0.789855062961578,0.967391312122345,1,1,71,1.04999995231628,8.39999961853027
12,2006-12-31,52050040,,"",SANDONA [52050040],Pluviométrica,Convencional,Activa,Nariño,Sandoná,1.3223,-77.4792,20,9/15/1963,,Cudayari,Pacifico,Patía,Río Guáitara,2006,31,Andes,Preliminar,0,0,0,3.0333297252655,3.0333297252655,0,0.737737476825714,1.51452624797821,3.93818187713623,4.62545442581177,5,5,0.789855062961578,0.967391312122345,1,1,72,1.04999995231628,0
12,2009-12-16,52050040,2,Definitivo,SANDONA [52050040],Pluviométrica,Convencional,Activa,Nariño,Sandoná,1.3223,-77.4792,20,9/15/1963,,Cudayari,Pacifico,Patía,Río Guáitara,2009,16,Andes,Definitivo,2,2,0,4.22057342529297,4.22057342529297,0,2.79106593132019,0,3.93818187713623,4.62545442581177,5,5,0.789855062961578,0.967391312122345,1,1,70,1.04999995231628,2.09999990463257
12,2010-12-14,52050040,16,Definitivo,SANDONA [52050040],Pluviométrica,Convencional,Activa,Nariño,Sandoná,1.3223,-77.4792,20,9/15/1963,,Cudayari,Pacifico,Patía,Río Guáitara,2010,14,Andes,Definitivo,16,16,0,10.9851522445679,10.9851522445679,26.6791934967041,6.65819406509399,25.291446685791,3.93818187713623,4.62545442581177,5,5,0.789855062961578,0.967391312122345,1,1,69,1.04999995231628,16.7999992370605
12,2008-12-29,52050040,0,Definitivo,SANDONA [52050040],Pluviométrica,Convencional,Activa,Nariño,Sandoná,1.3223,-77.4792,20,9/15/1963,,Cudayari,Pacifico,Patía,Río Guáitara,2008,29,Andes,Definitivo,0,0,0,1.07154631614685,1.07154631614685,0,1.6666157245636,0,3.93818187713623,4.62545442581177,5,5,0.789855062961578,0.967391312122345,1,1,72,1.04999995231628,0
12,2005-12-25,52050040,16,Definitivo,SANDONA [52050040],Pluviométrica,Convencional,Activa,Nariño,Sandoná,1.3223,-77.4792,20,9/15/1963,,Cudayari,Pacifico,Patía,Río Guáitara,2005,25,Andes,Definitivo,16,16,0,6.50710010528565,6.50710010528565,0,1.55469286441803,1.20553159713745,3.93818187713623,4.62545442581177,5,5,0.789855062961578,0.967391312122345,1,1,71,1.04999995231628,16.7999992370605
12,2008-12-30,52050040,,"",SANDONA [52050040],Pluviométrica,Convencional,Activa,Nariño,Sandoná,1.3223,-77.4792,20,9/15/1963,,Cudayari,Pacifico,Patía,Río Guáitara,2008,30,Andes,Preliminar,0,0,0,17.1447429656982,17.1447429656982,0,1.08332586288452,0,3.93818187713623,4.62545442581177,5,5,0.789855062961578,0.967391312122345,1,1,72,1.04999995231628,0
12,2008-12-18,52050040,6,Definitivo,SANDONA [52050040],Pluviométrica,Convencional,Activa,Nariño,Sandoná,1.3223,-77.4792,20,9/15/1963,,Cudayari,Pacifico,Patía,Río Guáitara,2008,18,Andes,Definitivo,6,6,0,3.18868064880371,3.18868064880371,0,7.04261255264282,14.930196762085,3.93818187713623,4.62545442581177,5,5,0.789855062961578,0.967391312122345,1,1,70,1.04999995231628,6.29999971389771
12,2008-12-22,52050040,3,Definitivo,SANDONA [52050040],Pluviométrica,Convencional,Activa,Nariño,Sandoná,1.3223,-77.4792,20,9/15/1963,,Cudayari,Pacifico,Patía,Río Guáitara,2008,22,Andes,Definitivo,3,3,0,0.723226070404053,0.723226070404053,0,1.61213827133179,0.605303347110748,3.93818187713623,4.62545442581177,5,5,0.789855062961578,0.967391312122345,1,1,71,1.04999995231628,3.14999985694885
12,2009-12-18,52050040,6,Definitivo,SANDONA [52050040],Pluviométrica,Convencional,Activa,Nariño,Sandoná,1.3223,-77.4792,20,9/15/1963,,Cudayari,Pacifico,Patía,Río Guáitara,2009,18,Andes,Definitivo,6,6,0,7.63241386413574,7.63241386413574,0,5.40599203109741,1.04468023777008,3.93818187713623,4.62545442581177,5,5,0.789855062961578,0.967391312122345,1,1,70,1.04999995231628,6.29999971389771
12,2008-12-23,52050040,,"",SANDONA [52050040],Pluviométrica,Convencional,Activa,Nariño,Sandoná,1.3223,-77.4792,20,9/15/1963,,Cudayari,Pacifico,Patía,Río Guáitara,2008,23,Andes,Preliminar,0,0,0,0.920469522476196,0.920469522476196,0,0.341580808162689,0.0480399467051029,3.93818187713623,4.62545442581177,5,5,0.789855062961578,0.967391312122345,1,1,71,1.04999995231628,0
12,2007-12-28,52050040,0,Definitivo,SANDONA [52050040],Pluviométrica,Convencional,Activa,Nariño,Sandoná,1.3223,-77.4792,20,9/15/1963,,Cudayari,Pacifico,Patía,Río Guáitara,2007,28,Andes,Definitivo,0,0,0,6.50515127182007,6.50515127182007,0,6.10596990585327,1.46718418598175,3.93818187713623,4.62545442581177,5,5,0.789855062961578,0.967391312122345,1,1,72,1.04999995231628,0
12,2008-12-28,52050040,,"",SANDONA [52050040],Pluviométrica,Convencional,Activa,Nariño,Sandoná,1.3223,-77.4792,20,9/15/1963,,Cudayari,Pacifico,Patía,Río Guáitara,2008,28,Andes,Preliminar,0,0,0,0.695057094097138,0.695057094097138,0,0.821428954601288,0,3.93818187713623,4.62545442581177,5,5,0.789855062961578,0.967391312122345,1,1,72,1.04999995231628,0
12,2003-12-31,52050040,,"",SANDONA [52050040],Pluviométrica,Convencional,Activa,Nariño,Sandoná,1.3223,-77.4792,20,9/15/1963,,Cudayari,Pacifico,Patía,Río Guáitara,2003,31,Andes,Preliminar,0,0,0,3.74165916442871,3.74165916442871,49.3958892822266,1.75493180751801,14.599142074585,3.93818187713623,4.62545442581177,5,5,0.789855062961578,0.967391312122345,1,1,72,1.04999995231628,0
12,2009-12-25,52050040,20,Definitivo,SANDONA [52050040],Pluviométrica,Convencional,Activa,Nariño,Sandoná,1.3223,-77.4792,20,9/15/1963,,Cudayari,Pacifico,Patía,Río Guáitara,2009,25,Andes,Definitivo,20,20,0,7.91829109191895,7.91829109191895,24.6166839599609,6.31694793701172,16.047945022583,3.93818187713623,4.62545442581177,5,5,0.789855062961578,0.967391312122345,1,1,71,1.04999995231628,20.9999990463257
12,2006-12-23,52050040,,"",SANDONA [52050040],Pluviométrica,Convencional,Activa,Nariño,Sandoná,1.3223,-77.4792,20,9/15/1963,,Cudayari,Pacifico,Patía,Río Guáitara,2006,23,Andes,Preliminar,0,0,0,2.76288604736328,2.76288604736328,0,0.625389635562897,0.696065187454224,3.93818187713623,4.62545442581177,5,5,0.789855062961578,0.967391312122345,1,1,71,1.04999995231628,0
12,2010-12-13,52050040,,"",SANDONA [52050040],Pluviométrica,Convencional,Activa,Nariño,Sandoná,1.3223,-77.4792,20,9/15/1963,,Cudayari,Pacifico,Patía,Río Guáitara,2010,13,Andes,Preliminar,,,1,5.19078588485718,5.19078588485718,26.6791934967041,10.9815063476562,21.3661766052246,3.93818187713623,4.62545442581177,5,5,0.789855062961578,0.967391312122345,1,1,69,1.04999995231628,
12,2009-12-15,52050040,,"",SANDONA [52050040],Pluviométrica,Convencional,Activa,Nariño,Sandoná,1.3223,-77.4792,20,9/15/1963,,Cudayari,Pacifico,Patía,Río Guáitara,2009,15,Andes,Preliminar,0,0,0,1.62473297119141,1.62473297119141,0,0.91620284318924,0.373535841703415,3.93818187713623,4.62545442581177,5,5,0.789855062961578,0.967391312122345,1,1,69,1.04999995231628,0
12,2008-12-13,52050040,15,Definitivo,SANDONA [52050040],Pluviométrica,Convencional,Activa,Nariño,Sandoná,1.3223,-77.4792,20,9/15/1963,,Cudayari,Pacifico,Patía,Río Guáitara,2008,13,Andes,Definitivo,15,15,0,2.48322129249573,2.48322129249573,92.5766754150391,5.09576654434204,9.60642719268799,3.93818187713623,4.62545442581177,5,5,0.789855062961578,0.967391312122345,1,1,69,1.04999995231628,15.7499992847443
12,2009-12-19,52050040,2,Definitivo,SANDONA [52050040],Pluviométrica,Convencional,Activa,Nariño,Sandoná,1.3223,-77.4792,20,9/15/1963,,Cudayari,Pacifico,Patía,Río Guáitara,2009,19,Andes,Definitivo,2,2,0,7.2154107093811,7.2154107093811,21.3218612670898,5.48975706100464,17.2934761047363,3.93818187713623,4.62545442581177,5,5,0.789855062961578,0.967391312122345,1,1,70,1.04999995231628,2.09999990463257
12,2008-12-17,52050040,13,Definitivo,SANDONA [52050040],Pluviométrica,Convencional,Activa,Nariño,Sandoná,1.3223,-77.4792,20,9/15/1963,,Cudayari,Pacifico,Patía,Río Guáitara,2008,17,Andes,Definitivo,13,13,0,0.182210296392441,0.182210296392441,0,2.48356604576111,0.0492745824158192,3.93818187713623,4.62545442581177,5,5,0.789855062961578,0.967391312122345,1,1,70,1.04999995231628,13.6499993801117
12,2007-12-29,52050040,,"",SANDONA [52050040],Pluviométrica,Convencional,Activa,Nariño,Sandoná,1.3223,-77.4792,20,9/15/1963,,Cudayari,Pacifico,Patía,Río Guáitara,2007,29,Andes,Preliminar,0,0,0,2.1839554309845,2.1839554309845,0,2.26212811470032,0.00926642678678036,3.93818187713623,4.62545442581177,5,5,0.789855062961578,0.967391312122345,1,1,72,1.04999995231628,0
12,2007-12-30,52050040,0,Definitivo,SANDONA [52050040],Pluviométrica,Convencional,Activa,Nariño,Sandoná,1.3223,-77.4792,20,9/15/1963,,Cudayari,Pacifico,Patía,Río Guáitara,2007,30,Andes,Definitivo,0,0,0,5.06864500045776,5.06864500045776,0,2.76133751869202,0.135907590389252,3.93818187713623,4.62545442581177,5,5,0.789855062961578,0.967391312122345,1,1,72,1.04999995231628,0
12,2004-12-27,52050040,6,Definitivo,SANDONA [52050040],Pluviométrica,Convencional,Activa,Nariño,Sandoná,1.3223,-77.4792,20,9/15/1963,,Cudayari,Pacifico,Patía,Río Guáitara,2004,27,Andes,Definitivo,6,6,0,1.14287543296814,1.14287543296814,38.7025680541992,1.40011823177338,2.83032560348511,3.93818187713623,4.62545442581177,5,5,0.789855062961578,0.967391312122345,1,1,72,1.04999995231628,6.29999971389771
12,2009-12-20,52050040,1,Definitivo,SANDONA [52050040],Pluviométrica,Convencional,Activa,Nariño,Sandoná,1.3223,-77.4792,20,9/15/1963,,Cudayari,Pacifico,Patía,Río Guáitara,2009,20,Andes,Definitivo,1,1,0,5.11776113510132,5.11776113510132,7.10728740692139,7.88788223266602,5.77306365966797,3.93818187713623,4.62545442581177,5,5,0.789855062961578,0.967391312122345,1,1,70,1.04999995231628,1.04999995231628
12,2005-12-30,52050040,,"",SANDONA [52050040],Pluviométrica,Convencional,Activa,Nariño,Sandoná,1.3223,-77.4792,20,9/15/1963,,Cudayari,Pacifico,Patía,Río Guáitara,2005,30,Andes,Preliminar,0,0,0,8.6436939239502,8.6436939239502,0,2.17079997062683,0.564838707447052,3.93818187713623,4.62545442581177,5,5,0.789855062961578,0.967391312122345,1,1,72,1.04999995231628,0
12,2009-12-24,52050040,1,Definitivo,SANDONA [52050040],Pluviométrica,Convencional,Activa,Nariño,Sandoná,1.3223,-77.4792,20,9/15/1963,,Cudayari,Pacifico,Patía,Río Guáitara,2009,24,Andes,Definitivo,1,1,0,3.90040493011475,3.90040493011475,0,1.83587551116943,0,3.93818187713623,4.62545442581177,5,5,0.789855062961578,0.967391312122345,1,1,71,1.04999995231628,1.04999995231628
12,2008-12-12,52050040,1,Definitivo,SANDONA [52050040],Pluviométrica,Convencional,Activa,Nariño,Sandoná,1.3223,-77.4792,20,9/15/1963,,Cudayari,Pacifico,Patía,Río Guáitara,2008,12,Andes,Definitivo,1,1,0,2.24029779434204,2.24029779434204,0,8.49455261230469,0.0612199269235134,3.93818187713623,4.62545442581177,5,5,0.789855062961578,0.967391312122345,1,1,69,1.04999995231628,1.04999995231628
12,2009-12-26,52050040,22,Definitivo,SANDONA [52050040],Pluviométrica,Convencional,Activa,Nariño,Sandoná,1.3223,-77.4792,20,9/15/1963,,Cudayari,Pacifico,Patía,Río Guáitara,2009,26,Andes,Definitivo,22,22,0,18.4730358123779,18.4730358123779,32.4442024230957,6.0279107093811,29.2656326293945,3.93818187713623,4.62545442581177,5,5,0.789855062961578,0.967391312122345,1,1,72,1.04999995231628,23.0999989509583
12,2009-12-27,52050040,13,Definitivo,SANDONA [52050040],Pluviométrica,Convencional,Activa,Nariño,Sandoná,1.3223,-77.4792,20,9/15/1963,,Cudayari,Pacifico,Patía,Río Guáitara,2009,27,Andes,Definitivo,13,13,0,16.9502601623535,16.9502601623535,32.4442024230957,16.9061717987061,8.23464012145996,3.93818187713623,4.62545442581177,5,5,0.789855062961578,0.967391312122345,1,1,72,1.04999995231628,13.6499993801117
12,2008-12-31,52050040,,"",SANDONA [52050040],Pluviométrica,Convencional,Activa,Nariño,Sandoná,1.3223,-77.4792,20,9/15/1963,,Cudayari,Pacifico,Patía,Río Guáitara,2008,31,Andes,Preliminar,0,0,0,10.0348873138428,10.0348873138428,0,1.85694718360901,8.61430549621582,3.93818187713623,4.62545442581177,5,5,0.789855062961578,0.967391312122345,1,1,72,1.04999995231628,0
12,2008-12-25,52050040,1,Definitivo,SANDONA [52050040],Pluviométrica,Convencional,Activa,Nariño,Sandoná,1.3223,-77.4792,20,9/15/1963,,Cudayari,Pacifico,Patía,Río Guáitara,2008,25,Andes,Definitivo,1,1,0,5.44063234329224,5.44063234329224,0,0.892756342887878,2.91602540016174,3.93818187713623,4.62545442581177,5,5,0.789855062961578,0.967391312122345,1,1,71,1.04999995231628,1.04999995231628
12,2010-12-15,52050040,14,Definitivo,SANDONA [52050040],Pluviométrica,Convencional,Activa,Nariño,Sandoná,1.3223,-77.4792,20,9/15/1963,,Cudayari,Pacifico,Patía,Río Guáitara,2010,15,Andes,Definitivo,14,14,0,16.6588001251221,16.6588001251221,80.0375823974609,48.6009712219238,39.7471885681152,3.93818187713623,4.62545442581177,5,5,0.789855062961578,0.967391312122345,1,1,69,1.04999995231628,14.699999332428
12,2010-12-16,52050040,2,Definitivo,SANDONA [52050040],Pluviométrica,Convencional,Activa,Nariño,Sandoná,1.3223,-77.4792,20,9/15/1963,,Cudayari,Pacifico,Patía,Río Guáitara,2010,16,Andes,Definitivo,2,2,0,3.28089880943298,3.28089880943298,40.7578659057617,5.11601257324219,27.1268730163574,3.93818187713623,4.62545442581177,5,5,0.789855062961578,0.967391312122345,1,1,70,1.04999995231628,2.09999990463257
12,2008-12-24,52050040,2,Definitivo,SANDONA [52050040],Pluviométrica,Convencional,Activa,Nariño,Sandoná,1.3223,-77.4792,20,9/15/1963,,Cudayari,Pacifico,Patía,Río Guáitara,2008,24,Andes,Definitivo,2,2,0,9.92792224884033,9.92792224884033,0,1.41264188289642,1.96483385562897,3.93818187713623,4.62545442581177,5,5,0.789855062961578,0.967391312122345,1,1,71,1.04999995231628,2.09999990463257
12,2003-12-30,52050040,2,Definitivo,SANDONA [52050040],Pluviométrica,Convencional,Activa,Nariño,Sandoná,1.3223,-77.4792,20,9/15/1963,,Cudayari,Pacifico,Patía,Río Guáitara,2003,30,Andes,Definitivo,2,2,0,1.20698690414429,1.20698690414429,0,1.62923812866211,2.06830930709839,3.93818187713623,4.62545442581177,5,5,0.789855062961578,0.967391312122345,1,1,72,1.04999995231628,2.09999990463257
12,2010-12-21,52050040,9,Definitivo,SANDONA [52050040],Pluviométrica,Convencional,Activa,Nariño,Sandoná,1.3223,-77.4792,20,9/15/1963,,Cudayari,Pacifico,Patía,Río Guáitara,2010,21,Andes,Definitivo,9,9,0,7.39760684967041,7.39760684967041,0,1.00782525539398,0.31890469789505,3.93818187713623,4.62545442581177,5,5,0.789855062961578,0.967391312122345,1,1,71,1.04999995231628,9.44999957084656
12,2006-12-22,52050040,,"",SANDONA [52050040],Pluviométrica,Convencional,Activa,Nariño,Sandoná,1.3223,-77.4792,20,9/15/1963,,Cudayari,Pacifico,Patía,Río Guáitara,2006,22,Andes,Preliminar,0,0,0,7.46725940704346,7.46725940704346,19.3269119262695,1.88235819339752,7.4284987449646,3.93818187713623,4.62545442581177,5,5,0.789855062961578,0.967391312122345,1,1,71,1.04999995231628,0
12,2005-12-29,52050040,,"",SANDONA [52050040],Pluviométrica,Convencional,Activa,Nariño,Sandoná,1.3223,-77.4792,20,9/15/1963,,Cudayari,Pacifico,Patía,Río Guáitara,2005,29,Andes,Preliminar,0,0,0,0.53466147184372,0.53466147184372,0,7.51658344268799,0.0895951166749001,3.93818187713623,4.62545442581177,5,5,0.789855062961578,0.967391312122345,1,1,72,1.04999995231628,0
12,2009-12-14,52050040,,"",SANDONA [52050040],Pluviométrica,Convencional,Activa,Nariño,Sandoná,1.3223,-77.4792,20,9/15/1963,,Cudayari,Pacifico,Patía,Río Guáitara,2009,14,Andes,Preliminar,0,0,0,0.328933656215668,0.328933656215668,0,0.878634035587311,0,3.93818187713623,4.62545442581177,5,5,0.789855062961578,0.967391312122345,1,1,69,1.04999995231628,0
12,2010-12-12,52050040,21,Definitivo,SANDONA [52050040],Pluviométrica,Convencional,Activa,Nariño,Sandoná,1.3223,-77.4792,20,9/15/1963,,Cudayari,Pacifico,Patía,Río Guáitara,2010,12,Andes,Definitivo,21,21,0,11.7094449996948,11.7094449996948,0,13.0933990478516,3.96800422668457,3.93818187713623,4.62545442581177,5,5,0.789855062961578,0.967391312122345,1,1,69,1.04999995231628,22.049998998642
12,2009-12-10,52050040,,"",SANDONA [52050040],Pluviométrica,Convencional,Activa,Nariño,Sandoná,1.3223,-77.4792,20,9/15/1963,,Cudayari,Pacifico,Patía,Río Guáitara,2009,10,Andes,Preliminar,0,0,0,6.9587893486023,6.9587893486023,0,0.18855307996273,0,3.93818187713623,4.62545442581177,5,5,0.789855062961578,0.967391312122345,1,1,68,1.04999995231628,0
12,2007-12-20,52050040,1,Definitivo,SANDONA [52050040],Pluviométrica,Convencional,Activa,Nariño,Sandoná,1.3223,-77.4792,20,9/15/1963,,Cudayari,Pacifico,Patía,Río Guáitara,2007,20,Andes,Definitivo,1,1,0,1.97152817249298,1.97152817249298,0,6.73852920532227,3.69282937049866,3.93818187713623,4.62545442581177,5,5,0.789855062961578,0.967391312122345,1,1,70,1.04999995231628,1.04999995231628
12,2010-12-17,52050040,14,Definitivo,SANDONA [52050040],Pluviométrica,Convencional,Activa,Nariño,Sandoná,1.3223,-77.4792,20,9/15/1963,,Cudayari,Pacifico,Patía,Río Guáitara,2010,17,Andes,Definitivo,14,14,0,14.4120454788208,14.4120454788208,40.7578659057617,6.81692361831665,3.81224727630615,3.93818187713623,4.62545442581177,5,5,0.789855062961578,0.967391312122345,1,1,70,1.04999995231628,14.699999332428
12,2009-12-21,52050040,2,Definitivo,SANDONA [52050040],Pluviométrica,Convencional,Activa,Nariño,Sandoná,1.3223,-77.4792,20,9/15/1963,,Cudayari,Pacifico,Patía,Río Guáitara,2009,21,Andes,Definitivo,2,2,0,4.99298763275147,4.99298763275147,0,11.1150608062744,6.69254207611084,3.93818187713623,4.62545442581177,5,5,0.789855062961578,0.967391312122345,1,1,71,1.04999995231628,2.09999990463257
12,2008-12-26,52050040,6,Definitivo,SANDONA [52050040],Pluviométrica,Convencional,Activa,Nariño,Sandoná,1.3223,-77.4792,20,9/15/1963,,Cudayari,Pacifico,Patía,Río Guáitara,2008,26,Andes,Definitivo,6,6,0,0.246166065335274,0.246166065335274,0,2.1991810798645,0,3.93818187713623,4.62545442581177,5,5,0.789855062961578,0.967391312122345,1,1,72,1.04999995231628,6.29999971389771
12,2011-12-12,52050040,6,Definitivo,SANDONA [52050040],Pluviométrica,Convencional,Activa,Nariño,Sandoná,1.3223,-77.4792,20,9/15/1963,,Cudayari,Pacifico,Patía,Río Guáitara,2011,12,Andes,Definitivo,6,6,0,6.04955673217773,6.04955673217773,10.4650926589966,1.11654412746429,2.55806279182434,3.93818187713623,4.62545442581177,5,5,0.789855062961578,0.967391312122345,1,1,69,1.04999995231628,6.29999971389771
12,2004-12-31,52050040,,"",SANDONA [52050040],Pluviométrica,Convencional,Activa,Nariño,Sandoná,1.3223,-77.4792,20,9/15/1963,,Cudayari,Pacifico,Patía,Río Guáitara,2004,31,Andes,Preliminar,0,0,0,7.14297199249268,7.14297199249268,0,0.493110179901123,0.669539272785187,3.93818187713623,4.62545442581177,5,5,0.789855062961578,0.967391312122345,1,1,72,1.04999995231628,0
12,2011-12-17,52050040,2,Definitivo,SANDONA [52050040],Pluviométrica,Convencional,Activa,Nariño,Sandoná,1.3223,-77.4792,20,9/15/1963,,Cudayari,Pacifico,Patía,Río Guáitara,2011,17,Andes,Definitivo,2,2,0,3.85111308097839,3.85111308097839,0,0.577480375766754,1.20417213439941,3.93818187713623,4.62545442581177,5,5,0.789855062961578,0.967391312122345,1,1,70,1.04999995231628,2.09999990463257
12,2004-12-26,52050040,,"",SANDONA [52050040],Pluviométrica,Convencional,Activa,Nariño,Sandoná,1.3223,-77.4792,20,9/15/1963,,Cudayari,Pacifico,Patía,Río Guáitara,2004,26,Andes,Preliminar,0,0,0,1.21430516242981,1.21430516242981,0,0.50617778301239,0,3.93818187713623,4.62545442581177,5,5,0.789855062961578,0.967391312122345,1,1,72,1.04999995231628,0
12,2010-12-22,52050040,25,Definitivo,SANDONA [52050040],Pluviométrica,Convencional,Activa,Nariño,Sandoná,1.3223,-77.4792,20,9/15/1963,,Cudayari,Pacifico,Patía,Río Guáitara,2010,22,Andes,Definitivo,25,25,0,6.88881206512451,6.88881206512451,0,0.963779807090759,1.30938518047333,3.93818187713623,4.62545442581177,5,5,0.789855062961578,0.967391312122345,1,1,71,1.04999995231628,26.2499988079071
12,2010-12-23,52050040,3,Definitivo,SANDONA [52050040],Pluviométrica,Convencional,Activa,Nariño,Sandoná,1.3223,-77.4792,20,9/15/1963,,Cudayari,Pacifico,Patía,Río Guáitara,2010,23,Andes,Definitivo,3,3,0,8.22105121612549,8.22105121612549,0,1.88524627685547,1.89591979980469,3.93818187713623,4.62545442581177,5,5,0.789855062961578,0.967391312122345,1,1,71,1.04999995231628,3.14999985694885
12,2010-12-24,52050040,0,Definitivo,SANDONA [52050040],Pluviométrica,Convencional,Activa,Nariño,Sandoná,1.3223,-77.4792,20,9/15/1963,,Cudayari,Pacifico,Patía,Río Guáitara,2010,24,Andes,Definitivo,0,0,0,4.73312950134277,4.73312950134277,0,1.16743099689484,0,3.93818187713623,4.62545442581177,5,5,0.789855062961578,0.967391312122345,1,1,71,1.04999995231628,0
12,2009-12-28,52050040,,"",SANDONA [52050040],Pluviométrica,Convencional,Activa,Nariño,Sandoná,1.3223,-77.4792,20,9/15/1963,,Cudayari,Pacifico,Patía,Río Guáitara,2009,28,Andes,Preliminar,0,0,0,8.59994697570801,8.59994697570801,0,15.6484861373901,10.2611751556396,3.93818187713623,4.62545442581177,5,5,0.789855062961578,0.967391312122345,1,1,72,1.04999995231628,0
12,2009-12-09,52050040,,"",SANDONA [52050040],Pluviométrica,Convencional,Activa,Nariño,Sandoná,1.3223,-77.4792,20,9/15/1963,,Cudayari,Pacifico,Patía,Río Guáitara,2009,09,Andes,Preliminar,0,0,0,3.85400605201721,3.85400605201721,0,0.527171790599823,1.0689514875412,3.93818187713623,4.62545442581177,5,5,0.789855062961578,0.967391312122345,1,1,68,1.04999995231628,0
12,2007-12-10,52050040,3,Definitivo,SANDONA [52050040],Pluviométrica,Convencional,Activa,Nariño,Sandoná,1.3223,-77.4792,20,9/15/1963,,Cudayari,Pacifico,Patía,Río Guáitara,2007,10,Andes,Definitivo,3,3,0,12.7926425933838,12.7926425933838,0,1.72661328315735,0,3.93818187713623,4.62545442581177,5,5,0.789855062961578,0.967391312122345,1,1,68,1.04999995231628,3.14999985694885
12,2011-12-13,52050040,1,Definitivo,SANDONA [52050040],Pluviométrica,Convencional,Activa,Nariño,Sandoná,1.3223,-77.4792,20,9/15/1963,,Cudayari,Pacifico,Patía,Río Guáitara,2011,13,Andes,Definitivo,1,1,0,7.97999620437622,7.97999620437622,13.8045473098755,0.253503978252411,0.221053585410118,3.93818187713623,4.62545442581177,5,5,0.789855062961578,0.967391312122345,1,1,69,1.04999995231628,1.04999995231628
12,2011-12-14,52050040,5,Definitivo,SANDONA [52050040],Pluviométrica,Convencional,Activa,Nariño,Sandoná,1.3223,-77.4792,20,9/15/1963,,Cudayari,Pacifico,Patía,Río Guáitara,2011,14,Andes,Definitivo,5,5,0,8.11172580718994,8.11172580718994,14.0324258804321,2.14732193946838,0.0923805832862854,3.93818187713623,4.62545442581177,5,5,0.789855062961578,0.967391312122345,1,1,69,1.04999995231628,5.24999976158142
12,2009-12-22,52050040,2,Definitivo,SANDONA [52050040],Pluviométrica,Convencional,Activa,Nariño,Sandoná,1.3223,-77.4792,20,9/15/1963,,Cudayari,Pacifico,Patía,Río Guáitara,2009,22,Andes,Definitivo,2,2,0,15.0142107009888,15.0142107009888,12.3083419799805,6.06020641326904,0.495416224002838,3.93818187713623,4.62545442581177,5,5,0.789855062961578,0.967391312122345,1,1,71,1.04999995231628,2.09999990463257
12,2007-12-31,52050040,3,Definitivo,SANDONA [52050040],Pluviométrica,Convencional,Activa,Nariño,Sandoná,1.3223,-77.4792,20,9/15/1963,,Cudayari,Pacifico,Patía,Río Guáitara,2007,31,Andes,Definitivo,3,3,0,7.77815103530884,7.77815103530884,0,2.01193261146545,0.80926787853241,3.93818187713623,4.62545442581177,5,5,0.789855062961578,0.967391312122345,1,1,72,1.04999995231628,3.14999985694885
12,2004-12-30,52050040,,"",SANDONA [52050040],Pluviométrica,Convencional,Activa,Nariño,Sandoná,1.3223,-77.4792,20,9/15/1963,,Cudayari,Pacifico,Patía,Río Guáitara,2004,30,Andes,Preliminar,0,0,0,7.85726881027222,7.85726881027222,0,4.52017879486084,3.5759482383728,3.93818187713623,4.62545442581177,5,5,0.789855062961578,0.967391312122345,1,1,72,1.04999995231628,0
12,2003-12-29,52050040,3,Definitivo,SANDONA [52050040],Pluviométrica,Convencional,Activa,Nariño,Sandoná,1.3223,-77.4792,20,9/15/1963,,Cudayari,Pacifico,Patía,Río Guáitara,2003,29,Andes,Definitivo,3,3,0,5.27050876617432,5.27050876617432,0,7.05716180801392,0.382442057132721,3.93818187713623,4.62545442581177,5,5,0.789855062961578,0.967391312122345,1,1,72,1.04999995231628,3.14999985694885
12,2012-12-13,52050040,7,Definitivo,SANDONA [52050040],Pluviométrica,Convencional,Activa,Nariño,Sandoná,1.3223,-77.4792,20,9/15/1963,,Cudayari,Pacifico,Patía,Río Guáitara,2012,13,Andes,Definitivo,7,7,0,8.69020462036133,8.69020462036133,24.936954498291,8.82053184509277,13.8165674209595,3.93818187713623,4.62545442581177,5,5,0.789855062961578,0.967391312122345,1,1,69,1.04999995231628,7.34999966621399
12,2005-12-24,52050040,30,Definitivo,SANDONA [52050040],Pluviométrica,Convencional,Activa,Nariño,Sandoná,1.3223,-77.4792,20,9/15/1963,,Cudayari,Pacifico,Patía,Río Guáitara,2005,24,Andes,Definitivo,30,30,0,4.95779037475586,4.95779037475586,0,1.0360963344574,3.12170505523682,3.93818187713623,4.62545442581177,5,5,0.789855062961578,0.967391312122345,1,1,71,1.04999995231628,31.4999985694885
12,2007-12-19,52050040,10,Definitivo,SANDONA [52050040],Pluviométrica,Convencional,Activa,Nariño,Sandoná,1.3223,-77.4792,20,9/15/1963,,Cudayari,Pacifico,Patía,Río Guáitara,2007,19,Andes,Definitivo,10,10,0,5.97432804107666,5.97432804107666,0,8.54258537292481,0,3.93818187713623,4.62545442581177,5,5,0.789855062961578,0.967391312122345,1,1,70,1.04999995231628,10.4999995231628
12,2008-12-16,52050040,15,Definitivo,SANDONA [52050040],Pluviométrica,Convencional,Activa,Nariño,Sandoná,1.3223,-77.4792,20,9/15/1963,,Cudayari,Pacifico,Patía,Río Guáitara,2008,16,Andes,Definitivo,15,15,0,7.19730663299561,7.19730663299561,0,5.60599803924561,6.91486597061157,3.93818187713623,4.62545442581177,5,5,0.789855062961578,0.967391312122345,1,1,70,1.04999995231628,15.7499992847443
12,2007-12-14,52050040,,"",SANDONA [52050040],Pluviométrica,Convencional,Activa,Nariño,Sandoná,1.3223,-77.4792,20,9/15/1963,,Cudayari,Pacifico,Patía,Río Guáitara,2007,14,Andes,Preliminar,13,13,0,8.1445484161377,8.1445484161377,51.5376052856445,10.8450231552124,15.6170425415039,3.93818187713623,4.62545442581177,5,5,0.789855062961578,0.967391312122345,1,1,69,1.04999995231628,13.6499993801117
12,2009-12-29,52050040,,"",SANDONA [52050040],Pluviométrica,Convencional,Activa,Nariño,Sandoná,1.3223,-77.4792,20,9/15/1963,,Cudayari,Pacifico,Patía,Río Guáitara,2009,29,Andes,Preliminar,0,0,0,5.16745758056641,5.16745758056641,0,2.9864776134491,0.540766417980194,3.93818187713623,4.62545442581177,5,5,0.789855062961578,0.967391312122345,1,1,72,1.04999995231628,0
12,2009-12-30,52050040,,"",SANDONA [52050040],Pluviométrica,Convencional,Activa,Nariño,Sandoná,1.3223,-77.4792,20,9/15/1963,,Cudayari,Pacifico,Patía,Río Guáitara,2009,30,Andes,Preliminar,0,0,0,3.582270860672,3.582270860672,0,5.99279975891113,1.22341692447662,3.93818187713623,4.62545442581177,5,5,0.789855062961578,0.967391312122345,1,1,72,1.04999995231628,0
12,2009-12-11,52050040,14,Definitivo,SANDONA [52050040],Pluviométrica,Convencional,Activa,Nariño,Sandoná,1.3223,-77.4792,20,9/15/1963,,Cudayari,Pacifico,Patía,Río Guáitara,2009,11,Andes,Definitivo,14,14,0,10.7750692367554,10.7750692367554,13.7538776397705,2.03024411201477,1.66015934944153,3.93818187713623,4.62545442581177,5,5,0.789855062961578,0.967391312122345,1,1,69,1.04999995231628,14.699999332428
12,2012-12-09,52050040,,"",SANDONA [52050040],Pluviométrica,Convencional,Activa,Nariño,Sandoná,1.3223,-77.4792,20,9/15/1963,,Cudayari,Pacifico,Patía,Río Guáitara,2012,09,Andes,Preliminar,0,0,0,1.83638727664948,1.83638727664948,0,0.105167701840401,0.554959356784821,3.93818187713623,4.62545442581177,5,5,0.789855062961578,0.967391312122345,1,1,68,1.04999995231628,0
12,2010-12-18,52050040,17,Definitivo,SANDONA [52050040],Pluviométrica,Convencional,Activa,Nariño,Sandoná,1.3223,-77.4792,20,9/15/1963,,Cudayari,Pacifico,Patía,Río Guáitara,2010,18,Andes,Definitivo,17,17,0,4.15757608413696,4.15757608413696,0,20.3734340667725,10.1396579742432,3.93818187713623,4.62545442581177,5,5,0.789855062961578,0.967391312122345,1,1,70,1.04999995231628,17.8499991893768
12,2009-12-23,52050040,3,Definitivo,SANDONA [52050040],Pluviométrica,Convencional,Activa,Nariño,Sandoná,1.3223,-77.4792,20,9/15/1963,,Cudayari,Pacifico,Patía,Río Guáitara,2009,23,Andes,Definitivo,3,3,0,1.79747569561005,1.79747569561005,0,1.31822323799133,3.41040992736816,3.93818187713623,4.62545442581177,5,5,0.789855062961578,0.967391312122345,1,1,71,1.04999995231628,3.14999985694885
12,2008-12-27,52050040,1,Definitivo,SANDONA [52050040],Pluviométrica,Convencional,Activa,Nariño,Sandoná,1.3223,-77.4792,20,9/15/1963,,Cudayari,Pacifico,Patía,Río Guáitara,2008,27,Andes,Definitivo,1,1,0,0.0289607141166925,0.0289607141166925,0,0.986807227134705,0,3.93818187713623,4.62545442581177,5,5,0.789855062961578,0.967391312122345,1,1,72,1.04999995231628,1.04999995231628
12,2012-12-12,52050040,,"",SANDONA [52050040],Pluviométrica,Convencional,Activa,Nariño,Sandoná,1.3223,-77.4792,20,9/15/1963,,Cudayari,Pacifico,Patía,Río Guáitara,2012,12,Andes,Preliminar,0,0,0,5.07739877700806,5.07739877700806,24.936954498291,3.69388699531555,6.26028871536255,3.93818187713623,4.62545442581177,5,5,0.789855062961578,0.967391312122345,1,1,69,1.04999995231628,0
12,2004-12-25,52050040,,"",SANDONA [52050040],Pluviométrica,Convencional,Activa,Nariño,Sandoná,1.3223,-77.4792,20,9/15/1963,,Cudayari,Pacifico,Patía,Río Guáitara,2004,25,Andes,Preliminar,0,0,0,0.239002510905266,0.239002510905266,0,5.77831268310547,0.0924017578363419,3.93818187713623,4.62545442581177,5,5,0.789855062961578,0.967391312122345,1,1,71,1.04999995231628,0
12,2011-12-18,52050040,1,Definitivo,SANDONA [52050040],Pluviométrica,Convencional,Activa,Nariño,Sandoná,1.3223,-77.4792,20,9/15/1963,,Cudayari,Pacifico,Patía,Río Guáitara,2011,18,Andes,Definitivo,1,1,0,8.08805084228516,8.08805084228516,13.9914722442627,1.60441720485687,0,3.93818187713623,4.62545442581177,5,5,0.789855062961578,0.967391312122345,1,1,70,1.04999995231628,1.04999995231628
12,2011-12-19,52050040,5,Definitivo,SANDONA [52050040],Pluviométrica,Convencional,Activa,Nariño,Sandoná,1.3223,-77.4792,20,9/15/1963,,Cudayari,Pacifico,Patía,Río Guáitara,2011,19,Andes,Definitivo,5,5,0,8.14825820922852,8.14825820922852,14.0956220626831,2.78976321220398,0,3.93818187713623,4.62545442581177,5,5,0.789855062961578,0.967391312122345,1,1,70,1.04999995231628,5.24999976158142
12,2011-12-20,52050040,1,Definitivo,SANDONA [52050040],Pluviométrica,Convencional,Activa,Nariño,Sandoná,1.3223,-77.4792,20,9/15/1963,,Cudayari,Pacifico,Patía,Río Guáitara,2011,20,Andes,Definitivo,1,1,0,6.12916326522827,6.12916326522827,10.6028032302856,1.14140152931213,0.48571652173996,3.93818187713623,4.62545442581177,5,5,0.789855062961578,0.967391312122345,1,1,70,1.04999995231628,1.04999995231628
12,2011-12-21,52050040,,"",SANDONA [52050040],Pluviométrica,Convencional,Activa,Nariño,Sandoná,1.3223,-77.4792,20,9/15/1963,,Cudayari,Pacifico,Patía,Río Guáitara,2011,21,Andes,Preliminar,0,0,0,1.55663013458252,1.55663013458252,0,0.262194335460663,0.0153153911232948,3.93818187713623,4.62545442581177,5,5,0.789855062961578,0.967391312122345,1,1,71,1.04999995231628,0
12,2005-12-14,52050040,14,Definitivo,SANDONA [52050040],Pluviométrica,Convencional,Activa,Nariño,Sandoná,1.3223,-77.4792,20,9/15/1963,,Cudayari,Pacifico,Patía,Río Guáitara,2005,14,Andes,Definitivo,14,14,0,8.07725048065186,8.07725048065186,0,9.03572845458984,14.5293407440186,3.93818187713623,4.62545442581177,5,5,0.789855062961578,0.967391312122345,1,1,69,1.04999995231628,14.699999332428
12,2004-12-11,52050040,,"",SANDONA [52050040],Pluviométrica,Convencional,Activa,Nariño,Sandoná,1.3223,-77.4792,20,9/15/1963,,Cudayari,Pacifico,Patía,Río Guáitara,2004,11,Andes,Preliminar,0,0,0,4.33136987686157,4.33136987686157,0,4.4212965965271,12.9147596359253,3.93818187713623,4.62545442581177,5,5,0.789855062961578,0.967391312122345,1,1,69,1.04999995231628,0
12,2005-12-09,52050040,,"",SANDONA [52050040],Pluviométrica,Convencional,Activa,Nariño,Sandoná,1.3223,-77.4792,20,9/15/1963,,Cudayari,Pacifico,Patía,Río Guáitara,2005,09,Andes,Preliminar,0,0,0,3.87298774719238,3.87298774719238,0,0.847477734088898,0,3.93818187713623,4.62545442581177,5,5,0.789855062961578,0.967391312122345,1,1,68,1.04999995231628,0
12,2007-12-11,52050040,1,Definitivo,SANDONA [52050040],Pluviométrica,Convencional,Activa,Nariño,Sandoná,1.3223,-77.4792,20,9/15/1963,,Cudayari,Pacifico,Patía,Río Guáitara,2007,11,Andes,Definitivo,1,1,0,2.38838028907776,2.38838028907776,0,10.6725492477417,0.445670604705811,3.93818187713623,4.62545442581177,5,5,0.789855062961578,0.967391312122345,1,1,69,1.04999995231628,1.04999995231628
12,2012-12-10,52050040,,"",SANDONA [52050040],Pluviométrica,Convencional,Activa,Nariño,Sandoná,1.3223,-77.4792,20,9/15/1963,,Cudayari,Pacifico,Patía,Río Guáitara,2012,10,Andes,Preliminar,0,0,0,2.41909456253052,2.41909456253052,0,0.136424690485001,0.0887935012578964,3.93818187713623,4.62545442581177,5,5,0.789855062961578,0.967391312122345,1,1,68,1.04999995231628,0
12,2010-12-19,52050040,7,Definitivo,SANDONA [52050040],Pluviométrica,Convencional,Activa,Nariño,Sandoná,1.3223,-77.4792,20,9/15/1963,,Cudayari,Pacifico,Patía,Río Guáitara,2010,19,Andes,Definitivo,7,7,0,10.5732622146606,10.5732622146606,0,8.31992626190186,4.69452953338623,3.93818187713623,4.62545442581177,5,5,0.789855062961578,0.967391312122345,1,1,70,1.04999995231628,7.34999966621399
12,2010-12-20,52050040,0,Definitivo,SANDONA [52050040],Pluviométrica,Convencional,Activa,Nariño,Sandoná,1.3223,-77.4792,20,9/15/1963,,Cudayari,Pacifico,Patía,Río Guáitara,2010,20,Andes,Definitivo,0,0,0,3.66610503196716,3.66610503196716,0,8.22182846069336,3.07481789588928,3.93818187713623,4.62545442581177,5,5,0.789855062961578,0.967391312122345,1,1,70,1.04999995231628,0
12,2002-12-31,52050040,,"",SANDONA [52050040],Pluviométrica,Convencional,Activa,Nariño,Sandoná,1.3223,-77.4792,20,9/15/1963,,Cudayari,Pacifico,Patía,Río Guáitara,2002,31,Andes,Preliminar,0,0,0,0.0525013245642185,0.0525013245642185,0,0.201892599463463,0,3.93818187713623,4.62545442581177,5,5,0.789855062961578,0.967391312122345,1,1,72,1.04999995231628,0
12,2013-12-09,52050040,,"",SANDONA [52050040],Pluviométrica,Convencional,Activa,Nariño,Sandoná,1.3223,-77.4792,20,9/15/1963,,Cudayari,Pacifico,Patía,Río Guáitara,2013,09,Andes,Preliminar,0,0,0,4.27766561508179,4.27766561508179,0,1.42043399810791,1.09863567352295,3.93818187713623,4.62545442581177,5,5,0.789855062961578,0.967391312122345,1,1,68,1.04999995231628,0
12,2005-12-23,52050040,15,Definitivo,SANDONA [52050040],Pluviométrica,Convencional,Activa,Nariño,Sandoná,1.3223,-77.4792,20,9/15/1963,,Cudayari,Pacifico,Patía,Río Guáitara,2005,23,Andes,Definitivo,15,15,0,4.85450315475464,4.85450315475464,0,1.45901775360107,0.219409197568893,3.93818187713623,4.62545442581177,5,5,0.789855062961578,0.967391312122345,1,1,71,1.04999995231628,15.7499992847443
12,2006-12-21,52050040,,"",SANDONA [52050040],Pluviométrica,Convencional,Activa,Nariño,Sandoná,1.3223,-77.4792,20,9/15/1963,,Cudayari,Pacifico,Patía,Río Guáitara,2006,21,Andes,Preliminar,0,0,0,14.315803527832,14.315803527832,9.66345596313477,14.7870330810547,12.1640243530273,3.93818187713623,4.62545442581177,5,5,0.789855062961578,0.967391312122345,1,1,71,1.04999995231628,0
12,2008-12-15,52050040,1,Definitivo,SANDONA [52050040],Pluviométrica,Convencional,Activa,Nariño,Sandoná,1.3223,-77.4792,20,9/15/1963,,Cudayari,Pacifico,Patía,Río Guáitara,2008,15,Andes,Definitivo,1,1,0,12.1057052612305,12.1057052612305,0,6.18049287796021,15.4529285430908,3.93818187713623,4.62545442581177,5,5,0.789855062961578,0.967391312122345,1,1,69,1.04999995231628,1.04999995231628
12,2009-12-13,52050040,,"",SANDONA [52050040],Pluviométrica,Convencional,Activa,Nariño,Sandoná,1.3223,-77.4792,20,9/15/1963,,Cudayari,Pacifico,Patía,Río Guáitara,2009,13,Andes,Preliminar,0,0,0,1.50512063503265,1.50512063503265,0,0.949348866939545,0,3.93818187713623,4.62545442581177,5,5,0.789855062961578,0.967391312122345,1,1,69,1.04999995231628,0
12,2010-12-25,52050040,4,Definitivo,SANDONA [52050040],Pluviométrica,Convencional,Activa,Nariño,Sandoná,1.3223,-77.4792,20,9/15/1963,,Cudayari,Pacifico,Patía,Río Guáitara,2010,25,Andes,Definitivo,4,4,0,2.87870669364929,2.87870669364929,0,0.633462309837341,2.13353490829468,3.93818187713623,4.62545442581177,5,5,0.789855062961578,0.967391312122345,1,1,71,1.04999995231628,4.19999980926514
12,2010-12-26,52050040,2,Definitivo,SANDONA [52050040],Pluviométrica,Convencional,Activa,Nariño,Sandoná,1.3223,-77.4792,20,9/15/1963,,Cudayari,Pacifico,Patía,Río Guáitara,2010,26,Andes,Definitivo,2,2,0,6.59197473526001,6.59197473526001,0,4.6052680015564,2.06459832191467,3.93818187713623,4.62545442581177,5,5,0.789855062961578,0.967391312122345,1,1,72,1.04999995231628,2.09999990463257
12,2010-12-27,52050040,4,Definitivo,SANDONA [52050040],Pluviométrica,Convencional,Activa,Nariño,Sandoná,1.3223,-77.4792,20,9/15/1963,,Cudayari,Pacifico,Patía,Río Guáitara,2010,27,Andes,Definitivo,4,4,0,10.796368598938,10.796368598938,0,4.70345306396484,4.14779615402222,3.93818187713623,4.62545442581177,5,5,0.789855062961578,0.967391312122345,1,1,72,1.04999995231628,4.19999980926514
12,2009-12-31,52050040,,"",SANDONA [52050040],Pluviométrica,Convencional,Activa,Nariño,Sandoná,1.3223,-77.4792,20,9/15/1963,,Cudayari,Pacifico,Patía,Río Guáitara,2009,31,Andes,Preliminar,0,0,0,1.74744927883148,1.74744927883148,0,1.96379327774048,0,3.93818187713623,4.62545442581177,5,5,0.789855062961578,0.967391312122345,1,1,72,1.04999995231628,0
12,2010-12-09,52050040,5,Definitivo,SANDONA [52050040],Pluviométrica,Convencional,Activa,Nariño,Sandoná,1.3223,-77.4792,20,9/15/1963,,Cudayari,Pacifico,Patía,Río Guáitara,2010,09,Andes,Definitivo,5,5,0,8.58810329437256,8.58810329437256,0,3.40663027763367,3.46248269081116,3.93818187713623,4.62545442581177,5,5,0.789855062961578,0.967391312122345,1,1,68,1.04999995231628,5.24999976158142
12,2011-12-15,52050040,15,Definitivo,SANDONA [52050040],Pluviométrica,Convencional,Activa,Nariño,Sandoná,1.3223,-77.4792,20,9/15/1963,,Cudayari,Pacifico,Patía,Río Guáitara,2011,15,Andes,Definitivo,15,15,0,5.32033205032349,5.32033205032349,9.20361042022705,0.718001484870911,0,3.93818187713623,4.62545442581177,5,5,0.789855062961578,0.967391312122345,1,1,69,1.04999995231628,15.7499992847443
12,2011-12-16,52050040,6,Definitivo,SANDONA [52050040],Pluviométrica,Convencional,Activa,Nariño,Sandoná,1.3223,-77.4792,20,9/15/1963,,Cudayari,Pacifico,Patía,Río Guáitara,2011,16,Andes,Definitivo,6,6,0,2.67307043075562,2.67307043075562,0,3.43936204910278,7.86253643035889,3.93818187713623,4.62545442581177,5,5,0.789855062961578,0.967391312122345,1,1,70,1.04999995231628,6.29999971389771
12,2010-12-11,52050040,6,Definitivo,SANDONA [52050040],Pluviométrica,Convencional,Activa,Nariño,Sandoná,1.3223,-77.4792,20,9/15/1963,,Cudayari,Pacifico,Patía,Río Guáitara,2010,11,Andes,Definitivo,6,6,0,5.19078588485718,5.19078588485718,0,11.0570583343506,0.0183138642460108,3.93818187713623,4.62545442581177,5,5,0.789855062961578,0.967391312122345,1,1,69,1.04999995231628,6.29999971389771
12,2003-12-28,52050040,3,Definitivo,SANDONA [52050040],Pluviométrica,Convencional,Activa,Nariño,Sandoná,1.3223,-77.4792,20,9/15/1963,,Cudayari,Pacifico,Patía,Río Guáitara,2003,28,Andes,Definitivo,3,3,0,2.49443960189819,2.49443960189819,0,3.93463659286499,0.0234148185700178,3.93818187713623,4.62545442581177,5,5,0.789855062961578,0.967391312122345,1,1,72,1.04999995231628,3.14999985694885
12,2013-12-10,52050040,,"",SANDONA [52050040],Pluviométrica,Convencional,Activa,Nariño,Sandoná,1.3223,-77.4792,20,9/15/1963,,Cudayari,Pacifico,Patía,Río Guáitara,2013,10,Andes,Preliminar,0,0,0,2.79103851318359,2.79103851318359,0,0.555024147033691,0.249000772833824,3.93818187713623,4.62545442581177,5,5,0.789855062961578,0.967391312122345,1,1,68,1.04999995231628,0
12,2012-12-14,52050040,,"",SANDONA [52050040],Pluviométrica,Convencional,Activa,Nariño,Sandoná,1.3223,-77.4792,20,9/15/1963,,Cudayari,Pacifico,Patía,Río Guáitara,2012,14,Andes,Preliminar,0,0,0,1.42417287826538,1.42417287826538,0,7.33356761932373,1.95496714115143,3.93818187713623,4.62545442581177,5,5,0.789855062961578,0.967391312122345,1,1,69,1.04999995231628,0
12,2012-12-15,52050040,,"",SANDONA [52050040],Pluviométrica,Convencional,Activa,Nariño,Sandoná,1.3223,-77.4792,20,9/15/1963,,Cudayari,Pacifico,Patía,Río Guáitara,2012,15,Andes,Preliminar,0,0,0,3.95421242713928,3.95421242713928,0,2.156818151474,0.549148142337799,3.93818187713623,4.62545442581177,5,5,0.789855062961578,0.967391312122345,1,1,69,1.04999995231628,0
12,2012-12-16,52050040,,"",SANDONA [52050040],Pluviométrica,Convencional,Activa,Nariño,Sandoná,1.3223,-77.4792,20,9/15/1963,,Cudayari,Pacifico,Patía,Río Guáitara,2012,16,Andes,Preliminar,0,0,0,3.2896032333374,3.2896032333374,0,1.95517694950104,0.0555941015481949,3.93818187713623,4.62545442581177,5,5,0.789855062961578,0.967391312122345,1,1,70,1.04999995231628,0
12,2005-12-13,52050040,8,Definitivo,SANDONA [52050040],Pluviométrica,Convencional,Activa,Nariño,Sandoná,1.3223,-77.4792,20,9/15/1963,,Cudayari,Pacifico,Patía,Río Guáitara,2005,13,Andes,Definitivo,8,8,0,7.91088008880615,7.91088008880615,28.7286319732666,2.32249975204468,3.02518105506897,3.93818187713623,4.62545442581177,5,5,0.789855062961578,0.967391312122345,1,1,69,1.04999995231628,8.39999961853027
12,2006-12-11,52050040,,"",SANDONA [52050040],Pluviométrica,Convencional,Activa,Nariño,Sandoná,1.3223,-77.4792,20,9/15/1963,,Cudayari,Pacifico,Patía,Río Guáitara,2006,11,Andes,Preliminar,0,0,0,0.340083718299866,0.340083718299866,12.6059341430664,1.41759049892426,2.56215858459473,3.93818187713623,4.62545442581177,5,5,0.789855062961578,0.967391312122345,1,1,69,1.04999995231628,0
12,2006-12-10,52050040,,"",SANDONA [52050040],Pluviométrica,Convencional,Activa,Nariño,Sandoná,1.3223,-77.4792,20,9/15/1963,,Cudayari,Pacifico,Patía,Río Guáitara,2006,10,Andes,Preliminar,0,0,0,2.85003590583801,2.85003590583801,0,4.80215311050415,5.3498969078064,3.93818187713623,4.62545442581177,5,5,0.789855062961578,0.967391312122345,1,1,68,1.04999995231628,0
12,2004-12-10,52050040,7,Definitivo,SANDONA [52050040],Pluviométrica,Convencional,Activa,Nariño,Sandoná,1.3223,-77.4792,20,9/15/1963,,Cudayari,Pacifico,Patía,Río Guáitara,2004,10,Andes,Definitivo,7,7,0,3.03064632415772,3.03064632415772,0,4.23897886276245,0.107627980411053,3.93818187713623,4.62545442581177,5,5,0.789855062961578,0.967391312122345,1,1,68,1.04999995231628,7.34999966621399
12,2005-12-10,52050040,,"",SANDONA [52050040],Pluviométrica,Convencional,Activa,Nariño,Sandoná,1.3223,-77.4792,20,9/15/1963,,Cudayari,Pacifico,Patía,Río Guáitara,2005,10,Andes,Preliminar,0,0,0,2.02501893043518,2.02501893043518,0,0.165957808494568,0.46785232424736,3.93818187713623,4.62545442581177,5,5,0.789855062961578,0.967391312122345,1,1,68,1.04999995231628,0
12,2010-12-10,52050040,1,Definitivo,SANDONA [52050040],Pluviométrica,Convencional,Activa,Nariño,Sandoná,1.3223,-77.4792,20,9/15/1963,,Cudayari,Pacifico,Patía,Río Guáitara,2010,10,Andes,Definitivo,1,1,0,9.17593574523926,9.17593574523926,0,3.66956520080566,0.0734095275402069,3.93818187713623,4.62545442581177,5,5,0.789855062961578,0.967391312122345,1,1,68,1.04999995231628,1.04999995231628
12,2012-12-11,52050040,0,Definitivo,SANDONA [52050040],Pluviométrica,Convencional,Activa,Nariño,Sandoná,1.3223,-77.4792,20,9/15/1963,,Cudayari,Pacifico,Patía,Río Guáitara,2012,11,Andes,Definitivo,0,0,0,3.92186403274536,3.92186403274536,0,3.93694996833801,3.36078667640686,3.93818187713623,4.62545442581177,5,5,0.789855062961578,0.967391312122345,1,1,69,1.04999995231628,0
12,2002-12-30,52050040,5,Definitivo,SANDONA [52050040],Pluviométrica,Convencional,Activa,Nariño,Sandoná,1.3223,-77.4792,20,9/15/1963,,Cudayari,Pacifico,Patía,Río Guáitara,2002,30,Andes,Definitivo,5,5,0,0.420010536909103,0.420010536909103,0,0.571069180965424,0,3.93818187713623,4.62545442581177,5,5,0.789855062961578,0.967391312122345,1,1,72,1.04999995231628,5.24999976158142
12,2008-12-10,52050040,,"",SANDONA [52050040],Pluviométrica,Convencional,Activa,Nariño,Sandoná,1.3223,-77.4792,20,9/15/1963,,Cudayari,Pacifico,Patía,Río Guáitara,2008,10,Andes,Preliminar,0,0,0,3.07815384864807,3.07815384864807,0,0.346463650465012,0,3.93818187713623,4.62545442581177,5,5,0.789855062961578,0.967391312122345,1,1,68,1.04999995231628,0
12,2005-12-22,52050040,23,Definitivo,SANDONA [52050040],Pluviométrica,Convencional,Activa,Nariño,Sandoná,1.3223,-77.4792,20,9/15/1963,,Cudayari,Pacifico,Patía,Río Guáitara,2005,22,Andes,Definitivo,23,23,0,4.26060104370117,4.26060104370117,0,1.03003191947937,0.636286675930023,3.93818187713623,4.62545442581177,5,5,0.789855062961578,0.967391312122345,1,1,71,1.04999995231628,24.1499989032745
12,2006-12-20,52050040,19,Definitivo,SANDONA [52050040],Pluviométrica,Convencional,Activa,Nariño,Sandoná,1.3223,-77.4792,20,9/15/1963,,Cudayari,Pacifico,Patía,Río Guáitara,2006,20,Andes,Definitivo,19,19,0,10.3441667556763,10.3441667556763,25.7987384796143,16.6337852478027,50.5049133300781,3.93818187713623,4.62545442581177,5,5,0.789855062961578,0.967391312122345,1,1,70,1.04999995231628,19.9499990940094
12,2007-12-18,52050040,2,Definitivo,SANDONA [52050040],Pluviométrica,Convencional,Activa,Nariño,Sandoná,1.3223,-77.4792,20,9/15/1963,,Cudayari,Pacifico,Patía,Río Guáitara,2007,18,Andes,Definitivo,2,2,0,4.06254291534424,4.06254291534424,0,5.2399787902832,4.97252321243286,3.93818187713623,4.62545442581177,5,5,0.789855062961578,0.967391312122345,1,1,70,1.04999995231628,2.09999990463257
12,2009-12-12,52050040,,"",SANDONA [52050040],Pluviométrica,Convencional,Activa,Nariño,Sandoná,1.3223,-77.4792,20,9/15/1963,,Cudayari,Pacifico,Patía,Río Guáitara,2009,12,Andes,Preliminar,0,0,0,5.56196880340576,5.56196880340576,0,4.89599943161011,7.63673305511475,3.93818187713623,4.62545442581177,5,5,0.789855062961578,0.967391312122345,1,1,69,1.04999995231628,0
12,2012-12-17,52050040,,"",SANDONA [52050040],Pluviométrica,Convencional,Activa,Nariño,Sandoná,1.3223,-77.4792,20,9/15/1963,,Cudayari,Pacifico,Patía,Río Guáitara,2012,17,Andes,Preliminar,0,0,0,4.47062683105469,4.47062683105469,27.9800720214844,4.04862833023071,0.746549248695374,3.93818187713623,4.62545442581177,5,5,0.789855062961578,0.967391312122345,1,1,70,1.04999995231628,0
12,2011-12-22,52050040,,"",SANDONA [52050040],Pluviométrica,Convencional,Activa,Nariño,Sandoná,1.3223,-77.4792,20,9/15/1963,,Cudayari,Pacifico,Patía,Río Guáitara,2011,22,Andes,Preliminar,0,0,0,2.16802406311035,2.16802406311035,0,0.149940669536591,0.191442370414734,3.93818187713623,4.62545442581177,5,5,0.789855062961578,0.967391312122345,1,1,71,1.04999995231628,0
12,2011-12-23,52050040,,"",SANDONA [52050040],Pluviométrica,Convencional,Activa,Nariño,Sandoná,1.3223,-77.4792,20,9/15/1963,,Cudayari,Pacifico,Patía,Río Guáitara,2011,23,Andes,Preliminar,0,0,0,4.54829454421997,4.54829454421997,0,0.197298914194107,0.245046257972717,3.93818187713623,4.62545442581177,5,5,0.789855062961578,0.967391312122345,1,1,71,1.04999995231628,0
12,2011-12-24,52050040,2,Definitivo,SANDONA [52050040],Pluviométrica,Convencional,Activa,Nariño,Sandoná,1.3223,-77.4792,20,9/15/1963,,Cudayari,Pacifico,Patía,Río Guáitara,2011,24,Andes,Definitivo,2,2,0,4.88800621032715,4.88800621032715,8.45573234558106,0.895052850246429,0.4849873483181,3.93818187713623,4.62545442581177,5,5,0.789855062961578,0.967391312122345,1,1,71,1.04999995231628,2.09999990463257
12,2010-12-28,52050040,8,Definitivo,SANDONA [52050040],Pluviométrica,Convencional,Activa,Nariño,Sandoná,1.3223,-77.4792,20,9/15/1963,,Cudayari,Pacifico,Patía,Río Guáitara,2010,28,Andes,Definitivo,8,8,0,12.4845571517944,12.4845571517944,0,5.03713607788086,15.4193897247314,3.93818187713623,4.62545442581177,5,5,0.789855062961578,0.967391312122345,1,1,72,1.04999995231628,8.39999961853027
12,2005-12-11,52050040,,"",SANDONA [52050040],Pluviométrica,Convencional,Activa,Nariño,Sandoná,1.3223,-77.4792,20,9/15/1963,,Cudayari,Pacifico,Patía,Río Guáitara,2005,11,Andes,Preliminar,0,0,0,4.10101366043091,4.10101366043091,0,2.73596143722534,0,3.93818187713623,4.62545442581177,5,5,0.789855062961578,0.967391312122345,1,1,69,1.04999995231628,0
12,2008-12-09,52050040,,"",SANDONA [52050040],Pluviométrica,Convencional,Activa,Nariño,Sandoná,1.3223,-77.4792,20,9/15/1963,,Cudayari,Pacifico,Patía,Río Guáitara,2008,09,Andes,Preliminar,0,0,0,0.863384544849396,0.863384544849396,0,0.425114899873734,0.171473294496536,3.93818187713623,4.62545442581177,5,5,0.789855062961578,0.967391312122345,1,1,68,1.04999995231628,0
12,2009-12-06,52050040,,"",SANDONA [52050040],Pluviométrica,Convencional,Activa,Nariño,Sandoná,1.3223,-77.4792,20,9/15/1963,,Cudayari,Pacifico,Patía,Río Guáitara,2009,06,Andes,Preliminar,0,0,0,5.91586875915527,5.91586875915527,21.587064743042,1.53125321865082,2.16825819015503,3.93818187713623,4.62545442581177,5,5,0.789855062961578,0.967391312122345,1,1,68,1.04999995231628,0
12,2010-12-31,52050040,,"",SANDONA [52050040],Pluviométrica,Convencional,Activa,Nariño,Sandoná,1.3223,-77.4792,20,9/15/1963,,Cudayari,Pacifico,Patía,Río Guáitara,2010,31,Andes,Preliminar,0,0,0,0.554690539836884,0.554690539836884,0,5.58477926254273,0,3.93818187713623,4.62545442581177,5,5,0.789855062961578,0.967391312122345,1,1,72,1.04999995231628,0
12,2008-12-11,52050040,0,Definitivo,SANDONA [52050040],Pluviométrica,Convencional,Activa,Nariño,Sandoná,1.3223,-77.4792,20,9/15/1963,,Cudayari,Pacifico,Patía,Río Guáitara,2008,11,Andes,Definitivo,0,0,0,13.6847114562988,13.6847114562988,0,8.80914306640625,9.22890281677246,3.93818187713623,4.62545442581177,5,5,0.789855062961578,0.967391312122345,1,1,69,1.04999995231628,0
12,2011-12-10,52050040,1,Definitivo,SANDONA [52050040],Pluviométrica,Convencional,Activa,Nariño,Sandoná,1.3223,-77.4792,20,9/15/1963,,Cudayari,Pacifico,Patía,Río Guáitara,2011,10,Andes,Definitivo,1,1,0,2.1130518913269,2.1130518913269,0,0.585146844387054,0.0482593663036823,3.93818187713623,4.62545442581177,5,5,0.789855062961578,0.967391312122345,1,1,68,1.04999995231628,1.04999995231628
12,2013-12-11,52050040,,"",SANDONA [52050040],Pluviométrica,Convencional,Activa,Nariño,Sandoná,1.3223,-77.4792,20,9/15/1963,,Cudayari,Pacifico,Patía,Río Guáitara,2013,11,Andes,Preliminar,0,0,0,2.48578214645386,2.48578214645386,0,0.61877179145813,1.51031756401062,3.93818187713623,4.62545442581177,5,5,0.789855062961578,0.967391312122345,1,1,69,1.04999995231628,0
12,2013-12-12,52050040,,"",SANDONA [52050040],Pluviométrica,Convencional,Activa,Nariño,Sandoná,1.3223,-77.4792,20,9/15/1963,,Cudayari,Pacifico,Patía,Río Guáitara,2013,12,Andes,Preliminar,0,0,0,4.23110866546631,4.23110866546631,0,1.13594567775726,0,3.93818187713623,4.62545442581177,5,5,0.789855062961578,0.967391312122345,1,1,69,1.04999995231628,0
12,2007-12-13,52050040,15,Definitivo,SANDONA [52050040],Pluviométrica,Convencional,Activa,Nariño,Sandoná,1.3223,-77.4792,20,9/15/1963,,Cudayari,Pacifico,Patía,Río Guáitara,2007,13,Andes,Definitivo,15,15,0,1.78698945045471,1.78698945045471,0,3.97625470161438,4.23758459091187,3.93818187713623,4.62545442581177,5,5,0.789855062961578,0.967391312122345,1,1,69,1.04999995231628,15.7499992847443
12,2007-12-12,52050040,9,Definitivo,SANDONA [52050040],Pluviométrica,Convencional,Activa,Nariño,Sandoná,1.3223,-77.4792,20,9/15/1963,,Cudayari,Pacifico,Patía,Río Guáitara,2007,12,Andes,Definitivo,9,9,0,4.43310880661011,4.43310880661011,25.7688026428223,4.26067066192627,7.26071739196777,3.93818187713623,4.62545442581177,5,5,0.789855062961578,0.967391312122345,1,1,69,1.04999995231628,9.44999957084656
12,2005-12-12,52050040,0,Definitivo,SANDONA [52050040],Pluviométrica,Convencional,Activa,Nariño,Sandoná,1.3223,-77.4792,20,9/15/1963,,Cudayari,Pacifico,Patía,Río Guáitara,2005,12,Andes,Definitivo,0,0,0,6.56328582763672,6.56328582763672,28.7286319732666,1.35397911071777,1.79322278499603,3.93818187713623,4.62545442581177,5,5,0.789855062961578,0.967391312122345,1,1,69,1.04999995231628,0
12,2004-12-13,52050040,,"",SANDONA [52050040],Pluviométrica,Convencional,Activa,Nariño,Sandoná,1.3223,-77.4792,20,9/15/1963,,Cudayari,Pacifico,Patía,Río Guáitara,2004,13,Andes,Preliminar,0,0,0,3.29268932342529,3.29268932342529,0,8.02139663696289,0,3.93818187713623,4.62545442581177,5,5,0.789855062961578,0.967391312122345,1,1,69,1.04999995231628,0
12,2002-12-14,52050040,29,Definitivo,SANDONA [52050040],Pluviométrica,Convencional,Activa,Nariño,Sandoná,1.3223,-77.4792,20,9/15/1963,,Cudayari,Pacifico,Patía,Río Guáitara,2002,14,Andes,Definitivo,29,29,0,2.42364525794983,2.42364525794983,0,7.38218355178833,17.0031394958496,3.93818187713623,4.62545442581177,5,5,0.789855062961578,0.967391312122345,1,1,69,1.04999995231628,30.4499986171722
12,2010-12-29,52050040,14,Definitivo,SANDONA [52050040],Pluviométrica,Convencional,Activa,Nariño,Sandoná,1.3223,-77.4792,20,9/15/1963,,Cudayari,Pacifico,Patía,Río Guáitara,2010,29,Andes,Definitivo,14,14,0,8.67407321929932,8.67407321929932,0,5.72458744049072,1.50659883022308,3.93818187713623,4.62545442581177,5,5,0.789855062961578,0.967391312122345,1,1,72,1.04999995231628,14.699999332428
12,2010-12-30,52050040,4,Definitivo,SANDONA [52050040],Pluviométrica,Convencional,Activa,Nariño,Sandoná,1.3223,-77.4792,20,9/15/1963,,Cudayari,Pacifico,Patía,Río Guáitara,2010,30,Andes,Definitivo,4,4,0,6.16590785980225,6.16590785980225,0,6.85755062103272,9.37439346313477,3.93818187713623,4.62545442581177,5,5,0.789855062961578,0.967391312122345,1,1,72,1.04999995231628,4.19999980926514
12,2011-12-27,52050040,,"",SANDONA [52050040],Pluviométrica,Convencional,Activa,Nariño,Sandoná,1.3223,-77.4792,20,9/15/1963,,Cudayari,Pacifico,Patía,Río Guáitara,2011,27,Andes,Preliminar,0,0,0,3.38357043266296,3.38357043266296,0,0.488509923219681,0,3.93818187713623,4.62545442581177,5,5,0.789855062961578,0.967391312122345,1,1,72,1.04999995231628,0
12,2003-12-27,52050040,5,Definitivo,SANDONA [52050040],Pluviométrica,Convencional,Activa,Nariño,Sandoná,1.3223,-77.4792,20,9/15/1963,,Cudayari,Pacifico,Patía,Río Guáitara,2003,27,Andes,Definitivo,5,5,0,10.5410184860229,10.5410184860229,0,7.5744481086731,1.62733006477356,3.93818187713623,4.62545442581177,5,5,0.789855062961578,0.967391312122345,1,1,72,1.04999995231628,5.24999976158142
12,2004-12-24,52050040,4,Definitivo,SANDONA [52050040],Pluviométrica,Convencional,Activa,Nariño,Sandoná,1.3223,-77.4792,20,9/15/1963,,Cudayari,Pacifico,Patía,Río Guáitara,2004,24,Andes,Definitivo,4,4,0,3.50537014007568,3.50537014007568,0,2.41429829597473,0,3.93818187713623,4.62545442581177,5,5,0.789855062961578,0.967391312122345,1,1,71,1.04999995231628,4.19999980926514
12,2006-12-19,52050040,16,Definitivo,SANDONA [52050040],Pluviométrica,Convencional,Activa,Nariño,Sandoná,1.3223,-77.4792,20,9/15/1963,,Cudayari,Pacifico,Patía,Río Guáitara,2006,19,Andes,Definitivo,16,16,0,4.46050453186035,4.46050453186035,25.7987384796143,6.1635422706604,3.37215328216553,3.93818187713623,4.62545442581177,5,5,0.789855062961578,0.967391312122345,1,1,70,1.04999995231628,16.7999992370605
12,2007-12-17,52050040,10,Definitivo,SANDONA [52050040],Pluviométrica,Convencional,Activa,Nariño,Sandoná,1.3223,-77.4792,20,9/15/1963,,Cudayari,Pacifico,Patía,Río Guáitara,2007,17,Andes,Definitivo,10,10,0,2.80793380737305,2.80793380737305,56.7459983825684,6.31681299209595,9.30154418945312,3.93818187713623,4.62545442581177,5,5,0.789855062961578,0.967391312122345,1,1,70,1.04999995231628,10.4999995231628
12,2008-12-14,52050040,2,Definitivo,SANDONA [52050040],Pluviométrica,Convencional,Activa,Nariño,Sandoná,1.3223,-77.4792,20,9/15/1963,,Cudayari,Pacifico,Patía,Río Guáitara,2008,14,Andes,Definitivo,2,2,0,5.26335000991821,5.26335000991821,0,9.17233180999756,3.40280771255493,3.93818187713623,4.62545442581177,5,5,0.789855062961578,0.967391312122345,1,1,69,1.04999995231628,2.09999990463257
12,2013-12-13,52050040,9,Definitivo,SANDONA [52050040],Pluviométrica,Convencional,Activa,Nariño,Sandoná,1.3223,-77.4792,20,9/15/1963,,Cudayari,Pacifico,Patía,Río Guáitara,2013,13,Andes,Definitivo,9,9,0,8.25720310211182,8.25720310211182,0,7.21001863479614,2.62017202377319,3.93818187713623,4.62545442581177,5,5,0.789855062961578,0.967391312122345,1,1,69,1.04999995231628,9.44999957084656
12,2013-12-14,52050040,,"",SANDONA [52050040],Pluviométrica,Convencional,Activa,Nariño,Sandoná,1.3223,-77.4792,20,9/15/1963,,Cudayari,Pacifico,Patía,Río Guáitara,2013,14,Andes,Preliminar,0,0,0,2.44128155708313,2.44128155708313,0,2.12436604499817,7.83763313293457,3.93818187713623,4.62545442581177,5,5,0.789855062961578,0.967391312122345,1,1,69,1.04999995231628,0
12,2012-12-18,52050040,,"",SANDONA [52050040],Pluviométrica,Convencional,Activa,Nariño,Sandoná,1.3223,-77.4792,20,9/15/1963,,Cudayari,Pacifico,Patía,Río Guáitara,2012,18,Andes,Preliminar,0,0,0,6.42937088012695,6.42937088012695,0,3.34275197982788,0,3.93818187713623,4.62545442581177,5,5,0.789855062961578,0.967391312122345,1,1,70,1.04999995231628,0
12,2012-12-19,52050040,3,Definitivo,SANDONA [52050040],Pluviométrica,Convencional,Activa,Nariño,Sandoná,1.3223,-77.4792,20,9/15/1963,,Cudayari,Pacifico,Patía,Río Guáitara,2012,19,Andes,Definitivo,3,3,0,6.38386058807373,6.38386058807373,0,2.21556258201599,2.41040110588074,3.93818187713623,4.62545442581177,5,5,0.789855062961578,0.967391312122345,1,1,70,1.04999995231628,3.14999985694885
12,2012-12-20,52050040,4,Definitivo,SANDONA [52050040],Pluviométrica,Convencional,Activa,Nariño,Sandoná,1.3223,-77.4792,20,9/15/1963,,Cudayari,Pacifico,Patía,Río Guáitara,2012,20,Andes,Definitivo,4,4,0,5.83887672424316,5.83887672424316,0,2.12196922302246,10.4715452194214,3.93818187713623,4.62545442581177,5,5,0.789855062961578,0.967391312122345,1,1,70,1.04999995231628,4.19999980926514
12,2006-12-07,52050040,4,Definitivo,SANDONA [52050040],Pluviométrica,Convencional,Activa,Nariño,Sandoná,1.3223,-77.4792,20,9/15/1963,,Cudayari,Pacifico,Patía,Río Guáitara,2006,07,Andes,Definitivo,4,4,0,14.5939588546753,14.5939588546753,0,9.0380859375,24.3771781921387,3.93818187713623,4.62545442581177,5,5,0.789855062961578,0.967391312122345,1,1,68,1.04999995231628,4.19999980926514
12,2006-12-08,52050040,5,Definitivo,SANDONA [52050040],Pluviométrica,Convencional,Activa,Nariño,Sandoná,1.3223,-77.4792,20,9/15/1963,,Cudayari,Pacifico,Patía,Río Guáitara,2006,08,Andes,Definitivo,5,5,0,6.08820915222168,6.08820915222168,0,9.9451789855957,1.04947793483734,3.93818187713623,4.62545442581177,5,5,0.789855062961578,0.967391312122345,1,1,68,1.04999995231628,5.24999976158142
12,2004-12-07,52050040,,"",SANDONA [52050040],Pluviométrica,Convencional,Activa,Nariño,Sandoná,1.3223,-77.4792,20,9/15/1963,,Cudayari,Pacifico,Patía,Río Guáitara,2004,07,Andes,Preliminar,0,0,0,1.20971167087555,1.20971167087555,0,3.34682178497314,11.3959045410156,3.93818187713623,4.62545442581177,5,5,0.789855062961578,0.967391312122345,1,1,68,1.04999995231628,0
12,2004-12-08,52050040,12,Definitivo,SANDONA [52050040],Pluviométrica,Convencional,Activa,Nariño,Sandoná,1.3223,-77.4792,20,9/15/1963,,Cudayari,Pacifico,Patía,Río Guáitara,2004,08,Andes,Definitivo,12,12,0,4.35496187210083,4.35496187210083,0,5.97056245803833,0.101296916604042,3.93818187713623,4.62545442581177,5,5,0.789855062961578,0.967391312122345,1,1,68,1.04999995231628,12.5999994277954
12,2009-12-07,52050040,3,Definitivo,SANDONA [52050040],Pluviométrica,Convencional,Activa,Nariño,Sandoná,1.3223,-77.4792,20,9/15/1963,,Cudayari,Pacifico,Patía,Río Guáitara,2009,07,Andes,Definitivo,3,3,0,7.61810684204102,7.61810684204102,0,0.794415235519409,0.112749442458153,3.93818187713623,4.62545442581177,5,5,0.789855062961578,0.967391312122345,1,1,68,1.04999995231628,3.14999985694885
12,2009-12-08,52050040,1,Definitivo,SANDONA [52050040],Pluviométrica,Convencional,Activa,Nariño,Sandoná,1.3223,-77.4792,20,9/15/1963,,Cudayari,Pacifico,Patía,Río Guáitara,2009,08,Andes,Definitivo,1,1,0,4.78903722763062,4.78903722763062,0,0.681506037712097,0.372940450906754,3.93818187713623,4.62545442581177,5,5,0.789855062961578,0.967391312122345,1,1,68,1.04999995231628,1.04999995231628
12,2012-12-06,52050040,,"",SANDONA [52050040],Pluviométrica,Convencional,Activa,Nariño,Sandoná,1.3223,-77.4792,20,9/15/1963,,Cudayari,Pacifico,Patía,Río Guáitara,2012,06,Andes,Preliminar,0,0,0,2.77938151359558,2.77938151359558,0,0.324251443147659,0.0162788089364767,3.93818187713623,4.62545442581177,5,5,0.789855062961578,0.967391312122345,1,1,68,1.04999995231628,0
12,2011-12-11,52050040,60,Definitivo,SANDONA [52050040],Pluviométrica,Convencional,Activa,Nariño,Sandoná,1.3223,-77.4792,20,9/15/1963,,Cudayari,Pacifico,Patía,Río Guáitara,2011,11,Andes,Definitivo,60,60,0,2.79080939292908,2.79080939292908,0,0.332335412502289,1.69621026515961,3.93818187713623,4.62545442581177,5,5,0.789855062961578,0.967391312122345,1,1,69,1.04999995231628,62.9999971389771
12,2005-12-16,52050040,0,Definitivo,SANDONA [52050040],Pluviométrica,Convencional,Activa,Nariño,Sandoná,1.3223,-77.4792,20,9/15/1963,,Cudayari,Pacifico,Patía,Río Guáitara,2005,16,Andes,Definitivo,0,0,0,11.2513818740845,11.2513818740845,0,13.6283655166626,0.425252109766006,3.93818187713623,4.62545442581177,5,5,0.789855062961578,0.967391312122345,1,1,70,1.04999995231628,0
12,2006-12-14,52050040,8,Definitivo,SANDONA [52050040],Pluviométrica,Convencional,Activa,Nariño,Sandoná,1.3223,-77.4792,20,9/15/1963,,Cudayari,Pacifico,Patía,Río Guáitara,2006,14,Andes,Definitivo,8,8,0,6.22153186798096,6.22153186798096,0,25.1899757385254,2.8594024181366,3.93818187713623,4.62545442581177,5,5,0.789855062961578,0.967391312122345,1,1,69,1.04999995231628,8.39999961853027
12,2005-12-15,52050040,,"",SANDONA [52050040],Pluviométrica,Convencional,Activa,Nariño,Sandoná,1.3223,-77.4792,20,9/15/1963,,Cudayari,Pacifico,Patía,Río Guáitara,2005,15,Andes,Preliminar,0,0,0,7.64468860626221,7.64468860626221,0,10.4864940643311,6.58691692352295,3.93818187713623,4.62545442581177,5,5,0.789855062961578,0.967391312122345,1,1,69,1.04999995231628,0
12,2006-12-13,52050040,5,Definitivo,SANDONA [52050040],Pluviométrica,Convencional,Activa,Nariño,Sandoná,1.3223,-77.4792,20,9/15/1963,,Cudayari,Pacifico,Patía,Río Guáitara,2006,13,Andes,Definitivo,5,5,0,0.880216658115387,0.880216658115387,12.6059341430664,8.26031494140625,0.560995578765869,3.93818187713623,4.62545442581177,5,5,0.789855062961578,0.967391312122345,1,1,69,1.04999995231628,5.24999976158142
12,2006-12-12,52050040,0,Definitivo,SANDONA [52050040],Pluviométrica,Convencional,Activa,Nariño,Sandoná,1.3223,-77.4792,20,9/15/1963,,Cudayari,Pacifico,Patía,Río Guáitara,2006,12,Andes,Definitivo,0,0,0,4.22103929519653,4.22103929519653,12.6059341430664,6.39021396636963,11.8520784378052,3.93818187713623,4.62545442581177,5,5,0.789855062961578,0.967391312122345,1,1,69,1.04999995231628,0
12,2011-12-25,52050040,,"",SANDONA [52050040],Pluviométrica,Convencional,Activa,Nariño,Sandoná,1.3223,-77.4792,20,9/15/1963,,Cudayari,Pacifico,Patía,Río Guáitara,2011,25,Andes,Preliminar,0,0,0,3.57026839256287,3.57026839256287,0,0.300176739692688,0.867872059345245,3.93818187713623,4.62545442581177,5,5,0.789855062961578,0.967391312122345,1,1,71,1.04999995231628,0
12,2011-12-26,52050040,,"",SANDONA [52050040],Pluviométrica,Convencional,Activa,Nariño,Sandoná,1.3223,-77.4792,20,9/15/1963,,Cudayari,Pacifico,Patía,Río Guáitara,2011,26,Andes,Preliminar,0,0,0,4.85003805160523,4.85003805160523,8.39005184173584,0.413862407207489,0,3.93818187713623,4.62545442581177,5,5,0.789855062961578,0.967391312122345,1,1,72,1.04999995231628,0
12,2012-12-22,52050040,4,Definitivo,SANDONA [52050040],Pluviométrica,Convencional,Activa,Nariño,Sandoná,1.3223,-77.4792,20,9/15/1963,,Cudayari,Pacifico,Patía,Río Guáitara,2012,22,Andes,Definitivo,4,4,0,3.20019960403442,3.20019960403442,0,2.82440781593323,5.17569255828857,3.93818187713623,4.62545442581177,5,5,0.789855062961578,0.967391312122345,1,1,71,1.04999995231628,4.19999980926514
12,2012-12-23,52050040,,"",SANDONA [52050040],Pluviométrica,Convencional,Activa,Nariño,Sandoná,1.3223,-77.4792,20,9/15/1963,,Cudayari,Pacifico,Patía,Río Guáitara,2012,23,Andes,Preliminar,0,0,0,3.03124046325684,3.03124046325684,0,3.14699029922485,1.95264768600464,3.93818187713623,4.62545442581177,5,5,0.789855062961578,0.967391312122345,1,1,71,1.04999995231628,0
12,2011-12-28,52050040,,"",SANDONA [52050040],Pluviométrica,Convencional,Activa,Nariño,Sandoná,1.3223,-77.4792,20,9/15/1963,,Cudayari,Pacifico,Patía,Río Guáitara,2011,28,Andes,Preliminar,0,0,0,3.22418308258057,3.22418308258057,0,0.374488919973373,0,3.93818187713623,4.62545442581177,5,5,0.789855062961578,0.967391312122345,1,1,72,1.04999995231628,0
12,2011-12-29,52050040,3,Definitivo,SANDONA [52050040],Pluviométrica,Convencional,Activa,Nariño,Sandoná,1.3223,-77.4792,20,9/15/1963,,Cudayari,Pacifico,Patía,Río Guáitara,2011,29,Andes,Definitivo,3,3,0,4.45825862884522,4.45825862884522,0,0.641755402088165,3.97428226470947,3.93818187713623,4.62545442581177,5,5,0.789855062961578,0.967391312122345,1,1,72,1.04999995231628,3.14999985694885
12,2011-12-30,52050040,,"",SANDONA [52050040],Pluviométrica,Convencional,Activa,Nariño,Sandoná,1.3223,-77.4792,20,9/15/1963,,Cudayari,Pacifico,Patía,Río Guáitara,2011,30,Andes,Preliminar,0,0,0,4.34731960296631,4.34731960296631,0,1.32426202297211,0,3.93818187713623,4.62545442581177,5,5,0.789855062961578,0.967391312122345,1,1,72,1.04999995231628,0
12,2011-12-31,52050040,,"",SANDONA [52050040],Pluviométrica,Convencional,Activa,Nariño,Sandoná,1.3223,-77.4792,20,9/15/1963,,Cudayari,Pacifico,Patía,Río Guáitara,2011,31,Andes,Preliminar,0,0,0,3.50058794021606,3.50058794021606,0,0.731403768062592,0,3.93818187713623,4.62545442581177,5,5,0.789855062961578,0.967391312122345,1,1,72,1.04999995231628,0
12,2014-12-09,52050040,11,Definitivo,SANDONA [52050040],Pluviométrica,Convencional,Activa,Nariño,Sandoná,1.3223,-77.4792,20,9/15/1963,,Cudayari,Pacifico,Patía,Río Guáitara,2014,09,Andes,Definitivo,11,11,0,15.1825704574585,15.1825704574585,22.9777183532715,9.51461887359619,36.5505332946777,3.93818187713623,4.62545442581177,5,5,0.789855062961578,0.967391312122345,1,1,68,1.04999995231628,11.5499994754791
12,2014-12-10,52050040,2,Definitivo,SANDONA [52050040],Pluviométrica,Convencional,Activa,Nariño,Sandoná,1.3223,-77.4792,20,9/15/1963,,Cudayari,Pacifico,Patía,Río Guáitara,2014,10,Andes,Definitivo,2,2,0,3.94922971725464,3.94922971725464,0,11.8170013427734,6.73692989349365,3.93818187713623,4.62545442581177,5,5,0.789855062961578,0.967391312122345,1,1,68,1.04999995231628,2.09999990463257
12,2014-12-11,52050040,8,Definitivo,SANDONA [52050040],Pluviométrica,Convencional,Activa,Nariño,Sandoná,1.3223,-77.4792,20,9/15/1963,,Cudayari,Pacifico,Patía,Río Guáitara,2014,11,Andes,Definitivo,8,8,0,12.0346059799194,12.0346059799194,0,12.8108520507813,4.21594667434692,3.93818187713623,4.62545442581177,5,5,0.789855062961578,0.967391312122345,1,1,69,1.04999995231628,8.39999961853027
12,2013-12-15,52050040,,"",SANDONA [52050040],Pluviométrica,Convencional,Activa,Nariño,Sandoná,1.3223,-77.4792,20,9/15/1963,,Cudayari,Pacifico,Patía,Río Guáitara,2013,15,Andes,Preliminar,0,0,0,2.32065296173096,2.32065296173096,0,0.879020035266876,0,3.93818187713623,4.62545442581177,5,5,0.789855062961578,0.967391312122345,1,1,69,1.04999995231628,0
12,2013-12-16,52050040,3,Definitivo,SANDONA [52050040],Pluviométrica,Convencional,Activa,Nariño,Sandoná,1.3223,-77.4792,20,9/15/1963,,Cudayari,Pacifico,Patía,Río Guáitara,2013,16,Andes,Definitivo,3,3,0,1.42430865764618,1.42430865764618,0,4.13802528381348,1.3686865568161,3.93818187713623,4.62545442581177,5,5,0.789855062961578,0.967391312122345,1,1,70,1.04999995231628,3.14999985694885
12,2004-12-12,52050040,,"",SANDONA [52050040],Pluviométrica,Convencional,Activa,Nariño,Sandoná,1.3223,-77.4792,20,9/15/1963,,Cudayari,Pacifico,Patía,Río Guáitara,2004,12,Andes,Preliminar,0,0,0,8.04094505310059,8.04094505310059,0,13.065803527832,0.0217756256461144,3.93818187713623,4.62545442581177,5,5,0.789855062961578,0.967391312122345,1,1,69,1.04999995231628,0
12,2002-12-11,52050040,,"",SANDONA [52050040],Pluviométrica,Convencional,Activa,Nariño,Sandoná,1.3223,-77.4792,20,9/15/1963,,Cudayari,Pacifico,Patía,Río Guáitara,2002,11,Andes,Preliminar,0,0,0,0.683592259883881,0.683592259883881,0,3.85544157028198,0.00208218721672893,3.93818187713623,4.62545442581177,5,5,0.789855062961578,0.967391312122345,1,1,69,1.04999995231628,0
12,2001-12-31,52050040,3,Definitivo,SANDONA [52050040],Pluviométrica,Convencional,Activa,Nariño,Sandoná,1.3223,-77.4792,20,9/15/1963,,Cudayari,Pacifico,Patía,Río Guáitara,2001,31,Andes,Definitivo,3,3,0,5.35200357437134,5.35200357437134,0,3.87166476249695,0,3.93818187713623,4.62545442581177,5,5,0.789855062961578,0.967391312122345,1,1,72,1.04999995231628,3.14999985694885
12,2002-12-29,52050040,,"",SANDONA [52050040],Pluviométrica,Convencional,Activa,Nariño,Sandoná,1.3223,-77.4792,20,9/15/1963,,Cudayari,Pacifico,Patía,Río Guáitara,2002,29,Andes,Preliminar,0,0,0,5.22388124465942,5.22388124465942,0,1.45076882839203,0,3.93818187713623,4.62545442581177,5,5,0.789855062961578,0.967391312122345,1,1,72,1.04999995231628,0
12,2004-12-23,52050040,,"",SANDONA [52050040],Pluviométrica,Convencional,Activa,Nariño,Sandoná,1.3223,-77.4792,20,9/15/1963,,Cudayari,Pacifico,Patía,Río Guáitara,2004,23,Andes,Preliminar,0,0,0,7.31802797317505,7.31802797317505,0,1.34509646892548,0.657079160213471,3.93818187713623,4.62545442581177,5,5,0.789855062961578,0.967391312122345,1,1,71,1.04999995231628,0
12,2005-12-21,52050040,17,Definitivo,SANDONA [52050040],Pluviométrica,Convencional,Activa,Nariño,Sandoná,1.3223,-77.4792,20,9/15/1963,,Cudayari,Pacifico,Patía,Río Guáitara,2005,21,Andes,Definitivo,17,17,0,13.4617767333984,13.4617767333984,0,1.11725223064423,1.01415801048279,3.93818187713623,4.62545442581177,5,5,0.789855062961578,0.967391312122345,1,1,71,1.04999995231628,17.8499991893768
12,2005-12-20,52050040,26,Definitivo,SANDONA [52050040],Pluviométrica,Convencional,Activa,Nariño,Sandoná,1.3223,-77.4792,20,9/15/1963,,Cudayari,Pacifico,Patía,Río Guáitara,2005,20,Andes,Definitivo,26,26,0,3.38448834419251,3.38448834419251,0,8.13328075408936,41.4514541625977,3.93818187713623,4.62545442581177,5,5,0.789855062961578,0.967391312122345,1,1,70,1.04999995231628,27.2999987602234
12,2006-12-18,52050040,21,Definitivo,SANDONA [52050040],Pluviométrica,Convencional,Activa,Nariño,Sandoná,1.3223,-77.4792,20,9/15/1963,,Cudayari,Pacifico,Patía,Río Guáitara,2006,18,Andes,Definitivo,21,21,0,5.70218658447266,5.70218658447266,25.7987384796143,17.0611114501953,3.75498199462891,3.93818187713623,4.62545442581177,5,5,0.789855062961578,0.967391312122345,1,1,70,1.04999995231628,22.049998998642
12,2007-12-16,52050040,8,Definitivo,SANDONA [52050040],Pluviométrica,Convencional,Activa,Nariño,Sandoná,1.3223,-77.4792,20,9/15/1963,,Cudayari,Pacifico,Patía,Río Guáitara,2007,16,Andes,Definitivo,8,8,0,6.8704776763916,6.8704776763916,0,6.96793794631958,15.8389492034912,3.93818187713623,4.62545442581177,5,5,0.789855062961578,0.967391312122345,1,1,70,1.04999995231628,8.39999961853027
12,2006-12-17,52050040,,"",SANDONA [52050040],Pluviométrica,Convencional,Activa,Nariño,Sandoná,1.3223,-77.4792,20,9/15/1963,,Cudayari,Pacifico,Patía,Río Guáitara,2006,17,Andes,Preliminar,0,0,0,4.43184995651245,4.43184995651245,0,10.0945129394531,0,3.93818187713623,4.62545442581177,5,5,0.789855062961578,0.967391312122345,1,1,70,1.04999995231628,0
12,2007-12-15,52050040,22,Definitivo,SANDONA [52050040],Pluviométrica,Convencional,Activa,Nariño,Sandoná,1.3223,-77.4792,20,9/15/1963,,Cudayari,Pacifico,Patía,Río Guáitara,2007,15,Andes,Definitivo,22,22,0,18.0932693481445,18.0932693481445,0,23.6442699432373,25.8377532958984,3.93818187713623,4.62545442581177,5,5,0.789855062961578,0.967391312122345,1,1,69,1.04999995231628,23.0999989509583
12,2004-12-16,52050040,8,Definitivo,SANDONA [52050040],Pluviométrica,Convencional,Activa,Nariño,Sandoná,1.3223,-77.4792,20,9/15/1963,,Cudayari,Pacifico,Patía,Río Guáitara,2004,16,Andes,Definitivo,8,8,0,5.23521900177002,5.23521900177002,0,1.26560175418854,0.196209266781807,3.93818187713623,4.62545442581177,5,5,0.789855062961578,0.967391312122345,1,1,70,1.04999995231628,8.39999961853027
12,2002-12-17,52050040,4,Definitivo,SANDONA [52050040],Pluviométrica,Convencional,Activa,Nariño,Sandoná,1.3223,-77.4792,20,9/15/1963,,Cudayari,Pacifico,Patía,Río Guáitara,2002,17,Andes,Definitivo,4,4,0,11.6402997970581,11.6402997970581,0,10.6921825408936,2.1004855632782,3.93818187713623,4.62545442581177,5,5,0.789855062961578,0.967391312122345,1,1,70,1.04999995231628,4.19999980926514
12,2013-12-17,52050040,12,Definitivo,SANDONA [52050040],Pluviométrica,Convencional,Activa,Nariño,Sandoná,1.3223,-77.4792,20,9/15/1963,,Cudayari,Pacifico,Patía,Río Guáitara,2013,17,Andes,Definitivo,12,12,0,4.31261014938355,4.31261014938355,0,7.9144811630249,28.2325172424316,3.93818187713623,4.62545442581177,5,5,0.789855062961578,0.967391312122345,1,1,70,1.04999995231628,12.5999994277954
12,2012-12-21,52050040,6,Definitivo,SANDONA [52050040],Pluviométrica,Convencional,Activa,Nariño,Sandoná,1.3223,-77.4792,20,9/15/1963,,Cudayari,Pacifico,Patía,Río Guáitara,2012,21,Andes,Definitivo,6,6,0,7.89679384231567,7.89679384231567,0,3.16842365264893,7.04207897186279,3.93818187713623,4.62545442581177,5,5,0.789855062961578,0.967391312122345,1,1,71,1.04999995231628,6.29999971389771
12,2006-12-09,52050040,10,Definitivo,SANDONA [52050040],Pluviométrica,Convencional,Activa,Nariño,Sandoná,1.3223,-77.4792,20,9/15/1963,,Cudayari,Pacifico,Patía,Río Guáitara,2006,09,Andes,Definitivo,10,10,0,4.93488740921021,4.93488740921021,0,7.17905187606812,3.21677184104919,3.93818187713623,4.62545442581177,5,5,0.789855062961578,0.967391312122345,1,1,68,1.04999995231628,10.4999995231628
12,2003-12-09,52050040,,"",SANDONA [52050040],Pluviométrica,Convencional,Activa,Nariño,Sandoná,1.3223,-77.4792,20,9/15/1963,,Cudayari,Pacifico,Patía,Río Guáitara,2003,09,Andes,Preliminar,0,0,0,0.572369754314423,0.572369754314423,0,2.27649140357971,0.0252645127475262,3.93818187713623,4.62545442581177,5,5,0.789855062961578,0.967391312122345,1,1,68,1.04999995231628,0
12,2002-12-08,52050040,0,Definitivo,SANDONA [52050040],Pluviométrica,Convencional,Activa,Nariño,Sandoná,1.3223,-77.4792,20,9/15/1963,,Cudayari,Pacifico,Patía,Río Guáitara,2002,08,Andes,Definitivo,0,0,0,6.8325514793396,6.8325514793396,31.0550022125244,0.898205935955048,1.57086646556854,3.93818187713623,4.62545442581177,5,5,0.789855062961578,0.967391312122345,1,1,68,1.04999995231628,0
12,2007-12-07,52050040,5,Definitivo,SANDONA [52050040],Pluviométrica,Convencional,Activa,Nariño,Sandoná,1.3223,-77.4792,20,9/15/1963,,Cudayari,Pacifico,Patía,Río Guáitara,2007,07,Andes,Definitivo,5,5,0,2.70320701599121,2.70320701599121,0,3.64023923873901,5.72419309616089,3.93818187713623,4.62545442581177,5,5,0.789855062961578,0.967391312122345,1,1,68,1.04999995231628,5.24999976158142
12,2007-12-08,52050040,3,Definitivo,SANDONA [52050040],Pluviométrica,Convencional,Activa,Nariño,Sandoná,1.3223,-77.4792,20,9/15/1963,,Cudayari,Pacifico,Patía,Río Guáitara,2007,08,Andes,Definitivo,3,3,0,0.126911133527756,0.126911133527756,0,0.870816051959992,0,3.93818187713623,4.62545442581177,5,5,0.789855062961578,0.967391312122345,1,1,68,1.04999995231628,3.14999985694885
12,2007-12-09,52050040,2,Definitivo,SANDONA [52050040],Pluviométrica,Convencional,Activa,Nariño,Sandoná,1.3223,-77.4792,20,9/15/1963,,Cudayari,Pacifico,Patía,Río Guáitara,2007,09,Andes,Definitivo,2,2,0,1.37063992023468,1.37063992023468,0,1.45849287509918,2.08539390563965,3.93818187713623,4.62545442581177,5,5,0.789855062961578,0.967391312122345,1,1,68,1.04999995231628,2.09999990463257
12,2012-12-07,52050040,5,Definitivo,SANDONA [52050040],Pluviométrica,Convencional,Activa,Nariño,Sandoná,1.3223,-77.4792,20,9/15/1963,,Cudayari,Pacifico,Patía,Río Guáitara,2012,07,Andes,Definitivo,5,5,0,5.16195058822632,5.16195058822632,0,0.496715694665909,0.00443967524915934,3.93818187713623,4.62545442581177,5,5,0.789855062961578,0.967391312122345,1,1,68,1.04999995231628,5.24999976158142
12,2012-12-08,52050040,,"",SANDONA [52050040],Pluviométrica,Convencional,Activa,Nariño,Sandoná,1.3223,-77.4792,20,9/15/1963,,Cudayari,Pacifico,Patía,Río Guáitara,2012,08,Andes,Preliminar,0,0,0,3.1591067314148,3.1591067314148,0,0.352216899394989,0.750305116176605,3.93818187713623,4.62545442581177,5,5,0.789855062961578,0.967391312122345,1,1,68,1.04999995231628,0
12,2015-12-07,52050040,,"",SANDONA [52050040],Pluviométrica,Convencional,Activa,Nariño,Sandoná,1.3223,-77.4792,20,9/15/1963,,Cudayari,Pacifico,Patía,Río Guáitara,2015,07,Andes,Preliminar,,,1,2.83820509910584,2.83820509910584,18.4280281066895,1.19935691356659,0.142230615019798,3.93818187713623,4.62545442581177,5,5,0.789855062961578,0.967391312122345,1,1,68,1.04999995231628,
12,2015-12-08,52050040,,"",SANDONA [52050040],Pluviométrica,Convencional,Activa,Nariño,Sandoná,1.3223,-77.4792,20,9/15/1963,,Cudayari,Pacifico,Patía,Río Guáitara,2015,08,Andes,Preliminar,,,1,5.68347024917603,5.68347024917603,0,0.47455221414566,0,3.93818187713623,4.62545442581177,5,5,0.789855062961578,0.967391312122345,1,1,68,1.04999995231628,
12,2014-12-12,52050040,24,Definitivo,SANDONA [52050040],Pluviométrica,Convencional,Activa,Nariño,Sandoná,1.3223,-77.4792,20,9/15/1963,,Cudayari,Pacifico,Patía,Río Guáitara,2014,12,Andes,Definitivo,24,24,0,11.5263147354126,11.5263147354126,54.4898872375488,2.44510293006897,17.9636001586914,3.93818187713623,4.62545442581177,5,5,0.789855062961578,0.967391312122345,1,1,69,1.04999995231628,25.1999988555908
12,2002-12-16,52050040,5,Definitivo,SANDONA [52050040],Pluviométrica,Convencional,Activa,Nariño,Sandoná,1.3223,-77.4792,20,9/15/1963,,Cudayari,Pacifico,Patía,Río Guáitara,2002,16,Andes,Definitivo,5,5,0,10.3398265838623,10.3398265838623,29.6934471130371,11.4744281768799,5.45613813400269,3.93818187713623,4.62545442581177,5,5,0.789855062961578,0.967391312122345,1,1,70,1.04999995231628,5.24999976158142
12,2017-12-31,52050040,0,Definitivo,SANDONA [52050040],Pluviométrica,Convencional,Activa,Nariño,Sandoná,1.3223,-77.4792,20,9/15/1963,,Cudayari,Pacifico,Patía,Río Guáitara,2017,31,Andes,Definitivo,0,0,0,7.60630607604981,7.60630607604981,0,11.0319204330444,9.09011936187744,3.93818187713623,4.62545442581177,5,5,0.789855062961578,0.967391312122345,1,1,72,1.04999995231628,0
12,2013-12-18,52050040,0,Definitivo,SANDONA [52050040],Pluviométrica,Convencional,Activa,Nariño,Sandoná,1.3223,-77.4792,20,9/15/1963,,Cudayari,Pacifico,Patía,Río Guáitara,2013,18,Andes,Definitivo,0,0,0,11.4393978118897,11.4393978118897,0,18.8501434326172,10.4664268493652,3.93818187713623,4.62545442581177,5,5,0.789855062961578,0.967391312122345,1,1,70,1.04999995231628,0
12,2013-12-19,52050040,,"",SANDONA [52050040],Pluviométrica,Convencional,Activa,Nariño,Sandoná,1.3223,-77.4792,20,9/15/1963,,Cudayari,Pacifico,Patía,Río Guáitara,2013,19,Andes,Preliminar,0,0,0,4.6683783531189,4.6683783531189,106.606269836426,11.8026208877563,7.4204273223877,3.93818187713623,4.62545442581177,5,5,0.789855062961578,0.967391312122345,1,1,70,1.04999995231628,0
12,2013-12-20,52050040,,"",SANDONA [52050040],Pluviométrica,Convencional,Activa,Nariño,Sandoná,1.3223,-77.4792,20,9/15/1963,,Cudayari,Pacifico,Patía,Río Guáitara,2013,20,Andes,Preliminar,0,0,0,4.74764633178711,4.74764633178711,0,4.78278207778931,0,3.93818187713623,4.62545442581177,5,5,0.789855062961578,0.967391312122345,1,1,70,1.04999995231628,0
12,2012-12-24,52050040,1,Definitivo,SANDONA [52050040],Pluviométrica,Convencional,Activa,Nariño,Sandoná,1.3223,-77.4792,20,9/15/1963,,Cudayari,Pacifico,Patía,Río Guáitara,2012,24,Andes,Definitivo,1,1,0,8.47976207733154,8.47976207733154,0,2.80505633354187,0.235258728265762,3.93818187713623,4.62545442581177,5,5,0.789855062961578,0.967391312122345,1,1,71,1.04999995231628,1.04999995231628
12,2012-12-25,52050040,2,Definitivo,SANDONA [52050040],Pluviométrica,Convencional,Activa,Nariño,Sandoná,1.3223,-77.4792,20,9/15/1963,,Cudayari,Pacifico,Patía,Río Guáitara,2012,25,Andes,Definitivo,2,2,0,4.74127388000488,4.74127388000488,0,5.91910362243652,3.45830345153809,3.93818187713623,4.62545442581177,5,5,0.789855062961578,0.967391312122345,1,1,71,1.04999995231628,2.09999990463257
12,2012-12-26,52050040,8,Definitivo,SANDONA [52050040],Pluviométrica,Convencional,Activa,Nariño,Sandoná,1.3223,-77.4792,20,9/15/1963,,Cudayari,Pacifico,Patía,Río Guáitara,2012,26,Andes,Definitivo,8,8,0,9.17308712005615,9.17308712005615,0,0.989593088626862,0.118847981095314,3.93818187713623,4.62545442581177,5,5,0.789855062961578,0.967391312122345,1,1,72,1.04999995231628,8.39999961853027
12,2012-12-27,52050040,,"",SANDONA [52050040],Pluviométrica,Convencional,Activa,Nariño,Sandoná,1.3223,-77.4792,20,9/15/1963,,Cudayari,Pacifico,Patía,Río Guáitara,2012,27,Andes,Preliminar,0,0,0,4.32061529159546,4.32061529159546,0,1.30325472354889,2.07883286476135,3.93818187713623,4.62545442581177,5,5,0.789855062961578,0.967391312122345,1,1,72,1.04999995231628,0
12,2012-12-28,52050040,,"",SANDONA [52050040],Pluviométrica,Convencional,Activa,Nariño,Sandoná,1.3223,-77.4792,20,9/15/1963,,Cudayari,Pacifico,Patía,Río Guáitara,2012,28,Andes,Preliminar,0,0,0,2.64326190948486,2.64326190948486,0,0.207601085305214,0.0463305748999119,3.93818187713623,4.62545442581177,5,5,0.789855062961578,0.967391312122345,1,1,72,1.04999995231628,0
12,2012-12-29,52050040,,"",SANDONA [52050040],Pluviométrica,Convencional,Activa,Nariño,Sandoná,1.3223,-77.4792,20,9/15/1963,,Cudayari,Pacifico,Patía,Río Guáitara,2012,29,Andes,Preliminar,0,0,0,1.7886039018631,1.7886039018631,0,0.113973587751389,0.0302155874669552,3.93818187713623,4.62545442581177,5,5,0.789855062961578,0.967391312122345,1,1,72,1.04999995231628,0
12,2012-12-30,52050040,2,Definitivo,SANDONA [52050040],Pluviométrica,Convencional,Activa,Nariño,Sandoná,1.3223,-77.4792,20,9/15/1963,,Cudayari,Pacifico,Patía,Río Guáitara,2012,30,Andes,Definitivo,2,2,0,2.79379534721375,2.79379534721375,0,0.392244935035706,1.05351674556732,3.93818187713623,4.62545442581177,5,5,0.789855062961578,0.967391312122345,1,1,72,1.04999995231628,2.09999990463257
12,2012-12-31,52050040,1,Definitivo,SANDONA [52050040],Pluviométrica,Convencional,Activa,Nariño,Sandoná,1.3223,-77.4792,20,9/15/1963,,Cudayari,Pacifico,Patía,Río Guáitara,2012,31,Andes,Definitivo,1,1,0,4.25497817993164,4.25497817993164,0,0.339205414056778,0.0181293524801731,3.93818187713623,4.62545442581177,5,5,0.789855062961578,0.967391312122345,1,1,72,1.04999995231628,1.04999995231628
12,2014-12-13,52050040,10,Definitivo,SANDONA [52050040],Pluviométrica,Convencional,Activa,Nariño,Sandoná,1.3223,-77.4792,20,9/15/1963,,Cudayari,Pacifico,Patía,Río Guáitara,2014,13,Andes,Definitivo,10,10,0,9.73972606658936,9.73972606658936,0,15.4387283325195,23.0336570739746,3.93818187713623,4.62545442581177,5,5,0.789855062961578,0.967391312122345,1,1,69,1.04999995231628,10.4999995231628
12,2014-12-14,52050040,9,Definitivo,SANDONA [52050040],Pluviométrica,Convencional,Activa,Nariño,Sandoná,1.3223,-77.4792,20,9/15/1963,,Cudayari,Pacifico,Patía,Río Guáitara,2014,14,Andes,Definitivo,9,9,0,1.51451551914215,1.51451551914215,0,4.31533336639404,0.288603216409683,3.93818187713623,4.62545442581177,5,5,0.789855062961578,0.967391312122345,1,1,69,1.04999995231628,9.44999957084656
12,2001-12-30,52050040,11,Definitivo,SANDONA [52050040],Pluviométrica,Convencional,Activa,Nariño,Sandoná,1.3223,-77.4792,20,9/15/1963,,Cudayari,Pacifico,Patía,Río Guáitara,2001,30,Andes,Definitivo,11,11,0,7.05729961395264,7.05729961395264,18.7903442382813,8.22408866882324,1.14831304550171,3.93818187713623,4.62545442581177,5,5,0.789855062961578,0.967391312122345,1,1,72,1.04999995231628,11.5499994754791
12,2002-12-28,52050040,,"",SANDONA [52050040],Pluviométrica,Convencional,Activa,Nariño,Sandoná,1.3223,-77.4792,20,9/15/1963,,Cudayari,Pacifico,Patía,Río Guáitara,2002,28,Andes,Preliminar,0,0,0,5.93264961242676,5.93264961242676,0,0.568447947502136,0.669149100780487,3.93818187713623,4.62545442581177,5,5,0.789855062961578,0.967391312122345,1,1,72,1.04999995231628,0
12,2003-12-26,52050040,10,Definitivo,SANDONA [52050040],Pluviométrica,Convencional,Activa,Nariño,Sandoná,1.3223,-77.4792,20,9/15/1963,,Cudayari,Pacifico,Patía,Río Guáitara,2003,26,Andes,Definitivo,10,10,0,10.7824153900146,10.7824153900146,0,5.78834295272827,9.03812217712402,3.93818187713623,4.62545442581177,5,5,0.789855062961578,0.967391312122345,1,1,72,1.04999995231628,10.4999995231628
12,2003-12-25,52050040,10,Definitivo,SANDONA [52050040],Pluviométrica,Convencional,Activa,Nariño,Sandoná,1.3223,-77.4792,20,9/15/1963,,Cudayari,Pacifico,Patía,Río Guáitara,2003,25,Andes,Definitivo,10,10,0,5.01578998565674,5.01578998565674,0,2.10508799552917,4.89433860778809,3.93818187713623,4.62545442581177,5,5,0.789855062961578,0.967391312122345,1,1,71,1.04999995231628,10.4999995231628
12,2004-12-22,52050040,,"",SANDONA [52050040],Pluviométrica,Convencional,Activa,Nariño,Sandoná,1.3223,-77.4792,20,9/15/1963,,Cudayari,Pacifico,Patía,Río Guáitara,2004,22,Andes,Preliminar,0,0,0,7.04488182067871,7.04488182067871,0,0.970177531242371,6.98146677017212,3.93818187713623,4.62545442581177,5,5,0.789855062961578,0.967391312122345,1,1,71,1.04999995231628,0
12,2003-12-24,52050040,,"",SANDONA [52050040],Pluviométrica,Convencional,Activa,Nariño,Sandoná,1.3223,-77.4792,20,9/15/1963,,Cudayari,Pacifico,Patía,Río Guáitara,2003,24,Andes,Preliminar,0,0,0,0.765769362449646,0.765769362449646,0,0.332071304321289,0,3.93818187713623,4.62545442581177,5,5,0.789855062961578,0.967391312122345,1,1,71,1.04999995231628,0
12,2004-12-21,52050040,,"",SANDONA [52050040],Pluviométrica,Convencional,Activa,Nariño,Sandoná,1.3223,-77.4792,20,9/15/1963,,Cudayari,Pacifico,Patía,Río Guáitara,2004,21,Andes,Preliminar,0,0,0,7.95536804199219,7.95536804199219,23.5112781524658,1.863685131073,4.64062118530273,3.93818187713623,4.62545442581177,5,5,0.789855062961578,0.967391312122345,1,1,71,1.04999995231628,0
12,2005-12-19,52050040,3,Definitivo,SANDONA [52050040],Pluviométrica,Convencional,Activa,Nariño,Sandoná,1.3223,-77.4792,20,9/15/1963,,Cudayari,Pacifico,Patía,Río Guáitara,2005,19,Andes,Definitivo,3,3,0,0.925516843795776,0.925516843795776,0,8.58736610412598,3.31696653366089,3.93818187713623,4.62545442581177,5,5,0.789855062961578,0.967391312122345,1,1,70,1.04999995231628,3.14999985694885
12,2005-12-18,52050040,10,Definitivo,SANDONA [52050040],Pluviométrica,Convencional,Activa,Nariño,Sandoná,1.3223,-77.4792,20,9/15/1963,,Cudayari,Pacifico,Patía,Río Guáitara,2005,18,Andes,Definitivo,10,10,0,7.53116798400879,7.53116798400879,0,12.3532609939575,1.36080682277679,3.93818187713623,4.62545442581177,5,5,0.789855062961578,0.967391312122345,1,1,70,1.04999995231628,10.4999995231628
12,2006-12-16,52050040,,"",SANDONA [52050040],Pluviométrica,Convencional,Activa,Nariño,Sandoná,1.3223,-77.4792,20,9/15/1963,,Cudayari,Pacifico,Patía,Río Guáitara,2006,16,Andes,Preliminar,0,0,0,4.77570056915283,4.77570056915283,0,7.70353364944458,0.024435892701149,3.93818187713623,4.62545442581177,5,5,0.789855062961578,0.967391312122345,1,1,70,1.04999995231628,0
12,2006-12-15,52050040,5,Definitivo,SANDONA [52050040],Pluviométrica,Convencional,Activa,Nariño,Sandoná,1.3223,-77.4792,20,9/15/1963,,Cudayari,Pacifico,Patía,Río Guáitara,2006,15,Andes,Definitivo,5,5,0,24.1259384155273,24.1259384155273,25.2118682861328,6.46001768112183,29.8834781646729,3.93818187713623,4.62545442581177,5,5,0.789855062961578,0.967391312122345,1,1,69,1.04999995231628,5.24999976158142
12,2004-12-15,52050040,5,Definitivo,SANDONA [52050040],Pluviométrica,Convencional,Activa,Nariño,Sandoná,1.3223,-77.4792,20,9/15/1963,,Cudayari,Pacifico,Patía,Río Guáitara,2004,15,Andes,Definitivo,5,5,0,9.56716918945312,9.56716918945312,31.4121799468994,12.2616119384766,15.4207696914673,3.93818187713623,4.62545442581177,5,5,0.789855062961578,0.967391312122345,1,1,69,1.04999995231628,5.24999976158142
12,2017-12-30,52050040,15,Definitivo,SANDONA [52050040],Pluviométrica,Convencional,Activa,Nariño,Sandoná,1.3223,-77.4792,20,9/15/1963,,Cudayari,Pacifico,Patía,Río Guáitara,2017,30,Andes,Definitivo,15,15,0,8.87081336975098,8.87081336975098,0,4.61300563812256,8.1360387802124,3.93818187713623,4.62545442581177,5,5,0.789855062961578,0.967391312122345,1,1,72,1.04999995231628,15.7499992847443
12,2003-12-14,52050040,15,Definitivo,SANDONA [52050040],Pluviométrica,Convencional,Activa,Nariño,Sandoná,1.3223,-77.4792,20,9/15/1963,,Cudayari,Pacifico,Patía,Río Guáitara,2003,14,Andes,Definitivo,15,15,0,7.37730216979981,7.37730216979981,0,10.0828409194946,3.04302477836609,3.93818187713623,4.62545442581177,5,5,0.789855062961578,0.967391312122345,1,1,69,1.04999995231628,15.7499992847443
12,2002-12-13,52050040,,"",SANDONA [52050040],Pluviométrica,Convencional,Activa,Nariño,Sandoná,1.3223,-77.4792,20,9/15/1963,,Cudayari,Pacifico,Patía,Río Guáitara,2002,13,Andes,Preliminar,0,0,0,1.2014651298523,1.2014651298523,15.3594627380371,2.12756752967834,3.81248497962952,3.93818187713623,4.62545442581177,5,5,0.789855062961578,0.967391312122345,1,1,69,1.04999995231628,0
12,2004-12-09,52050040,,"",SANDONA [52050040],Pluviométrica,Convencional,Activa,Nariño,Sandoná,1.3223,-77.4792,20,9/15/1963,,Cudayari,Pacifico,Patía,Río Guáitara,2004,09,Andes,Preliminar,0,0,0,4.9407172203064,4.9407172203064,0,5.26388645172119,7.44532299041748,3.93818187713623,4.62545442581177,5,5,0.789855062961578,0.967391312122345,1,1,68,1.04999995231628,0
12,2004-12-06,52050040,,"",SANDONA [52050040],Pluviométrica,Convencional,Activa,Nariño,Sandoná,1.3223,-77.4792,20,9/15/1963,,Cudayari,Pacifico,Patía,Río Guáitara,2004,06,Andes,Preliminar,0,0,0,1.96100616455078,1.96100616455078,0,1.28085827827454,1.05095565319061,3.93818187713623,4.62545442581177,5,5,0.789855062961578,0.967391312122345,1,1,68,1.04999995231628,0
12,2005-12-06,52050040,2,Definitivo,SANDONA [52050040],Pluviométrica,Convencional,Activa,Nariño,Sandoná,1.3223,-77.4792,20,9/15/1963,,Cudayari,Pacifico,Patía,Río Guáitara,2005,06,Andes,Definitivo,2,2,0,7.32547998428345,7.32547998428345,0,0.91418045759201,1.19887149333954,3.93818187713623,4.62545442581177,5,5,0.789855062961578,0.967391312122345,1,1,68,1.04999995231628,2.09999990463257
12,2005-12-07,52050040,,"",SANDONA [52050040],Pluviométrica,Convencional,Activa,Nariño,Sandoná,1.3223,-77.4792,20,9/15/1963,,Cudayari,Pacifico,Patía,Río Guáitara,2005,07,Andes,Preliminar,0,0,0,5.17873764038086,5.17873764038086,17.7780094146729,0.423305064439774,1.51077306270599,3.93818187713623,4.62545442581177,5,5,0.789855062961578,0.967391312122345,1,1,68,1.04999995231628,0
12,2005-12-08,52050040,,"",SANDONA [52050040],Pluviométrica,Convencional,Activa,Nariño,Sandoná,1.3223,-77.4792,20,9/15/1963,,Cudayari,Pacifico,Patía,Río Guáitara,2005,08,Andes,Preliminar,0,0,0,6.76112985610962,6.76112985610962,0,0.841196537017822,0.01462038513273,3.93818187713623,4.62545442581177,5,5,0.789855062961578,0.967391312122345,1,1,68,1.04999995231628,0
12,2010-12-07,52050040,1,Definitivo,SANDONA [52050040],Pluviométrica,Convencional,Activa,Nariño,Sandoná,1.3223,-77.4792,20,9/15/1963,,Cudayari,Pacifico,Patía,Río Guáitara,2010,07,Andes,Definitivo,1,1,0,5.77797222137451,5.77797222137451,0,3.29958033561707,0.183523818850517,3.93818187713623,4.62545442581177,5,5,0.789855062961578,0.967391312122345,1,1,68,1.04999995231628,1.04999995231628
12,2010-12-08,52050040,4,Definitivo,SANDONA [52050040],Pluviométrica,Convencional,Activa,Nariño,Sandoná,1.3223,-77.4792,20,9/15/1963,,Cudayari,Pacifico,Patía,Río Guáitara,2010,08,Andes,Definitivo,4,4,0,5.26182556152344,5.26182556152344,0,2.7411105632782,9.00490283966065,3.93818187713623,4.62545442581177,5,5,0.789855062961578,0.967391312122345,1,1,68,1.04999995231628,4.19999980926514
12,2013-12-06,52050040,15,Definitivo,SANDONA [52050040],Pluviométrica,Convencional,Activa,Nariño,Sandoná,1.3223,-77.4792,20,9/15/1963,,Cudayari,Pacifico,Patía,Río Guáitara,2013,06,Andes,Definitivo,15,15,0,1.55300188064575,1.55300188064575,0,0.8156378865242,0.292736262083054,3.93818187713623,4.62545442581177,5,5,0.789855062961578,0.967391312122345,1,1,68,1.04999995231628,15.7499992847443
12,2013-12-07,52050040,26,Definitivo,SANDONA [52050040],Pluviométrica,Convencional,Activa,Nariño,Sandoná,1.3223,-77.4792,20,9/15/1963,,Cudayari,Pacifico,Patía,Río Guáitara,2013,07,Andes,Definitivo,26,26,0,3.0554256439209,3.0554256439209,0,1.54346334934235,3.20377111434937,3.93818187713623,4.62545442581177,5,5,0.789855062961578,0.967391312122345,1,1,68,1.04999995231628,27.2999987602234
12,2015-12-09,52050040,,"",SANDONA [52050040],Pluviométrica,Convencional,Activa,Nariño,Sandoná,1.3223,-77.4792,20,9/15/1963,,Cudayari,Pacifico,Patía,Río Guáitara,2015,09,Andes,Preliminar,,,1,4.52424049377441,4.52424049377441,0,0.712633609771729,0,3.93818187713623,4.62545442581177,5,5,0.789855062961578,0.967391312122345,1,1,68,1.04999995231628,
12,2015-12-10,52050040,,"",SANDONA [52050040],Pluviométrica,Convencional,Activa,Nariño,Sandoná,1.3223,-77.4792,20,9/15/1963,,Cudayari,Pacifico,Patía,Río Guáitara,2015,10,Andes,Preliminar,,,1,4.79259252548218,4.79259252548218,0,0.218956559896469,2.95949077606201,3.93818187713623,4.62545442581177,5,5,0.789855062961578,0.967391312122345,1,1,68,1.04999995231628,
12,2015-12-11,52050040,,"",SANDONA [52050040],Pluviométrica,Convencional,Activa,Nariño,Sandoná,1.3223,-77.4792,20,9/15/1963,,Cudayari,Pacifico,Patía,Río Guáitara,2015,11,Andes,Preliminar,,,1,2.22640752792358,2.22640752792358,0,0.25311216711998,0,3.93818187713623,4.62545442581177,5,5,0.789855062961578,0.967391312122345,1,1,69,1.04999995231628,
12,2014-12-15,52050040,,"",SANDONA [52050040],Pluviométrica,Convencional,Activa,Nariño,Sandoná,1.3223,-77.4792,20,9/15/1963,,Cudayari,Pacifico,Patía,Río Guáitara,2014,15,Andes,Preliminar,0,0,0,0.942132174968719,0.942132174968719,0,10.4917888641357,0,3.93818187713623,4.62545442581177,5,5,0.789855062961578,0.967391312122345,1,1,69,1.04999995231628,0
12,2014-12-16,52050040,2,Definitivo,SANDONA [52050040],Pluviométrica,Convencional,Activa,Nariño,Sandoná,1.3223,-77.4792,20,9/15/1963,,Cudayari,Pacifico,Patía,Río Guáitara,2014,16,Andes,Definitivo,2,2,0,5.08455324172974,5.08455324172974,0,1.23447501659393,0,3.93818187713623,4.62545442581177,5,5,0.789855062961578,0.967391312122345,1,1,70,1.04999995231628,2.09999990463257
12,2014-12-17,52050040,1,Definitivo,SANDONA [52050040],Pluviométrica,Convencional,Activa,Nariño,Sandoná,1.3223,-77.4792,20,9/15/1963,,Cudayari,Pacifico,Patía,Río Guáitara,2014,17,Andes,Definitivo,1,1,0,4.27861213684082,4.27861213684082,33.7668685913086,5.11787700653076,1.39076995849609,3.93818187713623,4.62545442581177,5,5,0.789855062961578,0.967391312122345,1,1,70,1.04999995231628,1.04999995231628
12,2013-12-21,52050040,,"",SANDONA [52050040],Pluviométrica,Convencional,Activa,Nariño,Sandoná,1.3223,-77.4792,20,9/15/1963,,Cudayari,Pacifico,Patía,Río Guáitara,2013,21,Andes,Preliminar,0,0,0,4.46744585037231,4.46744585037231,0,1.09303462505341,0,3.93818187713623,4.62545442581177,5,5,0.789855062961578,0.967391312122345,1,1,71,1.04999995231628,0
12,2013-12-22,52050040,,"",SANDONA [52050040],Pluviométrica,Convencional,Activa,Nariño,Sandoná,1.3223,-77.4792,20,9/15/1963,,Cudayari,Pacifico,Patía,Río Guáitara,2013,22,Andes,Preliminar,0,0,0,6.04030561447144,6.04030561447144,0,4.32810068130493,1.42515456676483,3.93818187713623,4.62545442581177,5,5,0.789855062961578,0.967391312122345,1,1,71,1.04999995231628,0
12,2013-12-23,52050040,10,Definitivo,SANDONA [52050040],Pluviométrica,Convencional,Activa,Nariño,Sandoná,1.3223,-77.4792,20,9/15/1963,,Cudayari,Pacifico,Patía,Río Guáitara,2013,23,Andes,Definitivo,10,10,0,6.52674388885498,6.52674388885498,0,6.92693042755127,2.24886775016785,3.93818187713623,4.62545442581177,5,5,0.789855062961578,0.967391312122345,1,1,71,1.04999995231628,10.4999995231628
12,2013-12-24,52050040,,"",SANDONA [52050040],Pluviométrica,Convencional,Activa,Nariño,Sandoná,1.3223,-77.4792,20,9/15/1963,,Cudayari,Pacifico,Patía,Río Guáitara,2013,24,Andes,Preliminar,1,1,0,2.25798153877258,2.25798153877258,0,5.75286483764648,18.4093341827393,3.93818187713623,4.62545442581177,5,5,0.789855062961578,0.967391312122345,1,1,71,1.04999995231628,1.04999995231628
12,2013-12-25,52050040,,"",SANDONA [52050040],Pluviométrica,Convencional,Activa,Nariño,Sandoná,1.3223,-77.4792,20,9/15/1963,,Cudayari,Pacifico,Patía,Río Guáitara,2013,25,Andes,Preliminar,0,0,0,3.11062026023865,3.11062026023865,0,4.30058002471924,0.318153738975525,3.93818187713623,4.62545442581177,5,5,0.789855062961578,0.967391312122345,1,1,71,1.04999995231628,0
12,2013-12-26,52050040,,"",SANDONA [52050040],Pluviométrica,Convencional,Activa,Nariño,Sandoná,1.3223,-77.4792,20,9/15/1963,,Cudayari,Pacifico,Patía,Río Guáitara,2013,26,Andes,Preliminar,0,0,0,9.55869960784912,9.55869960784912,0,1.43098986148834,1.55713748931885,3.93818187713623,4.62545442581177,5,5,0.789855062961578,0.967391312122345,1,1,72,1.04999995231628,0
12,2013-12-27,52050040,,"",SANDONA [52050040],Pluviométrica,Convencional,Activa,Nariño,Sandoná,1.3223,-77.4792,20,9/15/1963,,Cudayari,Pacifico,Patía,Río Guáitara,2013,27,Andes,Preliminar,0,0,0,4.56508350372315,4.56508350372315,0,0.685431063175201,1.55713748931885,3.93818187713623,4.62545442581177,5,5,0.789855062961578,0.967391312122345,1,1,72,1.04999995231628,0
12,2013-12-28,52050040,,"",SANDONA [52050040],Pluviométrica,Convencional,Activa,Nariño,Sandoná,1.3223,-77.4792,20,9/15/1963,,Cudayari,Pacifico,Patía,Río Guáitara,2013,28,Andes,Preliminar,0,0,0,1.79608619213104,1.79608619213104,0,0.220286652445793,1.55713748931885,3.93818187713623,4.62545442581177,5,5,0.789855062961578,0.967391312122345,1,1,72,1.04999995231628,0
12,2013-12-29,52050040,,"",SANDONA [52050040],Pluviométrica,Convencional,Activa,Nariño,Sandoná,1.3223,-77.4792,20,9/15/1963,,Cudayari,Pacifico,Patía,Río Guáitara,2013,29,Andes,Preliminar,0,0,0,2.84604620933533,2.84604620933533,0,1.40219581127167,1.55713748931885,3.93818187713623,4.62545442581177,5,5,0.789855062961578,0.967391312122345,1,1,72,1.04999995231628,0
12,2013-12-30,52050040,,"",SANDONA [52050040],Pluviométrica,Convencional,Activa,Nariño,Sandoná,1.3223,-77.4792,20,9/15/1963,,Cudayari,Pacifico,Patía,Río Guáitara,2013,30,Andes,Preliminar,0,0,0,3.90267872810364,3.90267872810364,0,2.94457530975342,1.55713748931885,3.93818187713623,4.62545442581177,5,5,0.789855062961578,0.967391312122345,1,1,72,1.04999995231628,0
12,2013-12-31,52050040,27,Definitivo,SANDONA [52050040],Pluviométrica,Convencional,Activa,Nariño,Sandoná,1.3223,-77.4792,20,9/15/1963,,Cudayari,Pacifico,Patía,Río Guáitara,2013,31,Andes,Definitivo,27,27,0,5.22574520111084,5.22574520111084,0,2.65934681892395,1.55713748931885,3.93818187713623,4.62545442581177,5,5,0.789855062961578,0.967391312122345,1,1,72,1.04999995231628,28.3499987125397
12,2001-12-29,52050040,26,Definitivo,SANDONA [52050040],Pluviométrica,Convencional,Activa,Nariño,Sandoná,1.3223,-77.4792,20,9/15/1963,,Cudayari,Pacifico,Patía,Río Guáitara,2001,29,Andes,Definitivo,26,26,0,5.18147468566895,5.18147468566895,0,3.41028499603272,4.08879041671753,3.93818187713623,4.62545442581177,5,5,0.789855062961578,0.967391312122345,1,1,72,1.04999995231628,27.2999987602234
12,2002-12-27,52050040,,"",SANDONA [52050040],Pluviométrica,Convencional,Activa,Nariño,Sandoná,1.3223,-77.4792,20,9/15/1963,,Cudayari,Pacifico,Patía,Río Guáitara,2002,27,Andes,Preliminar,0,0,0,5.01387548446655,5.01387548446655,0,0.567150473594666,3.079270362854,3.93818187713623,4.62545442581177,5,5,0.789855062961578,0.967391312122345,1,1,72,1.04999995231628,0
12,2001-12-28,52050040,2,Definitivo,SANDONA [52050040],Pluviométrica,Convencional,Activa,Nariño,Sandoná,1.3223,-77.4792,20,9/15/1963,,Cudayari,Pacifico,Patía,Río Guáitara,2001,28,Andes,Definitivo,2,2,0,4.11894416809082,4.11894416809082,0,1.12255167961121,0.557562410831451,3.93818187713623,4.62545442581177,5,5,0.789855062961578,0.967391312122345,1,1,72,1.04999995231628,2.09999990463257
12,2002-12-26,52050040,,"",SANDONA [52050040],Pluviométrica,Convencional,Activa,Nariño,Sandoná,1.3223,-77.4792,20,9/15/1963,,Cudayari,Pacifico,Patía,Río Guáitara,2002,26,Andes,Preliminar,0,0,0,3.17632961273193,3.17632961273193,0,0.389090448617935,0,3.93818187713623,4.62545442581177,5,5,0.789855062961578,0.967391312122345,1,1,72,1.04999995231628,0
12,2002-12-25,52050040,,"",SANDONA [52050040],Pluviométrica,Convencional,Activa,Nariño,Sandoná,1.3223,-77.4792,20,9/15/1963,,Cudayari,Pacifico,Patía,Río Guáitara,2002,25,Andes,Preliminar,0,0,0,5.39322328567505,5.39322328567505,0,0.728582561016083,0.13274160027504,3.93818187713623,4.62545442581177,5,5,0.789855062961578,0.967391312122345,1,1,71,1.04999995231628,0
12,2003-12-23,52050040,,"",SANDONA [52050040],Pluviométrica,Convencional,Activa,Nariño,Sandoná,1.3223,-77.4792,20,9/15/1963,,Cudayari,Pacifico,Patía,Río Guáitara,2003,23,Andes,Preliminar,0,0,0,1.14865410327911,1.14865410327911,0,0.218548342585564,0.454045057296753,3.93818187713623,4.62545442581177,5,5,0.789855062961578,0.967391312122345,1,1,71,1.04999995231628,0
12,2004-12-20,52050040,2,Definitivo,SANDONA [52050040],Pluviométrica,Convencional,Activa,Nariño,Sandoná,1.3223,-77.4792,20,9/15/1963,,Cudayari,Pacifico,Patía,Río Guáitara,2004,20,Andes,Definitivo,2,2,0,7.98190259933472,7.98190259933472,0,0.820330023765564,0.216940835118294,3.93818187713623,4.62545442581177,5,5,0.789855062961578,0.967391312122345,1,1,70,1.04999995231628,2.09999990463257
12,2004-12-19,52050040,3,Definitivo,SANDONA [52050040],Pluviométrica,Convencional,Activa,Nariño,Sandoná,1.3223,-77.4792,20,9/15/1963,,Cudayari,Pacifico,Patía,Río Guáitara,2004,19,Andes,Definitivo,3,3,0,4.50208187103272,4.50208187103272,0,0.683681011199951,0,3.93818187713623,4.62545442581177,5,5,0.789855062961578,0.967391312122345,1,1,70,1.04999995231628,3.14999985694885
12,2005-12-17,52050040,8,Definitivo,SANDONA [52050040],Pluviométrica,Convencional,Activa,Nariño,Sandoná,1.3223,-77.4792,20,9/15/1963,,Cudayari,Pacifico,Patía,Río Guáitara,2005,17,Andes,Definitivo,8,8,0,8.72889614105225,8.72889614105225,0,7.39242887496948,3.54022407531738,3.93818187713623,4.62545442581177,5,5,0.789855062961578,0.967391312122345,1,1,70,1.04999995231628,8.39999961853027
12,2004-12-18,52050040,0,Definitivo,SANDONA [52050040],Pluviométrica,Convencional,Activa,Nariño,Sandoná,1.3223,-77.4792,20,9/15/1963,,Cudayari,Pacifico,Patía,Río Guáitara,2004,18,Andes,Definitivo,0,0,0,0.650530159473419,0.650530159473419,0,0.273991703987122,3.83311486244202,3.93818187713623,4.62545442581177,5,5,0.789855062961578,0.967391312122345,1,1,70,1.04999995231628,0
12,2002-12-19,52050040,13,Definitivo,SANDONA [52050040],Pluviométrica,Convencional,Activa,Nariño,Sandoná,1.3223,-77.4792,20,9/15/1963,,Cudayari,Pacifico,Patía,Río Guáitara,2002,19,Andes,Definitivo,13,13,0,8.48505401611328,8.48505401611328,14.8467235565186,1.95121240615845,16.7078285217285,3.93818187713623,4.62545442581177,5,5,0.789855062961578,0.967391312122345,1,1,70,1.04999995231628,13.6499993801117
12,2003-12-17,52050040,,"",SANDONA [52050040],Pluviométrica,Convencional,Activa,Nariño,Sandoná,1.3223,-77.4792,20,9/15/1963,,Cudayari,Pacifico,Patía,Río Guáitara,2003,17,Andes,Preliminar,0,0,0,0.858810067176819,0.858810067176819,0,0.211679965257645,0.663415551185608,3.93818187713623,4.62545442581177,5,5,0.789855062961578,0.967391312122345,1,1,70,1.04999995231628,0
12,2018-12-28,52050040,,"",SANDONA [52050040],Pluviométrica,Convencional,Activa,Nariño,Sandoná,1.3223,-77.4792,20,9/15/1963,,Cudayari,Pacifico,Patía,Río Guáitara,2018,28,Andes,Preliminar,0,0,0,3.54791712760925,3.54791712760925,0,0.226219490170479,0.111336387693882,3.93818187713623,4.62545442581177,5,5,0.789855062961578,0.967391312122345,1,1,72,1.04999995231628,0
12,2018-12-29,52050040,,"",SANDONA [52050040],Pluviométrica,Convencional,Activa,Nariño,Sandoná,1.3223,-77.4792,20,9/15/1963,,Cudayari,Pacifico,Patía,Río Guáitara,2018,29,Andes,Preliminar,0,0,0,4.36094856262207,4.36094856262207,0,0.647972106933594,1.18016564846039,3.93818187713623,4.62545442581177,5,5,0.789855062961578,0.967391312122345,1,1,72,1.04999995231628,0
12,2018-12-30,52050040,,"",SANDONA [52050040],Pluviométrica,Convencional,Activa,Nariño,Sandoná,1.3223,-77.4792,20,9/15/1963,,Cudayari,Pacifico,Patía,Río Guáitara,2018,30,Andes,Preliminar,0,0,0,7.92982721328735,7.92982721328735,0,0.352974772453308,0.289474576711655,3.93818187713623,4.62545442581177,5,5,0.789855062961578,0.967391312122345,1,1,72,1.04999995231628,0
12,2018-12-31,52050040,,"",SANDONA [52050040],Pluviométrica,Convencional,Activa,Nariño,Sandoná,1.3223,-77.4792,20,9/15/1963,,Cudayari,Pacifico,Patía,Río Guáitara,2018,31,Andes,Preliminar,0,0,0,4.1064305305481,4.1064305305481,0,0.0479887202382088,0.44534558057785,3.93818187713623,4.62545442581177,5,5,0.789855062961578,0.967391312122345,1,1,72,1.04999995231628,0
12,2003-12-06,52050040,20,Definitivo,SANDONA [52050040],Pluviométrica,Convencional,Activa,Nariño,Sandoná,1.3223,-77.4792,20,9/15/1963,,Cudayari,Pacifico,Patía,Río Guáitara,2003,06,Andes,Definitivo,20,20,0,0.883658587932587,0.883658587932587,0,6.85126256942749,23.4833641052246,3.93818187713623,4.62545442581177,5,5,0.789855062961578,0.967391312122345,1,1,68,1.04999995231628,20.9999990463257
12,2006-12-04,52050040,0,Definitivo,SANDONA [52050040],Pluviométrica,Convencional,Activa,Nariño,Sandoná,1.3223,-77.4792,20,9/15/1963,,Cudayari,Pacifico,Patía,Río Guáitara,2006,04,Andes,Definitivo,0,0,0,4.2877140045166,4.2877140045166,0,2.05761361122131,2.70797467231751,3.93818187713623,4.62545442581177,5,5,0.789855062961578,0.967391312122345,1,1,67,1.04999995231628,0
12,2006-12-05,52050040,5,Definitivo,SANDONA [52050040],Pluviométrica,Convencional,Activa,Nariño,Sandoná,1.3223,-77.4792,20,9/15/1963,,Cudayari,Pacifico,Patía,Río Guáitara,2006,05,Andes,Definitivo,5,5,0,3.28261399269104,3.28261399269104,0,14.1267595291138,6.09144878387451,3.93818187713623,4.62545442581177,5,5,0.789855062961578,0.967391312122345,1,1,67,1.04999995231628,5.24999976158142
12,2008-12-06,52050040,,"",SANDONA [52050040],Pluviométrica,Convencional,Activa,Nariño,Sandoná,1.3223,-77.4792,20,9/15/1963,,Cudayari,Pacifico,Patía,Río Guáitara,2008,06,Andes,Preliminar,0,0,0,11.4773836135864,11.4773836135864,0,2.37873554229736,1.49549233913422,3.93818187713623,4.62545442581177,5,5,0.789855062961578,0.967391312122345,1,1,68,1.04999995231628,0
12,2008-12-07,52050040,5,Definitivo,SANDONA [52050040],Pluviométrica,Convencional,Activa,Nariño,Sandoná,1.3223,-77.4792,20,9/15/1963,,Cudayari,Pacifico,Patía,Río Guáitara,2008,07,Andes,Definitivo,5,5,0,5.23661470413208,5.23661470413208,0,0.793511986732483,3.05345034599304,3.93818187713623,4.62545442581177,5,5,0.789855062961578,0.967391312122345,1,1,68,1.04999995231628,5.24999976158142
12,2008-12-08,52050040,,"",SANDONA [52050040],Pluviométrica,Convencional,Activa,Nariño,Sandoná,1.3223,-77.4792,20,9/15/1963,,Cudayari,Pacifico,Patía,Río Guáitara,2008,08,Andes,Preliminar,0,0,0,3.10630774497986,3.10630774497986,0,1.01052892208099,0.233938604593277,3.93818187713623,4.62545442581177,5,5,0.789855062961578,0.967391312122345,1,1,68,1.04999995231628,0
12,2011-12-07,52050040,18,Definitivo,SANDONA [52050040],Pluviométrica,Convencional,Activa,Nariño,Sandoná,1.3223,-77.4792,20,9/15/1963,,Cudayari,Pacifico,Patía,Río Guáitara,2011,07,Andes,Definitivo,18,18,0,5.08663320541382,5.08663320541382,8.79933643341065,1.35643589496613,2.12131428718567,3.93818187713623,4.62545442581177,5,5,0.789855062961578,0.967391312122345,1,1,68,1.04999995231628,18.8999991416931
12,2013-12-08,52050040,1,Definitivo,SANDONA [52050040],Pluviométrica,Convencional,Activa,Nariño,Sandoná,1.3223,-77.4792,20,9/15/1963,,Cudayari,Pacifico,Patía,Río Guáitara,2013,08,Andes,Definitivo,1,1,0,6.75760459899902,6.75760459899902,0,2.61705183982849,2.10746765136719,3.93818187713623,4.62545442581177,5,5,0.789855062961578,0.967391312122345,1,1,68,1.04999995231628,1.04999995231628
12,2016-12-06,52050040,3,Definitivo,SANDONA [52050040],Pluviométrica,Convencional,Activa,Nariño,Sandoná,1.3223,-77.4792,20,9/15/1963,,Cudayari,Pacifico,Patía,Río Guáitara,2016,06,Andes,Definitivo,3,3,0,3.84330105781555,3.84330105781555,0,0.98433130979538,0.758331894874573,3.93818187713623,4.62545442581177,5,5,0.789855062961578,0.967391312122345,1,1,68,1.04999995231628,3.14999985694885
12,2016-12-07,52050040,35,Definitivo,SANDONA [52050040],Pluviométrica,Convencional,Activa,Nariño,Sandoná,1.3223,-77.4792,20,9/15/1963,,Cudayari,Pacifico,Patía,Río Guáitara,2016,07,Andes,Definitivo,35,35,0,2.27667689323425,2.27667689323425,0,1.27067756652832,1.31564736366272,3.93818187713623,4.62545442581177,5,5,0.789855062961578,0.967391312122345,1,1,68,1.04999995231628,36.7499983310699
12,2015-12-12,52050040,,"",SANDONA [52050040],Pluviométrica,Convencional,Activa,Nariño,Sandoná,1.3223,-77.4792,20,9/15/1963,,Cudayari,Pacifico,Patía,Río Guáitara,2015,12,Andes,Preliminar,,,1,1.34192621707916,1.34192621707916,0,0.0739710107445717,0,3.93818187713623,4.62545442581177,5,5,0.789855062961578,0.967391312122345,1,1,69,1.04999995231628,
12,2015-12-13,52050040,,"",SANDONA [52050040],Pluviométrica,Convencional,Activa,Nariño,Sandoná,1.3223,-77.4792,20,9/15/1963,,Cudayari,Pacifico,Patía,Río Guáitara,2015,13,Andes,Preliminar,,,1,2.55723190307617,2.55723190307617,0,1.15647804737091,0,3.93818187713623,4.62545442581177,5,5,0.789855062961578,0.967391312122345,1,1,69,1.04999995231628,
12,2015-12-14,52050040,,"",SANDONA [52050040],Pluviométrica,Convencional,Activa,Nariño,Sandoná,1.3223,-77.4792,20,9/15/1963,,Cudayari,Pacifico,Patía,Río Guáitara,2015,14,Andes,Preliminar,,,1,5.13069581985474,5.13069581985474,0,4.53564453125,0.145062536001205,3.93818187713623,4.62545442581177,5,5,0.789855062961578,0.967391312122345,1,1,69,1.04999995231628,
12,2014-12-18,52050040,2,Definitivo,SANDONA [52050040],Pluviométrica,Convencional,Activa,Nariño,Sandoná,1.3223,-77.4792,20,9/15/1963,,Cudayari,Pacifico,Patía,Río Guáitara,2014,18,Andes,Definitivo,2,2,0,5.54297637939453,5.54297637939453,0,2.74669480323792,4.86213207244873,3.93818187713623,4.62545442581177,5,5,0.789855062961578,0.967391312122345,1,1,70,1.04999995231628,2.09999990463257
12,2014-12-19,52050040,0,Definitivo,SANDONA [52050040],Pluviométrica,Convencional,Activa,Nariño,Sandoná,1.3223,-77.4792,20,9/15/1963,,Cudayari,Pacifico,Patía,Río Guáitara,2014,19,Andes,Definitivo,0,0,0,2.73078060150147,2.73078060150147,0,4.17774391174316,9.31815814971924,3.93818187713623,4.62545442581177,5,5,0.789855062961578,0.967391312122345,1,1,70,1.04999995231628,0
12,2014-12-20,52050040,2,Definitivo,SANDONA [52050040],Pluviométrica,Convencional,Activa,Nariño,Sandoná,1.3223,-77.4792,20,9/15/1963,,Cudayari,Pacifico,Patía,Río Guáitara,2014,20,Andes,Definitivo,2,2,0,5.85243892669678,5.85243892669678,0,7.5513801574707,5.25711011886597,3.93818187713623,4.62545442581177,5,5,0.789855062961578,0.967391312122345,1,1,70,1.04999995231628,2.09999990463257
12,2014-12-21,52050040,7,Definitivo,SANDONA [52050040],Pluviométrica,Convencional,Activa,Nariño,Sandoná,1.3223,-77.4792,20,9/15/1963,,Cudayari,Pacifico,Patía,Río Guáitara,2014,21,Andes,Definitivo,7,7,0,10.7286405563354,10.7286405563354,0,1.47681295871735,1.98925292491913,3.93818187713623,4.62545442581177,5,5,0.789855062961578,0.967391312122345,1,1,71,1.04999995231628,7.34999966621399
12,2014-12-22,52050040,,"",SANDONA [52050040],Pluviométrica,Convencional,Activa,Nariño,Sandoná,1.3223,-77.4792,20,9/15/1963,,Cudayari,Pacifico,Patía,Río Guáitara,2014,22,Andes,Preliminar,0,0,0,2.46158719062805,2.46158719062805,0,0.155781924724579,0.0369749665260315,3.93818187713623,4.62545442581177,5,5,0.789855062961578,0.967391312122345,1,1,71,1.04999995231628,0
12,2014-12-23,52050040,,"",SANDONA [52050040],Pluviométrica,Convencional,Activa,Nariño,Sandoná,1.3223,-77.4792,20,9/15/1963,,Cudayari,Pacifico,Patía,Río Guáitara,2014,23,Andes,Preliminar,0,0,0,0.436612069606781,0.436612069606781,0,0.0614421293139458,0.00985999032855034,3.93818187713623,4.62545442581177,5,5,0.789855062961578,0.967391312122345,1,1,71,1.04999995231628,0
12,2014-12-24,52050040,,"",SANDONA [52050040],Pluviométrica,Convencional,Activa,Nariño,Sandoná,1.3223,-77.4792,20,9/15/1963,,Cudayari,Pacifico,Patía,Río Guáitara,2014,24,Andes,Preliminar,0,0,0,2.11862921714783,2.11862921714783,0,0.312584221363068,0.0443699583411217,3.93818187713623,4.62545442581177,5,5,0.789855062961578,0.967391312122345,1,1,71,1.04999995231628,0
12,2014-12-25,52050040,14,Definitivo,SANDONA [52050040],Pluviométrica,Convencional,Activa,Nariño,Sandoná,1.3223,-77.4792,20,9/15/1963,,Cudayari,Pacifico,Patía,Río Guáitara,2014,25,Andes,Definitivo,14,14,0,3.41234564781189,3.41234564781189,0,0.995745599269867,0.921909034252167,3.93818187713623,4.62545442581177,5,5,0.789855062961578,0.967391312122345,1,1,71,1.04999995231628,14.699999332428
12,2014-12-26,52050040,,"",SANDONA [52050040],Pluviométrica,Convencional,Activa,Nariño,Sandoná,1.3223,-77.4792,20,9/15/1963,,Cudayari,Pacifico,Patía,Río Guáitara,2014,26,Andes,Preliminar,0,0,0,5.3367862701416,5.3367862701416,0,0.405383408069611,0.113901384174824,3.93818187713623,4.62545442581177,5,5,0.789855062961578,0.967391312122345,1,1,72,1.04999995231628,0
12,2014-12-27,52050040,,"",SANDONA [52050040],Pluviométrica,Convencional,Activa,Nariño,Sandoná,1.3223,-77.4792,20,9/15/1963,,Cudayari,Pacifico,Patía,Río Guáitara,2014,27,Andes,Preliminar,0,0,0,3.80965828895569,3.80965828895569,0,1.2478187084198,0.507044792175293,3.93818187713623,4.62545442581177,5,5,0.789855062961578,0.967391312122345,1,1,72,1.04999995231628,0
12,2014-12-28,52050040,,"",SANDONA [52050040],Pluviométrica,Convencional,Activa,Nariño,Sandoná,1.3223,-77.4792,20,9/15/1963,,Cudayari,Pacifico,Patía,Río Guáitara,2014,28,Andes,Preliminar,0,0,0,4.9974627494812,4.9974627494812,0,0.790287435054779,3.42438936233521,3.93818187713623,4.62545442581177,5,5,0.789855062961578,0.967391312122345,1,1,72,1.04999995231628,0
12,2014-12-29,52050040,,"",SANDONA [52050040],Pluviométrica,Convencional,Activa,Nariño,Sandoná,1.3223,-77.4792,20,9/15/1963,,Cudayari,Pacifico,Patía,Río Guáitara,2014,29,Andes,Preliminar,0,0,0,4.56242227554321,4.56242227554321,0,0.25978422164917,0.209431558847427,3.93818187713623,4.62545442581177,5,5,0.789855062961578,0.967391312122345,1,1,72,1.04999995231628,0
12,2014-12-30,52050040,3,Definitivo,SANDONA [52050040],Pluviométrica,Convencional,Activa,Nariño,Sandoná,1.3223,-77.4792,20,9/15/1963,,Cudayari,Pacifico,Patía,Río Guáitara,2014,30,Andes,Definitivo,3,3,0,5.27768564224243,5.27768564224243,0,1.16850364208221,0.102878667414188,3.93818187713623,4.62545442581177,5,5,0.789855062961578,0.967391312122345,1,1,72,1.04999995231628,3.14999985694885
12,2014-12-31,52050040,1,Definitivo,SANDONA [52050040],Pluviométrica,Convencional,Activa,Nariño,Sandoná,1.3223,-77.4792,20,9/15/1963,,Cudayari,Pacifico,Patía,Río Guáitara,2014,31,Andes,Definitivo,1,1,0,3.91032481193543,3.91032481193543,0,0.485867917537689,0,3.93818187713623,4.62545442581177,5,5,0.789855062961578,0.967391312122345,1,1,72,1.04999995231628,1.04999995231628
12,2001-12-27,52050040,17,Definitivo,SANDONA [52050040],Pluviométrica,Convencional,Activa,Nariño,Sandoná,1.3223,-77.4792,20,9/15/1963,,Cudayari,Pacifico,Patía,Río Guáitara,2001,27,Andes,Definitivo,17,17,0,4.17141485214233,4.17141485214233,18.7903442382813,3.30127477645874,11.4167528152466,3.93818187713623,4.62545442581177,5,5,0.789855062961578,0.967391312122345,1,1,72,1.04999995231628,17.8499991893768
12,2001-12-26,52050040,9,Definitivo,SANDONA [52050040],Pluviométrica,Convencional,Activa,Nariño,Sandoná,1.3223,-77.4792,20,9/15/1963,,Cudayari,Pacifico,Patía,Río Guáitara,2001,26,Andes,Definitivo,9,9,0,6.571946144104,6.571946144104,18.7903442382813,20.5199565887451,23.2384033203125,3.93818187713623,4.62545442581177,5,5,0.789855062961578,0.967391312122345,1,1,72,1.04999995231628,9.44999957084656
12,2002-12-24,52050040,,"",SANDONA [52050040],Pluviométrica,Convencional,Activa,Nariño,Sandoná,1.3223,-77.4792,20,9/15/1963,,Cudayari,Pacifico,Patía,Río Guáitara,2002,24,Andes,Preliminar,0,0,0,0.778403341770172,0.778403341770172,9.5443868637085,0.644719898700714,1.64030694961548,3.93818187713623,4.62545442581177,5,5,0.789855062961578,0.967391312122345,1,1,71,1.04999995231628,0
12,2003-12-22,52050040,,"",SANDONA [52050040],Pluviométrica,Convencional,Activa,Nariño,Sandoná,1.3223,-77.4792,20,9/15/1963,,Cudayari,Pacifico,Patía,Río Guáitara,2003,22,Andes,Preliminar,0,0,0,0.344596236944199,0.344596236944199,0,2.35748410224915,0.661036133766174,3.93818187713623,4.62545442581177,5,5,0.789855062961578,0.967391312122345,1,1,71,1.04999995231628,0
12,2002-12-23,52050040,,"",SANDONA [52050040],Pluviométrica,Convencional,Activa,Nariño,Sandoná,1.3223,-77.4792,20,9/15/1963,,Cudayari,Pacifico,Patía,Río Guáitara,2002,23,Andes,Preliminar,0,0,0,2.1684091091156,2.1684091091156,0,0.479459553956986,0,3.93818187713623,4.62545442581177,5,5,0.789855062961578,0.967391312122345,1,1,71,1.04999995231628,0
12,2003-12-21,52050040,,"",SANDONA [52050040],Pluviométrica,Convencional,Activa,Nariño,Sandoná,1.3223,-77.4792,20,9/15/1963,,Cudayari,Pacifico,Patía,Río Guáitara,2003,21,Andes,Preliminar,0,0,0,5.70498180389404,5.70498180389404,0,1.11641669273376,0.120188400149345,3.93818187713623,4.62545442581177,5,5,0.789855062961578,0.967391312122345,1,1,71,1.04999995231628,0
12,2016-12-31,52050040,2,Definitivo,SANDONA [52050040],Pluviométrica,Convencional,Activa,Nariño,Sandoná,1.3223,-77.4792,20,9/15/1963,,Cudayari,Pacifico,Patía,Río Guáitara,2016,31,Andes,Definitivo,2,2,0,11.596752166748,11.596752166748,0,6.02037715911865,2.47809767723084,3.93818187713623,4.62545442581177,5,5,0.789855062961578,0.967391312122345,1,1,72,1.04999995231628,2.09999990463257
12,2017-12-29,52050040,6,Definitivo,SANDONA [52050040],Pluviométrica,Convencional,Activa,Nariño,Sandoná,1.3223,-77.4792,20,9/15/1963,,Cudayari,Pacifico,Patía,Río Guáitara,2017,29,Andes,Definitivo,6,6,0,4.78966569900513,4.78966569900513,0,7.86892127990723,17.3172512054443,3.93818187713623,4.62545442581177,5,5,0.789855062961578,0.967391312122345,1,1,72,1.04999995231628,6.29999971389771
12,2018-12-27,52050040,,"",SANDONA [52050040],Pluviométrica,Convencional,Activa,Nariño,Sandoná,1.3223,-77.4792,20,9/15/1963,,Cudayari,Pacifico,Patía,Río Guáitara,2018,27,Andes,Preliminar,0,0,0,4.09312295913696,4.09312295913696,0,0.483491331338882,0,3.93818187713623,4.62545442581177,5,5,0.789855062961578,0.967391312122345,1,1,72,1.04999995231628,0
12,2004-12-14,52050040,12,Definitivo,SANDONA [52050040],Pluviométrica,Convencional,Activa,Nariño,Sandoná,1.3223,-77.4792,20,9/15/1963,,Cudayari,Pacifico,Patía,Río Guáitara,2004,14,Andes,Definitivo,12,12,0,6.76909017562866,6.76909017562866,31.4121799468994,4.84297323226929,14.2557744979858,3.93818187713623,4.62545442581177,5,5,0.789855062961578,0.967391312122345,1,1,69,1.04999995231628,12.5999994277954
12,2001-12-14,52050040,,"",SANDONA [52050040],Pluviométrica,Convencional,Activa,Nariño,Sandoná,1.3223,-77.4792,20,9/15/1963,,Cudayari,Pacifico,Patía,Río Guáitara,2001,14,Andes,Preliminar,0,0,0,0.176880493760109,0.176880493760109,0,5.81275796890259,0.482874870300293,3.93818187713623,4.62545442581177,5,5,0.789855062961578,0.967391312122345,1,1,69,1.04999995231628,0
12,2003-12-11,52050040,6,Definitivo,SANDONA [52050040],Pluviométrica,Convencional,Activa,Nariño,Sandoná,1.3223,-77.4792,20,9/15/1963,,Cudayari,Pacifico,Patía,Río Guáitara,2003,11,Andes,Definitivo,6,6,0,11.2600927352905,11.2600927352905,11.1589126586914,11.8474721908569,6.84034729003906,3.93818187713623,4.62545442581177,5,5,0.789855062961578,0.967391312122345,1,1,69,1.04999995231628,6.29999971389771
12,2002-12-10,52050040,,"",SANDONA [52050040],Pluviométrica,Convencional,Activa,Nariño,Sandoná,1.3223,-77.4792,20,9/15/1963,,Cudayari,Pacifico,Patía,Río Guáitara,2002,10,Andes,Preliminar,0,0,0,3.30499649047852,3.30499649047852,0,0.643398761749268,0.0204599108546972,3.93818187713623,4.62545442581177,5,5,0.789855062961578,0.967391312122345,1,1,68,1.04999995231628,0
12,2002-12-07,52050040,2,Definitivo,SANDONA [52050040],Pluviométrica,Convencional,Activa,Nariño,Sandoná,1.3223,-77.4792,20,9/15/1963,,Cudayari,Pacifico,Patía,Río Guáitara,2002,07,Andes,Definitivo,2,2,0,4.51794147491455,4.51794147491455,0,0.968489289283752,6.97455739974976,3.93818187713623,4.62545442581177,5,5,0.789855062961578,0.967391312122345,1,1,68,1.04999995231628,2.09999990463257
12,2004-12-03,52050040,,"",SANDONA [52050040],Pluviométrica,Convencional,Activa,Nariño,Sandoná,1.3223,-77.4792,20,9/15/1963,,Cudayari,Pacifico,Patía,Río Guáitara,2004,03,Andes,Preliminar,0,0,0,6.48106479644775,6.48106479644775,0,0.52719521522522,0.941844940185547,3.93818187713623,4.62545442581177,5,5,0.789855062961578,0.967391312122345,1,1,67,1.04999995231628,0
12,2004-12-04,52050040,,"",SANDONA [52050040],Pluviométrica,Convencional,Activa,Nariño,Sandoná,1.3223,-77.4792,20,9/15/1963,,Cudayari,Pacifico,Patía,Río Guáitara,2004,04,Andes,Preliminar,0,0,0,1.01460754871368,1.01460754871368,0,2.00545358657837,0.218812465667725,3.93818187713623,4.62545442581177,5,5,0.789855062961578,0.967391312122345,1,1,67,1.04999995231628,0
12,2006-12-06,52050040,20,Definitivo,SANDONA [52050040],Pluviométrica,Convencional,Activa,Nariño,Sandoná,1.3223,-77.4792,20,9/15/1963,,Cudayari,Pacifico,Patía,Río Guáitara,2006,06,Andes,Definitivo,20,20,0,12.1985988616943,12.1985988616943,58.4370727539063,9.10606575012207,6.07720947265625,3.93818187713623,4.62545442581177,5,5,0.789855062961578,0.967391312122345,1,1,68,1.04999995231628,20.9999990463257
12,2009-12-04,52050040,,"",SANDONA [52050040],Pluviométrica,Convencional,Activa,Nariño,Sandoná,1.3223,-77.4792,20,9/15/1963,,Cudayari,Pacifico,Patía,Río Guáitara,2009,04,Andes,Preliminar,3,3,0,11.1127262115479,11.1127262115479,0,1.60221111774445,0.363019406795502,3.93818187713623,4.62545442581177,5,5,0.789855062961578,0.967391312122345,1,1,67,1.04999995231628,3.14999985694885
12,2009-12-05,52050040,4,Definitivo,SANDONA [52050040],Pluviométrica,Convencional,Activa,Nariño,Sandoná,1.3223,-77.4792,20,9/15/1963,,Cudayari,Pacifico,Patía,Río Guáitara,2009,05,Andes,Definitivo,4,4,0,7.16950035095215,7.16950035095215,0,3.07713556289673,6.41766357421875,3.93818187713623,4.62545442581177,5,5,0.789855062961578,0.967391312122345,1,1,67,1.04999995231628,4.19999980926514
12,2012-12-03,52050040,8,Definitivo,SANDONA [52050040],Pluviométrica,Convencional,Activa,Nariño,Sandoná,1.3223,-77.4792,20,9/15/1963,,Cudayari,Pacifico,Patía,Río Guáitara,2012,03,Andes,Definitivo,8,8,0,3.71891903877258,3.71891903877258,0,0.549064874649048,0,3.93818187713623,4.62545442581177,5,5,0.789855062961578,0.967391312122345,1,1,67,1.04999995231628,8.39999961853027
12,2011-12-08,52050040,3,Definitivo,SANDONA [52050040],Pluviométrica,Convencional,Activa,Nariño,Sandoná,1.3223,-77.4792,20,9/15/1963,,Cudayari,Pacifico,Patía,Río Guáitara,2011,08,Andes,Definitivo,3,3,0,8.63987445831299,8.63987445831299,14.9460678100586,1.9185254573822,3.45369243621826,3.93818187713623,4.62545442581177,5,5,0.789855062961578,0.967391312122345,1,1,68,1.04999995231628,3.14999985694885
12,2011-12-09,52050040,21,Definitivo,SANDONA [52050040],Pluviométrica,Convencional,Activa,Nariño,Sandoná,1.3223,-77.4792,20,9/15/1963,,Cudayari,Pacifico,Patía,Río Guáitara,2011,09,Andes,Definitivo,21,21,0,3.51357674598694,3.51357674598694,0,0.276527523994446,0,3.93818187713623,4.62545442581177,5,5,0.789855062961578,0.967391312122345,1,1,68,1.04999995231628,22.049998998642
12,2014-12-07,52050040,,"",SANDONA [52050040],Pluviométrica,Convencional,Activa,Nariño,Sandoná,1.3223,-77.4792,20,9/15/1963,,Cudayari,Pacifico,Patía,Río Guáitara,2014,07,Andes,Preliminar,0,0,0,8.49526309967041,8.49526309967041,68.9331588745117,26.0652027130127,22.7145023345947,3.93818187713623,4.62545442581177,5,5,0.789855062961578,0.967391312122345,1,1,68,1.04999995231628,0
12,2016-12-08,52050040,1,Definitivo,SANDONA [52050040],Pluviométrica,Convencional,Activa,Nariño,Sandoná,1.3223,-77.4792,20,9/15/1963,,Cudayari,Pacifico,Patía,Río Guáitara,2016,08,Andes,Definitivo,1,1,0,3.61412692070007,3.61412692070007,0,0.88333797454834,3.31730318069458,3.93818187713623,4.62545442581177,5,5,0.789855062961578,0.967391312122345,1,1,68,1.04999995231628,1.04999995231628
12,2016-12-09,52050040,,"",SANDONA [52050040],Pluviométrica,Convencional,Activa,Nariño,Sandoná,1.3223,-77.4792,20,9/15/1963,,Cudayari,Pacifico,Patía,Río Guáitara,2016,09,Andes,Preliminar,0,0,0,5.74463701248169,5.74463701248169,0,2.39152216911316,0.324391573667526,3.93818187713623,4.62545442581177,5,5,0.789855062961578,0.967391312122345,1,1,68,1.04999995231628,0
12,2016-12-10,52050040,,"",SANDONA [52050040],Pluviométrica,Convencional,Activa,Nariño,Sandoná,1.3223,-77.4792,20,9/15/1963,,Cudayari,Pacifico,Patía,Río Guáitara,2016,10,Andes,Preliminar,0,0,0,2.95599508285522,2.95599508285522,0,0.301734864711761,0.115930110216141,3.93818187713623,4.62545442581177,5,5,0.789855062961578,0.967391312122345,1,1,68,1.04999995231628,0
12,2015-12-15,52050040,,"",SANDONA [52050040],Pluviométrica,Convencional,Activa,Nariño,Sandoná,1.3223,-77.4792,20,9/15/1963,,Cudayari,Pacifico,Patía,Río Guáitara,2015,15,Andes,Preliminar,,,1,11.4837522506714,11.4837522506714,17.4413528442383,5.39237976074219,11.2665233612061,3.93818187713623,4.62545442581177,5,5,0.789855062961578,0.967391312122345,1,1,69,1.04999995231628,
12,2015-12-16,52050040,,"",SANDONA [52050040],Pluviométrica,Convencional,Activa,Nariño,Sandoná,1.3223,-77.4792,20,9/15/1963,,Cudayari,Pacifico,Patía,Río Guáitara,2015,16,Andes,Preliminar,,,1,3.52383303642273,3.52383303642273,0,0.585926175117493,1.73427474498749,3.93818187713623,4.62545442581177,5,5,0.789855062961578,0.967391312122345,1,1,70,1.04999995231628,
12,2015-12-17,52050040,,"",SANDONA [52050040],Pluviométrica,Convencional,Activa,Nariño,Sandoná,1.3223,-77.4792,20,9/15/1963,,Cudayari,Pacifico,Patía,Río Guáitara,2015,17,Andes,Preliminar,,,1,4.35592699050903,4.35592699050903,0,0.756810963153839,0.194977611303329,3.93818187713623,4.62545442581177,5,5,0.789855062961578,0.967391312122345,1,1,70,1.04999995231628,
12,2015-12-18,52050040,,"",SANDONA [52050040],Pluviométrica,Convencional,Activa,Nariño,Sandoná,1.3223,-77.4792,20,9/15/1963,,Cudayari,Pacifico,Patía,Río Guáitara,2015,18,Andes,Preliminar,,,1,3.64327740669251,3.64327740669251,0,0.946546852588654,0.759386420249939,3.93818187713623,4.62545442581177,5,5,0.789855062961578,0.967391312122345,1,1,70,1.04999995231628,
12,2015-12-19,52050040,,"",SANDONA [52050040],Pluviométrica,Convencional,Activa,Nariño,Sandoná,1.3223,-77.4792,20,9/15/1963,,Cudayari,Pacifico,Patía,Río Guáitara,2015,19,Andes,Preliminar,,,1,4.46610450744629,4.46610450744629,0,0.404285252094269,0,3.93818187713623,4.62545442581177,5,5,0.789855062961578,0.967391312122345,1,1,70,1.04999995231628,
12,2015-12-20,52050040,,"",SANDONA [52050040],Pluviométrica,Convencional,Activa,Nariño,Sandoná,1.3223,-77.4792,20,9/15/1963,,Cudayari,Pacifico,Patía,Río Guáitara,2015,20,Andes,Preliminar,,,1,2.3285927772522,2.3285927772522,0,0.0874273851513863,0.0923578143119812,3.93818187713623,4.62545442581177,5,5,0.789855062961578,0.967391312122345,1,1,70,1.04999995231628,
12,2015-12-21,52050040,,"",SANDONA [52050040],Pluviométrica,Convencional,Activa,Nariño,Sandoná,1.3223,-77.4792,20,9/15/1963,,Cudayari,Pacifico,Patía,Río Guáitara,2015,21,Andes,Preliminar,,,1,3.70238351821899,3.70238351821899,0,0.243087813258171,0.242046967148781,3.93818187713623,4.62545442581177,5,5,0.789855062961578,0.967391312122345,1,1,71,1.04999995231628,
12,2015-12-22,52050040,,"",SANDONA [52050040],Pluviométrica,Convencional,Activa,Nariño,Sandoná,1.3223,-77.4792,20,9/15/1963,,Cudayari,Pacifico,Patía,Río Guáitara,2015,22,Andes,Preliminar,,,1,3.56227898597717,3.56227898597717,0,0.24709777534008,0.242046967148781,3.93818187713623,4.62545442581177,5,5,0.789855062961578,0.967391312122345,1,1,71,1.04999995231628,
12,2015-12-23,52050040,,"",SANDONA [52050040],Pluviométrica,Convencional,Activa,Nariño,Sandoná,1.3223,-77.4792,20,9/15/1963,,Cudayari,Pacifico,Patía,Río Guáitara,2015,23,Andes,Preliminar,,,1,3.48950052261353,3.48950052261353,0,0.420413851737976,0.242046967148781,3.93818187713623,4.62545442581177,5,5,0.789855062961578,0.967391312122345,1,1,71,1.04999995231628,
12,2015-12-24,52050040,,"",SANDONA [52050040],Pluviométrica,Convencional,Activa,Nariño,Sandoná,1.3223,-77.4792,20,9/15/1963,,Cudayari,Pacifico,Patía,Río Guáitara,2015,24,Andes,Preliminar,,,1,5.24564504623413,5.24564504623413,0,0.253972142934799,0.242046967148781,3.93818187713623,4.62545442581177,5,5,0.789855062961578,0.967391312122345,1,1,71,1.04999995231628,
12,2015-12-25,52050040,,"",SANDONA [52050040],Pluviométrica,Convencional,Activa,Nariño,Sandoná,1.3223,-77.4792,20,9/15/1963,,Cudayari,Pacifico,Patía,Río Guáitara,2015,25,Andes,Preliminar,,,1,3.1580057144165,3.1580057144165,0,0.0456631369888783,0.242046967148781,3.93818187713623,4.62545442581177,5,5,0.789855062961578,0.967391312122345,1,1,71,1.04999995231628,
12,2015-12-26,52050040,,"",SANDONA [52050040],Pluviométrica,Convencional,Activa,Nariño,Sandoná,1.3223,-77.4792,20,9/15/1963,,Cudayari,Pacifico,Patía,Río Guáitara,2015,26,Andes,Preliminar,,,1,4.61954784393311,4.61954784393311,0,0.430252462625504,0.46260142326355,3.93818187713623,4.62545442581177,5,5,0.789855062961578,0.967391312122345,1,1,72,1.04999995231628,
12,2015-12-27,52050040,,"",SANDONA [52050040],Pluviométrica,Convencional,Activa,Nariño,Sandoná,1.3223,-77.4792,20,9/15/1963,,Cudayari,Pacifico,Patía,Río Guáitara,2015,27,Andes,Preliminar,,,1,3.33231377601624,3.33231377601624,0,0.320782452821732,0.46260142326355,3.93818187713623,4.62545442581177,5,5,0.789855062961578,0.967391312122345,1,1,72,1.04999995231628,
12,2015-12-28,52050040,,"",SANDONA [52050040],Pluviométrica,Convencional,Activa,Nariño,Sandoná,1.3223,-77.4792,20,9/15/1963,,Cudayari,Pacifico,Patía,Río Guáitara,2015,28,Andes,Preliminar,,,1,5.27989387512207,5.27989387512207,0,1.29161930084229,0.46260142326355,3.93818187713623,4.62545442581177,5,5,0.789855062961578,0.967391312122345,1,1,72,1.04999995231628,
12,2015-12-29,52050040,,"",SANDONA [52050040],Pluviométrica,Convencional,Activa,Nariño,Sandoná,1.3223,-77.4792,20,9/15/1963,,Cudayari,Pacifico,Patía,Río Guáitara,2015,29,Andes,Preliminar,,,1,5.83756875991821,5.83756875991821,0,0.250090569257736,0.46260142326355,3.93818187713623,4.62545442581177,5,5,0.789855062961578,0.967391312122345,1,1,72,1.04999995231628,
12,2015-12-30,52050040,,"",SANDONA [52050040],Pluviométrica,Convencional,Activa,Nariño,Sandoná,1.3223,-77.4792,20,9/15/1963,,Cudayari,Pacifico,Patía,Río Guáitara,2015,30,Andes,Preliminar,,,1,1.65113317966461,1.65113317966461,0,0.17931279540062,0.46260142326355,3.93818187713623,4.62545442581177,5,5,0.789855062961578,0.967391312122345,1,1,72,1.04999995231628,
12,2015-12-31,52050040,,"",SANDONA [52050040],Pluviométrica,Convencional,Activa,Nariño,Sandoná,1.3223,-77.4792,20,9/15/1963,,Cudayari,Pacifico,Patía,Río Guáitara,2015,31,Andes,Preliminar,,,1,7.17388391494751,7.17388391494751,0,0.303550839424133,0.46260142326355,3.93818187713623,4.62545442581177,5,5,0.789855062961578,0.967391312122345,1,1,72,1.04999995231628,
12,2001-12-25,52050040,33,Definitivo,SANDONA [52050040],Pluviométrica,Convencional,Activa,Nariño,Sandoná,1.3223,-77.4792,20,9/15/1963,,Cudayari,Pacifico,Patía,Río Guáitara,2001,25,Andes,Definitivo,33,33,0,3.92666149139404,3.92666149139404,0,26.9927062988281,8.23158359527588,3.93818187713623,4.62545442581177,5,5,0.789855062961578,0.967391312122345,1,1,71,1.04999995231628,34.6499984264374
12,2001-12-24,52050040,17,Definitivo,SANDONA [52050040],Pluviométrica,Convencional,Activa,Nariño,Sandoná,1.3223,-77.4792,20,9/15/1963,,Cudayari,Pacifico,Patía,Río Guáitara,2001,24,Andes,Definitivo,17,17,0,9.65746593475342,9.65746593475342,26.817590713501,9.96474266052246,30.8781795501709,3.93818187713623,4.62545442581177,5,5,0.789855062961578,0.967391312122345,1,1,71,1.04999995231628,17.8499991893768
12,2002-12-22,52050040,,"",SANDONA [52050040],Pluviométrica,Convencional,Activa,Nariño,Sandoná,1.3223,-77.4792,20,9/15/1963,,Cudayari,Pacifico,Patía,Río Guáitara,2002,22,Andes,Preliminar,0,0,0,3.22481417655945,3.22481417655945,0,0.690551400184631,0,3.93818187713623,4.62545442581177,5,5,0.789855062961578,0.967391312122345,1,1,71,1.04999995231628,0
12,2003-12-20,52050040,,"",SANDONA [52050040],Pluviométrica,Convencional,Activa,Nariño,Sandoná,1.3223,-77.4792,20,9/15/1963,,Cudayari,Pacifico,Patía,Río Guáitara,2003,20,Andes,Preliminar,0,0,0,0.184030756354332,0.184030756354332,0,0.492777526378632,0.358602970838547,3.93818187713623,4.62545442581177,5,5,0.789855062961578,0.967391312122345,1,1,70,1.04999995231628,0
12,2004-12-17,52050040,,"",SANDONA [52050040],Pluviométrica,Convencional,Activa,Nariño,Sandoná,1.3223,-77.4792,20,9/15/1963,,Cudayari,Pacifico,Patía,Río Guáitara,2004,17,Andes,Preliminar,0,0,0,0.340753883123398,0.340753883123398,0,1.98823821544647,0.785577595233917,3.93818187713623,4.62545442581177,5,5,0.789855062961578,0.967391312122345,1,1,70,1.04999995231628,0
12,2002-12-18,52050040,6,Definitivo,SANDONA [52050040],Pluviométrica,Convencional,Activa,Nariño,Sandoná,1.3223,-77.4792,20,9/15/1963,,Cudayari,Pacifico,Patía,Río Guáitara,2002,18,Andes,Definitivo,6,6,0,1.32179236412048,1.32179236412048,0,7.470130443573,8.78617668151856,3.93818187713623,4.62545442581177,5,5,0.789855062961578,0.967391312122345,1,1,70,1.04999995231628,6.29999971389771
12,2019-12-25,52050040,,"",SANDONA [52050040],Pluviométrica,Convencional,Activa,Nariño,Sandoná,1.3223,-77.4792,20,9/15/1963,,Cudayari,Pacifico,Patía,Río Guáitara,2019,25,Andes,Preliminar,0,0,0,5.05773210525513,5.05773210525513,0,0.615945219993591,0.0487481728196144,3.93818187713623,4.62545442581177,5,5,0.789855062961578,0.967391312122345,1,1,71,1.04999995231628,0
12,2019-12-26,52050040,,"",SANDONA [52050040],Pluviométrica,Convencional,Activa,Nariño,Sandoná,1.3223,-77.4792,20,9/15/1963,,Cudayari,Pacifico,Patía,Río Guáitara,2019,26,Andes,Preliminar,0,0,0,1.5786155462265,1.5786155462265,0,0.597999334335327,0.559166133403778,3.93818187713623,4.62545442581177,5,5,0.789855062961578,0.967391312122345,1,1,72,1.04999995231628,0
12,2019-12-27,52050040,,"",SANDONA [52050040],Pluviométrica,Convencional,Activa,Nariño,Sandoná,1.3223,-77.4792,20,9/15/1963,,Cudayari,Pacifico,Patía,Río Guáitara,2019,27,Andes,Preliminar,0,0,0,3.43052697181702,3.43052697181702,0,1.46048223972321,0.178457260131836,3.93818187713623,4.62545442581177,5,5,0.789855062961578,0.967391312122345,1,1,72,1.04999995231628,0
12,2019-12-28,52050040,1,Definitivo,SANDONA [52050040],Pluviométrica,Convencional,Activa,Nariño,Sandoná,1.3223,-77.4792,20,9/15/1963,,Cudayari,Pacifico,Patía,Río Guáitara,2019,28,Andes,Definitivo,1,1,0,1.90432775020599,1.90432775020599,0,2.67834997177124,3.54931664466858,3.93818187713623,4.62545442581177,5,5,0.789855062961578,0.967391312122345,1,1,72,1.04999995231628,1.04999995231628
12,2019-12-29,52050040,,"",SANDONA [52050040],Pluviométrica,Convencional,Activa,Nariño,Sandoná,1.3223,-77.4792,20,9/15/1963,,Cudayari,Pacifico,Patía,Río Guáitara,2019,29,Andes,Preliminar,0,0,0,3.26441621780396,3.26441621780396,0,2.84131765365601,0,3.93818187713623,4.62545442581177,5,5,0.789855062961578,0.967391312122345,1,1,72,1.04999995231628,0
12,2019-12-30,52050040,11,Definitivo,SANDONA [52050040],Pluviométrica,Convencional,Activa,Nariño,Sandoná,1.3223,-77.4792,20,9/15/1963,,Cudayari,Pacifico,Patía,Río Guáitara,2019,30,Andes,Definitivo,11,11,0,7.48607110977173,7.48607110977173,0,6.25441789627075,0,3.93818187713623,4.62545442581177,5,5,0.789855062961578,0.967391312122345,1,1,72,1.04999995231628,11.5499994754791
12,2019-12-31,52050040,9,En revisión,SANDONA [52050040],Pluviométrica,Convencional,Activa,Nariño,Sandoná,1.3223,-77.4792,20,9/15/1963,,Cudayari,Pacifico,Patía,Río Guáitara,2019,31,Andes,En revisión,9,9,0,10.2303829193115,10.2303829193115,0,9.29946041107178,18.8450870513916,3.93818187713623,4.62545442581177,5,5,0.789855062961578,0.967391312122345,1,1,72,1.04999995231628,9.44999957084656
12,2004-12-05,52050040,,"",SANDONA [52050040],Pluviométrica,Convencional,Activa,Nariño,Sandoná,1.3223,-77.4792,20,9/15/1963,,Cudayari,Pacifico,Patía,Río Guáitara,2004,05,Andes,Preliminar,0,0,0,0.476244330406189,0.476244330406189,0,1.88330900669098,0,3.93818187713623,4.62545442581177,5,5,0.789855062961578,0.967391312122345,1,1,67,1.04999995231628,0
12,2007-12-04,52050040,,"",SANDONA [52050040],Pluviométrica,Convencional,Activa,Nariño,Sandoná,1.3223,-77.4792,20,9/15/1963,,Cudayari,Pacifico,Patía,Río Guáitara,2007,04,Andes,Preliminar,0,0,0,0.34923392534256,0.34923392534256,56.1468200683594,11.8324308395386,16.7490062713623,3.93818187713623,4.62545442581177,5,5,0.789855062961578,0.967391312122345,1,1,67,1.04999995231628,0
12,2007-12-05,52050040,,"",SANDONA [52050040],Pluviométrica,Convencional,Activa,Nariño,Sandoná,1.3223,-77.4792,20,9/15/1963,,Cudayari,Pacifico,Patía,Río Guáitara,2007,05,Andes,Preliminar,0,0,0,0.803237974643707,0.803237974643707,0,1.11456406116486,0.011329653672874,3.93818187713623,4.62545442581177,5,5,0.789855062961578,0.967391312122345,1,1,67,1.04999995231628,0
12,2007-12-06,52050040,,"",SANDONA [52050040],Pluviométrica,Convencional,Activa,Nariño,Sandoná,1.3223,-77.4792,20,9/15/1963,,Cudayari,Pacifico,Patía,Río Guáitara,2007,06,Andes,Preliminar,0,0,0,1.37063992023468,1.37063992023468,0,0.113425679504871,0,3.93818187713623,4.62545442581177,5,5,0.789855062961578,0.967391312122345,1,1,68,1.04999995231628,0
12,2012-12-04,52050040,4,Definitivo,SANDONA [52050040],Pluviométrica,Convencional,Activa,Nariño,Sandoná,1.3223,-77.4792,20,9/15/1963,,Cudayari,Pacifico,Patía,Río Guáitara,2012,04,Andes,Definitivo,4,4,0,7.19720840454102,7.19720840454102,27.6169376373291,11.9569387435913,3.52943062782288,3.93818187713623,4.62545442581177,5,5,0.789855062961578,0.967391312122345,1,1,67,1.04999995231628,4.19999980926514
12,2012-12-05,52050040,1,Definitivo,SANDONA [52050040],Pluviométrica,Convencional,Activa,Nariño,Sandoná,1.3223,-77.4792,20,9/15/1963,,Cudayari,Pacifico,Patía,Río Guáitara,2012,05,Andes,Definitivo,1,1,0,5.40235662460327,5.40235662460327,27.6169376373291,5.37349224090576,19.1787967681885,3.93818187713623,4.62545442581177,5,5,0.789855062961578,0.967391312122345,1,1,67,1.04999995231628,1.04999995231628
12,2015-12-04,52050040,,"",SANDONA [52050040],Pluviométrica,Convencional,Activa,Nariño,Sandoná,1.3223,-77.4792,20,9/15/1963,,Cudayari,Pacifico,Patía,Río Guáitara,2015,04,Andes,Preliminar,,,1,7.39131116867065,7.39131116867065,14.8298206329346,10.3245944976807,15.8363046646118,3.93818187713623,4.62545442581177,5,5,0.789855062961578,0.967391312122345,1,1,67,1.04999995231628,
12,2014-12-08,52050040,45,Definitivo,SANDONA [52050040],Pluviométrica,Convencional,Activa,Nariño,Sandoná,1.3223,-77.4792,20,9/15/1963,,Cudayari,Pacifico,Patía,Río Guáitara,2014,08,Andes,Definitivo,45,45,0,7.21002531051636,7.21002531051636,0,9.52677154541016,0.517014086246491,3.93818187713623,4.62545442581177,5,5,0.789855062961578,0.967391312122345,1,1,68,1.04999995231628,47.2499978542328
12,2017-12-06,52050040,,"",SANDONA [52050040],Pluviométrica,Convencional,Activa,Nariño,Sandoná,1.3223,-77.4792,20,9/15/1963,,Cudayari,Pacifico,Patía,Río Guáitara,2017,06,Andes,Preliminar,0,0,0,1.09935474395752,1.09935474395752,0,1.22925186157227,0,3.93818187713623,4.62545442581177,5,5,0.789855062961578,0.967391312122345,1,1,68,1.04999995231628,0
12,2017-12-07,52050040,,"",SANDONA [52050040],Pluviométrica,Convencional,Activa,Nariño,Sandoná,1.3223,-77.4792,20,9/15/1963,,Cudayari,Pacifico,Patía,Río Guáitara,2017,07,Andes,Preliminar,0,0,0,1.83233487606049,1.83233487606049,0,1.47626960277557,0,3.93818187713623,4.62545442581177,5,5,0.789855062961578,0.967391312122345,1,1,68,1.04999995231628,0
12,2016-12-11,52050040,,"",SANDONA [52050040],Pluviométrica,Convencional,Activa,Nariño,Sandoná,1.3223,-77.4792,20,9/15/1963,,Cudayari,Pacifico,Patía,Río Guáitara,2016,11,Andes,Preliminar,0,0,0,4.98465919494629,4.98465919494629,0,1.66915106773376,0.42761841416359,3.93818187713623,4.62545442581177,5,5,0.789855062961578,0.967391312122345,1,1,69,1.04999995231628,0
12,2016-12-12,52050040,,"",SANDONA [52050040],Pluviométrica,Convencional,Activa,Nariño,Sandoná,1.3223,-77.4792,20,9/15/1963,,Cudayari,Pacifico,Patía,Río Guáitara,2016,12,Andes,Preliminar,0,0,0,2.78801727294922,2.78801727294922,0,0.603453397750855,0.197518974542618,3.93818187713623,4.62545442581177,5,5,0.789855062961578,0.967391312122345,1,1,69,1.04999995231628,0
12,2016-12-13,52050040,5,Definitivo,SANDONA [52050040],Pluviométrica,Convencional,Activa,Nariño,Sandoná,1.3223,-77.4792,20,9/15/1963,,Cudayari,Pacifico,Patía,Río Guáitara,2016,13,Andes,Definitivo,5,5,0,4.01883888244629,4.01883888244629,0,1.0749431848526,1.04461073875427,3.93818187713623,4.62545442581177,5,5,0.789855062961578,0.967391312122345,1,1,69,1.04999995231628,5.24999976158142
12,2016-12-14,52050040,7,Definitivo,SANDONA [52050040],Pluviométrica,Convencional,Activa,Nariño,Sandoná,1.3223,-77.4792,20,9/15/1963,,Cudayari,Pacifico,Patía,Río Guáitara,2016,14,Andes,Definitivo,7,7,0,6.55889797210693,6.55889797210693,0,1.1283243894577,1.70843744277954,3.93818187713623,4.62545442581177,5,5,0.789855062961578,0.967391312122345,1,1,69,1.04999995231628,7.34999966621399
12,2016-12-15,52050040,3,Definitivo,SANDONA [52050040],Pluviométrica,Convencional,Activa,Nariño,Sandoná,1.3223,-77.4792,20,9/15/1963,,Cudayari,Pacifico,Patía,Río Guáitara,2016,15,Andes,Definitivo,3,3,0,3.47349214553833,3.47349214553833,0,2.37620496749878,3.47389101982117,3.93818187713623,4.62545442581177,5,5,0.789855062961578,0.967391312122345,1,1,69,1.04999995231628,3.14999985694885
12,2016-12-16,52050040,7,Definitivo,SANDONA [52050040],Pluviométrica,Convencional,Activa,Nariño,Sandoná,1.3223,-77.4792,20,9/15/1963,,Cudayari,Pacifico,Patía,Río Guáitara,2016,16,Andes,Definitivo,7,7,0,6.5798921585083,6.5798921585083,0,8.31832981109619,11.1020593643188,3.93818187713623,4.62545442581177,5,5,0.789855062961578,0.967391312122345,1,1,70,1.04999995231628,7.34999966621399
12,2016-12-17,52050040,,"",SANDONA [52050040],Pluviométrica,Convencional,Activa,Nariño,Sandoná,1.3223,-77.4792,20,9/15/1963,,Cudayari,Pacifico,Patía,Río Guáitara,2016,17,Andes,Preliminar,0,0,0,7.80673551559448,7.80673551559448,0,10.2328577041626,1.31925749778748,3.93818187713623,4.62545442581177,5,5,0.789855062961578,0.967391312122345,1,1,70,1.04999995231628,0
12,2016-12-18,52050040,,"",SANDONA [52050040],Pluviométrica,Convencional,Activa,Nariño,Sandoná,1.3223,-77.4792,20,9/15/1963,,Cudayari,Pacifico,Patía,Río Guáitara,2016,18,Andes,Preliminar,0,0,0,3.09308815002441,3.09308815002441,0,4.2038779258728,3.55184698104858,3.93818187713623,4.62545442581177,5,5,0.789855062961578,0.967391312122345,1,1,70,1.04999995231628,0
12,2016-12-19,52050040,15,Definitivo,SANDONA [52050040],Pluviométrica,Convencional,Activa,Nariño,Sandoná,1.3223,-77.4792,20,9/15/1963,,Cudayari,Pacifico,Patía,Río Guáitara,2016,19,Andes,Definitivo,15,15,0,3.29499793052673,3.29499793052673,0,4.11449670791626,0.7266064286232,3.93818187713623,4.62545442581177,5,5,0.789855062961578,0.967391312122345,1,1,70,1.04999995231628,15.7499992847443
12,2016-12-20,52050040,40,Definitivo,SANDONA [52050040],Pluviométrica,Convencional,Activa,Nariño,Sandoná,1.3223,-77.4792,20,9/15/1963,,Cudayari,Pacifico,Patía,Río Guáitara,2016,20,Andes,Definitivo,40,40,0,6.85195302963257,6.85195302963257,51.7027435302734,9.15225982666016,19.3220500946045,3.93818187713623,4.62545442581177,5,5,0.789855062961578,0.967391312122345,1,1,70,1.04999995231628,41.9999980926514
12,2016-12-21,52050040,6,Definitivo,SANDONA [52050040],Pluviométrica,Convencional,Activa,Nariño,Sandoná,1.3223,-77.4792,20,9/15/1963,,Cudayari,Pacifico,Patía,Río Guáitara,2016,21,Andes,Definitivo,6,6,0,5.94944000244141,5.94944000244141,43.1293106079102,17.9730911254883,21.1793060302734,3.93818187713623,4.62545442581177,5,5,0.789855062961578,0.967391312122345,1,1,71,1.04999995231628,6.29999971389771
12,2016-12-22,52050040,,"",SANDONA [52050040],Pluviométrica,Convencional,Activa,Nariño,Sandoná,1.3223,-77.4792,20,9/15/1963,,Cudayari,Pacifico,Patía,Río Guáitara,2016,22,Andes,Preliminar,0,0,0,3.60728073120117,3.60728073120117,0,2.32268166542053,0,3.93818187713623,4.62545442581177,5,5,0.789855062961578,0.967391312122345,1,1,71,1.04999995231628,0
12,2016-12-23,52050040,,"",SANDONA [52050040],Pluviométrica,Convencional,Activa,Nariño,Sandoná,1.3223,-77.4792,20,9/15/1963,,Cudayari,Pacifico,Patía,Río Guáitara,2016,23,Andes,Preliminar,0,0,0,2.09735655784607,2.09735655784607,0,2.27886605262756,0.39647576212883,3.93818187713623,4.62545442581177,5,5,0.789855062961578,0.967391312122345,1,1,71,1.04999995231628,0
12,2016-12-24,52050040,7,Definitivo,SANDONA [52050040],Pluviométrica,Convencional,Activa,Nariño,Sandoná,1.3223,-77.4792,20,9/15/1963,,Cudayari,Pacifico,Patía,Río Guáitara,2016,24,Andes,Definitivo,7,7,0,7.91523694992065,7.91523694992065,0,4.29858255386353,1.36087620258331,3.93818187713623,4.62545442581177,5,5,0.789855062961578,0.967391312122345,1,1,71,1.04999995231628,7.34999966621399
12,2016-12-25,52050040,15,Definitivo,SANDONA [52050040],Pluviométrica,Convencional,Activa,Nariño,Sandoná,1.3223,-77.4792,20,9/15/1963,,Cudayari,Pacifico,Patía,Río Guáitara,2016,25,Andes,Definitivo,15,15,0,7.16083002090454,7.16083002090454,0,2.25971007347107,6.19627237319946,3.93818187713623,4.62545442581177,5,5,0.789855062961578,0.967391312122345,1,1,71,1.04999995231628,15.7499992847443
12,2016-12-26,52050040,13,Definitivo,SANDONA [52050040],Pluviométrica,Convencional,Activa,Nariño,Sandoná,1.3223,-77.4792,20,9/15/1963,,Cudayari,Pacifico,Patía,Río Guáitara,2016,26,Andes,Definitivo,13,13,0,12.9569034576416,12.9569034576416,0,9.24810600280762,6.64174842834473,3.93818187713623,4.62545442581177,5,5,0.789855062961578,0.967391312122345,1,1,72,1.04999995231628,13.6499993801117
12,2016-12-27,52050040,,"",SANDONA [52050040],Pluviométrica,Convencional,Activa,Nariño,Sandoná,1.3223,-77.4792,20,9/15/1963,,Cudayari,Pacifico,Patía,Río Guáitara,2016,27,Andes,Preliminar,0,0,0,8.20063781738281,8.20063781738281,0,6.01788520812988,7.89196062088013,3.93818187713623,4.62545442581177,5,5,0.789855062961578,0.967391312122345,1,1,72,1.04999995231628,0
12,2016-12-28,52050040,2,Definitivo,SANDONA [52050040],Pluviométrica,Convencional,Activa,Nariño,Sandoná,1.3223,-77.4792,20,9/15/1963,,Cudayari,Pacifico,Patía,Río Guáitara,2016,28,Andes,Definitivo,2,2,0,7.67315053939819,7.67315053939819,0,0.682222008705139,0,3.93818187713623,4.62545442581177,5,5,0.789855062961578,0.967391312122345,1,1,72,1.04999995231628,2.09999990463257
12,2016-12-29,52050040,,"",SANDONA [52050040],Pluviométrica,Convencional,Activa,Nariño,Sandoná,1.3223,-77.4792,20,9/15/1963,,Cudayari,Pacifico,Patía,Río Guáitara,2016,29,Andes,Preliminar,0,0,0,4.35953664779663,4.35953664779663,0,2.54387736320496,0.323715478181839,3.93818187713623,4.62545442581177,5,5,0.789855062961578,0.967391312122345,1,1,72,1.04999995231628,0
12,2016-12-30,52050040,8,Definitivo,SANDONA [52050040],Pluviométrica,Convencional,Activa,Nariño,Sandoná,1.3223,-77.4792,20,9/15/1963,,Cudayari,Pacifico,Patía,Río Guáitara,2016,30,Andes,Definitivo,8,8,0,7.03236865997315,7.03236865997315,43.8650283813477,6.37445449829102,13.5514001846313,3.93818187713623,4.62545442581177,5,5,0.789855062961578,0.967391312122345,1,1,72,1.04999995231628,8.39999961853027
12,2017-12-28,52050040,10,Definitivo,SANDONA [52050040],Pluviométrica,Convencional,Activa,Nariño,Sandoná,1.3223,-77.4792,20,9/15/1963,,Cudayari,Pacifico,Patía,Río Guáitara,2017,28,Andes,Definitivo,10,10,0,9.93166065216064,9.93166065216064,0,6.06439828872681,10.1257028579712,3.93818187713623,4.62545442581177,5,5,0.789855062961578,0.967391312122345,1,1,72,1.04999995231628,10.4999995231628
12,2018-12-26,52050040,,"",SANDONA [52050040],Pluviométrica,Convencional,Activa,Nariño,Sandoná,1.3223,-77.4792,20,9/15/1963,,Cudayari,Pacifico,Patía,Río Guáitara,2018,26,Andes,Preliminar,0,0,0,3.85609364509583,3.85609364509583,0,0.267675846815109,0,3.93818187713623,4.62545442581177,5,5,0.789855062961578,0.967391312122345,1,1,72,1.04999995231628,0
12,2019-12-24,52050040,,"",SANDONA [52050040],Pluviométrica,Convencional,Activa,Nariño,Sandoná,1.3223,-77.4792,20,9/15/1963,,Cudayari,Pacifico,Patía,Río Guáitara,2019,24,Andes,Preliminar,0,0,0,3.00810384750366,3.00810384750366,0,0.135145604610443,0.779970765113831,3.93818187713623,4.62545442581177,5,5,0.789855062961578,0.967391312122345,1,1,71,1.04999995231628,0
12,2003-12-16,52050040,,"",SANDONA [52050040],Pluviométrica,Convencional,Activa,Nariño,Sandoná,1.3223,-77.4792,20,9/15/1963,,Cudayari,Pacifico,Patía,Río Guáitara,2003,16,Andes,Preliminar,0,0,0,3.25120973587036,3.25120973587036,0,0.128266379237175,0.555834710597992,3.93818187713623,4.62545442581177,5,5,0.789855062961578,0.967391312122345,1,1,70,1.04999995231628,0
12,2002-12-15,52050040,21,Definitivo,SANDONA [52050040],Pluviométrica,Convencional,Activa,Nariño,Sandoná,1.3223,-77.4792,20,9/15/1963,,Cudayari,Pacifico,Patía,Río Guáitara,2002,15,Andes,Definitivo,21,21,0,17.2555255889893,17.2555255889893,46.0783805847168,27.827169418335,25.2444381713867,3.93818187713623,4.62545442581177,5,5,0.789855062961578,0.967391312122345,1,1,69,1.04999995231628,22.049998998642
12,2002-12-12,52050040,,"",SANDONA [52050040],Pluviométrica,Convencional,Activa,Nariño,Sandoná,1.3223,-77.4792,20,9/15/1963,,Cudayari,Pacifico,Patía,Río Guáitara,2002,12,Andes,Preliminar,0,0,0,0.994315981864929,0.994315981864929,0,4.8697772026062,0,3.93818187713623,4.62545442581177,5,5,0.789855062961578,0.967391312122345,1,1,69,1.04999995231628,0
12,2001-12-11,52050040,,"",SANDONA [52050040],Pluviométrica,Convencional,Activa,Nariño,Sandoná,1.3223,-77.4792,20,9/15/1963,,Cudayari,Pacifico,Patía,Río Guáitara,2001,11,Andes,Preliminar,0,0,0,3.59657025337219,3.59657025337219,0,0.993233144283295,0.42389777302742,3.93818187713623,4.62545442581177,5,5,0.789855062961578,0.967391312122345,1,1,69,1.04999995231628,0
12,2003-12-08,52050040,,"",SANDONA [52050040],Pluviométrica,Convencional,Activa,Nariño,Sandoná,1.3223,-77.4792,20,9/15/1963,,Cudayari,Pacifico,Patía,Río Guáitara,2003,08,Andes,Preliminar,0,0,0,14.8213634490967,14.8213634490967,0,2.11078071594238,0.404232233762741,3.93818187713623,4.62545442581177,5,5,0.789855062961578,0.967391312122345,1,1,68,1.04999995231628,0
12,2003-12-05,52050040,,"",SANDONA [52050040],Pluviométrica,Convencional,Activa,Nariño,Sandoná,1.3223,-77.4792,20,9/15/1963,,Cudayari,Pacifico,Patía,Río Guáitara,2003,05,Andes,Preliminar,0,0,0,0,0,0,0.216580510139465,0.122612148523331,3.93818187713623,4.62545442581177,5,5,0.789855062961578,0.967391312122345,1,1,67,1.04999995231628,0
12,2002-12-04,52050040,,"",SANDONA [52050040],Pluviométrica,Convencional,Activa,Nariño,Sandoná,1.3223,-77.4792,20,9/15/1963,,Cudayari,Pacifico,Patía,Río Guáitara,2002,04,Andes,Preliminar,0,0,0,4.81803941726685,4.81803941726685,0,1.03663647174835,0.637699961662293,3.93818187713623,4.62545442581177,5,5,0.789855062961578,0.967391312122345,1,1,67,1.04999995231628,0
12,2002-12-05,52050040,31,Definitivo,SANDONA [52050040],Pluviométrica,Convencional,Activa,Nariño,Sandoná,1.3223,-77.4792,20,9/15/1963,,Cudayari,Pacifico,Patía,Río Guáitara,2002,05,Andes,Definitivo,31,31,0,7.68281888961792,7.68281888961792,0,3.69181084632874,3.95485854148865,3.93818187713623,4.62545442581177,5,5,0.789855062961578,0.967391312122345,1,1,67,1.04999995231628,32.5499985218048
12,2002-12-06,52050040,10,Definitivo,SANDONA [52050040],Pluviométrica,Convencional,Activa,Nariño,Sandoná,1.3223,-77.4792,20,9/15/1963,,Cudayari,Pacifico,Patía,Río Guáitara,2002,06,Andes,Definitivo,10,10,0,0.267070412635803,0.267070412635803,0,0.987212955951691,0.222785696387291,3.93818187713623,4.62545442581177,5,5,0.789855062961578,0.967391312122345,1,1,68,1.04999995231628,10.4999995231628
12,2005-12-04,52050040,10,Definitivo,SANDONA [52050040],Pluviométrica,Convencional,Activa,Nariño,Sandoná,1.3223,-77.4792,20,9/15/1963,,Cudayari,Pacifico,Patía,Río Guáitara,2005,04,Andes,Definitivo,10,10,0,5.65844964981079,5.65844964981079,25.323808670044,12.0540781021118,16.3306884765625,3.93818187713623,4.62545442581177,5,5,0.789855062961578,0.967391312122345,1,1,67,1.04999995231628,10.4999995231628
12,2005-12-05,52050040,,"",SANDONA [52050040],Pluviométrica,Convencional,Activa,Nariño,Sandoná,1.3223,-77.4792,20,9/15/1963,,Cudayari,Pacifico,Patía,Río Guáitara,2005,05,Andes,Preliminar,,,1,9.45147705078125,9.45147705078125,25.323808670044,11.2775545120239,13.2130107879639,3.93818187713623,4.62545442581177,5,5,0.789855062961578,0.967391312122345,1,1,67,1.04999995231628,
12,2010-12-04,52050040,,"",SANDONA [52050040],Pluviométrica,Convencional,Activa,Nariño,Sandoná,1.3223,-77.4792,20,9/15/1963,,Cudayari,Pacifico,Patía,Río Guáitara,2010,04,Andes,Preliminar,0,0,0,0.350685596466064,0.350685596466064,26.0534133911133,11.0111532211304,24.7334995269775,3.93818187713623,4.62545442581177,5,5,0.789855062961578,0.967391312122345,1,1,67,1.04999995231628,0
12,2010-12-05,52050040,,"",SANDONA [52050040],Pluviométrica,Convencional,Activa,Nariño,Sandoná,1.3223,-77.4792,20,9/15/1963,,Cudayari,Pacifico,Patía,Río Guáitara,2010,05,Andes,Preliminar,0,0,0,5.68889951705933,5.68889951705933,4.34223556518555,4.12355279922485,0.771831393241882,3.93818187713623,4.62545442581177,5,5,0.789855062961578,0.967391312122345,1,1,67,1.04999995231628,0
12,2010-12-06,52050040,7,Definitivo,SANDONA [52050040],Pluviométrica,Convencional,Activa,Nariño,Sandoná,1.3223,-77.4792,20,9/15/1963,,Cudayari,Pacifico,Patía,Río Guáitara,2010,06,Andes,Definitivo,7,7,0,4.16501474380493,4.16501474380493,0,1.89536309242249,2.28793001174927,3.93818187713623,4.62545442581177,5,5,0.789855062961578,0.967391312122345,1,1,68,1.04999995231628,7.34999966621399
12,2015-12-05,52050040,,"",SANDONA [52050040],Pluviométrica,Convencional,Activa,Nariño,Sandoná,1.3223,-77.4792,20,9/15/1963,,Cudayari,Pacifico,Patía,Río Guáitara,2015,05,Andes,Preliminar,,,1,9.45783710479736,9.45783710479736,14.8298206329346,2.3575325012207,1.92408359050751,3.93818187713623,4.62545442581177,5,5,0.789855062961578,0.967391312122345,1,1,67,1.04999995231628,
12,2015-12-06,52050040,,"",SANDONA [52050040],Pluviométrica,Convencional,Activa,Nariño,Sandoná,1.3223,-77.4792,20,9/15/1963,,Cudayari,Pacifico,Patía,Río Guáitara,2015,06,Andes,Preliminar,,,1,2.69558596611023,2.69558596611023,0,0.627512037754059,0.131289809942245,3.93818187713623,4.62545442581177,5,5,0.789855062961578,0.967391312122345,1,1,68,1.04999995231628,
12,2018-12-04,52050040,,"",SANDONA [52050040],Pluviométrica,Convencional,Activa,Nariño,Sandoná,1.3223,-77.4792,20,9/15/1963,,Cudayari,Pacifico,Patía,Río Guáitara,2018,04,Andes,Preliminar,0,0,0,7.33565807342529,7.33565807342529,0,1.09594142436981,0,3.93818187713623,4.62545442581177,5,5,0.789855062961578,0.967391312122345,1,1,67,1.04999995231628,0
12,2017-12-08,52050040,12,Definitivo,SANDONA [52050040],Pluviométrica,Convencional,Activa,Nariño,Sandoná,1.3223,-77.4792,20,9/15/1963,,Cudayari,Pacifico,Patía,Río Guáitara,2017,08,Andes,Definitivo,12,12,0,3.76046919822693,3.76046919822693,0,5.3347339630127,1.39203131198883,3.93818187713623,4.62545442581177,5,5,0.789855062961578,0.967391312122345,1,1,68,1.04999995231628,12.5999994277954
12,2017-12-09,52050040,52,Definitivo,SANDONA [52050040],Pluviométrica,Convencional,Activa,Nariño,Sandoná,1.3223,-77.4792,20,9/15/1963,,Cudayari,Pacifico,Patía,Río Guáitara,2017,09,Andes,Definitivo,52,52,0,5.37260007858276,5.37260007858276,0,11.0007181167603,1.37125492095947,3.93818187713623,4.62545442581177,5,5,0.789855062961578,0.967391312122345,1,1,68,1.04999995231628,54.5999975204468
12,2017-12-10,52050040,8,Definitivo,SANDONA [52050040],Pluviométrica,Convencional,Activa,Nariño,Sandoná,1.3223,-77.4792,20,9/15/1963,,Cudayari,Pacifico,Patía,Río Guáitara,2017,10,Andes,Definitivo,8,8,0,9.50584125518799,9.50584125518799,0,10.0324010848999,26.3100872039795,3.93818187713623,4.62545442581177,5,5,0.789855062961578,0.967391312122345,1,1,68,1.04999995231628,8.39999961853027
12,2017-12-11,52050040,15,Definitivo,SANDONA [52050040],Pluviométrica,Convencional,Activa,Nariño,Sandoná,1.3223,-77.4792,20,9/15/1963,,Cudayari,Pacifico,Patía,Río Guáitara,2017,11,Andes,Definitivo,15,15,0,13.6540899276733,13.6540899276733,0,7.1953763961792,11.2108592987061,3.93818187713623,4.62545442581177,5,5,0.789855062961578,0.967391312122345,1,1,69,1.04999995231628,15.7499992847443
12,2017-12-12,52050040,,"",SANDONA [52050040],Pluviométrica,Convencional,Activa,Nariño,Sandoná,1.3223,-77.4792,20,9/15/1963,,Cudayari,Pacifico,Patía,Río Guáitara,2017,12,Andes,Preliminar,0,0,0,10.1557989120483,10.1557989120483,49.8432273864746,7.15094423294067,3.24371957778931,3.93818187713623,4.62545442581177,5,5,0.789855062961578,0.967391312122345,1,1,69,1.04999995231628,0
12,2017-12-13,52050040,,"",SANDONA [52050040],Pluviométrica,Convencional,Activa,Nariño,Sandoná,1.3223,-77.4792,20,9/15/1963,,Cudayari,Pacifico,Patía,Río Guáitara,2017,13,Andes,Preliminar,0,0,0,3.88029217720032,3.88029217720032,0,0.112388975918293,0.113117463886738,3.93818187713623,4.62545442581177,5,5,0.789855062961578,0.967391312122345,1,1,69,1.04999995231628,0
12,2017-12-14,52050040,,"",SANDONA [52050040],Pluviométrica,Convencional,Activa,Nariño,Sandoná,1.3223,-77.4792,20,9/15/1963,,Cudayari,Pacifico,Patía,Río Guáitara,2017,14,Andes,Preliminar,0,0,0,3.02615094184876,3.02615094184876,0,0.180755153298378,0,3.93818187713623,4.62545442581177,5,5,0.789855062961578,0.967391312122345,1,1,69,1.04999995231628,0
12,2017-12-15,52050040,,"",SANDONA [52050040],Pluviométrica,Convencional,Activa,Nariño,Sandoná,1.3223,-77.4792,20,9/15/1963,,Cudayari,Pacifico,Patía,Río Guáitara,2017,15,Andes,Preliminar,0,0,0,1.0942999124527,1.0942999124527,0,0.408215254545212,0.479984939098358,3.93818187713623,4.62545442581177,5,5,0.789855062961578,0.967391312122345,1,1,69,1.04999995231628,0
12,2017-12-16,52050040,,"",SANDONA [52050040],Pluviométrica,Convencional,Activa,Nariño,Sandoná,1.3223,-77.4792,20,9/15/1963,,Cudayari,Pacifico,Patía,Río Guáitara,2017,16,Andes,Preliminar,0,0,0,3.79937744140625,3.79937744140625,0,0.929414033889771,0,3.93818187713623,4.62545442581177,5,5,0.789855062961578,0.967391312122345,1,1,70,1.04999995231628,0
12,2017-12-17,52050040,,"",SANDONA [52050040],Pluviométrica,Convencional,Activa,Nariño,Sandoná,1.3223,-77.4792,20,9/15/1963,,Cudayari,Pacifico,Patía,Río Guáitara,2017,17,Andes,Preliminar,0,0,0,3.21795129776001,3.21795129776001,0,0.231434270739555,2.35386323928833,3.93818187713623,4.62545442581177,5,5,0.789855062961578,0.967391312122345,1,1,70,1.04999995231628,0
12,2017-12-18,52050040,,"",SANDONA [52050040],Pluviométrica,Convencional,Activa,Nariño,Sandoná,1.3223,-77.4792,20,9/15/1963,,Cudayari,Pacifico,Patía,Río Guáitara,2017,18,Andes,Preliminar,,,1,2.78870105743408,2.78870105743408,0,0.343870967626572,0,3.93818187713623,4.62545442581177,5,5,0.789855062961578,0.967391312122345,1,1,70,1.04999995231628,
12,2017-12-19,52050040,,"",SANDONA [52050040],Pluviométrica,Convencional,Activa,Nariño,Sandoná,1.3223,-77.4792,20,9/15/1963,,Cudayari,Pacifico,Patía,Río Guáitara,2017,19,Andes,Preliminar,,,1,3.39420008659363,3.39420008659363,0,0.359618753194809,0,3.93818187713623,4.62545442581177,5,5,0.789855062961578,0.967391312122345,1,1,70,1.04999995231628,
12,2017-12-20,52050040,,"",SANDONA [52050040],Pluviométrica,Convencional,Activa,Nariño,Sandoná,1.3223,-77.4792,20,9/15/1963,,Cudayari,Pacifico,Patía,Río Guáitara,2017,20,Andes,Preliminar,,,1,5.11750364303589,5.11750364303589,0,0.489525198936462,0,3.93818187713623,4.62545442581177,5,5,0.789855062961578,0.967391312122345,1,1,70,1.04999995231628,
12,2017-12-21,52050040,,"",SANDONA [52050040],Pluviométrica,Convencional,Activa,Nariño,Sandoná,1.3223,-77.4792,20,9/15/1963,,Cudayari,Pacifico,Patía,Río Guáitara,2017,21,Andes,Preliminar,,,1,3.02436637878418,3.02436637878418,0,0.462278783321381,0,3.93818187713623,4.62545442581177,5,5,0.789855062961578,0.967391312122345,1,1,71,1.04999995231628,
12,2017-12-22,52050040,,"",SANDONA [52050040],Pluviométrica,Convencional,Activa,Nariño,Sandoná,1.3223,-77.4792,20,9/15/1963,,Cudayari,Pacifico,Patía,Río Guáitara,2017,22,Andes,Preliminar,,,1,4.11139106750488,4.11139106750488,0,0.177840322256088,0,3.93818187713623,4.62545442581177,5,5,0.789855062961578,0.967391312122345,1,1,71,1.04999995231628,
12,2017-12-23,52050040,,"",SANDONA [52050040],Pluviométrica,Convencional,Activa,Nariño,Sandoná,1.3223,-77.4792,20,9/15/1963,,Cudayari,Pacifico,Patía,Río Guáitara,2017,23,Andes,Preliminar,,,1,3.7362117767334,3.7362117767334,0,0.126455292105675,0,3.93818187713623,4.62545442581177,5,5,0.789855062961578,0.967391312122345,1,1,71,1.04999995231628,
12,2017-12-24,52050040,,"",SANDONA [52050040],Pluviométrica,Convencional,Activa,Nariño,Sandoná,1.3223,-77.4792,20,9/15/1963,,Cudayari,Pacifico,Patía,Río Guáitara,2017,24,Andes,Preliminar,0,0,0,4.62563180923462,4.62563180923462,0,0.541882276535034,0.73732203245163,3.93818187713623,4.62545442581177,5,5,0.789855062961578,0.967391312122345,1,1,71,1.04999995231628,0
12,2017-12-25,52050040,,"",SANDONA [52050040],Pluviométrica,Convencional,Activa,Nariño,Sandoná,1.3223,-77.4792,20,9/15/1963,,Cudayari,Pacifico,Patía,Río Guáitara,2017,25,Andes,Preliminar,0,0,0,3.66021323204041,3.66021323204041,0,0.612158715724945,1.18329334259033,3.93818187713623,4.62545442581177,5,5,0.789855062961578,0.967391312122345,1,1,71,1.04999995231628,0
12,2017-12-26,52050040,3,Definitivo,SANDONA [52050040],Pluviométrica,Convencional,Activa,Nariño,Sandoná,1.3223,-77.4792,20,9/15/1963,,Cudayari,Pacifico,Patía,Río Guáitara,2017,26,Andes,Definitivo,3,3,0,5.69521141052246,5.69521141052246,0,8.33145046234131,0.656828284263611,3.93818187713623,4.62545442581177,5,5,0.789855062961578,0.967391312122345,1,1,72,1.04999995231628,3.14999985694885
12,2017-12-27,52050040,0,Definitivo,SANDONA [52050040],Pluviométrica,Convencional,Activa,Nariño,Sandoná,1.3223,-77.4792,20,9/15/1963,,Cudayari,Pacifico,Patía,Río Guáitara,2017,27,Andes,Definitivo,0,0,0,6.95068502426148,6.95068502426148,0,7.4258303642273,0.00958873424679041,3.93818187713623,4.62545442581177,5,5,0.789855062961578,0.967391312122345,1,1,72,1.04999995231628,0
12,2001-12-23,52050040,13,Definitivo,SANDONA [52050040],Pluviométrica,Convencional,Activa,Nariño,Sandoná,1.3223,-77.4792,20,9/15/1963,,Cudayari,Pacifico,Patía,Río Guáitara,2001,23,Andes,Definitivo,13,13,0,11.5500459671021,11.5500459671021,53.635181427002,6.87919664382935,15.5839958190918,3.93818187713623,4.62545442581177,5,5,0.789855062961578,0.967391312122345,1,1,71,1.04999995231628,13.6499993801117
12,2002-12-21,52050040,,"",SANDONA [52050040],Pluviométrica,Convencional,Activa,Nariño,Sandoná,1.3223,-77.4792,20,9/15/1963,,Cudayari,Pacifico,Patía,Río Guáitara,2002,21,Andes,Preliminar,0,0,0,6.11602640151978,6.11602640151978,0,2.42738509178162,3.19764971733093,3.93818187713623,4.62545442581177,5,5,0.789855062961578,0.967391312122345,1,1,71,1.04999995231628,0
12,2003-12-19,52050040,,"",SANDONA [52050040],Pluviométrica,Convencional,Activa,Nariño,Sandoná,1.3223,-77.4792,20,9/15/1963,,Cudayari,Pacifico,Patía,Río Guáitara,2003,19,Andes,Preliminar,0,0,0,2.76046109199524,2.76046109199524,0,0.627806484699249,0,3.93818187713623,4.62545442581177,5,5,0.789855062961578,0.967391312122345,1,1,70,1.04999995231628,0
12,2020-12-21,52050040,0,En revisión,SANDONA [52050040],Pluviométrica,Convencional,Activa,Nariño,Sandoná,1.3223,-77.4792,20,9/15/1963,,Cudayari,Pacifico,Patía,Río Guáitara,2020,21,Andes,En revisión,0,0,0,5.25029993057251,5.25029993057251,0,5.32418823242188,0.245930761098862,3.93818187713623,4.62545442581177,5,5,0.789855062961578,0.967391312122345,1,1,71,1.04999995231628,0
12,2020-12-22,52050040,5,En revisión,SANDONA [52050040],Pluviométrica,Convencional,Activa,Nariño,Sandoná,1.3223,-77.4792,20,9/15/1963,,Cudayari,Pacifico,Patía,Río Guáitara,2020,22,Andes,En revisión,5,5,0,5.09690475463867,5.09690475463867,0,8.59301090240479,2.50690674781799,3.93818187713623,4.62545442581177,5,5,0.789855062961578,0.967391312122345,1,1,71,1.04999995231628,5.24999976158142
12,2020-12-23,52050040,10,En revisión,SANDONA [52050040],Pluviométrica,Convencional,Activa,Nariño,Sandoná,1.3223,-77.4792,20,9/15/1963,,Cudayari,Pacifico,Patía,Río Guáitara,2020,23,Andes,En revisión,10,10,0,10.3339223861694,10.3339223861694,11.4945907592773,13.2480010986328,7.03679180145264,3.93818187713623,4.62545442581177,5,5,0.789855062961578,0.967391312122345,1,1,71,1.04999995231628,10.4999995231628
12,2020-12-24,52050040,,"",SANDONA [52050040],Pluviométrica,Convencional,Activa,Nariño,Sandoná,1.3223,-77.4792,20,9/15/1963,,Cudayari,Pacifico,Patía,Río Guáitara,2020,24,Andes,Preliminar,0,0,0,12.8173532485962,12.8173532485962,34.4837760925293,5.31735992431641,12.0823373794556,3.93818187713623,4.62545442581177,5,5,0.789855062961578,0.967391312122345,1,1,71,1.04999995231628,0
12,2020-12-25,52050040,20,En revisión,SANDONA [52050040],Pluviométrica,Convencional,Activa,Nariño,Sandoná,1.3223,-77.4792,20,9/15/1963,,Cudayari,Pacifico,Patía,Río Guáitara,2020,25,Andes,En revisión,20,20,0,18.112174987793,18.112174987793,11.4945907592773,14.5457439422607,25.1563339233398,3.93818187713623,4.62545442581177,5,5,0.789855062961578,0.967391312122345,1,1,71,1.04999995231628,20.9999990463257
12,2020-12-26,52050040,5,En revisión,SANDONA [52050040],Pluviométrica,Convencional,Activa,Nariño,Sandoná,1.3223,-77.4792,20,9/15/1963,,Cudayari,Pacifico,Patía,Río Guáitara,2020,26,Andes,En revisión,5,5,0,8.10672187805176,8.10672187805176,0,14.3534069061279,29.1166744232178,3.93818187713623,4.62545442581177,5,5,0.789855062961578,0.967391312122345,1,1,72,1.04999995231628,5.24999976158142
12,2020-12-27,52050040,33,En revisión,SANDONA [52050040],Pluviométrica,Convencional,Activa,Nariño,Sandoná,1.3223,-77.4792,20,9/15/1963,,Cudayari,Pacifico,Patía,Río Guáitara,2020,27,Andes,En revisión,33,33,0,7.03322076797485,7.03322076797485,0,3.63301515579224,0.146580934524536,3.93818187713623,4.62545442581177,5,5,0.789855062961578,0.967391312122345,1,1,72,1.04999995231628,34.6499984264374
12,2020-12-28,52050040,0,En revisión,SANDONA [52050040],Pluviométrica,Convencional,Activa,Nariño,Sandoná,1.3223,-77.4792,20,9/15/1963,,Cudayari,Pacifico,Patía,Río Guáitara,2020,28,Andes,En revisión,0,0,0,5.44776248931885,5.44776248931885,42.1639251708984,15.5748653411865,10.7818422317505,3.93818187713623,4.62545442581177,5,5,0.789855062961578,0.967391312122345,1,1,72,1.04999995231628,0
12,2020-12-29,52050040,54,En revisión,SANDONA [52050040],Pluviométrica,Convencional,Activa,Nariño,Sandoná,1.3223,-77.4792,20,9/15/1963,,Cudayari,Pacifico,Patía,Río Guáitara,2020,29,Andes,En revisión,54,54,0,14.4732074737549,14.4732074737549,14.0546426773071,1.84767055511475,2.81353998184204,3.93818187713623,4.62545442581177,5,5,0.789855062961578,0.967391312122345,1,1,72,1.04999995231628,56.6999974250794
12,2020-12-30,52050040,9,En revisión,SANDONA [52050040],Pluviométrica,Convencional,Activa,Nariño,Sandoná,1.3223,-77.4792,20,9/15/1963,,Cudayari,Pacifico,Patía,Río Guáitara,2020,30,Andes,En revisión,9,9,0,17.028528213501,17.028528213501,0,24.2918395996094,8.81114292144775,3.93818187713623,4.62545442581177,5,5,0.789855062961578,0.967391312122345,1,1,72,1.04999995231628,9.44999957084656
12,2020-12-31,52050040,6,En revisión,SANDONA [52050040],Pluviométrica,Convencional,Activa,Nariño,Sandoná,1.3223,-77.4792,20,9/15/1963,,Cudayari,Pacifico,Patía,Río Guáitara,2020,31,Andes,En revisión,6,6,0,9.03407764434814,9.03407764434814,28.1092853546143,6.21583938598633,14.2468528747559,3.93818187713623,4.62545442581177,5,5,0.789855062961578,0.967391312122345,1,1,72,1.04999995231628,6.29999971389771
12,2008-12-03,52050040,5,Definitivo,SANDONA [52050040],Pluviométrica,Convencional,Activa,Nariño,Sandoná,1.3223,-77.4792,20,9/15/1963,,Cudayari,Pacifico,Patía,Río Guáitara,2008,03,Andes,Definitivo,5,5,0,8.69420433044434,8.69420433044434,51.9776458740234,6.9160008430481,6.35898590087891,3.93818187713623,4.62545442581177,5,5,0.789855062961578,0.967391312122345,1,1,67,1.04999995231628,5.24999976158142
12,2008-12-04,52050040,7,Definitivo,SANDONA [52050040],Pluviométrica,Convencional,Activa,Nariño,Sandoná,1.3223,-77.4792,20,9/15/1963,,Cudayari,Pacifico,Patía,Río Guáitara,2008,04,Andes,Definitivo,7,7,0,7.98201942443848,7.98201942443848,0,10.1218328475952,4.22314357757568,3.93818187713623,4.62545442581177,5,5,0.789855062961578,0.967391312122345,1,1,67,1.04999995231628,7.34999966621399
12,2008-12-05,52050040,2,Definitivo,SANDONA [52050040],Pluviométrica,Convencional,Activa,Nariño,Sandoná,1.3223,-77.4792,20,9/15/1963,,Cudayari,Pacifico,Patía,Río Guáitara,2008,05,Andes,Definitivo,2,2,0,12.8008279800415,12.8008279800415,0,6.99726247787476,10.4397401809692,3.93818187713623,4.62545442581177,5,5,0.789855062961578,0.967391312122345,1,1,67,1.04999995231628,2.09999990463257
12,2013-12-04,52050040,8,Definitivo,SANDONA [52050040],Pluviométrica,Convencional,Activa,Nariño,Sandoná,1.3223,-77.4792,20,9/15/1963,,Cudayari,Pacifico,Patía,Río Guáitara,2013,04,Andes,Definitivo,8,8,0,8.34596347808838,8.34596347808838,82.4586486816406,3.43847298622131,5.99414587020874,3.93818187713623,4.62545442581177,5,5,0.789855062961578,0.967391312122345,1,1,67,1.04999995231628,8.39999961853027
12,2013-12-05,52050040,1,Definitivo,SANDONA [52050040],Pluviométrica,Convencional,Activa,Nariño,Sandoná,1.3223,-77.4792,20,9/15/1963,,Cudayari,Pacifico,Patía,Río Guáitara,2013,05,Andes,Definitivo,1,1,0,6.62033224105835,6.62033224105835,0,4.15142393112183,3.12195062637329,3.93818187713623,4.62545442581177,5,5,0.789855062961578,0.967391312122345,1,1,67,1.04999995231628,1.04999995231628
12,2016-12-03,52050040,10,Definitivo,SANDONA [52050040],Pluviométrica,Convencional,Activa,Nariño,Sandoná,1.3223,-77.4792,20,9/15/1963,,Cudayari,Pacifico,Patía,Río Guáitara,2016,03,Andes,Definitivo,10,10,0,6.45937395095825,6.45937395095825,61.4945220947266,10.5627813339233,19.3302803039551,3.93818187713623,4.62545442581177,5,5,0.789855062961578,0.967391312122345,1,1,67,1.04999995231628,10.4999995231628
12,2018-12-05,52050040,0,Definitivo,SANDONA [52050040],Pluviométrica,Convencional,Activa,Nariño,Sandoná,1.3223,-77.4792,20,9/15/1963,,Cudayari,Pacifico,Patía,Río Guáitara,2018,05,Andes,Definitivo,0,0,0,2.15134191513062,2.15134191513062,0,2.03446388244629,0.602688670158386,3.93818187713623,4.62545442581177,5,5,0.789855062961578,0.967391312122345,1,1,67,1.04999995231628,0
12,2018-12-06,52050040,0,Definitivo,SANDONA [52050040],Pluviométrica,Convencional,Activa,Nariño,Sandoná,1.3223,-77.4792,20,9/15/1963,,Cudayari,Pacifico,Patía,Río Guáitara,2018,06,Andes,Definitivo,0,0,0,3.54513072967529,3.54513072967529,0,1.67778360843658,4.07540655136108,3.93818187713623,4.62545442581177,5,5,0.789855062961578,0.967391312122345,1,1,68,1.04999995231628,0
12,2018-12-07,52050040,6,Definitivo,SANDONA [52050040],Pluviométrica,Convencional,Activa,Nariño,Sandoná,1.3223,-77.4792,20,9/15/1963,,Cudayari,Pacifico,Patía,Río Guáitara,2018,07,Andes,Definitivo,6,6,0,4.43694257736206,4.43694257736206,0,0.939448654651642,0.474229097366333,3.93818187713623,4.62545442581177,5,5,0.789855062961578,0.967391312122345,1,1,68,1.04999995231628,6.29999971389771
12,2018-12-08,52050040,,"",SANDONA [52050040],Pluviométrica,Convencional,Activa,Nariño,Sandoná,1.3223,-77.4792,20,9/15/1963,,Cudayari,Pacifico,Patía,Río Guáitara,2018,08,Andes,Preliminar,0,0,0,8.59355640411377,8.59355640411377,0,1.76563239097595,0.514453947544098,3.93818187713623,4.62545442581177,5,5,0.789855062961578,0.967391312122345,1,1,68,1.04999995231628,0
12,2018-12-09,52050040,,"",SANDONA [52050040],Pluviométrica,Convencional,Activa,Nariño,Sandoná,1.3223,-77.4792,20,9/15/1963,,Cudayari,Pacifico,Patía,Río Guáitara,2018,09,Andes,Preliminar,0,0,0,2.46312761306763,2.46312761306763,0,0.34187912940979,0,3.93818187713623,4.62545442581177,5,5,0.789855062961578,0.967391312122345,1,1,68,1.04999995231628,0
12,2018-12-10,52050040,,"",SANDONA [52050040],Pluviométrica,Convencional,Activa,Nariño,Sandoná,1.3223,-77.4792,20,9/15/1963,,Cudayari,Pacifico,Patía,Río Guáitara,2018,10,Andes,Preliminar,0,0,0,2.51877498626709,2.51877498626709,0,0.339346081018448,0,3.93818187713623,4.62545442581177,5,5,0.789855062961578,0.967391312122345,1,1,68,1.04999995231628,0
12,2018-12-11,52050040,,"",SANDONA [52050040],Pluviométrica,Convencional,Activa,Nariño,Sandoná,1.3223,-77.4792,20,9/15/1963,,Cudayari,Pacifico,Patía,Río Guáitara,2018,11,Andes,Preliminar,0,0,0,4.82148122787476,4.82148122787476,0,0.324043542146683,0.392005890607834,3.93818187713623,4.62545442581177,5,5,0.789855062961578,0.967391312122345,1,1,69,1.04999995231628,0
12,2018-12-12,52050040,,"",SANDONA [52050040],Pluviométrica,Convencional,Activa,Nariño,Sandoná,1.3223,-77.4792,20,9/15/1963,,Cudayari,Pacifico,Patía,Río Guáitara,2018,12,Andes,Preliminar,0,0,0,3.69806575775147,3.69806575775147,0,0.202820777893066,0.204443246126175,3.93818187713623,4.62545442581177,5,5,0.789855062961578,0.967391312122345,1,1,69,1.04999995231628,0
12,2018-12-13,52050040,,"",SANDONA [52050040],Pluviométrica,Convencional,Activa,Nariño,Sandoná,1.3223,-77.4792,20,9/15/1963,,Cudayari,Pacifico,Patía,Río Guáitara,2018,13,Andes,Preliminar,0,0,0,3.23166441917419,3.23166441917419,0,0.621483087539673,0.208194509148598,3.93818187713623,4.62545442581177,5,5,0.789855062961578,0.967391312122345,1,1,69,1.04999995231628,0
12,2018-12-14,52050040,,"",SANDONA [52050040],Pluviométrica,Convencional,Activa,Nariño,Sandoná,1.3223,-77.4792,20,9/15/1963,,Cudayari,Pacifico,Patía,Río Guáitara,2018,14,Andes,Preliminar,0,0,0,3.45861053466797,3.45861053466797,0,0.801366865634918,1.22290825843811,3.93818187713623,4.62545442581177,5,5,0.789855062961578,0.967391312122345,1,1,69,1.04999995231628,0
12,2018-12-15,52050040,,"",SANDONA [52050040],Pluviométrica,Convencional,Activa,Nariño,Sandoná,1.3223,-77.4792,20,9/15/1963,,Cudayari,Pacifico,Patía,Río Guáitara,2018,15,Andes,Preliminar,0,0,0,2.52354598045349,2.52354598045349,0,0.0947182923555374,0.016880638897419,3.93818187713623,4.62545442581177,5,5,0.789855062961578,0.967391312122345,1,1,69,1.04999995231628,0
12,2018-12-16,52050040,,"",SANDONA [52050040],Pluviométrica,Convencional,Activa,Nariño,Sandoná,1.3223,-77.4792,20,9/15/1963,,Cudayari,Pacifico,Patía,Río Guáitara,2018,16,Andes,Preliminar,0,0,0,1.69446790218353,1.69446790218353,0,0.134242027997971,0,3.93818187713623,4.62545442581177,5,5,0.789855062961578,0.967391312122345,1,1,70,1.04999995231628,0
12,2018-12-17,52050040,,"",SANDONA [52050040],Pluviométrica,Convencional,Activa,Nariño,Sandoná,1.3223,-77.4792,20,9/15/1963,,Cudayari,Pacifico,Patía,Río Guáitara,2018,17,Andes,Preliminar,0,0,0,2.84806346893311,2.84806346893311,0,0.639916360378265,0,3.93818187713623,4.62545442581177,5,5,0.789855062961578,0.967391312122345,1,1,70,1.04999995231628,0
12,2018-12-18,52050040,,"",SANDONA [52050040],Pluviométrica,Convencional,Activa,Nariño,Sandoná,1.3223,-77.4792,20,9/15/1963,,Cudayari,Pacifico,Patía,Río Guáitara,2018,18,Andes,Preliminar,0,0,0,3.23616647720337,3.23616647720337,0,0.429639369249344,1.67893981933594,3.93818187713623,4.62545442581177,5,5,0.789855062961578,0.967391312122345,1,1,70,1.04999995231628,0
12,2018-12-19,52050040,,"",SANDONA [52050040],Pluviométrica,Convencional,Activa,Nariño,Sandoná,1.3223,-77.4792,20,9/15/1963,,Cudayari,Pacifico,Patía,Río Guáitara,2018,19,Andes,Preliminar,0,0,0,4.57650995254517,4.57650995254517,0,0.30319145321846,0.0953942984342575,3.93818187713623,4.62545442581177,5,5,0.789855062961578,0.967391312122345,1,1,70,1.04999995231628,0
12,2018-12-20,52050040,,"",SANDONA [52050040],Pluviométrica,Convencional,Activa,Nariño,Sandoná,1.3223,-77.4792,20,9/15/1963,,Cudayari,Pacifico,Patía,Río Guáitara,2018,20,Andes,Preliminar,0,0,0,5.96252584457398,5.96252584457398,0,0.49901682138443,0.231671899557114,3.93818187713623,4.62545442581177,5,5,0.789855062961578,0.967391312122345,1,1,70,1.04999995231628,0
12,2018-12-21,52050040,5,Definitivo,SANDONA [52050040],Pluviométrica,Convencional,Activa,Nariño,Sandoná,1.3223,-77.4792,20,9/15/1963,,Cudayari,Pacifico,Patía,Río Guáitara,2018,21,Andes,Definitivo,5,5,0,13.7307558059692,13.7307558059692,10.5888528823853,5.22539186477661,0.156458795070648,3.93818187713623,4.62545442581177,5,5,0.789855062961578,0.967391312122345,1,1,71,1.04999995231628,5.24999976158142
12,2018-12-22,52050040,,"",SANDONA [52050040],Pluviométrica,Convencional,Activa,Nariño,Sandoná,1.3223,-77.4792,20,9/15/1963,,Cudayari,Pacifico,Patía,Río Guáitara,2018,22,Andes,Preliminar,0,0,0,5.59806060791016,5.59806060791016,4.31710004806519,3.316974401474,3.53367924690247,3.93818187713623,4.62545442581177,5,5,0.789855062961578,0.967391312122345,1,1,71,1.04999995231628,0
12,2018-12-23,52050040,,"",SANDONA [52050040],Pluviométrica,Convencional,Activa,Nariño,Sandoná,1.3223,-77.4792,20,9/15/1963,,Cudayari,Pacifico,Patía,Río Guáitara,2018,23,Andes,Preliminar,0,0,0,2.57804393768311,2.57804393768311,1.98813021183014,0.485134035348892,5.81950330734253,3.93818187713623,4.62545442581177,5,5,0.789855062961578,0.967391312122345,1,1,71,1.04999995231628,0
12,2018-12-24,52050040,,"",SANDONA [52050040],Pluviométrica,Convencional,Activa,Nariño,Sandoná,1.3223,-77.4792,20,9/15/1963,,Cudayari,Pacifico,Patía,Río Guáitara,2018,24,Andes,Preliminar,0,0,0,7.01606702804565,7.01606702804565,5.41063499450684,0.835446834564209,0.793742120265961,3.93818187713623,4.62545442581177,5,5,0.789855062961578,0.967391312122345,1,1,71,1.04999995231628,0
12,2018-12-25,52050040,,"",SANDONA [52050040],Pluviométrica,Convencional,Activa,Nariño,Sandoná,1.3223,-77.4792,20,9/15/1963,,Cudayari,Pacifico,Patía,Río Guáitara,2018,25,Andes,Preliminar,0,0,0,4.2977876663208,4.2977876663208,3.31435823440552,0.440435379743576,0,3.93818187713623,4.62545442581177,5,5,0.789855062961578,0.967391312122345,1,1,71,1.04999995231628,0
12,2019-12-23,52050040,2,Definitivo,SANDONA [52050040],Pluviométrica,Convencional,Activa,Nariño,Sandoná,1.3223,-77.4792,20,9/15/1963,,Cudayari,Pacifico,Patía,Río Guáitara,2019,23,Andes,Definitivo,2,2,0,2.0399763584137,2.0399763584137,0,0.753140032291412,1.10727989673615,3.93818187713623,4.62545442581177,5,5,0.789855062961578,0.967391312122345,1,1,71,1.04999995231628,2.09999990463257
12,2020-12-20,52050040,11,En revisión,SANDONA [52050040],Pluviométrica,Convencional,Activa,Nariño,Sandoná,1.3223,-77.4792,20,9/15/1963,,Cudayari,Pacifico,Patía,Río Guáitara,2020,20,Andes,En revisión,11,11,0,4.83328771591187,4.83328771591187,44.7831649780273,8.46933650970459,10.1844968795776,3.93818187713623,4.62545442581177,5,5,0.789855062961578,0.967391312122345,1,1,70,1.04999995231628,11.5499994754791
12,2001-12-19,52050040,14,Definitivo,SANDONA [52050040],Pluviométrica,Convencional,Activa,Nariño,Sandoná,1.3223,-77.4792,20,9/15/1963,,Cudayari,Pacifico,Patía,Río Guáitara,2001,19,Andes,Definitivo,14,14,0,6.78057193756104,6.78057193756104,53.6289710998535,14.9648809432983,20.6941356658936,3.93818187713623,4.62545442581177,5,5,0.789855062961578,0.967391312122345,1,1,70,1.04999995231628,14.699999332428
12,2001-12-16,52050040,23,Definitivo,SANDONA [52050040],Pluviométrica,Convencional,Activa,Nariño,Sandoná,1.3223,-77.4792,20,9/15/1963,,Cudayari,Pacifico,Patía,Río Guáitara,2001,16,Andes,Definitivo,23,23,0,1.30080461502075,1.30080461502075,0,6.89878845214844,0,3.93818187713623,4.62545442581177,5,5,0.789855062961578,0.967391312122345,1,1,70,1.04999995231628,24.1499989032745
12,2003-12-13,52050040,5,Definitivo,SANDONA [52050040],Pluviométrica,Convencional,Activa,Nariño,Sandoná,1.3223,-77.4792,20,9/15/1963,,Cudayari,Pacifico,Patía,Río Guáitara,2003,13,Andes,Definitivo,5,5,0,8.73627853393555,8.73627853393555,11.1589126586914,4.19197702407837,11.6296234130859,3.93818187713623,4.62545442581177,5,5,0.789855062961578,0.967391312122345,1,1,69,1.04999995231628,5.24999976158142
12,2003-12-10,52050040,25,Definitivo,SANDONA [52050040],Pluviométrica,Convencional,Activa,Nariño,Sandoná,1.3223,-77.4792,20,9/15/1963,,Cudayari,Pacifico,Patía,Río Guáitara,2003,10,Andes,Definitivo,25,25,0,6.01490306854248,6.01490306854248,0,4.48562812805176,3.20859313011169,3.93818187713623,4.62545442581177,5,5,0.789855062961578,0.967391312122345,1,1,68,1.04999995231628,26.2499988079071
12,2002-12-09,52050040,,"",SANDONA [52050040],Pluviométrica,Convencional,Activa,Nariño,Sandoná,1.3223,-77.4792,20,9/15/1963,,Cudayari,Pacifico,Patía,Río Guáitara,2002,09,Andes,Preliminar,0,0,0,8.35707855224609,8.35707855224609,0,6.49849605560303,1.20713472366333,3.93818187713623,4.62545442581177,5,5,0.789855062961578,0.967391312122345,1,1,68,1.04999995231628,0
12,2001-12-08,52050040,11,Definitivo,SANDONA [52050040],Pluviométrica,Convencional,Activa,Nariño,Sandoná,1.3223,-77.4792,20,9/15/1963,,Cudayari,Pacifico,Patía,Río Guáitara,2001,08,Andes,Definitivo,11,11,0,3.96806406974793,3.96806406974793,0,1.06223559379578,2.55133533477783,3.93818187713623,4.62545442581177,5,5,0.789855062961578,0.967391312122345,1,1,68,1.04999995231628,11.5499994754791
12,2001-12-05,52050040,,"",SANDONA [52050040],Pluviométrica,Convencional,Activa,Nariño,Sandoná,1.3223,-77.4792,20,9/15/1963,,Cudayari,Pacifico,Patía,Río Guáitara,2001,05,Andes,Preliminar,0,0,0,7.07274341583252,7.07274341583252,0,1.66466534137726,0,3.93818187713623,4.62545442581177,5,5,0.789855062961578,0.967391312122345,1,1,67,1.04999995231628,0
12,2003-12-02,52050040,,"",SANDONA [52050040],Pluviométrica,Convencional,Activa,Nariño,Sandoná,1.3223,-77.4792,20,9/15/1963,,Cudayari,Pacifico,Patía,Río Guáitara,2003,02,Andes,Preliminar,0,0,0,4.00106287002564,4.00106287002564,4.69395780563355,8.31176567077637,2.11068058013916,3.93818187713623,4.62545442581177,5,5,0.789855062961578,0.967391312122345,1,1,67,1.04999995231628,0
12,2003-12-03,52050040,,"",SANDONA [52050040],Pluviométrica,Convencional,Activa,Nariño,Sandoná,1.3223,-77.4792,20,9/15/1963,,Cudayari,Pacifico,Patía,Río Guáitara,2003,03,Andes,Preliminar,0,0,0,1.3336877822876,1.3336877822876,0,2.2022705078125,3.81849265098572,3.93818187713623,4.62545442581177,5,5,0.789855062961578,0.967391312122345,1,1,67,1.04999995231628,0
12,2006-12-01,52050040,10,Definitivo,SANDONA [52050040],Pluviométrica,Convencional,Activa,Nariño,Sandoná,1.3223,-77.4792,20,9/15/1963,,Cudayari,Pacifico,Patía,Río Guáitara,2006,01,Andes,Definitivo,10,10,0,6.89669752120972,6.89669752120972,0,1.90470945835114,0.209225416183472,3.93818187713623,4.62545442581177,5,5,0.789855062961578,0.967391312122345,1,1,67,1.04999995231628,10.4999995231628
12,2006-12-02,52050040,11,Definitivo,SANDONA [52050040],Pluviométrica,Convencional,Activa,Nariño,Sandoná,1.3223,-77.4792,20,9/15/1963,,Cudayari,Pacifico,Patía,Río Guáitara,2006,02,Andes,Definitivo,11,11,0,6.89669752120972,6.89669752120972,0,2.65972399711609,1.84118318557739,3.93818187713623,4.62545442581177,5,5,0.789855062961578,0.967391312122345,1,1,67,1.04999995231628,11.5499994754791
12,2006-12-03,52050040,2,Definitivo,SANDONA [52050040],Pluviométrica,Convencional,Activa,Nariño,Sandoná,1.3223,-77.4792,20,9/15/1963,,Cudayari,Pacifico,Patía,Río Guáitara,2006,03,Andes,Definitivo,2,2,0,8.88551330566406,8.88551330566406,0,5.48806190490723,15.387035369873,3.93818187713623,4.62545442581177,5,5,0.789855062961578,0.967391312122345,1,1,67,1.04999995231628,2.09999990463257
12,2009-12-01,52050040,1,Definitivo,SANDONA [52050040],Pluviométrica,Convencional,Activa,Nariño,Sandoná,1.3223,-77.4792,20,9/15/1963,,Cudayari,Pacifico,Patía,Río Guáitara,2009,01,Andes,Definitivo,1,1,0,5.40050458908081,5.40050458908081,0,1.66223955154419,0,3.93818187713623,4.62545442581177,5,5,0.789855062961578,0.967391312122345,1,1,67,1.04999995231628,1.04999995231628
12,2009-12-02,52050040,2,Definitivo,SANDONA [52050040],Pluviométrica,Convencional,Activa,Nariño,Sandoná,1.3223,-77.4792,20,9/15/1963,,Cudayari,Pacifico,Patía,Río Guáitara,2009,02,Andes,Definitivo,2,2,0,3.86529588699341,3.86529588699341,0,0.444552570581436,0,3.93818187713623,4.62545442581177,5,5,0.789855062961578,0.967391312122345,1,1,67,1.04999995231628,2.09999990463257
12,2011-12-04,52050040,2,Definitivo,SANDONA [52050040],Pluviométrica,Convencional,Activa,Nariño,Sandoná,1.3223,-77.4792,20,9/15/1963,,Cudayari,Pacifico,Patía,Río Guáitara,2011,04,Andes,Definitivo,2,2,0,3.88066554069519,3.88066554069519,0,0.666522800922394,0.947166860103607,3.93818187713623,4.62545442581177,5,5,0.789855062961578,0.967391312122345,1,1,67,1.04999995231628,2.09999990463257
12,2011-12-05,52050040,,"",SANDONA [52050040],Pluviométrica,Convencional,Activa,Nariño,Sandoná,1.3223,-77.4792,20,9/15/1963,,Cudayari,Pacifico,Patía,Río Guáitara,2011,05,Andes,Preliminar,0,0,0,4.69080781936646,4.69080781936646,0,1.35964787006378,0.0366357006132603,3.93818187713623,4.62545442581177,5,5,0.789855062961578,0.967391312122345,1,1,67,1.04999995231628,0
12,2011-12-06,52050040,6,Definitivo,SANDONA [52050040],Pluviométrica,Convencional,Activa,Nariño,Sandoná,1.3223,-77.4792,20,9/15/1963,,Cudayari,Pacifico,Patía,Río Guáitara,2011,06,Andes,Definitivo,6,6,0,4.98345851898193,4.98345851898193,8.6208553314209,1.48663067817688,0,3.93818187713623,4.62545442581177,5,5,0.789855062961578,0.967391312122345,1,1,68,1.04999995231628,6.29999971389771
12,2016-12-04,52050040,1,Definitivo,SANDONA [52050040],Pluviométrica,Convencional,Activa,Nariño,Sandoná,1.3223,-77.4792,20,9/15/1963,,Cudayari,Pacifico,Patía,Río Guáitara,2016,04,Andes,Definitivo,1,1,0,10.0102920532227,10.0102920532227,0,4.17920684814453,3.89778232574463,3.93818187713623,4.62545442581177,5,5,0.789855062961578,0.967391312122345,1,1,67,1.04999995231628,1.04999995231628
12,2016-12-05,52050040,2,Definitivo,SANDONA [52050040],Pluviométrica,Convencional,Activa,Nariño,Sandoná,1.3223,-77.4792,20,9/15/1963,,Cudayari,Pacifico,Patía,Río Guáitara,2016,05,Andes,Definitivo,2,2,0,5.82367610931397,5.82367610931397,0,6.15844774246216,4.40011262893677,3.93818187713623,4.62545442581177,5,5,0.789855062961578,0.967391312122345,1,1,67,1.04999995231628,2.09999990463257
12,2019-12-04,52050040,14,Definitivo,SANDONA [52050040],Pluviométrica,Convencional,Activa,Nariño,Sandoná,1.3223,-77.4792,20,9/15/1963,,Cudayari,Pacifico,Patía,Río Guáitara,2019,04,Andes,Definitivo,14,14,0,5.76557874679565,5.76557874679565,0,11.1710414886475,4.11048603057861,3.93818187713623,4.62545442581177,5,5,0.789855062961578,0.967391312122345,1,1,67,1.04999995231628,14.699999332428
12,2019-12-05,52050040,15,Definitivo,SANDONA [52050040],Pluviométrica,Convencional,Activa,Nariño,Sandoná,1.3223,-77.4792,20,9/15/1963,,Cudayari,Pacifico,Patía,Río Guáitara,2019,05,Andes,Definitivo,15,15,0,8.99482917785645,8.99482917785645,94.4380416870117,7.99063873291016,29.1915168762207,3.93818187713623,4.62545442581177,5,5,0.789855062961578,0.967391312122345,1,1,67,1.04999995231628,15.7499992847443
12,2019-12-06,52050040,22,Definitivo,SANDONA [52050040],Pluviométrica,Convencional,Activa,Nariño,Sandoná,1.3223,-77.4792,20,9/15/1963,,Cudayari,Pacifico,Patía,Río Guáitara,2019,06,Andes,Definitivo,22,22,0,6.91494035720825,6.91494035720825,15.1567983627319,15.375714302063,4.45919847488403,3.93818187713623,4.62545442581177,5,5,0.789855062961578,0.967391312122345,1,1,68,1.04999995231628,23.0999989509583
12,2019-12-07,52050040,5,Definitivo,SANDONA [52050040],Pluviométrica,Convencional,Activa,Nariño,Sandoná,1.3223,-77.4792,20,9/15/1963,,Cudayari,Pacifico,Patía,Río Guáitara,2019,07,Andes,Definitivo,5,5,0,13.4148826599121,13.4148826599121,45.470401763916,14.8997354507446,22.9306354522705,3.93818187713623,4.62545442581177,5,5,0.789855062961578,0.967391312122345,1,1,68,1.04999995231628,5.24999976158142
12,2019-12-08,52050040,1,Definitivo,SANDONA [52050040],Pluviométrica,Convencional,Activa,Nariño,Sandoná,1.3223,-77.4792,20,9/15/1963,,Cudayari,Pacifico,Patía,Río Guáitara,2019,08,Andes,Definitivo,1,1,0,15.8280076980591,15.8280076980591,0,5.5012469291687,5.90384483337402,3.93818187713623,4.62545442581177,5,5,0.789855062961578,0.967391312122345,1,1,68,1.04999995231628,1.04999995231628
12,2019-12-09,52050040,6,Definitivo,SANDONA [52050040],Pluviométrica,Convencional,Activa,Nariño,Sandoná,1.3223,-77.4792,20,9/15/1963,,Cudayari,Pacifico,Patía,Río Guáitara,2019,09,Andes,Definitivo,6,6,0,13.8383359909058,13.8383359909058,60.6271934509277,3.23006439208984,15.0978116989136,3.93818187713623,4.62545442581177,5,5,0.789855062961578,0.967391312122345,1,1,68,1.04999995231628,6.29999971389771
12,2019-12-10,52050040,7,Definitivo,SANDONA [52050040],Pluviométrica,Convencional,Activa,Nariño,Sandoná,1.3223,-77.4792,20,9/15/1963,,Cudayari,Pacifico,Patía,Río Guáitara,2019,10,Andes,Definitivo,7,7,0,10.0758543014526,10.0758543014526,0,14.5537214279175,5.16899538040161,3.93818187713623,4.62545442581177,5,5,0.789855062961578,0.967391312122345,1,1,68,1.04999995231628,7.34999966621399
12,2019-12-11,52050040,9,Definitivo,SANDONA [52050040],Pluviométrica,Convencional,Activa,Nariño,Sandoná,1.3223,-77.4792,20,9/15/1963,,Cudayari,Pacifico,Patía,Río Guáitara,2019,11,Andes,Definitivo,9,9,0,4.60457038879395,4.60457038879395,0,7.0088038444519,7.24386405944824,3.93818187713623,4.62545442581177,5,5,0.789855062961578,0.967391312122345,1,1,69,1.04999995231628,9.44999957084656
12,2019-12-12,52050040,6,Definitivo,SANDONA [52050040],Pluviométrica,Convencional,Activa,Nariño,Sandoná,1.3223,-77.4792,20,9/15/1963,,Cudayari,Pacifico,Patía,Río Guáitara,2019,12,Andes,Definitivo,6,6,0,10.4398469924927,10.4398469924927,0,9.12504386901855,14.9901943206787,3.93818187713623,4.62545442581177,5,5,0.789855062961578,0.967391312122345,1,1,69,1.04999995231628,6.29999971389771
12,2019-12-13,52050040,31,Definitivo,SANDONA [52050040],Pluviométrica,Convencional,Activa,Nariño,Sandoná,1.3223,-77.4792,20,9/15/1963,,Cudayari,Pacifico,Patía,Río Guáitara,2019,13,Andes,Definitivo,31,31,0,4.1096682548523,4.1096682548523,0,14.8243789672852,2.84729957580566,3.93818187713623,4.62545442581177,5,5,0.789855062961578,0.967391312122345,1,1,69,1.04999995231628,32.5499985218048
12,2019-12-14,52050040,2,Definitivo,SANDONA [52050040],Pluviométrica,Convencional,Activa,Nariño,Sandoná,1.3223,-77.4792,20,9/15/1963,,Cudayari,Pacifico,Patía,Río Guáitara,2019,14,Andes,Definitivo,2,2,0,4.61883497238159,4.61883497238159,0,22.172534942627,29.6244697570801,3.93818187713623,4.62545442581177,5,5,0.789855062961578,0.967391312122345,1,1,69,1.04999995231628,2.09999990463257
12,2019-12-15,52050040,,"",SANDONA [52050040],Pluviométrica,Convencional,Activa,Nariño,Sandoná,1.3223,-77.4792,20,9/15/1963,,Cudayari,Pacifico,Patía,Río Guáitara,2019,15,Andes,Preliminar,0,0,0,2.97241187095642,2.97241187095642,0,3.98969292640686,2.41462159156799,3.93818187713623,4.62545442581177,5,5,0.789855062961578,0.967391312122345,1,1,69,1.04999995231628,0
12,2019-12-16,52050040,,"",SANDONA [52050040],Pluviométrica,Convencional,Activa,Nariño,Sandoná,1.3223,-77.4792,20,9/15/1963,,Cudayari,Pacifico,Patía,Río Guáitara,2019,16,Andes,Preliminar,0,0,0,4.21373081207275,4.21373081207275,0,1.4351521730423,1.82982420921326,3.93818187713623,4.62545442581177,5,5,0.789855062961578,0.967391312122345,1,1,70,1.04999995231628,0
12,2019-12-17,52050040,5,Definitivo,SANDONA [52050040],Pluviométrica,Convencional,Activa,Nariño,Sandoná,1.3223,-77.4792,20,9/15/1963,,Cudayari,Pacifico,Patía,Río Guáitara,2019,17,Andes,Definitivo,5,5,0,5.96013355255127,5.96013355255127,0,0.952056288719177,0,3.93818187713623,4.62545442581177,5,5,0.789855062961578,0.967391312122345,1,1,70,1.04999995231628,5.24999976158142
12,2019-12-18,52050040,1,Definitivo,SANDONA [52050040],Pluviométrica,Convencional,Activa,Nariño,Sandoná,1.3223,-77.4792,20,9/15/1963,,Cudayari,Pacifico,Patía,Río Guáitara,2019,18,Andes,Definitivo,1,1,0,5.83550786972046,5.83550786972046,0,1.01038455963135,1.79015326499939,3.93818187713623,4.62545442581177,5,5,0.789855062961578,0.967391312122345,1,1,70,1.04999995231628,1.04999995231628
12,2019-12-19,52050040,,"",SANDONA [52050040],Pluviométrica,Convencional,Activa,Nariño,Sandoná,1.3223,-77.4792,20,9/15/1963,,Cudayari,Pacifico,Patía,Río Guáitara,2019,19,Andes,Preliminar,0,0,0,1.15609574317932,1.15609574317932,0,0.868264734745026,0.193396061658859,3.93818187713623,4.62545442581177,5,5,0.789855062961578,0.967391312122345,1,1,70,1.04999995231628,0
12,2019-12-20,52050040,,"",SANDONA [52050040],Pluviométrica,Convencional,Activa,Nariño,Sandoná,1.3223,-77.4792,20,9/15/1963,,Cudayari,Pacifico,Patía,Río Guáitara,2019,20,Andes,Preliminar,0,0,0,1.1522661447525,1.1522661447525,0,0.851699352264404,1.30418360233307,3.93818187713623,4.62545442581177,5,5,0.789855062961578,0.967391312122345,1,1,70,1.04999995231628,0
12,2019-12-21,52050040,,"",SANDONA [52050040],Pluviométrica,Convencional,Activa,Nariño,Sandoná,1.3223,-77.4792,20,9/15/1963,,Cudayari,Pacifico,Patía,Río Guáitara,2019,21,Andes,Preliminar,0,0,0,6.14241743087769,6.14241743087769,0,0.233792215585709,0,3.93818187713623,4.62545442581177,5,5,0.789855062961578,0.967391312122345,1,1,71,1.04999995231628,0
12,2019-12-22,52050040,,"",SANDONA [52050040],Pluviométrica,Convencional,Activa,Nariño,Sandoná,1.3223,-77.4792,20,9/15/1963,,Cudayari,Pacifico,Patía,Río Guáitara,2019,22,Andes,Preliminar,0,0,0,2.90958309173584,2.90958309173584,0,0.197975739836693,0,3.93818187713623,4.62545442581177,5,5,0.789855062961578,0.967391312122345,1,1,71,1.04999995231628,0
12,2001-12-22,52050040,,"",SANDONA [52050040],Pluviométrica,Convencional,Activa,Nariño,Sandoná,1.3223,-77.4792,20,9/15/1963,,Cudayari,Pacifico,Patía,Río Guáitara,2001,22,Andes,Preliminar,2,2,0,2.40552282333374,2.40552282333374,0,9.54413223266602,2.30143404006958,3.93818187713623,4.62545442581177,5,5,0.789855062961578,0.967391312122345,1,1,71,1.04999995231628,2.09999990463257
12,2002-12-20,52050040,9,Definitivo,SANDONA [52050040],Pluviométrica,Convencional,Activa,Nariño,Sandoná,1.3223,-77.4792,20,9/15/1963,,Cudayari,Pacifico,Patía,Río Guáitara,2002,20,Andes,Definitivo,9,9,0,6.95006895065308,6.95006895065308,14.8467235565186,5.38827753067017,3.92560243606567,3.93818187713623,4.62545442581177,5,5,0.789855062961578,0.967391312122345,1,1,70,1.04999995231628,9.44999957084656
12,2021-12-18,52050040,16,En revisión,SANDONA [52050040],Pluviométrica,Convencional,Activa,Nariño,Sandoná,1.3223,-77.4792,20,9/15/1963,,Cudayari,Pacifico,Patía,Río Guáitara,2021,18,Andes,En revisión,16,16,0,2.94598484039307,2.94598484039307,0,3.80981659889221,6.78864336013794,3.93818187713623,4.62545442581177,5,5,0.789855062961578,0.967391312122345,1,1,70,1.04999995231628,16.7999992370605
12,2021-12-19,52050040,12,En revisión,SANDONA [52050040],Pluviométrica,Convencional,Activa,Nariño,Sandoná,1.3223,-77.4792,20,9/15/1963,,Cudayari,Pacifico,Patía,Río Guáitara,2021,19,Andes,En revisión,12,12,0,5.21227025985718,5.21227025985718,0,4.67610454559326,1.42124831676483,3.93818187713623,4.62545442581177,5,5,0.789855062961578,0.967391312122345,1,1,70,1.04999995231628,12.5999994277954
12,2021-12-20,52050040,10,En revisión,SANDONA [52050040],Pluviométrica,Convencional,Activa,Nariño,Sandoná,1.3223,-77.4792,20,9/15/1963,,Cudayari,Pacifico,Patía,Río Guáitara,2021,20,Andes,En revisión,10,10,0,4.74230861663818,4.74230861663818,0,1.88847804069519,5.81997203826904,3.93818187713623,4.62545442581177,5,5,0.789855062961578,0.967391312122345,1,1,70,1.04999995231628,10.4999995231628
12,2021-12-21,52050040,1,En revisión,SANDONA [52050040],Pluviométrica,Convencional,Activa,Nariño,Sandoná,1.3223,-77.4792,20,9/15/1963,,Cudayari,Pacifico,Patía,Río Guáitara,2021,21,Andes,En revisión,1,1,0,5.42880344390869,5.42880344390869,0,1.85984075069428,2.00509548187256,3.93818187713623,4.62545442581177,5,5,0.789855062961578,0.967391312122345,1,1,71,1.04999995231628,1.04999995231628
12,2021-12-22,52050040,,"",SANDONA [52050040],Pluviométrica,Convencional,Activa,Nariño,Sandoná,1.3223,-77.4792,20,9/15/1963,,Cudayari,Pacifico,Patía,Río Guáitara,2021,22,Andes,Preliminar,0,0,0,11.8378009796143,11.8378009796143,0,3.55246305465698,0,3.93818187713623,4.62545442581177,5,5,0.789855062961578,0.967391312122345,1,1,71,1.04999995231628,0
12,2021-12-23,52050040,,"",SANDONA [52050040],Pluviométrica,Convencional,Activa,Nariño,Sandoná,1.3223,-77.4792,20,9/15/1963,,Cudayari,Pacifico,Patía,Río Guáitara,2021,23,Andes,Preliminar,0,0,0,2.44575238227844,2.44575238227844,0,2.58473753929138,8.36725616455078,3.93818187713623,4.62545442581177,5,5,0.789855062961578,0.967391312122345,1,1,71,1.04999995231628,0
12,2021-12-24,52050040,,"",SANDONA [52050040],Pluviométrica,Convencional,Activa,Nariño,Sandoná,1.3223,-77.4792,20,9/15/1963,,Cudayari,Pacifico,Patía,Río Guáitara,2021,24,Andes,Preliminar,0,0,0,1.2246994972229,1.2246994972229,0,3.78667259216309,0.338412821292877,3.93818187713623,4.62545442581177,5,5,0.789855062961578,0.967391312122345,1,1,71,1.04999995231628,0
12,2021-12-25,52050040,0,En revisión,SANDONA [52050040],Pluviométrica,Convencional,Activa,Nariño,Sandoná,1.3223,-77.4792,20,9/15/1963,,Cudayari,Pacifico,Patía,Río Guáitara,2021,25,Andes,En revisión,0,0,0,2.54780578613281,2.54780578613281,0,1.17749440670013,2.2504448890686,3.93818187713623,4.62545442581177,5,5,0.789855062961578,0.967391312122345,1,1,71,1.04999995231628,0
12,2021-12-26,52050040,2,En revisión,SANDONA [52050040],Pluviométrica,Convencional,Activa,Nariño,Sandoná,1.3223,-77.4792,20,9/15/1963,,Cudayari,Pacifico,Patía,Río Guáitara,2021,26,Andes,En revisión,2,2,0,11.2467975616455,11.2467975616455,19.2560844421387,11.0523729324341,14.8745985031128,3.93818187713623,4.62545442581177,5,5,0.789855062961578,0.967391312122345,1,1,72,1.04999995231628,2.09999990463257
12,2021-12-27,52050040,,"",SANDONA [52050040],Pluviométrica,Convencional,Activa,Nariño,Sandoná,1.3223,-77.4792,20,9/15/1963,,Cudayari,Pacifico,Patía,Río Guáitara,2021,27,Andes,Preliminar,0,0,0,11.0657920837402,11.0657920837402,0,8.75776195526123,3.22545194625855,3.93818187713623,4.62545442581177,5,5,0.789855062961578,0.967391312122345,1,1,72,1.04999995231628,0
12,2021-12-28,52050040,8,En revisión,SANDONA [52050040],Pluviométrica,Convencional,Activa,Nariño,Sandoná,1.3223,-77.4792,20,9/15/1963,,Cudayari,Pacifico,Patía,Río Guáitara,2021,28,Andes,En revisión,8,8,0,14.9016380310059,14.9016380310059,19.2560844421387,12.6227025985718,23.5645580291748,3.93818187713623,4.62545442581177,5,5,0.789855062961578,0.967391312122345,1,1,72,1.04999995231628,8.39999961853027
12,2021-12-29,52050040,9,En revisión,SANDONA [52050040],Pluviométrica,Convencional,Activa,Nariño,Sandoná,1.3223,-77.4792,20,9/15/1963,,Cudayari,Pacifico,Patía,Río Guáitara,2021,29,Andes,En revisión,9,9,0,12.2308654785156,12.2308654785156,0,15.876558303833,3.21940064430237,3.93818187713623,4.62545442581177,5,5,0.789855062961578,0.967391312122345,1,1,72,1.04999995231628,9.44999957084656
12,2021-12-30,52050040,,"",SANDONA [52050040],Pluviométrica,Convencional,Activa,Nariño,Sandoná,1.3223,-77.4792,20,9/15/1963,,Cudayari,Pacifico,Patía,Río Guáitara,2021,30,Andes,Preliminar,0,0,0,19.3027248382568,19.3027248382568,77.0243377685547,12.7311325073242,24.0123729705811,3.93818187713623,4.62545442581177,5,5,0.789855062961578,0.967391312122345,1,1,72,1.04999995231628,0
12,2021-12-31,52050040,,"",SANDONA [52050040],Pluviométrica,Convencional,Activa,Nariño,Sandoná,1.3223,-77.4792,20,9/15/1963,,Cudayari,Pacifico,Patía,Río Guáitara,2021,31,Andes,Preliminar,0,0,0,5.66737842559815,5.66737842559815,0,7.85585880279541,0,3.93818187713623,4.62545442581177,5,5,0.789855062961578,0.967391312122345,1,1,72,1.04999995231628,0
12,2009-12-03,52050040,1,Definitivo,SANDONA [52050040],Pluviométrica,Convencional,Activa,Nariño,Sandoná,1.3223,-77.4792,20,9/15/1963,,Cudayari,Pacifico,Patía,Río Guáitara,2009,03,Andes,Definitivo,1,1,0,3.70164489746094,3.70164489746094,0,1.41204822063446,1.41750419139862,3.93818187713623,4.62545442581177,5,5,0.789855062961578,0.967391312122345,1,1,67,1.04999995231628,1.04999995231628
12,2012-12-01,52050040,,"",SANDONA [52050040],Pluviométrica,Convencional,Activa,Nariño,Sandoná,1.3223,-77.4792,20,9/15/1963,,Cudayari,Pacifico,Patía,Río Guáitara,2012,01,Andes,Preliminar,0,0,0,6.77310657501221,6.77310657501221,0,13.8074407577515,12.0343141555786,3.93818187713623,4.62545442581177,5,5,0.789855062961578,0.967391312122345,1,1,67,1.04999995231628,0
12,2012-12-02,52050040,,"",SANDONA [52050040],Pluviométrica,Convencional,Activa,Nariño,Sandoná,1.3223,-77.4792,20,9/15/1963,,Cudayari,Pacifico,Patía,Río Guáitara,2012,02,Andes,Preliminar,0,0,0,4.30133008956909,4.30133008956909,0,3.12219572067261,0.0665930435061455,3.93818187713623,4.62545442581177,5,5,0.789855062961578,0.967391312122345,1,1,67,1.04999995231628,0
12,2014-12-04,52050040,19,Definitivo,SANDONA [52050040],Pluviométrica,Convencional,Activa,Nariño,Sandoná,1.3223,-77.4792,20,9/15/1963,,Cudayari,Pacifico,Patía,Río Guáitara,2014,04,Andes,Definitivo,19,19,0,4.57332611083984,4.57332611083984,0,3.91997671127319,5.2204384803772,3.93818187713623,4.62545442581177,5,5,0.789855062961578,0.967391312122345,1,1,67,1.04999995231628,19.9499990940094
12,2014-12-05,52050040,10,Definitivo,SANDONA [52050040],Pluviométrica,Convencional,Activa,Nariño,Sandoná,1.3223,-77.4792,20,9/15/1963,,Cudayari,Pacifico,Patía,Río Guáitara,2014,05,Andes,Definitivo,10,10,0,7.527099609375,7.527099609375,24.1156311035156,5.6250958442688,7.23435688018799,3.93818187713623,4.62545442581177,5,5,0.789855062961578,0.967391312122345,1,1,67,1.04999995231628,10.4999995231628
12,2014-12-06,52050040,15,Definitivo,SANDONA [52050040],Pluviométrica,Convencional,Activa,Nariño,Sandoná,1.3223,-77.4792,20,9/15/1963,,Cudayari,Pacifico,Patía,Río Guáitara,2014,06,Andes,Definitivo,15,15,0,7.53908729553223,7.53908729553223,0,9.66362476348877,0.0682353675365448,3.93818187713623,4.62545442581177,5,5,0.789855062961578,0.967391312122345,1,1,68,1.04999995231628,15.7499992847443
12,2017-12-04,52050040,,"",SANDONA [52050040],Pluviométrica,Convencional,Activa,Nariño,Sandoná,1.3223,-77.4792,20,9/15/1963,,Cudayari,Pacifico,Patía,Río Guáitara,2017,04,Andes,Preliminar,0,0,0,1.10261046886444,1.10261046886444,0,0.881328165531158,0,3.93818187713623,4.62545442581177,5,5,0.789855062961578,0.967391312122345,1,1,67,1.04999995231628,0
12,2017-12-05,52050040,,"",SANDONA [52050040],Pluviométrica,Convencional,Activa,Nariño,Sandoná,1.3223,-77.4792,20,9/15/1963,,Cudayari,Pacifico,Patía,Río Guáitara,2017,05,Andes,Preliminar,0,0,0,0.443642646074295,0.443642646074295,0,0.547189712524414,0,3.93818187713623,4.62545442581177,5,5,0.789855062961578,0.967391312122345,1,1,67,1.04999995231628,0
12,2020-12-03,52050040,,"",SANDONA [52050040],Pluviométrica,Convencional,Activa,Nariño,Sandoná,1.3223,-77.4792,20,9/15/1963,,Cudayari,Pacifico,Patía,Río Guáitara,2020,03,Andes,Preliminar,4,4,0,3.65671277046204,3.65671277046204,0,4.10879278182983,0.795043587684631,3.93818187713623,4.62545442581177,5,5,0.789855062961578,0.967391312122345,1,1,67,1.04999995231628,4.19999980926514
12,2020-12-04,52050040,8,En revisión,SANDONA [52050040],Pluviométrica,Convencional,Activa,Nariño,Sandoná,1.3223,-77.4792,20,9/15/1963,,Cudayari,Pacifico,Patía,Río Guáitara,2020,04,Andes,En revisión,8,8,0,2.767817735672,2.767817735672,0,1.14240622520447,1.5723317861557,3.93818187713623,4.62545442581177,5,5,0.789855062961578,0.967391312122345,1,1,67,1.04999995231628,8.39999961853027
12,2020-12-05,52050040,,"",SANDONA [52050040],Pluviométrica,Convencional,Activa,Nariño,Sandoná,1.3223,-77.4792,20,9/15/1963,,Cudayari,Pacifico,Patía,Río Guáitara,2020,05,Andes,Preliminar,7,7,0,2.10802626609802,2.10802626609802,0,4.18859195709229,3.5984103679657,3.93818187713623,4.62545442581177,5,5,0.789855062961578,0.967391312122345,1,1,67,1.04999995231628,7.34999966621399
12,2020-12-06,52050040,,"",SANDONA [52050040],Pluviométrica,Convencional,Activa,Nariño,Sandoná,1.3223,-77.4792,20,9/15/1963,,Cudayari,Pacifico,Patía,Río Guáitara,2020,06,Andes,Preliminar,0,0,0,5.65402746200562,5.65402746200562,0,2.63067078590393,0.422722816467285,3.93818187713623,4.62545442581177,5,5,0.789855062961578,0.967391312122345,1,1,68,1.04999995231628,0
12,2020-12-07,52050040,1,En revisión,SANDONA [52050040],Pluviométrica,Convencional,Activa,Nariño,Sandoná,1.3223,-77.4792,20,9/15/1963,,Cudayari,Pacifico,Patía,Río Guáitara,2020,07,Andes,En revisión,1,1,0,6.36671161651611,6.36671161651611,0,3.85936307907105,0.308235377073288,3.93818187713623,4.62545442581177,5,5,0.789855062961578,0.967391312122345,1,1,68,1.04999995231628,1.04999995231628
12,2020-12-08,52050040,35,En revisión,SANDONA [52050040],Pluviométrica,Convencional,Activa,Nariño,Sandoná,1.3223,-77.4792,20,9/15/1963,,Cudayari,Pacifico,Patía,Río Guáitara,2020,08,Andes,En revisión,35,35,0,7.68541097640991,7.68541097640991,0,5.64058017730713,9.8018856048584,3.93818187713623,4.62545442581177,5,5,0.789855062961578,0.967391312122345,1,1,68,1.04999995231628,36.7499983310699
12,2020-12-09,52050040,2,En revisión,SANDONA [52050040],Pluviométrica,Convencional,Activa,Nariño,Sandoná,1.3223,-77.4792,20,9/15/1963,,Cudayari,Pacifico,Patía,Río Guáitara,2020,09,Andes,En revisión,2,2,0,6.13436317443848,6.13436317443848,42.9501533508301,11.7812099456787,22.2046909332275,3.93818187713623,4.62545442581177,5,5,0.789855062961578,0.967391312122345,1,1,68,1.04999995231628,2.09999990463257
12,2020-12-10,52050040,2,En revisión,SANDONA [52050040],Pluviométrica,Convencional,Activa,Nariño,Sandoná,1.3223,-77.4792,20,9/15/1963,,Cudayari,Pacifico,Patía,Río Guáitara,2020,10,Andes,En revisión,2,2,0,5.08541107177734,5.08541107177734,0,9.45392227172852,0.628213047981262,3.93818187713623,4.62545442581177,5,5,0.789855062961578,0.967391312122345,1,1,68,1.04999995231628,2.09999990463257
12,2020-12-11,52050040,1,En revisión,SANDONA [52050040],Pluviométrica,Convencional,Activa,Nariño,Sandoná,1.3223,-77.4792,20,9/15/1963,,Cudayari,Pacifico,Patía,Río Guáitara,2020,11,Andes,En revisión,1,1,0,5.86034393310547,5.86034393310547,7.80731105804443,2.48736310005188,12.9622783660889,3.93818187713623,4.62545442581177,5,5,0.789855062961578,0.967391312122345,1,1,69,1.04999995231628,1.04999995231628
12,2020-12-12,52050040,3,En revisión,SANDONA [52050040],Pluviométrica,Convencional,Activa,Nariño,Sandoná,1.3223,-77.4792,20,9/15/1963,,Cudayari,Pacifico,Patía,Río Guáitara,2020,12,Andes,En revisión,3,3,0,4.35407495498657,4.35407495498657,0,3.2159640789032,0.155654683709145,3.93818187713623,4.62545442581177,5,5,0.789855062961578,0.967391312122345,1,1,69,1.04999995231628,3.14999985694885
12,2020-12-13,52050040,,"",SANDONA [52050040],Pluviométrica,Convencional,Activa,Nariño,Sandoná,1.3223,-77.4792,20,9/15/1963,,Cudayari,Pacifico,Patía,Río Guáitara,2020,13,Andes,Preliminar,0,0,0,6.37630939483643,6.37630939483643,0,1.50232422351837,1.2989114522934,3.93818187713623,4.62545442581177,5,5,0.789855062961578,0.967391312122345,1,1,69,1.04999995231628,0
12,2020-12-14,52050040,,"",SANDONA [52050040],Pluviométrica,Convencional,Activa,Nariño,Sandoná,1.3223,-77.4792,20,9/15/1963,,Cudayari,Pacifico,Patía,Río Guáitara,2020,14,Andes,Preliminar,0,0,0,1.38258981704712,1.38258981704712,7.80731105804443,3.02423453330994,0.488433629274368,3.93818187713623,4.62545442581177,5,5,0.789855062961578,0.967391312122345,1,1,69,1.04999995231628,0
12,2020-12-15,52050040,,"",SANDONA [52050040],Pluviométrica,Convencional,Activa,Nariño,Sandoná,1.3223,-77.4792,20,9/15/1963,,Cudayari,Pacifico,Patía,Río Guáitara,2020,15,Andes,Preliminar,0,0,0,5.76802492141724,5.76802492141724,0,4.76663875579834,0.0912458524107933,3.93818187713623,4.62545442581177,5,5,0.789855062961578,0.967391312122345,1,1,69,1.04999995231628,0
12,2020-12-16,52050040,,"",SANDONA [52050040],Pluviométrica,Convencional,Activa,Nariño,Sandoná,1.3223,-77.4792,20,9/15/1963,,Cudayari,Pacifico,Patía,Río Guáitara,2020,16,Andes,Preliminar,0,0,0,3.96366405487061,3.96366405487061,0,5.17218828201294,0.292074114084244,3.93818187713623,4.62545442581177,5,5,0.789855062961578,0.967391312122345,1,1,70,1.04999995231628,0
12,2020-12-17,52050040,23,En revisión,SANDONA [52050040],Pluviométrica,Convencional,Activa,Nariño,Sandoná,1.3223,-77.4792,20,9/15/1963,,Cudayari,Pacifico,Patía,Río Guáitara,2020,17,Andes,En revisión,23,23,0,6.34798669815064,6.34798669815064,0,7.42274856567383,3.1239230632782,3.93818187713623,4.62545442581177,5,5,0.789855062961578,0.967391312122345,1,1,70,1.04999995231628,24.1499989032745
12,2020-12-18,52050040,12,En revisión,SANDONA [52050040],Pluviométrica,Convencional,Activa,Nariño,Sandoná,1.3223,-77.4792,20,9/15/1963,,Cudayari,Pacifico,Patía,Río Guáitara,2020,18,Andes,En revisión,12,12,0,4.32300329208374,4.32300329208374,0,8.15627861022949,18.6546478271484,3.93818187713623,4.62545442581177,5,5,0.789855062961578,0.967391312122345,1,1,70,1.04999995231628,12.5999994277954
12,2020-12-19,52050040,15,En revisión,SANDONA [52050040],Pluviométrica,Convencional,Activa,Nariño,Sandoná,1.3223,-77.4792,20,9/15/1963,,Cudayari,Pacifico,Patía,Río Guáitara,2020,19,Andes,En revisión,15,15,0,4.02142095565796,4.02142095565796,0,3.99970364570618,0.965114414691925,3.93818187713623,4.62545442581177,5,5,0.789855062961578,0.967391312122345,1,1,70,1.04999995231628,15.7499992847443
12,2021-12-17,52050040,6,En revisión,SANDONA [52050040],Pluviométrica,Convencional,Activa,Nariño,Sandoná,1.3223,-77.4792,20,9/15/1963,,Cudayari,Pacifico,Patía,Río Guáitara,2021,17,Andes,En revisión,6,6,0,2.29378938674927,2.29378938674927,0,2.59196662902832,0.404936671257019,3.93818187713623,4.62545442581177,5,5,0.789855062961578,0.967391312122345,1,1,70,1.04999995231628,6.29999971389771
12,2003-12-18,52050040,,"",SANDONA [52050040],Pluviométrica,Convencional,Activa,Nariño,Sandoná,1.3223,-77.4792,20,9/15/1963,,Cudayari,Pacifico,Patía,Río Guáitara,2003,18,Andes,Preliminar,0,0,0,6.25704526901245,6.25704526901245,0,1.37243330478668,1.25511050224304,3.93818187713623,4.62545442581177,5,5,0.789855062961578,0.967391312122345,1,1,70,1.04999995231628,0
12,2001-12-18,52050040,10,Definitivo,SANDONA [52050040],Pluviométrica,Convencional,Activa,Nariño,Sandoná,1.3223,-77.4792,20,9/15/1963,,Cudayari,Pacifico,Patía,Río Guáitara,2001,18,Andes,Definitivo,10,10,0,6.0431079864502,6.0431079864502,0,5.86101055145264,1.78695869445801,3.93818187713623,4.62545442581177,5,5,0.789855062961578,0.967391312122345,1,1,70,1.04999995231628,10.4999995231628
12,2001-12-15,52050040,,"",SANDONA [52050040],Pluviométrica,Convencional,Activa,Nariño,Sandoná,1.3223,-77.4792,20,9/15/1963,,Cudayari,Pacifico,Patía,Río Guáitara,2001,15,Andes,Preliminar,0,0,0,0.117920331656933,0.117920331656933,0,2.96355938911438,0,3.93818187713623,4.62545442581177,5,5,0.789855062961578,0.967391312122345,1,1,69,1.04999995231628,0
12,2001-12-13,52050040,0,Definitivo,SANDONA [52050040],Pluviométrica,Convencional,Activa,Nariño,Sandoná,1.3223,-77.4792,20,9/15/1963,,Cudayari,Pacifico,Patía,Río Guáitara,2001,13,Andes,Definitivo,0,0,0,8.00679016113281,8.00679016113281,15.0774869918823,6.37855195999146,0,3.93818187713623,4.62545442581177,5,5,0.789855062961578,0.967391312122345,1,1,69,1.04999995231628,0
12,2001-12-10,52050040,19,Definitivo,SANDONA [52050040],Pluviométrica,Convencional,Activa,Nariño,Sandoná,1.3223,-77.4792,20,9/15/1963,,Cudayari,Pacifico,Patía,Río Guáitara,2001,10,Andes,Definitivo,19,19,0,0.430771023035049,0.430771023035049,0,0.853609263896942,0.044480137526989,3.93818187713623,4.62545442581177,5,5,0.789855062961578,0.967391312122345,1,1,68,1.04999995231628,19.9499990940094
12,2003-12-07,52050040,7,Definitivo,SANDONA [52050040],Pluviométrica,Convencional,Activa,Nariño,Sandoná,1.3223,-77.4792,20,9/15/1963,,Cudayari,Pacifico,Patía,Río Guáitara,2003,07,Andes,Definitivo,7,7,0,5.01074600219727,5.01074600219727,39.593994140625,11.9531116485596,0.555819272994995,3.93818187713623,4.62545442581177,5,5,0.789855062961578,0.967391312122345,1,1,68,1.04999995231628,7.34999966621399
12,2001-12-07,52050040,,"",SANDONA [52050040],Pluviométrica,Convencional,Activa,Nariño,Sandoná,1.3223,-77.4792,20,9/15/1963,,Cudayari,Pacifico,Patía,Río Guáitara,2001,07,Andes,Preliminar,0,0,0,3.84380316734314,3.84380316734314,0,1.42232167720795,0.00684309843927622,3.93818187713623,4.62545442581177,5,5,0.789855062961578,0.967391312122345,1,1,68,1.04999995231628,0
12,2001-12-04,52050040,14,Definitivo,SANDONA [52050040],Pluviométrica,Convencional,Activa,Nariño,Sandoná,1.3223,-77.4792,20,9/15/1963,,Cudayari,Pacifico,Patía,Río Guáitara,2001,04,Andes,Definitivo,14,14,0,9.33741569519043,9.33741569519043,0,0.965285301208496,0,3.93818187713623,4.62545442581177,5,5,0.789855062961578,0.967391312122345,1,1,67,1.04999995231628,14.699999332428
12,2001-12-02,52050040,3,Definitivo,SANDONA [52050040],Pluviométrica,Convencional,Activa,Nariño,Sandoná,1.3223,-77.4792,20,9/15/1963,,Cudayari,Pacifico,Patía,Río Guáitara,2001,02,Andes,Definitivo,3,3,0,0.818765878677368,0.818765878677368,0,1.61253702640533,5.99810266494751,3.93818187713623,4.62545442581177,5,5,0.789855062961578,0.967391312122345,1,1,67,1.04999995231628,3.14999985694885
12,2001-12-03,52050040,2,Definitivo,SANDONA [52050040],Pluviométrica,Convencional,Activa,Nariño,Sandoná,1.3223,-77.4792,20,9/15/1963,,Cudayari,Pacifico,Patía,Río Guáitara,2001,03,Andes,Definitivo,2,2,0,0.64456033706665,0.64456033706665,0,0.608179569244385,0.0337351076304913,3.93818187713623,4.62545442581177,5,5,0.789855062961578,0.967391312122345,1,1,67,1.04999995231628,2.09999990463257
12,2004-12-01,52050040,5,Definitivo,SANDONA [52050040],Pluviométrica,Convencional,Activa,Nariño,Sandoná,1.3223,-77.4792,20,9/15/1963,,Cudayari,Pacifico,Patía,Río Guáitara,2004,01,Andes,Definitivo,5,5,0,14.0699148178101,14.0699148178101,12.4610185623169,6.15998840332031,7.15421581268311,3.93818187713623,4.62545442581177,5,5,0.789855062961578,0.967391312122345,1,1,67,1.04999995231628,5.24999976158142
12,2004-12-02,52050040,20,Definitivo,SANDONA [52050040],Pluviométrica,Convencional,Activa,Nariño,Sandoná,1.3223,-77.4792,20,9/15/1963,,Cudayari,Pacifico,Patía,Río Guáitara,2004,02,Andes,Definitivo,20,20,0,12.3927068710327,12.3927068710327,12.4610185623169,5.39736366271973,7.6584358215332,3.93818187713623,4.62545442581177,5,5,0.789855062961578,0.967391312122345,1,1,67,1.04999995231628,20.9999990463257
12,2007-12-01,52050040,9,Definitivo,SANDONA [52050040],Pluviométrica,Convencional,Activa,Nariño,Sandoná,1.3223,-77.4792,20,9/15/1963,,Cudayari,Pacifico,Patía,Río Guáitara,2007,01,Andes,Definitivo,9,9,0,8.835618019104,8.835618019104,0,6.05512571334839,5.71769905090332,3.93818187713623,4.62545442581177,5,5,0.789855062961578,0.967391312122345,1,1,67,1.04999995231628,9.44999957084656
12,2007-12-02,52050040,22,Definitivo,SANDONA [52050040],Pluviométrica,Convencional,Activa,Nariño,Sandoná,1.3223,-77.4792,20,9/15/1963,,Cudayari,Pacifico,Patía,Río Guáitara,2007,02,Andes,Definitivo,22,22,0,6.81006097793579,6.81006097793579,0,5.57694101333618,0.645790338516235,3.93818187713623,4.62545442581177,5,5,0.789855062961578,0.967391312122345,1,1,67,1.04999995231628,23.0999989509583
12,2007-12-03,52050040,19,Definitivo,SANDONA [52050040],Pluviométrica,Convencional,Activa,Nariño,Sandoná,1.3223,-77.4792,20,9/15/1963,,Cudayari,Pacifico,Patía,Río Guáitara,2007,03,Andes,Definitivo,19,19,0,0.698467791080475,0.698467791080475,0,4.98000955581665,6.4352445602417,3.93818187713623,4.62545442581177,5,5,0.789855062961578,0.967391312122345,1,1,67,1.04999995231628,19.9499990940094
12,2010-12-01,52050040,9,Definitivo,SANDONA [52050040],Pluviométrica,Convencional,Activa,Nariño,Sandoná,1.3223,-77.4792,20,9/15/1963,,Cudayari,Pacifico,Patía,Río Guáitara,2010,01,Andes,Definitivo,9,9,0,29.5355205535889,29.5355205535889,0,16.2409420013428,0.728723764419556,3.93818187713623,4.62545442581177,5,5,0.789855062961578,0.967391312122345,1,1,67,1.04999995231628,9.44999957084656
12,2010-12-02,52050040,,"",SANDONA [52050040],Pluviométrica,Convencional,Activa,Nariño,Sandoná,1.3223,-77.4792,20,9/15/1963,,Cudayari,Pacifico,Patía,Río Guáitara,2010,02,Andes,Preliminar,0,0,0,10.0529861450195,10.0529861450195,17.3689422607422,9.6696949005127,22.5760688781738,3.93818187713623,4.62545442581177,5,5,0.789855062961578,0.967391312122345,1,1,67,1.04999995231628,0
12,2015-12-01,52050040,,"",SANDONA [52050040],Pluviométrica,Convencional,Activa,Nariño,Sandoná,1.3223,-77.4792,20,9/15/1963,,Cudayari,Pacifico,Patía,Río Guáitara,2015,01,Andes,Preliminar,,,1,12.2128829956055,12.2128829956055,0,2.72390460968018,0.166986525058746,3.93818187713623,4.62545442581177,5,5,0.789855062961578,0.967391312122345,1,1,67,1.04999995231628,
12,2015-12-02,52050040,,"",SANDONA [52050040],Pluviométrica,Convencional,Activa,Nariño,Sandoná,1.3223,-77.4792,20,9/15/1963,,Cudayari,Pacifico,Patía,Río Guáitara,2015,02,Andes,Preliminar,,,1,15.0306053161621,15.0306053161621,14.8298206329346,1.67842948436737,0.834932565689087,3.93818187713623,4.62545442581177,5,5,0.789855062961578,0.967391312122345,1,1,67,1.04999995231628,
12,2015-12-03,52050040,,"",SANDONA [52050040],Pluviométrica,Convencional,Activa,Nariño,Sandoná,1.3223,-77.4792,20,9/15/1963,,Cudayari,Pacifico,Patía,Río Guáitara,2015,03,Andes,Preliminar,,,1,1.98849785327911,1.98849785327911,0,1.67784464359283,0,3.93818187713623,4.62545442581177,5,5,0.789855062961578,0.967391312122345,1,1,67,1.04999995231628,
12,2018-12-01,52050040,,"",SANDONA [52050040],Pluviométrica,Convencional,Activa,Nariño,Sandoná,1.3223,-77.4792,20,9/15/1963,,Cudayari,Pacifico,Patía,Río Guáitara,2018,01,Andes,Preliminar,0,0,0,5.33214569091797,5.33214569091797,0,3.34819984436035,2.55389332771301,3.93818187713623,4.62545442581177,5,5,0.789855062961578,0.967391312122345,1,1,67,1.04999995231628,0
12,2018-12-02,52050040,10,Definitivo,SANDONA [52050040],Pluviométrica,Convencional,Activa,Nariño,Sandoná,1.3223,-77.4792,20,9/15/1963,,Cudayari,Pacifico,Patía,Río Guáitara,2018,02,Andes,Definitivo,10,10,0,5.325035572052,5.325035572052,19.337329864502,3.26253175735474,1.09237313270569,3.93818187713623,4.62545442581177,5,5,0.789855062961578,0.967391312122345,1,1,67,1.04999995231628,10.4999995231628
12,2018-12-03,52050040,0,Definitivo,SANDONA [52050040],Pluviométrica,Convencional,Activa,Nariño,Sandoná,1.3223,-77.4792,20,9/15/1963,,Cudayari,Pacifico,Patía,Río Guáitara,2018,03,Andes,Definitivo,0,0,0,7.94477510452271,7.94477510452271,19.337329864502,2.88519048690796,8.3773717880249,3.93818187713623,4.62545442581177,5,5,0.789855062961578,0.967391312122345,1,1,67,1.04999995231628,0
12,2021-12-01,52050040,17,En revisión,SANDONA [52050040],Pluviométrica,Convencional,Activa,Nariño,Sandoná,1.3223,-77.4792,20,9/15/1963,,Cudayari,Pacifico,Patía,Río Guáitara,2021,01,Andes,En revisión,17,17,0,9.16510391235352,9.16510391235352,0,4.20124053955078,0.0686106979846954,3.93818187713623,4.62545442581177,5,5,0.789855062961578,0.967391312122345,1,1,67,1.04999995231628,17.8499991893768
12,2021-12-02,52050040,,"",SANDONA [52050040],Pluviométrica,Convencional,Activa,Nariño,Sandoná,1.3223,-77.4792,20,9/15/1963,,Cudayari,Pacifico,Patía,Río Guáitara,2021,02,Andes,Preliminar,0,0,0,3.06090903282166,3.06090903282166,0,1.66220426559448,0.252389371395111,3.93818187713623,4.62545442581177,5,5,0.789855062961578,0.967391312122345,1,1,67,1.04999995231628,0
12,2021-12-03,52050040,17,En revisión,SANDONA [52050040],Pluviométrica,Convencional,Activa,Nariño,Sandoná,1.3223,-77.4792,20,9/15/1963,,Cudayari,Pacifico,Patía,Río Guáitara,2021,03,Andes,En revisión,17,17,0,4.070876121521,4.070876121521,0,2.99305963516235,3.02867221832275,3.93818187713623,4.62545442581177,5,5,0.789855062961578,0.967391312122345,1,1,67,1.04999995231628,17.8499991893768
12,2021-12-04,52050040,0,En revisión,SANDONA [52050040],Pluviométrica,Convencional,Activa,Nariño,Sandoná,1.3223,-77.4792,20,9/15/1963,,Cudayari,Pacifico,Patía,Río Guáitara,2021,04,Andes,En revisión,0,0,0,3.31096434593201,3.31096434593201,0,1.36677205562592,7.91718626022339,3.93818187713623,4.62545442581177,5,5,0.789855062961578,0.967391312122345,1,1,67,1.04999995231628,0
12,2021-12-05,52050040,8,En revisión,SANDONA [52050040],Pluviométrica,Convencional,Activa,Nariño,Sandoná,1.3223,-77.4792,20,9/15/1963,,Cudayari,Pacifico,Patía,Río Guáitara,2021,05,Andes,En revisión,8,8,0,3.22293710708618,3.22293710708618,0,2.99653697013855,1.95295441150665,3.93818187713623,4.62545442581177,5,5,0.789855062961578,0.967391312122345,1,1,67,1.04999995231628,8.39999961853027
12,2021-12-06,52050040,7,En revisión,SANDONA [52050040],Pluviométrica,Convencional,Activa,Nariño,Sandoná,1.3223,-77.4792,20,9/15/1963,,Cudayari,Pacifico,Patía,Río Guáitara,2021,06,Andes,En revisión,7,7,0,7.72343587875366,7.72343587875366,8.65169525146484,3.68515086174011,0.510382235050201,3.93818187713623,4.62545442581177,5,5,0.789855062961578,0.967391312122345,1,1,68,1.04999995231628,7.34999966621399
12,2021-12-07,52050040,,"",SANDONA [52050040],Pluviométrica,Convencional,Activa,Nariño,Sandoná,1.3223,-77.4792,20,9/15/1963,,Cudayari,Pacifico,Patía,Río Guáitara,2021,07,Andes,Preliminar,0,0,0,2.68677258491516,2.68677258491516,0,1.02673447132111,0,3.93818187713623,4.62545442581177,5,5,0.789855062961578,0.967391312122345,1,1,68,1.04999995231628,0
12,2021-12-08,52050040,11,En revisión,SANDONA [52050040],Pluviométrica,Convencional,Activa,Nariño,Sandoná,1.3223,-77.4792,20,9/15/1963,,Cudayari,Pacifico,Patía,Río Guáitara,2021,08,Andes,En revisión,11,11,0,4.18383932113647,4.18383932113647,0,7.48309135437012,0.713493645191193,3.93818187713623,4.62545442581177,5,5,0.789855062961578,0.967391312122345,1,1,68,1.04999995231628,11.5499994754791
12,2021-12-09,52050040,3,En revisión,SANDONA [52050040],Pluviométrica,Convencional,Activa,Nariño,Sandoná,1.3223,-77.4792,20,9/15/1963,,Cudayari,Pacifico,Patía,Río Guáitara,2021,09,Andes,En revisión,3,3,0,9.3077278137207,9.3077278137207,8.65169525146484,3.72216606140137,6.94224071502686,3.93818187713623,4.62545442581177,5,5,0.789855062961578,0.967391312122345,1,1,68,1.04999995231628,3.14999985694885
12,2021-12-10,52050040,14,En revisión,SANDONA [52050040],Pluviométrica,Convencional,Activa,Nariño,Sandoná,1.3223,-77.4792,20,9/15/1963,,Cudayari,Pacifico,Patía,Río Guáitara,2021,10,Andes,En revisión,14,14,0,11.1878824234009,11.1878824234009,8.65169525146484,4.7116756439209,12.4627017974854,3.93818187713623,4.62545442581177,5,5,0.789855062961578,0.967391312122345,1,1,68,1.04999995231628,14.699999332428
12,2021-12-11,52050040,16,En revisión,SANDONA [52050040],Pluviométrica,Convencional,Activa,Nariño,Sandoná,1.3223,-77.4792,20,9/15/1963,,Cudayari,Pacifico,Patía,Río Guáitara,2021,11,Andes,En revisión,16,16,0,8.37353610992432,8.37353610992432,81.9108276367188,18.0435771942139,29.0082111358643,3.93818187713623,4.62545442581177,5,5,0.789855062961578,0.967391312122345,1,1,69,1.04999995231628,16.7999992370605
12,2021-12-12,52050040,4,En revisión,SANDONA [52050040],Pluviométrica,Convencional,Activa,Nariño,Sandoná,1.3223,-77.4792,20,9/15/1963,,Cudayari,Pacifico,Patía,Río Guáitara,2021,12,Andes,En revisión,4,4,0,3.89291930198669,3.89291930198669,0,9.1521110534668,5.67902088165283,3.93818187713623,4.62545442581177,5,5,0.789855062961578,0.967391312122345,1,1,69,1.04999995231628,4.19999980926514
12,2021-12-13,52050040,3,En revisión,SANDONA [52050040],Pluviométrica,Convencional,Activa,Nariño,Sandoná,1.3223,-77.4792,20,9/15/1963,,Cudayari,Pacifico,Patía,Río Guáitara,2021,13,Andes,En revisión,3,3,0,1.71219420433044,1.71219420433044,0,2.53690147399902,0.888483643531799,3.93818187713623,4.62545442581177,5,5,0.789855062961578,0.967391312122345,1,1,69,1.04999995231628,3.14999985694885
12,2021-12-14,52050040,5,En revisión,SANDONA [52050040],Pluviométrica,Convencional,Activa,Nariño,Sandoná,1.3223,-77.4792,20,9/15/1963,,Cudayari,Pacifico,Patía,Río Guáitara,2021,14,Andes,En revisión,5,5,0,3.85620522499084,3.85620522499084,0,6.14488554000855,4.75936317443848,3.93818187713623,4.62545442581177,5,5,0.789855062961578,0.967391312122345,1,1,69,1.04999995231628,5.24999976158142
12,2021-12-15,52050040,6,En revisión,SANDONA [52050040],Pluviométrica,Convencional,Activa,Nariño,Sandoná,1.3223,-77.4792,20,9/15/1963,,Cudayari,Pacifico,Patía,Río Guáitara,2021,15,Andes,En revisión,6,6,0,2.90250015258789,2.90250015258789,0,4.45760250091553,0,3.93818187713623,4.62545442581177,5,5,0.789855062961578,0.967391312122345,1,1,69,1.04999995231628,6.29999971389771
12,2021-12-16,52050040,,"",SANDONA [52050040],Pluviométrica,Convencional,Activa,Nariño,Sandoná,1.3223,-77.4792,20,9/15/1963,,Cudayari,Pacifico,Patía,Río Guáitara,2021,16,Andes,Preliminar,3,3,0,3.12337970733643,3.12337970733643,0,1.46843385696411,0,3.93818187713623,4.62545442581177,5,5,0.789855062961578,0.967391312122345,1,1,70,1.04999995231628,3.14999985694885
12,2001-12-21,52050040,11,Definitivo,SANDONA [52050040],Pluviométrica,Convencional,Activa,Nariño,Sandoná,1.3223,-77.4792,20,9/15/1963,,Cudayari,Pacifico,Patía,Río Guáitara,2001,21,Andes,Definitivo,11,11,0,15.5120830535889,15.5120830535889,0,5.49940013885498,1.88498389720917,3.93818187713623,4.62545442581177,5,5,0.789855062961578,0.967391312122345,1,1,71,1.04999995231628,11.5499994754791
12,2022-12-15,52050040,,"",SANDONA [52050040],Pluviométrica,Convencional,Activa,Nariño,Sandoná,1.3223,-77.4792,20,9/15/1963,,Cudayari,Pacifico,Patía,Río Guáitara,2022,15,Andes,Preliminar,0,0,0,1.52560460567474,1.52560460567474,0,1.22124242782593,1.04281640052795,3.93818187713623,4.62545442581177,5,5,0.789855062961578,0.967391312122345,1,1,69,1.04999995231628,0
12,2022-12-16,52050040,16,En revisión,SANDONA [52050040],Pluviométrica,Convencional,Activa,Nariño,Sandoná,1.3223,-77.4792,20,9/15/1963,,Cudayari,Pacifico,Patía,Río Guáitara,2022,16,Andes,En revisión,16,16,0,4.66557121276856,4.66557121276856,0,2.43806338310242,0.241142898797989,3.93818187713623,4.62545442581177,5,5,0.789855062961578,0.967391312122345,1,1,70,1.04999995231628,16.7999992370605
12,2022-12-17,52050040,15,En revisión,SANDONA [52050040],Pluviométrica,Convencional,Activa,Nariño,Sandoná,1.3223,-77.4792,20,9/15/1963,,Cudayari,Pacifico,Patía,Río Guáitara,2022,17,Andes,En revisión,15,15,0,5.2694525718689,5.2694525718689,0,2.42614221572876,0.863900244235992,3.93818187713623,4.62545442581177,5,5,0.789855062961578,0.967391312122345,1,1,70,1.04999995231628,15.7499992847443
12,2022-12-18,52050040,10,En revisión,SANDONA [52050040],Pluviométrica,Convencional,Activa,Nariño,Sandoná,1.3223,-77.4792,20,9/15/1963,,Cudayari,Pacifico,Patía,Río Guáitara,2022,18,Andes,En revisión,10,10,0,5.13882732391357,5.13882732391357,0,6.24208116531372,9.50992679595947,3.93818187713623,4.62545442581177,5,5,0.789855062961578,0.967391312122345,1,1,70,1.04999995231628,10.4999995231628
12,2022-12-19,52050040,,"",SANDONA [52050040],Pluviométrica,Convencional,Activa,Nariño,Sandoná,1.3223,-77.4792,20,9/15/1963,,Cudayari,Pacifico,Patía,Río Guáitara,2022,19,Andes,Preliminar,0,0,0,1.09358811378479,1.09358811378479,0,1.3094824552536,2.47698211669922,3.93818187713623,4.62545442581177,5,5,0.789855062961578,0.967391312122345,1,1,70,1.04999995231628,0
12,2022-12-20,52050040,,"",SANDONA [52050040],Pluviométrica,Convencional,Activa,Nariño,Sandoná,1.3223,-77.4792,20,9/15/1963,,Cudayari,Pacifico,Patía,Río Guáitara,2022,20,Andes,Preliminar,0,0,0,2.1502947807312,2.1502947807312,0,0.971173226833344,0.294990330934525,3.93818187713623,4.62545442581177,5,5,0.789855062961578,0.967391312122345,1,1,70,1.04999995231628,0
12,2022-12-21,52050040,,"",SANDONA [52050040],Pluviométrica,Convencional,Activa,Nariño,Sandoná,1.3223,-77.4792,20,9/15/1963,,Cudayari,Pacifico,Patía,Río Guáitara,2022,21,Andes,Preliminar,0,0,0,2.88616585731506,2.88616585731506,0,3.17266583442688,0,3.93818187713623,4.62545442581177,5,5,0.789855062961578,0.967391312122345,1,1,71,1.04999995231628,0
12,2022-12-22,52050040,,"",SANDONA [52050040],Pluviométrica,Convencional,Activa,Nariño,Sandoná,1.3223,-77.4792,20,9/15/1963,,Cudayari,Pacifico,Patía,Río Guáitara,2022,22,Andes,Preliminar,0,0,0,2.20223879814148,2.20223879814148,0,1.65161776542664,0,3.93818187713623,4.62545442581177,5,5,0.789855062961578,0.967391312122345,1,1,71,1.04999995231628,0
12,2022-12-23,52050040,2,En revisión,SANDONA [52050040],Pluviométrica,Convencional,Activa,Nariño,Sandoná,1.3223,-77.4792,20,9/15/1963,,Cudayari,Pacifico,Patía,Río Guáitara,2022,23,Andes,En revisión,2,2,0,3.87736582756043,3.87736582756043,0,2.51323676109314,0.160004064440727,3.93818187713623,4.62545442581177,5,5,0.789855062961578,0.967391312122345,1,1,71,1.04999995231628,2.09999990463257
12,2022-12-24,52050040,6,En revisión,SANDONA [52050040],Pluviométrica,Convencional,Activa,Nariño,Sandoná,1.3223,-77.4792,20,9/15/1963,,Cudayari,Pacifico,Patía,Río Guáitara,2022,24,Andes,En revisión,6,6,0,9.53395748138428,9.53395748138428,20.727144241333,4.64335203170776,14.0144729614258,3.93818187713623,4.62545442581177,5,5,0.789855062961578,0.967391312122345,1,1,71,1.04999995231628,6.29999971389771
12,2022-12-25,52050040,5,En revisión,SANDONA [52050040],Pluviométrica,Convencional,Activa,Nariño,Sandoná,1.3223,-77.4792,20,9/15/1963,,Cudayari,Pacifico,Patía,Río Guáitara,2022,25,Andes,En revisión,5,5,0,4.98513317108154,4.98513317108154,20.727144241333,3.88776421546936,1.69416069984436,3.93818187713623,4.62545442581177,5,5,0.789855062961578,0.967391312122345,1,1,71,1.04999995231628,5.24999976158142
12,2022-12-26,52050040,1,En revisión,SANDONA [52050040],Pluviométrica,Convencional,Activa,Nariño,Sandoná,1.3223,-77.4792,20,9/15/1963,,Cudayari,Pacifico,Patía,Río Guáitara,2022,26,Andes,En revisión,1,1,0,5.21852970123291,5.21852970123291,0,6.53139495849609,1.16845655441284,3.93818187713623,4.62545442581177,5,5,0.789855062961578,0.967391312122345,1,1,72,1.04999995231628,1.04999995231628
12,2022-12-27,52050040,,"",SANDONA [52050040],Pluviométrica,Convencional,Activa,Nariño,Sandoná,1.3223,-77.4792,20,9/15/1963,,Cudayari,Pacifico,Patía,Río Guáitara,2022,27,Andes,Preliminar,0,0,0,2.84348368644714,2.84348368644714,0,0.609975934028626,0,3.93818187713623,4.62545442581177,5,5,0.789855062961578,0.967391312122345,1,1,72,1.04999995231628,0
12,2022-12-28,52050040,1,En revisión,SANDONA [52050040],Pluviométrica,Convencional,Activa,Nariño,Sandoná,1.3223,-77.4792,20,9/15/1963,,Cudayari,Pacifico,Patía,Río Guáitara,2022,28,Andes,En revisión,1,1,0,3.78855633735657,3.78855633735657,0,1.51442050933838,0,3.93818187713623,4.62545442581177,5,5,0.789855062961578,0.967391312122345,1,1,72,1.04999995231628,1.04999995231628
12,2022-12-29,52050040,,"",SANDONA [52050040],Pluviométrica,Convencional,Activa,Nariño,Sandoná,1.3223,-77.4792,20,9/15/1963,,Cudayari,Pacifico,Patía,Río Guáitara,2022,29,Andes,Preliminar,0,0,0,4.75989437103272,4.75989437103272,0,0.701306223869324,0,3.93818187713623,4.62545442581177,5,5,0.789855062961578,0.967391312122345,1,1,72,1.04999995231628,0
12,2022-12-30,52050040,2,En revisión,SANDONA [52050040],Pluviométrica,Convencional,Activa,Nariño,Sandoná,1.3223,-77.4792,20,9/15/1963,,Cudayari,Pacifico,Patía,Río Guáitara,2022,30,Andes,En revisión,2,2,0,6.54365110397339,6.54365110397339,0,4.07247591018677,13.9695463180542,3.93818187713623,4.62545442581177,5,5,0.789855062961578,0.967391312122345,1,1,72,1.04999995231628,2.09999990463257
12,2022-12-31,52050040,7,En revisión,SANDONA [52050040],Pluviométrica,Convencional,Activa,Nariño,Sandoná,1.3223,-77.4792,20,9/15/1963,,Cudayari,Pacifico,Patía,Río Guáitara,2022,31,Andes,En revisión,7,7,0,8.81256580352783,8.81256580352783,37.1694450378418,6.07499837875366,4.36656522750855,3.93818187713623,4.62545442581177,5,5,0.789855062961578,0.967391312122345,1,1,72,1.04999995231628,7.34999966621399
12,2010-12-03,52050040,3,Definitivo,SANDONA [52050040],Pluviométrica,Convencional,Activa,Nariño,Sandoná,1.3223,-77.4792,20,9/15/1963,,Cudayari,Pacifico,Patía,Río Guáitara,2010,03,Andes,Definitivo,3,3,0,13.8715620040894,13.8715620040894,4.34223556518555,8.39086437225342,0.6260866522789,3.93818187713623,4.62545442581177,5,5,0.789855062961578,0.967391312122345,1,1,67,1.04999995231628,3.14999985694885
12,2013-12-01,52050040,1,Definitivo,SANDONA [52050040],Pluviométrica,Convencional,Activa,Nariño,Sandoná,1.3223,-77.4792,20,9/15/1963,,Cudayari,Pacifico,Patía,Río Guáitara,2013,01,Andes,Definitivo,1,1,0,3.33181238174439,3.33181238174439,0,2.84076285362244,0.240505814552307,3.93818187713623,4.62545442581177,5,5,0.789855062961578,0.967391312122345,1,1,67,1.04999995231628,1.04999995231628
12,2013-12-02,52050040,2,Definitivo,SANDONA [52050040],Pluviométrica,Convencional,Activa,Nariño,Sandoná,1.3223,-77.4792,20,9/15/1963,,Cudayari,Pacifico,Patía,Río Guáitara,2013,02,Andes,Definitivo,2,2,0,5.05312633514404,5.05312633514404,0,11.0262432098389,4.83324193954468,3.93818187713623,4.62545442581177,5,5,0.789855062961578,0.967391312122345,1,1,67,1.04999995231628,2.09999990463257
12,2013-12-03,52050040,7,Definitivo,SANDONA [52050040],Pluviométrica,Convencional,Activa,Nariño,Sandoná,1.3223,-77.4792,20,9/15/1963,,Cudayari,Pacifico,Patía,Río Guáitara,2013,03,Andes,Definitivo,7,7,0,5.78935241699219,5.78935241699219,0,3.48632621765137,10.7533855438232,3.93818187713623,4.62545442581177,5,5,0.789855062961578,0.967391312122345,1,1,67,1.04999995231628,7.34999966621399
12,2016-12-01,52050040,0,Definitivo,SANDONA [52050040],Pluviométrica,Convencional,Activa,Nariño,Sandoná,1.3223,-77.4792,20,9/15/1963,,Cudayari,Pacifico,Patía,Río Guáitara,2016,01,Andes,Definitivo,0,0,0,1.72648060321808,1.72648060321808,0,13.3138122558594,0.324815183877945,3.93818187713623,4.62545442581177,5,5,0.789855062961578,0.967391312122345,1,1,67,1.04999995231628,0
12,2016-12-02,52050040,35,Definitivo,SANDONA [52050040],Pluviométrica,Convencional,Activa,Nariño,Sandoná,1.3223,-77.4792,20,9/15/1963,,Cudayari,Pacifico,Patía,Río Guáitara,2016,02,Andes,Definitivo,35,35,0,3.05270218849182,3.05270218849182,0,11.1767835617065,17.4380416870117,3.93818187713623,4.62545442581177,5,5,0.789855062961578,0.967391312122345,1,1,67,1.04999995231628,36.7499983310699
12,2019-12-01,52050040,,"",SANDONA [52050040],Pluviométrica,Convencional,Activa,Nariño,Sandoná,1.3223,-77.4792,20,9/15/1963,,Cudayari,Pacifico,Patía,Río Guáitara,2019,01,Andes,Preliminar,0,0,0,6.87642526626587,6.87642526626587,0,10.228006362915,1.0226776599884,3.93818187713623,4.62545442581177,5,5,0.789855062961578,0.967391312122345,1,1,67,1.04999995231628,0
12,2019-12-02,52050040,,"",SANDONA [52050040],Pluviométrica,Convencional,Activa,Nariño,Sandoná,1.3223,-77.4792,20,9/15/1963,,Cudayari,Pacifico,Patía,Río Guáitara,2019,02,Andes,Preliminar,0,0,0,2.7085964679718,2.7085964679718,0,2.33308148384094,0.0480262972414494,3.93818187713623,4.62545442581177,5,5,0.789855062961578,0.967391312122345,1,1,67,1.04999995231628,0
12,2019-12-03,52050040,,"",SANDONA [52050040],Pluviométrica,Convencional,Activa,Nariño,Sandoná,1.3223,-77.4792,20,9/15/1963,,Cudayari,Pacifico,Patía,Río Guáitara,2019,03,Andes,Preliminar,0,0,0,7.95006513595581,7.95006513595581,0,5.1473069190979,2.49736762046814,3.93818187713623,4.62545442581177,5,5,0.789855062961578,0.967391312122345,1,1,67,1.04999995231628,0
12,2022-12-01,52050040,2,En revisión,SANDONA [52050040],Pluviométrica,Convencional,Activa,Nariño,Sandoná,1.3223,-77.4792,20,9/15/1963,,Cudayari,Pacifico,Patía,Río Guáitara,2022,01,Andes,En revisión,2,2,0,2.45912075042725,2.45912075042725,0,13.010157585144,6.01931047439575,3.93818187713623,4.62545442581177,5,5,0.789855062961578,0.967391312122345,1,1,67,1.04999995231628,2.09999990463257
12,2022-12-02,52050040,10,En revisión,SANDONA [52050040],Pluviométrica,Convencional,Activa,Nariño,Sandoná,1.3223,-77.4792,20,9/15/1963,,Cudayari,Pacifico,Patía,Río Guáitara,2022,02,Andes,En revisión,10,10,0,4.32875967025757,4.32875967025757,0,23.6213665008545,9.40383338928223,3.93818187713623,4.62545442581177,5,5,0.789855062961578,0.967391312122345,1,1,67,1.04999995231628,10.4999995231628
12,2022-12-03,52050040,7,En revisión,SANDONA [52050040],Pluviométrica,Convencional,Activa,Nariño,Sandoná,1.3223,-77.4792,20,9/15/1963,,Cudayari,Pacifico,Patía,Río Guáitara,2022,03,Andes,En revisión,7,7,0,10.7813167572021,10.7813167572021,72.4749603271484,5.07020473480225,15.0589828491211,3.93818187713623,4.62545442581177,5,5,0.789855062961578,0.967391312122345,1,1,67,1.04999995231628,7.34999966621399
12,2022-12-04,52050040,18,En revisión,SANDONA [52050040],Pluviométrica,Convencional,Activa,Nariño,Sandoná,1.3223,-77.4792,20,9/15/1963,,Cudayari,Pacifico,Patía,Río Guáitara,2022,04,Andes,En revisión,18,18,0,8.067458152771,8.067458152771,0,6.99157571792603,1.32810413837433,3.93818187713623,4.62545442581177,5,5,0.789855062961578,0.967391312122345,1,1,67,1.04999995231628,18.8999991416931
12,2022-12-05,52050040,,"",SANDONA [52050040],Pluviométrica,Convencional,Activa,Nariño,Sandoná,1.3223,-77.4792,20,9/15/1963,,Cudayari,Pacifico,Patía,Río Guáitara,2022,05,Andes,Preliminar,0,0,0,4.55556726455689,4.55556726455689,0,1.88175070285797,18.7648258209229,3.93818187713623,4.62545442581177,5,5,0.789855062961578,0.967391312122345,1,1,67,1.04999995231628,0
12,2022-12-06,52050040,,"",SANDONA [52050040],Pluviométrica,Convencional,Activa,Nariño,Sandoná,1.3223,-77.4792,20,9/15/1963,,Cudayari,Pacifico,Patía,Río Guáitara,2022,06,Andes,Preliminar,0,0,0,4.4112982749939,4.4112982749939,0,0.0694688409566879,0,3.93818187713623,4.62545442581177,5,5,0.789855062961578,0.967391312122345,1,1,68,1.04999995231628,0
12,2022-12-07,52050040,0,En revisión,SANDONA [52050040],Pluviométrica,Convencional,Activa,Nariño,Sandoná,1.3223,-77.4792,20,9/15/1963,,Cudayari,Pacifico,Patía,Río Guáitara,2022,07,Andes,En revisión,0,0,0,5.97861433029175,5.97861433029175,0,0.780784010887146,0,3.93818187713623,4.62545442581177,5,5,0.789855062961578,0.967391312122345,1,1,68,1.04999995231628,0
12,2022-12-08,52050040,0,En revisión,SANDONA [52050040],Pluviométrica,Convencional,Activa,Nariño,Sandoná,1.3223,-77.4792,20,9/15/1963,,Cudayari,Pacifico,Patía,Río Guáitara,2022,08,Andes,En revisión,0,0,0,3.21958374977112,3.21958374977112,0,0.549392700195313,3.19220209121704,3.93818187713623,4.62545442581177,5,5,0.789855062961578,0.967391312122345,1,1,68,1.04999995231628,0
12,2022-12-09,52050040,0,En revisión,SANDONA [52050040],Pluviométrica,Convencional,Activa,Nariño,Sandoná,1.3223,-77.4792,20,9/15/1963,,Cudayari,Pacifico,Patía,Río Guáitara,2022,09,Andes,En revisión,0,0,0,2.06159281730652,2.06159281730652,0,0.785238802433014,0,3.93818187713623,4.62545442581177,5,5,0.789855062961578,0.967391312122345,1,1,68,1.04999995231628,0
12,2022-12-10,52050040,1,En revisión,SANDONA [52050040],Pluviométrica,Convencional,Activa,Nariño,Sandoná,1.3223,-77.4792,20,9/15/1963,,Cudayari,Pacifico,Patía,Río Guáitara,2022,10,Andes,En revisión,1,1,0,2.76364731788635,2.76364731788635,0,1.00731778144836,0,3.93818187713623,4.62545442581177,5,5,0.789855062961578,0.967391312122345,1,1,68,1.04999995231628,1.04999995231628
12,2022-12-11,52050040,40,En revisión,SANDONA [52050040],Pluviométrica,Convencional,Activa,Nariño,Sandoná,1.3223,-77.4792,20,9/15/1963,,Cudayari,Pacifico,Patía,Río Guáitara,2022,11,Andes,En revisión,40,40,0,4.63140487670898,4.63140487670898,0,1.2464280128479,4.09411144256592,3.93818187713623,4.62545442581177,5,5,0.789855062961578,0.967391312122345,1,1,69,1.04999995231628,41.9999980926514
12,2022-12-12,52050040,,"",SANDONA [52050040],Pluviométrica,Convencional,Activa,Nariño,Sandoná,1.3223,-77.4792,20,9/15/1963,,Cudayari,Pacifico,Patía,Río Guáitara,2022,12,Andes,Preliminar,0,0,0,4.44114589691162,4.44114589691162,0,0.933329999446869,0.159284591674805,3.93818187713623,4.62545442581177,5,5,0.789855062961578,0.967391312122345,1,1,69,1.04999995231628,0
12,2022-12-13,52050040,,"",SANDONA [52050040],Pluviométrica,Convencional,Activa,Nariño,Sandoná,1.3223,-77.4792,20,9/15/1963,,Cudayari,Pacifico,Patía,Río Guáitara,2022,13,Andes,Preliminar,0,0,0,2.76351571083069,2.76351571083069,0,0.823772072792053,0,3.93818187713623,4.62545442581177,5,5,0.789855062961578,0.967391312122345,1,1,69,1.04999995231628,0
12,2022-12-14,52050040,0,En revisión,SANDONA [52050040],Pluviométrica,Convencional,Activa,Nariño,Sandoná,1.3223,-77.4792,20,9/15/1963,,Cudayari,Pacifico,Patía,Río Guáitara,2022,14,Andes,En revisión,0,0,0,5.37302970886231,5.37302970886231,0,1.07143986225128,0,3.93818187713623,4.62545442581177,5,5,0.789855062961578,0.967391312122345,1,1,69,1.04999995231628,0
12,2001-12-20,52050040,28,Definitivo,SANDONA [52050040],Pluviométrica,Convencional,Activa,Nariño,Sandoná,1.3223,-77.4792,20,9/15/1963,,Cudayari,Pacifico,Patía,Río Guáitara,2001,20,Andes,Definitivo,28,28,0,7.89701080322266,7.89701080322266,0,4.3076491355896,13.7768774032593,3.93818187713623,4.62545442581177,5,5,0.789855062961578,0.967391312122345,1,1,70,1.04999995231628,29.399998664856
12,2001-12-17,52050040,22,Definitivo,SANDONA [52050040],Pluviométrica,Convencional,Activa,Nariño,Sandoná,1.3223,-77.4792,20,9/15/1963,,Cudayari,Pacifico,Patía,Río Guáitara,2001,17,Andes,Definitivo,22,22,0,2.65282201766968,2.65282201766968,0,4.22564458847046,0,3.93818187713623,4.62545442581177,5,5,0.789855062961578,0.967391312122345,1,1,70,1.04999995231628,23.0999989509583
12,2003-12-15,52050040,,"",SANDONA [52050040],Pluviométrica,Convencional,Activa,Nariño,Sandoná,1.3223,-77.4792,20,9/15/1963,,Cudayari,Pacifico,Patía,Río Guáitara,2003,15,Andes,Preliminar,0,0,0,1.62591850757599,1.62591850757599,0,4.0309100151062,0.940289616584778,3.93818187713623,4.62545442581177,5,5,0.789855062961578,0.967391312122345,1,1,69,1.04999995231628,0
12,2003-12-12,52050040,8,Definitivo,SANDONA [52050040],Pluviométrica,Convencional,Activa,Nariño,Sandoná,1.3223,-77.4792,20,9/15/1963,,Cudayari,Pacifico,Patía,Río Guáitara,2003,12,Andes,Definitivo,8,8,0,6.79488372802734,6.79488372802734,22.3178253173828,11.2040386199951,18.9039535522461,3.93818187713623,4.62545442581177,5,5,0.789855062961578,0.967391312122345,1,1,69,1.04999995231628,8.39999961853027
12,2001-12-12,52050040,,"",SANDONA [52050040],Pluviométrica,Convencional,Activa,Nariño,Sandoná,1.3223,-77.4792,20,9/15/1963,,Cudayari,Pacifico,Patía,Río Guáitara,2001,12,Andes,Preliminar,0,0,0,5.4479193687439,5.4479193687439,15.0774869918823,1.91363024711609,17.1549587249756,3.93818187713623,4.62545442581177,5,5,0.789855062961578,0.967391312122345,1,1,69,1.04999995231628,0
12,2001-12-09,52050040,8,Definitivo,SANDONA [52050040],Pluviométrica,Convencional,Activa,Nariño,Sandoná,1.3223,-77.4792,20,9/15/1963,,Cudayari,Pacifico,Patía,Río Guáitara,2001,09,Andes,Definitivo,8,8,0,8.2757740020752,8.2757740020752,0,0.984575629234314,2.61976599693298,3.93818187713623,4.62545442581177,5,5,0.789855062961578,0.967391312122345,1,1,68,1.04999995231628,8.39999961853027
12,2001-12-06,52050040,,"",SANDONA [52050040],Pluviométrica,Convencional,Activa,Nariño,Sandoná,1.3223,-77.4792,20,9/15/1963,,Cudayari,Pacifico,Patía,Río Guáitara,2001,06,Andes,Preliminar,0,0,0,1.82249271869659,1.82249271869659,0,0.899682939052582,0,3.93818187713623,4.62545442581177,5,5,0.789855062961578,0.967391312122345,1,1,68,1.04999995231628,0
12,2003-12-04,52050040,,"",SANDONA [52050040],Pluviométrica,Convencional,Activa,Nariño,Sandoná,1.3223,-77.4792,20,9/15/1963,,Cudayari,Pacifico,Patía,Río Guáitara,2003,04,Andes,Preliminar,0,0,0,0,0,0,0.976176559925079,0.84952700138092,3.93818187713623,4.62545442581177,5,5,0.789855062961578,0.967391312122345,1,1,67,1.04999995231628,0
12,2003-12-01,52050040,,"",SANDONA [52050040],Pluviométrica,Convencional,Activa,Nariño,Sandoná,1.3223,-77.4792,20,9/15/1963,,Cudayari,Pacifico,Patía,Río Guáitara,2003,01,Andes,Preliminar,0,0,0,34.5599060058594,34.5599060058594,14.0818738937378,11.8434963226318,16.6489791870117,3.93818187713623,4.62545442581177,5,5,0.789855062961578,0.967391312122345,1,1,67,1.04999995231628,0
12,2001-12-01,52050040,7,Definitivo,SANDONA [52050040],Pluviométrica,Convencional,Activa,Nariño,Sandoná,1.3223,-77.4792,20,9/15/1963,,Cudayari,Pacifico,Patía,Río Guáitara,2001,01,Andes,Definitivo,7,7,0,0.191626042127609,0.191626042127609,0,7.33445453643799,6.15328454971314,3.93818187713623,4.62545442581177,5,5,0.789855062961578,0.967391312122345,1,1,67,1.04999995231628,7.34999966621399
12,2002-12-01,52050040,,"",SANDONA [52050040],Pluviométrica,Convencional,Activa,Nariño,Sandoná,1.3223,-77.4792,20,9/15/1963,,Cudayari,Pacifico,Patía,Río Guáitara,2002,01,Andes,Preliminar,0,0,0,1.51052045822144,1.51052045822144,0,1.91060435771942,4.17301940917969,3.93818187713623,4.62545442581177,5,5,0.789855062961578,0.967391312122345,1,1,67,1.04999995231628,0
12,2002-12-02,52050040,,"",SANDONA [52050040],Pluviométrica,Convencional,Activa,Nariño,Sandoná,1.3223,-77.4792,20,9/15/1963,,Cudayari,Pacifico,Patía,Río Guáitara,2002,02,Andes,Preliminar,0,0,0,0.130217269062996,0.130217269062996,0,0.5946324467659,0.489462733268738,3.93818187713623,4.62545442581177,5,5,0.789855062961578,0.967391312122345,1,1,67,1.04999995231628,0
12,2002-12-03,52050040,,"",SANDONA [52050040],Pluviométrica,Convencional,Activa,Nariño,Sandoná,1.3223,-77.4792,20,9/15/1963,,Cudayari,Pacifico,Patía,Río Guáitara,2002,03,Andes,Preliminar,0,0,0,1.06778168678284,1.06778168678284,0,2.0297486782074,0.00839078985154629,3.93818187713623,4.62545442581177,5,5,0.789855062961578,0.967391312122345,1,1,67,1.04999995231628,0
12,2005-12-01,52050040,,"",SANDONA [52050040],Pluviométrica,Convencional,Activa,Nariño,Sandoná,1.3223,-77.4792,20,9/15/1963,,Cudayari,Pacifico,Patía,Río Guáitara,2005,01,Andes,Preliminar,0,0,0,3.73084616661072,3.73084616661072,0,10.0650691986084,4.52451801300049,3.93818187713623,4.62545442581177,5,5,0.789855062961578,0.967391312122345,1,1,67,1.04999995231628,0
12,2005-12-02,52050040,,"",SANDONA [52050040],Pluviométrica,Convencional,Activa,Nariño,Sandoná,1.3223,-77.4792,20,9/15/1963,,Cudayari,Pacifico,Patía,Río Guáitara,2005,02,Andes,Preliminar,0,0,0,12.4516983032227,12.4516983032227,0,8.94585227966309,0.205017268657684,3.93818187713623,4.62545442581177,5,5,0.789855062961578,0.967391312122345,1,1,67,1.04999995231628,0
12,2005-12-03,52050040,0,Definitivo,SANDONA [52050040],Pluviométrica,Convencional,Activa,Nariño,Sandoná,1.3223,-77.4792,20,9/15/1963,,Cudayari,Pacifico,Patía,Río Guáitara,2005,03,Andes,Definitivo,0,0,0,13.8196754455566,13.8196754455566,25.323808670044,10.9407253265381,19.0100479125977,3.93818187713623,4.62545442581177,5,5,0.789855062961578,0.967391312122345,1,1,67,1.04999995231628,0
12,2008-12-01,52050040,23,Definitivo,SANDONA [52050040],Pluviométrica,Convencional,Activa,Nariño,Sandoná,1.3223,-77.4792,20,9/15/1963,,Cudayari,Pacifico,Patía,Río Guáitara,2008,01,Andes,Definitivo,23,23,0,2.24754428863525,2.24754428863525,0,12.4066219329834,4.11958742141724,3.93818187713623,4.62545442581177,5,5,0.789855062961578,0.967391312122345,1,1,67,1.04999995231628,24.1499989032745
12,2008-12-02,52050040,3,Definitivo,SANDONA [52050040],Pluviométrica,Convencional,Activa,Nariño,Sandoná,1.3223,-77.4792,20,9/15/1963,,Cudayari,Pacifico,Patía,Río Guáitara,2008,02,Andes,Definitivo,3,3,0,3.53317618370056,3.53317618370056,51.9776458740234,9.30414772033691,20.6044101715088,3.93818187713623,4.62545442581177,5,5,0.789855062961578,0.967391312122345,1,1,67,1.04999995231628,3.14999985694885
12,2011-12-01,52050040,1,Definitivo,SANDONA [52050040],Pluviométrica,Convencional,Activa,Nariño,Sandoná,1.3223,-77.4792,20,9/15/1963,,Cudayari,Pacifico,Patía,Río Guáitara,2011,01,Andes,Definitivo,1,1,0,8.10354900360107,8.10354900360107,14.0182809829712,1.33224439620972,0,3.93818187713623,4.62545442581177,5,5,0.789855062961578,0.967391312122345,1,1,67,1.04999995231628,1.04999995231628
12,2011-12-02,52050040,2,Definitivo,SANDONA [52050040],Pluviométrica,Convencional,Activa,Nariño,Sandoná,1.3223,-77.4792,20,9/15/1963,,Cudayari,Pacifico,Patía,Río Guáitara,2011,02,Andes,Definitivo,2,2,0,7.40999794006348,7.40999794006348,12.818510055542,1.07977306842804,0.83815336227417,3.93818187713623,4.62545442581177,5,5,0.789855062961578,0.967391312122345,1,1,67,1.04999995231628,2.09999990463257
12,2011-12-03,52050040,11,Definitivo,SANDONA [52050040],Pluviométrica,Convencional,Activa,Nariño,Sandoná,1.3223,-77.4792,20,9/15/1963,,Cudayari,Pacifico,Patía,Río Guáitara,2011,03,Andes,Definitivo,11,11,0,5.05038785934448,5.05038785934448,8.7366361618042,0.823948502540588,3.440181016922,3.93818187713623,4.62545442581177,5,5,0.789855062961578,0.967391312122345,1,1,67,1.04999995231628,11.5499994754791
12,2014-12-01,52050040,,"",SANDONA [52050040],Pluviométrica,Convencional,Activa,Nariño,Sandoná,1.3223,-77.4792,20,9/15/1963,,Cudayari,Pacifico,Patía,Río Guáitara,2014,01,Andes,Preliminar,0,0,0,2.88370037078857,2.88370037078857,0,1.30900704860687,0,3.93818187713623,4.62545442581177,5,5,0.789855062961578,0.967391312122345,1,1,67,1.04999995231628,0
12,2014-12-02,52050040,,"",SANDONA [52050040],Pluviométrica,Convencional,Activa,Nariño,Sandoná,1.3223,-77.4792,20,9/15/1963,,Cudayari,Pacifico,Patía,Río Guáitara,2014,02,Andes,Preliminar,0,0,0,2.89981818199158,2.89981818199158,0,0.554585218429565,0,3.93818187713623,4.62545442581177,5,5,0.789855062961578,0.967391312122345,1,1,67,1.04999995231628,0
12,2014-12-03,52050040,,"",SANDONA [52050040],Pluviométrica,Convencional,Activa,Nariño,Sandoná,1.3223,-77.4792,20,9/15/1963,,Cudayari,Pacifico,Patía,Río Guáitara,2014,03,Andes,Preliminar,0,0,0,2.85237669944763,2.85237669944763,0,1.04613089561462,0,3.93818187713623,4.62545442581177,5,5,0.789855062961578,0.967391312122345,1,1,67,1.04999995231628,0
12,2017-12-01,52050040,20,Definitivo,SANDONA [52050040],Pluviométrica,Convencional,Activa,Nariño,Sandoná,1.3223,-77.4792,20,9/15/1963,,Cudayari,Pacifico,Patía,Río Guáitara,2017,01,Andes,Definitivo,20,20,0,6.54368019104004,6.54368019104004,0,4.63832855224609,1.5529659986496,3.93818187713623,4.62545442581177,5,5,0.789855062961578,0.967391312122345,1,1,67,1.04999995231628,20.9999990463257
12,2017-12-02,52050040,,"",SANDONA [52050040],Pluviométrica,Convencional,Activa,Nariño,Sandoná,1.3223,-77.4792,20,9/15/1963,,Cudayari,Pacifico,Patía,Río Guáitara,2017,02,Andes,Preliminar,0,0,0,11.6488676071167,11.6488676071167,111.906005859375,9.28565979003906,17.0401191711426,3.93818187713623,4.62545442581177,5,5,0.789855062961578,0.967391312122345,1,1,67,1.04999995231628,0
12,2017-12-03,52050040,,"",SANDONA [52050040],Pluviométrica,Convencional,Activa,Nariño,Sandoná,1.3223,-77.4792,20,9/15/1963,,Cudayari,Pacifico,Patía,Río Guáitara,2017,03,Andes,Preliminar,0,0,0,2.05355763435364,2.05355763435364,0,3.24057936668396,0,3.93818187713623,4.62545442581177,5,5,0.789855062961578,0.967391312122345,1,1,67,1.04999995231628,0
12,2020-12-01,52050040,12,En revisión,SANDONA [52050040],Pluviométrica,Convencional,Activa,Nariño,Sandoná,1.3223,-77.4792,20,9/15/1963,,Cudayari,Pacifico,Patía,Río Guáitara,2020,01,Andes,En revisión,12,12,0,4.4547004699707,4.4547004699707,0,3.16709780693054,0.639191448688507,3.93818187713623,4.62545442581177,5,5,0.789855062961578,0.967391312122345,1,1,67,1.04999995231628,12.5999994277954
12,2020-12-02,52050040,1,En revisión,SANDONA [52050040],Pluviométrica,Convencional,Activa,Nariño,Sandoná,1.3223,-77.4792,20,9/15/1963,,Cudayari,Pacifico,Patía,Río Guáitara,2020,02,Andes,En revisión,1,1,0,7.74026727676392,7.74026727676392,0,9.65433025360107,15.6562433242798,3.93818187713623,4.62545442581177,5,5,0.789855062961578,0.967391312122345,1,1,67,1.04999995231628,1.04999995231628
12,2023-12-01,52050040,,"",SANDONA [52050040],Pluviométrica,Convencional,Activa,Nariño,Sandoná,1.3223,-77.4792,20,9/15/1963,,Cudayari,Pacifico,Patía,Río Guáitara,2023,01,Andes,Preliminar,0,0,0,4.3709864616394,4.3709864616394,0,0.528276264667511,1.28206849098206,3.93818187713623,4.62545442581177,5,5,0.789855062961578,0.967391312122345,1,1,67,1.04999995231628,0
12,2023-12-02,52050040,,"",SANDONA [52050040],Pluviométrica,Convencional,Activa,Nariño,Sandoná,1.3223,-77.4792,20,9/15/1963,,Cudayari,Pacifico,Patía,Río Guáitara,2023,02,Andes,Preliminar,0,0,0,2.7478985786438,2.7478985786438,0,0.572951436042786,1.28206849098206,3.93818187713623,4.62545442581177,5,5,0.789855062961578,0.967391312122345,1,1,67,1.04999995231628,0
12,2023-12-03,52050040,6,En revisión,SANDONA [52050040],Pluviométrica,Convencional,Activa,Nariño,Sandoná,1.3223,-77.4792,20,9/15/1963,,Cudayari,Pacifico,Patía,Río Guáitara,2023,03,Andes,En revisión,6,6,0,4.29942798614502,4.29942798614502,0,0.65985631942749,0,3.93818187713623,4.62545442581177,5,5,0.789855062961578,0.967391312122345,1,1,67,1.04999995231628,6.29999971389771
12,2023-12-04,52050040,,"",SANDONA [52050040],Pluviométrica,Convencional,Activa,Nariño,Sandoná,1.3223,-77.4792,20,9/15/1963,,Cudayari,Pacifico,Patía,Río Guáitara,2023,04,Andes,Preliminar,0,0,0,5.17458963394165,5.17458963394165,0,0.747840583324432,0.34965506196022,3.93818187713623,4.62545442581177,5,5,0.789855062961578,0.967391312122345,1,1,67,1.04999995231628,0
12,2023-12-05,52050040,,"",SANDONA [52050040],Pluviométrica,Convencional,Activa,Nariño,Sandoná,1.3223,-77.4792,20,9/15/1963,,Cudayari,Pacifico,Patía,Río Guáitara,2023,05,Andes,Preliminar,0,0,0,4.13461780548096,4.13461780548096,0,0.987626075744629,0.58275842666626,3.93818187713623,4.62545442581177,5,5,0.789855062961578,0.967391312122345,1,1,67,1.04999995231628,0
12,2023-12-06,52050040,,"",SANDONA [52050040],Pluviométrica,Convencional,Activa,Nariño,Sandoná,1.3223,-77.4792,20,9/15/1963,,Cudayari,Pacifico,Patía,Río Guáitara,2023,06,Andes,Preliminar,0,0,0,4.50941848754883,4.50941848754883,0,0.873720228672028,0,3.93818187713623,4.62545442581177,5,5,0.789855062961578,0.967391312122345,1,1,68,1.04999995231628,0
12,2023-12-07,52050040,5,En revisión,SANDONA [52050040],Pluviométrica,Convencional,Activa,Nariño,Sandoná,1.3223,-77.4792,20,9/15/1963,,Cudayari,Pacifico,Patía,Río Guáitara,2023,07,Andes,En revisión,5,5,0,6.07693672180176,6.07693672180176,0,1.69841146469116,4.52640056610107,3.93818187713623,4.62545442581177,5,5,0.789855062961578,0.967391312122345,1,1,68,1.04999995231628,5.24999976158142
12,2023-12-08,52050040,,"",SANDONA [52050040],Pluviométrica,Convencional,Activa,Nariño,Sandoná,1.3223,-77.4792,20,9/15/1963,,Cudayari,Pacifico,Patía,Río Guáitara,2023,08,Andes,Preliminar,0,0,0,1.94604885578156,1.94604885578156,0,0.591840982437134,0.444557219743729,3.93818187713623,4.62545442581177,5,5,0.789855062961578,0.967391312122345,1,1,68,1.04999995231628,0
12,2023-12-09,52050040,,"",SANDONA [52050040],Pluviométrica,Convencional,Activa,Nariño,Sandoná,1.3223,-77.4792,20,9/15/1963,,Cudayari,Pacifico,Patía,Río Guáitara,2023,09,Andes,Preliminar,0,0,0,3.37484192848206,3.37484192848206,0,0.535925686359406,0.363728642463684,3.93818187713623,4.62545442581177,5,5,0.789855062961578,0.967391312122345,1,1,68,1.04999995231628,0
12,2023-12-10,52050040,,"",SANDONA [52050040],Pluviométrica,Convencional,Activa,Nariño,Sandoná,1.3223,-77.4792,20,9/15/1963,,Cudayari,Pacifico,Patía,Río Guáitara,2023,10,Andes,Preliminar,0,0,0,4.60935544967651,4.60935544967651,0,1.99851703643799,0.363728582859039,3.93818187713623,4.62545442581177,5,5,0.789855062961578,0.967391312122345,1,1,68,1.04999995231628,0
12,2023-12-11,52050040,,"",SANDONA [52050040],Pluviométrica,Convencional,Activa,Nariño,Sandoná,1.3223,-77.4792,20,9/15/1963,,Cudayari,Pacifico,Patía,Río Guáitara,2023,11,Andes,Preliminar,0,0,0,3.14996814727783,3.14996814727783,22.0062599182129,4.60226106643677,1.55287909507751,3.93818187713623,4.62545442581177,5,5,0.789855062961578,0.967391312122345,1,1,69,1.04999995231628,0
12,2023-12-12,52050040,,"",SANDONA [52050040],Pluviométrica,Convencional,Activa,Nariño,Sandoná,1.3223,-77.4792,20,9/15/1963,,Cudayari,Pacifico,Patía,Río Guáitara,2023,12,Andes,Preliminar,0,0,0,5.52189111709595,5.52189111709595,0,9.32077217102051,1.90093791484833,3.93818187713623,4.62545442581177,5,5,0.789855062961578,0.967391312122345,1,1,69,1.04999995231628,0
12,2023-12-13,52050040,,"",SANDONA [52050040],Pluviométrica,Convencional,Activa,Nariño,Sandoná,1.3223,-77.4792,20,9/15/1963,,Cudayari,Pacifico,Patía,Río Guáitara,2023,13,Andes,Preliminar,0,0,0,6.67241144180298,6.67241144180298,0,4.76797199249268,0,3.93818187713623,4.62545442581177,5,5,0.789855062961578,0.967391312122345,1,1,69,1.04999995231628,0
12,2023-12-14,52050040,1,En revisión,SANDONA [52050040],Pluviométrica,Convencional,Activa,Nariño,Sandoná,1.3223,-77.4792,20,9/15/1963,,Cudayari,Pacifico,Patía,Río Guáitara,2023,14,Andes,En revisión,1,1,0,5.72226095199585,5.72226095199585,22.0062599182129,10.0339288711548,6.08657121658325,3.93818187713623,4.62545442581177,5,5,0.789855062961578,0.967391312122345,1,1,69,1.04999995231628,1.04999995231628
12,2023-12-15,52050040,,"",SANDONA [52050040],Pluviométrica,Convencional,Activa,Nariño,Sandoná,1.3223,-77.4792,20,9/15/1963,,Cudayari,Pacifico,Patía,Río Guáitara,2023,15,Andes,Preliminar,25,25,0,6.68012714385986,6.68012714385986,0,12.5780754089355,31.7626209259033,3.93818187713623,4.62545442581177,5,5,0.789855062961578,0.967391312122345,1,1,69,1.04999995231628,26.2499988079071
12,2023-12-16,52050040,7,En revisión,SANDONA [52050040],Pluviométrica,Convencional,Activa,Nariño,Sandoná,1.3223,-77.4792,20,9/15/1963,,Cudayari,Pacifico,Patía,Río Guáitara,2023,16,Andes,En revisión,7,7,0,13.759036064148,13.759036064148,15.6074590682983,17.4300632476807,12.3707666397095,3.93818187713623,4.62545442581177,5,5,0.789855062961578,0.967391312122345,1,1,70,1.04999995231628,7.34999966621399
12,2023-12-17,52050040,,"",SANDONA [52050040],Pluviométrica,Convencional,Activa,Nariño,Sandoná,1.3223,-77.4792,20,9/15/1963,,Cudayari,Pacifico,Patía,Río Guáitara,2023,17,Andes,Preliminar,0,0,0,20.204568862915,20.204568862915,7.80372953414917,8.77247905731201,34.1986045837402,3.93818187713623,4.62545442581177,5,5,0.789855062961578,0.967391312122345,1,1,70,1.04999995231628,0
12,2023-12-18,52050040,5,En revisión,SANDONA [52050040],Pluviométrica,Convencional,Activa,Nariño,Sandoná,1.3223,-77.4792,20,9/15/1963,,Cudayari,Pacifico,Patía,Río Guáitara,2023,18,Andes,En revisión,5,5,0,19.5935688018799,19.5935688018799,7.80372953414917,4.99020624160767,0.525644242763519,3.93818187713623,4.62545442581177,5,5,0.789855062961578,0.967391312122345,1,1,70,1.04999995231628,5.24999976158142
12,2023-12-19,52050040,3,En revisión,SANDONA [52050040],Pluviométrica,Convencional,Activa,Nariño,Sandoná,1.3223,-77.4792,20,9/15/1963,,Cudayari,Pacifico,Patía,Río Guáitara,2023,19,Andes,En revisión,3,3,0,12.5623731613159,12.5623731613159,31.2149181365967,16.7784194946289,9.82863998413086,3.93818187713623,4.62545442581177,5,5,0.789855062961578,0.967391312122345,1,1,70,1.04999995231628,3.14999985694885
12,2023-12-20,52050040,12,En revisión,SANDONA [52050040],Pluviométrica,Convencional,Activa,Nariño,Sandoná,1.3223,-77.4792,20,9/15/1963,,Cudayari,Pacifico,Patía,Río Guáitara,2023,20,Andes,En revisión,12,12,0,4.94880342483521,4.94880342483521,0,12.1561937332153,3.20371103286743,3.93818187713623,4.62545442581177,5,5,0.789855062961578,0.967391312122345,1,1,70,1.04999995231628,12.5999994277954
12,2023-12-21,52050040,,"",SANDONA [52050040],Pluviométrica,Convencional,Activa,Nariño,Sandoná,1.3223,-77.4792,20,9/15/1963,,Cudayari,Pacifico,Patía,Río Guáitara,2023,21,Andes,Preliminar,0,0,0,13.8600940704346,13.8600940704346,7.81314325332642,1.3640444278717,11.3541851043701,3.93818187713623,4.62545442581177,5,5,0.789855062961578,0.967391312122345,1,1,71,1.04999995231628,0
12,2023-12-22,52050040,2,En revisión,SANDONA [52050040],Pluviométrica,Convencional,Activa,Nariño,Sandoná,1.3223,-77.4792,20,9/15/1963,,Cudayari,Pacifico,Patía,Río Guáitara,2023,22,Andes,En revisión,2,2,0,5.20166540145874,5.20166540145874,7.81314325332642,3.60659790039063,1.75041794776917,3.93818187713623,4.62545442581177,5,5,0.789855062961578,0.967391312122345,1,1,71,1.04999995231628,2.09999990463257
12,2023-12-23,52050040,10,En revisión,SANDONA [52050040],Pluviométrica,Convencional,Activa,Nariño,Sandoná,1.3223,-77.4792,20,9/15/1963,,Cudayari,Pacifico,Patía,Río Guáitara,2023,23,Andes,En revisión,10,10,0,14.0808296203613,14.0808296203613,15.6262865066528,9.20790195465088,7.46336984634399,3.93818187713623,4.62545442581177,5,5,0.789855062961578,0.967391312122345,1,1,71,1.04999995231628,10.4999995231628
12,2023-12-24,52050040,,"",SANDONA [52050040],Pluviométrica,Convencional,Activa,Nariño,Sandoná,1.3223,-77.4792,20,9/15/1963,,Cudayari,Pacifico,Patía,Río Guáitara,2023,24,Andes,Preliminar,0,0,0,3.92851543426514,3.92851543426514,0,3.00323009490967,1.14303874969482,3.93818187713623,4.62545442581177,5,5,0.789855062961578,0.967391312122345,1,1,71,1.04999995231628,0
12,2023-12-25,52050040,13,En revisión,SANDONA [52050040],Pluviométrica,Convencional,Activa,Nariño,Sandoná,1.3223,-77.4792,20,9/15/1963,,Cudayari,Pacifico,Patía,Río Guáitara,2023,25,Andes,En revisión,13,13,0,5.88546800613403,5.88546800613403,0,10.0516843795776,5.52244663238525,3.93818187713623,4.62545442581177,5,5,0.789855062961578,0.967391312122345,1,1,71,1.04999995231628,13.6499993801117
12,2023-12-26,52050040,6,En revisión,SANDONA [52050040],Pluviométrica,Convencional,Activa,Nariño,Sandoná,1.3223,-77.4792,20,9/15/1963,,Cudayari,Pacifico,Patía,Río Guáitara,2023,26,Andes,En revisión,6,6,0,4.46646356582642,4.46646356582642,0,5.85006523132324,11.9874467849731,3.93818187713623,4.62545442581177,5,5,0.789855062961578,0.967391312122345,1,1,72,1.04999995231628,6.29999971389771
12,2023-12-27,52050040,15,En revisión,SANDONA [52050040],Pluviométrica,Convencional,Activa,Nariño,Sandoná,1.3223,-77.4792,20,9/15/1963,,Cudayari,Pacifico,Patía,Río Guáitara,2023,27,Andes,En revisión,15,15,0,7.38534069061279,7.38534069061279,0,7.5438175201416,6.70230388641357,3.93818187713623,4.62545442581177,5,5,0.789855062961578,0.967391312122345,1,1,72,1.04999995231628,15.7499992847443
12,2023-12-28,52050040,21,En revisión,SANDONA [52050040],Pluviométrica,Convencional,Activa,Nariño,Sandoná,1.3223,-77.4792,20,9/15/1963,,Cudayari,Pacifico,Patía,Río Guáitara,2023,28,Andes,En revisión,21,21,0,11.220139503479,11.220139503479,69.3300552368164,11.7729597091675,9.75040817260742,3.93818187713623,4.62545442581177,5,5,0.789855062961578,0.967391312122345,1,1,72,1.04999995231628,22.049998998642
12,2023-12-29,52050040,5,En revisión,SANDONA [52050040],Pluviométrica,Convencional,Activa,Nariño,Sandoná,1.3223,-77.4792,20,9/15/1963,,Cudayari,Pacifico,Patía,Río Guáitara,2023,29,Andes,En revisión,5,5,0,4.52725219726563,4.52725219726563,0,5.69243001937866,13.5059871673584,3.93818187713623,4.62545442581177,5,5,0.789855062961578,0.967391312122345,1,1,72,1.04999995231628,5.24999976158142
12,2023-12-30,52050040,4,En revisión,SANDONA [52050040],Pluviométrica,Convencional,Activa,Nariño,Sandoná,1.3223,-77.4792,20,9/15/1963,,Cudayari,Pacifico,Patía,Río Guáitara,2023,30,Andes,En revisión,4,4,0,7.61285638809204,7.61285638809204,0,15.8340358734131,5.43281030654907,3.93818187713623,4.62545442581177,5,5,0.789855062961578,0.967391312122345,1,1,72,1.04999995231628,4.19999980926514
12,2023-12-31,52050040,22,En revisión,SANDONA [52050040],Pluviométrica,Convencional,Activa,Nariño,Sandoná,1.3223,-77.4792,20,9/15/1963,,Cudayari,Pacifico,Patía,Río Guáitara,2023,31,Andes,En revisión,22,22,0,9.96146297454834,9.96146297454834,0,1.30938112735748,0.62372624874115,3.93818187713623,4.62545442581177,5,5,0.789855062961578,0.967391312122345,1,1,72,1.04999995231628,23.0999989509583
