month,date,gauge_code,pcp,quality_flag,name,category,tecnology,operation,state,municipality,latitude,longitude,elevation,instalation_date,suspention_date,stream,hidrographic_area,hidrographic_zone,hidrographic_subzone,year,day,nat_region,flag_ind,pcp_ideam,pcp_ideam_flag,na_count_ideam,chirpv2,chirpv3,chirpsv2,chirpsv3_era5,chirpsv3_imerg,mean_gauges_v2,mean_gauges_v3,max_gauges_v2,max_gauges_v3,mean_gauges_v2_005,mean_gauges_v3_005,max_gauges_v2_005,max_gauges_v3_005,pentad_id,factor,pcp_ideam_flag_scale
01,2001-01-01,23080760,0,Definitivo,SAN ROQUE [23080760],Pluviométrica,Convencional,Activa,Antioquia,San Roque,6.4875,-75.017,820,5/15/1975,,Monchia,Magdalena Cauca,Medio Magdalena,Río Nare,2001,01,Andes,Definitivo,0,0,0,0.789831876754761,0.789831876754761,3.87608647346497,1.34912991523743,5.32164430618286,3.05454540252686,6.04363632202148,5,10,0.869565188884735,0.876811623573303,1,1,1,1.08000004291534,0
01,2001-01-02,23080760,0,Definitivo,SAN ROQUE [23080760],Pluviométrica,Convencional,Activa,Antioquia,San Roque,6.4875,-75.017,820,5/15/1975,,Monchia,Magdalena Cauca,Medio Magdalena,Río Nare,2001,02,Andes,Definitivo,0,0,0,0.987289845943451,0.987289845943451,0,0.592481434345245,0.0373493209481239,3.05454540252686,6.04363632202148,5,10,0.869565188884735,0.876811623573303,1,1,1,1.08000004291534,0
01,2001-01-03,23080760,0,Definitivo,SAN ROQUE [23080760],Pluviométrica,Convencional,Activa,Antioquia,San Roque,6.4875,-75.017,820,5/15/1975,,Monchia,Magdalena Cauca,Medio Magdalena,Río Nare,2001,03,Andes,Definitivo,0,0,0,0.0232303459197283,0.0232303459197283,0,0.729801774024963,0.0167654324322939,3.05454540252686,6.04363632202148,5,10,0.869565188884735,0.876811623573303,1,1,1,1.08000004291534,0
01,2001-01-04,23080760,,"",SAN ROQUE [23080760],Pluviométrica,Convencional,Activa,Antioquia,San Roque,6.4875,-75.017,820,5/15/1975,,Monchia,Magdalena Cauca,Medio Magdalena,Río Nare,2001,04,Andes,Preliminar,0,0,0,0,0,0,0.641944766044617,0.072386272251606,3.05454540252686,6.04363632202148,5,10,0.869565188884735,0.876811623573303,1,1,1,1.08000004291534,0
01,2001-01-05,23080760,,"",SAN ROQUE [23080760],Pluviométrica,Convencional,Activa,Antioquia,San Roque,6.4875,-75.017,820,5/15/1975,,Monchia,Magdalena Cauca,Medio Magdalena,Río Nare,2001,05,Andes,Preliminar,0,0,0,3.47293734550476,3.47293734550476,0,2.21960401535034,0.0848168656229973,3.05454540252686,6.04363632202148,5,10,0.869565188884735,0.876811623573303,1,1,1,1.08000004291534,0
01,2001-01-06,23080760,,"",SAN ROQUE [23080760],Pluviométrica,Convencional,Activa,Antioquia,San Roque,6.4875,-75.017,820,5/15/1975,,Monchia,Magdalena Cauca,Medio Magdalena,Río Nare,2001,06,Andes,Preliminar,0,0,0,3.47098112106323,3.47098112106323,0,1.11448216438293,0,3.05454540252686,6.04363632202148,5,10,0.869565188884735,0.876811623573303,1,1,2,1.08000004291534,0
01,2001-01-07,23080760,,"",SAN ROQUE [23080760],Pluviométrica,Convencional,Activa,Antioquia,San Roque,6.4875,-75.017,820,5/15/1975,,Monchia,Magdalena Cauca,Medio Magdalena,Río Nare,2001,07,Andes,Preliminar,0,0,0,0,0,0,0.72179502248764,0.172417029738426,3.05454540252686,6.04363632202148,5,10,0.869565188884735,0.876811623573303,1,1,2,1.08000004291534,0
01,2001-01-08,23080760,,"",SAN ROQUE [23080760],Pluviométrica,Convencional,Activa,Antioquia,San Roque,6.4875,-75.017,820,5/15/1975,,Monchia,Magdalena Cauca,Medio Magdalena,Río Nare,2001,08,Andes,Preliminar,0,0,0,0,0,0,0.388105779886246,0,3.05454540252686,6.04363632202148,5,10,0.869565188884735,0.876811623573303,1,1,2,1.08000004291534,0
01,2001-01-09,23080760,0,Definitivo,SAN ROQUE [23080760],Pluviométrica,Convencional,Activa,Antioquia,San Roque,6.4875,-75.017,820,5/15/1975,,Monchia,Magdalena Cauca,Medio Magdalena,Río Nare,2001,09,Andes,Definitivo,0,0,0,0.498397290706635,0.498397290706635,0,1.20250451564789,0,3.05454540252686,6.04363632202148,5,10,0.869565188884735,0.876811623573303,1,1,2,1.08000004291534,0
01,2001-01-10,23080760,,"",SAN ROQUE [23080760],Pluviométrica,Convencional,Activa,Antioquia,San Roque,6.4875,-75.017,820,5/15/1975,,Monchia,Magdalena Cauca,Medio Magdalena,Río Nare,2001,10,Andes,Preliminar,0,0,0,1.5663914680481,1.5663914680481,0,1.31578195095062,4.57025194168091,3.05454540252686,6.04363632202148,5,10,0.869565188884735,0.876811623573303,1,1,2,1.08000004291534,0
01,2001-01-11,23080760,,"",SAN ROQUE [23080760],Pluviométrica,Convencional,Activa,Antioquia,San Roque,6.4875,-75.017,820,5/15/1975,,Monchia,Magdalena Cauca,Medio Magdalena,Río Nare,2001,11,Andes,Preliminar,0,0,0,0.266436964273453,0.266436964273453,0,0.525021493434906,0.137207940220833,3.05454540252686,6.04363632202148,5,10,0.869565188884735,0.876811623573303,1,1,3,1.08000004291534,0
01,2001-01-12,23080760,,"",SAN ROQUE [23080760],Pluviométrica,Convencional,Activa,Antioquia,San Roque,6.4875,-75.017,820,5/15/1975,,Monchia,Magdalena Cauca,Medio Magdalena,Río Nare,2001,12,Andes,Preliminar,0,0,0,0.521772384643555,0.521772384643555,0,0.187719389796257,0.653019785881043,3.05454540252686,6.04363632202148,5,10,0.869565188884735,0.876811623573303,1,1,3,1.08000004291534,0
01,2001-01-13,23080760,,"",SAN ROQUE [23080760],Pluviométrica,Convencional,Activa,Antioquia,San Roque,6.4875,-75.017,820,5/15/1975,,Monchia,Magdalena Cauca,Medio Magdalena,Río Nare,2001,13,Andes,Preliminar,0,0,0,0.976935565471649,0.976935565471649,0,0.13342359662056,0.147629424929619,3.05454540252686,6.04363632202148,5,10,0.869565188884735,0.876811623573303,1,1,3,1.08000004291534,0
01,2001-01-14,23080760,,"",SAN ROQUE [23080760],Pluviométrica,Convencional,Activa,Antioquia,San Roque,6.4875,-75.017,820,5/15/1975,,Monchia,Magdalena Cauca,Medio Magdalena,Río Nare,2001,14,Andes,Preliminar,0,0,0,0.0555076971650124,0.0555076971650124,0,0.144026473164558,0,3.05454540252686,6.04363632202148,5,10,0.869565188884735,0.876811623573303,1,1,3,1.08000004291534,0
01,2001-01-15,23080760,,"",SAN ROQUE [23080760],Pluviométrica,Convencional,Activa,Antioquia,San Roque,6.4875,-75.017,820,5/15/1975,,Monchia,Magdalena Cauca,Medio Magdalena,Río Nare,2001,15,Andes,Preliminar,0,0,0,0.777107834815979,0.777107834815979,0,0.196749731898308,0.249083548784256,3.05454540252686,6.04363632202148,5,10,0.869565188884735,0.876811623573303,1,1,3,1.08000004291534,0
01,2001-01-16,23080760,,"",SAN ROQUE [23080760],Pluviométrica,Convencional,Activa,Antioquia,San Roque,6.4875,-75.017,820,5/15/1975,,Monchia,Magdalena Cauca,Medio Magdalena,Río Nare,2001,16,Andes,Preliminar,0,0,0,0.468226373195648,0.468226373195648,0,5.2855339050293,2.55864834785461,3.05454540252686,6.04363632202148,5,10,0.869565188884735,0.876811623573303,1,1,4,1.08000004291534,0
01,2001-01-17,23080760,2,Definitivo,SAN ROQUE [23080760],Pluviométrica,Convencional,Activa,Antioquia,San Roque,6.4875,-75.017,820,5/15/1975,,Monchia,Magdalena Cauca,Medio Magdalena,Río Nare,2001,17,Andes,Definitivo,2,2,0,6.74445247650147,6.74445247650147,7.88890361785889,7.717857837677,2.66805672645569,3.05454540252686,6.04363632202148,5,10,0.869565188884735,0.876811623573303,1,1,4,1.08000004291534,2.16000008583069
01,2001-01-18,23080760,16,Definitivo,SAN ROQUE [23080760],Pluviométrica,Convencional,Activa,Antioquia,San Roque,6.4875,-75.017,820,5/15/1975,,Monchia,Magdalena Cauca,Medio Magdalena,Río Nare,2001,18,Andes,Definitivo,16,16,0,5.28996229171753,5.28996229171753,0,8.62326908111572,2.2734067440033,3.05454540252686,6.04363632202148,5,10,0.869565188884735,0.876811623573303,1,1,4,1.08000004291534,17.2800006866455
01,2001-01-19,23080760,4,Definitivo,SAN ROQUE [23080760],Pluviométrica,Convencional,Activa,Antioquia,San Roque,6.4875,-75.017,820,5/15/1975,,Monchia,Magdalena Cauca,Medio Magdalena,Río Nare,2001,19,Andes,Definitivo,4,4,0,6.36588716506958,6.36588716506958,15.7778072357178,4.2026162147522,8.17955493927002,3.05454540252686,6.04363632202148,5,10,0.869565188884735,0.876811623573303,1,1,4,1.08000004291534,4.32000017166138
01,2001-01-20,23080760,3,Definitivo,SAN ROQUE [23080760],Pluviométrica,Convencional,Activa,Antioquia,San Roque,6.4875,-75.017,820,5/15/1975,,Monchia,Magdalena Cauca,Medio Magdalena,Río Nare,2001,20,Andes,Definitivo,3,3,0,15.0629444122314,15.0629444122314,23.6667098999023,30.7808036804199,40.9304122924805,3.05454540252686,6.04363632202148,5,10,0.869565188884735,0.876811623573303,1,1,4,1.08000004291534,3.24000012874603
01,2001-01-21,23080760,0,Definitivo,SAN ROQUE [23080760],Pluviométrica,Convencional,Activa,Antioquia,San Roque,6.4875,-75.017,820,5/15/1975,,Monchia,Magdalena Cauca,Medio Magdalena,Río Nare,2001,21,Andes,Definitivo,0,0,0,2.5773606300354,2.5773606300354,0,1.80194091796875,8.55490970611572,3.05454540252686,6.04363632202148,5,10,0.869565188884735,0.876811623573303,1,1,5,1.08000004291534,0
01,2001-01-22,23080760,,"",SAN ROQUE [23080760],Pluviométrica,Convencional,Activa,Antioquia,San Roque,6.4875,-75.017,820,5/15/1975,,Monchia,Magdalena Cauca,Medio Magdalena,Río Nare,2001,22,Andes,Preliminar,0,0,0,2.74466323852539,2.74466323852539,0,5.82973384857178,5.32756471633911,3.05454540252686,6.04363632202148,5,10,0.869565188884735,0.876811623573303,1,1,5,1.08000004291534,0
01,2001-01-23,23080760,2,Definitivo,SAN ROQUE [23080760],Pluviométrica,Convencional,Activa,Antioquia,San Roque,6.4875,-75.017,820,5/15/1975,,Monchia,Magdalena Cauca,Medio Magdalena,Río Nare,2001,23,Andes,Definitivo,2,2,0,4.11473321914673,4.11473321914673,7.78032732009888,8.94637966156006,5.89505624771118,3.05454540252686,6.04363632202148,5,10,0.869565188884735,0.876811623573303,1,1,5,1.08000004291534,2.16000008583069
01,2001-01-24,23080760,0.4,Definitivo,SAN ROQUE [23080760],Pluviométrica,Convencional,Activa,Antioquia,San Roque,6.4875,-75.017,820,5/15/1975,,Monchia,Magdalena Cauca,Medio Magdalena,Río Nare,2001,24,Andes,Definitivo,0.4,0.4,0,3.37769913673401,3.37769913673401,7.78032732009888,1.94687354564667,0.438422858715057,3.05454540252686,6.04363632202148,5,10,0.869565188884735,0.876811623573303,1,1,5,1.08000004291534,0.432000017166138
01,2001-01-25,23080760,,"",SAN ROQUE [23080760],Pluviométrica,Convencional,Activa,Antioquia,San Roque,6.4875,-75.017,820,5/15/1975,,Monchia,Magdalena Cauca,Medio Magdalena,Río Nare,2001,25,Andes,Preliminar,0,0,0,2.91648721694946,2.91648721694946,0,2.41173601150513,0.720712244510651,3.05454540252686,6.04363632202148,5,10,0.869565188884735,0.876811623573303,1,1,5,1.08000004291534,0
01,2001-01-26,23080760,,"",SAN ROQUE [23080760],Pluviométrica,Convencional,Activa,Antioquia,San Roque,6.4875,-75.017,820,5/15/1975,,Monchia,Magdalena Cauca,Medio Magdalena,Río Nare,2001,26,Andes,Preliminar,0,0,0,4.01251029968262,4.01251029968262,0,0.130092591047287,0.0515412166714668,3.05454540252686,6.04363632202148,5,10,0.869565188884735,0.876811623573303,1,1,6,1.08000004291534,0
01,2001-01-27,23080760,,"",SAN ROQUE [23080760],Pluviométrica,Convencional,Activa,Antioquia,San Roque,6.4875,-75.017,820,5/15/1975,,Monchia,Magdalena Cauca,Medio Magdalena,Río Nare,2001,27,Andes,Preliminar,0,0,0,0.681369662284851,0.681369662284851,0,0.295979261398315,0.523853540420532,3.05454540252686,6.04363632202148,5,10,0.869565188884735,0.876811623573303,1,1,6,1.08000004291534,0
01,2001-01-28,23080760,,"",SAN ROQUE [23080760],Pluviométrica,Convencional,Activa,Antioquia,San Roque,6.4875,-75.017,820,5/15/1975,,Monchia,Magdalena Cauca,Medio Magdalena,Río Nare,2001,28,Andes,Preliminar,0,0,0,0.0432615652680397,0.0432615652680397,0,0.790233612060547,0.219426944851875,3.05454540252686,6.04363632202148,5,10,0.869565188884735,0.876811623573303,1,1,6,1.08000004291534,0
01,2001-01-29,23080760,,"",SAN ROQUE [23080760],Pluviométrica,Convencional,Activa,Antioquia,San Roque,6.4875,-75.017,820,5/15/1975,,Monchia,Magdalena Cauca,Medio Magdalena,Río Nare,2001,29,Andes,Preliminar,0,0,0,0.151415482163429,0.151415482163429,0,0.206964448094368,0.175240159034729,3.05454540252686,6.04363632202148,5,10,0.869565188884735,0.876811623573303,1,1,6,1.08000004291534,0
01,2001-01-30,23080760,,"",SAN ROQUE [23080760],Pluviométrica,Convencional,Activa,Antioquia,San Roque,6.4875,-75.017,820,5/15/1975,,Monchia,Magdalena Cauca,Medio Magdalena,Río Nare,2001,30,Andes,Preliminar,0,0,0,0,0,0,0.212558731436729,0,3.05454540252686,6.04363632202148,5,10,0.869565188884735,0.876811623573303,1,1,6,1.08000004291534,0
01,2001-01-31,23080760,,"",SAN ROQUE [23080760],Pluviométrica,Convencional,Activa,Antioquia,San Roque,6.4875,-75.017,820,5/15/1975,,Monchia,Magdalena Cauca,Medio Magdalena,Río Nare,2001,31,Andes,Preliminar,0,0,0,0,0,0,0.746520638465881,1.41228783130646,3.05454540252686,6.04363632202148,5,10,0.869565188884735,0.876811623573303,1,1,6,1.08000004291534,0
01,2004-01-30,23080760,0,Definitivo,SAN ROQUE [23080760],Pluviométrica,Convencional,Activa,Antioquia,San Roque,6.4875,-75.017,820,5/15/1975,,Monchia,Magdalena Cauca,Medio Magdalena,Río Nare,2004,30,Andes,Definitivo,0,0,0,0,0,0,0.163709178566933,0,3.05454540252686,6.04363632202148,5,10,0.869565188884735,0.876811623573303,1,1,6,1.08000004291534,0
01,2004-01-31,23080760,0,Definitivo,SAN ROQUE [23080760],Pluviométrica,Convencional,Activa,Antioquia,San Roque,6.4875,-75.017,820,5/15/1975,,Monchia,Magdalena Cauca,Medio Magdalena,Río Nare,2004,31,Andes,Definitivo,0,0,0,0,0,0,0.266787528991699,0,3.05454540252686,6.04363632202148,5,10,0.869565188884735,0.876811623573303,1,1,6,1.08000004291534,0
01,2007-01-29,23080760,,"",SAN ROQUE [23080760],Pluviométrica,Convencional,Activa,Antioquia,San Roque,6.4875,-75.017,820,5/15/1975,,Monchia,Magdalena Cauca,Medio Magdalena,Río Nare,2007,29,Andes,Preliminar,0,0,0,0.893507897853851,0.893507897853851,0,0.875423491001129,0.0460260771214962,3.05454540252686,6.04363632202148,5,10,0.869565188884735,0.876811623573303,1,1,6,1.08000004291534,0
01,2007-01-30,23080760,,"",SAN ROQUE [23080760],Pluviométrica,Convencional,Activa,Antioquia,San Roque,6.4875,-75.017,820,5/15/1975,,Monchia,Magdalena Cauca,Medio Magdalena,Río Nare,2007,30,Andes,Preliminar,0,0,0,0.463936746120453,0.463936746120453,0,0.964375972747803,0.0400226786732674,3.05454540252686,6.04363632202148,5,10,0.869565188884735,0.876811623573303,1,1,6,1.08000004291534,0
01,2007-01-31,23080760,,"",SAN ROQUE [23080760],Pluviométrica,Convencional,Activa,Antioquia,San Roque,6.4875,-75.017,820,5/15/1975,,Monchia,Magdalena Cauca,Medio Magdalena,Río Nare,2007,31,Andes,Preliminar,0,0,0,5.63597249984741,5.63597249984741,0,2.27386498451233,0.0140079380944371,3.05454540252686,6.04363632202148,5,10,0.869565188884735,0.876811623573303,1,1,6,1.08000004291534,0
01,2010-01-29,23080760,,"",SAN ROQUE [23080760],Pluviométrica,Convencional,Activa,Antioquia,San Roque,6.4875,-75.017,820,5/15/1975,,Monchia,Magdalena Cauca,Medio Magdalena,Río Nare,2010,29,Andes,Preliminar,0,0,0,1.75163006782532,1.75163006782532,0,2.03668928146362,2.30156970024109,3.05454540252686,6.04363632202148,5,10,0.869565188884735,0.876811623573303,1,1,6,1.08000004291534,0
01,2010-01-30,23080760,,"",SAN ROQUE [23080760],Pluviométrica,Convencional,Activa,Antioquia,San Roque,6.4875,-75.017,820,5/15/1975,,Monchia,Magdalena Cauca,Medio Magdalena,Río Nare,2010,30,Andes,Preliminar,0,0,0,3.08813452720642,3.08813452720642,8.71290683746338,0.834717631340027,3.62441253662109,3.05454540252686,6.04363632202148,5,10,0.869565188884735,0.876811623573303,1,1,6,1.08000004291534,0
01,2010-01-31,23080760,,"",SAN ROQUE [23080760],Pluviométrica,Convencional,Activa,Antioquia,San Roque,6.4875,-75.017,820,5/15/1975,,Monchia,Magdalena Cauca,Medio Magdalena,Río Nare,2010,31,Andes,Preliminar,0,0,0,0.374626129865646,0.374626129865646,0,0.226159572601318,0,3.05454540252686,6.04363632202148,5,10,0.869565188884735,0.876811623573303,1,1,6,1.08000004291534,0
01,2013-01-29,23080760,,"",SAN ROQUE [23080760],Pluviométrica,Convencional,Activa,Antioquia,San Roque,6.4875,-75.017,820,5/15/1975,,Monchia,Magdalena Cauca,Medio Magdalena,Río Nare,2013,29,Andes,Preliminar,1,1,0,0.542050540447235,0.542050540447235,13.5154275894165,1.25475633144379,10.9462604522705,3.05454540252686,6.04363632202148,5,10,0.869565188884735,0.876811623573303,1,1,6,1.08000004291534,1.08000004291534
01,2013-01-30,23080760,0,Definitivo,SAN ROQUE [23080760],Pluviométrica,Convencional,Activa,Antioquia,San Roque,6.4875,-75.017,820,5/15/1975,,Monchia,Magdalena Cauca,Medio Magdalena,Río Nare,2013,30,Andes,Definitivo,0,0,0,0.233805552124977,0.233805552124977,0,1.86198210716248,0,3.05454540252686,6.04363632202148,5,10,0.869565188884735,0.876811623573303,1,1,6,1.08000004291534,0
01,2013-01-31,23080760,16,Definitivo,SAN ROQUE [23080760],Pluviométrica,Convencional,Activa,Antioquia,San Roque,6.4875,-75.017,820,5/15/1975,,Monchia,Magdalena Cauca,Medio Magdalena,Río Nare,2013,31,Andes,Definitivo,16,16,0,1.61590695381165,1.61590695381165,0,2.9522397518158,0,3.05454540252686,6.04363632202148,5,10,0.869565188884735,0.876811623573303,1,1,6,1.08000004291534,17.2800006866455
01,2016-01-30,23080760,,"",SAN ROQUE [23080760],Pluviométrica,Convencional,Activa,Antioquia,San Roque,6.4875,-75.017,820,5/15/1975,,Monchia,Magdalena Cauca,Medio Magdalena,Río Nare,2016,30,Andes,Preliminar,0,0,0,0.953750133514404,0.953750133514404,0,0.1754050552845,0.619687378406525,3.05454540252686,6.04363632202148,5,10,0.869565188884735,0.876811623573303,1,1,6,1.08000004291534,0
01,2016-01-31,23080760,,"",SAN ROQUE [23080760],Pluviométrica,Convencional,Activa,Antioquia,San Roque,6.4875,-75.017,820,5/15/1975,,Monchia,Magdalena Cauca,Medio Magdalena,Río Nare,2016,31,Andes,Preliminar,0,0,0,0.0501463524997234,0.0501463524997234,0,0.0220492389053106,0,3.05454540252686,6.04363632202148,5,10,0.869565188884735,0.876811623573303,1,1,6,1.08000004291534,0
01,2019-01-29,23080760,2,Definitivo,SAN ROQUE [23080760],Pluviométrica,Convencional,Activa,Antioquia,San Roque,6.4875,-75.017,820,5/15/1975,,Monchia,Magdalena Cauca,Medio Magdalena,Río Nare,2019,29,Andes,Definitivo,2,2,0,1.54099309444428,1.54099309444428,0,1.65945720672607,0.690033257007599,3.05454540252686,6.04363632202148,5,10,0.869565188884735,0.876811623573303,1,1,6,1.08000004291534,2.16000008583069
01,2019-01-30,23080760,0,Definitivo,SAN ROQUE [23080760],Pluviométrica,Convencional,Activa,Antioquia,San Roque,6.4875,-75.017,820,5/15/1975,,Monchia,Magdalena Cauca,Medio Magdalena,Río Nare,2019,30,Andes,Definitivo,0,0,0,0.331584095954895,0.331584095954895,0,3.65313005447388,0,3.05454540252686,6.04363632202148,5,10,0.869565188884735,0.876811623573303,1,1,6,1.08000004291534,0
01,2019-01-31,23080760,0,Definitivo,SAN ROQUE [23080760],Pluviométrica,Convencional,Activa,Antioquia,San Roque,6.4875,-75.017,820,5/15/1975,,Monchia,Magdalena Cauca,Medio Magdalena,Río Nare,2019,31,Andes,Definitivo,0,0,0,2.28161787986755,2.28161787986755,0,1.27436149120331,0,3.05454540252686,6.04363632202148,5,10,0.869565188884735,0.876811623573303,1,1,6,1.08000004291534,0
01,2022-01-29,23080760,0,Definitivo,SAN ROQUE [23080760],Pluviométrica,Convencional,Activa,Antioquia,San Roque,6.4875,-75.017,820,5/15/1975,,Monchia,Magdalena Cauca,Medio Magdalena,Río Nare,2022,29,Andes,Definitivo,0,0,0,0.420064657926559,0.420064657926559,0,0.0780549421906471,0.0653531029820442,3.05454540252686,6.04363632202148,5,10,0.869565188884735,0.876811623573303,1,1,6,1.08000004291534,0
01,2022-01-30,23080760,0,Definitivo,SAN ROQUE [23080760],Pluviométrica,Convencional,Activa,Antioquia,San Roque,6.4875,-75.017,820,5/15/1975,,Monchia,Magdalena Cauca,Medio Magdalena,Río Nare,2022,30,Andes,Definitivo,0,0,0,0.220690652728081,0.220690652728081,0,0.0131339002400637,0.0653531029820442,3.05454540252686,6.04363632202148,5,10,0.869565188884735,0.876811623573303,1,1,6,1.08000004291534,0
01,2022-01-31,23080760,0,Definitivo,SAN ROQUE [23080760],Pluviométrica,Convencional,Activa,Antioquia,San Roque,6.4875,-75.017,820,5/15/1975,,Monchia,Magdalena Cauca,Medio Magdalena,Río Nare,2022,31,Andes,Definitivo,0,0,0,0.113982155919075,0.113982155919075,0,0.031717736274004,0.0653531029820442,3.05454540252686,6.04363632202148,5,10,0.869565188884735,0.876811623573303,1,1,6,1.08000004291534,0
01,2023-01-31,23080760,0,Definitivo,SAN ROQUE [23080760],Pluviométrica,Convencional,Activa,Antioquia,San Roque,6.4875,-75.017,820,5/15/1975,,Monchia,Magdalena Cauca,Medio Magdalena,Río Nare,2023,31,Andes,Definitivo,0,0,0,0,0,0,0.034681960940361,0.0658953785896301,3.05454540252686,6.04363632202148,5,10,0.869565188884735,0.876811623573303,1,1,6,1.08000004291534,0
01,2021-01-31,23080760,0,Definitivo,SAN ROQUE [23080760],Pluviométrica,Convencional,Activa,Antioquia,San Roque,6.4875,-75.017,820,5/15/1975,,Monchia,Magdalena Cauca,Medio Magdalena,Río Nare,2021,31,Andes,Definitivo,0,0,0,0,0,0,0,0,3.05454540252686,6.04363632202148,5,10,0.869565188884735,0.876811623573303,1,1,6,1.08000004291534,0
01,2021-01-28,23080760,0,Definitivo,SAN ROQUE [23080760],Pluviométrica,Convencional,Activa,Antioquia,San Roque,6.4875,-75.017,820,5/15/1975,,Monchia,Magdalena Cauca,Medio Magdalena,Río Nare,2021,28,Andes,Definitivo,0,0,0,8.71127319335938,8.71127319335938,0,7.08838129043579,6.12337636947632,3.05454540252686,6.04363632202148,5,10,0.869565188884735,0.876811623573303,1,1,6,1.08000004291534,0
01,2023-01-26,23080760,0,Definitivo,SAN ROQUE [23080760],Pluviométrica,Convencional,Activa,Antioquia,San Roque,6.4875,-75.017,820,5/15/1975,,Monchia,Magdalena Cauca,Medio Magdalena,Río Nare,2023,26,Andes,Definitivo,0,0,0,0.69803524017334,0.69803524017334,0,1.06564629077911,1.25201213359833,3.05454540252686,6.04363632202148,5,10,0.869565188884735,0.876811623573303,1,1,6,1.08000004291534,0
01,2023-01-23,23080760,0,Definitivo,SAN ROQUE [23080760],Pluviométrica,Convencional,Activa,Antioquia,San Roque,6.4875,-75.017,820,5/15/1975,,Monchia,Magdalena Cauca,Medio Magdalena,Río Nare,2023,23,Andes,Definitivo,0,0,0,0,0,0,12.1131677627563,1.77532052993774,3.05454540252686,6.04363632202148,5,10,0.869565188884735,0.876811623573303,1,1,5,1.08000004291534,0
01,2023-01-20,23080760,0,Definitivo,SAN ROQUE [23080760],Pluviométrica,Convencional,Activa,Antioquia,San Roque,6.4875,-75.017,820,5/15/1975,,Monchia,Magdalena Cauca,Medio Magdalena,Río Nare,2023,20,Andes,Definitivo,0,0,0,2.68189024925232,2.68189024925232,0,4.70855665206909,0,3.05454540252686,6.04363632202148,5,10,0.869565188884735,0.876811623573303,1,1,4,1.08000004291534,0
01,2021-01-20,23080760,0,Definitivo,SAN ROQUE [23080760],Pluviométrica,Convencional,Activa,Antioquia,San Roque,6.4875,-75.017,820,5/15/1975,,Monchia,Magdalena Cauca,Medio Magdalena,Río Nare,2021,20,Andes,Definitivo,0,0,0,0,0,0,0,0,3.05454540252686,6.04363632202148,5,10,0.869565188884735,0.876811623573303,1,1,4,1.08000004291534,0
01,2021-01-17,23080760,0,Definitivo,SAN ROQUE [23080760],Pluviométrica,Convencional,Activa,Antioquia,San Roque,6.4875,-75.017,820,5/15/1975,,Monchia,Magdalena Cauca,Medio Magdalena,Río Nare,2021,17,Andes,Definitivo,0,0,0,0.796209275722504,0.796209275722504,0,0,0,3.05454540252686,6.04363632202148,5,10,0.869565188884735,0.876811623573303,1,1,4,1.08000004291534,0
01,2023-01-15,23080760,0,Definitivo,SAN ROQUE [23080760],Pluviométrica,Convencional,Activa,Antioquia,San Roque,6.4875,-75.017,820,5/15/1975,,Monchia,Magdalena Cauca,Medio Magdalena,Río Nare,2023,15,Andes,Definitivo,0,0,0,7.04065608978272,7.04065608978272,0,6.80909156799316,0.142308741807938,3.05454540252686,6.04363632202148,5,10,0.869565188884735,0.876811623573303,1,1,3,1.08000004291534,0
01,2023-01-12,23080760,60,Definitivo,SAN ROQUE [23080760],Pluviométrica,Convencional,Activa,Antioquia,San Roque,6.4875,-75.017,820,5/15/1975,,Monchia,Magdalena Cauca,Medio Magdalena,Río Nare,2023,12,Andes,Definitivo,60,60,0,7.04625558853149,7.04625558853149,23.0823593139648,7.79843473434448,2.03342413902283,3.05454540252686,6.04363632202148,5,10,0.869565188884735,0.876811623573303,1,1,3,1.08000004291534,64.8000025749207
01,2002-01-18,23080760,4,Definitivo,SAN ROQUE [23080760],Pluviométrica,Convencional,Activa,Antioquia,San Roque,6.4875,-75.017,820,5/15/1975,,Monchia,Magdalena Cauca,Medio Magdalena,Río Nare,2002,18,Andes,Definitivo,4,4,0,1.00043475627899,1.00043475627899,0,0,0,3.05454540252686,6.04363632202148,5,10,0.869565188884735,0.876811623573303,1,1,4,1.08000004291534,4.32000017166138
01,2002-01-19,23080760,,"",SAN ROQUE [23080760],Pluviométrica,Convencional,Activa,Antioquia,San Roque,6.4875,-75.017,820,5/15/1975,,Monchia,Magdalena Cauca,Medio Magdalena,Río Nare,2002,19,Andes,Preliminar,0,0,0,0.0521965958178043,0.0521965958178043,0,0,0,3.05454540252686,6.04363632202148,5,10,0.869565188884735,0.876811623573303,1,1,4,1.08000004291534,0
01,2002-01-20,23080760,28,Definitivo,SAN ROQUE [23080760],Pluviométrica,Convencional,Activa,Antioquia,San Roque,6.4875,-75.017,820,5/15/1975,,Monchia,Magdalena Cauca,Medio Magdalena,Río Nare,2002,20,Andes,Definitivo,28,28,0,0,0,0,0,0,3.05454540252686,6.04363632202148,5,10,0.869565188884735,0.876811623573303,1,1,4,1.08000004291534,30.2400012016296
01,2002-01-21,23080760,27,Definitivo,SAN ROQUE [23080760],Pluviométrica,Convencional,Activa,Antioquia,San Roque,6.4875,-75.017,820,5/15/1975,,Monchia,Magdalena Cauca,Medio Magdalena,Río Nare,2002,21,Andes,Definitivo,27,27,0,0,0,0,15.6503038406372,0.666721999645233,3.05454540252686,6.04363632202148,5,10,0.869565188884735,0.876811623573303,1,1,5,1.08000004291534,29.1600011587143
01,2002-01-22,23080760,,"",SAN ROQUE [23080760],Pluviométrica,Convencional,Activa,Antioquia,San Roque,6.4875,-75.017,820,5/15/1975,,Monchia,Magdalena Cauca,Medio Magdalena,Río Nare,2002,22,Andes,Preliminar,0,0,0,0.49506002664566,0.49506002664566,28.5310344696045,15.16539478302,32.8111763000488,3.05454540252686,6.04363632202148,5,10,0.869565188884735,0.876811623573303,1,1,5,1.08000004291534,0
01,2002-01-23,23080760,0,Definitivo,SAN ROQUE [23080760],Pluviométrica,Convencional,Activa,Antioquia,San Roque,6.4875,-75.017,820,5/15/1975,,Monchia,Magdalena Cauca,Medio Magdalena,Río Nare,2002,23,Andes,Definitivo,0,0,0,2.96224427223206,2.96224427223206,0,1.42468976974487,0.501497566699982,3.05454540252686,6.04363632202148,5,10,0.869565188884735,0.876811623573303,1,1,5,1.08000004291534,0
01,2002-01-24,23080760,,"",SAN ROQUE [23080760],Pluviométrica,Convencional,Activa,Antioquia,San Roque,6.4875,-75.017,820,5/15/1975,,Monchia,Magdalena Cauca,Medio Magdalena,Río Nare,2002,24,Andes,Preliminar,0,0,0,5.2833456993103,5.2833456993103,0,1.69613397121429,0.0569023489952087,3.05454540252686,6.04363632202148,5,10,0.869565188884735,0.876811623573303,1,1,5,1.08000004291534,0
01,2002-01-25,23080760,,"",SAN ROQUE [23080760],Pluviométrica,Convencional,Activa,Antioquia,San Roque,6.4875,-75.017,820,5/15/1975,,Monchia,Magdalena Cauca,Medio Magdalena,Río Nare,2002,25,Andes,Preliminar,0,0,0,3.35179972648621,3.35179972648621,0,0.530039191246033,0.430262118577957,3.05454540252686,6.04363632202148,5,10,0.869565188884735,0.876811623573303,1,1,5,1.08000004291534,0
01,2002-01-26,23080760,6,Definitivo,SAN ROQUE [23080760],Pluviométrica,Convencional,Activa,Antioquia,San Roque,6.4875,-75.017,820,5/15/1975,,Monchia,Magdalena Cauca,Medio Magdalena,Río Nare,2002,26,Andes,Definitivo,6,6,0,6.53135395050049,6.53135395050049,27.234899520874,15.4168224334717,4.44903373718262,3.05454540252686,6.04363632202148,5,10,0.869565188884735,0.876811623573303,1,1,6,1.08000004291534,6.48000025749207
01,2002-01-27,23080760,7,Definitivo,SAN ROQUE [23080760],Pluviométrica,Convencional,Activa,Antioquia,San Roque,6.4875,-75.017,820,5/15/1975,,Monchia,Magdalena Cauca,Medio Magdalena,Río Nare,2002,27,Andes,Definitivo,7,7,0,0.957407236099243,0.957407236099243,0,3.71628451347351,0.239917978644371,3.05454540252686,6.04363632202148,5,10,0.869565188884735,0.876811623573303,1,1,6,1.08000004291534,7.56000030040741
01,2002-01-28,23080760,,"",SAN ROQUE [23080760],Pluviométrica,Convencional,Activa,Antioquia,San Roque,6.4875,-75.017,820,5/15/1975,,Monchia,Magdalena Cauca,Medio Magdalena,Río Nare,2002,28,Andes,Preliminar,0,0,0,0,0,0,2.13870239257813,0.0628136321902275,3.05454540252686,6.04363632202148,5,10,0.869565188884735,0.876811623573303,1,1,6,1.08000004291534,0
01,2002-01-29,23080760,11,Definitivo,SAN ROQUE [23080760],Pluviométrica,Convencional,Activa,Antioquia,San Roque,6.4875,-75.017,820,5/15/1975,,Monchia,Magdalena Cauca,Medio Magdalena,Río Nare,2002,29,Andes,Definitivo,11,11,0,1.71808695793152,1.71808695793152,0,0.747702240943909,0,3.05454540252686,6.04363632202148,5,10,0.869565188884735,0.876811623573303,1,1,6,1.08000004291534,11.8800004720688
01,2002-01-30,23080760,,"",SAN ROQUE [23080760],Pluviométrica,Convencional,Activa,Antioquia,San Roque,6.4875,-75.017,820,5/15/1975,,Monchia,Magdalena Cauca,Medio Magdalena,Río Nare,2002,30,Andes,Preliminar,0,0,0,2.70172452926636,2.70172452926636,27.234899520874,19.5814723968506,42.2785491943359,3.05454540252686,6.04363632202148,5,10,0.869565188884735,0.876811623573303,1,1,6,1.08000004291534,0
01,2002-01-31,23080760,70,Definitivo,SAN ROQUE [23080760],Pluviométrica,Convencional,Activa,Antioquia,San Roque,6.4875,-75.017,820,5/15/1975,,Monchia,Magdalena Cauca,Medio Magdalena,Río Nare,2002,31,Andes,Definitivo,70,70,0,4.60342454910278,4.60342454910278,0,29.2232246398926,23.7938957214356,3.05454540252686,6.04363632202148,5,10,0.869565188884735,0.876811623573303,1,1,6,1.08000004291534,75.6000030040741
01,2005-01-29,23080760,,"",SAN ROQUE [23080760],Pluviométrica,Convencional,Activa,Antioquia,San Roque,6.4875,-75.017,820,5/15/1975,,Monchia,Magdalena Cauca,Medio Magdalena,Río Nare,2005,29,Andes,Preliminar,0,0,0,5.01629543304443,5.01629543304443,0,5.16241502761841,0.338648915290833,3.05454540252686,6.04363632202148,5,10,0.869565188884735,0.876811623573303,1,1,6,1.08000004291534,0
01,2005-01-30,23080760,,"",SAN ROQUE [23080760],Pluviométrica,Convencional,Activa,Antioquia,San Roque,6.4875,-75.017,820,5/15/1975,,Monchia,Magdalena Cauca,Medio Magdalena,Río Nare,2005,30,Andes,Preliminar,0,0,0,4.91137313842773,4.91137313842773,14.6175870895386,4.7552342414856,10.4471340179443,3.05454540252686,6.04363632202148,5,10,0.869565188884735,0.876811623573303,1,1,6,1.08000004291534,0
01,2005-01-31,23080760,,"",SAN ROQUE [23080760],Pluviométrica,Convencional,Activa,Antioquia,San Roque,6.4875,-75.017,820,5/15/1975,,Monchia,Magdalena Cauca,Medio Magdalena,Río Nare,2005,31,Andes,Preliminar,0,0,0,4.11196279525757,4.11196279525757,0,2.24629759788513,0.727331578731537,3.05454540252686,6.04363632202148,5,10,0.869565188884735,0.876811623573303,1,1,6,1.08000004291534,0
01,2008-01-30,23080760,,"",SAN ROQUE [23080760],Pluviométrica,Convencional,Activa,Antioquia,San Roque,6.4875,-75.017,820,5/15/1975,,Monchia,Magdalena Cauca,Medio Magdalena,Río Nare,2008,30,Andes,Preliminar,0,0,0,0.00366869452409446,0.00366869452409446,0,0.055309884250164,0.187210932374001,3.05454540252686,6.04363632202148,5,10,0.869565188884735,0.876811623573303,1,1,6,1.08000004291534,0
01,2008-01-31,23080760,,"",SAN ROQUE [23080760],Pluviométrica,Convencional,Activa,Antioquia,San Roque,6.4875,-75.017,820,5/15/1975,,Monchia,Magdalena Cauca,Medio Magdalena,Río Nare,2008,31,Andes,Preliminar,0,0,0,0,0,0,0.0536277703940868,0.418006360530853,3.05454540252686,6.04363632202148,5,10,0.869565188884735,0.876811623573303,1,1,6,1.08000004291534,0
01,2011-01-29,23080760,,"",SAN ROQUE [23080760],Pluviométrica,Convencional,Activa,Antioquia,San Roque,6.4875,-75.017,820,5/15/1975,,Monchia,Magdalena Cauca,Medio Magdalena,Río Nare,2011,29,Andes,Preliminar,0,0,0,2.5387237071991,2.5387237071991,0,2.31444764137268,1.87936651706696,3.05454540252686,6.04363632202148,5,10,0.869565188884735,0.876811623573303,1,1,6,1.08000004291534,0
01,2011-01-30,23080760,,"",SAN ROQUE [23080760],Pluviométrica,Convencional,Activa,Antioquia,San Roque,6.4875,-75.017,820,5/15/1975,,Monchia,Magdalena Cauca,Medio Magdalena,Río Nare,2011,30,Andes,Preliminar,0,0,0,1.84573876857758,1.84573876857758,0,1.70777273178101,0.00838118884712458,3.05454540252686,6.04363632202148,5,10,0.869565188884735,0.876811623573303,1,1,6,1.08000004291534,0
01,2011-01-31,23080760,,"",SAN ROQUE [23080760],Pluviométrica,Convencional,Activa,Antioquia,San Roque,6.4875,-75.017,820,5/15/1975,,Monchia,Magdalena Cauca,Medio Magdalena,Río Nare,2011,31,Andes,Preliminar,0,0,0,2.0456383228302,2.0456383228302,0,1.98631763458252,0.14294870197773,3.05454540252686,6.04363632202148,5,10,0.869565188884735,0.876811623573303,1,1,6,1.08000004291534,0
01,2014-01-29,23080760,0,Definitivo,SAN ROQUE [23080760],Pluviométrica,Convencional,Activa,Antioquia,San Roque,6.4875,-75.017,820,5/15/1975,,Monchia,Magdalena Cauca,Medio Magdalena,Río Nare,2014,29,Andes,Definitivo,0,0,0,2.46996474266052,2.46996474266052,42.7043495178223,3.35136699676514,24.4855537414551,3.05454540252686,6.04363632202148,5,10,0.869565188884735,0.876811623573303,1,1,6,1.08000004291534,0
01,2002-01-01,23080760,0,Definitivo,SAN ROQUE [23080760],Pluviométrica,Convencional,Activa,Antioquia,San Roque,6.4875,-75.017,820,5/15/1975,,Monchia,Magdalena Cauca,Medio Magdalena,Río Nare,2002,01,Andes,Definitivo,0,0,0,0.468304604291916,0.468304604291916,0,0.396195590496063,0.286534816026688,3.05454540252686,6.04363632202148,5,10,0.869565188884735,0.876811623573303,1,1,1,1.08000004291534,0
01,2002-01-02,23080760,,"",SAN ROQUE [23080760],Pluviométrica,Convencional,Activa,Antioquia,San Roque,6.4875,-75.017,820,5/15/1975,,Monchia,Magdalena Cauca,Medio Magdalena,Río Nare,2002,02,Andes,Preliminar,0,0,0,0,0,0,0.347831696271896,0.70449435710907,3.05454540252686,6.04363632202148,5,10,0.869565188884735,0.876811623573303,1,1,1,1.08000004291534,0
01,2002-01-03,23080760,,"",SAN ROQUE [23080760],Pluviométrica,Convencional,Activa,Antioquia,San Roque,6.4875,-75.017,820,5/15/1975,,Monchia,Magdalena Cauca,Medio Magdalena,Río Nare,2002,03,Andes,Preliminar,0,0,0,1.04264044761658,1.04264044761658,0,0.476866602897644,0.0534133091568947,3.05454540252686,6.04363632202148,5,10,0.869565188884735,0.876811623573303,1,1,1,1.08000004291534,0
01,2002-01-04,23080760,,"",SAN ROQUE [23080760],Pluviométrica,Convencional,Activa,Antioquia,San Roque,6.4875,-75.017,820,5/15/1975,,Monchia,Magdalena Cauca,Medio Magdalena,Río Nare,2002,04,Andes,Preliminar,0,0,0,1.99692165851593,1.99692165851593,0,0.458804249763489,0.00717868143692613,3.05454540252686,6.04363632202148,5,10,0.869565188884735,0.876811623573303,1,1,1,1.08000004291534,0
01,2002-01-05,23080760,,"",SAN ROQUE [23080760],Pluviométrica,Convencional,Activa,Antioquia,San Roque,6.4875,-75.017,820,5/15/1975,,Monchia,Magdalena Cauca,Medio Magdalena,Río Nare,2002,05,Andes,Preliminar,0,0,0,0.0044179679825902,0.0044179679825902,0,0.233420416712761,0.861497521400452,3.05454540252686,6.04363632202148,5,10,0.869565188884735,0.876811623573303,1,1,1,1.08000004291534,0
01,2002-01-06,23080760,,"",SAN ROQUE [23080760],Pluviométrica,Convencional,Activa,Antioquia,San Roque,6.4875,-75.017,820,5/15/1975,,Monchia,Magdalena Cauca,Medio Magdalena,Río Nare,2002,06,Andes,Preliminar,0,0,0,0.410185277462006,0.410185277462006,0,0.154636427760124,0.205396965146065,3.05454540252686,6.04363632202148,5,10,0.869565188884735,0.876811623573303,1,1,2,1.08000004291534,0
01,2002-01-07,23080760,,"",SAN ROQUE [23080760],Pluviométrica,Convencional,Activa,Antioquia,San Roque,6.4875,-75.017,820,5/15/1975,,Monchia,Magdalena Cauca,Medio Magdalena,Río Nare,2002,07,Andes,Preliminar,0,0,0,2.03030252456665,2.03030252456665,0,0.889712452888489,0.252737045288086,3.05454540252686,6.04363632202148,5,10,0.869565188884735,0.876811623573303,1,1,2,1.08000004291534,0
01,2002-01-08,23080760,,"",SAN ROQUE [23080760],Pluviométrica,Convencional,Activa,Antioquia,San Roque,6.4875,-75.017,820,5/15/1975,,Monchia,Magdalena Cauca,Medio Magdalena,Río Nare,2002,08,Andes,Preliminar,0,0,0,4.20955514907837,4.20955514907837,0,1.20052850246429,1.17448496818542,3.05454540252686,6.04363632202148,5,10,0.869565188884735,0.876811623573303,1,1,2,1.08000004291534,0
01,2002-01-09,23080760,,"",SAN ROQUE [23080760],Pluviométrica,Convencional,Activa,Antioquia,San Roque,6.4875,-75.017,820,5/15/1975,,Monchia,Magdalena Cauca,Medio Magdalena,Río Nare,2002,09,Andes,Preliminar,0,0,0,0.91661524772644,0.91661524772644,0,0.198786899447441,0.777238726615906,3.05454540252686,6.04363632202148,5,10,0.869565188884735,0.876811623573303,1,1,2,1.08000004291534,0
01,2002-01-10,23080760,,"",SAN ROQUE [23080760],Pluviométrica,Convencional,Activa,Antioquia,San Roque,6.4875,-75.017,820,5/15/1975,,Monchia,Magdalena Cauca,Medio Magdalena,Río Nare,2002,10,Andes,Preliminar,0,0,0,0.153533041477203,0.153533041477203,0,0.108684971928597,0.14249113202095,3.05454540252686,6.04363632202148,5,10,0.869565188884735,0.876811623573303,1,1,2,1.08000004291534,0
01,2002-01-11,23080760,,"",SAN ROQUE [23080760],Pluviométrica,Convencional,Activa,Antioquia,San Roque,6.4875,-75.017,820,5/15/1975,,Monchia,Magdalena Cauca,Medio Magdalena,Río Nare,2002,11,Andes,Preliminar,0,0,0,1.23231387138367,1.23231387138367,0,0.224368080496788,0.141769036650658,3.05454540252686,6.04363632202148,5,10,0.869565188884735,0.876811623573303,1,1,3,1.08000004291534,0
01,2002-01-12,23080760,,"",SAN ROQUE [23080760],Pluviométrica,Convencional,Activa,Antioquia,San Roque,6.4875,-75.017,820,5/15/1975,,Monchia,Magdalena Cauca,Medio Magdalena,Río Nare,2002,12,Andes,Preliminar,0,0,0,0.195720449090004,0.195720449090004,0,0.560534536838532,0.635635375976563,3.05454540252686,6.04363632202148,5,10,0.869565188884735,0.876811623573303,1,1,3,1.08000004291534,0
01,2002-01-13,23080760,,"",SAN ROQUE [23080760],Pluviométrica,Convencional,Activa,Antioquia,San Roque,6.4875,-75.017,820,5/15/1975,,Monchia,Magdalena Cauca,Medio Magdalena,Río Nare,2002,13,Andes,Preliminar,0,0,0,0.159475907683373,0.159475907683373,0,0.476101130247116,0.383362263441086,3.05454540252686,6.04363632202148,5,10,0.869565188884735,0.876811623573303,1,1,3,1.08000004291534,0
01,2002-01-14,23080760,2,Definitivo,SAN ROQUE [23080760],Pluviométrica,Convencional,Activa,Antioquia,San Roque,6.4875,-75.017,820,5/15/1975,,Monchia,Magdalena Cauca,Medio Magdalena,Río Nare,2002,14,Andes,Definitivo,2,2,0,0.627030313014984,0.627030313014984,0,0.50917112827301,0.103323176503181,3.05454540252686,6.04363632202148,5,10,0.869565188884735,0.876811623573303,1,1,3,1.08000004291534,2.16000008583069
01,2002-01-15,23080760,0.2,Definitivo,SAN ROQUE [23080760],Pluviométrica,Convencional,Activa,Antioquia,San Roque,6.4875,-75.017,820,5/15/1975,,Monchia,Magdalena Cauca,Medio Magdalena,Río Nare,2002,15,Andes,Definitivo,0.2,0.2,0,1.57301247119904,1.57301247119904,0,0.315511912107468,0.821596801280975,3.05454540252686,6.04363632202148,5,10,0.869565188884735,0.876811623573303,1,1,3,1.08000004291534,0.216000008583069
01,2002-01-16,23080760,,"",SAN ROQUE [23080760],Pluviométrica,Convencional,Activa,Antioquia,San Roque,6.4875,-75.017,820,5/15/1975,,Monchia,Magdalena Cauca,Medio Magdalena,Río Nare,2002,16,Andes,Preliminar,0,0,0,2.58373165130615,2.58373165130615,0,0,0,3.05454540252686,6.04363632202148,5,10,0.869565188884735,0.876811623573303,1,1,4,1.08000004291534,0
01,2002-01-17,23080760,,"",SAN ROQUE [23080760],Pluviométrica,Convencional,Activa,Antioquia,San Roque,6.4875,-75.017,820,5/15/1975,,Monchia,Magdalena Cauca,Medio Magdalena,Río Nare,2002,17,Andes,Preliminar,0,0,0,1.4441055059433,1.4441055059433,0,0,0,3.05454540252686,6.04363632202148,5,10,0.869565188884735,0.876811623573303,1,1,4,1.08000004291534,0
01,2023-01-11,23080760,46,Definitivo,SAN ROQUE [23080760],Pluviométrica,Convencional,Activa,Antioquia,San Roque,6.4875,-75.017,820,5/15/1975,,Monchia,Magdalena Cauca,Medio Magdalena,Río Nare,2023,11,Andes,Definitivo,46,46,0,7.58425998687744,7.58425998687744,0,32.6585998535156,2.6088011264801,3.05454540252686,6.04363632202148,5,10,0.869565188884735,0.876811623573303,1,1,3,1.08000004291534,49.6800019741058
01,2003-01-16,23080760,,"",SAN ROQUE [23080760],Pluviométrica,Convencional,Activa,Antioquia,San Roque,6.4875,-75.017,820,5/15/1975,,Monchia,Magdalena Cauca,Medio Magdalena,Río Nare,2003,16,Andes,Preliminar,0,0,0,0,0,0,0,0,3.05454540252686,6.04363632202148,5,10,0.869565188884735,0.876811623573303,1,1,4,1.08000004291534,0
01,2003-01-17,23080760,,"",SAN ROQUE [23080760],Pluviométrica,Convencional,Activa,Antioquia,San Roque,6.4875,-75.017,820,5/15/1975,,Monchia,Magdalena Cauca,Medio Magdalena,Río Nare,2003,17,Andes,Preliminar,0,0,0,0,0,0,0,0,3.05454540252686,6.04363632202148,5,10,0.869565188884735,0.876811623573303,1,1,4,1.08000004291534,0
01,2003-01-18,23080760,,"",SAN ROQUE [23080760],Pluviométrica,Convencional,Activa,Antioquia,San Roque,6.4875,-75.017,820,5/15/1975,,Monchia,Magdalena Cauca,Medio Magdalena,Río Nare,2003,18,Andes,Preliminar,0,0,0,0.0775346010923386,0.0775346010923386,0,0,0,3.05454540252686,6.04363632202148,5,10,0.869565188884735,0.876811623573303,1,1,4,1.08000004291534,0
01,2003-01-19,23080760,,"",SAN ROQUE [23080760],Pluviométrica,Convencional,Activa,Antioquia,San Roque,6.4875,-75.017,820,5/15/1975,,Monchia,Magdalena Cauca,Medio Magdalena,Río Nare,2003,19,Andes,Preliminar,0,0,0,1.59130537509918,1.59130537509918,0,0,0,3.05454540252686,6.04363632202148,5,10,0.869565188884735,0.876811623573303,1,1,4,1.08000004291534,0
01,2003-01-20,23080760,,"",SAN ROQUE [23080760],Pluviométrica,Convencional,Activa,Antioquia,San Roque,6.4875,-75.017,820,5/15/1975,,Monchia,Magdalena Cauca,Medio Magdalena,Río Nare,2003,20,Andes,Preliminar,0,0,0,1.74637460708618,1.74637460708618,0,0,0,3.05454540252686,6.04363632202148,5,10,0.869565188884735,0.876811623573303,1,1,4,1.08000004291534,0
01,2003-01-21,23080760,,"",SAN ROQUE [23080760],Pluviométrica,Convencional,Activa,Antioquia,San Roque,6.4875,-75.017,820,5/15/1975,,Monchia,Magdalena Cauca,Medio Magdalena,Río Nare,2003,21,Andes,Preliminar,0,0,0,0.0132159097120166,0.0132159097120166,0,0.203809157013893,0.195182472467422,3.05454540252686,6.04363632202148,5,10,0.869565188884735,0.876811623573303,1,1,5,1.08000004291534,0
01,2003-01-22,23080760,,"",SAN ROQUE [23080760],Pluviométrica,Convencional,Activa,Antioquia,San Roque,6.4875,-75.017,820,5/15/1975,,Monchia,Magdalena Cauca,Medio Magdalena,Río Nare,2003,22,Andes,Preliminar,0,0,0,0.0396477282047272,0.0396477282047272,0,0.265116810798645,0,3.05454540252686,6.04363632202148,5,10,0.869565188884735,0.876811623573303,1,1,5,1.08000004291534,0
01,2003-01-23,23080760,1,Definitivo,SAN ROQUE [23080760],Pluviométrica,Convencional,Activa,Antioquia,San Roque,6.4875,-75.017,820,5/15/1975,,Monchia,Magdalena Cauca,Medio Magdalena,Río Nare,2003,23,Andes,Definitivo,1,1,0,0.581499993801117,0.581499993801117,0,0.372778445482254,0.606308519840241,3.05454540252686,6.04363632202148,5,10,0.869565188884735,0.876811623573303,1,1,5,1.08000004291534,1.08000004291534
01,2003-01-24,23080760,,"",SAN ROQUE [23080760],Pluviométrica,Convencional,Activa,Antioquia,San Roque,6.4875,-75.017,820,5/15/1975,,Monchia,Magdalena Cauca,Medio Magdalena,Río Nare,2003,24,Andes,Preliminar,0,0,0,1.12335228919983,1.12335228919983,0,0.290626376867294,0,3.05454540252686,6.04363632202148,5,10,0.869565188884735,0.876811623573303,1,1,5,1.08000004291534,0
01,2003-01-25,23080760,,"",SAN ROQUE [23080760],Pluviométrica,Convencional,Activa,Antioquia,San Roque,6.4875,-75.017,820,5/15/1975,,Monchia,Magdalena Cauca,Medio Magdalena,Río Nare,2003,25,Andes,Preliminar,0,0,0,0.475772708654404,0.475772708654404,0,0.339714109897614,0.670553922653198,3.05454540252686,6.04363632202148,5,10,0.869565188884735,0.876811623573303,1,1,5,1.08000004291534,0
01,2003-01-26,23080760,,"",SAN ROQUE [23080760],Pluviométrica,Convencional,Activa,Antioquia,San Roque,6.4875,-75.017,820,5/15/1975,,Monchia,Magdalena Cauca,Medio Magdalena,Río Nare,2003,26,Andes,Preliminar,0,0,0,0.209722504019737,0.209722504019737,0,0.168209731578827,0,3.05454540252686,6.04363632202148,5,10,0.869565188884735,0.876811623573303,1,1,6,1.08000004291534,0
01,2003-01-27,23080760,,"",SAN ROQUE [23080760],Pluviométrica,Convencional,Activa,Antioquia,San Roque,6.4875,-75.017,820,5/15/1975,,Monchia,Magdalena Cauca,Medio Magdalena,Río Nare,2003,27,Andes,Preliminar,0,0,0,0.883041977882385,0.883041977882385,0,0.521123945713043,1.53193831443787,3.05454540252686,6.04363632202148,5,10,0.869565188884735,0.876811623573303,1,1,6,1.08000004291534,0
01,2003-01-28,23080760,,"",SAN ROQUE [23080760],Pluviométrica,Convencional,Activa,Antioquia,San Roque,6.4875,-75.017,820,5/15/1975,,Monchia,Magdalena Cauca,Medio Magdalena,Río Nare,2003,28,Andes,Preliminar,0,0,0,0.331140756607056,0.331140756607056,0,0.325639098882675,0.206121161580086,3.05454540252686,6.04363632202148,5,10,0.869565188884735,0.876811623573303,1,1,6,1.08000004291534,0
01,2003-01-29,23080760,,"",SAN ROQUE [23080760],Pluviométrica,Convencional,Activa,Antioquia,San Roque,6.4875,-75.017,820,5/15/1975,,Monchia,Magdalena Cauca,Medio Magdalena,Río Nare,2003,29,Andes,Preliminar,0,0,0,0.88304203748703,0.88304203748703,0,0.0936244204640388,0.068222887814045,3.05454540252686,6.04363632202148,5,10,0.869565188884735,0.876811623573303,1,1,6,1.08000004291534,0
01,2003-01-30,23080760,,"",SAN ROQUE [23080760],Pluviométrica,Convencional,Activa,Antioquia,San Roque,6.4875,-75.017,820,5/15/1975,,Monchia,Magdalena Cauca,Medio Magdalena,Río Nare,2003,30,Andes,Preliminar,0,0,0,0,0,0,0.0884998142719269,0,3.05454540252686,6.04363632202148,5,10,0.869565188884735,0.876811623573303,1,1,6,1.08000004291534,0
01,2003-01-31,23080760,,"",SAN ROQUE [23080760],Pluviométrica,Convencional,Activa,Antioquia,San Roque,6.4875,-75.017,820,5/15/1975,,Monchia,Magdalena Cauca,Medio Magdalena,Río Nare,2003,31,Andes,Preliminar,0,0,0,0.938232123851776,0.938232123851776,0,0.60918527841568,0,3.05454540252686,6.04363632202148,5,10,0.869565188884735,0.876811623573303,1,1,6,1.08000004291534,0
01,2006-01-29,23080760,,"",SAN ROQUE [23080760],Pluviométrica,Convencional,Activa,Antioquia,San Roque,6.4875,-75.017,820,5/15/1975,,Monchia,Magdalena Cauca,Medio Magdalena,Río Nare,2006,29,Andes,Preliminar,0,0,0,7.91925477981567,7.91925477981567,27.9296760559082,17.9226722717285,89.2298049926758,3.05454540252686,6.04363632202148,5,10,0.869565188884735,0.876811623573303,1,1,6,1.08000004291534,0
01,2006-01-30,23080760,23,Definitivo,SAN ROQUE [23080760],Pluviométrica,Convencional,Activa,Antioquia,San Roque,6.4875,-75.017,820,5/15/1975,,Monchia,Magdalena Cauca,Medio Magdalena,Río Nare,2006,30,Andes,Definitivo,23,23,0,7.63488483428955,7.63488483428955,0,8.90538215637207,0.0359655097126961,3.05454540252686,6.04363632202148,5,10,0.869565188884735,0.876811623573303,1,1,6,1.08000004291534,24.8400009870529
01,2006-01-31,23080760,5,Definitivo,SAN ROQUE [23080760],Pluviométrica,Convencional,Activa,Antioquia,San Roque,6.4875,-75.017,820,5/15/1975,,Monchia,Magdalena Cauca,Medio Magdalena,Río Nare,2006,31,Andes,Definitivo,5,5,0,15.1577444076538,15.1577444076538,13.9648380279541,21.7633304595947,2.12652444839478,3.05454540252686,6.04363632202148,5,10,0.869565188884735,0.876811623573303,1,1,6,1.08000004291534,5.40000021457672
01,2009-01-29,23080760,51,Definitivo,SAN ROQUE [23080760],Pluviométrica,Convencional,Activa,Antioquia,San Roque,6.4875,-75.017,820,5/15/1975,,Monchia,Magdalena Cauca,Medio Magdalena,Río Nare,2009,29,Andes,Definitivo,51,51,0,1.48635184764862,1.48635184764862,0,6.6078839302063,1.48950493335724,3.05454540252686,6.04363632202148,5,10,0.869565188884735,0.876811623573303,1,1,6,1.08000004291534,55.0800021886826
01,2009-01-30,23080760,,"",SAN ROQUE [23080760],Pluviométrica,Convencional,Activa,Antioquia,San Roque,6.4875,-75.017,820,5/15/1975,,Monchia,Magdalena Cauca,Medio Magdalena,Río Nare,2009,30,Andes,Preliminar,0,0,0,10.4044628143311,10.4044628143311,28.1424713134766,8.65437126159668,38.6555252075195,3.05454540252686,6.04363632202148,5,10,0.869565188884735,0.876811623573303,1,1,6,1.08000004291534,0
01,2009-01-31,23080760,4,Definitivo,SAN ROQUE [23080760],Pluviométrica,Convencional,Activa,Antioquia,San Roque,6.4875,-75.017,820,5/15/1975,,Monchia,Magdalena Cauca,Medio Magdalena,Río Nare,2009,31,Andes,Definitivo,4,4,0,20.481424331665,20.481424331665,9.38082408905029,15.8630428314209,2.03730869293213,3.05454540252686,6.04363632202148,5,10,0.869565188884735,0.876811623573303,1,1,6,1.08000004291534,4.32000017166138
01,2014-01-30,23080760,0,Definitivo,SAN ROQUE [23080760],Pluviométrica,Convencional,Activa,Antioquia,San Roque,6.4875,-75.017,820,5/15/1975,,Monchia,Magdalena Cauca,Medio Magdalena,Río Nare,2014,30,Andes,Definitivo,0,0,0,2.00268363952637,2.00268363952637,0,7.35174655914307,0,3.05454540252686,6.04363632202148,5,10,0.869565188884735,0.876811623573303,1,1,6,1.08000004291534,0
01,2014-01-31,23080760,0,Definitivo,SAN ROQUE [23080760],Pluviométrica,Convencional,Activa,Antioquia,San Roque,6.4875,-75.017,820,5/15/1975,,Monchia,Magdalena Cauca,Medio Magdalena,Río Nare,2014,31,Andes,Definitivo,0,0,0,0.9977086186409,0.9977086186409,0,4.22465562820435,0,3.05454540252686,6.04363632202148,5,10,0.869565188884735,0.876811623573303,1,1,6,1.08000004291534,0
01,2017-01-29,23080760,60,Definitivo,SAN ROQUE [23080760],Pluviométrica,Convencional,Activa,Antioquia,San Roque,6.4875,-75.017,820,5/15/1975,,Monchia,Magdalena Cauca,Medio Magdalena,Río Nare,2017,29,Andes,Definitivo,60,60,0,0.952277183532715,0.952277183532715,0,8.00897121429443,5.22591972351074,3.05454540252686,6.04363632202148,5,10,0.869565188884735,0.876811623573303,1,1,6,1.08000004291534,64.8000025749207
01,2017-01-30,23080760,2,Definitivo,SAN ROQUE [23080760],Pluviométrica,Convencional,Activa,Antioquia,San Roque,6.4875,-75.017,820,5/15/1975,,Monchia,Magdalena Cauca,Medio Magdalena,Río Nare,2017,30,Andes,Definitivo,2,2,0,2.07168507575989,2.07168507575989,57.5722351074219,37.5046157836914,55.5600624084473,3.05454540252686,6.04363632202148,5,10,0.869565188884735,0.876811623573303,1,1,6,1.08000004291534,2.16000008583069
01,2017-01-31,23080760,0,Definitivo,SAN ROQUE [23080760],Pluviométrica,Convencional,Activa,Antioquia,San Roque,6.4875,-75.017,820,5/15/1975,,Monchia,Magdalena Cauca,Medio Magdalena,Río Nare,2017,31,Andes,Definitivo,0,0,0,7.68017768859863,7.68017768859863,0,21.8273525238037,0.189194396138191,3.05454540252686,6.04363632202148,5,10,0.869565188884735,0.876811623573303,1,1,6,1.08000004291534,0
01,2020-01-30,23080760,0,Definitivo,SAN ROQUE [23080760],Pluviométrica,Convencional,Activa,Antioquia,San Roque,6.4875,-75.017,820,5/15/1975,,Monchia,Magdalena Cauca,Medio Magdalena,Río Nare,2020,30,Andes,Definitivo,0,0,0,0.378581285476685,0.378581285476685,0,0.178658992052078,0.375400394201279,3.05454540252686,6.04363632202148,5,10,0.869565188884735,0.876811623573303,1,1,6,1.08000004291534,0
01,2020-01-31,23080760,0,Definitivo,SAN ROQUE [23080760],Pluviométrica,Convencional,Activa,Antioquia,San Roque,6.4875,-75.017,820,5/15/1975,,Monchia,Magdalena Cauca,Medio Magdalena,Río Nare,2020,31,Andes,Definitivo,0,0,0,0.0471944957971573,0.0471944957971573,0,0.162042945623398,0.375400394201279,3.05454540252686,6.04363632202148,5,10,0.869565188884735,0.876811623573303,1,1,6,1.08000004291534,0
01,2023-01-29,23080760,0,Definitivo,SAN ROQUE [23080760],Pluviométrica,Convencional,Activa,Antioquia,San Roque,6.4875,-75.017,820,5/15/1975,,Monchia,Magdalena Cauca,Medio Magdalena,Río Nare,2023,29,Andes,Definitivo,0,0,0,0,0,0,0.0590226724743843,0.0658953785896301,3.05454540252686,6.04363632202148,5,10,0.869565188884735,0.876811623573303,1,1,6,1.08000004291534,0
01,2023-01-30,23080760,0,Definitivo,SAN ROQUE [23080760],Pluviométrica,Convencional,Activa,Antioquia,San Roque,6.4875,-75.017,820,5/15/1975,,Monchia,Magdalena Cauca,Medio Magdalena,Río Nare,2023,30,Andes,Definitivo,0,0,0,0,0,0,0.304668813943863,0.0658953785896301,3.05454540252686,6.04363632202148,5,10,0.869565188884735,0.876811623573303,1,1,6,1.08000004291534,0
01,2023-01-28,23080760,0,Definitivo,SAN ROQUE [23080760],Pluviométrica,Convencional,Activa,Antioquia,San Roque,6.4875,-75.017,820,5/15/1975,,Monchia,Magdalena Cauca,Medio Magdalena,Río Nare,2023,28,Andes,Definitivo,0,0,0,0,0,0,0.0441749319434166,0.0658953785896301,3.05454540252686,6.04363632202148,5,10,0.869565188884735,0.876811623573303,1,1,6,1.08000004291534,0
01,2023-01-25,23080760,0,Definitivo,SAN ROQUE [23080760],Pluviométrica,Convencional,Activa,Antioquia,San Roque,6.4875,-75.017,820,5/15/1975,,Monchia,Magdalena Cauca,Medio Magdalena,Río Nare,2023,25,Andes,Definitivo,0,0,0,1.10050189495087,1.10050189495087,0,0.705449283123016,0.712448179721832,3.05454540252686,6.04363632202148,5,10,0.869565188884735,0.876811623573303,1,1,5,1.08000004291534,0
01,2021-01-25,23080760,0,Definitivo,SAN ROQUE [23080760],Pluviométrica,Convencional,Activa,Antioquia,San Roque,6.4875,-75.017,820,5/15/1975,,Monchia,Magdalena Cauca,Medio Magdalena,Río Nare,2021,25,Andes,Definitivo,0,0,0,4.97102403640747,4.97102403640747,0,7.40303373336792,2.96255779266357,3.05454540252686,6.04363632202148,5,10,0.869565188884735,0.876811623573303,1,1,5,1.08000004291534,0
01,2023-01-22,23080760,13,Definitivo,SAN ROQUE [23080760],Pluviométrica,Convencional,Activa,Antioquia,San Roque,6.4875,-75.017,820,5/15/1975,,Monchia,Magdalena Cauca,Medio Magdalena,Río Nare,2023,22,Andes,Definitivo,13,13,0,2.07338953018188,2.07338953018188,0,5.56929874420166,4.400550365448,3.05454540252686,6.04363632202148,5,10,0.869565188884735,0.876811623573303,1,1,5,1.08000004291534,14.0400005578995
01,2023-01-19,23080760,0,Definitivo,SAN ROQUE [23080760],Pluviométrica,Convencional,Activa,Antioquia,San Roque,6.4875,-75.017,820,5/15/1975,,Monchia,Magdalena Cauca,Medio Magdalena,Río Nare,2023,19,Andes,Definitivo,0,0,0,3.85260581970215,3.85260581970215,17.7007865905762,7.45519876480103,13.8335237503052,3.05454540252686,6.04363632202148,5,10,0.869565188884735,0.876811623573303,1,1,4,1.08000004291534,0
01,2023-01-17,23080760,0,Definitivo,SAN ROQUE [23080760],Pluviométrica,Convencional,Activa,Antioquia,San Roque,6.4875,-75.017,820,5/15/1975,,Monchia,Magdalena Cauca,Medio Magdalena,Río Nare,2023,17,Andes,Definitivo,0,0,0,2.59052038192749,2.59052038192749,0,11.1825885772705,3.50174450874329,3.05454540252686,6.04363632202148,5,10,0.869565188884735,0.876811623573303,1,1,4,1.08000004291534,0
01,2023-01-14,23080760,7,Definitivo,SAN ROQUE [23080760],Pluviométrica,Convencional,Activa,Antioquia,San Roque,6.4875,-75.017,820,5/15/1975,,Monchia,Magdalena Cauca,Medio Magdalena,Río Nare,2023,14,Andes,Definitivo,7,7,0,9.23359298706055,9.23359298706055,46.1647186279297,6.63242149353027,6.59671545028687,3.05454540252686,6.04363632202148,5,10,0.869565188884735,0.876811623573303,1,1,3,1.08000004291534,7.56000030040741
01,2021-01-14,23080760,0,Definitivo,SAN ROQUE [23080760],Pluviométrica,Convencional,Activa,Antioquia,San Roque,6.4875,-75.017,820,5/15/1975,,Monchia,Magdalena Cauca,Medio Magdalena,Río Nare,2021,14,Andes,Definitivo,0,0,0,3.1178240776062,3.1178240776062,12.6192893981934,3.82074236869812,0.00426638405770063,3.05454540252686,6.04363632202148,5,10,0.869565188884735,0.876811623573303,1,1,3,1.08000004291534,0
01,2003-01-15,23080760,,"",SAN ROQUE [23080760],Pluviométrica,Convencional,Activa,Antioquia,San Roque,6.4875,-75.017,820,5/15/1975,,Monchia,Magdalena Cauca,Medio Magdalena,Río Nare,2003,15,Andes,Preliminar,0,0,0,1.53026533126831,1.53026533126831,0,0.38976913690567,0.761485099792481,3.05454540252686,6.04363632202148,5,10,0.869565188884735,0.876811623573303,1,1,3,1.08000004291534,0
01,2004-01-13,23080760,0,Definitivo,SAN ROQUE [23080760],Pluviométrica,Convencional,Activa,Antioquia,San Roque,6.4875,-75.017,820,5/15/1975,,Monchia,Magdalena Cauca,Medio Magdalena,Río Nare,2004,13,Andes,Definitivo,0,0,0,3.77709150314331,3.77709150314331,26.4677295684814,1.68685805797577,8.66285991668701,3.05454540252686,6.04363632202148,5,10,0.869565188884735,0.876811623573303,1,1,3,1.08000004291534,0
01,2004-01-14,23080760,0,Definitivo,SAN ROQUE [23080760],Pluviométrica,Convencional,Activa,Antioquia,San Roque,6.4875,-75.017,820,5/15/1975,,Monchia,Magdalena Cauca,Medio Magdalena,Río Nare,2004,14,Andes,Definitivo,0,0,0,4.56292915344238,4.56292915344238,0,2.01033997535706,1.45100510120392,3.05454540252686,6.04363632202148,5,10,0.869565188884735,0.876811623573303,1,1,3,1.08000004291534,0
01,2004-01-15,23080760,0,Definitivo,SAN ROQUE [23080760],Pluviométrica,Convencional,Activa,Antioquia,San Roque,6.4875,-75.017,820,5/15/1975,,Monchia,Magdalena Cauca,Medio Magdalena,Río Nare,2004,15,Andes,Definitivo,0,0,0,0.952420890331268,0.952420890331268,0,1.95865702629089,0.238996475934982,3.05454540252686,6.04363632202148,5,10,0.869565188884735,0.876811623573303,1,1,3,1.08000004291534,0
01,2004-01-16,23080760,0,Definitivo,SAN ROQUE [23080760],Pluviométrica,Convencional,Activa,Antioquia,San Roque,6.4875,-75.017,820,5/15/1975,,Monchia,Magdalena Cauca,Medio Magdalena,Río Nare,2004,16,Andes,Definitivo,0,0,0,1.71856307983398,1.71856307983398,0,0,0,3.05454540252686,6.04363632202148,5,10,0.869565188884735,0.876811623573303,1,1,4,1.08000004291534,0
01,2004-01-17,23080760,1,Definitivo,SAN ROQUE [23080760],Pluviométrica,Convencional,Activa,Antioquia,San Roque,6.4875,-75.017,820,5/15/1975,,Monchia,Magdalena Cauca,Medio Magdalena,Río Nare,2004,17,Andes,Definitivo,1,1,0,2.64542841911316,2.64542841911316,0,0,0,3.05454540252686,6.04363632202148,5,10,0.869565188884735,0.876811623573303,1,1,4,1.08000004291534,1.08000004291534
01,2004-01-18,23080760,0,Definitivo,SAN ROQUE [23080760],Pluviométrica,Convencional,Activa,Antioquia,San Roque,6.4875,-75.017,820,5/15/1975,,Monchia,Magdalena Cauca,Medio Magdalena,Río Nare,2004,18,Andes,Definitivo,0,0,0,0.518603265285492,0.518603265285492,0,0,0,3.05454540252686,6.04363632202148,5,10,0.869565188884735,0.876811623573303,1,1,4,1.08000004291534,0
01,2004-01-19,23080760,3,Definitivo,SAN ROQUE [23080760],Pluviométrica,Convencional,Activa,Antioquia,San Roque,6.4875,-75.017,820,5/15/1975,,Monchia,Magdalena Cauca,Medio Magdalena,Río Nare,2004,19,Andes,Definitivo,3,3,0,0.118616722524166,0.118616722524166,0,0,0,3.05454540252686,6.04363632202148,5,10,0.869565188884735,0.876811623573303,1,1,4,1.08000004291534,3.24000012874603
01,2004-01-20,23080760,11,Definitivo,SAN ROQUE [23080760],Pluviométrica,Convencional,Activa,Antioquia,San Roque,6.4875,-75.017,820,5/15/1975,,Monchia,Magdalena Cauca,Medio Magdalena,Río Nare,2004,20,Andes,Definitivo,11,11,0,0.548947095870972,0.548947095870972,0,0,0,3.05454540252686,6.04363632202148,5,10,0.869565188884735,0.876811623573303,1,1,4,1.08000004291534,11.8800004720688
01,2004-01-21,23080760,0,Definitivo,SAN ROQUE [23080760],Pluviométrica,Convencional,Activa,Antioquia,San Roque,6.4875,-75.017,820,5/15/1975,,Monchia,Magdalena Cauca,Medio Magdalena,Río Nare,2004,21,Andes,Definitivo,0,0,0,0.812016069889069,0.812016069889069,0,0.979807198047638,0.112541399896145,3.05454540252686,6.04363632202148,5,10,0.869565188884735,0.876811623573303,1,1,5,1.08000004291534,0
01,2004-01-22,23080760,0,Definitivo,SAN ROQUE [23080760],Pluviométrica,Convencional,Activa,Antioquia,San Roque,6.4875,-75.017,820,5/15/1975,,Monchia,Magdalena Cauca,Medio Magdalena,Río Nare,2004,22,Andes,Definitivo,0,0,0,1.14121174812317,1.14121174812317,0,0.325266569852829,0.140910714864731,3.05454540252686,6.04363632202148,5,10,0.869565188884735,0.876811623573303,1,1,5,1.08000004291534,0
01,2004-01-23,23080760,0,Definitivo,SAN ROQUE [23080760],Pluviométrica,Convencional,Activa,Antioquia,San Roque,6.4875,-75.017,820,5/15/1975,,Monchia,Magdalena Cauca,Medio Magdalena,Río Nare,2004,23,Andes,Definitivo,0,0,0,1.22625410556793,1.22625410556793,0,0.172782346606255,0.515914142131805,3.05454540252686,6.04363632202148,5,10,0.869565188884735,0.876811623573303,1,1,5,1.08000004291534,0
01,2004-01-24,23080760,0,Definitivo,SAN ROQUE [23080760],Pluviométrica,Convencional,Activa,Antioquia,San Roque,6.4875,-75.017,820,5/15/1975,,Monchia,Magdalena Cauca,Medio Magdalena,Río Nare,2004,24,Andes,Definitivo,0,0,0,0.77909654378891,0.77909654378891,0,0.0431144535541534,0.651664912700653,3.05454540252686,6.04363632202148,5,10,0.869565188884735,0.876811623573303,1,1,5,1.08000004291534,0
01,2004-01-25,23080760,0,Definitivo,SAN ROQUE [23080760],Pluviométrica,Convencional,Activa,Antioquia,San Roque,6.4875,-75.017,820,5/15/1975,,Monchia,Magdalena Cauca,Medio Magdalena,Río Nare,2004,25,Andes,Definitivo,0,0,0,0.0411494635045528,0.0411494635045528,0,0.0453082248568535,0.14524744451046,3.05454540252686,6.04363632202148,5,10,0.869565188884735,0.876811623573303,1,1,5,1.08000004291534,0
01,2004-01-26,23080760,0,Definitivo,SAN ROQUE [23080760],Pluviométrica,Convencional,Activa,Antioquia,San Roque,6.4875,-75.017,820,5/15/1975,,Monchia,Magdalena Cauca,Medio Magdalena,Río Nare,2004,26,Andes,Definitivo,0,0,0,2.54981780052185,2.54981780052185,0,0.184550166130066,0.112427100539207,3.05454540252686,6.04363632202148,5,10,0.869565188884735,0.876811623573303,1,1,6,1.08000004291534,0
01,2004-01-27,23080760,0,Definitivo,SAN ROQUE [23080760],Pluviométrica,Convencional,Activa,Antioquia,San Roque,6.4875,-75.017,820,5/15/1975,,Monchia,Magdalena Cauca,Medio Magdalena,Río Nare,2004,27,Andes,Definitivo,0,0,0,0,0,0,0.254290968179703,0.0481029897928238,3.05454540252686,6.04363632202148,5,10,0.869565188884735,0.876811623573303,1,1,6,1.08000004291534,0
01,2004-01-28,23080760,0,Definitivo,SAN ROQUE [23080760],Pluviométrica,Convencional,Activa,Antioquia,San Roque,6.4875,-75.017,820,5/15/1975,,Monchia,Magdalena Cauca,Medio Magdalena,Río Nare,2004,28,Andes,Definitivo,0,0,0,0.0849939286708832,0.0849939286708832,0,0.346435219049454,1.10714769363403,3.05454540252686,6.04363632202148,5,10,0.869565188884735,0.876811623573303,1,1,6,1.08000004291534,0
01,2004-01-29,23080760,0,Definitivo,SAN ROQUE [23080760],Pluviométrica,Convencional,Activa,Antioquia,San Roque,6.4875,-75.017,820,5/15/1975,,Monchia,Magdalena Cauca,Medio Magdalena,Río Nare,2004,29,Andes,Definitivo,0,0,0,0,0,0,0.283908665180206,0.23200386762619,3.05454540252686,6.04363632202148,5,10,0.869565188884735,0.876811623573303,1,1,6,1.08000004291534,0
01,2007-01-27,23080760,4,Definitivo,SAN ROQUE [23080760],Pluviométrica,Convencional,Activa,Antioquia,San Roque,6.4875,-75.017,820,5/15/1975,,Monchia,Magdalena Cauca,Medio Magdalena,Río Nare,2007,27,Andes,Definitivo,4,4,0,1.75264978408813,1.75264978408813,0,2.91261744499207,2.38822245597839,3.05454540252686,6.04363632202148,5,10,0.869565188884735,0.876811623573303,1,1,6,1.08000004291534,4.32000017166138
01,2007-01-28,23080760,,"",SAN ROQUE [23080760],Pluviométrica,Convencional,Activa,Antioquia,San Roque,6.4875,-75.017,820,5/15/1975,,Monchia,Magdalena Cauca,Medio Magdalena,Río Nare,2007,28,Andes,Preliminar,0,0,0,1.67819094657898,1.67819094657898,0,0.466426700353622,0.217220038175583,3.05454540252686,6.04363632202148,5,10,0.869565188884735,0.876811623573303,1,1,6,1.08000004291534,0
01,2010-01-26,23080760,0,Definitivo,SAN ROQUE [23080760],Pluviométrica,Convencional,Activa,Antioquia,San Roque,6.4875,-75.017,820,5/15/1975,,Monchia,Magdalena Cauca,Medio Magdalena,Río Nare,2010,26,Andes,Definitivo,0,0,0,4.70813941955566,4.70813941955566,0,4.53465270996094,6.00076198577881,3.05454540252686,6.04363632202148,5,10,0.869565188884735,0.876811623573303,1,1,6,1.08000004291534,0
01,2010-01-27,23080760,1,Definitivo,SAN ROQUE [23080760],Pluviométrica,Convencional,Activa,Antioquia,San Roque,6.4875,-75.017,820,5/15/1975,,Monchia,Magdalena Cauca,Medio Magdalena,Río Nare,2010,27,Andes,Definitivo,1,1,0,0.637876927852631,0.637876927852631,17.4258136749268,2.71183276176453,0.323086082935333,3.05454540252686,6.04363632202148,5,10,0.869565188884735,0.876811623573303,1,1,6,1.08000004291534,1.08000004291534
01,2010-01-28,23080760,10,Definitivo,SAN ROQUE [23080760],Pluviométrica,Convencional,Activa,Antioquia,San Roque,6.4875,-75.017,820,5/15/1975,,Monchia,Magdalena Cauca,Medio Magdalena,Río Nare,2010,28,Andes,Definitivo,10,10,0,5.31564092636108,5.31564092636108,0,2.5234375,0.617658615112305,3.05454540252686,6.04363632202148,5,10,0.869565188884735,0.876811623573303,1,1,6,1.08000004291534,10.8000004291534
01,2012-01-30,23080760,12,Definitivo,SAN ROQUE [23080760],Pluviométrica,Convencional,Activa,Antioquia,San Roque,6.4875,-75.017,820,5/15/1975,,Monchia,Magdalena Cauca,Medio Magdalena,Río Nare,2012,30,Andes,Definitivo,12,12,0,8.76835441589356,8.76835441589356,12.0109691619873,5.95531558990479,1.40910351276398,3.05454540252686,6.04363632202148,5,10,0.869565188884735,0.876811623573303,1,1,6,1.08000004291534,12.9600005149841
01,2012-01-31,23080760,,"",SAN ROQUE [23080760],Pluviométrica,Convencional,Activa,Antioquia,San Roque,6.4875,-75.017,820,5/15/1975,,Monchia,Magdalena Cauca,Medio Magdalena,Río Nare,2012,31,Andes,Preliminar,0,0,0,5.74197483062744,5.74197483062744,6.00548458099365,5.16902351379395,25.0164070129395,3.05454540252686,6.04363632202148,5,10,0.869565188884735,0.876811623573303,1,1,6,1.08000004291534,0
01,2015-01-29,23080760,,"",SAN ROQUE [23080760],Pluviométrica,Convencional,Activa,Antioquia,San Roque,6.4875,-75.017,820,5/15/1975,,Monchia,Magdalena Cauca,Medio Magdalena,Río Nare,2015,29,Andes,Preliminar,0,0,0,1.09883606433868,1.09883606433868,0,2.3831570148468,0.177787348628044,3.05454540252686,6.04363632202148,5,10,0.869565188884735,0.876811623573303,1,1,6,1.08000004291534,0
01,2003-01-01,23080760,3,Definitivo,SAN ROQUE [23080760],Pluviométrica,Convencional,Activa,Antioquia,San Roque,6.4875,-75.017,820,5/15/1975,,Monchia,Magdalena Cauca,Medio Magdalena,Río Nare,2003,01,Andes,Definitivo,3,3,0,0,0,0,2.01121497154236,0.785765647888184,3.05454540252686,6.04363632202148,5,10,0.869565188884735,0.876811623573303,1,1,1,1.08000004291534,3.24000012874603
01,2003-01-02,23080760,,"",SAN ROQUE [23080760],Pluviométrica,Convencional,Activa,Antioquia,San Roque,6.4875,-75.017,820,5/15/1975,,Monchia,Magdalena Cauca,Medio Magdalena,Río Nare,2003,02,Andes,Preliminar,0,0,0,0,0,0,0.749177992343903,0,3.05454540252686,6.04363632202148,5,10,0.869565188884735,0.876811623573303,1,1,1,1.08000004291534,0
01,2003-01-03,23080760,9,Definitivo,SAN ROQUE [23080760],Pluviométrica,Convencional,Activa,Antioquia,San Roque,6.4875,-75.017,820,5/15/1975,,Monchia,Magdalena Cauca,Medio Magdalena,Río Nare,2003,03,Andes,Definitivo,9,9,0,0,0,21.5743827819824,1.70601654052734,7.25330257415772,3.05454540252686,6.04363632202148,5,10,0.869565188884735,0.876811623573303,1,1,1,1.08000004291534,9.7200003862381
01,2003-01-04,23080760,11,Definitivo,SAN ROQUE [23080760],Pluviométrica,Convencional,Activa,Antioquia,San Roque,6.4875,-75.017,820,5/15/1975,,Monchia,Magdalena Cauca,Medio Magdalena,Río Nare,2003,04,Andes,Definitivo,11,11,0,0.36457696557045,0.36457696557045,0,3.78399920463562,1.79061102867126,3.05454540252686,6.04363632202148,5,10,0.869565188884735,0.876811623573303,1,1,1,1.08000004291534,11.8800004720688
01,2003-01-05,23080760,3,Definitivo,SAN ROQUE [23080760],Pluviométrica,Convencional,Activa,Antioquia,San Roque,6.4875,-75.017,820,5/15/1975,,Monchia,Magdalena Cauca,Medio Magdalena,Río Nare,2003,05,Andes,Definitivo,3,3,0,3.44690918922424,3.44690918922424,0,2.75030851364136,1.17103838920593,3.05454540252686,6.04363632202148,5,10,0.869565188884735,0.876811623573303,1,1,1,1.08000004291534,3.24000012874603
01,2003-01-06,23080760,,"",SAN ROQUE [23080760],Pluviométrica,Convencional,Activa,Antioquia,San Roque,6.4875,-75.017,820,5/15/1975,,Monchia,Magdalena Cauca,Medio Magdalena,Río Nare,2003,06,Andes,Preliminar,0,0,0,1.26983034610748,1.26983034610748,0,0.504665911197662,0.159256964921951,3.05454540252686,6.04363632202148,5,10,0.869565188884735,0.876811623573303,1,1,2,1.08000004291534,0
01,2003-01-07,23080760,,"",SAN ROQUE [23080760],Pluviométrica,Convencional,Activa,Antioquia,San Roque,6.4875,-75.017,820,5/15/1975,,Monchia,Magdalena Cauca,Medio Magdalena,Río Nare,2003,07,Andes,Preliminar,0,0,0,0,0,0,0.142187967896461,0,3.05454540252686,6.04363632202148,5,10,0.869565188884735,0.876811623573303,1,1,2,1.08000004291534,0
01,2003-01-08,23080760,,"",SAN ROQUE [23080760],Pluviométrica,Convencional,Activa,Antioquia,San Roque,6.4875,-75.017,820,5/15/1975,,Monchia,Magdalena Cauca,Medio Magdalena,Río Nare,2003,08,Andes,Preliminar,0,0,0,0.0204811356961727,0.0204811356961727,0,0.61137729883194,0.112062744796276,3.05454540252686,6.04363632202148,5,10,0.869565188884735,0.876811623573303,1,1,2,1.08000004291534,0
01,2003-01-09,23080760,,"",SAN ROQUE [23080760],Pluviométrica,Convencional,Activa,Antioquia,San Roque,6.4875,-75.017,820,5/15/1975,,Monchia,Magdalena Cauca,Medio Magdalena,Río Nare,2003,09,Andes,Preliminar,0,0,0,0.737320899963379,0.737320899963379,0,1.09520947933197,1.79307019710541,3.05454540252686,6.04363632202148,5,10,0.869565188884735,0.876811623573303,1,1,2,1.08000004291534,0
01,2003-01-10,23080760,,"",SAN ROQUE [23080760],Pluviométrica,Convencional,Activa,Antioquia,San Roque,6.4875,-75.017,820,5/15/1975,,Monchia,Magdalena Cauca,Medio Magdalena,Río Nare,2003,10,Andes,Preliminar,0,0,0,0.0614434033632278,0.0614434033632278,0,0.0458108372986317,0.334861516952515,3.05454540252686,6.04363632202148,5,10,0.869565188884735,0.876811623573303,1,1,2,1.08000004291534,0
01,2003-01-11,23080760,,"",SAN ROQUE [23080760],Pluviométrica,Convencional,Activa,Antioquia,San Roque,6.4875,-75.017,820,5/15/1975,,Monchia,Magdalena Cauca,Medio Magdalena,Río Nare,2003,11,Andes,Preliminar,0,0,0,1.0201770067215,1.0201770067215,0,0.107017911970615,0,3.05454540252686,6.04363632202148,5,10,0.869565188884735,0.876811623573303,1,1,3,1.08000004291534,0
01,2003-01-12,23080760,,"",SAN ROQUE [23080760],Pluviométrica,Convencional,Activa,Antioquia,San Roque,6.4875,-75.017,820,5/15/1975,,Monchia,Magdalena Cauca,Medio Magdalena,Río Nare,2003,12,Andes,Preliminar,0,0,0,0,0,0,0.0590690672397614,0,3.05454540252686,6.04363632202148,5,10,0.869565188884735,0.876811623573303,1,1,3,1.08000004291534,0
01,2003-01-13,23080760,,"",SAN ROQUE [23080760],Pluviométrica,Convencional,Activa,Antioquia,San Roque,6.4875,-75.017,820,5/15/1975,,Monchia,Magdalena Cauca,Medio Magdalena,Río Nare,2003,13,Andes,Preliminar,0,0,0,0,0,0,0.25005629658699,0.0102833118289709,3.05454540252686,6.04363632202148,5,10,0.869565188884735,0.876811623573303,1,1,3,1.08000004291534,0
01,2003-01-14,23080760,,"",SAN ROQUE [23080760],Pluviométrica,Convencional,Activa,Antioquia,San Roque,6.4875,-75.017,820,5/15/1975,,Monchia,Magdalena Cauca,Medio Magdalena,Río Nare,2003,14,Andes,Preliminar,0,0,0,0,0,0,0.271778702735901,0.305922597646713,3.05454540252686,6.04363632202148,5,10,0.869565188884735,0.876811623573303,1,1,3,1.08000004291534,0
01,2022-01-12,23080760,0,Definitivo,SAN ROQUE [23080760],Pluviométrica,Convencional,Activa,Antioquia,San Roque,6.4875,-75.017,820,5/15/1975,,Monchia,Magdalena Cauca,Medio Magdalena,Río Nare,2022,12,Andes,Definitivo,0,0,0,0.623832702636719,0.623832702636719,0,1.39227735996246,2.40768480300903,3.05454540252686,6.04363632202148,5,10,0.869565188884735,0.876811623573303,1,1,3,1.08000004291534,0
01,2023-01-10,23080760,3,Definitivo,SAN ROQUE [23080760],Pluviométrica,Convencional,Activa,Antioquia,San Roque,6.4875,-75.017,820,5/15/1975,,Monchia,Magdalena Cauca,Medio Magdalena,Río Nare,2023,10,Andes,Definitivo,3,3,0,4.96842050552368,4.96842050552368,0,26.3612499237061,17.1884536743164,3.05454540252686,6.04363632202148,5,10,0.869565188884735,0.876811623573303,1,1,2,1.08000004291534,3.24000012874603
01,2005-01-10,23080760,15,Definitivo,SAN ROQUE [23080760],Pluviométrica,Convencional,Activa,Antioquia,San Roque,6.4875,-75.017,820,5/15/1975,,Monchia,Magdalena Cauca,Medio Magdalena,Río Nare,2005,10,Andes,Definitivo,15,15,0,2.83690810203552,2.83690810203552,0,15.732611656189,1.30887234210968,3.05454540252686,6.04363632202148,5,10,0.869565188884735,0.876811623573303,1,1,2,1.08000004291534,16.2000006437302
01,2005-01-11,23080760,20,Definitivo,SAN ROQUE [23080760],Pluviométrica,Convencional,Activa,Antioquia,San Roque,6.4875,-75.017,820,5/15/1975,,Monchia,Magdalena Cauca,Medio Magdalena,Río Nare,2005,11,Andes,Definitivo,20,20,0,6.37108707427979,6.37108707427979,9.04378700256348,10.1279315948486,10.9143218994141,3.05454540252686,6.04363632202148,5,10,0.869565188884735,0.876811623573303,1,1,3,1.08000004291534,21.6000008583069
01,2005-01-12,23080760,1,Definitivo,SAN ROQUE [23080760],Pluviométrica,Convencional,Activa,Antioquia,San Roque,6.4875,-75.017,820,5/15/1975,,Monchia,Magdalena Cauca,Medio Magdalena,Río Nare,2005,12,Andes,Definitivo,1,1,0,7.83357954025269,7.83357954025269,0,8.48950958251953,7.03013277053833,3.05454540252686,6.04363632202148,5,10,0.869565188884735,0.876811623573303,1,1,3,1.08000004291534,1.08000004291534
01,2005-01-13,23080760,0,Definitivo,SAN ROQUE [23080760],Pluviométrica,Convencional,Activa,Antioquia,San Roque,6.4875,-75.017,820,5/15/1975,,Monchia,Magdalena Cauca,Medio Magdalena,Río Nare,2005,13,Andes,Definitivo,0,0,0,3.61420464515686,3.61420464515686,0,4.00056266784668,12.4641828536987,3.05454540252686,6.04363632202148,5,10,0.869565188884735,0.876811623573303,1,1,3,1.08000004291534,0
01,2005-01-14,23080760,3,Definitivo,SAN ROQUE [23080760],Pluviométrica,Convencional,Activa,Antioquia,San Roque,6.4875,-75.017,820,5/15/1975,,Monchia,Magdalena Cauca,Medio Magdalena,Río Nare,2005,14,Andes,Definitivo,3,3,0,6.13014030456543,6.13014030456543,9.04378700256348,5.24795293807983,7.10918664932251,3.05454540252686,6.04363632202148,5,10,0.869565188884735,0.876811623573303,1,1,3,1.08000004291534,3.24000012874603
01,2005-01-15,23080760,,"",SAN ROQUE [23080760],Pluviométrica,Convencional,Activa,Antioquia,San Roque,6.4875,-75.017,820,5/15/1975,,Monchia,Magdalena Cauca,Medio Magdalena,Río Nare,2005,15,Andes,Preliminar,0,0,0,3.83273863792419,3.83273863792419,18.087574005127,15.3082790374756,5.65641021728516,3.05454540252686,6.04363632202148,5,10,0.869565188884735,0.876811623573303,1,1,3,1.08000004291534,0
01,2005-01-16,23080760,15,Definitivo,SAN ROQUE [23080760],Pluviométrica,Convencional,Activa,Antioquia,San Roque,6.4875,-75.017,820,5/15/1975,,Monchia,Magdalena Cauca,Medio Magdalena,Río Nare,2005,16,Andes,Definitivo,15,15,0,4.35865116119385,4.35865116119385,0,0,0,3.05454540252686,6.04363632202148,5,10,0.869565188884735,0.876811623573303,1,1,4,1.08000004291534,16.2000006437302
01,2005-01-17,23080760,6,Definitivo,SAN ROQUE [23080760],Pluviométrica,Convencional,Activa,Antioquia,San Roque,6.4875,-75.017,820,5/15/1975,,Monchia,Magdalena Cauca,Medio Magdalena,Río Nare,2005,17,Andes,Definitivo,6,6,0,1.651780128479,1.651780128479,0,0,0,3.05454540252686,6.04363632202148,5,10,0.869565188884735,0.876811623573303,1,1,4,1.08000004291534,6.48000025749207
01,2005-01-18,23080760,0,Definitivo,SAN ROQUE [23080760],Pluviométrica,Convencional,Activa,Antioquia,San Roque,6.4875,-75.017,820,5/15/1975,,Monchia,Magdalena Cauca,Medio Magdalena,Río Nare,2005,18,Andes,Definitivo,0,0,0,0.338038742542267,0.338038742542267,0,0,0,3.05454540252686,6.04363632202148,5,10,0.869565188884735,0.876811623573303,1,1,4,1.08000004291534,0
01,2005-01-19,23080760,,"",SAN ROQUE [23080760],Pluviométrica,Convencional,Activa,Antioquia,San Roque,6.4875,-75.017,820,5/15/1975,,Monchia,Magdalena Cauca,Medio Magdalena,Río Nare,2005,19,Andes,Preliminar,0,0,0,0.929606556892395,0.929606556892395,0,0,0,3.05454540252686,6.04363632202148,5,10,0.869565188884735,0.876811623573303,1,1,4,1.08000004291534,0
01,2005-01-20,23080760,,"",SAN ROQUE [23080760],Pluviométrica,Convencional,Activa,Antioquia,San Roque,6.4875,-75.017,820,5/15/1975,,Monchia,Magdalena Cauca,Medio Magdalena,Río Nare,2005,20,Andes,Preliminar,0,0,0,0.760587155818939,0.760587155818939,0,0,0,3.05454540252686,6.04363632202148,5,10,0.869565188884735,0.876811623573303,1,1,4,1.08000004291534,0
01,2005-01-21,23080760,0.2,Definitivo,SAN ROQUE [23080760],Pluviométrica,Convencional,Activa,Antioquia,San Roque,6.4875,-75.017,820,5/15/1975,,Monchia,Magdalena Cauca,Medio Magdalena,Río Nare,2005,21,Andes,Definitivo,0.2,0.2,0,1.40747570991516,1.40747570991516,0,2.49152231216431,1.08267533779144,3.05454540252686,6.04363632202148,5,10,0.869565188884735,0.876811623573303,1,1,5,1.08000004291534,0.216000008583069
01,2005-01-22,23080760,1,Definitivo,SAN ROQUE [23080760],Pluviométrica,Convencional,Activa,Antioquia,San Roque,6.4875,-75.017,820,5/15/1975,,Monchia,Magdalena Cauca,Medio Magdalena,Río Nare,2005,22,Andes,Definitivo,1,1,0,0.303573191165924,0.303573191165924,0,0.270983815193176,0.21651665866375,3.05454540252686,6.04363632202148,5,10,0.869565188884735,0.876811623573303,1,1,5,1.08000004291534,1.08000004291534
01,2005-01-23,23080760,0,Definitivo,SAN ROQUE [23080760],Pluviométrica,Convencional,Activa,Antioquia,San Roque,6.4875,-75.017,820,5/15/1975,,Monchia,Magdalena Cauca,Medio Magdalena,Río Nare,2005,23,Andes,Definitivo,0,0,0,0.104870736598969,0.104870736598969,0,0.107562124729157,1.08248579502106,3.05454540252686,6.04363632202148,5,10,0.869565188884735,0.876811623573303,1,1,5,1.08000004291534,0
01,2005-01-24,23080760,0,Definitivo,SAN ROQUE [23080760],Pluviométrica,Convencional,Activa,Antioquia,San Roque,6.4875,-75.017,820,5/15/1975,,Monchia,Magdalena Cauca,Medio Magdalena,Río Nare,2005,24,Andes,Definitivo,0,0,0,1.22533190250397,1.22533190250397,0,0.52051717042923,0,3.05454540252686,6.04363632202148,5,10,0.869565188884735,0.876811623573303,1,1,5,1.08000004291534,0
01,2005-01-25,23080760,,"",SAN ROQUE [23080760],Pluviométrica,Convencional,Activa,Antioquia,San Roque,6.4875,-75.017,820,5/15/1975,,Monchia,Magdalena Cauca,Medio Magdalena,Río Nare,2005,25,Andes,Preliminar,0,0,0,0.81688779592514,0.81688779592514,0,0.489473611116409,1.49838161468506,3.05454540252686,6.04363632202148,5,10,0.869565188884735,0.876811623573303,1,1,5,1.08000004291534,0
01,2005-01-26,23080760,,"",SAN ROQUE [23080760],Pluviométrica,Convencional,Activa,Antioquia,San Roque,6.4875,-75.017,820,5/15/1975,,Monchia,Magdalena Cauca,Medio Magdalena,Río Nare,2005,26,Andes,Preliminar,0,0,0,0.0199852418154478,0.0199852418154478,0,1.61837100982666,1.23577904701233,3.05454540252686,6.04363632202148,5,10,0.869565188884735,0.876811623573303,1,1,6,1.08000004291534,0
01,2005-01-27,23080760,,"",SAN ROQUE [23080760],Pluviométrica,Convencional,Activa,Antioquia,San Roque,6.4875,-75.017,820,5/15/1975,,Monchia,Magdalena Cauca,Medio Magdalena,Río Nare,2005,27,Andes,Preliminar,0,0,0,1.25907015800476,1.25907015800476,0,0.470494687557221,2.64027070999146,3.05454540252686,6.04363632202148,5,10,0.869565188884735,0.876811623573303,1,1,6,1.08000004291534,0
01,2005-01-28,23080760,,"",SAN ROQUE [23080760],Pluviométrica,Convencional,Activa,Antioquia,San Roque,6.4875,-75.017,820,5/15/1975,,Monchia,Magdalena Cauca,Medio Magdalena,Río Nare,2005,28,Andes,Preliminar,0,0,0,4.51666498184204,4.51666498184204,0,1.90529835224152,0.768945813179016,3.05454540252686,6.04363632202148,5,10,0.869565188884735,0.876811623573303,1,1,6,1.08000004291534,0
01,2008-01-27,23080760,,"",SAN ROQUE [23080760],Pluviométrica,Convencional,Activa,Antioquia,San Roque,6.4875,-75.017,820,5/15/1975,,Monchia,Magdalena Cauca,Medio Magdalena,Río Nare,2008,27,Andes,Preliminar,0,0,0,1.22534394264221,1.22534394264221,0,0.752970576286316,0.114634416997433,3.05454540252686,6.04363632202148,5,10,0.869565188884735,0.876811623573303,1,1,6,1.08000004291534,0
01,2008-01-28,23080760,,"",SAN ROQUE [23080760],Pluviométrica,Convencional,Activa,Antioquia,San Roque,6.4875,-75.017,820,5/15/1975,,Monchia,Magdalena Cauca,Medio Magdalena,Río Nare,2008,28,Andes,Preliminar,0,0,0,1.42345356941223,1.42345356941223,0,0.101775661110878,0.368943065404892,3.05454540252686,6.04363632202148,5,10,0.869565188884735,0.876811623573303,1,1,6,1.08000004291534,0
01,2013-01-26,23080760,,"",SAN ROQUE [23080760],Pluviométrica,Convencional,Activa,Antioquia,San Roque,6.4875,-75.017,820,5/15/1975,,Monchia,Magdalena Cauca,Medio Magdalena,Río Nare,2013,26,Andes,Preliminar,0,0,0,4.01383066177368,4.01383066177368,0,2.87784862518311,1.69855773448944,3.05454540252686,6.04363632202148,5,10,0.869565188884735,0.876811623573303,1,1,6,1.08000004291534,0
01,2013-01-27,23080760,,"",SAN ROQUE [23080760],Pluviométrica,Convencional,Activa,Antioquia,San Roque,6.4875,-75.017,820,5/15/1975,,Monchia,Magdalena Cauca,Medio Magdalena,Río Nare,2013,27,Andes,Preliminar,0,0,0,2.58636665344238,2.58636665344238,0,2.46998882293701,0,3.05454540252686,6.04363632202148,5,10,0.869565188884735,0.876811623573303,1,1,6,1.08000004291534,0
01,2013-01-28,23080760,,"",SAN ROQUE [23080760],Pluviométrica,Convencional,Activa,Antioquia,San Roque,6.4875,-75.017,820,5/15/1975,,Monchia,Magdalena Cauca,Medio Magdalena,Río Nare,2013,28,Andes,Preliminar,0,0,0,0.498677462339401,0.498677462339401,0,1.22800314426422,0,3.05454540252686,6.04363632202148,5,10,0.869565188884735,0.876811623573303,1,1,6,1.08000004291534,0
01,2015-01-30,23080760,43,Definitivo,SAN ROQUE [23080760],Pluviométrica,Convencional,Activa,Antioquia,San Roque,6.4875,-75.017,820,5/15/1975,,Monchia,Magdalena Cauca,Medio Magdalena,Río Nare,2015,30,Andes,Definitivo,43,43,0,1.19772946834564,1.19772946834564,0,9.41695022583008,5.78938579559326,3.05454540252686,6.04363632202148,5,10,0.869565188884735,0.876811623573303,1,1,6,1.08000004291534,46.4400018453598
01,2015-01-31,23080760,9,Definitivo,SAN ROQUE [23080760],Pluviométrica,Convencional,Activa,Antioquia,San Roque,6.4875,-75.017,820,5/15/1975,,Monchia,Magdalena Cauca,Medio Magdalena,Río Nare,2015,31,Andes,Definitivo,9,9,0,6.98738288879395,6.98738288879395,18.4612941741943,14.5450448989868,42.9223098754883,3.05454540252686,6.04363632202148,5,10,0.869565188884735,0.876811623573303,1,1,6,1.08000004291534,9.7200003862381
01,2018-01-29,23080760,0,Definitivo,SAN ROQUE [23080760],Pluviométrica,Convencional,Activa,Antioquia,San Roque,6.4875,-75.017,820,5/15/1975,,Monchia,Magdalena Cauca,Medio Magdalena,Río Nare,2018,29,Andes,Definitivo,0,0,0,2.57730531692505,2.57730531692505,0,3.39057517051697,5.63670539855957,3.05454540252686,6.04363632202148,5,10,0.869565188884735,0.876811623573303,1,1,6,1.08000004291534,0
01,2018-01-30,23080760,0,Definitivo,SAN ROQUE [23080760],Pluviométrica,Convencional,Activa,Antioquia,San Roque,6.4875,-75.017,820,5/15/1975,,Monchia,Magdalena Cauca,Medio Magdalena,Río Nare,2018,30,Andes,Definitivo,0,0,0,5.78243923187256,5.78243923187256,0,9.31343650817871,0,3.05454540252686,6.04363632202148,5,10,0.869565188884735,0.876811623573303,1,1,6,1.08000004291534,0
01,2018-01-31,23080760,0,Definitivo,SAN ROQUE [23080760],Pluviométrica,Convencional,Activa,Antioquia,San Roque,6.4875,-75.017,820,5/15/1975,,Monchia,Magdalena Cauca,Medio Magdalena,Río Nare,2018,31,Andes,Definitivo,0,0,0,5.78045797348023,5.78045797348023,0,3.87867879867554,0,3.05454540252686,6.04363632202148,5,10,0.869565188884735,0.876811623573303,1,1,6,1.08000004291534,0
01,2021-01-29,23080760,0,Definitivo,SAN ROQUE [23080760],Pluviométrica,Convencional,Activa,Antioquia,San Roque,6.4875,-75.017,820,5/15/1975,,Monchia,Magdalena Cauca,Medio Magdalena,Río Nare,2021,29,Andes,Definitivo,0,0,0,5.09968900680542,5.09968900680542,0,0.308512657880783,0.0798577964305878,3.05454540252686,6.04363632202148,5,10,0.869565188884735,0.876811623573303,1,1,6,1.08000004291534,0
01,2021-01-30,23080760,0,Definitivo,SAN ROQUE [23080760],Pluviométrica,Convencional,Activa,Antioquia,San Roque,6.4875,-75.017,820,5/15/1975,,Monchia,Magdalena Cauca,Medio Magdalena,Río Nare,2021,30,Andes,Definitivo,0,0,0,5.49946737289429,5.49946737289429,0,0.513181865215302,0,3.05454540252686,6.04363632202148,5,10,0.869565188884735,0.876811623573303,1,1,6,1.08000004291534,0
01,2023-01-27,23080760,0,Definitivo,SAN ROQUE [23080760],Pluviométrica,Convencional,Activa,Antioquia,San Roque,6.4875,-75.017,820,5/15/1975,,Monchia,Magdalena Cauca,Medio Magdalena,Río Nare,2023,27,Andes,Definitivo,0,0,0,3.53308367729187,3.53308367729187,0,0.0732942894101143,0.0658953785896301,3.05454540252686,6.04363632202148,5,10,0.869565188884735,0.876811623573303,1,1,6,1.08000004291534,0
01,2023-01-24,23080760,0,Definitivo,SAN ROQUE [23080760],Pluviométrica,Convencional,Activa,Antioquia,San Roque,6.4875,-75.017,820,5/15/1975,,Monchia,Magdalena Cauca,Medio Magdalena,Río Nare,2023,24,Andes,Definitivo,0,0,0,1.35952150821686,1.35952150821686,0,3.70035839080811,20.2964878082275,3.05454540252686,6.04363632202148,5,10,0.869565188884735,0.876811623573303,1,1,5,1.08000004291534,0
01,2022-01-23,23080760,0,Definitivo,SAN ROQUE [23080760],Pluviométrica,Convencional,Activa,Antioquia,San Roque,6.4875,-75.017,820,5/15/1975,,Monchia,Magdalena Cauca,Medio Magdalena,Río Nare,2022,23,Andes,Definitivo,0,0,0,0.677621483802795,0.677621483802795,0,0.510820031166077,1.17149376869202,3.05454540252686,6.04363632202148,5,10,0.869565188884735,0.876811623573303,1,1,5,1.08000004291534,0
01,2021-01-22,23080760,0,Definitivo,SAN ROQUE [23080760],Pluviométrica,Convencional,Activa,Antioquia,San Roque,6.4875,-75.017,820,5/15/1975,,Monchia,Magdalena Cauca,Medio Magdalena,Río Nare,2021,22,Andes,Definitivo,0,0,0,0,0,0,6.25135278701782,0,3.05454540252686,6.04363632202148,5,10,0.869565188884735,0.876811623573303,1,1,5,1.08000004291534,0
01,2021-01-19,23080760,0,Definitivo,SAN ROQUE [23080760],Pluviométrica,Convencional,Activa,Antioquia,San Roque,6.4875,-75.017,820,5/15/1975,,Monchia,Magdalena Cauca,Medio Magdalena,Río Nare,2021,19,Andes,Definitivo,0,0,0,0.0973401591181755,0.0973401591181755,0,0,0,3.05454540252686,6.04363632202148,5,10,0.869565188884735,0.876811623573303,1,1,4,1.08000004291534,0
01,2023-01-16,23080760,0,Definitivo,SAN ROQUE [23080760],Pluviométrica,Convencional,Activa,Antioquia,San Roque,6.4875,-75.017,820,5/15/1975,,Monchia,Magdalena Cauca,Medio Magdalena,Río Nare,2023,16,Andes,Definitivo,0,0,0,3.03617644309998,3.03617644309998,0,7.00382232666016,0,3.05454540252686,6.04363632202148,5,10,0.869565188884735,0.876811623573303,1,1,4,1.08000004291534,0
01,2023-01-13,23080760,22,Definitivo,SAN ROQUE [23080760],Pluviométrica,Convencional,Activa,Antioquia,San Roque,6.4875,-75.017,820,5/15/1975,,Monchia,Magdalena Cauca,Medio Magdalena,Río Nare,2023,13,Andes,Definitivo,22,22,0,5.38792371749878,5.38792371749878,11.5411796569824,16.6030197143555,59.1203117370606,3.05454540252686,6.04363632202148,5,10,0.869565188884735,0.876811623573303,1,1,3,1.08000004291534,23.7600009441376
01,2004-01-12,23080760,0,Definitivo,SAN ROQUE [23080760],Pluviométrica,Convencional,Activa,Antioquia,San Roque,6.4875,-75.017,820,5/15/1975,,Monchia,Magdalena Cauca,Medio Magdalena,Río Nare,2004,12,Andes,Definitivo,0,0,0,1.35077202320099,1.35077202320099,0,6.15607261657715,4.2026515007019,3.05454540252686,6.04363632202148,5,10,0.869565188884735,0.876811623573303,1,1,3,1.08000004291534,0
01,2005-01-09,23080760,3,Definitivo,SAN ROQUE [23080760],Pluviométrica,Convencional,Activa,Antioquia,San Roque,6.4875,-75.017,820,5/15/1975,,Monchia,Magdalena Cauca,Medio Magdalena,Río Nare,2005,09,Andes,Definitivo,3,3,0,3.53180766105652,3.53180766105652,0,15.9924516677856,10.3418884277344,3.05454540252686,6.04363632202148,5,10,0.869565188884735,0.876811623573303,1,1,2,1.08000004291534,3.24000012874603
01,2006-01-07,23080760,2,Definitivo,SAN ROQUE [23080760],Pluviométrica,Convencional,Activa,Antioquia,San Roque,6.4875,-75.017,820,5/15/1975,,Monchia,Magdalena Cauca,Medio Magdalena,Río Nare,2006,07,Andes,Definitivo,2,2,0,2.10333561897278,2.10333561897278,0,6.17158126831055,1.69158923625946,3.05454540252686,6.04363632202148,5,10,0.869565188884735,0.876811623573303,1,1,2,1.08000004291534,2.16000008583069
01,2006-01-08,23080760,,"",SAN ROQUE [23080760],Pluviométrica,Convencional,Activa,Antioquia,San Roque,6.4875,-75.017,820,5/15/1975,,Monchia,Magdalena Cauca,Medio Magdalena,Río Nare,2006,08,Andes,Preliminar,0,0,0,2.29727935791016,2.29727935791016,0,0.730972111225128,5.23337507247925,3.05454540252686,6.04363632202148,5,10,0.869565188884735,0.876811623573303,1,1,2,1.08000004291534,0
01,2006-01-09,23080760,4,Definitivo,SAN ROQUE [23080760],Pluviométrica,Convencional,Activa,Antioquia,San Roque,6.4875,-75.017,820,5/15/1975,,Monchia,Magdalena Cauca,Medio Magdalena,Río Nare,2006,09,Andes,Definitivo,4,4,0,1.75095856189728,1.75095856189728,0,0.508532524108887,0.0285395514219999,3.05454540252686,6.04363632202148,5,10,0.869565188884735,0.876811623573303,1,1,2,1.08000004291534,4.32000017166138
01,2006-01-10,23080760,,"",SAN ROQUE [23080760],Pluviométrica,Convencional,Activa,Antioquia,San Roque,6.4875,-75.017,820,5/15/1975,,Monchia,Magdalena Cauca,Medio Magdalena,Río Nare,2006,10,Andes,Preliminar,0,0,0,2.24264740943909,2.24264740943909,7.36463069915772,0.65808492898941,5.90110349655151,3.05454540252686,6.04363632202148,5,10,0.869565188884735,0.876811623573303,1,1,2,1.08000004291534,0
01,2006-01-11,23080760,,"",SAN ROQUE [23080760],Pluviométrica,Convencional,Activa,Antioquia,San Roque,6.4875,-75.017,820,5/15/1975,,Monchia,Magdalena Cauca,Medio Magdalena,Río Nare,2006,11,Andes,Preliminar,0,0,0,4.57124662399292,4.57124662399292,0,3.93609881401062,0.392330139875412,3.05454540252686,6.04363632202148,5,10,0.869565188884735,0.876811623573303,1,1,3,1.08000004291534,0
01,2006-01-12,23080760,,"",SAN ROQUE [23080760],Pluviométrica,Convencional,Activa,Antioquia,San Roque,6.4875,-75.017,820,5/15/1975,,Monchia,Magdalena Cauca,Medio Magdalena,Río Nare,2006,12,Andes,Preliminar,0,0,0,2.86636877059937,2.86636877059937,0,1.23631918430328,1.48148536682129,3.05454540252686,6.04363632202148,5,10,0.869565188884735,0.876811623573303,1,1,3,1.08000004291534,0
01,2006-01-13,23080760,,"",SAN ROQUE [23080760],Pluviométrica,Convencional,Activa,Antioquia,San Roque,6.4875,-75.017,820,5/15/1975,,Monchia,Magdalena Cauca,Medio Magdalena,Río Nare,2006,13,Andes,Preliminar,0,0,0,0.787911772727966,0.787911772727966,0,0.642493605613709,0,3.05454540252686,6.04363632202148,5,10,0.869565188884735,0.876811623573303,1,1,3,1.08000004291534,0
01,2006-01-14,23080760,,"",SAN ROQUE [23080760],Pluviométrica,Convencional,Activa,Antioquia,San Roque,6.4875,-75.017,820,5/15/1975,,Monchia,Magdalena Cauca,Medio Magdalena,Río Nare,2006,14,Andes,Preliminar,0,0,0,0.699611365795136,0.699611365795136,0,0.807246744632721,0.503051936626434,3.05454540252686,6.04363632202148,5,10,0.869565188884735,0.876811623573303,1,1,3,1.08000004291534,0
01,2006-01-15,23080760,,"",SAN ROQUE [23080760],Pluviométrica,Convencional,Activa,Antioquia,San Roque,6.4875,-75.017,820,5/15/1975,,Monchia,Magdalena Cauca,Medio Magdalena,Río Nare,2006,15,Andes,Preliminar,0,0,0,3.64748787879944,3.64748787879944,8.7204008102417,2.90229082107544,7.1475830078125,3.05454540252686,6.04363632202148,5,10,0.869565188884735,0.876811623573303,1,1,3,1.08000004291534,0
01,2006-01-16,23080760,,"",SAN ROQUE [23080760],Pluviométrica,Convencional,Activa,Antioquia,San Roque,6.4875,-75.017,820,5/15/1975,,Monchia,Magdalena Cauca,Medio Magdalena,Río Nare,2006,16,Andes,Preliminar,0,0,0,1.31287705898285,1.31287705898285,0,1.13088119029999,1.92183649539948,3.05454540252686,6.04363632202148,5,10,0.869565188884735,0.876811623573303,1,1,4,1.08000004291534,0
01,2006-01-17,23080760,,"",SAN ROQUE [23080760],Pluviométrica,Convencional,Activa,Antioquia,San Roque,6.4875,-75.017,820,5/15/1975,,Monchia,Magdalena Cauca,Medio Magdalena,Río Nare,2006,17,Andes,Preliminar,0,0,0,2.64325904846191,2.64325904846191,0,1.11823761463165,1.71591603755951,3.05454540252686,6.04363632202148,5,10,0.869565188884735,0.876811623573303,1,1,4,1.08000004291534,0
01,2006-01-18,23080760,,"",SAN ROQUE [23080760],Pluviométrica,Convencional,Activa,Antioquia,San Roque,6.4875,-75.017,820,5/15/1975,,Monchia,Magdalena Cauca,Medio Magdalena,Río Nare,2006,18,Andes,Preliminar,0,0,0,3.22842693328857,3.22842693328857,0,0.999755442142487,0,3.05454540252686,6.04363632202148,5,10,0.869565188884735,0.876811623573303,1,1,4,1.08000004291534,0
01,2006-01-19,23080760,,"",SAN ROQUE [23080760],Pluviométrica,Convencional,Activa,Antioquia,San Roque,6.4875,-75.017,820,5/15/1975,,Monchia,Magdalena Cauca,Medio Magdalena,Río Nare,2006,19,Andes,Preliminar,0,0,0,0.360103398561478,0.360103398561478,0,0.299602061510086,0.0430444739758968,3.05454540252686,6.04363632202148,5,10,0.869565188884735,0.876811623573303,1,1,4,1.08000004291534,0
01,2006-01-20,23080760,,"",SAN ROQUE [23080760],Pluviométrica,Convencional,Activa,Antioquia,San Roque,6.4875,-75.017,820,5/15/1975,,Monchia,Magdalena Cauca,Medio Magdalena,Río Nare,2006,20,Andes,Preliminar,0,0,0,0,0,0,0.239437386393547,0.10711608082056,3.05454540252686,6.04363632202148,5,10,0.869565188884735,0.876811623573303,1,1,4,1.08000004291534,0
01,2006-01-21,23080760,1.5,Definitivo,SAN ROQUE [23080760],Pluviométrica,Convencional,Activa,Antioquia,San Roque,6.4875,-75.017,820,5/15/1975,,Monchia,Magdalena Cauca,Medio Magdalena,Río Nare,2006,21,Andes,Definitivo,1.5,1.5,0,0.0272765103727579,0.0272765103727579,0,6.42915964126587,3.83246159553528,3.05454540252686,6.04363632202148,5,10,0.869565188884735,0.876811623573303,1,1,5,1.08000004291534,1.62000006437302
01,2006-01-22,23080760,0,Definitivo,SAN ROQUE [23080760],Pluviométrica,Convencional,Activa,Antioquia,San Roque,6.4875,-75.017,820,5/15/1975,,Monchia,Magdalena Cauca,Medio Magdalena,Río Nare,2006,22,Andes,Definitivo,0,0,0,0.245488613843918,0.245488613843918,0,1.76274228096008,0.881565570831299,3.05454540252686,6.04363632202148,5,10,0.869565188884735,0.876811623573303,1,1,5,1.08000004291534,0
01,2006-01-23,23080760,,"",SAN ROQUE [23080760],Pluviométrica,Convencional,Activa,Antioquia,San Roque,6.4875,-75.017,820,5/15/1975,,Monchia,Magdalena Cauca,Medio Magdalena,Río Nare,2006,23,Andes,Preliminar,0,0,0,1.82207119464874,1.82207119464874,0,3.56100535392761,0,3.05454540252686,6.04363632202148,5,10,0.869565188884735,0.876811623573303,1,1,5,1.08000004291534,0
01,2006-01-24,23080760,7,Definitivo,SAN ROQUE [23080760],Pluviométrica,Convencional,Activa,Antioquia,San Roque,6.4875,-75.017,820,5/15/1975,,Monchia,Magdalena Cauca,Medio Magdalena,Río Nare,2006,24,Andes,Definitivo,7,7,0,4.50062465667725,4.50062465667725,10.8477792739868,13.0330333709717,12.1256952285767,3.05454540252686,6.04363632202148,5,10,0.869565188884735,0.876811623573303,1,1,5,1.08000004291534,7.56000030040741
01,2006-01-25,23080760,6,Definitivo,SAN ROQUE [23080760],Pluviométrica,Convencional,Activa,Antioquia,San Roque,6.4875,-75.017,820,5/15/1975,,Monchia,Magdalena Cauca,Medio Magdalena,Río Nare,2006,25,Andes,Definitivo,6,6,0,6.21358966827393,6.21358966827393,10.8477792739868,4.58734464645386,12.5335655212402,3.05454540252686,6.04363632202148,5,10,0.869565188884735,0.876811623573303,1,1,5,1.08000004291534,6.48000025749207
01,2006-01-26,23080760,0,Definitivo,SAN ROQUE [23080760],Pluviométrica,Convencional,Activa,Antioquia,San Roque,6.4875,-75.017,820,5/15/1975,,Monchia,Magdalena Cauca,Medio Magdalena,Río Nare,2006,26,Andes,Definitivo,0,0,0,4.19660091400147,4.19660091400147,0,7.0925145149231,0,3.05454540252686,6.04363632202148,5,10,0.869565188884735,0.876811623573303,1,1,6,1.08000004291534,0
01,2006-01-27,23080760,3,Definitivo,SAN ROQUE [23080760],Pluviométrica,Convencional,Activa,Antioquia,San Roque,6.4875,-75.017,820,5/15/1975,,Monchia,Magdalena Cauca,Medio Magdalena,Río Nare,2006,27,Andes,Definitivo,3,3,0,7.7124400138855,7.7124400138855,27.9296760559082,33.2773361206055,9.31774997711182,3.05454540252686,6.04363632202148,5,10,0.869565188884735,0.876811623573303,1,1,6,1.08000004291534,3.24000012874603
01,2008-01-29,23080760,,"",SAN ROQUE [23080760],Pluviométrica,Convencional,Activa,Antioquia,San Roque,6.4875,-75.017,820,5/15/1975,,Monchia,Magdalena Cauca,Medio Magdalena,Río Nare,2008,29,Andes,Preliminar,0,0,0,0,0,0,0.00597364362329245,0.0185260828584433,3.05454540252686,6.04363632202148,5,10,0.869565188884735,0.876811623573303,1,1,6,1.08000004291534,0
01,2011-01-27,23080760,,"",SAN ROQUE [23080760],Pluviométrica,Convencional,Activa,Antioquia,San Roque,6.4875,-75.017,820,5/15/1975,,Monchia,Magdalena Cauca,Medio Magdalena,Río Nare,2011,27,Andes,Preliminar,0,0,0,0.999497532844543,0.999497532844543,0,8.50707149505615,12.7996635437012,3.05454540252686,6.04363632202148,5,10,0.869565188884735,0.876811623573303,1,1,6,1.08000004291534,0
01,2011-01-28,23080760,,"",SAN ROQUE [23080760],Pluviométrica,Convencional,Activa,Antioquia,San Roque,6.4875,-75.017,820,5/15/1975,,Monchia,Magdalena Cauca,Medio Magdalena,Río Nare,2011,28,Andes,Preliminar,0,0,0,5.26402044296265,5.26402044296265,0,0.528900980949402,0.0676584169268608,3.05454540252686,6.04363632202148,5,10,0.869565188884735,0.876811623573303,1,1,6,1.08000004291534,0
01,2016-01-27,23080760,,"",SAN ROQUE [23080760],Pluviométrica,Convencional,Activa,Antioquia,San Roque,6.4875,-75.017,820,5/15/1975,,Monchia,Magdalena Cauca,Medio Magdalena,Río Nare,2016,27,Andes,Preliminar,0,0,0,0.0618850067257881,0.0618850067257881,0,0.136079296469688,0.057936392724514,3.05454540252686,6.04363632202148,5,10,0.869565188884735,0.876811623573303,1,1,6,1.08000004291534,0
01,2016-01-28,23080760,0,Definitivo,SAN ROQUE [23080760],Pluviométrica,Convencional,Activa,Antioquia,San Roque,6.4875,-75.017,820,5/15/1975,,Monchia,Magdalena Cauca,Medio Magdalena,Río Nare,2016,28,Andes,Definitivo,0,0,0,0.15143957734108,0.15143957734108,0,0.223286584019661,0,3.05454540252686,6.04363632202148,5,10,0.869565188884735,0.876811623573303,1,1,6,1.08000004291534,0
01,2016-01-29,23080760,,"",SAN ROQUE [23080760],Pluviométrica,Convencional,Activa,Antioquia,San Roque,6.4875,-75.017,820,5/15/1975,,Monchia,Magdalena Cauca,Medio Magdalena,Río Nare,2016,29,Andes,Preliminar,0,0,0,3.00129723548889,3.00129723548889,0,0.775806665420532,0.528121948242188,3.05454540252686,6.04363632202148,5,10,0.869565188884735,0.876811623573303,1,1,6,1.08000004291534,0
01,2004-01-01,23080760,0,Definitivo,SAN ROQUE [23080760],Pluviométrica,Convencional,Activa,Antioquia,San Roque,6.4875,-75.017,820,5/15/1975,,Monchia,Magdalena Cauca,Medio Magdalena,Río Nare,2004,01,Andes,Definitivo,0,0,0,9.19787883758545,9.19787883758545,0,1.21208143234253,0.0276383850723505,3.05454540252686,6.04363632202148,5,10,0.869565188884735,0.876811623573303,1,1,1,1.08000004291534,0
01,2004-01-02,23080760,0,Definitivo,SAN ROQUE [23080760],Pluviométrica,Convencional,Activa,Antioquia,San Roque,6.4875,-75.017,820,5/15/1975,,Monchia,Magdalena Cauca,Medio Magdalena,Río Nare,2004,02,Andes,Definitivo,0,0,0,0,0,0,0.093707837164402,0,3.05454540252686,6.04363632202148,5,10,0.869565188884735,0.876811623573303,1,1,1,1.08000004291534,0
01,2004-01-03,23080760,0,Definitivo,SAN ROQUE [23080760],Pluviométrica,Convencional,Activa,Antioquia,San Roque,6.4875,-75.017,820,5/15/1975,,Monchia,Magdalena Cauca,Medio Magdalena,Río Nare,2004,03,Andes,Definitivo,0,0,0,1.43716859817505,1.43716859817505,0,0.121656224131584,0,3.05454540252686,6.04363632202148,5,10,0.869565188884735,0.876811623573303,1,1,1,1.08000004291534,0
01,2004-01-04,23080760,0,Definitivo,SAN ROQUE [23080760],Pluviométrica,Convencional,Activa,Antioquia,San Roque,6.4875,-75.017,820,5/15/1975,,Monchia,Magdalena Cauca,Medio Magdalena,Río Nare,2004,04,Andes,Definitivo,0,0,0,6.5151629447937,6.5151629447937,0,3.67371773719788,0.813566386699677,3.05454540252686,6.04363632202148,5,10,0.869565188884735,0.876811623573303,1,1,1,1.08000004291534,0
01,2004-01-05,23080760,0,Definitivo,SAN ROQUE [23080760],Pluviométrica,Convencional,Activa,Antioquia,San Roque,6.4875,-75.017,820,5/15/1975,,Monchia,Magdalena Cauca,Medio Magdalena,Río Nare,2004,05,Andes,Definitivo,0,0,0,12.5512733459473,12.5512733459473,20.6841945648193,17.0095520019531,21.2695064544678,3.05454540252686,6.04363632202148,5,10,0.869565188884735,0.876811623573303,1,1,1,1.08000004291534,0
01,2004-01-06,23080760,6,Definitivo,SAN ROQUE [23080760],Pluviométrica,Convencional,Activa,Antioquia,San Roque,6.4875,-75.017,820,5/15/1975,,Monchia,Magdalena Cauca,Medio Magdalena,Río Nare,2004,06,Andes,Definitivo,6,6,0,2.28419852256775,2.28419852256775,0,5.56851148605347,1.34777402877808,3.05454540252686,6.04363632202148,5,10,0.869565188884735,0.876811623573303,1,1,2,1.08000004291534,6.48000025749207
01,2004-01-07,23080760,12,Definitivo,SAN ROQUE [23080760],Pluviométrica,Convencional,Activa,Antioquia,San Roque,6.4875,-75.017,820,5/15/1975,,Monchia,Magdalena Cauca,Medio Magdalena,Río Nare,2004,07,Andes,Definitivo,12,12,0,5.08482456207275,5.08482456207275,0,11.737401008606,0.494430720806122,3.05454540252686,6.04363632202148,5,10,0.869565188884735,0.876811623573303,1,1,2,1.08000004291534,12.9600005149841
01,2004-01-08,23080760,0,Definitivo,SAN ROQUE [23080760],Pluviométrica,Convencional,Activa,Antioquia,San Roque,6.4875,-75.017,820,5/15/1975,,Monchia,Magdalena Cauca,Medio Magdalena,Río Nare,2004,08,Andes,Definitivo,0,0,0,2.4828245639801,2.4828245639801,11.0598211288452,7.54126644134522,4.92598915100098,3.05454540252686,6.04363632202148,5,10,0.869565188884735,0.876811623573303,1,1,2,1.08000004291534,0
01,2004-01-09,23080760,40,Definitivo,SAN ROQUE [23080760],Pluviométrica,Convencional,Activa,Antioquia,San Roque,6.4875,-75.017,820,5/15/1975,,Monchia,Magdalena Cauca,Medio Magdalena,Río Nare,2004,09,Andes,Definitivo,40,40,0,2.03839898109436,2.03839898109436,0,6.87541961669922,0.176957011222839,3.05454540252686,6.04363632202148,5,10,0.869565188884735,0.876811623573303,1,1,2,1.08000004291534,43.2000017166138
01,2004-01-10,23080760,4,Definitivo,SAN ROQUE [23080760],Pluviométrica,Convencional,Activa,Antioquia,San Roque,6.4875,-75.017,820,5/15/1975,,Monchia,Magdalena Cauca,Medio Magdalena,Río Nare,2004,10,Andes,Definitivo,4,4,0,3.56037044525147,3.56037044525147,11.0598211288452,4.36043167114258,29.1378841400147,3.05454540252686,6.04363632202148,5,10,0.869565188884735,0.876811623573303,1,1,2,1.08000004291534,4.32000017166138
01,2004-01-11,23080760,6,Definitivo,SAN ROQUE [23080760],Pluviométrica,Convencional,Activa,Antioquia,San Roque,6.4875,-75.017,820,5/15/1975,,Monchia,Magdalena Cauca,Medio Magdalena,Río Nare,2004,11,Andes,Definitivo,6,6,0,6.56916904449463,6.56916904449463,0,15.9359369277954,13.1923513412476,3.05454540252686,6.04363632202148,5,10,0.869565188884735,0.876811623573303,1,1,3,1.08000004291534,6.48000025749207
01,2021-01-13,23080760,0,Definitivo,SAN ROQUE [23080760],Pluviométrica,Convencional,Activa,Antioquia,San Roque,6.4875,-75.017,820,5/15/1975,,Monchia,Magdalena Cauca,Medio Magdalena,Río Nare,2021,13,Andes,Definitivo,0,0,0,2.78083157539368,2.78083157539368,0,1.93424117565155,0.758509874343872,3.05454540252686,6.04363632202148,5,10,0.869565188884735,0.876811623573303,1,1,3,1.08000004291534,0
01,2022-01-11,23080760,5,Definitivo,SAN ROQUE [23080760],Pluviométrica,Convencional,Activa,Antioquia,San Roque,6.4875,-75.017,820,5/15/1975,,Monchia,Magdalena Cauca,Medio Magdalena,Río Nare,2022,11,Andes,Definitivo,5,5,0,0.897504985332489,0.897504985332489,0,1.9220929145813,0.750897347927094,3.05454540252686,6.04363632202148,5,10,0.869565188884735,0.876811623573303,1,1,3,1.08000004291534,5.40000021457672
01,2023-01-09,23080760,9,Definitivo,SAN ROQUE [23080760],Pluviométrica,Convencional,Activa,Antioquia,San Roque,6.4875,-75.017,820,5/15/1975,,Monchia,Magdalena Cauca,Medio Magdalena,Río Nare,2023,09,Andes,Definitivo,9,9,0,1.03131890296936,1.03131890296936,0,5.51793909072876,15.7573375701904,3.05454540252686,6.04363632202148,5,10,0.869565188884735,0.876811623573303,1,1,2,1.08000004291534,9.7200003862381
01,2007-01-05,23080760,1,Definitivo,SAN ROQUE [23080760],Pluviométrica,Convencional,Activa,Antioquia,San Roque,6.4875,-75.017,820,5/15/1975,,Monchia,Magdalena Cauca,Medio Magdalena,Río Nare,2007,05,Andes,Definitivo,1,1,0,0.533463418483734,0.533463418483734,0,2.13541746139526,0,3.05454540252686,6.04363632202148,5,10,0.869565188884735,0.876811623573303,1,1,1,1.08000004291534,1.08000004291534
01,2007-01-06,23080760,,"",SAN ROQUE [23080760],Pluviométrica,Convencional,Activa,Antioquia,San Roque,6.4875,-75.017,820,5/15/1975,,Monchia,Magdalena Cauca,Medio Magdalena,Río Nare,2007,06,Andes,Preliminar,0,0,0,0.100217379629612,0.100217379629612,0,2.05007529258728,0.660111904144287,3.05454540252686,6.04363632202148,5,10,0.869565188884735,0.876811623573303,1,1,2,1.08000004291534,0
01,2007-01-07,23080760,1,Definitivo,SAN ROQUE [23080760],Pluviométrica,Convencional,Activa,Antioquia,San Roque,6.4875,-75.017,820,5/15/1975,,Monchia,Magdalena Cauca,Medio Magdalena,Río Nare,2007,07,Andes,Definitivo,1,1,0,1.31898999214172,1.31898999214172,0,3.58260273933411,0.148667901754379,3.05454540252686,6.04363632202148,5,10,0.869565188884735,0.876811623573303,1,1,2,1.08000004291534,1.08000004291534
01,2007-01-08,23080760,5,Definitivo,SAN ROQUE [23080760],Pluviométrica,Convencional,Activa,Antioquia,San Roque,6.4875,-75.017,820,5/15/1975,,Monchia,Magdalena Cauca,Medio Magdalena,Río Nare,2007,08,Andes,Definitivo,5,5,0,0.594838678836823,0.594838678836823,17.0828742980957,3.87265396118164,5.00875043869019,3.05454540252686,6.04363632202148,5,10,0.869565188884735,0.876811623573303,1,1,2,1.08000004291534,5.40000021457672
01,2007-01-09,23080760,12,Definitivo,SAN ROQUE [23080760],Pluviométrica,Convencional,Activa,Antioquia,San Roque,6.4875,-75.017,820,5/15/1975,,Monchia,Magdalena Cauca,Medio Magdalena,Río Nare,2007,09,Andes,Definitivo,12,12,0,2.78345704078674,2.78345704078674,0,10.8676776885986,17.8576965332031,3.05454540252686,6.04363632202148,5,10,0.869565188884735,0.876811623573303,1,1,2,1.08000004291534,12.9600005149841
01,2007-01-10,23080760,,"",SAN ROQUE [23080760],Pluviométrica,Convencional,Activa,Antioquia,San Roque,6.4875,-75.017,820,5/15/1975,,Monchia,Magdalena Cauca,Medio Magdalena,Río Nare,2007,10,Andes,Preliminar,0,0,0,2.78345656394959,2.78345656394959,0,4.46804332733154,1.16582751274109,3.05454540252686,6.04363632202148,5,10,0.869565188884735,0.876811623573303,1,1,2,1.08000004291534,0
01,2007-01-11,23080760,18,Definitivo,SAN ROQUE [23080760],Pluviométrica,Convencional,Activa,Antioquia,San Roque,6.4875,-75.017,820,5/15/1975,,Monchia,Magdalena Cauca,Medio Magdalena,Río Nare,2007,11,Andes,Definitivo,18,18,0,1.61826074123383,1.61826074123383,0,3.19257712364197,7.16977310180664,3.05454540252686,6.04363632202148,5,10,0.869565188884735,0.876811623573303,1,1,3,1.08000004291534,19.4400007724762
01,2007-01-12,23080760,,"",SAN ROQUE [23080760],Pluviométrica,Convencional,Activa,Antioquia,San Roque,6.4875,-75.017,820,5/15/1975,,Monchia,Magdalena Cauca,Medio Magdalena,Río Nare,2007,12,Andes,Preliminar,0,0,0,4.92890119552612,4.92890119552612,0,5.79866981506348,0.310153335332871,3.05454540252686,6.04363632202148,5,10,0.869565188884735,0.876811623573303,1,1,3,1.08000004291534,0
01,2007-01-13,23080760,,"",SAN ROQUE [23080760],Pluviométrica,Convencional,Activa,Antioquia,San Roque,6.4875,-75.017,820,5/15/1975,,Monchia,Magdalena Cauca,Medio Magdalena,Río Nare,2007,13,Andes,Preliminar,0,0,0,1.71708595752716,1.71708595752716,0,7.22558450698853,22.7717971801758,3.05454540252686,6.04363632202148,5,10,0.869565188884735,0.876811623573303,1,1,3,1.08000004291534,0
01,2007-01-14,23080760,,"",SAN ROQUE [23080760],Pluviométrica,Convencional,Activa,Antioquia,San Roque,6.4875,-75.017,820,5/15/1975,,Monchia,Magdalena Cauca,Medio Magdalena,Río Nare,2007,14,Andes,Preliminar,0,0,0,1.93635427951813,1.93635427951813,0,11.4217205047607,0.527727663516998,3.05454540252686,6.04363632202148,5,10,0.869565188884735,0.876811623573303,1,1,3,1.08000004291534,0
01,2007-01-15,23080760,12,Definitivo,SAN ROQUE [23080760],Pluviométrica,Convencional,Activa,Antioquia,San Roque,6.4875,-75.017,820,5/15/1975,,Monchia,Magdalena Cauca,Medio Magdalena,Río Nare,2007,15,Andes,Definitivo,12,12,0,1.57193648815155,1.57193648815155,0,4.36291456222534,1.2220116853714,3.05454540252686,6.04363632202148,5,10,0.869565188884735,0.876811623573303,1,1,3,1.08000004291534,12.9600005149841
01,2007-01-16,23080760,9,Definitivo,SAN ROQUE [23080760],Pluviométrica,Convencional,Activa,Antioquia,San Roque,6.4875,-75.017,820,5/15/1975,,Monchia,Magdalena Cauca,Medio Magdalena,Río Nare,2007,16,Andes,Definitivo,9,9,0,3.42080569267273,3.42080569267273,0,1.28852128982544,24.7783279418945,3.05454540252686,6.04363632202148,5,10,0.869565188884735,0.876811623573303,1,1,4,1.08000004291534,9.7200003862381
01,2007-01-17,23080760,0,Definitivo,SAN ROQUE [23080760],Pluviométrica,Convencional,Activa,Antioquia,San Roque,6.4875,-75.017,820,5/15/1975,,Monchia,Magdalena Cauca,Medio Magdalena,Río Nare,2007,17,Andes,Definitivo,0,0,0,4.47689294815064,4.47689294815064,49.6855964660645,11.4413785934448,20.5801601409912,3.05454540252686,6.04363632202148,5,10,0.869565188884735,0.876811623573303,1,1,4,1.08000004291534,0
01,2007-01-18,23080760,3,Definitivo,SAN ROQUE [23080760],Pluviométrica,Convencional,Activa,Antioquia,San Roque,6.4875,-75.017,820,5/15/1975,,Monchia,Magdalena Cauca,Medio Magdalena,Río Nare,2007,18,Andes,Definitivo,3,3,0,7.0367579460144,7.0367579460144,16.5618667602539,14.0767002105713,17.7296257019043,3.05454540252686,6.04363632202148,5,10,0.869565188884735,0.876811623573303,1,1,4,1.08000004291534,3.24000012874603
01,2007-01-19,23080760,0,Definitivo,SAN ROQUE [23080760],Pluviométrica,Convencional,Activa,Antioquia,San Roque,6.4875,-75.017,820,5/15/1975,,Monchia,Magdalena Cauca,Medio Magdalena,Río Nare,2007,19,Andes,Definitivo,0,0,0,3.46098279953003,3.46098279953003,0,21.6377372741699,0.618129253387451,3.05454540252686,6.04363632202148,5,10,0.869565188884735,0.876811623573303,1,1,4,1.08000004291534,0
01,2007-01-20,23080760,81,Definitivo,SAN ROQUE [23080760],Pluviométrica,Convencional,Activa,Antioquia,San Roque,6.4875,-75.017,820,5/15/1975,,Monchia,Magdalena Cauca,Medio Magdalena,Río Nare,2007,20,Andes,Definitivo,81,81,0,2.46229124069214,2.46229124069214,0,16.6397457122803,1.37783777713776,3.05454540252686,6.04363632202148,5,10,0.869565188884735,0.876811623573303,1,1,4,1.08000004291534,87.4800034761429
01,2007-01-21,23080760,,"",SAN ROQUE [23080760],Pluviométrica,Convencional,Activa,Antioquia,San Roque,6.4875,-75.017,820,5/15/1975,,Monchia,Magdalena Cauca,Medio Magdalena,Río Nare,2007,21,Andes,Preliminar,0,0,0,3.3334321975708,3.3334321975708,0,10.9648418426514,8.69369506835938,3.05454540252686,6.04363632202148,5,10,0.869565188884735,0.876811623573303,1,1,5,1.08000004291534,0
01,2007-01-22,23080760,2,Definitivo,SAN ROQUE [23080760],Pluviométrica,Convencional,Activa,Antioquia,San Roque,6.4875,-75.017,820,5/15/1975,,Monchia,Magdalena Cauca,Medio Magdalena,Río Nare,2007,22,Andes,Definitivo,2,2,0,2.23143887519836,2.23143887519836,0,0.960841119289398,2.39335703849793,3.05454540252686,6.04363632202148,5,10,0.869565188884735,0.876811623573303,1,1,5,1.08000004291534,2.16000008583069
01,2007-01-23,23080760,6,Definitivo,SAN ROQUE [23080760],Pluviométrica,Convencional,Activa,Antioquia,San Roque,6.4875,-75.017,820,5/15/1975,,Monchia,Magdalena Cauca,Medio Magdalena,Río Nare,2007,23,Andes,Definitivo,6,6,0,4.12169075012207,4.12169075012207,8.69189643859863,2.54624915122986,0.0876389145851135,3.05454540252686,6.04363632202148,5,10,0.869565188884735,0.876811623573303,1,1,5,1.08000004291534,6.48000025749207
01,2007-01-24,23080760,0,Definitivo,SAN ROQUE [23080760],Pluviométrica,Convencional,Activa,Antioquia,San Roque,6.4875,-75.017,820,5/15/1975,,Monchia,Magdalena Cauca,Medio Magdalena,Río Nare,2007,24,Andes,Definitivo,0,0,0,1.84319174289703,1.84319174289703,0,1.76648724079132,0.602568566799164,3.05454540252686,6.04363632202148,5,10,0.869565188884735,0.876811623573303,1,1,5,1.08000004291534,0
01,2006-01-28,23080760,41,Definitivo,SAN ROQUE [23080760],Pluviométrica,Convencional,Activa,Antioquia,San Roque,6.4875,-75.017,820,5/15/1975,,Monchia,Magdalena Cauca,Medio Magdalena,Río Nare,2006,28,Andes,Definitivo,41,41,0,6.12686586380005,6.12686586380005,0,13.3656024932861,1.61680901050568,3.05454540252686,6.04363632202148,5,10,0.869565188884735,0.876811623573303,1,1,6,1.08000004291534,44.2800017595291
01,2009-01-26,23080760,,"",SAN ROQUE [23080760],Pluviométrica,Convencional,Activa,Antioquia,San Roque,6.4875,-75.017,820,5/15/1975,,Monchia,Magdalena Cauca,Medio Magdalena,Río Nare,2009,26,Andes,Preliminar,0,0,0,3.20447421073914,3.20447421073914,0,0.96542900800705,0.0869788825511932,3.05454540252686,6.04363632202148,5,10,0.869565188884735,0.876811623573303,1,1,6,1.08000004291534,0
01,2009-01-27,23080760,0,Definitivo,SAN ROQUE [23080760],Pluviométrica,Convencional,Activa,Antioquia,San Roque,6.4875,-75.017,820,5/15/1975,,Monchia,Magdalena Cauca,Medio Magdalena,Río Nare,2009,27,Andes,Definitivo,0,0,0,0.181385308504105,0.181385308504105,0,3.60418152809143,0.0749884769320488,3.05454540252686,6.04363632202148,5,10,0.869565188884735,0.876811623573303,1,1,6,1.08000004291534,0
01,2014-01-26,23080760,0,Definitivo,SAN ROQUE [23080760],Pluviométrica,Convencional,Activa,Antioquia,San Roque,6.4875,-75.017,820,5/15/1975,,Monchia,Magdalena Cauca,Medio Magdalena,Río Nare,2014,26,Andes,Definitivo,0,0,0,3.3265426158905,3.3265426158905,0,14.6872043609619,15.5776290893555,3.05454540252686,6.04363632202148,5,10,0.869565188884735,0.876811623573303,1,1,6,1.08000004291534,0
01,2014-01-27,23080760,0,Definitivo,SAN ROQUE [23080760],Pluviométrica,Convencional,Activa,Antioquia,San Roque,6.4875,-75.017,820,5/15/1975,,Monchia,Magdalena Cauca,Medio Magdalena,Río Nare,2014,27,Andes,Definitivo,0,0,0,1.7808381319046,1.7808381319046,0,3.10118770599365,1.15197658538818,3.05454540252686,6.04363632202148,5,10,0.869565188884735,0.876811623573303,1,1,6,1.08000004291534,0
01,2014-01-28,23080760,0,Definitivo,SAN ROQUE [23080760],Pluviométrica,Convencional,Activa,Antioquia,San Roque,6.4875,-75.017,820,5/15/1975,,Monchia,Magdalena Cauca,Medio Magdalena,Río Nare,2014,28,Andes,Definitivo,0,0,0,4.17241811752319,4.17241811752319,0,8.49899578094482,0,3.05454540252686,6.04363632202148,5,10,0.869565188884735,0.876811623573303,1,1,6,1.08000004291534,0
01,2019-01-27,23080760,10,Definitivo,SAN ROQUE [23080760],Pluviométrica,Convencional,Activa,Antioquia,San Roque,6.4875,-75.017,820,5/15/1975,,Monchia,Magdalena Cauca,Medio Magdalena,Río Nare,2019,27,Andes,Definitivo,10,10,0,0.272146999835968,0.272146999835968,0,1.17813324928284,1.77737581729889,3.05454540252686,6.04363632202148,5,10,0.869565188884735,0.876811623573303,1,1,6,1.08000004291534,10.8000004291534
01,2019-01-28,23080760,0,Definitivo,SAN ROQUE [23080760],Pluviométrica,Convencional,Activa,Antioquia,San Roque,6.4875,-75.017,820,5/15/1975,,Monchia,Magdalena Cauca,Medio Magdalena,Río Nare,2019,28,Andes,Definitivo,0,0,0,2.27055215835571,2.27055215835571,16.8947372436523,5.91279315948486,12.7733268737793,3.05454540252686,6.04363632202148,5,10,0.869565188884735,0.876811623573303,1,1,6,1.08000004291534,0
01,2022-01-26,23080760,0,Definitivo,SAN ROQUE [23080760],Pluviométrica,Convencional,Activa,Antioquia,San Roque,6.4875,-75.017,820,5/15/1975,,Monchia,Magdalena Cauca,Medio Magdalena,Río Nare,2022,26,Andes,Definitivo,0,0,0,1.28161263465881,1.28161263465881,0,0.387164860963821,0.09620650857687,3.05454540252686,6.04363632202148,5,10,0.869565188884735,0.876811623573303,1,1,6,1.08000004291534,0
01,2022-01-27,23080760,0,Definitivo,SAN ROQUE [23080760],Pluviométrica,Convencional,Activa,Antioquia,San Roque,6.4875,-75.017,820,5/15/1975,,Monchia,Magdalena Cauca,Medio Magdalena,Río Nare,2022,27,Andes,Definitivo,0,0,0,0.960337579250336,0.960337579250336,0,0.890065848827362,1.21085548400879,3.05454540252686,6.04363632202148,5,10,0.869565188884735,0.876811623573303,1,1,6,1.08000004291534,0
01,2022-01-28,23080760,0,Definitivo,SAN ROQUE [23080760],Pluviométrica,Convencional,Activa,Antioquia,San Roque,6.4875,-75.017,820,5/15/1975,,Monchia,Magdalena Cauca,Medio Magdalena,Río Nare,2022,28,Andes,Definitivo,0,0,0,1.2344309091568,1.2344309091568,0,0.168337270617485,0.0653531029820442,3.05454540252686,6.04363632202148,5,10,0.869565188884735,0.876811623573303,1,1,6,1.08000004291534,0
01,2021-01-27,23080760,0,Definitivo,SAN ROQUE [23080760],Pluviométrica,Convencional,Activa,Antioquia,San Roque,6.4875,-75.017,820,5/15/1975,,Monchia,Magdalena Cauca,Medio Magdalena,Río Nare,2021,27,Andes,Definitivo,0,0,0,0.456823855638504,0.456823855638504,0,1.81556808948517,0,3.05454540252686,6.04363632202148,5,10,0.869565188884735,0.876811623573303,1,1,6,1.08000004291534,0
01,2021-01-24,23080760,0,Definitivo,SAN ROQUE [23080760],Pluviométrica,Convencional,Activa,Antioquia,San Roque,6.4875,-75.017,820,5/15/1975,,Monchia,Magdalena Cauca,Medio Magdalena,Río Nare,2021,24,Andes,Definitivo,0,0,0,2.78150463104248,2.78150463104248,0,10.1120090484619,26.4651012420654,3.05454540252686,6.04363632202148,5,10,0.869565188884735,0.876811623573303,1,1,5,1.08000004291534,0
01,2023-01-21,23080760,1,Definitivo,SAN ROQUE [23080760],Pluviométrica,Convencional,Activa,Antioquia,San Roque,6.4875,-75.017,820,5/15/1975,,Monchia,Magdalena Cauca,Medio Magdalena,Río Nare,2023,21,Andes,Definitivo,1,1,0,2.68869590759277,2.68869590759277,14.0176887512207,5.0965313911438,0,3.05454540252686,6.04363632202148,5,10,0.869565188884735,0.876811623573303,1,1,5,1.08000004291534,1.08000004291534
01,2022-01-20,23080760,0,Definitivo,SAN ROQUE [23080760],Pluviométrica,Convencional,Activa,Antioquia,San Roque,6.4875,-75.017,820,5/15/1975,,Monchia,Magdalena Cauca,Medio Magdalena,Río Nare,2022,20,Andes,Definitivo,0,0,0,0,0,0,0,0,3.05454540252686,6.04363632202148,5,10,0.869565188884735,0.876811623573303,1,1,4,1.08000004291534,0
01,2022-01-17,23080760,0,Definitivo,SAN ROQUE [23080760],Pluviométrica,Convencional,Activa,Antioquia,San Roque,6.4875,-75.017,820,5/15/1975,,Monchia,Magdalena Cauca,Medio Magdalena,Río Nare,2022,17,Andes,Definitivo,0,0,0,0.85139787197113,0.85139787197113,0,0,0,3.05454540252686,6.04363632202148,5,10,0.869565188884735,0.876811623573303,1,1,4,1.08000004291534,0
01,2021-01-16,23080760,0,Definitivo,SAN ROQUE [23080760],Pluviométrica,Convencional,Activa,Antioquia,San Roque,6.4875,-75.017,820,5/15/1975,,Monchia,Magdalena Cauca,Medio Magdalena,Río Nare,2021,16,Andes,Definitivo,0,0,0,1.66305816173553,1.66305816173553,0,0,0,3.05454540252686,6.04363632202148,5,10,0.869565188884735,0.876811623573303,1,1,4,1.08000004291534,0
01,2005-01-08,23080760,2,Definitivo,SAN ROQUE [23080760],Pluviométrica,Convencional,Activa,Antioquia,San Roque,6.4875,-75.017,820,5/15/1975,,Monchia,Magdalena Cauca,Medio Magdalena,Río Nare,2005,08,Andes,Definitivo,2,2,0,2.14917302131653,2.14917302131653,50.8997535705566,7.80002307891846,19.4378757476807,3.05454540252686,6.04363632202148,5,10,0.869565188884735,0.876811623573303,1,1,2,1.08000004291534,2.16000008583069
01,2006-01-06,23080760,,"",SAN ROQUE [23080760],Pluviométrica,Convencional,Activa,Antioquia,San Roque,6.4875,-75.017,820,5/15/1975,,Monchia,Magdalena Cauca,Medio Magdalena,Río Nare,2006,06,Andes,Preliminar,0,0,0,1.87934386730194,1.87934386730194,0,5.13893365859985,0.353497743606567,3.05454540252686,6.04363632202148,5,10,0.869565188884735,0.876811623573303,1,1,2,1.08000004291534,0
01,2007-01-04,23080760,,"",SAN ROQUE [23080760],Pluviométrica,Convencional,Activa,Antioquia,San Roque,6.4875,-75.017,820,5/15/1975,,Monchia,Magdalena Cauca,Medio Magdalena,Río Nare,2007,04,Andes,Preliminar,0,0,0,0.75188934803009,0.75188934803009,0,0.262120246887207,0.278180420398712,3.05454540252686,6.04363632202148,5,10,0.869565188884735,0.876811623573303,1,1,1,1.08000004291534,0
01,2008-01-02,23080760,0,Definitivo,SAN ROQUE [23080760],Pluviométrica,Convencional,Activa,Antioquia,San Roque,6.4875,-75.017,820,5/15/1975,,Monchia,Magdalena Cauca,Medio Magdalena,Río Nare,2008,02,Andes,Definitivo,0,0,0,0,0,0,0.30950590968132,1.03147459030151,3.05454540252686,6.04363632202148,5,10,0.869565188884735,0.876811623573303,1,1,1,1.08000004291534,0
01,2008-01-03,23080760,0,Definitivo,SAN ROQUE [23080760],Pluviométrica,Convencional,Activa,Antioquia,San Roque,6.4875,-75.017,820,5/15/1975,,Monchia,Magdalena Cauca,Medio Magdalena,Río Nare,2008,03,Andes,Definitivo,0,0,0,0,0,0,1.13276863098145,0.541268765926361,3.05454540252686,6.04363632202148,5,10,0.869565188884735,0.876811623573303,1,1,1,1.08000004291534,0
01,2008-01-04,23080760,0,Definitivo,SAN ROQUE [23080760],Pluviométrica,Convencional,Activa,Antioquia,San Roque,6.4875,-75.017,820,5/15/1975,,Monchia,Magdalena Cauca,Medio Magdalena,Río Nare,2008,04,Andes,Definitivo,0,0,0,0.508079767227173,0.508079767227173,0,0.246684536337853,0.074076309800148,3.05454540252686,6.04363632202148,5,10,0.869565188884735,0.876811623573303,1,1,1,1.08000004291534,0
01,2008-01-05,23080760,0,Definitivo,SAN ROQUE [23080760],Pluviométrica,Convencional,Activa,Antioquia,San Roque,6.4875,-75.017,820,5/15/1975,,Monchia,Magdalena Cauca,Medio Magdalena,Río Nare,2008,05,Andes,Definitivo,0,0,0,1.82061898708344,1.82061898708344,0,0.152266040444374,0.23735898733139,3.05454540252686,6.04363632202148,5,10,0.869565188884735,0.876811623573303,1,1,1,1.08000004291534,0
01,2008-01-06,23080760,0,Definitivo,SAN ROQUE [23080760],Pluviométrica,Convencional,Activa,Antioquia,San Roque,6.4875,-75.017,820,5/15/1975,,Monchia,Magdalena Cauca,Medio Magdalena,Río Nare,2008,06,Andes,Definitivo,0,0,0,4.00558185577393,4.00558185577393,0,0.928059220314026,0.529295384883881,3.05454540252686,6.04363632202148,5,10,0.869565188884735,0.876811623573303,1,1,2,1.08000004291534,0
01,2008-01-07,23080760,,"",SAN ROQUE [23080760],Pluviométrica,Convencional,Activa,Antioquia,San Roque,6.4875,-75.017,820,5/15/1975,,Monchia,Magdalena Cauca,Medio Magdalena,Río Nare,2008,07,Andes,Preliminar,0,0,0,2.6188428401947,2.6188428401947,50.5789909362793,4.59867143630981,1.87667798995972,3.05454540252686,6.04363632202148,5,10,0.869565188884735,0.876811623573303,1,1,2,1.08000004291534,0
01,2008-01-08,23080760,,"",SAN ROQUE [23080760],Pluviométrica,Convencional,Activa,Antioquia,San Roque,6.4875,-75.017,820,5/15/1975,,Monchia,Magdalena Cauca,Medio Magdalena,Río Nare,2008,08,Andes,Preliminar,0,0,0,2.34448766708374,2.34448766708374,0,4.078049659729,0.644719660282135,3.05454540252686,6.04363632202148,5,10,0.869565188884735,0.876811623573303,1,1,2,1.08000004291534,0
01,2008-01-09,23080760,5,Definitivo,SAN ROQUE [23080760],Pluviométrica,Convencional,Activa,Antioquia,San Roque,6.4875,-75.017,820,5/15/1975,,Monchia,Magdalena Cauca,Medio Magdalena,Río Nare,2008,09,Andes,Definitivo,5,5,0,11.4929790496826,11.4929790496826,0,17.3581352233887,11.3071756362915,3.05454540252686,6.04363632202148,5,10,0.869565188884735,0.876811623573303,1,1,2,1.08000004291534,5.40000021457672
01,2008-01-10,23080760,15,Definitivo,SAN ROQUE [23080760],Pluviométrica,Convencional,Activa,Antioquia,San Roque,6.4875,-75.017,820,5/15/1975,,Monchia,Magdalena Cauca,Medio Magdalena,Río Nare,2008,10,Andes,Definitivo,15,15,0,4.11532402038574,4.11532402038574,0,13.5649003982544,26.1699409484863,3.05454540252686,6.04363632202148,5,10,0.869565188884735,0.876811623573303,1,1,2,1.08000004291534,16.2000006437302
01,2008-01-11,23080760,,"",SAN ROQUE [23080760],Pluviométrica,Convencional,Activa,Antioquia,San Roque,6.4875,-75.017,820,5/15/1975,,Monchia,Magdalena Cauca,Medio Magdalena,Río Nare,2008,11,Andes,Preliminar,0,0,0,2.41297101974487,2.41297101974487,0,5.67100381851196,9.38157653808594,3.05454540252686,6.04363632202148,5,10,0.869565188884735,0.876811623573303,1,1,3,1.08000004291534,0
01,2008-01-12,23080760,,"",SAN ROQUE [23080760],Pluviométrica,Convencional,Activa,Antioquia,San Roque,6.4875,-75.017,820,5/15/1975,,Monchia,Magdalena Cauca,Medio Magdalena,Río Nare,2008,12,Andes,Preliminar,0,0,0,2.19925785064697,2.19925785064697,0,1.17250967025757,1.68729102611542,3.05454540252686,6.04363632202148,5,10,0.869565188884735,0.876811623573303,1,1,3,1.08000004291534,0
01,2008-01-13,23080760,,"",SAN ROQUE [23080760],Pluviométrica,Convencional,Activa,Antioquia,San Roque,6.4875,-75.017,820,5/15/1975,,Monchia,Magdalena Cauca,Medio Magdalena,Río Nare,2008,13,Andes,Preliminar,0,0,0,0.377725660800934,0.377725660800934,0,2.23370361328125,0.179072186350822,3.05454540252686,6.04363632202148,5,10,0.869565188884735,0.876811623573303,1,1,3,1.08000004291534,0
01,2008-01-14,23080760,12,Definitivo,SAN ROQUE [23080760],Pluviométrica,Convencional,Activa,Antioquia,San Roque,6.4875,-75.017,820,5/15/1975,,Monchia,Magdalena Cauca,Medio Magdalena,Río Nare,2008,14,Andes,Definitivo,12,12,0,1.82650244235992,1.82650244235992,0,1.67287600040436,0.423468172550201,3.05454540252686,6.04363632202148,5,10,0.869565188884735,0.876811623573303,1,1,3,1.08000004291534,12.9600005149841
01,2008-01-15,23080760,,"",SAN ROQUE [23080760],Pluviométrica,Convencional,Activa,Antioquia,San Roque,6.4875,-75.017,820,5/15/1975,,Monchia,Magdalena Cauca,Medio Magdalena,Río Nare,2008,15,Andes,Preliminar,0,0,0,2.69626545906067,2.69626545906067,12.48655128479,3.74046039581299,2.81914639472961,3.05454540252686,6.04363632202148,5,10,0.869565188884735,0.876811623573303,1,1,3,1.08000004291534,0
01,2008-01-16,23080760,6,Definitivo,SAN ROQUE [23080760],Pluviométrica,Convencional,Activa,Antioquia,San Roque,6.4875,-75.017,820,5/15/1975,,Monchia,Magdalena Cauca,Medio Magdalena,Río Nare,2008,16,Andes,Definitivo,6,6,0,3.44895696640015,3.44895696640015,0,8.12619113922119,15.5603284835815,3.05454540252686,6.04363632202148,5,10,0.869565188884735,0.876811623573303,1,1,4,1.08000004291534,6.48000025749207
01,2008-01-17,23080760,4,Definitivo,SAN ROQUE [23080760],Pluviométrica,Convencional,Activa,Antioquia,San Roque,6.4875,-75.017,820,5/15/1975,,Monchia,Magdalena Cauca,Medio Magdalena,Río Nare,2008,17,Andes,Definitivo,4,4,0,4.2044095993042,4.2044095993042,0,10.1798048019409,1.13965976238251,3.05454540252686,6.04363632202148,5,10,0.869565188884735,0.876811623573303,1,1,4,1.08000004291534,4.32000017166138
01,2008-01-18,23080760,,"",SAN ROQUE [23080760],Pluviométrica,Convencional,Activa,Antioquia,San Roque,6.4875,-75.017,820,5/15/1975,,Monchia,Magdalena Cauca,Medio Magdalena,Río Nare,2008,18,Andes,Preliminar,0,0,0,3.29716086387634,3.29716086387634,0,1.58115541934967,4.46303796768189,3.05454540252686,6.04363632202148,5,10,0.869565188884735,0.876811623573303,1,1,4,1.08000004291534,0
01,2008-01-19,23080760,,"",SAN ROQUE [23080760],Pluviométrica,Convencional,Activa,Antioquia,San Roque,6.4875,-75.017,820,5/15/1975,,Monchia,Magdalena Cauca,Medio Magdalena,Río Nare,2008,19,Andes,Preliminar,0,0,0,0.0776633098721504,0.0776633098721504,0,0.379043340682983,0,3.05454540252686,6.04363632202148,5,10,0.869565188884735,0.876811623573303,1,1,4,1.08000004291534,0
01,2008-01-20,23080760,2,Definitivo,SAN ROQUE [23080760],Pluviométrica,Convencional,Activa,Antioquia,San Roque,6.4875,-75.017,820,5/15/1975,,Monchia,Magdalena Cauca,Medio Magdalena,Río Nare,2008,20,Andes,Definitivo,2,2,0,0.864886820316315,0.864886820316315,0,1.10052824020386,0.203695297241211,3.05454540252686,6.04363632202148,5,10,0.869565188884735,0.876811623573303,1,1,4,1.08000004291534,2.16000008583069
01,2008-01-21,23080760,,"",SAN ROQUE [23080760],Pluviométrica,Convencional,Activa,Antioquia,San Roque,6.4875,-75.017,820,5/15/1975,,Monchia,Magdalena Cauca,Medio Magdalena,Río Nare,2008,21,Andes,Preliminar,0,0,0,3.23361039161682,3.23361039161682,12.6411943435669,5.9488263130188,12.5297908782959,3.05454540252686,6.04363632202148,5,10,0.869565188884735,0.876811623573303,1,1,5,1.08000004291534,0
01,2007-01-25,23080760,12,Definitivo,SAN ROQUE [23080760],Pluviométrica,Convencional,Activa,Antioquia,San Roque,6.4875,-75.017,820,5/15/1975,,Monchia,Magdalena Cauca,Medio Magdalena,Río Nare,2007,25,Andes,Definitivo,12,12,0,2.49419116973877,2.49419116973877,17.3837928771973,4.96129608154297,9.42245483398438,3.05454540252686,6.04363632202148,5,10,0.869565188884735,0.876811623573303,1,1,5,1.08000004291534,12.9600005149841
01,2007-01-26,23080760,5,Definitivo,SAN ROQUE [23080760],Pluviométrica,Convencional,Activa,Antioquia,San Roque,6.4875,-75.017,820,5/15/1975,,Monchia,Magdalena Cauca,Medio Magdalena,Río Nare,2007,26,Andes,Definitivo,5,5,0,9.21573162078857,9.21573162078857,23.0699291229248,9.84511566162109,14.632327079773,3.05454540252686,6.04363632202148,5,10,0.869565188884735,0.876811623573303,1,1,6,1.08000004291534,5.40000021457672
01,2010-01-24,23080760,,"",SAN ROQUE [23080760],Pluviométrica,Convencional,Activa,Antioquia,San Roque,6.4875,-75.017,820,5/15/1975,,Monchia,Magdalena Cauca,Medio Magdalena,Río Nare,2010,24,Andes,Preliminar,0,0,0,2.17376732826233,2.17376732826233,0,1.57336366176605,0.85913097858429,3.05454540252686,6.04363632202148,5,10,0.869565188884735,0.876811623573303,1,1,5,1.08000004291534,0
01,2009-01-28,23080760,,"",SAN ROQUE [23080760],Pluviométrica,Convencional,Activa,Antioquia,San Roque,6.4875,-75.017,820,5/15/1975,,Monchia,Magdalena Cauca,Medio Magdalena,Río Nare,2009,28,Andes,Preliminar,0,0,0,2.12120032310486,2.12120032310486,0,6.64939832687378,0,3.05454540252686,6.04363632202148,5,10,0.869565188884735,0.876811623573303,1,1,6,1.08000004291534,0
01,2012-01-27,23080760,10,Definitivo,SAN ROQUE [23080760],Pluviométrica,Convencional,Activa,Antioquia,San Roque,6.4875,-75.017,820,5/15/1975,,Monchia,Magdalena Cauca,Medio Magdalena,Río Nare,2012,27,Andes,Definitivo,10,10,0,5.14495944976807,5.14495944976807,0,7.65156650543213,1.02253305912018,3.05454540252686,6.04363632202148,5,10,0.869565188884735,0.876811623573303,1,1,6,1.08000004291534,10.8000004291534
01,2012-01-28,23080760,,"",SAN ROQUE [23080760],Pluviométrica,Convencional,Activa,Antioquia,San Roque,6.4875,-75.017,820,5/15/1975,,Monchia,Magdalena Cauca,Medio Magdalena,Río Nare,2012,28,Andes,Preliminar,0,0,0,3.05814051628113,3.05814051628113,0,3.93116283416748,0,3.05454540252686,6.04363632202148,5,10,0.869565188884735,0.876811623573303,1,1,6,1.08000004291534,0
01,2017-01-26,23080760,62,Definitivo,SAN ROQUE [23080760],Pluviométrica,Convencional,Activa,Antioquia,San Roque,6.4875,-75.017,820,5/15/1975,,Monchia,Magdalena Cauca,Medio Magdalena,Río Nare,2017,26,Andes,Definitivo,62,62,0,0.374548941850662,0.374548941850662,0,0.630962491035461,0,3.05454540252686,6.04363632202148,5,10,0.869565188884735,0.876811623573303,1,1,6,1.08000004291534,66.9600026607514
01,2017-01-27,23080760,11,Definitivo,SAN ROQUE [23080760],Pluviométrica,Convencional,Activa,Antioquia,San Roque,6.4875,-75.017,820,5/15/1975,,Monchia,Magdalena Cauca,Medio Magdalena,Río Nare,2017,27,Andes,Definitivo,11,11,0,2.97956299781799,2.97956299781799,0,1.2815043926239,9.45716953277588,3.05454540252686,6.04363632202148,5,10,0.869565188884735,0.876811623573303,1,1,6,1.08000004291534,11.8800004720688
01,2017-01-28,23080760,5,Definitivo,SAN ROQUE [23080760],Pluviométrica,Convencional,Activa,Antioquia,San Roque,6.4875,-75.017,820,5/15/1975,,Monchia,Magdalena Cauca,Medio Magdalena,Río Nare,2017,28,Andes,Definitivo,5,5,0,2.04801607131958,2.04801607131958,0,13.0009813308716,11.8220319747925,3.05454540252686,6.04363632202148,5,10,0.869565188884735,0.876811623573303,1,1,6,1.08000004291534,5.40000021457672
01,2020-01-27,23080760,0,Definitivo,SAN ROQUE [23080760],Pluviométrica,Convencional,Activa,Antioquia,San Roque,6.4875,-75.017,820,5/15/1975,,Monchia,Magdalena Cauca,Medio Magdalena,Río Nare,2020,27,Andes,Definitivo,0,0,0,1.06939303874969,1.06939303874969,0,0.651173412799835,0.977282047271729,3.05454540252686,6.04363632202148,5,10,0.869565188884735,0.876811623573303,1,1,6,1.08000004291534,0
01,2005-01-01,23080760,,"",SAN ROQUE [23080760],Pluviométrica,Convencional,Activa,Antioquia,San Roque,6.4875,-75.017,820,5/15/1975,,Monchia,Magdalena Cauca,Medio Magdalena,Río Nare,2005,01,Andes,Preliminar,0,0,0,0.299361675977707,0.299361675977707,0,1.42531514167786,1.30134236812592,3.05454540252686,6.04363632202148,5,10,0.869565188884735,0.876811623573303,1,1,1,1.08000004291534,0
01,2005-01-02,23080760,,"",SAN ROQUE [23080760],Pluviométrica,Convencional,Activa,Antioquia,San Roque,6.4875,-75.017,820,5/15/1975,,Monchia,Magdalena Cauca,Medio Magdalena,Río Nare,2005,02,Andes,Preliminar,0,0,0,1.43074226379395,1.43074226379395,0,1.53279268741608,0,3.05454540252686,6.04363632202148,5,10,0.869565188884735,0.876811623573303,1,1,1,1.08000004291534,0
01,2005-01-03,23080760,,"",SAN ROQUE [23080760],Pluviométrica,Convencional,Activa,Antioquia,San Roque,6.4875,-75.017,820,5/15/1975,,Monchia,Magdalena Cauca,Medio Magdalena,Río Nare,2005,03,Andes,Preliminar,0,0,0,1.74249136447907,1.74249136447907,0,1.32315409183502,4.08991813659668,3.05454540252686,6.04363632202148,5,10,0.869565188884735,0.876811623573303,1,1,1,1.08000004291534,0
01,2005-01-04,23080760,0,Definitivo,SAN ROQUE [23080760],Pluviométrica,Convencional,Activa,Antioquia,San Roque,6.4875,-75.017,820,5/15/1975,,Monchia,Magdalena Cauca,Medio Magdalena,Río Nare,2005,04,Andes,Definitivo,0,0,0,1.65165019035339,1.65165019035339,0,2.37426328659058,0,3.05454540252686,6.04363632202148,5,10,0.869565188884735,0.876811623573303,1,1,1,1.08000004291534,0
01,2005-01-05,23080760,18,Definitivo,SAN ROQUE [23080760],Pluviométrica,Convencional,Activa,Antioquia,San Roque,6.4875,-75.017,820,5/15/1975,,Monchia,Magdalena Cauca,Medio Magdalena,Río Nare,2005,05,Andes,Definitivo,18,18,0,1.20983409881592,1.20983409881592,0,3.35450530052185,4.61877107620239,3.05454540252686,6.04363632202148,5,10,0.869565188884735,0.876811623573303,1,1,1,1.08000004291534,19.4400007724762
01,2005-01-06,23080760,0.1,Definitivo,SAN ROQUE [23080760],Pluviométrica,Convencional,Activa,Antioquia,San Roque,6.4875,-75.017,820,5/15/1975,,Monchia,Magdalena Cauca,Medio Magdalena,Río Nare,2005,06,Andes,Definitivo,0.1,0.1,0,3.33121800422668,3.33121800422668,0,8.79180240631104,10.5033874511719,3.05454540252686,6.04363632202148,5,10,0.869565188884735,0.876811623573303,1,1,2,1.08000004291534,0.108000004291534
01,2005-01-07,23080760,41,Definitivo,SAN ROQUE [23080760],Pluviométrica,Convencional,Activa,Antioquia,San Roque,6.4875,-75.017,820,5/15/1975,,Monchia,Magdalena Cauca,Medio Magdalena,Río Nare,2005,07,Andes,Definitivo,41,41,0,6.56930494308472,6.56930494308472,0,6.60465908050537,13.3295230865479,3.05454540252686,6.04363632202148,5,10,0.869565188884735,0.876811623573303,1,1,2,1.08000004291534,44.2800017595291
01,2022-01-14,23080760,0,Definitivo,SAN ROQUE [23080760],Pluviométrica,Convencional,Activa,Antioquia,San Roque,6.4875,-75.017,820,5/15/1975,,Monchia,Magdalena Cauca,Medio Magdalena,Río Nare,2022,14,Andes,Definitivo,0,0,0,0.612467110157013,0.612467110157013,9.64570903778076,1.36801207065582,0.804550707340241,3.05454540252686,6.04363632202148,5,10,0.869565188884735,0.876811623573303,1,1,3,1.08000004291534,0
01,2020-01-15,23080760,0,Definitivo,SAN ROQUE [23080760],Pluviométrica,Convencional,Activa,Antioquia,San Roque,6.4875,-75.017,820,5/15/1975,,Monchia,Magdalena Cauca,Medio Magdalena,Río Nare,2020,15,Andes,Definitivo,0,0,0,0.819470286369324,0.819470286369324,0,0.558399379253388,0.276696741580963,3.05454540252686,6.04363632202148,5,10,0.869565188884735,0.876811623573303,1,1,3,1.08000004291534,0
01,2021-01-12,23080760,0,Definitivo,SAN ROQUE [23080760],Pluviométrica,Convencional,Activa,Antioquia,San Roque,6.4875,-75.017,820,5/15/1975,,Monchia,Magdalena Cauca,Medio Magdalena,Río Nare,2021,12,Andes,Definitivo,0,0,0,3.42252898216248,3.42252898216248,0,5.59161376953125,1.58389210700989,3.05454540252686,6.04363632202148,5,10,0.869565188884735,0.876811623573303,1,1,3,1.08000004291534,0
01,2022-01-10,23080760,0,Definitivo,SAN ROQUE [23080760],Pluviométrica,Convencional,Activa,Antioquia,San Roque,6.4875,-75.017,820,5/15/1975,,Monchia,Magdalena Cauca,Medio Magdalena,Río Nare,2022,10,Andes,Definitivo,0,0,0,6.8106164932251,6.8106164932251,0,3.16730761528015,0.104179136455059,3.05454540252686,6.04363632202148,5,10,0.869565188884735,0.876811623573303,1,1,2,1.08000004291534,0
01,2023-01-08,23080760,0,Definitivo,SAN ROQUE [23080760],Pluviométrica,Convencional,Activa,Antioquia,San Roque,6.4875,-75.017,820,5/15/1975,,Monchia,Magdalena Cauca,Medio Magdalena,Río Nare,2023,08,Andes,Definitivo,0,0,0,0.846726059913635,0.846726059913635,29.1851100921631,2.80563092231751,10.4789237976074,3.05454540252686,6.04363632202148,5,10,0.869565188884735,0.876811623573303,1,1,2,1.08000004291534,0
01,2023-01-07,23080760,18,Definitivo,SAN ROQUE [23080760],Pluviométrica,Convencional,Activa,Antioquia,San Roque,6.4875,-75.017,820,5/15/1975,,Monchia,Magdalena Cauca,Medio Magdalena,Río Nare,2023,07,Andes,Definitivo,18,18,0,6.26573991775513,6.26573991775513,0,25.6513938903809,24.9299869537354,3.05454540252686,6.04363632202148,5,10,0.869565188884735,0.876811623573303,1,1,2,1.08000004291534,19.4400007724762
01,2009-01-01,23080760,3,Definitivo,SAN ROQUE [23080760],Pluviométrica,Convencional,Activa,Antioquia,San Roque,6.4875,-75.017,820,5/15/1975,,Monchia,Magdalena Cauca,Medio Magdalena,Río Nare,2009,01,Andes,Definitivo,3,3,0,5.67047929763794,5.67047929763794,0,11.986590385437,0.229858130216599,3.05454540252686,6.04363632202148,5,10,0.869565188884735,0.876811623573303,1,1,1,1.08000004291534,3.24000012874603
01,2009-01-02,23080760,0,Definitivo,SAN ROQUE [23080760],Pluviométrica,Convencional,Activa,Antioquia,San Roque,6.4875,-75.017,820,5/15/1975,,Monchia,Magdalena Cauca,Medio Magdalena,Río Nare,2009,02,Andes,Definitivo,0,0,0,5.16186761856079,5.16186761856079,0,3.76465010643005,0.439618140459061,3.05454540252686,6.04363632202148,5,10,0.869565188884735,0.876811623573303,1,1,1,1.08000004291534,0
01,2009-01-03,23080760,45,Definitivo,SAN ROQUE [23080760],Pluviométrica,Convencional,Activa,Antioquia,San Roque,6.4875,-75.017,820,5/15/1975,,Monchia,Magdalena Cauca,Medio Magdalena,Río Nare,2009,03,Andes,Definitivo,45,45,0,0.492379426956177,0.492379426956177,0,10.7176265716553,3.44426369667053,3.05454540252686,6.04363632202148,5,10,0.869565188884735,0.876811623573303,1,1,1,1.08000004291534,48.6000019311905
01,2009-01-04,23080760,,"",SAN ROQUE [23080760],Pluviométrica,Convencional,Activa,Antioquia,San Roque,6.4875,-75.017,820,5/15/1975,,Monchia,Magdalena Cauca,Medio Magdalena,Río Nare,2009,04,Andes,Preliminar,0,0,0,2.24005579948425,2.24005579948425,35.7226333618164,10.9116830825806,44.313117980957,3.05454540252686,6.04363632202148,5,10,0.869565188884735,0.876811623573303,1,1,1,1.08000004291534,0
01,2009-01-05,23080760,,"",SAN ROQUE [23080760],Pluviométrica,Convencional,Activa,Antioquia,San Roque,6.4875,-75.017,820,5/15/1975,,Monchia,Magdalena Cauca,Medio Magdalena,Río Nare,2009,05,Andes,Preliminar,0,0,0,3.67931914329529,3.67931914329529,0,11.453462600708,0.407158851623535,3.05454540252686,6.04363632202148,5,10,0.869565188884735,0.876811623573303,1,1,1,1.08000004291534,0
01,2009-01-06,23080760,5,Definitivo,SAN ROQUE [23080760],Pluviométrica,Convencional,Activa,Antioquia,San Roque,6.4875,-75.017,820,5/15/1975,,Monchia,Magdalena Cauca,Medio Magdalena,Río Nare,2009,06,Andes,Definitivo,5,5,0,1.84328722953796,1.84328722953796,11.1300897598267,3.19159460067749,2.91087055206299,3.05454540252686,6.04363632202148,5,10,0.869565188884735,0.876811623573303,1,1,2,1.08000004291534,5.40000021457672
01,2009-01-07,23080760,,"",SAN ROQUE [23080760],Pluviométrica,Convencional,Activa,Antioquia,San Roque,6.4875,-75.017,820,5/15/1975,,Monchia,Magdalena Cauca,Medio Magdalena,Río Nare,2009,07,Andes,Preliminar,0,0,0,6.15313196182251,6.15313196182251,0,9.84076690673828,8.48502922058106,3.05454540252686,6.04363632202148,5,10,0.869565188884735,0.876811623573303,1,1,2,1.08000004291534,0
01,2009-01-08,23080760,23,Definitivo,SAN ROQUE [23080760],Pluviométrica,Convencional,Activa,Antioquia,San Roque,6.4875,-75.017,820,5/15/1975,,Monchia,Magdalena Cauca,Medio Magdalena,Río Nare,2009,08,Andes,Definitivo,23,23,0,12.0145206451416,12.0145206451416,11.1300897598267,3.79298114776611,3.14539265632629,3.05454540252686,6.04363632202148,5,10,0.869565188884735,0.876811623573303,1,1,2,1.08000004291534,24.8400009870529
01,2009-01-09,23080760,,"",SAN ROQUE [23080760],Pluviométrica,Convencional,Activa,Antioquia,San Roque,6.4875,-75.017,820,5/15/1975,,Monchia,Magdalena Cauca,Medio Magdalena,Río Nare,2009,09,Andes,Preliminar,0,0,0,1.60458815097809,1.60458815097809,0,4.58576822280884,9.83382129669189,3.05454540252686,6.04363632202148,5,10,0.869565188884735,0.876811623573303,1,1,2,1.08000004291534,0
01,2009-01-10,23080760,2,Definitivo,SAN ROQUE [23080760],Pluviométrica,Convencional,Activa,Antioquia,San Roque,6.4875,-75.017,820,5/15/1975,,Monchia,Magdalena Cauca,Medio Magdalena,Río Nare,2009,10,Andes,Definitivo,2,2,0,4.19712591171265,4.19712591171265,0,3.60818076133728,0.644178330898285,3.05454540252686,6.04363632202148,5,10,0.869565188884735,0.876811623573303,1,1,2,1.08000004291534,2.16000008583069
01,2009-01-11,23080760,6,Definitivo,SAN ROQUE [23080760],Pluviométrica,Convencional,Activa,Antioquia,San Roque,6.4875,-75.017,820,5/15/1975,,Monchia,Magdalena Cauca,Medio Magdalena,Río Nare,2009,11,Andes,Definitivo,6,6,0,2.24910354614258,2.24910354614258,0,1.29523015022278,3.45059895515442,3.05454540252686,6.04363632202148,5,10,0.869565188884735,0.876811623573303,1,1,3,1.08000004291534,6.48000025749207
01,2009-01-12,23080760,12,Definitivo,SAN ROQUE [23080760],Pluviométrica,Convencional,Activa,Antioquia,San Roque,6.4875,-75.017,820,5/15/1975,,Monchia,Magdalena Cauca,Medio Magdalena,Río Nare,2009,12,Andes,Definitivo,12,12,0,3.53804135322571,3.53804135322571,0,4.03205490112305,10.8880815505981,3.05454540252686,6.04363632202148,5,10,0.869565188884735,0.876811623573303,1,1,3,1.08000004291534,12.9600005149841
01,2009-01-13,23080760,4,Definitivo,SAN ROQUE [23080760],Pluviométrica,Convencional,Activa,Antioquia,San Roque,6.4875,-75.017,820,5/15/1975,,Monchia,Magdalena Cauca,Medio Magdalena,Río Nare,2009,13,Andes,Definitivo,4,4,0,5.33134603500366,5.33134603500366,0,1.98339712619782,1.11578154563904,3.05454540252686,6.04363632202148,5,10,0.869565188884735,0.876811623573303,1,1,3,1.08000004291534,4.32000017166138
01,2009-01-14,23080760,,"",SAN ROQUE [23080760],Pluviométrica,Convencional,Activa,Antioquia,San Roque,6.4875,-75.017,820,5/15/1975,,Monchia,Magdalena Cauca,Medio Magdalena,Río Nare,2009,14,Andes,Preliminar,0,0,0,5.91043376922607,5.91043376922607,20.4579601287842,7.02462005615234,2.27846145629883,3.05454540252686,6.04363632202148,5,10,0.869565188884735,0.876811623573303,1,1,3,1.08000004291534,0
01,2009-01-15,23080760,,"",SAN ROQUE [23080760],Pluviométrica,Convencional,Activa,Antioquia,San Roque,6.4875,-75.017,820,5/15/1975,,Monchia,Magdalena Cauca,Medio Magdalena,Río Nare,2009,15,Andes,Preliminar,0,0,0,2.31635236740112,2.31635236740112,0,3.39762139320374,0,3.05454540252686,6.04363632202148,5,10,0.869565188884735,0.876811623573303,1,1,3,1.08000004291534,0
01,2009-01-16,23080760,5,Definitivo,SAN ROQUE [23080760],Pluviométrica,Convencional,Activa,Antioquia,San Roque,6.4875,-75.017,820,5/15/1975,,Monchia,Magdalena Cauca,Medio Magdalena,Río Nare,2009,16,Andes,Definitivo,5,5,0,2.5521547794342,2.5521547794342,0,6.0776801109314,2.43456864356995,3.05454540252686,6.04363632202148,5,10,0.869565188884735,0.876811623573303,1,1,4,1.08000004291534,5.40000021457672
01,2009-01-17,23080760,12,Definitivo,SAN ROQUE [23080760],Pluviométrica,Convencional,Activa,Antioquia,San Roque,6.4875,-75.017,820,5/15/1975,,Monchia,Magdalena Cauca,Medio Magdalena,Río Nare,2009,17,Andes,Definitivo,12,12,0,10.0183000564575,10.0183000564575,0,10.7217578887939,21.0219593048096,3.05454540252686,6.04363632202148,5,10,0.869565188884735,0.876811623573303,1,1,4,1.08000004291534,12.9600005149841
01,2008-01-22,23080760,,"",SAN ROQUE [23080760],Pluviométrica,Convencional,Activa,Antioquia,San Roque,6.4875,-75.017,820,5/15/1975,,Monchia,Magdalena Cauca,Medio Magdalena,Río Nare,2008,22,Andes,Preliminar,0,0,0,2.41898250579834,2.41898250579834,0,2.55914998054504,0,3.05454540252686,6.04363632202148,5,10,0.869565188884735,0.876811623573303,1,1,5,1.08000004291534,0
01,2008-01-23,23080760,,"",SAN ROQUE [23080760],Pluviométrica,Convencional,Activa,Antioquia,San Roque,6.4875,-75.017,820,5/15/1975,,Monchia,Magdalena Cauca,Medio Magdalena,Río Nare,2008,23,Andes,Preliminar,0,0,0,4.67432737350464,4.67432737350464,0,2.63762545585632,0.0343258455395699,3.05454540252686,6.04363632202148,5,10,0.869565188884735,0.876811623573303,1,1,5,1.08000004291534,0
01,2008-01-24,23080760,,"",SAN ROQUE [23080760],Pluviométrica,Convencional,Activa,Antioquia,San Roque,6.4875,-75.017,820,5/15/1975,,Monchia,Magdalena Cauca,Medio Magdalena,Río Nare,2008,24,Andes,Preliminar,0,0,0,1.49407732486725,1.49407732486725,0,3.40746569633484,0.545150339603424,3.05454540252686,6.04363632202148,5,10,0.869565188884735,0.876811623573303,1,1,5,1.08000004291534,0
01,2010-01-25,23080760,,"",SAN ROQUE [23080760],Pluviométrica,Convencional,Activa,Antioquia,San Roque,6.4875,-75.017,820,5/15/1975,,Monchia,Magdalena Cauca,Medio Magdalena,Río Nare,2010,25,Andes,Preliminar,0,0,0,2.6708288192749,2.6708288192749,0,1.84196293354034,0.763224482536316,3.05454540252686,6.04363632202148,5,10,0.869565188884735,0.876811623573303,1,1,5,1.08000004291534,0
01,2013-01-23,23080760,2,Definitivo,SAN ROQUE [23080760],Pluviométrica,Convencional,Activa,Antioquia,San Roque,6.4875,-75.017,820,5/15/1975,,Monchia,Magdalena Cauca,Medio Magdalena,Río Nare,2013,23,Andes,Definitivo,2,2,0,1.7700514793396,1.7700514793396,0,1.55174624919891,1.85317516326904,3.05454540252686,6.04363632202148,5,10,0.869565188884735,0.876811623573303,1,1,5,1.08000004291534,2.16000008583069
01,2013-01-24,23080760,,"",SAN ROQUE [23080760],Pluviométrica,Convencional,Activa,Antioquia,San Roque,6.4875,-75.017,820,5/15/1975,,Monchia,Magdalena Cauca,Medio Magdalena,Río Nare,2013,24,Andes,Preliminar,0,0,0,1.91294765472412,1.91294765472412,0,2.21447372436523,3.57193994522095,3.05454540252686,6.04363632202148,5,10,0.869565188884735,0.876811623573303,1,1,5,1.08000004291534,0
01,2012-01-29,23080760,0,Definitivo,SAN ROQUE [23080760],Pluviométrica,Convencional,Activa,Antioquia,San Roque,6.4875,-75.017,820,5/15/1975,,Monchia,Magdalena Cauca,Medio Magdalena,Río Nare,2012,29,Andes,Definitivo,0,0,0,3.27294087409973,3.27294087409973,6.00548458099365,3.63815450668335,1.02389550209045,3.05454540252686,6.04363632202148,5,10,0.869565188884735,0.876811623573303,1,1,6,1.08000004291534,0
01,2015-01-27,23080760,2,Definitivo,SAN ROQUE [23080760],Pluviométrica,Convencional,Activa,Antioquia,San Roque,6.4875,-75.017,820,5/15/1975,,Monchia,Magdalena Cauca,Medio Magdalena,Río Nare,2015,27,Andes,Definitivo,2,2,0,4.07431221008301,4.07431221008301,0,14.1335725784302,0,3.05454540252686,6.04363632202148,5,10,0.869565188884735,0.876811623573303,1,1,6,1.08000004291534,2.16000008583069
01,2015-01-28,23080760,10,Definitivo,SAN ROQUE [23080760],Pluviométrica,Convencional,Activa,Antioquia,San Roque,6.4875,-75.017,820,5/15/1975,,Monchia,Magdalena Cauca,Medio Magdalena,Río Nare,2015,28,Andes,Definitivo,10,10,0,8.80781936645508,8.80781936645508,0,11.5007266998291,5.67712926864624,3.05454540252686,6.04363632202148,5,10,0.869565188884735,0.876811623573303,1,1,6,1.08000004291534,10.8000004291534
01,2018-01-26,23080760,0,Definitivo,SAN ROQUE [23080760],Pluviométrica,Convencional,Activa,Antioquia,San Roque,6.4875,-75.017,820,5/15/1975,,Monchia,Magdalena Cauca,Medio Magdalena,Río Nare,2018,26,Andes,Definitivo,0,0,0,3.53727006912231,3.53727006912231,19.792610168457,3.29226875305176,6.42175006866455,3.05454540252686,6.04363632202148,5,10,0.869565188884735,0.876811623573303,1,1,6,1.08000004291534,0
01,2020-01-28,23080760,0,Definitivo,SAN ROQUE [23080760],Pluviométrica,Convencional,Activa,Antioquia,San Roque,6.4875,-75.017,820,5/15/1975,,Monchia,Magdalena Cauca,Medio Magdalena,Río Nare,2020,28,Andes,Definitivo,0,0,0,1.40921461582184,1.40921461582184,0,0.997411847114563,0.524319529533386,3.05454540252686,6.04363632202148,5,10,0.869565188884735,0.876811623573303,1,1,6,1.08000004291534,0
01,2020-01-29,23080760,0,Definitivo,SAN ROQUE [23080760],Pluviométrica,Convencional,Activa,Antioquia,San Roque,6.4875,-75.017,820,5/15/1975,,Monchia,Magdalena Cauca,Medio Magdalena,Río Nare,2020,29,Andes,Definitivo,0,0,0,0.448679566383362,0.448679566383362,0,0.103087350726128,0.375400394201279,3.05454540252686,6.04363632202148,5,10,0.869565188884735,0.876811623573303,1,1,6,1.08000004291534,0
01,2022-01-25,23080760,12,Definitivo,SAN ROQUE [23080760],Pluviométrica,Convencional,Activa,Antioquia,San Roque,6.4875,-75.017,820,5/15/1975,,Monchia,Magdalena Cauca,Medio Magdalena,Río Nare,2022,25,Andes,Definitivo,12,12,0,4.23335981369019,4.23335981369019,0,5.29830741882324,4.10022783279419,3.05454540252686,6.04363632202148,5,10,0.869565188884735,0.876811623573303,1,1,5,1.08000004291534,12.9600005149841
01,2022-01-22,23080760,0,Definitivo,SAN ROQUE [23080760],Pluviométrica,Convencional,Activa,Antioquia,San Roque,6.4875,-75.017,820,5/15/1975,,Monchia,Magdalena Cauca,Medio Magdalena,Río Nare,2022,22,Andes,Definitivo,0,0,0,0.213991940021515,0.213991940021515,15.7168006896973,1.98770880699158,1.17149376869202,3.05454540252686,6.04363632202148,5,10,0.869565188884735,0.876811623573303,1,1,5,1.08000004291534,0
01,2021-01-21,23080760,0,Definitivo,SAN ROQUE [23080760],Pluviométrica,Convencional,Activa,Antioquia,San Roque,6.4875,-75.017,820,5/15/1975,,Monchia,Magdalena Cauca,Medio Magdalena,Río Nare,2021,21,Andes,Definitivo,0,0,0,0,0,0,4.87664365768433,0,3.05454540252686,6.04363632202148,5,10,0.869565188884735,0.876811623573303,1,1,5,1.08000004291534,0
01,2023-01-18,23080760,5,Definitivo,SAN ROQUE [23080760],Pluviométrica,Convencional,Activa,Antioquia,San Roque,6.4875,-75.017,820,5/15/1975,,Monchia,Magdalena Cauca,Medio Magdalena,Río Nare,2023,18,Andes,Definitivo,5,5,0,3.61696171760559,3.61696171760559,17.7007865905762,7.55300807952881,20.567907333374,3.05454540252686,6.04363632202148,5,10,0.869565188884735,0.876811623573303,1,1,4,1.08000004291534,5.40000021457672
01,2020-01-18,23080760,0,Definitivo,SAN ROQUE [23080760],Pluviométrica,Convencional,Activa,Antioquia,San Roque,6.4875,-75.017,820,5/15/1975,,Monchia,Magdalena Cauca,Medio Magdalena,Río Nare,2020,18,Andes,Definitivo,0,0,0,0,0,0,0.105216346681118,0,3.05454540252686,6.04363632202148,5,10,0.869565188884735,0.876811623573303,1,1,4,1.08000004291534,0
01,2006-01-05,23080760,6,Definitivo,SAN ROQUE [23080760],Pluviométrica,Convencional,Activa,Antioquia,San Roque,6.4875,-75.017,820,5/15/1975,,Monchia,Magdalena Cauca,Medio Magdalena,Río Nare,2006,05,Andes,Definitivo,6,6,0,5.67827129364014,5.67827129364014,0,6.77904891967773,12.1323585510254,3.05454540252686,6.04363632202148,5,10,0.869565188884735,0.876811623573303,1,1,1,1.08000004291534,6.48000025749207
01,2007-01-03,23080760,0,Definitivo,SAN ROQUE [23080760],Pluviométrica,Convencional,Activa,Antioquia,San Roque,6.4875,-75.017,820,5/15/1975,,Monchia,Magdalena Cauca,Medio Magdalena,Río Nare,2007,03,Andes,Definitivo,0,0,0,0.87370377779007,0.87370377779007,0,0.639216959476471,0.182396993041039,3.05454540252686,6.04363632202148,5,10,0.869565188884735,0.876811623573303,1,1,1,1.08000004291534,0
01,2008-01-01,23080760,0,Definitivo,SAN ROQUE [23080760],Pluviométrica,Convencional,Activa,Antioquia,San Roque,6.4875,-75.017,820,5/15/1975,,Monchia,Magdalena Cauca,Medio Magdalena,Río Nare,2008,01,Andes,Definitivo,0,0,0,0,0,0,0.268699496984482,0.225746110081673,3.05454540252686,6.04363632202148,5,10,0.869565188884735,0.876811623573303,1,1,1,1.08000004291534,0
01,2021-01-11,23080760,0,Definitivo,SAN ROQUE [23080760],Pluviométrica,Convencional,Activa,Antioquia,San Roque,6.4875,-75.017,820,5/15/1975,,Monchia,Magdalena Cauca,Medio Magdalena,Río Nare,2021,11,Andes,Definitivo,0,0,0,11.7428731918335,11.7428731918335,18.9289321899414,8.07688903808594,22.4708881378174,3.05454540252686,6.04363632202148,5,10,0.869565188884735,0.876811623573303,1,1,3,1.08000004291534,0
01,2022-01-09,23080760,0,Definitivo,SAN ROQUE [23080760],Pluviométrica,Convencional,Activa,Antioquia,San Roque,6.4875,-75.017,820,5/15/1975,,Monchia,Magdalena Cauca,Medio Magdalena,Río Nare,2022,09,Andes,Definitivo,0,0,0,3.59850311279297,3.59850311279297,0,4.74985551834106,0.0539728179574013,3.05454540252686,6.04363632202148,5,10,0.869565188884735,0.876811623573303,1,1,2,1.08000004291534,0
01,2021-01-10,23080760,20,Definitivo,SAN ROQUE [23080760],Pluviométrica,Convencional,Activa,Antioquia,San Roque,6.4875,-75.017,820,5/15/1975,,Monchia,Magdalena Cauca,Medio Magdalena,Río Nare,2021,10,Andes,Definitivo,20,20,0,2.34454536437988,2.34454536437988,28.1262588500977,13.265154838562,26.1862831115723,3.05454540252686,6.04363632202148,5,10,0.869565188884735,0.876811623573303,1,1,2,1.08000004291534,21.6000008583069
01,2022-01-08,23080760,0,Definitivo,SAN ROQUE [23080760],Pluviométrica,Convencional,Activa,Antioquia,San Roque,6.4875,-75.017,820,5/15/1975,,Monchia,Magdalena Cauca,Medio Magdalena,Río Nare,2022,08,Andes,Definitivo,0,0,0,1.55344748497009,1.55344748497009,0,14.6620445251465,0.049475084990263,3.05454540252686,6.04363632202148,5,10,0.869565188884735,0.876811623573303,1,1,2,1.08000004291534,0
01,2023-01-06,23080760,14,Definitivo,SAN ROQUE [23080760],Pluviométrica,Convencional,Activa,Antioquia,San Roque,6.4875,-75.017,820,5/15/1975,,Monchia,Magdalena Cauca,Medio Magdalena,Río Nare,2023,06,Andes,Definitivo,14,14,0,3.62027430534363,3.62027430534363,29.1851100921631,13.0227537155151,5.00426149368286,3.05454540252686,6.04363632202148,5,10,0.869565188884735,0.876811623573303,1,1,2,1.08000004291534,15.1200006008148
01,2023-01-05,23080760,44,Definitivo,SAN ROQUE [23080760],Pluviométrica,Convencional,Activa,Antioquia,San Roque,6.4875,-75.017,820,5/15/1975,,Monchia,Magdalena Cauca,Medio Magdalena,Río Nare,2023,05,Andes,Definitivo,44,44,0,0.131362855434418,0.131362855434418,0,1.17735934257507,7.42911863327026,3.05454540252686,6.04363632202148,5,10,0.869565188884735,0.876811623573303,1,1,1,1.08000004291534,47.5200018882752
01,2010-01-01,23080760,,"",SAN ROQUE [23080760],Pluviométrica,Convencional,Activa,Antioquia,San Roque,6.4875,-75.017,820,5/15/1975,,Monchia,Magdalena Cauca,Medio Magdalena,Río Nare,2010,01,Andes,Preliminar,0,0,0,1.19828903675079,1.19828903675079,0,0.617141008377075,0.261996388435364,3.05454540252686,6.04363632202148,5,10,0.869565188884735,0.876811623573303,1,1,1,1.08000004291534,0
01,2010-01-02,23080760,,"",SAN ROQUE [23080760],Pluviométrica,Convencional,Activa,Antioquia,San Roque,6.4875,-75.017,820,5/15/1975,,Monchia,Magdalena Cauca,Medio Magdalena,Río Nare,2010,02,Andes,Preliminar,0,0,0,0,0,0,0.475710570812225,0.261996388435364,3.05454540252686,6.04363632202148,5,10,0.869565188884735,0.876811623573303,1,1,1,1.08000004291534,0
01,2010-01-03,23080760,,"",SAN ROQUE [23080760],Pluviométrica,Convencional,Activa,Antioquia,San Roque,6.4875,-75.017,820,5/15/1975,,Monchia,Magdalena Cauca,Medio Magdalena,Río Nare,2010,03,Andes,Preliminar,0,0,0,0.798859477043152,0.798859477043152,0,0.00924670603126287,0.261996388435364,3.05454540252686,6.04363632202148,5,10,0.869565188884735,0.876811623573303,1,1,1,1.08000004291534,0
01,2010-01-04,23080760,,"",SAN ROQUE [23080760],Pluviométrica,Convencional,Activa,Antioquia,San Roque,6.4875,-75.017,820,5/15/1975,,Monchia,Magdalena Cauca,Medio Magdalena,Río Nare,2010,04,Andes,Preliminar,0,0,0,0,0,0,0.174576163291931,0.261996388435364,3.05454540252686,6.04363632202148,5,10,0.869565188884735,0.876811623573303,1,1,1,1.08000004291534,0
01,2010-01-05,23080760,,"",SAN ROQUE [23080760],Pluviométrica,Convencional,Activa,Antioquia,San Roque,6.4875,-75.017,820,5/15/1975,,Monchia,Magdalena Cauca,Medio Magdalena,Río Nare,2010,05,Andes,Preliminar,0,0,0,0,0,0,0.46996796131134,0.698657155036926,3.05454540252686,6.04363632202148,5,10,0.869565188884735,0.876811623573303,1,1,1,1.08000004291534,0
01,2010-01-06,23080760,,"",SAN ROQUE [23080760],Pluviométrica,Convencional,Activa,Antioquia,San Roque,6.4875,-75.017,820,5/15/1975,,Monchia,Magdalena Cauca,Medio Magdalena,Río Nare,2010,06,Andes,Preliminar,0,0,0,0.188144952058792,0.188144952058792,0,0.563112676143646,0.850710451602936,3.05454540252686,6.04363632202148,5,10,0.869565188884735,0.876811623573303,1,1,2,1.08000004291534,0
01,2010-01-07,23080760,,"",SAN ROQUE [23080760],Pluviométrica,Convencional,Activa,Antioquia,San Roque,6.4875,-75.017,820,5/15/1975,,Monchia,Magdalena Cauca,Medio Magdalena,Río Nare,2010,07,Andes,Preliminar,0,0,0,0.144726872444153,0.144726872444153,0,0.326846420764923,0.850710451602936,3.05454540252686,6.04363632202148,5,10,0.869565188884735,0.876811623573303,1,1,2,1.08000004291534,0
01,2010-01-08,23080760,9,Definitivo,SAN ROQUE [23080760],Pluviométrica,Convencional,Activa,Antioquia,San Roque,6.4875,-75.017,820,5/15/1975,,Monchia,Magdalena Cauca,Medio Magdalena,Río Nare,2010,08,Andes,Definitivo,9,9,0,1.14816653728485,1.14816653728485,0,0.674529194831848,2.26856112480164,3.05454540252686,6.04363632202148,5,10,0.869565188884735,0.876811623573303,1,1,2,1.08000004291534,9.7200003862381
01,2010-01-09,23080760,,"",SAN ROQUE [23080760],Pluviométrica,Convencional,Activa,Antioquia,San Roque,6.4875,-75.017,820,5/15/1975,,Monchia,Magdalena Cauca,Medio Magdalena,Río Nare,2010,09,Andes,Preliminar,0,0,0,0.313574910163879,0.313574910163879,0,0.804517090320587,0.850710451602936,3.05454540252686,6.04363632202148,5,10,0.869565188884735,0.876811623573303,1,1,2,1.08000004291534,0
01,2010-01-10,23080760,,"",SAN ROQUE [23080760],Pluviométrica,Convencional,Activa,Antioquia,San Roque,6.4875,-75.017,820,5/15/1975,,Monchia,Magdalena Cauca,Medio Magdalena,Río Nare,2010,10,Andes,Preliminar,0,0,0,1.21570575237274,1.21570575237274,0,3.30239820480347,0.850710451602936,3.05454540252686,6.04363632202148,5,10,0.869565188884735,0.876811623573303,1,1,2,1.08000004291534,0
01,2010-01-11,23080760,,"",SAN ROQUE [23080760],Pluviométrica,Convencional,Activa,Antioquia,San Roque,6.4875,-75.017,820,5/15/1975,,Monchia,Magdalena Cauca,Medio Magdalena,Río Nare,2010,11,Andes,Preliminar,0,0,0,1.54565536975861,1.54565536975861,0,0.30990394949913,0.122633524239063,3.05454540252686,6.04363632202148,5,10,0.869565188884735,0.876811623573303,1,1,3,1.08000004291534,0
01,2010-01-12,23080760,,"",SAN ROQUE [23080760],Pluviométrica,Convencional,Activa,Antioquia,San Roque,6.4875,-75.017,820,5/15/1975,,Monchia,Magdalena Cauca,Medio Magdalena,Río Nare,2010,12,Andes,Preliminar,0,0,0,0.114492975175381,0.114492975175381,0,0.208628550171852,0.327022761106491,3.05454540252686,6.04363632202148,5,10,0.869565188884735,0.876811623573303,1,1,3,1.08000004291534,0
01,2010-01-13,23080760,,"",SAN ROQUE [23080760],Pluviométrica,Convencional,Activa,Antioquia,San Roque,6.4875,-75.017,820,5/15/1975,,Monchia,Magdalena Cauca,Medio Magdalena,Río Nare,2010,13,Andes,Preliminar,0,0,0,0.973190367221832,0.973190367221832,0,0.256106704473496,0.122633524239063,3.05454540252686,6.04363632202148,5,10,0.869565188884735,0.876811623573303,1,1,3,1.08000004291534,0
01,2010-01-14,23080760,,"",SAN ROQUE [23080760],Pluviométrica,Convencional,Activa,Antioquia,San Roque,6.4875,-75.017,820,5/15/1975,,Monchia,Magdalena Cauca,Medio Magdalena,Río Nare,2010,14,Andes,Preliminar,0,0,0,0,0,0,0.00940818898379803,0.122633524239063,3.05454540252686,6.04363632202148,5,10,0.869565188884735,0.876811623573303,1,1,3,1.08000004291534,0
01,2009-01-18,23080760,0,Definitivo,SAN ROQUE [23080760],Pluviométrica,Convencional,Activa,Antioquia,San Roque,6.4875,-75.017,820,5/15/1975,,Monchia,Magdalena Cauca,Medio Magdalena,Río Nare,2009,18,Andes,Definitivo,0,0,0,1.70039641857147,1.70039641857147,0,5.86947536468506,3.94081926345825,3.05454540252686,6.04363632202148,5,10,0.869565188884735,0.876811623573303,1,1,4,1.08000004291534,0
01,2009-01-19,23080760,,"",SAN ROQUE [23080760],Pluviométrica,Convencional,Activa,Antioquia,San Roque,6.4875,-75.017,820,5/15/1975,,Monchia,Magdalena Cauca,Medio Magdalena,Río Nare,2009,19,Andes,Preliminar,0,0,0,4.05599117279053,4.05599117279053,0,9.18041610717773,3.61553645133972,3.05454540252686,6.04363632202148,5,10,0.869565188884735,0.876811623573303,1,1,4,1.08000004291534,0
01,2009-01-20,23080760,,"",SAN ROQUE [23080760],Pluviométrica,Convencional,Activa,Antioquia,San Roque,6.4875,-75.017,820,5/15/1975,,Monchia,Magdalena Cauca,Medio Magdalena,Río Nare,2009,20,Andes,Preliminar,0,0,0,7.07614612579346,7.07614612579346,29.0551662445068,4.57835817337036,5.41480350494385,3.05454540252686,6.04363632202148,5,10,0.869565188884735,0.876811623573303,1,1,4,1.08000004291534,0
01,2008-01-25,23080760,3,Definitivo,SAN ROQUE [23080760],Pluviométrica,Convencional,Activa,Antioquia,San Roque,6.4875,-75.017,820,5/15/1975,,Monchia,Magdalena Cauca,Medio Magdalena,Río Nare,2008,25,Andes,Definitivo,3,3,0,2.98459768295288,2.98459768295288,12.6411943435669,11.4247379302979,12.8685369491577,3.05454540252686,6.04363632202148,5,10,0.869565188884735,0.876811623573303,1,1,5,1.08000004291534,3.24000012874603
01,2008-01-26,23080760,1,Definitivo,SAN ROQUE [23080760],Pluviométrica,Convencional,Activa,Antioquia,San Roque,6.4875,-75.017,820,5/15/1975,,Monchia,Magdalena Cauca,Medio Magdalena,Río Nare,2008,26,Andes,Definitivo,1,1,0,1.74996733665466,1.74996733665466,0,0.851748943328857,0.714085698127747,3.05454540252686,6.04363632202148,5,10,0.869565188884735,0.876811623573303,1,1,6,1.08000004291534,1.08000004291534
01,2011-01-24,23080760,,"",SAN ROQUE [23080760],Pluviométrica,Convencional,Activa,Antioquia,San Roque,6.4875,-75.017,820,5/15/1975,,Monchia,Magdalena Cauca,Medio Magdalena,Río Nare,2011,24,Andes,Preliminar,0,0,0,0.136494666337967,0.136494666337967,0,0.347555905580521,0.479626029729843,3.05454540252686,6.04363632202148,5,10,0.869565188884735,0.876811623573303,1,1,5,1.08000004291534,0
01,2013-01-25,23080760,,"",SAN ROQUE [23080760],Pluviométrica,Convencional,Activa,Antioquia,San Roque,6.4875,-75.017,820,5/15/1975,,Monchia,Magdalena Cauca,Medio Magdalena,Río Nare,2013,25,Andes,Preliminar,0,0,0,0.531023144721985,0.531023144721985,6.31314992904663,1.39031934738159,1.40452575683594,3.05454540252686,6.04363632202148,5,10,0.869565188884735,0.876811623573303,1,1,5,1.08000004291534,0
01,2016-01-24,23080760,,"",SAN ROQUE [23080760],Pluviométrica,Convencional,Activa,Antioquia,San Roque,6.4875,-75.017,820,5/15/1975,,Monchia,Magdalena Cauca,Medio Magdalena,Río Nare,2016,24,Andes,Preliminar,0,0,0,0.354873806238174,0.354873806238174,0,0.964171230792999,0,3.05454540252686,6.04363632202148,5,10,0.869565188884735,0.876811623573303,1,1,5,1.08000004291534,0
01,2016-01-25,23080760,,"",SAN ROQUE [23080760],Pluviométrica,Convencional,Activa,Antioquia,San Roque,6.4875,-75.017,820,5/15/1975,,Monchia,Magdalena Cauca,Medio Magdalena,Río Nare,2016,25,Andes,Preliminar,0,0,0,2.37846684455872,2.37846684455872,0,0.223237469792366,1.91170251369476,3.05454540252686,6.04363632202148,5,10,0.869565188884735,0.876811623573303,1,1,5,1.08000004291534,0
01,2016-01-26,23080760,,"",SAN ROQUE [23080760],Pluviométrica,Convencional,Activa,Antioquia,San Roque,6.4875,-75.017,820,5/15/1975,,Monchia,Magdalena Cauca,Medio Magdalena,Río Nare,2016,26,Andes,Preliminar,0,0,0,0.0126001415774226,0.0126001415774226,0,0.0628843531012535,0.189765423536301,3.05454540252686,6.04363632202148,5,10,0.869565188884735,0.876811623573303,1,1,6,1.08000004291534,0
01,2018-01-27,23080760,0,Definitivo,SAN ROQUE [23080760],Pluviométrica,Convencional,Activa,Antioquia,San Roque,6.4875,-75.017,820,5/15/1975,,Monchia,Magdalena Cauca,Medio Magdalena,Río Nare,2018,27,Andes,Definitivo,0,0,0,3.09991717338562,3.09991717338562,0,0.881894290447235,0,3.05454540252686,6.04363632202148,5,10,0.869565188884735,0.876811623573303,1,1,6,1.08000004291534,0
01,2018-01-28,23080760,34,Definitivo,SAN ROQUE [23080760],Pluviométrica,Convencional,Activa,Antioquia,San Roque,6.4875,-75.017,820,5/15/1975,,Monchia,Magdalena Cauca,Medio Magdalena,Río Nare,2018,28,Andes,Definitivo,34,34,0,5.80668258666992,5.80668258666992,19.792610168457,2.48849105834961,11.1868896484375,3.05454540252686,6.04363632202148,5,10,0.869565188884735,0.876811623573303,1,1,6,1.08000004291534,36.7200014591217
01,2021-01-26,23080760,0,Definitivo,SAN ROQUE [23080760],Pluviométrica,Convencional,Activa,Antioquia,San Roque,6.4875,-75.017,820,5/15/1975,,Monchia,Magdalena Cauca,Medio Magdalena,Río Nare,2021,26,Andes,Definitivo,0,0,0,2.87218260765076,2.87218260765076,14.7526559829712,2.0449104309082,5.56732177734375,3.05454540252686,6.04363632202148,5,10,0.869565188884735,0.876811623573303,1,1,6,1.08000004291534,0
01,2006-01-01,23080760,,"",SAN ROQUE [23080760],Pluviométrica,Convencional,Activa,Antioquia,San Roque,6.4875,-75.017,820,5/15/1975,,Monchia,Magdalena Cauca,Medio Magdalena,Río Nare,2006,01,Andes,Preliminar,0,0,0,0.0446888022124767,0.0446888022124767,0,0.417549163103104,0.911548137664795,3.05454540252686,6.04363632202148,5,10,0.869565188884735,0.876811623573303,1,1,1,1.08000004291534,0
01,2006-01-02,23080760,,"",SAN ROQUE [23080760],Pluviométrica,Convencional,Activa,Antioquia,San Roque,6.4875,-75.017,820,5/15/1975,,Monchia,Magdalena Cauca,Medio Magdalena,Río Nare,2006,02,Andes,Preliminar,0,0,0,0.131273344159126,0.131273344159126,0,0.946193873882294,0.026173323392868,3.05454540252686,6.04363632202148,5,10,0.869565188884735,0.876811623573303,1,1,1,1.08000004291534,0
01,2006-01-03,23080760,8,Definitivo,SAN ROQUE [23080760],Pluviométrica,Convencional,Activa,Antioquia,San Roque,6.4875,-75.017,820,5/15/1975,,Monchia,Magdalena Cauca,Medio Magdalena,Río Nare,2006,03,Andes,Definitivo,8,8,0,1.73448407649994,1.73448407649994,0,1.46456933021545,0.338976502418518,3.05454540252686,6.04363632202148,5,10,0.869565188884735,0.876811623573303,1,1,1,1.08000004291534,8.64000034332275
01,2006-01-04,23080760,2,Definitivo,SAN ROQUE [23080760],Pluviométrica,Convencional,Activa,Antioquia,San Roque,6.4875,-75.017,820,5/15/1975,,Monchia,Magdalena Cauca,Medio Magdalena,Río Nare,2006,04,Andes,Definitivo,2,2,0,3.29859209060669,3.29859209060669,0,4.72196531295776,0.920270323753357,3.05454540252686,6.04363632202148,5,10,0.869565188884735,0.876811623573303,1,1,1,1.08000004291534,2.16000008583069
01,2021-01-15,23080760,0,Definitivo,SAN ROQUE [23080760],Pluviométrica,Convencional,Activa,Antioquia,San Roque,6.4875,-75.017,820,5/15/1975,,Monchia,Magdalena Cauca,Medio Magdalena,Río Nare,2021,15,Andes,Definitivo,0,0,0,7.63713502883911,7.63713502883911,0,5.39406967163086,0,3.05454540252686,6.04363632202148,5,10,0.869565188884735,0.876811623573303,1,1,3,1.08000004291534,0
01,2022-01-13,23080760,4,Definitivo,SAN ROQUE [23080760],Pluviométrica,Convencional,Activa,Antioquia,San Roque,6.4875,-75.017,820,5/15/1975,,Monchia,Magdalena Cauca,Medio Magdalena,Río Nare,2022,13,Andes,Definitivo,4,4,0,0.781897902488709,0.781897902488709,0,8.92949390411377,10.0248928070068,3.05454540252686,6.04363632202148,5,10,0.869565188884735,0.876811623573303,1,1,3,1.08000004291534,4.32000017166138
01,2020-01-14,23080760,0,Definitivo,SAN ROQUE [23080760],Pluviométrica,Convencional,Activa,Antioquia,San Roque,6.4875,-75.017,820,5/15/1975,,Monchia,Magdalena Cauca,Medio Magdalena,Río Nare,2020,14,Andes,Definitivo,0,0,0,0.819470286369324,0.819470286369324,0,0.132647842168808,0.103761278092861,3.05454540252686,6.04363632202148,5,10,0.869565188884735,0.876811623573303,1,1,3,1.08000004291534,0
01,2019-01-15,23080760,0,Definitivo,SAN ROQUE [23080760],Pluviométrica,Convencional,Activa,Antioquia,San Roque,6.4875,-75.017,820,5/15/1975,,Monchia,Magdalena Cauca,Medio Magdalena,Río Nare,2019,15,Andes,Definitivo,0,0,0,0.502661228179932,0.502661228179932,0,0.772750914096832,0.357362747192383,3.05454540252686,6.04363632202148,5,10,0.869565188884735,0.876811623573303,1,1,3,1.08000004291534,0
01,2020-01-13,23080760,0,Definitivo,SAN ROQUE [23080760],Pluviométrica,Convencional,Activa,Antioquia,San Roque,6.4875,-75.017,820,5/15/1975,,Monchia,Magdalena Cauca,Medio Magdalena,Río Nare,2020,13,Andes,Definitivo,0,0,0,0.819470286369324,0.819470286369324,0,0.000561619584914297,0.103761278092861,3.05454540252686,6.04363632202148,5,10,0.869565188884735,0.876811623573303,1,1,3,1.08000004291534,0
01,2020-01-12,23080760,0,Definitivo,SAN ROQUE [23080760],Pluviométrica,Convencional,Activa,Antioquia,San Roque,6.4875,-75.017,820,5/15/1975,,Monchia,Magdalena Cauca,Medio Magdalena,Río Nare,2020,12,Andes,Definitivo,0,0,0,0.819470286369324,0.819470286369324,0,0.000132978268084116,0.103761278092861,3.05454540252686,6.04363632202148,5,10,0.869565188884735,0.876811623573303,1,1,3,1.08000004291534,0
01,2021-01-09,23080760,3,Definitivo,SAN ROQUE [23080760],Pluviométrica,Convencional,Activa,Antioquia,San Roque,6.4875,-75.017,820,5/15/1975,,Monchia,Magdalena Cauca,Medio Magdalena,Río Nare,2021,09,Andes,Definitivo,3,3,0,1.54304909706116,1.54304909706116,56.2525177001953,13.740348815918,17.8702507019043,3.05454540252686,6.04363632202148,5,10,0.869565188884735,0.876811623573303,1,1,2,1.08000004291534,3.24000012874603
01,2022-01-07,23080760,0,Definitivo,SAN ROQUE [23080760],Pluviométrica,Convencional,Activa,Antioquia,San Roque,6.4875,-75.017,820,5/15/1975,,Monchia,Magdalena Cauca,Medio Magdalena,Río Nare,2022,07,Andes,Definitivo,0,0,0,2.22357439994812,2.22357439994812,43.8267822265625,13.0641317367554,36.5559387207031,3.05454540252686,6.04363632202148,5,10,0.869565188884735,0.876811623573303,1,1,2,1.08000004291534,0
01,2022-01-06,23080760,31,Definitivo,SAN ROQUE [23080760],Pluviométrica,Convencional,Activa,Antioquia,San Roque,6.4875,-75.017,820,5/15/1975,,Monchia,Magdalena Cauca,Medio Magdalena,Río Nare,2022,06,Andes,Definitivo,31,31,0,4.66032648086548,4.66032648086548,0,2.25458121299744,1.13435530662537,3.05454540252686,6.04363632202148,5,10,0.869565188884735,0.876811623573303,1,1,2,1.08000004291534,33.4800013303757
01,2023-01-04,23080760,0,Definitivo,SAN ROQUE [23080760],Pluviométrica,Convencional,Activa,Antioquia,San Roque,6.4875,-75.017,820,5/15/1975,,Monchia,Magdalena Cauca,Medio Magdalena,Río Nare,2023,04,Andes,Definitivo,0,0,0,0.131748899817467,0.131748899817467,0,0.41044294834137,0,3.05454540252686,6.04363632202148,5,10,0.869565188884735,0.876811623573303,1,1,1,1.08000004291534,0
01,2022-01-05,23080760,0,Definitivo,SAN ROQUE [23080760],Pluviométrica,Convencional,Activa,Antioquia,San Roque,6.4875,-75.017,820,5/15/1975,,Monchia,Magdalena Cauca,Medio Magdalena,Río Nare,2022,05,Andes,Definitivo,0,0,0,0,0,0,0.117599286139011,1.99919772148132,3.05454540252686,6.04363632202148,5,10,0.869565188884735,0.876811623573303,1,1,1,1.08000004291534,0
01,2023-01-03,23080760,0,Definitivo,SAN ROQUE [23080760],Pluviométrica,Convencional,Activa,Antioquia,San Roque,6.4875,-75.017,820,5/15/1975,,Monchia,Magdalena Cauca,Medio Magdalena,Río Nare,2023,03,Andes,Definitivo,0,0,0,1.03147399425507,1.03147399425507,0,3.65867877006531,0.557210445404053,3.05454540252686,6.04363632202148,5,10,0.869565188884735,0.876811623573303,1,1,1,1.08000004291534,0
01,2011-01-01,23080760,0,Definitivo,SAN ROQUE [23080760],Pluviométrica,Convencional,Activa,Antioquia,San Roque,6.4875,-75.017,820,5/15/1975,,Monchia,Magdalena Cauca,Medio Magdalena,Río Nare,2011,01,Andes,Definitivo,0,0,0,0.877488672733307,0.877488672733307,0,1.00396645069122,0.33002495765686,3.05454540252686,6.04363632202148,5,10,0.869565188884735,0.876811623573303,1,1,1,1.08000004291534,0
01,2011-01-02,23080760,,"",SAN ROQUE [23080760],Pluviométrica,Convencional,Activa,Antioquia,San Roque,6.4875,-75.017,820,5/15/1975,,Monchia,Magdalena Cauca,Medio Magdalena,Río Nare,2011,02,Andes,Preliminar,0,0,0,1.70013415813446,1.70013415813446,0,1.16942596435547,0.0333015695214272,3.05454540252686,6.04363632202148,5,10,0.869565188884735,0.876811623573303,1,1,1,1.08000004291534,0
01,2011-01-03,23080760,,"",SAN ROQUE [23080760],Pluviométrica,Convencional,Activa,Antioquia,San Roque,6.4875,-75.017,820,5/15/1975,,Monchia,Magdalena Cauca,Medio Magdalena,Río Nare,2011,03,Andes,Preliminar,0,0,0,4.87604427337647,4.87604427337647,0,4.64129781723023,6.54421997070313,3.05454540252686,6.04363632202148,5,10,0.869565188884735,0.876811623573303,1,1,1,1.08000004291534,0
01,2011-01-04,23080760,4,Definitivo,SAN ROQUE [23080760],Pluviométrica,Convencional,Activa,Antioquia,San Roque,6.4875,-75.017,820,5/15/1975,,Monchia,Magdalena Cauca,Medio Magdalena,Río Nare,2011,04,Andes,Definitivo,4,4,0,4.90097379684448,4.90097379684448,15.0079584121704,3.32903218269348,6.29078102111816,3.05454540252686,6.04363632202148,5,10,0.869565188884735,0.876811623573303,1,1,1,1.08000004291534,4.32000017166138
01,2011-01-05,23080760,,"",SAN ROQUE [23080760],Pluviométrica,Convencional,Activa,Antioquia,San Roque,6.4875,-75.017,820,5/15/1975,,Monchia,Magdalena Cauca,Medio Magdalena,Río Nare,2011,05,Andes,Preliminar,0,0,0,3.84399843215942,3.84399843215942,0,3.23874998092651,0.184144169092178,3.05454540252686,6.04363632202148,5,10,0.869565188884735,0.876811623573303,1,1,1,1.08000004291534,0
01,2011-01-06,23080760,6,Definitivo,SAN ROQUE [23080760],Pluviométrica,Convencional,Activa,Antioquia,San Roque,6.4875,-75.017,820,5/15/1975,,Monchia,Magdalena Cauca,Medio Magdalena,Río Nare,2011,06,Andes,Definitivo,6,6,0,5.0837607383728,5.0837607383728,0,5.64659214019775,0.192191228270531,3.05454540252686,6.04363632202148,5,10,0.869565188884735,0.876811623573303,1,1,2,1.08000004291534,6.48000025749207
01,2011-01-07,23080760,14,Definitivo,SAN ROQUE [23080760],Pluviométrica,Convencional,Activa,Antioquia,San Roque,6.4875,-75.017,820,5/15/1975,,Monchia,Magdalena Cauca,Medio Magdalena,Río Nare,2011,07,Andes,Definitivo,14,14,0,12.0061712265015,12.0061712265015,0,5.41849613189697,1.53930425643921,3.05454540252686,6.04363632202148,5,10,0.869565188884735,0.876811623573303,1,1,2,1.08000004291534,15.1200006008148
01,2011-01-08,23080760,5,Definitivo,SAN ROQUE [23080760],Pluviométrica,Convencional,Activa,Antioquia,San Roque,6.4875,-75.017,820,5/15/1975,,Monchia,Magdalena Cauca,Medio Magdalena,Río Nare,2011,08,Andes,Definitivo,5,5,0,3.18650698661804,3.18650698661804,32.4037933349609,5.68560314178467,2.29982757568359,3.05454540252686,6.04363632202148,5,10,0.869565188884735,0.876811623573303,1,1,2,1.08000004291534,5.40000021457672
01,2011-01-09,23080760,1,Definitivo,SAN ROQUE [23080760],Pluviométrica,Convencional,Activa,Antioquia,San Roque,6.4875,-75.017,820,5/15/1975,,Monchia,Magdalena Cauca,Medio Magdalena,Río Nare,2011,09,Andes,Definitivo,1,1,0,0.146506071090698,0.146506071090698,0,5.25506019592285,17.4548645019531,3.05454540252686,6.04363632202148,5,10,0.869565188884735,0.876811623573303,1,1,2,1.08000004291534,1.08000004291534
01,2011-01-10,23080760,,"",SAN ROQUE [23080760],Pluviométrica,Convencional,Activa,Antioquia,San Roque,6.4875,-75.017,820,5/15/1975,,Monchia,Magdalena Cauca,Medio Magdalena,Río Nare,2011,10,Andes,Preliminar,0,0,0,0.00732530327513814,0.00732530327513814,0,1.54391872882843,2.06348276138306,3.05454540252686,6.04363632202148,5,10,0.869565188884735,0.876811623573303,1,1,2,1.08000004291534,0
01,2011-01-11,23080760,,"",SAN ROQUE [23080760],Pluviométrica,Convencional,Activa,Antioquia,San Roque,6.4875,-75.017,820,5/15/1975,,Monchia,Magdalena Cauca,Medio Magdalena,Río Nare,2011,11,Andes,Preliminar,0,0,0,0,0,0,0.384913206100464,1.11703538894653,3.05454540252686,6.04363632202148,5,10,0.869565188884735,0.876811623573303,1,1,3,1.08000004291534,0
01,2010-01-15,23080760,,"",SAN ROQUE [23080760],Pluviométrica,Convencional,Activa,Antioquia,San Roque,6.4875,-75.017,820,5/15/1975,,Monchia,Magdalena Cauca,Medio Magdalena,Río Nare,2010,15,Andes,Preliminar,0,0,0,0.049068421125412,0.049068421125412,0,0.0335092879831791,0.122633524239063,3.05454540252686,6.04363632202148,5,10,0.869565188884735,0.876811623573303,1,1,3,1.08000004291534,0
01,2010-01-16,23080760,,"",SAN ROQUE [23080760],Pluviométrica,Convencional,Activa,Antioquia,San Roque,6.4875,-75.017,820,5/15/1975,,Monchia,Magdalena Cauca,Medio Magdalena,Río Nare,2010,16,Andes,Preliminar,0,0,0,0.715639472007752,0.715639472007752,0,0,0,3.05454540252686,6.04363632202148,5,10,0.869565188884735,0.876811623573303,1,1,4,1.08000004291534,0
01,2010-01-17,23080760,,"",SAN ROQUE [23080760],Pluviométrica,Convencional,Activa,Antioquia,San Roque,6.4875,-75.017,820,5/15/1975,,Monchia,Magdalena Cauca,Medio Magdalena,Río Nare,2010,17,Andes,Preliminar,0,0,0,0.90786612033844,0.90786612033844,0,0,0,3.05454540252686,6.04363632202148,5,10,0.869565188884735,0.876811623573303,1,1,4,1.08000004291534,0
01,2009-01-21,23080760,6,Definitivo,SAN ROQUE [23080760],Pluviométrica,Convencional,Activa,Antioquia,San Roque,6.4875,-75.017,820,5/15/1975,,Monchia,Magdalena Cauca,Medio Magdalena,Río Nare,2009,21,Andes,Definitivo,6,6,0,0.660060167312622,0.660060167312622,0,3.52495551109314,1.01573312282562,3.05454540252686,6.04363632202148,5,10,0.869565188884735,0.876811623573303,1,1,5,1.08000004291534,6.48000025749207
01,2009-01-22,23080760,,"",SAN ROQUE [23080760],Pluviométrica,Convencional,Activa,Antioquia,San Roque,6.4875,-75.017,820,5/15/1975,,Monchia,Magdalena Cauca,Medio Magdalena,Río Nare,2009,22,Andes,Preliminar,0,0,0,0.574114918708801,0.574114918708801,14.6870155334473,7.43864822387695,4.37392663955689,3.05454540252686,6.04363632202148,5,10,0.869565188884735,0.876811623573303,1,1,5,1.08000004291534,0
01,2009-01-23,23080760,15,Definitivo,SAN ROQUE [23080760],Pluviométrica,Convencional,Activa,Antioquia,San Roque,6.4875,-75.017,820,5/15/1975,,Monchia,Magdalena Cauca,Medio Magdalena,Río Nare,2009,23,Andes,Definitivo,15,15,0,4.83012866973877,4.83012866973877,0,6.05519104003906,12.2697629928589,3.05454540252686,6.04363632202148,5,10,0.869565188884735,0.876811623573303,1,1,5,1.08000004291534,16.2000006437302
01,2011-01-25,23080760,,"",SAN ROQUE [23080760],Pluviométrica,Convencional,Activa,Antioquia,San Roque,6.4875,-75.017,820,5/15/1975,,Monchia,Magdalena Cauca,Medio Magdalena,Río Nare,2011,25,Andes,Preliminar,0,0,0,0,0,0,0.224670186638832,0.201920479536057,3.05454540252686,6.04363632202148,5,10,0.869565188884735,0.876811623573303,1,1,5,1.08000004291534,0
01,2011-01-26,23080760,45,Definitivo,SAN ROQUE [23080760],Pluviométrica,Convencional,Activa,Antioquia,San Roque,6.4875,-75.017,820,5/15/1975,,Monchia,Magdalena Cauca,Medio Magdalena,Río Nare,2011,26,Andes,Definitivo,45,45,0,0,0,0,3.4745659828186,3.62105679512024,3.05454540252686,6.04363632202148,5,10,0.869565188884735,0.876811623573303,1,1,6,1.08000004291534,48.6000019311905
01,2014-01-24,23080760,0,Definitivo,SAN ROQUE [23080760],Pluviométrica,Convencional,Activa,Antioquia,San Roque,6.4875,-75.017,820,5/15/1975,,Monchia,Magdalena Cauca,Medio Magdalena,Río Nare,2014,24,Andes,Definitivo,0,0,0,1.62673401832581,1.62673401832581,0,3.03303360939026,0.0502889677882195,3.05454540252686,6.04363632202148,5,10,0.869565188884735,0.876811623573303,1,1,5,1.08000004291534,0
01,2014-01-25,23080760,0,Definitivo,SAN ROQUE [23080760],Pluviométrica,Convencional,Activa,Antioquia,San Roque,6.4875,-75.017,820,5/15/1975,,Monchia,Magdalena Cauca,Medio Magdalena,Río Nare,2014,25,Andes,Definitivo,0,0,0,4.04157590866089,4.04157590866089,0,3.64267563819885,0,3.05454540252686,6.04363632202148,5,10,0.869565188884735,0.876811623573303,1,1,5,1.08000004291534,0
01,2019-01-24,23080760,0,Definitivo,SAN ROQUE [23080760],Pluviométrica,Convencional,Activa,Antioquia,San Roque,6.4875,-75.017,820,5/15/1975,,Monchia,Magdalena Cauca,Medio Magdalena,Río Nare,2019,24,Andes,Definitivo,0,0,0,0,0,0,0.00277171027846634,0,3.05454540252686,6.04363632202148,5,10,0.869565188884735,0.876811623573303,1,1,5,1.08000004291534,0
01,2019-01-25,23080760,0,Definitivo,SAN ROQUE [23080760],Pluviométrica,Convencional,Activa,Antioquia,San Roque,6.4875,-75.017,820,5/15/1975,,Monchia,Magdalena Cauca,Medio Magdalena,Río Nare,2019,25,Andes,Definitivo,0,0,0,0.710486769676209,0.710486769676209,18.4264488220215,1.43761360645294,16.9286727905273,3.05454540252686,6.04363632202148,5,10,0.869565188884735,0.876811623573303,1,1,5,1.08000004291534,0
01,2019-01-26,23080760,5,Definitivo,SAN ROQUE [23080760],Pluviométrica,Convencional,Activa,Antioquia,San Roque,6.4875,-75.017,820,5/15/1975,,Monchia,Magdalena Cauca,Medio Magdalena,Río Nare,2019,26,Andes,Definitivo,5,5,0,0.163983657956123,0.163983657956123,0,1.56286144256592,0,3.05454540252686,6.04363632202148,5,10,0.869565188884735,0.876811623573303,1,1,6,1.08000004291534,5.40000021457672
01,2020-01-26,23080760,0,Definitivo,SAN ROQUE [23080760],Pluviométrica,Convencional,Activa,Antioquia,San Roque,6.4875,-75.017,820,5/15/1975,,Monchia,Magdalena Cauca,Medio Magdalena,Río Nare,2020,26,Andes,Definitivo,0,0,0,0.878055989742279,0.878055989742279,0,0.910828828811646,0.375400394201279,3.05454540252686,6.04363632202148,5,10,0.869565188884735,0.876811623573303,1,1,6,1.08000004291534,0
01,2020-01-23,23080760,9,Definitivo,SAN ROQUE [23080760],Pluviométrica,Convencional,Activa,Antioquia,San Roque,6.4875,-75.017,820,5/15/1975,,Monchia,Magdalena Cauca,Medio Magdalena,Río Nare,2020,23,Andes,Definitivo,9,9,0,3.41344213485718,3.41344213485718,0,5.33215475082398,2.39116907119751,3.05454540252686,6.04363632202148,5,10,0.869565188884735,0.876811623573303,1,1,5,1.08000004291534,9.7200003862381
01,2022-01-19,23080760,0,Definitivo,SAN ROQUE [23080760],Pluviométrica,Convencional,Activa,Antioquia,San Roque,6.4875,-75.017,820,5/15/1975,,Monchia,Magdalena Cauca,Medio Magdalena,Río Nare,2022,19,Andes,Definitivo,0,0,0,0.74952095746994,0.74952095746994,0,0,0,3.05454540252686,6.04363632202148,5,10,0.869565188884735,0.876811623573303,1,1,4,1.08000004291534,0
01,2021-01-18,23080760,0,Definitivo,SAN ROQUE [23080760],Pluviométrica,Convencional,Activa,Antioquia,San Roque,6.4875,-75.017,820,5/15/1975,,Monchia,Magdalena Cauca,Medio Magdalena,Río Nare,2021,18,Andes,Definitivo,0,0,0,0.454550981521606,0.454550981521606,0,0,0,3.05454540252686,6.04363632202148,5,10,0.869565188884735,0.876811623573303,1,1,4,1.08000004291534,0
01,2007-01-02,23080760,,"",SAN ROQUE [23080760],Pluviométrica,Convencional,Activa,Antioquia,San Roque,6.4875,-75.017,820,5/15/1975,,Monchia,Magdalena Cauca,Medio Magdalena,Río Nare,2007,02,Andes,Preliminar,0,0,0,0.516661405563355,0.516661405563355,0,2.06064248085022,5.51257419586182,3.05454540252686,6.04363632202148,5,10,0.869565188884735,0.876811623573303,1,1,1,1.08000004291534,0
01,2020-01-17,23080760,0,Definitivo,SAN ROQUE [23080760],Pluviométrica,Convencional,Activa,Antioquia,San Roque,6.4875,-75.017,820,5/15/1975,,Monchia,Magdalena Cauca,Medio Magdalena,Río Nare,2020,17,Andes,Definitivo,0,0,0,4.46777200698853,4.46777200698853,0,0.00330091151408851,0,3.05454540252686,6.04363632202148,5,10,0.869565188884735,0.876811623573303,1,1,4,1.08000004291534,0
01,2018-01-17,23080760,10,Definitivo,SAN ROQUE [23080760],Pluviométrica,Convencional,Activa,Antioquia,San Roque,6.4875,-75.017,820,5/15/1975,,Monchia,Magdalena Cauca,Medio Magdalena,Río Nare,2018,17,Andes,Definitivo,10,10,0,4.91433811187744,4.91433811187744,11.4852333068848,21.6078987121582,19.5631809234619,3.05454540252686,6.04363632202148,5,10,0.869565188884735,0.876811623573303,1,1,4,1.08000004291534,10.8000004291534
01,2018-01-16,23080760,0,Definitivo,SAN ROQUE [23080760],Pluviométrica,Convencional,Activa,Antioquia,San Roque,6.4875,-75.017,820,5/15/1975,,Monchia,Magdalena Cauca,Medio Magdalena,Río Nare,2018,16,Andes,Definitivo,0,0,0,3.28594088554382,3.28594088554382,0,18.116907119751,3.96804571151733,3.05454540252686,6.04363632202148,5,10,0.869565188884735,0.876811623573303,1,1,4,1.08000004291534,0
01,2019-01-14,23080760,6,Definitivo,SAN ROQUE [23080760],Pluviométrica,Convencional,Activa,Antioquia,San Roque,6.4875,-75.017,820,5/15/1975,,Monchia,Magdalena Cauca,Medio Magdalena,Río Nare,2019,14,Andes,Definitivo,6,6,0,0.441123157739639,0.441123157739639,0,0.593407452106476,2.63214373588562,3.05454540252686,6.04363632202148,5,10,0.869565188884735,0.876811623573303,1,1,3,1.08000004291534,6.48000025749207
01,2019-01-13,23080760,4,Definitivo,SAN ROQUE [23080760],Pluviométrica,Convencional,Activa,Antioquia,San Roque,6.4875,-75.017,820,5/15/1975,,Monchia,Magdalena Cauca,Medio Magdalena,Río Nare,2019,13,Andes,Definitivo,4,4,0,0.454244643449783,0.454244643449783,0,0.718825221061707,0.215226069092751,3.05454540252686,6.04363632202148,5,10,0.869565188884735,0.876811623573303,1,1,3,1.08000004291534,4.32000017166138
01,2020-01-11,23080760,0,Definitivo,SAN ROQUE [23080760],Pluviométrica,Convencional,Activa,Antioquia,San Roque,6.4875,-75.017,820,5/15/1975,,Monchia,Magdalena Cauca,Medio Magdalena,Río Nare,2020,11,Andes,Definitivo,0,0,0,0.819470286369324,0.819470286369324,0,0,0.103761278092861,3.05454540252686,6.04363632202148,5,10,0.869565188884735,0.876811623573303,1,1,3,1.08000004291534,0
01,2021-01-08,23080760,56,Definitivo,SAN ROQUE [23080760],Pluviométrica,Convencional,Activa,Antioquia,San Roque,6.4875,-75.017,820,5/15/1975,,Monchia,Magdalena Cauca,Medio Magdalena,Río Nare,2021,08,Andes,Definitivo,56,56,0,1.41685032844543,1.41685032844543,0,43.0113372802734,41.0580863952637,3.05454540252686,6.04363632202148,5,10,0.869565188884735,0.876811623573303,1,1,2,1.08000004291534,60.4800024032593
01,2020-01-10,23080760,0,Definitivo,SAN ROQUE [23080760],Pluviométrica,Convencional,Activa,Antioquia,San Roque,6.4875,-75.017,820,5/15/1975,,Monchia,Magdalena Cauca,Medio Magdalena,Río Nare,2020,10,Andes,Definitivo,0,0,0,0,0,0,0,0.30869859457016,3.05454540252686,6.04363632202148,5,10,0.869565188884735,0.876811623573303,1,1,2,1.08000004291534,0
01,2021-01-07,23080760,3,Definitivo,SAN ROQUE [23080760],Pluviométrica,Convencional,Activa,Antioquia,San Roque,6.4875,-75.017,820,5/15/1975,,Monchia,Magdalena Cauca,Medio Magdalena,Río Nare,2021,07,Andes,Definitivo,3,3,0,5.5543155670166,5.5543155670166,0,12.2457132339478,0.526482105255127,3.05454540252686,6.04363632202148,5,10,0.869565188884735,0.876811623573303,1,1,2,1.08000004291534,3.24000012874603
01,2021-01-06,23080760,0,Definitivo,SAN ROQUE [23080760],Pluviométrica,Convencional,Activa,Antioquia,San Roque,6.4875,-75.017,820,5/15/1975,,Monchia,Magdalena Cauca,Medio Magdalena,Río Nare,2021,06,Andes,Definitivo,0,0,0,2.70273971557617,2.70273971557617,0,3.37855792045593,0,3.05454540252686,6.04363632202148,5,10,0.869565188884735,0.876811623573303,1,1,2,1.08000004291534,0
01,2022-01-04,23080760,0,Definitivo,SAN ROQUE [23080760],Pluviométrica,Convencional,Activa,Antioquia,San Roque,6.4875,-75.017,820,5/15/1975,,Monchia,Magdalena Cauca,Medio Magdalena,Río Nare,2022,04,Andes,Definitivo,0,0,0,0.112992867827415,0.112992867827415,0,0.337227910757065,1.99919772148132,3.05454540252686,6.04363632202148,5,10,0.869565188884735,0.876811623573303,1,1,1,1.08000004291534,0
01,2023-01-02,23080760,0,Definitivo,SAN ROQUE [23080760],Pluviométrica,Convencional,Activa,Antioquia,San Roque,6.4875,-75.017,820,5/15/1975,,Monchia,Magdalena Cauca,Medio Magdalena,Río Nare,2023,02,Andes,Definitivo,0,0,0,0.940143406391144,0.940143406391144,0,2.0995512008667,1.1096978187561,3.05454540252686,6.04363632202148,5,10,0.869565188884735,0.876811623573303,1,1,1,1.08000004291534,0
01,2010-01-18,23080760,,"",SAN ROQUE [23080760],Pluviométrica,Convencional,Activa,Antioquia,San Roque,6.4875,-75.017,820,5/15/1975,,Monchia,Magdalena Cauca,Medio Magdalena,Río Nare,2010,18,Andes,Preliminar,0,0,0,0.511832714080811,0.511832714080811,0,0,0,3.05454540252686,6.04363632202148,5,10,0.869565188884735,0.876811623573303,1,1,4,1.08000004291534,0
01,2010-01-19,23080760,,"",SAN ROQUE [23080760],Pluviométrica,Convencional,Activa,Antioquia,San Roque,6.4875,-75.017,820,5/15/1975,,Monchia,Magdalena Cauca,Medio Magdalena,Río Nare,2010,19,Andes,Preliminar,0,0,0,0.900918126106262,0.900918126106262,0,0,0,3.05454540252686,6.04363632202148,5,10,0.869565188884735,0.876811623573303,1,1,4,1.08000004291534,0
01,2012-01-01,23080760,10,Definitivo,SAN ROQUE [23080760],Pluviométrica,Convencional,Activa,Antioquia,San Roque,6.4875,-75.017,820,5/15/1975,,Monchia,Magdalena Cauca,Medio Magdalena,Río Nare,2012,01,Andes,Definitivo,10,10,0,0.565342128276825,0.565342128276825,0,2.41338109970093,0.0572784692049027,3.05454540252686,6.04363632202148,5,10,0.869565188884735,0.876811623573303,1,1,1,1.08000004291534,10.8000004291534
01,2012-01-02,23080760,11,Definitivo,SAN ROQUE [23080760],Pluviométrica,Convencional,Activa,Antioquia,San Roque,6.4875,-75.017,820,5/15/1975,,Monchia,Magdalena Cauca,Medio Magdalena,Río Nare,2012,02,Andes,Definitivo,11,11,0,0.523422539234161,0.523422539234161,21.2177715301514,5.41045713424683,2.46853876113892,3.05454540252686,6.04363632202148,5,10,0.869565188884735,0.876811623573303,1,1,1,1.08000004291534,11.8800004720688
01,2012-01-03,23080760,24,Definitivo,SAN ROQUE [23080760],Pluviométrica,Convencional,Activa,Antioquia,San Roque,6.4875,-75.017,820,5/15/1975,,Monchia,Magdalena Cauca,Medio Magdalena,Río Nare,2012,03,Andes,Definitivo,24,24,0,14.8114614486694,14.8114614486694,21.2177715301514,18.0560474395752,51.0870094299316,3.05454540252686,6.04363632202148,5,10,0.869565188884735,0.876811623573303,1,1,1,1.08000004291534,25.9200010299683
01,2012-01-04,23080760,5,Definitivo,SAN ROQUE [23080760],Pluviométrica,Convencional,Activa,Antioquia,San Roque,6.4875,-75.017,820,5/15/1975,,Monchia,Magdalena Cauca,Medio Magdalena,Río Nare,2012,04,Andes,Definitivo,5,5,0,5.83298349380493,5.83298349380493,0,8.0708122253418,0,3.05454540252686,6.04363632202148,5,10,0.869565188884735,0.876811623573303,1,1,1,1.08000004291534,5.40000021457672
01,2012-01-05,23080760,12,Definitivo,SAN ROQUE [23080760],Pluviométrica,Convencional,Activa,Antioquia,San Roque,6.4875,-75.017,820,5/15/1975,,Monchia,Magdalena Cauca,Medio Magdalena,Río Nare,2012,05,Andes,Definitivo,12,12,0,6.61014652252197,6.61014652252197,0,19.7688636779785,0.106740027666092,3.05454540252686,6.04363632202148,5,10,0.869565188884735,0.876811623573303,1,1,1,1.08000004291534,12.9600005149841
01,2012-01-06,23080760,,"",SAN ROQUE [23080760],Pluviométrica,Convencional,Activa,Antioquia,San Roque,6.4875,-75.017,820,5/15/1975,,Monchia,Magdalena Cauca,Medio Magdalena,Río Nare,2012,06,Andes,Preliminar,0,0,0,2.09133648872376,2.09133648872376,0,1.28303492069244,0.499643176794052,3.05454540252686,6.04363632202148,5,10,0.869565188884735,0.876811623573303,1,1,2,1.08000004291534,0
01,2012-01-07,23080760,0,Definitivo,SAN ROQUE [23080760],Pluviométrica,Convencional,Activa,Antioquia,San Roque,6.4875,-75.017,820,5/15/1975,,Monchia,Magdalena Cauca,Medio Magdalena,Río Nare,2012,07,Andes,Definitivo,0,0,0,2.30719375610352,2.30719375610352,0,0.687485933303833,0.499643176794052,3.05454540252686,6.04363632202148,5,10,0.869565188884735,0.876811623573303,1,1,2,1.08000004291534,0
01,2012-01-08,23080760,,"",SAN ROQUE [23080760],Pluviométrica,Convencional,Activa,Antioquia,San Roque,6.4875,-75.017,820,5/15/1975,,Monchia,Magdalena Cauca,Medio Magdalena,Río Nare,2012,08,Andes,Preliminar,0,0,0,2.13858389854431,2.13858389854431,0,0.371377110481262,0.499643176794052,3.05454540252686,6.04363632202148,5,10,0.869565188884735,0.876811623573303,1,1,2,1.08000004291534,0
01,2011-01-12,23080760,,"",SAN ROQUE [23080760],Pluviométrica,Convencional,Activa,Antioquia,San Roque,6.4875,-75.017,820,5/15/1975,,Monchia,Magdalena Cauca,Medio Magdalena,Río Nare,2011,12,Andes,Preliminar,0,0,0,3.30539083480835,3.30539083480835,0,0.389695972204208,0.588510930538178,3.05454540252686,6.04363632202148,5,10,0.869565188884735,0.876811623573303,1,1,3,1.08000004291534,0
01,2011-01-13,23080760,,"",SAN ROQUE [23080760],Pluviométrica,Convencional,Activa,Antioquia,San Roque,6.4875,-75.017,820,5/15/1975,,Monchia,Magdalena Cauca,Medio Magdalena,Río Nare,2011,13,Andes,Preliminar,0,0,0,0,0,0,0.509889364242554,0.660152912139893,3.05454540252686,6.04363632202148,5,10,0.869565188884735,0.876811623573303,1,1,3,1.08000004291534,0
01,2011-01-14,23080760,0,Definitivo,SAN ROQUE [23080760],Pluviométrica,Convencional,Activa,Antioquia,San Roque,6.4875,-75.017,820,5/15/1975,,Monchia,Magdalena Cauca,Medio Magdalena,Río Nare,2011,14,Andes,Definitivo,0,0,0,0,0,0,0.811844825744629,0,3.05454540252686,6.04363632202148,5,10,0.869565188884735,0.876811623573303,1,1,3,1.08000004291534,0
01,2007-01-01,23080760,5,Definitivo,SAN ROQUE [23080760],Pluviométrica,Convencional,Activa,Antioquia,San Roque,6.4875,-75.017,820,5/15/1975,,Monchia,Magdalena Cauca,Medio Magdalena,Río Nare,2007,01,Andes,Definitivo,5,5,0,0.537663877010346,0.537663877010346,0,0.973107933998108,0.097352422773838,3.05454540252686,6.04363632202148,5,10,0.869565188884735,0.876811623573303,1,1,1,1.08000004291534,5.40000021457672
01,2022-01-16,23080760,0,Definitivo,SAN ROQUE [23080760],Pluviométrica,Convencional,Activa,Antioquia,San Roque,6.4875,-75.017,820,5/15/1975,,Monchia,Magdalena Cauca,Medio Magdalena,Río Nare,2022,16,Andes,Definitivo,0,0,0,0.147429391741753,0.147429391741753,0,0,0,3.05454540252686,6.04363632202148,5,10,0.869565188884735,0.876811623573303,1,1,4,1.08000004291534,0
01,2010-01-20,23080760,,"",SAN ROQUE [23080760],Pluviométrica,Convencional,Activa,Antioquia,San Roque,6.4875,-75.017,820,5/15/1975,,Monchia,Magdalena Cauca,Medio Magdalena,Río Nare,2010,20,Andes,Preliminar,0,0,0,0.91249817609787,0.91249817609787,0,0,0,3.05454540252686,6.04363632202148,5,10,0.869565188884735,0.876811623573303,1,1,4,1.08000004291534,0
01,2009-01-24,23080760,,"",SAN ROQUE [23080760],Pluviométrica,Convencional,Activa,Antioquia,San Roque,6.4875,-75.017,820,5/15/1975,,Monchia,Magdalena Cauca,Medio Magdalena,Río Nare,2009,24,Andes,Preliminar,0,0,0,5.41799449920654,5.41799449920654,0,4.69607162475586,4.04919815063477,3.05454540252686,6.04363632202148,5,10,0.869565188884735,0.876811623573303,1,1,5,1.08000004291534,0
01,2009-01-25,23080760,,"",SAN ROQUE [23080760],Pluviométrica,Convencional,Activa,Antioquia,San Roque,6.4875,-75.017,820,5/15/1975,,Monchia,Magdalena Cauca,Medio Magdalena,Río Nare,2009,25,Andes,Preliminar,0,0,0,5.18766069412231,5.18766069412231,0,1.12604451179504,1.13229107856751,3.05454540252686,6.04363632202148,5,10,0.869565188884735,0.876811623573303,1,1,5,1.08000004291534,0
01,2012-01-24,23080760,,"",SAN ROQUE [23080760],Pluviométrica,Convencional,Activa,Antioquia,San Roque,6.4875,-75.017,820,5/15/1975,,Monchia,Magdalena Cauca,Medio Magdalena,Río Nare,2012,24,Andes,Preliminar,0,0,0,1.47313404083252,1.47313404083252,0,2.84933090209961,5.7791895866394,3.05454540252686,6.04363632202148,5,10,0.869565188884735,0.876811623573303,1,1,5,1.08000004291534,0
01,2012-01-25,23080760,0,Definitivo,SAN ROQUE [23080760],Pluviométrica,Convencional,Activa,Antioquia,San Roque,6.4875,-75.017,820,5/15/1975,,Monchia,Magdalena Cauca,Medio Magdalena,Río Nare,2012,25,Andes,Definitivo,0,0,0,2.47438383102417,2.47438383102417,0,2.12180233001709,1.66466617584229,3.05454540252686,6.04363632202148,5,10,0.869565188884735,0.876811623573303,1,1,5,1.08000004291534,0
01,2017-01-23,23080760,0,Definitivo,SAN ROQUE [23080760],Pluviométrica,Convencional,Activa,Antioquia,San Roque,6.4875,-75.017,820,5/15/1975,,Monchia,Magdalena Cauca,Medio Magdalena,Río Nare,2017,23,Andes,Definitivo,0,0,0,0.147008940577507,0.147008940577507,0,0.358574062585831,0,3.05454540252686,6.04363632202148,5,10,0.869565188884735,0.876811623573303,1,1,5,1.08000004291534,0
01,2017-01-24,23080760,0,Definitivo,SAN ROQUE [23080760],Pluviométrica,Convencional,Activa,Antioquia,San Roque,6.4875,-75.017,820,5/15/1975,,Monchia,Magdalena Cauca,Medio Magdalena,Río Nare,2017,24,Andes,Definitivo,0,0,0,0.683341681957245,0.683341681957245,0,0.485717564821243,0,3.05454540252686,6.04363632202148,5,10,0.869565188884735,0.876811623573303,1,1,5,1.08000004291534,0
01,2017-01-25,23080760,0,Definitivo,SAN ROQUE [23080760],Pluviométrica,Convencional,Activa,Antioquia,San Roque,6.4875,-75.017,820,5/15/1975,,Monchia,Magdalena Cauca,Medio Magdalena,Río Nare,2017,25,Andes,Definitivo,0,0,0,0.454056203365326,0.454056203365326,0,0.126064047217369,0,3.05454540252686,6.04363632202148,5,10,0.869565188884735,0.876811623573303,1,1,5,1.08000004291534,0
01,2022-01-24,23080760,8,Definitivo,SAN ROQUE [23080760],Pluviométrica,Convencional,Activa,Antioquia,San Roque,6.4875,-75.017,820,5/15/1975,,Monchia,Magdalena Cauca,Medio Magdalena,Río Nare,2022,24,Andes,Definitivo,8,8,0,0.970937371253967,0.970937371253967,0,3.02344918251038,1.17149376869202,3.05454540252686,6.04363632202148,5,10,0.869565188884735,0.876811623573303,1,1,5,1.08000004291534,8.64000034332275
01,2021-01-23,23080760,25,Definitivo,SAN ROQUE [23080760],Pluviométrica,Convencional,Activa,Antioquia,San Roque,6.4875,-75.017,820,5/15/1975,,Monchia,Magdalena Cauca,Medio Magdalena,Río Nare,2021,23,Andes,Definitivo,25,25,0,2.63068246841431,2.63068246841431,0,6.56440019607544,5.77977895736694,3.05454540252686,6.04363632202148,5,10,0.869565188884735,0.876811623573303,1,1,5,1.08000004291534,27.0000010728836
01,2018-01-23,23080760,9,Definitivo,SAN ROQUE [23080760],Pluviométrica,Convencional,Activa,Antioquia,San Roque,6.4875,-75.017,820,5/15/1975,,Monchia,Magdalena Cauca,Medio Magdalena,Río Nare,2018,23,Andes,Definitivo,9,9,0,3.32494354248047,3.32494354248047,0,4.42552137374878,7.00248718261719,3.05454540252686,6.04363632202148,5,10,0.869565188884735,0.876811623573303,1,1,5,1.08000004291534,9.7200003862381
01,2012-01-11,23080760,,"",SAN ROQUE [23080760],Pluviométrica,Convencional,Activa,Antioquia,San Roque,6.4875,-75.017,820,5/15/1975,,Monchia,Magdalena Cauca,Medio Magdalena,Río Nare,2012,11,Andes,Preliminar,0,0,0,7.02034902572632,7.02034902572632,0,7.14342212677002,0,3.05454540252686,6.04363632202148,5,10,0.869565188884735,0.876811623573303,1,1,3,1.08000004291534,0
01,2011-01-15,23080760,,"",SAN ROQUE [23080760],Pluviométrica,Convencional,Activa,Antioquia,San Roque,6.4875,-75.017,820,5/15/1975,,Monchia,Magdalena Cauca,Medio Magdalena,Río Nare,2011,15,Andes,Preliminar,0,0,0,0,0,0,0.448405802249908,0.179049953818321,3.05454540252686,6.04363632202148,5,10,0.869565188884735,0.876811623573303,1,1,3,1.08000004291534,0
01,2022-01-15,23080760,0,Definitivo,SAN ROQUE [23080760],Pluviométrica,Convencional,Activa,Antioquia,San Roque,6.4875,-75.017,820,5/15/1975,,Monchia,Magdalena Cauca,Medio Magdalena,Río Nare,2022,15,Andes,Definitivo,0,0,0,0.111916363239288,0.111916363239288,0,0.477900594472885,0.101751685142517,3.05454540252686,6.04363632202148,5,10,0.869565188884735,0.876811623573303,1,1,3,1.08000004291534,0
01,2020-01-16,23080760,0,Definitivo,SAN ROQUE [23080760],Pluviométrica,Convencional,Activa,Antioquia,San Roque,6.4875,-75.017,820,5/15/1975,,Monchia,Magdalena Cauca,Medio Magdalena,Río Nare,2020,16,Andes,Definitivo,0,0,0,0,0,0,0.142343655228615,0,3.05454540252686,6.04363632202148,5,10,0.869565188884735,0.876811623573303,1,1,4,1.08000004291534,0
01,2017-01-17,23080760,0,Definitivo,SAN ROQUE [23080760],Pluviométrica,Convencional,Activa,Antioquia,San Roque,6.4875,-75.017,820,5/15/1975,,Monchia,Magdalena Cauca,Medio Magdalena,Río Nare,2017,17,Andes,Definitivo,0,0,0,0.421358555555344,0.421358555555344,0,0,0,3.05454540252686,6.04363632202148,5,10,0.869565188884735,0.876811623573303,1,1,4,1.08000004291534,0
01,2018-01-15,23080760,0,Definitivo,SAN ROQUE [23080760],Pluviométrica,Convencional,Activa,Antioquia,San Roque,6.4875,-75.017,820,5/15/1975,,Monchia,Magdalena Cauca,Medio Magdalena,Río Nare,2018,15,Andes,Definitivo,0,0,0,3.53027200698853,3.53027200698853,0,1.00428676605225,3.60746026039124,3.05454540252686,6.04363632202148,5,10,0.869565188884735,0.876811623573303,1,1,3,1.08000004291534,0
01,2017-01-16,23080760,0,Definitivo,SAN ROQUE [23080760],Pluviométrica,Convencional,Activa,Antioquia,San Roque,6.4875,-75.017,820,5/15/1975,,Monchia,Magdalena Cauca,Medio Magdalena,Río Nare,2017,16,Andes,Definitivo,0,0,0,0.765711784362793,0.765711784362793,0,0,0,3.05454540252686,6.04363632202148,5,10,0.869565188884735,0.876811623573303,1,1,4,1.08000004291534,0
01,2018-01-14,23080760,0,Definitivo,SAN ROQUE [23080760],Pluviométrica,Convencional,Activa,Antioquia,San Roque,6.4875,-75.017,820,5/15/1975,,Monchia,Magdalena Cauca,Medio Magdalena,Río Nare,2018,14,Andes,Definitivo,0,0,0,2.83186864852905,2.83186864852905,0,5.2012825012207,0.379220604896545,3.05454540252686,6.04363632202148,5,10,0.869565188884735,0.876811623573303,1,1,3,1.08000004291534,0
01,2019-01-12,23080760,0,Definitivo,SAN ROQUE [23080760],Pluviométrica,Convencional,Activa,Antioquia,San Roque,6.4875,-75.017,820,5/15/1975,,Monchia,Magdalena Cauca,Medio Magdalena,Río Nare,2019,12,Andes,Definitivo,0,0,0,0.64647114276886,0.64647114276886,0,0.367633104324341,0.382408112287521,3.05454540252686,6.04363632202148,5,10,0.869565188884735,0.876811623573303,1,1,3,1.08000004291534,0
01,2019-01-11,23080760,0,Definitivo,SAN ROQUE [23080760],Pluviométrica,Convencional,Activa,Antioquia,San Roque,6.4875,-75.017,820,5/15/1975,,Monchia,Magdalena Cauca,Medio Magdalena,Río Nare,2019,11,Andes,Definitivo,0,0,0,0.983118832111359,0.983118832111359,0,1.76557874679565,0.631054878234863,3.05454540252686,6.04363632202148,5,10,0.869565188884735,0.876811623573303,1,1,3,1.08000004291534,0
01,2020-01-09,23080760,0,Definitivo,SAN ROQUE [23080760],Pluviométrica,Convencional,Activa,Antioquia,San Roque,6.4875,-75.017,820,5/15/1975,,Monchia,Magdalena Cauca,Medio Magdalena,Río Nare,2020,09,Andes,Definitivo,0,0,0,0,0,0,0,0.30869859457016,3.05454540252686,6.04363632202148,5,10,0.869565188884735,0.876811623573303,1,1,2,1.08000004291534,0
01,2022-01-03,23080760,0,Definitivo,SAN ROQUE [23080760],Pluviométrica,Convencional,Activa,Antioquia,San Roque,6.4875,-75.017,820,5/15/1975,,Monchia,Magdalena Cauca,Medio Magdalena,Río Nare,2022,03,Andes,Definitivo,0,0,0,1.05477058887482,1.05477058887482,0,1.90460550785065,1.99919772148132,3.05454540252686,6.04363632202148,5,10,0.869565188884735,0.876811623573303,1,1,1,1.08000004291534,0
01,2023-01-01,23080760,0,Definitivo,SAN ROQUE [23080760],Pluviométrica,Convencional,Activa,Antioquia,San Roque,6.4875,-75.017,820,5/15/1975,,Monchia,Magdalena Cauca,Medio Magdalena,Río Nare,2023,01,Andes,Definitivo,0,0,0,0.815177619457245,0.815177619457245,0,2.19562125205994,0.445626616477966,3.05454540252686,6.04363632202148,5,10,0.869565188884735,0.876811623573303,1,1,1,1.08000004291534,0
01,2022-01-21,23080760,0,Definitivo,SAN ROQUE [23080760],Pluviométrica,Convencional,Activa,Antioquia,San Roque,6.4875,-75.017,820,5/15/1975,,Monchia,Magdalena Cauca,Medio Magdalena,Río Nare,2022,21,Andes,Definitivo,0,0,0,0.0724977925419807,0.0724977925419807,0,0.894651830196381,4.10022783279419,3.05454540252686,6.04363632202148,5,10,0.869565188884735,0.876811623573303,1,1,5,1.08000004291534,0
01,2020-01-20,23080760,0,Definitivo,SAN ROQUE [23080760],Pluviométrica,Convencional,Activa,Antioquia,San Roque,6.4875,-75.017,820,5/15/1975,,Monchia,Magdalena Cauca,Medio Magdalena,Río Nare,2020,20,Andes,Definitivo,0,0,0,20.8856315612793,20.8856315612793,11.035701751709,12.6189813613892,13.0276517868042,3.05454540252686,6.04363632202148,5,10,0.869565188884735,0.876811623573303,1,1,4,1.08000004291534,0
01,2011-01-16,23080760,20,Definitivo,SAN ROQUE [23080760],Pluviométrica,Convencional,Activa,Antioquia,San Roque,6.4875,-75.017,820,5/15/1975,,Monchia,Magdalena Cauca,Medio Magdalena,Río Nare,2011,16,Andes,Definitivo,20,20,0,0.0407159812748432,0.0407159812748432,0,2.45913982391357,3.24440622329712,3.05454540252686,6.04363632202148,5,10,0.869565188884735,0.876811623573303,1,1,4,1.08000004291534,21.6000008583069
01,2011-01-17,23080760,,"",SAN ROQUE [23080760],Pluviométrica,Convencional,Activa,Antioquia,San Roque,6.4875,-75.017,820,5/15/1975,,Monchia,Magdalena Cauca,Medio Magdalena,Río Nare,2011,17,Andes,Preliminar,0,0,0,2.91119241714478,2.91119241714478,16.1514625549316,2.68727421760559,6.54011154174805,3.05454540252686,6.04363632202148,5,10,0.869565188884735,0.876811623573303,1,1,4,1.08000004291534,0
01,2010-01-21,23080760,4,Definitivo,SAN ROQUE [23080760],Pluviométrica,Convencional,Activa,Antioquia,San Roque,6.4875,-75.017,820,5/15/1975,,Monchia,Magdalena Cauca,Medio Magdalena,Río Nare,2010,21,Andes,Definitivo,4,4,0,0.00350043084472418,0.00350043084472418,0,8.03644579718821e-05,0,3.05454540252686,6.04363632202148,5,10,0.869565188884735,0.876811623573303,1,1,5,1.08000004291534,4.32000017166138
01,2010-01-22,23080760,,"",SAN ROQUE [23080760],Pluviométrica,Convencional,Activa,Antioquia,San Roque,6.4875,-75.017,820,5/15/1975,,Monchia,Magdalena Cauca,Medio Magdalena,Río Nare,2010,22,Andes,Preliminar,0,0,0,0.129515945911407,0.129515945911407,0,0.0992399752140045,0.300942867994308,3.05454540252686,6.04363632202148,5,10,0.869565188884735,0.876811623573303,1,1,5,1.08000004291534,0
01,2010-01-23,23080760,0,Definitivo,SAN ROQUE [23080760],Pluviométrica,Convencional,Activa,Antioquia,San Roque,6.4875,-75.017,820,5/15/1975,,Monchia,Magdalena Cauca,Medio Magdalena,Río Nare,2010,23,Andes,Definitivo,0,0,0,0.686084449291229,0.686084449291229,0,1.41747152805328,3.00882029533386,3.05454540252686,6.04363632202148,5,10,0.869565188884735,0.876811623573303,1,1,5,1.08000004291534,0
01,2013-01-01,23080760,4,Definitivo,SAN ROQUE [23080760],Pluviométrica,Convencional,Activa,Antioquia,San Roque,6.4875,-75.017,820,5/15/1975,,Monchia,Magdalena Cauca,Medio Magdalena,Río Nare,2013,01,Andes,Definitivo,4,4,0,5.66338729858398,5.66338729858398,13.1584272384644,4.91895198822022,13.6027002334595,3.05454540252686,6.04363632202148,5,10,0.869565188884735,0.876811623573303,1,1,1,1.08000004291534,4.32000017166138
01,2013-01-02,23080760,,"",SAN ROQUE [23080760],Pluviométrica,Convencional,Activa,Antioquia,San Roque,6.4875,-75.017,820,5/15/1975,,Monchia,Magdalena Cauca,Medio Magdalena,Río Nare,2013,02,Andes,Preliminar,0,0,0,6.25627517700195,6.25627517700195,0,1.92808604240417,0.055988073348999,3.05454540252686,6.04363632202148,5,10,0.869565188884735,0.876811623573303,1,1,1,1.08000004291534,0
01,2013-01-03,23080760,2,Definitivo,SAN ROQUE [23080760],Pluviométrica,Convencional,Activa,Antioquia,San Roque,6.4875,-75.017,820,5/15/1975,,Monchia,Magdalena Cauca,Medio Magdalena,Río Nare,2013,03,Andes,Definitivo,2,2,0,0,0,6.57921361923218,5.1402759552002,7.03450679779053,3.05454540252686,6.04363632202148,5,10,0.869565188884735,0.876811623573303,1,1,1,1.08000004291534,2.16000008583069
01,2013-01-04,23080760,,"",SAN ROQUE [23080760],Pluviométrica,Convencional,Activa,Antioquia,San Roque,6.4875,-75.017,820,5/15/1975,,Monchia,Magdalena Cauca,Medio Magdalena,Río Nare,2013,04,Andes,Preliminar,0,0,0,5.71416807174683,5.71416807174683,0,6.16185474395752,0,3.05454540252686,6.04363632202148,5,10,0.869565188884735,0.876811623573303,1,1,1,1.08000004291534,0
01,2012-01-09,23080760,,"",SAN ROQUE [23080760],Pluviométrica,Convencional,Activa,Antioquia,San Roque,6.4875,-75.017,820,5/15/1975,,Monchia,Magdalena Cauca,Medio Magdalena,Río Nare,2012,09,Andes,Preliminar,0,0,0,0.387558579444885,0.387558579444885,0,0.460074782371521,1.33238172531128,3.05454540252686,6.04363632202148,5,10,0.869565188884735,0.876811623573303,1,1,2,1.08000004291534,0
01,2012-01-10,23080760,,"",SAN ROQUE [23080760],Pluviométrica,Convencional,Activa,Antioquia,San Roque,6.4875,-75.017,820,5/15/1975,,Monchia,Magdalena Cauca,Medio Magdalena,Río Nare,2012,10,Andes,Preliminar,0,0,0,0.759129643440247,0.759129643440247,0,0.528981626033783,0.499643176794052,3.05454540252686,6.04363632202148,5,10,0.869565188884735,0.876811623573303,1,1,2,1.08000004291534,0
01,2013-01-06,23080760,7,Definitivo,SAN ROQUE [23080760],Pluviométrica,Convencional,Activa,Antioquia,San Roque,6.4875,-75.017,820,5/15/1975,,Monchia,Magdalena Cauca,Medio Magdalena,Río Nare,2013,06,Andes,Definitivo,7,7,0,0,0,0,0.696209788322449,1.23687350749969,3.05454540252686,6.04363632202148,5,10,0.869565188884735,0.876811623573303,1,1,2,1.08000004291534,7.56000030040741
01,2013-01-07,23080760,,"",SAN ROQUE [23080760],Pluviométrica,Convencional,Activa,Antioquia,San Roque,6.4875,-75.017,820,5/15/1975,,Monchia,Magdalena Cauca,Medio Magdalena,Río Nare,2013,07,Andes,Preliminar,0,0,0,0,0,0,1.99545514583588,0.463827580213547,3.05454540252686,6.04363632202148,5,10,0.869565188884735,0.876811623573303,1,1,2,1.08000004291534,0
01,2018-01-20,23080760,0,Definitivo,SAN ROQUE [23080760],Pluviométrica,Convencional,Activa,Antioquia,San Roque,6.4875,-75.017,820,5/15/1975,,Monchia,Magdalena Cauca,Medio Magdalena,Río Nare,2018,20,Andes,Definitivo,0,0,0,0.0610062032938004,0.0610062032938004,11.4852333068848,2.22636675834656,0.704626142978668,3.05454540252686,6.04363632202148,5,10,0.869565188884735,0.876811623573303,1,1,4,1.08000004291534,0
01,2018-01-19,23080760,14,Definitivo,SAN ROQUE [23080760],Pluviométrica,Convencional,Activa,Antioquia,San Roque,6.4875,-75.017,820,5/15/1975,,Monchia,Magdalena Cauca,Medio Magdalena,Río Nare,2018,19,Andes,Definitivo,14,14,0,2.412109375,2.412109375,22.9704666137695,9.42758274078369,30.7258014678955,3.05454540252686,6.04363632202148,5,10,0.869565188884735,0.876811623573303,1,1,4,1.08000004291534,15.1200006008148
01,2019-01-17,23080760,2,Definitivo,SAN ROQUE [23080760],Pluviométrica,Convencional,Activa,Antioquia,San Roque,6.4875,-75.017,820,5/15/1975,,Monchia,Magdalena Cauca,Medio Magdalena,Río Nare,2019,17,Andes,Definitivo,2,2,0,1.70012307167053,1.70012307167053,0,12.3272228240967,10.8064813613892,3.05454540252686,6.04363632202148,5,10,0.869565188884735,0.876811623573303,1,1,4,1.08000004291534,2.16000008583069
01,2018-01-18,23080760,22,Definitivo,SAN ROQUE [23080760],Pluviométrica,Convencional,Activa,Antioquia,San Roque,6.4875,-75.017,820,5/15/1975,,Monchia,Magdalena Cauca,Medio Magdalena,Río Nare,2018,18,Andes,Definitivo,22,22,0,12.5521783828735,12.5521783828735,0,12.8158493041992,9.23294925689697,3.05454540252686,6.04363632202148,5,10,0.869565188884735,0.876811623573303,1,1,4,1.08000004291534,23.7600009441376
01,2019-01-16,23080760,0,Definitivo,SAN ROQUE [23080760],Pluviométrica,Convencional,Activa,Antioquia,San Roque,6.4875,-75.017,820,5/15/1975,,Monchia,Magdalena Cauca,Medio Magdalena,Río Nare,2019,16,Andes,Definitivo,0,0,0,1.05997967720032,1.05997967720032,14.9460544586182,2.86955451965332,1.40287148952484,3.05454540252686,6.04363632202148,5,10,0.869565188884735,0.876811623573303,1,1,4,1.08000004291534,0
01,2013-01-21,23080760,,"",SAN ROQUE [23080760],Pluviométrica,Convencional,Activa,Antioquia,San Roque,6.4875,-75.017,820,5/15/1975,,Monchia,Magdalena Cauca,Medio Magdalena,Río Nare,2013,21,Andes,Preliminar,0,0,0,0.130045622587204,0.130045622587204,0,0.464162766933441,0,3.05454540252686,6.04363632202148,5,10,0.869565188884735,0.876811623573303,1,1,5,1.08000004291534,0
01,2012-01-26,23080760,,"",SAN ROQUE [23080760],Pluviométrica,Convencional,Activa,Antioquia,San Roque,6.4875,-75.017,820,5/15/1975,,Monchia,Magdalena Cauca,Medio Magdalena,Río Nare,2012,26,Andes,Preliminar,0,0,0,3.51373815536499,3.51373815536499,0,2.84255790710449,0.715844690799713,3.05454540252686,6.04363632202148,5,10,0.869565188884735,0.876811623573303,1,1,6,1.08000004291534,0
01,2015-01-24,23080760,,"",SAN ROQUE [23080760],Pluviométrica,Convencional,Activa,Antioquia,San Roque,6.4875,-75.017,820,5/15/1975,,Monchia,Magdalena Cauca,Medio Magdalena,Río Nare,2015,24,Andes,Preliminar,0,0,0,6.08798360824585,6.08798360824585,0,10.7754907608032,0.717391312122345,3.05454540252686,6.04363632202148,5,10,0.869565188884735,0.876811623573303,1,1,5,1.08000004291534,0
01,2015-01-25,23080760,0,Definitivo,SAN ROQUE [23080760],Pluviométrica,Convencional,Activa,Antioquia,San Roque,6.4875,-75.017,820,5/15/1975,,Monchia,Magdalena Cauca,Medio Magdalena,Río Nare,2015,25,Andes,Definitivo,0,0,0,4.69149351119995,4.69149351119995,0,4.87842607498169,3.63431978225708,3.05454540252686,6.04363632202148,5,10,0.869565188884735,0.876811623573303,1,1,5,1.08000004291534,0
01,2020-01-24,23080760,12,Definitivo,SAN ROQUE [23080760],Pluviométrica,Convencional,Activa,Antioquia,San Roque,6.4875,-75.017,820,5/15/1975,,Monchia,Magdalena Cauca,Medio Magdalena,Río Nare,2020,24,Andes,Definitivo,12,12,0,7.61259698867798,7.61259698867798,0,1.93110251426697,0.348848938941956,3.05454540252686,6.04363632202148,5,10,0.869565188884735,0.876811623573303,1,1,5,1.08000004291534,12.9600005149841
01,2020-01-25,23080760,0,Definitivo,SAN ROQUE [23080760],Pluviométrica,Convencional,Activa,Antioquia,San Roque,6.4875,-75.017,820,5/15/1975,,Monchia,Magdalena Cauca,Medio Magdalena,Río Nare,2020,25,Andes,Definitivo,0,0,0,5.63552141189575,5.63552141189575,0,0.591816902160645,0,3.05454540252686,6.04363632202148,5,10,0.869565188884735,0.876811623573303,1,1,5,1.08000004291534,0
01,2018-01-24,23080760,0,Definitivo,SAN ROQUE [23080760],Pluviométrica,Convencional,Activa,Antioquia,San Roque,6.4875,-75.017,820,5/15/1975,,Monchia,Magdalena Cauca,Medio Magdalena,Río Nare,2018,24,Andes,Definitivo,0,0,0,2.43755793571472,2.43755793571472,0,32.2568054199219,0,3.05454540252686,6.04363632202148,5,10,0.869565188884735,0.876811623573303,1,1,5,1.08000004291534,0
01,2018-01-25,23080760,6,Definitivo,SAN ROQUE [23080760],Pluviométrica,Convencional,Activa,Antioquia,San Roque,6.4875,-75.017,820,5/15/1975,,Monchia,Magdalena Cauca,Medio Magdalena,Río Nare,2018,25,Andes,Definitivo,6,6,0,0,0,0,1.89151644706726,0,3.05454540252686,6.04363632202148,5,10,0.869565188884735,0.876811623573303,1,1,5,1.08000004291534,6.48000025749207
01,2012-01-12,23080760,1,Definitivo,SAN ROQUE [23080760],Pluviométrica,Convencional,Activa,Antioquia,San Roque,6.4875,-75.017,820,5/15/1975,,Monchia,Magdalena Cauca,Medio Magdalena,Río Nare,2012,12,Andes,Definitivo,1,1,0,5.93631601333618,5.93631601333618,0,3.35077619552612,0.604609310626984,3.05454540252686,6.04363632202148,5,10,0.869565188884735,0.876811623573303,1,1,3,1.08000004291534,1.08000004291534
01,2012-01-13,23080760,30,Definitivo,SAN ROQUE [23080760],Pluviométrica,Convencional,Activa,Antioquia,San Roque,6.4875,-75.017,820,5/15/1975,,Monchia,Magdalena Cauca,Medio Magdalena,Río Nare,2012,13,Andes,Definitivo,30,30,0,0.827324092388153,0.827324092388153,7.14757490158081,3.99394774436951,0.788084268569946,3.05454540252686,6.04363632202148,5,10,0.869565188884735,0.876811623573303,1,1,3,1.08000004291534,32.4000012874603
01,2012-01-14,23080760,1,Definitivo,SAN ROQUE [23080760],Pluviométrica,Convencional,Activa,Antioquia,San Roque,6.4875,-75.017,820,5/15/1975,,Monchia,Magdalena Cauca,Medio Magdalena,Río Nare,2012,14,Andes,Definitivo,1,1,0,2.68319749832153,2.68319749832153,14.2951498031616,9.06921005249023,26.8025627136231,3.05454540252686,6.04363632202148,5,10,0.869565188884735,0.876811623573303,1,1,3,1.08000004291534,1.08000004291534
01,2011-01-18,23080760,,"",SAN ROQUE [23080760],Pluviométrica,Convencional,Activa,Antioquia,San Roque,6.4875,-75.017,820,5/15/1975,,Monchia,Magdalena Cauca,Medio Magdalena,Río Nare,2011,18,Andes,Preliminar,0,0,0,2.99262452125549,2.99262452125549,0,2.27426910400391,0.898479700088501,3.05454540252686,6.04363632202148,5,10,0.869565188884735,0.876811623573303,1,1,4,1.08000004291534,0
01,2011-01-19,23080760,,"",SAN ROQUE [23080760],Pluviométrica,Convencional,Activa,Antioquia,San Roque,6.4875,-75.017,820,5/15/1975,,Monchia,Magdalena Cauca,Medio Magdalena,Río Nare,2011,19,Andes,Preliminar,0,0,0,1.50649130344391,1.50649130344391,0,2.64405107498169,0.0298123527318239,3.05454540252686,6.04363632202148,5,10,0.869565188884735,0.876811623573303,1,1,4,1.08000004291534,0
01,2016-01-18,23080760,,"",SAN ROQUE [23080760],Pluviométrica,Convencional,Activa,Antioquia,San Roque,6.4875,-75.017,820,5/15/1975,,Monchia,Magdalena Cauca,Medio Magdalena,Río Nare,2016,18,Andes,Preliminar,0,0,0,0.0338226407766342,0.0338226407766342,0,0,0,3.05454540252686,6.04363632202148,5,10,0.869565188884735,0.876811623573303,1,1,4,1.08000004291534,0
01,2017-01-15,23080760,0,Definitivo,SAN ROQUE [23080760],Pluviométrica,Convencional,Activa,Antioquia,San Roque,6.4875,-75.017,820,5/15/1975,,Monchia,Magdalena Cauca,Medio Magdalena,Río Nare,2017,15,Andes,Definitivo,0,0,0,1.79055988788605,1.79055988788605,0,2.12964034080505,1.57242977619171,3.05454540252686,6.04363632202148,5,10,0.869565188884735,0.876811623573303,1,1,3,1.08000004291534,0
01,2018-01-13,23080760,0,Definitivo,SAN ROQUE [23080760],Pluviométrica,Convencional,Activa,Antioquia,San Roque,6.4875,-75.017,820,5/15/1975,,Monchia,Magdalena Cauca,Medio Magdalena,Río Nare,2018,13,Andes,Definitivo,0,0,0,1.72800242900848,1.72800242900848,8.48206233978272,4.35783672332764,0.464670598506928,3.05454540252686,6.04363632202148,5,10,0.869565188884735,0.876811623573303,1,1,3,1.08000004291534,0
01,2020-01-08,23080760,0,Definitivo,SAN ROQUE [23080760],Pluviométrica,Convencional,Activa,Antioquia,San Roque,6.4875,-75.017,820,5/15/1975,,Monchia,Magdalena Cauca,Medio Magdalena,Río Nare,2020,08,Andes,Definitivo,0,0,0,0.121738210320473,0.121738210320473,0,1.25672769546509,0.30869859457016,3.05454540252686,6.04363632202148,5,10,0.869565188884735,0.876811623573303,1,1,2,1.08000004291534,0
01,2021-01-05,23080760,0,Definitivo,SAN ROQUE [23080760],Pluviométrica,Convencional,Activa,Antioquia,San Roque,6.4875,-75.017,820,5/15/1975,,Monchia,Magdalena Cauca,Medio Magdalena,Río Nare,2021,05,Andes,Definitivo,0,0,0,0.733342051506043,0.733342051506043,0,0.322501331567764,0.706323325634003,3.05454540252686,6.04363632202148,5,10,0.869565188884735,0.876811623573303,1,1,1,1.08000004291534,0
01,2013-01-05,23080760,,"",SAN ROQUE [23080760],Pluviométrica,Convencional,Activa,Antioquia,San Roque,6.4875,-75.017,820,5/15/1975,,Monchia,Magdalena Cauca,Medio Magdalena,Río Nare,2013,05,Andes,Preliminar,0,0,0,3.58273601531982,3.58273601531982,0,2.54402494430542,0,3.05454540252686,6.04363632202148,5,10,0.869565188884735,0.876811623573303,1,1,1,1.08000004291534,0
01,2014-01-02,23080760,,"",SAN ROQUE [23080760],Pluviométrica,Convencional,Activa,Antioquia,San Roque,6.4875,-75.017,820,5/15/1975,,Monchia,Magdalena Cauca,Medio Magdalena,Río Nare,2014,02,Andes,Preliminar,0,0,0,0.34179225564003,0.34179225564003,0,6.84298181533814,0,3.05454540252686,6.04363632202148,5,10,0.869565188884735,0.876811623573303,1,1,1,1.08000004291534,0
01,2014-01-03,23080760,1,Definitivo,SAN ROQUE [23080760],Pluviométrica,Convencional,Activa,Antioquia,San Roque,6.4875,-75.017,820,5/15/1975,,Monchia,Magdalena Cauca,Medio Magdalena,Río Nare,2014,03,Andes,Definitivo,1,1,0,1.00690519809723,1.00690519809723,0,7.69875717163086,0.134307101368904,3.05454540252686,6.04363632202148,5,10,0.869565188884735,0.876811623573303,1,1,1,1.08000004291534,1.08000004291534
01,2022-01-18,23080760,0,Definitivo,SAN ROQUE [23080760],Pluviométrica,Convencional,Activa,Antioquia,San Roque,6.4875,-75.017,820,5/15/1975,,Monchia,Magdalena Cauca,Medio Magdalena,Río Nare,2022,18,Andes,Definitivo,0,0,0,1.26281034946442,1.26281034946442,0,0,0,3.05454540252686,6.04363632202148,5,10,0.869565188884735,0.876811623573303,1,1,4,1.08000004291534,0
01,2020-01-19,23080760,0,Definitivo,SAN ROQUE [23080760],Pluviométrica,Convencional,Activa,Antioquia,San Roque,6.4875,-75.017,820,5/15/1975,,Monchia,Magdalena Cauca,Medio Magdalena,Río Nare,2020,19,Andes,Definitivo,0,0,0,0,0,0,0.173156976699829,0.0153469862416387,3.05454540252686,6.04363632202148,5,10,0.869565188884735,0.876811623573303,1,1,4,1.08000004291534,0
01,2019-01-20,23080760,48,Definitivo,SAN ROQUE [23080760],Pluviométrica,Convencional,Activa,Antioquia,San Roque,6.4875,-75.017,820,5/15/1975,,Monchia,Magdalena Cauca,Medio Magdalena,Río Nare,2019,20,Andes,Definitivo,48,48,0,0,0,0,0.289055228233337,0.950332283973694,3.05454540252686,6.04363632202148,5,10,0.869565188884735,0.876811623573303,1,1,4,1.08000004291534,51.8400020599365
01,2017-01-20,23080760,0,Definitivo,SAN ROQUE [23080760],Pluviométrica,Convencional,Activa,Antioquia,San Roque,6.4875,-75.017,820,5/15/1975,,Monchia,Magdalena Cauca,Medio Magdalena,Río Nare,2017,20,Andes,Definitivo,0,0,0,0.874595582485199,0.874595582485199,0,0,0,3.05454540252686,6.04363632202148,5,10,0.869565188884735,0.876811623573303,1,1,4,1.08000004291534,0
01,2017-01-19,23080760,0,Definitivo,SAN ROQUE [23080760],Pluviométrica,Convencional,Activa,Antioquia,San Roque,6.4875,-75.017,820,5/15/1975,,Monchia,Magdalena Cauca,Medio Magdalena,Río Nare,2017,19,Andes,Definitivo,0,0,0,0.254845589399338,0.254845589399338,0,0,0,3.05454540252686,6.04363632202148,5,10,0.869565188884735,0.876811623573303,1,1,4,1.08000004291534,0
01,2011-01-20,23080760,,"",SAN ROQUE [23080760],Pluviométrica,Convencional,Activa,Antioquia,San Roque,6.4875,-75.017,820,5/15/1975,,Monchia,Magdalena Cauca,Medio Magdalena,Río Nare,2011,20,Andes,Preliminar,0,0,0,5.93435430526733,5.93435430526733,0,1.0652117729187,0.417134910821915,3.05454540252686,6.04363632202148,5,10,0.869565188884735,0.876811623573303,1,1,4,1.08000004291534,0
01,2011-01-21,23080760,,"",SAN ROQUE [23080760],Pluviométrica,Convencional,Activa,Antioquia,San Roque,6.4875,-75.017,820,5/15/1975,,Monchia,Magdalena Cauca,Medio Magdalena,Río Nare,2011,21,Andes,Preliminar,0,0,0,2.9016125202179,2.9016125202179,0,0.504736304283142,0.754736185073853,3.05454540252686,6.04363632202148,5,10,0.869565188884735,0.876811623573303,1,1,5,1.08000004291534,0
01,2013-01-22,23080760,0,Definitivo,SAN ROQUE [23080760],Pluviométrica,Convencional,Activa,Antioquia,San Roque,6.4875,-75.017,820,5/15/1975,,Monchia,Magdalena Cauca,Medio Magdalena,Río Nare,2013,22,Andes,Definitivo,0,0,0,0.788348495960236,0.788348495960236,0,1.20893859863281,0,3.05454540252686,6.04363632202148,5,10,0.869565188884735,0.876811623573303,1,1,5,1.08000004291534,0
01,2016-01-21,23080760,,"",SAN ROQUE [23080760],Pluviométrica,Convencional,Activa,Antioquia,San Roque,6.4875,-75.017,820,5/15/1975,,Monchia,Magdalena Cauca,Medio Magdalena,Río Nare,2016,21,Andes,Preliminar,0,0,0,0.0192541461437941,0.0192541461437941,0,0.0814844816923142,0,3.05454540252686,6.04363632202148,5,10,0.869565188884735,0.876811623573303,1,1,5,1.08000004291534,0
01,2014-01-01,23080760,,"",SAN ROQUE [23080760],Pluviométrica,Convencional,Activa,Antioquia,San Roque,6.4875,-75.017,820,5/15/1975,,Monchia,Magdalena Cauca,Medio Magdalena,Río Nare,2014,01,Andes,Preliminar,0,0,0,2.08259701728821,2.08259701728821,0,5.63692760467529,0.0486395433545113,3.05454540252686,6.04363632202148,5,10,0.869565188884735,0.876811623573303,1,1,1,1.08000004291534,0
01,2015-01-26,23080760,,"",SAN ROQUE [23080760],Pluviométrica,Convencional,Activa,Antioquia,San Roque,6.4875,-75.017,820,5/15/1975,,Monchia,Magdalena Cauca,Medio Magdalena,Río Nare,2015,26,Andes,Preliminar,0,0,0,3.10311198234558,3.10311198234558,0,2.58716440200806,0,3.05454540252686,6.04363632202148,5,10,0.869565188884735,0.876811623573303,1,1,6,1.08000004291534,0
01,2016-01-23,23080760,0,Definitivo,SAN ROQUE [23080760],Pluviométrica,Convencional,Activa,Antioquia,San Roque,6.4875,-75.017,820,5/15/1975,,Monchia,Magdalena Cauca,Medio Magdalena,Río Nare,2016,23,Andes,Definitivo,0,0,0,0.0124237351119518,0.0124237351119518,0,0.345545649528503,0,3.05454540252686,6.04363632202148,5,10,0.869565188884735,0.876811623573303,1,1,5,1.08000004291534,0
01,2019-01-21,23080760,7,Definitivo,SAN ROQUE [23080760],Pluviométrica,Convencional,Activa,Antioquia,San Roque,6.4875,-75.017,820,5/15/1975,,Monchia,Magdalena Cauca,Medio Magdalena,Río Nare,2019,21,Andes,Definitivo,7,7,0,5.63801670074463,5.63801670074463,0,24.8314037322998,9.53205394744873,3.05454540252686,6.04363632202148,5,10,0.869565188884735,0.876811623573303,1,1,5,1.08000004291534,7.56000030040741
01,2014-01-04,23080760,0,Definitivo,SAN ROQUE [23080760],Pluviométrica,Convencional,Activa,Antioquia,San Roque,6.4875,-75.017,820,5/15/1975,,Monchia,Magdalena Cauca,Medio Magdalena,Río Nare,2014,04,Andes,Definitivo,0,0,0,0.605269432067871,0.605269432067871,0,2.85179400444031,0.553217351436615,3.05454540252686,6.04363632202148,5,10,0.869565188884735,0.876811623573303,1,1,1,1.08000004291534,0
01,2013-01-08,23080760,,"",SAN ROQUE [23080760],Pluviométrica,Convencional,Activa,Antioquia,San Roque,6.4875,-75.017,820,5/15/1975,,Monchia,Magdalena Cauca,Medio Magdalena,Río Nare,2013,08,Andes,Preliminar,0,0,0,0,0,0,0.400518745183945,0.463827580213547,3.05454540252686,6.04363632202148,5,10,0.869565188884735,0.876811623573303,1,1,2,1.08000004291534,0
01,2013-01-09,23080760,,"",SAN ROQUE [23080760],Pluviométrica,Convencional,Activa,Antioquia,San Roque,6.4875,-75.017,820,5/15/1975,,Monchia,Magdalena Cauca,Medio Magdalena,Río Nare,2013,09,Andes,Preliminar,0,0,0,0,0,0,0,0.463827580213547,3.05454540252686,6.04363632202148,5,10,0.869565188884735,0.876811623573303,1,1,2,1.08000004291534,0
01,2013-01-10,23080760,0,Definitivo,SAN ROQUE [23080760],Pluviométrica,Convencional,Activa,Antioquia,San Roque,6.4875,-75.017,820,5/15/1975,,Monchia,Magdalena Cauca,Medio Magdalena,Río Nare,2013,10,Andes,Definitivo,0,0,0,2.99156475067139,2.99156475067139,0,0,0.463827580213547,3.05454540252686,6.04363632202148,5,10,0.869565188884735,0.876811623573303,1,1,2,1.08000004291534,0
01,2012-01-15,23080760,,"",SAN ROQUE [23080760],Pluviométrica,Convencional,Activa,Antioquia,San Roque,6.4875,-75.017,820,5/15/1975,,Monchia,Magdalena Cauca,Medio Magdalena,Río Nare,2012,15,Andes,Preliminar,0,0,0,4.53836393356323,4.53836393356323,7.14757490158081,10.75794506073,6.120041847229,3.05454540252686,6.04363632202148,5,10,0.869565188884735,0.876811623573303,1,1,3,1.08000004291534,0
01,2015-01-20,23080760,54,Definitivo,SAN ROQUE [23080760],Pluviométrica,Convencional,Activa,Antioquia,San Roque,6.4875,-75.017,820,5/15/1975,,Monchia,Magdalena Cauca,Medio Magdalena,Río Nare,2015,20,Andes,Definitivo,54,54,0,3.54815483093262,3.54815483093262,0,6.14334440231323,2.58437848091126,3.05454540252686,6.04363632202148,5,10,0.869565188884735,0.876811623573303,1,1,4,1.08000004291534,58.3200023174286
01,2017-01-14,23080760,0,Definitivo,SAN ROQUE [23080760],Pluviométrica,Convencional,Activa,Antioquia,San Roque,6.4875,-75.017,820,5/15/1975,,Monchia,Magdalena Cauca,Medio Magdalena,Río Nare,2017,14,Andes,Definitivo,0,0,0,2.11678814888001,2.11678814888001,0,4.53863000869751,7.56500625610352,3.05454540252686,6.04363632202148,5,10,0.869565188884735,0.876811623573303,1,1,3,1.08000004291534,0
01,2018-01-12,23080760,8,Definitivo,SAN ROQUE [23080760],Pluviométrica,Convencional,Activa,Antioquia,San Roque,6.4875,-75.017,820,5/15/1975,,Monchia,Magdalena Cauca,Medio Magdalena,Río Nare,2018,12,Andes,Definitivo,8,8,0,0.941097855567932,0.941097855567932,0,2.20653247833252,3.97933459281921,3.05454540252686,6.04363632202148,5,10,0.869565188884735,0.876811623573303,1,1,3,1.08000004291534,8.64000034332275
01,2019-01-10,23080760,5,Definitivo,SAN ROQUE [23080760],Pluviométrica,Convencional,Activa,Antioquia,San Roque,6.4875,-75.017,820,5/15/1975,,Monchia,Magdalena Cauca,Medio Magdalena,Río Nare,2019,10,Andes,Definitivo,5,5,0,5.74554347991943,5.74554347991943,0,14.1221618652344,4.63844776153565,3.05454540252686,6.04363632202148,5,10,0.869565188884735,0.876811623573303,1,1,2,1.08000004291534,5.40000021457672
01,2016-01-22,23080760,,"",SAN ROQUE [23080760],Pluviométrica,Convencional,Activa,Antioquia,San Roque,6.4875,-75.017,820,5/15/1975,,Monchia,Magdalena Cauca,Medio Magdalena,Río Nare,2016,22,Andes,Preliminar,0,0,0,0.242287486791611,0.242287486791611,0,0.297263979911804,0,3.05454540252686,6.04363632202148,5,10,0.869565188884735,0.876811623573303,1,1,5,1.08000004291534,0
01,2022-01-02,23080760,0,Definitivo,SAN ROQUE [23080760],Pluviométrica,Convencional,Activa,Antioquia,San Roque,6.4875,-75.017,820,5/15/1975,,Monchia,Magdalena Cauca,Medio Magdalena,Río Nare,2022,02,Andes,Definitivo,0,0,0,0.52008992433548,0.52008992433548,0,5.67707920074463,1.99919772148132,3.05454540252686,6.04363632202148,5,10,0.869565188884735,0.876811623573303,1,1,1,1.08000004291534,0
01,2012-01-21,23080760,,"",SAN ROQUE [23080760],Pluviométrica,Convencional,Activa,Antioquia,San Roque,6.4875,-75.017,820,5/15/1975,,Monchia,Magdalena Cauca,Medio Magdalena,Río Nare,2012,21,Andes,Preliminar,0,0,0,1.30428409576416,1.30428409576416,0,2.9874529838562,0,3.05454540252686,6.04363632202148,5,10,0.869565188884735,0.876811623573303,1,1,5,1.08000004291534,0
01,2014-01-22,23080760,40,Definitivo,SAN ROQUE [23080760],Pluviométrica,Convencional,Activa,Antioquia,San Roque,6.4875,-75.017,820,5/15/1975,,Monchia,Magdalena Cauca,Medio Magdalena,Río Nare,2014,22,Andes,Definitivo,40,40,0,4.02560377120972,4.02560377120972,0,13.4107618331909,23.3177547454834,3.05454540252686,6.04363632202148,5,10,0.869565188884735,0.876811623573303,1,1,5,1.08000004291534,43.2000017166138
01,2019-01-22,23080760,0,Definitivo,SAN ROQUE [23080760],Pluviométrica,Convencional,Activa,Antioquia,San Roque,6.4875,-75.017,820,5/15/1975,,Monchia,Magdalena Cauca,Medio Magdalena,Río Nare,2019,22,Andes,Definitivo,0,0,0,0.48269447684288,0.48269447684288,0,0.188936650753021,0,3.05454540252686,6.04363632202148,5,10,0.869565188884735,0.876811623573303,1,1,5,1.08000004291534,0
01,2020-01-22,23080760,0,Definitivo,SAN ROQUE [23080760],Pluviométrica,Convencional,Activa,Antioquia,San Roque,6.4875,-75.017,820,5/15/1975,,Monchia,Magdalena Cauca,Medio Magdalena,Río Nare,2020,22,Andes,Definitivo,0,0,0,6.34493541717529,6.34493541717529,22.4781665802002,22.2870635986328,29.7814674377441,3.05454540252686,6.04363632202148,5,10,0.869565188884735,0.876811623573303,1,1,5,1.08000004291534,0
01,2018-01-22,23080760,10,Definitivo,SAN ROQUE [23080760],Pluviométrica,Convencional,Activa,Antioquia,San Roque,6.4875,-75.017,820,5/15/1975,,Monchia,Magdalena Cauca,Medio Magdalena,Río Nare,2018,22,Andes,Definitivo,10,10,0,0,0,0,0.338068753480911,29.6530857086182,3.05454540252686,6.04363632202148,5,10,0.869565188884735,0.876811623573303,1,1,5,1.08000004291534,10.8000004291534
01,2018-01-21,23080760,44,Definitivo,SAN ROQUE [23080760],Pluviométrica,Convencional,Activa,Antioquia,San Roque,6.4875,-75.017,820,5/15/1975,,Monchia,Magdalena Cauca,Medio Magdalena,Río Nare,2018,21,Andes,Definitivo,44,44,0,8.9329137802124,8.9329137802124,0,1.00168931484222,3.25803089141846,3.05454540252686,6.04363632202148,5,10,0.869565188884735,0.876811623573303,1,1,5,1.08000004291534,47.5200018882752
01,2019-01-19,23080760,0,Definitivo,SAN ROQUE [23080760],Pluviométrica,Convencional,Activa,Antioquia,San Roque,6.4875,-75.017,820,5/15/1975,,Monchia,Magdalena Cauca,Medio Magdalena,Río Nare,2019,19,Andes,Definitivo,0,0,0,0.482468724250794,0.482468724250794,0,0.36610934138298,0.950332283973694,3.05454540252686,6.04363632202148,5,10,0.869565188884735,0.876811623573303,1,1,4,1.08000004291534,0
01,2012-01-16,23080760,,"",SAN ROQUE [23080760],Pluviométrica,Convencional,Activa,Antioquia,San Roque,6.4875,-75.017,820,5/15/1975,,Monchia,Magdalena Cauca,Medio Magdalena,Río Nare,2012,16,Andes,Preliminar,0,0,0,3.1272144317627,3.1272144317627,0,1.82683157920837,0.0555691868066788,3.05454540252686,6.04363632202148,5,10,0.869565188884735,0.876811623573303,1,1,4,1.08000004291534,0
01,2012-01-17,23080760,15,Definitivo,SAN ROQUE [23080760],Pluviométrica,Convencional,Activa,Antioquia,San Roque,6.4875,-75.017,820,5/15/1975,,Monchia,Magdalena Cauca,Medio Magdalena,Río Nare,2012,17,Andes,Definitivo,15,15,0,1.1273854970932,1.1273854970932,0,6.96509170532227,2.14599609375,3.05454540252686,6.04363632202148,5,10,0.869565188884735,0.876811623573303,1,1,4,1.08000004291534,16.2000006437302
01,2012-01-18,23080760,5,Definitivo,SAN ROQUE [23080760],Pluviométrica,Convencional,Activa,Antioquia,San Roque,6.4875,-75.017,820,5/15/1975,,Monchia,Magdalena Cauca,Medio Magdalena,Río Nare,2012,18,Andes,Definitivo,5,5,0,8.77084350585938,8.77084350585938,34.3035583496094,12.091513633728,29.3608322143555,3.05454540252686,6.04363632202148,5,10,0.869565188884735,0.876811623573303,1,1,4,1.08000004291534,5.40000021457672
01,2011-01-22,23080760,,"",SAN ROQUE [23080760],Pluviométrica,Convencional,Activa,Antioquia,San Roque,6.4875,-75.017,820,5/15/1975,,Monchia,Magdalena Cauca,Medio Magdalena,Río Nare,2011,22,Andes,Preliminar,0,0,0,0.977478086948395,0.977478086948395,0,0.182168751955032,0.0825330466032028,3.05454540252686,6.04363632202148,5,10,0.869565188884735,0.876811623573303,1,1,5,1.08000004291534,0
01,2021-01-04,23080760,0,Definitivo,SAN ROQUE [23080760],Pluviométrica,Convencional,Activa,Antioquia,San Roque,6.4875,-75.017,820,5/15/1975,,Monchia,Magdalena Cauca,Medio Magdalena,Río Nare,2021,04,Andes,Definitivo,0,0,0,0.362953931093216,0.362953931093216,0,0.550337553024292,0.706323325634003,3.05454540252686,6.04363632202148,5,10,0.869565188884735,0.876811623573303,1,1,1,1.08000004291534,0
01,2014-01-21,23080760,,"",SAN ROQUE [23080760],Pluviométrica,Convencional,Activa,Antioquia,San Roque,6.4875,-75.017,820,5/15/1975,,Monchia,Magdalena Cauca,Medio Magdalena,Río Nare,2014,21,Andes,Preliminar,0,0,0,2.83860731124878,2.83860731124878,35.7227287292481,4.58146810531616,3.61297559738159,3.05454540252686,6.04363632202148,5,10,0.869565188884735,0.876811623573303,1,1,5,1.08000004291534,0
01,2013-01-16,23080760,,"",SAN ROQUE [23080760],Pluviométrica,Convencional,Activa,Antioquia,San Roque,6.4875,-75.017,820,5/15/1975,,Monchia,Magdalena Cauca,Medio Magdalena,Río Nare,2013,16,Andes,Preliminar,0,0,0,1.73166298866272,1.73166298866272,0,1.59426856040955,1.00802195072174,3.05454540252686,6.04363632202148,5,10,0.869565188884735,0.876811623573303,1,1,4,1.08000004291534,0
01,2013-01-17,23080760,,"",SAN ROQUE [23080760],Pluviométrica,Convencional,Activa,Antioquia,San Roque,6.4875,-75.017,820,5/15/1975,,Monchia,Magdalena Cauca,Medio Magdalena,Río Nare,2013,17,Andes,Preliminar,0,0,0,1.40642929077148,1.40642929077148,0,1.56524121761322,2.68805861473084,3.05454540252686,6.04363632202148,5,10,0.869565188884735,0.876811623573303,1,1,4,1.08000004291534,0
01,2014-01-23,23080760,0,Definitivo,SAN ROQUE [23080760],Pluviométrica,Convencional,Activa,Antioquia,San Roque,6.4875,-75.017,820,5/15/1975,,Monchia,Magdalena Cauca,Medio Magdalena,Río Nare,2014,23,Andes,Definitivo,0,0,0,3.11919403076172,3.11919403076172,0,4.72764015197754,2.41455960273743,3.05454540252686,6.04363632202148,5,10,0.869565188884735,0.876811623573303,1,1,5,1.08000004291534,0
01,2015-01-01,23080760,0,Definitivo,SAN ROQUE [23080760],Pluviométrica,Convencional,Activa,Antioquia,San Roque,6.4875,-75.017,820,5/15/1975,,Monchia,Magdalena Cauca,Medio Magdalena,Río Nare,2015,01,Andes,Definitivo,0,0,0,2.96429920196533,2.96429920196533,0,2.67535901069641,0.541567444801331,3.05454540252686,6.04363632202148,5,10,0.869565188884735,0.876811623573303,1,1,1,1.08000004291534,0
01,2014-01-05,23080760,71,Definitivo,SAN ROQUE [23080760],Pluviométrica,Convencional,Activa,Antioquia,San Roque,6.4875,-75.017,820,5/15/1975,,Monchia,Magdalena Cauca,Medio Magdalena,Río Nare,2014,05,Andes,Definitivo,71,71,0,1.16855692863464,1.16855692863464,0,4.48330640792847,26.7776050567627,3.05454540252686,6.04363632202148,5,10,0.869565188884735,0.876811623573303,1,1,1,1.08000004291534,76.6800030469894
01,2014-01-06,23080760,,"",SAN ROQUE [23080760],Pluviométrica,Convencional,Activa,Antioquia,San Roque,6.4875,-75.017,820,5/15/1975,,Monchia,Magdalena Cauca,Medio Magdalena,Río Nare,2014,06,Andes,Preliminar,0,0,0,1.8013858795166,1.8013858795166,24.5294666290283,7.40361404418945,14.7711238861084,3.05454540252686,6.04363632202148,5,10,0.869565188884735,0.876811623573303,1,1,2,1.08000004291534,0
01,2014-01-07,23080760,13,Definitivo,SAN ROQUE [23080760],Pluviométrica,Convencional,Activa,Antioquia,San Roque,6.4875,-75.017,820,5/15/1975,,Monchia,Magdalena Cauca,Medio Magdalena,Río Nare,2014,07,Andes,Definitivo,13,13,0,8.24140357971191,8.24140357971191,6.13236665725708,9.5815315246582,13.0911731719971,3.05454540252686,6.04363632202148,5,10,0.869565188884735,0.876811623573303,1,1,2,1.08000004291534,14.0400005578995
01,2015-01-19,23080760,,"",SAN ROQUE [23080760],Pluviométrica,Convencional,Activa,Antioquia,San Roque,6.4875,-75.017,820,5/15/1975,,Monchia,Magdalena Cauca,Medio Magdalena,Río Nare,2015,19,Andes,Preliminar,0,0,0,16.9005451202393,16.9005451202393,15.6906213760376,5.52452325820923,7.78635168075562,3.05454540252686,6.04363632202148,5,10,0.869565188884735,0.876811623573303,1,1,4,1.08000004291534,0
01,2016-01-17,23080760,,"",SAN ROQUE [23080760],Pluviométrica,Convencional,Activa,Antioquia,San Roque,6.4875,-75.017,820,5/15/1975,,Monchia,Magdalena Cauca,Medio Magdalena,Río Nare,2016,17,Andes,Preliminar,0,0,0,0.0672635287046433,0.0672635287046433,0,0,0,3.05454540252686,6.04363632202148,5,10,0.869565188884735,0.876811623573303,1,1,4,1.08000004291534,0
01,2018-01-11,23080760,0,Definitivo,SAN ROQUE [23080760],Pluviométrica,Convencional,Activa,Antioquia,San Roque,6.4875,-75.017,820,5/15/1975,,Monchia,Magdalena Cauca,Medio Magdalena,Río Nare,2018,11,Andes,Definitivo,0,0,0,4.69370174407959,4.69370174407959,16.9641246795654,4.96975231170654,9.30900382995605,3.05454540252686,6.04363632202148,5,10,0.869565188884735,0.876811623573303,1,1,3,1.08000004291534,0
01,2019-01-09,23080760,10,Definitivo,SAN ROQUE [23080760],Pluviométrica,Convencional,Activa,Antioquia,San Roque,6.4875,-75.017,820,5/15/1975,,Monchia,Magdalena Cauca,Medio Magdalena,Río Nare,2019,09,Andes,Definitivo,10,10,0,3.55725502967834,3.55725502967834,0,5.58437252044678,6.89562749862671,3.05454540252686,6.04363632202148,5,10,0.869565188884735,0.876811623573303,1,1,2,1.08000004291534,10.8000004291534
01,2011-01-23,23080760,,"",SAN ROQUE [23080760],Pluviométrica,Convencional,Activa,Antioquia,San Roque,6.4875,-75.017,820,5/15/1975,,Monchia,Magdalena Cauca,Medio Magdalena,Río Nare,2011,23,Andes,Preliminar,0,0,0,0.440305411815643,0.440305411815643,0,0.339622169733048,0.0799376666545868,3.05454540252686,6.04363632202148,5,10,0.869565188884735,0.876811623573303,1,1,5,1.08000004291534,0
01,2022-01-01,23080760,23,Definitivo,SAN ROQUE [23080760],Pluviométrica,Convencional,Activa,Antioquia,San Roque,6.4875,-75.017,820,5/15/1975,,Monchia,Magdalena Cauca,Medio Magdalena,Río Nare,2022,01,Andes,Definitivo,23,23,0,1.36205339431763,1.36205339431763,0,1.95947730541229,1.99919772148132,3.05454540252686,6.04363632202148,5,10,0.869565188884735,0.876811623573303,1,1,1,1.08000004291534,24.8400009870529
01,2014-01-12,23080760,,"",SAN ROQUE [23080760],Pluviométrica,Convencional,Activa,Antioquia,San Roque,6.4875,-75.017,820,5/15/1975,,Monchia,Magdalena Cauca,Medio Magdalena,Río Nare,2014,12,Andes,Preliminar,0,0,0,0.764093101024628,0.764093101024628,0,0.537446200847626,0.227856695652008,3.05454540252686,6.04363632202148,5,10,0.869565188884735,0.876811623573303,1,1,3,1.08000004291534,0
01,2014-01-13,23080760,,"",SAN ROQUE [23080760],Pluviométrica,Convencional,Activa,Antioquia,San Roque,6.4875,-75.017,820,5/15/1975,,Monchia,Magdalena Cauca,Medio Magdalena,Río Nare,2014,13,Andes,Preliminar,0,0,0,0.563630104064941,0.563630104064941,0,0.18935127556324,0.150429651141167,3.05454540252686,6.04363632202148,5,10,0.869565188884735,0.876811623573303,1,1,3,1.08000004291534,0
01,2012-01-22,23080760,2,Definitivo,SAN ROQUE [23080760],Pluviométrica,Convencional,Activa,Antioquia,San Roque,6.4875,-75.017,820,5/15/1975,,Monchia,Magdalena Cauca,Medio Magdalena,Río Nare,2012,22,Andes,Definitivo,2,2,0,4.14178419113159,4.14178419113159,0,2.2651538848877,3.20033240318298,3.05454540252686,6.04363632202148,5,10,0.869565188884735,0.876811623573303,1,1,5,1.08000004291534,2.16000008583069
01,2017-01-21,23080760,0,Definitivo,SAN ROQUE [23080760],Pluviométrica,Convencional,Activa,Antioquia,San Roque,6.4875,-75.017,820,5/15/1975,,Monchia,Magdalena Cauca,Medio Magdalena,Río Nare,2017,21,Andes,Definitivo,0,0,0,1.30654275417328,1.30654275417328,0,0.643397808074951,1.39552795886993,3.05454540252686,6.04363632202148,5,10,0.869565188884735,0.876811623573303,1,1,5,1.08000004291534,0
01,2019-01-23,23080760,0,Definitivo,SAN ROQUE [23080760],Pluviométrica,Convencional,Activa,Antioquia,San Roque,6.4875,-75.017,820,5/15/1975,,Monchia,Magdalena Cauca,Medio Magdalena,Río Nare,2019,23,Andes,Definitivo,0,0,0,0.39091095328331,0.39091095328331,0,0,0,3.05454540252686,6.04363632202148,5,10,0.869565188884735,0.876811623573303,1,1,5,1.08000004291534,0
01,2020-01-21,23080760,30,Definitivo,SAN ROQUE [23080760],Pluviométrica,Convencional,Activa,Antioquia,San Roque,6.4875,-75.017,820,5/15/1975,,Monchia,Magdalena Cauca,Medio Magdalena,Río Nare,2020,21,Andes,Definitivo,30,30,0,1.07482290267944,1.07482290267944,11.2390832901001,6.66543674468994,4.28608655929565,3.05454540252686,6.04363632202148,5,10,0.869565188884735,0.876811623573303,1,1,5,1.08000004291534,32.4000012874603
01,2019-01-18,23080760,0,Definitivo,SAN ROQUE [23080760],Pluviométrica,Convencional,Activa,Antioquia,San Roque,6.4875,-75.017,820,5/15/1975,,Monchia,Magdalena Cauca,Medio Magdalena,Río Nare,2019,18,Andes,Definitivo,0,0,0,0.83250367641449,0.83250367641449,0,3.154705286026,4.89662742614746,3.05454540252686,6.04363632202148,5,10,0.869565188884735,0.876811623573303,1,1,4,1.08000004291534,0
01,2013-01-11,23080760,,"",SAN ROQUE [23080760],Pluviométrica,Convencional,Activa,Antioquia,San Roque,6.4875,-75.017,820,5/15/1975,,Monchia,Magdalena Cauca,Medio Magdalena,Río Nare,2013,11,Andes,Preliminar,0,0,0,0,0,0,0,0,3.05454540252686,6.04363632202148,5,10,0.869565188884735,0.876811623573303,1,1,3,1.08000004291534,0
01,2013-01-12,23080760,,"",SAN ROQUE [23080760],Pluviométrica,Convencional,Activa,Antioquia,San Roque,6.4875,-75.017,820,5/15/1975,,Monchia,Magdalena Cauca,Medio Magdalena,Río Nare,2013,12,Andes,Preliminar,0,0,0,0.234865352511406,0.234865352511406,0,0.951398432254791,0.0708273500204086,3.05454540252686,6.04363632202148,5,10,0.869565188884735,0.876811623573303,1,1,3,1.08000004291534,0
01,2013-01-13,23080760,,"",SAN ROQUE [23080760],Pluviométrica,Convencional,Activa,Antioquia,San Roque,6.4875,-75.017,820,5/15/1975,,Monchia,Magdalena Cauca,Medio Magdalena,Río Nare,2013,13,Andes,Preliminar,0,0,0,1.71697950363159,1.71697950363159,9.36164855957031,2.55856204032898,10.2157039642334,3.05454540252686,6.04363632202148,5,10,0.869565188884735,0.876811623573303,1,1,3,1.08000004291534,0
01,2013-01-14,23080760,,"",SAN ROQUE [23080760],Pluviométrica,Convencional,Activa,Antioquia,San Roque,6.4875,-75.017,820,5/15/1975,,Monchia,Magdalena Cauca,Medio Magdalena,Río Nare,2013,14,Andes,Preliminar,0,0,0,8.04655265808106,8.04655265808106,0,4.86428117752075,0,3.05454540252686,6.04363632202148,5,10,0.869565188884735,0.876811623573303,1,1,3,1.08000004291534,0
01,2020-01-07,23080760,0,Definitivo,SAN ROQUE [23080760],Pluviométrica,Convencional,Activa,Antioquia,San Roque,6.4875,-75.017,820,5/15/1975,,Monchia,Magdalena Cauca,Medio Magdalena,Río Nare,2020,07,Andes,Definitivo,0,0,0,1.45417773723602,1.45417773723602,0,0.173837035894394,0.30869859457016,3.05454540252686,6.04363632202148,5,10,0.869565188884735,0.876811623573303,1,1,2,1.08000004291534,0
01,2012-01-20,23080760,0,Definitivo,SAN ROQUE [23080760],Pluviométrica,Convencional,Activa,Antioquia,San Roque,6.4875,-75.017,820,5/15/1975,,Monchia,Magdalena Cauca,Medio Magdalena,Río Nare,2012,20,Andes,Definitivo,0,0,0,4.53319501876831,4.53319501876831,0,1.81076419353485,0.0236525908112526,3.05454540252686,6.04363632202148,5,10,0.869565188884735,0.876811623573303,1,1,4,1.08000004291534,0
01,2016-01-05,23080760,,"",SAN ROQUE [23080760],Pluviométrica,Convencional,Activa,Antioquia,San Roque,6.4875,-75.017,820,5/15/1975,,Monchia,Magdalena Cauca,Medio Magdalena,Río Nare,2016,05,Andes,Preliminar,0,0,0,8.09977722167969,8.09977722167969,32.1744689941406,8.28255081176758,4.60738039016724,3.05454540252686,6.04363632202148,5,10,0.869565188884735,0.876811623573303,1,1,1,1.08000004291534,0
01,2015-01-09,23080760,17,Definitivo,SAN ROQUE [23080760],Pluviométrica,Convencional,Activa,Antioquia,San Roque,6.4875,-75.017,820,5/15/1975,,Monchia,Magdalena Cauca,Medio Magdalena,Río Nare,2015,09,Andes,Definitivo,17,17,0,1.96993398666382,1.96993398666382,0,0.147587344050407,0,3.05454540252686,6.04363632202148,5,10,0.869565188884735,0.876811623573303,1,1,2,1.08000004291534,18.3600007295609
01,2014-01-14,23080760,7,Definitivo,SAN ROQUE [23080760],Pluviométrica,Convencional,Activa,Antioquia,San Roque,6.4875,-75.017,820,5/15/1975,,Monchia,Magdalena Cauca,Medio Magdalena,Río Nare,2014,14,Andes,Definitivo,7,7,0,0.15993644297123,0.15993644297123,0,0.141542792320251,1.6460976600647,3.05454540252686,6.04363632202148,5,10,0.869565188884735,0.876811623573303,1,1,3,1.08000004291534,7.56000030040741
01,2012-01-23,23080760,,"",SAN ROQUE [23080760],Pluviométrica,Convencional,Activa,Antioquia,San Roque,6.4875,-75.017,820,5/15/1975,,Monchia,Magdalena Cauca,Medio Magdalena,Río Nare,2012,23,Andes,Preliminar,0,0,0,0.418161690235138,0.418161690235138,0,0.844520092010498,0.424071341753006,3.05454540252686,6.04363632202148,5,10,0.869565188884735,0.876811623573303,1,1,5,1.08000004291534,0
01,2015-01-21,23080760,70,Definitivo,SAN ROQUE [23080760],Pluviométrica,Convencional,Activa,Antioquia,San Roque,6.4875,-75.017,820,5/15/1975,,Monchia,Magdalena Cauca,Medio Magdalena,Río Nare,2015,21,Andes,Definitivo,70,70,0,16.8490695953369,16.8490695953369,23.6345310211182,32.7341194152832,58.419116973877,3.05454540252686,6.04363632202148,5,10,0.869565188884735,0.876811623573303,1,1,5,1.08000004291534,75.6000030040741
01,2015-01-02,23080760,0,Definitivo,SAN ROQUE [23080760],Pluviométrica,Convencional,Activa,Antioquia,San Roque,6.4875,-75.017,820,5/15/1975,,Monchia,Magdalena Cauca,Medio Magdalena,Río Nare,2015,02,Andes,Definitivo,0,0,0,0,0,0,0.0315548665821552,0.541567444801331,3.05454540252686,6.04363632202148,5,10,0.869565188884735,0.876811623573303,1,1,1,1.08000004291534,0
01,2015-01-03,23080760,0,Definitivo,SAN ROQUE [23080760],Pluviométrica,Convencional,Activa,Antioquia,San Roque,6.4875,-75.017,820,5/15/1975,,Monchia,Magdalena Cauca,Medio Magdalena,Río Nare,2015,03,Andes,Definitivo,0,0,0,0.0856073722243309,0.0856073722243309,0,0.000307796784909442,0.541567444801331,3.05454540252686,6.04363632202148,5,10,0.869565188884735,0.876811623573303,1,1,1,1.08000004291534,0
01,2017-01-18,23080760,0,Definitivo,SAN ROQUE [23080760],Pluviométrica,Convencional,Activa,Antioquia,San Roque,6.4875,-75.017,820,5/15/1975,,Monchia,Magdalena Cauca,Medio Magdalena,Río Nare,2017,18,Andes,Definitivo,0,0,0,0.694647073745728,0.694647073745728,0,0,0,3.05454540252686,6.04363632202148,5,10,0.869565188884735,0.876811623573303,1,1,4,1.08000004291534,0
01,2016-01-16,23080760,,"",SAN ROQUE [23080760],Pluviométrica,Convencional,Activa,Antioquia,San Roque,6.4875,-75.017,820,5/15/1975,,Monchia,Magdalena Cauca,Medio Magdalena,Río Nare,2016,16,Andes,Preliminar,0,0,0,0,0,0,0,0,3.05454540252686,6.04363632202148,5,10,0.869565188884735,0.876811623573303,1,1,4,1.08000004291534,0
01,2017-01-13,23080760,0,Definitivo,SAN ROQUE [23080760],Pluviométrica,Convencional,Activa,Antioquia,San Roque,6.4875,-75.017,820,5/15/1975,,Monchia,Magdalena Cauca,Medio Magdalena,Río Nare,2017,13,Andes,Definitivo,0,0,0,1.7227144241333,1.7227144241333,0,2.53388047218323,3.72473502159119,3.05454540252686,6.04363632202148,5,10,0.869565188884735,0.876811623573303,1,1,3,1.08000004291534,0
01,2019-01-08,23080760,0,Definitivo,SAN ROQUE [23080760],Pluviométrica,Convencional,Activa,Antioquia,San Roque,6.4875,-75.017,820,5/15/1975,,Monchia,Magdalena Cauca,Medio Magdalena,Río Nare,2019,08,Andes,Definitivo,0,0,0,3.81781125068665,3.81781125068665,0,2.95769095420837,0,3.05454540252686,6.04363632202148,5,10,0.869565188884735,0.876811623573303,1,1,2,1.08000004291534,0
01,2012-01-19,23080760,29,Definitivo,SAN ROQUE [23080760],Pluviométrica,Convencional,Activa,Antioquia,San Roque,6.4875,-75.017,820,5/15/1975,,Monchia,Magdalena Cauca,Medio Magdalena,Río Nare,2012,19,Andes,Definitivo,29,29,0,3.08707284927368,3.08707284927368,0,10.7733392715454,1.88149154186249,3.05454540252686,6.04363632202148,5,10,0.869565188884735,0.876811623573303,1,1,4,1.08000004291534,31.320001244545
01,2021-01-03,23080760,0,Definitivo,SAN ROQUE [23080760],Pluviométrica,Convencional,Activa,Antioquia,San Roque,6.4875,-75.017,820,5/15/1975,,Monchia,Magdalena Cauca,Medio Magdalena,Río Nare,2021,03,Andes,Definitivo,0,0,0,0.248892322182655,0.248892322182655,0,2.40315413475037,1.9282329082489,3.05454540252686,6.04363632202148,5,10,0.869565188884735,0.876811623573303,1,1,1,1.08000004291534,0
01,2020-01-02,23080760,0,Definitivo,SAN ROQUE [23080760],Pluviométrica,Convencional,Activa,Antioquia,San Roque,6.4875,-75.017,820,5/15/1975,,Monchia,Magdalena Cauca,Medio Magdalena,Río Nare,2020,02,Andes,Definitivo,0,0,0,0.71307247877121,0.71307247877121,0,0.440890580415726,1.71674013137817,3.05454540252686,6.04363632202148,5,10,0.869565188884735,0.876811623573303,1,1,1,1.08000004291534,0
01,2017-01-01,23080760,2,Definitivo,SAN ROQUE [23080760],Pluviométrica,Convencional,Activa,Antioquia,San Roque,6.4875,-75.017,820,5/15/1975,,Monchia,Magdalena Cauca,Medio Magdalena,Río Nare,2017,01,Andes,Definitivo,2,2,0,0.302108258008957,0.302108258008957,0,1.44686949253082,0.247898206114769,3.05454540252686,6.04363632202148,5,10,0.869565188884735,0.876811623573303,1,1,1,1.08000004291534,2.16000008583069
01,2015-01-10,23080760,,"",SAN ROQUE [23080760],Pluviométrica,Convencional,Activa,Antioquia,San Roque,6.4875,-75.017,820,5/15/1975,,Monchia,Magdalena Cauca,Medio Magdalena,Río Nare,2015,10,Andes,Preliminar,0,0,0,4.14777660369873,4.14777660369873,5.17123746871948,9.04932117462158,9.40571975708008,3.05454540252686,6.04363632202148,5,10,0.869565188884735,0.876811623573303,1,1,2,1.08000004291534,0
01,2013-01-18,23080760,1,Definitivo,SAN ROQUE [23080760],Pluviométrica,Convencional,Activa,Antioquia,San Roque,6.4875,-75.017,820,5/15/1975,,Monchia,Magdalena Cauca,Medio Magdalena,Río Nare,2013,18,Andes,Definitivo,1,1,0,0.850060284137726,0.850060284137726,0,1.73706674575806,1.00802195072174,3.05454540252686,6.04363632202148,5,10,0.869565188884735,0.876811623573303,1,1,4,1.08000004291534,1.08000004291534
01,2013-01-19,23080760,4,Definitivo,SAN ROQUE [23080760],Pluviométrica,Convencional,Activa,Antioquia,San Roque,6.4875,-75.017,820,5/15/1975,,Monchia,Magdalena Cauca,Medio Magdalena,Río Nare,2013,19,Andes,Definitivo,4,4,0,0.0730805993080139,0.0730805993080139,0,1.22533476352692,1.00802195072174,3.05454540252686,6.04363632202148,5,10,0.869565188884735,0.876811623573303,1,1,4,1.08000004291534,4.32000017166138
01,2017-01-22,23080760,0,Definitivo,SAN ROQUE [23080760],Pluviométrica,Convencional,Activa,Antioquia,San Roque,6.4875,-75.017,820,5/15/1975,,Monchia,Magdalena Cauca,Medio Magdalena,Río Nare,2017,22,Andes,Definitivo,0,0,0,0.416356235742569,0.416356235742569,0,0.728268265724182,0.946493744850159,3.05454540252686,6.04363632202148,5,10,0.869565188884735,0.876811623573303,1,1,5,1.08000004291534,0
01,2015-01-23,23080760,,"",SAN ROQUE [23080760],Pluviométrica,Convencional,Activa,Antioquia,San Roque,6.4875,-75.017,820,5/15/1975,,Monchia,Magdalena Cauca,Medio Magdalena,Río Nare,2015,23,Andes,Preliminar,0,0,0,8.85975456237793,8.85975456237793,17.7258968353271,28.0554618835449,31.5039596557617,3.05454540252686,6.04363632202148,5,10,0.869565188884735,0.876811623573303,1,1,5,1.08000004291534,0
01,2015-01-04,23080760,,"",SAN ROQUE [23080760],Pluviométrica,Convencional,Activa,Antioquia,San Roque,6.4875,-75.017,820,5/15/1975,,Monchia,Magdalena Cauca,Medio Magdalena,Río Nare,2015,04,Andes,Preliminar,0,0,0,0,0,0,0.000307796784909442,0.541567444801331,3.05454540252686,6.04363632202148,5,10,0.869565188884735,0.876811623573303,1,1,1,1.08000004291534,0
01,2014-01-08,23080760,,"",SAN ROQUE [23080760],Pluviométrica,Convencional,Activa,Antioquia,San Roque,6.4875,-75.017,820,5/15/1975,,Monchia,Magdalena Cauca,Medio Magdalena,Río Nare,2014,08,Andes,Preliminar,0,0,0,18.0736179351807,18.0736179351807,0,8.5348653793335,0,3.05454540252686,6.04363632202148,5,10,0.869565188884735,0.876811623573303,1,1,2,1.08000004291534,0
01,2014-01-09,23080760,0,Definitivo,SAN ROQUE [23080760],Pluviométrica,Convencional,Activa,Antioquia,San Roque,6.4875,-75.017,820,5/15/1975,,Monchia,Magdalena Cauca,Medio Magdalena,Río Nare,2014,09,Andes,Definitivo,0,0,0,5.51610612869263,5.51610612869263,0,2.14603042602539,0,3.05454540252686,6.04363632202148,5,10,0.869565188884735,0.876811623573303,1,1,2,1.08000004291534,0
01,2014-01-10,23080760,,"",SAN ROQUE [23080760],Pluviométrica,Convencional,Activa,Antioquia,San Roque,6.4875,-75.017,820,5/15/1975,,Monchia,Magdalena Cauca,Medio Magdalena,Río Nare,2014,10,Andes,Preliminar,0,0,0,2.12585401535034,2.12585401535034,0,1.82329916954041,1.62704038619995,3.05454540252686,6.04363632202148,5,10,0.869565188884735,0.876811623573303,1,1,2,1.08000004291534,0
01,2020-01-06,23080760,0,Definitivo,SAN ROQUE [23080760],Pluviométrica,Convencional,Activa,Antioquia,San Roque,6.4875,-75.017,820,5/15/1975,,Monchia,Magdalena Cauca,Medio Magdalena,Río Nare,2020,06,Andes,Definitivo,0,0,0,1.41564869880676,1.41564869880676,0,0.112928278744221,0.30869859457016,3.05454540252686,6.04363632202148,5,10,0.869565188884735,0.876811623573303,1,1,2,1.08000004291534,0
01,2013-01-15,23080760,,"",SAN ROQUE [23080760],Pluviométrica,Convencional,Activa,Antioquia,San Roque,6.4875,-75.017,820,5/15/1975,,Monchia,Magdalena Cauca,Medio Magdalena,Río Nare,2013,15,Andes,Preliminar,0,0,0,11.0631217956543,11.0631217956543,0,2.30652189254761,0.394231021404266,3.05454540252686,6.04363632202148,5,10,0.869565188884735,0.876811623573303,1,1,3,1.08000004291534,0
01,2020-01-01,23080760,0,Definitivo,SAN ROQUE [23080760],Pluviométrica,Convencional,Activa,Antioquia,San Roque,6.4875,-75.017,820,5/15/1975,,Monchia,Magdalena Cauca,Medio Magdalena,Río Nare,2020,01,Andes,Definitivo,0,0,0,1.22672200202942,1.22672200202942,0,2.67038655281067,0.904751777648926,3.05454540252686,6.04363632202148,5,10,0.869565188884735,0.876811623573303,1,1,1,1.08000004291534,0
01,2013-01-20,23080760,,"",SAN ROQUE [23080760],Pluviométrica,Convencional,Activa,Antioquia,San Roque,6.4875,-75.017,820,5/15/1975,,Monchia,Magdalena Cauca,Medio Magdalena,Río Nare,2013,20,Andes,Preliminar,0,0,0,0.00497579947113991,0.00497579947113991,0,0.598235249519348,1.00802195072174,3.05454540252686,6.04363632202148,5,10,0.869565188884735,0.876811623573303,1,1,4,1.08000004291534,0
01,2016-01-06,23080760,10,Definitivo,SAN ROQUE [23080760],Pluviométrica,Convencional,Activa,Antioquia,San Roque,6.4875,-75.017,820,5/15/1975,,Monchia,Magdalena Cauca,Medio Magdalena,Río Nare,2016,06,Andes,Definitivo,10,10,0,5.55419111251831,5.55419111251831,0,4.44060802459717,7.70970964431763,3.05454540252686,6.04363632202148,5,10,0.869565188884735,0.876811623573303,1,1,2,1.08000004291534,10.8000004291534
01,2015-01-11,23080760,2,Definitivo,SAN ROQUE [23080760],Pluviométrica,Convencional,Activa,Antioquia,San Roque,6.4875,-75.017,820,5/15/1975,,Monchia,Magdalena Cauca,Medio Magdalena,Río Nare,2015,11,Andes,Definitivo,2,2,0,0.0375135466456413,0.0375135466456413,0,0.0271931625902653,0,3.05454540252686,6.04363632202148,5,10,0.869565188884735,0.876811623573303,1,1,3,1.08000004291534,2.16000008583069
01,2014-01-15,23080760,,"",SAN ROQUE [23080760],Pluviométrica,Convencional,Activa,Antioquia,San Roque,6.4875,-75.017,820,5/15/1975,,Monchia,Magdalena Cauca,Medio Magdalena,Río Nare,2014,15,Andes,Preliminar,0,0,0,0.516923069953919,0.516923069953919,0,1.32397055625916,0.150429651141167,3.05454540252686,6.04363632202148,5,10,0.869565188884735,0.876811623573303,1,1,3,1.08000004291534,0
01,2017-01-12,23080760,0,Definitivo,SAN ROQUE [23080760],Pluviométrica,Convencional,Activa,Antioquia,San Roque,6.4875,-75.017,820,5/15/1975,,Monchia,Magdalena Cauca,Medio Magdalena,Río Nare,2017,12,Andes,Definitivo,0,0,0,1.8662531375885,1.8662531375885,0,2.88612914085388,0.89650422334671,3.05454540252686,6.04363632202148,5,10,0.869565188884735,0.876811623573303,1,1,3,1.08000004291534,0
01,2015-01-22,23080760,49,Definitivo,SAN ROQUE [23080760],Pluviométrica,Convencional,Activa,Antioquia,San Roque,6.4875,-75.017,820,5/15/1975,,Monchia,Magdalena Cauca,Medio Magdalena,Río Nare,2015,22,Andes,Definitivo,49,49,0,0.961352467536926,0.961352467536926,17.7258968353271,41.2669219970703,23.4356250762939,3.05454540252686,6.04363632202148,5,10,0.869565188884735,0.876811623573303,1,1,5,1.08000004291534,52.9200021028519
01,2014-01-20,23080760,,"",SAN ROQUE [23080760],Pluviométrica,Convencional,Activa,Antioquia,San Roque,6.4875,-75.017,820,5/15/1975,,Monchia,Magdalena Cauca,Medio Magdalena,Río Nare,2014,20,Andes,Preliminar,0,0,0,0.699376046657562,0.699376046657562,0,0,0,3.05454540252686,6.04363632202148,5,10,0.869565188884735,0.876811623573303,1,1,4,1.08000004291534,0
01,2015-01-18,23080760,2,Definitivo,SAN ROQUE [23080760],Pluviométrica,Convencional,Activa,Antioquia,San Roque,6.4875,-75.017,820,5/15/1975,,Monchia,Magdalena Cauca,Medio Magdalena,Río Nare,2015,18,Andes,Definitivo,2,2,0,7.04133272171021,7.04133272171021,5.23020696640015,28.2886772155762,12.9251928329468,3.05454540252686,6.04363632202148,5,10,0.869565188884735,0.876811623573303,1,1,4,1.08000004291534,2.16000008583069
01,2019-01-03,23080760,0,Definitivo,SAN ROQUE [23080760],Pluviométrica,Convencional,Activa,Antioquia,San Roque,6.4875,-75.017,820,5/15/1975,,Monchia,Magdalena Cauca,Medio Magdalena,Río Nare,2019,03,Andes,Definitivo,0,0,0,0.6099813580513,0.6099813580513,0,0.386296004056931,0.362152516841888,3.05454540252686,6.04363632202148,5,10,0.869565188884735,0.876811623573303,1,1,1,1.08000004291534,0
01,2018-01-10,23080760,65,Definitivo,SAN ROQUE [23080760],Pluviométrica,Convencional,Activa,Antioquia,San Roque,6.4875,-75.017,820,5/15/1975,,Monchia,Magdalena Cauca,Medio Magdalena,Río Nare,2018,10,Andes,Definitivo,65,65,0,2.87096309661865,2.87096309661865,0,16.6526222229004,24.2239608764648,3.05454540252686,6.04363632202148,5,10,0.869565188884735,0.876811623573303,1,1,2,1.08000004291534,70.2000027894974
01,2014-01-11,23080760,,"",SAN ROQUE [23080760],Pluviométrica,Convencional,Activa,Antioquia,San Roque,6.4875,-75.017,820,5/15/1975,,Monchia,Magdalena Cauca,Medio Magdalena,Río Nare,2014,11,Andes,Preliminar,0,0,0,1.02303600311279,1.02303600311279,0,0.816281974315643,0.833779275417328,3.05454540252686,6.04363632202148,5,10,0.869565188884735,0.876811623573303,1,1,3,1.08000004291534,0
01,2021-01-02,23080760,2,Definitivo,SAN ROQUE [23080760],Pluviométrica,Convencional,Activa,Antioquia,San Roque,6.4875,-75.017,820,5/15/1975,,Monchia,Magdalena Cauca,Medio Magdalena,Río Nare,2021,02,Andes,Definitivo,2,2,0,0.307341426610947,0.307341426610947,0,2.32543706893921,0.706323325634003,3.05454540252686,6.04363632202148,5,10,0.869565188884735,0.876811623573303,1,1,1,1.08000004291534,2.16000008583069
01,2016-01-08,23080760,,"",SAN ROQUE [23080760],Pluviométrica,Convencional,Activa,Antioquia,San Roque,6.4875,-75.017,820,5/15/1975,,Monchia,Magdalena Cauca,Medio Magdalena,Río Nare,2016,08,Andes,Preliminar,0,0,0,5.16572093963623,5.16572093963623,0,5.3411078453064,0.0460314527153969,3.05454540252686,6.04363632202148,5,10,0.869565188884735,0.876811623573303,1,1,2,1.08000004291534,0
01,2014-01-16,23080760,2,Definitivo,SAN ROQUE [23080760],Pluviométrica,Convencional,Activa,Antioquia,San Roque,6.4875,-75.017,820,5/15/1975,,Monchia,Magdalena Cauca,Medio Magdalena,Río Nare,2014,16,Andes,Definitivo,2,2,0,0.584096133708954,0.584096133708954,0,0,0,3.05454540252686,6.04363632202148,5,10,0.869565188884735,0.876811623573303,1,1,4,1.08000004291534,2.16000008583069
01,2014-01-17,23080760,0,Definitivo,SAN ROQUE [23080760],Pluviométrica,Convencional,Activa,Antioquia,San Roque,6.4875,-75.017,820,5/15/1975,,Monchia,Magdalena Cauca,Medio Magdalena,Río Nare,2014,17,Andes,Definitivo,0,0,0,0.471544533967972,0.471544533967972,0,0,0,3.05454540252686,6.04363632202148,5,10,0.869565188884735,0.876811623573303,1,1,4,1.08000004291534,0
01,2016-01-07,23080760,,"",SAN ROQUE [23080760],Pluviométrica,Convencional,Activa,Antioquia,San Roque,6.4875,-75.017,820,5/15/1975,,Monchia,Magdalena Cauca,Medio Magdalena,Río Nare,2016,07,Andes,Preliminar,0,0,0,2.48444938659668,2.48444938659668,20.3207817077637,4.36746597290039,9.99325275421143,3.05454540252686,6.04363632202148,5,10,0.869565188884735,0.876811623573303,1,1,2,1.08000004291534,0
01,2016-01-01,23080760,24,Definitivo,SAN ROQUE [23080760],Pluviométrica,Convencional,Activa,Antioquia,San Roque,6.4875,-75.017,820,5/15/1975,,Monchia,Magdalena Cauca,Medio Magdalena,Río Nare,2016,01,Andes,Definitivo,24,24,0,0.302826076745987,0.302826076745987,0,0.670341968536377,1.71024477481842,3.05454540252686,6.04363632202148,5,10,0.869565188884735,0.876811623573303,1,1,1,1.08000004291534,25.9200010299683
01,2015-01-05,23080760,,"",SAN ROQUE [23080760],Pluviométrica,Convencional,Activa,Antioquia,San Roque,6.4875,-75.017,820,5/15/1975,,Monchia,Magdalena Cauca,Medio Magdalena,Río Nare,2015,05,Andes,Preliminar,0,0,0,0,0,0,0.000307796784909442,0.541567444801331,3.05454540252686,6.04363632202148,5,10,0.869565188884735,0.876811623573303,1,1,1,1.08000004291534,0
01,2015-01-06,23080760,,"",SAN ROQUE [23080760],Pluviométrica,Convencional,Activa,Antioquia,San Roque,6.4875,-75.017,820,5/15/1975,,Monchia,Magdalena Cauca,Medio Magdalena,Río Nare,2015,06,Andes,Preliminar,0,0,0,0.0448333732783794,0.0448333732783794,0,0.000714716094080359,0,3.05454540252686,6.04363632202148,5,10,0.869565188884735,0.876811623573303,1,1,2,1.08000004291534,0
01,2016-01-20,23080760,,"",SAN ROQUE [23080760],Pluviométrica,Convencional,Activa,Antioquia,San Roque,6.4875,-75.017,820,5/15/1975,,Monchia,Magdalena Cauca,Medio Magdalena,Río Nare,2016,20,Andes,Preliminar,0,0,0,0.640662312507629,0.640662312507629,0,0,0,3.05454540252686,6.04363632202148,5,10,0.869565188884735,0.876811623573303,1,1,4,1.08000004291534,0
01,2015-01-08,23080760,,"",SAN ROQUE [23080760],Pluviométrica,Convencional,Activa,Antioquia,San Roque,6.4875,-75.017,820,5/15/1975,,Monchia,Magdalena Cauca,Medio Magdalena,Río Nare,2015,08,Andes,Preliminar,0,0,0,0,0,0,0.207381546497345,0,3.05454540252686,6.04363632202148,5,10,0.869565188884735,0.876811623573303,1,1,2,1.08000004291534,0
01,2019-01-02,23080760,0,Definitivo,SAN ROQUE [23080760],Pluviométrica,Convencional,Activa,Antioquia,San Roque,6.4875,-75.017,820,5/15/1975,,Monchia,Magdalena Cauca,Medio Magdalena,Río Nare,2019,02,Andes,Definitivo,0,0,0,0.6099813580513,0.6099813580513,0,0.386296004056931,0.362152516841888,3.05454540252686,6.04363632202148,5,10,0.869565188884735,0.876811623573303,1,1,1,1.08000004291534,0
01,2015-01-12,23080760,4,Definitivo,SAN ROQUE [23080760],Pluviométrica,Convencional,Activa,Antioquia,San Roque,6.4875,-75.017,820,5/15/1975,,Monchia,Magdalena Cauca,Medio Magdalena,Río Nare,2015,12,Andes,Definitivo,4,4,0,0,0,0,0.177032560110092,7.88281154632568,3.05454540252686,6.04363632202148,5,10,0.869565188884735,0.876811623573303,1,1,3,1.08000004291534,4.32000017166138
01,2020-01-05,23080760,0,Definitivo,SAN ROQUE [23080760],Pluviométrica,Convencional,Activa,Antioquia,San Roque,6.4875,-75.017,820,5/15/1975,,Monchia,Magdalena Cauca,Medio Magdalena,Río Nare,2020,05,Andes,Definitivo,0,0,0,0.379001289606094,0.379001289606094,0,0.43596339225769,0.374498814344406,3.05454540252686,6.04363632202148,5,10,0.869565188884735,0.876811623573303,1,1,1,1.08000004291534,0
01,2017-01-02,23080760,5,Definitivo,SAN ROQUE [23080760],Pluviométrica,Convencional,Activa,Antioquia,San Roque,6.4875,-75.017,820,5/15/1975,,Monchia,Magdalena Cauca,Medio Magdalena,Río Nare,2017,02,Andes,Definitivo,5,5,0,1.37932932376862,1.37932932376862,9.05559253692627,3.53364610671997,0,3.05454540252686,6.04363632202148,5,10,0.869565188884735,0.876811623573303,1,1,1,1.08000004291534,5.40000021457672
01,2017-01-03,23080760,0,Definitivo,SAN ROQUE [23080760],Pluviométrica,Convencional,Activa,Antioquia,San Roque,6.4875,-75.017,820,5/15/1975,,Monchia,Magdalena Cauca,Medio Magdalena,Río Nare,2017,03,Andes,Definitivo,0,0,0,1.29640889167786,1.29640889167786,0,5.0259222984314,0.120578892529011,3.05454540252686,6.04363632202148,5,10,0.869565188884735,0.876811623573303,1,1,1,1.08000004291534,0
01,2016-01-15,23080760,,"",SAN ROQUE [23080760],Pluviométrica,Convencional,Activa,Antioquia,San Roque,6.4875,-75.017,820,5/15/1975,,Monchia,Magdalena Cauca,Medio Magdalena,Río Nare,2016,15,Andes,Preliminar,0,0,0,0.127153784036636,0.127153784036636,0,0.0749082714319229,0,3.05454540252686,6.04363632202148,5,10,0.869565188884735,0.876811623573303,1,1,3,1.08000004291534,0
01,2015-01-13,23080760,,"",SAN ROQUE [23080760],Pluviométrica,Convencional,Activa,Antioquia,San Roque,6.4875,-75.017,820,5/15/1975,,Monchia,Magdalena Cauca,Medio Magdalena,Río Nare,2015,13,Andes,Preliminar,0,0,0,0.667887032032013,0.667887032032013,0,4.61895418167114,2.65849328041077,3.05454540252686,6.04363632202148,5,10,0.869565188884735,0.876811623573303,1,1,3,1.08000004291534,0
01,2016-01-19,23080760,,"",SAN ROQUE [23080760],Pluviométrica,Convencional,Activa,Antioquia,San Roque,6.4875,-75.017,820,5/15/1975,,Monchia,Magdalena Cauca,Medio Magdalena,Río Nare,2016,19,Andes,Preliminar,0,0,0,2.26941013336182,2.26941013336182,0,0,0,3.05454540252686,6.04363632202148,5,10,0.869565188884735,0.876811623573303,1,1,4,1.08000004291534,0
01,2015-01-17,23080760,0,Definitivo,SAN ROQUE [23080760],Pluviométrica,Convencional,Activa,Antioquia,San Roque,6.4875,-75.017,820,5/15/1975,,Monchia,Magdalena Cauca,Medio Magdalena,Río Nare,2015,17,Andes,Definitivo,0,0,0,6.73209524154663,6.73209524154663,5.23020696640015,16.1578483581543,40.8794898986816,3.05454540252686,6.04363632202148,5,10,0.869565188884735,0.876811623573303,1,1,4,1.08000004291534,0
01,2014-01-19,23080760,0.5,Definitivo,SAN ROQUE [23080760],Pluviométrica,Convencional,Activa,Antioquia,San Roque,6.4875,-75.017,820,5/15/1975,,Monchia,Magdalena Cauca,Medio Magdalena,Río Nare,2014,19,Andes,Definitivo,0.5,0.5,0,0.553614258766174,0.553614258766174,0,0,0,3.05454540252686,6.04363632202148,5,10,0.869565188884735,0.876811623573303,1,1,4,1.08000004291534,0.540000021457672
01,2018-01-09,23080760,0,Definitivo,SAN ROQUE [23080760],Pluviométrica,Convencional,Activa,Antioquia,San Roque,6.4875,-75.017,820,5/15/1975,,Monchia,Magdalena Cauca,Medio Magdalena,Río Nare,2018,09,Andes,Definitivo,0,0,0,3.52657532691956,3.52657532691956,0,17.6765918731689,17.5823383331299,3.05454540252686,6.04363632202148,5,10,0.869565188884735,0.876811623573303,1,1,2,1.08000004291534,0
01,2015-01-07,23080760,,"",SAN ROQUE [23080760],Pluviométrica,Convencional,Activa,Antioquia,San Roque,6.4875,-75.017,820,5/15/1975,,Monchia,Magdalena Cauca,Medio Magdalena,Río Nare,2015,07,Andes,Preliminar,0,0,0,0,0,0,0.000714716094080359,0,3.05454540252686,6.04363632202148,5,10,0.869565188884735,0.876811623573303,1,1,2,1.08000004291534,0
01,2021-01-01,23080760,0,Definitivo,SAN ROQUE [23080760],Pluviométrica,Convencional,Activa,Antioquia,San Roque,6.4875,-75.017,820,5/15/1975,,Monchia,Magdalena Cauca,Medio Magdalena,Río Nare,2021,01,Andes,Definitivo,0,0,0,1.39737689495087,1.39737689495087,0,1.46180319786072,3.01603055000305,3.05454540252686,6.04363632202148,5,10,0.869565188884735,0.876811623573303,1,1,1,1.08000004291534,0
01,2016-01-04,23080760,2,Definitivo,SAN ROQUE [23080760],Pluviométrica,Convencional,Activa,Antioquia,San Roque,6.4875,-75.017,820,5/15/1975,,Monchia,Magdalena Cauca,Medio Magdalena,Río Nare,2016,04,Andes,Definitivo,2,2,0,7.69429349899292,7.69429349899292,0,18.2837085723877,14.455828666687,3.05454540252686,6.04363632202148,5,10,0.869565188884735,0.876811623573303,1,1,1,1.08000004291534,2.16000008583069
01,2017-01-04,23080760,0,Definitivo,SAN ROQUE [23080760],Pluviométrica,Convencional,Activa,Antioquia,San Roque,6.4875,-75.017,820,5/15/1975,,Monchia,Magdalena Cauca,Medio Magdalena,Río Nare,2017,04,Andes,Definitivo,0,0,0,3.1371374130249,3.1371374130249,0,2.78129577636719,0.182959318161011,3.05454540252686,6.04363632202148,5,10,0.869565188884735,0.876811623573303,1,1,1,1.08000004291534,0
01,2016-01-09,23080760,,"",SAN ROQUE [23080760],Pluviométrica,Convencional,Activa,Antioquia,San Roque,6.4875,-75.017,820,5/15/1975,,Monchia,Magdalena Cauca,Medio Magdalena,Río Nare,2016,09,Andes,Preliminar,0,0,0,1.79858028888702,1.79858028888702,0,1.49320542812347,0,3.05454540252686,6.04363632202148,5,10,0.869565188884735,0.876811623573303,1,1,2,1.08000004291534,0
01,2015-01-14,23080760,,"",SAN ROQUE [23080760],Pluviométrica,Convencional,Activa,Antioquia,San Roque,6.4875,-75.017,820,5/15/1975,,Monchia,Magdalena Cauca,Medio Magdalena,Río Nare,2015,14,Andes,Preliminar,0,0,0,3.58772397041321,3.58772397041321,0,1.5101238489151,0.639385581016541,3.05454540252686,6.04363632202148,5,10,0.869565188884735,0.876811623573303,1,1,3,1.08000004291534,0
01,2016-01-10,23080760,,"",SAN ROQUE [23080760],Pluviométrica,Convencional,Activa,Antioquia,San Roque,6.4875,-75.017,820,5/15/1975,,Monchia,Magdalena Cauca,Medio Magdalena,Río Nare,2016,10,Andes,Preliminar,0,0,0,2.78653049468994,2.78653049468994,0,2.10660648345947,0,3.05454540252686,6.04363632202148,5,10,0.869565188884735,0.876811623573303,1,1,2,1.08000004291534,0
01,2016-01-14,23080760,,"",SAN ROQUE [23080760],Pluviométrica,Convencional,Activa,Antioquia,San Roque,6.4875,-75.017,820,5/15/1975,,Monchia,Magdalena Cauca,Medio Magdalena,Río Nare,2016,14,Andes,Preliminar,0,0,0,0.793218612670898,0.793218612670898,0,0.181335672736168,0,3.05454540252686,6.04363632202148,5,10,0.869565188884735,0.876811623573303,1,1,3,1.08000004291534,0
01,2016-01-02,23080760,0,Definitivo,SAN ROQUE [23080760],Pluviométrica,Convencional,Activa,Antioquia,San Roque,6.4875,-75.017,820,5/15/1975,,Monchia,Magdalena Cauca,Medio Magdalena,Río Nare,2016,02,Andes,Definitivo,0,0,0,2.25351881980896,2.25351881980896,0,16.7174224853516,29.14963722229,3.05454540252686,6.04363632202148,5,10,0.869565188884735,0.876811623573303,1,1,1,1.08000004291534,0
01,2019-01-07,23080760,0,Definitivo,SAN ROQUE [23080760],Pluviométrica,Convencional,Activa,Antioquia,San Roque,6.4875,-75.017,820,5/15/1975,,Monchia,Magdalena Cauca,Medio Magdalena,Río Nare,2019,07,Andes,Definitivo,0,0,0,2.34796738624573,2.34796738624573,36.8021354675293,4.99053716659546,17.7340526580811,3.05454540252686,6.04363632202148,5,10,0.869565188884735,0.876811623573303,1,1,2,1.08000004291534,0
01,2016-01-03,23080760,20,Definitivo,SAN ROQUE [23080760],Pluviométrica,Convencional,Activa,Antioquia,San Roque,6.4875,-75.017,820,5/15/1975,,Monchia,Magdalena Cauca,Medio Magdalena,Río Nare,2016,03,Andes,Definitivo,20,20,0,1.94120621681213,1.94120621681213,0,6.87483739852905,0.905771911144257,3.05454540252686,6.04363632202148,5,10,0.869565188884735,0.876811623573303,1,1,1,1.08000004291534,21.6000008583069
01,2014-01-18,23080760,14,Definitivo,SAN ROQUE [23080760],Pluviométrica,Convencional,Activa,Antioquia,San Roque,6.4875,-75.017,820,5/15/1975,,Monchia,Magdalena Cauca,Medio Magdalena,Río Nare,2014,18,Andes,Definitivo,14,14,0,0.702527642250061,0.702527642250061,0,0,0,3.05454540252686,6.04363632202148,5,10,0.869565188884735,0.876811623573303,1,1,4,1.08000004291534,15.1200006008148
01,2015-01-16,23080760,,"",SAN ROQUE [23080760],Pluviométrica,Convencional,Activa,Antioquia,San Roque,6.4875,-75.017,820,5/15/1975,,Monchia,Magdalena Cauca,Medio Magdalena,Río Nare,2015,16,Andes,Preliminar,0,0,0,1.74517142772675,1.74517142772675,0,8.59609317779541,0.535083115100861,3.05454540252686,6.04363632202148,5,10,0.869565188884735,0.876811623573303,1,1,4,1.08000004291534,0
01,2018-01-01,23080760,27,Definitivo,SAN ROQUE [23080760],Pluviométrica,Convencional,Activa,Antioquia,San Roque,6.4875,-75.017,820,5/15/1975,,Monchia,Magdalena Cauca,Medio Magdalena,Río Nare,2018,01,Andes,Definitivo,27,27,0,5.49118137359619,5.49118137359619,15.1191167831421,7.15999269485474,6.18041467666626,3.05454540252686,6.04363632202148,5,10,0.869565188884735,0.876811623573303,1,1,1,1.08000004291534,29.1600011587143
01,2017-01-10,23080760,8,Definitivo,SAN ROQUE [23080760],Pluviométrica,Convencional,Activa,Antioquia,San Roque,6.4875,-75.017,820,5/15/1975,,Monchia,Magdalena Cauca,Medio Magdalena,Río Nare,2017,10,Andes,Definitivo,8,8,0,8.30044555664063,8.30044555664063,12.9358854293823,8.14651203155518,6.40218734741211,3.05454540252686,6.04363632202148,5,10,0.869565188884735,0.876811623573303,1,1,2,1.08000004291534,8.64000034332275
01,2020-01-04,23080760,0,Definitivo,SAN ROQUE [23080760],Pluviométrica,Convencional,Activa,Antioquia,San Roque,6.4875,-75.017,820,5/15/1975,,Monchia,Magdalena Cauca,Medio Magdalena,Río Nare,2020,04,Andes,Definitivo,0,0,0,0.12811167538166,0.12811167538166,0,0.0944214537739754,0.374498814344406,3.05454540252686,6.04363632202148,5,10,0.869565188884735,0.876811623573303,1,1,1,1.08000004291534,0
01,2016-01-11,23080760,,"",SAN ROQUE [23080760],Pluviométrica,Convencional,Activa,Antioquia,San Roque,6.4875,-75.017,820,5/15/1975,,Monchia,Magdalena Cauca,Medio Magdalena,Río Nare,2016,11,Andes,Preliminar,0,0,0,1.24474453926086,1.24474453926086,0,0.424413353204727,0.193831980228424,3.05454540252686,6.04363632202148,5,10,0.869565188884735,0.876811623573303,1,1,3,1.08000004291534,0
01,2017-01-11,23080760,0,Definitivo,SAN ROQUE [23080760],Pluviométrica,Convencional,Activa,Antioquia,San Roque,6.4875,-75.017,820,5/15/1975,,Monchia,Magdalena Cauca,Medio Magdalena,Río Nare,2017,11,Andes,Definitivo,0,0,0,0.902532577514648,0.902532577514648,0,4.07467842102051,2.40428328514099,3.05454540252686,6.04363632202148,5,10,0.869565188884735,0.876811623573303,1,1,3,1.08000004291534,0
01,2017-01-07,23080760,18,Definitivo,SAN ROQUE [23080760],Pluviométrica,Convencional,Activa,Antioquia,San Roque,6.4875,-75.017,820,5/15/1975,,Monchia,Magdalena Cauca,Medio Magdalena,Río Nare,2017,07,Andes,Definitivo,18,18,0,2.5842387676239,2.5842387676239,0,2.6289656162262,7.83021020889282,3.05454540252686,6.04363632202148,5,10,0.869565188884735,0.876811623573303,1,1,2,1.08000004291534,19.4400007724762
01,2017-01-05,23080760,4,Definitivo,SAN ROQUE [23080760],Pluviométrica,Convencional,Activa,Antioquia,San Roque,6.4875,-75.017,820,5/15/1975,,Monchia,Magdalena Cauca,Medio Magdalena,Río Nare,2017,05,Andes,Definitivo,4,4,0,2.27805852890015,2.27805852890015,9.05559253692627,7.16807413101196,19.404369354248,3.05454540252686,6.04363632202148,5,10,0.869565188884735,0.876811623573303,1,1,1,1.08000004291534,4.32000017166138
01,2020-01-03,23080760,0,Definitivo,SAN ROQUE [23080760],Pluviométrica,Convencional,Activa,Antioquia,San Roque,6.4875,-75.017,820,5/15/1975,,Monchia,Magdalena Cauca,Medio Magdalena,Río Nare,2020,03,Andes,Definitivo,0,0,0,0.602999329566956,0.602999329566956,0,0.103326119482517,0.374498814344406,3.05454540252686,6.04363632202148,5,10,0.869565188884735,0.876811623573303,1,1,1,1.08000004291534,0
01,2015-01-15,23080760,0,Definitivo,SAN ROQUE [23080760],Pluviométrica,Convencional,Activa,Antioquia,San Roque,6.4875,-75.017,820,5/15/1975,,Monchia,Magdalena Cauca,Medio Magdalena,Río Nare,2015,15,Andes,Definitivo,0,0,0,4.10572481155396,4.10572481155396,0,4.84738779067993,0,3.05454540252686,6.04363632202148,5,10,0.869565188884735,0.876811623573303,1,1,3,1.08000004291534,0
01,2018-01-02,23080760,6,Definitivo,SAN ROQUE [23080760],Pluviométrica,Convencional,Activa,Antioquia,San Roque,6.4875,-75.017,820,5/15/1975,,Monchia,Magdalena Cauca,Medio Magdalena,Río Nare,2018,02,Andes,Definitivo,6,6,0,13.9940023422241,13.9940023422241,45.357349395752,25.2181606292725,15.6292896270752,3.05454540252686,6.04363632202148,5,10,0.869565188884735,0.876811623573303,1,1,1,1.08000004291534,6.48000025749207
01,2019-01-06,23080760,0,Definitivo,SAN ROQUE [23080760],Pluviométrica,Convencional,Activa,Antioquia,San Roque,6.4875,-75.017,820,5/15/1975,,Monchia,Magdalena Cauca,Medio Magdalena,Río Nare,2019,06,Andes,Definitivo,0,0,0,0.206906646490097,0.206906646490097,0,1.61336398124695,0,3.05454540252686,6.04363632202148,5,10,0.869565188884735,0.876811623573303,1,1,2,1.08000004291534,0
01,2018-01-08,23080760,10,Definitivo,SAN ROQUE [23080760],Pluviométrica,Convencional,Activa,Antioquia,San Roque,6.4875,-75.017,820,5/15/1975,,Monchia,Magdalena Cauca,Medio Magdalena,Río Nare,2018,08,Andes,Definitivo,10,10,0,2.01150751113892,2.01150751113892,0,1.9112663269043,0,3.05454540252686,6.04363632202148,5,10,0.869565188884735,0.876811623573303,1,1,2,1.08000004291534,10.8000004291534
01,2017-01-06,23080760,0,Definitivo,SAN ROQUE [23080760],Pluviométrica,Convencional,Activa,Antioquia,San Roque,6.4875,-75.017,820,5/15/1975,,Monchia,Magdalena Cauca,Medio Magdalena,Río Nare,2017,06,Andes,Definitivo,0,0,0,1.08746552467346,1.08746552467346,0,1.76506042480469,0.258280098438263,3.05454540252686,6.04363632202148,5,10,0.869565188884735,0.876811623573303,1,1,2,1.08000004291534,0
01,2019-01-04,23080760,0,Definitivo,SAN ROQUE [23080760],Pluviométrica,Convencional,Activa,Antioquia,San Roque,6.4875,-75.017,820,5/15/1975,,Monchia,Magdalena Cauca,Medio Magdalena,Río Nare,2019,04,Andes,Definitivo,0,0,0,0.6099813580513,0.6099813580513,0,0.401086211204529,0.362152516841888,3.05454540252686,6.04363632202148,5,10,0.869565188884735,0.876811623573303,1,1,1,1.08000004291534,0
01,2016-01-13,23080760,,"",SAN ROQUE [23080760],Pluviométrica,Convencional,Activa,Antioquia,San Roque,6.4875,-75.017,820,5/15/1975,,Monchia,Magdalena Cauca,Medio Magdalena,Río Nare,2016,13,Andes,Preliminar,0,0,0,0.545010268688202,0.545010268688202,0,0.0925562828779221,0,3.05454540252686,6.04363632202148,5,10,0.869565188884735,0.876811623573303,1,1,3,1.08000004291534,0
01,2016-01-12,23080760,,"",SAN ROQUE [23080760],Pluviométrica,Convencional,Activa,Antioquia,San Roque,6.4875,-75.017,820,5/15/1975,,Monchia,Magdalena Cauca,Medio Magdalena,Río Nare,2016,12,Andes,Preliminar,0,0,0,0.317491799592972,0.317491799592972,0,0.00211425218731165,0.581495940685272,3.05454540252686,6.04363632202148,5,10,0.869565188884735,0.876811623573303,1,1,3,1.08000004291534,0
01,2019-01-05,23080760,0,Definitivo,SAN ROQUE [23080760],Pluviométrica,Convencional,Activa,Antioquia,San Roque,6.4875,-75.017,820,5/15/1975,,Monchia,Magdalena Cauca,Medio Magdalena,Río Nare,2019,05,Andes,Definitivo,0,0,0,0.6099813580513,0.6099813580513,0,0.850066959857941,0.965740025043488,3.05454540252686,6.04363632202148,5,10,0.869565188884735,0.876811623573303,1,1,1,1.08000004291534,0
01,2017-01-09,23080760,2,Definitivo,SAN ROQUE [23080760],Pluviométrica,Convencional,Activa,Antioquia,San Roque,6.4875,-75.017,820,5/15/1975,,Monchia,Magdalena Cauca,Medio Magdalena,Río Nare,2017,09,Andes,Definitivo,2,2,0,20.1755962371826,20.1755962371826,25.8717708587647,45.1125068664551,11.0507364273071,3.05454540252686,6.04363632202148,5,10,0.869565188884735,0.876811623573303,1,1,2,1.08000004291534,2.16000008583069
01,2018-01-03,23080760,4,Definitivo,SAN ROQUE [23080760],Pluviométrica,Convencional,Activa,Antioquia,San Roque,6.4875,-75.017,820,5/15/1975,,Monchia,Magdalena Cauca,Medio Magdalena,Río Nare,2018,03,Andes,Definitivo,4,4,0,6.04151010513306,6.04151010513306,30.2382335662842,15.6742849349976,29.6263732910156,3.05454540252686,6.04363632202148,5,10,0.869565188884735,0.876811623573303,1,1,1,1.08000004291534,4.32000017166138
01,2018-01-05,23080760,5,Definitivo,SAN ROQUE [23080760],Pluviométrica,Convencional,Activa,Antioquia,San Roque,6.4875,-75.017,820,5/15/1975,,Monchia,Magdalena Cauca,Medio Magdalena,Río Nare,2018,05,Andes,Definitivo,5,5,0,8.7688627243042,8.7688627243042,0,12.0942316055298,12.0440635681152,3.05454540252686,6.04363632202148,5,10,0.869565188884735,0.876811623573303,1,1,1,1.08000004291534,5.40000021457672
01,2018-01-07,23080760,0,Definitivo,SAN ROQUE [23080760],Pluviométrica,Convencional,Activa,Antioquia,San Roque,6.4875,-75.017,820,5/15/1975,,Monchia,Magdalena Cauca,Medio Magdalena,Río Nare,2018,07,Andes,Definitivo,0,0,0,1.96112608909607,1.96112608909607,0,2.49133110046387,0.401794135570526,3.05454540252686,6.04363632202148,5,10,0.869565188884735,0.876811623573303,1,1,2,1.08000004291534,0
01,2018-01-06,23080760,0,Definitivo,SAN ROQUE [23080760],Pluviométrica,Convencional,Activa,Antioquia,San Roque,6.4875,-75.017,820,5/15/1975,,Monchia,Magdalena Cauca,Medio Magdalena,Río Nare,2018,06,Andes,Definitivo,0,0,0,3.19132924079895,3.19132924079895,38.0677833557129,3.54260516166687,0.0663180276751518,3.05454540252686,6.04363632202148,5,10,0.869565188884735,0.876811623573303,1,1,2,1.08000004291534,0
01,2019-01-01,23080760,0,Definitivo,SAN ROQUE [23080760],Pluviométrica,Convencional,Activa,Antioquia,San Roque,6.4875,-75.017,820,5/15/1975,,Monchia,Magdalena Cauca,Medio Magdalena,Río Nare,2019,01,Andes,Definitivo,0,0,0,0.6099813580513,0.6099813580513,0,0.390604853630066,0.362152516841888,3.05454540252686,6.04363632202148,5,10,0.869565188884735,0.876811623573303,1,1,1,1.08000004291534,0
01,2018-01-04,23080760,13,Definitivo,SAN ROQUE [23080760],Pluviométrica,Convencional,Activa,Antioquia,San Roque,6.4875,-75.017,820,5/15/1975,,Monchia,Magdalena Cauca,Medio Magdalena,Río Nare,2018,04,Andes,Definitivo,13,13,0,5.39299631118774,5.39299631118774,15.1191167831421,12.4419240951538,9.10844421386719,3.05454540252686,6.04363632202148,5,10,0.869565188884735,0.876811623573303,1,1,1,1.08000004291534,14.0400005578995
01,2017-01-08,23080760,7,Definitivo,SAN ROQUE [23080760],Pluviométrica,Convencional,Activa,Antioquia,San Roque,6.4875,-75.017,820,5/15/1975,,Monchia,Magdalena Cauca,Medio Magdalena,Río Nare,2017,08,Andes,Definitivo,7,7,0,6.70969581604004,6.70969581604004,51.7435417175293,6.66147089004517,38.7731018066406,3.05454540252686,6.04363632202148,5,10,0.869565188884735,0.876811623573303,1,1,2,1.08000004291534,7.56000030040741
02,2017-02-27,23080760,1,Definitivo,SAN ROQUE [23080760],Pluviométrica,Convencional,Activa,Antioquia,San Roque,6.4875,-75.017,820,5/15/1975,,Monchia,Magdalena Cauca,Medio Magdalena,Río Nare,2017,27,Andes,Definitivo,1,1,0,1.65939462184906,1.65939462184906,0,8.24138164520264,19.3823776245117,3.05454540252686,6.04363632202148,5,10,0.869565188884735,0.876811623573303,1,1,12,1.10000002384186,1.10000002384186
02,2014-02-28,23080760,19,Definitivo,SAN ROQUE [23080760],Pluviométrica,Convencional,Activa,Antioquia,San Roque,6.4875,-75.017,820,5/15/1975,,Monchia,Magdalena Cauca,Medio Magdalena,Río Nare,2014,28,Andes,Definitivo,19,19,0,10.376748085022,10.376748085022,34.3416595458984,65.5384368896484,45.8177185058594,3.05454540252686,6.04363632202148,5,10,0.869565188884735,0.876811623573303,1,1,12,1.10000002384186,20.9000004529953
02,2019-02-28,23080760,0,Definitivo,SAN ROQUE [23080760],Pluviométrica,Convencional,Activa,Antioquia,San Roque,6.4875,-75.017,820,5/15/1975,,Monchia,Magdalena Cauca,Medio Magdalena,Río Nare,2019,28,Andes,Definitivo,0,0,0,1.90082550048828,1.90082550048828,0,8.72035980224609,7.61519861221314,3.05454540252686,6.04363632202148,5,10,0.869565188884735,0.876811623573303,1,1,12,1.10000002384186,0
02,2017-02-26,23080760,4,Definitivo,SAN ROQUE [23080760],Pluviométrica,Convencional,Activa,Antioquia,San Roque,6.4875,-75.017,820,5/15/1975,,Monchia,Magdalena Cauca,Medio Magdalena,Río Nare,2017,26,Andes,Definitivo,4,4,0,0.65179967880249,0.65179967880249,0,3.26132869720459,6.35417175292969,3.05454540252686,6.04363632202148,5,10,0.869565188884735,0.876811623573303,1,1,12,1.10000002384186,4.40000009536743
02,2019-02-27,23080760,10,Definitivo,SAN ROQUE [23080760],Pluviométrica,Convencional,Activa,Antioquia,San Roque,6.4875,-75.017,820,5/15/1975,,Monchia,Magdalena Cauca,Medio Magdalena,Río Nare,2019,27,Andes,Definitivo,10,10,0,1.71865332126617,1.71865332126617,11.2540922164917,13.5801973342896,10.2020835876465,3.05454540252686,6.04363632202148,5,10,0.869565188884735,0.876811623573303,1,1,12,1.10000002384186,11.0000002384186
02,2012-02-29,23080760,,"",SAN ROQUE [23080760],Pluviométrica,Convencional,Activa,Antioquia,San Roque,6.4875,-75.017,820,5/15/1975,,Monchia,Magdalena Cauca,Medio Magdalena,Río Nare,2012,29,Andes,Preliminar,0,0,0,2.20816135406494,2.20816135406494,5.13674163818359,3.77579307556152,0.935710072517395,3.05454540252686,6.04363632202148,5,10,0.869565188884735,0.876811623573303,1,1,12,1.10000002384186,0
02,2012-02-28,23080760,,"",SAN ROQUE [23080760],Pluviométrica,Convencional,Activa,Antioquia,San Roque,6.4875,-75.017,820,5/15/1975,,Monchia,Magdalena Cauca,Medio Magdalena,Río Nare,2012,28,Andes,Preliminar,0,0,0,0.960935413837433,0.960935413837433,0,1.57559812068939,0,3.05454540252686,6.04363632202148,5,10,0.869565188884735,0.876811623573303,1,1,12,1.10000002384186,0
02,2022-02-26,23080760,0,Definitivo,SAN ROQUE [23080760],Pluviométrica,Convencional,Activa,Antioquia,San Roque,6.4875,-75.017,820,5/15/1975,,Monchia,Magdalena Cauca,Medio Magdalena,Río Nare,2022,26,Andes,Definitivo,0,0,0,1.1140341758728,1.1140341758728,0,6.36087894439697,1.19965183734894,3.05454540252686,6.04363632202148,5,10,0.869565188884735,0.876811623573303,1,1,12,1.10000002384186,0
02,2022-02-27,23080760,1,Definitivo,SAN ROQUE [23080760],Pluviométrica,Convencional,Activa,Antioquia,San Roque,6.4875,-75.017,820,5/15/1975,,Monchia,Magdalena Cauca,Medio Magdalena,Río Nare,2022,27,Andes,Definitivo,1,1,0,1.29595339298248,1.29595339298248,0,12.2388048171997,3.54660296440125,3.05454540252686,6.04363632202148,5,10,0.869565188884735,0.876811623573303,1,1,12,1.10000002384186,1.10000002384186
02,2014-02-27,23080760,44,Definitivo,SAN ROQUE [23080760],Pluviométrica,Convencional,Activa,Antioquia,San Roque,6.4875,-75.017,820,5/15/1975,,Monchia,Magdalena Cauca,Medio Magdalena,Río Nare,2014,27,Andes,Definitivo,44,44,0,7.89988517761231,7.89988517761231,22.8944396972656,23.1979141235352,51.4917297363281,3.05454540252686,6.04363632202148,5,10,0.869565188884735,0.876811623573303,1,1,12,1.10000002384186,48.4000010490418
02,2009-02-28,23080760,1,Definitivo,SAN ROQUE [23080760],Pluviométrica,Convencional,Activa,Antioquia,San Roque,6.4875,-75.017,820,5/15/1975,,Monchia,Magdalena Cauca,Medio Magdalena,Río Nare,2009,28,Andes,Definitivo,1,1,0,0.266909152269363,0.266909152269363,0,0.876843512058258,0.0824588015675545,3.05454540252686,6.04363632202148,5,10,0.869565188884735,0.876811623573303,1,1,12,1.10000002384186,1.10000002384186
02,2012-02-27,23080760,,"",SAN ROQUE [23080760],Pluviométrica,Convencional,Activa,Antioquia,San Roque,6.4875,-75.017,820,5/15/1975,,Monchia,Magdalena Cauca,Medio Magdalena,Río Nare,2012,27,Andes,Preliminar,0,0,0,1.38615202903748,1.38615202903748,0,0.404164344072342,0,3.05454540252686,6.04363632202148,5,10,0.869565188884735,0.876811623573303,1,1,12,1.10000002384186,0
02,2015-02-27,23080760,0,Definitivo,SAN ROQUE [23080760],Pluviométrica,Convencional,Activa,Antioquia,San Roque,6.4875,-75.017,820,5/15/1975,,Monchia,Magdalena Cauca,Medio Magdalena,Río Nare,2015,27,Andes,Definitivo,0,0,0,4.42747163772583,4.42747163772583,0,8.91126441955566,0,3.05454540252686,6.04363632202148,5,10,0.869565188884735,0.876811623573303,1,1,12,1.10000002384186,0
02,2016-02-29,23080760,,"",SAN ROQUE [23080760],Pluviométrica,Convencional,Activa,Antioquia,San Roque,6.4875,-75.017,820,5/15/1975,,Monchia,Magdalena Cauca,Medio Magdalena,Río Nare,2016,29,Andes,Preliminar,0,0,0,0.204754337668419,0.204754337668419,0,0.346452623605728,0.156082108616829,3.05454540252686,6.04363632202148,5,10,0.869565188884735,0.876811623573303,1,1,12,1.10000002384186,0
02,2022-02-28,23080760,8,Definitivo,SAN ROQUE [23080760],Pluviométrica,Convencional,Activa,Antioquia,San Roque,6.4875,-75.017,820,5/15/1975,,Monchia,Magdalena Cauca,Medio Magdalena,Río Nare,2022,28,Andes,Definitivo,8,8,0,2.16013789176941,2.16013789176941,22.2738037109375,7.85924911499023,21.7126770019531,3.05454540252686,6.04363632202148,5,10,0.869565188884735,0.876811623573303,1,1,12,1.10000002384186,8.80000019073486
02,2021-02-20,23080760,0,Definitivo,SAN ROQUE [23080760],Pluviométrica,Convencional,Activa,Antioquia,San Roque,6.4875,-75.017,820,5/15/1975,,Monchia,Magdalena Cauca,Medio Magdalena,Río Nare,2021,20,Andes,Definitivo,0,0,0,4.80177402496338,4.80177402496338,0,4.24512577056885,21.2078361511231,3.05454540252686,6.04363632202148,5,10,0.869565188884735,0.876811623573303,1,1,10,1.10000002384186,0
02,2021-02-17,23080760,0,Definitivo,SAN ROQUE [23080760],Pluviométrica,Convencional,Activa,Antioquia,San Roque,6.4875,-75.017,820,5/15/1975,,Monchia,Magdalena Cauca,Medio Magdalena,Río Nare,2021,17,Andes,Definitivo,0,0,0,0.567231237888336,0.567231237888336,0,5.39416027069092,0,3.05454540252686,6.04363632202148,5,10,0.869565188884735,0.876811623573303,1,1,10,1.10000002384186,0
02,2017-02-28,23080760,0,Definitivo,SAN ROQUE [23080760],Pluviométrica,Convencional,Activa,Antioquia,San Roque,6.4875,-75.017,820,5/15/1975,,Monchia,Magdalena Cauca,Medio Magdalena,Río Nare,2017,28,Andes,Definitivo,0,0,0,3.52915525436401,3.52915525436401,0,16.4023723602295,2.168532371521,3.05454540252686,6.04363632202148,5,10,0.869565188884735,0.876811623573303,1,1,12,1.10000002384186,0
02,2016-02-28,23080760,,"",SAN ROQUE [23080760],Pluviométrica,Convencional,Activa,Antioquia,San Roque,6.4875,-75.017,820,5/15/1975,,Monchia,Magdalena Cauca,Medio Magdalena,Río Nare,2016,28,Andes,Preliminar,0,0,0,0.732551097869873,0.732551097869873,0,0.729164242744446,0.133581772446632,3.05454540252686,6.04363632202148,5,10,0.869565188884735,0.876811623573303,1,1,12,1.10000002384186,0
02,2020-02-27,23080760,0,Definitivo,SAN ROQUE [23080760],Pluviométrica,Convencional,Activa,Antioquia,San Roque,6.4875,-75.017,820,5/15/1975,,Monchia,Magdalena Cauca,Medio Magdalena,Río Nare,2020,27,Andes,Definitivo,0,0,0,0.920403838157654,0.920403838157654,0,1.57567036151886,2.61205911636353,3.05454540252686,6.04363632202148,5,10,0.869565188884735,0.876811623573303,1,1,12,1.10000002384186,0
02,2023-02-28,23080760,12,Definitivo,SAN ROQUE [23080760],Pluviométrica,Convencional,Activa,Antioquia,San Roque,6.4875,-75.017,820,5/15/1975,,Monchia,Magdalena Cauca,Medio Magdalena,Río Nare,2023,28,Andes,Definitivo,12,12,0,2.58189582824707,2.58189582824707,26.0880603790283,27.8728904724121,50.024585723877,3.05454540252686,6.04363632202148,5,10,0.869565188884735,0.876811623573303,1,1,12,1.10000002384186,13.2000002861023
02,2013-02-25,23080760,34,Definitivo,SAN ROQUE [23080760],Pluviométrica,Convencional,Activa,Antioquia,San Roque,6.4875,-75.017,820,5/15/1975,,Monchia,Magdalena Cauca,Medio Magdalena,Río Nare,2013,25,Andes,Definitivo,34,34,0,4.12379884719849,4.12379884719849,0,13.9198398590088,0.715414047241211,3.05454540252686,6.04363632202148,5,10,0.869565188884735,0.876811623573303,1,1,11,1.10000002384186,37.4000008106232
02,2016-02-24,23080760,,"",SAN ROQUE [23080760],Pluviométrica,Convencional,Activa,Antioquia,San Roque,6.4875,-75.017,820,5/15/1975,,Monchia,Magdalena Cauca,Medio Magdalena,Río Nare,2016,24,Andes,Preliminar,0,0,0,1.9395580291748,1.9395580291748,0,1.6933685541153,0,3.05454540252686,6.04363632202148,5,10,0.869565188884735,0.876811623573303,1,1,11,1.10000002384186,0
02,2014-02-26,23080760,5,Definitivo,SAN ROQUE [23080760],Pluviométrica,Convencional,Activa,Antioquia,San Roque,6.4875,-75.017,820,5/15/1975,,Monchia,Magdalena Cauca,Medio Magdalena,Río Nare,2014,26,Andes,Definitivo,5,5,0,3.44152164459229,3.44152164459229,0,8.57307815551758,0,3.05454540252686,6.04363632202148,5,10,0.869565188884735,0.876811623573303,1,1,12,1.10000002384186,5.50000011920929
02,2011-02-28,23080760,7,Definitivo,SAN ROQUE [23080760],Pluviométrica,Convencional,Activa,Antioquia,San Roque,6.4875,-75.017,820,5/15/1975,,Monchia,Magdalena Cauca,Medio Magdalena,Río Nare,2011,28,Andes,Definitivo,7,7,0,4.51548719406128,4.51548719406128,0,9.91224384307861,11.2902936935425,3.05454540252686,6.04363632202148,5,10,0.869565188884735,0.876811623573303,1,1,12,1.10000002384186,7.70000016689301
02,2010-02-25,23080760,,"",SAN ROQUE [23080760],Pluviométrica,Convencional,Activa,Antioquia,San Roque,6.4875,-75.017,820,5/15/1975,,Monchia,Magdalena Cauca,Medio Magdalena,Río Nare,2010,25,Andes,Preliminar,0,0,0,15.4102563858032,15.4102563858032,18.1997146606445,16.7859573364258,23.8256893157959,3.05454540252686,6.04363632202148,5,10,0.869565188884735,0.876811623573303,1,1,11,1.10000002384186,0
02,2013-02-24,23080760,0,Definitivo,SAN ROQUE [23080760],Pluviométrica,Convencional,Activa,Antioquia,San Roque,6.4875,-75.017,820,5/15/1975,,Monchia,Magdalena Cauca,Medio Magdalena,Río Nare,2013,24,Andes,Definitivo,0,0,0,2.5943706035614,2.5943706035614,20.9715003967285,13.8694133758545,0.608919620513916,3.05454540252686,6.04363632202148,5,10,0.869565188884735,0.876811623573303,1,1,11,1.10000002384186,0
02,2011-02-25,23080760,4,Definitivo,SAN ROQUE [23080760],Pluviométrica,Convencional,Activa,Antioquia,San Roque,6.4875,-75.017,820,5/15/1975,,Monchia,Magdalena Cauca,Medio Magdalena,Río Nare,2011,25,Andes,Definitivo,4,4,0,1.61527681350708,1.61527681350708,0,3.57648825645447,3.44783639907837,3.05454540252686,6.04363632202148,5,10,0.869565188884735,0.876811623573303,1,1,11,1.10000002384186,4.40000009536743
02,2015-02-28,23080760,24,Definitivo,SAN ROQUE [23080760],Pluviométrica,Convencional,Activa,Antioquia,San Roque,6.4875,-75.017,820,5/15/1975,,Monchia,Magdalena Cauca,Medio Magdalena,Río Nare,2015,28,Andes,Definitivo,24,24,0,2.2348895072937,2.2348895072937,10.2711267471313,5.73164987564087,24.4749965667725,3.05454540252686,6.04363632202148,5,10,0.869565188884735,0.876811623573303,1,1,12,1.10000002384186,26.4000005722046
02,2020-02-28,23080760,0,Definitivo,SAN ROQUE [23080760],Pluviométrica,Convencional,Activa,Antioquia,San Roque,6.4875,-75.017,820,5/15/1975,,Monchia,Magdalena Cauca,Medio Magdalena,Río Nare,2020,28,Andes,Definitivo,0,0,0,0.802076995372772,0.802076995372772,0,1.14376127719879,0,3.05454540252686,6.04363632202148,5,10,0.869565188884735,0.876811623573303,1,1,12,1.10000002384186,0
02,2020-02-29,23080760,0,Definitivo,SAN ROQUE [23080760],Pluviométrica,Convencional,Activa,Antioquia,San Roque,6.4875,-75.017,820,5/15/1975,,Monchia,Magdalena Cauca,Medio Magdalena,Río Nare,2020,29,Andes,Definitivo,0,0,0,0.316663593053818,0.316663593053818,0,1.35949623584747,0,3.05454540252686,6.04363632202148,5,10,0.869565188884735,0.876811623573303,1,1,12,1.10000002384186,0
02,2013-02-23,23080760,,"",SAN ROQUE [23080760],Pluviométrica,Convencional,Activa,Antioquia,San Roque,6.4875,-75.017,820,5/15/1975,,Monchia,Magdalena Cauca,Medio Magdalena,Río Nare,2013,23,Andes,Preliminar,0,0,0,5.55257654190064,5.55257654190064,0,7.74725341796875,0,3.05454540252686,6.04363632202148,5,10,0.869565188884735,0.876811623573303,1,1,11,1.10000002384186,0
02,2013-02-28,23080760,16,Definitivo,SAN ROQUE [23080760],Pluviométrica,Convencional,Activa,Antioquia,San Roque,6.4875,-75.017,820,5/15/1975,,Monchia,Magdalena Cauca,Medio Magdalena,Río Nare,2013,28,Andes,Definitivo,16,16,0,7.08247661590576,7.08247661590576,41.2526397705078,26.3206176757813,38.3062057495117,3.05454540252686,6.04363632202148,5,10,0.869565188884735,0.876811623573303,1,1,12,1.10000002384186,17.6000003814697
02,2022-02-23,23080760,0,Definitivo,SAN ROQUE [23080760],Pluviométrica,Convencional,Activa,Antioquia,San Roque,6.4875,-75.017,820,5/15/1975,,Monchia,Magdalena Cauca,Medio Magdalena,Río Nare,2022,23,Andes,Definitivo,0,0,0,1.19744980335236,1.19744980335236,0,3.83776450157166,4.43856143951416,3.05454540252686,6.04363632202148,5,10,0.869565188884735,0.876811623573303,1,1,11,1.10000002384186,0
02,2023-02-19,23080760,13,Definitivo,SAN ROQUE [23080760],Pluviométrica,Convencional,Activa,Antioquia,San Roque,6.4875,-75.017,820,5/15/1975,,Monchia,Magdalena Cauca,Medio Magdalena,Río Nare,2023,19,Andes,Definitivo,13,13,0,0.182115167379379,0.182115167379379,0,1.36476480960846,0,3.05454540252686,6.04363632202148,5,10,0.869565188884735,0.876811623573303,1,1,10,1.10000002384186,14.3000003099442
02,2018-02-27,23080760,0,Definitivo,SAN ROQUE [23080760],Pluviométrica,Convencional,Activa,Antioquia,San Roque,6.4875,-75.017,820,5/15/1975,,Monchia,Magdalena Cauca,Medio Magdalena,Río Nare,2018,27,Andes,Definitivo,0,0,0,0.42491027712822,0.42491027712822,0,1.15038633346558,3.18501305580139,3.05454540252686,6.04363632202148,5,10,0.869565188884735,0.876811623573303,1,1,12,1.10000002384186,0
02,2011-02-24,23080760,7,Definitivo,SAN ROQUE [23080760],Pluviométrica,Convencional,Activa,Antioquia,San Roque,6.4875,-75.017,820,5/15/1975,,Monchia,Magdalena Cauca,Medio Magdalena,Río Nare,2011,24,Andes,Definitivo,7,7,0,7.07362079620361,7.07362079620361,0,11.4391508102417,10.1425895690918,3.05454540252686,6.04363632202148,5,10,0.869565188884735,0.876811623573303,1,1,11,1.10000002384186,7.70000016689301
02,2011-02-26,23080760,,"",SAN ROQUE [23080760],Pluviométrica,Convencional,Activa,Antioquia,San Roque,6.4875,-75.017,820,5/15/1975,,Monchia,Magdalena Cauca,Medio Magdalena,Río Nare,2011,26,Andes,Preliminar,0,0,0,5.02210330963135,5.02210330963135,0,8.69743728637695,0.553962171077728,3.05454540252686,6.04363632202148,5,10,0.869565188884735,0.876811623573303,1,1,12,1.10000002384186,0
02,2018-02-26,23080760,3,Definitivo,SAN ROQUE [23080760],Pluviométrica,Convencional,Activa,Antioquia,San Roque,6.4875,-75.017,820,5/15/1975,,Monchia,Magdalena Cauca,Medio Magdalena,Río Nare,2018,26,Andes,Definitivo,3,3,0,0.914065957069397,0.914065957069397,0,2.54503703117371,1.45423889160156,3.05454540252686,6.04363632202148,5,10,0.869565188884735,0.876811623573303,1,1,12,1.10000002384186,3.30000007152557
02,2009-02-27,23080760,,"",SAN ROQUE [23080760],Pluviométrica,Convencional,Activa,Antioquia,San Roque,6.4875,-75.017,820,5/15/1975,,Monchia,Magdalena Cauca,Medio Magdalena,Río Nare,2009,27,Andes,Preliminar,0,0,0,1.11246109008789,1.11246109008789,0,1.43376648426056,0.931637704372406,3.05454540252686,6.04363632202148,5,10,0.869565188884735,0.876811623573303,1,1,12,1.10000002384186,0
02,2023-02-17,23080760,4,Definitivo,SAN ROQUE [23080760],Pluviométrica,Convencional,Activa,Antioquia,San Roque,6.4875,-75.017,820,5/15/1975,,Monchia,Magdalena Cauca,Medio Magdalena,Río Nare,2023,17,Andes,Definitivo,4,4,0,7.74693012237549,7.74693012237549,0,15.5650787353516,5.64554643630981,3.05454540252686,6.04363632202148,5,10,0.869565188884735,0.876811623573303,1,1,10,1.10000002384186,4.40000009536743
02,2023-02-22,23080760,0,Definitivo,SAN ROQUE [23080760],Pluviométrica,Convencional,Activa,Antioquia,San Roque,6.4875,-75.017,820,5/15/1975,,Monchia,Magdalena Cauca,Medio Magdalena,Río Nare,2023,22,Andes,Definitivo,0,0,0,4.26628494262695,4.26628494262695,0,4.46297454833984,9.82166194915771,3.05454540252686,6.04363632202148,5,10,0.869565188884735,0.876811623573303,1,1,11,1.10000002384186,0
02,2011-02-27,23080760,,"",SAN ROQUE [23080760],Pluviométrica,Convencional,Activa,Antioquia,San Roque,6.4875,-75.017,820,5/15/1975,,Monchia,Magdalena Cauca,Medio Magdalena,Río Nare,2011,27,Andes,Preliminar,0,0,0,4.81284856796265,4.81284856796265,16.9407577514648,8.74912643432617,15.514552116394,3.05454540252686,6.04363632202148,5,10,0.869565188884735,0.876811623573303,1,1,12,1.10000002384186,0
02,2016-02-25,23080760,,"",SAN ROQUE [23080760],Pluviométrica,Convencional,Activa,Antioquia,San Roque,6.4875,-75.017,820,5/15/1975,,Monchia,Magdalena Cauca,Medio Magdalena,Río Nare,2016,25,Andes,Preliminar,0,0,0,7.17820453643799,7.17820453643799,27.584098815918,3.26092934608459,3.38445281982422,3.05454540252686,6.04363632202148,5,10,0.869565188884735,0.876811623573303,1,1,11,1.10000002384186,0
02,2016-02-26,23080760,,"",SAN ROQUE [23080760],Pluviométrica,Convencional,Activa,Antioquia,San Roque,6.4875,-75.017,820,5/15/1975,,Monchia,Magdalena Cauca,Medio Magdalena,Río Nare,2016,26,Andes,Preliminar,0,0,0,1.03684413433075,1.03684413433075,0,0.645644128322601,1.71406269073486,3.05454540252686,6.04363632202148,5,10,0.869565188884735,0.876811623573303,1,1,12,1.10000002384186,0
02,2023-02-15,23080760,2,Definitivo,SAN ROQUE [23080760],Pluviométrica,Convencional,Activa,Antioquia,San Roque,6.4875,-75.017,820,5/15/1975,,Monchia,Magdalena Cauca,Medio Magdalena,Río Nare,2023,15,Andes,Definitivo,2,2,0,3.8879382610321,3.8879382610321,34.2116012573242,20.897439956665,25.6000022888184,3.05454540252686,6.04363632202148,5,10,0.869565188884735,0.876811623573303,1,1,9,1.10000002384186,2.20000004768372
02,2009-02-24,23080760,32,Definitivo,SAN ROQUE [23080760],Pluviométrica,Convencional,Activa,Antioquia,San Roque,6.4875,-75.017,820,5/15/1975,,Monchia,Magdalena Cauca,Medio Magdalena,Río Nare,2009,24,Andes,Definitivo,32,32,0,3.81467771530151,3.81467771530151,0,5.42864322662354,0.969652950763702,3.05454540252686,6.04363632202148,5,10,0.869565188884735,0.876811623573303,1,1,11,1.10000002384186,35.2000007629395
02,2020-02-25,23080760,0,Definitivo,SAN ROQUE [23080760],Pluviométrica,Convencional,Activa,Antioquia,San Roque,6.4875,-75.017,820,5/15/1975,,Monchia,Magdalena Cauca,Medio Magdalena,Río Nare,2020,25,Andes,Definitivo,0,0,0,5.18734407424927,5.18734407424927,0,2.19449973106384,2.02005505561829,3.05454540252686,6.04363632202148,5,10,0.869565188884735,0.876811623573303,1,1,11,1.10000002384186,0
02,2021-02-24,23080760,55,Definitivo,SAN ROQUE [23080760],Pluviométrica,Convencional,Activa,Antioquia,San Roque,6.4875,-75.017,820,5/15/1975,,Monchia,Magdalena Cauca,Medio Magdalena,Río Nare,2021,24,Andes,Definitivo,55,55,0,1.23461329936981,1.23461329936981,0,6.57021951675415,0,3.05454540252686,6.04363632202148,5,10,0.869565188884735,0.876811623573303,1,1,11,1.10000002384186,60.5000013113022
02,2021-02-28,23080760,10,Definitivo,SAN ROQUE [23080760],Pluviométrica,Convencional,Activa,Antioquia,San Roque,6.4875,-75.017,820,5/15/1975,,Monchia,Magdalena Cauca,Medio Magdalena,Río Nare,2021,28,Andes,Definitivo,10,10,0,4.19512748718262,4.19512748718262,55.234790802002,5.61041879653931,10.8566102981567,3.05454540252686,6.04363632202148,5,10,0.869565188884735,0.876811623573303,1,1,12,1.10000002384186,11.0000002384186
02,2023-02-26,23080760,0,Definitivo,SAN ROQUE [23080760],Pluviométrica,Convencional,Activa,Antioquia,San Roque,6.4875,-75.017,820,5/15/1975,,Monchia,Magdalena Cauca,Medio Magdalena,Río Nare,2023,26,Andes,Definitivo,0,0,0,2.58189582824707,2.58189582824707,0,1.3529599905014,0.0293776839971542,3.05454540252686,6.04363632202148,5,10,0.869565188884735,0.876811623573303,1,1,12,1.10000002384186,0
02,2009-02-23,23080760,5,Definitivo,SAN ROQUE [23080760],Pluviométrica,Convencional,Activa,Antioquia,San Roque,6.4875,-75.017,820,5/15/1975,,Monchia,Magdalena Cauca,Medio Magdalena,Río Nare,2009,23,Andes,Definitivo,5,5,0,1.4198762178421,1.4198762178421,0,8.11738300323486,5.11822652816773,3.05454540252686,6.04363632202148,5,10,0.869565188884735,0.876811623573303,1,1,11,1.10000002384186,5.50000011920929
02,2009-02-25,23080760,2,Definitivo,SAN ROQUE [23080760],Pluviométrica,Convencional,Activa,Antioquia,San Roque,6.4875,-75.017,820,5/15/1975,,Monchia,Magdalena Cauca,Medio Magdalena,Río Nare,2009,25,Andes,Definitivo,2,2,0,2.31544709205627,2.31544709205627,0,4.24897003173828,5.35601758956909,3.05454540252686,6.04363632202148,5,10,0.869565188884735,0.876811623573303,1,1,11,1.10000002384186,2.20000004768372
02,2008-02-25,23080760,,"",SAN ROQUE [23080760],Pluviométrica,Convencional,Activa,Antioquia,San Roque,6.4875,-75.017,820,5/15/1975,,Monchia,Magdalena Cauca,Medio Magdalena,Río Nare,2008,25,Andes,Preliminar,0,0,0,2.75471377372742,2.75471377372742,8.00550174713135,0.954445838928223,4.97036981582642,3.05454540252686,6.04363632202148,5,10,0.869565188884735,0.876811623573303,1,1,11,1.10000002384186,0
02,2013-02-27,23080760,6,Definitivo,SAN ROQUE [23080760],Pluviométrica,Convencional,Activa,Antioquia,San Roque,6.4875,-75.017,820,5/15/1975,,Monchia,Magdalena Cauca,Medio Magdalena,Río Nare,2013,27,Andes,Definitivo,6,6,0,7.73828792572022,7.73828792572022,0,19.2458972930908,6.13846015930176,3.05454540252686,6.04363632202148,5,10,0.869565188884735,0.876811623573303,1,1,12,1.10000002384186,6.60000014305115
02,2023-02-27,23080760,5,Definitivo,SAN ROQUE [23080760],Pluviométrica,Convencional,Activa,Antioquia,San Roque,6.4875,-75.017,820,5/15/1975,,Monchia,Magdalena Cauca,Medio Magdalena,Río Nare,2023,27,Andes,Definitivo,5,5,0,2.58189582824707,2.58189582824707,0,23.4483413696289,2.62022733688355,3.05454540252686,6.04363632202148,5,10,0.869565188884735,0.876811623573303,1,1,12,1.10000002384186,5.50000011920929
02,2023-02-23,23080760,0,Definitivo,SAN ROQUE [23080760],Pluviométrica,Convencional,Activa,Antioquia,San Roque,6.4875,-75.017,820,5/15/1975,,Monchia,Magdalena Cauca,Medio Magdalena,Río Nare,2023,23,Andes,Definitivo,0,0,0,0,0,0,0.0414477325975895,0.0288677755743265,3.05454540252686,6.04363632202148,5,10,0.869565188884735,0.876811623573303,1,1,11,1.10000002384186,0
02,2014-02-24,23080760,0,Definitivo,SAN ROQUE [23080760],Pluviométrica,Convencional,Activa,Antioquia,San Roque,6.4875,-75.017,820,5/15/1975,,Monchia,Magdalena Cauca,Medio Magdalena,Río Nare,2014,24,Andes,Definitivo,0,0,0,7.39795684814453,7.39795684814453,0,18.9924259185791,0.27165412902832,3.05454540252686,6.04363632202148,5,10,0.869565188884735,0.876811623573303,1,1,11,1.10000002384186,0
02,2008-02-26,23080760,,"",SAN ROQUE [23080760],Pluviométrica,Convencional,Activa,Antioquia,San Roque,6.4875,-75.017,820,5/15/1975,,Monchia,Magdalena Cauca,Medio Magdalena,Río Nare,2008,26,Andes,Preliminar,0,0,0,0.605589151382446,0.605589151382446,0,1.54891633987427,0,3.05454540252686,6.04363632202148,5,10,0.869565188884735,0.876811623573303,1,1,12,1.10000002384186,0
02,2022-02-25,23080760,0,Definitivo,SAN ROQUE [23080760],Pluviométrica,Convencional,Activa,Antioquia,San Roque,6.4875,-75.017,820,5/15/1975,,Monchia,Magdalena Cauca,Medio Magdalena,Río Nare,2022,25,Andes,Definitivo,0,0,0,1.51174199581146,1.51174199581146,0,3.63852858543396,0,3.05454540252686,6.04363632202148,5,10,0.869565188884735,0.876811623573303,1,1,11,1.10000002384186,0
02,2008-02-29,23080760,,"",SAN ROQUE [23080760],Pluviométrica,Convencional,Activa,Antioquia,San Roque,6.4875,-75.017,820,5/15/1975,,Monchia,Magdalena Cauca,Medio Magdalena,Río Nare,2008,29,Andes,Preliminar,0,0,0,0.971030712127686,0.971030712127686,0,1.72538769245148,0.230776950716972,3.05454540252686,6.04363632202148,5,10,0.869565188884735,0.876811623573303,1,1,12,1.10000002384186,0
02,2009-02-26,23080760,7,Definitivo,SAN ROQUE [23080760],Pluviométrica,Convencional,Activa,Antioquia,San Roque,6.4875,-75.017,820,5/15/1975,,Monchia,Magdalena Cauca,Medio Magdalena,Río Nare,2009,26,Andes,Definitivo,7,7,0,2.0700740814209,2.0700740814209,0,2.27093124389648,3.56744480133057,3.05454540252686,6.04363632202148,5,10,0.869565188884735,0.876811623573303,1,1,12,1.10000002384186,7.70000016689301
02,2018-02-28,23080760,0,Definitivo,SAN ROQUE [23080760],Pluviométrica,Convencional,Activa,Antioquia,San Roque,6.4875,-75.017,820,5/15/1975,,Monchia,Magdalena Cauca,Medio Magdalena,Río Nare,2018,28,Andes,Definitivo,0,0,0,0.690699934959412,0.690699934959412,0,2.07841515541077,1.13458621501923,3.05454540252686,6.04363632202148,5,10,0.869565188884735,0.876811623573303,1,1,12,1.10000002384186,0
02,2021-02-19,23080760,11,Definitivo,SAN ROQUE [23080760],Pluviométrica,Convencional,Activa,Antioquia,San Roque,6.4875,-75.017,820,5/15/1975,,Monchia,Magdalena Cauca,Medio Magdalena,Río Nare,2021,19,Andes,Definitivo,11,11,0,7.03619623184204,7.03619623184204,18.2117652893066,6.58399200439453,5.42422437667847,3.05454540252686,6.04363632202148,5,10,0.869565188884735,0.876811623573303,1,1,10,1.10000002384186,12.1000002622604
02,2023-02-14,23080760,20,Definitivo,SAN ROQUE [23080760],Pluviométrica,Convencional,Activa,Antioquia,San Roque,6.4875,-75.017,820,5/15/1975,,Monchia,Magdalena Cauca,Medio Magdalena,Río Nare,2023,14,Andes,Definitivo,20,20,0,1.09002935886383,1.09002935886383,0,5.21936082839966,0.202035740017891,3.05454540252686,6.04363632202148,5,10,0.869565188884735,0.876811623573303,1,1,9,1.10000002384186,22.0000004768372
02,2010-02-21,23080760,0,Definitivo,SAN ROQUE [23080760],Pluviométrica,Convencional,Activa,Antioquia,San Roque,6.4875,-75.017,820,5/15/1975,,Monchia,Magdalena Cauca,Medio Magdalena,Río Nare,2010,21,Andes,Definitivo,0,0,0,24.8705215454102,24.8705215454102,12.1331424713135,4.19059753417969,22.5276145935059,3.05454540252686,6.04363632202148,5,10,0.869565188884735,0.876811623573303,1,1,11,1.10000002384186,0
02,2021-02-22,23080760,0,Definitivo,SAN ROQUE [23080760],Pluviométrica,Convencional,Activa,Antioquia,San Roque,6.4875,-75.017,820,5/15/1975,,Monchia,Magdalena Cauca,Medio Magdalena,Río Nare,2021,22,Andes,Definitivo,0,0,0,2.09005546569824,2.09005546569824,0,4.26531457901001,0.398275017738342,3.05454540252686,6.04363632202148,5,10,0.869565188884735,0.876811623573303,1,1,11,1.10000002384186,0
02,2019-02-24,23080760,0,Definitivo,SAN ROQUE [23080760],Pluviométrica,Convencional,Activa,Antioquia,San Roque,6.4875,-75.017,820,5/15/1975,,Monchia,Magdalena Cauca,Medio Magdalena,Río Nare,2019,24,Andes,Definitivo,0,0,0,6.49121427536011,6.49121427536011,0,4.07726621627808,0.279537588357925,3.05454540252686,6.04363632202148,5,10,0.869565188884735,0.876811623573303,1,1,11,1.10000002384186,0
02,2019-02-25,23080760,0,Definitivo,SAN ROQUE [23080760],Pluviométrica,Convencional,Activa,Antioquia,San Roque,6.4875,-75.017,820,5/15/1975,,Monchia,Magdalena Cauca,Medio Magdalena,Río Nare,2019,25,Andes,Definitivo,0,0,0,2.72994017601013,2.72994017601013,0,0.681851267814636,0.12471579760313,3.05454540252686,6.04363632202148,5,10,0.869565188884735,0.876811623573303,1,1,11,1.10000002384186,0
02,2023-02-25,23080760,0,Definitivo,SAN ROQUE [23080760],Pluviométrica,Convencional,Activa,Antioquia,San Roque,6.4875,-75.017,820,5/15/1975,,Monchia,Magdalena Cauca,Medio Magdalena,Río Nare,2023,25,Andes,Definitivo,0,0,0,0.136209204792976,0.136209204792976,0,0.673223376274109,0.0602151453495026,3.05454540252686,6.04363632202148,5,10,0.869565188884735,0.876811623573303,1,1,11,1.10000002384186,0
02,2010-02-22,23080760,,"",SAN ROQUE [23080760],Pluviométrica,Convencional,Activa,Antioquia,San Roque,6.4875,-75.017,820,5/15/1975,,Monchia,Magdalena Cauca,Medio Magdalena,Río Nare,2010,22,Andes,Preliminar,0,0,0,2.68004465103149,2.68004465103149,0,6.6828203201294,0.222164914011955,3.05454540252686,6.04363632202148,5,10,0.869565188884735,0.876811623573303,1,1,11,1.10000002384186,0
02,2016-02-27,23080760,,"",SAN ROQUE [23080760],Pluviométrica,Convencional,Activa,Antioquia,San Roque,6.4875,-75.017,820,5/15/1975,,Monchia,Magdalena Cauca,Medio Magdalena,Río Nare,2016,27,Andes,Preliminar,0,0,0,0.464685380458832,0.464685380458832,0,0.416047483682632,0.133581772446632,3.05454540252686,6.04363632202148,5,10,0.869565188884735,0.876811623573303,1,1,12,1.10000002384186,0
02,2013-02-26,23080760,1,Definitivo,SAN ROQUE [23080760],Pluviométrica,Convencional,Activa,Antioquia,San Roque,6.4875,-75.017,820,5/15/1975,,Monchia,Magdalena Cauca,Medio Magdalena,Río Nare,2013,26,Andes,Definitivo,1,1,0,1.27908897399902,1.27908897399902,0,8.70776653289795,9.82961654663086,3.05454540252686,6.04363632202148,5,10,0.869565188884735,0.876811623573303,1,1,12,1.10000002384186,1.10000002384186
02,2015-02-26,23080760,0,Definitivo,SAN ROQUE [23080760],Pluviométrica,Convencional,Activa,Antioquia,San Roque,6.4875,-75.017,820,5/15/1975,,Monchia,Magdalena Cauca,Medio Magdalena,Río Nare,2015,26,Andes,Definitivo,0,0,0,2.35354948043823,2.35354948043823,0,12.0333290100098,2.20124673843384,3.05454540252686,6.04363632202148,5,10,0.869565188884735,0.876811623573303,1,1,12,1.10000002384186,0
02,2018-02-24,23080760,5,Definitivo,SAN ROQUE [23080760],Pluviométrica,Convencional,Activa,Antioquia,San Roque,6.4875,-75.017,820,5/15/1975,,Monchia,Magdalena Cauca,Medio Magdalena,Río Nare,2018,24,Andes,Definitivo,5,5,0,1.89641630649567,1.89641630649567,6.98564195632935,2.88314032554626,6.27740383148193,3.05454540252686,6.04363632202148,5,10,0.869565188884735,0.876811623573303,1,1,11,1.10000002384186,5.50000011920929
02,2010-02-24,23080760,7,Definitivo,SAN ROQUE [23080760],Pluviométrica,Convencional,Activa,Antioquia,San Roque,6.4875,-75.017,820,5/15/1975,,Monchia,Magdalena Cauca,Medio Magdalena,Río Nare,2010,24,Andes,Definitivo,7,7,0,9.38743877410889,9.38743877410889,0,15.748875617981,3.83322405815125,3.05454540252686,6.04363632202148,5,10,0.869565188884735,0.876811623573303,1,1,11,1.10000002384186,7.70000016689301
02,2006-02-24,23080760,,"",SAN ROQUE [23080760],Pluviométrica,Convencional,Activa,Antioquia,San Roque,6.4875,-75.017,820,5/15/1975,,Monchia,Magdalena Cauca,Medio Magdalena,Río Nare,2006,24,Andes,Preliminar,0,0,0,2.16510677337646,2.16510677337646,0,0.415995270013809,0.70541125535965,3.05454540252686,6.04363632202148,5,10,0.869565188884735,0.876811623573303,1,1,11,1.10000002384186,0
02,2006-02-25,23080760,,"",SAN ROQUE [23080760],Pluviométrica,Convencional,Activa,Antioquia,San Roque,6.4875,-75.017,820,5/15/1975,,Monchia,Magdalena Cauca,Medio Magdalena,Río Nare,2006,25,Andes,Preliminar,0,0,0,3.28644895553589,3.28644895553589,0,1.08171808719635,0.615934371948242,3.05454540252686,6.04363632202148,5,10,0.869565188884735,0.876811623573303,1,1,11,1.10000002384186,0
02,2023-02-12,23080760,5,Definitivo,SAN ROQUE [23080760],Pluviométrica,Convencional,Activa,Antioquia,San Roque,6.4875,-75.017,820,5/15/1975,,Monchia,Magdalena Cauca,Medio Magdalena,Río Nare,2023,12,Andes,Definitivo,5,5,0,2.16559863090515,2.16559863090515,0,3.39593696594238,1.6090692281723,3.05454540252686,6.04363632202148,5,10,0.869565188884735,0.876811623573303,1,1,9,1.10000002384186,5.50000011920929
02,2023-02-09,23080760,0,Definitivo,SAN ROQUE [23080760],Pluviométrica,Convencional,Activa,Antioquia,San Roque,6.4875,-75.017,820,5/15/1975,,Monchia,Magdalena Cauca,Medio Magdalena,Río Nare,2023,09,Andes,Definitivo,0,0,0,4.6641640663147,4.6641640663147,0,18.5723705291748,20.2948398590088,3.05454540252686,6.04363632202148,5,10,0.869565188884735,0.876811623573303,1,1,8,1.10000002384186,0
02,2014-02-25,23080760,0,Definitivo,SAN ROQUE [23080760],Pluviométrica,Convencional,Activa,Antioquia,San Roque,6.4875,-75.017,820,5/15/1975,,Monchia,Magdalena Cauca,Medio Magdalena,Río Nare,2014,25,Andes,Definitivo,0,0,0,14.3898401260376,14.3898401260376,41.2397804260254,16.7017555236816,9.87464809417725,3.05454540252686,6.04363632202148,5,10,0.869565188884735,0.876811623573303,1,1,11,1.10000002384186,0
02,2017-02-23,23080760,0,Definitivo,SAN ROQUE [23080760],Pluviométrica,Convencional,Activa,Antioquia,San Roque,6.4875,-75.017,820,5/15/1975,,Monchia,Magdalena Cauca,Medio Magdalena,Río Nare,2017,23,Andes,Definitivo,0,0,0,0.653767764568329,0.653767764568329,0,1.52901041507721,0.238782569766045,3.05454540252686,6.04363632202148,5,10,0.869565188884735,0.876811623573303,1,1,11,1.10000002384186,0
02,2021-02-26,23080760,9,Definitivo,SAN ROQUE [23080760],Pluviométrica,Convencional,Activa,Antioquia,San Roque,6.4875,-75.017,820,5/15/1975,,Monchia,Magdalena Cauca,Medio Magdalena,Río Nare,2021,26,Andes,Definitivo,9,9,0,2.60769128799439,2.60769128799439,0,13.2092332839966,19.8484077453613,3.05454540252686,6.04363632202148,5,10,0.869565188884735,0.876811623573303,1,1,12,1.10000002384186,9.90000021457672
02,2021-02-25,23080760,42,Definitivo,SAN ROQUE [23080760],Pluviométrica,Convencional,Activa,Antioquia,San Roque,6.4875,-75.017,820,5/15/1975,,Monchia,Magdalena Cauca,Medio Magdalena,Río Nare,2021,25,Andes,Definitivo,42,42,0,1.29794788360596,1.29794788360596,43.5510215759277,5.78283643722534,42.9726600646973,3.05454540252686,6.04363632202148,5,10,0.869565188884735,0.876811623573303,1,1,11,1.10000002384186,46.200001001358
02,2023-02-20,23080760,0,Definitivo,SAN ROQUE [23080760],Pluviométrica,Convencional,Activa,Antioquia,San Roque,6.4875,-75.017,820,5/15/1975,,Monchia,Magdalena Cauca,Medio Magdalena,Río Nare,2023,20,Andes,Definitivo,0,0,0,0.316781401634216,0.316781401634216,0,3.30975842475891,13.3921184539795,3.05454540252686,6.04363632202148,5,10,0.869565188884735,0.876811623573303,1,1,10,1.10000002384186,0
02,2020-02-24,23080760,1,Definitivo,SAN ROQUE [23080760],Pluviométrica,Convencional,Activa,Antioquia,San Roque,6.4875,-75.017,820,5/15/1975,,Monchia,Magdalena Cauca,Medio Magdalena,Río Nare,2020,24,Andes,Definitivo,1,1,0,2.45077753067017,2.45077753067017,0,1.14073753356934,0,3.05454540252686,6.04363632202148,5,10,0.869565188884735,0.876811623573303,1,1,11,1.10000002384186,1.10000002384186
02,2008-02-28,23080760,,"",SAN ROQUE [23080760],Pluviométrica,Convencional,Activa,Antioquia,San Roque,6.4875,-75.017,820,5/15/1975,,Monchia,Magdalena Cauca,Medio Magdalena,Río Nare,2008,28,Andes,Preliminar,0,0,0,2.48947858810425,2.48947858810425,0,3.86331295967102,10.1216192245483,3.05454540252686,6.04363632202148,5,10,0.869565188884735,0.876811623573303,1,1,12,1.10000002384186,0
02,2006-02-28,23080760,,"",SAN ROQUE [23080760],Pluviométrica,Convencional,Activa,Antioquia,San Roque,6.4875,-75.017,820,5/15/1975,,Monchia,Magdalena Cauca,Medio Magdalena,Río Nare,2006,28,Andes,Preliminar,0,0,0,0.813949882984161,0.813949882984161,0,2.7401077747345,0,3.05454540252686,6.04363632202148,5,10,0.869565188884735,0.876811623573303,1,1,12,1.10000002384186,0
02,2020-02-26,23080760,0,Definitivo,SAN ROQUE [23080760],Pluviométrica,Convencional,Activa,Antioquia,San Roque,6.4875,-75.017,820,5/15/1975,,Monchia,Magdalena Cauca,Medio Magdalena,Río Nare,2020,26,Andes,Definitivo,0,0,0,1.03480279445648,1.03480279445648,0,0.977429687976837,2.44429802894592,3.05454540252686,6.04363632202148,5,10,0.869565188884735,0.876811623573303,1,1,12,1.10000002384186,0
02,2023-02-21,23080760,18,Definitivo,SAN ROQUE [23080760],Pluviométrica,Convencional,Activa,Antioquia,San Roque,6.4875,-75.017,820,5/15/1975,,Monchia,Magdalena Cauca,Medio Magdalena,Río Nare,2023,21,Andes,Definitivo,18,18,0,3.94782567024231,3.94782567024231,0,4.77718639373779,0.617904961109161,3.05454540252686,6.04363632202148,5,10,0.869565188884735,0.876811623573303,1,1,11,1.10000002384186,19.8000004291534
02,2022-02-20,23080760,12,Definitivo,SAN ROQUE [23080760],Pluviométrica,Convencional,Activa,Antioquia,San Roque,6.4875,-75.017,820,5/15/1975,,Monchia,Magdalena Cauca,Medio Magdalena,Río Nare,2022,20,Andes,Definitivo,12,12,0,1.77510786056519,1.77510786056519,0,3.47876405715942,13.6374826431274,3.05454540252686,6.04363632202148,5,10,0.869565188884735,0.876811623573303,1,1,10,1.10000002384186,13.2000002861023
02,2007-02-23,23080760,,"",SAN ROQUE [23080760],Pluviométrica,Convencional,Activa,Antioquia,San Roque,6.4875,-75.017,820,5/15/1975,,Monchia,Magdalena Cauca,Medio Magdalena,Río Nare,2007,23,Andes,Preliminar,0,0,0,1.60397303104401,1.60397303104401,0,0.00247167446650565,0,3.05454540252686,6.04363632202148,5,10,0.869565188884735,0.876811623573303,1,1,11,1.10000002384186,0
02,2008-02-21,23080760,,"",SAN ROQUE [23080760],Pluviométrica,Convencional,Activa,Antioquia,San Roque,6.4875,-75.017,820,5/15/1975,,Monchia,Magdalena Cauca,Medio Magdalena,Río Nare,2008,21,Andes,Preliminar,2,2,0,3.26462316513062,3.26462316513062,0,3.56990146636963,2.4367082118988,3.05454540252686,6.04363632202148,5,10,0.869565188884735,0.876811623573303,1,1,11,1.10000002384186,2.20000004768372
02,2012-02-24,23080760,,"",SAN ROQUE [23080760],Pluviométrica,Convencional,Activa,Antioquia,San Roque,6.4875,-75.017,820,5/15/1975,,Monchia,Magdalena Cauca,Medio Magdalena,Río Nare,2012,24,Andes,Preliminar,0,0,0,0.474305987358093,0.474305987358093,0,1.18213307857513,2.92590260505676,3.05454540252686,6.04363632202148,5,10,0.869565188884735,0.876811623573303,1,1,11,1.10000002384186,0
02,2012-02-25,23080760,,"",SAN ROQUE [23080760],Pluviométrica,Convencional,Activa,Antioquia,San Roque,6.4875,-75.017,820,5/15/1975,,Monchia,Magdalena Cauca,Medio Magdalena,Río Nare,2012,25,Andes,Preliminar,0,0,0,6.57061862945557,6.57061862945557,6.45576858520508,4.55034828186035,6.32194137573242,3.05454540252686,6.04363632202148,5,10,0.869565188884735,0.876811623573303,1,1,11,1.10000002384186,0
02,2017-02-24,23080760,0,Definitivo,SAN ROQUE [23080760],Pluviométrica,Convencional,Activa,Antioquia,San Roque,6.4875,-75.017,820,5/15/1975,,Monchia,Magdalena Cauca,Medio Magdalena,Río Nare,2017,24,Andes,Definitivo,0,0,0,0.945163190364838,0.945163190364838,0,0.920243144035339,0.608408808708191,3.05454540252686,6.04363632202148,5,10,0.869565188884735,0.876811623573303,1,1,11,1.10000002384186,0
02,2021-02-27,23080760,7,Definitivo,SAN ROQUE [23080760],Pluviométrica,Convencional,Activa,Antioquia,San Roque,6.4875,-75.017,820,5/15/1975,,Monchia,Magdalena Cauca,Medio Magdalena,Río Nare,2021,27,Andes,Definitivo,7,7,0,6.023766040802,6.023766040802,0,31.613245010376,19.7278804779053,3.05454540252686,6.04363632202148,5,10,0.869565188884735,0.876811623573303,1,1,12,1.10000002384186,7.70000016689301
02,2023-02-24,23080760,0,Definitivo,SAN ROQUE [23080760],Pluviométrica,Convencional,Activa,Antioquia,San Roque,6.4875,-75.017,820,5/15/1975,,Monchia,Magdalena Cauca,Medio Magdalena,Río Nare,2023,24,Andes,Definitivo,0,0,0,0,0,0,0.57381808757782,0,3.05454540252686,6.04363632202148,5,10,0.869565188884735,0.876811623573303,1,1,11,1.10000002384186,0
02,2010-02-28,23080760,,"",SAN ROQUE [23080760],Pluviométrica,Convencional,Activa,Antioquia,San Roque,6.4875,-75.017,820,5/15/1975,,Monchia,Magdalena Cauca,Medio Magdalena,Río Nare,2010,28,Andes,Preliminar,0,0,0,0.999244511127472,0.999244511127472,0,0.356689959764481,0,3.05454540252686,6.04363632202148,5,10,0.869565188884735,0.876811623573303,1,1,12,1.10000002384186,0
02,2016-02-22,23080760,,"",SAN ROQUE [23080760],Pluviométrica,Convencional,Activa,Antioquia,San Roque,6.4875,-75.017,820,5/15/1975,,Monchia,Magdalena Cauca,Medio Magdalena,Río Nare,2016,22,Andes,Preliminar,0,0,0,1.76988959312439,1.76988959312439,0,4.92380237579346,0.585478067398071,3.05454540252686,6.04363632202148,5,10,0.869565188884735,0.876811623573303,1,1,11,1.10000002384186,0
02,2016-02-23,23080760,,"",SAN ROQUE [23080760],Pluviométrica,Convencional,Activa,Antioquia,San Roque,6.4875,-75.017,820,5/15/1975,,Monchia,Magdalena Cauca,Medio Magdalena,Río Nare,2016,23,Andes,Preliminar,0,0,0,10.5334463119507,10.5334463119507,0,1.46745479106903,4.65078973770142,3.05454540252686,6.04363632202148,5,10,0.869565188884735,0.876811623573303,1,1,11,1.10000002384186,0
02,2007-02-26,23080760,,"",SAN ROQUE [23080760],Pluviométrica,Convencional,Activa,Antioquia,San Roque,6.4875,-75.017,820,5/15/1975,,Monchia,Magdalena Cauca,Medio Magdalena,Río Nare,2007,26,Andes,Preliminar,0,0,0,1.43477380275726,1.43477380275726,0,4.44710111618042,5.88230037689209,3.05454540252686,6.04363632202148,5,10,0.869565188884735,0.876811623573303,1,1,12,1.10000002384186,0
02,2008-02-24,23080760,,"",SAN ROQUE [23080760],Pluviométrica,Convencional,Activa,Antioquia,San Roque,6.4875,-75.017,820,5/15/1975,,Monchia,Magdalena Cauca,Medio Magdalena,Río Nare,2008,24,Andes,Preliminar,0,0,0,1.97325623035431,1.97325623035431,0,0.558996856212616,1.40578305721283,3.05454540252686,6.04363632202148,5,10,0.869565188884735,0.876811623573303,1,1,11,1.10000002384186,0
02,2007-02-21,23080760,,"",SAN ROQUE [23080760],Pluviométrica,Convencional,Activa,Antioquia,San Roque,6.4875,-75.017,820,5/15/1975,,Monchia,Magdalena Cauca,Medio Magdalena,Río Nare,2007,21,Andes,Preliminar,0,0,0,0,0,0,1.44768893718719,3.12724828720093,3.05454540252686,6.04363632202148,5,10,0.869565188884735,0.876811623573303,1,1,11,1.10000002384186,0
02,2023-02-16,23080760,6,Definitivo,SAN ROQUE [23080760],Pluviométrica,Convencional,Activa,Antioquia,San Roque,6.4875,-75.017,820,5/15/1975,,Monchia,Magdalena Cauca,Medio Magdalena,Río Nare,2023,16,Andes,Definitivo,6,6,0,2.47504663467407,2.47504663467407,0,10.032096862793,13.5714435577393,3.05454540252686,6.04363632202148,5,10,0.869565188884735,0.876811623573303,1,1,10,1.10000002384186,6.60000014305115
02,2021-02-14,23080760,0,Definitivo,SAN ROQUE [23080760],Pluviométrica,Convencional,Activa,Antioquia,San Roque,6.4875,-75.017,820,5/15/1975,,Monchia,Magdalena Cauca,Medio Magdalena,Río Nare,2021,14,Andes,Definitivo,0,0,0,1.29715299606323,1.29715299606323,0,5.7843828201294,0.294934034347534,3.05454540252686,6.04363632202148,5,10,0.869565188884735,0.876811623573303,1,1,9,1.10000002384186,0
02,2008-02-22,23080760,,"",SAN ROQUE [23080760],Pluviométrica,Convencional,Activa,Antioquia,San Roque,6.4875,-75.017,820,5/15/1975,,Monchia,Magdalena Cauca,Medio Magdalena,Río Nare,2008,22,Andes,Preliminar,0,0,0,2.63704252243042,2.63704252243042,0,3.48598837852478,0,3.05454540252686,6.04363632202148,5,10,0.869565188884735,0.876811623573303,1,1,11,1.10000002384186,0
02,2010-02-23,23080760,9,Definitivo,SAN ROQUE [23080760],Pluviométrica,Convencional,Activa,Antioquia,San Roque,6.4875,-75.017,820,5/15/1975,,Monchia,Magdalena Cauca,Medio Magdalena,Río Nare,2010,23,Andes,Definitivo,9,9,0,1.55850422382355,1.55850422382355,18.1997146606445,10.9977121353149,3.99727296829224,3.05454540252686,6.04363632202148,5,10,0.869565188884735,0.876811623573303,1,1,11,1.10000002384186,9.90000021457672
02,2012-02-26,23080760,,"",SAN ROQUE [23080760],Pluviométrica,Convencional,Activa,Antioquia,San Roque,6.4875,-75.017,820,5/15/1975,,Monchia,Magdalena Cauca,Medio Magdalena,Río Nare,2012,26,Andes,Preliminar,0,0,0,3.18054866790772,3.18054866790772,0,2.00737285614014,6.82721710205078,3.05454540252686,6.04363632202148,5,10,0.869565188884735,0.876811623573303,1,1,12,1.10000002384186,0
02,2019-02-26,23080760,22,Definitivo,SAN ROQUE [23080760],Pluviométrica,Convencional,Activa,Antioquia,San Roque,6.4875,-75.017,820,5/15/1975,,Monchia,Magdalena Cauca,Medio Magdalena,Río Nare,2019,26,Andes,Definitivo,22,22,0,1.58575773239136,1.58575773239136,0,2.15866899490356,6.64194393157959,3.05454540252686,6.04363632202148,5,10,0.869565188884735,0.876811623573303,1,1,12,1.10000002384186,24.2000005245209
02,2022-02-24,23080760,0,Definitivo,SAN ROQUE [23080760],Pluviométrica,Convencional,Activa,Antioquia,San Roque,6.4875,-75.017,820,5/15/1975,,Monchia,Magdalena Cauca,Medio Magdalena,Río Nare,2022,24,Andes,Definitivo,0,0,0,1.32208669185638,1.32208669185638,0,2.03122472763062,0,3.05454540252686,6.04363632202148,5,10,0.869565188884735,0.876811623573303,1,1,11,1.10000002384186,0
02,2015-02-25,23080760,0,Definitivo,SAN ROQUE [23080760],Pluviométrica,Convencional,Activa,Antioquia,San Roque,6.4875,-75.017,820,5/15/1975,,Monchia,Magdalena Cauca,Medio Magdalena,Río Nare,2015,25,Andes,Definitivo,0,0,0,2.68856978416443,2.68856978416443,0,3.90846252441406,7.42488861083984,3.05454540252686,6.04363632202148,5,10,0.869565188884735,0.876811623573303,1,1,11,1.10000002384186,0
02,2008-02-27,23080760,,"",SAN ROQUE [23080760],Pluviométrica,Convencional,Activa,Antioquia,San Roque,6.4875,-75.017,820,5/15/1975,,Monchia,Magdalena Cauca,Medio Magdalena,Río Nare,2008,27,Andes,Preliminar,0,0,0,1.49309039115906,1.49309039115906,0,3.21477913856506,0,3.05454540252686,6.04363632202148,5,10,0.869565188884735,0.876811623573303,1,1,12,1.10000002384186,0
02,2006-02-27,23080760,0,Definitivo,SAN ROQUE [23080760],Pluviométrica,Convencional,Activa,Antioquia,San Roque,6.4875,-75.017,820,5/15/1975,,Monchia,Magdalena Cauca,Medio Magdalena,Río Nare,2006,27,Andes,Definitivo,0,0,0,8.16071605682373,8.16071605682373,0,22.4620933532715,26.4023761749268,3.05454540252686,6.04363632202148,5,10,0.869565188884735,0.876811623573303,1,1,12,1.10000002384186,0
02,2019-02-21,23080760,0,Definitivo,SAN ROQUE [23080760],Pluviométrica,Convencional,Activa,Antioquia,San Roque,6.4875,-75.017,820,5/15/1975,,Monchia,Magdalena Cauca,Medio Magdalena,Río Nare,2019,21,Andes,Definitivo,0,0,0,11.5364179611206,11.5364179611206,0,8.49420166015625,0.0159584954380989,3.05454540252686,6.04363632202148,5,10,0.869565188884735,0.876811623573303,1,1,11,1.10000002384186,0
02,2018-02-25,23080760,2,Definitivo,SAN ROQUE [23080760],Pluviométrica,Convencional,Activa,Antioquia,San Roque,6.4875,-75.017,820,5/15/1975,,Monchia,Magdalena Cauca,Medio Magdalena,Río Nare,2018,25,Andes,Definitivo,2,2,0,1.01189422607422,1.01189422607422,0,7.6633038520813,4.53727149963379,3.05454540252686,6.04363632202148,5,10,0.869565188884735,0.876811623573303,1,1,11,1.10000002384186,2.20000004768372
02,2022-02-22,23080760,44,Definitivo,SAN ROQUE [23080760],Pluviométrica,Convencional,Activa,Antioquia,San Roque,6.4875,-75.017,820,5/15/1975,,Monchia,Magdalena Cauca,Medio Magdalena,Río Nare,2022,22,Andes,Definitivo,44,44,0,1.06993401050568,1.06993401050568,0,2.25876498222351,5.95361661911011,3.05454540252686,6.04363632202148,5,10,0.869565188884735,0.876811623573303,1,1,11,1.10000002384186,48.4000010490418
02,2007-02-22,23080760,,"",SAN ROQUE [23080760],Pluviométrica,Convencional,Activa,Antioquia,San Roque,6.4875,-75.017,820,5/15/1975,,Monchia,Magdalena Cauca,Medio Magdalena,Río Nare,2007,22,Andes,Preliminar,0,0,0,2.33305168151855,2.33305168151855,0,0.466036438941956,0,3.05454540252686,6.04363632202148,5,10,0.869565188884735,0.876811623573303,1,1,11,1.10000002384186,0
02,2008-02-20,23080760,5,Definitivo,SAN ROQUE [23080760],Pluviométrica,Convencional,Activa,Antioquia,San Roque,6.4875,-75.017,820,5/15/1975,,Monchia,Magdalena Cauca,Medio Magdalena,Río Nare,2008,20,Andes,Definitivo,5,5,0,9.77798461914062,9.77798461914062,0,19.8332004547119,2.41799545288086,3.05454540252686,6.04363632202148,5,10,0.869565188884735,0.876811623573303,1,1,10,1.10000002384186,5.50000011920929
02,2023-02-11,23080760,3,Definitivo,SAN ROQUE [23080760],Pluviométrica,Convencional,Activa,Antioquia,San Roque,6.4875,-75.017,820,5/15/1975,,Monchia,Magdalena Cauca,Medio Magdalena,Río Nare,2023,11,Andes,Definitivo,3,3,0,1.04335558414459,1.04335558414459,0,6.46201181411743,4.86992073059082,3.05454540252686,6.04363632202148,5,10,0.869565188884735,0.876811623573303,1,1,9,1.10000002384186,3.30000007152557
02,2023-02-08,23080760,114,Definitivo,SAN ROQUE [23080760],Pluviométrica,Convencional,Activa,Antioquia,San Roque,6.4875,-75.017,820,5/15/1975,,Monchia,Magdalena Cauca,Medio Magdalena,Río Nare,2023,08,Andes,Definitivo,114,114,0,0.703193724155426,0.703193724155426,28.9793262481689,3.59217476844788,5.55479860305786,3.05454540252686,6.04363632202148,5,10,0.869565188884735,0.876811623573303,1,1,8,1.10000002384186,125.400002717972
02,2013-02-21,23080760,10,Definitivo,SAN ROQUE [23080760],Pluviométrica,Convencional,Activa,Antioquia,San Roque,6.4875,-75.017,820,5/15/1975,,Monchia,Magdalena Cauca,Medio Magdalena,Río Nare,2013,21,Andes,Definitivo,10,10,0,3.2853045463562,3.2853045463562,0,6.19751691818237,0.654945254325867,3.05454540252686,6.04363632202148,5,10,0.869565188884735,0.876811623573303,1,1,11,1.10000002384186,11.0000002384186
02,2015-02-24,23080760,,"",SAN ROQUE [23080760],Pluviométrica,Convencional,Activa,Antioquia,San Roque,6.4875,-75.017,820,5/15/1975,,Monchia,Magdalena Cauca,Medio Magdalena,Río Nare,2015,24,Andes,Preliminar,0,0,0,0.883696854114533,0.883696854114533,0,7.24049711227417,0,3.05454540252686,6.04363632202148,5,10,0.869565188884735,0.876811623573303,1,1,11,1.10000002384186,0
02,2017-02-25,23080760,0,Definitivo,SAN ROQUE [23080760],Pluviométrica,Convencional,Activa,Antioquia,San Roque,6.4875,-75.017,820,5/15/1975,,Monchia,Magdalena Cauca,Medio Magdalena,Río Nare,2017,25,Andes,Definitivo,0,0,0,1.60340178012848,1.60340178012848,0,1.98775839805603,5.46828460693359,3.05454540252686,6.04363632202148,5,10,0.869565188884735,0.876811623573303,1,1,11,1.10000002384186,0
02,2010-02-27,23080760,,"",SAN ROQUE [23080760],Pluviométrica,Convencional,Activa,Antioquia,San Roque,6.4875,-75.017,820,5/15/1975,,Monchia,Magdalena Cauca,Medio Magdalena,Río Nare,2010,27,Andes,Preliminar,0,0,0,1.64853310585022,1.64853310585022,0,0.271180123090744,0.0417004302144051,3.05454540252686,6.04363632202148,5,10,0.869565188884735,0.876811623573303,1,1,12,1.10000002384186,0
02,2009-02-22,23080760,0,Definitivo,SAN ROQUE [23080760],Pluviométrica,Convencional,Activa,Antioquia,San Roque,6.4875,-75.017,820,5/15/1975,,Monchia,Magdalena Cauca,Medio Magdalena,Río Nare,2009,22,Andes,Definitivo,0,0,0,4.54020309448242,4.54020309448242,0,1.95722758769989,3.4619414806366,3.05454540252686,6.04363632202148,5,10,0.869565188884735,0.876811623573303,1,1,11,1.10000002384186,0
02,2014-02-21,23080760,31,Definitivo,SAN ROQUE [23080760],Pluviométrica,Convencional,Activa,Antioquia,San Roque,6.4875,-75.017,820,5/15/1975,,Monchia,Magdalena Cauca,Medio Magdalena,Río Nare,2014,21,Andes,Definitivo,31,31,0,10.6445550918579,10.6445550918579,13.7465934753418,9.24132633209229,24.483772277832,3.05454540252686,6.04363632202148,5,10,0.869565188884735,0.876811623573303,1,1,11,1.10000002384186,34.1000007390976
02,2007-02-25,23080760,0,Definitivo,SAN ROQUE [23080760],Pluviométrica,Convencional,Activa,Antioquia,San Roque,6.4875,-75.017,820,5/15/1975,,Monchia,Magdalena Cauca,Medio Magdalena,Río Nare,2007,25,Andes,Definitivo,0,0,0,0,0,0,2.12897229194641,0.917920589447021,3.05454540252686,6.04363632202148,5,10,0.869565188884735,0.876811623573303,1,1,11,1.10000002384186,0
02,2005-02-25,23080760,9,Definitivo,SAN ROQUE [23080760],Pluviométrica,Convencional,Activa,Antioquia,San Roque,6.4875,-75.017,820,5/15/1975,,Monchia,Magdalena Cauca,Medio Magdalena,Río Nare,2005,25,Andes,Definitivo,9,9,0,0.58028119802475,0.58028119802475,0,0.203268870711327,0.415432214736939,3.05454540252686,6.04363632202148,5,10,0.869565188884735,0.876811623573303,1,1,11,1.10000002384186,9.90000021457672
02,2006-02-23,23080760,0,Definitivo,SAN ROQUE [23080760],Pluviométrica,Convencional,Activa,Antioquia,San Roque,6.4875,-75.017,820,5/15/1975,,Monchia,Magdalena Cauca,Medio Magdalena,Río Nare,2006,23,Andes,Definitivo,0,0,0,0.0282098632305861,0.0282098632305861,0,0.0448592007160187,0.149821862578392,3.05454540252686,6.04363632202148,5,10,0.869565188884735,0.876811623573303,1,1,11,1.10000002384186,0
02,2021-02-21,23080760,0,Definitivo,SAN ROQUE [23080760],Pluviométrica,Convencional,Activa,Antioquia,San Roque,6.4875,-75.017,820,5/15/1975,,Monchia,Magdalena Cauca,Medio Magdalena,Río Nare,2021,21,Andes,Definitivo,0,0,0,3.58560180664063,3.58560180664063,0,27.3235340118408,11.3402051925659,3.05454540252686,6.04363632202148,5,10,0.869565188884735,0.876811623573303,1,1,11,1.10000002384186,0
02,2022-02-17,23080760,0,Definitivo,SAN ROQUE [23080760],Pluviométrica,Convencional,Activa,Antioquia,San Roque,6.4875,-75.017,820,5/15/1975,,Monchia,Magdalena Cauca,Medio Magdalena,Río Nare,2022,17,Andes,Definitivo,0,0,0,0.346315056085587,0.346315056085587,0,1.05994141101837,0,3.05454540252686,6.04363632202148,5,10,0.869565188884735,0.876811623573303,1,1,10,1.10000002384186,0
02,2009-02-17,23080760,,"",SAN ROQUE [23080760],Pluviométrica,Convencional,Activa,Antioquia,San Roque,6.4875,-75.017,820,5/15/1975,,Monchia,Magdalena Cauca,Medio Magdalena,Río Nare,2009,17,Andes,Preliminar,0,0,0,10.3178520202637,10.3178520202637,0,8.24826049804688,1.59965074062347,3.05454540252686,6.04363632202148,5,10,0.869565188884735,0.876811623573303,1,1,10,1.10000002384186,0
02,2009-02-18,23080760,,"",SAN ROQUE [23080760],Pluviométrica,Convencional,Activa,Antioquia,San Roque,6.4875,-75.017,820,5/15/1975,,Monchia,Magdalena Cauca,Medio Magdalena,Río Nare,2009,18,Andes,Preliminar,0,0,0,0.684255361557007,0.684255361557007,0,3.2762439250946,0.388579696416855,3.05454540252686,6.04363632202148,5,10,0.869565188884735,0.876811623573303,1,1,10,1.10000002384186,0
02,2008-02-23,23080760,,"",SAN ROQUE [23080760],Pluviométrica,Convencional,Activa,Antioquia,San Roque,6.4875,-75.017,820,5/15/1975,,Monchia,Magdalena Cauca,Medio Magdalena,Río Nare,2008,23,Andes,Preliminar,0,0,0,1.39998602867126,1.39998602867126,0,0.744290471076965,0.500761866569519,3.05454540252686,6.04363632202148,5,10,0.869565188884735,0.876811623573303,1,1,11,1.10000002384186,0
02,2013-02-22,23080760,0,Definitivo,SAN ROQUE [23080760],Pluviométrica,Convencional,Activa,Antioquia,San Roque,6.4875,-75.017,820,5/15/1975,,Monchia,Magdalena Cauca,Medio Magdalena,Río Nare,2013,22,Andes,Definitivo,0,0,0,15.1086826324463,15.1086826324463,41.943000793457,19.1694831848145,58.9242286682129,3.05454540252686,6.04363632202148,5,10,0.869565188884735,0.876811623573303,1,1,11,1.10000002384186,0
02,2016-02-21,23080760,,"",SAN ROQUE [23080760],Pluviométrica,Convencional,Activa,Antioquia,San Roque,6.4875,-75.017,820,5/15/1975,,Monchia,Magdalena Cauca,Medio Magdalena,Río Nare,2016,21,Andes,Preliminar,0,0,0,1.65955924987793,1.65955924987793,0,6.1700005531311,8.8948335647583,3.05454540252686,6.04363632202148,5,10,0.869565188884735,0.876811623573303,1,1,11,1.10000002384186,0
02,2011-02-23,23080760,65,Definitivo,SAN ROQUE [23080760],Pluviométrica,Convencional,Activa,Antioquia,San Roque,6.4875,-75.017,820,5/15/1975,,Monchia,Magdalena Cauca,Medio Magdalena,Río Nare,2011,23,Andes,Definitivo,65,65,0,7.05294513702393,7.05294513702393,0,4.14437294006348,7.58569478988648,3.05454540252686,6.04363632202148,5,10,0.869565188884735,0.876811623573303,1,1,11,1.10000002384186,71.5000015497208
02,2022-02-07,23080760,3,Definitivo,SAN ROQUE [23080760],Pluviométrica,Convencional,Activa,Antioquia,San Roque,6.4875,-75.017,820,5/15/1975,,Monchia,Magdalena Cauca,Medio Magdalena,Río Nare,2022,07,Andes,Definitivo,3,3,0,4.80406284332275,4.80406284332275,0,13.5310821533203,19.879846572876,3.05454540252686,6.04363632202148,5,10,0.869565188884735,0.876811623573303,1,1,8,1.10000002384186,3.30000007152557
02,2023-02-05,23080760,0,Definitivo,SAN ROQUE [23080760],Pluviométrica,Convencional,Activa,Antioquia,San Roque,6.4875,-75.017,820,5/15/1975,,Monchia,Magdalena Cauca,Medio Magdalena,Río Nare,2023,05,Andes,Definitivo,0,0,0,0.972772061824799,0.972772061824799,0,0.326845973730087,0,3.05454540252686,6.04363632202148,5,10,0.869565188884735,0.876811623573303,1,1,7,1.10000002384186,0
02,2014-02-22,23080760,0,Definitivo,SAN ROQUE [23080760],Pluviométrica,Convencional,Activa,Antioquia,San Roque,6.4875,-75.017,820,5/15/1975,,Monchia,Magdalena Cauca,Medio Magdalena,Río Nare,2014,22,Andes,Definitivo,0,0,0,9.98843097686768,9.98843097686768,13.7465934753418,12.7707052230835,34.7896118164063,3.05454540252686,6.04363632202148,5,10,0.869565188884735,0.876811623573303,1,1,11,1.10000002384186,0
02,2014-02-23,23080760,0,Definitivo,SAN ROQUE [23080760],Pluviométrica,Convencional,Activa,Antioquia,San Roque,6.4875,-75.017,820,5/15/1975,,Monchia,Magdalena Cauca,Medio Magdalena,Río Nare,2014,23,Andes,Definitivo,0,0,0,3.86403346061707,3.86403346061707,0,12.9136714935303,1.20020401477814,3.05454540252686,6.04363632202148,5,10,0.869565188884735,0.876811623573303,1,1,11,1.10000002384186,0
02,2019-02-22,23080760,3,Definitivo,SAN ROQUE [23080760],Pluviométrica,Convencional,Activa,Antioquia,San Roque,6.4875,-75.017,820,5/15/1975,,Monchia,Magdalena Cauca,Medio Magdalena,Río Nare,2019,22,Andes,Definitivo,3,3,0,2.01336264610291,2.01336264610291,6.68298530578613,1.41074216365814,0,3.05454540252686,6.04363632202148,5,10,0.869565188884735,0.876811623573303,1,1,11,1.10000002384186,3.30000007152557
02,2008-02-18,23080760,0,Definitivo,SAN ROQUE [23080760],Pluviométrica,Convencional,Activa,Antioquia,San Roque,6.4875,-75.017,820,5/15/1975,,Monchia,Magdalena Cauca,Medio Magdalena,Río Nare,2008,18,Andes,Definitivo,0,0,0,10.6627225875854,10.6627225875854,11.9974222183228,20.5155792236328,14.388858795166,3.05454540252686,6.04363632202148,5,10,0.869565188884735,0.876811623573303,1,1,10,1.10000002384186,0
02,2008-02-19,23080760,4,Definitivo,SAN ROQUE [23080760],Pluviométrica,Convencional,Activa,Antioquia,San Roque,6.4875,-75.017,820,5/15/1975,,Monchia,Magdalena Cauca,Medio Magdalena,Río Nare,2008,19,Andes,Definitivo,4,4,0,3.91905808448792,3.91905808448792,11.9974222183228,12.3475656509399,6.17892265319824,3.05454540252686,6.04363632202148,5,10,0.869565188884735,0.876811623573303,1,1,10,1.10000002384186,4.40000009536743
02,2023-02-13,23080760,30,Definitivo,SAN ROQUE [23080760],Pluviométrica,Convencional,Activa,Antioquia,San Roque,6.4875,-75.017,820,5/15/1975,,Monchia,Magdalena Cauca,Medio Magdalena,Río Nare,2023,13,Andes,Definitivo,30,30,0,0.301323175430298,0.301323175430298,0,4.58447122573853,8.2781925201416,3.05454540252686,6.04363632202148,5,10,0.869565188884735,0.876811623573303,1,1,9,1.10000002384186,33.0000007152557
02,2022-02-12,23080760,0,Definitivo,SAN ROQUE [23080760],Pluviométrica,Convencional,Activa,Antioquia,San Roque,6.4875,-75.017,820,5/15/1975,,Monchia,Magdalena Cauca,Medio Magdalena,Río Nare,2022,12,Andes,Definitivo,0,0,0,1.62203180789948,1.62203180789948,0,0.742544949054718,0.261823982000351,3.05454540252686,6.04363632202148,5,10,0.869565188884735,0.876811623573303,1,1,9,1.10000002384186,0
02,2021-02-11,23080760,0,Definitivo,SAN ROQUE [23080760],Pluviométrica,Convencional,Activa,Antioquia,San Roque,6.4875,-75.017,820,5/15/1975,,Monchia,Magdalena Cauca,Medio Magdalena,Río Nare,2021,11,Andes,Definitivo,0,0,0,0.676895081996918,0.676895081996918,0,0.528603434562683,0,3.05454540252686,6.04363632202148,5,10,0.869565188884735,0.876811623573303,1,1,9,1.10000002384186,0
02,2011-02-21,23080760,,"",SAN ROQUE [23080760],Pluviométrica,Convencional,Activa,Antioquia,San Roque,6.4875,-75.017,820,5/15/1975,,Monchia,Magdalena Cauca,Medio Magdalena,Río Nare,2011,21,Andes,Preliminar,0,0,0,0.930399477481842,0.930399477481842,0,1.34673547744751,0.101137705147266,3.05454540252686,6.04363632202148,5,10,0.869565188884735,0.876811623573303,1,1,11,1.10000002384186,0
02,2011-02-22,23080760,7,Definitivo,SAN ROQUE [23080760],Pluviométrica,Convencional,Activa,Antioquia,San Roque,6.4875,-75.017,820,5/15/1975,,Monchia,Magdalena Cauca,Medio Magdalena,Río Nare,2011,22,Andes,Definitivo,7,7,0,0.710721850395203,0.710721850395203,0,1.26335644721985,0.492843151092529,3.05454540252686,6.04363632202148,5,10,0.869565188884735,0.876811623573303,1,1,11,1.10000002384186,7.70000016689301
02,2023-02-06,23080760,0,Definitivo,SAN ROQUE [23080760],Pluviométrica,Convencional,Activa,Antioquia,San Roque,6.4875,-75.017,820,5/15/1975,,Monchia,Magdalena Cauca,Medio Magdalena,Río Nare,2023,06,Andes,Definitivo,0,0,0,0.701898038387299,0.701898038387299,0,0.880696415901184,6.63820457458496,3.05454540252686,6.04363632202148,5,10,0.869565188884735,0.876811623573303,1,1,8,1.10000002384186,0
02,2005-02-28,23080760,,"",SAN ROQUE [23080760],Pluviométrica,Convencional,Activa,Antioquia,San Roque,6.4875,-75.017,820,5/15/1975,,Monchia,Magdalena Cauca,Medio Magdalena,Río Nare,2005,28,Andes,Preliminar,0,0,0,1.09077525138855,1.09077525138855,0,1.87748312950134,1.3304830789566,3.05454540252686,6.04363632202148,5,10,0.869565188884735,0.876811623573303,1,1,12,1.10000002384186,0
02,2006-02-26,23080760,37,Definitivo,SAN ROQUE [23080760],Pluviométrica,Convencional,Activa,Antioquia,San Roque,6.4875,-75.017,820,5/15/1975,,Monchia,Magdalena Cauca,Medio Magdalena,Río Nare,2006,26,Andes,Definitivo,37,37,0,0.358755141496658,0.358755141496658,0,3.14253449440002,1.94235527515411,3.05454540252686,6.04363632202148,5,10,0.869565188884735,0.876811623573303,1,1,12,1.10000002384186,40.7000008821488
02,2007-02-24,23080760,,"",SAN ROQUE [23080760],Pluviométrica,Convencional,Activa,Antioquia,San Roque,6.4875,-75.017,820,5/15/1975,,Monchia,Magdalena Cauca,Medio Magdalena,Río Nare,2007,24,Andes,Preliminar,0,0,0,0,0,0,0,0,3.05454540252686,6.04363632202148,5,10,0.869565188884735,0.876811623573303,1,1,11,1.10000002384186,0
02,2005-02-24,23080760,,"",SAN ROQUE [23080760],Pluviométrica,Convencional,Activa,Antioquia,San Roque,6.4875,-75.017,820,5/15/1975,,Monchia,Magdalena Cauca,Medio Magdalena,Río Nare,2005,24,Andes,Preliminar,0,0,0,1.17514228820801,1.17514228820801,0,0.754192590713501,0.7807577252388,3.05454540252686,6.04363632202148,5,10,0.869565188884735,0.876811623573303,1,1,11,1.10000002384186,0
02,2006-02-22,23080760,,"",SAN ROQUE [23080760],Pluviométrica,Convencional,Activa,Antioquia,San Roque,6.4875,-75.017,820,5/15/1975,,Monchia,Magdalena Cauca,Medio Magdalena,Río Nare,2006,22,Andes,Preliminar,0,0,0,0.10931321233511,0.10931321233511,0,0.435160398483276,0.975923001766205,3.05454540252686,6.04363632202148,5,10,0.869565188884735,0.876811623573303,1,1,11,1.10000002384186,0
02,2021-02-23,23080760,3,Definitivo,SAN ROQUE [23080760],Pluviométrica,Convencional,Activa,Antioquia,San Roque,6.4875,-75.017,820,5/15/1975,,Monchia,Magdalena Cauca,Medio Magdalena,Río Nare,2021,23,Andes,Definitivo,3,3,0,2.37354254722595,2.37354254722595,0,11.9636449813843,1.19440674781799,3.05454540252686,6.04363632202148,5,10,0.869565188884735,0.876811623573303,1,1,11,1.10000002384186,3.30000007152557
02,2020-02-23,23080760,2,Definitivo,SAN ROQUE [23080760],Pluviométrica,Convencional,Activa,Antioquia,San Roque,6.4875,-75.017,820,5/15/1975,,Monchia,Magdalena Cauca,Medio Magdalena,Río Nare,2020,23,Andes,Definitivo,2,2,0,1.49748110771179,1.49748110771179,0,8.85272979736328,6.89640092849731,3.05454540252686,6.04363632202148,5,10,0.869565188884735,0.876811623573303,1,1,11,1.10000002384186,2.20000004768372
02,2009-02-16,23080760,,"",SAN ROQUE [23080760],Pluviométrica,Convencional,Activa,Antioquia,San Roque,6.4875,-75.017,820,5/15/1975,,Monchia,Magdalena Cauca,Medio Magdalena,Río Nare,2009,16,Andes,Preliminar,0,0,0,5.29397678375244,5.29397678375244,0,9.16662693023682,0.610422670841217,3.05454540252686,6.04363632202148,5,10,0.869565188884735,0.876811623573303,1,1,10,1.10000002384186,0
02,2010-02-14,23080760,0,Definitivo,SAN ROQUE [23080760],Pluviométrica,Convencional,Activa,Antioquia,San Roque,6.4875,-75.017,820,5/15/1975,,Monchia,Magdalena Cauca,Medio Magdalena,Río Nare,2010,14,Andes,Definitivo,0,0,0,3.23988366127014,3.23988366127014,6.17115688323975,3.27558088302612,6.71416330337524,3.05454540252686,6.04363632202148,5,10,0.869565188884735,0.876811623573303,1,1,9,1.10000002384186,0
02,2010-02-15,23080760,,"",SAN ROQUE [23080760],Pluviométrica,Convencional,Activa,Antioquia,San Roque,6.4875,-75.017,820,5/15/1975,,Monchia,Magdalena Cauca,Medio Magdalena,Río Nare,2010,15,Andes,Preliminar,0,0,0,4.2937593460083,4.2937593460083,0,1.09533023834229,0.538733661174774,3.05454540252686,6.04363632202148,5,10,0.869565188884735,0.876811623573303,1,1,9,1.10000002384186,0
02,2022-02-09,23080760,0,Definitivo,SAN ROQUE [23080760],Pluviométrica,Convencional,Activa,Antioquia,San Roque,6.4875,-75.017,820,5/15/1975,,Monchia,Magdalena Cauca,Medio Magdalena,Río Nare,2022,09,Andes,Definitivo,0,0,0,1.13951349258423,1.13951349258423,0,6.39923095703125,10.3644676208496,3.05454540252686,6.04363632202148,5,10,0.869565188884735,0.876811623573303,1,1,8,1.10000002384186,0
02,2023-02-07,23080760,51,Definitivo,SAN ROQUE [23080760],Pluviométrica,Convencional,Activa,Antioquia,San Roque,6.4875,-75.017,820,5/15/1975,,Monchia,Magdalena Cauca,Medio Magdalena,Río Nare,2023,07,Andes,Definitivo,51,51,0,1.06446838378906,1.06446838378906,0,4.67276048660278,0.90329509973526,3.05454540252686,6.04363632202148,5,10,0.869565188884735,0.876811623573303,1,1,8,1.10000002384186,56.1000012159348
02,2010-02-26,23080760,,"",SAN ROQUE [23080760],Pluviométrica,Convencional,Activa,Antioquia,San Roque,6.4875,-75.017,820,5/15/1975,,Monchia,Magdalena Cauca,Medio Magdalena,Río Nare,2010,26,Andes,Preliminar,0,0,0,1.60011172294617,1.60011172294617,0,0.619957685470581,1.20612728595734,3.05454540252686,6.04363632202148,5,10,0.869565188884735,0.876811623573303,1,1,12,1.10000002384186,0
02,2010-02-18,23080760,,"",SAN ROQUE [23080760],Pluviométrica,Convencional,Activa,Antioquia,San Roque,6.4875,-75.017,820,5/15/1975,,Monchia,Magdalena Cauca,Medio Magdalena,Río Nare,2010,18,Andes,Preliminar,0,0,0,1.92296552658081,1.92296552658081,0,2.56011557579041,0.044941570609808,3.05454540252686,6.04363632202148,5,10,0.869565188884735,0.876811623573303,1,1,10,1.10000002384186,0
02,2010-02-19,23080760,,"",SAN ROQUE [23080760],Pluviométrica,Convencional,Activa,Antioquia,San Roque,6.4875,-75.017,820,5/15/1975,,Monchia,Magdalena Cauca,Medio Magdalena,Río Nare,2010,19,Andes,Preliminar,0,0,0,0.61311936378479,0.61311936378479,0,0.223047718405724,0.227038756012917,3.05454540252686,6.04363632202148,5,10,0.869565188884735,0.876811623573303,1,1,10,1.10000002384186,0
02,2012-02-21,23080760,,"",SAN ROQUE [23080760],Pluviométrica,Convencional,Activa,Antioquia,San Roque,6.4875,-75.017,820,5/15/1975,,Monchia,Magdalena Cauca,Medio Magdalena,Río Nare,2012,21,Andes,Preliminar,0,0,0,3.12408232688904,3.12408232688904,0,1.13687980175018,0,3.05454540252686,6.04363632202148,5,10,0.869565188884735,0.876811623573303,1,1,11,1.10000002384186,0
02,2012-02-22,23080760,,"",SAN ROQUE [23080760],Pluviométrica,Convencional,Activa,Antioquia,San Roque,6.4875,-75.017,820,5/15/1975,,Monchia,Magdalena Cauca,Medio Magdalena,Río Nare,2012,22,Andes,Preliminar,0,0,0,0.36870288848877,0.36870288848877,0,1.06880378723145,0,3.05454540252686,6.04363632202148,5,10,0.869565188884735,0.876811623573303,1,1,11,1.10000002384186,0
02,2012-02-23,23080760,,"",SAN ROQUE [23080760],Pluviométrica,Convencional,Activa,Antioquia,San Roque,6.4875,-75.017,820,5/15/1975,,Monchia,Magdalena Cauca,Medio Magdalena,Río Nare,2012,23,Andes,Preliminar,0,0,0,1.84287464618683,1.84287464618683,0,1.30967879295349,0,3.05454540252686,6.04363632202148,5,10,0.869565188884735,0.876811623573303,1,1,11,1.10000002384186,0
02,2007-02-20,23080760,,"",SAN ROQUE [23080760],Pluviométrica,Convencional,Activa,Antioquia,San Roque,6.4875,-75.017,820,5/15/1975,,Monchia,Magdalena Cauca,Medio Magdalena,Río Nare,2007,20,Andes,Preliminar,0,0,0,1.48252999782562,1.48252999782562,0,0.408783823251724,0.225120335817337,3.05454540252686,6.04363632202148,5,10,0.869565188884735,0.876811623573303,1,1,10,1.10000002384186,0
02,2009-02-14,23080760,,"",SAN ROQUE [23080760],Pluviométrica,Convencional,Activa,Antioquia,San Roque,6.4875,-75.017,820,5/15/1975,,Monchia,Magdalena Cauca,Medio Magdalena,Río Nare,2009,14,Andes,Preliminar,0,0,0,12.8576135635376,12.8576135635376,0,26.865291595459,2.11755585670471,3.05454540252686,6.04363632202148,5,10,0.869565188884735,0.876811623573303,1,1,9,1.10000002384186,0
02,2023-02-18,23080760,0,Definitivo,SAN ROQUE [23080760],Pluviométrica,Convencional,Activa,Antioquia,San Roque,6.4875,-75.017,820,5/15/1975,,Monchia,Magdalena Cauca,Medio Magdalena,Río Nare,2023,18,Andes,Definitivo,0,0,0,4.66858434677124,4.66858434677124,0,2.55372095108032,0.216312453150749,3.05454540252686,6.04363632202148,5,10,0.869565188884735,0.876811623573303,1,1,10,1.10000002384186,0
02,2021-02-16,23080760,0,Definitivo,SAN ROQUE [23080760],Pluviométrica,Convencional,Activa,Antioquia,San Roque,6.4875,-75.017,820,5/15/1975,,Monchia,Magdalena Cauca,Medio Magdalena,Río Nare,2021,16,Andes,Definitivo,0,0,0,1.00429141521454,1.00429141521454,0,6.79662561416626,0.408905208110809,3.05454540252686,6.04363632202148,5,10,0.869565188884735,0.876811623573303,1,1,10,1.10000002384186,0
02,2021-02-13,23080760,0,Definitivo,SAN ROQUE [23080760],Pluviométrica,Convencional,Activa,Antioquia,San Roque,6.4875,-75.017,820,5/15/1975,,Monchia,Magdalena Cauca,Medio Magdalena,Río Nare,2021,13,Andes,Definitivo,0,0,0,1.66459405422211,1.66459405422211,0,1.5212504863739,0.342846989631653,3.05454540252686,6.04363632202148,5,10,0.869565188884735,0.876811623573303,1,1,9,1.10000002384186,0
02,2009-02-19,23080760,37,Definitivo,SAN ROQUE [23080760],Pluviométrica,Convencional,Activa,Antioquia,San Roque,6.4875,-75.017,820,5/15/1975,,Monchia,Magdalena Cauca,Medio Magdalena,Río Nare,2009,19,Andes,Definitivo,37,37,0,3.63735795021057,3.63735795021057,0,15.7732305526733,17.3673114776611,3.05454540252686,6.04363632202148,5,10,0.869565188884735,0.876811623573303,1,1,10,1.10000002384186,40.7000008821488
02,2009-02-20,23080760,10,Definitivo,SAN ROQUE [23080760],Pluviométrica,Convencional,Activa,Antioquia,San Roque,6.4875,-75.017,820,5/15/1975,,Monchia,Magdalena Cauca,Medio Magdalena,Río Nare,2009,20,Andes,Definitivo,10,10,0,6.53193807601929,6.53193807601929,39.0481414794922,16.5714950561523,33.069896697998,3.05454540252686,6.04363632202148,5,10,0.869565188884735,0.876811623573303,1,1,10,1.10000002384186,11.0000002384186
02,2009-02-21,23080760,20,Definitivo,SAN ROQUE [23080760],Pluviométrica,Convencional,Activa,Antioquia,San Roque,6.4875,-75.017,820,5/15/1975,,Monchia,Magdalena Cauca,Medio Magdalena,Río Nare,2009,21,Andes,Definitivo,20,20,0,4.66206884384155,4.66206884384155,0,1.88009905815125,6.72648334503174,3.05454540252686,6.04363632202148,5,10,0.869565188884735,0.876811623573303,1,1,11,1.10000002384186,22.0000004768372
02,2021-02-09,23080760,3,Definitivo,SAN ROQUE [23080760],Pluviométrica,Convencional,Activa,Antioquia,San Roque,6.4875,-75.017,820,5/15/1975,,Monchia,Magdalena Cauca,Medio Magdalena,Río Nare,2021,09,Andes,Definitivo,3,3,0,2.25782823562622,2.25782823562622,0,2.28704071044922,0.33089691400528,3.05454540252686,6.04363632202148,5,10,0.869565188884735,0.876811623573303,1,1,8,1.10000002384186,3.30000007152557
02,2020-02-11,23080760,0,Definitivo,SAN ROQUE [23080760],Pluviométrica,Convencional,Activa,Antioquia,San Roque,6.4875,-75.017,820,5/15/1975,,Monchia,Magdalena Cauca,Medio Magdalena,Río Nare,2020,11,Andes,Definitivo,0,0,0,0,0,0,0.0111768115311861,2.9730110168457,3.05454540252686,6.04363632202148,5,10,0.869565188884735,0.876811623573303,1,1,9,1.10000002384186,0
02,2021-02-08,23080760,0,Definitivo,SAN ROQUE [23080760],Pluviométrica,Convencional,Activa,Antioquia,San Roque,6.4875,-75.017,820,5/15/1975,,Monchia,Magdalena Cauca,Medio Magdalena,Río Nare,2021,08,Andes,Definitivo,0,0,0,0.61552107334137,0.61552107334137,0,1.61768674850464,7.7541356086731,3.05454540252686,6.04363632202148,5,10,0.869565188884735,0.876811623573303,1,1,8,1.10000002384186,0
02,2022-02-06,23080760,13,Definitivo,SAN ROQUE [23080760],Pluviométrica,Convencional,Activa,Antioquia,San Roque,6.4875,-75.017,820,5/15/1975,,Monchia,Magdalena Cauca,Medio Magdalena,Río Nare,2022,06,Andes,Definitivo,13,13,0,4.28167533874512,4.28167533874512,0,8.71933364868164,22.9149360656738,3.05454540252686,6.04363632202148,5,10,0.869565188884735,0.876811623573303,1,1,8,1.10000002384186,14.3000003099442
02,2023-02-04,23080760,0,Definitivo,SAN ROQUE [23080760],Pluviométrica,Convencional,Activa,Antioquia,San Roque,6.4875,-75.017,820,5/15/1975,,Monchia,Magdalena Cauca,Medio Magdalena,Río Nare,2023,04,Andes,Definitivo,0,0,0,3.77812600135803,3.77812600135803,0,1.95229482650757,2.66440677642822,3.05454540252686,6.04363632202148,5,10,0.869565188884735,0.876811623573303,1,1,7,1.10000002384186,0
02,2017-02-21,23080760,0,Definitivo,SAN ROQUE [23080760],Pluviométrica,Convencional,Activa,Antioquia,San Roque,6.4875,-75.017,820,5/15/1975,,Monchia,Magdalena Cauca,Medio Magdalena,Río Nare,2017,21,Andes,Definitivo,0,0,0,1.13045084476471,1.13045084476471,0,0.810621023178101,0.0350698232650757,3.05454540252686,6.04363632202148,5,10,0.869565188884735,0.876811623573303,1,1,11,1.10000002384186,0
02,2019-02-23,23080760,0,Definitivo,SAN ROQUE [23080760],Pluviométrica,Convencional,Activa,Antioquia,San Roque,6.4875,-75.017,820,5/15/1975,,Monchia,Magdalena Cauca,Medio Magdalena,Río Nare,2019,23,Andes,Definitivo,0,0,0,3.43091368675232,3.43091368675232,13.3659706115723,8.47431087493897,22.7181606292725,3.05454540252686,6.04363632202148,5,10,0.869565188884735,0.876811623573303,1,1,11,1.10000002384186,0
02,2009-02-15,23080760,,"",SAN ROQUE [23080760],Pluviométrica,Convencional,Activa,Antioquia,San Roque,6.4875,-75.017,820,5/15/1975,,Monchia,Magdalena Cauca,Medio Magdalena,Río Nare,2009,15,Andes,Preliminar,0,0,0,8.79525279998779,8.79525279998779,13.1420679092407,12.3054428100586,7.55886316299439,3.05454540252686,6.04363632202148,5,10,0.869565188884735,0.876811623573303,1,1,9,1.10000002384186,0
02,2010-02-13,23080760,,"",SAN ROQUE [23080760],Pluviométrica,Convencional,Activa,Antioquia,San Roque,6.4875,-75.017,820,5/15/1975,,Monchia,Magdalena Cauca,Medio Magdalena,Río Nare,2010,13,Andes,Preliminar,0,0,0,1.18430542945862,1.18430542945862,0,1.49487733840942,0,3.05454540252686,6.04363632202148,5,10,0.869565188884735,0.876811623573303,1,1,9,1.10000002384186,0
02,2008-02-14,23080760,2,Definitivo,SAN ROQUE [23080760],Pluviométrica,Convencional,Activa,Antioquia,San Roque,6.4875,-75.017,820,5/15/1975,,Monchia,Magdalena Cauca,Medio Magdalena,Río Nare,2008,14,Andes,Definitivo,2,2,0,8.38788509368897,8.38788509368897,22.8397006988525,40.8285713195801,6.03526830673218,3.05454540252686,6.04363632202148,5,10,0.869565188884735,0.876811623573303,1,1,9,1.10000002384186,2.20000004768372
02,2023-02-10,23080760,2,Definitivo,SAN ROQUE [23080760],Pluviométrica,Convencional,Activa,Antioquia,San Roque,6.4875,-75.017,820,5/15/1975,,Monchia,Magdalena Cauca,Medio Magdalena,Río Nare,2023,10,Andes,Definitivo,2,2,0,3.37742185592651,3.37742185592651,0,6.97006750106812,1.29692435264587,3.05454540252686,6.04363632202148,5,10,0.869565188884735,0.876811623573303,1,1,8,1.10000002384186,2.20000004768372
02,2021-02-10,23080760,0,Definitivo,SAN ROQUE [23080760],Pluviométrica,Convencional,Activa,Antioquia,San Roque,6.4875,-75.017,820,5/15/1975,,Monchia,Magdalena Cauca,Medio Magdalena,Río Nare,2021,10,Andes,Definitivo,0,0,0,1.95750904083252,1.95750904083252,0,4.88879728317261,0.166083887219429,3.05454540252686,6.04363632202148,5,10,0.869565188884735,0.876811623573303,1,1,8,1.10000002384186,0
02,2022-02-08,23080760,45,Definitivo,SAN ROQUE [23080760],Pluviométrica,Convencional,Activa,Antioquia,San Roque,6.4875,-75.017,820,5/15/1975,,Monchia,Magdalena Cauca,Medio Magdalena,Río Nare,2022,08,Andes,Definitivo,45,45,0,1.94068765640259,1.94068765640259,131.899566650391,22.3556594848633,11.7622938156128,3.05454540252686,6.04363632202148,5,10,0.869565188884735,0.876811623573303,1,1,8,1.10000002384186,49.5000010728836
02,2005-02-27,23080760,,"",SAN ROQUE [23080760],Pluviométrica,Convencional,Activa,Antioquia,San Roque,6.4875,-75.017,820,5/15/1975,,Monchia,Magdalena Cauca,Medio Magdalena,Río Nare,2005,27,Andes,Preliminar,0,0,0,0.913476169109344,0.913476169109344,0,0.633842647075653,1.27669620513916,3.05454540252686,6.04363632202148,5,10,0.869565188884735,0.876811623573303,1,1,12,1.10000002384186,0
02,2003-02-28,23080760,0,Definitivo,SAN ROQUE [23080760],Pluviométrica,Convencional,Activa,Antioquia,San Roque,6.4875,-75.017,820,5/15/1975,,Monchia,Magdalena Cauca,Medio Magdalena,Río Nare,2003,28,Andes,Definitivo,0,0,0,1.72763061523438,1.72763061523438,0,0.975383400917053,0.0524840392172337,3.05454540252686,6.04363632202148,5,10,0.869565188884735,0.876811623573303,1,1,12,1.10000002384186,0
02,2004-02-26,23080760,0,Definitivo,SAN ROQUE [23080760],Pluviométrica,Convencional,Activa,Antioquia,San Roque,6.4875,-75.017,820,5/15/1975,,Monchia,Magdalena Cauca,Medio Magdalena,Río Nare,2004,26,Andes,Definitivo,0,0,0,2.546302318573,2.546302318573,6.2648606300354,11.9324970245361,0.640952944755554,3.05454540252686,6.04363632202148,5,10,0.869565188884735,0.876811623573303,1,1,12,1.10000002384186,0
02,2005-02-23,23080760,,"",SAN ROQUE [23080760],Pluviométrica,Convencional,Activa,Antioquia,San Roque,6.4875,-75.017,820,5/15/1975,,Monchia,Magdalena Cauca,Medio Magdalena,Río Nare,2005,23,Andes,Preliminar,0,0,0,1.93038272857666,1.93038272857666,0,1.95932459831238,0.314408868551254,3.05454540252686,6.04363632202148,5,10,0.869565188884735,0.876811623573303,1,1,11,1.10000002384186,0
02,2006-02-21,23080760,,"",SAN ROQUE [23080760],Pluviométrica,Convencional,Activa,Antioquia,San Roque,6.4875,-75.017,820,5/15/1975,,Monchia,Magdalena Cauca,Medio Magdalena,Río Nare,2006,21,Andes,Preliminar,0,0,0,0.158680483698845,0.158680483698845,0,1.0187041759491,0.54934686422348,3.05454540252686,6.04363632202148,5,10,0.869565188884735,0.876811623573303,1,1,11,1.10000002384186,0
02,2007-02-19,23080760,,"",SAN ROQUE [23080760],Pluviométrica,Convencional,Activa,Antioquia,San Roque,6.4875,-75.017,820,5/15/1975,,Monchia,Magdalena Cauca,Medio Magdalena,Río Nare,2007,19,Andes,Preliminar,0,0,0,1.41040706634521,1.41040706634521,0,0.437514901161194,0.204177096486092,3.05454540252686,6.04363632202148,5,10,0.869565188884735,0.876811623573303,1,1,10,1.10000002384186,0
02,2008-02-17,23080760,1,Definitivo,SAN ROQUE [23080760],Pluviométrica,Convencional,Activa,Antioquia,San Roque,6.4875,-75.017,820,5/15/1975,,Monchia,Magdalena Cauca,Medio Magdalena,Río Nare,2008,17,Andes,Definitivo,1,1,0,9.92871761322021,9.92871761322021,11.9974222183228,46.1584739685059,7.48178148269653,3.05454540252686,6.04363632202148,5,10,0.869565188884735,0.876811623573303,1,1,10,1.10000002384186,1.10000002384186
02,2022-02-21,23080760,2,Definitivo,SAN ROQUE [23080760],Pluviométrica,Convencional,Activa,Antioquia,San Roque,6.4875,-75.017,820,5/15/1975,,Monchia,Magdalena Cauca,Medio Magdalena,Río Nare,2022,21,Andes,Definitivo,2,2,0,1.01766538619995,1.01766538619995,0,3.10522031784058,4.47932529449463,3.05454540252686,6.04363632202148,5,10,0.869565188884735,0.876811623573303,1,1,11,1.10000002384186,2.20000004768372
02,2022-02-19,23080760,0,Definitivo,SAN ROQUE [23080760],Pluviométrica,Convencional,Activa,Antioquia,San Roque,6.4875,-75.017,820,5/15/1975,,Monchia,Magdalena Cauca,Medio Magdalena,Río Nare,2022,19,Andes,Definitivo,0,0,0,1.66906321048737,1.66906321048737,0,6.13056755065918,1.52142190933228,3.05454540252686,6.04363632202148,5,10,0.869565188884735,0.876811623573303,1,1,10,1.10000002384186,0
02,2020-02-18,23080760,3,Definitivo,SAN ROQUE [23080760],Pluviométrica,Convencional,Activa,Antioquia,San Roque,6.4875,-75.017,820,5/15/1975,,Monchia,Magdalena Cauca,Medio Magdalena,Río Nare,2020,18,Andes,Definitivo,3,3,0,0,0,0,0.439305692911148,0,3.05454540252686,6.04363632202148,5,10,0.869565188884735,0.876811623573303,1,1,10,1.10000002384186,3.30000007152557
02,2011-02-12,23080760,3,Definitivo,SAN ROQUE [23080760],Pluviométrica,Convencional,Activa,Antioquia,San Roque,6.4875,-75.017,820,5/15/1975,,Monchia,Magdalena Cauca,Medio Magdalena,Río Nare,2011,12,Andes,Definitivo,3,3,0,7.60884380340576,7.60884380340576,9.45090961456299,9.40243339538574,2.51688361167908,3.05454540252686,6.04363632202148,5,10,0.869565188884735,0.876811623573303,1,1,9,1.10000002384186,3.30000007152557
02,2010-02-16,23080760,,"",SAN ROQUE [23080760],Pluviométrica,Convencional,Activa,Antioquia,San Roque,6.4875,-75.017,820,5/15/1975,,Monchia,Magdalena Cauca,Medio Magdalena,Río Nare,2010,16,Andes,Preliminar,0,0,0,4.90495586395264,4.90495586395264,0,4.83449220657349,10.6901969909668,3.05454540252686,6.04363632202148,5,10,0.869565188884735,0.876811623573303,1,1,10,1.10000002384186,0
02,2007-02-28,23080760,0,Definitivo,SAN ROQUE [23080760],Pluviométrica,Convencional,Activa,Antioquia,San Roque,6.4875,-75.017,820,5/15/1975,,Monchia,Magdalena Cauca,Medio Magdalena,Río Nare,2007,28,Andes,Definitivo,0,0,0,0.125258028507233,0.125258028507233,0,0.31372281908989,0,3.05454540252686,6.04363632202148,5,10,0.869565188884735,0.876811623573303,1,1,12,1.10000002384186,0
02,2011-02-14,23080760,5,Definitivo,SAN ROQUE [23080760],Pluviométrica,Convencional,Activa,Antioquia,San Roque,6.4875,-75.017,820,5/15/1975,,Monchia,Magdalena Cauca,Medio Magdalena,Río Nare,2011,14,Andes,Definitivo,5,5,0,6.42752885818481,6.42752885818481,9.45090961456299,13.1066360473633,34.5060195922852,3.05454540252686,6.04363632202148,5,10,0.869565188884735,0.876811623573303,1,1,9,1.10000002384186,5.50000011920929
02,2011-02-15,23080760,,"",SAN ROQUE [23080760],Pluviométrica,Convencional,Activa,Antioquia,San Roque,6.4875,-75.017,820,5/15/1975,,Monchia,Magdalena Cauca,Medio Magdalena,Río Nare,2011,15,Andes,Preliminar,0,0,0,4.8499960899353,4.8499960899353,9.45090961456299,6.23484611511231,4.14510107040405,3.05454540252686,6.04363632202148,5,10,0.869565188884735,0.876811623573303,1,1,9,1.10000002384186,0
02,2011-02-16,23080760,59,Definitivo,SAN ROQUE [23080760],Pluviométrica,Convencional,Activa,Antioquia,San Roque,6.4875,-75.017,820,5/15/1975,,Monchia,Magdalena Cauca,Medio Magdalena,Río Nare,2011,16,Andes,Definitivo,59,59,0,11.6359729766846,11.6359729766846,24.7296371459961,16.2670192718506,16.1062526702881,3.05454540252686,6.04363632202148,5,10,0.869565188884735,0.876811623573303,1,1,10,1.10000002384186,64.9000014066696
02,2010-02-20,23080760,0,Definitivo,SAN ROQUE [23080760],Pluviométrica,Convencional,Activa,Antioquia,San Roque,6.4875,-75.017,820,5/15/1975,,Monchia,Magdalena Cauca,Medio Magdalena,Río Nare,2010,20,Andes,Definitivo,0,0,0,0.7865269780159,0.7865269780159,0,0.212539464235306,0.995060801506042,3.05454540252686,6.04363632202148,5,10,0.869565188884735,0.876811623573303,1,1,10,1.10000002384186,0
02,2013-02-18,23080760,4,Definitivo,SAN ROQUE [23080760],Pluviométrica,Convencional,Activa,Antioquia,San Roque,6.4875,-75.017,820,5/15/1975,,Monchia,Magdalena Cauca,Medio Magdalena,Río Nare,2013,18,Andes,Definitivo,4,4,0,1.96360015869141,1.96360015869141,0,6.40845155715942,0.120869249105454,3.05454540252686,6.04363632202148,5,10,0.869565188884735,0.876811623573303,1,1,10,1.10000002384186,4.40000009536743
02,2013-02-19,23080760,13,Definitivo,SAN ROQUE [23080760],Pluviométrica,Convencional,Activa,Antioquia,San Roque,6.4875,-75.017,820,5/15/1975,,Monchia,Magdalena Cauca,Medio Magdalena,Río Nare,2013,19,Andes,Definitivo,13,13,0,0.623354077339172,0.623354077339172,0,1.64485931396484,0,3.05454540252686,6.04363632202148,5,10,0.869565188884735,0.876811623573303,1,1,10,1.10000002384186,14.3000003099442
02,2015-02-21,23080760,,"",SAN ROQUE [23080760],Pluviométrica,Convencional,Activa,Antioquia,San Roque,6.4875,-75.017,820,5/15/1975,,Monchia,Magdalena Cauca,Medio Magdalena,Río Nare,2015,21,Andes,Preliminar,0,0,0,4.22494792938232,4.22494792938232,0,1.7831312417984,1.62390732765198,3.05454540252686,6.04363632202148,5,10,0.869565188884735,0.876811623573303,1,1,11,1.10000002384186,0
02,2007-02-14,23080760,,"",SAN ROQUE [23080760],Pluviométrica,Convencional,Activa,Antioquia,San Roque,6.4875,-75.017,820,5/15/1975,,Monchia,Magdalena Cauca,Medio Magdalena,Río Nare,2007,14,Andes,Preliminar,0,0,0,1.58928787708282,1.58928787708282,0,1.0082927942276,0.814570903778076,3.05454540252686,6.04363632202148,5,10,0.869565188884735,0.876811623573303,1,1,9,1.10000002384186,0
02,2010-02-12,23080760,,"",SAN ROQUE [23080760],Pluviométrica,Convencional,Activa,Antioquia,San Roque,6.4875,-75.017,820,5/15/1975,,Monchia,Magdalena Cauca,Medio Magdalena,Río Nare,2010,12,Andes,Preliminar,0,0,0,2.74424910545349,2.74424910545349,0,0.333450525999069,0,3.05454540252686,6.04363632202148,5,10,0.869565188884735,0.876811623573303,1,1,9,1.10000002384186,0
02,2008-02-13,23080760,1,Definitivo,SAN ROQUE [23080760],Pluviométrica,Convencional,Activa,Antioquia,San Roque,6.4875,-75.017,820,5/15/1975,,Monchia,Magdalena Cauca,Medio Magdalena,Río Nare,2008,13,Andes,Definitivo,1,1,0,5.15879106521606,5.15879106521606,45.6794013977051,16.4582290649414,131.152191162109,3.05454540252686,6.04363632202148,5,10,0.869565188884735,0.876811623573303,1,1,9,1.10000002384186,1.10000002384186
02,2022-02-14,23080760,3,Definitivo,SAN ROQUE [23080760],Pluviométrica,Convencional,Activa,Antioquia,San Roque,6.4875,-75.017,820,5/15/1975,,Monchia,Magdalena Cauca,Medio Magdalena,Río Nare,2022,14,Andes,Definitivo,3,3,0,6.09145355224609,6.09145355224609,66.6501312255859,11.9756193161011,12.3193559646606,3.05454540252686,6.04363632202148,5,10,0.869565188884735,0.876811623573303,1,1,9,1.10000002384186,3.30000007152557
02,2022-02-11,23080760,0,Definitivo,SAN ROQUE [23080760],Pluviométrica,Convencional,Activa,Antioquia,San Roque,6.4875,-75.017,820,5/15/1975,,Monchia,Magdalena Cauca,Medio Magdalena,Río Nare,2022,11,Andes,Definitivo,0,0,0,1.98903906345367,1.98903906345367,0,1.56316196918488,1.44167637825012,3.05454540252686,6.04363632202148,5,10,0.869565188884735,0.876811623573303,1,1,9,1.10000002384186,0
02,2010-02-17,23080760,8,Definitivo,SAN ROQUE [23080760],Pluviométrica,Convencional,Activa,Antioquia,San Roque,6.4875,-75.017,820,5/15/1975,,Monchia,Magdalena Cauca,Medio Magdalena,Río Nare,2010,17,Andes,Definitivo,8,8,0,2.8085823059082,2.8085823059082,0,4.19760465621948,0.0705601945519447,3.05454540252686,6.04363632202148,5,10,0.869565188884735,0.876811623573303,1,1,10,1.10000002384186,8.80000019073486
02,2021-02-12,23080760,20,Definitivo,SAN ROQUE [23080760],Pluviométrica,Convencional,Activa,Antioquia,San Roque,6.4875,-75.017,820,5/15/1975,,Monchia,Magdalena Cauca,Medio Magdalena,Río Nare,2021,12,Andes,Definitivo,20,20,0,0.679785668849945,0.679785668849945,0,0.553466856479645,8.16807842254639,3.05454540252686,6.04363632202148,5,10,0.869565188884735,0.876811623573303,1,1,9,1.10000002384186,22.0000004768372
02,2022-02-10,23080760,2,Definitivo,SAN ROQUE [23080760],Pluviométrica,Convencional,Activa,Antioquia,San Roque,6.4875,-75.017,820,5/15/1975,,Monchia,Magdalena Cauca,Medio Magdalena,Río Nare,2022,10,Andes,Definitivo,2,2,0,3.88658595085144,3.88658595085144,0,20.5690326690674,6.65279769897461,3.05454540252686,6.04363632202148,5,10,0.869565188884735,0.876811623573303,1,1,8,1.10000002384186,2.20000004768372
02,2019-02-12,23080760,0,Definitivo,SAN ROQUE [23080760],Pluviométrica,Convencional,Activa,Antioquia,San Roque,6.4875,-75.017,820,5/15/1975,,Monchia,Magdalena Cauca,Medio Magdalena,Río Nare,2019,12,Andes,Definitivo,0,0,0,2.68568563461304,2.68568563461304,0,3.46731996536255,0.852088868618012,3.05454540252686,6.04363632202148,5,10,0.869565188884735,0.876811623573303,1,1,9,1.10000002384186,0
02,2020-02-10,23080760,0,Definitivo,SAN ROQUE [23080760],Pluviométrica,Convencional,Activa,Antioquia,San Roque,6.4875,-75.017,820,5/15/1975,,Monchia,Magdalena Cauca,Medio Magdalena,Río Nare,2020,10,Andes,Definitivo,0,0,0,0.656011164188385,0.656011164188385,0,0.022493839263916,0.390604376792908,3.05454540252686,6.04363632202148,5,10,0.869565188884735,0.876811623573303,1,1,8,1.10000002384186,0
02,2021-02-07,23080760,5,Definitivo,SAN ROQUE [23080760],Pluviométrica,Convencional,Activa,Antioquia,San Roque,6.4875,-75.017,820,5/15/1975,,Monchia,Magdalena Cauca,Medio Magdalena,Río Nare,2021,07,Andes,Definitivo,5,5,0,0.0644630044698715,0.0644630044698715,0,0.333422213792801,0,3.05454540252686,6.04363632202148,5,10,0.869565188884735,0.876811623573303,1,1,8,1.10000002384186,5.50000011920929
02,2022-02-05,23080760,21,Definitivo,SAN ROQUE [23080760],Pluviométrica,Convencional,Activa,Antioquia,San Roque,6.4875,-75.017,820,5/15/1975,,Monchia,Magdalena Cauca,Medio Magdalena,Río Nare,2022,05,Andes,Definitivo,21,21,0,3.76411533355713,3.76411533355713,0,2.98618769645691,4.67453670501709,3.05454540252686,6.04363632202148,5,10,0.869565188884735,0.876811623573303,1,1,7,1.10000002384186,23.100000500679
02,2023-02-03,23080760,0,Definitivo,SAN ROQUE [23080760],Pluviométrica,Convencional,Activa,Antioquia,San Roque,6.4875,-75.017,820,5/15/1975,,Monchia,Magdalena Cauca,Medio Magdalena,Río Nare,2023,03,Andes,Definitivo,0,0,0,0,0,0,0.343647181987762,0,3.05454540252686,6.04363632202148,5,10,0.869565188884735,0.876811623573303,1,1,7,1.10000002384186,0
02,2017-02-22,23080760,0,Definitivo,SAN ROQUE [23080760],Pluviométrica,Convencional,Activa,Antioquia,San Roque,6.4875,-75.017,820,5/15/1975,,Monchia,Magdalena Cauca,Medio Magdalena,Río Nare,2017,22,Andes,Definitivo,0,0,0,0.670372784137726,0.670372784137726,0,1.51016974449158,0.407256960868835,3.05454540252686,6.04363632202148,5,10,0.869565188884735,0.876811623573303,1,1,11,1.10000002384186,0
02,2020-02-21,23080760,0,Definitivo,SAN ROQUE [23080760],Pluviométrica,Convencional,Activa,Antioquia,San Roque,6.4875,-75.017,820,5/15/1975,,Monchia,Magdalena Cauca,Medio Magdalena,Río Nare,2020,21,Andes,Definitivo,0,0,0,0.970911681652069,0.970911681652069,0,7.95774364471436,13.1867513656616,3.05454540252686,6.04363632202148,5,10,0.869565188884735,0.876811623573303,1,1,11,1.10000002384186,0
02,2018-02-23,23080760,10,Definitivo,SAN ROQUE [23080760],Pluviométrica,Convencional,Activa,Antioquia,San Roque,6.4875,-75.017,820,5/15/1975,,Monchia,Magdalena Cauca,Medio Magdalena,Río Nare,2018,23,Andes,Definitivo,10,10,0,0.740311861038208,0.740311861038208,0,1.02258157730103,4.52904510498047,3.05454540252686,6.04363632202148,5,10,0.869565188884735,0.876811623573303,1,1,11,1.10000002384186,11.0000002384186
02,2009-02-10,23080760,,"",SAN ROQUE [23080760],Pluviométrica,Convencional,Activa,Antioquia,San Roque,6.4875,-75.017,820,5/15/1975,,Monchia,Magdalena Cauca,Medio Magdalena,Río Nare,2009,10,Andes,Preliminar,0,0,0,6.32378053665161,6.32378053665161,22.6271419525147,4.17448329925537,10.2413091659546,3.05454540252686,6.04363632202148,5,10,0.869565188884735,0.876811623573303,1,1,8,1.10000002384186,0
02,2009-02-11,23080760,22,Definitivo,SAN ROQUE [23080760],Pluviométrica,Convencional,Activa,Antioquia,San Roque,6.4875,-75.017,820,5/15/1975,,Monchia,Magdalena Cauca,Medio Magdalena,Río Nare,2009,11,Andes,Definitivo,22,22,0,3.03942799568176,3.03942799568176,0,20.2165355682373,7.52948141098023,3.05454540252686,6.04363632202148,5,10,0.869565188884735,0.876811623573303,1,1,9,1.10000002384186,24.2000005245209
02,2020-02-12,23080760,0,Definitivo,SAN ROQUE [23080760],Pluviométrica,Convencional,Activa,Antioquia,San Roque,6.4875,-75.017,820,5/15/1975,,Monchia,Magdalena Cauca,Medio Magdalena,Río Nare,2020,12,Andes,Definitivo,0,0,0,0,0,0,0.0766812190413475,2.9730110168457,3.05454540252686,6.04363632202148,5,10,0.869565188884735,0.876811623573303,1,1,9,1.10000002384186,0
02,2007-02-27,23080760,,"",SAN ROQUE [23080760],Pluviométrica,Convencional,Activa,Antioquia,San Roque,6.4875,-75.017,820,5/15/1975,,Monchia,Magdalena Cauca,Medio Magdalena,Río Nare,2007,27,Andes,Preliminar,0,0,0,1.4233865737915,1.4233865737915,0,1.12147688865662,0,3.05454540252686,6.04363632202148,5,10,0.869565188884735,0.876811623573303,1,1,12,1.10000002384186,0
02,2003-02-27,23080760,0,Definitivo,SAN ROQUE [23080760],Pluviométrica,Convencional,Activa,Antioquia,San Roque,6.4875,-75.017,820,5/15/1975,,Monchia,Magdalena Cauca,Medio Magdalena,Río Nare,2003,27,Andes,Definitivo,0,0,0,0.822159230709076,0.822159230709076,0,3.18790102005005,1.16214096546173,3.05454540252686,6.04363632202148,5,10,0.869565188884735,0.876811623573303,1,1,12,1.10000002384186,0
02,2004-02-25,23080760,13,Definitivo,SAN ROQUE [23080760],Pluviométrica,Convencional,Activa,Antioquia,San Roque,6.4875,-75.017,820,5/15/1975,,Monchia,Magdalena Cauca,Medio Magdalena,Río Nare,2004,25,Andes,Definitivo,13,13,0,4.78457450866699,4.78457450866699,18.1515312194824,16.9127349853516,0.924285709857941,3.05454540252686,6.04363632202148,5,10,0.869565188884735,0.876811623573303,1,1,11,1.10000002384186,14.3000003099442
02,2005-02-22,23080760,,"",SAN ROQUE [23080760],Pluviométrica,Convencional,Activa,Antioquia,San Roque,6.4875,-75.017,820,5/15/1975,,Monchia,Magdalena Cauca,Medio Magdalena,Río Nare,2005,22,Andes,Preliminar,0,0,0,1.83998715877533,1.83998715877533,0,1.99017691612244,7.54619216918945,3.05454540252686,6.04363632202148,5,10,0.869565188884735,0.876811623573303,1,1,11,1.10000002384186,0
02,2006-02-20,23080760,,"",SAN ROQUE [23080760],Pluviométrica,Convencional,Activa,Antioquia,San Roque,6.4875,-75.017,820,5/15/1975,,Monchia,Magdalena Cauca,Medio Magdalena,Río Nare,2006,20,Andes,Preliminar,0,0,0,0.972768187522888,0.972768187522888,0,0.359067529439926,0.113471627235413,3.05454540252686,6.04363632202148,5,10,0.869565188884735,0.876811623573303,1,1,10,1.10000002384186,0
02,2007-02-18,23080760,,"",SAN ROQUE [23080760],Pluviométrica,Convencional,Activa,Antioquia,San Roque,6.4875,-75.017,820,5/15/1975,,Monchia,Magdalena Cauca,Medio Magdalena,Río Nare,2007,18,Andes,Preliminar,0,0,0,0.328560709953308,0.328560709953308,0,0.284405499696732,0.418173640966415,3.05454540252686,6.04363632202148,5,10,0.869565188884735,0.876811623573303,1,1,10,1.10000002384186,0
02,2008-02-16,23080760,49,Definitivo,SAN ROQUE [23080760],Pluviométrica,Convencional,Activa,Antioquia,San Roque,6.4875,-75.017,820,5/15/1975,,Monchia,Magdalena Cauca,Medio Magdalena,Río Nare,2008,16,Andes,Definitivo,49,49,0,7.05823659896851,7.05823659896851,47.989688873291,11.4102916717529,79.7975540161133,3.05454540252686,6.04363632202148,5,10,0.869565188884735,0.876811623573303,1,1,10,1.10000002384186,53.900001168251
02,2009-02-13,23080760,,"",SAN ROQUE [23080760],Pluviométrica,Convencional,Activa,Antioquia,San Roque,6.4875,-75.017,820,5/15/1975,,Monchia,Magdalena Cauca,Medio Magdalena,Río Nare,2009,13,Andes,Preliminar,0,0,0,9.8181848526001,9.8181848526001,26.2841358184815,15.8213300704956,30.8394527435303,3.05454540252686,6.04363632202148,5,10,0.869565188884735,0.876811623573303,1,1,9,1.10000002384186,0
02,2005-02-13,23080760,0.5,Definitivo,SAN ROQUE [23080760],Pluviométrica,Convencional,Activa,Antioquia,San Roque,6.4875,-75.017,820,5/15/1975,,Monchia,Magdalena Cauca,Medio Magdalena,Río Nare,2005,13,Andes,Definitivo,0.5,0.5,0,2.94795179367065,2.94795179367065,0,3.4720242023468,0.264512419700623,3.05454540252686,6.04363632202148,5,10,0.869565188884735,0.876811623573303,1,1,9,1.10000002384186,0.550000011920929
02,2008-02-12,23080760,12,Definitivo,SAN ROQUE [23080760],Pluviométrica,Convencional,Activa,Antioquia,San Roque,6.4875,-75.017,820,5/15/1975,,Monchia,Magdalena Cauca,Medio Magdalena,Río Nare,2008,12,Andes,Definitivo,12,12,0,5.44970083236694,5.44970083236694,22.8397006988525,12.2344722747803,0.953222930431366,3.05454540252686,6.04363632202148,5,10,0.869565188884735,0.876811623573303,1,1,9,1.10000002384186,13.2000002861023
02,2021-02-18,23080760,2,Definitivo,SAN ROQUE [23080760],Pluviométrica,Convencional,Activa,Antioquia,San Roque,6.4875,-75.017,820,5/15/1975,,Monchia,Magdalena Cauca,Medio Magdalena,Río Nare,2021,18,Andes,Definitivo,2,2,0,6.54513311386108,6.54513311386108,18.2117652893066,5.23567962646484,1.21461820602417,3.05454540252686,6.04363632202148,5,10,0.869565188884735,0.876811623573303,1,1,10,1.10000002384186,2.20000004768372
02,2021-02-15,23080760,0,Definitivo,SAN ROQUE [23080760],Pluviométrica,Convencional,Activa,Antioquia,San Roque,6.4875,-75.017,820,5/15/1975,,Monchia,Magdalena Cauca,Medio Magdalena,Río Nare,2021,15,Andes,Definitivo,0,0,0,0.767368197441101,0.767368197441101,0,0.957083523273468,0.538927912712097,3.05454540252686,6.04363632202148,5,10,0.869565188884735,0.876811623573303,1,1,9,1.10000002384186,0
02,2011-02-13,23080760,,"",SAN ROQUE [23080760],Pluviométrica,Convencional,Activa,Antioquia,San Roque,6.4875,-75.017,820,5/15/1975,,Monchia,Magdalena Cauca,Medio Magdalena,Río Nare,2011,13,Andes,Preliminar,0,0,0,8.46731376647949,8.46731376647949,0,14.2434959411621,2.75119566917419,3.05454540252686,6.04363632202148,5,10,0.869565188884735,0.876811623573303,1,1,9,1.10000002384186,0
02,2012-02-10,23080760,,"",SAN ROQUE [23080760],Pluviométrica,Convencional,Activa,Antioquia,San Roque,6.4875,-75.017,820,5/15/1975,,Monchia,Magdalena Cauca,Medio Magdalena,Río Nare,2012,10,Andes,Preliminar,0,0,0,5.01371383666992,5.01371383666992,0,3.33764123916626,0.40915784239769,3.05454540252686,6.04363632202148,5,10,0.869565188884735,0.876811623573303,1,1,8,1.10000002384186,0
02,2012-02-11,23080760,0,Definitivo,SAN ROQUE [23080760],Pluviométrica,Convencional,Activa,Antioquia,San Roque,6.4875,-75.017,820,5/15/1975,,Monchia,Magdalena Cauca,Medio Magdalena,Río Nare,2012,11,Andes,Definitivo,0,0,0,3.11295580863953,3.11295580863953,5.80304384231567,2.12449955940247,6.79758501052856,3.05454540252686,6.04363632202148,5,10,0.869565188884735,0.876811623573303,1,1,9,1.10000002384186,0
02,2012-02-12,23080760,,"",SAN ROQUE [23080760],Pluviométrica,Convencional,Activa,Antioquia,San Roque,6.4875,-75.017,820,5/15/1975,,Monchia,Magdalena Cauca,Medio Magdalena,Río Nare,2012,12,Andes,Preliminar,0,0,0,4.71720027923584,4.71720027923584,0,4.6320104598999,0,3.05454540252686,6.04363632202148,5,10,0.869565188884735,0.876811623573303,1,1,9,1.10000002384186,0
02,2012-02-13,23080760,,"",SAN ROQUE [23080760],Pluviométrica,Convencional,Activa,Antioquia,San Roque,6.4875,-75.017,820,5/15/1975,,Monchia,Magdalena Cauca,Medio Magdalena,Río Nare,2012,13,Andes,Preliminar,0,0,0,5.30805158615112,5.30805158615112,0,0.894241690635681,1.43751323223114,3.05454540252686,6.04363632202148,5,10,0.869565188884735,0.876811623573303,1,1,9,1.10000002384186,0
02,2011-02-17,23080760,8,Definitivo,SAN ROQUE [23080760],Pluviométrica,Convencional,Activa,Antioquia,San Roque,6.4875,-75.017,820,5/15/1975,,Monchia,Magdalena Cauca,Medio Magdalena,Río Nare,2011,17,Andes,Definitivo,8,8,0,25.2720966339111,25.2720966339111,17.6640243530273,21.021993637085,39.0819206237793,3.05454540252686,6.04363632202148,5,10,0.869565188884735,0.876811623573303,1,1,10,1.10000002384186,8.80000019073486
02,2011-02-18,23080760,0,Definitivo,SAN ROQUE [23080760],Pluviométrica,Convencional,Activa,Antioquia,San Roque,6.4875,-75.017,820,5/15/1975,,Monchia,Magdalena Cauca,Medio Magdalena,Río Nare,2011,18,Andes,Definitivo,0,0,0,16.8525676727295,16.8525676727295,3.53280520439148,11.0519113540649,1.45253705978394,3.05454540252686,6.04363632202148,5,10,0.869565188884735,0.876811623573303,1,1,10,1.10000002384186,0
02,2011-02-19,23080760,,"",SAN ROQUE [23080760],Pluviométrica,Convencional,Activa,Antioquia,San Roque,6.4875,-75.017,820,5/15/1975,,Monchia,Magdalena Cauca,Medio Magdalena,Río Nare,2011,19,Andes,Preliminar,0,0,0,5.71662950515747,5.71662950515747,3.53280520439148,17.6589241027832,18.0961208343506,3.05454540252686,6.04363632202148,5,10,0.869565188884735,0.876811623573303,1,1,10,1.10000002384186,0
02,2013-02-20,23080760,6,Definitivo,SAN ROQUE [23080760],Pluviométrica,Convencional,Activa,Antioquia,San Roque,6.4875,-75.017,820,5/15/1975,,Monchia,Magdalena Cauca,Medio Magdalena,Río Nare,2013,20,Andes,Definitivo,6,6,0,3.84529232978821,3.84529232978821,0,7.751380443573,15.6763048171997,3.05454540252686,6.04363632202148,5,10,0.869565188884735,0.876811623573303,1,1,10,1.10000002384186,6.60000014305115
02,2015-02-22,23080760,,"",SAN ROQUE [23080760],Pluviométrica,Convencional,Activa,Antioquia,San Roque,6.4875,-75.017,820,5/15/1975,,Monchia,Magdalena Cauca,Medio Magdalena,Río Nare,2015,22,Andes,Preliminar,0,0,0,0.165050745010376,0.165050745010376,0,1.41000294685364,5.73742294311523,3.05454540252686,6.04363632202148,5,10,0.869565188884735,0.876811623573303,1,1,11,1.10000002384186,0
02,2015-02-23,23080760,,"",SAN ROQUE [23080760],Pluviométrica,Convencional,Activa,Antioquia,San Roque,6.4875,-75.017,820,5/15/1975,,Monchia,Magdalena Cauca,Medio Magdalena,Río Nare,2015,23,Andes,Preliminar,0,0,0,0.388053059577942,0.388053059577942,0,0.444128334522247,0,3.05454540252686,6.04363632202148,5,10,0.869565188884735,0.876811623573303,1,1,11,1.10000002384186,0
02,2009-02-09,23080760,,"",SAN ROQUE [23080760],Pluviométrica,Convencional,Activa,Antioquia,San Roque,6.4875,-75.017,820,5/15/1975,,Monchia,Magdalena Cauca,Medio Magdalena,Río Nare,2009,09,Andes,Preliminar,0,0,0,9.86227321624756,9.86227321624756,11.3135709762573,11.2303457260132,28.958137512207,3.05454540252686,6.04363632202148,5,10,0.869565188884735,0.876811623573303,1,1,8,1.10000002384186,0
02,2007-02-10,23080760,,"",SAN ROQUE [23080760],Pluviométrica,Convencional,Activa,Antioquia,San Roque,6.4875,-75.017,820,5/15/1975,,Monchia,Magdalena Cauca,Medio Magdalena,Río Nare,2007,10,Andes,Preliminar,0,0,0,5.00170373916626,5.00170373916626,7.91034698486328,1.28500378131866,2.26189708709717,3.05454540252686,6.04363632202148,5,10,0.869565188884735,0.876811623573303,1,1,8,1.10000002384186,0
02,2020-02-15,23080760,25,Definitivo,SAN ROQUE [23080760],Pluviométrica,Convencional,Activa,Antioquia,San Roque,6.4875,-75.017,820,5/15/1975,,Monchia,Magdalena Cauca,Medio Magdalena,Río Nare,2020,15,Andes,Definitivo,25,25,0,3.0496551990509,3.0496551990509,0,10.3968391418457,2.9730110168457,3.05454540252686,6.04363632202148,5,10,0.869565188884735,0.876811623573303,1,1,9,1.10000002384186,27.5000005960465
02,2022-02-13,23080760,24,Definitivo,SAN ROQUE [23080760],Pluviométrica,Convencional,Activa,Antioquia,San Roque,6.4875,-75.017,820,5/15/1975,,Monchia,Magdalena Cauca,Medio Magdalena,Río Nare,2022,13,Andes,Definitivo,24,24,0,0.787407577037811,0.787407577037811,0,6.08372449874878,5.48649454116821,3.05454540252686,6.04363632202148,5,10,0.869565188884735,0.876811623573303,1,1,9,1.10000002384186,26.4000005722046
02,2020-02-14,23080760,2,Definitivo,SAN ROQUE [23080760],Pluviométrica,Convencional,Activa,Antioquia,San Roque,6.4875,-75.017,820,5/15/1975,,Monchia,Magdalena Cauca,Medio Magdalena,Río Nare,2020,14,Andes,Definitivo,2,2,0,0,0,0,8.57834625244141,7.92802953720093,3.05454540252686,6.04363632202148,5,10,0.869565188884735,0.876811623573303,1,1,9,1.10000002384186,2.20000004768372
02,2018-02-14,23080760,5,Definitivo,SAN ROQUE [23080760],Pluviométrica,Convencional,Activa,Antioquia,San Roque,6.4875,-75.017,820,5/15/1975,,Monchia,Magdalena Cauca,Medio Magdalena,Río Nare,2018,14,Andes,Definitivo,5,5,0,0.684120297431946,0.684120297431946,0,2.71833920478821,7.72381925582886,3.05454540252686,6.04363632202148,5,10,0.869565188884735,0.876811623573303,1,1,9,1.10000002384186,5.50000011920929
02,2020-02-13,23080760,1,Definitivo,SAN ROQUE [23080760],Pluviométrica,Convencional,Activa,Antioquia,San Roque,6.4875,-75.017,820,5/15/1975,,Monchia,Magdalena Cauca,Medio Magdalena,Río Nare,2020,13,Andes,Definitivo,1,1,0,2.03614115715027,2.03614115715027,0,0.757030069828033,2.9730110168457,3.05454540252686,6.04363632202148,5,10,0.869565188884735,0.876811623573303,1,1,9,1.10000002384186,1.10000002384186
02,2018-02-13,23080760,4,Definitivo,SAN ROQUE [23080760],Pluviométrica,Convencional,Activa,Antioquia,San Roque,6.4875,-75.017,820,5/15/1975,,Monchia,Magdalena Cauca,Medio Magdalena,Río Nare,2018,13,Andes,Definitivo,4,4,0,0.675450742244721,0.675450742244721,0,8.58275127410889,10.7485074996948,3.05454540252686,6.04363632202148,5,10,0.869565188884735,0.876811623573303,1,1,9,1.10000002384186,4.40000009536743
02,2019-02-11,23080760,0,Definitivo,SAN ROQUE [23080760],Pluviométrica,Convencional,Activa,Antioquia,San Roque,6.4875,-75.017,820,5/15/1975,,Monchia,Magdalena Cauca,Medio Magdalena,Río Nare,2019,11,Andes,Definitivo,0,0,0,1.19725465774536,1.19725465774536,0,2.39123964309692,0.0157912820577621,3.05454540252686,6.04363632202148,5,10,0.869565188884735,0.876811623573303,1,1,9,1.10000002384186,0
02,2020-02-09,23080760,0,Definitivo,SAN ROQUE [23080760],Pluviométrica,Convencional,Activa,Antioquia,San Roque,6.4875,-75.017,820,5/15/1975,,Monchia,Magdalena Cauca,Medio Magdalena,Río Nare,2020,09,Andes,Definitivo,0,0,0,0.528792262077332,0.528792262077332,0,1.01185035705566,0.390604376792908,3.05454540252686,6.04363632202148,5,10,0.869565188884735,0.876811623573303,1,1,8,1.10000002384186,0
02,2021-02-06,23080760,0,Definitivo,SAN ROQUE [23080760],Pluviométrica,Convencional,Activa,Antioquia,San Roque,6.4875,-75.017,820,5/15/1975,,Monchia,Magdalena Cauca,Medio Magdalena,Río Nare,2021,06,Andes,Definitivo,0,0,0,0.074448361992836,0.074448361992836,0,0.2337546646595,1.10958540439606,3.05454540252686,6.04363632202148,5,10,0.869565188884735,0.876811623573303,1,1,8,1.10000002384186,0
02,2022-02-04,23080760,4,Definitivo,SAN ROQUE [23080760],Pluviométrica,Convencional,Activa,Antioquia,San Roque,6.4875,-75.017,820,5/15/1975,,Monchia,Magdalena Cauca,Medio Magdalena,Río Nare,2022,04,Andes,Definitivo,4,4,0,0.338026225566864,0.338026225566864,0,1.68834698200226,0.163150638341904,3.05454540252686,6.04363632202148,5,10,0.869565188884735,0.876811623573303,1,1,7,1.10000002384186,4.40000009536743
02,2023-02-02,23080760,0,Definitivo,SAN ROQUE [23080760],Pluviométrica,Convencional,Activa,Antioquia,San Roque,6.4875,-75.017,820,5/15/1975,,Monchia,Magdalena Cauca,Medio Magdalena,Río Nare,2023,02,Andes,Definitivo,0,0,0,0,0,0,0.0282267723232508,0,3.05454540252686,6.04363632202148,5,10,0.869565188884735,0.876811623573303,1,1,7,1.10000002384186,0
02,2020-02-22,23080760,18,Definitivo,SAN ROQUE [23080760],Pluviométrica,Convencional,Activa,Antioquia,San Roque,6.4875,-75.017,820,5/15/1975,,Monchia,Magdalena Cauca,Medio Magdalena,Río Nare,2020,22,Andes,Definitivo,18,18,0,4.93812799453735,4.93812799453735,33.4581031799316,7.15316009521484,5.19566297531128,3.05454540252686,6.04363632202148,5,10,0.869565188884735,0.876811623573303,1,1,11,1.10000002384186,19.8000004291534
02,2020-02-20,23080760,0,Definitivo,SAN ROQUE [23080760],Pluviométrica,Convencional,Activa,Antioquia,San Roque,6.4875,-75.017,820,5/15/1975,,Monchia,Magdalena Cauca,Medio Magdalena,Río Nare,2020,20,Andes,Definitivo,0,0,0,4.7983546257019,4.7983546257019,0,1.35068881511688,0,3.05454540252686,6.04363632202148,5,10,0.869565188884735,0.876811623573303,1,1,10,1.10000002384186,0
02,2007-02-11,23080760,,"",SAN ROQUE [23080760],Pluviométrica,Convencional,Activa,Antioquia,San Roque,6.4875,-75.017,820,5/15/1975,,Monchia,Magdalena Cauca,Medio Magdalena,Río Nare,2007,11,Andes,Preliminar,0,0,0,1.73239934444428,1.73239934444428,0,0.401227176189423,0.758288383483887,3.05454540252686,6.04363632202148,5,10,0.869565188884735,0.876811623573303,1,1,9,1.10000002384186,0
02,2004-02-29,23080760,3,Definitivo,SAN ROQUE [23080760],Pluviométrica,Convencional,Activa,Antioquia,San Roque,6.4875,-75.017,820,5/15/1975,,Monchia,Magdalena Cauca,Medio Magdalena,Río Nare,2004,29,Andes,Definitivo,3,3,0,5.7329740524292,5.7329740524292,6.2648606300354,5.63560962677002,13.3071441650391,3.05454540252686,6.04363632202148,5,10,0.869565188884735,0.876811623573303,1,1,12,1.10000002384186,3.30000007152557
02,2005-02-26,23080760,,"",SAN ROQUE [23080760],Pluviométrica,Convencional,Activa,Antioquia,San Roque,6.4875,-75.017,820,5/15/1975,,Monchia,Magdalena Cauca,Medio Magdalena,Río Nare,2005,26,Andes,Preliminar,0,0,0,0.452883750200272,0.452883750200272,0,0.478477090597153,0.382623583078384,3.05454540252686,6.04363632202148,5,10,0.869565188884735,0.876811623573303,1,1,12,1.10000002384186,0
02,2004-02-24,23080760,,"",SAN ROQUE [23080760],Pluviométrica,Convencional,Activa,Antioquia,San Roque,6.4875,-75.017,820,5/15/1975,,Monchia,Magdalena Cauca,Medio Magdalena,Río Nare,2004,24,Andes,Preliminar,0,0,0,7.10491371154785,7.10491371154785,36.3030624389648,18.4293079376221,36.4909172058105,3.05454540252686,6.04363632202148,5,10,0.869565188884735,0.876811623573303,1,1,11,1.10000002384186,0
02,2005-02-21,23080760,,"",SAN ROQUE [23080760],Pluviométrica,Convencional,Activa,Antioquia,San Roque,6.4875,-75.017,820,5/15/1975,,Monchia,Magdalena Cauca,Medio Magdalena,Río Nare,2005,21,Andes,Preliminar,0,0,0,1.41133725643158,1.41133725643158,0,4.14982748031616,0,3.05454540252686,6.04363632202148,5,10,0.869565188884735,0.876811623573303,1,1,11,1.10000002384186,0
02,2006-02-19,23080760,,"",SAN ROQUE [23080760],Pluviométrica,Convencional,Activa,Antioquia,San Roque,6.4875,-75.017,820,5/15/1975,,Monchia,Magdalena Cauca,Medio Magdalena,Río Nare,2006,19,Andes,Preliminar,0,0,0,2.7591245174408,2.7591245174408,0,0.675979316234589,0.549600303173065,3.05454540252686,6.04363632202148,5,10,0.869565188884735,0.876811623573303,1,1,10,1.10000002384186,0
02,2007-02-17,23080760,0,Definitivo,SAN ROQUE [23080760],Pluviométrica,Convencional,Activa,Antioquia,San Roque,6.4875,-75.017,820,5/15/1975,,Monchia,Magdalena Cauca,Medio Magdalena,Río Nare,2007,17,Andes,Definitivo,0,0,0,2.55235600471497,2.55235600471497,4.03662872314453,0.551295042037964,1.830726146698,3.05454540252686,6.04363632202148,5,10,0.869565188884735,0.876811623573303,1,1,10,1.10000002384186,0
02,2008-02-15,23080760,28,Definitivo,SAN ROQUE [23080760],Pluviométrica,Convencional,Activa,Antioquia,San Roque,6.4875,-75.017,820,5/15/1975,,Monchia,Magdalena Cauca,Medio Magdalena,Río Nare,2008,15,Andes,Definitivo,28,28,0,14.1236476898193,14.1236476898193,22.8397006988525,41.9688987731934,4.55409717559815,3.05454540252686,6.04363632202148,5,10,0.869565188884735,0.876811623573303,1,1,9,1.10000002384186,30.800000667572
02,2009-02-12,23080760,56,Definitivo,SAN ROQUE [23080760],Pluviométrica,Convencional,Activa,Antioquia,San Roque,6.4875,-75.017,820,5/15/1975,,Monchia,Magdalena Cauca,Medio Magdalena,Río Nare,2009,12,Andes,Definitivo,56,56,0,6.71512985229492,6.71512985229492,39.4262046813965,26.6051330566406,53.7683868408203,3.05454540252686,6.04363632202148,5,10,0.869565188884735,0.876811623573303,1,1,9,1.10000002384186,61.6000013351441
02,2007-02-13,23080760,,"",SAN ROQUE [23080760],Pluviométrica,Convencional,Activa,Antioquia,San Roque,6.4875,-75.017,820,5/15/1975,,Monchia,Magdalena Cauca,Medio Magdalena,Río Nare,2007,13,Andes,Preliminar,0,0,0,0.956585705280304,0.956585705280304,0,0.527452945709229,0.457720577716827,3.05454540252686,6.04363632202148,5,10,0.869565188884735,0.876811623573303,1,1,9,1.10000002384186,0
02,2007-02-12,23080760,,"",SAN ROQUE [23080760],Pluviométrica,Convencional,Activa,Antioquia,San Roque,6.4875,-75.017,820,5/15/1975,,Monchia,Magdalena Cauca,Medio Magdalena,Río Nare,2007,12,Andes,Preliminar,0,0,0,0.0489591099321842,0.0489591099321842,0,0.283126205205917,0.440844535827637,3.05454540252686,6.04363632202148,5,10,0.869565188884735,0.876811623573303,1,1,9,1.10000002384186,0
02,2006-02-11,23080760,,"",SAN ROQUE [23080760],Pluviométrica,Convencional,Activa,Antioquia,San Roque,6.4875,-75.017,820,5/15/1975,,Monchia,Magdalena Cauca,Medio Magdalena,Río Nare,2006,11,Andes,Preliminar,0,0,0,1.68506824970245,1.68506824970245,0,0.418729096651077,0.363827556371689,3.05454540252686,6.04363632202148,5,10,0.869565188884735,0.876811623573303,1,1,9,1.10000002384186,0
02,2007-02-09,23080760,0,Definitivo,SAN ROQUE [23080760],Pluviométrica,Convencional,Activa,Antioquia,San Roque,6.4875,-75.017,820,5/15/1975,,Monchia,Magdalena Cauca,Medio Magdalena,Río Nare,2007,09,Andes,Definitivo,0,0,0,1.93501675128937,1.93501675128937,0,0.742060780525208,0.271427631378174,3.05454540252686,6.04363632202148,5,10,0.869565188884735,0.876811623573303,1,1,8,1.10000002384186,0
02,2022-02-16,23080760,0,Definitivo,SAN ROQUE [23080760],Pluviométrica,Convencional,Activa,Antioquia,San Roque,6.4875,-75.017,820,5/15/1975,,Monchia,Magdalena Cauca,Medio Magdalena,Río Nare,2022,16,Andes,Definitivo,0,0,0,0.546294212341309,0.546294212341309,0,0.896640479564667,0.0726704820990562,3.05454540252686,6.04363632202148,5,10,0.869565188884735,0.876811623573303,1,1,10,1.10000002384186,0
02,2005-02-10,23080760,12,Definitivo,SAN ROQUE [23080760],Pluviométrica,Convencional,Activa,Antioquia,San Roque,6.4875,-75.017,820,5/15/1975,,Monchia,Magdalena Cauca,Medio Magdalena,Río Nare,2005,10,Andes,Definitivo,12,12,0,1.50944256782532,1.50944256782532,0,7.38270139694214,4.97161483764648,3.05454540252686,6.04363632202148,5,10,0.869565188884735,0.876811623573303,1,1,8,1.10000002384186,13.2000002861023
02,2010-02-09,23080760,,"",SAN ROQUE [23080760],Pluviométrica,Convencional,Activa,Antioquia,San Roque,6.4875,-75.017,820,5/15/1975,,Monchia,Magdalena Cauca,Medio Magdalena,Río Nare,2010,09,Andes,Preliminar,0,0,0,0.967482149600983,0.967482149600983,0,1.58070909976959,1.89952683448792,3.05454540252686,6.04363632202148,5,10,0.869565188884735,0.876811623573303,1,1,8,1.10000002384186,0
02,2010-02-10,23080760,,"",SAN ROQUE [23080760],Pluviométrica,Convencional,Activa,Antioquia,San Roque,6.4875,-75.017,820,5/15/1975,,Monchia,Magdalena Cauca,Medio Magdalena,Río Nare,2010,10,Andes,Preliminar,0,0,0,2.77475833892822,2.77475833892822,0,1.80783128738403,0,3.05454540252686,6.04363632202148,5,10,0.869565188884735,0.876811623573303,1,1,8,1.10000002384186,0
02,2010-02-11,23080760,,"",SAN ROQUE [23080760],Pluviométrica,Convencional,Activa,Antioquia,San Roque,6.4875,-75.017,820,5/15/1975,,Monchia,Magdalena Cauca,Medio Magdalena,Río Nare,2010,11,Andes,Preliminar,0,0,0,4.16332864761353,4.16332864761353,0,1.14828431606293,0.0946256294846535,3.05454540252686,6.04363632202148,5,10,0.869565188884735,0.876811623573303,1,1,9,1.10000002384186,0
02,2013-02-09,23080760,,"",SAN ROQUE [23080760],Pluviométrica,Convencional,Activa,Antioquia,San Roque,6.4875,-75.017,820,5/15/1975,,Monchia,Magdalena Cauca,Medio Magdalena,Río Nare,2013,09,Andes,Preliminar,0,0,0,3.81398749351501,3.81398749351501,28.6323623657227,6.49673414230347,13.9283151626587,3.05454540252686,6.04363632202148,5,10,0.869565188884735,0.876811623573303,1,1,8,1.10000002384186,0
02,2012-02-14,23080760,,"",SAN ROQUE [23080760],Pluviométrica,Convencional,Activa,Antioquia,San Roque,6.4875,-75.017,820,5/15/1975,,Monchia,Magdalena Cauca,Medio Magdalena,Río Nare,2012,14,Andes,Preliminar,0,0,0,1.22824287414551,1.22824287414551,0,0.435721039772034,0.480377912521362,3.05454540252686,6.04363632202148,5,10,0.869565188884735,0.876811623573303,1,1,9,1.10000002384186,0
02,2012-02-15,23080760,,"",SAN ROQUE [23080760],Pluviométrica,Convencional,Activa,Antioquia,San Roque,6.4875,-75.017,820,5/15/1975,,Monchia,Magdalena Cauca,Medio Magdalena,Río Nare,2012,15,Andes,Preliminar,0,0,0,0.928971350193024,0.928971350193024,0,0.629003763198853,0,3.05454540252686,6.04363632202148,5,10,0.869565188884735,0.876811623573303,1,1,9,1.10000002384186,0
02,2012-02-16,23080760,,"",SAN ROQUE [23080760],Pluviométrica,Convencional,Activa,Antioquia,San Roque,6.4875,-75.017,820,5/15/1975,,Monchia,Magdalena Cauca,Medio Magdalena,Río Nare,2012,16,Andes,Preliminar,0,0,0,0.737686514854431,0.737686514854431,0,0.151819720864296,0.109835416078568,3.05454540252686,6.04363632202148,5,10,0.869565188884735,0.876811623573303,1,1,10,1.10000002384186,0
02,2011-02-20,23080760,,"",SAN ROQUE [23080760],Pluviométrica,Convencional,Activa,Antioquia,San Roque,6.4875,-75.017,820,5/15/1975,,Monchia,Magdalena Cauca,Medio Magdalena,Río Nare,2011,20,Andes,Preliminar,0,0,0,2.25691962242126,2.25691962242126,0,11.6345720291138,2.89759063720703,3.05454540252686,6.04363632202148,5,10,0.869565188884735,0.876811623573303,1,1,10,1.10000002384186,0
02,2016-02-19,23080760,,"",SAN ROQUE [23080760],Pluviométrica,Convencional,Activa,Antioquia,San Roque,6.4875,-75.017,820,5/15/1975,,Monchia,Magdalena Cauca,Medio Magdalena,Río Nare,2016,19,Andes,Preliminar,0,0,0,4.19106674194336,4.19106674194336,0,6.42008352279663,0,3.05454540252686,6.04363632202148,5,10,0.869565188884735,0.876811623573303,1,1,10,1.10000002384186,0
02,2016-02-20,23080760,10,Definitivo,SAN ROQUE [23080760],Pluviométrica,Convencional,Activa,Antioquia,San Roque,6.4875,-75.017,820,5/15/1975,,Monchia,Magdalena Cauca,Medio Magdalena,Río Nare,2016,20,Andes,Definitivo,10,10,0,3.25555896759033,3.25555896759033,0,13.7874965667725,0,3.05454540252686,6.04363632202148,5,10,0.869565188884735,0.876811623573303,1,1,10,1.10000002384186,11.0000002384186
02,2018-02-21,23080760,0,Definitivo,SAN ROQUE [23080760],Pluviométrica,Convencional,Activa,Antioquia,San Roque,6.4875,-75.017,820,5/15/1975,,Monchia,Magdalena Cauca,Medio Magdalena,Río Nare,2018,21,Andes,Definitivo,0,0,0,0.711165845394135,0.711165845394135,0,0.0349957793951035,0,3.05454540252686,6.04363632202148,5,10,0.869565188884735,0.876811623573303,1,1,11,1.10000002384186,0
02,2005-02-09,23080760,2,Definitivo,SAN ROQUE [23080760],Pluviométrica,Convencional,Activa,Antioquia,San Roque,6.4875,-75.017,820,5/15/1975,,Monchia,Magdalena Cauca,Medio Magdalena,Río Nare,2005,09,Andes,Definitivo,2,2,0,4.46449518203735,4.46449518203735,0,3.32223010063171,5.88629198074341,3.05454540252686,6.04363632202148,5,10,0.869565188884735,0.876811623573303,1,1,8,1.10000002384186,2.20000004768372
02,2018-02-20,23080760,0,Definitivo,SAN ROQUE [23080760],Pluviométrica,Convencional,Activa,Antioquia,San Roque,6.4875,-75.017,820,5/15/1975,,Monchia,Magdalena Cauca,Medio Magdalena,Río Nare,2018,20,Andes,Definitivo,0,0,0,1.12055706977844,1.12055706977844,0,0.157975450158119,0.553012609481812,3.05454540252686,6.04363632202148,5,10,0.869565188884735,0.876811623573303,1,1,10,1.10000002384186,0
02,2020-02-17,23080760,0,Definitivo,SAN ROQUE [23080760],Pluviométrica,Convencional,Activa,Antioquia,San Roque,6.4875,-75.017,820,5/15/1975,,Monchia,Magdalena Cauca,Medio Magdalena,Río Nare,2020,17,Andes,Definitivo,0,0,0,0,0,0,9.85705089569092,12.6462354660034,3.05454540252686,6.04363632202148,5,10,0.869565188884735,0.876811623573303,1,1,10,1.10000002384186,0
02,2018-02-17,23080760,5,Definitivo,SAN ROQUE [23080760],Pluviométrica,Convencional,Activa,Antioquia,San Roque,6.4875,-75.017,820,5/15/1975,,Monchia,Magdalena Cauca,Medio Magdalena,Río Nare,2018,17,Andes,Definitivo,5,5,0,1.74734771251678,1.74734771251678,6.43653345108032,1.27451765537262,1.93554425239563,3.05454540252686,6.04363632202148,5,10,0.869565188884735,0.876811623573303,1,1,10,1.10000002384186,5.50000011920929
02,2019-02-15,23080760,0,Definitivo,SAN ROQUE [23080760],Pluviométrica,Convencional,Activa,Antioquia,San Roque,6.4875,-75.017,820,5/15/1975,,Monchia,Magdalena Cauca,Medio Magdalena,Río Nare,2019,15,Andes,Definitivo,0,0,0,0.356062978506088,0.356062978506088,0,1.27878785133362,0,3.05454540252686,6.04363632202148,5,10,0.869565188884735,0.876811623573303,1,1,9,1.10000002384186,0
02,2019-02-14,23080760,0,Definitivo,SAN ROQUE [23080760],Pluviométrica,Convencional,Activa,Antioquia,San Roque,6.4875,-75.017,820,5/15/1975,,Monchia,Magdalena Cauca,Medio Magdalena,Río Nare,2019,14,Andes,Definitivo,0,0,0,2.37792754173279,2.37792754173279,13.9309091567993,6.7196249961853,16.3701801300049,3.05454540252686,6.04363632202148,5,10,0.869565188884735,0.876811623573303,1,1,9,1.10000002384186,0
02,2017-02-14,23080760,0,Definitivo,SAN ROQUE [23080760],Pluviométrica,Convencional,Activa,Antioquia,San Roque,6.4875,-75.017,820,5/15/1975,,Monchia,Magdalena Cauca,Medio Magdalena,Río Nare,2017,14,Andes,Definitivo,0,0,0,0.901082932949066,0.901082932949066,0,8.07738304138184,0,3.05454540252686,6.04363632202148,5,10,0.869565188884735,0.876811623573303,1,1,9,1.10000002384186,0
02,2018-02-12,23080760,35,Definitivo,SAN ROQUE [23080760],Pluviométrica,Convencional,Activa,Antioquia,San Roque,6.4875,-75.017,820,5/15/1975,,Monchia,Magdalena Cauca,Medio Magdalena,Río Nare,2018,12,Andes,Definitivo,35,35,0,2.1048104763031,2.1048104763031,7.75328397750855,4.29596996307373,0.808445811271668,3.05454540252686,6.04363632202148,5,10,0.869565188884735,0.876811623573303,1,1,9,1.10000002384186,38.500000834465
02,2019-02-10,23080760,0,Definitivo,SAN ROQUE [23080760],Pluviométrica,Convencional,Activa,Antioquia,San Roque,6.4875,-75.017,820,5/15/1975,,Monchia,Magdalena Cauca,Medio Magdalena,Río Nare,2019,10,Andes,Definitivo,0,0,0,1.77253496646881,1.77253496646881,0,0.296578854322433,0.640668094158173,3.05454540252686,6.04363632202148,5,10,0.869565188884735,0.876811623573303,1,1,8,1.10000002384186,0
02,2020-02-08,23080760,0,Definitivo,SAN ROQUE [23080760],Pluviométrica,Convencional,Activa,Antioquia,San Roque,6.4875,-75.017,820,5/15/1975,,Monchia,Magdalena Cauca,Medio Magdalena,Río Nare,2020,08,Andes,Definitivo,0,0,0,2.54479622840881,2.54479622840881,0,0.909921288490295,0.390604376792908,3.05454540252686,6.04363632202148,5,10,0.869565188884735,0.876811623573303,1,1,8,1.10000002384186,0
02,2021-02-05,23080760,22,Definitivo,SAN ROQUE [23080760],Pluviométrica,Convencional,Activa,Antioquia,San Roque,6.4875,-75.017,820,5/15/1975,,Monchia,Magdalena Cauca,Medio Magdalena,Río Nare,2021,05,Andes,Definitivo,22,22,0,1.40942656993866,1.40942656993866,0,4.09831285476685,7.61065864562988,3.05454540252686,6.04363632202148,5,10,0.869565188884735,0.876811623573303,1,1,7,1.10000002384186,24.2000005245209
02,2022-02-03,23080760,0,Definitivo,SAN ROQUE [23080760],Pluviométrica,Convencional,Activa,Antioquia,San Roque,6.4875,-75.017,820,5/15/1975,,Monchia,Magdalena Cauca,Medio Magdalena,Río Nare,2022,03,Andes,Definitivo,0,0,0,0.0546102970838547,0.0546102970838547,0,0.0548204779624939,0,3.05454540252686,6.04363632202148,5,10,0.869565188884735,0.876811623573303,1,1,7,1.10000002384186,0
02,2023-02-01,23080760,0,Definitivo,SAN ROQUE [23080760],Pluviométrica,Convencional,Activa,Antioquia,San Roque,6.4875,-75.017,820,5/15/1975,,Monchia,Magdalena Cauca,Medio Magdalena,Río Nare,2023,01,Andes,Definitivo,0,0,0,0,0,0,0.013392124325037,0,3.05454540252686,6.04363632202148,5,10,0.869565188884735,0.876811623573303,1,1,7,1.10000002384186,0
02,2022-02-18,23080760,0,Definitivo,SAN ROQUE [23080760],Pluviométrica,Convencional,Activa,Antioquia,San Roque,6.4875,-75.017,820,5/15/1975,,Monchia,Magdalena Cauca,Medio Magdalena,Río Nare,2022,18,Andes,Definitivo,0,0,0,0.781045258045197,0.781045258045197,0,4.5423378944397,0.876676082611084,3.05454540252686,6.04363632202148,5,10,0.869565188884735,0.876811623573303,1,1,10,1.10000002384186,0
02,2004-02-28,23080760,8,Definitivo,SAN ROQUE [23080760],Pluviométrica,Convencional,Activa,Antioquia,San Roque,6.4875,-75.017,820,5/15/1975,,Monchia,Magdalena Cauca,Medio Magdalena,Río Nare,2004,28,Andes,Definitivo,8,8,0,3.91808843612671,3.91808843612671,14.3196802139282,7.70661592483521,14.7847490310669,3.05454540252686,6.04363632202148,5,10,0.869565188884735,0.876811623573303,1,1,12,1.10000002384186,8.80000019073486
02,2002-02-28,23080760,,"",SAN ROQUE [23080760],Pluviométrica,Convencional,Activa,Antioquia,San Roque,6.4875,-75.017,820,5/15/1975,,Monchia,Magdalena Cauca,Medio Magdalena,Río Nare,2002,28,Andes,Preliminar,0,0,0,1.10619211196899,1.10619211196899,0,0.37120845913887,0.367007374763489,3.05454540252686,6.04363632202148,5,10,0.869565188884735,0.876811623573303,1,1,12,1.10000002384186,0
02,2003-02-26,23080760,0,Definitivo,SAN ROQUE [23080760],Pluviométrica,Convencional,Activa,Antioquia,San Roque,6.4875,-75.017,820,5/15/1975,,Monchia,Magdalena Cauca,Medio Magdalena,Río Nare,2003,26,Andes,Definitivo,0,0,0,7.35339260101318,7.35339260101318,8.60324096679688,5.97684240341187,8.92550182342529,3.05454540252686,6.04363632202148,5,10,0.869565188884735,0.876811623573303,1,1,12,1.10000002384186,0
02,2003-02-25,23080760,8,Definitivo,SAN ROQUE [23080760],Pluviométrica,Convencional,Activa,Antioquia,San Roque,6.4875,-75.017,820,5/15/1975,,Monchia,Magdalena Cauca,Medio Magdalena,Río Nare,2003,25,Andes,Definitivo,8,8,0,3.59184837341309,3.59184837341309,0,1.62002146244049,1.05477023124695,3.05454540252686,6.04363632202148,5,10,0.869565188884735,0.876811623573303,1,1,11,1.10000002384186,8.80000019073486
02,2004-02-23,23080760,52,Definitivo,SAN ROQUE [23080760],Pluviométrica,Convencional,Activa,Antioquia,San Roque,6.4875,-75.017,820,5/15/1975,,Monchia,Magdalena Cauca,Medio Magdalena,Río Nare,2004,23,Andes,Definitivo,52,52,0,1.83018970489502,1.83018970489502,0,12.9249286651611,23.3720932006836,3.05454540252686,6.04363632202148,5,10,0.869565188884735,0.876811623573303,1,1,11,1.10000002384186,57.2000012397766
02,2005-02-20,23080760,3,Definitivo,SAN ROQUE [23080760],Pluviométrica,Convencional,Activa,Antioquia,San Roque,6.4875,-75.017,820,5/15/1975,,Monchia,Magdalena Cauca,Medio Magdalena,Río Nare,2005,20,Andes,Definitivo,3,3,0,2.75449061393738,2.75449061393738,0,2.01062607765198,0.846439123153687,3.05454540252686,6.04363632202148,5,10,0.869565188884735,0.876811623573303,1,1,10,1.10000002384186,3.30000007152557
02,2006-02-18,23080760,,"",SAN ROQUE [23080760],Pluviométrica,Convencional,Activa,Antioquia,San Roque,6.4875,-75.017,820,5/15/1975,,Monchia,Magdalena Cauca,Medio Magdalena,Río Nare,2006,18,Andes,Preliminar,0,0,0,0.790005743503571,0.790005743503571,0,0.601806998252869,0.591861426830292,3.05454540252686,6.04363632202148,5,10,0.869565188884735,0.876811623573303,1,1,10,1.10000002384186,0
02,2007-02-16,23080760,0,Definitivo,SAN ROQUE [23080760],Pluviométrica,Convencional,Activa,Antioquia,San Roque,6.4875,-75.017,820,5/15/1975,,Monchia,Magdalena Cauca,Medio Magdalena,Río Nare,2007,16,Andes,Definitivo,0,0,0,4.2833104133606,4.2833104133606,6.77418565750122,1.1371556520462,0.140957742929459,3.05454540252686,6.04363632202148,5,10,0.869565188884735,0.876811623573303,1,1,10,1.10000002384186,0
02,2005-02-16,23080760,1,Definitivo,SAN ROQUE [23080760],Pluviométrica,Convencional,Activa,Antioquia,San Roque,6.4875,-75.017,820,5/15/1975,,Monchia,Magdalena Cauca,Medio Magdalena,Río Nare,2005,16,Andes,Definitivo,1,1,0,2.43420147895813,2.43420147895813,0,3.04661226272583,2.65624904632568,3.05454540252686,6.04363632202148,5,10,0.869565188884735,0.876811623573303,1,1,10,1.10000002384186,1.10000002384186
02,2006-02-14,23080760,,"",SAN ROQUE [23080760],Pluviométrica,Convencional,Activa,Antioquia,San Roque,6.4875,-75.017,820,5/15/1975,,Monchia,Magdalena Cauca,Medio Magdalena,Río Nare,2006,14,Andes,Preliminar,0,0,0,0.156942620873451,0.156942620873451,0,1.27478241920471,0,3.05454540252686,6.04363632202148,5,10,0.869565188884735,0.876811623573303,1,1,9,1.10000002384186,0
02,2006-02-13,23080760,,"",SAN ROQUE [23080760],Pluviométrica,Convencional,Activa,Antioquia,San Roque,6.4875,-75.017,820,5/15/1975,,Monchia,Magdalena Cauca,Medio Magdalena,Río Nare,2006,13,Andes,Preliminar,0,0,0,2.99843001365662,2.99843001365662,0,3.92251515388489,0.905382096767426,3.05454540252686,6.04363632202148,5,10,0.869565188884735,0.876811623573303,1,1,9,1.10000002384186,0
02,2005-02-12,23080760,6,Definitivo,SAN ROQUE [23080760],Pluviométrica,Convencional,Activa,Antioquia,San Roque,6.4875,-75.017,820,5/15/1975,,Monchia,Magdalena Cauca,Medio Magdalena,Río Nare,2005,12,Andes,Definitivo,6,6,0,16.8678684234619,16.8678684234619,19.547924041748,8.09821605682373,14.7913255691528,3.05454540252686,6.04363632202148,5,10,0.869565188884735,0.876811623573303,1,1,9,1.10000002384186,6.60000014305115
02,2006-02-10,23080760,,"",SAN ROQUE [23080760],Pluviométrica,Convencional,Activa,Antioquia,San Roque,6.4875,-75.017,820,5/15/1975,,Monchia,Magdalena Cauca,Medio Magdalena,Río Nare,2006,10,Andes,Preliminar,0,0,0,0.709183096885681,0.709183096885681,0,1.02631080150604,0,3.05454540252686,6.04363632202148,5,10,0.869565188884735,0.876811623573303,1,1,8,1.10000002384186,0
02,2004-02-11,23080760,,"",SAN ROQUE [23080760],Pluviométrica,Convencional,Activa,Antioquia,San Roque,6.4875,-75.017,820,5/15/1975,,Monchia,Magdalena Cauca,Medio Magdalena,Río Nare,2004,11,Andes,Preliminar,0,0,0,0,0,0,0.1098443120718,0,3.05454540252686,6.04363632202148,5,10,0.869565188884735,0.876811623573303,1,1,9,1.10000002384186,0
02,2006-02-07,23080760,,"",SAN ROQUE [23080760],Pluviométrica,Convencional,Activa,Antioquia,San Roque,6.4875,-75.017,820,5/15/1975,,Monchia,Magdalena Cauca,Medio Magdalena,Río Nare,2006,07,Andes,Preliminar,0,0,0,4.81351089477539,4.81351089477539,0,3.2800464630127,0.0340764448046684,3.05454540252686,6.04363632202148,5,10,0.869565188884735,0.876811623573303,1,1,8,1.10000002384186,0
02,2005-02-11,23080760,0,Definitivo,SAN ROQUE [23080760],Pluviométrica,Convencional,Activa,Antioquia,San Roque,6.4875,-75.017,820,5/15/1975,,Monchia,Magdalena Cauca,Medio Magdalena,Río Nare,2005,11,Andes,Definitivo,0,0,0,6.48026132583618,6.48026132583618,39.0958480834961,11.92271900177,13.6648139953613,3.05454540252686,6.04363632202148,5,10,0.869565188884735,0.876811623573303,1,1,9,1.10000002384186,0
02,2008-02-10,23080760,43,Definitivo,SAN ROQUE [23080760],Pluviométrica,Convencional,Activa,Antioquia,San Roque,6.4875,-75.017,820,5/15/1975,,Monchia,Magdalena Cauca,Medio Magdalena,Río Nare,2008,10,Andes,Definitivo,43,43,0,5.31675434112549,5.31675434112549,0,7.02581024169922,0.665451765060425,3.05454540252686,6.04363632202148,5,10,0.869565188884735,0.876811623573303,1,1,8,1.10000002384186,47.3000010251999
02,2008-02-11,23080760,3,Definitivo,SAN ROQUE [23080760],Pluviométrica,Convencional,Activa,Antioquia,San Roque,6.4875,-75.017,820,5/15/1975,,Monchia,Magdalena Cauca,Medio Magdalena,Río Nare,2008,11,Andes,Definitivo,3,3,0,8.06303596496582,8.06303596496582,0,36.0093955993652,4.80480337142944,3.05454540252686,6.04363632202148,5,10,0.869565188884735,0.876811623573303,1,1,9,1.10000002384186,3.30000007152557
02,2011-02-09,23080760,30,Definitivo,SAN ROQUE [23080760],Pluviométrica,Convencional,Activa,Antioquia,San Roque,6.4875,-75.017,820,5/15/1975,,Monchia,Magdalena Cauca,Medio Magdalena,Río Nare,2011,09,Andes,Definitivo,30,30,0,6.25587749481201,6.25587749481201,0,13.5373582839966,4.10870027542114,3.05454540252686,6.04363632202148,5,10,0.869565188884735,0.876811623573303,1,1,8,1.10000002384186,33.0000007152557
02,2013-02-10,23080760,19,Definitivo,SAN ROQUE [23080760],Pluviométrica,Convencional,Activa,Antioquia,San Roque,6.4875,-75.017,820,5/15/1975,,Monchia,Magdalena Cauca,Medio Magdalena,Río Nare,2013,10,Andes,Definitivo,19,19,0,4.48986482620239,4.48986482620239,0,10.3842849731445,8.80142593383789,3.05454540252686,6.04363632202148,5,10,0.869565188884735,0.876811623573303,1,1,8,1.10000002384186,20.9000004529953
02,2013-02-11,23080760,,"",SAN ROQUE [23080760],Pluviométrica,Convencional,Activa,Antioquia,San Roque,6.4875,-75.017,820,5/15/1975,,Monchia,Magdalena Cauca,Medio Magdalena,Río Nare,2013,11,Andes,Preliminar,0,0,0,1.15177392959595,1.15177392959595,0,2.47554063796997,0,3.05454540252686,6.04363632202148,5,10,0.869565188884735,0.876811623573303,1,1,9,1.10000002384186,0
02,2013-02-12,23080760,,"",SAN ROQUE [23080760],Pluviométrica,Convencional,Activa,Antioquia,San Roque,6.4875,-75.017,820,5/15/1975,,Monchia,Magdalena Cauca,Medio Magdalena,Río Nare,2013,12,Andes,Preliminar,0,0,0,1.49475288391113,1.49475288391113,0,1.46001946926117,0,3.05454540252686,6.04363632202148,5,10,0.869565188884735,0.876811623573303,1,1,9,1.10000002384186,0
02,2012-02-17,23080760,,"",SAN ROQUE [23080760],Pluviométrica,Convencional,Activa,Antioquia,San Roque,6.4875,-75.017,820,5/15/1975,,Monchia,Magdalena Cauca,Medio Magdalena,Río Nare,2012,17,Andes,Preliminar,0,0,0,1.62722051143646,1.62722051143646,0,0.321532547473907,0.860377311706543,3.05454540252686,6.04363632202148,5,10,0.869565188884735,0.876811623573303,1,1,10,1.10000002384186,0
02,2014-02-18,23080760,0,Definitivo,SAN ROQUE [23080760],Pluviométrica,Convencional,Activa,Antioquia,San Roque,6.4875,-75.017,820,5/15/1975,,Monchia,Magdalena Cauca,Medio Magdalena,Río Nare,2014,18,Andes,Definitivo,0,0,0,1.912388920784,1.912388920784,0,8.82715225219727,0.563933372497559,3.05454540252686,6.04363632202148,5,10,0.869565188884735,0.876811623573303,1,1,10,1.10000002384186,0
02,2014-02-19,23080760,24,Definitivo,SAN ROQUE [23080760],Pluviométrica,Convencional,Activa,Antioquia,San Roque,6.4875,-75.017,820,5/15/1975,,Monchia,Magdalena Cauca,Medio Magdalena,Río Nare,2014,19,Andes,Definitivo,24,24,0,3.3390007019043,3.3390007019043,0,3.47515273094177,11.7990322113037,3.05454540252686,6.04363632202148,5,10,0.869565188884735,0.876811623573303,1,1,10,1.10000002384186,26.4000005722046
02,2019-02-18,23080760,4,Definitivo,SAN ROQUE [23080760],Pluviométrica,Convencional,Activa,Antioquia,San Roque,6.4875,-75.017,820,5/15/1975,,Monchia,Magdalena Cauca,Medio Magdalena,Río Nare,2019,18,Andes,Definitivo,4,4,0,8.99436092376709,8.99436092376709,0,5.60666608810425,0.276042461395264,3.05454540252686,6.04363632202148,5,10,0.869565188884735,0.876811623573303,1,1,10,1.10000002384186,4.40000009536743
02,2018-02-22,23080760,0,Definitivo,SAN ROQUE [23080760],Pluviométrica,Convencional,Activa,Antioquia,San Roque,6.4875,-75.017,820,5/15/1975,,Monchia,Magdalena Cauca,Medio Magdalena,Río Nare,2018,22,Andes,Definitivo,0,0,0,0.643368661403656,0.643368661403656,0,3.7396981716156,0,3.05454540252686,6.04363632202148,5,10,0.869565188884735,0.876811623573303,1,1,11,1.10000002384186,0
02,2020-02-19,23080760,0,Definitivo,SAN ROQUE [23080760],Pluviométrica,Convencional,Activa,Antioquia,San Roque,6.4875,-75.017,820,5/15/1975,,Monchia,Magdalena Cauca,Medio Magdalena,Río Nare,2020,19,Andes,Definitivo,0,0,0,0.30162125825882,0.30162125825882,0,0,0,3.05454540252686,6.04363632202148,5,10,0.869565188884735,0.876811623573303,1,1,10,1.10000002384186,0
02,2022-02-15,23080760,5,Definitivo,SAN ROQUE [23080760],Pluviométrica,Convencional,Activa,Antioquia,San Roque,6.4875,-75.017,820,5/15/1975,,Monchia,Magdalena Cauca,Medio Magdalena,Río Nare,2022,15,Andes,Definitivo,5,5,0,2.53491139411926,2.53491139411926,0,3.81002712249756,4.6657304763794,3.05454540252686,6.04363632202148,5,10,0.869565188884735,0.876811623573303,1,1,9,1.10000002384186,5.50000011920929
02,2020-02-16,23080760,10,Definitivo,SAN ROQUE [23080760],Pluviométrica,Convencional,Activa,Antioquia,San Roque,6.4875,-75.017,820,5/15/1975,,Monchia,Magdalena Cauca,Medio Magdalena,Río Nare,2020,16,Andes,Definitivo,10,10,0,0.0178502090275288,0.0178502090275288,0,1.22556662559509,0.22637677192688,3.05454540252686,6.04363632202148,5,10,0.869565188884735,0.876811623573303,1,1,10,1.10000002384186,11.0000002384186
02,2018-02-16,23080760,0,Definitivo,SAN ROQUE [23080760],Pluviométrica,Convencional,Activa,Antioquia,San Roque,6.4875,-75.017,820,5/15/1975,,Monchia,Magdalena Cauca,Medio Magdalena,Río Nare,2018,16,Andes,Definitivo,0,0,0,0.0686521008610725,0.0686521008610725,0,0.632603585720062,0.553012609481812,3.05454540252686,6.04363632202148,5,10,0.869565188884735,0.876811623573303,1,1,10,1.10000002384186,0
02,2018-02-15,23080760,0,Definitivo,SAN ROQUE [23080760],Pluviométrica,Convencional,Activa,Antioquia,San Roque,6.4875,-75.017,820,5/15/1975,,Monchia,Magdalena Cauca,Medio Magdalena,Río Nare,2018,15,Andes,Definitivo,0,0,0,1.03165411949158,1.03165411949158,0,1.48563504219055,0,3.05454540252686,6.04363632202148,5,10,0.869565188884735,0.876811623573303,1,1,9,1.10000002384186,0
02,2019-02-13,23080760,29,Definitivo,SAN ROQUE [23080760],Pluviométrica,Convencional,Activa,Antioquia,San Roque,6.4875,-75.017,820,5/15/1975,,Monchia,Magdalena Cauca,Medio Magdalena,Río Nare,2019,13,Andes,Definitivo,29,29,0,0.737164676189423,0.737164676189423,0,3.3810887336731,0,3.05454540252686,6.04363632202148,5,10,0.869565188884735,0.876811623573303,1,1,9,1.10000002384186,31.9000006914139
02,2017-02-13,23080760,0,Definitivo,SAN ROQUE [23080760],Pluviométrica,Convencional,Activa,Antioquia,San Roque,6.4875,-75.017,820,5/15/1975,,Monchia,Magdalena Cauca,Medio Magdalena,Río Nare,2017,13,Andes,Definitivo,0,0,0,5.07805299758911,5.07805299758911,0,6.44412088394165,19.846643447876,3.05454540252686,6.04363632202148,5,10,0.869565188884735,0.876811623573303,1,1,9,1.10000002384186,0
02,2018-02-11,23080760,0,Definitivo,SAN ROQUE [23080760],Pluviométrica,Convencional,Activa,Antioquia,San Roque,6.4875,-75.017,820,5/15/1975,,Monchia,Magdalena Cauca,Medio Magdalena,Río Nare,2018,11,Andes,Definitivo,0,0,0,0.589760780334473,0.589760780334473,0,2.19807887077332,0,3.05454540252686,6.04363632202148,5,10,0.869565188884735,0.876811623573303,1,1,9,1.10000002384186,0
02,2019-02-09,23080760,1,Definitivo,SAN ROQUE [23080760],Pluviométrica,Convencional,Activa,Antioquia,San Roque,6.4875,-75.017,820,5/15/1975,,Monchia,Magdalena Cauca,Medio Magdalena,Río Nare,2019,09,Andes,Definitivo,1,1,0,1.58416283130646,1.58416283130646,0,0.454040259122849,0.948438823223114,3.05454540252686,6.04363632202148,5,10,0.869565188884735,0.876811623573303,1,1,8,1.10000002384186,1.10000002384186
02,2020-02-07,23080760,0,Definitivo,SAN ROQUE [23080760],Pluviométrica,Convencional,Activa,Antioquia,San Roque,6.4875,-75.017,820,5/15/1975,,Monchia,Magdalena Cauca,Medio Magdalena,Río Nare,2020,07,Andes,Definitivo,0,0,0,1.05968534946442,1.05968534946442,0,0.00875635538250208,0.390604376792908,3.05454540252686,6.04363632202148,5,10,0.869565188884735,0.876811623573303,1,1,8,1.10000002384186,0
02,2021-02-04,23080760,11,Definitivo,SAN ROQUE [23080760],Pluviométrica,Convencional,Activa,Antioquia,San Roque,6.4875,-75.017,820,5/15/1975,,Monchia,Magdalena Cauca,Medio Magdalena,Río Nare,2021,04,Andes,Definitivo,11,11,0,1.33259570598602,1.33259570598602,0,11.5486860275269,1.61367833614349,3.05454540252686,6.04363632202148,5,10,0.869565188884735,0.876811623573303,1,1,7,1.10000002384186,12.1000002622604
02,2022-02-02,23080760,0,Definitivo,SAN ROQUE [23080760],Pluviométrica,Convencional,Activa,Antioquia,San Roque,6.4875,-75.017,820,5/15/1975,,Monchia,Magdalena Cauca,Medio Magdalena,Río Nare,2022,02,Andes,Definitivo,0,0,0,0.138983532786369,0.138983532786369,0,0.0960914939641953,0,3.05454540252686,6.04363632202148,5,10,0.869565188884735,0.876811623573303,1,1,7,1.10000002384186,0
02,2020-02-03,23080760,0,Definitivo,SAN ROQUE [23080760],Pluviométrica,Convencional,Activa,Antioquia,San Roque,6.4875,-75.017,820,5/15/1975,,Monchia,Magdalena Cauca,Medio Magdalena,Río Nare,2020,03,Andes,Definitivo,0,0,0,0.830064237117767,0.830064237117767,0,1.76344454288483,0,3.05454540252686,6.04363632202148,5,10,0.869565188884735,0.876811623573303,1,1,7,1.10000002384186,0
02,2020-02-02,23080760,2,Definitivo,SAN ROQUE [23080760],Pluviométrica,Convencional,Activa,Antioquia,San Roque,6.4875,-75.017,820,5/15/1975,,Monchia,Magdalena Cauca,Medio Magdalena,Río Nare,2020,02,Andes,Definitivo,2,2,0,8.52345085144043,8.52345085144043,30.9359798431397,20.8692817687988,24.87327003479,3.05454540252686,6.04363632202148,5,10,0.869565188884735,0.876811623573303,1,1,7,1.10000002384186,2.20000004768372
02,2004-02-27,23080760,31,Definitivo,SAN ROQUE [23080760],Pluviométrica,Convencional,Activa,Antioquia,San Roque,6.4875,-75.017,820,5/15/1975,,Monchia,Magdalena Cauca,Medio Magdalena,Río Nare,2004,27,Andes,Definitivo,31,31,0,2.16693663597107,2.16693663597107,0,15.1318845748901,11.6737565994263,3.05454540252686,6.04363632202148,5,10,0.869565188884735,0.876811623573303,1,1,12,1.10000002384186,34.1000007390976
02,2002-02-27,23080760,5,Definitivo,SAN ROQUE [23080760],Pluviométrica,Convencional,Activa,Antioquia,San Roque,6.4875,-75.017,820,5/15/1975,,Monchia,Magdalena Cauca,Medio Magdalena,Río Nare,2002,27,Andes,Definitivo,5,5,0,1.44189500808716,1.44189500808716,0,1.395423412323,0.367007374763489,3.05454540252686,6.04363632202148,5,10,0.869565188884735,0.876811623573303,1,1,12,1.10000002384186,5.50000011920929
02,2002-02-26,23080760,0,Definitivo,SAN ROQUE [23080760],Pluviométrica,Convencional,Activa,Antioquia,San Roque,6.4875,-75.017,820,5/15/1975,,Monchia,Magdalena Cauca,Medio Magdalena,Río Nare,2002,26,Andes,Definitivo,0,0,0,0.385984152555466,0.385984152555466,0,0.435412645339966,1.46802937984467,3.05454540252686,6.04363632202148,5,10,0.869565188884735,0.876811623573303,1,1,12,1.10000002384186,0
02,2003-02-24,23080760,0,Definitivo,SAN ROQUE [23080760],Pluviométrica,Convencional,Activa,Antioquia,San Roque,6.4875,-75.017,820,5/15/1975,,Monchia,Magdalena Cauca,Medio Magdalena,Río Nare,2003,24,Andes,Definitivo,0,0,0,1.91223549842834,1.91223549842834,0,2.52538347244263,2.98537135124207,3.05454540252686,6.04363632202148,5,10,0.869565188884735,0.876811623573303,1,1,11,1.10000002384186,0
02,2004-02-22,23080760,20,Definitivo,SAN ROQUE [23080760],Pluviométrica,Convencional,Activa,Antioquia,San Roque,6.4875,-75.017,820,5/15/1975,,Monchia,Magdalena Cauca,Medio Magdalena,Río Nare,2004,22,Andes,Definitivo,20,20,0,2.73404240608215,2.73404240608215,0,4.13665199279785,1.53982508182526,3.05454540252686,6.04363632202148,5,10,0.869565188884735,0.876811623573303,1,1,11,1.10000002384186,22.0000004768372
02,2005-02-19,23080760,,"",SAN ROQUE [23080760],Pluviométrica,Convencional,Activa,Antioquia,San Roque,6.4875,-75.017,820,5/15/1975,,Monchia,Magdalena Cauca,Medio Magdalena,Río Nare,2005,19,Andes,Preliminar,0,0,0,1.67782521247864,1.67782521247864,0,0.577860891819,0.251164883375168,3.05454540252686,6.04363632202148,5,10,0.869565188884735,0.876811623573303,1,1,10,1.10000002384186,0
02,2006-02-17,23080760,,"",SAN ROQUE [23080760],Pluviométrica,Convencional,Activa,Antioquia,San Roque,6.4875,-75.017,820,5/15/1975,,Monchia,Magdalena Cauca,Medio Magdalena,Río Nare,2006,17,Andes,Preliminar,0,0,0,0.701572239398956,0.701572239398956,0,0.474821627140045,0.113471627235413,3.05454540252686,6.04363632202148,5,10,0.869565188884735,0.876811623573303,1,1,10,1.10000002384186,0
02,2007-02-15,23080760,,"",SAN ROQUE [23080760],Pluviométrica,Convencional,Activa,Antioquia,San Roque,6.4875,-75.017,820,5/15/1975,,Monchia,Magdalena Cauca,Medio Magdalena,Río Nare,2007,15,Andes,Preliminar,0,0,0,0.979182183742523,0.979182183742523,0,0.5459845662117,0.294659078121185,3.05454540252686,6.04363632202148,5,10,0.869565188884735,0.876811623573303,1,1,9,1.10000002384186,0
02,2005-02-15,23080760,,"",SAN ROQUE [23080760],Pluviométrica,Convencional,Activa,Antioquia,San Roque,6.4875,-75.017,820,5/15/1975,,Monchia,Magdalena Cauca,Medio Magdalena,Río Nare,2005,15,Andes,Preliminar,0,0,0,1.91006362438202,1.91006362438202,0,3.20125889778137,0.368646413087845,3.05454540252686,6.04363632202148,5,10,0.869565188884735,0.876811623573303,1,1,9,1.10000002384186,0
02,2005-02-14,23080760,0,Definitivo,SAN ROQUE [23080760],Pluviométrica,Convencional,Activa,Antioquia,San Roque,6.4875,-75.017,820,5/15/1975,,Monchia,Magdalena Cauca,Medio Magdalena,Río Nare,2005,14,Andes,Definitivo,0,0,0,1.96239423751831,1.96239423751831,0,2.42617273330689,0.0310904290527105,3.05454540252686,6.04363632202148,5,10,0.869565188884735,0.876811623573303,1,1,9,1.10000002384186,0
02,2004-02-14,23080760,,"",SAN ROQUE [23080760],Pluviométrica,Convencional,Activa,Antioquia,San Roque,6.4875,-75.017,820,5/15/1975,,Monchia,Magdalena Cauca,Medio Magdalena,Río Nare,2004,14,Andes,Preliminar,0,0,0,2.99983358383179,2.99983358383179,0,1.50105845928192,1.51839256286621,3.05454540252686,6.04363632202148,5,10,0.869565188884735,0.876811623573303,1,1,9,1.10000002384186,0
02,2002-02-14,23080760,,"",SAN ROQUE [23080760],Pluviométrica,Convencional,Activa,Antioquia,San Roque,6.4875,-75.017,820,5/15/1975,,Monchia,Magdalena Cauca,Medio Magdalena,Río Nare,2002,14,Andes,Preliminar,0,0,0,0.208416342735291,0.208416342735291,0,1.57152187824249,1.36812019348145,3.05454540252686,6.04363632202148,5,10,0.869565188884735,0.876811623573303,1,1,9,1.10000002384186,0
02,2006-02-09,23080760,,"",SAN ROQUE [23080760],Pluviométrica,Convencional,Activa,Antioquia,San Roque,6.4875,-75.017,820,5/15/1975,,Monchia,Magdalena Cauca,Medio Magdalena,Río Nare,2006,09,Andes,Preliminar,0,0,0,3.97589254379272,3.97589254379272,0,0.500182271003723,0.0194722544401884,3.05454540252686,6.04363632202148,5,10,0.869565188884735,0.876811623573303,1,1,8,1.10000002384186,0
02,2002-02-11,23080760,,"",SAN ROQUE [23080760],Pluviométrica,Convencional,Activa,Antioquia,San Roque,6.4875,-75.017,820,5/15/1975,,Monchia,Magdalena Cauca,Medio Magdalena,Río Nare,2002,11,Andes,Preliminar,0,0,0,2.95144438743591,2.95144438743591,0,0.942552328109741,1.27719962596893,3.05454540252686,6.04363632202148,5,10,0.869565188884735,0.876811623573303,1,1,9,1.10000002384186,0
02,2006-02-08,23080760,,"",SAN ROQUE [23080760],Pluviométrica,Convencional,Activa,Antioquia,San Roque,6.4875,-75.017,820,5/15/1975,,Monchia,Magdalena Cauca,Medio Magdalena,Río Nare,2006,08,Andes,Preliminar,0,0,0,4.25509881973267,4.25509881973267,0,1.43843650817871,0.115063309669495,3.05454540252686,6.04363632202148,5,10,0.869565188884735,0.876811623573303,1,1,8,1.10000002384186,0
02,2009-02-06,23080760,,"",SAN ROQUE [23080760],Pluviométrica,Convencional,Activa,Antioquia,San Roque,6.4875,-75.017,820,5/15/1975,,Monchia,Magdalena Cauca,Medio Magdalena,Río Nare,2009,06,Andes,Preliminar,0,0,0,5.35873699188232,5.35873699188232,0,13.7409915924072,0.286047667264938,3.05454540252686,6.04363632202148,5,10,0.869565188884735,0.876811623573303,1,1,8,1.10000002384186,0
02,2009-02-07,23080760,10,Definitivo,SAN ROQUE [23080760],Pluviométrica,Convencional,Activa,Antioquia,San Roque,6.4875,-75.017,820,5/15/1975,,Monchia,Magdalena Cauca,Medio Magdalena,Río Nare,2009,07,Andes,Definitivo,10,10,0,3.58556795120239,3.58556795120239,0,7.88796329498291,2.47958397865295,3.05454540252686,6.04363632202148,5,10,0.869565188884735,0.876811623573303,1,1,8,1.10000002384186,11.0000002384186
02,2009-02-08,23080760,0,Definitivo,SAN ROQUE [23080760],Pluviométrica,Convencional,Activa,Antioquia,San Roque,6.4875,-75.017,820,5/15/1975,,Monchia,Magdalena Cauca,Medio Magdalena,Río Nare,2009,08,Andes,Definitivo,0,0,0,7.67327213287354,7.67327213287354,0,6.45091533660889,1.51962852478027,3.05454540252686,6.04363632202148,5,10,0.869565188884735,0.876811623573303,1,1,8,1.10000002384186,0
02,2011-02-10,23080760,34,Definitivo,SAN ROQUE [23080760],Pluviométrica,Convencional,Activa,Antioquia,San Roque,6.4875,-75.017,820,5/15/1975,,Monchia,Magdalena Cauca,Medio Magdalena,Río Nare,2011,10,Andes,Definitivo,34,34,0,9.98699951171875,9.98699951171875,40.7400131225586,14.0165719985962,44.9588012695313,3.05454540252686,6.04363632202148,5,10,0.869565188884735,0.876811623573303,1,1,8,1.10000002384186,37.4000008106232
02,2011-02-11,23080760,,"",SAN ROQUE [23080760],Pluviométrica,Convencional,Activa,Antioquia,San Roque,6.4875,-75.017,820,5/15/1975,,Monchia,Magdalena Cauca,Medio Magdalena,Río Nare,2011,11,Andes,Preliminar,0,0,0,6.81640863418579,6.81640863418579,4.72545480728149,8.3813533782959,7.4495701789856,3.05454540252686,6.04363632202148,5,10,0.869565188884735,0.876811623573303,1,1,9,1.10000002384186,0
02,2014-02-09,23080760,7,Definitivo,SAN ROQUE [23080760],Pluviométrica,Convencional,Activa,Antioquia,San Roque,6.4875,-75.017,820,5/15/1975,,Monchia,Magdalena Cauca,Medio Magdalena,Río Nare,2014,09,Andes,Definitivo,7,7,0,0.97012460231781,0.97012460231781,0,3.25494694709778,1.72253394126892,3.05454540252686,6.04363632202148,5,10,0.869565188884735,0.876811623573303,1,1,8,1.10000002384186,7.70000016689301
02,2013-02-13,23080760,,"",SAN ROQUE [23080760],Pluviométrica,Convencional,Activa,Antioquia,San Roque,6.4875,-75.017,820,5/15/1975,,Monchia,Magdalena Cauca,Medio Magdalena,Río Nare,2013,13,Andes,Preliminar,0,0,0,0.942899942398071,0.942899942398071,0,0.576988816261292,0.176393270492554,3.05454540252686,6.04363632202148,5,10,0.869565188884735,0.876811623573303,1,1,9,1.10000002384186,0
02,2012-02-18,23080760,,"",SAN ROQUE [23080760],Pluviométrica,Convencional,Activa,Antioquia,San Roque,6.4875,-75.017,820,5/15/1975,,Monchia,Magdalena Cauca,Medio Magdalena,Río Nare,2012,18,Andes,Preliminar,0,0,0,2.48186779022217,2.48186779022217,0,1.13324189186096,0.823765516281128,3.05454540252686,6.04363632202148,5,10,0.869565188884735,0.876811623573303,1,1,10,1.10000002384186,0
02,2012-02-19,23080760,,"",SAN ROQUE [23080760],Pluviométrica,Convencional,Activa,Antioquia,San Roque,6.4875,-75.017,820,5/15/1975,,Monchia,Magdalena Cauca,Medio Magdalena,Río Nare,2012,19,Andes,Preliminar,0,0,0,1.34675455093384,1.34675455093384,0,0.231441050767899,0.227516204118729,3.05454540252686,6.04363632202148,5,10,0.869565188884735,0.876811623573303,1,1,10,1.10000002384186,0
02,2014-02-20,23080760,0,Definitivo,SAN ROQUE [23080760],Pluviométrica,Convencional,Activa,Antioquia,San Roque,6.4875,-75.017,820,5/15/1975,,Monchia,Magdalena Cauca,Medio Magdalena,Río Nare,2014,20,Andes,Definitivo,0,0,0,5.9668231010437,5.9668231010437,28.3506374359131,7.32862281799316,17.7570171356201,3.05454540252686,6.04363632202148,5,10,0.869565188884735,0.876811623573303,1,1,10,1.10000002384186,0
02,2019-02-19,23080760,24,Definitivo,SAN ROQUE [23080760],Pluviométrica,Convencional,Activa,Antioquia,San Roque,6.4875,-75.017,820,5/15/1975,,Monchia,Magdalena Cauca,Medio Magdalena,Río Nare,2019,19,Andes,Definitivo,24,24,0,15.0440797805786,15.0440797805786,5.68825340270996,14.6398019790649,11.5638914108276,3.05454540252686,6.04363632202148,5,10,0.869565188884735,0.876811623573303,1,1,10,1.10000002384186,26.4000005722046
02,2019-02-20,23080760,0,Definitivo,SAN ROQUE [23080760],Pluviométrica,Convencional,Activa,Antioquia,San Roque,6.4875,-75.017,820,5/15/1975,,Monchia,Magdalena Cauca,Medio Magdalena,Río Nare,2019,20,Andes,Definitivo,0,0,0,11.5592164993286,11.5592164993286,22.7530136108398,11.1166868209839,26.3983745574951,3.05454540252686,6.04363632202148,5,10,0.869565188884735,0.876811623573303,1,1,10,1.10000002384186,0
02,2018-02-19,23080760,0,Definitivo,SAN ROQUE [23080760],Pluviométrica,Convencional,Activa,Antioquia,San Roque,6.4875,-75.017,820,5/15/1975,,Monchia,Magdalena Cauca,Medio Magdalena,Río Nare,2018,19,Andes,Definitivo,0,0,0,1.8296309709549,1.8296309709549,6.73963165283203,0.100248523056507,0.553012609481812,3.05454540252686,6.04363632202148,5,10,0.869565188884735,0.876811623573303,1,1,10,1.10000002384186,0
02,2019-02-17,23080760,0,Definitivo,SAN ROQUE [23080760],Pluviométrica,Convencional,Activa,Antioquia,San Roque,6.4875,-75.017,820,5/15/1975,,Monchia,Magdalena Cauca,Medio Magdalena,Río Nare,2019,17,Andes,Definitivo,0,0,0,3.93366765975952,3.93366765975952,5.68825340270996,8.19224834442139,3.69793009757996,3.05454540252686,6.04363632202148,5,10,0.869565188884735,0.876811623573303,1,1,10,1.10000002384186,0
02,2017-02-17,23080760,0,Definitivo,SAN ROQUE [23080760],Pluviométrica,Convencional,Activa,Antioquia,San Roque,6.4875,-75.017,820,5/15/1975,,Monchia,Magdalena Cauca,Medio Magdalena,Río Nare,2017,17,Andes,Definitivo,0,0,0,1.12359011173248,1.12359011173248,0,2.04112219810486,1.45001471042633,3.05454540252686,6.04363632202148,5,10,0.869565188884735,0.876811623573303,1,1,10,1.10000002384186,0
02,2017-02-16,23080760,0,Definitivo,SAN ROQUE [23080760],Pluviométrica,Convencional,Activa,Antioquia,San Roque,6.4875,-75.017,820,5/15/1975,,Monchia,Magdalena Cauca,Medio Magdalena,Río Nare,2017,16,Andes,Definitivo,0,0,0,0.63254988193512,0.63254988193512,0,0.833050489425659,2.7729926109314,3.05454540252686,6.04363632202148,5,10,0.869565188884735,0.876811623573303,1,1,10,1.10000002384186,0
02,2015-02-17,23080760,,"",SAN ROQUE [23080760],Pluviométrica,Convencional,Activa,Antioquia,San Roque,6.4875,-75.017,820,5/15/1975,,Monchia,Magdalena Cauca,Medio Magdalena,Río Nare,2015,17,Andes,Preliminar,0,0,0,0.193169862031937,0.193169862031937,0,0.222322195768356,0,3.05454540252686,6.04363632202148,5,10,0.869565188884735,0.876811623573303,1,1,10,1.10000002384186,0
02,2016-02-15,23080760,,"",SAN ROQUE [23080760],Pluviométrica,Convencional,Activa,Antioquia,San Roque,6.4875,-75.017,820,5/15/1975,,Monchia,Magdalena Cauca,Medio Magdalena,Río Nare,2016,15,Andes,Preliminar,0,0,0,0.410589516162872,0.410589516162872,0,0.314383447170258,1.0965348482132,3.05454540252686,6.04363632202148,5,10,0.869565188884735,0.876811623573303,1,1,9,1.10000002384186,0
02,2017-02-12,23080760,20,Definitivo,SAN ROQUE [23080760],Pluviométrica,Convencional,Activa,Antioquia,San Roque,6.4875,-75.017,820,5/15/1975,,Monchia,Magdalena Cauca,Medio Magdalena,Río Nare,2017,12,Andes,Definitivo,20,20,0,3.7958390712738,3.7958390712738,61.322509765625,3.9549355506897,2.48656463623047,3.05454540252686,6.04363632202148,5,10,0.869565188884735,0.876811623573303,1,1,9,1.10000002384186,22.0000004768372
02,2018-02-10,23080760,0,Definitivo,SAN ROQUE [23080760],Pluviométrica,Convencional,Activa,Antioquia,San Roque,6.4875,-75.017,820,5/15/1975,,Monchia,Magdalena Cauca,Medio Magdalena,Río Nare,2018,10,Andes,Definitivo,0,0,0,0,0,0,0.56084018945694,0,3.05454540252686,6.04363632202148,5,10,0.869565188884735,0.876811623573303,1,1,8,1.10000002384186,0
02,2019-02-08,23080760,0,Definitivo,SAN ROQUE [23080760],Pluviométrica,Convencional,Activa,Antioquia,San Roque,6.4875,-75.017,820,5/15/1975,,Monchia,Magdalena Cauca,Medio Magdalena,Río Nare,2019,08,Andes,Definitivo,0,0,0,0.616106331348419,0.616106331348419,0,1.42510271072388,0.715495824813843,3.05454540252686,6.04363632202148,5,10,0.869565188884735,0.876811623573303,1,1,8,1.10000002384186,0
02,2020-02-06,23080760,0,Definitivo,SAN ROQUE [23080760],Pluviométrica,Convencional,Activa,Antioquia,San Roque,6.4875,-75.017,820,5/15/1975,,Monchia,Magdalena Cauca,Medio Magdalena,Río Nare,2020,06,Andes,Definitivo,0,0,0,0.180484980344772,0.180484980344772,0,0,0.390604376792908,3.05454540252686,6.04363632202148,5,10,0.869565188884735,0.876811623573303,1,1,8,1.10000002384186,0
02,2021-02-03,23080760,0,Definitivo,SAN ROQUE [23080760],Pluviométrica,Convencional,Activa,Antioquia,San Roque,6.4875,-75.017,820,5/15/1975,,Monchia,Magdalena Cauca,Medio Magdalena,Río Nare,2021,03,Andes,Definitivo,0,0,0,5.3133659362793,5.3133659362793,0,11.9679298400879,0.979859054088593,3.05454540252686,6.04363632202148,5,10,0.869565188884735,0.876811623573303,1,1,7,1.10000002384186,0
02,2022-02-01,23080760,0,Definitivo,SAN ROQUE [23080760],Pluviométrica,Convencional,Activa,Antioquia,San Roque,6.4875,-75.017,820,5/15/1975,,Monchia,Magdalena Cauca,Medio Magdalena,Río Nare,2022,01,Andes,Definitivo,0,0,0,0.455162942409515,0.455162942409515,0,0.0439154915511608,0.031674075871706,3.05454540252686,6.04363632202148,5,10,0.869565188884735,0.876811623573303,1,1,7,1.10000002384186,0
02,2002-02-13,23080760,,"",SAN ROQUE [23080760],Pluviométrica,Convencional,Activa,Antioquia,San Roque,6.4875,-75.017,820,5/15/1975,,Monchia,Magdalena Cauca,Medio Magdalena,Río Nare,2002,13,Andes,Preliminar,0,0,0,0.665587663650513,0.665587663650513,0,1.10123574733734,1.37983846664429,3.05454540252686,6.04363632202148,5,10,0.869565188884735,0.876811623573303,1,1,9,1.10000002384186,0
02,2004-02-10,23080760,,"",SAN ROQUE [23080760],Pluviométrica,Convencional,Activa,Antioquia,San Roque,6.4875,-75.017,820,5/15/1975,,Monchia,Magdalena Cauca,Medio Magdalena,Río Nare,2004,10,Andes,Preliminar,0,0,0,0.572392404079437,0.572392404079437,0,0.122861109673977,0.441075474023819,3.05454540252686,6.04363632202148,5,10,0.869565188884735,0.876811623573303,1,1,8,1.10000002384186,0
02,2001-02-28,23080760,,"",SAN ROQUE [23080760],Pluviométrica,Convencional,Activa,Antioquia,San Roque,6.4875,-75.017,820,5/15/1975,,Monchia,Magdalena Cauca,Medio Magdalena,Río Nare,2001,28,Andes,Preliminar,0,0,0,2.515709400177,2.515709400177,4.97303676605225,4.55021905899048,1.39892721176147,3.05454540252686,6.04363632202148,5,10,0.869565188884735,0.876811623573303,1,1,12,1.10000002384186,0
02,2001-02-27,23080760,0,Definitivo,SAN ROQUE [23080760],Pluviométrica,Convencional,Activa,Antioquia,San Roque,6.4875,-75.017,820,5/15/1975,,Monchia,Magdalena Cauca,Medio Magdalena,Río Nare,2001,27,Andes,Definitivo,0,0,0,5.20126628875732,5.20126628875732,0,5.90455150604248,5.93023204803467,3.05454540252686,6.04363632202148,5,10,0.869565188884735,0.876811623573303,1,1,12,1.10000002384186,0
02,2002-02-25,23080760,7,Definitivo,SAN ROQUE [23080760],Pluviométrica,Convencional,Activa,Antioquia,San Roque,6.4875,-75.017,820,5/15/1975,,Monchia,Magdalena Cauca,Medio Magdalena,Río Nare,2002,25,Andes,Definitivo,7,7,0,3.10160040855408,3.10160040855408,0,0.95704060792923,0.152486622333527,3.05454540252686,6.04363632202148,5,10,0.869565188884735,0.876811623573303,1,1,11,1.10000002384186,7.70000016689301
02,2003-02-23,23080760,3,Definitivo,SAN ROQUE [23080760],Pluviométrica,Convencional,Activa,Antioquia,San Roque,6.4875,-75.017,820,5/15/1975,,Monchia,Magdalena Cauca,Medio Magdalena,Río Nare,2003,23,Andes,Definitivo,3,3,0,0.0197137668728828,0.0197137668728828,0,1.47645401954651,2.99166011810303,3.05454540252686,6.04363632202148,5,10,0.869565188884735,0.876811623573303,1,1,11,1.10000002384186,3.30000007152557
02,2004-02-21,23080760,,"",SAN ROQUE [23080760],Pluviométrica,Convencional,Activa,Antioquia,San Roque,6.4875,-75.017,820,5/15/1975,,Monchia,Magdalena Cauca,Medio Magdalena,Río Nare,2004,21,Andes,Preliminar,0,0,0,4.11005735397339,4.11005735397339,0,10.2561779022217,0.332681059837341,3.05454540252686,6.04363632202148,5,10,0.869565188884735,0.876811623573303,1,1,11,1.10000002384186,0
02,2005-02-18,23080760,,"",SAN ROQUE [23080760],Pluviométrica,Convencional,Activa,Antioquia,San Roque,6.4875,-75.017,820,5/15/1975,,Monchia,Magdalena Cauca,Medio Magdalena,Río Nare,2005,18,Andes,Preliminar,0,0,0,0.842608213424683,0.842608213424683,0,0.797426104545593,0.196974754333496,3.05454540252686,6.04363632202148,5,10,0.869565188884735,0.876811623573303,1,1,10,1.10000002384186,0
02,2006-02-16,23080760,,"",SAN ROQUE [23080760],Pluviométrica,Convencional,Activa,Antioquia,San Roque,6.4875,-75.017,820,5/15/1975,,Monchia,Magdalena Cauca,Medio Magdalena,Río Nare,2006,16,Andes,Preliminar,0,0,0,0.0648512169718742,0.0648512169718742,0,0.157756954431534,0.90102744102478,3.05454540252686,6.04363632202148,5,10,0.869565188884735,0.876811623573303,1,1,10,1.10000002384186,0
02,2004-02-17,23080760,,"",SAN ROQUE [23080760],Pluviométrica,Convencional,Activa,Antioquia,San Roque,6.4875,-75.017,820,5/15/1975,,Monchia,Magdalena Cauca,Medio Magdalena,Río Nare,2004,17,Andes,Preliminar,0,0,0,0.0386631637811661,0.0386631637811661,0,0.633051216602325,0.599796175956726,3.05454540252686,6.04363632202148,5,10,0.869565188884735,0.876811623573303,1,1,10,1.10000002384186,0
02,2006-02-15,23080760,,"",SAN ROQUE [23080760],Pluviométrica,Convencional,Activa,Antioquia,San Roque,6.4875,-75.017,820,5/15/1975,,Monchia,Magdalena Cauca,Medio Magdalena,Río Nare,2006,15,Andes,Preliminar,0,0,0,0.144552439451218,0.144552439451218,0,0.619167804718018,0.507080674171448,3.05454540252686,6.04363632202148,5,10,0.869565188884735,0.876811623573303,1,1,9,1.10000002384186,0
02,2006-02-12,23080760,,"",SAN ROQUE [23080760],Pluviométrica,Convencional,Activa,Antioquia,San Roque,6.4875,-75.017,820,5/15/1975,,Monchia,Magdalena Cauca,Medio Magdalena,Río Nare,2006,12,Andes,Preliminar,0,0,0,3.77901339530945,3.77901339530945,7.69205379486084,4.4370813369751,8.8959846496582,3.05454540252686,6.04363632202148,5,10,0.869565188884735,0.876811623573303,1,1,9,1.10000002384186,0
02,2004-02-13,23080760,0,Definitivo,SAN ROQUE [23080760],Pluviométrica,Convencional,Activa,Antioquia,San Roque,6.4875,-75.017,820,5/15/1975,,Monchia,Magdalena Cauca,Medio Magdalena,Río Nare,2004,13,Andes,Definitivo,0,0,0,0.591334104537964,0.591334104537964,0,1.07639372348785,1.53355967998505,3.05454540252686,6.04363632202148,5,10,0.869565188884735,0.876811623573303,1,1,9,1.10000002384186,0
02,2017-02-18,23080760,0,Definitivo,SAN ROQUE [23080760],Pluviométrica,Convencional,Activa,Antioquia,San Roque,6.4875,-75.017,820,5/15/1975,,Monchia,Magdalena Cauca,Medio Magdalena,Río Nare,2017,18,Andes,Definitivo,0,0,0,0.717657089233398,0.717657089233398,0,0.567717671394348,0,3.05454540252686,6.04363632202148,5,10,0.869565188884735,0.876811623573303,1,1,10,1.10000002384186,0
02,2017-02-19,23080760,0,Definitivo,SAN ROQUE [23080760],Pluviométrica,Convencional,Activa,Antioquia,San Roque,6.4875,-75.017,820,5/15/1975,,Monchia,Magdalena Cauca,Medio Magdalena,Río Nare,2017,19,Andes,Definitivo,0,0,0,0.826293766498566,0.826293766498566,0,0.745907306671143,0.246366903185844,3.05454540252686,6.04363632202148,5,10,0.869565188884735,0.876811623573303,1,1,10,1.10000002384186,0
02,2004-02-08,23080760,,"",SAN ROQUE [23080760],Pluviométrica,Convencional,Activa,Antioquia,San Roque,6.4875,-75.017,820,5/15/1975,,Monchia,Magdalena Cauca,Medio Magdalena,Río Nare,2004,08,Andes,Preliminar,0,0,0,0.572392404079437,0.572392404079437,0,1.05357503890991,0.361654162406921,3.05454540252686,6.04363632202148,5,10,0.869565188884735,0.876811623573303,1,1,8,1.10000002384186,0
02,2004-02-09,23080760,,"",SAN ROQUE [23080760],Pluviométrica,Convencional,Activa,Antioquia,San Roque,6.4875,-75.017,820,5/15/1975,,Monchia,Magdalena Cauca,Medio Magdalena,Río Nare,2004,09,Andes,Preliminar,0,0,0,0.572392404079437,0.572392404079437,0,0.00594519358128309,0.636308610439301,3.05454540252686,6.04363632202148,5,10,0.869565188884735,0.876811623573303,1,1,8,1.10000002384186,0
02,2007-02-07,23080760,,"",SAN ROQUE [23080760],Pluviométrica,Convencional,Activa,Antioquia,San Roque,6.4875,-75.017,820,5/15/1975,,Monchia,Magdalena Cauca,Medio Magdalena,Río Nare,2007,07,Andes,Preliminar,0,0,0,0.703218996524811,0.703218996524811,0,0.150517240166664,0,3.05454540252686,6.04363632202148,5,10,0.869565188884735,0.876811623573303,1,1,8,1.10000002384186,0
02,2007-02-08,23080760,,"",SAN ROQUE [23080760],Pluviométrica,Convencional,Activa,Antioquia,San Roque,6.4875,-75.017,820,5/15/1975,,Monchia,Magdalena Cauca,Medio Magdalena,Río Nare,2007,08,Andes,Preliminar,0,0,0,0.202582970261574,0.202582970261574,0,0.157729849219322,0,3.05454540252686,6.04363632202148,5,10,0.869565188884735,0.876811623573303,1,1,8,1.10000002384186,0
02,2012-02-07,23080760,,"",SAN ROQUE [23080760],Pluviométrica,Convencional,Activa,Antioquia,San Roque,6.4875,-75.017,820,5/15/1975,,Monchia,Magdalena Cauca,Medio Magdalena,Río Nare,2012,07,Andes,Preliminar,0,0,0,0.578851878643036,0.578851878643036,4.49948692321777,1.73701918125153,0.188366800546646,3.05454540252686,6.04363632202148,5,10,0.869565188884735,0.876811623573303,1,1,8,1.10000002384186,0
02,2012-02-08,23080760,0,Definitivo,SAN ROQUE [23080760],Pluviométrica,Convencional,Activa,Antioquia,San Roque,6.4875,-75.017,820,5/15/1975,,Monchia,Magdalena Cauca,Medio Magdalena,Río Nare,2012,08,Andes,Definitivo,0,0,0,7.34219932556152,7.34219932556152,8.99897384643555,7.6979866027832,13.2066793441772,3.05454540252686,6.04363632202148,5,10,0.869565188884735,0.876811623573303,1,1,8,1.10000002384186,0
02,2012-02-09,23080760,,"",SAN ROQUE [23080760],Pluviométrica,Convencional,Activa,Antioquia,San Roque,6.4875,-75.017,820,5/15/1975,,Monchia,Magdalena Cauca,Medio Magdalena,Río Nare,2012,09,Andes,Preliminar,0,0,0,1.907958984375,1.907958984375,0,4.02173089981079,0.0663503855466843,3.05454540252686,6.04363632202148,5,10,0.869565188884735,0.876811623573303,1,1,8,1.10000002384186,0
02,2014-02-10,23080760,25,Definitivo,SAN ROQUE [23080760],Pluviométrica,Convencional,Activa,Antioquia,San Roque,6.4875,-75.017,820,5/15/1975,,Monchia,Magdalena Cauca,Medio Magdalena,Río Nare,2014,10,Andes,Definitivo,25,25,0,0.665862619876862,0.665862619876862,0,5.60111141204834,15.988543510437,3.05454540252686,6.04363632202148,5,10,0.869565188884735,0.876811623573303,1,1,8,1.10000002384186,27.5000005960465
02,2013-02-14,23080760,3,Definitivo,SAN ROQUE [23080760],Pluviométrica,Convencional,Activa,Antioquia,San Roque,6.4875,-75.017,820,5/15/1975,,Monchia,Magdalena Cauca,Medio Magdalena,Río Nare,2013,14,Andes,Definitivo,3,3,0,1.08665692806244,1.08665692806244,0,1.24748241901398,1.84814882278442,3.05454540252686,6.04363632202148,5,10,0.869565188884735,0.876811623573303,1,1,9,1.10000002384186,3.30000007152557
02,2013-02-15,23080760,,"",SAN ROQUE [23080760],Pluviométrica,Convencional,Activa,Antioquia,San Roque,6.4875,-75.017,820,5/15/1975,,Monchia,Magdalena Cauca,Medio Magdalena,Río Nare,2013,15,Andes,Preliminar,0,0,0,0.409712642431259,0.409712642431259,0,1.14017176628113,4.87566089630127,3.05454540252686,6.04363632202148,5,10,0.869565188884735,0.876811623573303,1,1,9,1.10000002384186,0
02,2012-02-20,23080760,,"",SAN ROQUE [23080760],Pluviométrica,Convencional,Activa,Antioquia,San Roque,6.4875,-75.017,820,5/15/1975,,Monchia,Magdalena Cauca,Medio Magdalena,Río Nare,2012,20,Andes,Preliminar,0,0,0,1.10473597049713,1.10473597049713,0,0.358672767877579,0.175213620066643,3.05454540252686,6.04363632202148,5,10,0.869565188884735,0.876811623573303,1,1,10,1.10000002384186,0
02,2020-02-01,23080760,0,Definitivo,SAN ROQUE [23080760],Pluviométrica,Convencional,Activa,Antioquia,San Roque,6.4875,-75.017,820,5/15/1975,,Monchia,Magdalena Cauca,Medio Magdalena,Río Nare,2020,01,Andes,Definitivo,0,0,0,5.08118677139282,5.08118677139282,0,2.10562825202942,0,3.05454540252686,6.04363632202148,5,10,0.869565188884735,0.876811623573303,1,1,7,1.10000002384186,0
02,2003-02-14,23080760,0,Definitivo,SAN ROQUE [23080760],Pluviométrica,Convencional,Activa,Antioquia,San Roque,6.4875,-75.017,820,5/15/1975,,Monchia,Magdalena Cauca,Medio Magdalena,Río Nare,2003,14,Andes,Definitivo,0,0,0,3.96070146560669,3.96070146560669,0,2.97006511688232,11.3749227523804,3.05454540252686,6.04363632202148,5,10,0.869565188884735,0.876811623573303,1,1,9,1.10000002384186,0
02,2017-02-20,23080760,0,Definitivo,SAN ROQUE [23080760],Pluviométrica,Convencional,Activa,Antioquia,San Roque,6.4875,-75.017,820,5/15/1975,,Monchia,Magdalena Cauca,Medio Magdalena,Río Nare,2017,20,Andes,Definitivo,0,0,0,1.81773471832275,1.81773471832275,0,0.281576871871948,0,3.05454540252686,6.04363632202148,5,10,0.869565188884735,0.876811623573303,1,1,10,1.10000002384186,0
02,2018-02-18,23080760,0,Definitivo,SAN ROQUE [23080760],Pluviométrica,Convencional,Activa,Antioquia,San Roque,6.4875,-75.017,820,5/15/1975,,Monchia,Magdalena Cauca,Medio Magdalena,Río Nare,2018,18,Andes,Definitivo,0,0,0,1.56901633739471,1.56901633739471,0,3.36478114128113,1.93554401397705,3.05454540252686,6.04363632202148,5,10,0.869565188884735,0.876811623573303,1,1,10,1.10000002384186,0
02,2019-02-16,23080760,0,Definitivo,SAN ROQUE [23080760],Pluviométrica,Convencional,Activa,Antioquia,San Roque,6.4875,-75.017,820,5/15/1975,,Monchia,Magdalena Cauca,Medio Magdalena,Río Nare,2019,16,Andes,Definitivo,0,0,0,1.11459994316101,1.11459994316101,0,2.38084244728088,0,3.05454540252686,6.04363632202148,5,10,0.869565188884735,0.876811623573303,1,1,10,1.10000002384186,0
02,2015-02-16,23080760,,"",SAN ROQUE [23080760],Pluviométrica,Convencional,Activa,Antioquia,San Roque,6.4875,-75.017,820,5/15/1975,,Monchia,Magdalena Cauca,Medio Magdalena,Río Nare,2015,16,Andes,Preliminar,0,0,0,0.733972489833832,0.733972489833832,0,0.370395869016647,0,3.05454540252686,6.04363632202148,5,10,0.869565188884735,0.876811623573303,1,1,10,1.10000002384186,0
02,2016-02-14,23080760,12,Definitivo,SAN ROQUE [23080760],Pluviométrica,Convencional,Activa,Antioquia,San Roque,6.4875,-75.017,820,5/15/1975,,Monchia,Magdalena Cauca,Medio Magdalena,Río Nare,2016,14,Andes,Definitivo,12,12,0,2.77171611785889,2.77171611785889,0,2.28208613395691,0.483115643262863,3.05454540252686,6.04363632202148,5,10,0.869565188884735,0.876811623573303,1,1,9,1.10000002384186,13.2000002861023
02,2017-02-11,23080760,0,Definitivo,SAN ROQUE [23080760],Pluviométrica,Convencional,Activa,Antioquia,San Roque,6.4875,-75.017,820,5/15/1975,,Monchia,Magdalena Cauca,Medio Magdalena,Río Nare,2017,11,Andes,Definitivo,0,0,0,0.374482184648514,0.374482184648514,0,0.860398888587952,0,3.05454540252686,6.04363632202148,5,10,0.869565188884735,0.876811623573303,1,1,9,1.10000002384186,0
02,2018-02-09,23080760,0,Definitivo,SAN ROQUE [23080760],Pluviométrica,Convencional,Activa,Antioquia,San Roque,6.4875,-75.017,820,5/15/1975,,Monchia,Magdalena Cauca,Medio Magdalena,Río Nare,2018,09,Andes,Definitivo,0,0,0,0.896807789802551,0.896807789802551,0,0.0559265241026878,0,3.05454540252686,6.04363632202148,5,10,0.869565188884735,0.876811623573303,1,1,8,1.10000002384186,0
02,2019-02-07,23080760,0,Definitivo,SAN ROQUE [23080760],Pluviométrica,Convencional,Activa,Antioquia,San Roque,6.4875,-75.017,820,5/15/1975,,Monchia,Magdalena Cauca,Medio Magdalena,Río Nare,2019,07,Andes,Definitivo,0,0,0,1.42618012428284,1.42618012428284,0,0.562904357910156,0.802498400211334,3.05454540252686,6.04363632202148,5,10,0.869565188884735,0.876811623573303,1,1,8,1.10000002384186,0
02,2020-02-05,23080760,0,Definitivo,SAN ROQUE [23080760],Pluviométrica,Convencional,Activa,Antioquia,San Roque,6.4875,-75.017,820,5/15/1975,,Monchia,Magdalena Cauca,Medio Magdalena,Río Nare,2020,05,Andes,Definitivo,0,0,0,0,0,0,0.0267626121640205,0,3.05454540252686,6.04363632202148,5,10,0.869565188884735,0.876811623573303,1,1,7,1.10000002384186,0
02,2021-02-02,23080760,9,Definitivo,SAN ROQUE [23080760],Pluviométrica,Convencional,Activa,Antioquia,San Roque,6.4875,-75.017,820,5/15/1975,,Monchia,Magdalena Cauca,Medio Magdalena,Río Nare,2021,02,Andes,Definitivo,9,9,0,2.81969690322876,2.81969690322876,0,20.021800994873,36.7587280273438,3.05454540252686,6.04363632202148,5,10,0.869565188884735,0.876811623573303,1,1,7,1.10000002384186,9.90000021457672
02,2019-02-03,23080760,0,Definitivo,SAN ROQUE [23080760],Pluviométrica,Convencional,Activa,Antioquia,San Roque,6.4875,-75.017,820,5/15/1975,,Monchia,Magdalena Cauca,Medio Magdalena,Río Nare,2019,03,Andes,Definitivo,0,0,0,0.131026282906532,0.131026282906532,0,0.10394275188446,1.27336728572845,3.05454540252686,6.04363632202148,5,10,0.869565188884735,0.876811623573303,1,1,7,1.10000002384186,0
02,2002-02-16,23080760,0.2,Definitivo,SAN ROQUE [23080760],Pluviométrica,Convencional,Activa,Antioquia,San Roque,6.4875,-75.017,820,5/15/1975,,Monchia,Magdalena Cauca,Medio Magdalena,Río Nare,2002,16,Andes,Definitivo,0.2,0.2,0,0.464005678892136,0.464005678892136,0,0.467396318912506,0,3.05454540252686,6.04363632202148,5,10,0.869565188884735,0.876811623573303,1,1,10,1.10000002384186,0.220000004768372
02,2015-02-18,23080760,,"",SAN ROQUE [23080760],Pluviométrica,Convencional,Activa,Antioquia,San Roque,6.4875,-75.017,820,5/15/1975,,Monchia,Magdalena Cauca,Medio Magdalena,Río Nare,2015,18,Andes,Preliminar,0,0,0,0.674600958824158,0.674600958824158,0,0.892295897006989,0.662573099136353,3.05454540252686,6.04363632202148,5,10,0.869565188884735,0.876811623573303,1,1,10,1.10000002384186,0
02,2003-02-11,23080760,3,Definitivo,SAN ROQUE [23080760],Pluviométrica,Convencional,Activa,Antioquia,San Roque,6.4875,-75.017,820,5/15/1975,,Monchia,Magdalena Cauca,Medio Magdalena,Río Nare,2003,11,Andes,Definitivo,3,3,0,2.59713768959045,2.59713768959045,0,4.61564159393311,4.65905237197876,3.05454540252686,6.04363632202148,5,10,0.869565188884735,0.876811623573303,1,1,9,1.10000002384186,3.30000007152557
02,2006-02-06,23080760,,"",SAN ROQUE [23080760],Pluviométrica,Convencional,Activa,Antioquia,San Roque,6.4875,-75.017,820,5/15/1975,,Monchia,Magdalena Cauca,Medio Magdalena,Río Nare,2006,06,Andes,Preliminar,0,0,0,1.18941736221313,1.18941736221313,6.23627853393555,1.34920370578766,7.42556667327881,3.05454540252686,6.04363632202148,5,10,0.869565188884735,0.876811623573303,1,1,8,1.10000002384186,0
02,2002-02-08,23080760,0.8,Definitivo,SAN ROQUE [23080760],Pluviométrica,Convencional,Activa,Antioquia,San Roque,6.4875,-75.017,820,5/15/1975,,Monchia,Magdalena Cauca,Medio Magdalena,Río Nare,2002,08,Andes,Definitivo,0.8,0.8,0,1.69382905960083,1.69382905960083,0,4.24465084075928,3.71604132652283,3.05454540252686,6.04363632202148,5,10,0.869565188884735,0.876811623573303,1,1,8,1.10000002384186,0.880000019073486
02,2005-02-06,23080760,0,Definitivo,SAN ROQUE [23080760],Pluviométrica,Convencional,Activa,Antioquia,San Roque,6.4875,-75.017,820,5/15/1975,,Monchia,Magdalena Cauca,Medio Magdalena,Río Nare,2005,06,Andes,Definitivo,0,0,0,1.96002233028412,1.96002233028412,0,1.65206098556519,6.84569215774536,3.05454540252686,6.04363632202148,5,10,0.869565188884735,0.876811623573303,1,1,8,1.10000002384186,0
02,2001-02-26,23080760,21,Definitivo,SAN ROQUE [23080760],Pluviométrica,Convencional,Activa,Antioquia,San Roque,6.4875,-75.017,820,5/15/1975,,Monchia,Magdalena Cauca,Medio Magdalena,Río Nare,2001,26,Andes,Definitivo,21,21,0,2.98094344139099,2.98094344139099,5.68347024917603,7.35481357574463,10.4804248809814,3.05454540252686,6.04363632202148,5,10,0.869565188884735,0.876811623573303,1,1,12,1.10000002384186,23.100000500679
02,2002-02-24,23080760,,"",SAN ROQUE [23080760],Pluviométrica,Convencional,Activa,Antioquia,San Roque,6.4875,-75.017,820,5/15/1975,,Monchia,Magdalena Cauca,Medio Magdalena,Río Nare,2002,24,Andes,Preliminar,0,0,0,7.66277742385864,7.66277742385864,5.12152004241943,8.60424995422363,4.57558393478394,3.05454540252686,6.04363632202148,5,10,0.869565188884735,0.876811623573303,1,1,11,1.10000002384186,0
02,2003-02-22,23080760,7,Definitivo,SAN ROQUE [23080760],Pluviométrica,Convencional,Activa,Antioquia,San Roque,6.4875,-75.017,820,5/15/1975,,Monchia,Magdalena Cauca,Medio Magdalena,Río Nare,2003,22,Andes,Definitivo,7,7,0,0.0354847833514214,0.0354847833514214,0,1.02312660217285,0,3.05454540252686,6.04363632202148,5,10,0.869565188884735,0.876811623573303,1,1,11,1.10000002384186,7.70000016689301
02,2004-02-20,23080760,,"",SAN ROQUE [23080760],Pluviométrica,Convencional,Activa,Antioquia,San Roque,6.4875,-75.017,820,5/15/1975,,Monchia,Magdalena Cauca,Medio Magdalena,Río Nare,2004,20,Andes,Preliminar,0,0,0,2.82517266273499,2.82517266273499,0,3.24526476860046,5.1744270324707,3.05454540252686,6.04363632202148,5,10,0.869565188884735,0.876811623573303,1,1,10,1.10000002384186,0
02,2005-02-17,23080760,1,Definitivo,SAN ROQUE [23080760],Pluviométrica,Convencional,Activa,Antioquia,San Roque,6.4875,-75.017,820,5/15/1975,,Monchia,Magdalena Cauca,Medio Magdalena,Río Nare,2005,17,Andes,Definitivo,1,1,0,1.20478188991547,1.20478188991547,0,1.9461065530777,4.42780447006226,3.05454540252686,6.04363632202148,5,10,0.869565188884735,0.876811623573303,1,1,10,1.10000002384186,1.10000002384186
02,2002-02-19,23080760,,"",SAN ROQUE [23080760],Pluviométrica,Convencional,Activa,Antioquia,San Roque,6.4875,-75.017,820,5/15/1975,,Monchia,Magdalena Cauca,Medio Magdalena,Río Nare,2002,19,Andes,Preliminar,0,0,0,4.13341283798218,4.13341283798218,0,2.06810188293457,3.94637942314148,3.05454540252686,6.04363632202148,5,10,0.869565188884735,0.876811623573303,1,1,10,1.10000002384186,0
02,2004-02-16,23080760,,"",SAN ROQUE [23080760],Pluviométrica,Convencional,Activa,Antioquia,San Roque,6.4875,-75.017,820,5/15/1975,,Monchia,Magdalena Cauca,Medio Magdalena,Río Nare,2004,16,Andes,Preliminar,0,0,0,1.33664083480835,1.33664083480835,0,0.790953040122986,0,3.05454540252686,6.04363632202148,5,10,0.869565188884735,0.876811623573303,1,1,10,1.10000002384186,0
02,2013-02-16,23080760,0,Definitivo,SAN ROQUE [23080760],Pluviométrica,Convencional,Activa,Antioquia,San Roque,6.4875,-75.017,820,5/15/1975,,Monchia,Magdalena Cauca,Medio Magdalena,Río Nare,2013,16,Andes,Definitivo,0,0,0,1.87302768230438,1.87302768230438,0,4.09301996231079,0,3.05454540252686,6.04363632202148,5,10,0.869565188884735,0.876811623573303,1,1,10,1.10000002384186,0
02,2004-02-15,23080760,,"",SAN ROQUE [23080760],Pluviométrica,Convencional,Activa,Antioquia,San Roque,6.4875,-75.017,820,5/15/1975,,Monchia,Magdalena Cauca,Medio Magdalena,Río Nare,2004,15,Andes,Preliminar,0,0,0,2.14952087402344,2.14952087402344,0,1.97769737243652,0.0185375362634659,3.05454540252686,6.04363632202148,5,10,0.869565188884735,0.876811623573303,1,1,9,1.10000002384186,0
02,2015-02-19,23080760,,"",SAN ROQUE [23080760],Pluviométrica,Convencional,Activa,Antioquia,San Roque,6.4875,-75.017,820,5/15/1975,,Monchia,Magdalena Cauca,Medio Magdalena,Río Nare,2015,19,Andes,Preliminar,0,0,0,1.86054980754852,1.86054980754852,0,0.824045836925507,0.44204506278038,3.05454540252686,6.04363632202148,5,10,0.869565188884735,0.876811623573303,1,1,10,1.10000002384186,0
02,2015-02-20,23080760,,"",SAN ROQUE [23080760],Pluviométrica,Convencional,Activa,Antioquia,San Roque,6.4875,-75.017,820,5/15/1975,,Monchia,Magdalena Cauca,Medio Magdalena,Río Nare,2015,20,Andes,Preliminar,0,0,0,1.65553295612335,1.65553295612335,0,0.666928768157959,1.87137043476105,3.05454540252686,6.04363632202148,5,10,0.869565188884735,0.876811623573303,1,1,10,1.10000002384186,0
02,2016-02-18,23080760,,"",SAN ROQUE [23080760],Pluviométrica,Convencional,Activa,Antioquia,San Roque,6.4875,-75.017,820,5/15/1975,,Monchia,Magdalena Cauca,Medio Magdalena,Río Nare,2016,18,Andes,Preliminar,0,0,0,9.16639995574951,9.16639995574951,0,6.35387706756592,0,3.05454540252686,6.04363632202148,5,10,0.869565188884735,0.876811623573303,1,1,10,1.10000002384186,0
02,2017-02-15,23080760,1,Definitivo,SAN ROQUE [23080760],Pluviométrica,Convencional,Activa,Antioquia,San Roque,6.4875,-75.017,820,5/15/1975,,Monchia,Magdalena Cauca,Medio Magdalena,Río Nare,2017,15,Andes,Definitivo,1,1,0,1.74123597145081,1.74123597145081,0,4.95114231109619,1.9547758102417,3.05454540252686,6.04363632202148,5,10,0.869565188884735,0.876811623573303,1,1,9,1.10000002384186,1.10000002384186
02,2005-02-07,23080760,,"",SAN ROQUE [23080760],Pluviométrica,Convencional,Activa,Antioquia,San Roque,6.4875,-75.017,820,5/15/1975,,Monchia,Magdalena Cauca,Medio Magdalena,Río Nare,2005,07,Andes,Preliminar,0,0,0,2.13274478912354,2.13274478912354,0,2.75689315795898,1.38385152816772,3.05454540252686,6.04363632202148,5,10,0.869565188884735,0.876811623573303,1,1,8,1.10000002384186,0
02,2010-02-06,23080760,,"",SAN ROQUE [23080760],Pluviométrica,Convencional,Activa,Antioquia,San Roque,6.4875,-75.017,820,5/15/1975,,Monchia,Magdalena Cauca,Medio Magdalena,Río Nare,2010,06,Andes,Preliminar,0,0,0,4.35366916656494,4.35366916656494,0,0.784696221351624,0.339223384857178,3.05454540252686,6.04363632202148,5,10,0.869565188884735,0.876811623573303,1,1,8,1.10000002384186,0
02,2010-02-07,23080760,,"",SAN ROQUE [23080760],Pluviométrica,Convencional,Activa,Antioquia,San Roque,6.4875,-75.017,820,5/15/1975,,Monchia,Magdalena Cauca,Medio Magdalena,Río Nare,2010,07,Andes,Preliminar,0,0,0,2.99084568023682,2.99084568023682,0,0.716001272201538,3.18882393836975,3.05454540252686,6.04363632202148,5,10,0.869565188884735,0.876811623573303,1,1,8,1.10000002384186,0
02,2010-02-08,23080760,,"",SAN ROQUE [23080760],Pluviométrica,Convencional,Activa,Antioquia,San Roque,6.4875,-75.017,820,5/15/1975,,Monchia,Magdalena Cauca,Medio Magdalena,Río Nare,2010,08,Andes,Preliminar,0,0,0,0.783316850662231,0.783316850662231,0,0.538336336612701,0,3.05454540252686,6.04363632202148,5,10,0.869565188884735,0.876811623573303,1,1,8,1.10000002384186,0
02,2015-02-07,23080760,5,Definitivo,SAN ROQUE [23080760],Pluviométrica,Convencional,Activa,Antioquia,San Roque,6.4875,-75.017,820,5/15/1975,,Monchia,Magdalena Cauca,Medio Magdalena,Río Nare,2015,07,Andes,Definitivo,5,5,0,3.97072434425354,3.97072434425354,25.4310111999512,5.33819103240967,7.33737754821777,3.05454540252686,6.04363632202148,5,10,0.869565188884735,0.876811623573303,1,1,8,1.10000002384186,5.50000011920929
02,2014-02-11,23080760,0,Definitivo,SAN ROQUE [23080760],Pluviométrica,Convencional,Activa,Antioquia,San Roque,6.4875,-75.017,820,5/15/1975,,Monchia,Magdalena Cauca,Medio Magdalena,Río Nare,2014,11,Andes,Definitivo,0,0,0,2.78561115264893,2.78561115264893,0,6.0531702041626,7.48284244537354,3.05454540252686,6.04363632202148,5,10,0.869565188884735,0.876811623573303,1,1,9,1.10000002384186,0
02,2014-02-12,23080760,0,Definitivo,SAN ROQUE [23080760],Pluviométrica,Convencional,Activa,Antioquia,San Roque,6.4875,-75.017,820,5/15/1975,,Monchia,Magdalena Cauca,Medio Magdalena,Río Nare,2014,12,Andes,Definitivo,0,0,0,0.857792377471924,0.857792377471924,0,2.6200442314148,0,3.05454540252686,6.04363632202148,5,10,0.869565188884735,0.876811623573303,1,1,9,1.10000002384186,0
02,2017-02-02,23080760,1,Definitivo,SAN ROQUE [23080760],Pluviométrica,Convencional,Activa,Antioquia,San Roque,6.4875,-75.017,820,5/15/1975,,Monchia,Magdalena Cauca,Medio Magdalena,Río Nare,2017,02,Andes,Definitivo,1,1,0,1.01906228065491,1.01906228065491,0,0.837847769260407,2.09315395355225,3.05454540252686,6.04363632202148,5,10,0.869565188884735,0.876811623573303,1,1,7,1.10000002384186,1.10000002384186
02,2014-02-13,23080760,0,Definitivo,SAN ROQUE [23080760],Pluviométrica,Convencional,Activa,Antioquia,San Roque,6.4875,-75.017,820,5/15/1975,,Monchia,Magdalena Cauca,Medio Magdalena,Río Nare,2014,13,Andes,Definitivo,0,0,0,2.86164450645447,2.86164450645447,19.7611865997314,5.1622953414917,8.62295150756836,3.05454540252686,6.04363632202148,5,10,0.869565188884735,0.876811623573303,1,1,9,1.10000002384186,0
02,2002-02-15,23080760,0,Definitivo,SAN ROQUE [23080760],Pluviométrica,Convencional,Activa,Antioquia,San Roque,6.4875,-75.017,820,5/15/1975,,Monchia,Magdalena Cauca,Medio Magdalena,Río Nare,2002,15,Andes,Definitivo,0,0,0,0.127739056944847,0.127739056944847,0,0.198184862732887,0,3.05454540252686,6.04363632202148,5,10,0.869565188884735,0.876811623573303,1,1,9,1.10000002384186,0
02,2004-02-12,23080760,,"",SAN ROQUE [23080760],Pluviométrica,Convencional,Activa,Antioquia,San Roque,6.4875,-75.017,820,5/15/1975,,Monchia,Magdalena Cauca,Medio Magdalena,Río Nare,2004,12,Andes,Preliminar,0,0,0,0.194233804941177,0.194233804941177,6.13146162033081,1.03782534599304,2.6323299407959,3.05454540252686,6.04363632202148,5,10,0.869565188884735,0.876811623573303,1,1,9,1.10000002384186,0
02,2002-02-10,23080760,,"",SAN ROQUE [23080760],Pluviométrica,Convencional,Activa,Antioquia,San Roque,6.4875,-75.017,820,5/15/1975,,Monchia,Magdalena Cauca,Medio Magdalena,Río Nare,2002,10,Andes,Preliminar,0,0,0,1.63509714603424,1.63509714603424,0,0.922358572483063,0,3.05454540252686,6.04363632202148,5,10,0.869565188884735,0.876811623573303,1,1,8,1.10000002384186,0
02,2004-02-07,23080760,,"",SAN ROQUE [23080760],Pluviométrica,Convencional,Activa,Antioquia,San Roque,6.4875,-75.017,820,5/15/1975,,Monchia,Magdalena Cauca,Medio Magdalena,Río Nare,2004,07,Andes,Preliminar,0,0,0,0.572392404079437,0.572392404079437,0,0.532460331916809,0.0173834357410669,3.05454540252686,6.04363632202148,5,10,0.869565188884735,0.876811623573303,1,1,8,1.10000002384186,0
02,2016-02-13,23080760,15,Definitivo,SAN ROQUE [23080760],Pluviométrica,Convencional,Activa,Antioquia,San Roque,6.4875,-75.017,820,5/15/1975,,Monchia,Magdalena Cauca,Medio Magdalena,Río Nare,2016,13,Andes,Definitivo,15,15,0,0.78987330198288,0.78987330198288,0,3.6016252040863,0,3.05454540252686,6.04363632202148,5,10,0.869565188884735,0.876811623573303,1,1,9,1.10000002384186,16.5000003576279
02,2017-02-10,23080760,0,Definitivo,SAN ROQUE [23080760],Pluviométrica,Convencional,Activa,Antioquia,San Roque,6.4875,-75.017,820,5/15/1975,,Monchia,Magdalena Cauca,Medio Magdalena,Río Nare,2017,10,Andes,Definitivo,0,0,0,0.953821539878845,0.953821539878845,0,0.87109637260437,0.835193753242493,3.05454540252686,6.04363632202148,5,10,0.869565188884735,0.876811623573303,1,1,8,1.10000002384186,0
02,2018-02-08,23080760,0,Definitivo,SAN ROQUE [23080760],Pluviométrica,Convencional,Activa,Antioquia,San Roque,6.4875,-75.017,820,5/15/1975,,Monchia,Magdalena Cauca,Medio Magdalena,Río Nare,2018,08,Andes,Definitivo,0,0,0,0.292343229055405,0.292343229055405,0,0.256477802991867,0,3.05454540252686,6.04363632202148,5,10,0.869565188884735,0.876811623573303,1,1,8,1.10000002384186,0
02,2019-02-06,23080760,0,Definitivo,SAN ROQUE [23080760],Pluviométrica,Convencional,Activa,Antioquia,San Roque,6.4875,-75.017,820,5/15/1975,,Monchia,Magdalena Cauca,Medio Magdalena,Río Nare,2019,06,Andes,Definitivo,0,0,0,0.679060578346252,0.679060578346252,0,0.471367448568344,0.102892681956291,3.05454540252686,6.04363632202148,5,10,0.869565188884735,0.876811623573303,1,1,8,1.10000002384186,0
02,2020-02-04,23080760,0,Definitivo,SAN ROQUE [23080760],Pluviométrica,Convencional,Activa,Antioquia,San Roque,6.4875,-75.017,820,5/15/1975,,Monchia,Magdalena Cauca,Medio Magdalena,Río Nare,2020,04,Andes,Definitivo,0,0,0,1.97032690048218,1.97032690048218,0,0.108153939247131,0,3.05454540252686,6.04363632202148,5,10,0.869565188884735,0.876811623573303,1,1,7,1.10000002384186,0
02,2021-02-01,23080760,10,Definitivo,SAN ROQUE [23080760],Pluviométrica,Convencional,Activa,Antioquia,San Roque,6.4875,-75.017,820,5/15/1975,,Monchia,Magdalena Cauca,Medio Magdalena,Río Nare,2021,01,Andes,Definitivo,10,10,0,3.41100740432739,3.41100740432739,0,0.329701840877533,1.00350677967072,3.05454540252686,6.04363632202148,5,10,0.869565188884735,0.876811623573303,1,1,7,1.10000002384186,11.0000002384186
02,2019-02-02,23080760,0,Definitivo,SAN ROQUE [23080760],Pluviométrica,Convencional,Activa,Antioquia,San Roque,6.4875,-75.017,820,5/15/1975,,Monchia,Magdalena Cauca,Medio Magdalena,Río Nare,2019,02,Andes,Definitivo,0,0,0,3.14611411094666,3.14611411094666,0,0.641310393810272,0.127910807728767,3.05454540252686,6.04363632202148,5,10,0.869565188884735,0.876811623573303,1,1,7,1.10000002384186,0
02,2003-02-17,23080760,39,Definitivo,SAN ROQUE [23080760],Pluviométrica,Convencional,Activa,Antioquia,San Roque,6.4875,-75.017,820,5/15/1975,,Monchia,Magdalena Cauca,Medio Magdalena,Río Nare,2003,17,Andes,Definitivo,39,39,0,3.95666313171387,3.95666313171387,0,6.83623743057251,8.48514556884766,3.05454540252686,6.04363632202148,5,10,0.869565188884735,0.876811623573303,1,1,10,1.10000002384186,42.9000009298325
02,2004-02-18,23080760,0,Definitivo,SAN ROQUE [23080760],Pluviométrica,Convencional,Activa,Antioquia,San Roque,6.4875,-75.017,820,5/15/1975,,Monchia,Magdalena Cauca,Medio Magdalena,Río Nare,2004,18,Andes,Definitivo,0,0,0,0.718030214309692,0.718030214309692,0,1.85803937911987,1.89843142032623,3.05454540252686,6.04363632202148,5,10,0.869565188884735,0.876811623573303,1,1,10,1.10000002384186,0
02,2013-02-17,23080760,0,Definitivo,SAN ROQUE [23080760],Pluviométrica,Convencional,Activa,Antioquia,San Roque,6.4875,-75.017,820,5/15/1975,,Monchia,Magdalena Cauca,Medio Magdalena,Río Nare,2013,17,Andes,Definitivo,0,0,0,2.54289102554321,2.54289102554321,0,11.1191987991333,15.2197380065918,3.05454540252686,6.04363632202148,5,10,0.869565188884735,0.876811623573303,1,1,10,1.10000002384186,0
02,2016-02-16,23080760,48,Definitivo,SAN ROQUE [23080760],Pluviométrica,Convencional,Activa,Antioquia,San Roque,6.4875,-75.017,820,5/15/1975,,Monchia,Magdalena Cauca,Medio Magdalena,Río Nare,2016,16,Andes,Definitivo,48,48,0,0.792799949645996,0.792799949645996,0,0.11529565602541,0,3.05454540252686,6.04363632202148,5,10,0.869565188884735,0.876811623573303,1,1,10,1.10000002384186,52.8000011444092
02,2016-02-17,23080760,,"",SAN ROQUE [23080760],Pluviométrica,Convencional,Activa,Antioquia,San Roque,6.4875,-75.017,820,5/15/1975,,Monchia,Magdalena Cauca,Medio Magdalena,Río Nare,2016,17,Andes,Preliminar,0,0,0,1.40750551223755,1.40750551223755,22.4841423034668,28.416374206543,55.093132019043,3.05454540252686,6.04363632202148,5,10,0.869565188884735,0.876811623573303,1,1,10,1.10000002384186,0
02,2014-02-17,23080760,0,Definitivo,SAN ROQUE [23080760],Pluviométrica,Convencional,Activa,Antioquia,San Roque,6.4875,-75.017,820,5/15/1975,,Monchia,Magdalena Cauca,Medio Magdalena,Río Nare,2014,17,Andes,Definitivo,0,0,0,2.97816801071167,2.97816801071167,0,9.15107727050781,0.893121778964996,3.05454540252686,6.04363632202148,5,10,0.869565188884735,0.876811623573303,1,1,10,1.10000002384186,0
02,2003-02-06,23080760,7,Definitivo,SAN ROQUE [23080760],Pluviométrica,Convencional,Activa,Antioquia,San Roque,6.4875,-75.017,820,5/15/1975,,Monchia,Magdalena Cauca,Medio Magdalena,Río Nare,2003,06,Andes,Definitivo,7,7,0,2.14129114151001,2.14129114151001,0,0.732474505901337,10.103385925293,3.05454540252686,6.04363632202148,5,10,0.869565188884735,0.876811623573303,1,1,8,1.10000002384186,7.70000016689301
02,2006-02-04,23080760,10,Definitivo,SAN ROQUE [23080760],Pluviométrica,Convencional,Activa,Antioquia,San Roque,6.4875,-75.017,820,5/15/1975,,Monchia,Magdalena Cauca,Medio Magdalena,Río Nare,2006,04,Andes,Definitivo,10,10,0,17.0216178894043,17.0216178894043,14.5633726119995,27.2721996307373,32.1291923522949,3.05454540252686,6.04363632202148,5,10,0.869565188884735,0.876811623573303,1,1,7,1.10000002384186,11.0000002384186
02,2001-02-25,23080760,,"",SAN ROQUE [23080760],Pluviométrica,Convencional,Activa,Antioquia,San Roque,6.4875,-75.017,820,5/15/1975,,Monchia,Magdalena Cauca,Medio Magdalena,Río Nare,2001,25,Andes,Preliminar,0,0,0,3.63071179389954,3.63071179389954,0,1.9391782283783,0.344244569540024,3.05454540252686,6.04363632202148,5,10,0.869565188884735,0.876811623573303,1,1,11,1.10000002384186,0
02,2002-02-23,23080760,0,Definitivo,SAN ROQUE [23080760],Pluviométrica,Convencional,Activa,Antioquia,San Roque,6.4875,-75.017,820,5/15/1975,,Monchia,Magdalena Cauca,Medio Magdalena,Río Nare,2002,23,Andes,Definitivo,0,0,0,9.87169170379639,9.87169170379639,25.6076030731201,14.140248298645,22.9774799346924,3.05454540252686,6.04363632202148,5,10,0.869565188884735,0.876811623573303,1,1,11,1.10000002384186,0
02,2003-02-21,23080760,0,Definitivo,SAN ROQUE [23080760],Pluviométrica,Convencional,Activa,Antioquia,San Roque,6.4875,-75.017,820,5/15/1975,,Monchia,Magdalena Cauca,Medio Magdalena,Río Nare,2003,21,Andes,Definitivo,0,0,0,0.875291347503662,0.875291347503662,0,0.386816740036011,0,3.05454540252686,6.04363632202148,5,10,0.869565188884735,0.876811623573303,1,1,11,1.10000002384186,0
02,2004-02-19,23080760,14,Definitivo,SAN ROQUE [23080760],Pluviométrica,Convencional,Activa,Antioquia,San Roque,6.4875,-75.017,820,5/15/1975,,Monchia,Magdalena Cauca,Medio Magdalena,Río Nare,2004,19,Andes,Definitivo,14,14,0,3.1786642074585,3.1786642074585,0,2.06615591049194,0.920809686183929,3.05454540252686,6.04363632202148,5,10,0.869565188884735,0.876811623573303,1,1,10,1.10000002384186,15.400000333786
02,2003-02-20,23080760,0,Definitivo,SAN ROQUE [23080760],Pluviométrica,Convencional,Activa,Antioquia,San Roque,6.4875,-75.017,820,5/15/1975,,Monchia,Magdalena Cauca,Medio Magdalena,Río Nare,2003,20,Andes,Definitivo,0,0,0,7.14703035354614,7.14703035354614,0,6.85695314407349,0.421647697687149,3.05454540252686,6.04363632202148,5,10,0.869565188884735,0.876811623573303,1,1,10,1.10000002384186,0
02,2015-02-09,23080760,8,Definitivo,SAN ROQUE [23080760],Pluviométrica,Convencional,Activa,Antioquia,San Roque,6.4875,-75.017,820,5/15/1975,,Monchia,Magdalena Cauca,Medio Magdalena,Río Nare,2015,09,Andes,Definitivo,8,8,0,7.31482410430908,7.31482410430908,8.4770040512085,19.3860740661621,11.6670732498169,3.05454540252686,6.04363632202148,5,10,0.869565188884735,0.876811623573303,1,1,8,1.10000002384186,8.80000019073486
02,2013-02-08,23080760,2,Definitivo,SAN ROQUE [23080760],Pluviométrica,Convencional,Activa,Antioquia,San Roque,6.4875,-75.017,820,5/15/1975,,Monchia,Magdalena Cauca,Medio Magdalena,Río Nare,2013,08,Andes,Definitivo,2,2,0,2.31598472595215,2.31598472595215,0,5.63740301132202,0.253635913133621,3.05454540252686,6.04363632202148,5,10,0.869565188884735,0.876811623573303,1,1,8,1.10000002384186,2.20000004768372
02,2002-02-18,23080760,,"",SAN ROQUE [23080760],Pluviométrica,Convencional,Activa,Antioquia,San Roque,6.4875,-75.017,820,5/15/1975,,Monchia,Magdalena Cauca,Medio Magdalena,Río Nare,2002,18,Andes,Preliminar,0,0,0,0.724852204322815,0.724852204322815,0,1.10875999927521,0.96130108833313,3.05454540252686,6.04363632202148,5,10,0.869565188884735,0.876811623573303,1,1,10,1.10000002384186,0
02,2003-02-16,23080760,0,Definitivo,SAN ROQUE [23080760],Pluviométrica,Convencional,Activa,Antioquia,San Roque,6.4875,-75.017,820,5/15/1975,,Monchia,Magdalena Cauca,Medio Magdalena,Río Nare,2003,16,Andes,Definitivo,0,0,0,2.02575087547302,2.02575087547302,0,5.34978771209717,0.241295829415321,3.05454540252686,6.04363632202148,5,10,0.869565188884735,0.876811623573303,1,1,10,1.10000002384186,0
02,2003-02-13,23080760,34,Definitivo,SAN ROQUE [23080760],Pluviométrica,Convencional,Activa,Antioquia,San Roque,6.4875,-75.017,820,5/15/1975,,Monchia,Magdalena Cauca,Medio Magdalena,Río Nare,2003,13,Andes,Definitivo,34,34,0,4.09334373474121,4.09334373474121,0,3.8185977935791,0.876801013946533,3.05454540252686,6.04363632202148,5,10,0.869565188884735,0.876811623573303,1,1,9,1.10000002384186,37.4000008106232
02,2001-02-11,23080760,,"",SAN ROQUE [23080760],Pluviométrica,Convencional,Activa,Antioquia,San Roque,6.4875,-75.017,820,5/15/1975,,Monchia,Magdalena Cauca,Medio Magdalena,Río Nare,2001,11,Andes,Preliminar,0,0,0,3.39527153968811,3.39527153968811,0,0.84056556224823,3.29057860374451,3.05454540252686,6.04363632202148,5,10,0.869565188884735,0.876811623573303,1,1,9,1.10000002384186,0
02,2015-02-15,23080760,,"",SAN ROQUE [23080760],Pluviométrica,Convencional,Activa,Antioquia,San Roque,6.4875,-75.017,820,5/15/1975,,Monchia,Magdalena Cauca,Medio Magdalena,Río Nare,2015,15,Andes,Preliminar,0,0,0,8.78993892669678,8.78993892669678,17.8976783752441,7.5485782623291,0.221732556819916,3.05454540252686,6.04363632202148,5,10,0.869565188884735,0.876811623573303,1,1,9,1.10000002384186,0
02,2017-02-09,23080760,0,Definitivo,SAN ROQUE [23080760],Pluviométrica,Convencional,Activa,Antioquia,San Roque,6.4875,-75.017,820,5/15/1975,,Monchia,Magdalena Cauca,Medio Magdalena,Río Nare,2017,09,Andes,Definitivo,0,0,0,3.98990392684937,3.98990392684937,0,0.842256367206574,0,3.05454540252686,6.04363632202148,5,10,0.869565188884735,0.876811623573303,1,1,8,1.10000002384186,0
02,2005-02-08,23080760,,"",SAN ROQUE [23080760],Pluviométrica,Convencional,Activa,Antioquia,San Roque,6.4875,-75.017,820,5/15/1975,,Monchia,Magdalena Cauca,Medio Magdalena,Río Nare,2005,08,Andes,Preliminar,0,0,0,2.6396472454071,2.6396472454071,0,4.06234359741211,0.0887788385152817,3.05454540252686,6.04363632202148,5,10,0.869565188884735,0.876811623573303,1,1,8,1.10000002384186,0
02,2008-02-07,23080760,15,Definitivo,SAN ROQUE [23080760],Pluviométrica,Convencional,Activa,Antioquia,San Roque,6.4875,-75.017,820,5/15/1975,,Monchia,Magdalena Cauca,Medio Magdalena,Río Nare,2008,07,Andes,Definitivo,15,15,0,4.75067663192749,4.75067663192749,0,1.9656366109848,1.01311874389648,3.05454540252686,6.04363632202148,5,10,0.869565188884735,0.876811623573303,1,1,8,1.10000002384186,16.5000003576279
02,2008-02-08,23080760,16,Definitivo,SAN ROQUE [23080760],Pluviométrica,Convencional,Activa,Antioquia,San Roque,6.4875,-75.017,820,5/15/1975,,Monchia,Magdalena Cauca,Medio Magdalena,Río Nare,2008,08,Andes,Definitivo,16,16,0,1.30416870117188,1.30416870117188,0,3.25226449966431,13.2161655426025,3.05454540252686,6.04363632202148,5,10,0.869565188884735,0.876811623573303,1,1,8,1.10000002384186,17.6000003814697
02,2013-02-06,23080760,0,Definitivo,SAN ROQUE [23080760],Pluviométrica,Convencional,Activa,Antioquia,San Roque,6.4875,-75.017,820,5/15/1975,,Monchia,Magdalena Cauca,Medio Magdalena,Río Nare,2013,06,Andes,Definitivo,0,0,0,6.03030967712402,6.03030967712402,0,2.6521680355072,4.45568561553955,3.05454540252686,6.04363632202148,5,10,0.869565188884735,0.876811623573303,1,1,8,1.10000002384186,0
02,2015-02-08,23080760,12,Definitivo,SAN ROQUE [23080760],Pluviométrica,Convencional,Activa,Antioquia,San Roque,6.4875,-75.017,820,5/15/1975,,Monchia,Magdalena Cauca,Medio Magdalena,Río Nare,2015,08,Andes,Definitivo,12,12,0,19.1074504852295,19.1074504852295,8.4770040512085,11.0435304641724,19.2581176757813,3.05454540252686,6.04363632202148,5,10,0.869565188884735,0.876811623573303,1,1,8,1.10000002384186,13.2000002861023
02,2017-02-01,23080760,0,Definitivo,SAN ROQUE [23080760],Pluviométrica,Convencional,Activa,Antioquia,San Roque,6.4875,-75.017,820,5/15/1975,,Monchia,Magdalena Cauca,Medio Magdalena,Río Nare,2017,01,Andes,Definitivo,0,0,0,2.88167381286621,2.88167381286621,0,0.872750699520111,0.697717905044556,3.05454540252686,6.04363632202148,5,10,0.869565188884735,0.876811623573303,1,1,7,1.10000002384186,0
02,2001-02-22,23080760,,"",SAN ROQUE [23080760],Pluviométrica,Convencional,Activa,Antioquia,San Roque,6.4875,-75.017,820,5/15/1975,,Monchia,Magdalena Cauca,Medio Magdalena,Río Nare,2001,22,Andes,Preliminar,0,0,0,4.30160427093506,4.30160427093506,3.93178272247314,0.964211583137512,0.953298687934875,3.05454540252686,6.04363632202148,5,10,0.869565188884735,0.876811623573303,1,1,11,1.10000002384186,0
02,2015-02-10,23080760,4,Definitivo,SAN ROQUE [23080760],Pluviométrica,Convencional,Activa,Antioquia,San Roque,6.4875,-75.017,820,5/15/1975,,Monchia,Magdalena Cauca,Medio Magdalena,Río Nare,2015,10,Andes,Definitivo,4,4,0,12.6350526809692,12.6350526809692,8.4770040512085,13.5146770477295,6.72846746444702,3.05454540252686,6.04363632202148,5,10,0.869565188884735,0.876811623573303,1,1,8,1.10000002384186,4.40000009536743
02,2014-02-14,23080760,0,Definitivo,SAN ROQUE [23080760],Pluviométrica,Convencional,Activa,Antioquia,San Roque,6.4875,-75.017,820,5/15/1975,,Monchia,Magdalena Cauca,Medio Magdalena,Río Nare,2014,14,Andes,Definitivo,0,0,0,8.69409942626953,8.69409942626953,0,6.46840000152588,6.05588293075562,3.05454540252686,6.04363632202148,5,10,0.869565188884735,0.876811623573303,1,1,9,1.10000002384186,0
02,2014-02-15,23080760,0,Definitivo,SAN ROQUE [23080760],Pluviométrica,Convencional,Activa,Antioquia,San Roque,6.4875,-75.017,820,5/15/1975,,Monchia,Magdalena Cauca,Medio Magdalena,Río Nare,2014,15,Andes,Definitivo,0,0,0,3.55338931083679,3.55338931083679,0,2.43254709243774,0.574781596660614,3.05454540252686,6.04363632202148,5,10,0.869565188884735,0.876811623573303,1,1,9,1.10000002384186,0
02,2014-02-16,23080760,0,Definitivo,SAN ROQUE [23080760],Pluviométrica,Convencional,Activa,Antioquia,San Roque,6.4875,-75.017,820,5/15/1975,,Monchia,Magdalena Cauca,Medio Magdalena,Río Nare,2014,16,Andes,Definitivo,0,0,0,4.67425632476807,4.67425632476807,0,2.45648455619812,0.225385919213295,3.05454540252686,6.04363632202148,5,10,0.869565188884735,0.876811623573303,1,1,10,1.10000002384186,0
02,2003-02-08,23080760,9,Definitivo,SAN ROQUE [23080760],Pluviométrica,Convencional,Activa,Antioquia,San Roque,6.4875,-75.017,820,5/15/1975,,Monchia,Magdalena Cauca,Medio Magdalena,Río Nare,2003,08,Andes,Definitivo,9,9,0,4.93686628341675,4.93686628341675,54.2331428527832,29.1458377838135,27.8592205047607,3.05454540252686,6.04363632202148,5,10,0.869565188884735,0.876811623573303,1,1,8,1.10000002384186,9.90000021457672
02,2002-02-07,23080760,25,Definitivo,SAN ROQUE [23080760],Pluviométrica,Convencional,Activa,Antioquia,San Roque,6.4875,-75.017,820,5/15/1975,,Monchia,Magdalena Cauca,Medio Magdalena,Río Nare,2002,07,Andes,Definitivo,25,25,0,1.51763308048248,1.51763308048248,0,1.65459048748016,5.08548545837402,3.05454540252686,6.04363632202148,5,10,0.869565188884735,0.876811623573303,1,1,8,1.10000002384186,27.5000005960465
02,2018-02-07,23080760,0,Definitivo,SAN ROQUE [23080760],Pluviométrica,Convencional,Activa,Antioquia,San Roque,6.4875,-75.017,820,5/15/1975,,Monchia,Magdalena Cauca,Medio Magdalena,Río Nare,2018,07,Andes,Definitivo,0,0,0,0.695390701293945,0.695390701293945,0,0.156289160251617,0,3.05454540252686,6.04363632202148,5,10,0.869565188884735,0.876811623573303,1,1,8,1.10000002384186,0
02,2019-02-05,23080760,0,Definitivo,SAN ROQUE [23080760],Pluviométrica,Convencional,Activa,Antioquia,San Roque,6.4875,-75.017,820,5/15/1975,,Monchia,Magdalena Cauca,Medio Magdalena,Río Nare,2019,05,Andes,Definitivo,0,0,0,0.206200897693634,0.206200897693634,0,0.164899811148644,0.155896916985512,3.05454540252686,6.04363632202148,5,10,0.869565188884735,0.876811623573303,1,1,7,1.10000002384186,0
02,2017-02-05,23080760,2,Definitivo,SAN ROQUE [23080760],Pluviométrica,Convencional,Activa,Antioquia,San Roque,6.4875,-75.017,820,5/15/1975,,Monchia,Magdalena Cauca,Medio Magdalena,Río Nare,2017,05,Andes,Definitivo,2,2,0,0,0,0,0.0487966276705265,0,3.05454540252686,6.04363632202148,5,10,0.869565188884735,0.876811623573303,1,1,7,1.10000002384186,2.20000004768372
02,2018-02-03,23080760,8,Definitivo,SAN ROQUE [23080760],Pluviométrica,Convencional,Activa,Antioquia,San Roque,6.4875,-75.017,820,5/15/1975,,Monchia,Magdalena Cauca,Medio Magdalena,Río Nare,2018,03,Andes,Definitivo,8,8,0,2.72897863388062,2.72897863388062,10.0524702072144,6.07614231109619,12.9703702926636,3.05454540252686,6.04363632202148,5,10,0.869565188884735,0.876811623573303,1,1,7,1.10000002384186,8.80000019073486
02,2019-02-01,23080760,0,Definitivo,SAN ROQUE [23080760],Pluviométrica,Convencional,Activa,Antioquia,San Roque,6.4875,-75.017,820,5/15/1975,,Monchia,Magdalena Cauca,Medio Magdalena,Río Nare,2019,01,Andes,Definitivo,0,0,0,1.12321543693542,1.12321543693542,0,0.501577615737915,0,3.05454540252686,6.04363632202148,5,10,0.869565188884735,0.876811623573303,1,1,7,1.10000002384186,0
02,2002-02-21,23080760,0,Definitivo,SAN ROQUE [23080760],Pluviométrica,Convencional,Activa,Antioquia,San Roque,6.4875,-75.017,820,5/15/1975,,Monchia,Magdalena Cauca,Medio Magdalena,Río Nare,2002,21,Andes,Definitivo,0,0,0,4.1897668838501,4.1897668838501,0,4.38110589981079,0.0502465143799782,3.05454540252686,6.04363632202148,5,10,0.869565188884735,0.876811623573303,1,1,11,1.10000002384186,0
02,2011-02-07,23080760,14,Definitivo,SAN ROQUE [23080760],Pluviométrica,Convencional,Activa,Antioquia,San Roque,6.4875,-75.017,820,5/15/1975,,Monchia,Magdalena Cauca,Medio Magdalena,Río Nare,2011,07,Andes,Definitivo,14,14,0,6.27311134338379,6.27311134338379,27.1600151062012,21.3236408233643,26.9611282348633,3.05454540252686,6.04363632202148,5,10,0.869565188884735,0.876811623573303,1,1,8,1.10000002384186,15.400000333786
02,2003-02-19,23080760,0,Definitivo,SAN ROQUE [23080760],Pluviométrica,Convencional,Activa,Antioquia,San Roque,6.4875,-75.017,820,5/15/1975,,Monchia,Magdalena Cauca,Medio Magdalena,Río Nare,2003,19,Andes,Definitivo,0,0,0,3.68732166290283,3.68732166290283,0,8.93244934082031,0.508614301681519,3.05454540252686,6.04363632202148,5,10,0.869565188884735,0.876811623573303,1,1,10,1.10000002384186,0
02,2001-02-19,23080760,46,Definitivo,SAN ROQUE [23080760],Pluviométrica,Convencional,Activa,Antioquia,San Roque,6.4875,-75.017,820,5/15/1975,,Monchia,Magdalena Cauca,Medio Magdalena,Río Nare,2001,19,Andes,Definitivo,46,46,0,3.51003003120422,3.51003003120422,0,11.2786521911621,0.691059708595276,3.05454540252686,6.04363632202148,5,10,0.869565188884735,0.876811623573303,1,1,10,1.10000002384186,50.6000010967255
02,2002-02-17,23080760,,"",SAN ROQUE [23080760],Pluviométrica,Convencional,Activa,Antioquia,San Roque,6.4875,-75.017,820,5/15/1975,,Monchia,Magdalena Cauca,Medio Magdalena,Río Nare,2002,17,Andes,Preliminar,0,0,0,0.137947633862495,0.137947633862495,0,0.488878220319748,0.0329374559223652,3.05454540252686,6.04363632202148,5,10,0.869565188884735,0.876811623573303,1,1,10,1.10000002384186,0
02,2001-02-16,23080760,,"",SAN ROQUE [23080760],Pluviométrica,Convencional,Activa,Antioquia,San Roque,6.4875,-75.017,820,5/15/1975,,Monchia,Magdalena Cauca,Medio Magdalena,Río Nare,2001,16,Andes,Preliminar,0,0,0,0.525731325149536,0.525731325149536,35.5161514282227,2.09995317459106,15.8302240371704,3.05454540252686,6.04363632202148,5,10,0.869565188884735,0.876811623573303,1,1,10,1.10000002384186,0
02,2015-02-14,23080760,0,Definitivo,SAN ROQUE [23080760],Pluviométrica,Convencional,Activa,Antioquia,San Roque,6.4875,-75.017,820,5/15/1975,,Monchia,Magdalena Cauca,Medio Magdalena,Río Nare,2015,14,Andes,Definitivo,0,0,0,10.4724006652832,10.4724006652832,0,7.93187570571899,0.536670207977295,3.05454540252686,6.04363632202148,5,10,0.869565188884735,0.876811623573303,1,1,9,1.10000002384186,0
02,2016-02-12,23080760,0,Definitivo,SAN ROQUE [23080760],Pluviométrica,Convencional,Activa,Antioquia,San Roque,6.4875,-75.017,820,5/15/1975,,Monchia,Magdalena Cauca,Medio Magdalena,Río Nare,2016,12,Andes,Definitivo,0,0,0,0.237576395273209,0.237576395273209,0,1.39071190357208,0,3.05454540252686,6.04363632202148,5,10,0.869565188884735,0.876811623573303,1,1,9,1.10000002384186,0
02,2004-02-04,23080760,,"",SAN ROQUE [23080760],Pluviométrica,Convencional,Activa,Antioquia,San Roque,6.4875,-75.017,820,5/15/1975,,Monchia,Magdalena Cauca,Medio Magdalena,Río Nare,2004,04,Andes,Preliminar,0,0,0,2.48095440864563,2.48095440864563,0,0.516471445560455,0.384813547134399,3.05454540252686,6.04363632202148,5,10,0.869565188884735,0.876811623573303,1,1,7,1.10000002384186,0
02,2006-02-05,23080760,3,Definitivo,SAN ROQUE [23080760],Pluviométrica,Convencional,Activa,Antioquia,San Roque,6.4875,-75.017,820,5/15/1975,,Monchia,Magdalena Cauca,Medio Magdalena,Río Nare,2006,05,Andes,Definitivo,3,3,0,6.94636631011963,6.94636631011963,0,21.5588665008545,1.07632148265839,3.05454540252686,6.04363632202148,5,10,0.869565188884735,0.876811623573303,1,1,7,1.10000002384186,3.30000007152557
02,2009-02-03,23080760,0,Definitivo,SAN ROQUE [23080760],Pluviométrica,Convencional,Activa,Antioquia,San Roque,6.4875,-75.017,820,5/15/1975,,Monchia,Magdalena Cauca,Medio Magdalena,Río Nare,2009,03,Andes,Definitivo,0,0,0,6.40819120407105,6.40819120407105,0,5.64378309249878,3.05591607093811,3.05454540252686,6.04363632202148,5,10,0.869565188884735,0.876811623573303,1,1,7,1.10000002384186,0
02,2001-02-24,23080760,0,Definitivo,SAN ROQUE [23080760],Pluviométrica,Convencional,Activa,Antioquia,San Roque,6.4875,-75.017,820,5/15/1975,,Monchia,Magdalena Cauca,Medio Magdalena,Río Nare,2001,24,Andes,Definitivo,0,0,0,1.26285624504089,1.26285624504089,0,0.705425620079041,0.772472381591797,3.05454540252686,6.04363632202148,5,10,0.869565188884735,0.876811623573303,1,1,11,1.10000002384186,0
02,2002-02-22,23080760,4,Definitivo,SAN ROQUE [23080760],Pluviométrica,Convencional,Activa,Antioquia,San Roque,6.4875,-75.017,820,5/15/1975,,Monchia,Magdalena Cauca,Medio Magdalena,Río Nare,2002,22,Andes,Definitivo,4,4,0,0.899203479290009,0.899203479290009,0,4.69055080413818,5.01740026473999,3.05454540252686,6.04363632202148,5,10,0.869565188884735,0.876811623573303,1,1,11,1.10000002384186,4.40000009536743
02,2013-02-07,23080760,,"",SAN ROQUE [23080760],Pluviométrica,Convencional,Activa,Antioquia,San Roque,6.4875,-75.017,820,5/15/1975,,Monchia,Magdalena Cauca,Medio Magdalena,Río Nare,2013,07,Andes,Preliminar,0,0,0,2.72720193862915,2.72720193862915,0,2.26847314834595,0,3.05454540252686,6.04363632202148,5,10,0.869565188884735,0.876811623573303,1,1,8,1.10000002384186,0
02,2007-02-05,23080760,,"",SAN ROQUE [23080760],Pluviométrica,Convencional,Activa,Antioquia,San Roque,6.4875,-75.017,820,5/15/1975,,Monchia,Magdalena Cauca,Medio Magdalena,Río Nare,2007,05,Andes,Preliminar,0,0,0,0,0,0,0.0269093941897154,0.0775405690073967,3.05454540252686,6.04363632202148,5,10,0.869565188884735,0.876811623573303,1,1,7,1.10000002384186,0
02,2011-02-08,23080760,2,Definitivo,SAN ROQUE [23080760],Pluviométrica,Convencional,Activa,Antioquia,San Roque,6.4875,-75.017,820,5/15/1975,,Monchia,Magdalena Cauca,Medio Magdalena,Río Nare,2011,08,Andes,Definitivo,2,2,0,8.43595600128174,8.43595600128174,0,35.1854209899902,10.8396158218384,3.05454540252686,6.04363632202148,5,10,0.869565188884735,0.876811623573303,1,1,8,1.10000002384186,2.20000004768372
02,2016-02-07,23080760,,"",SAN ROQUE [23080760],Pluviométrica,Convencional,Activa,Antioquia,San Roque,6.4875,-75.017,820,5/15/1975,,Monchia,Magdalena Cauca,Medio Magdalena,Río Nare,2016,07,Andes,Preliminar,0,0,0,0,0,0,0.843206107616425,1.12592566013336,3.05454540252686,6.04363632202148,5,10,0.869565188884735,0.876811623573303,1,1,8,1.10000002384186,0
02,2015-02-11,23080760,5,Definitivo,SAN ROQUE [23080760],Pluviométrica,Convencional,Activa,Antioquia,San Roque,6.4875,-75.017,820,5/15/1975,,Monchia,Magdalena Cauca,Medio Magdalena,Río Nare,2015,11,Andes,Definitivo,5,5,0,7.31760597229004,7.31760597229004,8.94883918762207,15.4662141799927,1.2487119436264,3.05454540252686,6.04363632202148,5,10,0.869565188884735,0.876811623573303,1,1,9,1.10000002384186,5.50000011920929
02,2015-02-12,23080760,12,Definitivo,SAN ROQUE [23080760],Pluviométrica,Convencional,Activa,Antioquia,San Roque,6.4875,-75.017,820,5/15/1975,,Monchia,Magdalena Cauca,Medio Magdalena,Río Nare,2015,12,Andes,Definitivo,12,12,0,7.68984651565552,7.68984651565552,0,17.2195796966553,0.193222239613533,3.05454540252686,6.04363632202148,5,10,0.869565188884735,0.876811623573303,1,1,9,1.10000002384186,13.2000002861023
02,2002-02-12,23080760,,"",SAN ROQUE [23080760],Pluviométrica,Convencional,Activa,Antioquia,San Roque,6.4875,-75.017,820,5/15/1975,,Monchia,Magdalena Cauca,Medio Magdalena,Río Nare,2002,12,Andes,Preliminar,0,0,0,1.82532382011414,1.82532382011414,0,0.878613770008087,0.666949689388275,3.05454540252686,6.04363632202148,5,10,0.869565188884735,0.876811623573303,1,1,9,1.10000002384186,0
02,2002-02-09,23080760,12,Definitivo,SAN ROQUE [23080760],Pluviométrica,Convencional,Activa,Antioquia,San Roque,6.4875,-75.017,820,5/15/1975,,Monchia,Magdalena Cauca,Medio Magdalena,Río Nare,2002,09,Andes,Definitivo,12,12,0,2.1942253112793,2.1942253112793,0,1.35779881477356,0.338588714599609,3.05454540252686,6.04363632202148,5,10,0.869565188884735,0.876811623573303,1,1,8,1.10000002384186,13.2000002861023
02,2018-02-06,23080760,0,Definitivo,SAN ROQUE [23080760],Pluviométrica,Convencional,Activa,Antioquia,San Roque,6.4875,-75.017,820,5/15/1975,,Monchia,Magdalena Cauca,Medio Magdalena,Río Nare,2018,06,Andes,Definitivo,0,0,0,3.08522844314575,3.08522844314575,11.3647527694702,2.14317154884338,3.17270541191101,3.05454540252686,6.04363632202148,5,10,0.869565188884735,0.876811623573303,1,1,8,1.10000002384186,0
02,2019-02-04,23080760,0,Definitivo,SAN ROQUE [23080760],Pluviométrica,Convencional,Activa,Antioquia,San Roque,6.4875,-75.017,820,5/15/1975,,Monchia,Magdalena Cauca,Medio Magdalena,Río Nare,2019,04,Andes,Definitivo,0,0,0,0.144341886043549,0.144341886043549,0,0.145444586873055,0,3.05454540252686,6.04363632202148,5,10,0.869565188884735,0.876811623573303,1,1,7,1.10000002384186,0
02,2017-02-04,23080760,0,Definitivo,SAN ROQUE [23080760],Pluviométrica,Convencional,Activa,Antioquia,San Roque,6.4875,-75.017,820,5/15/1975,,Monchia,Magdalena Cauca,Medio Magdalena,Río Nare,2017,04,Andes,Definitivo,0,0,0,0.311224013566971,0.311224013566971,0,0.544130086898804,0,3.05454540252686,6.04363632202148,5,10,0.869565188884735,0.876811623573303,1,1,7,1.10000002384186,0
02,2009-02-04,23080760,0,Definitivo,SAN ROQUE [23080760],Pluviométrica,Convencional,Activa,Antioquia,San Roque,6.4875,-75.017,820,5/15/1975,,Monchia,Magdalena Cauca,Medio Magdalena,Río Nare,2009,04,Andes,Definitivo,0,0,0,15.1944780349731,15.1944780349731,0,6.53699731826782,6.5988359451294,3.05454540252686,6.04363632202148,5,10,0.869565188884735,0.876811623573303,1,1,7,1.10000002384186,0
02,2008-02-09,23080760,8,Definitivo,SAN ROQUE [23080760],Pluviométrica,Convencional,Activa,Antioquia,San Roque,6.4875,-75.017,820,5/15/1975,,Monchia,Magdalena Cauca,Medio Magdalena,Río Nare,2008,09,Andes,Definitivo,8,8,0,2.3831570148468,2.3831570148468,0,6.57553195953369,4.35404014587402,3.05454540252686,6.04363632202148,5,10,0.869565188884735,0.876811623573303,1,1,8,1.10000002384186,8.80000019073486
02,2014-02-03,23080760,7,Definitivo,SAN ROQUE [23080760],Pluviométrica,Convencional,Activa,Antioquia,San Roque,6.4875,-75.017,820,5/15/1975,,Monchia,Magdalena Cauca,Medio Magdalena,Río Nare,2014,03,Andes,Definitivo,7,7,0,0.979721903800964,0.979721903800964,0,0.572231888771057,2.23355412483215,3.05454540252686,6.04363632202148,5,10,0.869565188884735,0.876811623573303,1,1,7,1.10000002384186,7.70000016689301
02,2003-02-03,23080760,0,Definitivo,SAN ROQUE [23080760],Pluviométrica,Convencional,Activa,Antioquia,San Roque,6.4875,-75.017,820,5/15/1975,,Monchia,Magdalena Cauca,Medio Magdalena,Río Nare,2003,03,Andes,Definitivo,0,0,0,1.26974260807037,1.26974260807037,0,0.669003188610077,1.88436996936798,3.05454540252686,6.04363632202148,5,10,0.869565188884735,0.876811623573303,1,1,7,1.10000002384186,0
02,2012-02-04,23080760,35,Definitivo,SAN ROQUE [23080760],Pluviométrica,Convencional,Activa,Antioquia,San Roque,6.4875,-75.017,820,5/15/1975,,Monchia,Magdalena Cauca,Medio Magdalena,Río Nare,2012,04,Andes,Definitivo,35,35,0,3.14599275588989,3.14599275588989,0,6.72383880615234,13.7281398773193,3.05454540252686,6.04363632202148,5,10,0.869565188884735,0.876811623573303,1,1,7,1.10000002384186,38.500000834465
02,2002-02-20,23080760,0,Definitivo,SAN ROQUE [23080760],Pluviométrica,Convencional,Activa,Antioquia,San Roque,6.4875,-75.017,820,5/15/1975,,Monchia,Magdalena Cauca,Medio Magdalena,Río Nare,2002,20,Andes,Definitivo,0,0,0,1.51993227005005,1.51993227005005,0,0.807481467723846,0,3.05454540252686,6.04363632202148,5,10,0.869565188884735,0.876811623573303,1,1,10,1.10000002384186,0
02,2003-02-18,23080760,0,Definitivo,SAN ROQUE [23080760],Pluviométrica,Convencional,Activa,Antioquia,San Roque,6.4875,-75.017,820,5/15/1975,,Monchia,Magdalena Cauca,Medio Magdalena,Río Nare,2003,18,Andes,Definitivo,0,0,0,2.63651084899902,2.63651084899902,34.5627555847168,10.7058115005493,29.0245380401611,3.05454540252686,6.04363632202148,5,10,0.869565188884735,0.876811623573303,1,1,10,1.10000002384186,0
02,2001-02-18,23080760,,"",SAN ROQUE [23080760],Pluviométrica,Convencional,Activa,Antioquia,San Roque,6.4875,-75.017,820,5/15/1975,,Monchia,Magdalena Cauca,Medio Magdalena,Río Nare,2001,18,Andes,Preliminar,0,0,0,0.386567145586014,0.386567145586014,0,4.79070472717285,1.33233034610748,3.05454540252686,6.04363632202148,5,10,0.869565188884735,0.876811623573303,1,1,10,1.10000002384186,0
02,2015-02-13,23080760,70,Definitivo,SAN ROQUE [23080760],Pluviométrica,Convencional,Activa,Antioquia,San Roque,6.4875,-75.017,820,5/15/1975,,Monchia,Magdalena Cauca,Medio Magdalena,Río Nare,2015,13,Andes,Definitivo,70,70,0,7.10878753662109,7.10878753662109,17.8976783752441,22.5054435729981,68.4713592529297,3.05454540252686,6.04363632202148,5,10,0.869565188884735,0.876811623573303,1,1,9,1.10000002384186,77.0000016689301
02,2016-02-11,23080760,0,Definitivo,SAN ROQUE [23080760],Pluviométrica,Convencional,Activa,Antioquia,San Roque,6.4875,-75.017,820,5/15/1975,,Monchia,Magdalena Cauca,Medio Magdalena,Río Nare,2016,11,Andes,Definitivo,0,0,0,0.876041233539581,0.876041233539581,0,2.26766109466553,8.27681636810303,3.05454540252686,6.04363632202148,5,10,0.869565188884735,0.876811623573303,1,1,9,1.10000002384186,0
02,2001-02-08,23080760,12,Definitivo,SAN ROQUE [23080760],Pluviométrica,Convencional,Activa,Antioquia,San Roque,6.4875,-75.017,820,5/15/1975,,Monchia,Magdalena Cauca,Medio Magdalena,Río Nare,2001,08,Andes,Definitivo,12,12,0,2.46702980995178,2.46702980995178,0,0.756232082843781,0.779886782169342,3.05454540252686,6.04363632202148,5,10,0.869565188884735,0.876811623573303,1,1,8,1.10000002384186,13.2000002861023
02,2003-02-05,23080760,14,Definitivo,SAN ROQUE [23080760],Pluviométrica,Convencional,Activa,Antioquia,San Roque,6.4875,-75.017,820,5/15/1975,,Monchia,Magdalena Cauca,Medio Magdalena,Río Nare,2003,05,Andes,Definitivo,14,14,0,0.111583434045315,0.111583434045315,0,0.195720374584198,0.405171483755112,3.05454540252686,6.04363632202148,5,10,0.869565188884735,0.876811623573303,1,1,7,1.10000002384186,15.400000333786
02,2004-02-05,23080760,,"",SAN ROQUE [23080760],Pluviométrica,Convencional,Activa,Antioquia,San Roque,6.4875,-75.017,820,5/15/1975,,Monchia,Magdalena Cauca,Medio Magdalena,Río Nare,2004,05,Andes,Preliminar,0,0,0,0.413492321968079,0.413492321968079,0,0.0379625782370567,0.384813547134399,3.05454540252686,6.04363632202148,5,10,0.869565188884735,0.876811623573303,1,1,7,1.10000002384186,0
02,2018-02-02,23080760,10,Definitivo,SAN ROQUE [23080760],Pluviométrica,Convencional,Activa,Antioquia,San Roque,6.4875,-75.017,820,5/15/1975,,Monchia,Magdalena Cauca,Medio Magdalena,Río Nare,2018,02,Andes,Definitivo,10,10,0,1.86091113090515,1.86091113090515,6.85485506057739,16.0782318115234,14.1804904937744,3.05454540252686,6.04363632202148,5,10,0.869565188884735,0.876811623573303,1,1,7,1.10000002384186,11.0000002384186
02,2016-02-03,23080760,,"",SAN ROQUE [23080760],Pluviométrica,Convencional,Activa,Antioquia,San Roque,6.4875,-75.017,820,5/15/1975,,Monchia,Magdalena Cauca,Medio Magdalena,Río Nare,2016,03,Andes,Preliminar,0,0,0,0.172647342085838,0.172647342085838,0,0.408189237117767,0,3.05454540252686,6.04363632202148,5,10,0.869565188884735,0.876811623573303,1,1,7,1.10000002384186,0
02,2001-02-23,23080760,,"",SAN ROQUE [23080760],Pluviométrica,Convencional,Activa,Antioquia,San Roque,6.4875,-75.017,820,5/15/1975,,Monchia,Magdalena Cauca,Medio Magdalena,Río Nare,2001,23,Andes,Preliminar,0,0,0,1.3154753446579,1.3154753446579,0,1.12732148170471,0.26474466919899,3.05454540252686,6.04363632202148,5,10,0.869565188884735,0.876811623573303,1,1,11,1.10000002384186,0
02,2001-02-04,23080760,,"",SAN ROQUE [23080760],Pluviométrica,Convencional,Activa,Antioquia,San Roque,6.4875,-75.017,820,5/15/1975,,Monchia,Magdalena Cauca,Medio Magdalena,Río Nare,2001,04,Andes,Preliminar,0,0,0,3.54098272323608,3.54098272323608,0,0.233766376972199,0.114459000527859,3.05454540252686,6.04363632202148,5,10,0.869565188884735,0.876811623573303,1,1,7,1.10000002384186,0
02,2005-02-04,23080760,,"",SAN ROQUE [23080760],Pluviométrica,Convencional,Activa,Antioquia,San Roque,6.4875,-75.017,820,5/15/1975,,Monchia,Magdalena Cauca,Medio Magdalena,Río Nare,2005,04,Andes,Preliminar,0,0,0,3.72465372085571,3.72465372085571,0,1.9430615901947,0.74960994720459,3.05454540252686,6.04363632202148,5,10,0.869565188884735,0.876811623573303,1,1,7,1.10000002384186,0
02,2012-02-05,23080760,7,Definitivo,SAN ROQUE [23080760],Pluviométrica,Convencional,Activa,Antioquia,San Roque,6.4875,-75.017,820,5/15/1975,,Monchia,Magdalena Cauca,Medio Magdalena,Río Nare,2012,05,Andes,Definitivo,7,7,0,1.19363129138947,1.19363129138947,26.5910663604736,5.58148145675659,18.0502853393555,3.05454540252686,6.04363632202148,5,10,0.869565188884735,0.876811623573303,1,1,7,1.10000002384186,7.70000016689301
02,2014-02-06,23080760,5,Definitivo,SAN ROQUE [23080760],Pluviométrica,Convencional,Activa,Antioquia,San Roque,6.4875,-75.017,820,5/15/1975,,Monchia,Magdalena Cauca,Medio Magdalena,Río Nare,2014,06,Andes,Definitivo,5,5,0,4.04856824874878,4.04856824874878,0,15.2338638305664,13.7749462127686,3.05454540252686,6.04363632202148,5,10,0.869565188884735,0.876811623573303,1,1,8,1.10000002384186,5.50000011920929
02,2016-02-08,23080760,0,Definitivo,SAN ROQUE [23080760],Pluviométrica,Convencional,Activa,Antioquia,San Roque,6.4875,-75.017,820,5/15/1975,,Monchia,Magdalena Cauca,Medio Magdalena,Río Nare,2016,08,Andes,Definitivo,0,0,0,1.82608449459076,1.82608449459076,0,5.40087985992432,1.12592566013336,3.05454540252686,6.04363632202148,5,10,0.869565188884735,0.876811623573303,1,1,8,1.10000002384186,0
02,2003-02-15,23080760,0,Definitivo,SAN ROQUE [23080760],Pluviométrica,Convencional,Activa,Antioquia,San Roque,6.4875,-75.017,820,5/15/1975,,Monchia,Magdalena Cauca,Medio Magdalena,Río Nare,2003,15,Andes,Definitivo,0,0,0,2.75896143913269,2.75896143913269,0,1.75059604644775,0.702190339565277,3.05454540252686,6.04363632202148,5,10,0.869565188884735,0.876811623573303,1,1,9,1.10000002384186,0
02,2001-02-13,23080760,,"",SAN ROQUE [23080760],Pluviométrica,Convencional,Activa,Antioquia,San Roque,6.4875,-75.017,820,5/15/1975,,Monchia,Magdalena Cauca,Medio Magdalena,Río Nare,2001,13,Andes,Preliminar,0,0,0,3.75812554359436,3.75812554359436,0,3.93553853034973,0.00772668700665236,3.05454540252686,6.04363632202148,5,10,0.869565188884735,0.876811623573303,1,1,9,1.10000002384186,0
02,2017-02-08,23080760,0,Definitivo,SAN ROQUE [23080760],Pluviométrica,Convencional,Activa,Antioquia,San Roque,6.4875,-75.017,820,5/15/1975,,Monchia,Magdalena Cauca,Medio Magdalena,Río Nare,2017,08,Andes,Definitivo,0,0,0,0.0260443426668644,0.0260443426668644,0,0.0201717149466276,0,3.05454540252686,6.04363632202148,5,10,0.869565188884735,0.876811623573303,1,1,8,1.10000002384186,0
02,2016-02-06,23080760,,"",SAN ROQUE [23080760],Pluviométrica,Convencional,Activa,Antioquia,San Roque,6.4875,-75.017,820,5/15/1975,,Monchia,Magdalena Cauca,Medio Magdalena,Río Nare,2016,06,Andes,Preliminar,0,0,0,1.9137088060379,1.9137088060379,0,0.590031981468201,1.12592566013336,3.05454540252686,6.04363632202148,5,10,0.869565188884735,0.876811623573303,1,1,8,1.10000002384186,0
02,2017-02-03,23080760,0,Definitivo,SAN ROQUE [23080760],Pluviométrica,Convencional,Activa,Antioquia,San Roque,6.4875,-75.017,820,5/15/1975,,Monchia,Magdalena Cauca,Medio Magdalena,Río Nare,2017,03,Andes,Definitivo,0,0,0,0.538938164710999,0.538938164710999,0,0.487346321344376,0,3.05454540252686,6.04363632202148,5,10,0.869565188884735,0.876811623573303,1,1,7,1.10000002384186,0
02,2004-02-06,23080760,,"",SAN ROQUE [23080760],Pluviométrica,Convencional,Activa,Antioquia,San Roque,6.4875,-75.017,820,5/15/1975,,Monchia,Magdalena Cauca,Medio Magdalena,Río Nare,2004,06,Andes,Preliminar,0,0,0,0.572392404079437,0.572392404079437,0,0.0389539115130901,0.297373920679092,3.05454540252686,6.04363632202148,5,10,0.869565188884735,0.876811623573303,1,1,8,1.10000002384186,0
02,2007-02-04,23080760,,"",SAN ROQUE [23080760],Pluviométrica,Convencional,Activa,Antioquia,San Roque,6.4875,-75.017,820,5/15/1975,,Monchia,Magdalena Cauca,Medio Magdalena,Río Nare,2007,04,Andes,Preliminar,0,0,0,0,0,0,0.0298171881586313,0.0775405690073967,3.05454540252686,6.04363632202148,5,10,0.869565188884735,0.876811623573303,1,1,7,1.10000002384186,0
02,2009-02-05,23080760,6,Definitivo,SAN ROQUE [23080760],Pluviométrica,Convencional,Activa,Antioquia,San Roque,6.4875,-75.017,820,5/15/1975,,Monchia,Magdalena Cauca,Medio Magdalena,Río Nare,2009,05,Andes,Definitivo,6,6,0,3.89851856231689,3.89851856231689,0,13.1701107025146,9.7425012588501,3.05454540252686,6.04363632202148,5,10,0.869565188884735,0.876811623573303,1,1,7,1.10000002384186,6.60000014305115
02,2001-02-06,23080760,,"",SAN ROQUE [23080760],Pluviométrica,Convencional,Activa,Antioquia,San Roque,6.4875,-75.017,820,5/15/1975,,Monchia,Magdalena Cauca,Medio Magdalena,Río Nare,2001,06,Andes,Preliminar,0,0,0,0.0807979106903076,0.0807979106903076,0,8.74785614013672,0.402616858482361,3.05454540252686,6.04363632202148,5,10,0.869565188884735,0.876811623573303,1,1,8,1.10000002384186,0
02,2001-02-02,23080760,,"",SAN ROQUE [23080760],Pluviométrica,Convencional,Activa,Antioquia,San Roque,6.4875,-75.017,820,5/15/1975,,Monchia,Magdalena Cauca,Medio Magdalena,Río Nare,2001,02,Andes,Preliminar,0,0,0,0,0,0,0.258820950984955,0.187195524573326,3.05454540252686,6.04363632202148,5,10,0.869565188884735,0.876811623573303,1,1,7,1.10000002384186,0
02,2007-02-06,23080760,1,Definitivo,SAN ROQUE [23080760],Pluviométrica,Convencional,Activa,Antioquia,San Roque,6.4875,-75.017,820,5/15/1975,,Monchia,Magdalena Cauca,Medio Magdalena,Río Nare,2007,06,Andes,Definitivo,1,1,0,0.00465707993134856,0.00465707993134856,0,0.198013097047806,0,3.05454540252686,6.04363632202148,5,10,0.869565188884735,0.876811623573303,1,1,8,1.10000002384186,1.10000002384186
02,2010-02-04,23080760,,"",SAN ROQUE [23080760],Pluviométrica,Convencional,Activa,Antioquia,San Roque,6.4875,-75.017,820,5/15/1975,,Monchia,Magdalena Cauca,Medio Magdalena,Río Nare,2010,04,Andes,Preliminar,0,0,0,2.23767399787903,2.23767399787903,0,0.037603784352541,0,3.05454540252686,6.04363632202148,5,10,0.869565188884735,0.876811623573303,1,1,7,1.10000002384186,0
02,2001-02-21,23080760,0.6,Definitivo,SAN ROQUE [23080760],Pluviométrica,Convencional,Activa,Antioquia,San Roque,6.4875,-75.017,820,5/15/1975,,Monchia,Magdalena Cauca,Medio Magdalena,Río Nare,2001,21,Andes,Definitivo,0.6,0.6,0,7.6626443862915,7.6626443862915,7.86356544494629,7.40102386474609,9.80240154266357,3.05454540252686,6.04363632202148,5,10,0.869565188884735,0.876811623573303,1,1,11,1.10000002384186,0.660000014305115
02,2016-02-09,23080760,,"",SAN ROQUE [23080760],Pluviométrica,Convencional,Activa,Antioquia,San Roque,6.4875,-75.017,820,5/15/1975,,Monchia,Magdalena Cauca,Medio Magdalena,Río Nare,2016,09,Andes,Preliminar,0,0,0,0.399806350469589,0.399806350469589,0,1.38131952285767,6.75555419921875,3.05454540252686,6.04363632202148,5,10,0.869565188884735,0.876811623573303,1,1,8,1.10000002384186,0
02,2016-02-10,23080760,49,Definitivo,SAN ROQUE [23080760],Pluviométrica,Convencional,Activa,Antioquia,San Roque,6.4875,-75.017,820,5/15/1975,,Monchia,Magdalena Cauca,Medio Magdalena,Río Nare,2016,10,Andes,Definitivo,49,49,0,0.830170571804047,0.830170571804047,0,3.04381990432739,1.12592566013336,3.05454540252686,6.04363632202148,5,10,0.869565188884735,0.876811623573303,1,1,8,1.10000002384186,53.900001168251
02,2003-02-10,23080760,7,Definitivo,SAN ROQUE [23080760],Pluviométrica,Convencional,Activa,Antioquia,San Roque,6.4875,-75.017,820,5/15/1975,,Monchia,Magdalena Cauca,Medio Magdalena,Río Nare,2003,10,Andes,Definitivo,7,7,0,4.26558828353882,4.26558828353882,18.0777149200439,8.73545837402344,27.8384227752686,3.05454540252686,6.04363632202148,5,10,0.869565188884735,0.876811623573303,1,1,8,1.10000002384186,7.70000016689301
02,2003-02-07,23080760,9,Definitivo,SAN ROQUE [23080760],Pluviométrica,Convencional,Activa,Antioquia,San Roque,6.4875,-75.017,820,5/15/1975,,Monchia,Magdalena Cauca,Medio Magdalena,Río Nare,2003,07,Andes,Definitivo,9,9,0,2.38770985603333,2.38770985603333,0,0.880676805973053,0,3.05454540252686,6.04363632202148,5,10,0.869565188884735,0.876811623573303,1,1,8,1.10000002384186,9.90000021457672
02,2002-02-06,23080760,,"",SAN ROQUE [23080760],Pluviométrica,Convencional,Activa,Antioquia,San Roque,6.4875,-75.017,820,5/15/1975,,Monchia,Magdalena Cauca,Medio Magdalena,Río Nare,2002,06,Andes,Preliminar,0,0,0,1.94520175457001,1.94520175457001,0,0.960717499256134,0,3.05454540252686,6.04363632202148,5,10,0.869565188884735,0.876811623573303,1,1,8,1.10000002384186,0
02,2018-02-01,23080760,0,Definitivo,SAN ROQUE [23080760],Pluviométrica,Convencional,Activa,Antioquia,San Roque,6.4875,-75.017,820,5/15/1975,,Monchia,Magdalena Cauca,Medio Magdalena,Río Nare,2018,01,Andes,Definitivo,0,0,0,0.422903180122376,0.422903180122376,0,1.66528689861298,0,3.05454540252686,6.04363632202148,5,10,0.869565188884735,0.876811623573303,1,1,7,1.10000002384186,0
02,2016-02-02,23080760,,"",SAN ROQUE [23080760],Pluviométrica,Convencional,Activa,Antioquia,San Roque,6.4875,-75.017,820,5/15/1975,,Monchia,Magdalena Cauca,Medio Magdalena,Río Nare,2016,02,Andes,Preliminar,0,0,0,0.043561439961195,0.043561439961195,0,0.0901316478848457,0,3.05454540252686,6.04363632202148,5,10,0.869565188884735,0.876811623573303,1,1,7,1.10000002384186,0
02,2014-02-02,23080760,0,Definitivo,SAN ROQUE [23080760],Pluviométrica,Convencional,Activa,Antioquia,San Roque,6.4875,-75.017,820,5/15/1975,,Monchia,Magdalena Cauca,Medio Magdalena,Río Nare,2014,02,Andes,Definitivo,0,0,0,0.214158058166504,0.214158058166504,0,1.49997901916504,0.486215829849243,3.05454540252686,6.04363632202148,5,10,0.869565188884735,0.876811623573303,1,1,7,1.10000002384186,0
02,2008-02-03,23080760,,"",SAN ROQUE [23080760],Pluviométrica,Convencional,Activa,Antioquia,San Roque,6.4875,-75.017,820,5/15/1975,,Monchia,Magdalena Cauca,Medio Magdalena,Río Nare,2008,03,Andes,Preliminar,0,0,0,0.0391064919531345,0.0391064919531345,0,1.27143657207489,1.30879592895508,3.05454540252686,6.04363632202148,5,10,0.869565188884735,0.876811623573303,1,1,7,1.10000002384186,0
02,2001-02-03,23080760,,"",SAN ROQUE [23080760],Pluviométrica,Convencional,Activa,Antioquia,San Roque,6.4875,-75.017,820,5/15/1975,,Monchia,Magdalena Cauca,Medio Magdalena,Río Nare,2001,03,Andes,Preliminar,0,0,0,0,0,0,0.216559246182442,0.371328324079514,3.05454540252686,6.04363632202148,5,10,0.869565188884735,0.876811623573303,1,1,7,1.10000002384186,0
02,2006-02-01,23080760,39,Definitivo,SAN ROQUE [23080760],Pluviométrica,Convencional,Activa,Antioquia,San Roque,6.4875,-75.017,820,5/15/1975,,Monchia,Magdalena Cauca,Medio Magdalena,Río Nare,2006,01,Andes,Definitivo,39,39,0,8.33563995361328,8.33563995361328,43.6901206970215,19.7342529296875,13.8787069320679,3.05454540252686,6.04363632202148,5,10,0.869565188884735,0.876811623573303,1,1,7,1.10000002384186,42.9000009298325
02,2005-02-05,23080760,1,Definitivo,SAN ROQUE [23080760],Pluviométrica,Convencional,Activa,Antioquia,San Roque,6.4875,-75.017,820,5/15/1975,,Monchia,Magdalena Cauca,Medio Magdalena,Río Nare,2005,05,Andes,Definitivo,1,1,0,1.37358582019806,1.37358582019806,0,1.04319941997528,0.0321631170809269,3.05454540252686,6.04363632202148,5,10,0.869565188884735,0.876811623573303,1,1,7,1.10000002384186,1.10000002384186
02,2012-02-06,23080760,4,Definitivo,SAN ROQUE [23080760],Pluviométrica,Convencional,Activa,Antioquia,San Roque,6.4875,-75.017,820,5/15/1975,,Monchia,Magdalena Cauca,Medio Magdalena,Río Nare,2012,06,Andes,Definitivo,4,4,0,19.7104606628418,19.7104606628418,8.99897384643555,16.9139556884766,19.8377780914307,3.05454540252686,6.04363632202148,5,10,0.869565188884735,0.876811623573303,1,1,8,1.10000002384186,4.40000009536743
02,2001-02-20,23080760,13,Definitivo,SAN ROQUE [23080760],Pluviométrica,Convencional,Activa,Antioquia,San Roque,6.4875,-75.017,820,5/15/1975,,Monchia,Magdalena Cauca,Medio Magdalena,Río Nare,2001,20,Andes,Definitivo,13,13,0,6.8654317855835,6.8654317855835,0,16.4611148834229,22.79931640625,3.05454540252686,6.04363632202148,5,10,0.869565188884735,0.876811623573303,1,1,10,1.10000002384186,14.3000003099442
02,2001-02-17,23080760,,"",SAN ROQUE [23080760],Pluviométrica,Convencional,Activa,Antioquia,San Roque,6.4875,-75.017,820,5/15/1975,,Monchia,Magdalena Cauca,Medio Magdalena,Río Nare,2001,17,Andes,Preliminar,0,0,0,0.494805932044983,0.494805932044983,0,6.78255128860474,0.76004695892334,3.05454540252686,6.04363632202148,5,10,0.869565188884735,0.876811623573303,1,1,10,1.10000002384186,0
02,2017-02-07,23080760,0,Definitivo,SAN ROQUE [23080760],Pluviométrica,Convencional,Activa,Antioquia,San Roque,6.4875,-75.017,820,5/15/1975,,Monchia,Magdalena Cauca,Medio Magdalena,Río Nare,2017,07,Andes,Definitivo,0,0,0,0,0,0,0.0113601796329021,0.475809007883072,3.05454540252686,6.04363632202148,5,10,0.869565188884735,0.876811623573303,1,1,8,1.10000002384186,0
02,2018-02-05,23080760,0,Definitivo,SAN ROQUE [23080760],Pluviométrica,Convencional,Activa,Antioquia,San Roque,6.4875,-75.017,820,5/15/1975,,Monchia,Magdalena Cauca,Medio Magdalena,Río Nare,2018,05,Andes,Definitivo,0,0,0,3.59086990356445,3.59086990356445,13.2273330688477,5.31094074249268,1.34765589237213,3.05454540252686,6.04363632202148,5,10,0.869565188884735,0.876811623573303,1,1,7,1.10000002384186,0
02,2014-02-05,23080760,0,Definitivo,SAN ROQUE [23080760],Pluviométrica,Convencional,Activa,Antioquia,San Roque,6.4875,-75.017,820,5/15/1975,,Monchia,Magdalena Cauca,Medio Magdalena,Río Nare,2014,05,Andes,Definitivo,0,0,0,1.80868625640869,1.80868625640869,0,1.18429279327393,1.16995680332184,3.05454540252686,6.04363632202148,5,10,0.869565188884735,0.876811623573303,1,1,7,1.10000002384186,0
02,2002-02-04,23080760,2,Definitivo,SAN ROQUE [23080760],Pluviométrica,Convencional,Activa,Antioquia,San Roque,6.4875,-75.017,820,5/15/1975,,Monchia,Magdalena Cauca,Medio Magdalena,Río Nare,2002,04,Andes,Definitivo,2,2,0,6.6305685043335,6.6305685043335,7.48608255386353,11.2555294036865,1.20761263370514,3.05454540252686,6.04363632202148,5,10,0.869565188884735,0.876811623573303,1,1,7,1.10000002384186,2.20000004768372
02,2002-02-05,23080760,0,Definitivo,SAN ROQUE [23080760],Pluviométrica,Convencional,Activa,Antioquia,San Roque,6.4875,-75.017,820,5/15/1975,,Monchia,Magdalena Cauca,Medio Magdalena,Río Nare,2002,05,Andes,Definitivo,0,0,0,4.52235889434815,4.52235889434815,0,12.0100631713867,0.0442519709467888,3.05454540252686,6.04363632202148,5,10,0.869565188884735,0.876811623573303,1,1,7,1.10000002384186,0
02,2005-02-03,23080760,,"",SAN ROQUE [23080760],Pluviométrica,Convencional,Activa,Antioquia,San Roque,6.4875,-75.017,820,5/15/1975,,Monchia,Magdalena Cauca,Medio Magdalena,Río Nare,2005,03,Andes,Preliminar,0,0,0,2.12746095657349,2.12746095657349,0,2.1912784576416,8.25672340393066,3.05454540252686,6.04363632202148,5,10,0.869565188884735,0.876811623573303,1,1,7,1.10000002384186,0
02,2008-02-02,23080760,,"",SAN ROQUE [23080760],Pluviométrica,Convencional,Activa,Antioquia,San Roque,6.4875,-75.017,820,5/15/1975,,Monchia,Magdalena Cauca,Medio Magdalena,Río Nare,2008,02,Andes,Preliminar,0,0,0,0.938555777072906,0.938555777072906,0,1.10232102870941,0.574022352695465,3.05454540252686,6.04363632202148,5,10,0.869565188884735,0.876811623573303,1,1,7,1.10000002384186,0
02,2014-02-07,23080760,0,Definitivo,SAN ROQUE [23080760],Pluviométrica,Convencional,Activa,Antioquia,San Roque,6.4875,-75.017,820,5/15/1975,,Monchia,Magdalena Cauca,Medio Magdalena,Río Nare,2014,07,Andes,Definitivo,0,0,0,3.4740514755249,3.4740514755249,21.4793109893799,5.50924634933472,0.862423539161682,3.05454540252686,6.04363632202148,5,10,0.869565188884735,0.876811623573303,1,1,8,1.10000002384186,0
02,2003-02-01,23080760,0,Definitivo,SAN ROQUE [23080760],Pluviométrica,Convencional,Activa,Antioquia,San Roque,6.4875,-75.017,820,5/15/1975,,Monchia,Magdalena Cauca,Medio Magdalena,Río Nare,2003,01,Andes,Definitivo,0,0,0,1.40056467056274,1.40056467056274,0,3.60066652297974,4.47563457489014,3.05454540252686,6.04363632202148,5,10,0.869565188884735,0.876811623573303,1,1,7,1.10000002384186,0
02,2004-02-01,23080760,,"",SAN ROQUE [23080760],Pluviométrica,Convencional,Activa,Antioquia,San Roque,6.4875,-75.017,820,5/15/1975,,Monchia,Magdalena Cauca,Medio Magdalena,Río Nare,2004,01,Andes,Preliminar,0,0,0,0,0,0,0.62897789478302,0.384813547134399,3.05454540252686,6.04363632202148,5,10,0.869565188884735,0.876811623573303,1,1,7,1.10000002384186,0
02,2008-02-04,23080760,,"",SAN ROQUE [23080760],Pluviométrica,Convencional,Activa,Antioquia,San Roque,6.4875,-75.017,820,5/15/1975,,Monchia,Magdalena Cauca,Medio Magdalena,Río Nare,2008,04,Andes,Preliminar,0,0,0,0.977662205696106,0.977662205696106,0,0.725069224834442,0.0447633825242519,3.05454540252686,6.04363632202148,5,10,0.869565188884735,0.876811623573303,1,1,7,1.10000002384186,0
02,2001-02-10,23080760,,"",SAN ROQUE [23080760],Pluviométrica,Convencional,Activa,Antioquia,San Roque,6.4875,-75.017,820,5/15/1975,,Monchia,Magdalena Cauca,Medio Magdalena,Río Nare,2001,10,Andes,Preliminar,0,0,0,1.64289081096649,1.64289081096649,17.3710689544678,0.740824103355408,19.8892555236816,3.05454540252686,6.04363632202148,5,10,0.869565188884735,0.876811623573303,1,1,8,1.10000002384186,0
02,2014-02-08,23080760,0,Definitivo,SAN ROQUE [23080760],Pluviométrica,Convencional,Activa,Antioquia,San Roque,6.4875,-75.017,820,5/15/1975,,Monchia,Magdalena Cauca,Medio Magdalena,Río Nare,2014,08,Andes,Definitivo,0,0,0,1.35253989696503,1.35253989696503,0,2.74928021430969,0,3.05454540252686,6.04363632202148,5,10,0.869565188884735,0.876811623573303,1,1,8,1.10000002384186,0
02,2001-02-15,23080760,,"",SAN ROQUE [23080760],Pluviométrica,Convencional,Activa,Antioquia,San Roque,6.4875,-75.017,820,5/15/1975,,Monchia,Magdalena Cauca,Medio Magdalena,Río Nare,2001,15,Andes,Preliminar,0,0,0,0.0518362037837505,0.0518362037837505,0,1.18864583969116,0.117188096046448,3.05454540252686,6.04363632202148,5,10,0.869565188884735,0.876811623573303,1,1,9,1.10000002384186,0
02,2001-02-12,23080760,,"",SAN ROQUE [23080760],Pluviométrica,Convencional,Activa,Antioquia,San Roque,6.4875,-75.017,820,5/15/1975,,Monchia,Magdalena Cauca,Medio Magdalena,Río Nare,2001,12,Andes,Preliminar,0,0,0,0,0,0,1.61812782287598,0.246395379304886,3.05454540252686,6.04363632202148,5,10,0.869565188884735,0.876811623573303,1,1,9,1.10000002384186,0
02,2008-02-01,23080760,,"",SAN ROQUE [23080760],Pluviométrica,Convencional,Activa,Antioquia,San Roque,6.4875,-75.017,820,5/15/1975,,Monchia,Magdalena Cauca,Medio Magdalena,Río Nare,2008,01,Andes,Preliminar,0,0,0,1.48604655265808,1.48604655265808,0,0.983063817024231,2.26555371284485,3.05454540252686,6.04363632202148,5,10,0.869565188884735,0.876811623573303,1,1,7,1.10000002384186,0
02,2015-02-03,23080760,,"",SAN ROQUE [23080760],Pluviométrica,Convencional,Activa,Antioquia,San Roque,6.4875,-75.017,820,5/15/1975,,Monchia,Magdalena Cauca,Medio Magdalena,Río Nare,2015,03,Andes,Preliminar,0,0,0,2.53446698188782,2.53446698188782,0,2.75335812568665,17.6595821380615,3.05454540252686,6.04363632202148,5,10,0.869565188884735,0.876811623573303,1,1,7,1.10000002384186,0
02,2016-02-01,23080760,,"",SAN ROQUE [23080760],Pluviométrica,Convencional,Activa,Antioquia,San Roque,6.4875,-75.017,820,5/15/1975,,Monchia,Magdalena Cauca,Medio Magdalena,Río Nare,2016,01,Andes,Preliminar,0,0,0,0.36676698923111,0.36676698923111,0,0.185509607195854,0,3.05454540252686,6.04363632202148,5,10,0.869565188884735,0.876811623573303,1,1,7,1.10000002384186,0
02,2014-02-01,23080760,0,Definitivo,SAN ROQUE [23080760],Pluviométrica,Convencional,Activa,Antioquia,San Roque,6.4875,-75.017,820,5/15/1975,,Monchia,Magdalena Cauca,Medio Magdalena,Río Nare,2014,01,Andes,Definitivo,0,0,0,0.0346225164830685,0.0346225164830685,0,0.40303710103035,0.486215829849243,3.05454540252686,6.04363632202148,5,10,0.869565188884735,0.876811623573303,1,1,7,1.10000002384186,0
02,2006-02-02,23080760,13,Definitivo,SAN ROQUE [23080760],Pluviométrica,Convencional,Activa,Antioquia,San Roque,6.4875,-75.017,820,5/15/1975,,Monchia,Magdalena Cauca,Medio Magdalena,Río Nare,2006,02,Andes,Definitivo,13,13,0,10.6128396987915,10.6128396987915,14.5633726119995,12.862642288208,20.6050262451172,3.05454540252686,6.04363632202148,5,10,0.869565188884735,0.876811623573303,1,1,7,1.10000002384186,14.3000003099442
02,2010-02-05,23080760,,"",SAN ROQUE [23080760],Pluviométrica,Convencional,Activa,Antioquia,San Roque,6.4875,-75.017,820,5/15/1975,,Monchia,Magdalena Cauca,Medio Magdalena,Río Nare,2010,05,Andes,Preliminar,0,0,0,1.88926410675049,1.88926410675049,0,1.45614492893219,1.80556166172028,3.05454540252686,6.04363632202148,5,10,0.869565188884735,0.876811623573303,1,1,7,1.10000002384186,0
02,2015-02-04,23080760,,"",SAN ROQUE [23080760],Pluviométrica,Convencional,Activa,Antioquia,San Roque,6.4875,-75.017,820,5/15/1975,,Monchia,Magdalena Cauca,Medio Magdalena,Río Nare,2015,04,Andes,Preliminar,0,0,0,0,0,0,2.78657579421997,0,3.05454540252686,6.04363632202148,5,10,0.869565188884735,0.876811623573303,1,1,7,1.10000002384186,0
02,2017-02-06,23080760,0,Definitivo,SAN ROQUE [23080760],Pluviométrica,Convencional,Activa,Antioquia,San Roque,6.4875,-75.017,820,5/15/1975,,Monchia,Magdalena Cauca,Medio Magdalena,Río Nare,2017,06,Andes,Definitivo,0,0,0,0,0,0,0.0391943417489529,0.473076105117798,3.05454540252686,6.04363632202148,5,10,0.869565188884735,0.876811623573303,1,1,8,1.10000002384186,0
02,2018-02-04,23080760,0,Definitivo,SAN ROQUE [23080760],Pluviométrica,Convencional,Activa,Antioquia,San Roque,6.4875,-75.017,820,5/15/1975,,Monchia,Magdalena Cauca,Medio Magdalena,Río Nare,2018,04,Andes,Definitivo,0,0,0,1.44456577301025,1.44456577301025,0,4.32457208633423,4.95665693283081,3.05454540252686,6.04363632202148,5,10,0.869565188884735,0.876811623573303,1,1,7,1.10000002384186,0
02,2016-02-05,23080760,,"",SAN ROQUE [23080760],Pluviométrica,Convencional,Activa,Antioquia,San Roque,6.4875,-75.017,820,5/15/1975,,Monchia,Magdalena Cauca,Medio Magdalena,Río Nare,2016,05,Andes,Preliminar,0,0,0,4.52576780319214,4.52576780319214,0,1.00576293468475,1.93105673789978,3.05454540252686,6.04363632202148,5,10,0.869565188884735,0.876811623573303,1,1,7,1.10000002384186,0
02,2001-02-07,23080760,0,Definitivo,SAN ROQUE [23080760],Pluviométrica,Convencional,Activa,Antioquia,San Roque,6.4875,-75.017,820,5/15/1975,,Monchia,Magdalena Cauca,Medio Magdalena,Río Nare,2001,07,Andes,Definitivo,0,0,0,2.15999746322632,2.15999746322632,0,0.247702777385712,0,3.05454540252686,6.04363632202148,5,10,0.869565188884735,0.876811623573303,1,1,8,1.10000002384186,0
02,2001-02-05,23080760,,"",SAN ROQUE [23080760],Pluviométrica,Convencional,Activa,Antioquia,San Roque,6.4875,-75.017,820,5/15/1975,,Monchia,Magdalena Cauca,Medio Magdalena,Río Nare,2001,05,Andes,Preliminar,0,0,0,0,0,0,0.00731338420882821,0.0232856925576925,3.05454540252686,6.04363632202148,5,10,0.869565188884735,0.876811623573303,1,1,7,1.10000002384186,0
02,2003-02-02,23080760,0,Definitivo,SAN ROQUE [23080760],Pluviométrica,Convencional,Activa,Antioquia,San Roque,6.4875,-75.017,820,5/15/1975,,Monchia,Magdalena Cauca,Medio Magdalena,Río Nare,2003,02,Andes,Definitivo,0,0,0,1.41210746765137,1.41210746765137,0,3.61320376396179,0.933082222938538,3.05454540252686,6.04363632202148,5,10,0.869565188884735,0.876811623573303,1,1,7,1.10000002384186,0
02,2001-02-01,23080760,,"",SAN ROQUE [23080760],Pluviométrica,Convencional,Activa,Antioquia,San Roque,6.4875,-75.017,820,5/15/1975,,Monchia,Magdalena Cauca,Medio Magdalena,Río Nare,2001,01,Andes,Preliminar,0,0,0,0,0,0,0.180258065462112,0.200449466705322,3.05454540252686,6.04363632202148,5,10,0.869565188884735,0.876811623573303,1,1,7,1.10000002384186,0
02,2006-02-03,23080760,5,Definitivo,SAN ROQUE [23080760],Pluviométrica,Convencional,Activa,Antioquia,San Roque,6.4875,-75.017,820,5/15/1975,,Monchia,Magdalena Cauca,Medio Magdalena,Río Nare,2006,03,Andes,Definitivo,5,5,0,18.2417621612549,18.2417621612549,14.5633726119995,16.7728729248047,30.511589050293,3.05454540252686,6.04363632202148,5,10,0.869565188884735,0.876811623573303,1,1,7,1.10000002384186,5.50000011920929
02,2008-02-05,23080760,0,Definitivo,SAN ROQUE [23080760],Pluviométrica,Convencional,Activa,Antioquia,San Roque,6.4875,-75.017,820,5/15/1975,,Monchia,Magdalena Cauca,Medio Magdalena,Río Nare,2008,05,Andes,Definitivo,0,0,0,0.117319472134113,0.117319472134113,0,0.275078117847443,0.163833469152451,3.05454540252686,6.04363632202148,5,10,0.869565188884735,0.876811623573303,1,1,7,1.10000002384186,0
02,2015-02-05,23080760,,"",SAN ROQUE [23080760],Pluviométrica,Convencional,Activa,Antioquia,San Roque,6.4875,-75.017,820,5/15/1975,,Monchia,Magdalena Cauca,Medio Magdalena,Río Nare,2015,05,Andes,Preliminar,0,0,0,1.96190309524536,1.96190309524536,11.79163646698,3.41469788551331,3.89704012870789,3.05454540252686,6.04363632202148,5,10,0.869565188884735,0.876811623573303,1,1,7,1.10000002384186,0
02,2001-02-14,23080760,,"",SAN ROQUE [23080760],Pluviométrica,Convencional,Activa,Antioquia,San Roque,6.4875,-75.017,820,5/15/1975,,Monchia,Magdalena Cauca,Medio Magdalena,Río Nare,2001,14,Andes,Preliminar,0,0,0,0.0518362037837505,0.0518362037837505,0,0.298343122005463,4.21933269500732,3.05454540252686,6.04363632202148,5,10,0.869565188884735,0.876811623573303,1,1,9,1.10000002384186,0
02,2003-02-12,23080760,0,Definitivo,SAN ROQUE [23080760],Pluviométrica,Convencional,Activa,Antioquia,San Roque,6.4875,-75.017,820,5/15/1975,,Monchia,Magdalena Cauca,Medio Magdalena,Río Nare,2003,12,Andes,Definitivo,0,0,0,4.88389205932617,4.88389205932617,0,5.85578155517578,1.39771616458893,3.05454540252686,6.04363632202148,5,10,0.869565188884735,0.876811623573303,1,1,9,1.10000002384186,0
02,2015-02-02,23080760,19,Definitivo,SAN ROQUE [23080760],Pluviométrica,Convencional,Activa,Antioquia,San Roque,6.4875,-75.017,820,5/15/1975,,Monchia,Magdalena Cauca,Medio Magdalena,Río Nare,2015,02,Andes,Definitivo,19,19,0,5.21973180770874,5.21973180770874,0,0.858085453510284,0.175005480647087,3.05454540252686,6.04363632202148,5,10,0.869565188884735,0.876811623573303,1,1,7,1.10000002384186,20.9000004529953
02,2013-02-02,23080760,2,Definitivo,SAN ROQUE [23080760],Pluviométrica,Convencional,Activa,Antioquia,San Roque,6.4875,-75.017,820,5/15/1975,,Monchia,Magdalena Cauca,Medio Magdalena,Río Nare,2013,02,Andes,Definitivo,2,2,0,2.31431365013123,2.31431365013123,0,6.39515066146851,6.1034631729126,3.05454540252686,6.04363632202148,5,10,0.869565188884735,0.876811623573303,1,1,7,1.10000002384186,2.20000004768372
02,2011-02-03,23080760,,"",SAN ROQUE [23080760],Pluviométrica,Convencional,Activa,Antioquia,San Roque,6.4875,-75.017,820,5/15/1975,,Monchia,Magdalena Cauca,Medio Magdalena,Río Nare,2011,03,Andes,Preliminar,0,0,0,0,0,0,0.272630035877228,0,3.05454540252686,6.04363632202148,5,10,0.869565188884735,0.876811623573303,1,1,7,1.10000002384186,0
02,2015-02-06,23080760,0,Definitivo,SAN ROQUE [23080760],Pluviométrica,Convencional,Activa,Antioquia,San Roque,6.4875,-75.017,820,5/15/1975,,Monchia,Magdalena Cauca,Medio Magdalena,Río Nare,2015,06,Andes,Definitivo,0,0,0,0.731346428394318,0.731346428394318,8.4770040512085,7.72109174728394,12.0125331878662,3.05454540252686,6.04363632202148,5,10,0.869565188884735,0.876811623573303,1,1,8,1.10000002384186,0
02,2004-02-02,23080760,1,Definitivo,SAN ROQUE [23080760],Pluviométrica,Convencional,Activa,Antioquia,San Roque,6.4875,-75.017,820,5/15/1975,,Monchia,Magdalena Cauca,Medio Magdalena,Río Nare,2004,02,Andes,Definitivo,1,1,0,0,0,0,0.0498378984630108,0.384813547134399,3.05454540252686,6.04363632202148,5,10,0.869565188884735,0.876811623573303,1,1,7,1.10000002384186,1.10000002384186
02,2004-02-03,23080760,,"",SAN ROQUE [23080760],Pluviométrica,Convencional,Activa,Antioquia,San Roque,6.4875,-75.017,820,5/15/1975,,Monchia,Magdalena Cauca,Medio Magdalena,Río Nare,2004,03,Andes,Preliminar,0,0,0,0,0,0,0.690817892551422,0.384813547134399,3.05454540252686,6.04363632202148,5,10,0.869565188884735,0.876811623573303,1,1,7,1.10000002384186,0
02,2013-02-03,23080760,56,Definitivo,SAN ROQUE [23080760],Pluviométrica,Convencional,Activa,Antioquia,San Roque,6.4875,-75.017,820,5/15/1975,,Monchia,Magdalena Cauca,Medio Magdalena,Río Nare,2013,03,Andes,Definitivo,56,56,0,2.23897957801819,2.23897957801819,0,3.70633316040039,12.5762844085693,3.05454540252686,6.04363632202148,5,10,0.869565188884735,0.876811623573303,1,1,7,1.10000002384186,61.6000013351441
02,2003-02-04,23080760,0.1,Definitivo,SAN ROQUE [23080760],Pluviométrica,Convencional,Activa,Antioquia,San Roque,6.4875,-75.017,820,5/15/1975,,Monchia,Magdalena Cauca,Medio Magdalena,Río Nare,2003,04,Andes,Definitivo,0.1,0.1,0,0.150060474872589,0.150060474872589,0,0.0248359274119139,0.405171483755112,3.05454540252686,6.04363632202148,5,10,0.869565188884735,0.876811623573303,1,1,7,1.10000002384186,0.110000002384186
02,2016-02-04,23080760,,"",SAN ROQUE [23080760],Pluviométrica,Convencional,Activa,Antioquia,San Roque,6.4875,-75.017,820,5/15/1975,,Monchia,Magdalena Cauca,Medio Magdalena,Río Nare,2016,04,Andes,Preliminar,0,0,0,0.701620697975159,0.701620697975159,0,0.55900776386261,0.317544490098953,3.05454540252686,6.04363632202148,5,10,0.869565188884735,0.876811623573303,1,1,7,1.10000002384186,0
02,2003-02-09,23080760,10,Definitivo,SAN ROQUE [23080760],Pluviométrica,Convencional,Activa,Antioquia,San Roque,6.4875,-75.017,820,5/15/1975,,Monchia,Magdalena Cauca,Medio Magdalena,Río Nare,2003,09,Andes,Definitivo,10,10,0,5.87155723571777,5.87155723571777,0,30.8448181152344,4.53823184967041,3.05454540252686,6.04363632202148,5,10,0.869565188884735,0.876811623573303,1,1,8,1.10000002384186,11.0000002384186
02,2001-02-09,23080760,21,Definitivo,SAN ROQUE [23080760],Pluviométrica,Convencional,Activa,Antioquia,San Roque,6.4875,-75.017,820,5/15/1975,,Monchia,Magdalena Cauca,Medio Magdalena,Río Nare,2001,09,Andes,Definitivo,21,21,0,2.90333843231201,2.90333843231201,0,10.5791425704956,0,3.05454540252686,6.04363632202148,5,10,0.869565188884735,0.876811623573303,1,1,8,1.10000002384186,23.100000500679
02,2009-02-01,23080760,14,Definitivo,SAN ROQUE [23080760],Pluviométrica,Convencional,Activa,Antioquia,San Roque,6.4875,-75.017,820,5/15/1975,,Monchia,Magdalena Cauca,Medio Magdalena,Río Nare,2009,01,Andes,Definitivo,14,14,0,2.87515807151794,2.87515807151794,12.7572975158691,13.3088836669922,9.81301784515381,3.05454540252686,6.04363632202148,5,10,0.869565188884735,0.876811623573303,1,1,7,1.10000002384186,15.400000333786
02,2013-02-04,23080760,5,Definitivo,SAN ROQUE [23080760],Pluviométrica,Convencional,Activa,Antioquia,San Roque,6.4875,-75.017,820,5/15/1975,,Monchia,Magdalena Cauca,Medio Magdalena,Río Nare,2013,04,Andes,Definitivo,5,5,0,8.21068382263184,8.21068382263184,10.4566411972046,8.79140758514404,2.7056725025177,3.05454540252686,6.04363632202148,5,10,0.869565188884735,0.876811623573303,1,1,7,1.10000002384186,5.50000011920929
02,2013-02-05,23080760,0,Definitivo,SAN ROQUE [23080760],Pluviométrica,Convencional,Activa,Antioquia,San Roque,6.4875,-75.017,820,5/15/1975,,Monchia,Magdalena Cauca,Medio Magdalena,Río Nare,2013,05,Andes,Definitivo,0,0,0,4.51060438156128,4.51060438156128,20.9132823944092,7.17491340637207,12.1214733123779,3.05454540252686,6.04363632202148,5,10,0.869565188884735,0.876811623573303,1,1,7,1.10000002384186,0
02,2002-02-01,23080760,2,Definitivo,SAN ROQUE [23080760],Pluviométrica,Convencional,Activa,Antioquia,San Roque,6.4875,-75.017,820,5/15/1975,,Monchia,Magdalena Cauca,Medio Magdalena,Río Nare,2002,01,Andes,Definitivo,2,2,0,6.12437582015991,6.12437582015991,22.4582462310791,5.22931146621704,27.0938720703125,3.05454540252686,6.04363632202148,5,10,0.869565188884735,0.876811623573303,1,1,7,1.10000002384186,2.20000004768372
02,2013-02-01,23080760,,"",SAN ROQUE [23080760],Pluviométrica,Convencional,Activa,Antioquia,San Roque,6.4875,-75.017,820,5/15/1975,,Monchia,Magdalena Cauca,Medio Magdalena,Río Nare,2013,01,Andes,Preliminar,0,0,0,2.30883979797363,2.30883979797363,0,7.45930099487305,0.0202092248946428,3.05454540252686,6.04363632202148,5,10,0.869565188884735,0.876811623573303,1,1,7,1.10000002384186,0
02,2011-02-02,23080760,,"",SAN ROQUE [23080760],Pluviométrica,Convencional,Activa,Antioquia,San Roque,6.4875,-75.017,820,5/15/1975,,Monchia,Magdalena Cauca,Medio Magdalena,Río Nare,2011,02,Andes,Preliminar,0,0,0,0,0,0,0.06273502856493,1.42863380908966,3.05454540252686,6.04363632202148,5,10,0.869565188884735,0.876811623573303,1,1,7,1.10000002384186,0
02,2008-02-06,23080760,21,Definitivo,SAN ROQUE [23080760],Pluviométrica,Convencional,Activa,Antioquia,San Roque,6.4875,-75.017,820,5/15/1975,,Monchia,Magdalena Cauca,Medio Magdalena,Río Nare,2008,06,Andes,Definitivo,21,21,0,1.60753631591797,1.60753631591797,0,1.39673972129822,0.967205405235291,3.05454540252686,6.04363632202148,5,10,0.869565188884735,0.876811623573303,1,1,8,1.10000002384186,23.100000500679
02,2014-02-04,23080760,0,Definitivo,SAN ROQUE [23080760],Pluviométrica,Convencional,Activa,Antioquia,San Roque,6.4875,-75.017,820,5/15/1975,,Monchia,Magdalena Cauca,Medio Magdalena,Río Nare,2014,04,Andes,Definitivo,0,0,0,1.71370983123779,1.71370983123779,0,1.20261776447296,0.486215829849243,3.05454540252686,6.04363632202148,5,10,0.869565188884735,0.876811623573303,1,1,7,1.10000002384186,0
02,2011-02-06,23080760,5,Definitivo,SAN ROQUE [23080760],Pluviométrica,Convencional,Activa,Antioquia,San Roque,6.4875,-75.017,820,5/15/1975,,Monchia,Magdalena Cauca,Medio Magdalena,Río Nare,2011,06,Andes,Definitivo,5,5,0,0.404994755983353,0.404994755983353,0,3.26604700088501,0.460801899433136,3.05454540252686,6.04363632202148,5,10,0.869565188884735,0.876811623573303,1,1,8,1.10000002384186,5.50000011920929
02,2002-02-02,23080760,0,Definitivo,SAN ROQUE [23080760],Pluviométrica,Convencional,Activa,Antioquia,San Roque,6.4875,-75.017,820,5/15/1975,,Monchia,Magdalena Cauca,Medio Magdalena,Río Nare,2002,02,Andes,Definitivo,0,0,0,5.38455533981323,5.38455533981323,0,5.15979433059692,4.59205532073975,3.05454540252686,6.04363632202148,5,10,0.869565188884735,0.876811623573303,1,1,7,1.10000002384186,0
02,2011-02-01,23080760,0,Definitivo,SAN ROQUE [23080760],Pluviométrica,Convencional,Activa,Antioquia,San Roque,6.4875,-75.017,820,5/15/1975,,Monchia,Magdalena Cauca,Medio Magdalena,Río Nare,2011,01,Andes,Definitivo,0,0,0,2.04026103019714,2.04026103019714,0,0.373878657817841,0.613379895687103,3.05454540252686,6.04363632202148,5,10,0.869565188884735,0.876811623573303,1,1,7,1.10000002384186,0
02,2011-02-04,23080760,,"",SAN ROQUE [23080760],Pluviométrica,Convencional,Activa,Antioquia,San Roque,6.4875,-75.017,820,5/15/1975,,Monchia,Magdalena Cauca,Medio Magdalena,Río Nare,2011,04,Andes,Preliminar,0,0,0,0.13022942841053,0.13022942841053,0,0.64185094833374,0,3.05454540252686,6.04363632202148,5,10,0.869565188884735,0.876811623573303,1,1,7,1.10000002384186,0
02,2009-02-02,23080760,,"",SAN ROQUE [23080760],Pluviométrica,Convencional,Activa,Antioquia,San Roque,6.4875,-75.017,820,5/15/1975,,Monchia,Magdalena Cauca,Medio Magdalena,Río Nare,2009,02,Andes,Preliminar,0,0,0,2.41708183288574,2.41708183288574,25.5145950317383,7.42129564285278,16.8708000183105,3.05454540252686,6.04363632202148,5,10,0.869565188884735,0.876811623573303,1,1,7,1.10000002384186,0
02,2015-02-01,23080760,,"",SAN ROQUE [23080760],Pluviométrica,Convencional,Activa,Antioquia,San Roque,6.4875,-75.017,820,5/15/1975,,Monchia,Magdalena Cauca,Medio Magdalena,Río Nare,2015,01,Andes,Preliminar,0,0,0,8.80785846710205,8.80785846710205,0,17.4453144073486,5.52640533447266,3.05454540252686,6.04363632202148,5,10,0.869565188884735,0.876811623573303,1,1,7,1.10000002384186,0
02,2012-02-03,23080760,,"",SAN ROQUE [23080760],Pluviométrica,Convencional,Activa,Antioquia,San Roque,6.4875,-75.017,820,5/15/1975,,Monchia,Magdalena Cauca,Medio Magdalena,Río Nare,2012,03,Andes,Preliminar,0,0,0,3.54689884185791,3.54689884185791,0,6.02846574783325,5.15377902984619,3.05454540252686,6.04363632202148,5,10,0.869565188884735,0.876811623573303,1,1,7,1.10000002384186,0
02,2007-02-01,23080760,,"",SAN ROQUE [23080760],Pluviométrica,Convencional,Activa,Antioquia,San Roque,6.4875,-75.017,820,5/15/1975,,Monchia,Magdalena Cauca,Medio Magdalena,Río Nare,2007,01,Andes,Preliminar,0,0,0,2.29406261444092,2.29406261444092,0,0.933565735816956,0.465243428945541,3.05454540252686,6.04363632202148,5,10,0.869565188884735,0.876811623573303,1,1,7,1.10000002384186,0
02,2010-02-02,23080760,,"",SAN ROQUE [23080760],Pluviométrica,Convencional,Activa,Antioquia,San Roque,6.4875,-75.017,820,5/15/1975,,Monchia,Magdalena Cauca,Medio Magdalena,Río Nare,2010,02,Andes,Preliminar,0,0,0,0.0932364240288734,0.0932364240288734,0,0.0955714136362076,0,3.05454540252686,6.04363632202148,5,10,0.869565188884735,0.876811623573303,1,1,7,1.10000002384186,0
02,2011-02-05,23080760,,"",SAN ROQUE [23080760],Pluviométrica,Convencional,Activa,Antioquia,San Roque,6.4875,-75.017,820,5/15/1975,,Monchia,Magdalena Cauca,Medio Magdalena,Río Nare,2011,05,Andes,Preliminar,0,0,0,1.69298267364502,1.69298267364502,0,1.28403520584106,0.593116164207459,3.05454540252686,6.04363632202148,5,10,0.869565188884735,0.876811623573303,1,1,7,1.10000002384186,0
02,2012-02-01,23080760,,"",SAN ROQUE [23080760],Pluviométrica,Convencional,Activa,Antioquia,San Roque,6.4875,-75.017,820,5/15/1975,,Monchia,Magdalena Cauca,Medio Magdalena,Río Nare,2012,01,Andes,Preliminar,0,0,0,2.36149072647095,2.36149072647095,0,9.05453205108643,0.15756431221962,3.05454540252686,6.04363632202148,5,10,0.869565188884735,0.876811623573303,1,1,7,1.10000002384186,0
02,2010-02-03,23080760,,"",SAN ROQUE [23080760],Pluviométrica,Convencional,Activa,Antioquia,San Roque,6.4875,-75.017,820,5/15/1975,,Monchia,Magdalena Cauca,Medio Magdalena,Río Nare,2010,03,Andes,Preliminar,0,0,0,0.230637460947037,0.230637460947037,0,0.036486804485321,0,3.05454540252686,6.04363632202148,5,10,0.869565188884735,0.876811623573303,1,1,7,1.10000002384186,0
02,2007-02-03,23080760,,"",SAN ROQUE [23080760],Pluviométrica,Convencional,Activa,Antioquia,San Roque,6.4875,-75.017,820,5/15/1975,,Monchia,Magdalena Cauca,Medio Magdalena,Río Nare,2007,03,Andes,Preliminar,0,0,0,0.57351565361023,0.57351565361023,0,0.41844379901886,0.852946281433106,3.05454540252686,6.04363632202148,5,10,0.869565188884735,0.876811623573303,1,1,7,1.10000002384186,0
02,2002-02-03,23080760,0.2,Definitivo,SAN ROQUE [23080760],Pluviométrica,Convencional,Activa,Antioquia,San Roque,6.4875,-75.017,820,5/15/1975,,Monchia,Magdalena Cauca,Medio Magdalena,Río Nare,2002,03,Andes,Definitivo,0.2,0.2,0,5.62930870056152,5.62930870056152,7.48608255386353,6.07675695419312,6.79366588592529,3.05454540252686,6.04363632202148,5,10,0.869565188884735,0.876811623573303,1,1,7,1.10000002384186,0.220000004768372
02,2005-02-02,23080760,2,Definitivo,SAN ROQUE [23080760],Pluviométrica,Convencional,Activa,Antioquia,San Roque,6.4875,-75.017,820,5/15/1975,,Monchia,Magdalena Cauca,Medio Magdalena,Río Nare,2005,02,Andes,Definitivo,2,2,0,2.61300754547119,2.61300754547119,0,2.73139214515686,1.33286428451538,3.05454540252686,6.04363632202148,5,10,0.869565188884735,0.876811623573303,1,1,7,1.10000002384186,2.20000004768372
02,2012-02-02,23080760,,"",SAN ROQUE [23080760],Pluviométrica,Convencional,Activa,Antioquia,San Roque,6.4875,-75.017,820,5/15/1975,,Monchia,Magdalena Cauca,Medio Magdalena,Río Nare,2012,02,Andes,Preliminar,0,0,0,2.51401114463806,2.51401114463806,0,13.4523468017578,3.75089693069458,3.05454540252686,6.04363632202148,5,10,0.869565188884735,0.876811623573303,1,1,7,1.10000002384186,0
02,2010-02-01,23080760,,"",SAN ROQUE [23080760],Pluviométrica,Convencional,Activa,Antioquia,San Roque,6.4875,-75.017,820,5/15/1975,,Monchia,Magdalena Cauca,Medio Magdalena,Río Nare,2010,01,Andes,Preliminar,0,0,0,0.0981435999274254,0.0981435999274254,0,0.179754570126534,0,3.05454540252686,6.04363632202148,5,10,0.869565188884735,0.876811623573303,1,1,7,1.10000002384186,0
02,2007-02-02,23080760,2,Definitivo,SAN ROQUE [23080760],Pluviométrica,Convencional,Activa,Antioquia,San Roque,6.4875,-75.017,820,5/15/1975,,Monchia,Magdalena Cauca,Medio Magdalena,Río Nare,2007,02,Andes,Definitivo,2,2,0,0,0,0,0.142075255513191,0.0775405690073967,3.05454540252686,6.04363632202148,5,10,0.869565188884735,0.876811623573303,1,1,7,1.10000002384186,2.20000004768372
02,2005-02-01,23080760,,"",SAN ROQUE [23080760],Pluviométrica,Convencional,Activa,Antioquia,San Roque,6.4875,-75.017,820,5/15/1975,,Monchia,Magdalena Cauca,Medio Magdalena,Río Nare,2005,01,Andes,Preliminar,0,0,0,1.10206305980682,1.10206305980682,0,3.07798981666565,0.615561008453369,3.05454540252686,6.04363632202148,5,10,0.869565188884735,0.876811623573303,1,1,7,1.10000002384186,0
03,2016-03-30,23080760,0,Definitivo,SAN ROQUE [23080760],Pluviométrica,Convencional,Activa,Antioquia,San Roque,6.4875,-75.017,820,5/15/1975,,Monchia,Magdalena Cauca,Medio Magdalena,Río Nare,2016,30,Andes,Definitivo,0,0,0,1.71865725517273,1.71865725517273,10.5154714584351,5.0210919380188,7.05744361877441,3.05454540252686,6.04363632202148,5,10,0.869565188884735,0.876811623573303,1,1,18,1.08000004291534,0
03,2014-03-29,23080760,0,Definitivo,SAN ROQUE [23080760],Pluviométrica,Convencional,Activa,Antioquia,San Roque,6.4875,-75.017,820,5/15/1975,,Monchia,Magdalena Cauca,Medio Magdalena,Río Nare,2014,29,Andes,Definitivo,0,0,0,0.533835709095001,0.533835709095001,0,1.79889726638794,0,3.05454540252686,6.04363632202148,5,10,0.869565188884735,0.876811623573303,1,1,18,1.08000004291534,0
03,2011-03-30,23080760,3,Definitivo,SAN ROQUE [23080760],Pluviométrica,Convencional,Activa,Antioquia,San Roque,6.4875,-75.017,820,5/15/1975,,Monchia,Magdalena Cauca,Medio Magdalena,Río Nare,2011,30,Andes,Definitivo,3,3,0,0,0,9.40904331207275,8.20546722412109,5.01058483123779,3.05454540252686,6.04363632202148,5,10,0.869565188884735,0.876811623573303,1,1,18,1.08000004291534,3.24000012874603
03,2014-03-30,23080760,0,Definitivo,SAN ROQUE [23080760],Pluviométrica,Convencional,Activa,Antioquia,San Roque,6.4875,-75.017,820,5/15/1975,,Monchia,Magdalena Cauca,Medio Magdalena,Río Nare,2014,30,Andes,Definitivo,0,0,0,1.93313121795654,1.93313121795654,0,2.16939735412598,0.0070510464720428,3.05454540252686,6.04363632202148,5,10,0.869565188884735,0.876811623573303,1,1,18,1.08000004291534,0
03,2009-03-30,23080760,,"",SAN ROQUE [23080760],Pluviométrica,Convencional,Activa,Antioquia,San Roque,6.4875,-75.017,820,5/15/1975,,Monchia,Magdalena Cauca,Medio Magdalena,Río Nare,2009,30,Andes,Preliminar,0,0,0,3.03676462173462,3.03676462173462,28.9837112426758,9.84875774383545,22.416654586792,3.05454540252686,6.04363632202148,5,10,0.869565188884735,0.876811623573303,1,1,18,1.08000004291534,0
03,2011-03-31,23080760,,"",SAN ROQUE [23080760],Pluviométrica,Convencional,Activa,Antioquia,San Roque,6.4875,-75.017,820,5/15/1975,,Monchia,Magdalena Cauca,Medio Magdalena,Río Nare,2011,31,Andes,Preliminar,0,0,0,0,0,9.40904331207275,9.40578079223633,7.13941669464111,3.05454540252686,6.04363632202148,5,10,0.869565188884735,0.876811623573303,1,1,18,1.08000004291534,0
03,2016-03-31,23080760,0,Definitivo,SAN ROQUE [23080760],Pluviométrica,Convencional,Activa,Antioquia,San Roque,6.4875,-75.017,820,5/15/1975,,Monchia,Magdalena Cauca,Medio Magdalena,Río Nare,2016,31,Andes,Definitivo,0,0,0,2.33464360237122,2.33464360237122,0,8.49578189849854,3.89547419548035,3.05454540252686,6.04363632202148,5,10,0.869565188884735,0.876811623573303,1,1,18,1.08000004291534,0
03,2010-03-27,23080760,31,Definitivo,SAN ROQUE [23080760],Pluviométrica,Convencional,Activa,Antioquia,San Roque,6.4875,-75.017,820,5/15/1975,,Monchia,Magdalena Cauca,Medio Magdalena,Río Nare,2010,27,Andes,Definitivo,31,31,0,1.39305973052979,1.39305973052979,19.3908176422119,8.34019279479981,16.1890316009521,3.05454540252686,6.04363632202148,5,10,0.869565188884735,0.876811623573303,1,1,18,1.08000004291534,33.4800013303757
03,2016-03-29,23080760,,"",SAN ROQUE [23080760],Pluviométrica,Convencional,Activa,Antioquia,San Roque,6.4875,-75.017,820,5/15/1975,,Monchia,Magdalena Cauca,Medio Magdalena,Río Nare,2016,29,Andes,Preliminar,0,0,0,9.81499004364014,9.81499004364014,0,6.53309297561646,0.0566801130771637,3.05454540252686,6.04363632202148,5,10,0.869565188884735,0.876811623573303,1,1,18,1.08000004291534,0
03,2019-03-30,23080760,0,Definitivo,SAN ROQUE [23080760],Pluviométrica,Convencional,Activa,Antioquia,San Roque,6.4875,-75.017,820,5/15/1975,,Monchia,Magdalena Cauca,Medio Magdalena,Río Nare,2019,30,Andes,Definitivo,0,0,0,5.80227041244507,5.80227041244507,0,4.76988172531128,0.282279223203659,3.05454540252686,6.04363632202148,5,10,0.869565188884735,0.876811623573303,1,1,18,1.08000004291534,0
03,2009-03-31,23080760,38,Definitivo,SAN ROQUE [23080760],Pluviométrica,Convencional,Activa,Antioquia,San Roque,6.4875,-75.017,820,5/15/1975,,Monchia,Magdalena Cauca,Medio Magdalena,Río Nare,2009,31,Andes,Definitivo,38,38,0,9.36924457550049,9.36924457550049,9.66123676300049,25.7758045196533,43.1252212524414,3.05454540252686,6.04363632202148,5,10,0.869565188884735,0.876811623573303,1,1,18,1.08000004291534,41.0400016307831
03,2008-03-30,23080760,,"",SAN ROQUE [23080760],Pluviométrica,Convencional,Activa,Antioquia,San Roque,6.4875,-75.017,820,5/15/1975,,Monchia,Magdalena Cauca,Medio Magdalena,Río Nare,2008,30,Andes,Preliminar,0,0,0,7.33122253417969,7.33122253417969,6.31199836730957,2.63796973228455,0.406411021947861,3.05454540252686,6.04363632202148,5,10,0.869565188884735,0.876811623573303,1,1,18,1.08000004291534,0
03,2010-03-28,23080760,,"",SAN ROQUE [23080760],Pluviométrica,Convencional,Activa,Antioquia,San Roque,6.4875,-75.017,820,5/15/1975,,Monchia,Magdalena Cauca,Medio Magdalena,Río Nare,2010,28,Andes,Preliminar,0,0,0,2.50079441070557,2.50079441070557,6.46360588073731,5.98245239257813,0.188029110431671,3.05454540252686,6.04363632202148,5,10,0.869565188884735,0.876811623573303,1,1,18,1.08000004291534,0
03,2008-03-26,23080760,0,Definitivo,SAN ROQUE [23080760],Pluviométrica,Convencional,Activa,Antioquia,San Roque,6.4875,-75.017,820,5/15/1975,,Monchia,Magdalena Cauca,Medio Magdalena,Río Nare,2008,26,Andes,Definitivo,0,0,0,8.69431495666504,8.69431495666504,0,1.43936443328857,0.319221794605255,3.05454540252686,6.04363632202148,5,10,0.869565188884735,0.876811623573303,1,1,18,1.08000004291534,0
03,2008-03-31,23080760,4,Definitivo,SAN ROQUE [23080760],Pluviométrica,Convencional,Activa,Antioquia,San Roque,6.4875,-75.017,820,5/15/1975,,Monchia,Magdalena Cauca,Medio Magdalena,Río Nare,2008,31,Andes,Definitivo,4,4,0,3.06300902366638,3.06300902366638,0,11.5365552902222,6.56791305541992,3.05454540252686,6.04363632202148,5,10,0.869565188884735,0.876811623573303,1,1,18,1.08000004291534,4.32000017166138
03,2017-03-29,23080760,18,Definitivo,SAN ROQUE [23080760],Pluviométrica,Convencional,Activa,Antioquia,San Roque,6.4875,-75.017,820,5/15/1975,,Monchia,Magdalena Cauca,Medio Magdalena,Río Nare,2017,29,Andes,Definitivo,18,18,0,16.7568511962891,16.7568511962891,11.4088535308838,30.8545837402344,4.50058174133301,3.05454540252686,6.04363632202148,5,10,0.869565188884735,0.876811623573303,1,1,18,1.08000004291534,19.4400007724762
03,2009-03-29,23080760,20,Definitivo,SAN ROQUE [23080760],Pluviométrica,Convencional,Activa,Antioquia,San Roque,6.4875,-75.017,820,5/15/1975,,Monchia,Magdalena Cauca,Medio Magdalena,Río Nare,2009,29,Andes,Definitivo,20,20,0,8.96120262145996,8.96120262145996,0,25.0072422027588,12.4498472213745,3.05454540252686,6.04363632202148,5,10,0.869565188884735,0.876811623573303,1,1,18,1.08000004291534,21.6000008583069
03,2006-03-31,23080760,1,Definitivo,SAN ROQUE [23080760],Pluviométrica,Convencional,Activa,Antioquia,San Roque,6.4875,-75.017,820,5/15/1975,,Monchia,Magdalena Cauca,Medio Magdalena,Río Nare,2006,31,Andes,Definitivo,1,1,0,2.59170246124268,2.59170246124268,0,9.67500114440918,0.478058695793152,3.05454540252686,6.04363632202148,5,10,0.869565188884735,0.876811623573303,1,1,18,1.08000004291534,1.08000004291534
03,2013-03-30,23080760,6,Definitivo,SAN ROQUE [23080760],Pluviométrica,Convencional,Activa,Antioquia,San Roque,6.4875,-75.017,820,5/15/1975,,Monchia,Magdalena Cauca,Medio Magdalena,Río Nare,2013,30,Andes,Definitivo,6,6,0,2.4127995967865,2.4127995967865,11.9503574371338,3.15174961090088,0.04120884090662,3.05454540252686,6.04363632202148,5,10,0.869565188884735,0.876811623573303,1,1,18,1.08000004291534,6.48000025749207
03,2013-03-29,23080760,3,Definitivo,SAN ROQUE [23080760],Pluviométrica,Convencional,Activa,Antioquia,San Roque,6.4875,-75.017,820,5/15/1975,,Monchia,Magdalena Cauca,Medio Magdalena,Río Nare,2013,29,Andes,Definitivo,3,3,0,22.1373805999756,22.1373805999756,0,10.96497631073,7.22318696975708,3.05454540252686,6.04363632202148,5,10,0.869565188884735,0.876811623573303,1,1,18,1.08000004291534,3.24000012874603
03,2021-03-31,23080760,9,Definitivo,SAN ROQUE [23080760],Pluviométrica,Convencional,Activa,Antioquia,San Roque,6.4875,-75.017,820,5/15/1975,,Monchia,Magdalena Cauca,Medio Magdalena,Río Nare,2021,31,Andes,Definitivo,9,9,0,10.0909872055054,10.0909872055054,9.25119876861572,6.6476583480835,16.1016159057617,3.05454540252686,6.04363632202148,5,10,0.869565188884735,0.876811623573303,1,1,18,1.08000004291534,9.7200003862381
03,2019-03-31,23080760,19,Definitivo,SAN ROQUE [23080760],Pluviométrica,Convencional,Activa,Antioquia,San Roque,6.4875,-75.017,820,5/15/1975,,Monchia,Magdalena Cauca,Medio Magdalena,Río Nare,2019,31,Andes,Definitivo,19,19,0,2.46215343475342,2.46215343475342,0,2.76650285720825,1.30386579036713,3.05454540252686,6.04363632202148,5,10,0.869565188884735,0.876811623573303,1,1,18,1.08000004291534,20.5200008153915
03,2014-03-31,23080760,0,Definitivo,SAN ROQUE [23080760],Pluviométrica,Convencional,Activa,Antioquia,San Roque,6.4875,-75.017,820,5/15/1975,,Monchia,Magdalena Cauca,Medio Magdalena,Río Nare,2014,31,Andes,Definitivo,0,0,0,1.07562530040741,1.07562530040741,0,3.2002809047699,0.00961506180465221,3.05454540252686,6.04363632202148,5,10,0.869565188884735,0.876811623573303,1,1,18,1.08000004291534,0
03,2012-03-29,23080760,25,Definitivo,SAN ROQUE [23080760],Pluviométrica,Convencional,Activa,Antioquia,San Roque,6.4875,-75.017,820,5/15/1975,,Monchia,Magdalena Cauca,Medio Magdalena,Río Nare,2012,29,Andes,Definitivo,25,25,0,6.33120489120483,6.33120489120483,0,6.75569725036621,0.184654906392097,3.05454540252686,6.04363632202148,5,10,0.869565188884735,0.876811623573303,1,1,18,1.08000004291534,27.0000010728836
03,2012-03-30,23080760,,"",SAN ROQUE [23080760],Pluviométrica,Convencional,Activa,Antioquia,San Roque,6.4875,-75.017,820,5/15/1975,,Monchia,Magdalena Cauca,Medio Magdalena,Río Nare,2012,30,Andes,Preliminar,0,0,0,0.664093554019928,0.664093554019928,38.2620582580566,8.35871410369873,36.8982734680176,3.05454540252686,6.04363632202148,5,10,0.869565188884735,0.876811623573303,1,1,18,1.08000004291534,0
03,2008-03-29,23080760,,"",SAN ROQUE [23080760],Pluviométrica,Convencional,Activa,Antioquia,San Roque,6.4875,-75.017,820,5/15/1975,,Monchia,Magdalena Cauca,Medio Magdalena,Río Nare,2008,29,Andes,Preliminar,0,0,0,8.18381309509277,8.18381309509277,0,2.53993916511536,12.2240505218506,3.05454540252686,6.04363632202148,5,10,0.869565188884735,0.876811623573303,1,1,18,1.08000004291534,0
03,2007-03-29,23080760,10,Definitivo,SAN ROQUE [23080760],Pluviométrica,Convencional,Activa,Antioquia,San Roque,6.4875,-75.017,820,5/15/1975,,Monchia,Magdalena Cauca,Medio Magdalena,Río Nare,2007,29,Andes,Definitivo,10,10,0,7.18019723892212,7.18019723892212,11.146279335022,5.66292715072632,6.95549297332764,3.05454540252686,6.04363632202148,5,10,0.869565188884735,0.876811623573303,1,1,18,1.08000004291534,10.8000004291534
03,2007-03-28,23080760,0,Definitivo,SAN ROQUE [23080760],Pluviométrica,Convencional,Activa,Antioquia,San Roque,6.4875,-75.017,820,5/15/1975,,Monchia,Magdalena Cauca,Medio Magdalena,Río Nare,2007,28,Andes,Definitivo,0,0,0,3.89136528968811,3.89136528968811,0,8.70505809783936,1.82410299777985,3.05454540252686,6.04363632202148,5,10,0.869565188884735,0.876811623573303,1,1,18,1.08000004291534,0
03,2010-03-31,23080760,7,Definitivo,SAN ROQUE [23080760],Pluviométrica,Convencional,Activa,Antioquia,San Roque,6.4875,-75.017,820,5/15/1975,,Monchia,Magdalena Cauca,Medio Magdalena,Río Nare,2010,31,Andes,Definitivo,7,7,0,7.45762586593628,7.45762586593628,0,15.6720170974731,6.23753976821899,3.05454540252686,6.04363632202148,5,10,0.869565188884735,0.876811623573303,1,1,18,1.08000004291534,7.56000030040741
03,2013-03-26,23080760,,"",SAN ROQUE [23080760],Pluviométrica,Convencional,Activa,Antioquia,San Roque,6.4875,-75.017,820,5/15/1975,,Monchia,Magdalena Cauca,Medio Magdalena,Río Nare,2013,26,Andes,Preliminar,0,0,0,4.5420823097229,4.5420823097229,0,5.37338638305664,0.04120884090662,3.05454540252686,6.04363632202148,5,10,0.869565188884735,0.876811623573303,1,1,18,1.08000004291534,0
03,2006-03-30,23080760,0,Definitivo,SAN ROQUE [23080760],Pluviométrica,Convencional,Activa,Antioquia,San Roque,6.4875,-75.017,820,5/15/1975,,Monchia,Magdalena Cauca,Medio Magdalena,Río Nare,2006,30,Andes,Definitivo,0,0,0,8.47044181823731,8.47044181823731,29.5051574707031,8.25460147857666,6.82904529571533,3.05454540252686,6.04363632202148,5,10,0.869565188884735,0.876811623573303,1,1,18,1.08000004291534,0
03,2017-03-30,23080760,10,Definitivo,SAN ROQUE [23080760],Pluviométrica,Convencional,Activa,Antioquia,San Roque,6.4875,-75.017,820,5/15/1975,,Monchia,Magdalena Cauca,Medio Magdalena,Río Nare,2017,30,Andes,Definitivo,10,10,0,6.80613613128662,6.80613613128662,45.6354141235352,21.2992916107178,30.0929126739502,3.05454540252686,6.04363632202148,5,10,0.869565188884735,0.876811623573303,1,1,18,1.08000004291534,10.8000004291534
03,2008-03-27,23080760,5,Definitivo,SAN ROQUE [23080760],Pluviométrica,Convencional,Activa,Antioquia,San Roque,6.4875,-75.017,820,5/15/1975,,Monchia,Magdalena Cauca,Medio Magdalena,Río Nare,2008,27,Andes,Definitivo,5,5,0,7.42069244384766,7.42069244384766,0,2.63777899742126,2.50413608551025,3.05454540252686,6.04363632202148,5,10,0.869565188884735,0.876811623573303,1,1,18,1.08000004291534,5.40000021457672
03,2010-03-30,23080760,4,Definitivo,SAN ROQUE [23080760],Pluviométrica,Convencional,Activa,Antioquia,San Roque,6.4875,-75.017,820,5/15/1975,,Monchia,Magdalena Cauca,Medio Magdalena,Río Nare,2010,30,Andes,Definitivo,4,4,0,23.0386371612549,23.0386371612549,19.3908176422119,29.7481346130371,55.3240394592285,3.05454540252686,6.04363632202148,5,10,0.869565188884735,0.876811623573303,1,1,18,1.08000004291534,4.32000017166138
03,2012-03-31,23080760,,"",SAN ROQUE [23080760],Pluviométrica,Convencional,Activa,Antioquia,San Roque,6.4875,-75.017,820,5/15/1975,,Monchia,Magdalena Cauca,Medio Magdalena,Río Nare,2012,31,Andes,Preliminar,0,0,0,1.80373108386993,1.80373108386993,0,0.733599305152893,0.052927277982235,3.05454540252686,6.04363632202148,5,10,0.869565188884735,0.876811623573303,1,1,18,1.08000004291534,0
03,2023-03-30,23080760,5,Definitivo,SAN ROQUE [23080760],Pluviométrica,Convencional,Activa,Antioquia,San Roque,6.4875,-75.017,820,5/15/1975,,Monchia,Magdalena Cauca,Medio Magdalena,Río Nare,2023,30,Andes,Definitivo,5,5,0,1.48275852203369,1.48275852203369,0,26.2859477996826,11.5983362197876,3.05454540252686,6.04363632202148,5,10,0.869565188884735,0.876811623573303,1,1,18,1.08000004291534,5.40000021457672
03,2023-03-29,23080760,25,Definitivo,SAN ROQUE [23080760],Pluviométrica,Convencional,Activa,Antioquia,San Roque,6.4875,-75.017,820,5/15/1975,,Monchia,Magdalena Cauca,Medio Magdalena,Río Nare,2023,29,Andes,Definitivo,25,25,0,7.50552082061768,7.50552082061768,25.8718070983887,31.0286521911621,28.0686435699463,3.05454540252686,6.04363632202148,5,10,0.869565188884735,0.876811623573303,1,1,18,1.08000004291534,27.0000010728836
03,2006-03-26,23080760,,"",SAN ROQUE [23080760],Pluviométrica,Convencional,Activa,Antioquia,San Roque,6.4875,-75.017,820,5/15/1975,,Monchia,Magdalena Cauca,Medio Magdalena,Río Nare,2006,26,Andes,Preliminar,0,0,0,4.44066095352173,4.44066095352173,0,16.0965480804443,21.7114810943604,3.05454540252686,6.04363632202148,5,10,0.869565188884735,0.876811623573303,1,1,18,1.08000004291534,0
03,2020-03-31,23080760,45,Definitivo,SAN ROQUE [23080760],Pluviométrica,Convencional,Activa,Antioquia,San Roque,6.4875,-75.017,820,5/15/1975,,Monchia,Magdalena Cauca,Medio Magdalena,Río Nare,2020,31,Andes,Definitivo,45,45,0,2.42523002624512,2.42523002624512,0,0,0,3.05454540252686,6.04363632202148,5,10,0.869565188884735,0.876811623573303,1,1,18,1.08000004291534,48.6000019311905
03,2013-03-27,23080760,13,Definitivo,SAN ROQUE [23080760],Pluviométrica,Convencional,Activa,Antioquia,San Roque,6.4875,-75.017,820,5/15/1975,,Monchia,Magdalena Cauca,Medio Magdalena,Río Nare,2013,27,Andes,Definitivo,13,13,0,1.28073728084564,1.28073728084564,0,6.46273803710938,1.45851314067841,3.05454540252686,6.04363632202148,5,10,0.869565188884735,0.876811623573303,1,1,18,1.08000004291534,14.0400005578995
03,2013-03-28,23080760,10,Definitivo,SAN ROQUE [23080760],Pluviométrica,Convencional,Activa,Antioquia,San Roque,6.4875,-75.017,820,5/15/1975,,Monchia,Magdalena Cauca,Medio Magdalena,Río Nare,2013,28,Andes,Definitivo,10,10,0,3.59097647666931,3.59097647666931,11.9503574371338,11.189847946167,21.5433502197266,3.05454540252686,6.04363632202148,5,10,0.869565188884735,0.876811623573303,1,1,18,1.08000004291534,10.8000004291534
03,2022-03-29,23080760,2,Definitivo,SAN ROQUE [23080760],Pluviométrica,Convencional,Activa,Antioquia,San Roque,6.4875,-75.017,820,5/15/1975,,Monchia,Magdalena Cauca,Medio Magdalena,Río Nare,2022,29,Andes,Definitivo,2,2,0,4.54963636398315,4.54963636398315,23.5837154388428,23.1534156799316,52.0000839233398,3.05454540252686,6.04363632202148,5,10,0.869565188884735,0.876811623573303,1,1,18,1.08000004291534,2.16000008583069
03,2006-03-27,23080760,27,Definitivo,SAN ROQUE [23080760],Pluviométrica,Convencional,Activa,Antioquia,San Roque,6.4875,-75.017,820,5/15/1975,,Monchia,Magdalena Cauca,Medio Magdalena,Río Nare,2006,27,Andes,Definitivo,27,27,0,11.6468591690063,11.6468591690063,0,10.6804599761963,0.529840648174286,3.05454540252686,6.04363632202148,5,10,0.869565188884735,0.876811623573303,1,1,18,1.08000004291534,29.1600011587143
03,2005-03-31,23080760,,"",SAN ROQUE [23080760],Pluviométrica,Convencional,Activa,Antioquia,San Roque,6.4875,-75.017,820,5/15/1975,,Monchia,Magdalena Cauca,Medio Magdalena,Río Nare,2005,31,Andes,Preliminar,0,0,0,2.87886738777161,2.87886738777161,0,6.21400594711304,0.113469660282135,3.05454540252686,6.04363632202148,5,10,0.869565188884735,0.876811623573303,1,1,18,1.08000004291534,0
03,2006-03-29,23080760,,"",SAN ROQUE [23080760],Pluviométrica,Convencional,Activa,Antioquia,San Roque,6.4875,-75.017,820,5/15/1975,,Monchia,Magdalena Cauca,Medio Magdalena,Río Nare,2006,29,Andes,Preliminar,0,0,0,3.72162175178528,3.72162175178528,0,0.206258550286293,0,3.05454540252686,6.04363632202148,5,10,0.869565188884735,0.876811623573303,1,1,18,1.08000004291534,0
03,2007-03-27,23080760,,"",SAN ROQUE [23080760],Pluviométrica,Convencional,Activa,Antioquia,San Roque,6.4875,-75.017,820,5/15/1975,,Monchia,Magdalena Cauca,Medio Magdalena,Río Nare,2007,27,Andes,Preliminar,0,0,0,16.1981258392334,16.1981258392334,0,18.1504154205322,3.53989887237549,3.05454540252686,6.04363632202148,5,10,0.869565188884735,0.876811623573303,1,1,18,1.08000004291534,0
03,2023-03-31,23080760,3,Definitivo,SAN ROQUE [23080760],Pluviométrica,Convencional,Activa,Antioquia,San Roque,6.4875,-75.017,820,5/15/1975,,Monchia,Magdalena Cauca,Medio Magdalena,Río Nare,2023,31,Andes,Definitivo,3,3,0,0.88651168346405,0.88651168346405,25.8718070983887,18.0056018829346,7.57189512252808,3.05454540252686,6.04363632202148,5,10,0.869565188884735,0.876811623573303,1,1,18,1.08000004291534,3.24000012874603
03,2007-03-23,23080760,33,Definitivo,SAN ROQUE [23080760],Pluviométrica,Convencional,Activa,Antioquia,San Roque,6.4875,-75.017,820,5/15/1975,,Monchia,Magdalena Cauca,Medio Magdalena,Río Nare,2007,23,Andes,Definitivo,33,33,0,11.1705446243286,11.1705446243286,5.36371517181397,24.4597034454346,22.5596599578857,3.05454540252686,6.04363632202148,5,10,0.869565188884735,0.876811623573303,1,1,17,1.08000004291534,35.6400014162064
03,2008-03-28,23080760,,"",SAN ROQUE [23080760],Pluviométrica,Convencional,Activa,Antioquia,San Roque,6.4875,-75.017,820,5/15/1975,,Monchia,Magdalena Cauca,Medio Magdalena,Río Nare,2008,28,Andes,Preliminar,0,0,0,4.45767784118652,4.45767784118652,12.6239967346191,2.12305951118469,0.892932176589966,3.05454540252686,6.04363632202148,5,10,0.869565188884735,0.876811623573303,1,1,18,1.08000004291534,0
03,2011-03-27,23080760,,"",SAN ROQUE [23080760],Pluviométrica,Convencional,Activa,Antioquia,San Roque,6.4875,-75.017,820,5/15/1975,,Monchia,Magdalena Cauca,Medio Magdalena,Río Nare,2011,27,Andes,Preliminar,0,0,0,1.59524297714233,1.59524297714233,0,6.6066517829895,0.0764805749058723,3.05454540252686,6.04363632202148,5,10,0.869565188884735,0.876811623573303,1,1,18,1.08000004291534,0
03,2005-03-28,23080760,5,Definitivo,SAN ROQUE [23080760],Pluviométrica,Convencional,Activa,Antioquia,San Roque,6.4875,-75.017,820,5/15/1975,,Monchia,Magdalena Cauca,Medio Magdalena,Río Nare,2005,28,Andes,Definitivo,5,5,0,7.37684011459351,7.37684011459351,0,7.4410400390625,9.99713897705078,3.05454540252686,6.04363632202148,5,10,0.869565188884735,0.876811623573303,1,1,18,1.08000004291534,5.40000021457672
03,2022-03-30,23080760,4,Definitivo,SAN ROQUE [23080760],Pluviométrica,Convencional,Activa,Antioquia,San Roque,6.4875,-75.017,820,5/15/1975,,Monchia,Magdalena Cauca,Medio Magdalena,Río Nare,2022,30,Andes,Definitivo,4,4,0,5.03955316543579,5.03955316543579,23.5837154388428,12.9675674438477,20.8507194519043,3.05454540252686,6.04363632202148,5,10,0.869565188884735,0.876811623573303,1,1,18,1.08000004291534,4.32000017166138
03,2019-03-27,23080760,0,Definitivo,SAN ROQUE [23080760],Pluviométrica,Convencional,Activa,Antioquia,San Roque,6.4875,-75.017,820,5/15/1975,,Monchia,Magdalena Cauca,Medio Magdalena,Río Nare,2019,27,Andes,Definitivo,0,0,0,0.868281185626984,0.868281185626984,0,5.91948461532593,0.626679539680481,3.05454540252686,6.04363632202148,5,10,0.869565188884735,0.876811623573303,1,1,18,1.08000004291534,0
03,2018-03-31,23080760,29,Definitivo,SAN ROQUE [23080760],Pluviométrica,Convencional,Activa,Antioquia,San Roque,6.4875,-75.017,820,5/15/1975,,Monchia,Magdalena Cauca,Medio Magdalena,Río Nare,2018,31,Andes,Definitivo,29,29,0,19.6411266326904,19.6411266326904,18.1942958831787,31.6143283843994,25.7249603271484,3.05454540252686,6.04363632202148,5,10,0.869565188884735,0.876811623573303,1,1,18,1.08000004291534,31.320001244545
03,2015-03-30,23080760,,"",SAN ROQUE [23080760],Pluviométrica,Convencional,Activa,Antioquia,San Roque,6.4875,-75.017,820,5/15/1975,,Monchia,Magdalena Cauca,Medio Magdalena,Río Nare,2015,30,Andes,Preliminar,0,0,0,6.37932634353638,6.37932634353638,0,15.7944974899292,2.05239272117615,3.05454540252686,6.04363632202148,5,10,0.869565188884735,0.876811623573303,1,1,18,1.08000004291534,0
03,2010-03-29,23080760,7,Definitivo,SAN ROQUE [23080760],Pluviométrica,Convencional,Activa,Antioquia,San Roque,6.4875,-75.017,820,5/15/1975,,Monchia,Magdalena Cauca,Medio Magdalena,Río Nare,2010,29,Andes,Definitivo,7,7,0,5.72329521179199,5.72329521179199,6.46360588073731,8.30842590332031,0.676763534545898,3.05454540252686,6.04363632202148,5,10,0.869565188884735,0.876811623573303,1,1,18,1.08000004291534,7.56000030040741
03,2006-03-25,23080760,18,Definitivo,SAN ROQUE [23080760],Pluviométrica,Convencional,Activa,Antioquia,San Roque,6.4875,-75.017,820,5/15/1975,,Monchia,Magdalena Cauca,Medio Magdalena,Río Nare,2006,25,Andes,Definitivo,18,18,0,4.46252870559692,4.46252870559692,23.3069095611572,42.0048408508301,8.10513114929199,3.05454540252686,6.04363632202148,5,10,0.869565188884735,0.876811623573303,1,1,17,1.08000004291534,19.4400007724762
03,2007-03-24,23080760,,"",SAN ROQUE [23080760],Pluviométrica,Convencional,Activa,Antioquia,San Roque,6.4875,-75.017,820,5/15/1975,,Monchia,Magdalena Cauca,Medio Magdalena,Río Nare,2007,24,Andes,Preliminar,0,0,0,3.37890100479126,3.37890100479126,10.7274303436279,12.2141103744507,13.9313869476318,3.05454540252686,6.04363632202148,5,10,0.869565188884735,0.876811623573303,1,1,17,1.08000004291534,0
03,2021-03-29,23080760,56,Definitivo,SAN ROQUE [23080760],Pluviométrica,Convencional,Activa,Antioquia,San Roque,6.4875,-75.017,820,5/15/1975,,Monchia,Magdalena Cauca,Medio Magdalena,Río Nare,2021,29,Andes,Definitivo,56,56,0,7.09818124771118,7.09818124771118,0,3.59665274620056,3.82145524024963,3.05454540252686,6.04363632202148,5,10,0.869565188884735,0.876811623573303,1,1,18,1.08000004291534,60.4800024032593
03,2005-03-27,23080760,4,Definitivo,SAN ROQUE [23080760],Pluviométrica,Convencional,Activa,Antioquia,San Roque,6.4875,-75.017,820,5/15/1975,,Monchia,Magdalena Cauca,Medio Magdalena,Río Nare,2005,27,Andes,Definitivo,4,4,0,6.36076879501343,6.36076879501343,28.1607646942139,10.0690755844116,29.7255859375,3.05454540252686,6.04363632202148,5,10,0.869565188884735,0.876811623573303,1,1,18,1.08000004291534,4.32000017166138
03,2017-03-31,23080760,50,Definitivo,SAN ROQUE [23080760],Pluviométrica,Convencional,Activa,Antioquia,San Roque,6.4875,-75.017,820,5/15/1975,,Monchia,Magdalena Cauca,Medio Magdalena,Río Nare,2017,31,Andes,Definitivo,50,50,0,11.0945224761963,11.0945224761963,0,23.3344211578369,7.79739141464233,3.05454540252686,6.04363632202148,5,10,0.869565188884735,0.876811623573303,1,1,18,1.08000004291534,54.0000021457672
03,2020-03-29,23080760,7,Definitivo,SAN ROQUE [23080760],Pluviométrica,Convencional,Activa,Antioquia,San Roque,6.4875,-75.017,820,5/15/1975,,Monchia,Magdalena Cauca,Medio Magdalena,Río Nare,2020,29,Andes,Definitivo,7,7,0,2.85427117347717,2.85427117347717,0,0,0,3.05454540252686,6.04363632202148,5,10,0.869565188884735,0.876811623573303,1,1,18,1.08000004291534,7.56000030040741
03,2006-03-28,23080760,,"",SAN ROQUE [23080760],Pluviométrica,Convencional,Activa,Antioquia,San Roque,6.4875,-75.017,820,5/15/1975,,Monchia,Magdalena Cauca,Medio Magdalena,Río Nare,2006,28,Andes,Preliminar,0,0,0,1.53289711475372,1.53289711475372,14.7525787353516,1.39854764938355,16.762996673584,3.05454540252686,6.04363632202148,5,10,0.869565188884735,0.876811623573303,1,1,18,1.08000004291534,0
03,2011-03-28,23080760,14,Definitivo,SAN ROQUE [23080760],Pluviométrica,Convencional,Activa,Antioquia,San Roque,6.4875,-75.017,820,5/15/1975,,Monchia,Magdalena Cauca,Medio Magdalena,Río Nare,2011,28,Andes,Definitivo,14,14,0,0.0290044210851192,0.0290044210851192,0,4.44087934494019,0.956553041934967,3.05454540252686,6.04363632202148,5,10,0.869565188884735,0.876811623573303,1,1,18,1.08000004291534,15.1200006008148
03,2018-03-30,23080760,0,Definitivo,SAN ROQUE [23080760],Pluviométrica,Convencional,Activa,Antioquia,San Roque,6.4875,-75.017,820,5/15/1975,,Monchia,Magdalena Cauca,Medio Magdalena,Río Nare,2018,30,Andes,Definitivo,0,0,0,2.27004933357239,2.27004933357239,9.09714794158936,14.4549875259399,2.07800221443176,3.05454540252686,6.04363632202148,5,10,0.869565188884735,0.876811623573303,1,1,18,1.08000004291534,0
03,2005-03-30,23080760,0,Definitivo,SAN ROQUE [23080760],Pluviométrica,Convencional,Activa,Antioquia,San Roque,6.4875,-75.017,820,5/15/1975,,Monchia,Magdalena Cauca,Medio Magdalena,Río Nare,2005,30,Andes,Definitivo,0,0,0,3.8825466632843,3.8825466632843,0,12.0866947174072,1.99863147735596,3.05454540252686,6.04363632202148,5,10,0.869565188884735,0.876811623573303,1,1,18,1.08000004291534,0
03,2003-03-31,23080760,,"",SAN ROQUE [23080760],Pluviométrica,Convencional,Activa,Antioquia,San Roque,6.4875,-75.017,820,5/15/1975,,Monchia,Magdalena Cauca,Medio Magdalena,Río Nare,2003,31,Andes,Preliminar,0,0,0,10.4667091369629,10.4667091369629,15.1885318756104,20.7703971862793,1.83732688426971,3.05454540252686,6.04363632202148,5,10,0.869565188884735,0.876811623573303,1,1,18,1.08000004291534,0
03,2004-03-28,23080760,,"",SAN ROQUE [23080760],Pluviométrica,Convencional,Activa,Antioquia,San Roque,6.4875,-75.017,820,5/15/1975,,Monchia,Magdalena Cauca,Medio Magdalena,Río Nare,2004,28,Andes,Preliminar,0,0,0,6.64294719696045,6.64294719696045,0,10.0336961746216,2.91642546653748,3.05454540252686,6.04363632202148,5,10,0.869565188884735,0.876811623573303,1,1,18,1.08000004291534,0
03,2023-03-28,23080760,30,Definitivo,SAN ROQUE [23080760],Pluviométrica,Convencional,Activa,Antioquia,San Roque,6.4875,-75.017,820,5/15/1975,,Monchia,Magdalena Cauca,Medio Magdalena,Río Nare,2023,28,Andes,Definitivo,30,30,0,21.9866790771484,21.9866790771484,38.8077087402344,36.4333419799805,53.5181884765625,3.05454540252686,6.04363632202148,5,10,0.869565188884735,0.876811623573303,1,1,18,1.08000004291534,32.4000012874603
03,2023-03-26,23080760,14,Definitivo,SAN ROQUE [23080760],Pluviométrica,Convencional,Activa,Antioquia,San Roque,6.4875,-75.017,820,5/15/1975,,Monchia,Magdalena Cauca,Medio Magdalena,Río Nare,2023,26,Andes,Definitivo,14,14,0,4.73657989501953,4.73657989501953,25.8718070983887,21.0648956298828,15.6278810501099,3.05454540252686,6.04363632202148,5,10,0.869565188884735,0.876811623573303,1,1,18,1.08000004291534,15.1200006008148
03,2008-03-19,23080760,,"",SAN ROQUE [23080760],Pluviométrica,Convencional,Activa,Antioquia,San Roque,6.4875,-75.017,820,5/15/1975,,Monchia,Magdalena Cauca,Medio Magdalena,Río Nare,2008,19,Andes,Preliminar,0,0,0,2.65495371818543,2.65495371818543,0,6.03281164169312,0.07700015604496,3.05454540252686,6.04363632202148,5,10,0.869565188884735,0.876811623573303,1,1,16,1.08000004291534,0
03,2008-03-20,23080760,0,Definitivo,SAN ROQUE [23080760],Pluviométrica,Convencional,Activa,Antioquia,San Roque,6.4875,-75.017,820,5/15/1975,,Monchia,Magdalena Cauca,Medio Magdalena,Río Nare,2008,20,Andes,Definitivo,0,0,0,3.36540198326111,3.36540198326111,4.12653923034668,4.30188322067261,0.803205490112305,3.05454540252686,6.04363632202148,5,10,0.869565188884735,0.876811623573303,1,1,16,1.08000004291534,0
03,2009-03-26,23080760,,"",SAN ROQUE [23080760],Pluviométrica,Convencional,Activa,Antioquia,San Roque,6.4875,-75.017,820,5/15/1975,,Monchia,Magdalena Cauca,Medio Magdalena,Río Nare,2009,26,Andes,Preliminar,0,0,0,12.0293560028076,12.0293560028076,0,23.2707672119141,7.36177778244019,3.05454540252686,6.04363632202148,5,10,0.869565188884735,0.876811623573303,1,1,18,1.08000004291534,0
03,2016-03-26,23080760,0,Definitivo,SAN ROQUE [23080760],Pluviométrica,Convencional,Activa,Antioquia,San Roque,6.4875,-75.017,820,5/15/1975,,Monchia,Magdalena Cauca,Medio Magdalena,Río Nare,2016,26,Andes,Definitivo,0,0,0,0,0,0,0.160520881414413,0,3.05454540252686,6.04363632202148,5,10,0.869565188884735,0.876811623573303,1,1,18,1.08000004291534,0
03,2015-03-31,23080760,24,Definitivo,SAN ROQUE [23080760],Pluviométrica,Convencional,Activa,Antioquia,San Roque,6.4875,-75.017,820,5/15/1975,,Monchia,Magdalena Cauca,Medio Magdalena,Río Nare,2015,31,Andes,Definitivo,24,24,0,1.8008873462677,1.8008873462677,4.30322217941284,19.3125476837158,33.3820571899414,3.05454540252686,6.04363632202148,5,10,0.869565188884735,0.876811623573303,1,1,18,1.08000004291534,25.9200010299683
03,2022-03-31,23080760,23,Definitivo,SAN ROQUE [23080760],Pluviométrica,Convencional,Activa,Antioquia,San Roque,6.4875,-75.017,820,5/15/1975,,Monchia,Magdalena Cauca,Medio Magdalena,Río Nare,2022,31,Andes,Definitivo,23,23,0,19.2286434173584,19.2286434173584,7.86123895645142,15.2520112991333,4.5211706161499,3.05454540252686,6.04363632202148,5,10,0.869565188884735,0.876811623573303,1,1,18,1.08000004291534,24.8400009870529
03,2013-03-31,23080760,9,Definitivo,SAN ROQUE [23080760],Pluviométrica,Convencional,Activa,Antioquia,San Roque,6.4875,-75.017,820,5/15/1975,,Monchia,Magdalena Cauca,Medio Magdalena,Río Nare,2013,31,Andes,Definitivo,9,9,0,0.513836681842804,0.513836681842804,11.9503574371338,8.04344177246094,14.8786659240723,3.05454540252686,6.04363632202148,5,10,0.869565188884735,0.876811623573303,1,1,18,1.08000004291534,9.7200003862381
03,2007-03-31,23080760,7,Definitivo,SAN ROQUE [23080760],Pluviométrica,Convencional,Activa,Antioquia,San Roque,6.4875,-75.017,820,5/15/1975,,Monchia,Magdalena Cauca,Medio Magdalena,Río Nare,2007,31,Andes,Definitivo,7,7,0,10.6548099517822,10.6548099517822,16.7194194793701,7.28563594818115,19.4485816955566,3.05454540252686,6.04363632202148,5,10,0.869565188884735,0.876811623573303,1,1,18,1.08000004291534,7.56000030040741
03,2012-03-27,23080760,,"",SAN ROQUE [23080760],Pluviométrica,Convencional,Activa,Antioquia,San Roque,6.4875,-75.017,820,5/15/1975,,Monchia,Magdalena Cauca,Medio Magdalena,Río Nare,2012,27,Andes,Preliminar,0,0,0,7.28201389312744,7.28201389312744,0,8.16428375244141,0.672486305236816,3.05454540252686,6.04363632202148,5,10,0.869565188884735,0.876811623573303,1,1,18,1.08000004291534,0
03,2017-03-26,23080760,19,Definitivo,SAN ROQUE [23080760],Pluviométrica,Convencional,Activa,Antioquia,San Roque,6.4875,-75.017,820,5/15/1975,,Monchia,Magdalena Cauca,Medio Magdalena,Río Nare,2017,26,Andes,Definitivo,19,19,0,7.2402286529541,7.2402286529541,57.0442619323731,31.6047191619873,77.9700393676758,3.05454540252686,6.04363632202148,5,10,0.869565188884735,0.876811623573303,1,1,18,1.08000004291534,20.5200008153915
03,2019-03-28,23080760,10,Definitivo,SAN ROQUE [23080760],Pluviométrica,Convencional,Activa,Antioquia,San Roque,6.4875,-75.017,820,5/15/1975,,Monchia,Magdalena Cauca,Medio Magdalena,Río Nare,2019,28,Andes,Definitivo,10,10,0,2.75911092758179,2.75911092758179,0,8.83605766296387,7.75069189071655,3.05454540252686,6.04363632202148,5,10,0.869565188884735,0.876811623573303,1,1,18,1.08000004291534,10.8000004291534
03,2005-03-26,23080760,55,Definitivo,SAN ROQUE [23080760],Pluviométrica,Convencional,Activa,Antioquia,San Roque,6.4875,-75.017,820,5/15/1975,,Monchia,Magdalena Cauca,Medio Magdalena,Río Nare,2005,26,Andes,Definitivo,55,55,0,3.84537363052368,3.84537363052368,0,5.48218584060669,5.56675052642822,3.05454540252686,6.04363632202148,5,10,0.869565188884735,0.876811623573303,1,1,18,1.08000004291534,59.4000023603439
03,2006-03-24,23080760,3,Definitivo,SAN ROQUE [23080760],Pluviométrica,Convencional,Activa,Antioquia,San Roque,6.4875,-75.017,820,5/15/1975,,Monchia,Magdalena Cauca,Medio Magdalena,Río Nare,2006,24,Andes,Definitivo,3,3,0,9.14575481414795,9.14575481414795,23.3069095611572,42.3271331787109,9.06221389770508,3.05454540252686,6.04363632202148,5,10,0.869565188884735,0.876811623573303,1,1,17,1.08000004291534,3.24000012874603
03,2023-03-23,23080760,0,Definitivo,SAN ROQUE [23080760],Pluviométrica,Convencional,Activa,Antioquia,San Roque,6.4875,-75.017,820,5/15/1975,,Monchia,Magdalena Cauca,Medio Magdalena,Río Nare,2023,23,Andes,Definitivo,0,0,0,1.89818918704987,1.89818918704987,0,20.3761463165283,0,3.05454540252686,6.04363632202148,5,10,0.869565188884735,0.876811623573303,1,1,17,1.08000004291534,0
03,2021-03-23,23080760,3,Definitivo,SAN ROQUE [23080760],Pluviométrica,Convencional,Activa,Antioquia,San Roque,6.4875,-75.017,820,5/15/1975,,Monchia,Magdalena Cauca,Medio Magdalena,Río Nare,2021,23,Andes,Definitivo,3,3,0,4.74877309799194,4.74877309799194,0,37.530445098877,2.25267791748047,3.05454540252686,6.04363632202148,5,10,0.869565188884735,0.876811623573303,1,1,17,1.08000004291534,3.24000012874603
03,2007-03-25,23080760,34,Definitivo,SAN ROQUE [23080760],Pluviométrica,Convencional,Activa,Antioquia,San Roque,6.4875,-75.017,820,5/15/1975,,Monchia,Magdalena Cauca,Medio Magdalena,Río Nare,2007,25,Andes,Definitivo,34,34,0,3.01075220108032,3.01075220108032,5.36371517181397,19.2619781494141,13.2004222869873,3.05454540252686,6.04363632202148,5,10,0.869565188884735,0.876811623573303,1,1,17,1.08000004291534,36.7200014591217
03,2009-03-27,23080760,,"",SAN ROQUE [23080760],Pluviométrica,Convencional,Activa,Antioquia,San Roque,6.4875,-75.017,820,5/15/1975,,Monchia,Magdalena Cauca,Medio Magdalena,Río Nare,2009,27,Andes,Preliminar,0,0,0,4.92003011703491,4.92003011703491,9.66123676300049,7.96283149719238,2.20969223976135,3.05454540252686,6.04363632202148,5,10,0.869565188884735,0.876811623573303,1,1,18,1.08000004291534,0
03,2011-03-29,23080760,18,Definitivo,SAN ROQUE [23080760],Pluviométrica,Convencional,Activa,Antioquia,San Roque,6.4875,-75.017,820,5/15/1975,,Monchia,Magdalena Cauca,Medio Magdalena,Río Nare,2011,29,Andes,Definitivo,18,18,0,1.94329631328583,1.94329631328583,9.40904331207275,10.1310472488403,14.6065788269043,3.05454540252686,6.04363632202148,5,10,0.869565188884735,0.876811623573303,1,1,18,1.08000004291534,19.4400007724762
03,2018-03-29,23080760,4,Definitivo,SAN ROQUE [23080760],Pluviométrica,Convencional,Activa,Antioquia,San Roque,6.4875,-75.017,820,5/15/1975,,Monchia,Magdalena Cauca,Medio Magdalena,Río Nare,2018,29,Andes,Definitivo,4,4,0,4.12742280960083,4.12742280960083,18.1942958831787,8.83121681213379,36.8906173706055,3.05454540252686,6.04363632202148,5,10,0.869565188884735,0.876811623573303,1,1,18,1.08000004291534,4.32000017166138
03,2020-03-30,23080760,29,Definitivo,SAN ROQUE [23080760],Pluviométrica,Convencional,Activa,Antioquia,San Roque,6.4875,-75.017,820,5/15/1975,,Monchia,Magdalena Cauca,Medio Magdalena,Río Nare,2020,30,Andes,Definitivo,29,29,0,0.912652015686035,0.912652015686035,0,0,0,3.05454540252686,6.04363632202148,5,10,0.869565188884735,0.876811623573303,1,1,18,1.08000004291534,31.320001244545
03,2014-03-28,23080760,0,Definitivo,SAN ROQUE [23080760],Pluviométrica,Convencional,Activa,Antioquia,San Roque,6.4875,-75.017,820,5/15/1975,,Monchia,Magdalena Cauca,Medio Magdalena,Río Nare,2014,28,Andes,Definitivo,0,0,0,0.247431844472885,0.247431844472885,0,0.095077782869339,0,3.05454540252686,6.04363632202148,5,10,0.869565188884735,0.876811623573303,1,1,18,1.08000004291534,0
03,2005-03-29,23080760,2,Definitivo,SAN ROQUE [23080760],Pluviométrica,Convencional,Activa,Antioquia,San Roque,6.4875,-75.017,820,5/15/1975,,Monchia,Magdalena Cauca,Medio Magdalena,Río Nare,2005,29,Andes,Definitivo,2,2,0,5.86925506591797,5.86925506591797,14.0803823471069,10.2579965591431,4.14941883087158,3.05454540252686,6.04363632202148,5,10,0.869565188884735,0.876811623573303,1,1,18,1.08000004291534,2.16000008583069
03,2003-03-30,23080760,37,Definitivo,SAN ROQUE [23080760],Pluviométrica,Convencional,Activa,Antioquia,San Roque,6.4875,-75.017,820,5/15/1975,,Monchia,Magdalena Cauca,Medio Magdalena,Río Nare,2003,30,Andes,Definitivo,37,37,0,6.99429512023926,6.99429512023926,15.1885318756104,20.3606014251709,18.5157604217529,3.05454540252686,6.04363632202148,5,10,0.869565188884735,0.876811623573303,1,1,18,1.08000004291534,39.9600015878677
03,2004-03-27,23080760,0,Definitivo,SAN ROQUE [23080760],Pluviométrica,Convencional,Activa,Antioquia,San Roque,6.4875,-75.017,820,5/15/1975,,Monchia,Magdalena Cauca,Medio Magdalena,Río Nare,2004,27,Andes,Definitivo,0,0,0,1.98160994052887,1.98160994052887,18.7697830200195,10.1593236923218,11.3806409835815,3.05454540252686,6.04363632202148,5,10,0.869565188884735,0.876811623573303,1,1,18,1.08000004291534,0
03,2019-03-29,23080760,0,Definitivo,SAN ROQUE [23080760],Pluviométrica,Convencional,Activa,Antioquia,San Roque,6.4875,-75.017,820,5/15/1975,,Monchia,Magdalena Cauca,Medio Magdalena,Río Nare,2019,29,Andes,Definitivo,0,0,0,4.99925470352173,4.99925470352173,28.7682342529297,26.0867805480957,26.4419078826904,3.05454540252686,6.04363632202148,5,10,0.869565188884735,0.876811623573303,1,1,18,1.08000004291534,0
03,2021-03-30,23080760,22,Definitivo,SAN ROQUE [23080760],Pluviométrica,Convencional,Activa,Antioquia,San Roque,6.4875,-75.017,820,5/15/1975,,Monchia,Magdalena Cauca,Medio Magdalena,Río Nare,2021,30,Andes,Definitivo,22,22,0,5.56865406036377,5.56865406036377,18.5023975372314,1.82644188404083,10.0473766326904,3.05454540252686,6.04363632202148,5,10,0.869565188884735,0.876811623573303,1,1,18,1.08000004291534,23.7600009441376
03,2007-03-22,23080760,45,Definitivo,SAN ROQUE [23080760],Pluviométrica,Convencional,Activa,Antioquia,San Roque,6.4875,-75.017,820,5/15/1975,,Monchia,Magdalena Cauca,Medio Magdalena,Río Nare,2007,22,Andes,Definitivo,45,45,0,4.74559020996094,4.74559020996094,16.0911445617676,25.4130992889404,19.0814514160156,3.05454540252686,6.04363632202148,5,10,0.869565188884735,0.876811623573303,1,1,17,1.08000004291534,48.6000019311905
03,2009-03-16,23080760,53,Definitivo,SAN ROQUE [23080760],Pluviométrica,Convencional,Activa,Antioquia,San Roque,6.4875,-75.017,820,5/15/1975,,Monchia,Magdalena Cauca,Medio Magdalena,Río Nare,2009,16,Andes,Definitivo,53,53,0,3.69271111488342,3.69271111488342,12.4263706207275,3.93398451805115,11.7856492996216,3.05454540252686,6.04363632202148,5,10,0.869565188884735,0.876811623573303,1,1,16,1.08000004291534,57.2400022745133
03,2009-03-17,23080760,23,Definitivo,SAN ROQUE [23080760],Pluviométrica,Convencional,Activa,Antioquia,San Roque,6.4875,-75.017,820,5/15/1975,,Monchia,Magdalena Cauca,Medio Magdalena,Río Nare,2009,17,Andes,Definitivo,23,23,0,16.8874988555908,16.8874988555908,12.4263706207275,17.6219787597656,34.3283805847168,3.05454540252686,6.04363632202148,5,10,0.869565188884735,0.876811623573303,1,1,16,1.08000004291534,24.8400009870529
03,2007-03-26,23080760,,"",SAN ROQUE [23080760],Pluviométrica,Convencional,Activa,Antioquia,San Roque,6.4875,-75.017,820,5/15/1975,,Monchia,Magdalena Cauca,Medio Magdalena,Río Nare,2007,26,Andes,Preliminar,0,0,0,0.286203622817993,0.286203622817993,0,9.41511249542236,5.60688829421997,3.05454540252686,6.04363632202148,5,10,0.869565188884735,0.876811623573303,1,1,18,1.08000004291534,0
03,2010-03-24,23080760,,"",SAN ROQUE [23080760],Pluviométrica,Convencional,Activa,Antioquia,San Roque,6.4875,-75.017,820,5/15/1975,,Monchia,Magdalena Cauca,Medio Magdalena,Río Nare,2010,24,Andes,Preliminar,0,0,0,0.37067899107933,0.37067899107933,0,0.387120217084885,0.701570153236389,3.05454540252686,6.04363632202148,5,10,0.869565188884735,0.876811623573303,1,1,17,1.08000004291534,0
03,2016-03-27,23080760,0,Definitivo,SAN ROQUE [23080760],Pluviométrica,Convencional,Activa,Antioquia,San Roque,6.4875,-75.017,820,5/15/1975,,Monchia,Magdalena Cauca,Medio Magdalena,Río Nare,2016,27,Andes,Definitivo,0,0,0,0.214495271444321,0.214495271444321,10.5154714584351,2.32410097122192,20.5208549499512,3.05454540252686,6.04363632202148,5,10,0.869565188884735,0.876811623573303,1,1,18,1.08000004291534,0
03,2016-03-28,23080760,,"",SAN ROQUE [23080760],Pluviométrica,Convencional,Activa,Antioquia,San Roque,6.4875,-75.017,820,5/15/1975,,Monchia,Magdalena Cauca,Medio Magdalena,Río Nare,2016,28,Andes,Preliminar,0,0,0,2.02716684341431,2.02716684341431,0,9.72269344329834,0.726828217506409,3.05454540252686,6.04363632202148,5,10,0.869565188884735,0.876811623573303,1,1,18,1.08000004291534,0
03,2007-03-30,23080760,3,Definitivo,SAN ROQUE [23080760],Pluviométrica,Convencional,Activa,Antioquia,San Roque,6.4875,-75.017,820,5/15/1975,,Monchia,Magdalena Cauca,Medio Magdalena,Río Nare,2007,30,Andes,Definitivo,3,3,0,8.36518001556397,8.36518001556397,11.146279335022,3.70046234130859,15.5446453094482,3.05454540252686,6.04363632202148,5,10,0.869565188884735,0.876811623573303,1,1,18,1.08000004291534,3.24000012874603
03,2010-03-26,23080760,,"",SAN ROQUE [23080760],Pluviométrica,Convencional,Activa,Antioquia,San Roque,6.4875,-75.017,820,5/15/1975,,Monchia,Magdalena Cauca,Medio Magdalena,Río Nare,2010,26,Andes,Preliminar,0,0,0,4.94004774093628,4.94004774093628,0,12.1828546524048,1.61867535114288,3.05454540252686,6.04363632202148,5,10,0.869565188884735,0.876811623573303,1,1,18,1.08000004291534,0
03,2013-03-24,23080760,5,Definitivo,SAN ROQUE [23080760],Pluviométrica,Convencional,Activa,Antioquia,San Roque,6.4875,-75.017,820,5/15/1975,,Monchia,Magdalena Cauca,Medio Magdalena,Río Nare,2013,24,Andes,Definitivo,5,5,0,3.70345497131348,3.70345497131348,0,0.911390066146851,9.05594062805176,3.05454540252686,6.04363632202148,5,10,0.869565188884735,0.876811623573303,1,1,17,1.08000004291534,5.40000021457672
03,2012-03-28,23080760,11,Definitivo,SAN ROQUE [23080760],Pluviométrica,Convencional,Activa,Antioquia,San Roque,6.4875,-75.017,820,5/15/1975,,Monchia,Magdalena Cauca,Medio Magdalena,Río Nare,2012,28,Andes,Definitivo,11,11,0,7.46872615814209,7.46872615814209,0,16.8429565429688,4.51300954818726,3.05454540252686,6.04363632202148,5,10,0.869565188884735,0.876811623573303,1,1,18,1.08000004291534,11.8800004720688
03,2005-03-25,23080760,,"",SAN ROQUE [23080760],Pluviométrica,Convencional,Activa,Antioquia,San Roque,6.4875,-75.017,820,5/15/1975,,Monchia,Magdalena Cauca,Medio Magdalena,Río Nare,2005,25,Andes,Preliminar,0,0,0,2.05056548118591,2.05056548118591,0,4.30533838272095,0.254563838243485,3.05454540252686,6.04363632202148,5,10,0.869565188884735,0.876811623573303,1,1,17,1.08000004291534,0
03,2006-03-23,23080760,1,Definitivo,SAN ROQUE [23080760],Pluviométrica,Convencional,Activa,Antioquia,San Roque,6.4875,-75.017,820,5/15/1975,,Monchia,Magdalena Cauca,Medio Magdalena,Río Nare,2006,23,Andes,Definitivo,1,1,0,18.0354995727539,18.0354995727539,23.3069095611572,18.1296768188477,51.9663696289063,3.05454540252686,6.04363632202148,5,10,0.869565188884735,0.876811623573303,1,1,17,1.08000004291534,1.08000004291534
03,2021-03-28,23080760,0,Definitivo,SAN ROQUE [23080760],Pluviométrica,Convencional,Activa,Antioquia,San Roque,6.4875,-75.017,820,5/15/1975,,Monchia,Magdalena Cauca,Medio Magdalena,Río Nare,2021,28,Andes,Definitivo,0,0,0,6.35614776611328,6.35614776611328,0,8.33899211883545,2.56232190132141,3.05454540252686,6.04363632202148,5,10,0.869565188884735,0.876811623573303,1,1,18,1.08000004291534,0
03,2023-03-25,23080760,46,Definitivo,SAN ROQUE [23080760],Pluviométrica,Convencional,Activa,Antioquia,San Roque,6.4875,-75.017,820,5/15/1975,,Monchia,Magdalena Cauca,Medio Magdalena,Río Nare,2023,25,Andes,Definitivo,46,46,0,1.18915593624115,1.18915593624115,22.4449939727783,9.01815128326416,40.5215263366699,3.05454540252686,6.04363632202148,5,10,0.869565188884735,0.876811623573303,1,1,17,1.08000004291534,49.6800019741058
03,2023-03-22,23080760,0,Definitivo,SAN ROQUE [23080760],Pluviométrica,Convencional,Activa,Antioquia,San Roque,6.4875,-75.017,820,5/15/1975,,Monchia,Magdalena Cauca,Medio Magdalena,Río Nare,2023,22,Andes,Definitivo,0,0,0,1.8991687297821,1.8991687297821,0,1.49666118621826,0,3.05454540252686,6.04363632202148,5,10,0.869565188884735,0.876811623573303,1,1,17,1.08000004291534,0
03,2008-03-21,23080760,23,Definitivo,SAN ROQUE [23080760],Pluviométrica,Convencional,Activa,Antioquia,San Roque,6.4875,-75.017,820,5/15/1975,,Monchia,Magdalena Cauca,Medio Magdalena,Río Nare,2008,21,Andes,Definitivo,23,23,0,6.3073673248291,6.3073673248291,8.57235240936279,7.10959243774414,7.13280248641968,3.05454540252686,6.04363632202148,5,10,0.869565188884735,0.876811623573303,1,1,17,1.08000004291534,24.8400009870529
03,2008-03-22,23080760,5,Definitivo,SAN ROQUE [23080760],Pluviométrica,Convencional,Activa,Antioquia,San Roque,6.4875,-75.017,820,5/15/1975,,Monchia,Magdalena Cauca,Medio Magdalena,Río Nare,2008,22,Andes,Definitivo,5,5,0,9.59383773803711,9.59383773803711,4.2861762046814,13.0007381439209,12.3140268325806,3.05454540252686,6.04363632202148,5,10,0.869565188884735,0.876811623573303,1,1,17,1.08000004291534,5.40000021457672
03,2009-03-28,23080760,13,Definitivo,SAN ROQUE [23080760],Pluviométrica,Convencional,Activa,Antioquia,San Roque,6.4875,-75.017,820,5/15/1975,,Monchia,Magdalena Cauca,Medio Magdalena,Río Nare,2009,28,Andes,Definitivo,13,13,0,10.6639881134033,10.6639881134033,28.9837112426758,20.0507011413574,24.3529071807861,3.05454540252686,6.04363632202148,5,10,0.869565188884735,0.876811623573303,1,1,18,1.08000004291534,14.0400005578995
03,2014-03-27,23080760,0,Definitivo,SAN ROQUE [23080760],Pluviométrica,Convencional,Activa,Antioquia,San Roque,6.4875,-75.017,820,5/15/1975,,Monchia,Magdalena Cauca,Medio Magdalena,Río Nare,2014,27,Andes,Definitivo,0,0,0,1.00281167030334,1.00281167030334,0,1.21658825874329,0.195335984230042,3.05454540252686,6.04363632202148,5,10,0.869565188884735,0.876811623573303,1,1,18,1.08000004291534,0
03,2012-03-26,23080760,6,Definitivo,SAN ROQUE [23080760],Pluviométrica,Convencional,Activa,Antioquia,San Roque,6.4875,-75.017,820,5/15/1975,,Monchia,Magdalena Cauca,Medio Magdalena,Río Nare,2012,26,Andes,Definitivo,6,6,0,10.8806657791138,10.8806657791138,12.7540187835693,22.3778514862061,20.9117603302002,3.05454540252686,6.04363632202148,5,10,0.869565188884735,0.876811623573303,1,1,18,1.08000004291534,6.48000025749207
03,2023-03-11,23080760,18,Definitivo,SAN ROQUE [23080760],Pluviométrica,Convencional,Activa,Antioquia,San Roque,6.4875,-75.017,820,5/15/1975,,Monchia,Magdalena Cauca,Medio Magdalena,Río Nare,2023,11,Andes,Definitivo,18,18,0,3.45306372642517,3.45306372642517,0,11.4293804168701,14.9932537078857,3.05454540252686,6.04363632202148,5,10,0.869565188884735,0.876811623573303,1,1,15,1.08000004291534,19.4400007724762
03,2022-03-12,23080760,19,Definitivo,SAN ROQUE [23080760],Pluviométrica,Convencional,Activa,Antioquia,San Roque,6.4875,-75.017,820,5/15/1975,,Monchia,Magdalena Cauca,Medio Magdalena,Río Nare,2022,12,Andes,Definitivo,19,19,0,7.00141096115112,7.00141096115112,10.1329698562622,10.9658231735229,30.4738121032715,3.05454540252686,6.04363632202148,5,10,0.869565188884735,0.876811623573303,1,1,15,1.08000004291534,20.5200008153915
03,2023-03-10,23080760,0,Definitivo,SAN ROQUE [23080760],Pluviométrica,Convencional,Activa,Antioquia,San Roque,6.4875,-75.017,820,5/15/1975,,Monchia,Magdalena Cauca,Medio Magdalena,Río Nare,2023,10,Andes,Definitivo,0,0,0,2.26703906059265,2.26703906059265,0,17.0004005432129,1.65611636638641,3.05454540252686,6.04363632202148,5,10,0.869565188884735,0.876811623573303,1,1,14,1.08000004291534,0
03,2017-03-27,23080760,0,Definitivo,SAN ROQUE [23080760],Pluviométrica,Convencional,Activa,Antioquia,San Roque,6.4875,-75.017,820,5/15/1975,,Monchia,Magdalena Cauca,Medio Magdalena,Río Nare,2017,27,Andes,Definitivo,0,0,0,7.48381423950195,7.48381423950195,0,12.819751739502,4.51698541641235,3.05454540252686,6.04363632202148,5,10,0.869565188884735,0.876811623573303,1,1,18,1.08000004291534,0
03,2017-03-28,23080760,2,Definitivo,SAN ROQUE [23080760],Pluviométrica,Convencional,Activa,Antioquia,San Roque,6.4875,-75.017,820,5/15/1975,,Monchia,Magdalena Cauca,Medio Magdalena,Río Nare,2017,28,Andes,Definitivo,2,2,0,7.83837461471558,7.83837461471558,0,5.00758981704712,0.0424498952925205,3.05454540252686,6.04363632202148,5,10,0.869565188884735,0.876811623573303,1,1,18,1.08000004291534,2.16000008583069
03,2007-03-21,23080760,6,Definitivo,SAN ROQUE [23080760],Pluviométrica,Convencional,Activa,Antioquia,San Roque,6.4875,-75.017,820,5/15/1975,,Monchia,Magdalena Cauca,Medio Magdalena,Río Nare,2007,21,Andes,Definitivo,6,6,0,14.625093460083,14.625093460083,21.4548606872559,8.65032386779785,21.2262935638428,3.05454540252686,6.04363632202148,5,10,0.869565188884735,0.876811623573303,1,1,17,1.08000004291534,6.48000025749207
03,2008-03-18,23080760,,"",SAN ROQUE [23080760],Pluviométrica,Convencional,Activa,Antioquia,San Roque,6.4875,-75.017,820,5/15/1975,,Monchia,Magdalena Cauca,Medio Magdalena,Río Nare,2008,18,Andes,Preliminar,0,0,0,2.80027318000793,2.80027318000793,0,2.8004424571991,0.0237990450114012,3.05454540252686,6.04363632202148,5,10,0.869565188884735,0.876811623573303,1,1,16,1.08000004291534,0
03,2010-03-13,23080760,,"",SAN ROQUE [23080760],Pluviométrica,Convencional,Activa,Antioquia,San Roque,6.4875,-75.017,820,5/15/1975,,Monchia,Magdalena Cauca,Medio Magdalena,Río Nare,2010,13,Andes,Preliminar,0,0,0,4.82505464553833,4.82505464553833,0,2.97433590888977,0.0271546822041273,3.05454540252686,6.04363632202148,5,10,0.869565188884735,0.876811623573303,1,1,15,1.08000004291534,0
03,2021-03-20,23080760,27,Definitivo,SAN ROQUE [23080760],Pluviométrica,Convencional,Activa,Antioquia,San Roque,6.4875,-75.017,820,5/15/1975,,Monchia,Magdalena Cauca,Medio Magdalena,Río Nare,2021,20,Andes,Definitivo,27,27,0,15.1142816543579,15.1142816543579,12.2772722244263,40.0133209228516,42.7007255554199,3.05454540252686,6.04363632202148,5,10,0.869565188884735,0.876811623573303,1,1,16,1.08000004291534,29.1600011587143
03,2023-03-18,23080760,0,Definitivo,SAN ROQUE [23080760],Pluviométrica,Convencional,Activa,Antioquia,San Roque,6.4875,-75.017,820,5/15/1975,,Monchia,Magdalena Cauca,Medio Magdalena,Río Nare,2023,18,Andes,Definitivo,0,0,0,2.89365243911743,2.89365243911743,0,2.23259949684143,0.0713252574205399,3.05454540252686,6.04363632202148,5,10,0.869565188884735,0.876811623573303,1,1,16,1.08000004291534,0
03,2008-03-23,23080760,21,Definitivo,SAN ROQUE [23080760],Pluviométrica,Convencional,Activa,Antioquia,San Roque,6.4875,-75.017,820,5/15/1975,,Monchia,Magdalena Cauca,Medio Magdalena,Río Nare,2008,23,Andes,Definitivo,21,21,0,5.20634460449219,5.20634460449219,12.8585300445557,12.326958656311,9.78804588317871,3.05454540252686,6.04363632202148,5,10,0.869565188884735,0.876811623573303,1,1,17,1.08000004291534,22.6800009012222
03,2010-03-25,23080760,,"",SAN ROQUE [23080760],Pluviométrica,Convencional,Activa,Antioquia,San Roque,6.4875,-75.017,820,5/15/1975,,Monchia,Magdalena Cauca,Medio Magdalena,Río Nare,2010,25,Andes,Preliminar,0,0,0,0.675165295600891,0.675165295600891,0,1.28479194641113,0,3.05454540252686,6.04363632202148,5,10,0.869565188884735,0.876811623573303,1,1,17,1.08000004291534,0
03,2004-03-31,23080760,1.5,Definitivo,SAN ROQUE [23080760],Pluviométrica,Convencional,Activa,Antioquia,San Roque,6.4875,-75.017,820,5/15/1975,,Monchia,Magdalena Cauca,Medio Magdalena,Río Nare,2004,31,Andes,Definitivo,1.5,1.5,0,0.667763590812683,0.667763590812683,0,1.21347498893738,0.13878633081913,3.05454540252686,6.04363632202148,5,10,0.869565188884735,0.876811623573303,1,1,18,1.08000004291534,1.62000006437302
03,2002-03-31,23080760,8,Definitivo,SAN ROQUE [23080760],Pluviométrica,Convencional,Activa,Antioquia,San Roque,6.4875,-75.017,820,5/15/1975,,Monchia,Magdalena Cauca,Medio Magdalena,Río Nare,2002,31,Andes,Definitivo,8,8,0,1.81634426116943,1.81634426116943,0,0.535470902919769,0,3.05454540252686,6.04363632202148,5,10,0.869565188884735,0.876811623573303,1,1,18,1.08000004291534,8.64000034332275
03,2003-03-29,23080760,,"",SAN ROQUE [23080760],Pluviométrica,Convencional,Activa,Antioquia,San Roque,6.4875,-75.017,820,5/15/1975,,Monchia,Magdalena Cauca,Medio Magdalena,Río Nare,2003,29,Andes,Preliminar,0,0,0,3.08164501190186,3.08164501190186,15.1885318756104,8.02013874053955,19.1766700744629,3.05454540252686,6.04363632202148,5,10,0.869565188884735,0.876811623573303,1,1,18,1.08000004291534,0
03,2004-03-26,23080760,36,Definitivo,SAN ROQUE [23080760],Pluviométrica,Convencional,Activa,Antioquia,San Roque,6.4875,-75.017,820,5/15/1975,,Monchia,Magdalena Cauca,Medio Magdalena,Río Nare,2004,26,Andes,Definitivo,36,36,0,15.3802423477173,15.3802423477173,16.4235591888428,6.93373441696167,22.2029228210449,3.05454540252686,6.04363632202148,5,10,0.869565188884735,0.876811623573303,1,1,18,1.08000004291534,38.8800015449524
03,2005-03-24,23080760,,"",SAN ROQUE [23080760],Pluviométrica,Convencional,Activa,Antioquia,San Roque,6.4875,-75.017,820,5/15/1975,,Monchia,Magdalena Cauca,Medio Magdalena,Río Nare,2005,24,Andes,Preliminar,0,0,0,3.54707813262939,3.54707813262939,9.71307945251465,6.33239793777466,26.3698596954346,3.05454540252686,6.04363632202148,5,10,0.869565188884735,0.876811623573303,1,1,17,1.08000004291534,0
03,2006-03-22,23080760,74,Definitivo,SAN ROQUE [23080760],Pluviométrica,Convencional,Activa,Antioquia,San Roque,6.4875,-75.017,820,5/15/1975,,Monchia,Magdalena Cauca,Medio Magdalena,Río Nare,2006,22,Andes,Definitivo,74,74,0,7.54789686203003,7.54789686203003,15.537938117981,13.5843124389648,47.1282615661621,3.05454540252686,6.04363632202148,5,10,0.869565188884735,0.876811623573303,1,1,17,1.08000004291534,79.9200031757355
03,2022-03-27,23080760,11,Definitivo,SAN ROQUE [23080760],Pluviométrica,Convencional,Activa,Antioquia,San Roque,6.4875,-75.017,820,5/15/1975,,Monchia,Magdalena Cauca,Medio Magdalena,Río Nare,2022,27,Andes,Definitivo,11,11,0,13.8601779937744,13.8601779937744,7.86123895645142,20.0343570709229,9.85525798797607,3.05454540252686,6.04363632202148,5,10,0.869565188884735,0.876811623573303,1,1,18,1.08000004291534,11.8800004720688
03,2023-03-27,23080760,71,Definitivo,SAN ROQUE [23080760],Pluviométrica,Convencional,Activa,Antioquia,San Roque,6.4875,-75.017,820,5/15/1975,,Monchia,Magdalena Cauca,Medio Magdalena,Río Nare,2023,27,Andes,Definitivo,71,71,0,11.3828954696655,11.3828954696655,12.9359035491943,11.0293760299683,27.4628925323486,3.05454540252686,6.04363632202148,5,10,0.869565188884735,0.876811623573303,1,1,18,1.08000004291534,76.6800030469894
03,2022-03-26,23080760,60,Definitivo,SAN ROQUE [23080760],Pluviométrica,Convencional,Activa,Antioquia,San Roque,6.4875,-75.017,820,5/15/1975,,Monchia,Magdalena Cauca,Medio Magdalena,Río Nare,2022,26,Andes,Definitivo,60,60,0,8.83356857299805,8.83356857299805,0,10.3555154800415,6.36639356613159,3.05454540252686,6.04363632202148,5,10,0.869565188884735,0.876811623573303,1,1,18,1.08000004291534,64.8000025749207
03,2010-03-14,23080760,,"",SAN ROQUE [23080760],Pluviométrica,Convencional,Activa,Antioquia,San Roque,6.4875,-75.017,820,5/15/1975,,Monchia,Magdalena Cauca,Medio Magdalena,Río Nare,2010,14,Andes,Preliminar,,,1,9.60224151611328,9.60224151611328,2.20948791503906,2.65444946289063,0.731549918651581,3.05454540252686,6.04363632202148,5,10,0.869565188884735,0.876811623573303,1,1,15,1.08000004291534,
03,2009-03-18,23080760,95,Definitivo,SAN ROQUE [23080760],Pluviométrica,Convencional,Activa,Antioquia,San Roque,6.4875,-75.017,820,5/15/1975,,Monchia,Magdalena Cauca,Medio Magdalena,Río Nare,2009,18,Andes,Definitivo,95,95,0,1.07704079151154,1.07704079151154,0,30.9020080566406,10.1042356491089,3.05454540252686,6.04363632202148,5,10,0.869565188884735,0.876811623573303,1,1,16,1.08000004291534,102.600004076958
03,2023-03-15,23080760,2,Definitivo,SAN ROQUE [23080760],Pluviométrica,Convencional,Activa,Antioquia,San Roque,6.4875,-75.017,820,5/15/1975,,Monchia,Magdalena Cauca,Medio Magdalena,Río Nare,2023,15,Andes,Definitivo,2,2,0,2.79257130622864,2.79257130622864,13.2810926437378,24.956823348999,2.6054847240448,3.05454540252686,6.04363632202148,5,10,0.869565188884735,0.876811623573303,1,1,15,1.08000004291534,2.16000008583069
03,2023-03-12,23080760,14,Definitivo,SAN ROQUE [23080760],Pluviométrica,Convencional,Activa,Antioquia,San Roque,6.4875,-75.017,820,5/15/1975,,Monchia,Magdalena Cauca,Medio Magdalena,Río Nare,2023,12,Andes,Definitivo,14,14,0,2.36907720565796,2.36907720565796,13.2810926437378,11.7758874893188,7.02584505081177,3.05454540252686,6.04363632202148,5,10,0.869565188884735,0.876811623573303,1,1,15,1.08000004291534,15.1200006008148
03,2008-03-24,23080760,7,Definitivo,SAN ROQUE [23080760],Pluviométrica,Convencional,Activa,Antioquia,San Roque,6.4875,-75.017,820,5/15/1975,,Monchia,Magdalena Cauca,Medio Magdalena,Río Nare,2008,24,Andes,Definitivo,7,7,0,5.9366717338562,5.9366717338562,8.57235240936279,15.7040462493897,22.7527637481689,3.05454540252686,6.04363632202148,5,10,0.869565188884735,0.876811623573303,1,1,17,1.08000004291534,7.56000030040741
03,2009-03-21,23080760,22,Definitivo,SAN ROQUE [23080760],Pluviométrica,Convencional,Activa,Antioquia,San Roque,6.4875,-75.017,820,5/15/1975,,Monchia,Magdalena Cauca,Medio Magdalena,Río Nare,2009,21,Andes,Definitivo,22,22,0,2.16722440719605,2.16722440719605,0,11.0949172973633,11.1443824768066,3.05454540252686,6.04363632202148,5,10,0.869565188884735,0.876811623573303,1,1,17,1.08000004291534,23.7600009441376
03,2008-03-25,23080760,,"",SAN ROQUE [23080760],Pluviométrica,Convencional,Activa,Antioquia,San Roque,6.4875,-75.017,820,5/15/1975,,Monchia,Magdalena Cauca,Medio Magdalena,Río Nare,2008,25,Andes,Preliminar,0,0,0,9.41125583648682,9.41125583648682,8.57235240936279,16.573558807373,12.7272548675537,3.05454540252686,6.04363632202148,5,10,0.869565188884735,0.876811623573303,1,1,17,1.08000004291534,0
03,2011-03-24,23080760,25,Definitivo,SAN ROQUE [23080760],Pluviométrica,Convencional,Activa,Antioquia,San Roque,6.4875,-75.017,820,5/15/1975,,Monchia,Magdalena Cauca,Medio Magdalena,Río Nare,2011,24,Andes,Definitivo,25,25,0,4.82572603225708,4.82572603225708,16.5945510864258,7.22492456436157,19.4804019927979,3.05454540252686,6.04363632202148,5,10,0.869565188884735,0.876811623573303,1,1,17,1.08000004291534,27.0000010728836
03,2013-03-25,23080760,,"",SAN ROQUE [23080760],Pluviométrica,Convencional,Activa,Antioquia,San Roque,6.4875,-75.017,820,5/15/1975,,Monchia,Magdalena Cauca,Medio Magdalena,Río Nare,2013,25,Andes,Preliminar,0,0,0,5.41466283798218,5.41466283798218,17.0110569000244,7.39757108688355,40.9645767211914,3.05454540252686,6.04363632202148,5,10,0.869565188884735,0.876811623573303,1,1,17,1.08000004291534,0
03,2015-03-27,23080760,0,Definitivo,SAN ROQUE [23080760],Pluviométrica,Convencional,Activa,Antioquia,San Roque,6.4875,-75.017,820,5/15/1975,,Monchia,Magdalena Cauca,Medio Magdalena,Río Nare,2015,27,Andes,Definitivo,0,0,0,3.98707699775696,3.98707699775696,8.60644435882568,7.11473655700684,1.47368156909943,3.05454540252686,6.04363632202148,5,10,0.869565188884735,0.876811623573303,1,1,18,1.08000004291534,0
03,2007-03-20,23080760,8,Definitivo,SAN ROQUE [23080760],Pluviométrica,Convencional,Activa,Antioquia,San Roque,6.4875,-75.017,820,5/15/1975,,Monchia,Magdalena Cauca,Medio Magdalena,Río Nare,2007,20,Andes,Definitivo,8,8,0,8.90996170043945,8.90996170043945,20.0325603485107,4.28746891021729,0.946631550788879,3.05454540252686,6.04363632202148,5,10,0.869565188884735,0.876811623573303,1,1,16,1.08000004291534,8.64000034332275
03,2008-03-17,23080760,8,Definitivo,SAN ROQUE [23080760],Pluviométrica,Convencional,Activa,Antioquia,San Roque,6.4875,-75.017,820,5/15/1975,,Monchia,Magdalena Cauca,Medio Magdalena,Río Nare,2008,17,Andes,Definitivo,8,8,0,4.97774982452393,4.97774982452393,8.25307846069336,3.06433415412903,15.9255056381226,3.05454540252686,6.04363632202148,5,10,0.869565188884735,0.876811623573303,1,1,16,1.08000004291534,8.64000034332275
03,2009-03-15,23080760,0,Definitivo,SAN ROQUE [23080760],Pluviométrica,Convencional,Activa,Antioquia,San Roque,6.4875,-75.017,820,5/15/1975,,Monchia,Magdalena Cauca,Medio Magdalena,Río Nare,2009,15,Andes,Definitivo,0,0,0,1.96783018112183,1.96783018112183,0,1.64134109020233,0.649470150470734,3.05454540252686,6.04363632202148,5,10,0.869565188884735,0.876811623573303,1,1,15,1.08000004291534,0
03,2021-03-25,23080760,0,Definitivo,SAN ROQUE [23080760],Pluviométrica,Convencional,Activa,Antioquia,San Roque,6.4875,-75.017,820,5/15/1975,,Monchia,Magdalena Cauca,Medio Magdalena,Río Nare,2021,25,Andes,Definitivo,0,0,0,0.843907415866852,0.843907415866852,4.3236141204834,13.780345916748,8.24885940551758,3.05454540252686,6.04363632202148,5,10,0.869565188884735,0.876811623573303,1,1,17,1.08000004291534,0
03,2023-03-20,23080760,0,Definitivo,SAN ROQUE [23080760],Pluviométrica,Convencional,Activa,Antioquia,San Roque,6.4875,-75.017,820,5/15/1975,,Monchia,Magdalena Cauca,Medio Magdalena,Río Nare,2023,20,Andes,Definitivo,0,0,0,0.776470124721527,0.776470124721527,0,0.406230062246323,0,3.05454540252686,6.04363632202148,5,10,0.869565188884735,0.876811623573303,1,1,16,1.08000004291534,0
03,2009-03-19,23080760,18,Definitivo,SAN ROQUE [23080760],Pluviométrica,Convencional,Activa,Antioquia,San Roque,6.4875,-75.017,820,5/15/1975,,Monchia,Magdalena Cauca,Medio Magdalena,Río Nare,2009,19,Andes,Definitivo,18,18,0,1.36397433280945,1.36397433280945,12.4263706207275,12.079442024231,30.7237014770508,3.05454540252686,6.04363632202148,5,10,0.869565188884735,0.876811623573303,1,1,16,1.08000004291534,19.4400007724762
03,2009-03-20,23080760,2,Definitivo,SAN ROQUE [23080760],Pluviométrica,Convencional,Activa,Antioquia,San Roque,6.4875,-75.017,820,5/15/1975,,Monchia,Magdalena Cauca,Medio Magdalena,Río Nare,2009,20,Andes,Definitivo,2,2,0,5.69708824157715,5.69708824157715,12.4263706207275,26.0072040557861,3.60264992713928,3.05454540252686,6.04363632202148,5,10,0.869565188884735,0.876811623573303,1,1,16,1.08000004291534,2.16000008583069
03,2023-03-14,23080760,3,Definitivo,SAN ROQUE [23080760],Pluviométrica,Convencional,Activa,Antioquia,San Roque,6.4875,-75.017,820,5/15/1975,,Monchia,Magdalena Cauca,Medio Magdalena,Río Nare,2023,14,Andes,Definitivo,3,3,0,3.66372728347778,3.66372728347778,0,21.4537353515625,19.5195045471191,3.05454540252686,6.04363632202148,5,10,0.869565188884735,0.876811623573303,1,1,15,1.08000004291534,3.24000012874603
03,2022-03-15,23080760,0,Definitivo,SAN ROQUE [23080760],Pluviométrica,Convencional,Activa,Antioquia,San Roque,6.4875,-75.017,820,5/15/1975,,Monchia,Magdalena Cauca,Medio Magdalena,Río Nare,2022,15,Andes,Definitivo,0,0,0,6.30081844329834,6.30081844329834,20.2659397125244,9.99652099609375,11.4048004150391,3.05454540252686,6.04363632202148,5,10,0.869565188884735,0.876811623573303,1,1,15,1.08000004291534,0
03,2021-03-14,23080760,5,Definitivo,SAN ROQUE [23080760],Pluviométrica,Convencional,Activa,Antioquia,San Roque,6.4875,-75.017,820,5/15/1975,,Monchia,Magdalena Cauca,Medio Magdalena,Río Nare,2021,14,Andes,Definitivo,5,5,0,7.57674169540405,7.57674169540405,5.80873012542725,15.3303966522217,38.40966796875,3.05454540252686,6.04363632202148,5,10,0.869565188884735,0.876811623573303,1,1,15,1.08000004291534,5.40000021457672
03,2021-03-13,23080760,14,Definitivo,SAN ROQUE [23080760],Pluviométrica,Convencional,Activa,Antioquia,San Roque,6.4875,-75.017,820,5/15/1975,,Monchia,Magdalena Cauca,Medio Magdalena,Río Nare,2021,13,Andes,Definitivo,14,14,0,2.78186798095703,2.78186798095703,0,13.3287982940674,12.4906234741211,3.05454540252686,6.04363632202148,5,10,0.869565188884735,0.876811623573303,1,1,15,1.08000004291534,15.1200006008148
03,2022-03-11,23080760,24,Definitivo,SAN ROQUE [23080760],Pluviométrica,Convencional,Activa,Antioquia,San Roque,6.4875,-75.017,820,5/15/1975,,Monchia,Magdalena Cauca,Medio Magdalena,Río Nare,2022,11,Andes,Definitivo,24,24,0,4.42638969421387,4.42638969421387,0,15.0768737792969,4.96638917922974,3.05454540252686,6.04363632202148,5,10,0.869565188884735,0.876811623573303,1,1,15,1.08000004291534,25.9200010299683
03,2023-03-09,23080760,4,Definitivo,SAN ROQUE [23080760],Pluviométrica,Convencional,Activa,Antioquia,San Roque,6.4875,-75.017,820,5/15/1975,,Monchia,Magdalena Cauca,Medio Magdalena,Río Nare,2023,09,Andes,Definitivo,4,4,0,7.1871452331543,7.1871452331543,0,22.5668830871582,11.4319543838501,3.05454540252686,6.04363632202148,5,10,0.869565188884735,0.876811623573303,1,1,14,1.08000004291534,4.32000017166138
03,2015-03-28,23080760,44,Definitivo,SAN ROQUE [23080760],Pluviométrica,Convencional,Activa,Antioquia,San Roque,6.4875,-75.017,820,5/15/1975,,Monchia,Magdalena Cauca,Medio Magdalena,Río Nare,2015,28,Andes,Definitivo,44,44,0,2.65792322158814,2.65792322158814,0,18.1864757537842,14.7898235321045,3.05454540252686,6.04363632202148,5,10,0.869565188884735,0.876811623573303,1,1,18,1.08000004291534,47.5200018882752
03,2020-03-26,23080760,0,Definitivo,SAN ROQUE [23080760],Pluviométrica,Convencional,Activa,Antioquia,San Roque,6.4875,-75.017,820,5/15/1975,,Monchia,Magdalena Cauca,Medio Magdalena,Río Nare,2020,26,Andes,Definitivo,0,0,0,3.52309346199036,3.52309346199036,35.6468849182129,0,0,3.05454540252686,6.04363632202148,5,10,0.869565188884735,0.876811623573303,1,1,18,1.08000004291534,0
03,2022-03-28,23080760,8,Definitivo,SAN ROQUE [23080760],Pluviométrica,Convencional,Activa,Antioquia,San Roque,6.4875,-75.017,820,5/15/1975,,Monchia,Magdalena Cauca,Medio Magdalena,Río Nare,2022,28,Andes,Definitivo,8,8,0,9.26180458068848,9.26180458068848,15.7224779129028,17.4949111938477,5.66416168212891,3.05454540252686,6.04363632202148,5,10,0.869565188884735,0.876811623573303,1,1,18,1.08000004291534,8.64000034332275
03,2008-03-12,23080760,42,Definitivo,SAN ROQUE [23080760],Pluviométrica,Convencional,Activa,Antioquia,San Roque,6.4875,-75.017,820,5/15/1975,,Monchia,Magdalena Cauca,Medio Magdalena,Río Nare,2008,12,Andes,Definitivo,42,42,0,2.56826186180115,2.56826186180115,0,8.9970817565918,0.61931836605072,3.05454540252686,6.04363632202148,5,10,0.869565188884735,0.876811623573303,1,1,15,1.08000004291534,45.3600018024445
03,2008-03-13,23080760,55,Definitivo,SAN ROQUE [23080760],Pluviométrica,Convencional,Activa,Antioquia,San Roque,6.4875,-75.017,820,5/15/1975,,Monchia,Magdalena Cauca,Medio Magdalena,Río Nare,2008,13,Andes,Definitivo,55,55,0,6.52186727523804,6.52186727523804,0,12.8788290023804,17.3282241821289,3.05454540252686,6.04363632202148,5,10,0.869565188884735,0.876811623573303,1,1,15,1.08000004291534,59.4000023603439
03,2023-03-17,23080760,0,Definitivo,SAN ROQUE [23080760],Pluviométrica,Convencional,Activa,Antioquia,San Roque,6.4875,-75.017,820,5/15/1975,,Monchia,Magdalena Cauca,Medio Magdalena,Río Nare,2023,17,Andes,Definitivo,0,0,0,1.53938472270966,1.53938472270966,0,3.14220309257507,1.22067582607269,3.05454540252686,6.04363632202148,5,10,0.869565188884735,0.876811623573303,1,1,16,1.08000004291534,0
03,2021-03-17,23080760,42,Definitivo,SAN ROQUE [23080760],Pluviométrica,Convencional,Activa,Antioquia,San Roque,6.4875,-75.017,820,5/15/1975,,Monchia,Magdalena Cauca,Medio Magdalena,Río Nare,2021,17,Andes,Definitivo,42,42,0,15.4896059036255,15.4896059036255,12.2772722244263,42.1403045654297,56.0263977050781,3.05454540252686,6.04363632202148,5,10,0.869565188884735,0.876811623573303,1,1,16,1.08000004291534,45.3600018024445
03,2004-03-30,23080760,,"",SAN ROQUE [23080760],Pluviométrica,Convencional,Activa,Antioquia,San Roque,6.4875,-75.017,820,5/15/1975,,Monchia,Magdalena Cauca,Medio Magdalena,Río Nare,2004,30,Andes,Preliminar,0,0,0,1.46561110019684,1.46561110019684,0,2.99244689941406,0.760911881923676,3.05454540252686,6.04363632202148,5,10,0.869565188884735,0.876811623573303,1,1,18,1.08000004291534,0
03,2002-03-30,23080760,,"",SAN ROQUE [23080760],Pluviométrica,Convencional,Activa,Antioquia,San Roque,6.4875,-75.017,820,5/15/1975,,Monchia,Magdalena Cauca,Medio Magdalena,Río Nare,2002,30,Andes,Preliminar,0,0,0,3.55255603790283,3.55255603790283,0,7.7483925819397,0.0450543388724327,3.05454540252686,6.04363632202148,5,10,0.869565188884735,0.876811623573303,1,1,18,1.08000004291534,0
03,2003-03-28,23080760,30,Definitivo,SAN ROQUE [23080760],Pluviométrica,Convencional,Activa,Antioquia,San Roque,6.4875,-75.017,820,5/15/1975,,Monchia,Magdalena Cauca,Medio Magdalena,Río Nare,2003,28,Andes,Definitivo,30,30,0,1.85986888408661,1.85986888408661,15.1885318756104,20.2238578796387,8.75680351257324,3.05454540252686,6.04363632202148,5,10,0.869565188884735,0.876811623573303,1,1,18,1.08000004291534,32.4000012874603
03,2004-03-25,23080760,0,Definitivo,SAN ROQUE [23080760],Pluviométrica,Convencional,Activa,Antioquia,San Roque,6.4875,-75.017,820,5/15/1975,,Monchia,Magdalena Cauca,Medio Magdalena,Río Nare,2004,25,Andes,Definitivo,0,0,0,3.31815648078918,3.31815648078918,18.3185691833496,16.2561836242676,16.4870204925537,3.05454540252686,6.04363632202148,5,10,0.869565188884735,0.876811623573303,1,1,17,1.08000004291534,0
03,2005-03-23,23080760,1.5,Definitivo,SAN ROQUE [23080760],Pluviométrica,Convencional,Activa,Antioquia,San Roque,6.4875,-75.017,820,5/15/1975,,Monchia,Magdalena Cauca,Medio Magdalena,Río Nare,2005,23,Andes,Definitivo,1.5,1.5,0,1.35942757129669,1.35942757129669,0,0.0089505622163415,0,3.05454540252686,6.04363632202148,5,10,0.869565188884735,0.876811623573303,1,1,17,1.08000004291534,1.62000006437302
03,2006-03-21,23080760,60,Definitivo,SAN ROQUE [23080760],Pluviométrica,Convencional,Activa,Antioquia,San Roque,6.4875,-75.017,820,5/15/1975,,Monchia,Magdalena Cauca,Medio Magdalena,Río Nare,2006,21,Andes,Definitivo,60,60,0,4.97896337509155,4.97896337509155,0,9.00790882110596,8.79188060760498,3.05454540252686,6.04363632202148,5,10,0.869565188884735,0.876811623573303,1,1,17,1.08000004291534,64.8000025749207
03,2007-03-19,23080760,,"",SAN ROQUE [23080760],Pluviométrica,Convencional,Activa,Antioquia,San Roque,6.4875,-75.017,820,5/15/1975,,Monchia,Magdalena Cauca,Medio Magdalena,Río Nare,2007,19,Andes,Preliminar,0,0,0,4.60829877853394,4.60829877853394,0,6.96168088912964,14.6814842224121,3.05454540252686,6.04363632202148,5,10,0.869565188884735,0.876811623573303,1,1,16,1.08000004291534,0
03,2008-03-16,23080760,0,Definitivo,SAN ROQUE [23080760],Pluviométrica,Convencional,Activa,Antioquia,San Roque,6.4875,-75.017,820,5/15/1975,,Monchia,Magdalena Cauca,Medio Magdalena,Río Nare,2008,16,Andes,Definitivo,0,0,0,2.9271388053894,2.9271388053894,0,1.05007743835449,0.420037746429443,3.05454540252686,6.04363632202148,5,10,0.869565188884735,0.876811623573303,1,1,16,1.08000004291534,0
03,2009-03-14,23080760,,"",SAN ROQUE [23080760],Pluviométrica,Convencional,Activa,Antioquia,San Roque,6.4875,-75.017,820,5/15/1975,,Monchia,Magdalena Cauca,Medio Magdalena,Río Nare,2009,14,Andes,Preliminar,0,0,0,1.42778646945953,1.42778646945953,0,1.56637609004974,0.591108500957489,3.05454540252686,6.04363632202148,5,10,0.869565188884735,0.876811623573303,1,1,15,1.08000004291534,0
03,2021-03-27,23080760,0,Definitivo,SAN ROQUE [23080760],Pluviométrica,Convencional,Activa,Antioquia,San Roque,6.4875,-75.017,820,5/15/1975,,Monchia,Magdalena Cauca,Medio Magdalena,Río Nare,2021,27,Andes,Definitivo,0,0,0,4.89486122131348,4.89486122131348,9.25119876861572,38.4055328369141,11.8022155761719,3.05454540252686,6.04363632202148,5,10,0.869565188884735,0.876811623573303,1,1,18,1.08000004291534,0
03,2023-03-24,23080760,0,Definitivo,SAN ROQUE [23080760],Pluviométrica,Convencional,Activa,Antioquia,San Roque,6.4875,-75.017,820,5/15/1975,,Monchia,Magdalena Cauca,Medio Magdalena,Río Nare,2023,24,Andes,Definitivo,0,0,0,2.9390881061554,2.9390881061554,0,7.63434982299805,0,3.05454540252686,6.04363632202148,5,10,0.869565188884735,0.876811623573303,1,1,17,1.08000004291534,0
03,2010-03-15,23080760,9,Definitivo,SAN ROQUE [23080760],Pluviométrica,Convencional,Activa,Antioquia,San Roque,6.4875,-75.017,820,5/15/1975,,Monchia,Magdalena Cauca,Medio Magdalena,Río Nare,2010,15,Andes,Definitivo,9,9,0,7.00781679153442,7.00781679153442,0,4.11098766326904,0.91091912984848,3.05454540252686,6.04363632202148,5,10,0.869565188884735,0.876811623573303,1,1,15,1.08000004291534,9.7200003862381
03,2010-03-16,23080760,51,Definitivo,SAN ROQUE [23080760],Pluviométrica,Convencional,Activa,Antioquia,San Roque,6.4875,-75.017,820,5/15/1975,,Monchia,Magdalena Cauca,Medio Magdalena,Río Nare,2010,16,Andes,Definitivo,51,51,0,3.60346341133118,3.60346341133118,16.1857891082764,11.8728151321411,0.114203438162804,3.05454540252686,6.04363632202148,5,10,0.869565188884735,0.876811623573303,1,1,16,1.08000004291534,55.0800021886826
03,2010-03-17,23080760,2,Definitivo,SAN ROQUE [23080760],Pluviométrica,Convencional,Activa,Antioquia,San Roque,6.4875,-75.017,820,5/15/1975,,Monchia,Magdalena Cauca,Medio Magdalena,Río Nare,2010,17,Andes,Definitivo,2,2,0,8.84435844421387,8.84435844421387,16.1857891082764,28.2054328918457,49.2779083251953,3.05454540252686,6.04363632202148,5,10,0.869565188884735,0.876811623573303,1,1,16,1.08000004291534,2.16000008583069
03,2011-03-14,23080760,,"",SAN ROQUE [23080760],Pluviométrica,Convencional,Activa,Antioquia,San Roque,6.4875,-75.017,820,5/15/1975,,Monchia,Magdalena Cauca,Medio Magdalena,Río Nare,2011,14,Andes,Preliminar,0,0,0,2.29241180419922,2.29241180419922,0,2.17252349853516,0.134001195430756,3.05454540252686,6.04363632202148,5,10,0.869565188884735,0.876811623573303,1,1,15,1.08000004291534,0
03,2010-03-18,23080760,0,Definitivo,SAN ROQUE [23080760],Pluviométrica,Convencional,Activa,Antioquia,San Roque,6.4875,-75.017,820,5/15/1975,,Monchia,Magdalena Cauca,Medio Magdalena,Río Nare,2010,18,Andes,Definitivo,0,0,0,19.860818862915,19.860818862915,8.09289455413818,11.9145374298096,23.9663333892822,3.05454540252686,6.04363632202148,5,10,0.869565188884735,0.876811623573303,1,1,16,1.08000004291534,0
03,2009-03-22,23080760,,"",SAN ROQUE [23080760],Pluviométrica,Convencional,Activa,Antioquia,San Roque,6.4875,-75.017,820,5/15/1975,,Monchia,Magdalena Cauca,Medio Magdalena,Río Nare,2009,22,Andes,Preliminar,0,0,0,9.2005500793457,9.2005500793457,22.9520721435547,20.0593318939209,30.5301723480225,3.05454540252686,6.04363632202148,5,10,0.869565188884735,0.876811623573303,1,1,17,1.08000004291534,0
03,2009-03-23,23080760,20,Definitivo,SAN ROQUE [23080760],Pluviométrica,Convencional,Activa,Antioquia,San Roque,6.4875,-75.017,820,5/15/1975,,Monchia,Magdalena Cauca,Medio Magdalena,Río Nare,2009,23,Andes,Definitivo,20,20,0,3.66249871253967,3.66249871253967,11.4760360717773,23.1251945495605,14.9674959182739,3.05454540252686,6.04363632202148,5,10,0.869565188884735,0.876811623573303,1,1,17,1.08000004291534,21.6000008583069
03,2011-03-25,23080760,65,Definitivo,SAN ROQUE [23080760],Pluviométrica,Convencional,Activa,Antioquia,San Roque,6.4875,-75.017,820,5/15/1975,,Monchia,Magdalena Cauca,Medio Magdalena,Río Nare,2011,25,Andes,Definitivo,65,65,0,12.2770977020264,12.2770977020264,24.8918266296387,17.0797119140625,72.7401809692383,3.05454540252686,6.04363632202148,5,10,0.869565188884735,0.876811623573303,1,1,17,1.08000004291534,70.2000027894974
03,2016-03-23,23080760,,"",SAN ROQUE [23080760],Pluviométrica,Convencional,Activa,Antioquia,San Roque,6.4875,-75.017,820,5/15/1975,,Monchia,Magdalena Cauca,Medio Magdalena,Río Nare,2016,23,Andes,Preliminar,0,0,0,0.826420903205872,0.826420903205872,0,0.118475429713726,0.0250983517616987,3.05454540252686,6.04363632202148,5,10,0.869565188884735,0.876811623573303,1,1,17,1.08000004291534,0
03,2016-03-24,23080760,,"",SAN ROQUE [23080760],Pluviométrica,Convencional,Activa,Antioquia,San Roque,6.4875,-75.017,820,5/15/1975,,Monchia,Magdalena Cauca,Medio Magdalena,Río Nare,2016,24,Andes,Preliminar,0,0,0,0.72656375169754,0.72656375169754,0,0.0788586363196373,0,3.05454540252686,6.04363632202148,5,10,0.869565188884735,0.876811623573303,1,1,17,1.08000004291534,0
03,2015-03-29,23080760,,"",SAN ROQUE [23080760],Pluviométrica,Convencional,Activa,Antioquia,San Roque,6.4875,-75.017,820,5/15/1975,,Monchia,Magdalena Cauca,Medio Magdalena,Río Nare,2015,29,Andes,Preliminar,14,14,0,8.05922508239746,8.05922508239746,21.5161113739014,29.7415256500244,50.6903457641602,3.05454540252686,6.04363632202148,5,10,0.869565188884735,0.876811623573303,1,1,18,1.08000004291534,15.1200006008148
03,2010-03-12,23080760,,"",SAN ROQUE [23080760],Pluviométrica,Convencional,Activa,Antioquia,San Roque,6.4875,-75.017,820,5/15/1975,,Monchia,Magdalena Cauca,Medio Magdalena,Río Nare,2010,12,Andes,Preliminar,0,0,0,6.01695728302002,6.01695728302002,0,3.83058524131775,0.193370789289474,3.05454540252686,6.04363632202148,5,10,0.869565188884735,0.876811623573303,1,1,15,1.08000004291534,0
03,2009-03-09,23080760,24,Definitivo,SAN ROQUE [23080760],Pluviométrica,Convencional,Activa,Antioquia,San Roque,6.4875,-75.017,820,5/15/1975,,Monchia,Magdalena Cauca,Medio Magdalena,Río Nare,2009,09,Andes,Definitivo,24,24,0,4.50519895553589,4.50519895553589,16.4579257965088,9.39103507995605,22.132740020752,3.05454540252686,6.04363632202148,5,10,0.869565188884735,0.876811623573303,1,1,14,1.08000004291534,25.9200010299683
03,2021-03-22,23080760,35,Definitivo,SAN ROQUE [23080760],Pluviométrica,Convencional,Activa,Antioquia,San Roque,6.4875,-75.017,820,5/15/1975,,Monchia,Magdalena Cauca,Medio Magdalena,Río Nare,2021,22,Andes,Definitivo,35,35,0,11.9189596176147,11.9189596176147,21.618070602417,28.930305480957,59.994327545166,3.05454540252686,6.04363632202148,5,10,0.869565188884735,0.876811623573303,1,1,17,1.08000004291534,37.8000015020371
03,2023-03-19,23080760,0,Definitivo,SAN ROQUE [23080760],Pluviométrica,Convencional,Activa,Antioquia,San Roque,6.4875,-75.017,820,5/15/1975,,Monchia,Magdalena Cauca,Medio Magdalena,Río Nare,2023,19,Andes,Definitivo,0,0,0,0.744372427463532,0.744372427463532,0,0.988609611988068,0.337685376405716,3.05454540252686,6.04363632202148,5,10,0.869565188884735,0.876811623573303,1,1,16,1.08000004291534,0
03,2023-03-16,23080760,0,Definitivo,SAN ROQUE [23080760],Pluviométrica,Convencional,Activa,Antioquia,San Roque,6.4875,-75.017,820,5/15/1975,,Monchia,Magdalena Cauca,Medio Magdalena,Río Nare,2023,16,Andes,Definitivo,0,0,0,1.44059014320374,1.44059014320374,0,2.15620446205139,7.29615926742554,3.05454540252686,6.04363632202148,5,10,0.869565188884735,0.876811623573303,1,1,16,1.08000004291534,0
03,2021-03-19,23080760,13,Definitivo,SAN ROQUE [23080760],Pluviométrica,Convencional,Activa,Antioquia,San Roque,6.4875,-75.017,820,5/15/1975,,Monchia,Magdalena Cauca,Medio Magdalena,Río Nare,2021,19,Andes,Definitivo,13,13,0,5.96059703826904,5.96059703826904,18.4159069061279,34.3169288635254,14.7136821746826,3.05454540252686,6.04363632202148,5,10,0.869565188884735,0.876811623573303,1,1,16,1.08000004291534,14.0400005578995
03,2021-03-16,23080760,64,Definitivo,SAN ROQUE [23080760],Pluviométrica,Convencional,Activa,Antioquia,San Roque,6.4875,-75.017,820,5/15/1975,,Monchia,Magdalena Cauca,Medio Magdalena,Río Nare,2021,16,Andes,Definitivo,64,64,0,4.93709897994995,4.93709897994995,12.2772722244263,31.3909301757813,41.784049987793,3.05454540252686,6.04363632202148,5,10,0.869565188884735,0.876811623573303,1,1,16,1.08000004291534,69.120002746582
03,2023-03-13,23080760,48,Definitivo,SAN ROQUE [23080760],Pluviométrica,Convencional,Activa,Antioquia,San Roque,6.4875,-75.017,820,5/15/1975,,Monchia,Magdalena Cauca,Medio Magdalena,Río Nare,2023,13,Andes,Definitivo,48,48,0,9.67223644256592,9.67223644256592,39.8432769775391,16.6429347991943,42.1146812438965,3.05454540252686,6.04363632202148,5,10,0.869565188884735,0.876811623573303,1,1,15,1.08000004291534,51.8400020599365
03,2020-03-14,23080760,0,Definitivo,SAN ROQUE [23080760],Pluviométrica,Convencional,Activa,Antioquia,San Roque,6.4875,-75.017,820,5/15/1975,,Monchia,Magdalena Cauca,Medio Magdalena,Río Nare,2020,14,Andes,Definitivo,0,0,0,2.96282386779785,2.96282386779785,20.639986038208,1.88125789165497,0.250023394823074,3.05454540252686,6.04363632202148,5,10,0.869565188884735,0.876811623573303,1,1,15,1.08000004291534,0
03,2021-03-12,23080760,8,Definitivo,SAN ROQUE [23080760],Pluviométrica,Convencional,Activa,Antioquia,San Roque,6.4875,-75.017,820,5/15/1975,,Monchia,Magdalena Cauca,Medio Magdalena,Río Nare,2021,12,Andes,Definitivo,8,8,0,4.01745080947876,4.01745080947876,0,5.87946176528931,7.80963277816773,3.05454540252686,6.04363632202148,5,10,0.869565188884735,0.876811623573303,1,1,15,1.08000004291534,8.64000034332275
03,2022-03-10,23080760,0,Definitivo,SAN ROQUE [23080760],Pluviométrica,Convencional,Activa,Antioquia,San Roque,6.4875,-75.017,820,5/15/1975,,Monchia,Magdalena Cauca,Medio Magdalena,Río Nare,2022,10,Andes,Definitivo,0,0,0,2.54476499557495,2.54476499557495,0,9.99532794952393,0.936077654361725,3.05454540252686,6.04363632202148,5,10,0.869565188884735,0.876811623573303,1,1,14,1.08000004291534,0
03,2023-03-08,23080760,5,Definitivo,SAN ROQUE [23080760],Pluviométrica,Convencional,Activa,Antioquia,San Roque,6.4875,-75.017,820,5/15/1975,,Monchia,Magdalena Cauca,Medio Magdalena,Río Nare,2023,08,Andes,Definitivo,5,5,0,4.91787528991699,4.91787528991699,19.7059898376465,18.9850902557373,3.04017448425293,3.05454540252686,6.04363632202148,5,10,0.869565188884735,0.876811623573303,1,1,14,1.08000004291534,5.40000021457672
03,2022-03-09,23080760,6,Definitivo,SAN ROQUE [23080760],Pluviométrica,Convencional,Activa,Antioquia,San Roque,6.4875,-75.017,820,5/15/1975,,Monchia,Magdalena Cauca,Medio Magdalena,Río Nare,2022,09,Andes,Definitivo,6,6,0,1.83572709560394,1.83572709560394,0,4.77628755569458,0.984373152256012,3.05454540252686,6.04363632202148,5,10,0.869565188884735,0.876811623573303,1,1,14,1.08000004291534,6.48000025749207
03,2020-03-27,23080760,0,Definitivo,SAN ROQUE [23080760],Pluviométrica,Convencional,Activa,Antioquia,San Roque,6.4875,-75.017,820,5/15/1975,,Monchia,Magdalena Cauca,Medio Magdalena,Río Nare,2020,27,Andes,Definitivo,0,0,0,1.7532719373703,1.7532719373703,0,0,0,3.05454540252686,6.04363632202148,5,10,0.869565188884735,0.876811623573303,1,1,18,1.08000004291534,0
03,2020-03-28,23080760,0,Definitivo,SAN ROQUE [23080760],Pluviométrica,Convencional,Activa,Antioquia,San Roque,6.4875,-75.017,820,5/15/1975,,Monchia,Magdalena Cauca,Medio Magdalena,Río Nare,2020,28,Andes,Definitivo,0,0,0,0.977872431278229,0.977872431278229,0,0,0,3.05454540252686,6.04363632202148,5,10,0.869565188884735,0.876811623573303,1,1,18,1.08000004291534,0
03,2009-03-10,23080760,22,Definitivo,SAN ROQUE [23080760],Pluviométrica,Convencional,Activa,Antioquia,San Roque,6.4875,-75.017,820,5/15/1975,,Monchia,Magdalena Cauca,Medio Magdalena,Río Nare,2009,10,Andes,Definitivo,22,22,0,7.46669578552246,7.46669578552246,0,13.643045425415,32.7813415527344,3.05454540252686,6.04363632202148,5,10,0.869565188884735,0.876811623573303,1,1,14,1.08000004291534,23.7600009441376
03,2011-03-12,23080760,,"",SAN ROQUE [23080760],Pluviométrica,Convencional,Activa,Antioquia,San Roque,6.4875,-75.017,820,5/15/1975,,Monchia,Magdalena Cauca,Medio Magdalena,Río Nare,2011,12,Andes,Preliminar,0,0,0,3.1180145740509,3.1180145740509,7.45120096206665,4.46619367599487,2.35076856613159,3.05454540252686,6.04363632202148,5,10,0.869565188884735,0.876811623573303,1,1,15,1.08000004291534,0
03,2011-03-13,23080760,,"",SAN ROQUE [23080760],Pluviométrica,Convencional,Activa,Antioquia,San Roque,6.4875,-75.017,820,5/15/1975,,Monchia,Magdalena Cauca,Medio Magdalena,Río Nare,2011,13,Andes,Preliminar,0,0,0,2.34270191192627,2.34270191192627,0,4.05883693695068,0.323982626199722,3.05454540252686,6.04363632202148,5,10,0.869565188884735,0.876811623573303,1,1,15,1.08000004291534,0
03,2004-03-29,23080760,0.4,Definitivo,SAN ROQUE [23080760],Pluviométrica,Convencional,Activa,Antioquia,San Roque,6.4875,-75.017,820,5/15/1975,,Monchia,Magdalena Cauca,Medio Magdalena,Río Nare,2004,29,Andes,Definitivo,0.4,0.4,0,2.03797960281372,2.03797960281372,0,10.4134979248047,4.34648609161377,3.05454540252686,6.04363632202148,5,10,0.869565188884735,0.876811623573303,1,1,18,1.08000004291534,0.432000017166138
03,2003-03-27,23080760,14,Definitivo,SAN ROQUE [23080760],Pluviométrica,Convencional,Activa,Antioquia,San Roque,6.4875,-75.017,820,5/15/1975,,Monchia,Magdalena Cauca,Medio Magdalena,Río Nare,2003,27,Andes,Definitivo,14,14,0,3.74941682815552,3.74941682815552,15.1885318756104,14.071831703186,45.4495429992676,3.05454540252686,6.04363632202148,5,10,0.869565188884735,0.876811623573303,1,1,18,1.08000004291534,15.1200006008148
03,2004-03-24,23080760,2,Definitivo,SAN ROQUE [23080760],Pluviométrica,Convencional,Activa,Antioquia,San Roque,6.4875,-75.017,820,5/15/1975,,Monchia,Magdalena Cauca,Medio Magdalena,Río Nare,2004,24,Andes,Definitivo,2,2,0,5.80070543289185,5.80070543289185,0,1.0493323802948,2.11478328704834,3.05454540252686,6.04363632202148,5,10,0.869565188884735,0.876811623573303,1,1,17,1.08000004291534,2.16000008583069
03,2005-03-22,23080760,,"",SAN ROQUE [23080760],Pluviométrica,Convencional,Activa,Antioquia,San Roque,6.4875,-75.017,820,5/15/1975,,Monchia,Magdalena Cauca,Medio Magdalena,Río Nare,2005,22,Andes,Preliminar,0,0,0,2.12481999397278,2.12481999397278,0,0.261559396982193,0,3.05454540252686,6.04363632202148,5,10,0.869565188884735,0.876811623573303,1,1,17,1.08000004291534,0
03,2006-03-20,23080760,12,Definitivo,SAN ROQUE [23080760],Pluviométrica,Convencional,Activa,Antioquia,San Roque,6.4875,-75.017,820,5/15/1975,,Monchia,Magdalena Cauca,Medio Magdalena,Río Nare,2006,20,Andes,Definitivo,12,12,0,6.36213874816895,6.36213874816895,22.1992225646973,21.6085815429688,10.9340305328369,3.05454540252686,6.04363632202148,5,10,0.869565188884735,0.876811623573303,1,1,16,1.08000004291534,12.9600005149841
03,2007-03-18,23080760,32,Definitivo,SAN ROQUE [23080760],Pluviométrica,Convencional,Activa,Antioquia,San Roque,6.4875,-75.017,820,5/15/1975,,Monchia,Magdalena Cauca,Medio Magdalena,Río Nare,2007,18,Andes,Definitivo,32,32,0,4.4944052696228,4.4944052696228,0,12.506160736084,17.423713684082,3.05454540252686,6.04363632202148,5,10,0.869565188884735,0.876811623573303,1,1,16,1.08000004291534,34.560001373291
03,2008-03-15,23080760,,"",SAN ROQUE [23080760],Pluviométrica,Convencional,Activa,Antioquia,San Roque,6.4875,-75.017,820,5/15/1975,,Monchia,Magdalena Cauca,Medio Magdalena,Río Nare,2008,15,Andes,Preliminar,0,0,0,3.01106548309326,3.01106548309326,0,4.28472089767456,2.50256299972534,3.05454540252686,6.04363632202148,5,10,0.869565188884735,0.876811623573303,1,1,15,1.08000004291534,0
03,2009-03-13,23080760,,"",SAN ROQUE [23080760],Pluviométrica,Convencional,Activa,Antioquia,San Roque,6.4875,-75.017,820,5/15/1975,,Monchia,Magdalena Cauca,Medio Magdalena,Río Nare,2009,13,Andes,Preliminar,0,0,0,5.20069408416748,5.20069408416748,0,6.19345617294312,0.0434627756476402,3.05454540252686,6.04363632202148,5,10,0.869565188884735,0.876811623573303,1,1,15,1.08000004291534,0
03,2007-03-14,23080760,,"",SAN ROQUE [23080760],Pluviométrica,Convencional,Activa,Antioquia,San Roque,6.4875,-75.017,820,5/15/1975,,Monchia,Magdalena Cauca,Medio Magdalena,Río Nare,2007,14,Andes,Preliminar,0,0,0,6.74844932556152,6.74844932556152,0,4.1009669303894,0,3.05454540252686,6.04363632202148,5,10,0.869565188884735,0.876811623573303,1,1,15,1.08000004291534,0
03,2005-03-14,23080760,,"",SAN ROQUE [23080760],Pluviométrica,Convencional,Activa,Antioquia,San Roque,6.4875,-75.017,820,5/15/1975,,Monchia,Magdalena Cauca,Medio Magdalena,Río Nare,2005,14,Andes,Preliminar,0,0,0,1.47653603553772,1.47653603553772,0,0,0,3.05454540252686,6.04363632202148,5,10,0.869565188884735,0.876811623573303,1,1,15,1.08000004291534,0
03,2022-03-25,23080760,10,Definitivo,SAN ROQUE [23080760],Pluviométrica,Convencional,Activa,Antioquia,San Roque,6.4875,-75.017,820,5/15/1975,,Monchia,Magdalena Cauca,Medio Magdalena,Río Nare,2022,25,Andes,Definitivo,10,10,0,5.01115322113037,5.01115322113037,0,15.0326833724976,10.9150047302246,3.05454540252686,6.04363632202148,5,10,0.869565188884735,0.876811623573303,1,1,17,1.08000004291534,10.8000004291534
03,2022-03-23,23080760,0,Definitivo,SAN ROQUE [23080760],Pluviométrica,Convencional,Activa,Antioquia,San Roque,6.4875,-75.017,820,5/15/1975,,Monchia,Magdalena Cauca,Medio Magdalena,Río Nare,2022,23,Andes,Definitivo,0,0,0,3.25213503837585,3.25213503837585,7.86444187164307,4.12915992736816,7.95762491226196,3.05454540252686,6.04363632202148,5,10,0.869565188884735,0.876811623573303,1,1,17,1.08000004291534,0
03,2022-03-20,23080760,0,Definitivo,SAN ROQUE [23080760],Pluviométrica,Convencional,Activa,Antioquia,San Roque,6.4875,-75.017,820,5/15/1975,,Monchia,Magdalena Cauca,Medio Magdalena,Río Nare,2022,20,Andes,Definitivo,0,0,0,2.61774682998657,2.61774682998657,20.2241630554199,13.1630191802979,39.1777839660645,3.05454540252686,6.04363632202148,5,10,0.869565188884735,0.876811623573303,1,1,16,1.08000004291534,0
03,2012-03-09,23080760,5,Definitivo,SAN ROQUE [23080760],Pluviométrica,Convencional,Activa,Antioquia,San Roque,6.4875,-75.017,820,5/15/1975,,Monchia,Magdalena Cauca,Medio Magdalena,Río Nare,2012,09,Andes,Definitivo,5,5,0,7.01883602142334,7.01883602142334,5.05270719528198,11.6201801300049,9.60920906066895,3.05454540252686,6.04363632202148,5,10,0.869565188884735,0.876811623573303,1,1,14,1.08000004291534,5.40000021457672
03,2012-03-10,23080760,8,Definitivo,SAN ROQUE [23080760],Pluviométrica,Convencional,Activa,Antioquia,San Roque,6.4875,-75.017,820,5/15/1975,,Monchia,Magdalena Cauca,Medio Magdalena,Río Nare,2012,10,Andes,Definitivo,8,8,0,14.7848501205444,14.7848501205444,20.2108287811279,10.2196006774902,27.3322143554688,3.05454540252686,6.04363632202148,5,10,0.869565188884735,0.876811623573303,1,1,14,1.08000004291534,8.64000034332275
03,2011-03-15,23080760,,"",SAN ROQUE [23080760],Pluviométrica,Convencional,Activa,Antioquia,San Roque,6.4875,-75.017,820,5/15/1975,,Monchia,Magdalena Cauca,Medio Magdalena,Río Nare,2011,15,Andes,Preliminar,0,0,0,3.08029699325562,3.08029699325562,0,2.84608840942383,0.379070311784744,3.05454540252686,6.04363632202148,5,10,0.869565188884735,0.876811623573303,1,1,15,1.08000004291534,0
03,2010-03-19,23080760,4,Definitivo,SAN ROQUE [23080760],Pluviométrica,Convencional,Activa,Antioquia,San Roque,6.4875,-75.017,820,5/15/1975,,Monchia,Magdalena Cauca,Medio Magdalena,Río Nare,2010,19,Andes,Definitivo,4,4,0,0.501254618167877,0.501254618167877,8.09289455413818,19.7389259338379,0.51958030462265,3.05454540252686,6.04363632202148,5,10,0.869565188884735,0.876811623573303,1,1,16,1.08000004291534,4.32000017166138
03,2010-03-20,23080760,0,Definitivo,SAN ROQUE [23080760],Pluviométrica,Convencional,Activa,Antioquia,San Roque,6.4875,-75.017,820,5/15/1975,,Monchia,Magdalena Cauca,Medio Magdalena,Río Nare,2010,20,Andes,Definitivo,0,0,0,2.57867622375488,2.57867622375488,0,2.69132804870605,0.545006811618805,3.05454540252686,6.04363632202148,5,10,0.869565188884735,0.876811623573303,1,1,16,1.08000004291534,0
03,2009-03-24,23080760,4,Definitivo,SAN ROQUE [23080760],Pluviométrica,Convencional,Activa,Antioquia,San Roque,6.4875,-75.017,820,5/15/1975,,Monchia,Magdalena Cauca,Medio Magdalena,Río Nare,2009,24,Andes,Definitivo,4,4,0,12.9073534011841,12.9073534011841,0,10.8920478820801,20.6021289825439,3.05454540252686,6.04363632202148,5,10,0.869565188884735,0.876811623573303,1,1,17,1.08000004291534,4.32000017166138
03,2011-03-26,23080760,,"",SAN ROQUE [23080760],Pluviométrica,Convencional,Activa,Antioquia,San Roque,6.4875,-75.017,820,5/15/1975,,Monchia,Magdalena Cauca,Medio Magdalena,Río Nare,2011,26,Andes,Preliminar,0,0,0,40.2581367492676,40.2581367492676,9.40904331207275,11.0578880310059,22.05810546875,3.05454540252686,6.04363632202148,5,10,0.869565188884735,0.876811623573303,1,1,18,1.08000004291534,0
03,2014-03-24,23080760,5,Definitivo,SAN ROQUE [23080760],Pluviométrica,Convencional,Activa,Antioquia,San Roque,6.4875,-75.017,820,5/15/1975,,Monchia,Magdalena Cauca,Medio Magdalena,Río Nare,2014,24,Andes,Definitivo,5,5,0,2.15324759483337,2.15324759483337,24.4144725799561,10.6839151382446,33.2072792053223,3.05454540252686,6.04363632202148,5,10,0.869565188884735,0.876811623573303,1,1,17,1.08000004291534,5.40000021457672
03,2016-03-25,23080760,,"",SAN ROQUE [23080760],Pluviométrica,Convencional,Activa,Antioquia,San Roque,6.4875,-75.017,820,5/15/1975,,Monchia,Magdalena Cauca,Medio Magdalena,Río Nare,2016,25,Andes,Preliminar,0,0,0,0,0,0,0.24478705227375,0,3.05454540252686,6.04363632202148,5,10,0.869565188884735,0.876811623573303,1,1,17,1.08000004291534,0
03,2018-03-27,23080760,0,Definitivo,SAN ROQUE [23080760],Pluviométrica,Convencional,Activa,Antioquia,San Roque,6.4875,-75.017,820,5/15/1975,,Monchia,Magdalena Cauca,Medio Magdalena,Río Nare,2018,27,Andes,Definitivo,0,0,0,6.70377206802368,6.70377206802368,18.1942958831787,28.5215930938721,27.766658782959,3.05454540252686,6.04363632202148,5,10,0.869565188884735,0.876811623573303,1,1,18,1.08000004291534,0
03,2004-03-11,23080760,2,Definitivo,SAN ROQUE [23080760],Pluviométrica,Convencional,Activa,Antioquia,San Roque,6.4875,-75.017,820,5/15/1975,,Monchia,Magdalena Cauca,Medio Magdalena,Río Nare,2004,11,Andes,Definitivo,2,2,0,2.6565957069397,2.6565957069397,0,14.6228160858154,17.1798057556152,3.05454540252686,6.04363632202148,5,10,0.869565188884735,0.876811623573303,1,1,15,1.08000004291534,2.16000008583069
03,2007-03-10,23080760,32,Definitivo,SAN ROQUE [23080760],Pluviométrica,Convencional,Activa,Antioquia,San Roque,6.4875,-75.017,820,5/15/1975,,Monchia,Magdalena Cauca,Medio Magdalena,Río Nare,2007,10,Andes,Definitivo,32,32,0,10.2893037796021,10.2893037796021,0,18.5867042541504,0.0452714450657368,3.05454540252686,6.04363632202148,5,10,0.869565188884735,0.876811623573303,1,1,14,1.08000004291534,34.560001373291
03,2009-03-11,23080760,,"",SAN ROQUE [23080760],Pluviométrica,Convencional,Activa,Antioquia,San Roque,6.4875,-75.017,820,5/15/1975,,Monchia,Magdalena Cauca,Medio Magdalena,Río Nare,2009,11,Andes,Preliminar,0,0,0,1.32668268680573,1.32668268680573,13.7055940628052,1.43124485015869,13.3663911819458,3.05454540252686,6.04363632202148,5,10,0.869565188884735,0.876811623573303,1,1,15,1.08000004291534,0
03,2023-03-21,23080760,0,Definitivo,SAN ROQUE [23080760],Pluviométrica,Convencional,Activa,Antioquia,San Roque,6.4875,-75.017,820,5/15/1975,,Monchia,Magdalena Cauca,Medio Magdalena,Río Nare,2023,21,Andes,Definitivo,0,0,0,2.09889340400696,2.09889340400696,0,3.70651459693909,1.71029305458069,3.05454540252686,6.04363632202148,5,10,0.869565188884735,0.876811623573303,1,1,17,1.08000004291534,0
03,2020-03-20,23080760,0,Definitivo,SAN ROQUE [23080760],Pluviométrica,Convencional,Activa,Antioquia,San Roque,6.4875,-75.017,820,5/15/1975,,Monchia,Magdalena Cauca,Medio Magdalena,Río Nare,2020,20,Andes,Definitivo,0,0,0,2.39767456054688,2.39767456054688,17.0106105804443,8.69994831085205,6.91216135025024,3.05454540252686,6.04363632202148,5,10,0.869565188884735,0.876811623573303,1,1,16,1.08000004291534,0
03,2022-03-17,23080760,0,Definitivo,SAN ROQUE [23080760],Pluviométrica,Convencional,Activa,Antioquia,San Roque,6.4875,-75.017,820,5/15/1975,,Monchia,Magdalena Cauca,Medio Magdalena,Río Nare,2022,17,Andes,Definitivo,0,0,0,6.49630975723267,6.49630975723267,6.74138784408569,12.8332939147949,4.57921934127808,3.05454540252686,6.04363632202148,5,10,0.869565188884735,0.876811623573303,1,1,16,1.08000004291534,0
03,2022-03-14,23080760,15,Definitivo,SAN ROQUE [23080760],Pluviométrica,Convencional,Activa,Antioquia,San Roque,6.4875,-75.017,820,5/15/1975,,Monchia,Magdalena Cauca,Medio Magdalena,Río Nare,2022,14,Andes,Definitivo,15,15,0,4.23416805267334,4.23416805267334,0,7.49675130844116,1.96631586551666,3.05454540252686,6.04363632202148,5,10,0.869565188884735,0.876811623573303,1,1,15,1.08000004291534,16.2000006437302
03,2021-03-15,23080760,4,Definitivo,SAN ROQUE [23080760],Pluviométrica,Convencional,Activa,Antioquia,San Roque,6.4875,-75.017,820,5/15/1975,,Monchia,Magdalena Cauca,Medio Magdalena,Río Nare,2021,15,Andes,Definitivo,4,4,0,6.43323373794556,6.43323373794556,5.80873012542725,15.4346132278442,22.1327838897705,3.05454540252686,6.04363632202148,5,10,0.869565188884735,0.876811623573303,1,1,15,1.08000004291534,4.32000017166138
03,2022-03-13,23080760,1,Definitivo,SAN ROQUE [23080760],Pluviométrica,Convencional,Activa,Antioquia,San Roque,6.4875,-75.017,820,5/15/1975,,Monchia,Magdalena Cauca,Medio Magdalena,Río Nare,2022,13,Andes,Definitivo,1,1,0,8.80286979675293,8.80286979675293,5.0664849281311,8.66945743560791,3.3941056728363,3.05454540252686,6.04363632202148,5,10,0.869565188884735,0.876811623573303,1,1,15,1.08000004291534,1.08000004291534
03,2020-03-13,23080760,1,Definitivo,SAN ROQUE [23080760],Pluviométrica,Convencional,Activa,Antioquia,San Roque,6.4875,-75.017,820,5/15/1975,,Monchia,Magdalena Cauca,Medio Magdalena,Río Nare,2020,13,Andes,Definitivo,1,1,0,1.43979358673096,1.43979358673096,0,1.88888466358185,0.124569453299046,3.05454540252686,6.04363632202148,5,10,0.869565188884735,0.876811623573303,1,1,15,1.08000004291534,1.08000004291534
03,2021-03-11,23080760,11,Definitivo,SAN ROQUE [23080760],Pluviométrica,Convencional,Activa,Antioquia,San Roque,6.4875,-75.017,820,5/15/1975,,Monchia,Magdalena Cauca,Medio Magdalena,Río Nare,2021,11,Andes,Definitivo,11,11,0,4.44700241088867,4.44700241088867,29.0436496734619,37.3242149353027,6.45478439331055,3.05454540252686,6.04363632202148,5,10,0.869565188884735,0.876811623573303,1,1,15,1.08000004291534,11.8800004720688
03,2021-03-10,23080760,8,Definitivo,SAN ROQUE [23080760],Pluviométrica,Convencional,Activa,Antioquia,San Roque,6.4875,-75.017,820,5/15/1975,,Monchia,Magdalena Cauca,Medio Magdalena,Río Nare,2021,10,Andes,Definitivo,8,8,0,7.8065071105957,7.8065071105957,18.4236602783203,38.0921821594238,17.1310176849365,3.05454540252686,6.04363632202148,5,10,0.869565188884735,0.876811623573303,1,1,14,1.08000004291534,8.64000034332275
03,2023-03-07,23080760,49,Definitivo,SAN ROQUE [23080760],Pluviométrica,Convencional,Activa,Antioquia,San Roque,6.4875,-75.017,820,5/15/1975,,Monchia,Magdalena Cauca,Medio Magdalena,Río Nare,2023,07,Andes,Definitivo,49,49,0,1.76119422912598,1.76119422912598,19.7059898376465,11.422568321228,16.0593147277832,3.05454540252686,6.04363632202148,5,10,0.869565188884735,0.876811623573303,1,1,14,1.08000004291534,52.9200021028519
03,2018-03-28,23080760,40,Definitivo,SAN ROQUE [23080760],Pluviométrica,Convencional,Activa,Antioquia,San Roque,6.4875,-75.017,820,5/15/1975,,Monchia,Magdalena Cauca,Medio Magdalena,Río Nare,2018,28,Andes,Definitivo,40,40,0,4.44526052474976,4.44526052474976,0,17.2706527709961,14.7279462814331,3.05454540252686,6.04363632202148,5,10,0.869565188884735,0.876811623573303,1,1,18,1.08000004291534,43.2000017166138
03,2021-03-26,23080760,18,Definitivo,SAN ROQUE [23080760],Pluviométrica,Convencional,Activa,Antioquia,San Roque,6.4875,-75.017,820,5/15/1975,,Monchia,Magdalena Cauca,Medio Magdalena,Río Nare,2021,26,Andes,Definitivo,18,18,0,0.468980342149735,0.468980342149735,18.5023975372314,16.2852573394775,30.7655563354492,3.05454540252686,6.04363632202148,5,10,0.869565188884735,0.876811623573303,1,1,18,1.08000004291534,19.4400007724762
03,2021-03-24,23080760,17,Definitivo,SAN ROQUE [23080760],Pluviométrica,Convencional,Activa,Antioquia,San Roque,6.4875,-75.017,820,5/15/1975,,Monchia,Magdalena Cauca,Medio Magdalena,Río Nare,2021,24,Andes,Definitivo,17,17,0,2.82918357849121,2.82918357849121,12.9708423614502,14.2401857376099,24.6072902679443,3.05454540252686,6.04363632202148,5,10,0.869565188884735,0.876811623573303,1,1,17,1.08000004291534,18.3600007295609
03,2001-03-31,23080760,2,Definitivo,SAN ROQUE [23080760],Pluviométrica,Convencional,Activa,Antioquia,San Roque,6.4875,-75.017,820,5/15/1975,,Monchia,Magdalena Cauca,Medio Magdalena,Río Nare,2001,31,Andes,Definitivo,2,2,0,7.02220010757446,7.02220010757446,0,5.14286231994629,3.31043791770935,3.05454540252686,6.04363632202148,5,10,0.869565188884735,0.876811623573303,1,1,18,1.08000004291534,2.16000008583069
03,2002-03-29,23080760,6,Definitivo,SAN ROQUE [23080760],Pluviométrica,Convencional,Activa,Antioquia,San Roque,6.4875,-75.017,820,5/15/1975,,Monchia,Magdalena Cauca,Medio Magdalena,Río Nare,2002,29,Andes,Definitivo,6,6,0,4.01732635498047,4.01732635498047,0,13.1112432479858,6.80290412902832,3.05454540252686,6.04363632202148,5,10,0.869565188884735,0.876811623573303,1,1,18,1.08000004291534,6.48000025749207
03,2004-03-23,23080760,0,Definitivo,SAN ROQUE [23080760],Pluviométrica,Convencional,Activa,Antioquia,San Roque,6.4875,-75.017,820,5/15/1975,,Monchia,Magdalena Cauca,Medio Magdalena,Río Nare,2004,23,Andes,Definitivo,0,0,0,5.42970991134644,5.42970991134644,0,1.67601466178894,1.16852688789368,3.05454540252686,6.04363632202148,5,10,0.869565188884735,0.876811623573303,1,1,17,1.08000004291534,0
03,2005-03-21,23080760,,"",SAN ROQUE [23080760],Pluviométrica,Convencional,Activa,Antioquia,San Roque,6.4875,-75.017,820,5/15/1975,,Monchia,Magdalena Cauca,Medio Magdalena,Río Nare,2005,21,Andes,Preliminar,0,0,0,7.51112508773804,7.51112508773804,9.71307945251465,21.5121955871582,5.79602241516113,3.05454540252686,6.04363632202148,5,10,0.869565188884735,0.876811623573303,1,1,17,1.08000004291534,0
03,2006-03-19,23080760,7,Definitivo,SAN ROQUE [23080760],Pluviométrica,Convencional,Activa,Antioquia,San Roque,6.4875,-75.017,820,5/15/1975,,Monchia,Magdalena Cauca,Medio Magdalena,Río Nare,2006,19,Andes,Definitivo,7,7,0,2.44697666168213,2.44697666168213,7.39974164962769,12.02516746521,4.76678848266602,3.05454540252686,6.04363632202148,5,10,0.869565188884735,0.876811623573303,1,1,16,1.08000004291534,7.56000030040741
03,2007-03-17,23080760,6,Definitivo,SAN ROQUE [23080760],Pluviométrica,Convencional,Activa,Antioquia,San Roque,6.4875,-75.017,820,5/15/1975,,Monchia,Magdalena Cauca,Medio Magdalena,Río Nare,2007,17,Andes,Definitivo,6,6,0,7.16213655471802,7.16213655471802,11.4471769332886,24.0836162567139,6.59552717208862,3.05454540252686,6.04363632202148,5,10,0.869565188884735,0.876811623573303,1,1,16,1.08000004291534,6.48000025749207
03,2008-03-14,23080760,1,Definitivo,SAN ROQUE [23080760],Pluviométrica,Convencional,Activa,Antioquia,San Roque,6.4875,-75.017,820,5/15/1975,,Monchia,Magdalena Cauca,Medio Magdalena,Río Nare,2008,14,Andes,Definitivo,1,1,0,14.0337162017822,14.0337162017822,35.4998893737793,21.5510406494141,37.8336029052734,3.05454540252686,6.04363632202148,5,10,0.869565188884735,0.876811623573303,1,1,15,1.08000004291534,1.08000004291534
03,2009-03-12,23080760,,"",SAN ROQUE [23080760],Pluviométrica,Convencional,Activa,Antioquia,San Roque,6.4875,-75.017,820,5/15/1975,,Monchia,Magdalena Cauca,Medio Magdalena,Río Nare,2009,12,Andes,Preliminar,0,0,0,4.40912437438965,4.40912437438965,0,3.88697624206543,0.0689607337117195,3.05454540252686,6.04363632202148,5,10,0.869565188884735,0.876811623573303,1,1,15,1.08000004291534,0
03,2007-03-13,23080760,,"",SAN ROQUE [23080760],Pluviométrica,Convencional,Activa,Antioquia,San Roque,6.4875,-75.017,820,5/15/1975,,Monchia,Magdalena Cauca,Medio Magdalena,Río Nare,2007,13,Andes,Preliminar,0,0,0,2.98033261299133,2.98033261299133,0,2.45763254165649,0.199366420507431,3.05454540252686,6.04363632202148,5,10,0.869565188884735,0.876811623573303,1,1,15,1.08000004291534,0
03,2005-03-13,23080760,,"",SAN ROQUE [23080760],Pluviométrica,Convencional,Activa,Antioquia,San Roque,6.4875,-75.017,820,5/15/1975,,Monchia,Magdalena Cauca,Medio Magdalena,Río Nare,2005,13,Andes,Preliminar,0,0,0,0.991155445575714,0.991155445575714,0,0,0,3.05454540252686,6.04363632202148,5,10,0.869565188884735,0.876811623573303,1,1,15,1.08000004291534,0
03,2006-03-11,23080760,11,Definitivo,SAN ROQUE [23080760],Pluviométrica,Convencional,Activa,Antioquia,San Roque,6.4875,-75.017,820,5/15/1975,,Monchia,Magdalena Cauca,Medio Magdalena,Río Nare,2006,11,Andes,Definitivo,11,11,0,4.33102989196777,4.33102989196777,0,3.96710419654846,0.511129200458527,3.05454540252686,6.04363632202148,5,10,0.869565188884735,0.876811623573303,1,1,15,1.08000004291534,11.8800004720688
03,2006-03-10,23080760,1,Definitivo,SAN ROQUE [23080760],Pluviométrica,Convencional,Activa,Antioquia,San Roque,6.4875,-75.017,820,5/15/1975,,Monchia,Magdalena Cauca,Medio Magdalena,Río Nare,2006,10,Andes,Definitivo,1,1,0,9.5605993270874,9.5605993270874,12.6629314422607,16.4282932281494,14.060019493103,3.05454540252686,6.04363632202148,5,10,0.869565188884735,0.876811623573303,1,1,14,1.08000004291534,1.08000004291534
03,2005-03-09,23080760,,"",SAN ROQUE [23080760],Pluviométrica,Convencional,Activa,Antioquia,San Roque,6.4875,-75.017,820,5/15/1975,,Monchia,Magdalena Cauca,Medio Magdalena,Río Nare,2005,09,Andes,Preliminar,0,0,0,3.93973135948181,3.93973135948181,0,0,0,3.05454540252686,6.04363632202148,5,10,0.869565188884735,0.876811623573303,1,1,14,1.08000004291534,0
03,2007-03-11,23080760,,"",SAN ROQUE [23080760],Pluviométrica,Convencional,Activa,Antioquia,San Roque,6.4875,-75.017,820,5/15/1975,,Monchia,Magdalena Cauca,Medio Magdalena,Río Nare,2007,11,Andes,Preliminar,0,0,0,8.39373207092285,8.39373207092285,7.02936315536499,1.86710870265961,13.384331703186,3.05454540252686,6.04363632202148,5,10,0.869565188884735,0.876811623573303,1,1,15,1.08000004291534,0
03,2010-03-09,23080760,,"",SAN ROQUE [23080760],Pluviométrica,Convencional,Activa,Antioquia,San Roque,6.4875,-75.017,820,5/15/1975,,Monchia,Magdalena Cauca,Medio Magdalena,Río Nare,2010,09,Andes,Preliminar,,,1,1.59436666965485,1.59436666965485,0,4.96867370605469,2.12173318862915,3.05454540252686,6.04363632202148,5,10,0.869565188884735,0.876811623573303,1,1,14,1.08000004291534,
03,2010-03-10,23080760,2,Definitivo,SAN ROQUE [23080760],Pluviométrica,Convencional,Activa,Antioquia,San Roque,6.4875,-75.017,820,5/15/1975,,Monchia,Magdalena Cauca,Medio Magdalena,Río Nare,2010,10,Andes,Definitivo,2,2,0,2.74231100082397,2.74231100082397,0,6.03308391571045,0,3.05454540252686,6.04363632202148,5,10,0.869565188884735,0.876811623573303,1,1,14,1.08000004291534,2.16000008583069
03,2012-03-11,23080760,21,Definitivo,SAN ROQUE [23080760],Pluviométrica,Convencional,Activa,Antioquia,San Roque,6.4875,-75.017,820,5/15/1975,,Monchia,Magdalena Cauca,Medio Magdalena,Río Nare,2012,11,Andes,Definitivo,21,21,0,2.90798306465149,2.90798306465149,0,46.253833770752,31.903980255127,3.05454540252686,6.04363632202148,5,10,0.869565188884735,0.876811623573303,1,1,15,1.08000004291534,22.6800009012222
03,2011-03-16,23080760,,"",SAN ROQUE [23080760],Pluviométrica,Convencional,Activa,Antioquia,San Roque,6.4875,-75.017,820,5/15/1975,,Monchia,Magdalena Cauca,Medio Magdalena,Río Nare,2011,16,Andes,Preliminar,0,0,0,4.65531921386719,4.65531921386719,0,5.20643663406372,0.0580532737076283,3.05454540252686,6.04363632202148,5,10,0.869565188884735,0.876811623573303,1,1,16,1.08000004291534,0
03,2011-03-17,23080760,25,Definitivo,SAN ROQUE [23080760],Pluviométrica,Convencional,Activa,Antioquia,San Roque,6.4875,-75.017,820,5/15/1975,,Monchia,Magdalena Cauca,Medio Magdalena,Río Nare,2011,17,Andes,Definitivo,25,25,0,3.98052549362183,3.98052549362183,6.5341968536377,12.0801296234131,4.44293212890625,3.05454540252686,6.04363632202148,5,10,0.869565188884735,0.876811623573303,1,1,16,1.08000004291534,27.0000010728836
03,2010-03-21,23080760,,"",SAN ROQUE [23080760],Pluviométrica,Convencional,Activa,Antioquia,San Roque,6.4875,-75.017,820,5/15/1975,,Monchia,Magdalena Cauca,Medio Magdalena,Río Nare,2010,21,Andes,Preliminar,0,0,0,6.43834066390991,6.43834066390991,3.97019457817078,2.29086446762085,7.89723968505859,3.05454540252686,6.04363632202148,5,10,0.869565188884735,0.876811623573303,1,1,17,1.08000004291534,0
03,2009-03-25,23080760,29,Definitivo,SAN ROQUE [23080760],Pluviométrica,Convencional,Activa,Antioquia,San Roque,6.4875,-75.017,820,5/15/1975,,Monchia,Magdalena Cauca,Medio Magdalena,Río Nare,2009,25,Andes,Definitivo,29,29,0,2.59550046920776,2.59550046920776,22.9520721435547,21.6833934783936,9.61070728302002,3.05454540252686,6.04363632202148,5,10,0.869565188884735,0.876811623573303,1,1,17,1.08000004291534,31.320001244545
03,2012-03-23,23080760,6,Definitivo,SAN ROQUE [23080760],Pluviométrica,Convencional,Activa,Antioquia,San Roque,6.4875,-75.017,820,5/15/1975,,Monchia,Magdalena Cauca,Medio Magdalena,Río Nare,2012,23,Andes,Definitivo,6,6,0,3.12689661979675,3.12689661979675,9.88818264007568,2.44909048080444,4.24739503860474,3.05454540252686,6.04363632202148,5,10,0.869565188884735,0.876811623573303,1,1,17,1.08000004291534,6.48000025749207
03,2014-03-25,23080760,0,Definitivo,SAN ROQUE [23080760],Pluviométrica,Convencional,Activa,Antioquia,San Roque,6.4875,-75.017,820,5/15/1975,,Monchia,Magdalena Cauca,Medio Magdalena,Río Nare,2014,25,Andes,Definitivo,0,0,0,3.30339002609253,3.30339002609253,0,24.3247318267822,4.66990518569946,3.05454540252686,6.04363632202148,5,10,0.869565188884735,0.876811623573303,1,1,17,1.08000004291534,0
03,2019-03-24,23080760,0,Definitivo,SAN ROQUE [23080760],Pluviométrica,Convencional,Activa,Antioquia,San Roque,6.4875,-75.017,820,5/15/1975,,Monchia,Magdalena Cauca,Medio Magdalena,Río Nare,2019,24,Andes,Definitivo,0,0,0,1.59104478359222,1.59104478359222,0,5.71410703659058,1.17079436779022,3.05454540252686,6.04363632202148,5,10,0.869565188884735,0.876811623573303,1,1,17,1.08000004291534,0
03,2019-03-25,23080760,30,Definitivo,SAN ROQUE [23080760],Pluviométrica,Convencional,Activa,Antioquia,San Roque,6.4875,-75.017,820,5/15/1975,,Monchia,Magdalena Cauca,Medio Magdalena,Río Nare,2019,25,Andes,Definitivo,30,30,0,0.404036015272141,0.404036015272141,0,5.88652420043945,13.8554277420044,3.05454540252686,6.04363632202148,5,10,0.869565188884735,0.876811623573303,1,1,17,1.08000004291534,32.4000012874603
03,2019-03-26,23080760,10,Definitivo,SAN ROQUE [23080760],Pluviométrica,Convencional,Activa,Antioquia,San Roque,6.4875,-75.017,820,5/15/1975,,Monchia,Magdalena Cauca,Medio Magdalena,Río Nare,2019,26,Andes,Definitivo,10,10,0,9.76914215087891,9.76914215087891,21.5761756896973,10.2059926986694,22.1792736053467,3.05454540252686,6.04363632202148,5,10,0.869565188884735,0.876811623573303,1,1,18,1.08000004291534,10.8000004291534
03,2020-03-25,23080760,0.4,Definitivo,SAN ROQUE [23080760],Pluviométrica,Convencional,Activa,Antioquia,San Roque,6.4875,-75.017,820,5/15/1975,,Monchia,Magdalena Cauca,Medio Magdalena,Río Nare,2020,25,Andes,Definitivo,0.4,0.4,0,1.64755380153656,1.64755380153656,0,0.659723877906799,0,3.05454540252686,6.04363632202148,5,10,0.869565188884735,0.876811623573303,1,1,17,1.08000004291534,0.432000017166138
03,2022-03-22,23080760,2,Definitivo,SAN ROQUE [23080760],Pluviométrica,Convencional,Activa,Antioquia,San Roque,6.4875,-75.017,820,5/15/1975,,Monchia,Magdalena Cauca,Medio Magdalena,Río Nare,2022,22,Andes,Definitivo,2,2,0,5.61234474182129,5.61234474182129,7.86444187164307,13.675518989563,0.0127613702788949,3.05454540252686,6.04363632202148,5,10,0.869565188884735,0.876811623573303,1,1,17,1.08000004291534,2.16000008583069
03,2021-03-21,23080760,11,Definitivo,SAN ROQUE [23080760],Pluviométrica,Convencional,Activa,Antioquia,San Roque,6.4875,-75.017,820,5/15/1975,,Monchia,Magdalena Cauca,Medio Magdalena,Río Nare,2021,21,Andes,Definitivo,11,11,0,3.8293571472168,3.8293571472168,0,4.07858514785767,3.45671534538269,3.05454540252686,6.04363632202148,5,10,0.869565188884735,0.876811623573303,1,1,17,1.08000004291534,11.8800004720688
03,2021-03-18,23080760,24,Definitivo,SAN ROQUE [23080760],Pluviométrica,Convencional,Activa,Antioquia,San Roque,6.4875,-75.017,820,5/15/1975,,Monchia,Magdalena Cauca,Medio Magdalena,Río Nare,2021,18,Andes,Definitivo,24,24,0,4.25394058227539,4.25394058227539,18.4159069061279,49.9891242980957,42.6257476806641,3.05454540252686,6.04363632202148,5,10,0.869565188884735,0.876811623573303,1,1,16,1.08000004291534,25.9200010299683
03,2020-03-17,23080760,0,Definitivo,SAN ROQUE [23080760],Pluviométrica,Convencional,Activa,Antioquia,San Roque,6.4875,-75.017,820,5/15/1975,,Monchia,Magdalena Cauca,Medio Magdalena,Río Nare,2020,17,Andes,Definitivo,0,0,0,1.16743993759155,1.16743993759155,0,0.232026219367981,0,3.05454540252686,6.04363632202148,5,10,0.869565188884735,0.876811623573303,1,1,16,1.08000004291534,0
03,2020-03-16,23080760,0,Definitivo,SAN ROQUE [23080760],Pluviométrica,Convencional,Activa,Antioquia,San Roque,6.4875,-75.017,820,5/15/1975,,Monchia,Magdalena Cauca,Medio Magdalena,Río Nare,2020,16,Andes,Definitivo,0,0,0,1.37505197525024,1.37505197525024,0,1.79691779613495,0,3.05454540252686,6.04363632202148,5,10,0.869565188884735,0.876811623573303,1,1,16,1.08000004291534,0
03,2018-03-17,23080760,0,Definitivo,SAN ROQUE [23080760],Pluviométrica,Convencional,Activa,Antioquia,San Roque,6.4875,-75.017,820,5/15/1975,,Monchia,Magdalena Cauca,Medio Magdalena,Río Nare,2018,17,Andes,Definitivo,0,0,0,1.00141298770905,1.00141298770905,0,2.98991823196411,2.53393721580505,3.05454540252686,6.04363632202148,5,10,0.869565188884735,0.876811623573303,1,1,16,1.08000004291534,0
03,2019-03-15,23080760,11,Definitivo,SAN ROQUE [23080760],Pluviométrica,Convencional,Activa,Antioquia,San Roque,6.4875,-75.017,820,5/15/1975,,Monchia,Magdalena Cauca,Medio Magdalena,Río Nare,2019,15,Andes,Definitivo,11,11,0,6.14866065979004,6.14866065979004,0,3.29476141929626,2.61371350288391,3.05454540252686,6.04363632202148,5,10,0.869565188884735,0.876811623573303,1,1,15,1.08000004291534,11.8800004720688
03,2020-03-12,23080760,0,Definitivo,SAN ROQUE [23080760],Pluviométrica,Convencional,Activa,Antioquia,San Roque,6.4875,-75.017,820,5/15/1975,,Monchia,Magdalena Cauca,Medio Magdalena,Río Nare,2020,12,Andes,Definitivo,0,0,0,0.87138158082962,0.87138158082962,0,0.936068952083588,0,3.05454540252686,6.04363632202148,5,10,0.869565188884735,0.876811623573303,1,1,15,1.08000004291534,0
03,2019-03-14,23080760,0,Definitivo,SAN ROQUE [23080760],Pluviométrica,Convencional,Activa,Antioquia,San Roque,6.4875,-75.017,820,5/15/1975,,Monchia,Magdalena Cauca,Medio Magdalena,Río Nare,2019,14,Andes,Definitivo,0,0,0,1.2921986579895,1.2921986579895,0,3.51437473297119,1.1774674654007,3.05454540252686,6.04363632202148,5,10,0.869565188884735,0.876811623573303,1,1,15,1.08000004291534,0
03,2022-03-08,23080760,3,Definitivo,SAN ROQUE [23080760],Pluviométrica,Convencional,Activa,Antioquia,San Roque,6.4875,-75.017,820,5/15/1975,,Monchia,Magdalena Cauca,Medio Magdalena,Río Nare,2022,08,Andes,Definitivo,3,3,0,1.71349012851715,1.71349012851715,0,3.6945104598999,3.47796130180359,3.05454540252686,6.04363632202148,5,10,0.869565188884735,0.876811623573303,1,1,14,1.08000004291534,3.24000012874603
03,2023-03-06,23080760,5,Definitivo,SAN ROQUE [23080760],Pluviométrica,Convencional,Activa,Antioquia,San Roque,6.4875,-75.017,820,5/15/1975,,Monchia,Magdalena Cauca,Medio Magdalena,Río Nare,2023,06,Andes,Definitivo,5,5,0,12.1834669113159,12.1834669113159,19.7059898376465,14.5171337127686,52.3045082092285,3.05454540252686,6.04363632202148,5,10,0.869565188884735,0.876811623573303,1,1,14,1.08000004291534,5.40000021457672
03,2022-03-07,23080760,11,Definitivo,SAN ROQUE [23080760],Pluviométrica,Convencional,Activa,Antioquia,San Roque,6.4875,-75.017,820,5/15/1975,,Monchia,Magdalena Cauca,Medio Magdalena,Río Nare,2022,07,Andes,Definitivo,11,11,0,4.31200885772705,4.31200885772705,0,1.89182865619659,5.11816930770874,3.05454540252686,6.04363632202148,5,10,0.869565188884735,0.876811623573303,1,1,14,1.08000004291534,11.8800004720688
03,2001-03-30,23080760,,"",SAN ROQUE [23080760],Pluviométrica,Convencional,Activa,Antioquia,San Roque,6.4875,-75.017,820,5/15/1975,,Monchia,Magdalena Cauca,Medio Magdalena,Río Nare,2001,30,Andes,Preliminar,0,0,0,3.03172421455383,3.03172421455383,5.35318946838379,12.3270540237427,2.62322735786438,3.05454540252686,6.04363632202148,5,10,0.869565188884735,0.876811623573303,1,1,18,1.08000004291534,0
03,2002-03-28,23080760,2,Definitivo,SAN ROQUE [23080760],Pluviométrica,Convencional,Activa,Antioquia,San Roque,6.4875,-75.017,820,5/15/1975,,Monchia,Magdalena Cauca,Medio Magdalena,Río Nare,2002,28,Andes,Definitivo,2,2,0,16.9988498687744,16.9988498687744,0,26.1450862884522,5.80578899383545,3.05454540252686,6.04363632202148,5,10,0.869565188884735,0.876811623573303,1,1,18,1.08000004291534,2.16000008583069
03,2003-03-26,23080760,25,Definitivo,SAN ROQUE [23080760],Pluviométrica,Convencional,Activa,Antioquia,San Roque,6.4875,-75.017,820,5/15/1975,,Monchia,Magdalena Cauca,Medio Magdalena,Río Nare,2003,26,Andes,Definitivo,25,25,0,11.5895528793335,11.5895528793335,0,39.1440887451172,28.854808807373,3.05454540252686,6.04363632202148,5,10,0.869565188884735,0.876811623573303,1,1,18,1.08000004291534,27.0000010728836
03,2003-03-25,23080760,0,Definitivo,SAN ROQUE [23080760],Pluviométrica,Convencional,Activa,Antioquia,San Roque,6.4875,-75.017,820,5/15/1975,,Monchia,Magdalena Cauca,Medio Magdalena,Río Nare,2003,25,Andes,Definitivo,0,0,0,3.56722164154053,3.56722164154053,0,4.43826293945313,0.203345000743866,3.05454540252686,6.04363632202148,5,10,0.869565188884735,0.876811623573303,1,1,17,1.08000004291534,0
03,2004-03-22,23080760,1,Definitivo,SAN ROQUE [23080760],Pluviométrica,Convencional,Activa,Antioquia,San Roque,6.4875,-75.017,820,5/15/1975,,Monchia,Magdalena Cauca,Medio Magdalena,Río Nare,2004,22,Andes,Definitivo,1,1,0,4.23697662353516,4.23697662353516,0,5.57281541824341,0.707607865333557,3.05454540252686,6.04363632202148,5,10,0.869565188884735,0.876811623573303,1,1,17,1.08000004291534,1.08000004291534
03,2005-03-20,23080760,3,Definitivo,SAN ROQUE [23080760],Pluviométrica,Convencional,Activa,Antioquia,San Roque,6.4875,-75.017,820,5/15/1975,,Monchia,Magdalena Cauca,Medio Magdalena,Río Nare,2005,20,Andes,Definitivo,3,3,0,14.4458799362183,14.4458799362183,12.1063060760498,8.40415954589844,28.0771884918213,3.05454540252686,6.04363632202148,5,10,0.869565188884735,0.876811623573303,1,1,16,1.08000004291534,3.24000012874603
03,2006-03-18,23080760,1,Definitivo,SAN ROQUE [23080760],Pluviométrica,Convencional,Activa,Antioquia,San Roque,6.4875,-75.017,820,5/15/1975,,Monchia,Magdalena Cauca,Medio Magdalena,Río Nare,2006,18,Andes,Definitivo,1,1,0,19.9965229034424,19.9965229034424,14.7994832992554,23.3234558105469,22.6827526092529,3.05454540252686,6.04363632202148,5,10,0.869565188884735,0.876811623573303,1,1,16,1.08000004291534,1.08000004291534
03,2007-03-16,23080760,1,Definitivo,SAN ROQUE [23080760],Pluviométrica,Convencional,Activa,Antioquia,San Roque,6.4875,-75.017,820,5/15/1975,,Monchia,Magdalena Cauca,Medio Magdalena,Río Nare,2007,16,Andes,Definitivo,1,1,0,6.65399694442749,6.65399694442749,10.0162801742554,12.0290679931641,20.2206478118897,3.05454540252686,6.04363632202148,5,10,0.869565188884735,0.876811623573303,1,1,16,1.08000004291534,1.08000004291534
03,2005-03-16,23080760,,"",SAN ROQUE [23080760],Pluviométrica,Convencional,Activa,Antioquia,San Roque,6.4875,-75.017,820,5/15/1975,,Monchia,Magdalena Cauca,Medio Magdalena,Río Nare,2005,16,Andes,Preliminar,0,0,0,0.818935394287109,0.818935394287109,0,2.98935389518738,0.00270183361135423,3.05454540252686,6.04363632202148,5,10,0.869565188884735,0.876811623573303,1,1,16,1.08000004291534,0
03,2006-03-14,23080760,,"",SAN ROQUE [23080760],Pluviométrica,Convencional,Activa,Antioquia,San Roque,6.4875,-75.017,820,5/15/1975,,Monchia,Magdalena Cauca,Medio Magdalena,Río Nare,2006,14,Andes,Preliminar,0,0,0,0.934879183769226,0.934879183769226,0,1.9490532875061,6.13019847869873,3.05454540252686,6.04363632202148,5,10,0.869565188884735,0.876811623573303,1,1,15,1.08000004291534,0
03,2007-03-12,23080760,,"",SAN ROQUE [23080760],Pluviométrica,Convencional,Activa,Antioquia,San Roque,6.4875,-75.017,820,5/15/1975,,Monchia,Magdalena Cauca,Medio Magdalena,Río Nare,2007,12,Andes,Preliminar,0,0,0,3.05701971054077,3.05701971054077,2.34312105178833,2.41780924797058,0.0104087609797716,3.05454540252686,6.04363632202148,5,10,0.869565188884735,0.876811623573303,1,1,15,1.08000004291534,0
03,2005-03-12,23080760,,"",SAN ROQUE [23080760],Pluviométrica,Convencional,Activa,Antioquia,San Roque,6.4875,-75.017,820,5/15/1975,,Monchia,Magdalena Cauca,Medio Magdalena,Río Nare,2005,12,Andes,Preliminar,0,0,0,0.864711761474609,0.864711761474609,0,0,0,3.05454540252686,6.04363632202148,5,10,0.869565188884735,0.876811623573303,1,1,15,1.08000004291534,0
03,2004-03-13,23080760,,"",SAN ROQUE [23080760],Pluviométrica,Convencional,Activa,Antioquia,San Roque,6.4875,-75.017,820,5/15/1975,,Monchia,Magdalena Cauca,Medio Magdalena,Río Nare,2004,13,Andes,Preliminar,0,0,0,1.99846637248993,1.99846637248993,0,2.43442177772522,0.0474832132458687,3.05454540252686,6.04363632202148,5,10,0.869565188884735,0.876811623573303,1,1,15,1.08000004291534,0
03,2004-03-10,23080760,4,Definitivo,SAN ROQUE [23080760],Pluviométrica,Convencional,Activa,Antioquia,San Roque,6.4875,-75.017,820,5/15/1975,,Monchia,Magdalena Cauca,Medio Magdalena,Río Nare,2004,10,Andes,Definitivo,4,4,0,2.00577187538147,2.00577187538147,0,9.41029834747314,1.69379389286041,3.05454540252686,6.04363632202148,5,10,0.869565188884735,0.876811623573303,1,1,14,1.08000004291534,4.32000017166138
03,2005-03-10,23080760,0,Definitivo,SAN ROQUE [23080760],Pluviométrica,Convencional,Activa,Antioquia,San Roque,6.4875,-75.017,820,5/15/1975,,Monchia,Magdalena Cauca,Medio Magdalena,Río Nare,2005,10,Andes,Definitivo,0,0,0,1.14443361759186,1.14443361759186,0,0,0,3.05454540252686,6.04363632202148,5,10,0.869565188884735,0.876811623573303,1,1,14,1.08000004291534,0
03,2005-03-11,23080760,,"",SAN ROQUE [23080760],Pluviométrica,Convencional,Activa,Antioquia,San Roque,6.4875,-75.017,820,5/15/1975,,Monchia,Magdalena Cauca,Medio Magdalena,Río Nare,2005,11,Andes,Preliminar,0,0,0,1.1787816286087,1.1787816286087,0,0,0,3.05454540252686,6.04363632202148,5,10,0.869565188884735,0.876811623573303,1,1,15,1.08000004291534,0
03,2008-03-09,23080760,3,Definitivo,SAN ROQUE [23080760],Pluviométrica,Convencional,Activa,Antioquia,San Roque,6.4875,-75.017,820,5/15/1975,,Monchia,Magdalena Cauca,Medio Magdalena,Río Nare,2008,09,Andes,Definitivo,3,3,0,2.76721739768982,2.76721739768982,0,1.6124165058136,0.0487219616770744,3.05454540252686,6.04363632202148,5,10,0.869565188884735,0.876811623573303,1,1,14,1.08000004291534,3.24000012874603
03,2010-03-11,23080760,,"",SAN ROQUE [23080760],Pluviométrica,Convencional,Activa,Antioquia,San Roque,6.4875,-75.017,820,5/15/1975,,Monchia,Magdalena Cauca,Medio Magdalena,Río Nare,2010,11,Andes,Preliminar,0,0,0,8.42948532104492,8.42948532104492,8.83795166015625,4.3712215423584,16.0785846710205,3.05454540252686,6.04363632202148,5,10,0.869565188884735,0.876811623573303,1,1,15,1.08000004291534,0
03,2012-03-12,23080760,12,Definitivo,SAN ROQUE [23080760],Pluviométrica,Convencional,Activa,Antioquia,San Roque,6.4875,-75.017,820,5/15/1975,,Monchia,Magdalena Cauca,Medio Magdalena,Río Nare,2012,12,Andes,Definitivo,12,12,0,4.12002754211426,4.12002754211426,0,11.0833158493042,12.691237449646,3.05454540252686,6.04363632202148,5,10,0.869565188884735,0.876811623573303,1,1,15,1.08000004291534,12.9600005149841
03,2012-03-13,23080760,0,Definitivo,SAN ROQUE [23080760],Pluviométrica,Convencional,Activa,Antioquia,San Roque,6.4875,-75.017,820,5/15/1975,,Monchia,Magdalena Cauca,Medio Magdalena,Río Nare,2012,13,Andes,Definitivo,0,0,0,4.17446041107178,4.17446041107178,19.9779090881348,2.01155972480774,22.1625537872314,3.05454540252686,6.04363632202148,5,10,0.869565188884735,0.876811623573303,1,1,15,1.08000004291534,0
03,2011-03-18,23080760,6,Definitivo,SAN ROQUE [23080760],Pluviométrica,Convencional,Activa,Antioquia,San Roque,6.4875,-75.017,820,5/15/1975,,Monchia,Magdalena Cauca,Medio Magdalena,Río Nare,2011,18,Andes,Definitivo,6,6,0,10.1370697021484,10.1370697021484,6.5341968536377,11.6928853988647,3.93882608413696,3.05454540252686,6.04363632202148,5,10,0.869565188884735,0.876811623573303,1,1,16,1.08000004291534,6.48000025749207
03,2010-03-22,23080760,,"",SAN ROQUE [23080760],Pluviométrica,Convencional,Activa,Antioquia,San Roque,6.4875,-75.017,820,5/15/1975,,Monchia,Magdalena Cauca,Medio Magdalena,Río Nare,2010,22,Andes,Preliminar,0,0,0,10.7011489868164,10.7011489868164,1.98509728908539,4.43674802780151,0.839475631713867,3.05454540252686,6.04363632202148,5,10,0.869565188884735,0.876811623573303,1,1,17,1.08000004291534,0
03,2010-03-23,23080760,,"",SAN ROQUE [23080760],Pluviométrica,Convencional,Activa,Antioquia,San Roque,6.4875,-75.017,820,5/15/1975,,Monchia,Magdalena Cauca,Medio Magdalena,Río Nare,2010,23,Andes,Preliminar,0,0,0,1.61068844795227,1.61068844795227,0,1.03876221179962,0,3.05454540252686,6.04363632202148,5,10,0.869565188884735,0.876811623573303,1,1,17,1.08000004291534,0
03,2012-03-24,23080760,75,Definitivo,SAN ROQUE [23080760],Pluviométrica,Convencional,Activa,Antioquia,San Roque,6.4875,-75.017,820,5/15/1975,,Monchia,Magdalena Cauca,Medio Magdalena,Río Nare,2012,24,Andes,Definitivo,75,75,0,5.46574354171753,5.46574354171753,0,16.0115833282471,9.36525821685791,3.05454540252686,6.04363632202148,5,10,0.869565188884735,0.876811623573303,1,1,17,1.08000004291534,81.0000032186508
03,2014-03-26,23080760,10,Definitivo,SAN ROQUE [23080760],Pluviométrica,Convencional,Activa,Antioquia,San Roque,6.4875,-75.017,820,5/15/1975,,Monchia,Magdalena Cauca,Medio Magdalena,Río Nare,2014,26,Andes,Definitivo,10,10,0,13.3390865325928,13.3390865325928,13.9807615280151,7.51153469085693,15.7797727584839,3.05454540252686,6.04363632202148,5,10,0.869565188884735,0.876811623573303,1,1,18,1.08000004291534,10.8000004291534
03,2017-03-24,23080760,63,Definitivo,SAN ROQUE [23080760],Pluviométrica,Convencional,Activa,Antioquia,San Roque,6.4875,-75.017,820,5/15/1975,,Monchia,Magdalena Cauca,Medio Magdalena,Río Nare,2017,24,Andes,Definitivo,63,63,0,4.82608842849731,4.82608842849731,39.4362831115723,71.0133209228516,59.5210266113281,3.05454540252686,6.04363632202148,5,10,0.869565188884735,0.876811623573303,1,1,17,1.08000004291534,68.0400027036667
03,2017-03-25,23080760,55,Definitivo,SAN ROQUE [23080760],Pluviométrica,Convencional,Activa,Antioquia,San Roque,6.4875,-75.017,820,5/15/1975,,Monchia,Magdalena Cauca,Medio Magdalena,Río Nare,2017,25,Andes,Definitivo,55,55,0,6.65965223312378,6.65965223312378,0,51.3277397155762,14.5289630889893,3.05454540252686,6.04363632202148,5,10,0.869565188884735,0.876811623573303,1,1,17,1.08000004291534,59.4000023603439
03,2022-03-24,23080760,0,Definitivo,SAN ROQUE [23080760],Pluviométrica,Convencional,Activa,Antioquia,San Roque,6.4875,-75.017,820,5/15/1975,,Monchia,Magdalena Cauca,Medio Magdalena,Río Nare,2022,24,Andes,Definitivo,0,0,0,5.66876459121704,5.66876459121704,0,10.8831949234009,2.76360034942627,3.05454540252686,6.04363632202148,5,10,0.869565188884735,0.876811623573303,1,1,17,1.08000004291534,0
03,2018-03-26,23080760,34,Definitivo,SAN ROQUE [23080760],Pluviométrica,Convencional,Activa,Antioquia,San Roque,6.4875,-75.017,820,5/15/1975,,Monchia,Magdalena Cauca,Medio Magdalena,Río Nare,2018,26,Andes,Definitivo,34,34,0,4.10445737838745,4.10445737838745,0,11.7926216125488,5.29722547531128,3.05454540252686,6.04363632202148,5,10,0.869565188884735,0.876811623573303,1,1,18,1.08000004291534,36.7200014591217
03,2020-03-22,23080760,2,Definitivo,SAN ROQUE [23080760],Pluviométrica,Convencional,Activa,Antioquia,San Roque,6.4875,-75.017,820,5/15/1975,,Monchia,Magdalena Cauca,Medio Magdalena,Río Nare,2020,22,Andes,Definitivo,2,2,0,0.610939383506775,0.610939383506775,0,2.85680556297302,0.0991284996271133,3.05454540252686,6.04363632202148,5,10,0.869565188884735,0.876811623573303,1,1,17,1.08000004291534,2.16000008583069
03,2022-03-19,23080760,7,Definitivo,SAN ROQUE [23080760],Pluviométrica,Convencional,Activa,Antioquia,San Roque,6.4875,-75.017,820,5/15/1975,,Monchia,Magdalena Cauca,Medio Magdalena,Río Nare,2022,19,Andes,Definitivo,7,7,0,5.61419630050659,5.61419630050659,6.74138784408569,10.0010013580322,6.71687316894531,3.05454540252686,6.04363632202148,5,10,0.869565188884735,0.876811623573303,1,1,16,1.08000004291534,7.56000030040741
03,2022-03-16,23080760,0,Definitivo,SAN ROQUE [23080760],Pluviométrica,Convencional,Activa,Antioquia,San Roque,6.4875,-75.017,820,5/15/1975,,Monchia,Magdalena Cauca,Medio Magdalena,Río Nare,2022,16,Andes,Definitivo,0,0,0,7.26046562194824,7.26046562194824,0,7.94650554656982,0,3.05454540252686,6.04363632202148,5,10,0.869565188884735,0.876811623573303,1,1,16,1.08000004291534,0
03,2018-03-20,23080760,1,Definitivo,SAN ROQUE [23080760],Pluviométrica,Convencional,Activa,Antioquia,San Roque,6.4875,-75.017,820,5/15/1975,,Monchia,Magdalena Cauca,Medio Magdalena,Río Nare,2018,20,Andes,Definitivo,1,1,0,3.28155541419983,3.28155541419983,3.11553859710693,9.05780792236328,0.249724969267845,3.05454540252686,6.04363632202148,5,10,0.869565188884735,0.876811623573303,1,1,16,1.08000004291534,1.08000004291534
03,2019-03-18,23080760,19,Definitivo,SAN ROQUE [23080760],Pluviométrica,Convencional,Activa,Antioquia,San Roque,6.4875,-75.017,820,5/15/1975,,Monchia,Magdalena Cauca,Medio Magdalena,Río Nare,2019,18,Andes,Definitivo,19,19,0,1.72165584564209,1.72165584564209,7.87780809402466,19.8608684539795,8.69860076904297,3.05454540252686,6.04363632202148,5,10,0.869565188884735,0.876811623573303,1,1,16,1.08000004291534,20.5200008153915
03,2020-03-15,23080760,1,Definitivo,SAN ROQUE [23080760],Pluviométrica,Convencional,Activa,Antioquia,San Roque,6.4875,-75.017,820,5/15/1975,,Monchia,Magdalena Cauca,Medio Magdalena,Río Nare,2020,15,Andes,Definitivo,1,1,0,1.21102142333984,1.21102142333984,0,0.730993151664734,0,3.05454540252686,6.04363632202148,5,10,0.869565188884735,0.876811623573303,1,1,15,1.08000004291534,1.08000004291534
03,2018-03-16,23080760,0,Definitivo,SAN ROQUE [23080760],Pluviométrica,Convencional,Activa,Antioquia,San Roque,6.4875,-75.017,820,5/15/1975,,Monchia,Magdalena Cauca,Medio Magdalena,Río Nare,2018,16,Andes,Definitivo,0,0,0,0.0900675728917122,0.0900675728917122,3.11553859710693,3.96876215934753,13.6432199478149,3.05454540252686,6.04363632202148,5,10,0.869565188884735,0.876811623573303,1,1,16,1.08000004291534,0
03,2018-03-15,23080760,7,Definitivo,SAN ROQUE [23080760],Pluviométrica,Convencional,Activa,Antioquia,San Roque,6.4875,-75.017,820,5/15/1975,,Monchia,Magdalena Cauca,Medio Magdalena,Río Nare,2018,15,Andes,Definitivo,7,7,0,4.50023460388184,4.50023460388184,0,0,0,3.05454540252686,6.04363632202148,5,10,0.869565188884735,0.876811623573303,1,1,15,1.08000004291534,7.56000030040741
03,2020-03-11,23080760,0,Definitivo,SAN ROQUE [23080760],Pluviométrica,Convencional,Activa,Antioquia,San Roque,6.4875,-75.017,820,5/15/1975,,Monchia,Magdalena Cauca,Medio Magdalena,Río Nare,2020,11,Andes,Definitivo,0,0,0,1.14131641387939,1.14131641387939,0,2.1098268032074,7.172438621521,3.05454540252686,6.04363632202148,5,10,0.869565188884735,0.876811623573303,1,1,15,1.08000004291534,0
03,2021-03-09,23080760,0,Definitivo,SAN ROQUE [23080760],Pluviométrica,Convencional,Activa,Antioquia,San Roque,6.4875,-75.017,820,5/15/1975,,Monchia,Magdalena Cauca,Medio Magdalena,Río Nare,2021,09,Andes,Definitivo,0,0,0,4.29650354385376,4.29650354385376,0,13.8378000259399,11.0273342132568,3.05454540252686,6.04363632202148,5,10,0.869565188884735,0.876811623573303,1,1,14,1.08000004291534,0
03,2021-03-08,23080760,30,Definitivo,SAN ROQUE [23080760],Pluviométrica,Convencional,Activa,Antioquia,San Roque,6.4875,-75.017,820,5/15/1975,,Monchia,Magdalena Cauca,Medio Magdalena,Río Nare,2021,08,Andes,Definitivo,30,30,0,18.0473957061768,18.0473957061768,36.8473205566406,46.7873268127441,91.9474716186524,3.05454540252686,6.04363632202148,5,10,0.869565188884735,0.876811623573303,1,1,14,1.08000004291534,32.4000012874603
03,2023-03-05,23080760,44,Definitivo,SAN ROQUE [23080760],Pluviométrica,Convencional,Activa,Antioquia,San Roque,6.4875,-75.017,820,5/15/1975,,Monchia,Magdalena Cauca,Medio Magdalena,Río Nare,2023,05,Andes,Definitivo,44,44,0,8.49465656280518,8.49465656280518,22.8608551025391,36.3320198059082,24.0564384460449,3.05454540252686,6.04363632202148,5,10,0.869565188884735,0.876811623573303,1,1,13,1.08000004291534,47.5200018882752
03,2001-03-29,23080760,17,Definitivo,SAN ROQUE [23080760],Pluviométrica,Convencional,Activa,Antioquia,San Roque,6.4875,-75.017,820,5/15/1975,,Monchia,Magdalena Cauca,Medio Magdalena,Río Nare,2001,29,Andes,Definitivo,17,17,0,8.47328186035156,8.47328186035156,16.0595684051514,6.80136728286743,21.2381935119629,3.05454540252686,6.04363632202148,5,10,0.869565188884735,0.876811623573303,1,1,18,1.08000004291534,18.3600007295609
03,2002-03-27,23080760,8,Definitivo,SAN ROQUE [23080760],Pluviométrica,Convencional,Activa,Antioquia,San Roque,6.4875,-75.017,820,5/15/1975,,Monchia,Magdalena Cauca,Medio Magdalena,Río Nare,2002,27,Andes,Definitivo,8,8,0,5.17658138275147,5.17658138275147,44.1231536865234,12.2054290771484,48.3485069274902,3.05454540252686,6.04363632202148,5,10,0.869565188884735,0.876811623573303,1,1,18,1.08000004291534,8.64000034332275
03,2001-03-28,23080760,2,Definitivo,SAN ROQUE [23080760],Pluviométrica,Convencional,Activa,Antioquia,San Roque,6.4875,-75.017,820,5/15/1975,,Monchia,Magdalena Cauca,Medio Magdalena,Río Nare,2001,28,Andes,Definitivo,2,2,0,3.01444983482361,3.01444983482361,0,2.10417556762695,0.0679449960589409,3.05454540252686,6.04363632202148,5,10,0.869565188884735,0.876811623573303,1,1,18,1.08000004291534,2.16000008583069
03,2002-03-26,23080760,9,Definitivo,SAN ROQUE [23080760],Pluviométrica,Convencional,Activa,Antioquia,San Roque,6.4875,-75.017,820,5/15/1975,,Monchia,Magdalena Cauca,Medio Magdalena,Río Nare,2002,26,Andes,Definitivo,9,9,0,0.72119551897049,0.72119551897049,0,1.27940428256989,0.0227667596191168,3.05454540252686,6.04363632202148,5,10,0.869565188884735,0.876811623573303,1,1,18,1.08000004291534,9.7200003862381
03,2003-03-24,23080760,,"",SAN ROQUE [23080760],Pluviométrica,Convencional,Activa,Antioquia,San Roque,6.4875,-75.017,820,5/15/1975,,Monchia,Magdalena Cauca,Medio Magdalena,Río Nare,2003,24,Andes,Preliminar,0,0,0,2.17368245124817,2.17368245124817,0,2.42332983016968,0.0440289676189423,3.05454540252686,6.04363632202148,5,10,0.869565188884735,0.876811623573303,1,1,17,1.08000004291534,0
03,2004-03-21,23080760,2,Definitivo,SAN ROQUE [23080760],Pluviométrica,Convencional,Activa,Antioquia,San Roque,6.4875,-75.017,820,5/15/1975,,Monchia,Magdalena Cauca,Medio Magdalena,Río Nare,2004,21,Andes,Definitivo,2,2,0,0.117886424064636,0.117886424064636,0,5.14173936843872,9.21814823150635,3.05454540252686,6.04363632202148,5,10,0.869565188884735,0.876811623573303,1,1,17,1.08000004291534,2.16000008583069
03,2005-03-19,23080760,9,Definitivo,SAN ROQUE [23080760],Pluviométrica,Convencional,Activa,Antioquia,San Roque,6.4875,-75.017,820,5/15/1975,,Monchia,Magdalena Cauca,Medio Magdalena,Río Nare,2005,19,Andes,Definitivo,9,9,0,3.51864552497864,3.51864552497864,4.03543519973755,4.63945150375366,2.31988263130188,3.05454540252686,6.04363632202148,5,10,0.869565188884735,0.876811623573303,1,1,16,1.08000004291534,9.7200003862381
03,2006-03-17,23080760,11,Definitivo,SAN ROQUE [23080760],Pluviométrica,Convencional,Activa,Antioquia,San Roque,6.4875,-75.017,820,5/15/1975,,Monchia,Magdalena Cauca,Medio Magdalena,Río Nare,2006,17,Andes,Definitivo,11,11,0,9.07098579406738,9.07098579406738,25.3705425262451,19.4275150299072,52.4054794311524,3.05454540252686,6.04363632202148,5,10,0.869565188884735,0.876811623573303,1,1,16,1.08000004291534,11.8800004720688
03,2007-03-15,23080760,,"",SAN ROQUE [23080760],Pluviométrica,Convencional,Activa,Antioquia,San Roque,6.4875,-75.017,820,5/15/1975,,Monchia,Magdalena Cauca,Medio Magdalena,Río Nare,2007,15,Andes,Preliminar,0,0,0,4.95676374435425,4.95676374435425,0,3.12504076957703,0.374452382326126,3.05454540252686,6.04363632202148,5,10,0.869565188884735,0.876811623573303,1,1,15,1.08000004291534,0
03,2005-03-15,23080760,,"",SAN ROQUE [23080760],Pluviométrica,Convencional,Activa,Antioquia,San Roque,6.4875,-75.017,820,5/15/1975,,Monchia,Magdalena Cauca,Medio Magdalena,Río Nare,2005,15,Andes,Preliminar,0,0,0,1.55811285972595,1.55811285972595,0,0,0,3.05454540252686,6.04363632202148,5,10,0.869565188884735,0.876811623573303,1,1,15,1.08000004291534,0
03,2006-03-13,23080760,,"",SAN ROQUE [23080760],Pluviométrica,Convencional,Activa,Antioquia,San Roque,6.4875,-75.017,820,5/15/1975,,Monchia,Magdalena Cauca,Medio Magdalena,Río Nare,2006,13,Andes,Preliminar,0,0,0,3.95592379570007,3.95592379570007,0,1.17428243160248,0,3.05454540252686,6.04363632202148,5,10,0.869565188884735,0.876811623573303,1,1,15,1.08000004291534,0
03,2006-03-12,23080760,0.1,Definitivo,SAN ROQUE [23080760],Pluviométrica,Convencional,Activa,Antioquia,San Roque,6.4875,-75.017,820,5/15/1975,,Monchia,Magdalena Cauca,Medio Magdalena,Río Nare,2006,12,Andes,Definitivo,0.1,0.1,0,3.60967206954956,3.60967206954956,7.35036611557007,5.09152936935425,5.21733617782593,3.05454540252686,6.04363632202148,5,10,0.869565188884735,0.876811623573303,1,1,15,1.08000004291534,0.108000004291534
03,2002-03-14,23080760,38,Definitivo,SAN ROQUE [23080760],Pluviométrica,Convencional,Activa,Antioquia,San Roque,6.4875,-75.017,820,5/15/1975,,Monchia,Magdalena Cauca,Medio Magdalena,Río Nare,2002,14,Andes,Definitivo,38,38,0,2.23453116416931,2.23453116416931,9.70651626586914,12.5940580368042,10.7102460861206,3.05454540252686,6.04363632202148,5,10,0.869565188884735,0.876811623573303,1,1,15,1.08000004291534,41.0400016307831
03,2006-03-07,23080760,12,Definitivo,SAN ROQUE [23080760],Pluviométrica,Convencional,Activa,Antioquia,San Roque,6.4875,-75.017,820,5/15/1975,,Monchia,Magdalena Cauca,Medio Magdalena,Río Nare,2006,07,Andes,Definitivo,12,12,0,13.9276256561279,13.9276256561279,37.9887924194336,31.3618106842041,69.3000946044922,3.05454540252686,6.04363632202148,5,10,0.869565188884735,0.876811623573303,1,1,14,1.08000004291534,12.9600005149841
03,2006-03-08,23080760,4,Definitivo,SAN ROQUE [23080760],Pluviométrica,Convencional,Activa,Antioquia,San Roque,6.4875,-75.017,820,5/15/1975,,Monchia,Magdalena Cauca,Medio Magdalena,Río Nare,2006,08,Andes,Definitivo,4,4,0,6.22187376022339,6.22187376022339,0,22.0005283355713,2.96097135543823,3.05454540252686,6.04363632202148,5,10,0.869565188884735,0.876811623573303,1,1,14,1.08000004291534,4.32000017166138
03,2009-03-06,23080760,44,Definitivo,SAN ROQUE [23080760],Pluviométrica,Convencional,Activa,Antioquia,San Roque,6.4875,-75.017,820,5/15/1975,,Monchia,Magdalena Cauca,Medio Magdalena,Río Nare,2009,06,Andes,Definitivo,44,44,0,9.14725017547607,9.14725017547607,0,26.1168212890625,0.396767675876617,3.05454540252686,6.04363632202148,5,10,0.869565188884735,0.876811623573303,1,1,14,1.08000004291534,47.5200018882752
03,2008-03-10,23080760,4,Definitivo,SAN ROQUE [23080760],Pluviométrica,Convencional,Activa,Antioquia,San Roque,6.4875,-75.017,820,5/15/1975,,Monchia,Magdalena Cauca,Medio Magdalena,Río Nare,2008,10,Andes,Definitivo,4,4,0,5.19228506088257,5.19228506088257,0,6.93466377258301,3.22011280059814,3.05454540252686,6.04363632202148,5,10,0.869565188884735,0.876811623573303,1,1,14,1.08000004291534,4.32000017166138
03,2013-03-09,23080760,15,Definitivo,SAN ROQUE [23080760],Pluviométrica,Convencional,Activa,Antioquia,San Roque,6.4875,-75.017,820,5/15/1975,,Monchia,Magdalena Cauca,Medio Magdalena,Río Nare,2013,09,Andes,Definitivo,15,15,0,1.44238758087158,1.44238758087158,0,2.37004470825195,0.268693417310715,3.05454540252686,6.04363632202148,5,10,0.869565188884735,0.876811623573303,1,1,14,1.08000004291534,16.2000006437302
03,2013-03-10,23080760,,"",SAN ROQUE [23080760],Pluviométrica,Convencional,Activa,Antioquia,San Roque,6.4875,-75.017,820,5/15/1975,,Monchia,Magdalena Cauca,Medio Magdalena,Río Nare,2013,10,Andes,Preliminar,0,0,0,3.8554425239563,3.8554425239563,3.95213627815247,7.85789012908936,20.4701709747314,3.05454540252686,6.04363632202148,5,10,0.869565188884735,0.876811623573303,1,1,14,1.08000004291534,0
03,2012-03-14,23080760,24,Definitivo,SAN ROQUE [23080760],Pluviométrica,Convencional,Activa,Antioquia,San Roque,6.4875,-75.017,820,5/15/1975,,Monchia,Magdalena Cauca,Medio Magdalena,Río Nare,2012,14,Andes,Definitivo,24,24,0,8.7824592590332,8.7824592590332,33.2965126037598,19.1907863616943,1.34317660331726,3.05454540252686,6.04363632202148,5,10,0.869565188884735,0.876811623573303,1,1,15,1.08000004291534,25.9200010299683
03,2011-03-19,23080760,8,Definitivo,SAN ROQUE [23080760],Pluviométrica,Convencional,Activa,Antioquia,San Roque,6.4875,-75.017,820,5/15/1975,,Monchia,Magdalena Cauca,Medio Magdalena,Río Nare,2011,19,Andes,Definitivo,8,8,0,11.2592010498047,11.2592010498047,19.6025905609131,26.8926124572754,19.9619445800781,3.05454540252686,6.04363632202148,5,10,0.869565188884735,0.876811623573303,1,1,16,1.08000004291534,8.64000034332275
03,2011-03-20,23080760,2,Definitivo,SAN ROQUE [23080760],Pluviométrica,Convencional,Activa,Antioquia,San Roque,6.4875,-75.017,820,5/15/1975,,Monchia,Magdalena Cauca,Medio Magdalena,Río Nare,2011,20,Andes,Definitivo,2,2,0,4.14732837677002,4.14732837677002,26.1367874145508,29.414270401001,56.8845710754395,3.05454540252686,6.04363632202148,5,10,0.869565188884735,0.876811623573303,1,1,16,1.08000004291534,2.16000008583069
03,2013-03-21,23080760,4,Definitivo,SAN ROQUE [23080760],Pluviométrica,Convencional,Activa,Antioquia,San Roque,6.4875,-75.017,820,5/15/1975,,Monchia,Magdalena Cauca,Medio Magdalena,Río Nare,2013,21,Andes,Definitivo,4,4,0,11.0509719848633,11.0509719848633,3.4022114276886,20.3334331512451,2.68111395835876,3.05454540252686,6.04363632202148,5,10,0.869565188884735,0.876811623573303,1,1,17,1.08000004291534,4.32000017166138
03,2012-03-25,23080760,24,Definitivo,SAN ROQUE [23080760],Pluviométrica,Convencional,Activa,Antioquia,San Roque,6.4875,-75.017,820,5/15/1975,,Monchia,Magdalena Cauca,Medio Magdalena,Río Nare,2012,25,Andes,Definitivo,24,24,0,7.87961292266846,7.87961292266846,0,16.6908130645752,23.7931976318359,3.05454540252686,6.04363632202148,5,10,0.869565188884735,0.876811623573303,1,1,17,1.08000004291534,25.9200010299683
03,2015-03-24,23080760,0,Definitivo,SAN ROQUE [23080760],Pluviométrica,Convencional,Activa,Antioquia,San Roque,6.4875,-75.017,820,5/15/1975,,Monchia,Magdalena Cauca,Medio Magdalena,Río Nare,2015,24,Andes,Definitivo,0,0,0,1.15705180168152,1.15705180168152,0,1.99560713768005,0,3.05454540252686,6.04363632202148,5,10,0.869565188884735,0.876811623573303,1,1,17,1.08000004291534,0
03,2015-03-25,23080760,,"",SAN ROQUE [23080760],Pluviométrica,Convencional,Activa,Antioquia,San Roque,6.4875,-75.017,820,5/15/1975,,Monchia,Magdalena Cauca,Medio Magdalena,Río Nare,2015,25,Andes,Preliminar,0,0,0,1.01731646060944,1.01731646060944,0,2.84168767929077,0.0423973575234413,3.05454540252686,6.04363632202148,5,10,0.869565188884735,0.876811623573303,1,1,17,1.08000004291534,0
03,2020-03-23,23080760,2,Definitivo,SAN ROQUE [23080760],Pluviométrica,Convencional,Activa,Antioquia,San Roque,6.4875,-75.017,820,5/15/1975,,Monchia,Magdalena Cauca,Medio Magdalena,Río Nare,2020,23,Andes,Definitivo,2,2,0,0.596184313297272,0.596184313297272,0,0.606133103370667,0.00584793835878372,3.05454540252686,6.04363632202148,5,10,0.869565188884735,0.876811623573303,1,1,17,1.08000004291534,2.16000008583069
03,2020-03-24,23080760,0,Definitivo,SAN ROQUE [23080760],Pluviométrica,Convencional,Activa,Antioquia,San Roque,6.4875,-75.017,820,5/15/1975,,Monchia,Magdalena Cauca,Medio Magdalena,Río Nare,2020,24,Andes,Definitivo,0,0,0,1.21861517429352,1.21861517429352,0,0.810075700283051,7.35992336273193,3.05454540252686,6.04363632202148,5,10,0.869565188884735,0.876811623573303,1,1,17,1.08000004291534,0
03,2022-03-21,23080760,5,Definitivo,SAN ROQUE [23080760],Pluviométrica,Convencional,Activa,Antioquia,San Roque,6.4875,-75.017,820,5/15/1975,,Monchia,Magdalena Cauca,Medio Magdalena,Río Nare,2022,21,Andes,Definitivo,5,5,0,10.1830158233643,10.1830158233643,19.6611042022705,8.01403999328613,30.0856037139893,3.05454540252686,6.04363632202148,5,10,0.869565188884735,0.876811623573303,1,1,17,1.08000004291534,5.40000021457672
03,2018-03-23,23080760,0,Definitivo,SAN ROQUE [23080760],Pluviométrica,Convencional,Activa,Antioquia,San Roque,6.4875,-75.017,820,5/15/1975,,Monchia,Magdalena Cauca,Medio Magdalena,Río Nare,2018,23,Andes,Definitivo,0,0,0,8.30864810943604,8.30864810943604,9.21799564361572,21.0034103393555,20.7368946075439,3.05454540252686,6.04363632202148,5,10,0.869565188884735,0.876811623573303,1,1,17,1.08000004291534,0
03,2020-03-19,23080760,9,Definitivo,SAN ROQUE [23080760],Pluviométrica,Convencional,Activa,Antioquia,San Roque,6.4875,-75.017,820,5/15/1975,,Monchia,Magdalena Cauca,Medio Magdalena,Río Nare,2020,19,Andes,Definitivo,9,9,0,1.14699494838715,1.14699494838715,0,0.339976608753204,4.27838468551636,3.05454540252686,6.04363632202148,5,10,0.869565188884735,0.876811623573303,1,1,16,1.08000004291534,9.7200003862381
03,2020-03-18,23080760,0,Definitivo,SAN ROQUE [23080760],Pluviométrica,Convencional,Activa,Antioquia,San Roque,6.4875,-75.017,820,5/15/1975,,Monchia,Magdalena Cauca,Medio Magdalena,Río Nare,2020,18,Andes,Definitivo,0,0,0,0.310918062925339,0.310918062925339,0,0.121676385402679,0,3.05454540252686,6.04363632202148,5,10,0.869565188884735,0.876811623573303,1,1,16,1.08000004291534,0
03,2018-03-19,23080760,0,Definitivo,SAN ROQUE [23080760],Pluviométrica,Convencional,Activa,Antioquia,San Roque,6.4875,-75.017,820,5/15/1975,,Monchia,Magdalena Cauca,Medio Magdalena,Río Nare,2018,19,Andes,Definitivo,0,0,0,3.88793611526489,3.88793611526489,0,1.99201440811157,0.167891785502434,3.05454540252686,6.04363632202148,5,10,0.869565188884735,0.876811623573303,1,1,16,1.08000004291534,0
03,2019-03-17,23080760,60,Definitivo,SAN ROQUE [23080760],Pluviométrica,Convencional,Activa,Antioquia,San Roque,6.4875,-75.017,820,5/15/1975,,Monchia,Magdalena Cauca,Medio Magdalena,Río Nare,2019,17,Andes,Definitivo,60,60,0,1.35122787952423,1.35122787952423,0,7.03539800643921,0.516087472438812,3.05454540252686,6.04363632202148,5,10,0.869565188884735,0.876811623573303,1,1,16,1.08000004291534,64.8000025749207
03,2017-03-17,23080760,0,Definitivo,SAN ROQUE [23080760],Pluviométrica,Convencional,Activa,Antioquia,San Roque,6.4875,-75.017,820,5/15/1975,,Monchia,Magdalena Cauca,Medio Magdalena,Río Nare,2017,17,Andes,Definitivo,0,0,0,1.13578712940216,1.13578712940216,0,0.583120763301849,0,3.05454540252686,6.04363632202148,5,10,0.869565188884735,0.876811623573303,1,1,16,1.08000004291534,0
03,2017-03-16,23080760,0,Definitivo,SAN ROQUE [23080760],Pluviométrica,Convencional,Activa,Antioquia,San Roque,6.4875,-75.017,820,5/15/1975,,Monchia,Magdalena Cauca,Medio Magdalena,Río Nare,2017,16,Andes,Definitivo,0,0,0,0.719341635704041,0.719341635704041,0,1.14767932891846,0.99596905708313,3.05454540252686,6.04363632202148,5,10,0.869565188884735,0.876811623573303,1,1,16,1.08000004291534,0
03,2019-03-13,23080760,2,Definitivo,SAN ROQUE [23080760],Pluviométrica,Convencional,Activa,Antioquia,San Roque,6.4875,-75.017,820,5/15/1975,,Monchia,Magdalena Cauca,Medio Magdalena,Río Nare,2019,13,Andes,Definitivo,2,2,0,0.862181007862091,0.862181007862091,0,2.3860011100769,0,3.05454540252686,6.04363632202148,5,10,0.869565188884735,0.876811623573303,1,1,15,1.08000004291534,2.16000008583069
03,2020-03-10,23080760,2,Definitivo,SAN ROQUE [23080760],Pluviométrica,Convencional,Activa,Antioquia,San Roque,6.4875,-75.017,820,5/15/1975,,Monchia,Magdalena Cauca,Medio Magdalena,Río Nare,2020,10,Andes,Definitivo,2,2,0,4.77717733383179,4.77717733383179,54.8813743591309,21.4662303924561,32.570011138916,3.05454540252686,6.04363632202148,5,10,0.869565188884735,0.876811623573303,1,1,14,1.08000004291534,2.16000008583069
03,2020-03-09,23080760,12,Definitivo,SAN ROQUE [23080760],Pluviométrica,Convencional,Activa,Antioquia,San Roque,6.4875,-75.017,820,5/15/1975,,Monchia,Magdalena Cauca,Medio Magdalena,Río Nare,2020,09,Andes,Definitivo,12,12,0,5.98550033569336,5.98550033569336,0,13.8656530380249,19.7118396759033,3.05454540252686,6.04363632202148,5,10,0.869565188884735,0.876811623573303,1,1,14,1.08000004291534,12.9600005149841
03,2022-03-06,23080760,6,Definitivo,SAN ROQUE [23080760],Pluviométrica,Convencional,Activa,Antioquia,San Roque,6.4875,-75.017,820,5/15/1975,,Monchia,Magdalena Cauca,Medio Magdalena,Río Nare,2022,06,Andes,Definitivo,6,6,0,3.70372772216797,3.70372772216797,29.8374786376953,18.769998550415,28.6113719940186,3.05454540252686,6.04363632202148,5,10,0.869565188884735,0.876811623573303,1,1,14,1.08000004291534,6.48000025749207
03,2023-03-04,23080760,52,Definitivo,SAN ROQUE [23080760],Pluviométrica,Convencional,Activa,Antioquia,San Roque,6.4875,-75.017,820,5/15/1975,,Monchia,Magdalena Cauca,Medio Magdalena,Río Nare,2023,04,Andes,Definitivo,52,52,0,5.34799671173096,5.34799671173096,0,22.2478065490723,53.4309196472168,3.05454540252686,6.04363632202148,5,10,0.869565188884735,0.876811623573303,1,1,13,1.08000004291534,56.1600022315979
03,2023-03-03,23080760,10,Definitivo,SAN ROQUE [23080760],Pluviométrica,Convencional,Activa,Antioquia,San Roque,6.4875,-75.017,820,5/15/1975,,Monchia,Magdalena Cauca,Medio Magdalena,Río Nare,2023,03,Andes,Definitivo,10,10,0,0.674308657646179,0.674308657646179,0,4.96463537216187,3.52646446228027,3.05454540252686,6.04363632202148,5,10,0.869565188884735,0.876811623573303,1,1,13,1.08000004291534,10.8000004291534
03,2023-03-02,23080760,3,Definitivo,SAN ROQUE [23080760],Pluviométrica,Convencional,Activa,Antioquia,San Roque,6.4875,-75.017,820,5/15/1975,,Monchia,Magdalena Cauca,Medio Magdalena,Río Nare,2023,02,Andes,Definitivo,3,3,0,0.581407964229584,0.581407964229584,0,7.83250141143799,2.14773344993591,3.05454540252686,6.04363632202148,5,10,0.869565188884735,0.876811623573303,1,1,13,1.08000004291534,3.24000012874603
03,2001-03-27,23080760,0,Definitivo,SAN ROQUE [23080760],Pluviométrica,Convencional,Activa,Antioquia,San Roque,6.4875,-75.017,820,5/15/1975,,Monchia,Magdalena Cauca,Medio Magdalena,Río Nare,2001,27,Andes,Definitivo,0,0,0,8.38690757751465,8.38690757751465,0,7.03653287887573,2.71949315071106,3.05454540252686,6.04363632202148,5,10,0.869565188884735,0.876811623573303,1,1,18,1.08000004291534,0
03,2002-03-25,23080760,0,Definitivo,SAN ROQUE [23080760],Pluviométrica,Convencional,Activa,Antioquia,San Roque,6.4875,-75.017,820,5/15/1975,,Monchia,Magdalena Cauca,Medio Magdalena,Río Nare,2002,25,Andes,Definitivo,0,0,0,4.55300235748291,4.55300235748291,24.9115467071533,0.975423336029053,14.2839069366455,3.05454540252686,6.04363632202148,5,10,0.869565188884735,0.876811623573303,1,1,17,1.08000004291534,0
03,2003-03-23,23080760,,"",SAN ROQUE [23080760],Pluviométrica,Convencional,Activa,Antioquia,San Roque,6.4875,-75.017,820,5/15/1975,,Monchia,Magdalena Cauca,Medio Magdalena,Río Nare,2003,23,Andes,Preliminar,0,0,0,0.863517701625824,0.863517701625824,0,5.28577995300293,0.0152641544118524,3.05454540252686,6.04363632202148,5,10,0.869565188884735,0.876811623573303,1,1,17,1.08000004291534,0
03,2004-03-20,23080760,,"",SAN ROQUE [23080760],Pluviométrica,Convencional,Activa,Antioquia,San Roque,6.4875,-75.017,820,5/15/1975,,Monchia,Magdalena Cauca,Medio Magdalena,Río Nare,2004,20,Andes,Preliminar,0,0,0,1.46396124362946,1.46396124362946,0,0,0,3.05454540252686,6.04363632202148,5,10,0.869565188884735,0.876811623573303,1,1,16,1.08000004291534,0
03,2005-03-18,23080760,0,Definitivo,SAN ROQUE [23080760],Pluviométrica,Convencional,Activa,Antioquia,San Roque,6.4875,-75.017,820,5/15/1975,,Monchia,Magdalena Cauca,Medio Magdalena,Río Nare,2005,18,Andes,Definitivo,0,0,0,4.21612882614136,4.21612882614136,4.03543519973755,11.9401149749756,4.01713275909424,3.05454540252686,6.04363632202148,5,10,0.869565188884735,0.876811623573303,1,1,16,1.08000004291534,0
03,2006-03-16,23080760,75,Definitivo,SAN ROQUE [23080760],Pluviométrica,Convencional,Activa,Antioquia,San Roque,6.4875,-75.017,820,5/15/1975,,Monchia,Magdalena Cauca,Medio Magdalena,Río Nare,2006,16,Andes,Definitivo,75,75,0,1.99621772766113,1.99621772766113,0,16.5100040435791,2.10567307472229,3.05454540252686,6.04363632202148,5,10,0.869565188884735,0.876811623573303,1,1,16,1.08000004291534,81.0000032186508
03,2004-03-16,23080760,,"",SAN ROQUE [23080760],Pluviométrica,Convencional,Activa,Antioquia,San Roque,6.4875,-75.017,820,5/15/1975,,Monchia,Magdalena Cauca,Medio Magdalena,Río Nare,2004,16,Andes,Preliminar,0,0,0,1.99784815311432,1.99784815311432,0,0,0,3.05454540252686,6.04363632202148,5,10,0.869565188884735,0.876811623573303,1,1,16,1.08000004291534,0
03,2002-03-17,23080760,1,Definitivo,SAN ROQUE [23080760],Pluviométrica,Convencional,Activa,Antioquia,San Roque,6.4875,-75.017,820,5/15/1975,,Monchia,Magdalena Cauca,Medio Magdalena,Río Nare,2002,17,Andes,Definitivo,1,1,0,7.10167503356934,7.10167503356934,20.8139209747314,11.7205562591553,16.915470123291,3.05454540252686,6.04363632202148,5,10,0.869565188884735,0.876811623573303,1,1,16,1.08000004291534,1.08000004291534
03,2002-03-16,23080760,13,Definitivo,SAN ROQUE [23080760],Pluviométrica,Convencional,Activa,Antioquia,San Roque,6.4875,-75.017,820,5/15/1975,,Monchia,Magdalena Cauca,Medio Magdalena,Río Nare,2002,16,Andes,Definitivo,13,13,0,4.16995811462402,4.16995811462402,5.20348024368286,4.6676197052002,13.5804796218872,3.05454540252686,6.04363632202148,5,10,0.869565188884735,0.876811623573303,1,1,16,1.08000004291534,14.0400005578995
03,2004-03-12,23080760,,"",SAN ROQUE [23080760],Pluviométrica,Convencional,Activa,Antioquia,San Roque,6.4875,-75.017,820,5/15/1975,,Monchia,Magdalena Cauca,Medio Magdalena,Río Nare,2004,12,Andes,Preliminar,0,0,0,0.601947724819183,0.601947724819183,0,0.99485981464386,3.84114503860474,3.05454540252686,6.04363632202148,5,10,0.869565188884735,0.876811623573303,1,1,15,1.08000004291534,0
03,2002-03-11,23080760,1,Definitivo,SAN ROQUE [23080760],Pluviométrica,Convencional,Activa,Antioquia,San Roque,6.4875,-75.017,820,5/15/1975,,Monchia,Magdalena Cauca,Medio Magdalena,Río Nare,2002,11,Andes,Definitivo,1,1,0,2.43662071228027,2.43662071228027,0,3.18497061729431,0.291136085987091,3.05454540252686,6.04363632202148,5,10,0.869565188884735,0.876811623573303,1,1,15,1.08000004291534,1.08000004291534
03,2004-03-07,23080760,26,Definitivo,SAN ROQUE [23080760],Pluviométrica,Convencional,Activa,Antioquia,San Roque,6.4875,-75.017,820,5/15/1975,,Monchia,Magdalena Cauca,Medio Magdalena,Río Nare,2004,07,Andes,Definitivo,26,26,0,5.72857713699341,5.72857713699341,0,28.2752952575684,37.1790733337402,3.05454540252686,6.04363632202148,5,10,0.869565188884735,0.876811623573303,1,1,14,1.08000004291534,28.080001115799
03,2004-03-08,23080760,,"",SAN ROQUE [23080760],Pluviométrica,Convencional,Activa,Antioquia,San Roque,6.4875,-75.017,820,5/15/1975,,Monchia,Magdalena Cauca,Medio Magdalena,Río Nare,2004,08,Andes,Preliminar,0,0,0,3.95379614830017,3.95379614830017,19.00856590271,7.36240434646606,11.1541309356689,3.05454540252686,6.04363632202148,5,10,0.869565188884735,0.876811623573303,1,1,14,1.08000004291534,0
03,2009-03-07,23080760,,"",SAN ROQUE [23080760],Pluviométrica,Convencional,Activa,Antioquia,San Roque,6.4875,-75.017,820,5/15/1975,,Monchia,Magdalena Cauca,Medio Magdalena,Río Nare,2009,07,Andes,Preliminar,0,0,0,5.43579864501953,5.43579864501953,32.9158515930176,14.4873113632202,12.0720920562744,3.05454540252686,6.04363632202148,5,10,0.869565188884735,0.876811623573303,1,1,14,1.08000004291534,0
03,2008-03-11,23080760,9,Definitivo,SAN ROQUE [23080760],Pluviométrica,Convencional,Activa,Antioquia,San Roque,6.4875,-75.017,820,5/15/1975,,Monchia,Magdalena Cauca,Medio Magdalena,Río Nare,2008,11,Andes,Definitivo,9,9,0,8.03056240081787,8.03056240081787,0,11.6518716812134,1.07982695102692,3.05454540252686,6.04363632202148,5,10,0.869565188884735,0.876811623573303,1,1,15,1.08000004291534,9.7200003862381
03,2011-03-10,23080760,,"",SAN ROQUE [23080760],Pluviométrica,Convencional,Activa,Antioquia,San Roque,6.4875,-75.017,820,5/15/1975,,Monchia,Magdalena Cauca,Medio Magdalena,Río Nare,2011,10,Andes,Preliminar,0,0,0,13.3657627105713,13.3657627105713,23.3794116973877,38.8395538330078,26.7225456237793,3.05454540252686,6.04363632202148,5,10,0.869565188884735,0.876811623573303,1,1,14,1.08000004291534,0
03,2013-03-11,23080760,10,Definitivo,SAN ROQUE [23080760],Pluviométrica,Convencional,Activa,Antioquia,San Roque,6.4875,-75.017,820,5/15/1975,,Monchia,Magdalena Cauca,Medio Magdalena,Río Nare,2013,11,Andes,Definitivo,10,10,0,0.717288613319397,0.717288613319397,0,7.9835901260376,1.18044078350067,3.05454540252686,6.04363632202148,5,10,0.869565188884735,0.876811623573303,1,1,15,1.08000004291534,10.8000004291534
03,2012-03-15,23080760,48,Definitivo,SAN ROQUE [23080760],Pluviométrica,Convencional,Activa,Antioquia,San Roque,6.4875,-75.017,820,5/15/1975,,Monchia,Magdalena Cauca,Medio Magdalena,Río Nare,2012,15,Andes,Definitivo,48,48,0,6.37909936904907,6.37909936904907,6.65930271148682,7.73672580718994,18.1752548217773,3.05454540252686,6.04363632202148,5,10,0.869565188884735,0.876811623573303,1,1,15,1.08000004291534,51.8400020599365
03,2012-03-16,23080760,17,Definitivo,SAN ROQUE [23080760],Pluviométrica,Convencional,Activa,Antioquia,San Roque,6.4875,-75.017,820,5/15/1975,,Monchia,Magdalena Cauca,Medio Magdalena,Río Nare,2012,16,Andes,Definitivo,17,17,0,0.709800481796265,0.709800481796265,26.7438850402832,8.02169418334961,40.5346183776855,3.05454540252686,6.04363632202148,5,10,0.869565188884735,0.876811623573303,1,1,16,1.08000004291534,18.3600007295609
03,2011-03-21,23080760,20,Definitivo,SAN ROQUE [23080760],Pluviométrica,Convencional,Activa,Antioquia,San Roque,6.4875,-75.017,820,5/15/1975,,Monchia,Magdalena Cauca,Medio Magdalena,Río Nare,2011,21,Andes,Definitivo,20,20,0,10.9522304534912,10.9522304534912,49.7836532592774,18.9980392456055,27.3312950134277,3.05454540252686,6.04363632202148,5,10,0.869565188884735,0.876811623573303,1,1,17,1.08000004291534,21.6000008583069
03,2013-03-22,23080760,,"",SAN ROQUE [23080760],Pluviométrica,Convencional,Activa,Antioquia,San Roque,6.4875,-75.017,820,5/15/1975,,Monchia,Magdalena Cauca,Medio Magdalena,Río Nare,2013,22,Andes,Preliminar,0,0,0,7.97543621063232,7.97543621063232,3.4022114276886,20.2097129821777,0.216593772172928,3.05454540252686,6.04363632202148,5,10,0.869565188884735,0.876811623573303,1,1,17,1.08000004291534,0
03,2013-03-23,23080760,,"",SAN ROQUE [23080760],Pluviométrica,Convencional,Activa,Antioquia,San Roque,6.4875,-75.017,820,5/15/1975,,Monchia,Magdalena Cauca,Medio Magdalena,Río Nare,2013,23,Andes,Preliminar,0,0,0,9.16093444824219,9.16093444824219,13.6088457107544,8.96067333221436,4.89455842971802,3.05454540252686,6.04363632202148,5,10,0.869565188884735,0.876811623573303,1,1,17,1.08000004291534,0
03,2016-03-21,23080760,0,Definitivo,SAN ROQUE [23080760],Pluviométrica,Convencional,Activa,Antioquia,San Roque,6.4875,-75.017,820,5/15/1975,,Monchia,Magdalena Cauca,Medio Magdalena,Río Nare,2016,21,Andes,Definitivo,0,0,0,1.00590538978577,1.00590538978577,0,2.12422394752502,0,3.05454540252686,6.04363632202148,5,10,0.869565188884735,0.876811623573303,1,1,17,1.08000004291534,0
03,2015-03-26,23080760,,"",SAN ROQUE [23080760],Pluviométrica,Convencional,Activa,Antioquia,San Roque,6.4875,-75.017,820,5/15/1975,,Monchia,Magdalena Cauca,Medio Magdalena,Río Nare,2015,26,Andes,Preliminar,0,0,0,17.9895877838135,17.9895877838135,0,12.2409801483154,0.00245824363082647,3.05454540252686,6.04363632202148,5,10,0.869565188884735,0.876811623573303,1,1,18,1.08000004291534,0
03,2018-03-24,23080760,16,Definitivo,SAN ROQUE [23080760],Pluviométrica,Convencional,Activa,Antioquia,San Roque,6.4875,-75.017,820,5/15/1975,,Monchia,Magdalena Cauca,Medio Magdalena,Río Nare,2018,24,Andes,Definitivo,16,16,0,8.63941860198975,8.63941860198975,0,17.0613288879395,7.16347742080689,3.05454540252686,6.04363632202148,5,10,0.869565188884735,0.876811623573303,1,1,17,1.08000004291534,17.2800006866455
03,2018-03-25,23080760,14,Definitivo,SAN ROQUE [23080760],Pluviométrica,Convencional,Activa,Antioquia,San Roque,6.4875,-75.017,820,5/15/1975,,Monchia,Magdalena Cauca,Medio Magdalena,Río Nare,2018,25,Andes,Definitivo,14,14,0,8.60553359985352,8.60553359985352,9.21799564361572,12.7413806915283,29.4623737335205,3.05454540252686,6.04363632202148,5,10,0.869565188884735,0.876811623573303,1,1,17,1.08000004291534,15.1200006008148
03,2020-03-21,23080760,0,Definitivo,SAN ROQUE [23080760],Pluviométrica,Convencional,Activa,Antioquia,San Roque,6.4875,-75.017,820,5/15/1975,,Monchia,Magdalena Cauca,Medio Magdalena,Río Nare,2020,21,Andes,Definitivo,0,0,0,1.90957808494568,1.90957808494568,0,4.84793901443481,2.31577801704407,3.05454540252686,6.04363632202148,5,10,0.869565188884735,0.876811623573303,1,1,17,1.08000004291534,0
03,2022-03-18,23080760,0,Definitivo,SAN ROQUE [23080760],Pluviométrica,Convencional,Activa,Antioquia,San Roque,6.4875,-75.017,820,5/15/1975,,Monchia,Magdalena Cauca,Medio Magdalena,Río Nare,2022,18,Andes,Definitivo,0,0,0,1.84620380401611,1.84620380401611,0,6.86521434783936,0.335158258676529,3.05454540252686,6.04363632202148,5,10,0.869565188884735,0.876811623573303,1,1,16,1.08000004291534,0
03,2019-03-20,23080760,27,Definitivo,SAN ROQUE [23080760],Pluviométrica,Convencional,Activa,Antioquia,San Roque,6.4875,-75.017,820,5/15/1975,,Monchia,Magdalena Cauca,Medio Magdalena,Río Nare,2019,20,Andes,Definitivo,27,27,0,2.39144110679626,2.39144110679626,15.7556161880493,15.0225296020508,33.0996589660645,3.05454540252686,6.04363632202148,5,10,0.869565188884735,0.876811623573303,1,1,16,1.08000004291534,29.1600011587143
03,2017-03-20,23080760,0,Definitivo,SAN ROQUE [23080760],Pluviométrica,Convencional,Activa,Antioquia,San Roque,6.4875,-75.017,820,5/15/1975,,Monchia,Magdalena Cauca,Medio Magdalena,Río Nare,2017,20,Andes,Definitivo,0,0,0,1.89120900630951,1.89120900630951,0,2.74459624290466,1.47123229503632,3.05454540252686,6.04363632202148,5,10,0.869565188884735,0.876811623573303,1,1,16,1.08000004291534,0
03,2018-03-18,23080760,0,Definitivo,SAN ROQUE [23080760],Pluviométrica,Convencional,Activa,Antioquia,San Roque,6.4875,-75.017,820,5/15/1975,,Monchia,Magdalena Cauca,Medio Magdalena,Río Nare,2018,18,Andes,Definitivo,0,0,0,5.61003971099854,5.61003971099854,9.34661674499512,14.8131237030029,16.2268543243408,3.05454540252686,6.04363632202148,5,10,0.869565188884735,0.876811623573303,1,1,16,1.08000004291534,0
03,2019-03-16,23080760,6,Definitivo,SAN ROQUE [23080760],Pluviométrica,Convencional,Activa,Antioquia,San Roque,6.4875,-75.017,820,5/15/1975,,Monchia,Magdalena Cauca,Medio Magdalena,Río Nare,2019,16,Andes,Definitivo,6,6,0,1.97332108020782,1.97332108020782,0,11.5885705947876,4.85252237319946,3.05454540252686,6.04363632202148,5,10,0.869565188884735,0.876811623573303,1,1,16,1.08000004291534,6.48000025749207
03,2016-03-17,23080760,3,Definitivo,SAN ROQUE [23080760],Pluviométrica,Convencional,Activa,Antioquia,San Roque,6.4875,-75.017,820,5/15/1975,,Monchia,Magdalena Cauca,Medio Magdalena,Río Nare,2016,17,Andes,Definitivo,3,3,0,10.4723243713379,10.4723243713379,8.48515033721924,20.0305233001709,31.6264839172363,3.05454540252686,6.04363632202148,5,10,0.869565188884735,0.876811623573303,1,1,16,1.08000004291534,3.24000012874603
03,2018-03-14,23080760,0,Definitivo,SAN ROQUE [23080760],Pluviométrica,Convencional,Activa,Antioquia,San Roque,6.4875,-75.017,820,5/15/1975,,Monchia,Magdalena Cauca,Medio Magdalena,Río Nare,2018,14,Andes,Definitivo,0,0,0,1.20758628845215,1.20758628845215,0,0,0,3.05454540252686,6.04363632202148,5,10,0.869565188884735,0.876811623573303,1,1,15,1.08000004291534,0
03,2019-03-12,23080760,9,Definitivo,SAN ROQUE [23080760],Pluviométrica,Convencional,Activa,Antioquia,San Roque,6.4875,-75.017,820,5/15/1975,,Monchia,Magdalena Cauca,Medio Magdalena,Río Nare,2019,12,Andes,Definitivo,9,9,0,0.323014229536057,0.323014229536057,16.9075374603272,3.83939790725708,17.147029876709,3.05454540252686,6.04363632202148,5,10,0.869565188884735,0.876811623573303,1,1,15,1.08000004291534,9.7200003862381
03,2019-03-11,23080760,6,Definitivo,SAN ROQUE [23080760],Pluviométrica,Convencional,Activa,Antioquia,San Roque,6.4875,-75.017,820,5/15/1975,,Monchia,Magdalena Cauca,Medio Magdalena,Río Nare,2019,11,Andes,Definitivo,6,6,0,2.3289520740509,2.3289520740509,0,9.72847843170166,1.82480311393738,3.05454540252686,6.04363632202148,5,10,0.869565188884735,0.876811623573303,1,1,15,1.08000004291534,6.48000025749207
03,2021-03-07,23080760,85,Definitivo,SAN ROQUE [23080760],Pluviométrica,Convencional,Activa,Antioquia,San Roque,6.4875,-75.017,820,5/15/1975,,Monchia,Magdalena Cauca,Medio Magdalena,Río Nare,2021,07,Andes,Definitivo,85,85,0,7.31929969787598,7.31929969787598,9.21183013916016,23.6130046844482,12.7859077453613,3.05454540252686,6.04363632202148,5,10,0.869565188884735,0.876811623573303,1,1,14,1.08000004291534,91.8000036478043
03,2022-03-05,23080760,2,Definitivo,SAN ROQUE [23080760],Pluviométrica,Convencional,Activa,Antioquia,San Roque,6.4875,-75.017,820,5/15/1975,,Monchia,Magdalena Cauca,Medio Magdalena,Río Nare,2022,05,Andes,Definitivo,2,2,0,12.3724603652954,12.3724603652954,8.87988758087158,11.3396863937378,6.55901956558228,3.05454540252686,6.04363632202148,5,10,0.869565188884735,0.876811623573303,1,1,13,1.08000004291534,2.16000008583069
03,2022-03-04,23080760,25,Definitivo,SAN ROQUE [23080760],Pluviométrica,Convencional,Activa,Antioquia,San Roque,6.4875,-75.017,820,5/15/1975,,Monchia,Magdalena Cauca,Medio Magdalena,Río Nare,2022,04,Andes,Definitivo,25,25,0,11.1162099838257,11.1162099838257,0,8.8331937789917,11.8331060409546,3.05454540252686,6.04363632202148,5,10,0.869565188884735,0.876811623573303,1,1,13,1.08000004291534,27.0000010728836
03,2002-03-08,23080760,,"",SAN ROQUE [23080760],Pluviométrica,Convencional,Activa,Antioquia,San Roque,6.4875,-75.017,820,5/15/1975,,Monchia,Magdalena Cauca,Medio Magdalena,Río Nare,2002,08,Andes,Preliminar,0,0,0,0.302291542291641,0.302291542291641,6.25979280471802,0.300208538770676,0.13758859038353,3.05454540252686,6.04363632202148,5,10,0.869565188884735,0.876811623573303,1,1,14,1.08000004291534,0
03,2007-03-07,23080760,26,Definitivo,SAN ROQUE [23080760],Pluviométrica,Convencional,Activa,Antioquia,San Roque,6.4875,-75.017,820,5/15/1975,,Monchia,Magdalena Cauca,Medio Magdalena,Río Nare,2007,07,Andes,Definitivo,26,26,0,17.0282554626465,17.0282554626465,6.2392144203186,15.8578233718872,4.00862598419189,3.05454540252686,6.04363632202148,5,10,0.869565188884735,0.876811623573303,1,1,14,1.08000004291534,28.080001115799
03,2001-03-26,23080760,0,Definitivo,SAN ROQUE [23080760],Pluviométrica,Convencional,Activa,Antioquia,San Roque,6.4875,-75.017,820,5/15/1975,,Monchia,Magdalena Cauca,Medio Magdalena,Río Nare,2001,26,Andes,Definitivo,0,0,0,5.28608417510986,5.28608417510986,10.7063789367676,6.2345404624939,9.68723583221436,3.05454540252686,6.04363632202148,5,10,0.869565188884735,0.876811623573303,1,1,18,1.08000004291534,0
03,2002-03-24,23080760,,"",SAN ROQUE [23080760],Pluviométrica,Convencional,Activa,Antioquia,San Roque,6.4875,-75.017,820,5/15/1975,,Monchia,Magdalena Cauca,Medio Magdalena,Río Nare,2002,24,Andes,Preliminar,0,0,0,1.45655333995819,1.45655333995819,6.22788667678833,4.92564868927002,8.7662296295166,3.05454540252686,6.04363632202148,5,10,0.869565188884735,0.876811623573303,1,1,17,1.08000004291534,0
03,2003-03-22,23080760,,"",SAN ROQUE [23080760],Pluviométrica,Convencional,Activa,Antioquia,San Roque,6.4875,-75.017,820,5/15/1975,,Monchia,Magdalena Cauca,Medio Magdalena,Río Nare,2003,22,Andes,Preliminar,0,0,0,6.3691873550415,6.3691873550415,10.092698097229,6.56287813186646,6.35590124130249,3.05454540252686,6.04363632202148,5,10,0.869565188884735,0.876811623573303,1,1,17,1.08000004291534,0
03,2004-03-19,23080760,,"",SAN ROQUE [23080760],Pluviométrica,Convencional,Activa,Antioquia,San Roque,6.4875,-75.017,820,5/15/1975,,Monchia,Magdalena Cauca,Medio Magdalena,Río Nare,2004,19,Andes,Preliminar,0,0,0,2.47858810424805,2.47858810424805,0,0,0,3.05454540252686,6.04363632202148,5,10,0.869565188884735,0.876811623573303,1,1,16,1.08000004291534,0
03,2005-03-17,23080760,0,Definitivo,SAN ROQUE [23080760],Pluviométrica,Convencional,Activa,Antioquia,San Roque,6.4875,-75.017,820,5/15/1975,,Monchia,Magdalena Cauca,Medio Magdalena,Río Nare,2005,17,Andes,Definitivo,0,0,0,4.56313514709473,4.56313514709473,0,6.70765781402588,0.263828486204147,3.05454540252686,6.04363632202148,5,10,0.869565188884735,0.876811623573303,1,1,16,1.08000004291534,0
03,2006-03-15,23080760,,"",SAN ROQUE [23080760],Pluviométrica,Convencional,Activa,Antioquia,San Roque,6.4875,-75.017,820,5/15/1975,,Monchia,Magdalena Cauca,Medio Magdalena,Río Nare,2006,15,Andes,Preliminar,0,0,0,1.96497750282288,1.96497750282288,7.35036611557007,2.82208609580994,3.14539003372192,3.05454540252686,6.04363632202148,5,10,0.869565188884735,0.876811623573303,1,1,15,1.08000004291534,0
03,2004-03-15,23080760,1,Definitivo,SAN ROQUE [23080760],Pluviométrica,Convencional,Activa,Antioquia,San Roque,6.4875,-75.017,820,5/15/1975,,Monchia,Magdalena Cauca,Medio Magdalena,Río Nare,2004,15,Andes,Definitivo,1,1,0,3.41103672981262,3.41103672981262,17.8987731933594,6.92117786407471,4.63082599639893,3.05454540252686,6.04363632202148,5,10,0.869565188884735,0.876811623573303,1,1,15,1.08000004291534,1.08000004291534
03,2003-03-17,23080760,38,Definitivo,SAN ROQUE [23080760],Pluviométrica,Convencional,Activa,Antioquia,San Roque,6.4875,-75.017,820,5/15/1975,,Monchia,Magdalena Cauca,Medio Magdalena,Río Nare,2003,17,Andes,Definitivo,38,38,0,6.98839426040649,6.98839426040649,0,17.7522315979004,5.0215950012207,3.05454540252686,6.04363632202148,5,10,0.869565188884735,0.876811623573303,1,1,16,1.08000004291534,41.0400016307831
03,2003-03-14,23080760,,"",SAN ROQUE [23080760],Pluviométrica,Convencional,Activa,Antioquia,San Roque,6.4875,-75.017,820,5/15/1975,,Monchia,Magdalena Cauca,Medio Magdalena,Río Nare,2003,14,Andes,Preliminar,0,0,0,7.21156644821167,7.21156644821167,33.9871635437012,28.6052665710449,25.7781505584717,3.05454540252686,6.04363632202148,5,10,0.869565188884735,0.876811623573303,1,1,15,1.08000004291534,0
03,2006-03-09,23080760,2,Definitivo,SAN ROQUE [23080760],Pluviométrica,Convencional,Activa,Antioquia,San Roque,6.4875,-75.017,820,5/15/1975,,Monchia,Magdalena Cauca,Medio Magdalena,Río Nare,2006,09,Andes,Definitivo,2,2,0,5.53200054168701,5.53200054168701,25.3258628845215,24.8842258453369,17.2434749603272,3.05454540252686,6.04363632202148,5,10,0.869565188884735,0.876811623573303,1,1,14,1.08000004291534,2.16000008583069
03,2003-03-09,23080760,0,Definitivo,SAN ROQUE [23080760],Pluviométrica,Convencional,Activa,Antioquia,San Roque,6.4875,-75.017,820,5/15/1975,,Monchia,Magdalena Cauca,Medio Magdalena,Río Nare,2003,09,Andes,Definitivo,0,0,0,0.243469163775444,0.243469163775444,7.12646961212158,0.234657019376755,4.8071436882019,3.05454540252686,6.04363632202148,5,10,0.869565188884735,0.876811623573303,1,1,14,1.08000004291534,0
03,2019-03-22,23080760,20,Definitivo,SAN ROQUE [23080760],Pluviométrica,Convencional,Activa,Antioquia,San Roque,6.4875,-75.017,820,5/15/1975,,Monchia,Magdalena Cauca,Medio Magdalena,Río Nare,2019,22,Andes,Definitivo,20,20,0,6.52859258651733,6.52859258651733,9.05308437347412,20.3691501617432,10.149320602417,3.05454540252686,6.04363632202148,5,10,0.869565188884735,0.876811623573303,1,1,17,1.08000004291534,21.6000008583069
03,2019-03-23,23080760,17,Definitivo,SAN ROQUE [23080760],Pluviométrica,Convencional,Activa,Antioquia,San Roque,6.4875,-75.017,820,5/15/1975,,Monchia,Magdalena Cauca,Medio Magdalena,Río Nare,2019,23,Andes,Definitivo,17,17,0,0.917284071445465,0.917284071445465,0,5.23757171630859,1.87472212314606,3.05454540252686,6.04363632202148,5,10,0.869565188884735,0.876811623573303,1,1,17,1.08000004291534,18.3600007295609
03,2009-03-08,23080760,,"",SAN ROQUE [23080760],Pluviométrica,Convencional,Activa,Antioquia,San Roque,6.4875,-75.017,820,5/15/1975,,Monchia,Magdalena Cauca,Medio Magdalena,Río Nare,2009,08,Andes,Preliminar,0,0,0,2.68779134750366,2.68779134750366,0,4.33716344833374,0.592432200908661,3.05454540252686,6.04363632202148,5,10,0.869565188884735,0.876811623573303,1,1,14,1.08000004291534,0
03,2012-03-06,23080760,21,Definitivo,SAN ROQUE [23080760],Pluviométrica,Convencional,Activa,Antioquia,San Roque,6.4875,-75.017,820,5/15/1975,,Monchia,Magdalena Cauca,Medio Magdalena,Río Nare,2012,06,Andes,Definitivo,21,21,0,1.3923579454422,1.3923579454422,0,10.7836284637451,0.0857420265674591,3.05454540252686,6.04363632202148,5,10,0.869565188884735,0.876811623573303,1,1,14,1.08000004291534,22.6800009012222
03,2011-03-11,23080760,16,Definitivo,SAN ROQUE [23080760],Pluviométrica,Convencional,Activa,Antioquia,San Roque,6.4875,-75.017,820,5/15/1975,,Monchia,Magdalena Cauca,Medio Magdalena,Río Nare,2011,11,Andes,Definitivo,16,16,0,2.71149969100952,2.71149969100952,7.45120096206665,8.48113536834717,18.8369560241699,3.05454540252686,6.04363632202148,5,10,0.869565188884735,0.876811623573303,1,1,15,1.08000004291534,17.2800006866455
03,2013-03-12,23080760,64,Definitivo,SAN ROQUE [23080760],Pluviométrica,Convencional,Activa,Antioquia,San Roque,6.4875,-75.017,820,5/15/1975,,Monchia,Magdalena Cauca,Medio Magdalena,Río Nare,2013,12,Andes,Definitivo,64,64,0,2.10347557067871,2.10347557067871,15.7036914825439,16.9035511016846,18.7812213897705,3.05454540252686,6.04363632202148,5,10,0.869565188884735,0.876811623573303,1,1,15,1.08000004291534,69.120002746582
03,2013-03-13,23080760,,"",SAN ROQUE [23080760],Pluviométrica,Convencional,Activa,Antioquia,San Roque,6.4875,-75.017,820,5/15/1975,,Monchia,Magdalena Cauca,Medio Magdalena,Río Nare,2013,13,Andes,Preliminar,0,0,0,2.65180540084839,2.65180540084839,15.7036914825439,17.2432060241699,20.7347965240479,3.05454540252686,6.04363632202148,5,10,0.869565188884735,0.876811623573303,1,1,15,1.08000004291534,0
03,2012-03-17,23080760,,"",SAN ROQUE [23080760],Pluviométrica,Convencional,Activa,Antioquia,San Roque,6.4875,-75.017,820,5/15/1975,,Monchia,Magdalena Cauca,Medio Magdalena,Río Nare,2012,17,Andes,Preliminar,0,0,0,4.57059288024902,4.57059288024902,26.7438850402832,19.610710144043,40.2688713073731,3.05454540252686,6.04363632202148,5,10,0.869565188884735,0.876811623573303,1,1,16,1.08000004291534,0
03,2011-03-22,23080760,7,Definitivo,SAN ROQUE [23080760],Pluviométrica,Convencional,Activa,Antioquia,San Roque,6.4875,-75.017,820,5/15/1975,,Monchia,Magdalena Cauca,Medio Magdalena,Río Nare,2011,22,Andes,Definitivo,7,7,0,8.16599559783936,8.16599559783936,8.29727554321289,66.7737579345703,12.0295677185059,3.05454540252686,6.04363632202148,5,10,0.869565188884735,0.876811623573303,1,1,17,1.08000004291534,7.56000030040741
03,2011-03-23,23080760,15,Definitivo,SAN ROQUE [23080760],Pluviométrica,Convencional,Activa,Antioquia,San Roque,6.4875,-75.017,820,5/15/1975,,Monchia,Magdalena Cauca,Medio Magdalena,Río Nare,2011,23,Andes,Definitivo,15,15,0,7.87693357467651,7.87693357467651,0,46.3166656494141,24.8116359710693,3.05454540252686,6.04363632202148,5,10,0.869565188884735,0.876811623573303,1,1,17,1.08000004291534,16.2000006437302
03,2014-03-21,23080760,15,Definitivo,SAN ROQUE [23080760],Pluviométrica,Convencional,Activa,Antioquia,San Roque,6.4875,-75.017,820,5/15/1975,,Monchia,Magdalena Cauca,Medio Magdalena,Río Nare,2014,21,Andes,Definitivo,15,15,0,6.51253128051758,6.51253128051758,0,8.54059600830078,4.24376487731934,3.05454540252686,6.04363632202148,5,10,0.869565188884735,0.876811623573303,1,1,17,1.08000004291534,16.2000006437302
03,2016-03-22,23080760,24,Definitivo,SAN ROQUE [23080760],Pluviométrica,Convencional,Activa,Antioquia,San Roque,6.4875,-75.017,820,5/15/1975,,Monchia,Magdalena Cauca,Medio Magdalena,Río Nare,2016,22,Andes,Definitivo,24,24,0,2.92089128494263,2.92089128494263,0,1.43122720718384,3.97247409820557,3.05454540252686,6.04363632202148,5,10,0.869565188884735,0.876811623573303,1,1,17,1.08000004291534,25.9200010299683
03,2019-03-21,23080760,22,Definitivo,SAN ROQUE [23080760],Pluviométrica,Convencional,Activa,Antioquia,San Roque,6.4875,-75.017,820,5/15/1975,,Monchia,Magdalena Cauca,Medio Magdalena,Río Nare,2019,21,Andes,Definitivo,22,22,0,2.12662482261658,2.12662482261658,9.05308437347412,5.01613235473633,15.1732149124146,3.05454540252686,6.04363632202148,5,10,0.869565188884735,0.876811623573303,1,1,17,1.08000004291534,23.7600009441376
03,2023-03-01,23080760,2,Definitivo,SAN ROQUE [23080760],Pluviométrica,Convencional,Activa,Antioquia,San Roque,6.4875,-75.017,820,5/15/1975,,Monchia,Magdalena Cauca,Medio Magdalena,Río Nare,2023,01,Andes,Definitivo,2,2,0,0.251145005226135,0.251145005226135,22.8608551025391,15.2859334945679,3.50134778022766,3.05454540252686,6.04363632202148,5,10,0.869565188884735,0.876811623573303,1,1,13,1.08000004291534,2.16000008583069
03,2004-03-06,23080760,17,Definitivo,SAN ROQUE [23080760],Pluviométrica,Convencional,Activa,Antioquia,San Roque,6.4875,-75.017,820,5/15/1975,,Monchia,Magdalena Cauca,Medio Magdalena,Río Nare,2004,06,Andes,Definitivo,17,17,0,3.91914749145508,3.91914749145508,19.00856590271,11.0394668579102,12.705641746521,3.05454540252686,6.04363632202148,5,10,0.869565188884735,0.876811623573303,1,1,14,1.08000004291534,18.3600007295609
03,2018-03-22,23080760,0,Definitivo,SAN ROQUE [23080760],Pluviométrica,Convencional,Activa,Antioquia,San Roque,6.4875,-75.017,820,5/15/1975,,Monchia,Magdalena Cauca,Medio Magdalena,Río Nare,2018,22,Andes,Definitivo,0,0,0,4.07843732833862,4.07843732833862,4.60899782180786,26.7142601013184,12.0759963989258,3.05454540252686,6.04363632202148,5,10,0.869565188884735,0.876811623573303,1,1,17,1.08000004291534,0
03,2018-03-21,23080760,4,Definitivo,SAN ROQUE [23080760],Pluviométrica,Convencional,Activa,Antioquia,San Roque,6.4875,-75.017,820,5/15/1975,,Monchia,Magdalena Cauca,Medio Magdalena,Río Nare,2018,21,Andes,Definitivo,4,4,0,5.77944374084473,5.77944374084473,13.8269929885864,10.051100730896,18.1327304840088,3.05454540252686,6.04363632202148,5,10,0.869565188884735,0.876811623573303,1,1,17,1.08000004291534,4.32000017166138
03,2019-03-19,23080760,0,Definitivo,SAN ROQUE [23080760],Pluviométrica,Convencional,Activa,Antioquia,San Roque,6.4875,-75.017,820,5/15/1975,,Monchia,Magdalena Cauca,Medio Magdalena,Río Nare,2019,19,Andes,Definitivo,0,0,0,14.4044933319092,14.4044933319092,23.6334266662598,39.8390197753906,46.1795158386231,3.05454540252686,6.04363632202148,5,10,0.869565188884735,0.876811623573303,1,1,16,1.08000004291534,0
03,2017-03-19,23080760,12,Definitivo,SAN ROQUE [23080760],Pluviométrica,Convencional,Activa,Antioquia,San Roque,6.4875,-75.017,820,5/15/1975,,Monchia,Magdalena Cauca,Medio Magdalena,Río Nare,2017,19,Andes,Definitivo,12,12,0,1.29780673980713,1.29780673980713,0,3.07472252845764,6.48720073699951,3.05454540252686,6.04363632202148,5,10,0.869565188884735,0.876811623573303,1,1,16,1.08000004291534,12.9600005149841
03,2015-03-20,23080760,25,Definitivo,SAN ROQUE [23080760],Pluviométrica,Convencional,Activa,Antioquia,San Roque,6.4875,-75.017,820,5/15/1975,,Monchia,Magdalena Cauca,Medio Magdalena,Río Nare,2015,20,Andes,Definitivo,25,25,0,5.19954824447632,5.19954824447632,0,20.1609973907471,24.0201435089111,3.05454540252686,6.04363632202148,5,10,0.869565188884735,0.876811623573303,1,1,16,1.08000004291534,27.0000010728836
03,2017-03-14,23080760,40,Definitivo,SAN ROQUE [23080760],Pluviométrica,Convencional,Activa,Antioquia,San Roque,6.4875,-75.017,820,5/15/1975,,Monchia,Magdalena Cauca,Medio Magdalena,Río Nare,2017,14,Andes,Definitivo,40,40,0,6.50613355636597,6.50613355636597,6.83292675018311,5.69413137435913,0.960630238056183,3.05454540252686,6.04363632202148,5,10,0.869565188884735,0.876811623573303,1,1,15,1.08000004291534,43.2000017166138
03,2017-03-15,23080760,25,Definitivo,SAN ROQUE [23080760],Pluviométrica,Convencional,Activa,Antioquia,San Roque,6.4875,-75.017,820,5/15/1975,,Monchia,Magdalena Cauca,Medio Magdalena,Río Nare,2017,15,Andes,Definitivo,25,25,0,7.01662445068359,7.01662445068359,6.83292675018311,18.2530517578125,7.33104991912842,3.05454540252686,6.04363632202148,5,10,0.869565188884735,0.876811623573303,1,1,15,1.08000004291534,27.0000010728836
03,2018-03-13,23080760,0,Definitivo,SAN ROQUE [23080760],Pluviométrica,Convencional,Activa,Antioquia,San Roque,6.4875,-75.017,820,5/15/1975,,Monchia,Magdalena Cauca,Medio Magdalena,Río Nare,2018,13,Andes,Definitivo,0,0,0,0.684688687324524,0.684688687324524,8.4608325958252,0,0,3.05454540252686,6.04363632202148,5,10,0.869565188884735,0.876811623573303,1,1,15,1.08000004291534,0
03,2020-03-07,23080760,0,Definitivo,SAN ROQUE [23080760],Pluviométrica,Convencional,Activa,Antioquia,San Roque,6.4875,-75.017,820,5/15/1975,,Monchia,Magdalena Cauca,Medio Magdalena,Río Nare,2020,07,Andes,Definitivo,0,0,0,0.508374810218811,0.508374810218811,0,8.17378234863281,0.217528775334358,3.05454540252686,6.04363632202148,5,10,0.869565188884735,0.876811623573303,1,1,14,1.08000004291534,0
03,2020-03-08,23080760,0,Definitivo,SAN ROQUE [23080760],Pluviométrica,Convencional,Activa,Antioquia,San Roque,6.4875,-75.017,820,5/15/1975,,Monchia,Magdalena Cauca,Medio Magdalena,Río Nare,2020,08,Andes,Definitivo,0,0,0,2.80715942382813,2.80715942382813,0,8.96445178985596,0,3.05454540252686,6.04363632202148,5,10,0.869565188884735,0.876811623573303,1,1,14,1.08000004291534,0
03,2021-03-06,23080760,10,Definitivo,SAN ROQUE [23080760],Pluviométrica,Convencional,Activa,Antioquia,San Roque,6.4875,-75.017,820,5/15/1975,,Monchia,Magdalena Cauca,Medio Magdalena,Río Nare,2021,06,Andes,Definitivo,10,10,0,2.5832314491272,2.5832314491272,0,10.5614347457886,0,3.05454540252686,6.04363632202148,5,10,0.869565188884735,0.876811623573303,1,1,14,1.08000004291534,10.8000004291534
03,2004-03-09,23080760,0,Definitivo,SAN ROQUE [23080760],Pluviométrica,Convencional,Activa,Antioquia,San Roque,6.4875,-75.017,820,5/15/1975,,Monchia,Magdalena Cauca,Medio Magdalena,Río Nare,2004,09,Andes,Definitivo,0,0,0,2.72954368591309,2.72954368591309,0,7.12029314041138,0.47512286901474,3.05454540252686,6.04363632202148,5,10,0.869565188884735,0.876811623573303,1,1,14,1.08000004291534,0
03,2017-03-21,23080760,5,Definitivo,SAN ROQUE [23080760],Pluviométrica,Convencional,Activa,Antioquia,San Roque,6.4875,-75.017,820,5/15/1975,,Monchia,Magdalena Cauca,Medio Magdalena,Río Nare,2017,21,Andes,Definitivo,5,5,0,2.83713984489441,2.83713984489441,0,10.4666433334351,0.280765950679779,3.05454540252686,6.04363632202148,5,10,0.869565188884735,0.876811623573303,1,1,17,1.08000004291534,5.40000021457672
03,2005-03-06,23080760,0,Definitivo,SAN ROQUE [23080760],Pluviométrica,Convencional,Activa,Antioquia,San Roque,6.4875,-75.017,820,5/15/1975,,Monchia,Magdalena Cauca,Medio Magdalena,Río Nare,2005,06,Andes,Definitivo,0,0,0,1.75761187076569,1.75761187076569,0,0,0,3.05454540252686,6.04363632202148,5,10,0.869565188884735,0.876811623573303,1,1,14,1.08000004291534,0
03,2007-03-08,23080760,16,Definitivo,SAN ROQUE [23080760],Pluviométrica,Convencional,Activa,Antioquia,San Roque,6.4875,-75.017,820,5/15/1975,,Monchia,Magdalena Cauca,Medio Magdalena,Río Nare,2007,08,Andes,Definitivo,16,16,0,3.24027800559998,3.24027800559998,24.9568576812744,29.9947204589844,30.5966243743897,3.05454540252686,6.04363632202148,5,10,0.869565188884735,0.876811623573303,1,1,14,1.08000004291534,17.2800006866455
03,2007-03-09,23080760,9,Definitivo,SAN ROQUE [23080760],Pluviométrica,Convencional,Activa,Antioquia,San Roque,6.4875,-75.017,820,5/15/1975,,Monchia,Magdalena Cauca,Medio Magdalena,Río Nare,2007,09,Andes,Definitivo,9,9,0,4.26869201660156,4.26869201660156,24.9568576812744,19.9303340911865,52.3410034179688,3.05454540252686,6.04363632202148,5,10,0.869565188884735,0.876811623573303,1,1,14,1.08000004291534,9.7200003862381
03,2001-03-25,23080760,10,Definitivo,SAN ROQUE [23080760],Pluviométrica,Convencional,Activa,Antioquia,San Roque,6.4875,-75.017,820,5/15/1975,,Monchia,Magdalena Cauca,Medio Magdalena,Río Nare,2001,25,Andes,Definitivo,10,10,0,9.72312450408936,9.72312450408936,14.5173540115356,11.3518362045288,5.60855102539063,3.05454540252686,6.04363632202148,5,10,0.869565188884735,0.876811623573303,1,1,17,1.08000004291534,10.8000004291534
03,2002-03-23,23080760,98,Definitivo,SAN ROQUE [23080760],Pluviométrica,Convencional,Activa,Antioquia,San Roque,6.4875,-75.017,820,5/15/1975,,Monchia,Magdalena Cauca,Medio Magdalena,Río Nare,2002,23,Andes,Definitivo,98,98,0,7.30313777923584,7.30313777923584,12.4557733535767,10.7974052429199,31.6635074615479,3.05454540252686,6.04363632202148,5,10,0.869565188884735,0.876811623573303,1,1,17,1.08000004291534,105.840004205704
03,2003-03-21,23080760,45,Definitivo,SAN ROQUE [23080760],Pluviométrica,Convencional,Activa,Antioquia,San Roque,6.4875,-75.017,820,5/15/1975,,Monchia,Magdalena Cauca,Medio Magdalena,Río Nare,2003,21,Andes,Definitivo,45,45,0,2.79601097106934,2.79601097106934,10.092698097229,8.29646873474121,20.3881797790527,3.05454540252686,6.04363632202148,5,10,0.869565188884735,0.876811623573303,1,1,17,1.08000004291534,48.6000019311905
03,2004-03-18,23080760,,"",SAN ROQUE [23080760],Pluviométrica,Convencional,Activa,Antioquia,San Roque,6.4875,-75.017,820,5/15/1975,,Monchia,Magdalena Cauca,Medio Magdalena,Río Nare,2004,18,Andes,Preliminar,0,0,0,1.33109366893768,1.33109366893768,0,0,0,3.05454540252686,6.04363632202148,5,10,0.869565188884735,0.876811623573303,1,1,16,1.08000004291534,0
03,2002-03-19,23080760,12,Definitivo,SAN ROQUE [23080760],Pluviométrica,Convencional,Activa,Antioquia,San Roque,6.4875,-75.017,820,5/15/1975,,Monchia,Magdalena Cauca,Medio Magdalena,Río Nare,2002,19,Andes,Definitivo,12,12,0,22.0516128540039,22.0516128540039,26.0174026489258,44.6274642944336,20.5191402435303,3.05454540252686,6.04363632202148,5,10,0.869565188884735,0.876811623573303,1,1,16,1.08000004291534,12.9600005149841
03,2002-03-18,23080760,15,Definitivo,SAN ROQUE [23080760],Pluviométrica,Convencional,Activa,Antioquia,San Roque,6.4875,-75.017,820,5/15/1975,,Monchia,Magdalena Cauca,Medio Magdalena,Río Nare,2002,18,Andes,Definitivo,15,15,0,7.44158506393433,7.44158506393433,10.4069604873657,2.42158460617065,35.6750946044922,3.05454540252686,6.04363632202148,5,10,0.869565188884735,0.876811623573303,1,1,16,1.08000004291534,16.2000006437302
03,2004-03-14,23080760,6,Definitivo,SAN ROQUE [23080760],Pluviométrica,Convencional,Activa,Antioquia,San Roque,6.4875,-75.017,820,5/15/1975,,Monchia,Magdalena Cauca,Medio Magdalena,Río Nare,2004,14,Andes,Definitivo,6,6,0,1.31625890731812,1.31625890731812,0,0.747631251811981,0.0216506011784077,3.05454540252686,6.04363632202148,5,10,0.869565188884735,0.876811623573303,1,1,15,1.08000004291534,6.48000025749207
03,2002-03-13,23080760,43,Definitivo,SAN ROQUE [23080760],Pluviométrica,Convencional,Activa,Antioquia,San Roque,6.4875,-75.017,820,5/15/1975,,Monchia,Magdalena Cauca,Medio Magdalena,Río Nare,2002,13,Andes,Definitivo,43,43,0,4.42864465713501,4.42864465713501,0,6.70250415802002,0.0689663216471672,3.05454540252686,6.04363632202148,5,10,0.869565188884735,0.876811623573303,1,1,15,1.08000004291534,46.4400018453598
03,2014-03-23,23080760,12,Definitivo,SAN ROQUE [23080760],Pluviométrica,Convencional,Activa,Antioquia,San Roque,6.4875,-75.017,820,5/15/1975,,Monchia,Magdalena Cauca,Medio Magdalena,Río Nare,2014,23,Andes,Definitivo,12,12,0,0.967050433158875,0.967050433158875,0,6.11532306671143,6.01003170013428,3.05454540252686,6.04363632202148,5,10,0.869565188884735,0.876811623573303,1,1,17,1.08000004291534,12.9600005149841
03,2003-03-11,23080760,18,Definitivo,SAN ROQUE [23080760],Pluviométrica,Convencional,Activa,Antioquia,San Roque,6.4875,-75.017,820,5/15/1975,,Monchia,Magdalena Cauca,Medio Magdalena,Río Nare,2003,11,Andes,Definitivo,18,18,0,4.57165813446045,4.57165813446045,0,7.82645273208618,4.31954574584961,3.05454540252686,6.04363632202148,5,10,0.869565188884735,0.876811623573303,1,1,15,1.08000004291534,19.4400007724762
03,2017-03-22,23080760,70,Definitivo,SAN ROQUE [23080760],Pluviométrica,Convencional,Activa,Antioquia,San Roque,6.4875,-75.017,820,5/15/1975,,Monchia,Magdalena Cauca,Medio Magdalena,Río Nare,2017,22,Andes,Definitivo,70,70,0,1.58441066741943,1.58441066741943,0,17.8271903991699,4.9436616897583,3.05454540252686,6.04363632202148,5,10,0.869565188884735,0.876811623573303,1,1,17,1.08000004291534,75.6000030040741
03,2017-03-23,23080760,50,Definitivo,SAN ROQUE [23080760],Pluviométrica,Convencional,Activa,Antioquia,San Roque,6.4875,-75.017,820,5/15/1975,,Monchia,Magdalena Cauca,Medio Magdalena,Río Nare,2017,23,Andes,Definitivo,50,50,0,8.26288795471191,8.26288795471191,39.4362831115723,28.4899654388428,99.8504409790039,3.05454540252686,6.04363632202148,5,10,0.869565188884735,0.876811623573303,1,1,17,1.08000004291534,54.0000021457672
03,2016-03-20,23080760,0,Definitivo,SAN ROQUE [23080760],Pluviométrica,Convencional,Activa,Antioquia,San Roque,6.4875,-75.017,820,5/15/1975,,Monchia,Magdalena Cauca,Medio Magdalena,Río Nare,2016,20,Andes,Definitivo,0,0,0,1.48971891403198,1.48971891403198,12.7277250289917,9.18494892120361,18.4532299041748,3.05454540252686,6.04363632202148,5,10,0.869565188884735,0.876811623573303,1,1,16,1.08000004291534,0
03,2012-03-07,23080760,,"",SAN ROQUE [23080760],Pluviométrica,Convencional,Activa,Antioquia,San Roque,6.4875,-75.017,820,5/15/1975,,Monchia,Magdalena Cauca,Medio Magdalena,Río Nare,2012,07,Andes,Preliminar,0,0,0,2.57769346237183,2.57769346237183,5.05270719528198,9.1917610168457,6.84936141967773,3.05454540252686,6.04363632202148,5,10,0.869565188884735,0.876811623573303,1,1,14,1.08000004291534,0
03,2014-03-09,23080760,12,Definitivo,SAN ROQUE [23080760],Pluviométrica,Convencional,Activa,Antioquia,San Roque,6.4875,-75.017,820,5/15/1975,,Monchia,Magdalena Cauca,Medio Magdalena,Río Nare,2014,09,Andes,Definitivo,12,12,0,6.40915870666504,6.40915870666504,0,8.19001007080078,13.6422462463379,3.05454540252686,6.04363632202148,5,10,0.869565188884735,0.876811623573303,1,1,14,1.08000004291534,12.9600005149841
03,2014-03-10,23080760,0,Definitivo,SAN ROQUE [23080760],Pluviométrica,Convencional,Activa,Antioquia,San Roque,6.4875,-75.017,820,5/15/1975,,Monchia,Magdalena Cauca,Medio Magdalena,Río Nare,2014,10,Andes,Definitivo,0,0,0,3.10649991035461,3.10649991035461,0,5.96899795532227,0.128789722919464,3.05454540252686,6.04363632202148,5,10,0.869565188884735,0.876811623573303,1,1,14,1.08000004291534,0
03,2013-03-14,23080760,2,Definitivo,SAN ROQUE [23080760],Pluviométrica,Convencional,Activa,Antioquia,San Roque,6.4875,-75.017,820,5/15/1975,,Monchia,Magdalena Cauca,Medio Magdalena,Río Nare,2013,14,Andes,Definitivo,2,2,0,3.31215190887451,3.31215190887451,15.7036914825439,22.0825214385986,34.8976860046387,3.05454540252686,6.04363632202148,5,10,0.869565188884735,0.876811623573303,1,1,15,1.08000004291534,2.16000008583069
03,2012-03-18,23080760,37,Definitivo,SAN ROQUE [23080760],Pluviométrica,Convencional,Activa,Antioquia,San Roque,6.4875,-75.017,820,5/15/1975,,Monchia,Magdalena Cauca,Medio Magdalena,Río Nare,2012,18,Andes,Definitivo,37,37,0,5.10221576690674,5.10221576690674,0,14.8523540496826,1.27481961250305,3.05454540252686,6.04363632202148,5,10,0.869565188884735,0.876811623573303,1,1,16,1.08000004291534,39.9600015878677
03,2012-03-19,23080760,10,Definitivo,SAN ROQUE [23080760],Pluviométrica,Convencional,Activa,Antioquia,San Roque,6.4875,-75.017,820,5/15/1975,,Monchia,Magdalena Cauca,Medio Magdalena,Río Nare,2012,19,Andes,Definitivo,10,10,0,23.4612636566162,23.4612636566162,13.3719425201416,28.1238136291504,5.91977405548096,3.05454540252686,6.04363632202148,5,10,0.869565188884735,0.876811623573303,1,1,16,1.08000004291534,10.8000004291534
03,2012-03-20,23080760,48,Definitivo,SAN ROQUE [23080760],Pluviométrica,Convencional,Activa,Antioquia,San Roque,6.4875,-75.017,820,5/15/1975,,Monchia,Magdalena Cauca,Medio Magdalena,Río Nare,2012,20,Andes,Definitivo,48,48,0,8.10962104797363,8.10962104797363,6.6859712600708,31.593074798584,14.2035627365112,3.05454540252686,6.04363632202148,5,10,0.869565188884735,0.876811623573303,1,1,16,1.08000004291534,51.8400020599365
03,2014-03-22,23080760,12,Definitivo,SAN ROQUE [23080760],Pluviométrica,Convencional,Activa,Antioquia,San Roque,6.4875,-75.017,820,5/15/1975,,Monchia,Magdalena Cauca,Medio Magdalena,Río Nare,2014,22,Andes,Definitivo,12,12,0,4.16111850738525,4.16111850738525,12.207236289978,9.47016048431396,11.0037498474121,3.05454540252686,6.04363632202148,5,10,0.869565188884735,0.876811623573303,1,1,17,1.08000004291534,12.9600005149841
03,2022-03-03,23080760,11,Definitivo,SAN ROQUE [23080760],Pluviométrica,Convencional,Activa,Antioquia,San Roque,6.4875,-75.017,820,5/15/1975,,Monchia,Magdalena Cauca,Medio Magdalena,Río Nare,2022,03,Andes,Definitivo,11,11,0,1.98336136341095,1.98336136341095,0,18.0075531005859,6.70616769790649,3.05454540252686,6.04363632202148,5,10,0.869565188884735,0.876811623573303,1,1,13,1.08000004291534,11.8800004720688
03,2012-03-22,23080760,1,Definitivo,SAN ROQUE [23080760],Pluviométrica,Convencional,Activa,Antioquia,San Roque,6.4875,-75.017,820,5/15/1975,,Monchia,Magdalena Cauca,Medio Magdalena,Río Nare,2012,22,Andes,Definitivo,1,1,0,7.62183094024658,7.62183094024658,9.88818264007568,12.1505336761475,25.0752410888672,3.05454540252686,6.04363632202148,5,10,0.869565188884735,0.876811623573303,1,1,17,1.08000004291534,1.08000004291534
03,2002-03-10,23080760,,"",SAN ROQUE [23080760],Pluviométrica,Convencional,Activa,Antioquia,San Roque,6.4875,-75.017,820,5/15/1975,,Monchia,Magdalena Cauca,Medio Magdalena,Río Nare,2002,10,Andes,Preliminar,0,0,0,1.31909012794495,1.31909012794495,0,2.52487373352051,0,3.05454540252686,6.04363632202148,5,10,0.869565188884735,0.876811623573303,1,1,14,1.08000004291534,0
03,2003-03-06,23080760,,"",SAN ROQUE [23080760],Pluviométrica,Convencional,Activa,Antioquia,San Roque,6.4875,-75.017,820,5/15/1975,,Monchia,Magdalena Cauca,Medio Magdalena,Río Nare,2003,06,Andes,Preliminar,0,0,0,2.08793234825134,2.08793234825134,0,0,0,3.05454540252686,6.04363632202148,5,10,0.869565188884735,0.876811623573303,1,1,14,1.08000004291534,0
03,2005-03-07,23080760,,"",SAN ROQUE [23080760],Pluviométrica,Convencional,Activa,Antioquia,San Roque,6.4875,-75.017,820,5/15/1975,,Monchia,Magdalena Cauca,Medio Magdalena,Río Nare,2005,07,Andes,Preliminar,0,0,0,2.45023012161255,2.45023012161255,0,0,0,3.05454540252686,6.04363632202148,5,10,0.869565188884735,0.876811623573303,1,1,14,1.08000004291534,0
03,2017-03-18,23080760,0,Definitivo,SAN ROQUE [23080760],Pluviométrica,Convencional,Activa,Antioquia,San Roque,6.4875,-75.017,820,5/15/1975,,Monchia,Magdalena Cauca,Medio Magdalena,Río Nare,2017,18,Andes,Definitivo,0,0,0,1.35393452644348,1.35393452644348,0,1.40428304672241,0,3.05454540252686,6.04363632202148,5,10,0.869565188884735,0.876811623573303,1,1,16,1.08000004291534,0
03,2015-03-19,23080760,39,Definitivo,SAN ROQUE [23080760],Pluviométrica,Convencional,Activa,Antioquia,San Roque,6.4875,-75.017,820,5/15/1975,,Monchia,Magdalena Cauca,Medio Magdalena,Río Nare,2015,19,Andes,Definitivo,39,39,0,3.35081934928894,3.35081934928894,11.4148111343384,25.7638454437256,44.0901184082031,3.05454540252686,6.04363632202148,5,10,0.869565188884735,0.876811623573303,1,1,16,1.08000004291534,42.1200016736984
03,2016-03-16,23080760,31,Definitivo,SAN ROQUE [23080760],Pluviométrica,Convencional,Activa,Antioquia,San Roque,6.4875,-75.017,820,5/15/1975,,Monchia,Magdalena Cauca,Medio Magdalena,Río Nare,2016,16,Andes,Definitivo,31,31,0,2.09031772613525,2.09031772613525,0,3.45417857170105,0,3.05454540252686,6.04363632202148,5,10,0.869565188884735,0.876811623573303,1,1,16,1.08000004291534,33.4800013303757
03,2018-03-11,23080760,0,Definitivo,SAN ROQUE [23080760],Pluviométrica,Convencional,Activa,Antioquia,San Roque,6.4875,-75.017,820,5/15/1975,,Monchia,Magdalena Cauca,Medio Magdalena,Río Nare,2018,11,Andes,Definitivo,0,0,0,0,0,0,0,0,3.05454540252686,6.04363632202148,5,10,0.869565188884735,0.876811623573303,1,1,15,1.08000004291534,0
03,2018-03-12,23080760,12,Definitivo,SAN ROQUE [23080760],Pluviométrica,Convencional,Activa,Antioquia,San Roque,6.4875,-75.017,820,5/15/1975,,Monchia,Magdalena Cauca,Medio Magdalena,Río Nare,2018,12,Andes,Definitivo,12,12,0,0.131955340504646,0.131955340504646,0,0,0,3.05454540252686,6.04363632202148,5,10,0.869565188884735,0.876811623573303,1,1,15,1.08000004291534,12.9600005149841
03,2019-03-10,23080760,1,Definitivo,SAN ROQUE [23080760],Pluviométrica,Convencional,Activa,Antioquia,San Roque,6.4875,-75.017,820,5/15/1975,,Monchia,Magdalena Cauca,Medio Magdalena,Río Nare,2019,10,Andes,Definitivo,1,1,0,5.18284225463867,5.18284225463867,0,5.53665542602539,3.46363306045532,3.05454540252686,6.04363632202148,5,10,0.869565188884735,0.876811623573303,1,1,14,1.08000004291534,1.08000004291534
03,2021-03-04,23080760,20,Definitivo,SAN ROQUE [23080760],Pluviométrica,Convencional,Activa,Antioquia,San Roque,6.4875,-75.017,820,5/15/1975,,Monchia,Magdalena Cauca,Medio Magdalena,Río Nare,2021,04,Andes,Definitivo,20,20,0,6.02719354629517,6.02719354629517,15.7202863693237,7.26338768005371,25.5264148712158,3.05454540252686,6.04363632202148,5,10,0.869565188884735,0.876811623573303,1,1,13,1.08000004291534,21.6000008583069
03,2021-03-05,23080760,0,Definitivo,SAN ROQUE [23080760],Pluviométrica,Convencional,Activa,Antioquia,San Roque,6.4875,-75.017,820,5/15/1975,,Monchia,Magdalena Cauca,Medio Magdalena,Río Nare,2021,05,Andes,Definitivo,0,0,0,1.47047913074493,1.47047913074493,7.86014318466187,12.3030281066895,2.12177014350891,3.05454540252686,6.04363632202148,5,10,0.869565188884735,0.876811623573303,1,1,13,1.08000004291534,0
03,2001-03-14,23080760,,"",SAN ROQUE [23080760],Pluviométrica,Convencional,Activa,Antioquia,San Roque,6.4875,-75.017,820,5/15/1975,,Monchia,Magdalena Cauca,Medio Magdalena,Río Nare,2001,14,Andes,Preliminar,0,0,0,2.58903193473816,2.58903193473816,0,4.40968942642212,0.0121973939239979,3.05454540252686,6.04363632202148,5,10,0.869565188884735,0.876811623573303,1,1,15,1.08000004291534,0
03,2020-03-02,23080760,10,Definitivo,SAN ROQUE [23080760],Pluviométrica,Convencional,Activa,Antioquia,San Roque,6.4875,-75.017,820,5/15/1975,,Monchia,Magdalena Cauca,Medio Magdalena,Río Nare,2020,02,Andes,Definitivo,10,10,0,1.6477689743042,1.6477689743042,0,4.39763593673706,2.02069044113159,3.05454540252686,6.04363632202148,5,10,0.869565188884735,0.876811623573303,1,1,13,1.08000004291534,10.8000004291534
03,2015-03-21,23080760,18,Definitivo,SAN ROQUE [23080760],Pluviométrica,Convencional,Activa,Antioquia,San Roque,6.4875,-75.017,820,5/15/1975,,Monchia,Magdalena Cauca,Medio Magdalena,Río Nare,2015,21,Andes,Definitivo,18,18,0,2.01123452186584,2.01123452186584,12.9612264633179,12.029444694519,25.9710941314697,3.05454540252686,6.04363632202148,5,10,0.869565188884735,0.876811623573303,1,1,17,1.08000004291534,19.4400007724762
03,2015-03-22,23080760,,"",SAN ROQUE [23080760],Pluviométrica,Convencional,Activa,Antioquia,San Roque,6.4875,-75.017,820,5/15/1975,,Monchia,Magdalena Cauca,Medio Magdalena,Río Nare,2015,22,Andes,Preliminar,0,0,0,1.5588800907135,1.5588800907135,0,5.55689907073975,0.662297964096069,3.05454540252686,6.04363632202148,5,10,0.869565188884735,0.876811623573303,1,1,17,1.08000004291534,0
03,2015-03-23,23080760,15,Definitivo,SAN ROQUE [23080760],Pluviométrica,Convencional,Activa,Antioquia,San Roque,6.4875,-75.017,820,5/15/1975,,Monchia,Magdalena Cauca,Medio Magdalena,Río Nare,2015,23,Andes,Definitivo,15,15,0,1.25724947452545,1.25724947452545,0,4.25214958190918,0,3.05454540252686,6.04363632202148,5,10,0.869565188884735,0.876811623573303,1,1,17,1.08000004291534,16.2000006437302
03,2005-03-08,23080760,,"",SAN ROQUE [23080760],Pluviométrica,Convencional,Activa,Antioquia,San Roque,6.4875,-75.017,820,5/15/1975,,Monchia,Magdalena Cauca,Medio Magdalena,Río Nare,2005,08,Andes,Preliminar,0,0,0,2.54456496238709,2.54456496238709,0,0,0,3.05454540252686,6.04363632202148,5,10,0.869565188884735,0.876811623573303,1,1,14,1.08000004291534,0
03,2010-03-07,23080760,,"",SAN ROQUE [23080760],Pluviométrica,Convencional,Activa,Antioquia,San Roque,6.4875,-75.017,820,5/15/1975,,Monchia,Magdalena Cauca,Medio Magdalena,Río Nare,2010,07,Andes,Preliminar,0,0,0,2.2831335067749,2.2831335067749,19.4383659362793,5.53355598449707,1.82117116451263,3.05454540252686,6.04363632202148,5,10,0.869565188884735,0.876811623573303,1,1,14,1.08000004291534,0
03,2001-03-24,23080760,3,Definitivo,SAN ROQUE [23080760],Pluviométrica,Convencional,Activa,Antioquia,San Roque,6.4875,-75.017,820,5/15/1975,,Monchia,Magdalena Cauca,Medio Magdalena,Río Nare,2001,24,Andes,Definitivo,3,3,0,10.0977373123169,10.0977373123169,0,8.20104598999023,30.7318954467773,3.05454540252686,6.04363632202148,5,10,0.869565188884735,0.876811623573303,1,1,17,1.08000004291534,3.24000012874603
03,2002-03-22,23080760,2,Definitivo,SAN ROQUE [23080760],Pluviométrica,Convencional,Activa,Antioquia,San Roque,6.4875,-75.017,820,5/15/1975,,Monchia,Magdalena Cauca,Medio Magdalena,Río Nare,2002,22,Andes,Definitivo,2,2,0,7.05868101119995,7.05868101119995,0,27.9777069091797,0.123346634209156,3.05454540252686,6.04363632202148,5,10,0.869565188884735,0.876811623573303,1,1,17,1.08000004291534,2.16000008583069
03,2003-03-20,23080760,5,Definitivo,SAN ROQUE [23080760],Pluviométrica,Convencional,Activa,Antioquia,San Roque,6.4875,-75.017,820,5/15/1975,,Monchia,Magdalena Cauca,Medio Magdalena,Río Nare,2003,20,Andes,Definitivo,5,5,0,4.95861625671387,4.95861625671387,0,11.1423463821411,25.9568843841553,3.05454540252686,6.04363632202148,5,10,0.869565188884735,0.876811623573303,1,1,16,1.08000004291534,5.40000021457672
03,2004-03-17,23080760,0,Definitivo,SAN ROQUE [23080760],Pluviométrica,Convencional,Activa,Antioquia,San Roque,6.4875,-75.017,820,5/15/1975,,Monchia,Magdalena Cauca,Medio Magdalena,Río Nare,2004,17,Andes,Definitivo,0,0,0,1.35283541679382,1.35283541679382,0,0,0,3.05454540252686,6.04363632202148,5,10,0.869565188884735,0.876811623573303,1,1,16,1.08000004291534,0
03,2003-03-19,23080760,0,Definitivo,SAN ROQUE [23080760],Pluviométrica,Convencional,Activa,Antioquia,San Roque,6.4875,-75.017,820,5/15/1975,,Monchia,Magdalena Cauca,Medio Magdalena,Río Nare,2003,19,Andes,Definitivo,0,0,0,10.7059764862061,10.7059764862061,13.3508052825928,14.6629219055176,10.2426567077637,3.05454540252686,6.04363632202148,5,10,0.869565188884735,0.876811623573303,1,1,16,1.08000004291534,0
03,2003-03-16,23080760,0,Definitivo,SAN ROQUE [23080760],Pluviométrica,Convencional,Activa,Antioquia,San Roque,6.4875,-75.017,820,5/15/1975,,Monchia,Magdalena Cauca,Medio Magdalena,Río Nare,2003,16,Andes,Definitivo,0,0,0,4.37946748733521,4.37946748733521,6.67540264129639,17.692310333252,6.0165901184082,3.05454540252686,6.04363632202148,5,10,0.869565188884735,0.876811623573303,1,1,16,1.08000004291534,0
03,2012-03-21,23080760,28,Definitivo,SAN ROQUE [23080760],Pluviométrica,Convencional,Activa,Antioquia,San Roque,6.4875,-75.017,820,5/15/1975,,Monchia,Magdalena Cauca,Medio Magdalena,Río Nare,2012,21,Andes,Definitivo,28,28,0,3.43473863601685,3.43473863601685,9.88818264007568,24.5396022796631,9.36053943634033,3.05454540252686,6.04363632202148,5,10,0.869565188884735,0.876811623573303,1,1,17,1.08000004291534,30.2400012016296
03,2002-03-15,23080760,1,Definitivo,SAN ROQUE [23080760],Pluviométrica,Convencional,Activa,Antioquia,San Roque,6.4875,-75.017,820,5/15/1975,,Monchia,Magdalena Cauca,Medio Magdalena,Río Nare,2002,15,Andes,Definitivo,1,1,0,7.06158065795898,7.06158065795898,9.70651626586914,11.1993589401245,41.4308013916016,3.05454540252686,6.04363632202148,5,10,0.869565188884735,0.876811623573303,1,1,15,1.08000004291534,1.08000004291534
03,2002-03-12,23080760,0,Definitivo,SAN ROQUE [23080760],Pluviométrica,Convencional,Activa,Antioquia,San Roque,6.4875,-75.017,820,5/15/1975,,Monchia,Magdalena Cauca,Medio Magdalena,Río Nare,2002,12,Andes,Definitivo,0,0,0,6.68627166748047,6.68627166748047,19.4130325317383,31.4410991668701,12.6208467483521,3.05454540252686,6.04363632202148,5,10,0.869565188884735,0.876811623573303,1,1,15,1.08000004291534,0
03,2001-03-11,23080760,0,Definitivo,SAN ROQUE [23080760],Pluviométrica,Convencional,Activa,Antioquia,San Roque,6.4875,-75.017,820,5/15/1975,,Monchia,Magdalena Cauca,Medio Magdalena,Río Nare,2001,11,Andes,Definitivo,0,0,0,7.76709604263306,7.76709604263306,9.31006240844727,2.55762767791748,8.43864154815674,3.05454540252686,6.04363632202148,5,10,0.869565188884735,0.876811623573303,1,1,15,1.08000004291534,0
03,2002-03-07,23080760,,"",SAN ROQUE [23080760],Pluviométrica,Convencional,Activa,Antioquia,San Roque,6.4875,-75.017,820,5/15/1975,,Monchia,Magdalena Cauca,Medio Magdalena,Río Nare,2002,07,Andes,Preliminar,0,0,0,5.04735231399536,5.04735231399536,0,1.63769447803497,6.6359076499939,3.05454540252686,6.04363632202148,5,10,0.869565188884735,0.876811623573303,1,1,14,1.08000004291534,0
03,2014-03-20,23080760,4,Definitivo,SAN ROQUE [23080760],Pluviométrica,Convencional,Activa,Antioquia,San Roque,6.4875,-75.017,820,5/15/1975,,Monchia,Magdalena Cauca,Medio Magdalena,Río Nare,2014,20,Andes,Definitivo,4,4,0,1.13909685611725,1.13909685611725,0,0.347589075565338,7.51892232894898,3.05454540252686,6.04363632202148,5,10,0.869565188884735,0.876811623573303,1,1,16,1.08000004291534,4.32000017166138
03,2015-03-18,23080760,10,Definitivo,SAN ROQUE [23080760],Pluviométrica,Convencional,Activa,Antioquia,San Roque,6.4875,-75.017,820,5/15/1975,,Monchia,Magdalena Cauca,Medio Magdalena,Río Nare,2015,18,Andes,Definitivo,10,10,0,13.6717491149902,13.6717491149902,22.8296222686768,21.6526165008545,15.1155376434326,3.05454540252686,6.04363632202148,5,10,0.869565188884735,0.876811623573303,1,1,16,1.08000004291534,10.8000004291534
03,2012-03-08,23080760,15,Definitivo,SAN ROQUE [23080760],Pluviométrica,Convencional,Activa,Antioquia,San Roque,6.4875,-75.017,820,5/15/1975,,Monchia,Magdalena Cauca,Medio Magdalena,Río Nare,2012,08,Andes,Definitivo,15,15,0,3.94369840621948,3.94369840621948,0,2.11081957817078,0.0494611114263535,3.05454540252686,6.04363632202148,5,10,0.869565188884735,0.876811623573303,1,1,14,1.08000004291534,16.2000006437302
03,2015-03-07,23080760,0,Definitivo,SAN ROQUE [23080760],Pluviométrica,Convencional,Activa,Antioquia,San Roque,6.4875,-75.017,820,5/15/1975,,Monchia,Magdalena Cauca,Medio Magdalena,Río Nare,2015,07,Andes,Definitivo,0,0,0,2.73689985275269,2.73689985275269,7.49603366851807,3.47574377059937,4.87504100799561,3.05454540252686,6.04363632202148,5,10,0.869565188884735,0.876811623573303,1,1,14,1.08000004291534,0
03,2014-03-11,23080760,0,Definitivo,SAN ROQUE [23080760],Pluviométrica,Convencional,Activa,Antioquia,San Roque,6.4875,-75.017,820,5/15/1975,,Monchia,Magdalena Cauca,Medio Magdalena,Río Nare,2014,11,Andes,Definitivo,0,0,0,1.58673965930939,1.58673965930939,0,4.89203977584839,7.88208246231079,3.05454540252686,6.04363632202148,5,10,0.869565188884735,0.876811623573303,1,1,15,1.08000004291534,0
03,2013-03-15,23080760,1,Definitivo,SAN ROQUE [23080760],Pluviométrica,Convencional,Activa,Antioquia,San Roque,6.4875,-75.017,820,5/15/1975,,Monchia,Magdalena Cauca,Medio Magdalena,Río Nare,2013,15,Andes,Definitivo,1,1,0,9.91566276550293,9.91566276550293,0,18.3479156494141,6.96664428710938,3.05454540252686,6.04363632202148,5,10,0.869565188884735,0.876811623573303,1,1,15,1.08000004291534,1.08000004291534
03,2013-03-16,23080760,15,Definitivo,SAN ROQUE [23080760],Pluviométrica,Convencional,Activa,Antioquia,San Roque,6.4875,-75.017,820,5/15/1975,,Monchia,Magdalena Cauca,Medio Magdalena,Río Nare,2013,16,Andes,Definitivo,15,15,0,3.09534525871277,3.09534525871277,0,10.8979864120483,0,3.05454540252686,6.04363632202148,5,10,0.869565188884735,0.876811623573303,1,1,16,1.08000004291534,16.2000006437302
03,2013-03-17,23080760,46,Definitivo,SAN ROQUE [23080760],Pluviométrica,Convencional,Activa,Antioquia,San Roque,6.4875,-75.017,820,5/15/1975,,Monchia,Magdalena Cauca,Medio Magdalena,Río Nare,2013,17,Andes,Definitivo,46,46,0,2.66660857200623,2.66660857200623,12.5830793380737,14.2323989868164,41.2913475036621,3.05454540252686,6.04363632202148,5,10,0.869565188884735,0.876811623573303,1,1,16,1.08000004291534,49.6800019741058
03,2022-03-02,23080760,0,Definitivo,SAN ROQUE [23080760],Pluviométrica,Convencional,Activa,Antioquia,San Roque,6.4875,-75.017,820,5/15/1975,,Monchia,Magdalena Cauca,Medio Magdalena,Río Nare,2022,02,Andes,Definitivo,0,0,0,10.6758852005005,10.6758852005005,35.5195503234863,13.3863887786865,27.7692642211914,3.05454540252686,6.04363632202148,5,10,0.869565188884735,0.876811623573303,1,1,13,1.08000004291534,0
03,2013-03-18,23080760,4,Definitivo,SAN ROQUE [23080760],Pluviométrica,Convencional,Activa,Antioquia,San Roque,6.4875,-75.017,820,5/15/1975,,Monchia,Magdalena Cauca,Medio Magdalena,Río Nare,2013,18,Andes,Definitivo,4,4,0,6.52446222305298,6.52446222305298,25.1661586761475,18.9766063690186,31.2559967041016,3.05454540252686,6.04363632202148,5,10,0.869565188884735,0.876811623573303,1,1,16,1.08000004291534,4.32000017166138
03,2013-03-19,23080760,2,Definitivo,SAN ROQUE [23080760],Pluviométrica,Convencional,Activa,Antioquia,San Roque,6.4875,-75.017,820,5/15/1975,,Monchia,Magdalena Cauca,Medio Magdalena,Río Nare,2013,19,Andes,Definitivo,2,2,0,14.4169139862061,14.4169139862061,6.29153966903687,12.1161050796509,1.17260599136353,3.05454540252686,6.04363632202148,5,10,0.869565188884735,0.876811623573303,1,1,16,1.08000004291534,2.16000008583069
03,2013-03-20,23080760,,"",SAN ROQUE [23080760],Pluviométrica,Convencional,Activa,Antioquia,San Roque,6.4875,-75.017,820,5/15/1975,,Monchia,Magdalena Cauca,Medio Magdalena,Río Nare,2013,20,Andes,Preliminar,0,0,0,3.60813188552856,3.60813188552856,6.29153966903687,17.8668441772461,0.369991958141327,3.05454540252686,6.04363632202148,5,10,0.869565188884735,0.876811623573303,1,1,16,1.08000004291534,0
03,2016-03-18,23080760,,"",SAN ROQUE [23080760],Pluviométrica,Convencional,Activa,Antioquia,San Roque,6.4875,-75.017,820,5/15/1975,,Monchia,Magdalena Cauca,Medio Magdalena,Río Nare,2016,18,Andes,Preliminar,0,0,0,1.37350916862488,1.37350916862488,0,12.5003871917725,0.0995733737945557,3.05454540252686,6.04363632202148,5,10,0.869565188884735,0.876811623573303,1,1,16,1.08000004291534,0
03,2006-03-04,23080760,24,Definitivo,SAN ROQUE [23080760],Pluviométrica,Convencional,Activa,Antioquia,San Roque,6.4875,-75.017,820,5/15/1975,,Monchia,Magdalena Cauca,Medio Magdalena,Río Nare,2006,04,Andes,Definitivo,24,24,0,3.4668140411377,3.4668140411377,0,6.46166706085205,8.42386627197266,3.05454540252686,6.04363632202148,5,10,0.869565188884735,0.876811623573303,1,1,13,1.08000004291534,25.9200010299683
03,2006-03-05,23080760,32,Definitivo,SAN ROQUE [23080760],Pluviométrica,Convencional,Activa,Antioquia,San Roque,6.4875,-75.017,820,5/15/1975,,Monchia,Magdalena Cauca,Medio Magdalena,Río Nare,2006,05,Andes,Definitivo,32,32,0,4.07942342758179,4.07942342758179,0,6.3249888420105,6.88467216491699,3.05454540252686,6.04363632202148,5,10,0.869565188884735,0.876811623573303,1,1,13,1.08000004291534,34.560001373291
03,2016-03-15,23080760,0,Definitivo,SAN ROQUE [23080760],Pluviométrica,Convencional,Activa,Antioquia,San Roque,6.4875,-75.017,820,5/15/1975,,Monchia,Magdalena Cauca,Medio Magdalena,Río Nare,2016,15,Andes,Definitivo,0,0,0,0.629664599895477,0.629664599895477,0,0,0,3.05454540252686,6.04363632202148,5,10,0.869565188884735,0.876811623573303,1,1,15,1.08000004291534,0
03,2017-03-13,23080760,7,Definitivo,SAN ROQUE [23080760],Pluviométrica,Convencional,Activa,Antioquia,San Roque,6.4875,-75.017,820,5/15/1975,,Monchia,Magdalena Cauca,Medio Magdalena,Río Nare,2017,13,Andes,Definitivo,7,7,0,3.97862720489502,3.97862720489502,0,10.8906240463257,5.01507329940796,3.05454540252686,6.04363632202148,5,10,0.869565188884735,0.876811623573303,1,1,15,1.08000004291534,7.56000030040741
03,2019-03-08,23080760,5,Definitivo,SAN ROQUE [23080760],Pluviométrica,Convencional,Activa,Antioquia,San Roque,6.4875,-75.017,820,5/15/1975,,Monchia,Magdalena Cauca,Medio Magdalena,Río Nare,2019,08,Andes,Definitivo,5,5,0,3.45584058761597,3.45584058761597,6.61622667312622,9.64727401733398,21.1067562103272,3.05454540252686,6.04363632202148,5,10,0.869565188884735,0.876811623573303,1,1,14,1.08000004291534,5.40000021457672
03,2019-03-09,23080760,0,Definitivo,SAN ROQUE [23080760],Pluviométrica,Convencional,Activa,Antioquia,San Roque,6.4875,-75.017,820,5/15/1975,,Monchia,Magdalena Cauca,Medio Magdalena,Río Nare,2019,09,Andes,Definitivo,0,0,0,2.2521185874939,2.2521185874939,6.61622667312622,5.14420366287231,0,3.05454540252686,6.04363632202148,5,10,0.869565188884735,0.876811623573303,1,1,14,1.08000004291534,0
03,2020-03-06,23080760,0,Definitivo,SAN ROQUE [23080760],Pluviométrica,Convencional,Activa,Antioquia,San Roque,6.4875,-75.017,820,5/15/1975,,Monchia,Magdalena Cauca,Medio Magdalena,Río Nare,2020,06,Andes,Definitivo,0,0,0,0.0315071307122707,0.0315071307122707,0,0.0292617529630661,0,3.05454540252686,6.04363632202148,5,10,0.869565188884735,0.876811623573303,1,1,14,1.08000004291534,0
03,2022-03-01,23080760,10,Definitivo,SAN ROQUE [23080760],Pluviométrica,Convencional,Activa,Antioquia,San Roque,6.4875,-75.017,820,5/15/1975,,Monchia,Magdalena Cauca,Medio Magdalena,Río Nare,2022,01,Andes,Definitivo,10,10,0,2.39188599586487,2.39188599586487,8.87988758087158,20.156005859375,18.8552780151367,3.05454540252686,6.04363632202148,5,10,0.869565188884735,0.876811623573303,1,1,13,1.08000004291534,10.8000004291534
03,2001-03-19,23080760,77,Definitivo,SAN ROQUE [23080760],Pluviométrica,Convencional,Activa,Antioquia,San Roque,6.4875,-75.017,820,5/15/1975,,Monchia,Magdalena Cauca,Medio Magdalena,Río Nare,2001,19,Andes,Definitivo,77,77,0,10.3562889099121,10.3562889099121,22.7346916198731,22.2100467681885,68.8776321411133,3.05454540252686,6.04363632202148,5,10,0.869565188884735,0.876811623573303,1,1,16,1.08000004291534,83.1600033044815
03,2020-03-01,23080760,1,Definitivo,SAN ROQUE [23080760],Pluviométrica,Convencional,Activa,Antioquia,San Roque,6.4875,-75.017,820,5/15/1975,,Monchia,Magdalena Cauca,Medio Magdalena,Río Nare,2020,01,Andes,Definitivo,1,1,0,1.36340653896332,1.36340653896332,0,1.40733289718628,1.45308065414429,3.05454540252686,6.04363632202148,5,10,0.869565188884735,0.876811623573303,1,1,13,1.08000004291534,1.08000004291534
03,2001-03-16,23080760,11,Definitivo,SAN ROQUE [23080760],Pluviométrica,Convencional,Activa,Antioquia,San Roque,6.4875,-75.017,820,5/15/1975,,Monchia,Magdalena Cauca,Medio Magdalena,Río Nare,2001,16,Andes,Definitivo,11,11,0,3.64232540130615,3.64232540130615,7.57823133468628,21.1800708770752,3.66946244239807,3.05454540252686,6.04363632202148,5,10,0.869565188884735,0.876811623573303,1,1,16,1.08000004291534,11.8800004720688
03,2003-03-13,23080760,37,Definitivo,SAN ROQUE [23080760],Pluviométrica,Convencional,Activa,Antioquia,San Roque,6.4875,-75.017,820,5/15/1975,,Monchia,Magdalena Cauca,Medio Magdalena,Río Nare,2003,13,Andes,Definitivo,37,37,0,4.64785289764404,4.64785289764404,8.49679088592529,10.2598657608032,15.2940254211426,3.05454540252686,6.04363632202148,5,10,0.869565188884735,0.876811623573303,1,1,15,1.08000004291534,39.9600015878677
03,2003-03-10,23080760,,"",SAN ROQUE [23080760],Pluviométrica,Convencional,Activa,Antioquia,San Roque,6.4875,-75.017,820,5/15/1975,,Monchia,Magdalena Cauca,Medio Magdalena,Río Nare,2003,10,Andes,Preliminar,0,0,0,4.38244533538818,4.38244533538818,0,4.43065977096558,0.00320323719643056,3.05454540252686,6.04363632202148,5,10,0.869565188884735,0.876811623573303,1,1,14,1.08000004291534,0
03,2016-03-19,23080760,8,Definitivo,SAN ROQUE [23080760],Pluviométrica,Convencional,Activa,Antioquia,San Roque,6.4875,-75.017,820,5/15/1975,,Monchia,Magdalena Cauca,Medio Magdalena,Río Nare,2016,19,Andes,Definitivo,8,8,0,4.42348527908325,4.42348527908325,0,5.2000789642334,0.190828770399094,3.05454540252686,6.04363632202148,5,10,0.869565188884735,0.876811623573303,1,1,16,1.08000004291534,8.64000034332275
03,2015-03-17,23080760,4,Definitivo,SAN ROQUE [23080760],Pluviométrica,Convencional,Activa,Antioquia,San Roque,6.4875,-75.017,820,5/15/1975,,Monchia,Magdalena Cauca,Medio Magdalena,Río Nare,2015,17,Andes,Definitivo,4,4,0,2.77084016799927,2.77084016799927,0,11.3269958496094,0.517826437950134,3.05454540252686,6.04363632202148,5,10,0.869565188884735,0.876811623573303,1,1,16,1.08000004291534,4.32000017166138
03,2008-03-06,23080760,7,Definitivo,SAN ROQUE [23080760],Pluviométrica,Convencional,Activa,Antioquia,San Roque,6.4875,-75.017,820,5/15/1975,,Monchia,Magdalena Cauca,Medio Magdalena,Río Nare,2008,06,Andes,Definitivo,7,7,0,5.77454090118408,5.77454090118408,0,6.47036600112915,16.8427600860596,3.05454540252686,6.04363632202148,5,10,0.869565188884735,0.876811623573303,1,1,14,1.08000004291534,7.56000030040741
03,2010-03-08,23080760,4,Definitivo,SAN ROQUE [23080760],Pluviométrica,Convencional,Activa,Antioquia,San Roque,6.4875,-75.017,820,5/15/1975,,Monchia,Magdalena Cauca,Medio Magdalena,Río Nare,2010,08,Andes,Definitivo,4,4,0,6.61981058120728,6.61981058120728,0,3.93844556808472,24.4440898895264,3.05454540252686,6.04363632202148,5,10,0.869565188884735,0.876811623573303,1,1,14,1.08000004291534,4.32000017166138
03,2013-03-06,23080760,,"",SAN ROQUE [23080760],Pluviométrica,Convencional,Activa,Antioquia,San Roque,6.4875,-75.017,820,5/15/1975,,Monchia,Magdalena Cauca,Medio Magdalena,Río Nare,2013,06,Andes,Preliminar,0,0,0,14.7291078567505,14.7291078567505,6.71237802505493,9.90304660797119,5.84539604187012,3.05454540252686,6.04363632202148,5,10,0.869565188884735,0.876811623573303,1,1,14,1.08000004291534,0
03,2001-03-23,23080760,0,Definitivo,SAN ROQUE [23080760],Pluviométrica,Convencional,Activa,Antioquia,San Roque,6.4875,-75.017,820,5/15/1975,,Monchia,Magdalena Cauca,Medio Magdalena,Río Nare,2001,23,Andes,Definitivo,0,0,0,1.81835067272186,1.81835067272186,0,13.8622312545776,1.791743516922,3.05454540252686,6.04363632202148,5,10,0.869565188884735,0.876811623573303,1,1,17,1.08000004291534,0
03,2002-03-21,23080760,0.1,Definitivo,SAN ROQUE [23080760],Pluviométrica,Convencional,Activa,Antioquia,San Roque,6.4875,-75.017,820,5/15/1975,,Monchia,Magdalena Cauca,Medio Magdalena,Río Nare,2002,21,Andes,Definitivo,0.1,0.1,0,14.1173620223999,14.1173620223999,7.11758422851563,30.5859909057617,20.4251842498779,3.05454540252686,6.04363632202148,5,10,0.869565188884735,0.876811623573303,1,1,17,1.08000004291534,0.108000004291534
03,2002-03-20,23080760,23,Definitivo,SAN ROQUE [23080760],Pluviométrica,Convencional,Activa,Antioquia,San Roque,6.4875,-75.017,820,5/15/1975,,Monchia,Magdalena Cauca,Medio Magdalena,Río Nare,2002,20,Andes,Definitivo,23,23,0,4.07284116744995,4.07284116744995,0,32.3271369934082,9.07417583465576,3.05454540252686,6.04363632202148,5,10,0.869565188884735,0.876811623573303,1,1,16,1.08000004291534,24.8400009870529
03,2014-03-14,23080760,0,Definitivo,SAN ROQUE [23080760],Pluviométrica,Convencional,Activa,Antioquia,San Roque,6.4875,-75.017,820,5/15/1975,,Monchia,Magdalena Cauca,Medio Magdalena,Río Nare,2014,14,Andes,Definitivo,0,0,0,2.52444195747376,2.52444195747376,0,4.28922080993652,0.0201344136148691,3.05454540252686,6.04363632202148,5,10,0.869565188884735,0.876811623573303,1,1,15,1.08000004291534,0
03,2003-03-18,23080760,14,Definitivo,SAN ROQUE [23080760],Pluviométrica,Convencional,Activa,Antioquia,San Roque,6.4875,-75.017,820,5/15/1975,,Monchia,Magdalena Cauca,Medio Magdalena,Río Nare,2003,18,Andes,Definitivo,14,14,0,5.88525342941284,5.88525342941284,33.3770141601563,17.4219379425049,31.434024810791,3.05454540252686,6.04363632202148,5,10,0.869565188884735,0.876811623573303,1,1,16,1.08000004291534,15.1200006008148
03,2014-03-15,23080760,0,Definitivo,SAN ROQUE [23080760],Pluviométrica,Convencional,Activa,Antioquia,San Roque,6.4875,-75.017,820,5/15/1975,,Monchia,Magdalena Cauca,Medio Magdalena,Río Nare,2014,15,Andes,Definitivo,0,0,0,2.02912902832031,2.02912902832031,0,4.34401512145996,7.56652450561523,3.05454540252686,6.04363632202148,5,10,0.869565188884735,0.876811623573303,1,1,15,1.08000004291534,0
03,2014-03-16,23080760,8,Definitivo,SAN ROQUE [23080760],Pluviométrica,Convencional,Activa,Antioquia,San Roque,6.4875,-75.017,820,5/15/1975,,Monchia,Magdalena Cauca,Medio Magdalena,Río Nare,2014,16,Andes,Definitivo,8,8,0,2.24566030502319,2.24566030502319,11.8085689544678,8.94153499603272,8.29835033416748,3.05454540252686,6.04363632202148,5,10,0.869565188884735,0.876811623573303,1,1,16,1.08000004291534,8.64000034332275
03,2014-03-17,23080760,2,Definitivo,SAN ROQUE [23080760],Pluviométrica,Convencional,Activa,Antioquia,San Roque,6.4875,-75.017,820,5/15/1975,,Monchia,Magdalena Cauca,Medio Magdalena,Río Nare,2014,17,Andes,Definitivo,2,2,0,1.96031177043915,1.96031177043915,11.8085689544678,6.66717529296875,14.9259405136108,3.05454540252686,6.04363632202148,5,10,0.869565188884735,0.876811623573303,1,1,16,1.08000004291534,2.16000008583069
03,2003-03-08,23080760,8,Definitivo,SAN ROQUE [23080760],Pluviométrica,Convencional,Activa,Antioquia,San Roque,6.4875,-75.017,820,5/15/1975,,Monchia,Magdalena Cauca,Medio Magdalena,Río Nare,2003,08,Andes,Definitivo,8,8,0,0,0,0,0.11753323674202,0,3.05454540252686,6.04363632202148,5,10,0.869565188884735,0.876811623573303,1,1,14,1.08000004291534,8.64000034332275
03,2004-03-03,23080760,,"",SAN ROQUE [23080760],Pluviométrica,Convencional,Activa,Antioquia,San Roque,6.4875,-75.017,820,5/15/1975,,Monchia,Magdalena Cauca,Medio Magdalena,Río Nare,2004,03,Andes,Preliminar,0,0,0,7.11845254898071,7.11845254898071,19.2954654693604,15.4009876251221,72.7103118896484,3.05454540252686,6.04363632202148,5,10,0.869565188884735,0.876811623573303,1,1,13,1.08000004291534,0
03,2016-03-14,23080760,,"",SAN ROQUE [23080760],Pluviométrica,Convencional,Activa,Antioquia,San Roque,6.4875,-75.017,820,5/15/1975,,Monchia,Magdalena Cauca,Medio Magdalena,Río Nare,2016,14,Andes,Preliminar,0,0,0,1.50895833969116,1.50895833969116,0,0,0,3.05454540252686,6.04363632202148,5,10,0.869565188884735,0.876811623573303,1,1,15,1.08000004291534,0
03,2017-03-12,23080760,4,Definitivo,SAN ROQUE [23080760],Pluviométrica,Convencional,Activa,Antioquia,San Roque,6.4875,-75.017,820,5/15/1975,,Monchia,Magdalena Cauca,Medio Magdalena,Río Nare,2017,12,Andes,Definitivo,4,4,0,10.8686695098877,10.8686695098877,47.8304901123047,20.4501342773438,51.7438201904297,3.05454540252686,6.04363632202148,5,10,0.869565188884735,0.876811623573303,1,1,15,1.08000004291534,4.32000017166138
03,2018-03-10,23080760,0,Definitivo,SAN ROQUE [23080760],Pluviométrica,Convencional,Activa,Antioquia,San Roque,6.4875,-75.017,820,5/15/1975,,Monchia,Magdalena Cauca,Medio Magdalena,Río Nare,2018,10,Andes,Definitivo,0,0,0,0.220294058322907,0.220294058322907,0,3.86512660980225,0,3.05454540252686,6.04363632202148,5,10,0.869565188884735,0.876811623573303,1,1,14,1.08000004291534,0
03,2015-03-08,23080760,0,Definitivo,SAN ROQUE [23080760],Pluviométrica,Convencional,Activa,Antioquia,San Roque,6.4875,-75.017,820,5/15/1975,,Monchia,Magdalena Cauca,Medio Magdalena,Río Nare,2015,08,Andes,Definitivo,0,0,0,2.62534546852112,2.62534546852112,0,3.28053450584412,0.0678311213850975,3.05454540252686,6.04363632202148,5,10,0.869565188884735,0.876811623573303,1,1,14,1.08000004291534,0
03,2014-03-12,23080760,0,Definitivo,SAN ROQUE [23080760],Pluviométrica,Convencional,Activa,Antioquia,San Roque,6.4875,-75.017,820,5/15/1975,,Monchia,Magdalena Cauca,Medio Magdalena,Río Nare,2014,12,Andes,Definitivo,0,0,0,1.84818613529205,1.84818613529205,0,2.6965024471283,5.30423307418823,3.05454540252686,6.04363632202148,5,10,0.869565188884735,0.876811623573303,1,1,15,1.08000004291534,0
03,2014-03-13,23080760,5,Definitivo,SAN ROQUE [23080760],Pluviométrica,Convencional,Activa,Antioquia,San Roque,6.4875,-75.017,820,5/15/1975,,Monchia,Magdalena Cauca,Medio Magdalena,Río Nare,2014,13,Andes,Definitivo,5,5,0,2.96650862693787,2.96650862693787,18.1133213043213,5.92607688903809,1.37488102912903,3.05454540252686,6.04363632202148,5,10,0.869565188884735,0.876811623573303,1,1,15,1.08000004291534,5.40000021457672
03,2017-03-03,23080760,0,Definitivo,SAN ROQUE [23080760],Pluviométrica,Convencional,Activa,Antioquia,San Roque,6.4875,-75.017,820,5/15/1975,,Monchia,Magdalena Cauca,Medio Magdalena,Río Nare,2017,03,Andes,Definitivo,0,0,0,12.5819520950317,12.5819520950317,0,9.31174564361572,1.3828604221344,3.05454540252686,6.04363632202148,5,10,0.869565188884735,0.876811623573303,1,1,13,1.08000004291534,0
03,2015-03-11,23080760,50,Definitivo,SAN ROQUE [23080760],Pluviométrica,Convencional,Activa,Antioquia,San Roque,6.4875,-75.017,820,5/15/1975,,Monchia,Magdalena Cauca,Medio Magdalena,Río Nare,2015,11,Andes,Definitivo,50,50,0,0.418773800134659,0.418773800134659,0,0.8944011926651,1.85229635238647,3.05454540252686,6.04363632202148,5,10,0.869565188884735,0.876811623573303,1,1,15,1.08000004291534,54.0000021457672
03,2001-03-20,23080760,0.1,Definitivo,SAN ROQUE [23080760],Pluviométrica,Convencional,Activa,Antioquia,San Roque,6.4875,-75.017,820,5/15/1975,,Monchia,Magdalena Cauca,Medio Magdalena,Río Nare,2001,20,Andes,Definitivo,0.1,0.1,0,6.4412088394165,6.4412088394165,7.57823133468628,14.7217931747437,5.80869150161743,3.05454540252686,6.04363632202148,5,10,0.869565188884735,0.876811623573303,1,1,16,1.08000004291534,0.108000004291534
03,2001-03-18,23080760,40,Definitivo,SAN ROQUE [23080760],Pluviométrica,Convencional,Activa,Antioquia,San Roque,6.4875,-75.017,820,5/15/1975,,Monchia,Magdalena Cauca,Medio Magdalena,Río Nare,2001,18,Andes,Definitivo,40,40,0,5.87052154541016,5.87052154541016,15.1564626693726,23.6297397613525,12.3300075531006,3.05454540252686,6.04363632202148,5,10,0.869565188884735,0.876811623573303,1,1,16,1.08000004291534,43.2000017166138
03,2001-03-15,23080760,0,Definitivo,SAN ROQUE [23080760],Pluviométrica,Convencional,Activa,Antioquia,San Roque,6.4875,-75.017,820,5/15/1975,,Monchia,Magdalena Cauca,Medio Magdalena,Río Nare,2001,15,Andes,Definitivo,0,0,0,2.62260127067566,2.62260127067566,0,2.7223002910614,1.38586187362671,3.05454540252686,6.04363632202148,5,10,0.869565188884735,0.876811623573303,1,1,15,1.08000004291534,0
03,2014-03-18,23080760,11,Definitivo,SAN ROQUE [23080760],Pluviométrica,Convencional,Activa,Antioquia,San Roque,6.4875,-75.017,820,5/15/1975,,Monchia,Magdalena Cauca,Medio Magdalena,Río Nare,2014,18,Andes,Definitivo,11,11,0,2.83850288391113,2.83850288391113,0,15.8217906951904,3.01457118988037,3.05454540252686,6.04363632202148,5,10,0.869565188884735,0.876811623573303,1,1,16,1.08000004291534,11.8800004720688
03,2014-03-19,23080760,6,Definitivo,SAN ROQUE [23080760],Pluviométrica,Convencional,Activa,Antioquia,San Roque,6.4875,-75.017,820,5/15/1975,,Monchia,Magdalena Cauca,Medio Magdalena,Río Nare,2014,19,Andes,Definitivo,6,6,0,1.20367968082428,1.20367968082428,0,2.05083990097046,0.0711394995450974,3.05454540252686,6.04363632202148,5,10,0.869565188884735,0.876811623573303,1,1,16,1.08000004291534,6.48000025749207
03,2004-03-04,23080760,,"",SAN ROQUE [23080760],Pluviométrica,Convencional,Activa,Antioquia,San Roque,6.4875,-75.017,820,5/15/1975,,Monchia,Magdalena Cauca,Medio Magdalena,Río Nare,2004,04,Andes,Preliminar,0,0,0,4.28959798812866,4.28959798812866,9.64773273468018,6.00283718109131,1.68303287029266,3.05454540252686,6.04363632202148,5,10,0.869565188884735,0.876811623573303,1,1,13,1.08000004291534,0
03,2006-03-06,23080760,52,Definitivo,SAN ROQUE [23080760],Pluviométrica,Convencional,Activa,Antioquia,San Roque,6.4875,-75.017,820,5/15/1975,,Monchia,Magdalena Cauca,Medio Magdalena,Río Nare,2006,06,Andes,Definitivo,52,52,0,6.83364915847778,6.83364915847778,12.6629314422607,19.4305953979492,10.5408916473389,3.05454540252686,6.04363632202148,5,10,0.869565188884735,0.876811623573303,1,1,14,1.08000004291534,56.1600022315979
03,2008-03-07,23080760,,"",SAN ROQUE [23080760],Pluviométrica,Convencional,Activa,Antioquia,San Roque,6.4875,-75.017,820,5/15/1975,,Monchia,Magdalena Cauca,Medio Magdalena,Río Nare,2008,07,Andes,Preliminar,0,0,0,0,0,20.0486717224121,9.85696697235107,8.89151859283447,3.05454540252686,6.04363632202148,5,10,0.869565188884735,0.876811623573303,1,1,14,1.08000004291534,0
03,2020-03-04,23080760,2,Definitivo,SAN ROQUE [23080760],Pluviométrica,Convencional,Activa,Antioquia,San Roque,6.4875,-75.017,820,5/15/1975,,Monchia,Magdalena Cauca,Medio Magdalena,Río Nare,2020,04,Andes,Definitivo,2,2,0,2.33385992050171,2.33385992050171,0,0.606419920921326,0.771949172019959,3.05454540252686,6.04363632202148,5,10,0.869565188884735,0.876811623573303,1,1,13,1.08000004291534,2.16000008583069
03,2020-03-05,23080760,0,Definitivo,SAN ROQUE [23080760],Pluviométrica,Convencional,Activa,Antioquia,San Roque,6.4875,-75.017,820,5/15/1975,,Monchia,Magdalena Cauca,Medio Magdalena,Río Nare,2020,05,Andes,Definitivo,0,0,0,0.0446554161608219,0.0446554161608219,0,0.0156450774520636,0.771949172019959,3.05454540252686,6.04363632202148,5,10,0.869565188884735,0.876811623573303,1,1,13,1.08000004291534,0
03,2021-03-03,23080760,17,Definitivo,SAN ROQUE [23080760],Pluviométrica,Convencional,Activa,Antioquia,San Roque,6.4875,-75.017,820,5/15/1975,,Monchia,Magdalena Cauca,Medio Magdalena,Río Nare,2021,03,Andes,Definitivo,17,17,0,2.47279119491577,2.47279119491577,0,3.77584743499756,7.89835357666016,3.05454540252686,6.04363632202148,5,10,0.869565188884735,0.876811623573303,1,1,13,1.08000004291534,18.3600007295609
03,2001-03-21,23080760,33,Definitivo,SAN ROQUE [23080760],Pluviométrica,Convencional,Activa,Antioquia,San Roque,6.4875,-75.017,820,5/15/1975,,Monchia,Magdalena Cauca,Medio Magdalena,Río Nare,2001,21,Andes,Definitivo,33,33,0,8.43512630462647,8.43512630462647,43.5520629882813,30.2847652435303,24.4636764526367,3.05454540252686,6.04363632202148,5,10,0.869565188884735,0.876811623573303,1,1,17,1.08000004291534,35.6400014162064
03,2016-03-06,23080760,2,Definitivo,SAN ROQUE [23080760],Pluviométrica,Convencional,Activa,Antioquia,San Roque,6.4875,-75.017,820,5/15/1975,,Monchia,Magdalena Cauca,Medio Magdalena,Río Nare,2016,06,Andes,Definitivo,2,2,0,3.20793128013611,3.20793128013611,3.96152234077454,3.79887557029724,2.72042632102966,3.05454540252686,6.04363632202148,5,10,0.869565188884735,0.876811623573303,1,1,14,1.08000004291534,2.16000008583069
03,2016-03-07,23080760,,"",SAN ROQUE [23080760],Pluviométrica,Convencional,Activa,Antioquia,San Roque,6.4875,-75.017,820,5/15/1975,,Monchia,Magdalena Cauca,Medio Magdalena,Río Nare,2016,07,Andes,Preliminar,0,0,0,2.12043166160584,2.12043166160584,3.96152234077454,2.84626293182373,0,3.05454540252686,6.04363632202148,5,10,0.869565188884735,0.876811623573303,1,1,14,1.08000004291534,0
03,2015-03-12,23080760,0,Definitivo,SAN ROQUE [23080760],Pluviométrica,Convencional,Activa,Antioquia,San Roque,6.4875,-75.017,820,5/15/1975,,Monchia,Magdalena Cauca,Medio Magdalena,Río Nare,2015,12,Andes,Definitivo,0,0,0,0.839264869689941,0.839264869689941,2.81961870193481,0.281917810440064,13.6125221252441,3.05454540252686,6.04363632202148,5,10,0.869565188884735,0.876811623573303,1,1,15,1.08000004291534,0
03,2015-03-13,23080760,5,Definitivo,SAN ROQUE [23080760],Pluviométrica,Convencional,Activa,Antioquia,San Roque,6.4875,-75.017,820,5/15/1975,,Monchia,Magdalena Cauca,Medio Magdalena,Río Nare,2015,13,Andes,Definitivo,5,5,0,0.711182653903961,0.711182653903961,0,5.99569177627564,2.56304454803467,3.05454540252686,6.04363632202148,5,10,0.869565188884735,0.876811623573303,1,1,15,1.08000004291534,5.40000021457672
03,2001-03-13,23080760,,"",SAN ROQUE [23080760],Pluviométrica,Convencional,Activa,Antioquia,San Roque,6.4875,-75.017,820,5/15/1975,,Monchia,Magdalena Cauca,Medio Magdalena,Río Nare,2001,13,Andes,Preliminar,0,0,0,0.209808096289635,0.209808096289635,0,0.419719904661179,1.69892823696136,3.05454540252686,6.04363632202148,5,10,0.869565188884735,0.876811623573303,1,1,15,1.08000004291534,0
03,2002-03-09,23080760,,"",SAN ROQUE [23080760],Pluviométrica,Convencional,Activa,Antioquia,San Roque,6.4875,-75.017,820,5/15/1975,,Monchia,Magdalena Cauca,Medio Magdalena,Río Nare,2002,09,Andes,Preliminar,0,0,0,0,0,0,0.418875217437744,0,3.05454540252686,6.04363632202148,5,10,0.869565188884735,0.876811623573303,1,1,14,1.08000004291534,0
03,2016-03-13,23080760,,"",SAN ROQUE [23080760],Pluviométrica,Convencional,Activa,Antioquia,San Roque,6.4875,-75.017,820,5/15/1975,,Monchia,Magdalena Cauca,Medio Magdalena,Río Nare,2016,13,Andes,Preliminar,0,0,0,1.29005861282349,1.29005861282349,0,0,0,3.05454540252686,6.04363632202148,5,10,0.869565188884735,0.876811623573303,1,1,15,1.08000004291534,0
03,2017-03-11,23080760,6,Definitivo,SAN ROQUE [23080760],Pluviométrica,Convencional,Activa,Antioquia,San Roque,6.4875,-75.017,820,5/15/1975,,Monchia,Magdalena Cauca,Medio Magdalena,Río Nare,2017,11,Andes,Definitivo,6,6,0,2.94653940200806,2.94653940200806,0,17.2262992858887,7.46366930007935,3.05454540252686,6.04363632202148,5,10,0.869565188884735,0.876811623573303,1,1,15,1.08000004291534,6.48000025749207
03,2018-03-09,23080760,0,Definitivo,SAN ROQUE [23080760],Pluviométrica,Convencional,Activa,Antioquia,San Roque,6.4875,-75.017,820,5/15/1975,,Monchia,Magdalena Cauca,Medio Magdalena,Río Nare,2018,09,Andes,Definitivo,0,0,0,3.06461501121521,3.06461501121521,0,7.11372184753418,0.088723823428154,3.05454540252686,6.04363632202148,5,10,0.869565188884735,0.876811623573303,1,1,14,1.08000004291534,0
03,2008-03-08,23080760,3,Definitivo,SAN ROQUE [23080760],Pluviométrica,Convencional,Activa,Antioquia,San Roque,6.4875,-75.017,820,5/15/1975,,Monchia,Magdalena Cauca,Medio Magdalena,Río Nare,2008,08,Andes,Definitivo,3,3,0,2.10692715644836,2.10692715644836,0,4.48025226593018,0.351552158594131,3.05454540252686,6.04363632202148,5,10,0.869565188884735,0.876811623573303,1,1,14,1.08000004291534,3.24000012874603
03,2013-03-07,23080760,0,Definitivo,SAN ROQUE [23080760],Pluviométrica,Convencional,Activa,Antioquia,San Roque,6.4875,-75.017,820,5/15/1975,,Monchia,Magdalena Cauca,Medio Magdalena,Río Nare,2013,07,Andes,Definitivo,0,0,0,3.70903658866882,3.70903658866882,6.71237802505493,6.86492919921875,1.61012554168701,3.05454540252686,6.04363632202148,5,10,0.869565188884735,0.876811623573303,1,1,14,1.08000004291534,0
03,2001-03-22,23080760,3,Definitivo,SAN ROQUE [23080760],Pluviométrica,Convencional,Activa,Antioquia,San Roque,6.4875,-75.017,820,5/15/1975,,Monchia,Magdalena Cauca,Medio Magdalena,Río Nare,2001,22,Andes,Definitivo,3,3,0,3.19053173065186,3.19053173065186,0,22.9670791625977,24.0710983276367,3.05454540252686,6.04363632202148,5,10,0.869565188884735,0.876811623573303,1,1,17,1.08000004291534,3.24000012874603
03,2015-03-10,23080760,0,Definitivo,SAN ROQUE [23080760],Pluviométrica,Convencional,Activa,Antioquia,San Roque,6.4875,-75.017,820,5/15/1975,,Monchia,Magdalena Cauca,Medio Magdalena,Río Nare,2015,10,Andes,Definitivo,0,0,0,0.353025078773499,0.353025078773499,0,0.680688977241516,4.1982913017273,3.05454540252686,6.04363632202148,5,10,0.869565188884735,0.876811623573303,1,1,14,1.08000004291534,0
03,2017-03-02,23080760,20,Definitivo,SAN ROQUE [23080760],Pluviométrica,Convencional,Activa,Antioquia,San Roque,6.4875,-75.017,820,5/15/1975,,Monchia,Magdalena Cauca,Medio Magdalena,Río Nare,2017,02,Andes,Definitivo,20,20,0,6.03111982345581,6.03111982345581,3.51771903038025,10.6674747467041,20.2535057067871,3.05454540252686,6.04363632202148,5,10,0.869565188884735,0.876811623573303,1,1,13,1.08000004291534,21.6000008583069
03,2011-03-09,23080760,49,Definitivo,SAN ROQUE [23080760],Pluviométrica,Convencional,Activa,Antioquia,San Roque,6.4875,-75.017,820,5/15/1975,,Monchia,Magdalena Cauca,Medio Magdalena,Río Nare,2011,09,Andes,Definitivo,49,49,0,9.46446132659912,9.46446132659912,23.3794116973877,17.1777858734131,42.3342361450195,3.05454540252686,6.04363632202148,5,10,0.869565188884735,0.876811623573303,1,1,14,1.08000004291534,52.9200021028519
03,2014-03-07,23080760,22,Definitivo,SAN ROQUE [23080760],Pluviométrica,Convencional,Activa,Antioquia,San Roque,6.4875,-75.017,820,5/15/1975,,Monchia,Magdalena Cauca,Medio Magdalena,Río Nare,2014,07,Andes,Definitivo,22,22,0,3.5586895942688,3.5586895942688,0,6.26001167297363,0.534575879573822,3.05454540252686,6.04363632202148,5,10,0.869565188884735,0.876811623573303,1,1,14,1.08000004291534,23.7600009441376
03,2001-03-17,23080760,0.4,Definitivo,SAN ROQUE [23080760],Pluviométrica,Convencional,Activa,Antioquia,San Roque,6.4875,-75.017,820,5/15/1975,,Monchia,Magdalena Cauca,Medio Magdalena,Río Nare,2001,17,Andes,Definitivo,0.4,0.4,0,0.549705803394318,0.549705803394318,0,11.53466796875,2.59052634239197,3.05454540252686,6.04363632202148,5,10,0.869565188884735,0.876811623573303,1,1,16,1.08000004291534,0.432000017166138
03,2015-03-14,23080760,0,Definitivo,SAN ROQUE [23080760],Pluviométrica,Convencional,Activa,Antioquia,San Roque,6.4875,-75.017,820,5/15/1975,,Monchia,Magdalena Cauca,Medio Magdalena,Río Nare,2015,14,Andes,Definitivo,0,0,0,1.79210257530212,1.79210257530212,2.81961870193481,12.4158744812012,5.71306133270264,3.05454540252686,6.04363632202148,5,10,0.869565188884735,0.876811623573303,1,1,15,1.08000004291534,0
03,2015-03-15,23080760,,"",SAN ROQUE [23080760],Pluviométrica,Convencional,Activa,Antioquia,San Roque,6.4875,-75.017,820,5/15/1975,,Monchia,Magdalena Cauca,Medio Magdalena,Río Nare,2015,15,Andes,Preliminar,0,0,0,5.51782178878784,5.51782178878784,0,8.46807479858398,4.31503868103027,3.05454540252686,6.04363632202148,5,10,0.869565188884735,0.876811623573303,1,1,15,1.08000004291534,0
03,2003-03-05,23080760,0,Definitivo,SAN ROQUE [23080760],Pluviométrica,Convencional,Activa,Antioquia,San Roque,6.4875,-75.017,820,5/15/1975,,Monchia,Magdalena Cauca,Medio Magdalena,Río Nare,2003,05,Andes,Definitivo,0,0,0,1.32875978946686,1.32875978946686,0,0,0,3.05454540252686,6.04363632202148,5,10,0.869565188884735,0.876811623573303,1,1,13,1.08000004291534,0
03,2002-03-04,23080760,,"",SAN ROQUE [23080760],Pluviométrica,Convencional,Activa,Antioquia,San Roque,6.4875,-75.017,820,5/15/1975,,Monchia,Magdalena Cauca,Medio Magdalena,Río Nare,2002,04,Andes,Preliminar,0,0,0,0.256011575460434,0.256011575460434,0,1.65971124172211,0.98879212141037,3.05454540252686,6.04363632202148,5,10,0.869565188884735,0.876811623573303,1,1,13,1.08000004291534,0
03,2004-03-05,23080760,0,Definitivo,SAN ROQUE [23080760],Pluviométrica,Convencional,Activa,Antioquia,San Roque,6.4875,-75.017,820,5/15/1975,,Monchia,Magdalena Cauca,Medio Magdalena,Río Nare,2004,05,Andes,Definitivo,0,0,0,4.48911380767822,4.48911380767822,9.64773273468018,16.5717525482178,7.28708219528198,3.05454540252686,6.04363632202148,5,10,0.869565188884735,0.876811623573303,1,1,13,1.08000004291534,0
03,2019-03-07,23080760,0,Definitivo,SAN ROQUE [23080760],Pluviométrica,Convencional,Activa,Antioquia,San Roque,6.4875,-75.017,820,5/15/1975,,Monchia,Magdalena Cauca,Medio Magdalena,Río Nare,2019,07,Andes,Definitivo,0,0,0,3.39107227325439,3.39107227325439,13.2324533462524,11.6854419708252,13.0254459381104,3.05454540252686,6.04363632202148,5,10,0.869565188884735,0.876811623573303,1,1,14,1.08000004291534,0
03,2021-03-01,23080760,0,Definitivo,SAN ROQUE [23080760],Pluviométrica,Convencional,Activa,Antioquia,San Roque,6.4875,-75.017,820,5/15/1975,,Monchia,Magdalena Cauca,Medio Magdalena,Río Nare,2021,01,Andes,Definitivo,0,0,0,2.47284817695618,2.47284817695618,0,8.09561538696289,0.317566275596619,3.05454540252686,6.04363632202148,5,10,0.869565188884735,0.876811623573303,1,1,13,1.08000004291534,0
03,2015-03-09,23080760,35,Definitivo,SAN ROQUE [23080760],Pluviométrica,Convencional,Activa,Antioquia,San Roque,6.4875,-75.017,820,5/15/1975,,Monchia,Magdalena Cauca,Medio Magdalena,Río Nare,2015,09,Andes,Definitivo,35,35,0,0.194176748394966,0.194176748394966,0,0.0936810970306396,0,3.05454540252686,6.04363632202148,5,10,0.869565188884735,0.876811623573303,1,1,14,1.08000004291534,37.8000015020371
03,2019-03-03,23080760,2,Definitivo,SAN ROQUE [23080760],Pluviométrica,Convencional,Activa,Antioquia,San Roque,6.4875,-75.017,820,5/15/1975,,Monchia,Magdalena Cauca,Medio Magdalena,Río Nare,2019,03,Andes,Definitivo,2,2,0,9.5180835723877,9.5180835723877,0,5.12942409515381,1.54101967811584,3.05454540252686,6.04363632202148,5,10,0.869565188884735,0.876811623573303,1,1,13,1.08000004291534,2.16000008583069
03,2011-03-08,23080760,30,Definitivo,SAN ROQUE [23080760],Pluviométrica,Convencional,Activa,Antioquia,San Roque,6.4875,-75.017,820,5/15/1975,,Monchia,Magdalena Cauca,Medio Magdalena,Río Nare,2011,08,Andes,Definitivo,30,30,0,8.98819828033447,8.98819828033447,5.84485292434692,12.8453817367554,11.4416646957397,3.05454540252686,6.04363632202148,5,10,0.869565188884735,0.876811623573303,1,1,14,1.08000004291534,32.4000012874603
03,2012-03-04,23080760,30,Definitivo,SAN ROQUE [23080760],Pluviométrica,Convencional,Activa,Antioquia,San Roque,6.4875,-75.017,820,5/15/1975,,Monchia,Magdalena Cauca,Medio Magdalena,Río Nare,2012,04,Andes,Definitivo,30,30,0,2.93574118614197,2.93574118614197,20.6518402099609,2.27538228034973,30.0897464752197,3.05454540252686,6.04363632202148,5,10,0.869565188884735,0.876811623573303,1,1,13,1.08000004291534,32.4000012874603
03,2012-03-05,23080760,,"",SAN ROQUE [23080760],Pluviométrica,Convencional,Activa,Antioquia,San Roque,6.4875,-75.017,820,5/15/1975,,Monchia,Magdalena Cauca,Medio Magdalena,Río Nare,2012,05,Andes,Preliminar,0,0,0,21.7244434356689,21.7244434356689,41.3036804199219,67.9019546508789,61.2569122314453,3.05454540252686,6.04363632202148,5,10,0.869565188884735,0.876811623573303,1,1,13,1.08000004291534,0
03,2016-03-08,23080760,,"",SAN ROQUE [23080760],Pluviométrica,Convencional,Activa,Antioquia,San Roque,6.4875,-75.017,820,5/15/1975,,Monchia,Magdalena Cauca,Medio Magdalena,Río Nare,2016,08,Andes,Preliminar,0,0,0,0.785790026187897,0.785790026187897,0,1.52265703678131,2.69832038879395,3.05454540252686,6.04363632202148,5,10,0.869565188884735,0.876811623573303,1,1,14,1.08000004291534,0
03,2003-03-15,23080760,31,Definitivo,SAN ROQUE [23080760],Pluviométrica,Convencional,Activa,Antioquia,San Roque,6.4875,-75.017,820,5/15/1975,,Monchia,Magdalena Cauca,Medio Magdalena,Río Nare,2003,15,Andes,Definitivo,31,31,0,19.0933990478516,19.0933990478516,8.49679088592529,26.6768627166748,18.8017730712891,3.05454540252686,6.04363632202148,5,10,0.869565188884735,0.876811623573303,1,1,15,1.08000004291534,33.4800013303757
03,2003-03-12,23080760,,"",SAN ROQUE [23080760],Pluviométrica,Convencional,Activa,Antioquia,San Roque,6.4875,-75.017,820,5/15/1975,,Monchia,Magdalena Cauca,Medio Magdalena,Río Nare,2003,12,Andes,Preliminar,0,0,0,1.94967782497406,1.94967782497406,0,0.217276051640511,9.39223289489746,3.05454540252686,6.04363632202148,5,10,0.869565188884735,0.876811623573303,1,1,15,1.08000004291534,0
03,2015-03-16,23080760,,"",SAN ROQUE [23080760],Pluviométrica,Convencional,Activa,Antioquia,San Roque,6.4875,-75.017,820,5/15/1975,,Monchia,Magdalena Cauca,Medio Magdalena,Río Nare,2015,16,Andes,Preliminar,0,0,0,0.834747850894928,0.834747850894928,5.70740556716919,6.39167833328247,1.55250883102417,3.05454540252686,6.04363632202148,5,10,0.869565188884735,0.876811623573303,1,1,16,1.08000004291534,0
03,2017-03-10,23080760,2,Definitivo,SAN ROQUE [23080760],Pluviométrica,Convencional,Activa,Antioquia,San Roque,6.4875,-75.017,820,5/15/1975,,Monchia,Magdalena Cauca,Medio Magdalena,Río Nare,2017,10,Andes,Definitivo,2,2,0,9.39398574829102,9.39398574829102,20.8558006286621,19.15500831604,23.7588844299316,3.05454540252686,6.04363632202148,5,10,0.869565188884735,0.876811623573303,1,1,14,1.08000004291534,2.16000008583069
03,2018-03-08,23080760,6,Definitivo,SAN ROQUE [23080760],Pluviométrica,Convencional,Activa,Antioquia,San Roque,6.4875,-75.017,820,5/15/1975,,Monchia,Magdalena Cauca,Medio Magdalena,Río Nare,2018,08,Andes,Definitivo,6,6,0,2.01346659660339,2.01346659660339,15.567455291748,2.76554608345032,37.5813674926758,3.05454540252686,6.04363632202148,5,10,0.869565188884735,0.876811623573303,1,1,14,1.08000004291534,6.48000025749207
03,2009-03-04,23080760,,"",SAN ROQUE [23080760],Pluviométrica,Convencional,Activa,Antioquia,San Roque,6.4875,-75.017,820,5/15/1975,,Monchia,Magdalena Cauca,Medio Magdalena,Río Nare,2009,04,Andes,Preliminar,0,0,0,3.35523867607117,3.35523867607117,0,26.9311618804932,25.5245475769043,3.05454540252686,6.04363632202148,5,10,0.869565188884735,0.876811623573303,1,1,13,1.08000004291534,0
03,2009-03-05,23080760,0,Definitivo,SAN ROQUE [23080760],Pluviométrica,Convencional,Activa,Antioquia,San Roque,6.4875,-75.017,820,5/15/1975,,Monchia,Magdalena Cauca,Medio Magdalena,Río Nare,2009,05,Andes,Definitivo,0,0,0,4.98127031326294,4.98127031326294,0,13.8620672225952,0.694612622261047,3.05454540252686,6.04363632202148,5,10,0.869565188884735,0.876811623573303,1,1,13,1.08000004291534,0
03,2021-03-02,23080760,0,Definitivo,SAN ROQUE [23080760],Pluviométrica,Convencional,Activa,Antioquia,San Roque,6.4875,-75.017,820,5/15/1975,,Monchia,Magdalena Cauca,Medio Magdalena,Río Nare,2021,02,Andes,Definitivo,0,0,0,2.20346736907959,2.20346736907959,0,4.42622423171997,0,3.05454540252686,6.04363632202148,5,10,0.869565188884735,0.876811623573303,1,1,13,1.08000004291534,0
03,2013-03-08,23080760,,"",SAN ROQUE [23080760],Pluviométrica,Convencional,Activa,Antioquia,San Roque,6.4875,-75.017,820,5/15/1975,,Monchia,Magdalena Cauca,Medio Magdalena,Río Nare,2013,08,Andes,Preliminar,0,0,0,1.49226677417755,1.49226677417755,0,1.19847309589386,0,3.05454540252686,6.04363632202148,5,10,0.869565188884735,0.876811623573303,1,1,14,1.08000004291534,0
03,2017-03-01,23080760,0,Definitivo,SAN ROQUE [23080760],Pluviométrica,Convencional,Activa,Antioquia,San Roque,6.4875,-75.017,820,5/15/1975,,Monchia,Magdalena Cauca,Medio Magdalena,Río Nare,2017,01,Andes,Definitivo,0,0,0,5.81357526779175,5.81357526779175,0,2.36190843582153,1.71954643726349,3.05454540252686,6.04363632202148,5,10,0.869565188884735,0.876811623573303,1,1,13,1.08000004291534,0
03,2005-03-05,23080760,,"",SAN ROQUE [23080760],Pluviométrica,Convencional,Activa,Antioquia,San Roque,6.4875,-75.017,820,5/15/1975,,Monchia,Magdalena Cauca,Medio Magdalena,Río Nare,2005,05,Andes,Preliminar,0,0,0,9.43325328826904,9.43325328826904,15.2989082336426,8.76115703582764,14.951208114624,3.05454540252686,6.04363632202148,5,10,0.869565188884735,0.876811623573303,1,1,13,1.08000004291534,0
03,2010-03-04,23080760,6,Definitivo,SAN ROQUE [23080760],Pluviométrica,Convencional,Activa,Antioquia,San Roque,6.4875,-75.017,820,5/15/1975,,Monchia,Magdalena Cauca,Medio Magdalena,Río Nare,2010,04,Andes,Definitivo,6,6,0,1.9798641204834,1.9798641204834,15.6850557327271,13.6216249465942,7.07755041122437,3.05454540252686,6.04363632202148,5,10,0.869565188884735,0.876811623573303,1,1,13,1.08000004291534,6.48000025749207
03,2015-03-04,23080760,0,Definitivo,SAN ROQUE [23080760],Pluviométrica,Convencional,Activa,Antioquia,San Roque,6.4875,-75.017,820,5/15/1975,,Monchia,Magdalena Cauca,Medio Magdalena,Río Nare,2015,04,Andes,Definitivo,0,0,0,0.738397181034088,0.738397181034088,0,1.83643817901611,0,3.05454540252686,6.04363632202148,5,10,0.869565188884735,0.876811623573303,1,1,13,1.08000004291534,0
03,2016-03-09,23080760,,"",SAN ROQUE [23080760],Pluviométrica,Convencional,Activa,Antioquia,San Roque,6.4875,-75.017,820,5/15/1975,,Monchia,Magdalena Cauca,Medio Magdalena,Río Nare,2016,09,Andes,Preliminar,0,0,0,2.05669188499451,2.05669188499451,0,0.967539310455322,5.46295833587647,3.05454540252686,6.04363632202148,5,10,0.869565188884735,0.876811623573303,1,1,14,1.08000004291534,0
03,2016-03-10,23080760,,"",SAN ROQUE [23080760],Pluviométrica,Convencional,Activa,Antioquia,San Roque,6.4875,-75.017,820,5/15/1975,,Monchia,Magdalena Cauca,Medio Magdalena,Río Nare,2016,10,Andes,Preliminar,0,0,0,1.61500453948975,1.61500453948975,0,1.74637067317963,0,3.05454540252686,6.04363632202148,5,10,0.869565188884735,0.876811623573303,1,1,14,1.08000004291534,0
03,2001-03-10,23080760,8,Definitivo,SAN ROQUE [23080760],Pluviométrica,Convencional,Activa,Antioquia,San Roque,6.4875,-75.017,820,5/15/1975,,Monchia,Magdalena Cauca,Medio Magdalena,Río Nare,2001,10,Andes,Definitivo,8,8,0,6.84024477005005,6.84024477005005,20.662654876709,15.7262125015259,12.2922267913818,3.05454540252686,6.04363632202148,5,10,0.869565188884735,0.876811623573303,1,1,14,1.08000004291534,8.64000034332275
03,2001-03-08,23080760,2,Definitivo,SAN ROQUE [23080760],Pluviométrica,Convencional,Activa,Antioquia,San Roque,6.4875,-75.017,820,5/15/1975,,Monchia,Magdalena Cauca,Medio Magdalena,Río Nare,2001,08,Andes,Definitivo,2,2,0,5.62048101425171,5.62048101425171,20.662654876709,12.4871168136597,17.5421943664551,3.05454540252686,6.04363632202148,5,10,0.869565188884735,0.876811623573303,1,1,14,1.08000004291534,2.16000008583069
03,2001-03-05,23080760,,"",SAN ROQUE [23080760],Pluviométrica,Convencional,Activa,Antioquia,San Roque,6.4875,-75.017,820,5/15/1975,,Monchia,Magdalena Cauca,Medio Magdalena,Río Nare,2001,05,Andes,Preliminar,0,0,0,4.43079614639282,4.43079614639282,9.51127624511719,5.64506769180298,10.7728261947632,3.05454540252686,6.04363632202148,5,10,0.869565188884735,0.876811623573303,1,1,13,1.08000004291534,0
03,2019-03-06,23080760,0,Definitivo,SAN ROQUE [23080760],Pluviométrica,Convencional,Activa,Antioquia,San Roque,6.4875,-75.017,820,5/15/1975,,Monchia,Magdalena Cauca,Medio Magdalena,Río Nare,2019,06,Andes,Definitivo,0,0,0,6.00480270385742,6.00480270385742,6.61622667312622,7.56142616271973,1.97916567325592,3.05454540252686,6.04363632202148,5,10,0.869565188884735,0.876811623573303,1,1,14,1.08000004291534,0
03,2020-03-03,23080760,0,Definitivo,SAN ROQUE [23080760],Pluviométrica,Convencional,Activa,Antioquia,San Roque,6.4875,-75.017,820,5/15/1975,,Monchia,Magdalena Cauca,Medio Magdalena,Río Nare,2020,03,Andes,Definitivo,0,0,0,2.22972750663757,2.22972750663757,0,1.29245734214783,2.70182228088379,3.05454540252686,6.04363632202148,5,10,0.869565188884735,0.876811623573303,1,1,13,1.08000004291534,0
03,2011-03-07,23080760,,"",SAN ROQUE [23080760],Pluviométrica,Convencional,Activa,Antioquia,San Roque,6.4875,-75.017,820,5/15/1975,,Monchia,Magdalena Cauca,Medio Magdalena,Río Nare,2011,07,Andes,Preliminar,0,0,0,12.6057710647583,12.6057710647583,5.84485292434692,9.49670886993408,2.35655117034912,3.05454540252686,6.04363632202148,5,10,0.869565188884735,0.876811623573303,1,1,14,1.08000004291534,0
03,2019-03-02,23080760,0,Definitivo,SAN ROQUE [23080760],Pluviométrica,Convencional,Activa,Antioquia,San Roque,6.4875,-75.017,820,5/15/1975,,Monchia,Magdalena Cauca,Medio Magdalena,Río Nare,2019,02,Andes,Definitivo,0,0,0,14.0879201889038,14.0879201889038,10.6787710189819,14.5033884048462,16.9735584259033,3.05454540252686,6.04363632202148,5,10,0.869565188884735,0.876811623573303,1,1,13,1.08000004291534,0
03,2007-03-06,23080760,0,Definitivo,SAN ROQUE [23080760],Pluviométrica,Convencional,Activa,Antioquia,San Roque,6.4875,-75.017,820,5/15/1975,,Monchia,Magdalena Cauca,Medio Magdalena,Río Nare,2007,06,Andes,Definitivo,0,0,0,10.3306474685669,10.3306474685669,6.2392144203186,9.65292358398438,7.03098964691162,3.05454540252686,6.04363632202148,5,10,0.869565188884735,0.876811623573303,1,1,14,1.08000004291534,0
03,2001-03-03,23080760,0.4,Definitivo,SAN ROQUE [23080760],Pluviométrica,Convencional,Activa,Antioquia,San Roque,6.4875,-75.017,820,5/15/1975,,Monchia,Magdalena Cauca,Medio Magdalena,Río Nare,2001,03,Andes,Definitivo,0.4,0.4,0,1.41214573383331,1.41214573383331,9.51127624511719,2.31999158859253,20.7640247344971,3.05454540252686,6.04363632202148,5,10,0.869565188884735,0.876811623573303,1,1,13,1.08000004291534,0.432000017166138
03,2006-03-02,23080760,,"",SAN ROQUE [23080760],Pluviométrica,Convencional,Activa,Antioquia,San Roque,6.4875,-75.017,820,5/15/1975,,Monchia,Magdalena Cauca,Medio Magdalena,Río Nare,2006,02,Andes,Preliminar,0,0,0,1.64986908435822,1.64986908435822,0,4.47266149520874,11.8061246871948,3.05454540252686,6.04363632202148,5,10,0.869565188884735,0.876811623573303,1,1,13,1.08000004291534,0
03,2010-03-05,23080760,0,Definitivo,SAN ROQUE [23080760],Pluviométrica,Convencional,Activa,Antioquia,San Roque,6.4875,-75.017,820,5/15/1975,,Monchia,Magdalena Cauca,Medio Magdalena,Río Nare,2010,05,Andes,Definitivo,0,0,0,16.9510307312012,16.9510307312012,0,13.9517059326172,0.188612431287766,3.05454540252686,6.04363632202148,5,10,0.869565188884735,0.876811623573303,1,1,13,1.08000004291534,0
03,2014-03-08,23080760,5,Definitivo,SAN ROQUE [23080760],Pluviométrica,Convencional,Activa,Antioquia,San Roque,6.4875,-75.017,820,5/15/1975,,Monchia,Magdalena Cauca,Medio Magdalena,Río Nare,2014,08,Andes,Definitivo,5,5,0,9.20518493652344,9.20518493652344,19.8677978515625,8.0740442276001,17.3822860717773,3.05454540252686,6.04363632202148,5,10,0.869565188884735,0.876811623573303,1,1,14,1.08000004291534,5.40000021457672
03,2017-03-06,23080760,18,Definitivo,SAN ROQUE [23080760],Pluviométrica,Convencional,Activa,Antioquia,San Roque,6.4875,-75.017,820,5/15/1975,,Monchia,Magdalena Cauca,Medio Magdalena,Río Nare,2017,06,Andes,Definitivo,18,18,0,9.85540103912354,9.85540103912354,6.95193386077881,25.8373107910156,3.21982645988464,3.05454540252686,6.04363632202148,5,10,0.869565188884735,0.876811623573303,1,1,14,1.08000004291534,19.4400007724762
03,2016-03-11,23080760,,"",SAN ROQUE [23080760],Pluviométrica,Convencional,Activa,Antioquia,San Roque,6.4875,-75.017,820,5/15/1975,,Monchia,Magdalena Cauca,Medio Magdalena,Río Nare,2016,11,Andes,Preliminar,0,0,0,1.24542057514191,1.24542057514191,0,0,0,3.05454540252686,6.04363632202148,5,10,0.869565188884735,0.876811623573303,1,1,15,1.08000004291534,0
03,2016-03-12,23080760,,"",SAN ROQUE [23080760],Pluviométrica,Convencional,Activa,Antioquia,San Roque,6.4875,-75.017,820,5/15/1975,,Monchia,Magdalena Cauca,Medio Magdalena,Río Nare,2016,12,Andes,Preliminar,0,0,0,0.748489856719971,0.748489856719971,0,0,0,3.05454540252686,6.04363632202148,5,10,0.869565188884735,0.876811623573303,1,1,15,1.08000004291534,0
03,2018-03-07,23080760,40,Definitivo,SAN ROQUE [23080760],Pluviométrica,Convencional,Activa,Antioquia,San Roque,6.4875,-75.017,820,5/15/1975,,Monchia,Magdalena Cauca,Medio Magdalena,Río Nare,2018,07,Andes,Definitivo,40,40,0,3.20380187034607,3.20380187034607,0,1.32761597633362,0,3.05454540252686,6.04363632202148,5,10,0.869565188884735,0.876811623573303,1,1,14,1.08000004291534,43.2000017166138
03,2002-03-05,23080760,0,Definitivo,SAN ROQUE [23080760],Pluviométrica,Convencional,Activa,Antioquia,San Roque,6.4875,-75.017,820,5/15/1975,,Monchia,Magdalena Cauca,Medio Magdalena,Río Nare,2002,05,Andes,Definitivo,0,0,0,4.0108470916748,4.0108470916748,0,0.985882520675659,0.720098555088043,3.05454540252686,6.04363632202148,5,10,0.869565188884735,0.876811623573303,1,1,13,1.08000004291534,0
03,2007-03-04,23080760,50,Definitivo,SAN ROQUE [23080760],Pluviométrica,Convencional,Activa,Antioquia,San Roque,6.4875,-75.017,820,5/15/1975,,Monchia,Magdalena Cauca,Medio Magdalena,Río Nare,2007,04,Andes,Definitivo,50,50,0,4.26492834091187,4.26492834091187,0,6.7544641494751,14.0338487625122,3.05454540252686,6.04363632202148,5,10,0.869565188884735,0.876811623573303,1,1,13,1.08000004291534,54.0000021457672
03,2019-03-01,23080760,1,Definitivo,SAN ROQUE [23080760],Pluviométrica,Convencional,Activa,Antioquia,San Roque,6.4875,-75.017,820,5/15/1975,,Monchia,Magdalena Cauca,Medio Magdalena,Río Nare,2019,01,Andes,Definitivo,1,1,0,4.68731784820557,4.68731784820557,0,1.24072217941284,0.498509436845779,3.05454540252686,6.04363632202148,5,10,0.869565188884735,0.876811623573303,1,1,13,1.08000004291534,1.08000004291534
03,2012-03-03,23080760,58,Definitivo,SAN ROQUE [23080760],Pluviométrica,Convencional,Activa,Antioquia,San Roque,6.4875,-75.017,820,5/15/1975,,Monchia,Magdalena Cauca,Medio Magdalena,Río Nare,2012,03,Andes,Definitivo,58,58,0,1.10404646396637,1.10404646396637,10.3259201049805,6.74794244766235,7.48227977752686,3.05454540252686,6.04363632202148,5,10,0.869565188884735,0.876811623573303,1,1,13,1.08000004291534,62.64000248909
03,2006-03-01,23080760,0,Definitivo,SAN ROQUE [23080760],Pluviométrica,Convencional,Activa,Antioquia,San Roque,6.4875,-75.017,820,5/15/1975,,Monchia,Magdalena Cauca,Medio Magdalena,Río Nare,2006,01,Andes,Definitivo,0,0,0,2.77762794494629,2.77762794494629,0,1.79409956932068,2.13522052764893,3.05454540252686,6.04363632202148,5,10,0.869565188884735,0.876811623573303,1,1,13,1.08000004291534,0
03,2003-03-01,23080760,0,Definitivo,SAN ROQUE [23080760],Pluviométrica,Convencional,Activa,Antioquia,San Roque,6.4875,-75.017,820,5/15/1975,,Monchia,Magdalena Cauca,Medio Magdalena,Río Nare,2003,01,Andes,Definitivo,0,0,0,1.4616357088089,1.4616357088089,0,0.999738454818726,0.552347660064697,3.05454540252686,6.04363632202148,5,10,0.869565188884735,0.876811623573303,1,1,13,1.08000004291534,0
03,2001-03-01,23080760,,"",SAN ROQUE [23080760],Pluviométrica,Convencional,Activa,Antioquia,San Roque,6.4875,-75.017,820,5/15/1975,,Monchia,Magdalena Cauca,Medio Magdalena,Río Nare,2001,01,Andes,Preliminar,0,0,0,4.46420192718506,4.46420192718506,9.51127624511719,24.2333087921143,0.00972203630954027,3.05454540252686,6.04363632202148,5,10,0.869565188884735,0.876811623573303,1,1,13,1.08000004291534,0
03,2008-03-03,23080760,8,Definitivo,SAN ROQUE [23080760],Pluviométrica,Convencional,Activa,Antioquia,San Roque,6.4875,-75.017,820,5/15/1975,,Monchia,Magdalena Cauca,Medio Magdalena,Río Nare,2008,03,Andes,Definitivo,8,8,0,4.40492010116577,4.40492010116577,0,4.55596590042114,10.5902891159058,3.05454540252686,6.04363632202148,5,10,0.869565188884735,0.876811623573303,1,1,13,1.08000004291534,8.64000034332275
03,2010-03-06,23080760,,"",SAN ROQUE [23080760],Pluviométrica,Convencional,Activa,Antioquia,San Roque,6.4875,-75.017,820,5/15/1975,,Monchia,Magdalena Cauca,Medio Magdalena,Río Nare,2010,06,Andes,Preliminar,0,0,0,6.92593002319336,6.92593002319336,0,7.99036502838135,0.0771338939666748,3.05454540252686,6.04363632202148,5,10,0.869565188884735,0.876811623573303,1,1,14,1.08000004291534,0
03,2015-03-05,23080760,0,Definitivo,SAN ROQUE [23080760],Pluviométrica,Convencional,Activa,Antioquia,San Roque,6.4875,-75.017,820,5/15/1975,,Monchia,Magdalena Cauca,Medio Magdalena,Río Nare,2015,05,Andes,Definitivo,0,0,0,2.30926275253296,2.30926275253296,0,3.43334031105042,0,3.05454540252686,6.04363632202148,5,10,0.869565188884735,0.876811623573303,1,1,13,1.08000004291534,0
03,2017-03-07,23080760,25,Definitivo,SAN ROQUE [23080760],Pluviométrica,Convencional,Activa,Antioquia,San Roque,6.4875,-75.017,820,5/15/1975,,Monchia,Magdalena Cauca,Medio Magdalena,Río Nare,2017,07,Andes,Definitivo,25,25,0,22.9677047729492,22.9677047729492,34.7596702575684,49.4035110473633,60.2287445068359,3.05454540252686,6.04363632202148,5,10,0.869565188884735,0.876811623573303,1,1,14,1.08000004291534,27.0000010728836
03,2001-03-12,23080760,,"",SAN ROQUE [23080760],Pluviométrica,Convencional,Activa,Antioquia,San Roque,6.4875,-75.017,820,5/15/1975,,Monchia,Magdalena Cauca,Medio Magdalena,Río Nare,2001,12,Andes,Preliminar,0,0,0,2.20718097686768,2.20718097686768,0,1.72596347332001,0.299671083688736,3.05454540252686,6.04363632202148,5,10,0.869565188884735,0.876811623573303,1,1,15,1.08000004291534,0
03,2003-03-07,23080760,,"",SAN ROQUE [23080760],Pluviométrica,Convencional,Activa,Antioquia,San Roque,6.4875,-75.017,820,5/15/1975,,Monchia,Magdalena Cauca,Medio Magdalena,Río Nare,2003,07,Andes,Preliminar,0,0,0,0,0,0,0.0274963192641735,0,3.05454540252686,6.04363632202148,5,10,0.869565188884735,0.876811623573303,1,1,14,1.08000004291534,0
03,2019-03-05,23080760,3,Definitivo,SAN ROQUE [23080760],Pluviométrica,Convencional,Activa,Antioquia,San Roque,6.4875,-75.017,820,5/15/1975,,Monchia,Magdalena Cauca,Medio Magdalena,Río Nare,2019,05,Andes,Definitivo,3,3,0,8.79058074951172,8.79058074951172,5.33938550949097,6.97412633895874,13.8446216583252,3.05454540252686,6.04363632202148,5,10,0.869565188884735,0.876811623573303,1,1,13,1.08000004291534,3.24000012874603
03,2017-03-05,23080760,4,Definitivo,SAN ROQUE [23080760],Pluviométrica,Convencional,Activa,Antioquia,San Roque,6.4875,-75.017,820,5/15/1975,,Monchia,Magdalena Cauca,Medio Magdalena,Río Nare,2017,05,Andes,Definitivo,4,4,0,3.23758435249329,3.23758435249329,21.1063117980957,12.0133543014526,8.44357013702393,3.05454540252686,6.04363632202148,5,10,0.869565188884735,0.876811623573303,1,1,13,1.08000004291534,4.32000017166138
03,2007-03-05,23080760,17,Definitivo,SAN ROQUE [23080760],Pluviométrica,Convencional,Activa,Antioquia,San Roque,6.4875,-75.017,820,5/15/1975,,Monchia,Magdalena Cauca,Medio Magdalena,Río Nare,2007,05,Andes,Definitivo,17,17,0,8.22835063934326,8.22835063934326,29.6883296966553,36.6851539611816,31.1568374633789,3.05454540252686,6.04363632202148,5,10,0.869565188884735,0.876811623573303,1,1,13,1.08000004291534,18.3600007295609
03,2014-03-03,23080760,21,Definitivo,SAN ROQUE [23080760],Pluviométrica,Convencional,Activa,Antioquia,San Roque,6.4875,-75.017,820,5/15/1975,,Monchia,Magdalena Cauca,Medio Magdalena,Río Nare,2014,03,Andes,Definitivo,21,21,0,1.99109447002411,1.99109447002411,0,10.2518043518066,14.4743490219116,3.05454540252686,6.04363632202148,5,10,0.869565188884735,0.876811623573303,1,1,13,1.08000004291534,22.6800009012222
03,2014-03-02,23080760,0,Definitivo,SAN ROQUE [23080760],Pluviométrica,Convencional,Activa,Antioquia,San Roque,6.4875,-75.017,820,5/15/1975,,Monchia,Magdalena Cauca,Medio Magdalena,Río Nare,2014,02,Andes,Definitivo,0,0,0,1.61462187767029,1.61462187767029,0,8.54227828979492,1.3191704750061,3.05454540252686,6.04363632202148,5,10,0.869565188884735,0.876811623573303,1,1,13,1.08000004291534,0
03,2011-03-01,23080760,45,Definitivo,SAN ROQUE [23080760],Pluviométrica,Convencional,Activa,Antioquia,San Roque,6.4875,-75.017,820,5/15/1975,,Monchia,Magdalena Cauca,Medio Magdalena,Río Nare,2011,01,Andes,Definitivo,45,45,0,16.0946731567383,16.0946731567383,61.0218696594238,20.3025016784668,44.3517532348633,3.05454540252686,6.04363632202148,5,10,0.869565188884735,0.876811623573303,1,1,13,1.08000004291534,48.6000019311905
03,2015-03-06,23080760,34,Definitivo,SAN ROQUE [23080760],Pluviométrica,Convencional,Activa,Antioquia,San Roque,6.4875,-75.017,820,5/15/1975,,Monchia,Magdalena Cauca,Medio Magdalena,Río Nare,2015,06,Andes,Definitivo,34,34,0,2.02331399917603,2.02331399917603,0,2.58699059486389,0.976475954055786,3.05454540252686,6.04363632202148,5,10,0.869565188884735,0.876811623573303,1,1,14,1.08000004291534,36.7200014591217
03,2004-03-01,23080760,24,Definitivo,SAN ROQUE [23080760],Pluviométrica,Convencional,Activa,Antioquia,San Roque,6.4875,-75.017,820,5/15/1975,,Monchia,Magdalena Cauca,Medio Magdalena,Río Nare,2004,01,Andes,Definitivo,24,24,0,9.31313037872314,9.31313037872314,0,13.3338270187378,1.60089910030365,3.05454540252686,6.04363632202148,5,10,0.869565188884735,0.876811623573303,1,1,13,1.08000004291534,25.9200010299683
03,2008-03-04,23080760,,"",SAN ROQUE [23080760],Pluviométrica,Convencional,Activa,Antioquia,San Roque,6.4875,-75.017,820,5/15/1975,,Monchia,Magdalena Cauca,Medio Magdalena,Río Nare,2008,04,Andes,Preliminar,0,0,0,9.13885974884033,9.13885974884033,8.90939712524414,7.20666456222534,5.61330509185791,3.05454540252686,6.04363632202148,5,10,0.869565188884735,0.876811623573303,1,1,13,1.08000004291534,0
03,2008-03-05,23080760,5,Definitivo,SAN ROQUE [23080760],Pluviométrica,Convencional,Activa,Antioquia,San Roque,6.4875,-75.017,820,5/15/1975,,Monchia,Magdalena Cauca,Medio Magdalena,Río Nare,2008,05,Andes,Definitivo,5,5,0,7.68037462234497,7.68037462234497,8.90939712524414,10.2314682006836,9.66859912872314,3.05454540252686,6.04363632202148,5,10,0.869565188884735,0.876811623573303,1,1,13,1.08000004291534,5.40000021457672
03,2003-03-02,23080760,0,Definitivo,SAN ROQUE [23080760],Pluviométrica,Convencional,Activa,Antioquia,San Roque,6.4875,-75.017,820,5/15/1975,,Monchia,Magdalena Cauca,Medio Magdalena,Río Nare,2003,02,Andes,Definitivo,0,0,0,2.53277897834778,2.53277897834778,0,0.113328747451305,0.030893636867404,3.05454540252686,6.04363632202148,5,10,0.869565188884735,0.876811623573303,1,1,13,1.08000004291534,0
03,2017-03-08,23080760,28,Definitivo,SAN ROQUE [23080760],Pluviométrica,Convencional,Activa,Antioquia,San Roque,6.4875,-75.017,820,5/15/1975,,Monchia,Magdalena Cauca,Medio Magdalena,Río Nare,2017,08,Andes,Definitivo,28,28,0,11.0819969177246,11.0819969177246,34.7596702575684,27.8268527984619,18.8982429504395,3.05454540252686,6.04363632202148,5,10,0.869565188884735,0.876811623573303,1,1,14,1.08000004291534,30.2400012016296
03,2017-03-09,23080760,8,Definitivo,SAN ROQUE [23080760],Pluviométrica,Convencional,Activa,Antioquia,San Roque,6.4875,-75.017,820,5/15/1975,,Monchia,Magdalena Cauca,Medio Magdalena,Río Nare,2017,09,Andes,Definitivo,8,8,0,3.43163537979126,3.43163537979126,6.95193386077881,4.29755306243897,20.4145488739014,3.05454540252686,6.04363632202148,5,10,0.869565188884735,0.876811623573303,1,1,14,1.08000004291534,8.64000034332275
03,2001-03-07,23080760,15,Definitivo,SAN ROQUE [23080760],Pluviométrica,Convencional,Activa,Antioquia,San Roque,6.4875,-75.017,820,5/15/1975,,Monchia,Magdalena Cauca,Medio Magdalena,Río Nare,2001,07,Andes,Definitivo,15,15,0,3.96622586250305,3.96622586250305,0,11.2581539154053,0.825635373592377,3.05454540252686,6.04363632202148,5,10,0.869565188884735,0.876811623573303,1,1,14,1.08000004291534,16.2000006437302
03,2009-03-01,23080760,68,Definitivo,SAN ROQUE [23080760],Pluviométrica,Convencional,Activa,Antioquia,San Roque,6.4875,-75.017,820,5/15/1975,,Monchia,Magdalena Cauca,Medio Magdalena,Río Nare,2009,01,Andes,Definitivo,68,68,0,3.1406352519989,3.1406352519989,31.4637031555176,8.71233081817627,17.8978252410889,3.05454540252686,6.04363632202148,5,10,0.869565188884735,0.876811623573303,1,1,13,1.08000004291534,73.4400029182434
03,2018-03-03,23080760,0,Definitivo,SAN ROQUE [23080760],Pluviométrica,Convencional,Activa,Antioquia,San Roque,6.4875,-75.017,820,5/15/1975,,Monchia,Magdalena Cauca,Medio Magdalena,Río Nare,2018,03,Andes,Definitivo,0,0,0,0.950497031211853,0.950497031211853,0,1.63346827030182,9.84925556182861,3.05454540252686,6.04363632202148,5,10,0.869565188884735,0.876811623573303,1,1,13,1.08000004291534,0
03,2005-03-04,23080760,22,Definitivo,SAN ROQUE [23080760],Pluviométrica,Convencional,Activa,Antioquia,San Roque,6.4875,-75.017,820,5/15/1975,,Monchia,Magdalena Cauca,Medio Magdalena,Río Nare,2005,04,Andes,Definitivo,22,22,0,5.31518363952637,5.31518363952637,7.64945411682129,15.7195816040039,16.0896434783936,3.05454540252686,6.04363632202148,5,10,0.869565188884735,0.876811623573303,1,1,13,1.08000004291534,23.7600009441376
03,2001-03-02,23080760,12,Definitivo,SAN ROQUE [23080760],Pluviométrica,Convencional,Activa,Antioquia,San Roque,6.4875,-75.017,820,5/15/1975,,Monchia,Magdalena Cauca,Medio Magdalena,Río Nare,2001,02,Andes,Definitivo,12,12,0,2.9245080947876,2.9245080947876,0,3.66574311256409,0.42831301689148,3.05454540252686,6.04363632202148,5,10,0.869565188884735,0.876811623573303,1,1,13,1.08000004291534,12.9600005149841
03,2019-03-04,23080760,3,Definitivo,SAN ROQUE [23080760],Pluviométrica,Convencional,Activa,Antioquia,San Roque,6.4875,-75.017,820,5/15/1975,,Monchia,Magdalena Cauca,Medio Magdalena,Río Nare,2019,04,Andes,Definitivo,3,3,0,3.56410694122314,3.56410694122314,5.33938550949097,5.8279185295105,0.817871034145355,3.05454540252686,6.04363632202148,5,10,0.869565188884735,0.876811623573303,1,1,13,1.08000004291534,3.24000012874603
03,2013-03-04,23080760,0,Definitivo,SAN ROQUE [23080760],Pluviométrica,Convencional,Activa,Antioquia,San Roque,6.4875,-75.017,820,5/15/1975,,Monchia,Magdalena Cauca,Medio Magdalena,Río Nare,2013,04,Andes,Definitivo,0,0,0,3.49547672271729,3.49547672271729,0,7.33804035186768,0.953198373317719,3.05454540252686,6.04363632202148,5,10,0.869565188884735,0.876811623573303,1,1,13,1.08000004291534,0
03,2018-03-04,23080760,0,Definitivo,SAN ROQUE [23080760],Pluviométrica,Convencional,Activa,Antioquia,San Roque,6.4875,-75.017,820,5/15/1975,,Monchia,Magdalena Cauca,Medio Magdalena,Río Nare,2018,04,Andes,Definitivo,0,0,0,1.40818130970001,1.40818130970001,0,7.75639390945435,0.169202670454979,3.05454540252686,6.04363632202148,5,10,0.869565188884735,0.876811623573303,1,1,13,1.08000004291534,0
03,2006-03-03,23080760,,"",SAN ROQUE [23080760],Pluviométrica,Convencional,Activa,Antioquia,San Roque,6.4875,-75.017,820,5/15/1975,,Monchia,Magdalena Cauca,Medio Magdalena,Río Nare,2006,03,Andes,Preliminar,0,0,0,3.28581547737122,3.28581547737122,0,10.4706192016602,0.274151772260666,3.05454540252686,6.04363632202148,5,10,0.869565188884735,0.876811623573303,1,1,13,1.08000004291534,0
03,2014-03-01,23080760,0,Definitivo,SAN ROQUE [23080760],Pluviométrica,Convencional,Activa,Antioquia,San Roque,6.4875,-75.017,820,5/15/1975,,Monchia,Magdalena Cauca,Medio Magdalena,Río Nare,2014,01,Andes,Definitivo,0,0,0,4.93612813949585,4.93612813949585,9.57772445678711,8.41322612762451,1.35145139694214,3.05454540252686,6.04363632202148,5,10,0.869565188884735,0.876811623573303,1,1,13,1.08000004291534,0
03,2017-03-04,23080760,0,Definitivo,SAN ROQUE [23080760],Pluviométrica,Convencional,Activa,Antioquia,San Roque,6.4875,-75.017,820,5/15/1975,,Monchia,Magdalena Cauca,Medio Magdalena,Río Nare,2017,04,Andes,Definitivo,0,0,0,0.334529608488083,0.334529608488083,0,5.2826943397522,7.83769512176514,3.05454540252686,6.04363632202148,5,10,0.869565188884735,0.876811623573303,1,1,13,1.08000004291534,0
03,2002-03-06,23080760,,"",SAN ROQUE [23080760],Pluviométrica,Convencional,Activa,Antioquia,San Roque,6.4875,-75.017,820,5/15/1975,,Monchia,Magdalena Cauca,Medio Magdalena,Río Nare,2002,06,Andes,Preliminar,0,0,0,2.18016290664673,2.18016290664673,0,1.99777722358704,0.105933234095573,3.05454540252686,6.04363632202148,5,10,0.869565188884735,0.876811623573303,1,1,14,1.08000004291534,0
03,2018-03-05,23080760,0,Definitivo,SAN ROQUE [23080760],Pluviométrica,Convencional,Activa,Antioquia,San Roque,6.4875,-75.017,820,5/15/1975,,Monchia,Magdalena Cauca,Medio Magdalena,Río Nare,2018,05,Andes,Definitivo,0,0,0,2.76484751701355,2.76484751701355,0,8.05637550354004,0,3.05454540252686,6.04363632202148,5,10,0.869565188884735,0.876811623573303,1,1,13,1.08000004291534,0
03,2002-03-01,23080760,,"",SAN ROQUE [23080760],Pluviométrica,Convencional,Activa,Antioquia,San Roque,6.4875,-75.017,820,5/15/1975,,Monchia,Magdalena Cauca,Medio Magdalena,Río Nare,2002,01,Andes,Preliminar,0,0,0,2.15781164169312,2.15781164169312,0,0.4569131731987,0.612621188163757,3.05454540252686,6.04363632202148,5,10,0.869565188884735,0.876811623573303,1,1,13,1.08000004291534,0
03,2004-03-02,23080760,18,Definitivo,SAN ROQUE [23080760],Pluviométrica,Convencional,Activa,Antioquia,San Roque,6.4875,-75.017,820,5/15/1975,,Monchia,Magdalena Cauca,Medio Magdalena,Río Nare,2004,02,Andes,Definitivo,18,18,0,8.03052616119385,8.03052616119385,16.8835296630859,36.5811347961426,4.60922002792358,3.05454540252686,6.04363632202148,5,10,0.869565188884735,0.876811623573303,1,1,13,1.08000004291534,19.4400007724762
03,2009-03-02,23080760,18,Definitivo,SAN ROQUE [23080760],Pluviométrica,Convencional,Activa,Antioquia,San Roque,6.4875,-75.017,820,5/15/1975,,Monchia,Magdalena Cauca,Medio Magdalena,Río Nare,2009,02,Andes,Definitivo,18,18,0,9.09174823760986,9.09174823760986,15.7318515777588,20.6137104034424,24.0452747344971,3.05454540252686,6.04363632202148,5,10,0.869565188884735,0.876811623573303,1,1,13,1.08000004291534,19.4400007724762
03,2016-03-02,23080760,,"",SAN ROQUE [23080760],Pluviométrica,Convencional,Activa,Antioquia,San Roque,6.4875,-75.017,820,5/15/1975,,Monchia,Magdalena Cauca,Medio Magdalena,Río Nare,2016,02,Andes,Preliminar,0,0,0,2.49527764320374,2.49527764320374,0,1.52072703838348,6.69577693939209,3.05454540252686,6.04363632202148,5,10,0.869565188884735,0.876811623573303,1,1,13,1.08000004291534,0
03,2016-03-03,23080760,,"",SAN ROQUE [23080760],Pluviométrica,Convencional,Activa,Antioquia,San Roque,6.4875,-75.017,820,5/15/1975,,Monchia,Magdalena Cauca,Medio Magdalena,Río Nare,2016,03,Andes,Preliminar,0,0,0,2.23733258247376,2.23733258247376,0,1.0501606464386,0,3.05454540252686,6.04363632202148,5,10,0.869565188884735,0.876811623573303,1,1,13,1.08000004291534,0
03,2001-03-09,23080760,0,Definitivo,SAN ROQUE [23080760],Pluviométrica,Convencional,Activa,Antioquia,San Roque,6.4875,-75.017,820,5/15/1975,,Monchia,Magdalena Cauca,Medio Magdalena,Río Nare,2001,09,Andes,Definitivo,0,0,0,5.60453605651856,5.60453605651856,0,5.9096736907959,0.0614900700747967,3.05454540252686,6.04363632202148,5,10,0.869565188884735,0.876811623573303,1,1,14,1.08000004291534,0
03,2001-03-06,23080760,28,Definitivo,SAN ROQUE [23080760],Pluviométrica,Convencional,Activa,Antioquia,San Roque,6.4875,-75.017,820,5/15/1975,,Monchia,Magdalena Cauca,Medio Magdalena,Río Nare,2001,06,Andes,Definitivo,28,28,0,3.67523622512817,3.67523622512817,0,16.0716438293457,30.7312564849854,3.05454540252686,6.04363632202148,5,10,0.869565188884735,0.876811623573303,1,1,14,1.08000004291534,30.2400012016296
03,2013-03-05,23080760,46,Definitivo,SAN ROQUE [23080760],Pluviométrica,Convencional,Activa,Antioquia,San Roque,6.4875,-75.017,820,5/15/1975,,Monchia,Magdalena Cauca,Medio Magdalena,Río Nare,2013,05,Andes,Definitivo,46,46,0,6.78740358352661,6.78740358352661,0,0.993383944034576,0.845949172973633,3.05454540252686,6.04363632202148,5,10,0.869565188884735,0.876811623573303,1,1,13,1.08000004291534,49.6800019741058
03,2003-03-03,23080760,0,Definitivo,SAN ROQUE [23080760],Pluviométrica,Convencional,Activa,Antioquia,San Roque,6.4875,-75.017,820,5/15/1975,,Monchia,Magdalena Cauca,Medio Magdalena,Río Nare,2003,03,Andes,Definitivo,0,0,0,2.79039573669434,2.79039573669434,0,1.84731566905975,1.37065207958221,3.05454540252686,6.04363632202148,5,10,0.869565188884735,0.876811623573303,1,1,13,1.08000004291534,0
03,2011-03-03,23080760,7,Definitivo,SAN ROQUE [23080760],Pluviométrica,Convencional,Activa,Antioquia,San Roque,6.4875,-75.017,820,5/15/1975,,Monchia,Magdalena Cauca,Medio Magdalena,Río Nare,2011,03,Andes,Definitivo,7,7,0,5.51042652130127,5.51042652130127,0,35.1058540344238,13.879508972168,3.05454540252686,6.04363632202148,5,10,0.869565188884735,0.876811623573303,1,1,13,1.08000004291534,7.56000030040741
03,2018-03-06,23080760,0,Definitivo,SAN ROQUE [23080760],Pluviométrica,Convencional,Activa,Antioquia,San Roque,6.4875,-75.017,820,5/15/1975,,Monchia,Magdalena Cauca,Medio Magdalena,Río Nare,2018,06,Andes,Definitivo,0,0,0,4.37214946746826,4.37214946746826,0,22.6094360351563,0.0113548925146461,3.05454540252686,6.04363632202148,5,10,0.869565188884735,0.876811623573303,1,1,14,1.08000004291534,0
03,2018-03-02,23080760,10,Definitivo,SAN ROQUE [23080760],Pluviométrica,Convencional,Activa,Antioquia,San Roque,6.4875,-75.017,820,5/15/1975,,Monchia,Magdalena Cauca,Medio Magdalena,Río Nare,2018,02,Andes,Definitivo,10,10,0,1.51685118675232,1.51685118675232,0,1.48058581352234,9.95645713806152,3.05454540252686,6.04363632202148,5,10,0.869565188884735,0.876811623573303,1,1,13,1.08000004291534,10.8000004291534
03,2011-03-04,23080760,21,Definitivo,SAN ROQUE [23080760],Pluviométrica,Convencional,Activa,Antioquia,San Roque,6.4875,-75.017,820,5/15/1975,,Monchia,Magdalena Cauca,Medio Magdalena,Río Nare,2011,04,Andes,Definitivo,21,21,0,6.9029688835144,6.9029688835144,0,10.6392250061035,6.61356592178345,3.05454540252686,6.04363632202148,5,10,0.869565188884735,0.876811623573303,1,1,13,1.08000004291534,22.6800009012222
03,2011-03-05,23080760,12,Definitivo,SAN ROQUE [23080760],Pluviométrica,Convencional,Activa,Antioquia,San Roque,6.4875,-75.017,820,5/15/1975,,Monchia,Magdalena Cauca,Medio Magdalena,Río Nare,2011,05,Andes,Definitivo,12,12,0,3.31360936164856,3.31360936164856,0,15.5609884262085,5.68137836456299,3.05454540252686,6.04363632202148,5,10,0.869565188884735,0.876811623573303,1,1,13,1.08000004291534,12.9600005149841
03,2011-03-02,23080760,50,Definitivo,SAN ROQUE [23080760],Pluviométrica,Convencional,Activa,Antioquia,San Roque,6.4875,-75.017,820,5/15/1975,,Monchia,Magdalena Cauca,Medio Magdalena,Río Nare,2011,02,Andes,Definitivo,50,50,0,5.17033338546753,5.17033338546753,0,25.6883449554443,36.7707023620606,3.05454540252686,6.04363632202148,5,10,0.869565188884735,0.876811623573303,1,1,13,1.08000004291534,54.0000021457672
03,2007-03-01,23080760,,"",SAN ROQUE [23080760],Pluviométrica,Convencional,Activa,Antioquia,San Roque,6.4875,-75.017,820,5/15/1975,,Monchia,Magdalena Cauca,Medio Magdalena,Río Nare,2007,01,Andes,Preliminar,0,0,0,1.51848983764648,1.51848983764648,0,0.970699548721313,0,3.05454540252686,6.04363632202148,5,10,0.869565188884735,0.876811623573303,1,1,13,1.08000004291534,0
03,2001-03-04,23080760,10,Definitivo,SAN ROQUE [23080760],Pluviométrica,Convencional,Activa,Antioquia,San Roque,6.4875,-75.017,820,5/15/1975,,Monchia,Magdalena Cauca,Medio Magdalena,Río Nare,2001,04,Andes,Definitivo,10,10,0,5.00172853469849,5.00172853469849,0,3.08236503601074,6.97158908843994,3.05454540252686,6.04363632202148,5,10,0.869565188884735,0.876811623573303,1,1,13,1.08000004291534,10.8000004291534
03,2016-03-01,23080760,,"",SAN ROQUE [23080760],Pluviométrica,Convencional,Activa,Antioquia,San Roque,6.4875,-75.017,820,5/15/1975,,Monchia,Magdalena Cauca,Medio Magdalena,Río Nare,2016,01,Andes,Preliminar,0,0,0,0.729185283184052,0.729185283184052,7.88626670837402,0.971533536911011,0.0534291006624699,3.05454540252686,6.04363632202148,5,10,0.869565188884735,0.876811623573303,1,1,13,1.08000004291534,0
03,2009-03-03,23080760,15,Definitivo,SAN ROQUE [23080760],Pluviométrica,Convencional,Activa,Antioquia,San Roque,6.4875,-75.017,820,5/15/1975,,Monchia,Magdalena Cauca,Medio Magdalena,Río Nare,2009,03,Andes,Definitivo,15,15,0,15.2285747528076,15.2285747528076,15.7318515777588,34.3819007873535,36.3389091491699,3.05454540252686,6.04363632202148,5,10,0.869565188884735,0.876811623573303,1,1,13,1.08000004291534,16.2000006437302
03,2014-03-06,23080760,0,Definitivo,SAN ROQUE [23080760],Pluviométrica,Convencional,Activa,Antioquia,San Roque,6.4875,-75.017,820,5/15/1975,,Monchia,Magdalena Cauca,Medio Magdalena,Río Nare,2014,06,Andes,Definitivo,0,0,0,5.50994920730591,5.50994920730591,3.97355961799622,6.20211696624756,3.00728368759155,3.05454540252686,6.04363632202148,5,10,0.869565188884735,0.876811623573303,1,1,14,1.08000004291534,0
03,2002-03-02,23080760,,"",SAN ROQUE [23080760],Pluviométrica,Convencional,Activa,Antioquia,San Roque,6.4875,-75.017,820,5/15/1975,,Monchia,Magdalena Cauca,Medio Magdalena,Río Nare,2002,02,Andes,Preliminar,0,0,0,0.554691672325134,0.554691672325134,0,0.042044248431921,0.612621188163757,3.05454540252686,6.04363632202148,5,10,0.869565188884735,0.876811623573303,1,1,13,1.08000004291534,0
03,2007-03-02,23080760,,"",SAN ROQUE [23080760],Pluviométrica,Convencional,Activa,Antioquia,San Roque,6.4875,-75.017,820,5/15/1975,,Monchia,Magdalena Cauca,Medio Magdalena,Río Nare,2007,02,Andes,Preliminar,0,0,0,1.24987614154816,1.24987614154816,0,0.175547257065773,0,3.05454540252686,6.04363632202148,5,10,0.869565188884735,0.876811623573303,1,1,13,1.08000004291534,0
03,2003-03-04,23080760,0,Definitivo,SAN ROQUE [23080760],Pluviométrica,Convencional,Activa,Antioquia,San Roque,6.4875,-75.017,820,5/15/1975,,Monchia,Magdalena Cauca,Medio Magdalena,Río Nare,2003,04,Andes,Definitivo,0,0,0,1.28537166118622,1.28537166118622,0,1.61187505722046,2.61836433410645,3.05454540252686,6.04363632202148,5,10,0.869565188884735,0.876811623573303,1,1,13,1.08000004291534,0
03,2016-03-04,23080760,,"",SAN ROQUE [23080760],Pluviométrica,Convencional,Activa,Antioquia,San Roque,6.4875,-75.017,820,5/15/1975,,Monchia,Magdalena Cauca,Medio Magdalena,Río Nare,2016,04,Andes,Preliminar,0,0,0,0.945000648498535,0.945000648498535,0,2.1611487865448,0,3.05454540252686,6.04363632202148,5,10,0.869565188884735,0.876811623573303,1,1,13,1.08000004291534,0
03,2016-03-05,23080760,,"",SAN ROQUE [23080760],Pluviométrica,Convencional,Activa,Antioquia,San Roque,6.4875,-75.017,820,5/15/1975,,Monchia,Magdalena Cauca,Medio Magdalena,Río Nare,2016,05,Andes,Preliminar,0,0,0,2.6180956363678,2.6180956363678,0,1.13535559177399,0.0897191911935806,3.05454540252686,6.04363632202148,5,10,0.869565188884735,0.876811623573303,1,1,13,1.08000004291534,0
03,2018-03-01,23080760,0,Definitivo,SAN ROQUE [23080760],Pluviométrica,Convencional,Activa,Antioquia,San Roque,6.4875,-75.017,820,5/15/1975,,Monchia,Magdalena Cauca,Medio Magdalena,Río Nare,2018,01,Andes,Definitivo,0,0,0,1.68177819252014,1.68177819252014,0,1.13308954238892,0.0849996507167816,3.05454540252686,6.04363632202148,5,10,0.869565188884735,0.876811623573303,1,1,13,1.08000004291534,0
03,2002-03-03,23080760,,"",SAN ROQUE [23080760],Pluviométrica,Convencional,Activa,Antioquia,San Roque,6.4875,-75.017,820,5/15/1975,,Monchia,Magdalena Cauca,Medio Magdalena,Río Nare,2002,03,Andes,Preliminar,0,0,0,0.993568658828735,0.993568658828735,0,0.939590215682983,1.15000820159912,3.05454540252686,6.04363632202148,5,10,0.869565188884735,0.876811623573303,1,1,13,1.08000004291534,0
03,2013-03-01,23080760,,"",SAN ROQUE [23080760],Pluviométrica,Convencional,Activa,Antioquia,San Roque,6.4875,-75.017,820,5/15/1975,,Monchia,Magdalena Cauca,Medio Magdalena,Río Nare,2013,01,Andes,Preliminar,0,0,0,5.57633829116821,5.57633829116821,24.7607555389404,14.2554626464844,30.6604194641113,3.05454540252686,6.04363632202148,5,10,0.869565188884735,0.876811623573303,1,1,13,1.08000004291534,0
03,2011-03-06,23080760,13,Definitivo,SAN ROQUE [23080760],Pluviométrica,Convencional,Activa,Antioquia,San Roque,6.4875,-75.017,820,5/15/1975,,Monchia,Magdalena Cauca,Medio Magdalena,Río Nare,2011,06,Andes,Definitivo,13,13,0,8.33967018127441,8.33967018127441,5.84485292434692,14.5230503082275,10.0274772644043,3.05454540252686,6.04363632202148,5,10,0.869565188884735,0.876811623573303,1,1,14,1.08000004291534,14.0400005578995
03,2014-03-04,23080760,0,Definitivo,SAN ROQUE [23080760],Pluviométrica,Convencional,Activa,Antioquia,San Roque,6.4875,-75.017,820,5/15/1975,,Monchia,Magdalena Cauca,Medio Magdalena,Río Nare,2014,04,Andes,Definitivo,0,0,0,3.30543756484985,3.30543756484985,9.57772445678711,2.61055374145508,20.3326072692871,3.05454540252686,6.04363632202148,5,10,0.869565188884735,0.876811623573303,1,1,13,1.08000004291534,0
03,2015-03-03,23080760,,"",SAN ROQUE [23080760],Pluviométrica,Convencional,Activa,Antioquia,San Roque,6.4875,-75.017,820,5/15/1975,,Monchia,Magdalena Cauca,Medio Magdalena,Río Nare,2015,03,Andes,Preliminar,0,0,0,2.15283465385437,2.15283465385437,0,1.30264210700989,0.0202457718551159,3.05454540252686,6.04363632202148,5,10,0.869565188884735,0.876811623573303,1,1,13,1.08000004291534,0
03,2005-03-01,23080760,1,Definitivo,SAN ROQUE [23080760],Pluviométrica,Convencional,Activa,Antioquia,San Roque,6.4875,-75.017,820,5/15/1975,,Monchia,Magdalena Cauca,Medio Magdalena,Río Nare,2005,01,Andes,Definitivo,1,1,0,2.25955152511597,2.25955152511597,0,2.34733319282532,1.17638981342316,3.05454540252686,6.04363632202148,5,10,0.869565188884735,0.876811623573303,1,1,13,1.08000004291534,1.08000004291534
03,2008-03-02,23080760,,"",SAN ROQUE [23080760],Pluviométrica,Convencional,Activa,Antioquia,San Roque,6.4875,-75.017,820,5/15/1975,,Monchia,Magdalena Cauca,Medio Magdalena,Río Nare,2008,02,Andes,Preliminar,0,0,0,3.12322115898132,3.12322115898132,0,2.3781840801239,2.18995451927185,3.05454540252686,6.04363632202148,5,10,0.869565188884735,0.876811623573303,1,1,13,1.08000004291534,0
03,2012-03-01,23080760,,"",SAN ROQUE [23080760],Pluviométrica,Convencional,Activa,Antioquia,San Roque,6.4875,-75.017,820,5/15/1975,,Monchia,Magdalena Cauca,Medio Magdalena,Río Nare,2012,01,Andes,Preliminar,0,0,0,3.44389295578003,3.44389295578003,0,20.7283554077148,0.676108002662659,3.05454540252686,6.04363632202148,5,10,0.869565188884735,0.876811623573303,1,1,13,1.08000004291534,0
03,2012-03-02,23080760,2,Definitivo,SAN ROQUE [23080760],Pluviométrica,Convencional,Activa,Antioquia,San Roque,6.4875,-75.017,820,5/15/1975,,Monchia,Magdalena Cauca,Medio Magdalena,Río Nare,2012,02,Andes,Definitivo,2,2,0,1.78602480888367,1.78602480888367,0,1.85140228271484,0,3.05454540252686,6.04363632202148,5,10,0.869565188884735,0.876811623573303,1,1,13,1.08000004291534,2.16000008583069
03,2013-03-03,23080760,0,Definitivo,SAN ROQUE [23080760],Pluviométrica,Convencional,Activa,Antioquia,San Roque,6.4875,-75.017,820,5/15/1975,,Monchia,Magdalena Cauca,Medio Magdalena,Río Nare,2013,03,Andes,Definitivo,0,0,0,4.06937217712402,4.06937217712402,0,10.9799108505249,3.02426171302795,3.05454540252686,6.04363632202148,5,10,0.869565188884735,0.876811623573303,1,1,13,1.08000004291534,0
03,2013-03-02,23080760,0,Definitivo,SAN ROQUE [23080760],Pluviométrica,Convencional,Activa,Antioquia,San Roque,6.4875,-75.017,820,5/15/1975,,Monchia,Magdalena Cauca,Medio Magdalena,Río Nare,2013,02,Andes,Definitivo,0,0,0,2.57820296287537,2.57820296287537,0,1.944455742836,0.027424892410636,3.05454540252686,6.04363632202148,5,10,0.869565188884735,0.876811623573303,1,1,13,1.08000004291534,0
03,2015-03-02,23080760,0,Definitivo,SAN ROQUE [23080760],Pluviométrica,Convencional,Activa,Antioquia,San Roque,6.4875,-75.017,820,5/15/1975,,Monchia,Magdalena Cauca,Medio Magdalena,Río Nare,2015,02,Andes,Definitivo,0,0,0,4.43206167221069,4.43206167221069,7.3138632774353,3.61800479888916,7.70773458480835,3.05454540252686,6.04363632202148,5,10,0.869565188884735,0.876811623573303,1,1,13,1.08000004291534,0
03,2007-03-03,23080760,,"",SAN ROQUE [23080760],Pluviométrica,Convencional,Activa,Antioquia,San Roque,6.4875,-75.017,820,5/15/1975,,Monchia,Magdalena Cauca,Medio Magdalena,Río Nare,2007,03,Andes,Preliminar,0,0,0,1.88029611110687,1.88029611110687,0,0.709807991981506,0.104983121156693,3.05454540252686,6.04363632202148,5,10,0.869565188884735,0.876811623573303,1,1,13,1.08000004291534,0
03,2014-03-05,23080760,0,Definitivo,SAN ROQUE [23080760],Pluviométrica,Convencional,Activa,Antioquia,San Roque,6.4875,-75.017,820,5/15/1975,,Monchia,Magdalena Cauca,Medio Magdalena,Río Nare,2014,05,Andes,Definitivo,0,0,0,3.50223350524902,3.50223350524902,9.57772445678711,7.85880994796753,0.199095919728279,3.05454540252686,6.04363632202148,5,10,0.869565188884735,0.876811623573303,1,1,13,1.08000004291534,0
03,2015-03-01,23080760,0,Definitivo,SAN ROQUE [23080760],Pluviométrica,Convencional,Activa,Antioquia,San Roque,6.4875,-75.017,820,5/15/1975,,Monchia,Magdalena Cauca,Medio Magdalena,Río Nare,2015,01,Andes,Definitivo,0,0,0,12.1033267974854,12.1033267974854,7.3138632774353,11.1189241409302,13.5813703536987,3.05454540252686,6.04363632202148,5,10,0.869565188884735,0.876811623573303,1,1,13,1.08000004291534,0
03,2010-03-02,23080760,43,Definitivo,SAN ROQUE [23080760],Pluviométrica,Convencional,Activa,Antioquia,San Roque,6.4875,-75.017,820,5/15/1975,,Monchia,Magdalena Cauca,Medio Magdalena,Río Nare,2010,02,Andes,Definitivo,43,43,0,4.33874559402466,4.33874559402466,7.84252786636353,14.8569812774658,2.29153299331665,3.05454540252686,6.04363632202148,5,10,0.869565188884735,0.876811623573303,1,1,13,1.08000004291534,46.4400018453598
03,2010-03-03,23080760,10,Definitivo,SAN ROQUE [23080760],Pluviométrica,Convencional,Activa,Antioquia,San Roque,6.4875,-75.017,820,5/15/1975,,Monchia,Magdalena Cauca,Medio Magdalena,Río Nare,2010,03,Andes,Definitivo,10,10,0,18.4920349121094,18.4920349121094,31.3701114654541,27.165319442749,67.7852325439453,3.05454540252686,6.04363632202148,5,10,0.869565188884735,0.876811623573303,1,1,13,1.08000004291534,10.8000004291534
03,2010-03-01,23080760,2,Definitivo,SAN ROQUE [23080760],Pluviométrica,Convencional,Activa,Antioquia,San Roque,6.4875,-75.017,820,5/15/1975,,Monchia,Magdalena Cauca,Medio Magdalena,Río Nare,2010,01,Andes,Definitivo,2,2,0,1.11211538314819,1.11211538314819,0,7.78138017654419,0.0340740159153938,3.05454540252686,6.04363632202148,5,10,0.869565188884735,0.876811623573303,1,1,13,1.08000004291534,2.16000008583069
03,2005-03-02,23080760,,"",SAN ROQUE [23080760],Pluviométrica,Convencional,Activa,Antioquia,San Roque,6.4875,-75.017,820,5/15/1975,,Monchia,Magdalena Cauca,Medio Magdalena,Río Nare,2005,02,Andes,Preliminar,0,0,0,2.55284452438355,2.55284452438355,0,4.1306848526001,0.0174218229949474,3.05454540252686,6.04363632202148,5,10,0.869565188884735,0.876811623573303,1,1,13,1.08000004291534,0
03,2005-03-03,23080760,20,Definitivo,SAN ROQUE [23080760],Pluviométrica,Convencional,Activa,Antioquia,San Roque,6.4875,-75.017,820,5/15/1975,,Monchia,Magdalena Cauca,Medio Magdalena,Río Nare,2005,03,Andes,Definitivo,20,20,0,4.11208438873291,4.11208438873291,0,6.35909366607666,5.08318614959717,3.05454540252686,6.04363632202148,5,10,0.869565188884735,0.876811623573303,1,1,13,1.08000004291534,21.6000008583069
03,2008-03-01,23080760,,"",SAN ROQUE [23080760],Pluviométrica,Convencional,Activa,Antioquia,San Roque,6.4875,-75.017,820,5/15/1975,,Monchia,Magdalena Cauca,Medio Magdalena,Río Nare,2008,01,Andes,Preliminar,0,0,0,1.79241490364075,1.79241490364075,0,3.94811654090881,0.258249133825302,3.05454540252686,6.04363632202148,5,10,0.869565188884735,0.876811623573303,1,1,13,1.08000004291534,0
04,2009-04-28,23080760,76,Definitivo,SAN ROQUE [23080760],Pluviométrica,Convencional,Activa,Antioquia,San Roque,6.4875,-75.017,820,5/15/1975,,Monchia,Magdalena Cauca,Medio Magdalena,Río Nare,2009,28,Andes,Definitivo,76,76,0,8.751784324646,8.751784324646,29.9670104980469,7.4034481048584,31.8052749633789,3.05454540252686,6.04363632202148,5,10,0.869565188884735,0.876811623573303,1,1,24,1.05999994277954,80.5599956512451
04,2011-04-30,23080760,14,Definitivo,SAN ROQUE [23080760],Pluviométrica,Convencional,Activa,Antioquia,San Roque,6.4875,-75.017,820,5/15/1975,,Monchia,Magdalena Cauca,Medio Magdalena,Río Nare,2011,30,Andes,Definitivo,14,14,0,26.1050624847412,26.1050624847412,6.49369287490845,16.7198753356934,20.1294612884521,3.05454540252686,6.04363632202148,5,10,0.869565188884735,0.876811623573303,1,1,24,1.05999994277954,14.8399991989136
04,2007-04-28,23080760,18,Definitivo,SAN ROQUE [23080760],Pluviométrica,Convencional,Activa,Antioquia,San Roque,6.4875,-75.017,820,5/15/1975,,Monchia,Magdalena Cauca,Medio Magdalena,Río Nare,2007,28,Andes,Definitivo,18,18,0,4.57058572769165,4.57058572769165,0,8.35184478759766,0.470101952552795,3.05454540252686,6.04363632202148,5,10,0.869565188884735,0.876811623573303,1,1,24,1.05999994277954,19.0799989700317
04,2013-04-30,23080760,2,Definitivo,SAN ROQUE [23080760],Pluviométrica,Convencional,Activa,Antioquia,San Roque,6.4875,-75.017,820,5/15/1975,,Monchia,Magdalena Cauca,Medio Magdalena,Río Nare,2013,30,Andes,Definitivo,2,2,0,2.14174962043762,2.14174962043762,5.90111207962036,4.42571306228638,1.42896127700806,3.05454540252686,6.04363632202148,5,10,0.869565188884735,0.876811623573303,1,1,24,1.05999994277954,2.11999988555908
04,2009-04-29,23080760,55,Definitivo,SAN ROQUE [23080760],Pluviométrica,Convencional,Activa,Antioquia,San Roque,6.4875,-75.017,820,5/15/1975,,Monchia,Magdalena Cauca,Medio Magdalena,Río Nare,2009,29,Andes,Definitivo,55,55,0,14.6416702270508,14.6416702270508,19.978006362915,39.3194541931152,33.9822273254395,3.05454540252686,6.04363632202148,5,10,0.869565188884735,0.876811623573303,1,1,24,1.05999994277954,58.2999968528748
04,2011-04-29,23080760,42,Definitivo,SAN ROQUE [23080760],Pluviométrica,Convencional,Activa,Antioquia,San Roque,6.4875,-75.017,820,5/15/1975,,Monchia,Magdalena Cauca,Medio Magdalena,Río Nare,2011,29,Andes,Definitivo,42,42,0,5.88673162460327,5.88673162460327,6.49369287490845,10.3491334915161,32.3360023498535,3.05454540252686,6.04363632202148,5,10,0.869565188884735,0.876811623573303,1,1,24,1.05999994277954,44.5199975967407
04,2009-04-30,23080760,2,Definitivo,SAN ROQUE [23080760],Pluviométrica,Convencional,Activa,Antioquia,San Roque,6.4875,-75.017,820,5/15/1975,,Monchia,Magdalena Cauca,Medio Magdalena,Río Nare,2009,30,Andes,Definitivo,2,2,0,14.4628009796143,14.4628009796143,39.9560127258301,68.6651306152344,66.6731109619141,3.05454540252686,6.04363632202148,5,10,0.869565188884735,0.876811623573303,1,1,24,1.05999994277954,2.11999988555908
04,2005-04-27,23080760,18,Definitivo,SAN ROQUE [23080760],Pluviométrica,Convencional,Activa,Antioquia,San Roque,6.4875,-75.017,820,5/15/1975,,Monchia,Magdalena Cauca,Medio Magdalena,Río Nare,2005,27,Andes,Definitivo,18,18,0,3.56574654579163,3.56574654579163,4.4020791053772,8.05820369720459,2.04174304008484,3.05454540252686,6.04363632202148,5,10,0.869565188884735,0.876811623573303,1,1,24,1.05999994277954,19.0799989700317
04,2007-04-27,23080760,7,Definitivo,SAN ROQUE [23080760],Pluviométrica,Convencional,Activa,Antioquia,San Roque,6.4875,-75.017,820,5/15/1975,,Monchia,Magdalena Cauca,Medio Magdalena,Río Nare,2007,27,Andes,Definitivo,7,7,0,3.20260620117188,3.20260620117188,20.8936042785645,18.4478511810303,9.8377857208252,3.05454540252686,6.04363632202148,5,10,0.869565188884735,0.876811623573303,1,1,24,1.05999994277954,7.41999959945679
04,2008-04-25,23080760,3,Definitivo,SAN ROQUE [23080760],Pluviométrica,Convencional,Activa,Antioquia,San Roque,6.4875,-75.017,820,5/15/1975,,Monchia,Magdalena Cauca,Medio Magdalena,Río Nare,2008,25,Andes,Definitivo,3,3,0,21.8718318939209,21.8718318939209,21.1114921569824,42.8395652770996,30.6323356628418,3.05454540252686,6.04363632202148,5,10,0.869565188884735,0.876811623573303,1,1,23,1.05999994277954,3.17999982833862
04,2007-04-22,23080760,0,Definitivo,SAN ROQUE [23080760],Pluviométrica,Convencional,Activa,Antioquia,San Roque,6.4875,-75.017,820,5/15/1975,,Monchia,Magdalena Cauca,Medio Magdalena,Río Nare,2007,22,Andes,Definitivo,0,0,0,12.7422008514404,12.7422008514404,29.2785720825195,19.8997478485107,23.9988956451416,3.05454540252686,6.04363632202148,5,10,0.869565188884735,0.876811623573303,1,1,23,1.05999994277954,0
04,2006-04-30,23080760,0.3,Definitivo,SAN ROQUE [23080760],Pluviométrica,Convencional,Activa,Antioquia,San Roque,6.4875,-75.017,820,5/15/1975,,Monchia,Magdalena Cauca,Medio Magdalena,Río Nare,2006,30,Andes,Definitivo,0.3,0.3,0,9.1907434463501,9.1907434463501,27.5830307006836,17.9557514190674,8.85327434539795,3.05454540252686,6.04363632202148,5,10,0.869565188884735,0.876811623573303,1,1,24,1.05999994277954,0.317999982833862
04,2008-04-29,23080760,3,Definitivo,SAN ROQUE [23080760],Pluviométrica,Convencional,Activa,Antioquia,San Roque,6.4875,-75.017,820,5/15/1975,,Monchia,Magdalena Cauca,Medio Magdalena,Río Nare,2008,29,Andes,Definitivo,3,3,0,22.211519241333,22.211519241333,26.5757427215576,9.8681526184082,52.7357444763184,3.05454540252686,6.04363632202148,5,10,0.869565188884735,0.876811623573303,1,1,24,1.05999994277954,3.17999982833862
04,2006-04-29,23080760,30,Definitivo,SAN ROQUE [23080760],Pluviométrica,Convencional,Activa,Antioquia,San Roque,6.4875,-75.017,820,5/15/1975,,Monchia,Magdalena Cauca,Medio Magdalena,Río Nare,2006,29,Andes,Definitivo,30,30,0,14.1779680252075,14.1779680252075,6.8957576751709,16.4904155731201,9.39071464538574,3.05454540252686,6.04363632202148,5,10,0.869565188884735,0.876811623573303,1,1,24,1.05999994277954,31.7999982833862
04,2008-04-28,23080760,4,Definitivo,SAN ROQUE [23080760],Pluviométrica,Convencional,Activa,Antioquia,San Roque,6.4875,-75.017,820,5/15/1975,,Monchia,Magdalena Cauca,Medio Magdalena,Río Nare,2008,28,Andes,Definitivo,4,4,0,4.22395753860474,4.22395753860474,0,8.75426006317139,6.56982755661011,3.05454540252686,6.04363632202148,5,10,0.869565188884735,0.876811623573303,1,1,24,1.05999994277954,4.23999977111816
04,2016-04-28,23080760,48,Definitivo,SAN ROQUE [23080760],Pluviométrica,Convencional,Activa,Antioquia,San Roque,6.4875,-75.017,820,5/15/1975,,Monchia,Magdalena Cauca,Medio Magdalena,Río Nare,2016,28,Andes,Definitivo,48,48,0,6.36565828323364,6.36565828323364,12.9736976623535,10.9724788665771,27.4963226318359,3.05454540252686,6.04363632202148,5,10,0.869565188884735,0.876811623573303,1,1,24,1.05999994277954,50.879997253418
04,2010-04-27,23080760,1,Definitivo,SAN ROQUE [23080760],Pluviométrica,Convencional,Activa,Antioquia,San Roque,6.4875,-75.017,820,5/15/1975,,Monchia,Magdalena Cauca,Medio Magdalena,Río Nare,2010,27,Andes,Definitivo,1,1,0,37.1488876342773,37.1488876342773,0,14.8118095397949,4.42796850204468,3.05454540252686,6.04363632202148,5,10,0.869565188884735,0.876811623573303,1,1,24,1.05999994277954,1.05999994277954
04,2010-04-29,23080760,0,Definitivo,SAN ROQUE [23080760],Pluviométrica,Convencional,Activa,Antioquia,San Roque,6.4875,-75.017,820,5/15/1975,,Monchia,Magdalena Cauca,Medio Magdalena,Río Nare,2010,29,Andes,Definitivo,0,0,0,7.03254175186157,7.03254175186157,10.9664087295532,9.8154878616333,10.9365949630737,3.05454540252686,6.04363632202148,5,10,0.869565188884735,0.876811623573303,1,1,24,1.05999994277954,0
04,2014-04-28,23080760,0,Definitivo,SAN ROQUE [23080760],Pluviométrica,Convencional,Activa,Antioquia,San Roque,6.4875,-75.017,820,5/15/1975,,Monchia,Magdalena Cauca,Medio Magdalena,Río Nare,2014,28,Andes,Definitivo,0,0,0,8.29759788513184,8.29759788513184,10.4608554840088,3.95215010643005,1.31056213378906,3.05454540252686,6.04363632202148,5,10,0.869565188884735,0.876811623573303,1,1,24,1.05999994277954,0
04,2010-04-26,23080760,12,Definitivo,SAN ROQUE [23080760],Pluviométrica,Convencional,Activa,Antioquia,San Roque,6.4875,-75.017,820,5/15/1975,,Monchia,Magdalena Cauca,Medio Magdalena,Río Nare,2010,26,Andes,Definitivo,12,12,0,8.97458362579346,8.97458362579346,27.4160194396973,27.8024272918701,46.8855400085449,3.05454540252686,6.04363632202148,5,10,0.869565188884735,0.876811623573303,1,1,24,1.05999994277954,12.7199993133545
04,2006-04-25,23080760,54,Definitivo,SAN ROQUE [23080760],Pluviométrica,Convencional,Activa,Antioquia,San Roque,6.4875,-75.017,820,5/15/1975,,Monchia,Magdalena Cauca,Medio Magdalena,Río Nare,2006,25,Andes,Definitivo,54,54,0,10.7631120681763,10.7631120681763,23.0591869354248,58.8447914123535,39.3284301757813,3.05454540252686,6.04363632202148,5,10,0.869565188884735,0.876811623573303,1,1,23,1.05999994277954,57.2399969100952
04,2006-04-26,23080760,44,Definitivo,SAN ROQUE [23080760],Pluviométrica,Convencional,Activa,Antioquia,San Roque,6.4875,-75.017,820,5/15/1975,,Monchia,Magdalena Cauca,Medio Magdalena,Río Nare,2006,26,Andes,Definitivo,44,44,0,9.66911029815674,9.66911029815674,27.5830307006836,21.2312774658203,71.2514572143555,3.05454540252686,6.04363632202148,5,10,0.869565188884735,0.876811623573303,1,1,24,1.05999994277954,46.6399974822998
04,2006-04-28,23080760,12,Definitivo,SAN ROQUE [23080760],Pluviométrica,Convencional,Activa,Antioquia,San Roque,6.4875,-75.017,820,5/15/1975,,Monchia,Magdalena Cauca,Medio Magdalena,Río Nare,2006,28,Andes,Definitivo,12,12,0,13.9642305374146,13.9642305374146,0,38.8434524536133,10.2114887237549,3.05454540252686,6.04363632202148,5,10,0.869565188884735,0.876811623573303,1,1,24,1.05999994277954,12.7199993133545
04,2006-04-24,23080760,6,Definitivo,SAN ROQUE [23080760],Pluviométrica,Convencional,Activa,Antioquia,San Roque,6.4875,-75.017,820,5/15/1975,,Monchia,Magdalena Cauca,Medio Magdalena,Río Nare,2006,24,Andes,Definitivo,6,6,0,3.24367761611939,3.24367761611939,0,15.5632314682007,41.8984756469727,3.05454540252686,6.04363632202148,5,10,0.869565188884735,0.876811623573303,1,1,23,1.05999994277954,6.35999965667725
04,2005-04-26,23080760,,"",SAN ROQUE [23080760],Pluviométrica,Convencional,Activa,Antioquia,San Roque,6.4875,-75.017,820,5/15/1975,,Monchia,Magdalena Cauca,Medio Magdalena,Río Nare,2005,26,Andes,Preliminar,0,0,0,5.35454273223877,5.35454273223877,4.4020791053772,6.55926322937012,7.55296039581299,3.05454540252686,6.04363632202148,5,10,0.869565188884735,0.876811623573303,1,1,24,1.05999994277954,0
04,2008-04-18,23080760,,"",SAN ROQUE [23080760],Pluviométrica,Convencional,Activa,Antioquia,San Roque,6.4875,-75.017,820,5/15/1975,,Monchia,Magdalena Cauca,Medio Magdalena,Río Nare,2008,18,Andes,Preliminar,0,0,0,0.929269850254059,0.929269850254059,0,0.237628221511841,0,3.05454540252686,6.04363632202148,5,10,0.869565188884735,0.876811623573303,1,1,22,1.05999994277954,0
04,2008-04-19,23080760,1,Definitivo,SAN ROQUE [23080760],Pluviométrica,Convencional,Activa,Antioquia,San Roque,6.4875,-75.017,820,5/15/1975,,Monchia,Magdalena Cauca,Medio Magdalena,Río Nare,2008,19,Andes,Definitivo,1,1,0,3.11260318756104,3.11260318756104,0,1.90890085697174,0.865181922912598,3.05454540252686,6.04363632202148,5,10,0.869565188884735,0.876811623573303,1,1,22,1.05999994277954,1.05999994277954
04,2019-04-30,23080760,0,Definitivo,SAN ROQUE [23080760],Pluviométrica,Convencional,Activa,Antioquia,San Roque,6.4875,-75.017,820,5/15/1975,,Monchia,Magdalena Cauca,Medio Magdalena,Río Nare,2019,30,Andes,Definitivo,0,0,0,0,0,0,2.1288332939148,0.432520300149918,3.05454540252686,6.04363632202148,5,10,0.869565188884735,0.876811623573303,1,1,24,1.05999994277954,0
04,2014-04-29,23080760,0,Definitivo,SAN ROQUE [23080760],Pluviométrica,Convencional,Activa,Antioquia,San Roque,6.4875,-75.017,820,5/15/1975,,Monchia,Magdalena Cauca,Medio Magdalena,Río Nare,2014,29,Andes,Definitivo,0,0,0,5.75527048110962,5.75527048110962,0,2.92603635787964,0.0770481154322624,3.05454540252686,6.04363632202148,5,10,0.869565188884735,0.876811623573303,1,1,24,1.05999994277954,0
04,2016-04-29,23080760,,"",SAN ROQUE [23080760],Pluviométrica,Convencional,Activa,Antioquia,San Roque,6.4875,-75.017,820,5/15/1975,,Monchia,Magdalena Cauca,Medio Magdalena,Río Nare,2016,29,Andes,Preliminar,0,0,0,10.2866592407227,10.2866592407227,6.48684883117676,14.7248907089233,35.2373886108398,3.05454540252686,6.04363632202148,5,10,0.869565188884735,0.876811623573303,1,1,24,1.05999994277954,0
04,2013-04-29,23080760,27,Definitivo,SAN ROQUE [23080760],Pluviométrica,Convencional,Activa,Antioquia,San Roque,6.4875,-75.017,820,5/15/1975,,Monchia,Magdalena Cauca,Medio Magdalena,Río Nare,2013,29,Andes,Definitivo,27,27,0,27.3780670166016,27.3780670166016,11.8022241592407,14.5457277297974,17.7959671020508,3.05454540252686,6.04363632202148,5,10,0.869565188884735,0.876811623573303,1,1,24,1.05999994277954,28.6199984550476
04,2008-04-26,23080760,41,Definitivo,SAN ROQUE [23080760],Pluviométrica,Convencional,Activa,Antioquia,San Roque,6.4875,-75.017,820,5/15/1975,,Monchia,Magdalena Cauca,Medio Magdalena,Río Nare,2008,26,Andes,Definitivo,41,41,0,5.69909334182739,5.69909334182739,8.85858154296875,31.5107288360596,16.1520519256592,3.05454540252686,6.04363632202148,5,10,0.869565188884735,0.876811623573303,1,1,24,1.05999994277954,43.4599976539612
04,2004-04-27,23080760,28,Definitivo,SAN ROQUE [23080760],Pluviométrica,Convencional,Activa,Antioquia,San Roque,6.4875,-75.017,820,5/15/1975,,Monchia,Magdalena Cauca,Medio Magdalena,Río Nare,2004,27,Andes,Definitivo,28,28,0,13.8095388412476,13.8095388412476,13.8063945770264,47.0320281982422,38.0010757446289,3.05454540252686,6.04363632202148,5,10,0.869565188884735,0.876811623573303,1,1,24,1.05999994277954,29.6799983978272
04,2007-04-26,23080760,56,Definitivo,SAN ROQUE [23080760],Pluviométrica,Convencional,Activa,Antioquia,San Roque,6.4875,-75.017,820,5/15/1975,,Monchia,Magdalena Cauca,Medio Magdalena,Río Nare,2007,26,Andes,Definitivo,56,56,0,26.4582557678223,26.4582557678223,20.8936042785645,42.3085250854492,37.0512084960938,3.05454540252686,6.04363632202148,5,10,0.869565188884735,0.876811623573303,1,1,24,1.05999994277954,59.3599967956543
04,2007-04-21,23080760,12,Definitivo,SAN ROQUE [23080760],Pluviométrica,Convencional,Activa,Antioquia,San Roque,6.4875,-75.017,820,5/15/1975,,Monchia,Magdalena Cauca,Medio Magdalena,Río Nare,2007,21,Andes,Definitivo,12,12,0,7.12782192230225,7.12782192230225,0,30.4976596832275,0.789442181587219,3.05454540252686,6.04363632202148,5,10,0.869565188884735,0.876811623573303,1,1,23,1.05999994277954,12.7199993133545
04,2015-04-29,23080760,0,Definitivo,SAN ROQUE [23080760],Pluviométrica,Convencional,Activa,Antioquia,San Roque,6.4875,-75.017,820,5/15/1975,,Monchia,Magdalena Cauca,Medio Magdalena,Río Nare,2015,29,Andes,Definitivo,0,0,0,0.208969920873642,0.208969920873642,0,0.232599765062332,1.78624176979065,3.05454540252686,6.04363632202148,5,10,0.869565188884735,0.876811623573303,1,1,24,1.05999994277954,0
04,2007-04-23,23080760,19,Definitivo,SAN ROQUE [23080760],Pluviométrica,Convencional,Activa,Antioquia,San Roque,6.4875,-75.017,820,5/15/1975,,Monchia,Magdalena Cauca,Medio Magdalena,Río Nare,2007,23,Andes,Definitivo,19,19,0,5.7689790725708,5.7689790725708,0,10.9032669067383,0.248516544699669,3.05454540252686,6.04363632202148,5,10,0.869565188884735,0.876811623573303,1,1,23,1.05999994277954,20.1399989128113
04,2013-04-25,23080760,0,Definitivo,SAN ROQUE [23080760],Pluviométrica,Convencional,Activa,Antioquia,San Roque,6.4875,-75.017,820,5/15/1975,,Monchia,Magdalena Cauca,Medio Magdalena,Río Nare,2013,25,Andes,Definitivo,0,0,0,1.48323547840118,1.48323547840118,0,2.22247910499573,0,3.05454540252686,6.04363632202148,5,10,0.869565188884735,0.876811623573303,1,1,23,1.05999994277954,0
04,2012-04-28,23080760,31,Definitivo,SAN ROQUE [23080760],Pluviométrica,Convencional,Activa,Antioquia,San Roque,6.4875,-75.017,820,5/15/1975,,Monchia,Magdalena Cauca,Medio Magdalena,Río Nare,2012,28,Andes,Definitivo,31,31,0,11.3893232345581,11.3893232345581,42.4821701049805,44.5215950012207,20.3158569335938,3.05454540252686,6.04363632202148,5,10,0.869565188884735,0.876811623573303,1,1,24,1.05999994277954,32.8599982261658
04,2010-04-13,23080760,26,Definitivo,SAN ROQUE [23080760],Pluviométrica,Convencional,Activa,Antioquia,San Roque,6.4875,-75.017,820,5/15/1975,,Monchia,Magdalena Cauca,Medio Magdalena,Río Nare,2010,13,Andes,Definitivo,26,26,0,12.8234081268311,12.8234081268311,15.4027118682861,26.8391876220703,21.7522430419922,3.05454540252686,6.04363632202148,5,10,0.869565188884735,0.876811623573303,1,1,21,1.05999994277954,27.5599985122681
04,2005-04-30,23080760,6,Definitivo,SAN ROQUE [23080760],Pluviométrica,Convencional,Activa,Antioquia,San Roque,6.4875,-75.017,820,5/15/1975,,Monchia,Magdalena Cauca,Medio Magdalena,Río Nare,2005,30,Andes,Definitivo,6,6,0,6.58656215667725,6.58656215667725,0,6.78454685211182,0.00841294415295124,3.05454540252686,6.04363632202148,5,10,0.869565188884735,0.876811623573303,1,1,24,1.05999994277954,6.35999965667725
04,2016-04-25,23080760,1,Definitivo,SAN ROQUE [23080760],Pluviométrica,Convencional,Activa,Antioquia,San Roque,6.4875,-75.017,820,5/15/1975,,Monchia,Magdalena Cauca,Medio Magdalena,Río Nare,2016,25,Andes,Definitivo,1,1,0,20.9529132843018,20.9529132843018,18.001838684082,20.06081199646,21.6644268035889,3.05454540252686,6.04363632202148,5,10,0.869565188884735,0.876811623573303,1,1,23,1.05999994277954,1.05999994277954
04,2017-04-29,23080760,35,Definitivo,SAN ROQUE [23080760],Pluviométrica,Convencional,Activa,Antioquia,San Roque,6.4875,-75.017,820,5/15/1975,,Monchia,Magdalena Cauca,Medio Magdalena,Río Nare,2017,29,Andes,Definitivo,35,35,0,3.20450496673584,3.20450496673584,3.57739186286926,0.261972874403,0.296748280525208,3.05454540252686,6.04363632202148,5,10,0.869565188884735,0.876811623573303,1,1,24,1.05999994277954,37.0999979972839
04,2008-04-30,23080760,1,Definitivo,SAN ROQUE [23080760],Pluviométrica,Convencional,Activa,Antioquia,San Roque,6.4875,-75.017,820,5/15/1975,,Monchia,Magdalena Cauca,Medio Magdalena,Río Nare,2008,30,Andes,Definitivo,1,1,0,16.0510387420654,16.0510387420654,8.85858154296875,21.0374450683594,9.40505695343018,3.05454540252686,6.04363632202148,5,10,0.869565188884735,0.876811623573303,1,1,24,1.05999994277954,1.05999994277954
04,2009-04-15,23080760,13,Definitivo,SAN ROQUE [23080760],Pluviométrica,Convencional,Activa,Antioquia,San Roque,6.4875,-75.017,820,5/15/1975,,Monchia,Magdalena Cauca,Medio Magdalena,Río Nare,2009,15,Andes,Definitivo,13,13,0,5.69245290756226,5.69245290756226,0,7.90857028961182,0.758107423782349,3.05454540252686,6.04363632202148,5,10,0.869565188884735,0.876811623573303,1,1,21,1.05999994277954,13.779999256134
04,2009-04-16,23080760,0,Definitivo,SAN ROQUE [23080760],Pluviométrica,Convencional,Activa,Antioquia,San Roque,6.4875,-75.017,820,5/15/1975,,Monchia,Magdalena Cauca,Medio Magdalena,Río Nare,2009,16,Andes,Definitivo,0,0,0,3.75761961936951,3.75761961936951,0,7.10041952133179,16.6574592590332,3.05454540252686,6.04363632202148,5,10,0.869565188884735,0.876811623573303,1,1,22,1.05999994277954,0
04,2007-04-24,23080760,39,Definitivo,SAN ROQUE [23080760],Pluviométrica,Convencional,Activa,Antioquia,San Roque,6.4875,-75.017,820,5/15/1975,,Monchia,Magdalena Cauca,Medio Magdalena,Río Nare,2007,24,Andes,Definitivo,39,39,0,10.3581237792969,10.3581237792969,29.2785720825195,28.7087268829346,76.3100738525391,3.05454540252686,6.04363632202148,5,10,0.869565188884735,0.876811623573303,1,1,23,1.05999994277954,41.3399977684021
04,2006-04-23,23080760,2,Definitivo,SAN ROQUE [23080760],Pluviométrica,Convencional,Activa,Antioquia,San Roque,6.4875,-75.017,820,5/15/1975,,Monchia,Magdalena Cauca,Medio Magdalena,Río Nare,2006,23,Andes,Definitivo,2,2,0,8.47779369354248,8.47779369354248,35.1378135681152,6.56876516342163,17.8572883605957,3.05454540252686,6.04363632202148,5,10,0.869565188884735,0.876811623573303,1,1,23,1.05999994277954,2.11999988555908
04,2012-04-29,23080760,,"",SAN ROQUE [23080760],Pluviométrica,Convencional,Activa,Antioquia,San Roque,6.4875,-75.017,820,5/15/1975,,Monchia,Magdalena Cauca,Medio Magdalena,Río Nare,2012,29,Andes,Preliminar,0,0,0,7.79489469528198,7.79489469528198,14.1607227325439,20.6701183319092,7.55106258392334,3.05454540252686,6.04363632202148,5,10,0.869565188884735,0.876811623573303,1,1,24,1.05999994277954,0
04,2011-04-28,23080760,6,Definitivo,SAN ROQUE [23080760],Pluviométrica,Convencional,Activa,Antioquia,San Roque,6.4875,-75.017,820,5/15/1975,,Monchia,Magdalena Cauca,Medio Magdalena,Río Nare,2011,28,Andes,Definitivo,6,6,0,27.8112316131592,27.8112316131592,25.9747714996338,44.728458404541,8.77322864532471,3.05454540252686,6.04363632202148,5,10,0.869565188884735,0.876811623573303,1,1,24,1.05999994277954,6.35999965667725
04,2003-04-30,23080760,10,Definitivo,SAN ROQUE [23080760],Pluviométrica,Convencional,Activa,Antioquia,San Roque,6.4875,-75.017,820,5/15/1975,,Monchia,Magdalena Cauca,Medio Magdalena,Río Nare,2003,30,Andes,Definitivo,10,10,0,10.5326766967773,10.5326766967773,5.82508087158203,3.68951511383057,1.8015593290329,3.05454540252686,6.04363632202148,5,10,0.869565188884735,0.876811623573303,1,1,24,1.05999994277954,10.5999994277954
04,2008-04-27,23080760,11,Definitivo,SAN ROQUE [23080760],Pluviométrica,Convencional,Activa,Antioquia,San Roque,6.4875,-75.017,820,5/15/1975,,Monchia,Magdalena Cauca,Medio Magdalena,Río Nare,2008,27,Andes,Definitivo,11,11,0,6.60237073898315,6.60237073898315,35.434326171875,42.6200637817383,28.9279689788818,3.05454540252686,6.04363632202148,5,10,0.869565188884735,0.876811623573303,1,1,24,1.05999994277954,11.659999370575
04,2010-04-30,23080760,7,Definitivo,SAN ROQUE [23080760],Pluviométrica,Convencional,Activa,Antioquia,San Roque,6.4875,-75.017,820,5/15/1975,,Monchia,Magdalena Cauca,Medio Magdalena,Río Nare,2010,30,Andes,Definitivo,7,7,0,6.98840475082398,6.98840475082398,5.48320436477661,8.23414516448975,2.15586614608765,3.05454540252686,6.04363632202148,5,10,0.869565188884735,0.876811623573303,1,1,24,1.05999994277954,7.41999959945679
04,2022-04-28,23080760,23,Definitivo,SAN ROQUE [23080760],Pluviométrica,Convencional,Activa,Antioquia,San Roque,6.4875,-75.017,820,5/15/1975,,Monchia,Magdalena Cauca,Medio Magdalena,Río Nare,2022,28,Andes,Definitivo,23,23,0,12.1182193756104,12.1182193756104,19.4488391876221,30.1617622375488,6.47323608398438,3.05454540252686,6.04363632202148,5,10,0.869565188884735,0.876811623573303,1,1,24,1.05999994277954,24.3799986839294
04,2008-04-12,23080760,18,Definitivo,SAN ROQUE [23080760],Pluviométrica,Convencional,Activa,Antioquia,San Roque,6.4875,-75.017,820,5/15/1975,,Monchia,Magdalena Cauca,Medio Magdalena,Río Nare,2008,12,Andes,Definitivo,18,18,0,10.1004123687744,10.1004123687744,0,13.1387958526611,6.87158203125,3.05454540252686,6.04363632202148,5,10,0.869565188884735,0.876811623573303,1,1,21,1.05999994277954,19.0799989700317
04,2006-04-22,23080760,8,Definitivo,SAN ROQUE [23080760],Pluviométrica,Convencional,Activa,Antioquia,San Roque,6.4875,-75.017,820,5/15/1975,,Monchia,Magdalena Cauca,Medio Magdalena,Río Nare,2006,22,Andes,Definitivo,8,8,0,7.59315490722656,7.59315490722656,0,0.223496645689011,0.202628925442696,3.05454540252686,6.04363632202148,5,10,0.869565188884735,0.876811623573303,1,1,23,1.05999994277954,8.47999954223633
04,2017-04-30,23080760,9,Definitivo,SAN ROQUE [23080760],Pluviométrica,Convencional,Activa,Antioquia,San Roque,6.4875,-75.017,820,5/15/1975,,Monchia,Magdalena Cauca,Medio Magdalena,Río Nare,2017,30,Andes,Definitivo,9,9,0,3.19651889801025,3.19651889801025,14.3095674514771,17.4155330657959,53.7675476074219,3.05454540252686,6.04363632202148,5,10,0.869565188884735,0.876811623573303,1,1,24,1.05999994277954,9.53999948501587
04,2011-04-26,23080760,12,Definitivo,SAN ROQUE [23080760],Pluviométrica,Convencional,Activa,Antioquia,San Roque,6.4875,-75.017,820,5/15/1975,,Monchia,Magdalena Cauca,Medio Magdalena,Río Nare,2011,26,Andes,Definitivo,12,12,0,9.19125843048096,9.19125843048096,19.4810791015625,12.9858999252319,11.9391078948975,3.05454540252686,6.04363632202148,5,10,0.869565188884735,0.876811623573303,1,1,24,1.05999994277954,12.7199993133545
04,2016-04-30,23080760,3,Definitivo,SAN ROQUE [23080760],Pluviométrica,Convencional,Activa,Antioquia,San Roque,6.4875,-75.017,820,5/15/1975,,Monchia,Magdalena Cauca,Medio Magdalena,Río Nare,2016,30,Andes,Definitivo,3,3,0,7.13073825836182,7.13073825836182,6.48684883117676,15.5161771774292,0.784540116786957,3.05454540252686,6.04363632202148,5,10,0.869565188884735,0.876811623573303,1,1,24,1.05999994277954,3.17999982833862
04,2009-04-17,23080760,0,Definitivo,SAN ROQUE [23080760],Pluviométrica,Convencional,Activa,Antioquia,San Roque,6.4875,-75.017,820,5/15/1975,,Monchia,Magdalena Cauca,Medio Magdalena,Río Nare,2009,17,Andes,Definitivo,0,0,0,6.52128791809082,6.52128791809082,0,8.97896385192871,11.30686378479,3.05454540252686,6.04363632202148,5,10,0.869565188884735,0.876811623573303,1,1,22,1.05999994277954,0
04,2008-04-20,23080760,3.6,Definitivo,SAN ROQUE [23080760],Pluviométrica,Convencional,Activa,Antioquia,San Roque,6.4875,-75.017,820,5/15/1975,,Monchia,Magdalena Cauca,Medio Magdalena,Río Nare,2008,20,Andes,Definitivo,3.6,3.6,0,25.7579193115234,25.7579193115234,18.3266944885254,8.62038993835449,22.2056770324707,3.05454540252686,6.04363632202148,5,10,0.869565188884735,0.876811623573303,1,1,22,1.05999994277954,3.81599979400635
04,2010-04-28,23080760,7,Definitivo,SAN ROQUE [23080760],Pluviométrica,Convencional,Activa,Antioquia,San Roque,6.4875,-75.017,820,5/15/1975,,Monchia,Magdalena Cauca,Medio Magdalena,Río Nare,2010,28,Andes,Definitivo,7,7,0,18.7877750396729,18.7877750396729,10.9664087295532,14.4341373443604,10.692042350769,3.05454540252686,6.04363632202148,5,10,0.869565188884735,0.876811623573303,1,1,24,1.05999994277954,7.41999959945679
04,2007-04-30,23080760,5,Definitivo,SAN ROQUE [23080760],Pluviométrica,Convencional,Activa,Antioquia,San Roque,6.4875,-75.017,820,5/15/1975,,Monchia,Magdalena Cauca,Medio Magdalena,Río Nare,2007,30,Andes,Definitivo,5,5,0,14.1016960144043,14.1016960144043,0,11.686821937561,1.502192735672,3.05454540252686,6.04363632202148,5,10,0.869565188884735,0.876811623573303,1,1,24,1.05999994277954,5.29999971389771
04,2009-04-27,23080760,25,Definitivo,SAN ROQUE [23080760],Pluviométrica,Convencional,Activa,Antioquia,San Roque,6.4875,-75.017,820,5/15/1975,,Monchia,Magdalena Cauca,Medio Magdalena,Río Nare,2009,27,Andes,Definitivo,25,25,0,6.42649126052856,6.42649126052856,0,4.08007860183716,2.80041885375977,3.05454540252686,6.04363632202148,5,10,0.869565188884735,0.876811623573303,1,1,24,1.05999994277954,26.4999985694885
04,2012-04-25,23080760,19,Definitivo,SAN ROQUE [23080760],Pluviométrica,Convencional,Activa,Antioquia,San Roque,6.4875,-75.017,820,5/15/1975,,Monchia,Magdalena Cauca,Medio Magdalena,Río Nare,2012,25,Andes,Definitivo,19,19,0,1.10062849521637,1.10062849521637,0,4.5351128578186,3.47655725479126,3.05454540252686,6.04363632202148,5,10,0.869565188884735,0.876811623573303,1,1,23,1.05999994277954,20.1399989128113
04,2005-04-25,23080760,0,Definitivo,SAN ROQUE [23080760],Pluviométrica,Convencional,Activa,Antioquia,San Roque,6.4875,-75.017,820,5/15/1975,,Monchia,Magdalena Cauca,Medio Magdalena,Río Nare,2005,25,Andes,Definitivo,0,0,0,5.42268705368042,5.42268705368042,0,5.86157989501953,10.3826560974121,3.05454540252686,6.04363632202148,5,10,0.869565188884735,0.876811623573303,1,1,23,1.05999994277954,0
04,2008-04-17,23080760,,"",SAN ROQUE [23080760],Pluviométrica,Convencional,Activa,Antioquia,San Roque,6.4875,-75.017,820,5/15/1975,,Monchia,Magdalena Cauca,Medio Magdalena,Río Nare,2008,17,Andes,Preliminar,0,0,0,4.31253480911255,4.31253480911255,0,0.00349265919066966,0.382924139499664,3.05454540252686,6.04363632202148,5,10,0.869565188884735,0.876811623573303,1,1,22,1.05999994277954,0
04,2022-04-29,23080760,0,Definitivo,SAN ROQUE [23080760],Pluviométrica,Convencional,Activa,Antioquia,San Roque,6.4875,-75.017,820,5/15/1975,,Monchia,Magdalena Cauca,Medio Magdalena,Río Nare,2022,29,Andes,Definitivo,0,0,0,22.2738513946533,22.2738513946533,25.9317855834961,18.2731151580811,48.1023368835449,3.05454540252686,6.04363632202148,5,10,0.869565188884735,0.876811623573303,1,1,24,1.05999994277954,0
04,2008-04-13,23080760,,"",SAN ROQUE [23080760],Pluviométrica,Convencional,Activa,Antioquia,San Roque,6.4875,-75.017,820,5/15/1975,,Monchia,Magdalena Cauca,Medio Magdalena,Río Nare,2008,13,Andes,Preliminar,0,0,0,12.0256042480469,12.0256042480469,20.8667526245117,10.8517436981201,19.3331890106201,3.05454540252686,6.04363632202148,5,10,0.869565188884735,0.876811623573303,1,1,21,1.05999994277954,0
04,2010-04-14,23080760,1,Definitivo,SAN ROQUE [23080760],Pluviométrica,Convencional,Activa,Antioquia,San Roque,6.4875,-75.017,820,5/15/1975,,Monchia,Magdalena Cauca,Medio Magdalena,Río Nare,2010,14,Andes,Definitivo,1,1,0,25.7693691253662,25.7693691253662,7.70135593414307,16.0555286407471,15.675745010376,3.05454540252686,6.04363632202148,5,10,0.869565188884735,0.876811623573303,1,1,21,1.05999994277954,1.05999994277954
04,2006-04-27,23080760,0.1,Definitivo,SAN ROQUE [23080760],Pluviométrica,Convencional,Activa,Antioquia,San Roque,6.4875,-75.017,820,5/15/1975,,Monchia,Magdalena Cauca,Medio Magdalena,Río Nare,2006,27,Andes,Definitivo,0.1,0.1,0,10.3103256225586,10.3103256225586,20.6872730255127,18.0695533752441,12.8835048675537,3.05454540252686,6.04363632202148,5,10,0.869565188884735,0.876811623573303,1,1,24,1.05999994277954,0.105999994277954
04,2013-04-26,23080760,32,Definitivo,SAN ROQUE [23080760],Pluviométrica,Convencional,Activa,Antioquia,San Roque,6.4875,-75.017,820,5/15/1975,,Monchia,Magdalena Cauca,Medio Magdalena,Río Nare,2013,26,Andes,Definitivo,32,32,0,7.78598546981812,7.78598546981812,5.90111207962036,7.48791742324829,1.00018167495728,3.05454540252686,6.04363632202148,5,10,0.869565188884735,0.876811623573303,1,1,24,1.05999994277954,33.9199981689453
04,2014-04-30,23080760,19,Definitivo,SAN ROQUE [23080760],Pluviométrica,Convencional,Activa,Antioquia,San Roque,6.4875,-75.017,820,5/15/1975,,Monchia,Magdalena Cauca,Medio Magdalena,Río Nare,2014,30,Andes,Definitivo,19,19,0,10.2716779708862,10.2716779708862,3.48695206642151,6.35630035400391,0.993884027004242,3.05454540252686,6.04363632202148,5,10,0.869565188884735,0.876811623573303,1,1,24,1.05999994277954,20.1399989128113
04,2013-04-28,23080760,0,Definitivo,SAN ROQUE [23080760],Pluviométrica,Convencional,Activa,Antioquia,San Roque,6.4875,-75.017,820,5/15/1975,,Monchia,Magdalena Cauca,Medio Magdalena,Río Nare,2013,28,Andes,Definitivo,0,0,0,8.42535877227783,8.42535877227783,5.90111207962036,19.9896850585938,19.8357105255127,3.05454540252686,6.04363632202148,5,10,0.869565188884735,0.876811623573303,1,1,24,1.05999994277954,0
04,2019-04-29,23080760,0,Definitivo,SAN ROQUE [23080760],Pluviométrica,Convencional,Activa,Antioquia,San Roque,6.4875,-75.017,820,5/15/1975,,Monchia,Magdalena Cauca,Medio Magdalena,Río Nare,2019,29,Andes,Definitivo,0,0,0,0,0,7.05861377716065,0.12491238117218,0.000714389316271991,3.05454540252686,6.04363632202148,5,10,0.869565188884735,0.876811623573303,1,1,24,1.05999994277954,0
04,2010-04-24,23080760,,"",SAN ROQUE [23080760],Pluviométrica,Convencional,Activa,Antioquia,San Roque,6.4875,-75.017,820,5/15/1975,,Monchia,Magdalena Cauca,Medio Magdalena,Río Nare,2010,24,Andes,Preliminar,0,0,0,0.285112679004669,0.285112679004669,18.0957889556885,0.350770652294159,22.0471611022949,3.05454540252686,6.04363632202148,5,10,0.869565188884735,0.876811623573303,1,1,23,1.05999994277954,0
04,2005-04-29,23080760,,"",SAN ROQUE [23080760],Pluviométrica,Convencional,Activa,Antioquia,San Roque,6.4875,-75.017,820,5/15/1975,,Monchia,Magdalena Cauca,Medio Magdalena,Río Nare,2005,29,Andes,Preliminar,0,0,0,9.51260566711426,9.51260566711426,4.4020791053772,6.18832445144653,4.90854072570801,3.05454540252686,6.04363632202148,5,10,0.869565188884735,0.876811623573303,1,1,24,1.05999994277954,0
04,2005-04-24,23080760,18,Definitivo,SAN ROQUE [23080760],Pluviométrica,Convencional,Activa,Antioquia,San Roque,6.4875,-75.017,820,5/15/1975,,Monchia,Magdalena Cauca,Medio Magdalena,Río Nare,2005,24,Andes,Definitivo,18,18,0,9.59327602386475,9.59327602386475,51.6103782653809,64.2473526000977,4.63812971115112,3.05454540252686,6.04363632202148,5,10,0.869565188884735,0.876811623573303,1,1,23,1.05999994277954,19.0799989700317
04,2016-04-26,23080760,25,Definitivo,SAN ROQUE [23080760],Pluviométrica,Convencional,Activa,Antioquia,San Roque,6.4875,-75.017,820,5/15/1975,,Monchia,Magdalena Cauca,Medio Magdalena,Río Nare,2016,26,Andes,Definitivo,25,25,0,6.85341167449951,6.85341167449951,0,12.6422891616821,1.16155529022217,3.05454540252686,6.04363632202148,5,10,0.869565188884735,0.876811623573303,1,1,24,1.05999994277954,26.4999985694885
04,2015-04-30,23080760,2,Definitivo,SAN ROQUE [23080760],Pluviométrica,Convencional,Activa,Antioquia,San Roque,6.4875,-75.017,820,5/15/1975,,Monchia,Magdalena Cauca,Medio Magdalena,Río Nare,2015,30,Andes,Definitivo,2,2,0,6.79296827316284,6.79296827316284,11.6193027496338,22.4707221984863,19.321195602417,3.05454540252686,6.04363632202148,5,10,0.869565188884735,0.876811623573303,1,1,24,1.05999994277954,2.11999988555908
04,2010-04-12,23080760,8,Definitivo,SAN ROQUE [23080760],Pluviométrica,Convencional,Activa,Antioquia,San Roque,6.4875,-75.017,820,5/15/1975,,Monchia,Magdalena Cauca,Medio Magdalena,Río Nare,2010,12,Andes,Definitivo,8,8,0,5.6505560874939,5.6505560874939,7.70135593414307,13.4497919082642,18.4336490631104,3.05454540252686,6.04363632202148,5,10,0.869565188884735,0.876811623573303,1,1,21,1.05999994277954,8.47999954223633
04,2009-04-09,23080760,3,Definitivo,SAN ROQUE [23080760],Pluviométrica,Convencional,Activa,Antioquia,San Roque,6.4875,-75.017,820,5/15/1975,,Monchia,Magdalena Cauca,Medio Magdalena,Río Nare,2009,09,Andes,Definitivo,3,3,0,8.64941883087158,8.64941883087158,6.89204406738281,7.85313129425049,1.48169279098511,3.05454540252686,6.04363632202148,5,10,0.869565188884735,0.876811623573303,1,1,20,1.05999994277954,3.17999982833862
04,2009-04-10,23080760,7,Definitivo,SAN ROQUE [23080760],Pluviométrica,Convencional,Activa,Antioquia,San Roque,6.4875,-75.017,820,5/15/1975,,Monchia,Magdalena Cauca,Medio Magdalena,Río Nare,2009,10,Andes,Definitivo,7,7,0,15.7782783508301,15.7782783508301,20.6761302947998,10.275447845459,27.7601451873779,3.05454540252686,6.04363632202148,5,10,0.869565188884735,0.876811623573303,1,1,20,1.05999994277954,7.41999959945679
04,2010-04-15,23080760,,"",SAN ROQUE [23080760],Pluviométrica,Convencional,Activa,Antioquia,San Roque,6.4875,-75.017,820,5/15/1975,,Monchia,Magdalena Cauca,Medio Magdalena,Río Nare,2010,15,Andes,Preliminar,0,0,0,11.5849294662476,11.5849294662476,0,5.9579176902771,1.45113384723663,3.05454540252686,6.04363632202148,5,10,0.869565188884735,0.876811623573303,1,1,21,1.05999994277954,0
04,2009-04-25,23080760,2,Definitivo,SAN ROQUE [23080760],Pluviométrica,Convencional,Activa,Antioquia,San Roque,6.4875,-75.017,820,5/15/1975,,Monchia,Magdalena Cauca,Medio Magdalena,Río Nare,2009,25,Andes,Definitivo,2,2,0,6.07056903839111,6.07056903839111,0,14.1191663742065,0.0414146855473518,3.05454540252686,6.04363632202148,5,10,0.869565188884735,0.876811623573303,1,1,23,1.05999994277954,2.11999988555908
04,2009-04-26,23080760,34,Definitivo,SAN ROQUE [23080760],Pluviométrica,Convencional,Activa,Antioquia,San Roque,6.4875,-75.017,820,5/15/1975,,Monchia,Magdalena Cauca,Medio Magdalena,Río Nare,2009,26,Andes,Definitivo,34,34,0,9.28838920593262,9.28838920593262,9.98900318145752,22.7715969085693,6.97868013381958,3.05454540252686,6.04363632202148,5,10,0.869565188884735,0.876811623573303,1,1,24,1.05999994277954,36.0399980545044
04,2017-04-28,23080760,0,Definitivo,SAN ROQUE [23080760],Pluviométrica,Convencional,Activa,Antioquia,San Roque,6.4875,-75.017,820,5/15/1975,,Monchia,Magdalena Cauca,Medio Magdalena,Río Nare,2017,28,Andes,Definitivo,0,0,0,0.763650476932526,0.763650476932526,0,2.5090663433075,0.0233193095773459,3.05454540252686,6.04363632202148,5,10,0.869565188884735,0.876811623573303,1,1,24,1.05999994277954,0
04,2012-04-30,23080760,46,Definitivo,SAN ROQUE [23080760],Pluviométrica,Convencional,Activa,Antioquia,San Roque,6.4875,-75.017,820,5/15/1975,,Monchia,Magdalena Cauca,Medio Magdalena,Río Nare,2012,30,Andes,Definitivo,46,46,0,4.0943603515625,4.0943603515625,14.1607227325439,14.9846029281616,2.56512236595154,3.05454540252686,6.04363632202148,5,10,0.869565188884735,0.876811623573303,1,1,24,1.05999994277954,48.7599973678589
04,2003-04-29,23080760,0,Definitivo,SAN ROQUE [23080760],Pluviométrica,Convencional,Activa,Antioquia,San Roque,6.4875,-75.017,820,5/15/1975,,Monchia,Magdalena Cauca,Medio Magdalena,Río Nare,2003,29,Andes,Definitivo,0,0,0,9.26452732086182,9.26452732086182,11.6501617431641,20.4771862030029,11.1293334960938,3.05454540252686,6.04363632202148,5,10,0.869565188884735,0.876811623573303,1,1,24,1.05999994277954,0
04,2008-04-23,23080760,39,Definitivo,SAN ROQUE [23080760],Pluviométrica,Convencional,Activa,Antioquia,San Roque,6.4875,-75.017,820,5/15/1975,,Monchia,Magdalena Cauca,Medio Magdalena,Río Nare,2008,23,Andes,Definitivo,39,39,0,0.321505516767502,0.321505516767502,21.1114921569824,23.5544052124023,35.306224822998,3.05454540252686,6.04363632202148,5,10,0.869565188884735,0.876811623573303,1,1,23,1.05999994277954,41.3399977684021
04,2008-04-24,23080760,14,Definitivo,SAN ROQUE [23080760],Pluviométrica,Convencional,Activa,Antioquia,San Roque,6.4875,-75.017,820,5/15/1975,,Monchia,Magdalena Cauca,Medio Magdalena,Río Nare,2008,24,Andes,Definitivo,14,14,0,14.4299240112305,14.4299240112305,21.1114921569824,51.5947456359863,51.335147857666,3.05454540252686,6.04363632202148,5,10,0.869565188884735,0.876811623573303,1,1,23,1.05999994277954,14.8399991989136
04,2007-04-19,23080760,19,Definitivo,SAN ROQUE [23080760],Pluviométrica,Convencional,Activa,Antioquia,San Roque,6.4875,-75.017,820,5/15/1975,,Monchia,Magdalena Cauca,Medio Magdalena,Río Nare,2007,19,Andes,Definitivo,19,19,0,18.6357517242432,18.6357517242432,0,13.0011234283447,3.37347769737244,3.05454540252686,6.04363632202148,5,10,0.869565188884735,0.876811623573303,1,1,22,1.05999994277954,20.1399989128113
04,2007-04-20,23080760,25,Definitivo,SAN ROQUE [23080760],Pluviométrica,Convencional,Activa,Antioquia,San Roque,6.4875,-75.017,820,5/15/1975,,Monchia,Magdalena Cauca,Medio Magdalena,Río Nare,2007,20,Andes,Definitivo,25,25,0,9.66949462890625,9.66949462890625,25.8807353973389,24.2964153289795,44.285041809082,3.05454540252686,6.04363632202148,5,10,0.869565188884735,0.876811623573303,1,1,22,1.05999994277954,26.4999985694885
04,2018-04-28,23080760,50,Definitivo,SAN ROQUE [23080760],Pluviométrica,Convencional,Activa,Antioquia,San Roque,6.4875,-75.017,820,5/15/1975,,Monchia,Magdalena Cauca,Medio Magdalena,Río Nare,2018,28,Andes,Definitivo,50,50,0,20.8320350646973,20.8320350646973,19.1643753051758,15.1565828323364,34.9197196960449,3.05454540252686,6.04363632202148,5,10,0.869565188884735,0.876811623573303,1,1,24,1.05999994277954,52.9999971389771
04,2020-04-28,23080760,0,Definitivo,SAN ROQUE [23080760],Pluviométrica,Convencional,Activa,Antioquia,San Roque,6.4875,-75.017,820,5/15/1975,,Monchia,Magdalena Cauca,Medio Magdalena,Río Nare,2020,28,Andes,Definitivo,0,0,0,5.26365661621094,5.26365661621094,13.3228931427002,10.3808879852295,37.6324882507324,3.05454540252686,6.04363632202148,5,10,0.869565188884735,0.876811623573303,1,1,24,1.05999994277954,0
04,2022-04-30,23080760,0,Definitivo,SAN ROQUE [23080760],Pluviométrica,Convencional,Activa,Antioquia,San Roque,6.4875,-75.017,820,5/15/1975,,Monchia,Magdalena Cauca,Medio Magdalena,Río Nare,2022,30,Andes,Definitivo,0,0,0,5.49100112915039,5.49100112915039,0,5.3090033531189,0.58075487613678,3.05454540252686,6.04363632202148,5,10,0.869565188884735,0.876811623573303,1,1,24,1.05999994277954,0
04,2009-04-11,23080760,2,Definitivo,SAN ROQUE [23080760],Pluviométrica,Convencional,Activa,Antioquia,San Roque,6.4875,-75.017,820,5/15/1975,,Monchia,Magdalena Cauca,Medio Magdalena,Río Nare,2009,11,Andes,Definitivo,2,2,0,22.7480792999268,22.7480792999268,6.28890562057495,12.4184255599976,23.5011386871338,3.05454540252686,6.04363632202148,5,10,0.869565188884735,0.876811623573303,1,1,21,1.05999994277954,2.11999988555908
04,2008-04-21,23080760,12,Definitivo,SAN ROQUE [23080760],Pluviométrica,Convencional,Activa,Antioquia,San Roque,6.4875,-75.017,820,5/15/1975,,Monchia,Magdalena Cauca,Medio Magdalena,Río Nare,2008,21,Andes,Definitivo,12,12,0,16.6142711639404,16.6142711639404,31.6672401428223,11.1855058670044,20.1736450195313,3.05454540252686,6.04363632202148,5,10,0.869565188884735,0.876811623573303,1,1,23,1.05999994277954,12.7199993133545
04,2007-04-25,23080760,92,Definitivo,SAN ROQUE [23080760],Pluviométrica,Convencional,Activa,Antioquia,San Roque,6.4875,-75.017,820,5/15/1975,,Monchia,Magdalena Cauca,Medio Magdalena,Río Nare,2007,25,Andes,Definitivo,92,92,0,19.414363861084,19.414363861084,43.9178581237793,36.7318077087402,25.3942890167236,3.05454540252686,6.04363632202148,5,10,0.869565188884735,0.876811623573303,1,1,23,1.05999994277954,97.5199947357178
04,2013-04-27,23080760,17,Definitivo,SAN ROQUE [23080760],Pluviométrica,Convencional,Activa,Antioquia,San Roque,6.4875,-75.017,820,5/15/1975,,Monchia,Magdalena Cauca,Medio Magdalena,Río Nare,2013,27,Andes,Definitivo,17,17,0,8.43711566925049,8.43711566925049,17.7033367156982,19.4633045196533,25.851526260376,3.05454540252686,6.04363632202148,5,10,0.869565188884735,0.876811623573303,1,1,24,1.05999994277954,18.0199990272522
04,2011-04-27,23080760,7,Definitivo,SAN ROQUE [23080760],Pluviométrica,Convencional,Activa,Antioquia,San Roque,6.4875,-75.017,820,5/15/1975,,Monchia,Magdalena Cauca,Medio Magdalena,Río Nare,2011,27,Andes,Definitivo,7,7,0,4.94549751281738,4.94549751281738,19.4810791015625,15.9429740905762,27.5485363006592,3.05454540252686,6.04363632202148,5,10,0.869565188884735,0.876811623573303,1,1,24,1.05999994277954,7.41999959945679
04,2010-04-17,23080760,,"",SAN ROQUE [23080760],Pluviométrica,Convencional,Activa,Antioquia,San Roque,6.4875,-75.017,820,5/15/1975,,Monchia,Magdalena Cauca,Medio Magdalena,Río Nare,2010,17,Andes,Preliminar,0,0,0,8.01224422454834,8.01224422454834,0,2.90028285980225,1.25747585296631,3.05454540252686,6.04363632202148,5,10,0.869565188884735,0.876811623573303,1,1,22,1.05999994277954,0
04,2004-04-25,23080760,5,Definitivo,SAN ROQUE [23080760],Pluviométrica,Convencional,Activa,Antioquia,San Roque,6.4875,-75.017,820,5/15/1975,,Monchia,Magdalena Cauca,Medio Magdalena,Río Nare,2004,25,Andes,Definitivo,5,5,0,15.4588747024536,15.4588747024536,0,11.4943075180054,1.29654836654663,3.05454540252686,6.04363632202148,5,10,0.869565188884735,0.876811623573303,1,1,23,1.05999994277954,5.29999971389771
04,2004-04-26,23080760,22,Definitivo,SAN ROQUE [23080760],Pluviométrica,Convencional,Activa,Antioquia,San Roque,6.4875,-75.017,820,5/15/1975,,Monchia,Magdalena Cauca,Medio Magdalena,Río Nare,2004,26,Andes,Definitivo,22,22,0,4.05014705657959,4.05014705657959,0,19.6820240020752,0.932739973068237,3.05454540252686,6.04363632202148,5,10,0.869565188884735,0.876811623573303,1,1,24,1.05999994277954,23.3199987411499
04,2010-04-25,23080760,13,Definitivo,SAN ROQUE [23080760],Pluviométrica,Convencional,Activa,Antioquia,San Roque,6.4875,-75.017,820,5/15/1975,,Monchia,Magdalena Cauca,Medio Magdalena,Río Nare,2010,25,Andes,Definitivo,13,13,0,4.65252065658569,4.65252065658569,0,6.61008596420288,0.0261121150106192,3.05454540252686,6.04363632202148,5,10,0.869565188884735,0.876811623573303,1,1,23,1.05999994277954,13.779999256134
04,2014-04-26,23080760,12,Definitivo,SAN ROQUE [23080760],Pluviométrica,Convencional,Activa,Antioquia,San Roque,6.4875,-75.017,820,5/15/1975,,Monchia,Magdalena Cauca,Medio Magdalena,Río Nare,2014,26,Andes,Definitivo,12,12,0,24.6409378051758,24.6409378051758,13.947808265686,21.9441738128662,33.8646430969238,3.05454540252686,6.04363632202148,5,10,0.869565188884735,0.876811623573303,1,1,24,1.05999994277954,12.7199993133545
04,2009-04-14,23080760,2,Definitivo,SAN ROQUE [23080760],Pluviométrica,Convencional,Activa,Antioquia,San Roque,6.4875,-75.017,820,5/15/1975,,Monchia,Magdalena Cauca,Medio Magdalena,Río Nare,2009,14,Andes,Definitivo,2,2,0,8.67990398406982,8.67990398406982,0,8.74958515167236,5.47009611129761,3.05454540252686,6.04363632202148,5,10,0.869565188884735,0.876811623573303,1,1,21,1.05999994277954,2.11999988555908
04,2005-04-14,23080760,6,Definitivo,SAN ROQUE [23080760],Pluviométrica,Convencional,Activa,Antioquia,San Roque,6.4875,-75.017,820,5/15/1975,,Monchia,Magdalena Cauca,Medio Magdalena,Río Nare,2005,14,Andes,Definitivo,6,6,0,17.1924419403076,17.1924419403076,0,1.95250022411346,2.92121148109436,3.05454540252686,6.04363632202148,5,10,0.869565188884735,0.876811623573303,1,1,21,1.05999994277954,6.35999965667725
04,2004-04-11,23080760,,"",SAN ROQUE [23080760],Pluviométrica,Convencional,Activa,Antioquia,San Roque,6.4875,-75.017,820,5/15/1975,,Monchia,Magdalena Cauca,Medio Magdalena,Río Nare,2004,11,Andes,Preliminar,0,0,0,10.6494398117065,10.6494398117065,0,18.4543704986572,13.4672889709473,3.05454540252686,6.04363632202148,5,10,0.869565188884735,0.876811623573303,1,1,21,1.05999994277954,0
04,2007-04-10,23080760,,"",SAN ROQUE [23080760],Pluviométrica,Convencional,Activa,Antioquia,San Roque,6.4875,-75.017,820,5/15/1975,,Monchia,Magdalena Cauca,Medio Magdalena,Río Nare,2007,10,Andes,Preliminar,0,0,0,23.8077564239502,23.8077564239502,17.1407260894775,8.60634613037109,4.82230520248413,3.05454540252686,6.04363632202148,5,10,0.869565188884735,0.876811623573303,1,1,20,1.05999994277954,0
04,2011-04-12,23080760,49,Definitivo,SAN ROQUE [23080760],Pluviométrica,Convencional,Activa,Antioquia,San Roque,6.4875,-75.017,820,5/15/1975,,Monchia,Magdalena Cauca,Medio Magdalena,Río Nare,2011,12,Andes,Definitivo,49,49,0,13.2922477722168,13.2922477722168,25.7441749572754,69.4689483642578,42.0777244567871,3.05454540252686,6.04363632202148,5,10,0.869565188884735,0.876811623573303,1,1,21,1.05999994277954,51.9399971961975
04,2009-04-18,23080760,26,Definitivo,SAN ROQUE [23080760],Pluviométrica,Convencional,Activa,Antioquia,San Roque,6.4875,-75.017,820,5/15/1975,,Monchia,Magdalena Cauca,Medio Magdalena,Río Nare,2009,18,Andes,Definitivo,26,26,0,4.3273229598999,4.3273229598999,0,11.6748180389404,1.62358689308167,3.05454540252686,6.04363632202148,5,10,0.869565188884735,0.876811623573303,1,1,22,1.05999994277954,27.5599985122681
04,2010-04-23,23080760,,"",SAN ROQUE [23080760],Pluviométrica,Convencional,Activa,Antioquia,San Roque,6.4875,-75.017,820,5/15/1975,,Monchia,Magdalena Cauca,Medio Magdalena,Río Nare,2010,23,Andes,Preliminar,0,0,0,4.97651243209839,4.97651243209839,0,0.950608611106873,0.0887043252587318,3.05454540252686,6.04363632202148,5,10,0.869565188884735,0.876811623573303,1,1,23,1.05999994277954,0
04,2007-04-29,23080760,10,Definitivo,SAN ROQUE [23080760],Pluviométrica,Convencional,Activa,Antioquia,San Roque,6.4875,-75.017,820,5/15/1975,,Monchia,Magdalena Cauca,Medio Magdalena,Río Nare,2007,29,Andes,Definitivo,10,10,0,5.95774269104004,5.95774269104004,20.8936042785645,8.96637916564941,40.9001235961914,3.05454540252686,6.04363632202148,5,10,0.869565188884735,0.876811623573303,1,1,24,1.05999994277954,10.5999994277954
04,2005-04-28,23080760,6,Definitivo,SAN ROQUE [23080760],Pluviométrica,Convencional,Activa,Antioquia,San Roque,6.4875,-75.017,820,5/15/1975,,Monchia,Magdalena Cauca,Medio Magdalena,Río Nare,2005,28,Andes,Definitivo,6,6,0,8.77813339233398,8.77813339233398,13.2062368392944,8.65262603759766,21.7313041687012,3.05454540252686,6.04363632202148,5,10,0.869565188884735,0.876811623573303,1,1,24,1.05999994277954,6.35999965667725
04,2011-04-14,23080760,62,Definitivo,SAN ROQUE [23080760],Pluviométrica,Convencional,Activa,Antioquia,San Roque,6.4875,-75.017,820,5/15/1975,,Monchia,Magdalena Cauca,Medio Magdalena,Río Nare,2011,14,Andes,Definitivo,62,62,0,6.63528203964233,6.63528203964233,51.4883499145508,14.8111238479614,40.1041526794434,3.05454540252686,6.04363632202148,5,10,0.869565188884735,0.876811623573303,1,1,21,1.05999994277954,65.7199964523316
04,2009-04-20,23080760,13,Definitivo,SAN ROQUE [23080760],Pluviométrica,Convencional,Activa,Antioquia,San Roque,6.4875,-75.017,820,5/15/1975,,Monchia,Magdalena Cauca,Medio Magdalena,Río Nare,2009,20,Andes,Definitivo,13,13,0,6.86068677902222,6.86068677902222,0,19.7311859130859,18.53515625,3.05454540252686,6.04363632202148,5,10,0.869565188884735,0.876811623573303,1,1,22,1.05999994277954,13.779999256134
04,2006-04-21,23080760,0.1,Definitivo,SAN ROQUE [23080760],Pluviométrica,Convencional,Activa,Antioquia,San Roque,6.4875,-75.017,820,5/15/1975,,Monchia,Magdalena Cauca,Medio Magdalena,Río Nare,2006,21,Andes,Definitivo,0.1,0.1,0,25.3596591949463,25.3596591949463,26.3533630371094,26.4025230407715,8.31599617004395,3.05454540252686,6.04363632202148,5,10,0.869565188884735,0.876811623573303,1,1,23,1.05999994277954,0.105999994277954
04,2008-04-15,23080760,41,Definitivo,SAN ROQUE [23080760],Pluviométrica,Convencional,Activa,Antioquia,San Roque,6.4875,-75.017,820,5/15/1975,,Monchia,Magdalena Cauca,Medio Magdalena,Río Nare,2008,15,Andes,Definitivo,41,41,0,8.6223030090332,8.6223030090332,6.95558500289917,6.17282772064209,7.92787408828735,3.05454540252686,6.04363632202148,5,10,0.869565188884735,0.876811623573303,1,1,21,1.05999994277954,43.4599976539612
04,2014-04-27,23080760,4,Definitivo,SAN ROQUE [23080760],Pluviométrica,Convencional,Activa,Antioquia,San Roque,6.4875,-75.017,820,5/15/1975,,Monchia,Magdalena Cauca,Medio Magdalena,Río Nare,2014,27,Andes,Definitivo,4,4,0,6.04530954360962,6.04530954360962,13.947808265686,22.1316204071045,21.0641460418701,3.05454540252686,6.04363632202148,5,10,0.869565188884735,0.876811623573303,1,1,24,1.05999994277954,4.23999977111816
04,2016-04-27,23080760,19,Definitivo,SAN ROQUE [23080760],Pluviométrica,Convencional,Activa,Antioquia,San Roque,6.4875,-75.017,820,5/15/1975,,Monchia,Magdalena Cauca,Medio Magdalena,Río Nare,2016,27,Andes,Definitivo,19,19,0,18.47678565979,18.47678565979,25.947395324707,37.9801559448242,27.156177520752,3.05454540252686,6.04363632202148,5,10,0.869565188884735,0.876811623573303,1,1,24,1.05999994277954,20.1399989128113
04,2019-04-26,23080760,0,Definitivo,SAN ROQUE [23080760],Pluviométrica,Convencional,Activa,Antioquia,San Roque,6.4875,-75.017,820,5/15/1975,,Monchia,Magdalena Cauca,Medio Magdalena,Río Nare,2019,26,Andes,Definitivo,0,0,0,11.6724872589111,11.6724872589111,7.05861377716065,11.7043027877808,17.0258674621582,3.05454540252686,6.04363632202148,5,10,0.869565188884735,0.876811623573303,1,1,24,1.05999994277954,0
04,2020-04-29,23080760,16,Definitivo,SAN ROQUE [23080760],Pluviométrica,Convencional,Activa,Antioquia,San Roque,6.4875,-75.017,820,5/15/1975,,Monchia,Magdalena Cauca,Medio Magdalena,Río Nare,2020,29,Andes,Definitivo,16,16,0,1.96124625205994,1.96124625205994,0,12.7361087799072,0.038885198533535,3.05454540252686,6.04363632202148,5,10,0.869565188884735,0.876811623573303,1,1,24,1.05999994277954,16.9599990844727
04,2007-04-11,23080760,,"",SAN ROQUE [23080760],Pluviométrica,Convencional,Activa,Antioquia,San Roque,6.4875,-75.017,820,5/15/1975,,Monchia,Magdalena Cauca,Medio Magdalena,Río Nare,2007,11,Andes,Preliminar,0,0,0,2.35673666000366,2.35673666000366,0,3.218341588974,0.905160427093506,3.05454540252686,6.04363632202148,5,10,0.869565188884735,0.876811623573303,1,1,21,1.05999994277954,0
04,2010-04-09,23080760,10,Definitivo,SAN ROQUE [23080760],Pluviométrica,Convencional,Activa,Antioquia,San Roque,6.4875,-75.017,820,5/15/1975,,Monchia,Magdalena Cauca,Medio Magdalena,Río Nare,2010,09,Andes,Definitivo,10,10,0,5.27098703384399,5.27098703384399,0,9.61521816253662,35.0469131469727,3.05454540252686,6.04363632202148,5,10,0.869565188884735,0.876811623573303,1,1,20,1.05999994277954,10.5999994277954
04,2009-04-19,23080760,6,Definitivo,SAN ROQUE [23080760],Pluviométrica,Convencional,Activa,Antioquia,San Roque,6.4875,-75.017,820,5/15/1975,,Monchia,Magdalena Cauca,Medio Magdalena,Río Nare,2009,19,Andes,Definitivo,6,6,0,5.066725730896,5.066725730896,42.5726470947266,5.50561857223511,4.86793756484985,3.05454540252686,6.04363632202148,5,10,0.869565188884735,0.876811623573303,1,1,22,1.05999994277954,6.35999965667725
04,2008-04-22,23080760,7,Definitivo,SAN ROQUE [23080760],Pluviométrica,Convencional,Activa,Antioquia,San Roque,6.4875,-75.017,820,5/15/1975,,Monchia,Magdalena Cauca,Medio Magdalena,Río Nare,2008,22,Andes,Definitivo,7,7,0,13.6450729370117,13.6450729370117,10.5557460784912,8.38482856750488,0.11169408261776,3.05454540252686,6.04363632202148,5,10,0.869565188884735,0.876811623573303,1,1,23,1.05999994277954,7.41999959945679
04,2012-04-10,23080760,89,Definitivo,SAN ROQUE [23080760],Pluviométrica,Convencional,Activa,Antioquia,San Roque,6.4875,-75.017,820,5/15/1975,,Monchia,Magdalena Cauca,Medio Magdalena,Río Nare,2012,10,Andes,Definitivo,89,89,0,6.54862403869629,6.54862403869629,16.9136600494385,14.5267820358276,50.5527610778809,3.05454540252686,6.04363632202148,5,10,0.869565188884735,0.876811623573303,1,1,20,1.05999994277954,94.3399949073792
04,2003-04-28,23080760,8,Definitivo,SAN ROQUE [23080760],Pluviométrica,Convencional,Activa,Antioquia,San Roque,6.4875,-75.017,820,5/15/1975,,Monchia,Magdalena Cauca,Medio Magdalena,Río Nare,2003,28,Andes,Definitivo,8,8,0,0.140905365347862,0.140905365347862,11.6501617431641,6.47101259231567,17.6811199188232,3.05454540252686,6.04363632202148,5,10,0.869565188884735,0.876811623573303,1,1,24,1.05999994277954,8.47999954223633
04,2005-04-22,23080760,24,Definitivo,SAN ROQUE [23080760],Pluviométrica,Convencional,Activa,Antioquia,San Roque,6.4875,-75.017,820,5/15/1975,,Monchia,Magdalena Cauca,Medio Magdalena,Río Nare,2005,22,Andes,Definitivo,24,24,0,3.07500433921814,3.07500433921814,17.2034606933594,10.6803121566772,44.6112632751465,3.05454540252686,6.04363632202148,5,10,0.869565188884735,0.876811623573303,1,1,23,1.05999994277954,25.439998626709
04,2009-04-21,23080760,0,Definitivo,SAN ROQUE [23080760],Pluviométrica,Convencional,Activa,Antioquia,San Roque,6.4875,-75.017,820,5/15/1975,,Monchia,Magdalena Cauca,Medio Magdalena,Río Nare,2009,21,Andes,Definitivo,0,0,0,2.08362770080566,2.08362770080566,17.2838153839111,8.23732852935791,22.0865364074707,3.05454540252686,6.04363632202148,5,10,0.869565188884735,0.876811623573303,1,1,23,1.05999994277954,0
04,2009-04-22,23080760,12,Definitivo,SAN ROQUE [23080760],Pluviométrica,Convencional,Activa,Antioquia,San Roque,6.4875,-75.017,820,5/15/1975,,Monchia,Magdalena Cauca,Medio Magdalena,Río Nare,2009,22,Andes,Definitivo,12,12,0,4.49783086776733,4.49783086776733,0,12.0406427383423,11.6266021728516,3.05454540252686,6.04363632202148,5,10,0.869565188884735,0.876811623573303,1,1,23,1.05999994277954,12.7199993133545
04,2008-04-16,23080760,,"",SAN ROQUE [23080760],Pluviométrica,Convencional,Activa,Antioquia,San Roque,6.4875,-75.017,820,5/15/1975,,Monchia,Magdalena Cauca,Medio Magdalena,Río Nare,2008,16,Andes,Preliminar,0,0,0,1.00144624710083,1.00144624710083,0,12.68337059021,0,3.05454540252686,6.04363632202148,5,10,0.869565188884735,0.876811623573303,1,1,22,1.05999994277954,0
04,2007-04-14,23080760,39,Definitivo,SAN ROQUE [23080760],Pluviométrica,Convencional,Activa,Antioquia,San Roque,6.4875,-75.017,820,5/15/1975,,Monchia,Magdalena Cauca,Medio Magdalena,Río Nare,2007,14,Andes,Definitivo,39,39,0,6.01553773880005,6.01553773880005,8.14558982849121,6.67550039291382,14.5399026870728,3.05454540252686,6.04363632202148,5,10,0.869565188884735,0.876811623573303,1,1,21,1.05999994277954,41.3399977684021
04,2006-04-11,23080760,47,Definitivo,SAN ROQUE [23080760],Pluviométrica,Convencional,Activa,Antioquia,San Roque,6.4875,-75.017,820,5/15/1975,,Monchia,Magdalena Cauca,Medio Magdalena,Río Nare,2006,11,Andes,Definitivo,47,47,0,6.75015735626221,6.75015735626221,17.3055210113525,9.65466785430908,40.02001953125,3.05454540252686,6.04363632202148,5,10,0.869565188884735,0.876811623573303,1,1,21,1.05999994277954,49.8199973106384
04,2006-04-10,23080760,20,Definitivo,SAN ROQUE [23080760],Pluviométrica,Convencional,Activa,Antioquia,San Roque,6.4875,-75.017,820,5/15/1975,,Monchia,Magdalena Cauca,Medio Magdalena,Río Nare,2006,10,Andes,Definitivo,20,20,0,8.34759998321533,8.34759998321533,12.0974073410034,20.6391544342041,11.479887008667,3.05454540252686,6.04363632202148,5,10,0.869565188884735,0.876811623573303,1,1,20,1.05999994277954,21.1999988555908
04,2020-04-30,23080760,0,Definitivo,SAN ROQUE [23080760],Pluviométrica,Convencional,Activa,Antioquia,San Roque,6.4875,-75.017,820,5/15/1975,,Monchia,Magdalena Cauca,Medio Magdalena,Río Nare,2020,30,Andes,Definitivo,0,0,0,33.8533096313477,33.8533096313477,17.7638568878174,11.2535419464111,3.09268069267273,3.05454540252686,6.04363632202148,5,10,0.869565188884735,0.876811623573303,1,1,24,1.05999994277954,0
04,2023-04-30,23080760,0,Definitivo,SAN ROQUE [23080760],Pluviométrica,Convencional,Activa,Antioquia,San Roque,6.4875,-75.017,820,5/15/1975,,Monchia,Magdalena Cauca,Medio Magdalena,Río Nare,2023,30,Andes,Definitivo,0,0,0,16.5909557342529,16.5909557342529,48.7743339538574,17.6879577636719,54.7444381713867,3.05454540252686,6.04363632202148,5,10,0.869565188884735,0.876811623573303,1,1,24,1.05999994277954,0
04,2011-04-13,23080760,142,Definitivo,SAN ROQUE [23080760],Pluviométrica,Convencional,Activa,Antioquia,San Roque,6.4875,-75.017,820,5/15/1975,,Monchia,Magdalena Cauca,Medio Magdalena,Río Nare,2011,13,Andes,Definitivo,142,142,0,4.40372037887573,4.40372037887573,0,32.7963447570801,47.761646270752,3.05454540252686,6.04363632202148,5,10,0.869565188884735,0.876811623573303,1,1,21,1.05999994277954,150.519991874695
04,2010-04-16,23080760,0.4,Definitivo,SAN ROQUE [23080760],Pluviométrica,Convencional,Activa,Antioquia,San Roque,6.4875,-75.017,820,5/15/1975,,Monchia,Magdalena Cauca,Medio Magdalena,Río Nare,2010,16,Andes,Definitivo,0.4,0.4,0,14.1439161300659,14.1439161300659,0,7.03634309768677,3.27606296539307,3.05454540252686,6.04363632202148,5,10,0.869565188884735,0.876811623573303,1,1,22,1.05999994277954,0.423999977111816
04,2004-04-30,23080760,65,Definitivo,SAN ROQUE [23080760],Pluviométrica,Convencional,Activa,Antioquia,San Roque,6.4875,-75.017,820,5/15/1975,,Monchia,Magdalena Cauca,Medio Magdalena,Río Nare,2004,30,Andes,Definitivo,65,65,0,14.4194993972778,14.4194993972778,34.515983581543,10.9444961547852,35.8450050354004,3.05454540252686,6.04363632202148,5,10,0.869565188884735,0.876811623573303,1,1,24,1.05999994277954,68.8999962806702
04,2010-04-10,23080760,31,Definitivo,SAN ROQUE [23080760],Pluviométrica,Convencional,Activa,Antioquia,San Roque,6.4875,-75.017,820,5/15/1975,,Monchia,Magdalena Cauca,Medio Magdalena,Río Nare,2010,10,Andes,Definitivo,31,31,0,1.76053106784821,1.76053106784821,12.8565244674683,7.1961841583252,8.83323764801025,3.05454540252686,6.04363632202148,5,10,0.869565188884735,0.876811623573303,1,1,20,1.05999994277954,32.8599982261658
04,2010-04-11,23080760,0,Definitivo,SAN ROQUE [23080760],Pluviométrica,Convencional,Activa,Antioquia,San Roque,6.4875,-75.017,820,5/15/1975,,Monchia,Magdalena Cauca,Medio Magdalena,Río Nare,2010,11,Andes,Definitivo,0,0,0,0.0322520323097706,0.0322520323097706,23.1040687561035,9.27100563049316,14.2606611251831,3.05454540252686,6.04363632202148,5,10,0.869565188884735,0.876811623573303,1,1,21,1.05999994277954,0
04,2005-04-23,23080760,16,Definitivo,SAN ROQUE [23080760],Pluviométrica,Convencional,Activa,Antioquia,San Roque,6.4875,-75.017,820,5/15/1975,,Monchia,Magdalena Cauca,Medio Magdalena,Río Nare,2005,23,Andes,Definitivo,16,16,0,23.6241359710693,23.6241359710693,17.2034606933594,24.1687068939209,47.2727317810059,3.05454540252686,6.04363632202148,5,10,0.869565188884735,0.876811623573303,1,1,23,1.05999994277954,16.9599990844727
04,2007-04-18,23080760,7,Definitivo,SAN ROQUE [23080760],Pluviométrica,Convencional,Activa,Antioquia,San Roque,6.4875,-75.017,820,5/15/1975,,Monchia,Magdalena Cauca,Medio Magdalena,Río Nare,2007,18,Andes,Definitivo,7,7,0,4.02250957489014,4.02250957489014,12.9403676986694,12.2062177658081,9.64187335968018,3.05454540252686,6.04363632202148,5,10,0.869565188884735,0.876811623573303,1,1,22,1.05999994277954,7.41999959945679
04,2013-04-23,23080760,66,Definitivo,SAN ROQUE [23080760],Pluviométrica,Convencional,Activa,Antioquia,San Roque,6.4875,-75.017,820,5/15/1975,,Monchia,Magdalena Cauca,Medio Magdalena,Río Nare,2013,23,Andes,Definitivo,66,66,0,3.57388424873352,3.57388424873352,8.67908191680908,3.08311247825623,3.67625069618225,3.05454540252686,6.04363632202148,5,10,0.869565188884735,0.876811623573303,1,1,23,1.05999994277954,69.9599962234497
04,2012-04-26,23080760,64,Definitivo,SAN ROQUE [23080760],Pluviométrica,Convencional,Activa,Antioquia,San Roque,6.4875,-75.017,820,5/15/1975,,Monchia,Magdalena Cauca,Medio Magdalena,Río Nare,2012,26,Andes,Definitivo,64,64,0,8.93003368377686,8.93003368377686,0,17.7507057189941,6.39159250259399,3.05454540252686,6.04363632202148,5,10,0.869565188884735,0.876811623573303,1,1,24,1.05999994277954,67.8399963378906
04,2012-04-27,23080760,2,Definitivo,SAN ROQUE [23080760],Pluviométrica,Convencional,Activa,Antioquia,San Roque,6.4875,-75.017,820,5/15/1975,,Monchia,Magdalena Cauca,Medio Magdalena,Río Nare,2012,27,Andes,Definitivo,2,2,0,14.9860544204712,14.9860544204712,28.3214454650879,23.7414875030518,84.8448715209961,3.05454540252686,6.04363632202148,5,10,0.869565188884735,0.876811623573303,1,1,24,1.05999994277954,2.11999988555908
04,2017-04-25,23080760,5,Definitivo,SAN ROQUE [23080760],Pluviométrica,Convencional,Activa,Antioquia,San Roque,6.4875,-75.017,820,5/15/1975,,Monchia,Magdalena Cauca,Medio Magdalena,Río Nare,2017,25,Andes,Definitivo,5,5,0,7.67867183685303,7.67867183685303,0,8.33292579650879,0.0985253304243088,3.05454540252686,6.04363632202148,5,10,0.869565188884735,0.876811623573303,1,1,23,1.05999994277954,5.29999971389771
04,2005-04-09,23080760,2,Definitivo,SAN ROQUE [23080760],Pluviométrica,Convencional,Activa,Antioquia,San Roque,6.4875,-75.017,820,5/15/1975,,Monchia,Magdalena Cauca,Medio Magdalena,Río Nare,2005,09,Andes,Definitivo,2,2,0,8.54698181152344,8.54698181152344,25.3850841522217,23.7098140716553,47.2961502075195,3.05454540252686,6.04363632202148,5,10,0.869565188884735,0.876811623573303,1,1,20,1.05999994277954,2.11999988555908
04,2005-04-10,23080760,8,Definitivo,SAN ROQUE [23080760],Pluviométrica,Convencional,Activa,Antioquia,San Roque,6.4875,-75.017,820,5/15/1975,,Monchia,Magdalena Cauca,Medio Magdalena,Río Nare,2005,10,Andes,Definitivo,8,8,0,22.5086727142334,22.5086727142334,0,0.674212336540222,4.38237810134888,3.05454540252686,6.04363632202148,5,10,0.869565188884735,0.876811623573303,1,1,20,1.05999994277954,8.47999954223633
04,2005-04-11,23080760,9,Definitivo,SAN ROQUE [23080760],Pluviométrica,Convencional,Activa,Antioquia,San Roque,6.4875,-75.017,820,5/15/1975,,Monchia,Magdalena Cauca,Medio Magdalena,Río Nare,2005,11,Andes,Definitivo,9,9,0,5.19355010986328,5.19355010986328,27.4465274810791,12.5025472640991,27.9651069641113,3.05454540252686,6.04363632202148,5,10,0.869565188884735,0.876811623573303,1,1,21,1.05999994277954,9.53999948501587
04,2012-04-09,23080760,31,Definitivo,SAN ROQUE [23080760],Pluviométrica,Convencional,Activa,Antioquia,San Roque,6.4875,-75.017,820,5/15/1975,,Monchia,Magdalena Cauca,Medio Magdalena,Río Nare,2012,09,Andes,Definitivo,31,31,0,10.2799243927002,10.2799243927002,0,21.7101860046387,25.585657119751,3.05454540252686,6.04363632202148,5,10,0.869565188884735,0.876811623573303,1,1,20,1.05999994277954,32.8599982261658
04,2008-04-09,23080760,3,Definitivo,SAN ROQUE [23080760],Pluviométrica,Convencional,Activa,Antioquia,San Roque,6.4875,-75.017,820,5/15/1975,,Monchia,Magdalena Cauca,Medio Magdalena,Río Nare,2008,09,Andes,Definitivo,3,3,0,7.0401782989502,7.0401782989502,15.4635610580444,18.0498390197754,8.11352729797363,3.05454540252686,6.04363632202148,5,10,0.869565188884735,0.876811623573303,1,1,20,1.05999994277954,3.17999982833862
04,2023-04-27,23080760,5,Definitivo,SAN ROQUE [23080760],Pluviométrica,Convencional,Activa,Antioquia,San Roque,6.4875,-75.017,820,5/15/1975,,Monchia,Magdalena Cauca,Medio Magdalena,Río Nare,2023,27,Andes,Definitivo,5,5,0,7.70568132400513,7.70568132400513,0,13.3873510360718,0.760407507419586,3.05454540252686,6.04363632202148,5,10,0.869565188884735,0.876811623573303,1,1,24,1.05999994277954,5.29999971389771
04,2023-04-28,23080760,40,Definitivo,SAN ROQUE [23080760],Pluviométrica,Convencional,Activa,Antioquia,San Roque,6.4875,-75.017,820,5/15/1975,,Monchia,Magdalena Cauca,Medio Magdalena,Río Nare,2023,28,Andes,Definitivo,40,40,0,6.1260347366333,6.1260347366333,36.580753326416,30.2449264526367,18.1150455474854,3.05454540252686,6.04363632202148,5,10,0.869565188884735,0.876811623573303,1,1,24,1.05999994277954,42.3999977111816
04,2011-04-15,23080760,52,Definitivo,SAN ROQUE [23080760],Pluviométrica,Convencional,Activa,Antioquia,San Roque,6.4875,-75.017,820,5/15/1975,,Monchia,Magdalena Cauca,Medio Magdalena,Río Nare,2011,15,Andes,Definitivo,52,52,0,13.3340129852295,13.3340129852295,25.7441749572754,11.8477430343628,26.3721466064453,3.05454540252686,6.04363632202148,5,10,0.869565188884735,0.876811623573303,1,1,21,1.05999994277954,55.1199970245361
04,2010-04-18,23080760,5,Definitivo,SAN ROQUE [23080760],Pluviométrica,Convencional,Activa,Antioquia,San Roque,6.4875,-75.017,820,5/15/1975,,Monchia,Magdalena Cauca,Medio Magdalena,Río Nare,2010,18,Andes,Definitivo,5,5,0,0.52598363161087,0.52598363161087,0,11.0238265991211,0.0726694092154503,3.05454540252686,6.04363632202148,5,10,0.869565188884735,0.876811623573303,1,1,22,1.05999994277954,5.29999971389771
04,2009-04-12,23080760,,"",SAN ROQUE [23080760],Pluviométrica,Convencional,Activa,Antioquia,San Roque,6.4875,-75.017,820,5/15/1975,,Monchia,Magdalena Cauca,Medio Magdalena,Río Nare,2009,12,Andes,Preliminar,0,0,0,3.73703002929688,3.73703002929688,31.4445266723633,14.4197006225586,14.1069784164429,3.05454540252686,6.04363632202148,5,10,0.869565188884735,0.876811623573303,1,1,21,1.05999994277954,0
04,2009-04-13,23080760,1,Definitivo,SAN ROQUE [23080760],Pluviométrica,Convencional,Activa,Antioquia,San Roque,6.4875,-75.017,820,5/15/1975,,Monchia,Magdalena Cauca,Medio Magdalena,Río Nare,2009,13,Andes,Definitivo,1,1,0,2.78104519844055,2.78104519844055,0,3.86837720870972,3.52833843231201,3.05454540252686,6.04363632202148,5,10,0.869565188884735,0.876811623573303,1,1,21,1.05999994277954,1.05999994277954
04,2005-04-13,23080760,0.1,Definitivo,SAN ROQUE [23080760],Pluviométrica,Convencional,Activa,Antioquia,San Roque,6.4875,-75.017,820,5/15/1975,,Monchia,Magdalena Cauca,Medio Magdalena,Río Nare,2005,13,Andes,Definitivo,0.1,0.1,0,0.059695977717638,0.059695977717638,0,4.76267623901367,1.84716081619263,3.05454540252686,6.04363632202148,5,10,0.869565188884735,0.876811623573303,1,1,21,1.05999994277954,0.105999994277954
04,2005-04-12,23080760,6,Definitivo,SAN ROQUE [23080760],Pluviométrica,Convencional,Activa,Antioquia,San Roque,6.4875,-75.017,820,5/15/1975,,Monchia,Magdalena Cauca,Medio Magdalena,Río Nare,2005,12,Andes,Definitivo,6,6,0,2.32814311981201,2.32814311981201,0,27.2662563323975,4.55807733535767,3.05454540252686,6.04363632202148,5,10,0.869565188884735,0.876811623573303,1,1,21,1.05999994277954,6.35999965667725
04,2018-04-29,23080760,0,Definitivo,SAN ROQUE [23080760],Pluviométrica,Convencional,Activa,Antioquia,San Roque,6.4875,-75.017,820,5/15/1975,,Monchia,Magdalena Cauca,Medio Magdalena,Río Nare,2018,29,Andes,Definitivo,0,0,0,27.1483287811279,27.1483287811279,38.3287506103516,41.5258102416992,15.4729471206665,3.05454540252686,6.04363632202148,5,10,0.869565188884735,0.876811623573303,1,1,24,1.05999994277954,0
04,2018-04-30,23080760,0,Definitivo,SAN ROQUE [23080760],Pluviométrica,Convencional,Activa,Antioquia,San Roque,6.4875,-75.017,820,5/15/1975,,Monchia,Magdalena Cauca,Medio Magdalena,Río Nare,2018,30,Andes,Definitivo,0,0,0,8.54240608215332,8.54240608215332,0,1.15256309509277,0,3.05454540252686,6.04363632202148,5,10,0.869565188884735,0.876811623573303,1,1,24,1.05999994277954,0
04,2021-04-28,23080760,37,Definitivo,SAN ROQUE [23080760],Pluviométrica,Convencional,Activa,Antioquia,San Roque,6.4875,-75.017,820,5/15/1975,,Monchia,Magdalena Cauca,Medio Magdalena,Río Nare,2021,28,Andes,Definitivo,37,37,0,9.43971538543701,9.43971538543701,13.6038570404053,14.8802490234375,19.5469570159912,3.05454540252686,6.04363632202148,5,10,0.869565188884735,0.876811623573303,1,1,24,1.05999994277954,39.219997882843
04,2021-04-30,23080760,4,Definitivo,SAN ROQUE [23080760],Pluviométrica,Convencional,Activa,Antioquia,San Roque,6.4875,-75.017,820,5/15/1975,,Monchia,Magdalena Cauca,Medio Magdalena,Río Nare,2021,30,Andes,Definitivo,4,4,0,9.06326103210449,9.06326103210449,0,17.0934429168701,22.5686054229736,3.05454540252686,6.04363632202148,5,10,0.869565188884735,0.876811623573303,1,1,24,1.05999994277954,4.23999977111816
04,2023-04-29,23080760,11,Definitivo,SAN ROQUE [23080760],Pluviométrica,Convencional,Activa,Antioquia,San Roque,6.4875,-75.017,820,5/15/1975,,Monchia,Magdalena Cauca,Medio Magdalena,Río Nare,2023,29,Andes,Definitivo,11,11,0,7.2415075302124,7.2415075302124,12.1935834884644,15.1916637420654,22.8599853515625,3.05454540252686,6.04363632202148,5,10,0.869565188884735,0.876811623573303,1,1,24,1.05999994277954,11.659999370575
04,2002-04-30,23080760,12,Definitivo,SAN ROQUE [23080760],Pluviométrica,Convencional,Activa,Antioquia,San Roque,6.4875,-75.017,820,5/15/1975,,Monchia,Magdalena Cauca,Medio Magdalena,Río Nare,2002,30,Andes,Definitivo,12,12,0,7.35045623779297,7.35045623779297,25.8717288970947,8.89010524749756,22.2468090057373,3.05454540252686,6.04363632202148,5,10,0.869565188884735,0.876811623573303,1,1,24,1.05999994277954,12.7199993133545
04,2004-04-24,23080760,0,Definitivo,SAN ROQUE [23080760],Pluviométrica,Convencional,Activa,Antioquia,San Roque,6.4875,-75.017,820,5/15/1975,,Monchia,Magdalena Cauca,Medio Magdalena,Río Nare,2004,24,Andes,Definitivo,0,0,0,5.54967641830444,5.54967641830444,0,20.6057376861572,8.40583801269531,3.05454540252686,6.04363632202148,5,10,0.869565188884735,0.876811623573303,1,1,23,1.05999994277954,0
04,2006-04-19,23080760,0,Definitivo,SAN ROQUE [23080760],Pluviométrica,Convencional,Activa,Antioquia,San Roque,6.4875,-75.017,820,5/15/1975,,Monchia,Magdalena Cauca,Medio Magdalena,Río Nare,2006,19,Andes,Definitivo,0,0,0,3.61780381202698,3.61780381202698,15.535101890564,19.2513294219971,24.2945003509522,3.05454540252686,6.04363632202148,5,10,0.869565188884735,0.876811623573303,1,1,22,1.05999994277954,0
04,2006-04-20,23080760,1,Definitivo,SAN ROQUE [23080760],Pluviométrica,Convencional,Activa,Antioquia,San Roque,6.4875,-75.017,820,5/15/1975,,Monchia,Magdalena Cauca,Medio Magdalena,Río Nare,2006,20,Andes,Definitivo,1,1,0,3.50041222572327,3.50041222572327,7.76755094528198,3.27089500427246,0.448949217796326,3.05454540252686,6.04363632202148,5,10,0.869565188884735,0.876811623573303,1,1,22,1.05999994277954,1.05999994277954
04,2010-04-19,23080760,6,Definitivo,SAN ROQUE [23080760],Pluviométrica,Convencional,Activa,Antioquia,San Roque,6.4875,-75.017,820,5/15/1975,,Monchia,Magdalena Cauca,Medio Magdalena,Río Nare,2010,19,Andes,Definitivo,6,6,0,6.11005687713623,6.11005687713623,28.1285705566406,7.1062183380127,23.9436893463135,3.05454540252686,6.04363632202148,5,10,0.869565188884735,0.876811623573303,1,1,22,1.05999994277954,6.35999965667725
04,2011-04-23,23080760,21,Definitivo,SAN ROQUE [23080760],Pluviométrica,Convencional,Activa,Antioquia,San Roque,6.4875,-75.017,820,5/15/1975,,Monchia,Magdalena Cauca,Medio Magdalena,Río Nare,2011,23,Andes,Definitivo,21,21,0,3.49418926239014,3.49418926239014,17.1166019439697,29.8059043884277,17.3319396972656,3.05454540252686,6.04363632202148,5,10,0.869565188884735,0.876811623573303,1,1,23,1.05999994277954,22.2599987983704
04,2011-04-24,23080760,0,Definitivo,SAN ROQUE [23080760],Pluviométrica,Convencional,Activa,Antioquia,San Roque,6.4875,-75.017,820,5/15/1975,,Monchia,Magdalena Cauca,Medio Magdalena,Río Nare,2011,24,Andes,Definitivo,0,0,0,3.46397566795349,3.46397566795349,17.1166019439697,6.91949129104614,10.9952583312988,3.05454540252686,6.04363632202148,5,10,0.869565188884735,0.876811623573303,1,1,23,1.05999994277954,0
04,2013-04-24,23080760,0,Definitivo,SAN ROQUE [23080760],Pluviométrica,Convencional,Activa,Antioquia,San Roque,6.4875,-75.017,820,5/15/1975,,Monchia,Magdalena Cauca,Medio Magdalena,Río Nare,2013,24,Andes,Definitivo,0,0,0,1.6660578250885,1.6660578250885,17.3581638336182,0.734687685966492,2.30965280532837,3.05454540252686,6.04363632202148,5,10,0.869565188884735,0.876811623573303,1,1,23,1.05999994277954,0
04,2004-04-13,23080760,11,Definitivo,SAN ROQUE [23080760],Pluviométrica,Convencional,Activa,Antioquia,San Roque,6.4875,-75.017,820,5/15/1975,,Monchia,Magdalena Cauca,Medio Magdalena,Río Nare,2004,13,Andes,Definitivo,11,11,0,5.90190362930298,5.90190362930298,47.4363250732422,10.495813369751,7.90779066085815,3.05454540252686,6.04363632202148,5,10,0.869565188884735,0.876811623573303,1,1,21,1.05999994277954,11.659999370575
04,2004-04-10,23080760,5,Definitivo,SAN ROQUE [23080760],Pluviométrica,Convencional,Activa,Antioquia,San Roque,6.4875,-75.017,820,5/15/1975,,Monchia,Magdalena Cauca,Medio Magdalena,Río Nare,2004,10,Andes,Definitivo,5,5,0,16.2337779998779,16.2337779998779,0,13.7088890075684,12.4237585067749,3.05454540252686,6.04363632202148,5,10,0.869565188884735,0.876811623573303,1,1,20,1.05999994277954,5.29999971389771
04,2006-04-07,23080760,51,Definitivo,SAN ROQUE [23080760],Pluviométrica,Convencional,Activa,Antioquia,San Roque,6.4875,-75.017,820,5/15/1975,,Monchia,Magdalena Cauca,Medio Magdalena,Río Nare,2006,07,Andes,Definitivo,51,51,0,6.88559103012085,6.88559103012085,10.5852298736572,30.8334541320801,12.6566524505615,3.05454540252686,6.04363632202148,5,10,0.869565188884735,0.876811623573303,1,1,20,1.05999994277954,54.0599970817566
04,2006-04-08,23080760,3,Definitivo,SAN ROQUE [23080760],Pluviométrica,Convencional,Activa,Antioquia,San Roque,6.4875,-75.017,820,5/15/1975,,Monchia,Magdalena Cauca,Medio Magdalena,Río Nare,2006,08,Andes,Definitivo,3,3,0,4.1855902671814,4.1855902671814,21.1704597473145,14.4678268432617,29.7687702178955,3.05454540252686,6.04363632202148,5,10,0.869565188884735,0.876811623573303,1,1,20,1.05999994277954,3.17999982833862
04,2004-04-29,23080760,17,Definitivo,SAN ROQUE [23080760],Pluviométrica,Convencional,Activa,Antioquia,San Roque,6.4875,-75.017,820,5/15/1975,,Monchia,Magdalena Cauca,Medio Magdalena,Río Nare,2004,29,Andes,Definitivo,17,17,0,4.41612386703491,4.41612386703491,6.90319728851318,3.35398101806641,3.55220150947571,3.05454540252686,6.04363632202148,5,10,0.869565188884735,0.876811623573303,1,1,24,1.05999994277954,18.0199990272522
04,2009-04-06,23080760,,"",SAN ROQUE [23080760],Pluviométrica,Convencional,Activa,Antioquia,San Roque,6.4875,-75.017,820,5/15/1975,,Monchia,Magdalena Cauca,Medio Magdalena,Río Nare,2009,06,Andes,Preliminar,0,0,0,0.335707992315292,0.335707992315292,0,4.08024406433105,0.384781152009964,3.05454540252686,6.04363632202148,5,10,0.869565188884735,0.876811623573303,1,1,20,1.05999994277954,0
04,2009-04-07,23080760,,"",SAN ROQUE [23080760],Pluviométrica,Convencional,Activa,Antioquia,San Roque,6.4875,-75.017,820,5/15/1975,,Monchia,Magdalena Cauca,Medio Magdalena,Río Nare,2009,07,Andes,Preliminar,0,0,0,3.69278812408447,3.69278812408447,0,4.71871280670166,0.140113651752472,3.05454540252686,6.04363632202148,5,10,0.869565188884735,0.876811623573303,1,1,20,1.05999994277954,0
04,2008-04-10,23080760,0,Definitivo,SAN ROQUE [23080760],Pluviométrica,Convencional,Activa,Antioquia,San Roque,6.4875,-75.017,820,5/15/1975,,Monchia,Magdalena Cauca,Medio Magdalena,Río Nare,2008,10,Andes,Definitivo,0,0,0,22.3488788604736,22.3488788604736,15.4635610580444,39.7706489562988,51.7294006347656,3.05454540252686,6.04363632202148,5,10,0.869565188884735,0.876811623573303,1,1,20,1.05999994277954,0
04,2012-04-11,23080760,35,Definitivo,SAN ROQUE [23080760],Pluviométrica,Convencional,Activa,Antioquia,San Roque,6.4875,-75.017,820,5/15/1975,,Monchia,Magdalena Cauca,Medio Magdalena,Río Nare,2012,11,Andes,Definitivo,35,35,0,10.9013929367065,10.9013929367065,16.6178932189941,15.2290630340576,27.0854396820068,3.05454540252686,6.04363632202148,5,10,0.869565188884735,0.876811623573303,1,1,21,1.05999994277954,37.0999979972839
04,2008-04-14,23080760,,"",SAN ROQUE [23080760],Pluviométrica,Convencional,Activa,Antioquia,San Roque,6.4875,-75.017,820,5/15/1975,,Monchia,Magdalena Cauca,Medio Magdalena,Río Nare,2008,14,Andes,Preliminar,0,0,0,6.4325122833252,6.4325122833252,0,10.2378416061401,11.3264970779419,3.05454540252686,6.04363632202148,5,10,0.869565188884735,0.876811623573303,1,1,21,1.05999994277954,0
04,2005-04-16,23080760,52,Definitivo,SAN ROQUE [23080760],Pluviométrica,Convencional,Activa,Antioquia,San Roque,6.4875,-75.017,820,5/15/1975,,Monchia,Magdalena Cauca,Medio Magdalena,Río Nare,2005,16,Andes,Definitivo,52,52,0,13.6545839309692,13.6545839309692,0,1.05844128131866,0.00639084121212363,3.05454540252686,6.04363632202148,5,10,0.869565188884735,0.876811623573303,1,1,22,1.05999994277954,55.1199970245361
04,2007-04-13,23080760,0,Definitivo,SAN ROQUE [23080760],Pluviométrica,Convencional,Activa,Antioquia,San Roque,6.4875,-75.017,820,5/15/1975,,Monchia,Magdalena Cauca,Medio Magdalena,Río Nare,2007,13,Andes,Definitivo,0,0,0,4.88925218582153,4.88925218582153,0,1.96901679039001,0.042595773935318,3.05454540252686,6.04363632202148,5,10,0.869565188884735,0.876811623573303,1,1,21,1.05999994277954,0
04,2007-04-12,23080760,1,Definitivo,SAN ROQUE [23080760],Pluviométrica,Convencional,Activa,Antioquia,San Roque,6.4875,-75.017,820,5/15/1975,,Monchia,Magdalena Cauca,Medio Magdalena,Río Nare,2007,12,Andes,Definitivo,1,1,0,3.86713099479675,3.86713099479675,8.14558982849121,3.55278062820435,2.8893735408783,3.05454540252686,6.04363632202148,5,10,0.869565188884735,0.876811623573303,1,1,21,1.05999994277954,1.05999994277954
04,2016-04-22,23080760,,"",SAN ROQUE [23080760],Pluviométrica,Convencional,Activa,Antioquia,San Roque,6.4875,-75.017,820,5/15/1975,,Monchia,Magdalena Cauca,Medio Magdalena,Río Nare,2016,22,Andes,Preliminar,0,0,0,7.24896192550659,7.24896192550659,6.00061321258545,19.0757350921631,0.716040968894959,3.05454540252686,6.04363632202148,5,10,0.869565188884735,0.876811623573303,1,1,23,1.05999994277954,0
04,2017-04-26,23080760,4,Definitivo,SAN ROQUE [23080760],Pluviométrica,Convencional,Activa,Antioquia,San Roque,6.4875,-75.017,820,5/15/1975,,Monchia,Magdalena Cauca,Medio Magdalena,Río Nare,2017,26,Andes,Definitivo,4,4,0,55.1702461242676,55.1702461242676,21.4643516540527,32.2188568115234,7.47738790512085,3.05454540252686,6.04363632202148,5,10,0.869565188884735,0.876811623573303,1,1,24,1.05999994277954,4.23999977111816
04,2019-04-27,23080760,0,Definitivo,SAN ROQUE [23080760],Pluviométrica,Convencional,Activa,Antioquia,San Roque,6.4875,-75.017,820,5/15/1975,,Monchia,Magdalena Cauca,Medio Magdalena,Río Nare,2019,27,Andes,Definitivo,0,0,0,28.8517456054688,28.8517456054688,0,1.65627026557922,0.0192612018436193,3.05454540252686,6.04363632202148,5,10,0.869565188884735,0.876811623573303,1,1,24,1.05999994277954,0
04,2019-04-28,23080760,0,Definitivo,SAN ROQUE [23080760],Pluviométrica,Convencional,Activa,Antioquia,San Roque,6.4875,-75.017,820,5/15/1975,,Monchia,Magdalena Cauca,Medio Magdalena,Río Nare,2019,28,Andes,Definitivo,0,0,0,4.37650012969971,4.37650012969971,2.35287117958069,2.11967897415161,0.255634278059006,3.05454540252686,6.04363632202148,5,10,0.869565188884735,0.876811623573303,1,1,24,1.05999994277954,0
04,2004-04-07,23080760,0.7,Definitivo,SAN ROQUE [23080760],Pluviométrica,Convencional,Activa,Antioquia,San Roque,6.4875,-75.017,820,5/15/1975,,Monchia,Magdalena Cauca,Medio Magdalena,Río Nare,2004,07,Andes,Definitivo,0.7,0.7,0,7.27750492095947,7.27750492095947,18.3767147064209,1.38142883777618,17.792667388916,3.05454540252686,6.04363632202148,5,10,0.869565188884735,0.876811623573303,1,1,20,1.05999994277954,0.741999959945679
04,2022-04-26,23080760,21,Definitivo,SAN ROQUE [23080760],Pluviométrica,Convencional,Activa,Antioquia,San Roque,6.4875,-75.017,820,5/15/1975,,Monchia,Magdalena Cauca,Medio Magdalena,Río Nare,2022,26,Andes,Definitivo,21,21,0,3.84270739555359,3.84270739555359,0,14.2993125915527,14.8525247573853,3.05454540252686,6.04363632202148,5,10,0.869565188884735,0.876811623573303,1,1,24,1.05999994277954,22.2599987983704
04,2021-04-29,23080760,33,Definitivo,SAN ROQUE [23080760],Pluviométrica,Convencional,Activa,Antioquia,San Roque,6.4875,-75.017,820,5/15/1975,,Monchia,Magdalena Cauca,Medio Magdalena,Río Nare,2021,29,Andes,Definitivo,33,33,0,22.6229038238525,22.6229038238525,0,20.1647930145264,16.7361850738525,3.05454540252686,6.04363632202148,5,10,0.869565188884735,0.876811623573303,1,1,24,1.05999994277954,34.9799981117249
04,2023-04-26,23080760,4,Definitivo,SAN ROQUE [23080760],Pluviométrica,Convencional,Activa,Antioquia,San Roque,6.4875,-75.017,820,5/15/1975,,Monchia,Magdalena Cauca,Medio Magdalena,Río Nare,2023,26,Andes,Definitivo,4,4,0,16.5041027069092,16.5041027069092,12.1935834884644,24.6770610809326,4.70908403396606,3.05454540252686,6.04363632202148,5,10,0.869565188884735,0.876811623573303,1,1,24,1.05999994277954,4.23999977111816
04,2023-04-25,23080760,32,Definitivo,SAN ROQUE [23080760],Pluviométrica,Convencional,Activa,Antioquia,San Roque,6.4875,-75.017,820,5/15/1975,,Monchia,Magdalena Cauca,Medio Magdalena,Río Nare,2023,25,Andes,Definitivo,32,32,0,8.57808303833008,8.57808303833008,19.8645572662354,15.4980268478394,23.1348037719727,3.05454540252686,6.04363632202148,5,10,0.869565188884735,0.876811623573303,1,1,23,1.05999994277954,33.9199981689453
04,2012-04-12,23080760,20,Definitivo,SAN ROQUE [23080760],Pluviométrica,Convencional,Activa,Antioquia,San Roque,6.4875,-75.017,820,5/15/1975,,Monchia,Magdalena Cauca,Medio Magdalena,Río Nare,2012,12,Andes,Definitivo,20,20,0,15.7371625900269,15.7371625900269,24.9268379211426,51.4386177062988,13.8569822311401,3.05454540252686,6.04363632202148,5,10,0.869565188884735,0.876811623573303,1,1,21,1.05999994277954,21.1999988555908
04,2011-04-16,23080760,60,Definitivo,SAN ROQUE [23080760],Pluviométrica,Convencional,Activa,Antioquia,San Roque,6.4875,-75.017,820,5/15/1975,,Monchia,Magdalena Cauca,Medio Magdalena,Río Nare,2011,16,Andes,Definitivo,60,60,0,9.95257663726807,9.95257663726807,23.1463813781738,29.8108005523682,47.9251594543457,3.05454540252686,6.04363632202148,5,10,0.869565188884735,0.876811623573303,1,1,22,1.05999994277954,63.5999965667725
04,2010-04-20,23080760,,"",SAN ROQUE [23080760],Pluviométrica,Convencional,Activa,Antioquia,San Roque,6.4875,-75.017,820,5/15/1975,,Monchia,Magdalena Cauca,Medio Magdalena,Río Nare,2010,20,Andes,Preliminar,0,0,0,0.324236482381821,0.324236482381821,0,2.19215989112854,1.70893537998199,3.05454540252686,6.04363632202148,5,10,0.869565188884735,0.876811623573303,1,1,22,1.05999994277954,0
04,2009-04-23,23080760,34,Definitivo,SAN ROQUE [23080760],Pluviométrica,Convencional,Activa,Antioquia,San Roque,6.4875,-75.017,820,5/15/1975,,Monchia,Magdalena Cauca,Medio Magdalena,Río Nare,2009,23,Andes,Definitivo,34,34,0,43.2753410339356,43.2753410339356,23.0450859069824,26.9669952392578,6.78518724441528,3.05454540252686,6.04363632202148,5,10,0.869565188884735,0.876811623573303,1,1,23,1.05999994277954,36.0399980545044
04,2006-04-13,23080760,71,Definitivo,SAN ROQUE [23080760],Pluviométrica,Convencional,Activa,Antioquia,San Roque,6.4875,-75.017,820,5/15/1975,,Monchia,Magdalena Cauca,Medio Magdalena,Río Nare,2006,13,Andes,Definitivo,71,71,0,7.08449125289917,7.08449125289917,0,37.4717750549316,2.78870940208435,3.05454540252686,6.04363632202148,5,10,0.869565188884735,0.876811623573303,1,1,21,1.05999994277954,75.2599959373474
04,2006-04-12,23080760,12,Definitivo,SAN ROQUE [23080760],Pluviométrica,Convencional,Activa,Antioquia,San Roque,6.4875,-75.017,820,5/15/1975,,Monchia,Magdalena Cauca,Medio Magdalena,Río Nare,2006,12,Andes,Definitivo,12,12,0,17.1145057678223,17.1145057678223,34.6110420227051,13.3650465011597,15.1155099868774,3.05454540252686,6.04363632202148,5,10,0.869565188884735,0.876811623573303,1,1,21,1.05999994277954,12.7199993133545
04,2002-04-14,23080760,18,Definitivo,SAN ROQUE [23080760],Pluviométrica,Convencional,Activa,Antioquia,San Roque,6.4875,-75.017,820,5/15/1975,,Monchia,Magdalena Cauca,Medio Magdalena,Río Nare,2002,14,Andes,Definitivo,18,18,0,8.67278480529785,8.67278480529785,11.565655708313,17.3140468597412,6.69691705703735,3.05454540252686,6.04363632202148,5,10,0.869565188884735,0.876811623573303,1,1,21,1.05999994277954,19.0799989700317
04,2002-04-11,23080760,7,Definitivo,SAN ROQUE [23080760],Pluviométrica,Convencional,Activa,Antioquia,San Roque,6.4875,-75.017,820,5/15/1975,,Monchia,Magdalena Cauca,Medio Magdalena,Río Nare,2002,11,Andes,Definitivo,7,7,0,6.32458782196045,6.32458782196045,11.565655708313,9.7385368347168,6.65812015533447,3.05454540252686,6.04363632202148,5,10,0.869565188884735,0.876811623573303,1,1,21,1.05999994277954,7.41999959945679
04,2017-04-27,23080760,0,Definitivo,SAN ROQUE [23080760],Pluviométrica,Convencional,Activa,Antioquia,San Roque,6.4875,-75.017,820,5/15/1975,,Monchia,Magdalena Cauca,Medio Magdalena,Río Nare,2017,27,Andes,Definitivo,0,0,0,1.32299661636353,1.32299661636353,0,9.44172191619873,0.282144248485565,3.05454540252686,6.04363632202148,5,10,0.869565188884735,0.876811623573303,1,1,24,1.05999994277954,0
04,2002-04-29,23080760,0,Definitivo,SAN ROQUE [23080760],Pluviométrica,Convencional,Activa,Antioquia,San Roque,6.4875,-75.017,820,5/15/1975,,Monchia,Magdalena Cauca,Medio Magdalena,Río Nare,2002,29,Andes,Definitivo,0,0,0,17.0631980895996,17.0631980895996,0,10.1946477890015,0.0127850817516446,3.05454540252686,6.04363632202148,5,10,0.869565188884735,0.876811623573303,1,1,24,1.05999994277954,0
04,2003-04-27,23080760,8,Definitivo,SAN ROQUE [23080760],Pluviométrica,Convencional,Activa,Antioquia,San Roque,6.4875,-75.017,820,5/15/1975,,Monchia,Magdalena Cauca,Medio Magdalena,Río Nare,2003,27,Andes,Definitivo,8,8,0,0,0,5.82508087158203,12.8401880264282,22.9711055755615,3.05454540252686,6.04363632202148,5,10,0.869565188884735,0.876811623573303,1,1,24,1.05999994277954,8.47999954223633
04,2005-04-21,23080760,104,Definitivo,SAN ROQUE [23080760],Pluviométrica,Convencional,Activa,Antioquia,San Roque,6.4875,-75.017,820,5/15/1975,,Monchia,Magdalena Cauca,Medio Magdalena,Río Nare,2005,21,Andes,Definitivo,104,104,0,8.13863372802734,8.13863372802734,0,19.6025352478027,17.6557102203369,3.05454540252686,6.04363632202148,5,10,0.869565188884735,0.876811623573303,1,1,23,1.05999994277954,110.239994049072
04,2005-04-20,23080760,3,Definitivo,SAN ROQUE [23080760],Pluviométrica,Convencional,Activa,Antioquia,San Roque,6.4875,-75.017,820,5/15/1975,,Monchia,Magdalena Cauca,Medio Magdalena,Río Nare,2005,20,Andes,Definitivo,3,3,0,29.6353340148926,29.6353340148926,35.0233535766602,30.451847076416,52.8996429443359,3.05454540252686,6.04363632202148,5,10,0.869565188884735,0.876811623573303,1,1,22,1.05999994277954,3.17999982833862
04,2007-04-17,23080760,0,Definitivo,SAN ROQUE [23080760],Pluviométrica,Convencional,Activa,Antioquia,San Roque,6.4875,-75.017,820,5/15/1975,,Monchia,Magdalena Cauca,Medio Magdalena,Río Nare,2007,17,Andes,Definitivo,0,0,0,3.22082090377808,3.22082090377808,0,9.84990119934082,3.33584380149841,3.05454540252686,6.04363632202148,5,10,0.869565188884735,0.876811623573303,1,1,22,1.05999994277954,0
04,2007-04-16,23080760,10,Definitivo,SAN ROQUE [23080760],Pluviométrica,Convencional,Activa,Antioquia,San Roque,6.4875,-75.017,820,5/15/1975,,Monchia,Magdalena Cauca,Medio Magdalena,Río Nare,2007,16,Andes,Definitivo,10,10,0,6.68074178695679,6.68074178695679,12.9403676986694,9.51267242431641,8.23009300231934,3.05454540252686,6.04363632202148,5,10,0.869565188884735,0.876811623573303,1,1,22,1.05999994277954,10.5999994277954
04,2006-04-17,23080760,4,Definitivo,SAN ROQUE [23080760],Pluviométrica,Convencional,Activa,Antioquia,San Roque,6.4875,-75.017,820,5/15/1975,,Monchia,Magdalena Cauca,Medio Magdalena,Río Nare,2006,17,Andes,Definitivo,4,4,0,12.624960899353,12.624960899353,0,3.89880776405334,3.09347701072693,3.05454540252686,6.04363632202148,5,10,0.869565188884735,0.876811623573303,1,1,22,1.05999994277954,4.23999977111816
04,2006-04-14,23080760,6,Definitivo,SAN ROQUE [23080760],Pluviométrica,Convencional,Activa,Antioquia,San Roque,6.4875,-75.017,820,5/15/1975,,Monchia,Magdalena Cauca,Medio Magdalena,Río Nare,2006,14,Andes,Definitivo,6,6,0,17.063720703125,17.063720703125,17.3055210113525,34.9626922607422,38.5160751342773,3.05454540252686,6.04363632202148,5,10,0.869565188884735,0.876811623573303,1,1,21,1.05999994277954,6.35999965667725
04,2009-04-24,23080760,7,Definitivo,SAN ROQUE [23080760],Pluviométrica,Convencional,Activa,Antioquia,San Roque,6.4875,-75.017,820,5/15/1975,,Monchia,Magdalena Cauca,Medio Magdalena,Río Nare,2009,24,Andes,Definitivo,7,7,0,2.25392436981201,2.25392436981201,17.2838153839111,18.7633666992188,39.5877532958984,3.05454540252686,6.04363632202148,5,10,0.869565188884735,0.876811623573303,1,1,23,1.05999994277954,7.41999959945679
04,2011-04-25,23080760,30,Definitivo,SAN ROQUE [23080760],Pluviométrica,Convencional,Activa,Antioquia,San Roque,6.4875,-75.017,820,5/15/1975,,Monchia,Magdalena Cauca,Medio Magdalena,Río Nare,2011,25,Andes,Definitivo,30,30,0,11.1569385528564,11.1569385528564,34.2332038879395,11.408031463623,52.8241539001465,3.05454540252686,6.04363632202148,5,10,0.869565188884735,0.876811623573303,1,1,23,1.05999994277954,31.7999982833862
04,2015-04-26,23080760,0,Definitivo,SAN ROQUE [23080760],Pluviométrica,Convencional,Activa,Antioquia,San Roque,6.4875,-75.017,820,5/15/1975,,Monchia,Magdalena Cauca,Medio Magdalena,Río Nare,2015,26,Andes,Definitivo,0,0,0,4.27377796173096,4.27377796173096,0,4.86849927902222,0.00181174464523792,3.05454540252686,6.04363632202148,5,10,0.869565188884735,0.876811623573303,1,1,24,1.05999994277954,0
04,2015-04-27,23080760,22,Definitivo,SAN ROQUE [23080760],Pluviométrica,Convencional,Activa,Antioquia,San Roque,6.4875,-75.017,820,5/15/1975,,Monchia,Magdalena Cauca,Medio Magdalena,Río Nare,2015,27,Andes,Definitivo,22,22,0,21.7708148956299,21.7708148956299,0,0.328381508588791,0.0236838310956955,3.05454540252686,6.04363632202148,5,10,0.869565188884735,0.876811623573303,1,1,24,1.05999994277954,23.3199987411499
04,2004-04-28,23080760,5,Definitivo,SAN ROQUE [23080760],Pluviométrica,Convencional,Activa,Antioquia,San Roque,6.4875,-75.017,820,5/15/1975,,Monchia,Magdalena Cauca,Medio Magdalena,Río Nare,2004,28,Andes,Definitivo,5,5,0,10.9061183929443,10.9061183929443,20.7095909118652,20.8930358886719,23.5745601654053,3.05454540252686,6.04363632202148,5,10,0.869565188884735,0.876811623573303,1,1,24,1.05999994277954,5.29999971389771
04,2003-04-09,23080760,37,Definitivo,SAN ROQUE [23080760],Pluviométrica,Convencional,Activa,Antioquia,San Roque,6.4875,-75.017,820,5/15/1975,,Monchia,Magdalena Cauca,Medio Magdalena,Río Nare,2003,09,Andes,Definitivo,37,37,0,6.49736595153809,6.49736595153809,0,20.1953392028809,7.57421398162842,3.05454540252686,6.04363632202148,5,10,0.869565188884735,0.876811623573303,1,1,20,1.05999994277954,39.219997882843
04,2004-04-08,23080760,29,Definitivo,SAN ROQUE [23080760],Pluviométrica,Convencional,Activa,Antioquia,San Roque,6.4875,-75.017,820,5/15/1975,,Monchia,Magdalena Cauca,Medio Magdalena,Río Nare,2004,08,Andes,Definitivo,29,29,0,3.34049463272095,3.34049463272095,16.0796241760254,8.38710498809815,9.39843463897705,3.05454540252686,6.04363632202148,5,10,0.869565188884735,0.876811623573303,1,1,20,1.05999994277954,30.7399983406067
04,2007-04-07,23080760,22,Definitivo,SAN ROQUE [23080760],Pluviométrica,Convencional,Activa,Antioquia,San Roque,6.4875,-75.017,820,5/15/1975,,Monchia,Magdalena Cauca,Medio Magdalena,Río Nare,2007,07,Andes,Definitivo,22,22,0,2.33018612861633,2.33018612861633,5.7135763168335,14.2884311676025,0,3.05454540252686,6.04363632202148,5,10,0.869565188884735,0.876811623573303,1,1,20,1.05999994277954,23.3199987411499
04,2007-04-08,23080760,122,Definitivo,SAN ROQUE [23080760],Pluviométrica,Convencional,Activa,Antioquia,San Roque,6.4875,-75.017,820,5/15/1975,,Monchia,Magdalena Cauca,Medio Magdalena,Río Nare,2007,08,Andes,Definitivo,122,122,0,15.5601234436035,15.5601234436035,22.854305267334,45.4154930114746,56.7680015563965,3.05454540252686,6.04363632202148,5,10,0.869565188884735,0.876811623573303,1,1,20,1.05999994277954,129.319993019104
04,2008-04-11,23080760,6,Definitivo,SAN ROQUE [23080760],Pluviométrica,Convencional,Activa,Antioquia,San Roque,6.4875,-75.017,820,5/15/1975,,Monchia,Magdalena Cauca,Medio Magdalena,Río Nare,2008,11,Andes,Definitivo,6,6,0,9.04201316833496,9.04201316833496,20.8667526245117,15.48743724823,10.4294996261597,3.05454540252686,6.04363632202148,5,10,0.869565188884735,0.876811623573303,1,1,21,1.05999994277954,6.35999965667725
04,2013-04-09,23080760,15,Definitivo,SAN ROQUE [23080760],Pluviométrica,Convencional,Activa,Antioquia,San Roque,6.4875,-75.017,820,5/15/1975,,Monchia,Magdalena Cauca,Medio Magdalena,Río Nare,2013,09,Andes,Definitivo,15,15,0,2.23720932006836,2.23720932006836,8.40631484985352,2.55421018600464,26.050630569458,3.05454540252686,6.04363632202148,5,10,0.869565188884735,0.876811623573303,1,1,20,1.05999994277954,15.8999991416931
04,2013-04-10,23080760,2,Definitivo,SAN ROQUE [23080760],Pluviométrica,Convencional,Activa,Antioquia,San Roque,6.4875,-75.017,820,5/15/1975,,Monchia,Magdalena Cauca,Medio Magdalena,Río Nare,2013,10,Andes,Definitivo,2,2,0,5.43490982055664,5.43490982055664,25.2189464569092,15.4332180023193,23.1000595092773,3.05454540252686,6.04363632202148,5,10,0.869565188884735,0.876811623573303,1,1,20,1.05999994277954,2.11999988555908
04,2011-04-17,23080760,20,Definitivo,SAN ROQUE [23080760],Pluviométrica,Convencional,Activa,Antioquia,San Roque,6.4875,-75.017,820,5/15/1975,,Monchia,Magdalena Cauca,Medio Magdalena,Río Nare,2011,17,Andes,Definitivo,20,20,0,16.9725723266602,16.9725723266602,34.7195701599121,39.8928451538086,32.0672454833984,3.05454540252686,6.04363632202148,5,10,0.869565188884735,0.876811623573303,1,1,22,1.05999994277954,21.1999988555908
04,2005-04-15,23080760,,"",SAN ROQUE [23080760],Pluviométrica,Convencional,Activa,Antioquia,San Roque,6.4875,-75.017,820,5/15/1975,,Monchia,Magdalena Cauca,Medio Magdalena,Río Nare,2005,15,Andes,Preliminar,0,0,0,13.8494663238525,13.8494663238525,10.978611946106,2.27743721008301,11.4698600769043,3.05454540252686,6.04363632202148,5,10,0.869565188884735,0.876811623573303,1,1,21,1.05999994277954,0
04,2002-04-17,23080760,60,Definitivo,SAN ROQUE [23080760],Pluviométrica,Convencional,Activa,Antioquia,San Roque,6.4875,-75.017,820,5/15/1975,,Monchia,Magdalena Cauca,Medio Magdalena,Río Nare,2002,17,Andes,Definitivo,60,60,0,15.4048652648926,15.4048652648926,27.7576847076416,22.0634346008301,16.4742126464844,3.05454540252686,6.04363632202148,5,10,0.869565188884735,0.876811623573303,1,1,22,1.05999994277954,63.5999965667725
04,2002-04-16,23080760,46,Definitivo,SAN ROQUE [23080760],Pluviométrica,Convencional,Activa,Antioquia,San Roque,6.4875,-75.017,820,5/15/1975,,Monchia,Magdalena Cauca,Medio Magdalena,Río Nare,2002,16,Andes,Definitivo,46,46,0,6.02715349197388,6.02715349197388,27.7576847076416,15.4804277420044,11.1726665496826,3.05454540252686,6.04363632202148,5,10,0.869565188884735,0.876811623573303,1,1,22,1.05999994277954,48.7599973678589
04,2004-04-12,23080760,3,Definitivo,SAN ROQUE [23080760],Pluviométrica,Convencional,Activa,Antioquia,San Roque,6.4875,-75.017,820,5/15/1975,,Monchia,Magdalena Cauca,Medio Magdalena,Río Nare,2004,12,Andes,Definitivo,3,3,0,9.8608922958374,9.8608922958374,0,7.25203227996826,0.925902724266052,3.05454540252686,6.04363632202148,5,10,0.869565188884735,0.876811623573303,1,1,21,1.05999994277954,3.17999982833862
04,2006-04-09,23080760,5,Definitivo,SAN ROQUE [23080760],Pluviométrica,Convencional,Activa,Antioquia,San Roque,6.4875,-75.017,820,5/15/1975,,Monchia,Magdalena Cauca,Medio Magdalena,Río Nare,2006,09,Andes,Definitivo,5,5,0,9.90393161773682,9.90393161773682,36.2922172546387,20.3617401123047,19.4543533325195,3.05454540252686,6.04363632202148,5,10,0.869565188884735,0.876811623573303,1,1,20,1.05999994277954,5.29999971389771
04,2016-04-24,23080760,116,Definitivo,SAN ROQUE [23080760],Pluviométrica,Convencional,Activa,Antioquia,San Roque,6.4875,-75.017,820,5/15/1975,,Monchia,Magdalena Cauca,Medio Magdalena,Río Nare,2016,24,Andes,Definitivo,116,116,0,30.0987739562988,30.0987739562988,24.0024528503418,28.0854892730713,33.0402679443359,3.05454540252686,6.04363632202148,5,10,0.869565188884735,0.876811623573303,1,1,23,1.05999994277954,122.959993362427
04,2020-04-25,23080760,0,Definitivo,SAN ROQUE [23080760],Pluviométrica,Convencional,Activa,Antioquia,San Roque,6.4875,-75.017,820,5/15/1975,,Monchia,Magdalena Cauca,Medio Magdalena,Río Nare,2020,25,Andes,Definitivo,0,0,0,8.958571434021,8.958571434021,0,5.07600736618042,0.620914280414581,3.05454540252686,6.04363632202148,5,10,0.869565188884735,0.876811623573303,1,1,23,1.05999994277954,0
04,2020-04-26,23080760,0,Definitivo,SAN ROQUE [23080760],Pluviométrica,Convencional,Activa,Antioquia,San Roque,6.4875,-75.017,820,5/15/1975,,Monchia,Magdalena Cauca,Medio Magdalena,Río Nare,2020,26,Andes,Definitivo,0,0,0,4.10319375991821,4.10319375991821,0,2.73306131362915,0.247166752815247,3.05454540252686,6.04363632202148,5,10,0.869565188884735,0.876811623573303,1,1,24,1.05999994277954,0
04,2022-04-27,23080760,0,Definitivo,SAN ROQUE [23080760],Pluviométrica,Convencional,Activa,Antioquia,San Roque,6.4875,-75.017,820,5/15/1975,,Monchia,Magdalena Cauca,Medio Magdalena,Río Nare,2022,27,Andes,Definitivo,0,0,0,7.07249069213867,7.07249069213867,12.965892791748,16.7413215637207,14.7756605148315,3.05454540252686,6.04363632202148,5,10,0.869565188884735,0.876811623573303,1,1,24,1.05999994277954,0
04,2021-04-27,23080760,10,Definitivo,SAN ROQUE [23080760],Pluviométrica,Convencional,Activa,Antioquia,San Roque,6.4875,-75.017,820,5/15/1975,,Monchia,Magdalena Cauca,Medio Magdalena,Río Nare,2021,27,Andes,Definitivo,10,10,0,13.0908365249634,13.0908365249634,34.0096435546875,17.7048034667969,9.78322792053223,3.05454540252686,6.04363632202148,5,10,0.869565188884735,0.876811623573303,1,1,24,1.05999994277954,10.5999994277954
04,2023-04-24,23080760,19,Definitivo,SAN ROQUE [23080760],Pluviométrica,Convencional,Activa,Antioquia,San Roque,6.4875,-75.017,820,5/15/1975,,Monchia,Magdalena Cauca,Medio Magdalena,Río Nare,2023,24,Andes,Definitivo,19,19,0,9.58414363861084,9.58414363861084,59.5936737060547,27.3423118591309,19.0129356384277,3.05454540252686,6.04363632202148,5,10,0.869565188884735,0.876811623573303,1,1,23,1.05999994277954,20.1399989128113
04,2023-04-22,23080760,14,Definitivo,SAN ROQUE [23080760],Pluviométrica,Convencional,Activa,Antioquia,San Roque,6.4875,-75.017,820,5/15/1975,,Monchia,Magdalena Cauca,Medio Magdalena,Río Nare,2023,22,Andes,Definitivo,14,14,0,22.362174987793,22.362174987793,19.8645572662354,48.8369750976563,39.3766593933105,3.05454540252686,6.04363632202148,5,10,0.869565188884735,0.876811623573303,1,1,23,1.05999994277954,14.8399991989136
04,2021-04-22,23080760,1,Definitivo,SAN ROQUE [23080760],Pluviométrica,Convencional,Activa,Antioquia,San Roque,6.4875,-75.017,820,5/15/1975,,Monchia,Magdalena Cauca,Medio Magdalena,Río Nare,2021,22,Andes,Definitivo,1,1,0,1.4519327878952,1.4519327878952,0,1.50622487068176,0,3.05454540252686,6.04363632202148,5,10,0.869565188884735,0.876811623573303,1,1,23,1.05999994277954,1.05999994277954
04,2011-04-18,23080760,25,Definitivo,SAN ROQUE [23080760],Pluviométrica,Convencional,Activa,Antioquia,San Roque,6.4875,-75.017,820,5/15/1975,,Monchia,Magdalena Cauca,Medio Magdalena,Río Nare,2011,18,Andes,Definitivo,25,25,0,21.2823390960693,21.2823390960693,23.1463813781738,33.6580963134766,10.393985748291,3.05454540252686,6.04363632202148,5,10,0.869565188884735,0.876811623573303,1,1,22,1.05999994277954,26.4999985694885
04,2010-04-21,23080760,1,Definitivo,SAN ROQUE [23080760],Pluviométrica,Convencional,Activa,Antioquia,San Roque,6.4875,-75.017,820,5/15/1975,,Monchia,Magdalena Cauca,Medio Magdalena,Río Nare,2010,21,Andes,Definitivo,1,1,0,7.84059953689575,7.84059953689575,0,20.1614627838135,2.06114339828491,3.05454540252686,6.04363632202148,5,10,0.869565188884735,0.876811623573303,1,1,23,1.05999994277954,1.05999994277954
04,2010-04-22,23080760,,"",SAN ROQUE [23080760],Pluviométrica,Convencional,Activa,Antioquia,San Roque,6.4875,-75.017,820,5/15/1975,,Monchia,Magdalena Cauca,Medio Magdalena,Río Nare,2010,22,Andes,Preliminar,0,0,0,3.40839266777039,3.40839266777039,6.03192949295044,0.606882393360138,4.45668745040894,3.05454540252686,6.04363632202148,5,10,0.869565188884735,0.876811623573303,1,1,23,1.05999994277954,0
04,2014-04-23,23080760,99,Definitivo,SAN ROQUE [23080760],Pluviométrica,Convencional,Activa,Antioquia,San Roque,6.4875,-75.017,820,5/15/1975,,Monchia,Magdalena Cauca,Medio Magdalena,Río Nare,2014,23,Andes,Definitivo,99,99,0,7.84338855743408,7.84338855743408,0,23.7405853271484,11.6953973770142,3.05454540252686,6.04363632202148,5,10,0.869565188884735,0.876811623573303,1,1,23,1.05999994277954,104.939994335175
04,2016-04-23,23080760,10,Definitivo,SAN ROQUE [23080760],Pluviométrica,Convencional,Activa,Antioquia,San Roque,6.4875,-75.017,820,5/15/1975,,Monchia,Magdalena Cauca,Medio Magdalena,Río Nare,2016,23,Andes,Definitivo,10,10,0,2.72821283340454,2.72821283340454,12.0012264251709,12.1144008636475,0.425569951534271,3.05454540252686,6.04363632202148,5,10,0.869565188884735,0.876811623573303,1,1,23,1.05999994277954,10.5999994277954
04,2002-04-28,23080760,11,Definitivo,SAN ROQUE [23080760],Pluviométrica,Convencional,Activa,Antioquia,San Roque,6.4875,-75.017,820,5/15/1975,,Monchia,Magdalena Cauca,Medio Magdalena,Río Nare,2002,28,Andes,Definitivo,11,11,0,7.431565284729,7.431565284729,20.6973819732666,21.1634464263916,12.4786176681519,3.05454540252686,6.04363632202148,5,10,0.869565188884735,0.876811623573303,1,1,24,1.05999994277954,11.659999370575
04,2003-04-26,23080760,3,Definitivo,SAN ROQUE [23080760],Pluviométrica,Convencional,Activa,Antioquia,San Roque,6.4875,-75.017,820,5/15/1975,,Monchia,Magdalena Cauca,Medio Magdalena,Río Nare,2003,26,Andes,Definitivo,3,3,0,19.2335815429688,19.2335815429688,11.6501617431641,18.9963035583496,8.89108371734619,3.05454540252686,6.04363632202148,5,10,0.869565188884735,0.876811623573303,1,1,24,1.05999994277954,3.17999982833862
04,2004-04-23,23080760,4,Definitivo,SAN ROQUE [23080760],Pluviométrica,Convencional,Activa,Antioquia,San Roque,6.4875,-75.017,820,5/15/1975,,Monchia,Magdalena Cauca,Medio Magdalena,Río Nare,2004,23,Andes,Definitivo,4,4,0,10.2116670608521,10.2116670608521,17.5697078704834,18.3170852661133,30.0150299072266,3.05454540252686,6.04363632202148,5,10,0.869565188884735,0.876811623573303,1,1,23,1.05999994277954,4.23999977111816
04,2004-04-22,23080760,63,Definitivo,SAN ROQUE [23080760],Pluviométrica,Convencional,Activa,Antioquia,San Roque,6.4875,-75.017,820,5/15/1975,,Monchia,Magdalena Cauca,Medio Magdalena,Río Nare,2004,22,Andes,Definitivo,63,63,0,20.0090827941895,20.0090827941895,26.3545627593994,13.5493288040161,27.0339851379395,3.05454540252686,6.04363632202148,5,10,0.869565188884735,0.876811623573303,1,1,23,1.05999994277954,66.7799963951111
04,2003-04-24,23080760,32,Definitivo,SAN ROQUE [23080760],Pluviométrica,Convencional,Activa,Antioquia,San Roque,6.4875,-75.017,820,5/15/1975,,Monchia,Magdalena Cauca,Medio Magdalena,Río Nare,2003,24,Andes,Definitivo,32,32,0,4.09851598739624,4.09851598739624,18.6778717041016,12.4428768157959,30.2882690429688,3.05454540252686,6.04363632202148,5,10,0.869565188884735,0.876811623573303,1,1,23,1.05999994277954,33.9199981689453
04,2006-04-18,23080760,14,Definitivo,SAN ROQUE [23080760],Pluviométrica,Convencional,Activa,Antioquia,San Roque,6.4875,-75.017,820,5/15/1975,,Monchia,Magdalena Cauca,Medio Magdalena,Río Nare,2006,18,Andes,Definitivo,14,14,0,3.91661930084229,3.91661930084229,7.76755094528198,5.01884651184082,10.4553823471069,3.05454540252686,6.04363632202148,5,10,0.869565188884735,0.876811623573303,1,1,22,1.05999994277954,14.8399991989136
04,2005-04-19,23080760,0,Definitivo,SAN ROQUE [23080760],Pluviométrica,Convencional,Activa,Antioquia,San Roque,6.4875,-75.017,820,5/15/1975,,Monchia,Magdalena Cauca,Medio Magdalena,Río Nare,2005,19,Andes,Definitivo,0,0,0,10.3514318466187,10.3514318466187,5.00333642959595,27.1359424591065,1.54497599601746,3.05454540252686,6.04363632202148,5,10,0.869565188884735,0.876811623573303,1,1,22,1.05999994277954,0
04,2005-04-18,23080760,,"",SAN ROQUE [23080760],Pluviométrica,Convencional,Activa,Antioquia,San Roque,6.4875,-75.017,820,5/15/1975,,Monchia,Magdalena Cauca,Medio Magdalena,Río Nare,2005,18,Andes,Preliminar,0,0,0,2.83792066574097,2.83792066574097,5.00333642959595,0.524159550666809,0.0198314264416695,3.05454540252686,6.04363632202148,5,10,0.869565188884735,0.876811623573303,1,1,22,1.05999994277954,0
04,2007-04-15,23080760,0,Definitivo,SAN ROQUE [23080760],Pluviométrica,Convencional,Activa,Antioquia,San Roque,6.4875,-75.017,820,5/15/1975,,Monchia,Magdalena Cauca,Medio Magdalena,Río Nare,2007,15,Andes,Definitivo,0,0,0,4.52467441558838,4.52467441558838,0,2.96139335632324,0,3.05454540252686,6.04363632202148,5,10,0.869565188884735,0.876811623573303,1,1,21,1.05999994277954,0
04,2004-04-16,23080760,21,Definitivo,SAN ROQUE [23080760],Pluviométrica,Convencional,Activa,Antioquia,San Roque,6.4875,-75.017,820,5/15/1975,,Monchia,Magdalena Cauca,Medio Magdalena,Río Nare,2004,16,Andes,Definitivo,21,21,0,26.4148807525635,26.4148807525635,0,27.2684745788574,23.0148258209229,3.05454540252686,6.04363632202148,5,10,0.869565188884735,0.876811623573303,1,1,22,1.05999994277954,22.2599987983704
04,2004-04-15,23080760,9,Definitivo,SAN ROQUE [23080760],Pluviométrica,Convencional,Activa,Antioquia,San Roque,6.4875,-75.017,820,5/15/1975,,Monchia,Magdalena Cauca,Medio Magdalena,Río Nare,2004,15,Andes,Definitivo,9,9,0,35.9642143249512,35.9642143249512,23.7181625366211,35.1265563964844,46.733943939209,3.05454540252686,6.04363632202148,5,10,0.869565188884735,0.876811623573303,1,1,21,1.05999994277954,9.53999948501587
04,2003-04-17,23080760,12,Definitivo,SAN ROQUE [23080760],Pluviométrica,Convencional,Activa,Antioquia,San Roque,6.4875,-75.017,820,5/15/1975,,Monchia,Magdalena Cauca,Medio Magdalena,Río Nare,2003,17,Andes,Definitivo,12,12,0,19.6790561676025,19.6790561676025,38.7832450866699,44.2483406066895,35.8544616699219,3.05454540252686,6.04363632202148,5,10,0.869565188884735,0.876811623573303,1,1,22,1.05999994277954,12.7199993133545
04,2003-04-14,23080760,82,Definitivo,SAN ROQUE [23080760],Pluviométrica,Convencional,Activa,Antioquia,San Roque,6.4875,-75.017,820,5/15/1975,,Monchia,Magdalena Cauca,Medio Magdalena,Río Nare,2003,14,Andes,Definitivo,82,82,0,10.6276617050171,10.6276617050171,25.2057781219482,14.3077487945557,53.6017227172852,3.05454540252686,6.04363632202148,5,10,0.869565188884735,0.876811623573303,1,1,21,1.05999994277954,86.9199953079224
04,2002-04-13,23080760,20,Definitivo,SAN ROQUE [23080760],Pluviométrica,Convencional,Activa,Antioquia,San Roque,6.4875,-75.017,820,5/15/1975,,Monchia,Magdalena Cauca,Medio Magdalena,Río Nare,2002,13,Andes,Definitivo,20,20,0,9.33960723876953,9.33960723876953,23.131311416626,13.1673173904419,34.1835327148438,3.05454540252686,6.04363632202148,5,10,0.869565188884735,0.876811623573303,1,1,21,1.05999994277954,21.1999988555908
04,2004-04-09,23080760,8,Definitivo,SAN ROQUE [23080760],Pluviométrica,Convencional,Activa,Antioquia,San Roque,6.4875,-75.017,820,5/15/1975,,Monchia,Magdalena Cauca,Medio Magdalena,Río Nare,2004,09,Andes,Definitivo,8,8,0,11.5298175811768,11.5298175811768,8.0398120880127,30.0737266540527,18.0124740600586,3.05454540252686,6.04363632202148,5,10,0.869565188884735,0.876811623573303,1,1,20,1.05999994277954,8.47999954223633
04,2002-04-08,23080760,2,Definitivo,SAN ROQUE [23080760],Pluviométrica,Convencional,Activa,Antioquia,San Roque,6.4875,-75.017,820,5/15/1975,,Monchia,Magdalena Cauca,Medio Magdalena,Río Nare,2002,08,Andes,Definitivo,2,2,0,5.11655521392822,5.11655521392822,0,13.9558057785034,7.45066690444946,3.05454540252686,6.04363632202148,5,10,0.869565188884735,0.876811623573303,1,1,20,1.05999994277954,2.11999988555908
04,2005-04-06,23080760,32,Definitivo,SAN ROQUE [23080760],Pluviométrica,Convencional,Activa,Antioquia,San Roque,6.4875,-75.017,820,5/15/1975,,Monchia,Magdalena Cauca,Medio Magdalena,Río Nare,2005,06,Andes,Definitivo,32,32,0,1.31118476390839,1.31118476390839,16.9233913421631,28.4677791595459,19.1712036132813,3.05454540252686,6.04363632202148,5,10,0.869565188884735,0.876811623573303,1,1,20,1.05999994277954,33.9199981689453
04,2005-04-07,23080760,42,Definitivo,SAN ROQUE [23080760],Pluviométrica,Convencional,Activa,Antioquia,San Roque,6.4875,-75.017,820,5/15/1975,,Monchia,Magdalena Cauca,Medio Magdalena,Río Nare,2005,07,Andes,Definitivo,42,42,0,21.488862991333,21.488862991333,0,25.680549621582,0.145837843418121,3.05454540252686,6.04363632202148,5,10,0.869565188884735,0.876811623573303,1,1,20,1.05999994277954,44.5199975967407
04,2009-04-08,23080760,1,Definitivo,SAN ROQUE [23080760],Pluviométrica,Convencional,Activa,Antioquia,San Roque,6.4875,-75.017,820,5/15/1975,,Monchia,Magdalena Cauca,Medio Magdalena,Río Nare,2009,08,Andes,Definitivo,1,1,0,2.87326526641846,2.87326526641846,6.89204406738281,9.19809055328369,6.35889291763306,3.05454540252686,6.04363632202148,5,10,0.869565188884735,0.876811623573303,1,1,20,1.05999994277954,1.05999994277954
04,2012-04-06,23080760,12,Definitivo,SAN ROQUE [23080760],Pluviométrica,Convencional,Activa,Antioquia,San Roque,6.4875,-75.017,820,5/15/1975,,Monchia,Magdalena Cauca,Medio Magdalena,Río Nare,2012,06,Andes,Definitivo,12,12,0,3.9989116191864,3.9989116191864,16.9136600494385,16.1076068878174,2.69524049758911,3.05454540252686,6.04363632202148,5,10,0.869565188884735,0.876811623573303,1,1,20,1.05999994277954,12.7199993133545
04,2011-04-10,23080760,27,Definitivo,SAN ROQUE [23080760],Pluviométrica,Convencional,Activa,Antioquia,San Roque,6.4875,-75.017,820,5/15/1975,,Monchia,Magdalena Cauca,Medio Magdalena,Río Nare,2011,10,Andes,Definitivo,27,27,0,15.5530710220337,15.5530710220337,26.2721729278564,42.3552589416504,29.1294136047363,3.05454540252686,6.04363632202148,5,10,0.869565188884735,0.876811623573303,1,1,20,1.05999994277954,28.6199984550476
04,2012-04-13,23080760,14,Definitivo,SAN ROQUE [23080760],Pluviométrica,Convencional,Activa,Antioquia,San Roque,6.4875,-75.017,820,5/15/1975,,Monchia,Magdalena Cauca,Medio Magdalena,Río Nare,2012,13,Andes,Definitivo,14,14,0,5.75877714157105,5.75877714157105,24.9268379211426,11.1822175979614,11.3453464508057,3.05454540252686,6.04363632202148,5,10,0.869565188884735,0.876811623573303,1,1,21,1.05999994277954,14.8399991989136
04,2012-04-14,23080760,,"",SAN ROQUE [23080760],Pluviométrica,Convencional,Activa,Antioquia,San Roque,6.4875,-75.017,820,5/15/1975,,Monchia,Magdalena Cauca,Medio Magdalena,Río Nare,2012,14,Andes,Preliminar,0,0,0,19.387134552002,19.387134552002,8.30894660949707,11.7931509017944,11.1975870132446,3.05454540252686,6.04363632202148,5,10,0.869565188884735,0.876811623573303,1,1,21,1.05999994277954,0
04,2012-04-15,23080760,16,Definitivo,SAN ROQUE [23080760],Pluviométrica,Convencional,Activa,Antioquia,San Roque,6.4875,-75.017,820,5/15/1975,,Monchia,Magdalena Cauca,Medio Magdalena,Río Nare,2012,15,Andes,Definitivo,16,16,0,4.023353099823,4.023353099823,0,5.06360816955566,31.2213020324707,3.05454540252686,6.04363632202148,5,10,0.869565188884735,0.876811623573303,1,1,21,1.05999994277954,16.9599990844727
04,2011-04-19,23080760,0,Definitivo,SAN ROQUE [23080760],Pluviométrica,Convencional,Activa,Antioquia,San Roque,6.4875,-75.017,820,5/15/1975,,Monchia,Magdalena Cauca,Medio Magdalena,Río Nare,2011,19,Andes,Definitivo,0,0,0,9.5459156036377,9.5459156036377,23.1463813781738,26.0206813812256,51.5328140258789,3.05454540252686,6.04363632202148,5,10,0.869565188884735,0.876811623573303,1,1,22,1.05999994277954,0
04,2012-04-22,23080760,,"",SAN ROQUE [23080760],Pluviométrica,Convencional,Activa,Antioquia,San Roque,6.4875,-75.017,820,5/15/1975,,Monchia,Magdalena Cauca,Medio Magdalena,Río Nare,2012,22,Andes,Preliminar,0,0,0,9.94527435302734,9.94527435302734,8.75077152252197,21.376953125,1.96226274967194,3.05454540252686,6.04363632202148,5,10,0.869565188884735,0.876811623573303,1,1,23,1.05999994277954,0
04,2012-04-23,23080760,14,Definitivo,SAN ROQUE [23080760],Pluviométrica,Convencional,Activa,Antioquia,San Roque,6.4875,-75.017,820,5/15/1975,,Monchia,Magdalena Cauca,Medio Magdalena,Río Nare,2012,23,Andes,Definitivo,14,14,0,5.5290207862854,5.5290207862854,0,5.12749576568604,0,3.05454540252686,6.04363632202148,5,10,0.869565188884735,0.876811623573303,1,1,23,1.05999994277954,14.8399991989136
04,2014-04-24,23080760,1,Definitivo,SAN ROQUE [23080760],Pluviométrica,Convencional,Activa,Antioquia,San Roque,6.4875,-75.017,820,5/15/1975,,Monchia,Magdalena Cauca,Medio Magdalena,Río Nare,2014,24,Andes,Definitivo,1,1,0,19.3086757659912,19.3086757659912,55.3617172241211,36.874267578125,85.6893692016602,3.05454540252686,6.04363632202148,5,10,0.869565188884735,0.876811623573303,1,1,23,1.05999994277954,1.05999994277954
04,2015-04-28,23080760,0,Definitivo,SAN ROQUE [23080760],Pluviométrica,Convencional,Activa,Antioquia,San Roque,6.4875,-75.017,820,5/15/1975,,Monchia,Magdalena Cauca,Medio Magdalena,Río Nare,2015,28,Andes,Definitivo,0,0,0,0.0591309331357479,0.0591309331357479,11.6193027496338,5.58083581924439,12.3481063842773,3.05454540252686,6.04363632202148,5,10,0.869565188884735,0.876811623573303,1,1,24,1.05999994277954,0
04,2018-04-26,23080760,82,Definitivo,SAN ROQUE [23080760],Pluviométrica,Convencional,Activa,Antioquia,San Roque,6.4875,-75.017,820,5/15/1975,,Monchia,Magdalena Cauca,Medio Magdalena,Río Nare,2018,26,Andes,Definitivo,82,82,0,4.49847555160522,4.49847555160522,47.910945892334,42.2466506958008,22.0667667388916,3.05454540252686,6.04363632202148,5,10,0.869565188884735,0.876811623573303,1,1,24,1.05999994277954,86.9199953079224
04,2018-04-27,23080760,4,Definitivo,SAN ROQUE [23080760],Pluviométrica,Convencional,Activa,Antioquia,San Roque,6.4875,-75.017,820,5/15/1975,,Monchia,Magdalena Cauca,Medio Magdalena,Río Nare,2018,27,Andes,Definitivo,4,4,0,7.46961641311646,7.46961641311646,19.1643753051758,33.7307395935059,61.3529090881348,3.05454540252686,6.04363632202148,5,10,0.869565188884735,0.876811623573303,1,1,24,1.05999994277954,4.23999977111816
04,2021-04-26,23080760,0,Definitivo,SAN ROQUE [23080760],Pluviométrica,Convencional,Activa,Antioquia,San Roque,6.4875,-75.017,820,5/15/1975,,Monchia,Magdalena Cauca,Medio Magdalena,Río Nare,2021,26,Andes,Definitivo,0,0,0,7.53412055969238,7.53412055969238,20.4057865142822,2.44583749771118,3.65414786338806,3.05454540252686,6.04363632202148,5,10,0.869565188884735,0.876811623573303,1,1,24,1.05999994277954,0
04,2022-04-25,23080760,0,Definitivo,SAN ROQUE [23080760],Pluviométrica,Convencional,Activa,Antioquia,San Roque,6.4875,-75.017,820,5/15/1975,,Monchia,Magdalena Cauca,Medio Magdalena,Río Nare,2022,25,Andes,Definitivo,0,0,0,4.85914087295532,4.85914087295532,11.6630125045776,7.04987478256226,31.699821472168,3.05454540252686,6.04363632202148,5,10,0.869565188884735,0.876811623573303,1,1,23,1.05999994277954,0
04,2021-04-24,23080760,1,Definitivo,SAN ROQUE [23080760],Pluviométrica,Convencional,Activa,Antioquia,San Roque,6.4875,-75.017,820,5/15/1975,,Monchia,Magdalena Cauca,Medio Magdalena,Río Nare,2021,24,Andes,Definitivo,1,1,0,9.8926830291748,9.8926830291748,18.7962684631348,2.22731471061707,6.14297819137573,3.05454540252686,6.04363632202148,5,10,0.869565188884735,0.876811623573303,1,1,23,1.05999994277954,1.05999994277954
04,2023-04-21,23080760,18,Definitivo,SAN ROQUE [23080760],Pluviométrica,Convencional,Activa,Antioquia,San Roque,6.4875,-75.017,820,5/15/1975,,Monchia,Magdalena Cauca,Medio Magdalena,Río Nare,2023,21,Andes,Definitivo,18,18,0,13.5879402160645,13.5879402160645,79.4582290649414,17.9551296234131,15.550726890564,3.05454540252686,6.04363632202148,5,10,0.869565188884735,0.876811623573303,1,1,23,1.05999994277954,19.0799989700317
04,2023-04-19,23080760,0,Definitivo,SAN ROQUE [23080760],Pluviométrica,Convencional,Activa,Antioquia,San Roque,6.4875,-75.017,820,5/15/1975,,Monchia,Magdalena Cauca,Medio Magdalena,Río Nare,2023,19,Andes,Definitivo,0,0,0,8.10226917266846,8.10226917266846,0,2.93179821968079,0.313971549272537,3.05454540252686,6.04363632202148,5,10,0.869565188884735,0.876811623573303,1,1,22,1.05999994277954,0
04,2021-04-19,23080760,0,Definitivo,SAN ROQUE [23080760],Pluviométrica,Convencional,Activa,Antioquia,San Roque,6.4875,-75.017,820,5/15/1975,,Monchia,Magdalena Cauca,Medio Magdalena,Río Nare,2021,19,Andes,Definitivo,0,0,0,7.06239461898804,7.06239461898804,0,3.37892079353333,8.09578514099121,3.05454540252686,6.04363632202148,5,10,0.869565188884735,0.876811623573303,1,1,22,1.05999994277954,0
04,2023-04-17,23080760,26,Definitivo,SAN ROQUE [23080760],Pluviométrica,Convencional,Activa,Antioquia,San Roque,6.4875,-75.017,820,5/15/1975,,Monchia,Magdalena Cauca,Medio Magdalena,Río Nare,2023,17,Andes,Definitivo,26,26,0,33.2715225219727,33.2715225219727,42.219066619873,21.1839027404785,4.48268461227417,3.05454540252686,6.04363632202148,5,10,0.869565188884735,0.876811623573303,1,1,22,1.05999994277954,27.5599985122681
04,2023-04-14,23080760,0,Definitivo,SAN ROQUE [23080760],Pluviométrica,Convencional,Activa,Antioquia,San Roque,6.4875,-75.017,820,5/15/1975,,Monchia,Magdalena Cauca,Medio Magdalena,Río Nare,2023,14,Andes,Definitivo,0,0,0,1.86870837211609,1.86870837211609,14.1539945602417,12.4160509109497,0.0803880542516708,3.05454540252686,6.04363632202148,5,10,0.869565188884735,0.876811623573303,1,1,21,1.05999994277954,0
04,2001-04-30,23080760,32,Definitivo,SAN ROQUE [23080760],Pluviométrica,Convencional,Activa,Antioquia,San Roque,6.4875,-75.017,820,5/15/1975,,Monchia,Magdalena Cauca,Medio Magdalena,Río Nare,2001,30,Andes,Definitivo,32,32,0,9.27967739105225,9.27967739105225,22.23291015625,13.0624303817749,56.9535064697266,3.05454540252686,6.04363632202148,5,10,0.869565188884735,0.876811623573303,1,1,24,1.05999994277954,33.9199981689453
04,2001-04-29,23080760,23,Definitivo,SAN ROQUE [23080760],Pluviométrica,Convencional,Activa,Antioquia,San Roque,6.4875,-75.017,820,5/15/1975,,Monchia,Magdalena Cauca,Medio Magdalena,Río Nare,2001,29,Andes,Definitivo,23,23,0,9.6322717666626,9.6322717666626,22.23291015625,27.3919162750244,4.79728126525879,3.05454540252686,6.04363632202148,5,10,0.869565188884735,0.876811623573303,1,1,24,1.05999994277954,24.3799986839294
04,2002-04-27,23080760,11,Definitivo,SAN ROQUE [23080760],Pluviométrica,Convencional,Activa,Antioquia,San Roque,6.4875,-75.017,820,5/15/1975,,Monchia,Magdalena Cauca,Medio Magdalena,Río Nare,2002,27,Andes,Definitivo,11,11,0,17.8337306976318,17.8337306976318,10.3486909866333,19.4851474761963,15.1039695739746,3.05454540252686,6.04363632202148,5,10,0.869565188884735,0.876811623573303,1,1,24,1.05999994277954,11.659999370575
04,2003-04-25,23080760,6,Definitivo,SAN ROQUE [23080760],Pluviométrica,Convencional,Activa,Antioquia,San Roque,6.4875,-75.017,820,5/15/1975,,Monchia,Magdalena Cauca,Medio Magdalena,Río Nare,2003,25,Andes,Definitivo,6,6,0,17.0116500854492,17.0116500854492,24.903829574585,23.9515285491943,14.2698087692261,3.05454540252686,6.04363632202148,5,10,0.869565188884735,0.876811623573303,1,1,23,1.05999994277954,6.35999965667725
04,2002-04-26,23080760,2,Definitivo,SAN ROQUE [23080760],Pluviométrica,Convencional,Activa,Antioquia,San Roque,6.4875,-75.017,820,5/15/1975,,Monchia,Magdalena Cauca,Medio Magdalena,Río Nare,2002,26,Andes,Definitivo,2,2,0,7.58364295959473,7.58364295959473,5.17434549331665,26.8618450164795,36.7530021667481,3.05454540252686,6.04363632202148,5,10,0.869565188884735,0.876811623573303,1,1,24,1.05999994277954,2.11999988555908
04,2002-04-25,23080760,3,Definitivo,SAN ROQUE [23080760],Pluviométrica,Convencional,Activa,Antioquia,San Roque,6.4875,-75.017,820,5/15/1975,,Monchia,Magdalena Cauca,Medio Magdalena,Río Nare,2002,25,Andes,Definitivo,3,3,0,43.2054672241211,43.2054672241211,29.4068145751953,49.2222137451172,45.5357398986816,3.05454540252686,6.04363632202148,5,10,0.869565188884735,0.876811623573303,1,1,23,1.05999994277954,3.17999982833862
04,2004-04-21,23080760,6,Definitivo,SAN ROQUE [23080760],Pluviométrica,Convencional,Activa,Antioquia,San Roque,6.4875,-75.017,820,5/15/1975,,Monchia,Magdalena Cauca,Medio Magdalena,Río Nare,2004,21,Andes,Definitivo,6,6,0,13.5454187393188,13.5454187393188,17.5697078704834,14.6420001983643,11.8570518493652,3.05454540252686,6.04363632202148,5,10,0.869565188884735,0.876811623573303,1,1,23,1.05999994277954,6.35999965667725
04,2004-04-20,23080760,43,Definitivo,SAN ROQUE [23080760],Pluviométrica,Convencional,Activa,Antioquia,San Roque,6.4875,-75.017,820,5/15/1975,,Monchia,Magdalena Cauca,Medio Magdalena,Río Nare,2004,20,Andes,Definitivo,43,43,0,16.926118850708,16.926118850708,24.3763790130615,10.6598434448242,18.1023845672607,3.05454540252686,6.04363632202148,5,10,0.869565188884735,0.876811623573303,1,1,22,1.05999994277954,45.5799975395203
04,2004-04-19,23080760,3,Definitivo,SAN ROQUE [23080760],Pluviométrica,Convencional,Activa,Antioquia,San Roque,6.4875,-75.017,820,5/15/1975,,Monchia,Magdalena Cauca,Medio Magdalena,Río Nare,2004,19,Andes,Definitivo,3,3,0,5.23884248733521,5.23884248733521,0,3.7699248790741,0.702198684215546,3.05454540252686,6.04363632202148,5,10,0.869565188884735,0.876811623573303,1,1,22,1.05999994277954,3.17999982833862
04,2006-04-16,23080760,,"",SAN ROQUE [23080760],Pluviométrica,Convencional,Activa,Antioquia,San Roque,6.4875,-75.017,820,5/15/1975,,Monchia,Magdalena Cauca,Medio Magdalena,Río Nare,2006,16,Andes,Preliminar,0.4,0.4,0,5.3680100440979,5.3680100440979,0,6.97265195846558,0.120223827660084,3.05454540252686,6.04363632202148,5,10,0.869565188884735,0.876811623573303,1,1,22,1.05999994277954,0.423999977111816
04,2006-04-15,23080760,,"",SAN ROQUE [23080760],Pluviométrica,Convencional,Activa,Antioquia,San Roque,6.4875,-75.017,820,5/15/1975,,Monchia,Magdalena Cauca,Medio Magdalena,Río Nare,2006,15,Andes,Preliminar,0,0,0,6.19575548171997,6.19575548171997,0,3.95950365066528,2.97336864471436,3.05454540252686,6.04363632202148,5,10,0.869565188884735,0.876811623573303,1,1,21,1.05999994277954,0
04,2002-04-19,23080760,31,Definitivo,SAN ROQUE [23080760],Pluviométrica,Convencional,Activa,Antioquia,San Roque,6.4875,-75.017,820,5/15/1975,,Monchia,Magdalena Cauca,Medio Magdalena,Río Nare,2002,19,Andes,Definitivo,31,31,0,4.64071607589722,4.64071607589722,27.7576847076416,46.4340286254883,26.8400115966797,3.05454540252686,6.04363632202148,5,10,0.869565188884735,0.876811623573303,1,1,22,1.05999994277954,32.8599982261658
04,2002-04-18,23080760,7,Definitivo,SAN ROQUE [23080760],Pluviométrica,Convencional,Activa,Antioquia,San Roque,6.4875,-75.017,820,5/15/1975,,Monchia,Magdalena Cauca,Medio Magdalena,Río Nare,2002,18,Andes,Definitivo,7,7,0,32.8219909667969,32.8219909667969,41.6365203857422,44.7469177246094,74.2838287353516,3.05454540252686,6.04363632202148,5,10,0.869565188884735,0.876811623573303,1,1,22,1.05999994277954,7.41999959945679
04,2004-04-14,23080760,24,Definitivo,SAN ROQUE [23080760],Pluviométrica,Convencional,Activa,Antioquia,San Roque,6.4875,-75.017,820,5/15/1975,,Monchia,Magdalena Cauca,Medio Magdalena,Río Nare,2004,14,Andes,Definitivo,24,24,0,14.4295845031738,14.4295845031738,7.90605306625366,23.7981624603272,26.0920257568359,3.05454540252686,6.04363632202148,5,10,0.869565188884735,0.876811623573303,1,1,21,1.05999994277954,25.439998626709
04,2001-04-14,23080760,30,Definitivo,SAN ROQUE [23080760],Pluviométrica,Convencional,Activa,Antioquia,San Roque,6.4875,-75.017,820,5/15/1975,,Monchia,Magdalena Cauca,Medio Magdalena,Río Nare,2001,14,Andes,Definitivo,30,30,0,7.96164894104004,7.96164894104004,0,14.0119380950928,1.3833075761795,3.05454540252686,6.04363632202148,5,10,0.869565188884735,0.876811623573303,1,1,21,1.05999994277954,31.7999982833862
04,2003-04-11,23080760,15,Definitivo,SAN ROQUE [23080760],Pluviométrica,Convencional,Activa,Antioquia,San Roque,6.4875,-75.017,820,5/15/1975,,Monchia,Magdalena Cauca,Medio Magdalena,Río Nare,2003,11,Andes,Definitivo,15,15,0,16.037239074707,16.037239074707,11.0275287628174,28.5075511932373,8.08541107177734,3.05454540252686,6.04363632202148,5,10,0.869565188884735,0.876811623573303,1,1,21,1.05999994277954,15.8999991416931
04,2004-04-06,23080760,0,Definitivo,SAN ROQUE [23080760],Pluviométrica,Convencional,Activa,Antioquia,San Roque,6.4875,-75.017,820,5/15/1975,,Monchia,Magdalena Cauca,Medio Magdalena,Río Nare,2004,06,Andes,Definitivo,0,0,0,5.5646505355835,5.5646505355835,0,4.07617998123169,0,3.05454540252686,6.04363632202148,5,10,0.869565188884735,0.876811623573303,1,1,20,1.05999994277954,0
04,2003-04-06,23080760,0,Definitivo,SAN ROQUE [23080760],Pluviométrica,Convencional,Activa,Antioquia,San Roque,6.4875,-75.017,820,5/15/1975,,Monchia,Magdalena Cauca,Medio Magdalena,Río Nare,2003,06,Andes,Definitivo,0,0,0,3.44564127922058,3.44564127922058,10.1871900558472,2.63713574409485,15.7676630020142,3.05454540252686,6.04363632202148,5,10,0.869565188884735,0.876811623573303,1,1,20,1.05999994277954,0
04,2006-04-04,23080760,10,Definitivo,SAN ROQUE [23080760],Pluviométrica,Convencional,Activa,Antioquia,San Roque,6.4875,-75.017,820,5/15/1975,,Monchia,Magdalena Cauca,Medio Magdalena,Río Nare,2006,04,Andes,Definitivo,10,10,0,18.6892700195313,18.6892700195313,19.3095302581787,8.03669452667236,13.8040256500244,3.05454540252686,6.04363632202148,5,10,0.869565188884735,0.876811623573303,1,1,19,1.05999994277954,10.5999994277954
04,2005-04-08,23080760,22,Definitivo,SAN ROQUE [23080760],Pluviométrica,Convencional,Activa,Antioquia,San Roque,6.4875,-75.017,820,5/15/1975,,Monchia,Magdalena Cauca,Medio Magdalena,Río Nare,2005,08,Andes,Definitivo,22,22,0,10.938681602478,10.938681602478,33.8467826843262,18.3302345275879,25.867021560669,3.05454540252686,6.04363632202148,5,10,0.869565188884735,0.876811623573303,1,1,20,1.05999994277954,23.3199987411499
04,2007-04-09,23080760,,"",SAN ROQUE [23080760],Pluviométrica,Convencional,Activa,Antioquia,San Roque,6.4875,-75.017,820,5/15/1975,,Monchia,Magdalena Cauca,Medio Magdalena,Río Nare,2007,09,Andes,Preliminar,0,0,0,9.16744232177734,9.16744232177734,34.2814521789551,3.73504519462585,40.1903228759766,3.05454540252686,6.04363632202148,5,10,0.869565188884735,0.876811623573303,1,1,20,1.05999994277954,0
04,2010-04-07,23080760,2,Definitivo,SAN ROQUE [23080760],Pluviométrica,Convencional,Activa,Antioquia,San Roque,6.4875,-75.017,820,5/15/1975,,Monchia,Magdalena Cauca,Medio Magdalena,Río Nare,2010,07,Andes,Definitivo,2,2,0,10.8177223205566,10.8177223205566,12.8565244674683,16.6693496704102,16.8653831481934,3.05454540252686,6.04363632202148,5,10,0.869565188884735,0.876811623573303,1,1,20,1.05999994277954,2.11999988555908
04,2011-04-11,23080760,34,Definitivo,SAN ROQUE [23080760],Pluviométrica,Convencional,Activa,Antioquia,San Roque,6.4875,-75.017,820,5/15/1975,,Monchia,Magdalena Cauca,Medio Magdalena,Río Nare,2011,11,Andes,Definitivo,34,34,0,5.97925424575806,5.97925424575806,0,35.837158203125,8.44560623168945,3.05454540252686,6.04363632202148,5,10,0.869565188884735,0.876811623573303,1,1,21,1.05999994277954,36.0399980545044
04,2013-04-11,23080760,18,Definitivo,SAN ROQUE [23080760],Pluviométrica,Convencional,Activa,Antioquia,San Roque,6.4875,-75.017,820,5/15/1975,,Monchia,Magdalena Cauca,Medio Magdalena,Río Nare,2013,11,Andes,Definitivo,18,18,0,8.35508251190186,8.35508251190186,7.74977922439575,13.706844329834,0.140962541103363,3.05454540252686,6.04363632202148,5,10,0.869565188884735,0.876811623573303,1,1,21,1.05999994277954,19.0799989700317
04,2013-04-12,23080760,0,Definitivo,SAN ROQUE [23080760],Pluviométrica,Convencional,Activa,Antioquia,San Roque,6.4875,-75.017,820,5/15/1975,,Monchia,Magdalena Cauca,Medio Magdalena,Río Nare,2013,12,Andes,Definitivo,0,0,0,13.1438827514648,13.1438827514648,0,6.66556406021118,0.400029629468918,3.05454540252686,6.04363632202148,5,10,0.869565188884735,0.876811623573303,1,1,21,1.05999994277954,0
04,2013-04-13,23080760,10,Definitivo,SAN ROQUE [23080760],Pluviométrica,Convencional,Activa,Antioquia,San Roque,6.4875,-75.017,820,5/15/1975,,Monchia,Magdalena Cauca,Medio Magdalena,Río Nare,2013,13,Andes,Definitivo,10,10,0,5.50762510299683,5.50762510299683,7.74977922439575,2.52589654922485,6.18066072463989,3.05454540252686,6.04363632202148,5,10,0.869565188884735,0.876811623573303,1,1,21,1.05999994277954,10.5999994277954
04,2011-04-20,23080760,35,Definitivo,SAN ROQUE [23080760],Pluviométrica,Convencional,Activa,Antioquia,San Roque,6.4875,-75.017,820,5/15/1975,,Monchia,Magdalena Cauca,Medio Magdalena,Río Nare,2011,20,Andes,Definitivo,35,35,0,10.2832803726196,10.2832803726196,23.1463813781738,28.9219055175781,16.3851146697998,3.05454540252686,6.04363632202148,5,10,0.869565188884735,0.876811623573303,1,1,22,1.05999994277954,37.0999979972839
04,2013-04-20,23080760,31,Definitivo,SAN ROQUE [23080760],Pluviométrica,Convencional,Activa,Antioquia,San Roque,6.4875,-75.017,820,5/15/1975,,Monchia,Magdalena Cauca,Medio Magdalena,Río Nare,2013,20,Andes,Definitivo,31,31,0,11.1566743850708,11.1566743850708,0,16.6282920837402,18.9478797912598,3.05454540252686,6.04363632202148,5,10,0.869565188884735,0.876811623573303,1,1,22,1.05999994277954,32.8599982261658
04,2013-04-21,23080760,14,Definitivo,SAN ROQUE [23080760],Pluviométrica,Convencional,Activa,Antioquia,San Roque,6.4875,-75.017,820,5/15/1975,,Monchia,Magdalena Cauca,Medio Magdalena,Río Nare,2013,21,Andes,Definitivo,14,14,0,8.89041042327881,8.89041042327881,8.67908191680908,30.1051445007324,31.234411239624,3.05454540252686,6.04363632202148,5,10,0.869565188884735,0.876811623573303,1,1,23,1.05999994277954,14.8399991989136
04,2014-04-25,23080760,10,Definitivo,SAN ROQUE [23080760],Pluviométrica,Convencional,Activa,Antioquia,San Roque,6.4875,-75.017,820,5/15/1975,,Monchia,Magdalena Cauca,Medio Magdalena,Río Nare,2014,25,Andes,Definitivo,10,10,0,5.5228967666626,5.5228967666626,0,10.0494470596313,0.0767275094985962,3.05454540252686,6.04363632202148,5,10,0.869565188884735,0.876811623573303,1,1,23,1.05999994277954,10.5999994277954
04,2019-04-23,23080760,35,Definitivo,SAN ROQUE [23080760],Pluviométrica,Convencional,Activa,Antioquia,San Roque,6.4875,-75.017,820,5/15/1975,,Monchia,Magdalena Cauca,Medio Magdalena,Río Nare,2019,23,Andes,Definitivo,35,35,0,3.47337317466736,3.47337317466736,9.92990207672119,11.7567319869995,13.8621959686279,3.05454540252686,6.04363632202148,5,10,0.869565188884735,0.876811623573303,1,1,23,1.05999994277954,37.0999979972839
04,2019-04-24,23080760,23,Definitivo,SAN ROQUE [23080760],Pluviométrica,Convencional,Activa,Antioquia,San Roque,6.4875,-75.017,820,5/15/1975,,Monchia,Magdalena Cauca,Medio Magdalena,Río Nare,2019,24,Andes,Definitivo,23,23,0,9.35143375396729,9.35143375396729,26.7344779968262,28.8625888824463,9.56265640258789,3.05454540252686,6.04363632202148,5,10,0.869565188884735,0.876811623573303,1,1,23,1.05999994277954,24.3799986839294
04,2020-04-27,23080760,26,Definitivo,SAN ROQUE [23080760],Pluviométrica,Convencional,Activa,Antioquia,San Roque,6.4875,-75.017,820,5/15/1975,,Monchia,Magdalena Cauca,Medio Magdalena,Río Nare,2020,27,Andes,Definitivo,26,26,0,2.24683594703674,2.24683594703674,4.44096422195435,4.40718126296997,0.499560534954071,3.05454540252686,6.04363632202148,5,10,0.869565188884735,0.876811623573303,1,1,24,1.05999994277954,27.5599985122681
04,2022-04-24,23080760,35,Definitivo,SAN ROQUE [23080760],Pluviométrica,Convencional,Activa,Antioquia,San Roque,6.4875,-75.017,820,5/15/1975,,Monchia,Magdalena Cauca,Medio Magdalena,Río Nare,2022,24,Andes,Definitivo,35,35,0,3.60759806632996,3.60759806632996,0,10.9046249389648,2.93696045875549,3.05454540252686,6.04363632202148,5,10,0.869565188884735,0.876811623573303,1,1,23,1.05999994277954,37.0999979972839
04,2023-04-23,23080760,29,Definitivo,SAN ROQUE [23080760],Pluviométrica,Convencional,Activa,Antioquia,San Roque,6.4875,-75.017,820,5/15/1975,,Monchia,Magdalena Cauca,Medio Magdalena,Río Nare,2023,23,Andes,Definitivo,29,29,0,4.15232229232788,4.15232229232788,0,14.62757396698,27.1848831176758,3.05454540252686,6.04363632202148,5,10,0.869565188884735,0.876811623573303,1,1,23,1.05999994277954,30.7399983406067
04,2022-04-22,23080760,35,Definitivo,SAN ROQUE [23080760],Pluviométrica,Convencional,Activa,Antioquia,San Roque,6.4875,-75.017,820,5/15/1975,,Monchia,Magdalena Cauca,Medio Magdalena,Río Nare,2022,22,Andes,Definitivo,35,35,0,20.5269031524658,20.5269031524658,11.6630125045776,37.9283142089844,24.9284763336182,3.05454540252686,6.04363632202148,5,10,0.869565188884735,0.876811623573303,1,1,23,1.05999994277954,37.0999979972839
04,2021-04-21,23080760,0,Definitivo,SAN ROQUE [23080760],Pluviométrica,Convencional,Activa,Antioquia,San Roque,6.4875,-75.017,820,5/15/1975,,Monchia,Magdalena Cauca,Medio Magdalena,Río Nare,2021,21,Andes,Definitivo,0,0,0,1.37566995620728,1.37566995620728,0,3.31038975715637,0.321395307779312,3.05454540252686,6.04363632202148,5,10,0.869565188884735,0.876811623573303,1,1,23,1.05999994277954,0
04,2023-04-18,23080760,12,Definitivo,SAN ROQUE [23080760],Pluviométrica,Convencional,Activa,Antioquia,San Roque,6.4875,-75.017,820,5/15/1975,,Monchia,Magdalena Cauca,Medio Magdalena,Río Nare,2023,18,Andes,Definitivo,12,12,0,8.96430683135986,8.96430683135986,14.0730218887329,26.7031993865967,13.2169570922852,3.05454540252686,6.04363632202148,5,10,0.869565188884735,0.876811623573303,1,1,22,1.05999994277954,12.7199993133545
04,2023-04-16,23080760,2,Definitivo,SAN ROQUE [23080760],Pluviométrica,Convencional,Activa,Antioquia,San Roque,6.4875,-75.017,820,5/15/1975,,Monchia,Magdalena Cauca,Medio Magdalena,Río Nare,2023,16,Andes,Definitivo,2,2,0,15.9357128143311,15.9357128143311,56.2920875549316,15.0155200958252,60.7953872680664,3.05454540252686,6.04363632202148,5,10,0.869565188884735,0.876811623573303,1,1,22,1.05999994277954,2.11999988555908
04,2021-04-16,23080760,2,Definitivo,SAN ROQUE [23080760],Pluviométrica,Convencional,Activa,Antioquia,San Roque,6.4875,-75.017,820,5/15/1975,,Monchia,Magdalena Cauca,Medio Magdalena,Río Nare,2021,16,Andes,Definitivo,2,2,0,4.13395500183105,4.13395500183105,18.9243125915527,10.7674150466919,14.7728910446167,3.05454540252686,6.04363632202148,5,10,0.869565188884735,0.876811623573303,1,1,22,1.05999994277954,2.11999988555908
04,2023-04-13,23080760,0,Definitivo,SAN ROQUE [23080760],Pluviométrica,Convencional,Activa,Antioquia,San Roque,6.4875,-75.017,820,5/15/1975,,Monchia,Magdalena Cauca,Medio Magdalena,Río Nare,2023,13,Andes,Definitivo,0,0,0,19.7868804931641,19.7868804931641,28.3079891204834,10.3450517654419,1.04842102527618,3.05454540252686,6.04363632202148,5,10,0.869565188884735,0.876811623573303,1,1,21,1.05999994277954,0
04,2023-04-11,23080760,3,Definitivo,SAN ROQUE [23080760],Pluviométrica,Convencional,Activa,Antioquia,San Roque,6.4875,-75.017,820,5/15/1975,,Monchia,Magdalena Cauca,Medio Magdalena,Río Nare,2023,11,Andes,Definitivo,3,3,0,4.77616548538208,4.77616548538208,28.3079891204834,11.0906887054443,53.3372230529785,3.05454540252686,6.04363632202148,5,10,0.869565188884735,0.876811623573303,1,1,21,1.05999994277954,3.17999982833862
04,2023-04-10,23080760,18,Definitivo,SAN ROQUE [23080760],Pluviométrica,Convencional,Activa,Antioquia,San Roque,6.4875,-75.017,820,5/15/1975,,Monchia,Magdalena Cauca,Medio Magdalena,Río Nare,2023,10,Andes,Definitivo,18,18,0,1.11365175247192,1.11365175247192,0,5.6136794090271,1.74367117881775,3.05454540252686,6.04363632202148,5,10,0.869565188884735,0.876811623573303,1,1,20,1.05999994277954,19.0799989700317
04,2001-04-28,23080760,4,Definitivo,SAN ROQUE [23080760],Pluviométrica,Convencional,Activa,Antioquia,San Roque,6.4875,-75.017,820,5/15/1975,,Monchia,Magdalena Cauca,Medio Magdalena,Río Nare,2001,28,Andes,Definitivo,4,4,0,0.464785218238831,0.464785218238831,0,4.99480819702148,0.368052154779434,3.05454540252686,6.04363632202148,5,10,0.869565188884735,0.876811623573303,1,1,24,1.05999994277954,4.23999977111816
04,2001-04-27,23080760,0,Definitivo,SAN ROQUE [23080760],Pluviométrica,Convencional,Activa,Antioquia,San Roque,6.4875,-75.017,820,5/15/1975,,Monchia,Magdalena Cauca,Medio Magdalena,Río Nare,2001,27,Andes,Definitivo,0,0,0,6.68329048156738,6.68329048156738,0,7.07997941970825,0.802149415016174,3.05454540252686,6.04363632202148,5,10,0.869565188884735,0.876811623573303,1,1,24,1.05999994277954,0
04,2001-04-26,23080760,16,Definitivo,SAN ROQUE [23080760],Pluviométrica,Convencional,Activa,Antioquia,San Roque,6.4875,-75.017,820,5/15/1975,,Monchia,Magdalena Cauca,Medio Magdalena,Río Nare,2001,26,Andes,Definitivo,16,16,0,3.92663359642029,3.92663359642029,7.4109697341919,26.2305793762207,15.8387212753296,3.05454540252686,6.04363632202148,5,10,0.869565188884735,0.876811623573303,1,1,24,1.05999994277954,16.9599990844727
04,2003-04-23,23080760,32,Definitivo,SAN ROQUE [23080760],Pluviométrica,Convencional,Activa,Antioquia,San Roque,6.4875,-75.017,820,5/15/1975,,Monchia,Magdalena Cauca,Medio Magdalena,Río Nare,2003,23,Andes,Definitivo,32,32,0,4.12658786773682,4.12658786773682,0,17.5280685424805,3.57063913345337,3.05454540252686,6.04363632202148,5,10,0.869565188884735,0.876811623573303,1,1,23,1.05999994277954,33.9199981689453
04,2003-04-22,23080760,13,Definitivo,SAN ROQUE [23080760],Pluviométrica,Convencional,Activa,Antioquia,San Roque,6.4875,-75.017,820,5/15/1975,,Monchia,Magdalena Cauca,Medio Magdalena,Río Nare,2003,22,Andes,Definitivo,13,13,0,11.6779632568359,11.6779632568359,6.22595739364624,25.1528015136719,16.1753196716309,3.05454540252686,6.04363632202148,5,10,0.869565188884735,0.876811623573303,1,1,23,1.05999994277954,13.779999256134
04,2002-04-23,23080760,1,Definitivo,SAN ROQUE [23080760],Pluviométrica,Convencional,Activa,Antioquia,San Roque,6.4875,-75.017,820,5/15/1975,,Monchia,Magdalena Cauca,Medio Magdalena,Río Nare,2002,23,Andes,Definitivo,1,1,0,11.7520513534546,11.7520513534546,12.6029214859009,8.49019241333008,16.5220413208008,3.05454540252686,6.04363632202148,5,10,0.869565188884735,0.876811623573303,1,1,23,1.05999994277954,1.05999994277954
04,2005-04-17,23080760,,"",SAN ROQUE [23080760],Pluviométrica,Convencional,Activa,Antioquia,San Roque,6.4875,-75.017,820,5/15/1975,,Monchia,Magdalena Cauca,Medio Magdalena,Río Nare,2005,17,Andes,Preliminar,0,0,0,1.23286724090576,1.23286724090576,15.0100088119507,17.3184032440186,22.017951965332,3.05454540252686,6.04363632202148,5,10,0.869565188884735,0.876811623573303,1,1,22,1.05999994277954,0
04,2004-04-18,23080760,0.5,Definitivo,SAN ROQUE [23080760],Pluviométrica,Convencional,Activa,Antioquia,San Roque,6.4875,-75.017,820,5/15/1975,,Monchia,Magdalena Cauca,Medio Magdalena,Río Nare,2004,18,Andes,Definitivo,0.5,0.5,0,6.1950740814209,6.1950740814209,12.1881895065308,6.77854442596436,0.354946583509445,3.05454540252686,6.04363632202148,5,10,0.869565188884735,0.876811623573303,1,1,22,1.05999994277954,0.529999971389771
04,2004-04-17,23080760,3,Definitivo,SAN ROQUE [23080760],Pluviométrica,Convencional,Activa,Antioquia,San Roque,6.4875,-75.017,820,5/15/1975,,Monchia,Magdalena Cauca,Medio Magdalena,Río Nare,2004,17,Andes,Definitivo,3,3,0,4.18453598022461,4.18453598022461,6.09409475326538,7.7843656539917,14.0867977142334,3.05454540252686,6.04363632202148,5,10,0.869565188884735,0.876811623573303,1,1,22,1.05999994277954,3.17999982833862
04,2003-04-19,23080760,30,Definitivo,SAN ROQUE [23080760],Pluviométrica,Convencional,Activa,Antioquia,San Roque,6.4875,-75.017,820,5/15/1975,,Monchia,Magdalena Cauca,Medio Magdalena,Río Nare,2003,19,Andes,Definitivo,30,30,0,7.56532526016235,7.56532526016235,0,6.43273639678955,3.62125968933105,3.05454540252686,6.04363632202148,5,10,0.869565188884735,0.876811623573303,1,1,22,1.05999994277954,31.7999982833862
04,2003-04-16,23080760,47,Definitivo,SAN ROQUE [23080760],Pluviométrica,Convencional,Activa,Antioquia,San Roque,6.4875,-75.017,820,5/15/1975,,Monchia,Magdalena Cauca,Medio Magdalena,Río Nare,2003,16,Andes,Definitivo,47,47,0,8.46349143981934,8.46349143981934,19.391622543335,15.1412487030029,31.9322452545166,3.05454540252686,6.04363632202148,5,10,0.869565188884735,0.876811623573303,1,1,22,1.05999994277954,49.8199973106384
04,2002-04-15,23080760,39,Definitivo,SAN ROQUE [23080760],Pluviométrica,Convencional,Activa,Antioquia,San Roque,6.4875,-75.017,820,5/15/1975,,Monchia,Magdalena Cauca,Medio Magdalena,Río Nare,2002,15,Andes,Definitivo,39,39,0,1.77137553691864,1.77137553691864,0,7.54625940322876,1.06301712989807,3.05454540252686,6.04363632202148,5,10,0.869565188884735,0.876811623573303,1,1,21,1.05999994277954,41.3399977684021
04,2002-04-12,23080760,15,Definitivo,SAN ROQUE [23080760],Pluviométrica,Convencional,Activa,Antioquia,San Roque,6.4875,-75.017,820,5/15/1975,,Monchia,Magdalena Cauca,Medio Magdalena,Río Nare,2002,12,Andes,Definitivo,15,15,0,2.82683706283569,2.82683706283569,0,18.4716053009033,17.6361865997314,3.05454540252686,6.04363632202148,5,10,0.869565188884735,0.876811623573303,1,1,21,1.05999994277954,15.8999991416931
04,2002-04-10,23080760,,"",SAN ROQUE [23080760],Pluviométrica,Convencional,Activa,Antioquia,San Roque,6.4875,-75.017,820,5/15/1975,,Monchia,Magdalena Cauca,Medio Magdalena,Río Nare,2002,10,Andes,Preliminar,0,0,0,31.111406326294,31.111406326294,8.49147701263428,7.74575233459473,13.4672241210938,3.05454540252686,6.04363632202148,5,10,0.869565188884735,0.876811623573303,1,1,20,1.05999994277954,0
04,2002-04-07,23080760,0,Definitivo,SAN ROQUE [23080760],Pluviométrica,Convencional,Activa,Antioquia,San Roque,6.4875,-75.017,820,5/15/1975,,Monchia,Magdalena Cauca,Medio Magdalena,Río Nare,2002,07,Andes,Definitivo,0,0,0,15.8235492706299,15.8235492706299,8.49147701263428,14.138765335083,1.65774810314178,3.05454540252686,6.04363632202148,5,10,0.869565188884735,0.876811623573303,1,1,20,1.05999994277954,0
04,2004-04-03,23080760,6,Definitivo,SAN ROQUE [23080760],Pluviométrica,Convencional,Activa,Antioquia,San Roque,6.4875,-75.017,820,5/15/1975,,Monchia,Magdalena Cauca,Medio Magdalena,Río Nare,2004,03,Andes,Definitivo,6,6,0,14.9702186584473,14.9702186584473,15.6585474014282,15.8764638900757,25.8992424011231,3.05454540252686,6.04363632202148,5,10,0.869565188884735,0.876811623573303,1,1,19,1.05999994277954,6.35999965667725
04,2006-04-05,23080760,8,Definitivo,SAN ROQUE [23080760],Pluviométrica,Convencional,Activa,Antioquia,San Roque,6.4875,-75.017,820,5/15/1975,,Monchia,Magdalena Cauca,Medio Magdalena,Río Nare,2006,05,Andes,Definitivo,8,8,0,9.99432563781738,9.99432563781738,12.8730192184448,30.3423824310303,44.7214546203613,3.05454540252686,6.04363632202148,5,10,0.869565188884735,0.876811623573303,1,1,19,1.05999994277954,8.47999954223633
04,2006-04-06,23080760,2,Definitivo,SAN ROQUE [23080760],Pluviométrica,Convencional,Activa,Antioquia,San Roque,6.4875,-75.017,820,5/15/1975,,Monchia,Magdalena Cauca,Medio Magdalena,Río Nare,2006,06,Andes,Definitivo,2,2,0,32.6593971252441,32.6593971252441,0,11.4166927337646,24.3592052459717,3.05454540252686,6.04363632202148,5,10,0.869565188884735,0.876811623573303,1,1,20,1.05999994277954,2.11999988555908
04,2008-04-06,23080760,25,Definitivo,SAN ROQUE [23080760],Pluviométrica,Convencional,Activa,Antioquia,San Roque,6.4875,-75.017,820,5/15/1975,,Monchia,Magdalena Cauca,Medio Magdalena,Río Nare,2008,06,Andes,Definitivo,25,25,0,6.24701690673828,6.24701690673828,15.4635610580444,11.7002277374268,8.06137561798096,3.05454540252686,6.04363632202148,5,10,0.869565188884735,0.876811623573303,1,1,20,1.05999994277954,26.4999985694885
04,2012-04-07,23080760,4,Definitivo,SAN ROQUE [23080760],Pluviométrica,Convencional,Activa,Antioquia,San Roque,6.4875,-75.017,820,5/15/1975,,Monchia,Magdalena Cauca,Medio Magdalena,Río Nare,2012,07,Andes,Definitivo,4,4,0,13.4157609939575,13.4157609939575,50.7409820556641,18.616174697876,28.7454643249512,3.05454540252686,6.04363632202148,5,10,0.869565188884735,0.876811623573303,1,1,20,1.05999994277954,4.23999977111816
04,2012-04-08,23080760,8,Definitivo,SAN ROQUE [23080760],Pluviométrica,Convencional,Activa,Antioquia,San Roque,6.4875,-75.017,820,5/15/1975,,Monchia,Magdalena Cauca,Medio Magdalena,Río Nare,2012,08,Andes,Definitivo,8,8,0,9.14470958709717,9.14470958709717,0,48.5212211608887,11.9028358459473,3.05454540252686,6.04363632202148,5,10,0.869565188884735,0.876811623573303,1,1,20,1.05999994277954,8.47999954223633
04,2014-04-09,23080760,0,Definitivo,SAN ROQUE [23080760],Pluviométrica,Convencional,Activa,Antioquia,San Roque,6.4875,-75.017,820,5/15/1975,,Monchia,Magdalena Cauca,Medio Magdalena,Río Nare,2014,09,Andes,Definitivo,0,0,0,13.195761680603,13.195761680603,7.59619998931885,6.13473033905029,1.27883613109589,3.05454540252686,6.04363632202148,5,10,0.869565188884735,0.876811623573303,1,1,20,1.05999994277954,0
04,2014-04-10,23080760,0,Definitivo,SAN ROQUE [23080760],Pluviométrica,Convencional,Activa,Antioquia,San Roque,6.4875,-75.017,820,5/15/1975,,Monchia,Magdalena Cauca,Medio Magdalena,Río Nare,2014,10,Andes,Definitivo,0,0,0,7.70043516159058,7.70043516159058,0,3.24593544006348,0.101708643138409,3.05454540252686,6.04363632202148,5,10,0.869565188884735,0.876811623573303,1,1,20,1.05999994277954,0
04,2012-04-16,23080760,31,Definitivo,SAN ROQUE [23080760],Pluviométrica,Convencional,Activa,Antioquia,San Roque,6.4875,-75.017,820,5/15/1975,,Monchia,Magdalena Cauca,Medio Magdalena,Río Nare,2012,16,Andes,Definitivo,31,31,0,10.7774953842163,10.7774953842163,17.2557525634766,9.61509323120117,44.2736053466797,3.05454540252686,6.04363632202148,5,10,0.869565188884735,0.876811623573303,1,1,22,1.05999994277954,32.8599982261658
04,2012-04-17,23080760,44,Definitivo,SAN ROQUE [23080760],Pluviométrica,Convencional,Activa,Antioquia,San Roque,6.4875,-75.017,820,5/15/1975,,Monchia,Magdalena Cauca,Medio Magdalena,Río Nare,2012,17,Andes,Definitivo,44,44,0,16.9537010192871,16.9537010192871,23.0076713562012,10.4615020751953,20.3819046020508,3.05454540252686,6.04363632202148,5,10,0.869565188884735,0.876811623573303,1,1,22,1.05999994277954,46.6399974822998
04,2011-04-21,23080760,16,Definitivo,SAN ROQUE [23080760],Pluviométrica,Convencional,Activa,Antioquia,San Roque,6.4875,-75.017,820,5/15/1975,,Monchia,Magdalena Cauca,Medio Magdalena,Río Nare,2011,21,Andes,Definitivo,16,16,0,11.3754034042358,11.3754034042358,17.1166019439697,19.109260559082,22.9860877990723,3.05454540252686,6.04363632202148,5,10,0.869565188884735,0.876811623573303,1,1,23,1.05999994277954,16.9599990844727
04,2012-04-24,23080760,8,Definitivo,SAN ROQUE [23080760],Pluviométrica,Convencional,Activa,Antioquia,San Roque,6.4875,-75.017,820,5/15/1975,,Monchia,Magdalena Cauca,Medio Magdalena,Río Nare,2012,24,Andes,Definitivo,8,8,0,20.815746307373,20.815746307373,17.5015430450439,7.6395845413208,59.6907463073731,3.05454540252686,6.04363632202148,5,10,0.869565188884735,0.876811623573303,1,1,23,1.05999994277954,8.47999954223633
04,2015-04-23,23080760,15,Definitivo,SAN ROQUE [23080760],Pluviométrica,Convencional,Activa,Antioquia,San Roque,6.4875,-75.017,820,5/15/1975,,Monchia,Magdalena Cauca,Medio Magdalena,Río Nare,2015,23,Andes,Definitivo,15,15,0,2.3357617855072,2.3357617855072,6.95146036148071,0.166669741272926,1.96417105197907,3.05454540252686,6.04363632202148,5,10,0.869565188884735,0.876811623573303,1,1,23,1.05999994277954,15.8999991416931
04,2017-04-23,23080760,15,Definitivo,SAN ROQUE [23080760],Pluviométrica,Convencional,Activa,Antioquia,San Roque,6.4875,-75.017,820,5/15/1975,,Monchia,Magdalena Cauca,Medio Magdalena,Río Nare,2017,23,Andes,Definitivo,15,15,0,3.16634654998779,3.16634654998779,0,1.93986582756042,0.12529568374157,3.05454540252686,6.04363632202148,5,10,0.869565188884735,0.876811623573303,1,1,23,1.05999994277954,15.8999991416931
04,2019-04-25,23080760,32,Definitivo,SAN ROQUE [23080760],Pluviométrica,Convencional,Activa,Antioquia,San Roque,6.4875,-75.017,820,5/15/1975,,Monchia,Magdalena Cauca,Medio Magdalena,Río Nare,2019,25,Andes,Definitivo,32,32,0,0.678415954113007,0.678415954113007,1.93949890136719,2.80054783821106,4.14366626739502,3.05454540252686,6.04363632202148,5,10,0.869565188884735,0.876811623573303,1,1,23,1.05999994277954,33.9199981689453
04,2021-04-25,23080760,0,Definitivo,SAN ROQUE [23080760],Pluviométrica,Convencional,Activa,Antioquia,San Roque,6.4875,-75.017,820,5/15/1975,,Monchia,Magdalena Cauca,Medio Magdalena,Río Nare,2021,25,Andes,Definitivo,0,0,0,2.3427746295929,2.3427746295929,0,2.00490212440491,0,3.05454540252686,6.04363632202148,5,10,0.869565188884735,0.876811623573303,1,1,23,1.05999994277954,0
04,2020-04-24,23080760,0,Definitivo,SAN ROQUE [23080760],Pluviométrica,Convencional,Activa,Antioquia,San Roque,6.4875,-75.017,820,5/15/1975,,Monchia,Magdalena Cauca,Medio Magdalena,Río Nare,2020,24,Andes,Definitivo,0,0,0,16.9712047576904,16.9712047576904,0,7.42501974105835,1.85524308681488,3.05454540252686,6.04363632202148,5,10,0.869565188884735,0.876811623573303,1,1,23,1.05999994277954,0
04,2021-04-23,23080760,40,Definitivo,SAN ROQUE [23080760],Pluviométrica,Convencional,Activa,Antioquia,San Roque,6.4875,-75.017,820,5/15/1975,,Monchia,Magdalena Cauca,Medio Magdalena,Río Nare,2021,23,Andes,Definitivo,40,40,0,2.00100016593933,2.00100016593933,0,2.45034337043762,5.03480195999146,3.05454540252686,6.04363632202148,5,10,0.869565188884735,0.876811623573303,1,1,23,1.05999994277954,42.3999977111816
04,2023-04-20,23080760,7,Definitivo,SAN ROQUE [23080760],Pluviométrica,Convencional,Activa,Antioquia,San Roque,6.4875,-75.017,820,5/15/1975,,Monchia,Magdalena Cauca,Medio Magdalena,Río Nare,2023,20,Andes,Definitivo,7,7,0,8.16558933258057,8.16558933258057,56.2920875549316,16.5120296478272,3.53745102882385,3.05454540252686,6.04363632202148,5,10,0.869565188884735,0.876811623573303,1,1,22,1.05999994277954,7.41999959945679
04,2022-04-19,23080760,10,Definitivo,SAN ROQUE [23080760],Pluviométrica,Convencional,Activa,Antioquia,San Roque,6.4875,-75.017,820,5/15/1975,,Monchia,Magdalena Cauca,Medio Magdalena,Río Nare,2022,19,Andes,Definitivo,10,10,0,9.68466854095459,9.68466854095459,12.316351890564,31.4253921508789,8.14395904541016,3.05454540252686,6.04363632202148,5,10,0.869565188884735,0.876811623573303,1,1,22,1.05999994277954,10.5999994277954
04,2021-04-18,23080760,0,Definitivo,SAN ROQUE [23080760],Pluviométrica,Convencional,Activa,Antioquia,San Roque,6.4875,-75.017,820,5/15/1975,,Monchia,Magdalena Cauca,Medio Magdalena,Río Nare,2021,18,Andes,Definitivo,0,0,0,10.436164855957,10.436164855957,6.30810403823853,10.5690183639526,3.4220244884491,3.05454540252686,6.04363632202148,5,10,0.869565188884735,0.876811623573303,1,1,22,1.05999994277954,0
04,2023-04-15,23080760,15,Definitivo,SAN ROQUE [23080760],Pluviométrica,Convencional,Activa,Antioquia,San Roque,6.4875,-75.017,820,5/15/1975,,Monchia,Magdalena Cauca,Medio Magdalena,Río Nare,2023,15,Andes,Definitivo,15,15,0,3.53283476829529,3.53283476829529,14.1539945602417,9.45272159576416,0.519662261009216,3.05454540252686,6.04363632202148,5,10,0.869565188884735,0.876811623573303,1,1,21,1.05999994277954,15.8999991416931
04,2022-04-14,23080760,22,Definitivo,SAN ROQUE [23080760],Pluviométrica,Convencional,Activa,Antioquia,San Roque,6.4875,-75.017,820,5/15/1975,,Monchia,Magdalena Cauca,Medio Magdalena,Río Nare,2022,14,Andes,Definitivo,22,22,0,11.9411535263062,11.9411535263062,8.02080535888672,25.3979473114014,0.21054182946682,3.05454540252686,6.04363632202148,5,10,0.869565188884735,0.876811623573303,1,1,21,1.05999994277954,23.3199987411499
04,2021-04-13,23080760,0,Definitivo,SAN ROQUE [23080760],Pluviométrica,Convencional,Activa,Antioquia,San Roque,6.4875,-75.017,820,5/15/1975,,Monchia,Magdalena Cauca,Medio Magdalena,Río Nare,2021,13,Andes,Definitivo,0,0,0,0.946498811244965,0.946498811244965,0,1.90248048305511,1.87319183349609,3.05454540252686,6.04363632202148,5,10,0.869565188884735,0.876811623573303,1,1,21,1.05999994277954,0
04,2022-04-11,23080760,15,Definitivo,SAN ROQUE [23080760],Pluviométrica,Convencional,Activa,Antioquia,San Roque,6.4875,-75.017,820,5/15/1975,,Monchia,Magdalena Cauca,Medio Magdalena,Río Nare,2022,11,Andes,Definitivo,15,15,0,9.99314308166504,9.99314308166504,0,28.5352344512939,2.09257435798645,3.05454540252686,6.04363632202148,5,10,0.869565188884735,0.876811623573303,1,1,21,1.05999994277954,15.8999991416931
04,2023-04-09,23080760,9,Definitivo,SAN ROQUE [23080760],Pluviométrica,Convencional,Activa,Antioquia,San Roque,6.4875,-75.017,820,5/15/1975,,Monchia,Magdalena Cauca,Medio Magdalena,Río Nare,2023,09,Andes,Definitivo,9,9,0,0.598155617713928,0.598155617713928,0,3.36211919784546,0.0397260300815105,3.05454540252686,6.04363632202148,5,10,0.869565188884735,0.876811623573303,1,1,20,1.05999994277954,9.53999948501587
04,2023-04-08,23080760,4,Definitivo,SAN ROQUE [23080760],Pluviométrica,Convencional,Activa,Antioquia,San Roque,6.4875,-75.017,820,5/15/1975,,Monchia,Magdalena Cauca,Medio Magdalena,Río Nare,2023,08,Andes,Definitivo,4,4,0,7.33318471908569,7.33318471908569,0,25.315242767334,6.62712335586548,3.05454540252686,6.04363632202148,5,10,0.869565188884735,0.876811623573303,1,1,20,1.05999994277954,4.23999977111816
04,2023-04-07,23080760,4,Definitivo,SAN ROQUE [23080760],Pluviométrica,Convencional,Activa,Antioquia,San Roque,6.4875,-75.017,820,5/15/1975,,Monchia,Magdalena Cauca,Medio Magdalena,Río Nare,2023,07,Andes,Definitivo,4,4,0,14.7020034790039,14.7020034790039,12.7228775024414,10.7540311813354,24.5519924163818,3.05454540252686,6.04363632202148,5,10,0.869565188884735,0.876811623573303,1,1,20,1.05999994277954,4.23999977111816
04,2002-04-24,23080760,46,Definitivo,SAN ROQUE [23080760],Pluviométrica,Convencional,Activa,Antioquia,San Roque,6.4875,-75.017,820,5/15/1975,,Monchia,Magdalena Cauca,Medio Magdalena,Río Nare,2002,24,Andes,Definitivo,46,46,0,7.62568426132202,7.62568426132202,12.6029214859009,17.1250591278076,7.72268104553223,3.05454540252686,6.04363632202148,5,10,0.869565188884735,0.876811623573303,1,1,23,1.05999994277954,48.7599973678589
04,2001-04-25,23080760,9,Definitivo,SAN ROQUE [23080760],Pluviométrica,Convencional,Activa,Antioquia,San Roque,6.4875,-75.017,820,5/15/1975,,Monchia,Magdalena Cauca,Medio Magdalena,Río Nare,2001,25,Andes,Definitivo,9,9,0,4.70434379577637,4.70434379577637,0,1.42466640472412,21.2371654510498,3.05454540252686,6.04363632202148,5,10,0.869565188884735,0.876811623573303,1,1,23,1.05999994277954,9.53999948501587
04,2001-04-24,23080760,8,Definitivo,SAN ROQUE [23080760],Pluviométrica,Convencional,Activa,Antioquia,San Roque,6.4875,-75.017,820,5/15/1975,,Monchia,Magdalena Cauca,Medio Magdalena,Río Nare,2001,24,Andes,Definitivo,8,8,0,6.66513299942017,6.66513299942017,7.29144954681397,3.88664484024048,1.25749838352203,3.05454540252686,6.04363632202148,5,10,0.869565188884735,0.876811623573303,1,1,23,1.05999994277954,8.47999954223633
04,2003-04-21,23080760,16,Definitivo,SAN ROQUE [23080760],Pluviométrica,Convencional,Activa,Antioquia,San Roque,6.4875,-75.017,820,5/15/1975,,Monchia,Magdalena Cauca,Medio Magdalena,Río Nare,2003,21,Andes,Definitivo,16,16,0,16.8993606567383,16.8993606567383,28.4615230560303,18.0230655670166,32.794303894043,3.05454540252686,6.04363632202148,5,10,0.869565188884735,0.876811623573303,1,1,23,1.05999994277954,16.9599990844727
04,2003-04-20,23080760,6,Definitivo,SAN ROQUE [23080760],Pluviométrica,Convencional,Activa,Antioquia,San Roque,6.4875,-75.017,820,5/15/1975,,Monchia,Magdalena Cauca,Medio Magdalena,Río Nare,2003,20,Andes,Definitivo,6,6,0,0.627564966678619,0.627564966678619,0,4.10013294219971,0.87605893611908,3.05454540252686,6.04363632202148,5,10,0.869565188884735,0.876811623573303,1,1,22,1.05999994277954,6.35999965667725
04,2002-04-21,23080760,8,Definitivo,SAN ROQUE [23080760],Pluviométrica,Convencional,Activa,Antioquia,San Roque,6.4875,-75.017,820,5/15/1975,,Monchia,Magdalena Cauca,Medio Magdalena,Río Nare,2002,21,Andes,Definitivo,8,8,0,5.44113826751709,5.44113826751709,16.8038940429688,18.5057830810547,25.8358554840088,3.05454540252686,6.04363632202148,5,10,0.869565188884735,0.876811623573303,1,1,23,1.05999994277954,8.47999954223633
04,2002-04-20,23080760,26,Definitivo,SAN ROQUE [23080760],Pluviométrica,Convencional,Activa,Antioquia,San Roque,6.4875,-75.017,820,5/15/1975,,Monchia,Magdalena Cauca,Medio Magdalena,Río Nare,2002,20,Andes,Definitivo,26,26,0,28.6819362640381,28.6819362640381,0,29.0985145568848,29.0525798797607,3.05454540252686,6.04363632202148,5,10,0.869565188884735,0.876811623573303,1,1,22,1.05999994277954,27.5599985122681
04,2001-04-19,23080760,0,Definitivo,SAN ROQUE [23080760],Pluviométrica,Convencional,Activa,Antioquia,San Roque,6.4875,-75.017,820,5/15/1975,,Monchia,Magdalena Cauca,Medio Magdalena,Río Nare,2001,19,Andes,Definitivo,0,0,0,15.5362453460693,15.5362453460693,16.0736103057861,10.4361820220947,28.923002243042,3.05454540252686,6.04363632202148,5,10,0.869565188884735,0.876811623573303,1,1,22,1.05999994277954,0
04,2001-04-16,23080760,0.4,Definitivo,SAN ROQUE [23080760],Pluviométrica,Convencional,Activa,Antioquia,San Roque,6.4875,-75.017,820,5/15/1975,,Monchia,Magdalena Cauca,Medio Magdalena,Río Nare,2001,16,Andes,Definitivo,0.4,0.4,0,0.0757865607738495,0.0757865607738495,10.7157411575317,3.24208354949951,11.79128074646,3.05454540252686,6.04363632202148,5,10,0.869565188884735,0.876811623573303,1,1,22,1.05999994277954,0.423999977111816
04,2003-04-13,23080760,36,Definitivo,SAN ROQUE [23080760],Pluviométrica,Convencional,Activa,Antioquia,San Roque,6.4875,-75.017,820,5/15/1975,,Monchia,Magdalena Cauca,Medio Magdalena,Río Nare,2003,13,Andes,Definitivo,36,36,0,11.9840450286865,11.9840450286865,12.6028890609741,43.6584663391113,29.7446060180664,3.05454540252686,6.04363632202148,5,10,0.869565188884735,0.876811623573303,1,1,21,1.05999994277954,38.1599979400635
04,2001-04-11,23080760,12,Definitivo,SAN ROQUE [23080760],Pluviométrica,Convencional,Activa,Antioquia,San Roque,6.4875,-75.017,820,5/15/1975,,Monchia,Magdalena Cauca,Medio Magdalena,Río Nare,2001,11,Andes,Definitivo,12,12,0,12.5175638198853,12.5175638198853,9.69228744506836,31.3692054748535,12.9143657684326,3.05454540252686,6.04363632202148,5,10,0.869565188884735,0.876811623573303,1,1,21,1.05999994277954,12.7199993133545
04,2003-04-08,23080760,0,Definitivo,SAN ROQUE [23080760],Pluviométrica,Convencional,Activa,Antioquia,San Roque,6.4875,-75.017,820,5/15/1975,,Monchia,Magdalena Cauca,Medio Magdalena,Río Nare,2003,08,Andes,Definitivo,0,0,0,21.9461574554443,21.9461574554443,20.3743801116943,12.702657699585,10.2046022415161,3.05454540252686,6.04363632202148,5,10,0.869565188884735,0.876811623573303,1,1,20,1.05999994277954,0
04,2003-04-05,23080760,6,Definitivo,SAN ROQUE [23080760],Pluviométrica,Convencional,Activa,Antioquia,San Roque,6.4875,-75.017,820,5/15/1975,,Monchia,Magdalena Cauca,Medio Magdalena,Río Nare,2003,05,Andes,Definitivo,6,6,0,7.07088088989258,7.07088088989258,10.2498750686646,5.43462038040161,0.0160203259438276,3.05454540252686,6.04363632202148,5,10,0.869565188884735,0.876811623573303,1,1,19,1.05999994277954,6.35999965667725
04,2004-04-04,23080760,0,Definitivo,SAN ROQUE [23080760],Pluviométrica,Convencional,Activa,Antioquia,San Roque,6.4875,-75.017,820,5/15/1975,,Monchia,Magdalena Cauca,Medio Magdalena,Río Nare,2004,04,Andes,Definitivo,0,0,0,6.79229593276978,6.79229593276978,0,7.52806186676025,2.49648094177246,3.05454540252686,6.04363632202148,5,10,0.869565188884735,0.876811623573303,1,1,19,1.05999994277954,0
04,2004-04-05,23080760,,"",SAN ROQUE [23080760],Pluviométrica,Convencional,Activa,Antioquia,San Roque,6.4875,-75.017,820,5/15/1975,,Monchia,Magdalena Cauca,Medio Magdalena,Río Nare,2004,05,Andes,Preliminar,0,0,0,6.38475751876831,6.38475751876831,0,0.980286419391632,0.00794475711882114,3.05454540252686,6.04363632202148,5,10,0.869565188884735,0.876811623573303,1,1,19,1.05999994277954,0
04,2007-04-04,23080760,3,Definitivo,SAN ROQUE [23080760],Pluviométrica,Convencional,Activa,Antioquia,San Roque,6.4875,-75.017,820,5/15/1975,,Monchia,Magdalena Cauca,Medio Magdalena,Río Nare,2007,04,Andes,Definitivo,3,3,0,20.8896961212158,20.8896961212158,28.9632434844971,12.5292444229126,6.99796295166016,3.05454540252686,6.04363632202148,5,10,0.869565188884735,0.876811623573303,1,1,19,1.05999994277954,3.17999982833862
04,2008-04-07,23080760,7,Definitivo,SAN ROQUE [23080760],Pluviométrica,Convencional,Activa,Antioquia,San Roque,6.4875,-75.017,820,5/15/1975,,Monchia,Magdalena Cauca,Medio Magdalena,Río Nare,2008,07,Andes,Definitivo,7,7,0,17.617992401123,17.617992401123,15.4635610580444,14.3850812911987,7.60055923461914,3.05454540252686,6.04363632202148,5,10,0.869565188884735,0.876811623573303,1,1,20,1.05999994277954,7.41999959945679
04,2010-04-08,23080760,40,Definitivo,SAN ROQUE [23080760],Pluviométrica,Convencional,Activa,Antioquia,San Roque,6.4875,-75.017,820,5/15/1975,,Monchia,Magdalena Cauca,Medio Magdalena,Río Nare,2010,08,Andes,Definitivo,40,40,0,1.38933455944061,1.38933455944061,25.7130489349365,11.7116460800171,19.6020126342773,3.05454540252686,6.04363632202148,5,10,0.869565188884735,0.876811623573303,1,1,20,1.05999994277954,42.3999977111816
04,2013-04-06,23080760,0,Definitivo,SAN ROQUE [23080760],Pluviométrica,Convencional,Activa,Antioquia,San Roque,6.4875,-75.017,820,5/15/1975,,Monchia,Magdalena Cauca,Medio Magdalena,Río Nare,2013,06,Andes,Definitivo,0,0,0,19.4141159057617,19.4141159057617,0,16.855863571167,4.9230375289917,3.05454540252686,6.04363632202148,5,10,0.869565188884735,0.876811623573303,1,1,20,1.05999994277954,0
04,2015-04-07,23080760,31,Definitivo,SAN ROQUE [23080760],Pluviométrica,Convencional,Activa,Antioquia,San Roque,6.4875,-75.017,820,5/15/1975,,Monchia,Magdalena Cauca,Medio Magdalena,Río Nare,2015,07,Andes,Definitivo,31,31,0,23.5962905883789,23.5962905883789,15.5458316802979,27.6841735839844,49.2099075317383,3.05454540252686,6.04363632202148,5,10,0.869565188884735,0.876811623573303,1,1,20,1.05999994277954,32.8599982261658
04,2014-04-11,23080760,19,Definitivo,SAN ROQUE [23080760],Pluviométrica,Convencional,Activa,Antioquia,San Roque,6.4875,-75.017,820,5/15/1975,,Monchia,Magdalena Cauca,Medio Magdalena,Río Nare,2014,11,Andes,Definitivo,19,19,0,2.66123223304749,2.66123223304749,0,2.09477281570435,20.5380611419678,3.05454540252686,6.04363632202148,5,10,0.869565188884735,0.876811623573303,1,1,21,1.05999994277954,20.1399989128113
04,2013-04-14,23080760,,"",SAN ROQUE [23080760],Pluviométrica,Convencional,Activa,Antioquia,San Roque,6.4875,-75.017,820,5/15/1975,,Monchia,Magdalena Cauca,Medio Magdalena,Río Nare,2013,14,Andes,Preliminar,0,0,0,9.609450340271,9.609450340271,11.6246700286865,10.9387979507446,25.6785049438477,3.05454540252686,6.04363632202148,5,10,0.869565188884735,0.876811623573303,1,1,21,1.05999994277954,0
04,2013-04-15,23080760,0,Definitivo,SAN ROQUE [23080760],Pluviométrica,Convencional,Activa,Antioquia,San Roque,6.4875,-75.017,820,5/15/1975,,Monchia,Magdalena Cauca,Medio Magdalena,Río Nare,2013,15,Andes,Definitivo,0,0,0,21.5149517059326,21.5149517059326,3.87488961219788,6.0961012840271,7.53305101394653,3.05454540252686,6.04363632202148,5,10,0.869565188884735,0.876811623573303,1,1,21,1.05999994277954,0
04,2011-04-22,23080760,18,Definitivo,SAN ROQUE [23080760],Pluviométrica,Convencional,Activa,Antioquia,San Roque,6.4875,-75.017,820,5/15/1975,,Monchia,Magdalena Cauca,Medio Magdalena,Río Nare,2011,22,Andes,Definitivo,18,18,0,21.574556350708,21.574556350708,0,38.6877403259277,1.79297518730164,3.05454540252686,6.04363632202148,5,10,0.869565188884735,0.876811623573303,1,1,23,1.05999994277954,19.0799989700317
04,2013-04-22,23080760,,"",SAN ROQUE [23080760],Pluviométrica,Convencional,Activa,Antioquia,San Roque,6.4875,-75.017,820,5/15/1975,,Monchia,Magdalena Cauca,Medio Magdalena,Río Nare,2013,22,Andes,Preliminar,0,0,0,12.3812465667725,12.3812465667725,0,5.13394212722778,4.05904769897461,3.05454540252686,6.04363632202148,5,10,0.869565188884735,0.876811623573303,1,1,23,1.05999994277954,0
04,2016-04-20,23080760,,"",SAN ROQUE [23080760],Pluviométrica,Convencional,Activa,Antioquia,San Roque,6.4875,-75.017,820,5/15/1975,,Monchia,Magdalena Cauca,Medio Magdalena,Río Nare,2016,20,Andes,Preliminar,25,25,0,3.23664402961731,3.23664402961731,16.3512401580811,12.9591522216797,23.462589263916,3.05454540252686,6.04363632202148,5,10,0.869565188884735,0.876811623573303,1,1,22,1.05999994277954,26.4999985694885
04,2017-04-24,23080760,0,Definitivo,SAN ROQUE [23080760],Pluviométrica,Convencional,Activa,Antioquia,San Roque,6.4875,-75.017,820,5/15/1975,,Monchia,Magdalena Cauca,Medio Magdalena,Río Nare,2017,24,Andes,Definitivo,0,0,0,3.55570435523987,3.55570435523987,24.2660903930664,15.3578453063965,39.8932418823242,3.05454540252686,6.04363632202148,5,10,0.869565188884735,0.876811623573303,1,1,23,1.05999994277954,0
04,2020-04-22,23080760,50,Definitivo,SAN ROQUE [23080760],Pluviométrica,Convencional,Activa,Antioquia,San Roque,6.4875,-75.017,820,5/15/1975,,Monchia,Magdalena Cauca,Medio Magdalena,Río Nare,2020,22,Andes,Definitivo,50,50,0,6.25573587417603,6.25573587417603,0,5.15183782577515,1.54104590415955,3.05454540252686,6.04363632202148,5,10,0.869565188884735,0.876811623573303,1,1,23,1.05999994277954,52.9999971389771
04,2022-04-23,23080760,9,Definitivo,SAN ROQUE [23080760],Pluviométrica,Convencional,Activa,Antioquia,San Roque,6.4875,-75.017,820,5/15/1975,,Monchia,Magdalena Cauca,Medio Magdalena,Río Nare,2022,23,Andes,Definitivo,9,9,0,5.05819940567017,5.05819940567017,11.6630125045776,26.8279266357422,22.6501655578613,3.05454540252686,6.04363632202148,5,10,0.869565188884735,0.876811623573303,1,1,23,1.05999994277954,9.53999948501587
04,2018-04-25,23080760,2,Definitivo,SAN ROQUE [23080760],Pluviométrica,Convencional,Activa,Antioquia,San Roque,6.4875,-75.017,820,5/15/1975,,Monchia,Magdalena Cauca,Medio Magdalena,Río Nare,2018,25,Andes,Definitivo,2,2,0,40.0141372680664,40.0141372680664,29.3844699859619,29.4999542236328,69.9724502563477,3.05454540252686,6.04363632202148,5,10,0.869565188884735,0.876811623573303,1,1,23,1.05999994277954,2.11999988555908
04,2022-04-21,23080760,45,Definitivo,SAN ROQUE [23080760],Pluviométrica,Convencional,Activa,Antioquia,San Roque,6.4875,-75.017,820,5/15/1975,,Monchia,Magdalena Cauca,Medio Magdalena,Río Nare,2022,21,Andes,Definitivo,45,45,0,14.9637002944946,14.9637002944946,46.6520500183106,35.6162605285645,36.1115798950195,3.05454540252686,6.04363632202148,5,10,0.869565188884735,0.876811623573303,1,1,23,1.05999994277954,47.6999974250794
04,2021-04-20,23080760,0,Definitivo,SAN ROQUE [23080760],Pluviométrica,Convencional,Activa,Antioquia,San Roque,6.4875,-75.017,820,5/15/1975,,Monchia,Magdalena Cauca,Medio Magdalena,Río Nare,2021,20,Andes,Definitivo,0,0,0,3.3446352481842,3.3446352481842,0,1.02151763439178,0,3.05454540252686,6.04363632202148,5,10,0.869565188884735,0.876811623573303,1,1,22,1.05999994277954,0
04,2020-04-19,23080760,32,Definitivo,SAN ROQUE [23080760],Pluviométrica,Convencional,Activa,Antioquia,San Roque,6.4875,-75.017,820,5/15/1975,,Monchia,Magdalena Cauca,Medio Magdalena,Río Nare,2020,19,Andes,Definitivo,32,32,0,9.47858715057373,9.47858715057373,13.4459772109985,30.3258781433106,26.4508876800537,3.05454540252686,6.04363632202148,5,10,0.869565188884735,0.876811623573303,1,1,22,1.05999994277954,33.9199981689453
04,2022-04-16,23080760,12,Definitivo,SAN ROQUE [23080760],Pluviométrica,Convencional,Activa,Antioquia,San Roque,6.4875,-75.017,820,5/15/1975,,Monchia,Magdalena Cauca,Medio Magdalena,Río Nare,2022,16,Andes,Definitivo,12,12,0,2.06393194198608,2.06393194198608,36.9490547180176,11.8674077987671,6.1882381439209,3.05454540252686,6.04363632202148,5,10,0.869565188884735,0.876811623573303,1,1,22,1.05999994277954,12.7199993133545
04,2021-04-15,23080760,3,Definitivo,SAN ROQUE [23080760],Pluviométrica,Convencional,Activa,Antioquia,San Roque,6.4875,-75.017,820,5/15/1975,,Monchia,Magdalena Cauca,Medio Magdalena,Río Nare,2021,15,Andes,Definitivo,3,3,0,27.4750785827637,27.4750785827637,18.5012893676758,11.5934000015259,17.8498630523682,3.05454540252686,6.04363632202148,5,10,0.869565188884735,0.876811623573303,1,1,21,1.05999994277954,3.17999982833862
04,2023-04-12,23080760,4,Definitivo,SAN ROQUE [23080760],Pluviométrica,Convencional,Activa,Antioquia,San Roque,6.4875,-75.017,820,5/15/1975,,Monchia,Magdalena Cauca,Medio Magdalena,Río Nare,2023,12,Andes,Definitivo,4,4,0,4.84293460845947,4.84293460845947,14.1539945602417,13.2744417190552,1.59326875209808,3.05454540252686,6.04363632202148,5,10,0.869565188884735,0.876811623573303,1,1,21,1.05999994277954,4.23999977111816
04,2021-04-12,23080760,0,Definitivo,SAN ROQUE [23080760],Pluviométrica,Convencional,Activa,Antioquia,San Roque,6.4875,-75.017,820,5/15/1975,,Monchia,Magdalena Cauca,Medio Magdalena,Río Nare,2021,12,Andes,Definitivo,0,0,0,9.11020851135254,9.11020851135254,24.668384552002,1.89153814315796,44.4132766723633,3.05454540252686,6.04363632202148,5,10,0.869565188884735,0.876811623573303,1,1,21,1.05999994277954,0
04,2022-04-10,23080760,3,Definitivo,SAN ROQUE [23080760],Pluviométrica,Convencional,Activa,Antioquia,San Roque,6.4875,-75.017,820,5/15/1975,,Monchia,Magdalena Cauca,Medio Magdalena,Río Nare,2022,10,Andes,Definitivo,3,3,0,5.01299476623535,5.01299476623535,33.1180076599121,16.1466102600098,35.3784790039063,3.05454540252686,6.04363632202148,5,10,0.869565188884735,0.876811623573303,1,1,20,1.05999994277954,3.17999982833862
04,2022-04-09,23080760,9,Definitivo,SAN ROQUE [23080760],Pluviométrica,Convencional,Activa,Antioquia,San Roque,6.4875,-75.017,820,5/15/1975,,Monchia,Magdalena Cauca,Medio Magdalena,Río Nare,2022,09,Andes,Definitivo,9,9,0,12.7479019165039,12.7479019165039,0,14.7886190414429,0.280465096235275,3.05454540252686,6.04363632202148,5,10,0.869565188884735,0.876811623573303,1,1,20,1.05999994277954,9.53999948501587
04,2022-04-08,23080760,5,Definitivo,SAN ROQUE [23080760],Pluviométrica,Convencional,Activa,Antioquia,San Roque,6.4875,-75.017,820,5/15/1975,,Monchia,Magdalena Cauca,Medio Magdalena,Río Nare,2022,08,Andes,Definitivo,5,5,0,23.4108352661133,23.4108352661133,0,18.2784824371338,4.0176305770874,3.05454540252686,6.04363632202148,5,10,0.869565188884735,0.876811623573303,1,1,20,1.05999994277954,5.29999971389771
04,2023-04-06,23080760,17,Definitivo,SAN ROQUE [23080760],Pluviométrica,Convencional,Activa,Antioquia,San Roque,6.4875,-75.017,820,5/15/1975,,Monchia,Magdalena Cauca,Medio Magdalena,Río Nare,2023,06,Andes,Definitivo,17,17,0,6.05477237701416,6.05477237701416,50.8915100097656,5.68066549301148,17.7632160186768,3.05454540252686,6.04363632202148,5,10,0.869565188884735,0.876811623573303,1,1,20,1.05999994277954,18.0199990272522
04,2023-04-05,23080760,0,Definitivo,SAN ROQUE [23080760],Pluviométrica,Convencional,Activa,Antioquia,San Roque,6.4875,-75.017,820,5/15/1975,,Monchia,Magdalena Cauca,Medio Magdalena,Río Nare,2023,05,Andes,Definitivo,0,0,0,15.4179096221924,15.4179096221924,12.0355262756348,14.1499547958374,8.71263980865479,3.05454540252686,6.04363632202148,5,10,0.869565188884735,0.876811623573303,1,1,19,1.05999994277954,0
04,2023-04-04,23080760,0,Definitivo,SAN ROQUE [23080760],Pluviométrica,Convencional,Activa,Antioquia,San Roque,6.4875,-75.017,820,5/15/1975,,Monchia,Magdalena Cauca,Medio Magdalena,Río Nare,2023,04,Andes,Definitivo,0,0,0,5.97037839889526,5.97037839889526,36.1065788269043,7.47724533081055,15.0294103622437,3.05454540252686,6.04363632202148,5,10,0.869565188884735,0.876811623573303,1,1,19,1.05999994277954,0
04,2002-04-22,23080760,13,Definitivo,SAN ROQUE [23080760],Pluviométrica,Convencional,Activa,Antioquia,San Roque,6.4875,-75.017,820,5/15/1975,,Monchia,Magdalena Cauca,Medio Magdalena,Río Nare,2002,22,Andes,Definitivo,13,13,0,1.4057959318161,1.4057959318161,0,2.40190649032593,0.128839194774628,3.05454540252686,6.04363632202148,5,10,0.869565188884735,0.876811623573303,1,1,23,1.05999994277954,13.779999256134
04,2001-04-23,23080760,,"",SAN ROQUE [23080760],Pluviométrica,Convencional,Activa,Antioquia,San Roque,6.4875,-75.017,820,5/15/1975,,Monchia,Magdalena Cauca,Medio Magdalena,Río Nare,2001,23,Andes,Preliminar,0,0,0,9.40868759155273,9.40868759155273,0,16.902193069458,2.29812502861023,3.05454540252686,6.04363632202148,5,10,0.869565188884735,0.876811623573303,1,1,23,1.05999994277954,0
04,2001-04-22,23080760,,"",SAN ROQUE [23080760],Pluviométrica,Convencional,Activa,Antioquia,San Roque,6.4875,-75.017,820,5/15/1975,,Monchia,Magdalena Cauca,Medio Magdalena,Río Nare,2001,22,Andes,Preliminar,0,0,0,3.24731469154358,3.24731469154358,7.29144954681397,7.99850654602051,2.35154271125793,3.05454540252686,6.04363632202148,5,10,0.869565188884735,0.876811623573303,1,1,23,1.05999994277954,0
04,2001-04-21,23080760,,"",SAN ROQUE [23080760],Pluviométrica,Convencional,Activa,Antioquia,San Roque,6.4875,-75.017,820,5/15/1975,,Monchia,Magdalena Cauca,Medio Magdalena,Río Nare,2001,21,Andes,Preliminar,0,0,0,5.24685478210449,5.24685478210449,14.5828990936279,4.20824861526489,7.27592372894287,3.05454540252686,6.04363632202148,5,10,0.869565188884735,0.876811623573303,1,1,23,1.05999994277954,0
04,2003-04-18,23080760,0,Definitivo,SAN ROQUE [23080760],Pluviométrica,Convencional,Activa,Antioquia,San Roque,6.4875,-75.017,820,5/15/1975,,Monchia,Magdalena Cauca,Medio Magdalena,Río Nare,2003,18,Andes,Definitivo,0,0,0,8.10652732849121,8.10652732849121,0,3.09090757369995,0.729337990283966,3.05454540252686,6.04363632202148,5,10,0.869565188884735,0.876811623573303,1,1,22,1.05999994277954,0
04,2001-04-18,23080760,20,Definitivo,SAN ROQUE [23080760],Pluviométrica,Convencional,Activa,Antioquia,San Roque,6.4875,-75.017,820,5/15/1975,,Monchia,Magdalena Cauca,Medio Magdalena,Río Nare,2001,18,Andes,Definitivo,20,20,0,2.15991687774658,2.15991687774658,5.35787057876587,4.55004167556763,0.161172464489937,3.05454540252686,6.04363632202148,5,10,0.869565188884735,0.876811623573303,1,1,22,1.05999994277954,21.1999988555908
04,2001-04-15,23080760,115,Definitivo,SAN ROQUE [23080760],Pluviométrica,Convencional,Activa,Antioquia,San Roque,6.4875,-75.017,820,5/15/1975,,Monchia,Magdalena Cauca,Medio Magdalena,Río Nare,2001,15,Andes,Definitivo,115,115,0,13.7573709487915,13.7573709487915,38.7691497802734,38.7392044067383,63.0048751831055,3.05454540252686,6.04363632202148,5,10,0.869565188884735,0.876811623573303,1,1,21,1.05999994277954,121.899993419647
04,2003-04-10,23080760,2,Definitivo,SAN ROQUE [23080760],Pluviométrica,Convencional,Activa,Antioquia,San Roque,6.4875,-75.017,820,5/15/1975,,Monchia,Magdalena Cauca,Medio Magdalena,Río Nare,2003,10,Andes,Definitivo,2,2,0,16.2864284515381,16.2864284515381,10.1871900558472,16.8650894165039,19.6533069610596,3.05454540252686,6.04363632202148,5,10,0.869565188884735,0.876811623573303,1,1,20,1.05999994277954,2.11999988555908
04,2002-04-09,23080760,30,Definitivo,SAN ROQUE [23080760],Pluviométrica,Convencional,Activa,Antioquia,San Roque,6.4875,-75.017,820,5/15/1975,,Monchia,Magdalena Cauca,Medio Magdalena,Río Nare,2002,09,Andes,Definitivo,30,30,0,7.18378114700317,7.18378114700317,12.7372169494629,12.378249168396,28.1860485076904,3.05454540252686,6.04363632202148,5,10,0.869565188884735,0.876811623573303,1,1,20,1.05999994277954,31.7999982833862
04,2001-04-08,23080760,0.2,Definitivo,SAN ROQUE [23080760],Pluviométrica,Convencional,Activa,Antioquia,San Roque,6.4875,-75.017,820,5/15/1975,,Monchia,Magdalena Cauca,Medio Magdalena,Río Nare,2001,08,Andes,Definitivo,0.2,0.2,0,16.2604293823242,16.2604293823242,0,2.63890671730042,2.71320796012878,3.05454540252686,6.04363632202148,5,10,0.869565188884735,0.876811623573303,1,1,20,1.05999994277954,0.211999988555908
04,2002-04-04,23080760,8,Definitivo,SAN ROQUE [23080760],Pluviométrica,Convencional,Activa,Antioquia,San Roque,6.4875,-75.017,820,5/15/1975,,Monchia,Magdalena Cauca,Medio Magdalena,Río Nare,2002,04,Andes,Definitivo,8,8,0,6.37851095199585,6.37851095199585,6.47429895401001,2.50032782554626,0.480151027441025,3.05454540252686,6.04363632202148,5,10,0.869565188884735,0.876811623573303,1,1,19,1.05999994277954,8.47999954223633
04,2002-04-05,23080760,,"",SAN ROQUE [23080760],Pluviométrica,Convencional,Activa,Antioquia,San Roque,6.4875,-75.017,820,5/15/1975,,Monchia,Magdalena Cauca,Medio Magdalena,Río Nare,2002,05,Andes,Preliminar,0.5,0.5,0,12.0916385650635,12.0916385650635,6.47429895401001,5.49146938323975,7.98588800430298,3.05454540252686,6.04363632202148,5,10,0.869565188884735,0.876811623573303,1,1,19,1.05999994277954,0.529999971389771
04,2002-04-06,23080760,9,Definitivo,SAN ROQUE [23080760],Pluviométrica,Convencional,Activa,Antioquia,San Roque,6.4875,-75.017,820,5/15/1975,,Monchia,Magdalena Cauca,Medio Magdalena,Río Nare,2002,06,Andes,Definitivo,9,9,0,5.90635967254639,5.90635967254639,8.49147701263428,4.29997873306274,1.75686073303223,3.05454540252686,6.04363632202148,5,10,0.869565188884735,0.876811623573303,1,1,20,1.05999994277954,9.53999948501587
04,2009-04-04,23080760,,"",SAN ROQUE [23080760],Pluviométrica,Convencional,Activa,Antioquia,San Roque,6.4875,-75.017,820,5/15/1975,,Monchia,Magdalena Cauca,Medio Magdalena,Río Nare,2009,04,Andes,Preliminar,0,0,0,7.30144548416138,7.30144548416138,4.5325870513916,1.65269815921783,0.533044993877411,3.05454540252686,6.04363632202148,5,10,0.869565188884735,0.876811623573303,1,1,19,1.05999994277954,0
04,2009-04-05,23080760,,"",SAN ROQUE [23080760],Pluviométrica,Convencional,Activa,Antioquia,San Roque,6.4875,-75.017,820,5/15/1975,,Monchia,Magdalena Cauca,Medio Magdalena,Río Nare,2009,05,Andes,Preliminar,0,0,0,0.22706638276577,0.22706638276577,0,0.319454520940781,0.156430825591087,3.05454540252686,6.04363632202148,5,10,0.869565188884735,0.876811623573303,1,1,19,1.05999994277954,0
04,2008-04-08,23080760,3,Definitivo,SAN ROQUE [23080760],Pluviométrica,Convencional,Activa,Antioquia,San Roque,6.4875,-75.017,820,5/15/1975,,Monchia,Magdalena Cauca,Medio Magdalena,Río Nare,2008,08,Andes,Definitivo,3,3,0,9.28629684448242,9.28629684448242,15.4635610580444,11.6790637969971,20.0799980163574,3.05454540252686,6.04363632202148,5,10,0.869565188884735,0.876811623573303,1,1,20,1.05999994277954,3.17999982833862
04,2011-04-07,23080760,29,Definitivo,SAN ROQUE [23080760],Pluviométrica,Convencional,Activa,Antioquia,San Roque,6.4875,-75.017,820,5/15/1975,,Monchia,Magdalena Cauca,Medio Magdalena,Río Nare,2011,07,Andes,Definitivo,29,29,0,12.354100227356,12.354100227356,13.1360864639282,13.1446208953857,10.9704542160034,3.05454540252686,6.04363632202148,5,10,0.869565188884735,0.876811623573303,1,1,20,1.05999994277954,30.7399983406067
04,2015-04-08,23080760,0,Definitivo,SAN ROQUE [23080760],Pluviométrica,Convencional,Activa,Antioquia,San Roque,6.4875,-75.017,820,5/15/1975,,Monchia,Magdalena Cauca,Medio Magdalena,Río Nare,2015,08,Andes,Definitivo,0,0,0,16.5464992523193,16.5464992523193,25.9097213745117,86.7391662597656,58.0865058898926,3.05454540252686,6.04363632202148,5,10,0.869565188884735,0.876811623573303,1,1,20,1.05999994277954,0
04,2015-04-09,23080760,16,Definitivo,SAN ROQUE [23080760],Pluviométrica,Convencional,Activa,Antioquia,San Roque,6.4875,-75.017,820,5/15/1975,,Monchia,Magdalena Cauca,Medio Magdalena,Río Nare,2015,09,Andes,Definitivo,16,16,0,5.27968454360962,5.27968454360962,0,8.71733283996582,0.0393314436078072,3.05454540252686,6.04363632202148,5,10,0.869565188884735,0.876811623573303,1,1,20,1.05999994277954,16.9599990844727
04,2014-04-12,23080760,8,Definitivo,SAN ROQUE [23080760],Pluviométrica,Convencional,Activa,Antioquia,San Roque,6.4875,-75.017,820,5/15/1975,,Monchia,Magdalena Cauca,Medio Magdalena,Río Nare,2014,12,Andes,Definitivo,8,8,0,5.59240674972534,5.59240674972534,9.06203556060791,2.85742378234863,3.7702808380127,3.05454540252686,6.04363632202148,5,10,0.869565188884735,0.876811623573303,1,1,21,1.05999994277954,8.47999954223633
04,2012-04-18,23080760,35,Definitivo,SAN ROQUE [23080760],Pluviométrica,Convencional,Activa,Antioquia,San Roque,6.4875,-75.017,820,5/15/1975,,Monchia,Magdalena Cauca,Medio Magdalena,Río Nare,2012,18,Andes,Definitivo,35,35,0,17.8279552459717,17.8279552459717,11.5038356781006,41.0429420471191,10.3020420074463,3.05454540252686,6.04363632202148,5,10,0.869565188884735,0.876811623573303,1,1,22,1.05999994277954,37.0999979972839
04,2012-04-19,23080760,3,Definitivo,SAN ROQUE [23080760],Pluviométrica,Convencional,Activa,Antioquia,San Roque,6.4875,-75.017,820,5/15/1975,,Monchia,Magdalena Cauca,Medio Magdalena,Río Nare,2012,19,Andes,Definitivo,3,3,0,15.0013513565063,15.0013513565063,5.75191783905029,19.8854351043701,16.1354656219482,3.05454540252686,6.04363632202148,5,10,0.869565188884735,0.876811623573303,1,1,22,1.05999994277954,3.17999982833862
04,2014-04-20,23080760,2,Definitivo,SAN ROQUE [23080760],Pluviométrica,Convencional,Activa,Antioquia,San Roque,6.4875,-75.017,820,5/15/1975,,Monchia,Magdalena Cauca,Medio Magdalena,Río Nare,2014,20,Andes,Definitivo,2,2,0,7.39113712310791,7.39113712310791,24.6120357513428,16.4910049438477,41.747745513916,3.05454540252686,6.04363632202148,5,10,0.869565188884735,0.876811623573303,1,1,22,1.05999994277954,2.11999988555908
04,2015-04-24,23080760,0,Definitivo,SAN ROQUE [23080760],Pluviométrica,Convencional,Activa,Antioquia,San Roque,6.4875,-75.017,820,5/15/1975,,Monchia,Magdalena Cauca,Medio Magdalena,Río Nare,2015,24,Andes,Definitivo,0,0,0,2.08651494979858,2.08651494979858,13.9029207229614,0.288125574588776,17.3739318847656,3.05454540252686,6.04363632202148,5,10,0.869565188884735,0.876811623573303,1,1,23,1.05999994277954,0
04,2015-04-25,23080760,4,Definitivo,SAN ROQUE [23080760],Pluviométrica,Convencional,Activa,Antioquia,San Roque,6.4875,-75.017,820,5/15/1975,,Monchia,Magdalena Cauca,Medio Magdalena,Río Nare,2015,25,Andes,Definitivo,4,4,0,1.57699775695801,1.57699775695801,6.95146036148071,12.2130393981934,0.870684802532196,3.05454540252686,6.04363632202148,5,10,0.869565188884735,0.876811623573303,1,1,23,1.05999994277954,4.23999977111816
04,2018-04-23,23080760,0,Definitivo,SAN ROQUE [23080760],Pluviométrica,Convencional,Activa,Antioquia,San Roque,6.4875,-75.017,820,5/15/1975,,Monchia,Magdalena Cauca,Medio Magdalena,Río Nare,2018,23,Andes,Definitivo,0,0,0,7.63069438934326,7.63069438934326,9.79482269287109,2.82476019859314,9.44893264770508,3.05454540252686,6.04363632202148,5,10,0.869565188884735,0.876811623573303,1,1,23,1.05999994277954,0
04,2020-04-23,23080760,0,Definitivo,SAN ROQUE [23080760],Pluviométrica,Convencional,Activa,Antioquia,San Roque,6.4875,-75.017,820,5/15/1975,,Monchia,Magdalena Cauca,Medio Magdalena,Río Nare,2020,23,Andes,Definitivo,0,0,0,8.34478378295898,8.34478378295898,25.5666961669922,9.26745986938477,20.4858932495117,3.05454540252686,6.04363632202148,5,10,0.869565188884735,0.876811623573303,1,1,23,1.05999994277954,0
04,2022-04-20,23080760,75,Definitivo,SAN ROQUE [23080760],Pluviométrica,Convencional,Activa,Antioquia,San Roque,6.4875,-75.017,820,5/15/1975,,Monchia,Magdalena Cauca,Medio Magdalena,Río Nare,2022,20,Andes,Definitivo,75,75,0,12.2643451690674,12.2643451690674,0,19.1050243377686,39.6177291870117,3.05454540252686,6.04363632202148,5,10,0.869565188884735,0.876811623573303,1,1,22,1.05999994277954,79.4999957084656
04,2020-04-21,23080760,9,Definitivo,SAN ROQUE [23080760],Pluviométrica,Convencional,Activa,Antioquia,San Roque,6.4875,-75.017,820,5/15/1975,,Monchia,Magdalena Cauca,Medio Magdalena,Río Nare,2020,21,Andes,Definitivo,9,9,0,9.32608795166016,9.32608795166016,20.4533576965332,26.3770809173584,28.7943058013916,3.05454540252686,6.04363632202148,5,10,0.869565188884735,0.876811623573303,1,1,23,1.05999994277954,9.53999948501587
04,2022-04-18,23080760,13,Definitivo,SAN ROQUE [23080760],Pluviométrica,Convencional,Activa,Antioquia,San Roque,6.4875,-75.017,820,5/15/1975,,Monchia,Magdalena Cauca,Medio Magdalena,Río Nare,2022,18,Andes,Definitivo,13,13,0,4.86722850799561,4.86722850799561,12.316351890564,12.4348592758179,20.9452362060547,3.05454540252686,6.04363632202148,5,10,0.869565188884735,0.876811623573303,1,1,22,1.05999994277954,13.779999256134
04,2021-04-17,23080760,0,Definitivo,SAN ROQUE [23080760],Pluviométrica,Convencional,Activa,Antioquia,San Roque,6.4875,-75.017,820,5/15/1975,,Monchia,Magdalena Cauca,Medio Magdalena,Río Nare,2021,17,Andes,Definitivo,0,0,0,9.38345623016357,9.38345623016357,12.6162080764771,6.67168521881104,6.11785936355591,3.05454540252686,6.04363632202148,5,10,0.869565188884735,0.876811623573303,1,1,22,1.05999994277954,0
04,2020-04-16,23080760,0,Definitivo,SAN ROQUE [23080760],Pluviométrica,Convencional,Activa,Antioquia,San Roque,6.4875,-75.017,820,5/15/1975,,Monchia,Magdalena Cauca,Medio Magdalena,Río Nare,2020,16,Andes,Definitivo,0,0,0,1.86404013633728,1.86404013633728,0,9.27063751220703,0.0296301636844873,3.05454540252686,6.04363632202148,5,10,0.869565188884735,0.876811623573303,1,1,22,1.05999994277954,0
04,2022-04-13,23080760,0,Definitivo,SAN ROQUE [23080760],Pluviométrica,Convencional,Activa,Antioquia,San Roque,6.4875,-75.017,820,5/15/1975,,Monchia,Magdalena Cauca,Medio Magdalena,Río Nare,2022,13,Andes,Definitivo,0,0,0,1.62483942508698,1.62483942508698,24.0624179840088,5.99320840835571,37.6907272338867,3.05454540252686,6.04363632202148,5,10,0.869565188884735,0.876811623573303,1,1,21,1.05999994277954,0
04,2020-04-13,23080760,5,Definitivo,SAN ROQUE [23080760],Pluviométrica,Convencional,Activa,Antioquia,San Roque,6.4875,-75.017,820,5/15/1975,,Monchia,Magdalena Cauca,Medio Magdalena,Río Nare,2020,13,Andes,Definitivo,5,5,0,16.9080104827881,16.9080104827881,4.15950393676758,4.17486381530762,9.71229267120361,3.05454540252686,6.04363632202148,5,10,0.869565188884735,0.876811623573303,1,1,21,1.05999994277954,5.29999971389771
04,2021-04-11,23080760,52,Definitivo,SAN ROQUE [23080760],Pluviométrica,Convencional,Activa,Antioquia,San Roque,6.4875,-75.017,820,5/15/1975,,Monchia,Magdalena Cauca,Medio Magdalena,Río Nare,2021,11,Andes,Definitivo,52,52,0,20.6939544677734,20.6939544677734,12.334192276001,14.9276170730591,5.08265972137451,3.05454540252686,6.04363632202148,5,10,0.869565188884735,0.876811623573303,1,1,21,1.05999994277954,55.1199970245361
04,2021-04-10,23080760,0,Definitivo,SAN ROQUE [23080760],Pluviométrica,Convencional,Activa,Antioquia,San Roque,6.4875,-75.017,820,5/15/1975,,Monchia,Magdalena Cauca,Medio Magdalena,Río Nare,2021,10,Andes,Definitivo,0,0,0,10.1866292953491,10.1866292953491,6.12769222259522,11.2408666610718,11.5106658935547,3.05454540252686,6.04363632202148,5,10,0.869565188884735,0.876811623573303,1,1,20,1.05999994277954,0
04,2021-04-09,23080760,5,Definitivo,SAN ROQUE [23080760],Pluviométrica,Convencional,Activa,Antioquia,San Roque,6.4875,-75.017,820,5/15/1975,,Monchia,Magdalena Cauca,Medio Magdalena,Río Nare,2021,09,Andes,Definitivo,5,5,0,3.72071290016174,3.72071290016174,18.38307762146,19.00661277771,17.6425037384033,3.05454540252686,6.04363632202148,5,10,0.869565188884735,0.876811623573303,1,1,20,1.05999994277954,5.29999971389771
04,2022-04-07,23080760,3,Definitivo,SAN ROQUE [23080760],Pluviométrica,Convencional,Activa,Antioquia,San Roque,6.4875,-75.017,820,5/15/1975,,Monchia,Magdalena Cauca,Medio Magdalena,Río Nare,2022,07,Andes,Definitivo,3,3,0,7.40916633605957,7.40916633605957,33.1180076599121,36.446159362793,63.3658676147461,3.05454540252686,6.04363632202148,5,10,0.869565188884735,0.876811623573303,1,1,20,1.05999994277954,3.17999982833862
04,2022-04-06,23080760,50,Definitivo,SAN ROQUE [23080760],Pluviométrica,Convencional,Activa,Antioquia,San Roque,6.4875,-75.017,820,5/15/1975,,Monchia,Magdalena Cauca,Medio Magdalena,Río Nare,2022,06,Andes,Definitivo,50,50,0,4.86345386505127,4.86345386505127,8.27950191497803,17.4907913208008,0.108209826052189,3.05454540252686,6.04363632202148,5,10,0.869565188884735,0.876811623573303,1,1,20,1.05999994277954,52.9999971389771
04,2022-04-05,23080760,2,Definitivo,SAN ROQUE [23080760],Pluviométrica,Convencional,Activa,Antioquia,San Roque,6.4875,-75.017,820,5/15/1975,,Monchia,Magdalena Cauca,Medio Magdalena,Río Nare,2022,05,Andes,Definitivo,2,2,0,6.56120204925537,6.56120204925537,0,11.8121452331543,1.15405774116516,3.05454540252686,6.04363632202148,5,10,0.869565188884735,0.876811623573303,1,1,19,1.05999994277954,2.11999988555908
04,2023-04-03,23080760,2,Definitivo,SAN ROQUE [23080760],Pluviométrica,Convencional,Activa,Antioquia,San Roque,6.4875,-75.017,820,5/15/1975,,Monchia,Magdalena Cauca,Medio Magdalena,Río Nare,2023,03,Andes,Definitivo,2,2,0,10.4011201858521,10.4011201858521,12.0355262756348,1.06370985507965,9.04902648925781,3.05454540252686,6.04363632202148,5,10,0.869565188884735,0.876811623573303,1,1,19,1.05999994277954,2.11999988555908
04,2023-04-01,23080760,0,Definitivo,SAN ROQUE [23080760],Pluviométrica,Convencional,Activa,Antioquia,San Roque,6.4875,-75.017,820,5/15/1975,,Monchia,Magdalena Cauca,Medio Magdalena,Río Nare,2023,01,Andes,Definitivo,0,0,0,4.70235061645508,4.70235061645508,0,14.3415403366089,4.74324655532837,3.05454540252686,6.04363632202148,5,10,0.869565188884735,0.876811623573303,1,1,19,1.05999994277954,0
04,2007-04-06,23080760,0,Definitivo,SAN ROQUE [23080760],Pluviométrica,Convencional,Activa,Antioquia,San Roque,6.4875,-75.017,820,5/15/1975,,Monchia,Magdalena Cauca,Medio Magdalena,Río Nare,2007,06,Andes,Definitivo,0,0,0,23.1485595703125,23.1485595703125,6.52980136871338,41.94140625,12.2061100006104,3.05454540252686,6.04363632202148,5,10,0.869565188884735,0.876811623573303,1,1,20,1.05999994277954,0
04,2012-04-03,23080760,10,Definitivo,SAN ROQUE [23080760],Pluviométrica,Convencional,Activa,Antioquia,San Roque,6.4875,-75.017,820,5/15/1975,,Monchia,Magdalena Cauca,Medio Magdalena,Río Nare,2012,03,Andes,Definitivo,10,10,0,0.83012729883194,0.83012729883194,24.8233890533447,19.2551670074463,30.2674198150635,3.05454540252686,6.04363632202148,5,10,0.869565188884735,0.876811623573303,1,1,19,1.05999994277954,10.5999994277954
04,2001-04-20,23080760,7,Definitivo,SAN ROQUE [23080760],Pluviométrica,Convencional,Activa,Antioquia,San Roque,6.4875,-75.017,820,5/15/1975,,Monchia,Magdalena Cauca,Medio Magdalena,Río Nare,2001,20,Andes,Definitivo,7,7,0,20.1592254638672,20.1592254638672,0,16.3808879852295,0.692227959632874,3.05454540252686,6.04363632202148,5,10,0.869565188884735,0.876811623573303,1,1,22,1.05999994277954,7.41999959945679
04,2001-04-17,23080760,0,Definitivo,SAN ROQUE [23080760],Pluviométrica,Convencional,Activa,Antioquia,San Roque,6.4875,-75.017,820,5/15/1975,,Monchia,Magdalena Cauca,Medio Magdalena,Río Nare,2001,17,Andes,Definitivo,0,0,0,1.66730439662933,1.66730439662933,5.35787057876587,7.97766447067261,1.01917684078217,3.05454540252686,6.04363632202148,5,10,0.869565188884735,0.876811623573303,1,1,22,1.05999994277954,0
04,2003-04-15,23080760,17,Definitivo,SAN ROQUE [23080760],Pluviométrica,Convencional,Activa,Antioquia,San Roque,6.4875,-75.017,820,5/15/1975,,Monchia,Magdalena Cauca,Medio Magdalena,Río Nare,2003,15,Andes,Definitivo,17,17,0,20.9680919647217,20.9680919647217,63.0144424438477,60.521053314209,87.7750701904297,3.05454540252686,6.04363632202148,5,10,0.869565188884735,0.876811623573303,1,1,21,1.05999994277954,18.0199990272522
04,2001-04-13,23080760,,"",SAN ROQUE [23080760],Pluviométrica,Convencional,Activa,Antioquia,San Roque,6.4875,-75.017,820,5/15/1975,,Monchia,Magdalena Cauca,Medio Magdalena,Río Nare,2001,13,Andes,Preliminar,0,0,0,14.2801818847656,14.2801818847656,29.0768604278565,23.6912059783936,54.0124816894531,3.05454540252686,6.04363632202148,5,10,0.869565188884735,0.876811623573303,1,1,21,1.05999994277954,0
04,2001-04-10,23080760,0,Definitivo,SAN ROQUE [23080760],Pluviométrica,Convencional,Activa,Antioquia,San Roque,6.4875,-75.017,820,5/15/1975,,Monchia,Magdalena Cauca,Medio Magdalena,Río Nare,2001,10,Andes,Definitivo,0,0,0,4.90880823135376,4.90880823135376,21.6936950683594,17.202600479126,14.2562198638916,3.05454540252686,6.04363632202148,5,10,0.869565188884735,0.876811623573303,1,1,20,1.05999994277954,0
04,2003-04-07,23080760,16,Definitivo,SAN ROQUE [23080760],Pluviométrica,Convencional,Activa,Antioquia,San Roque,6.4875,-75.017,820,5/15/1975,,Monchia,Magdalena Cauca,Medio Magdalena,Río Nare,2003,07,Andes,Definitivo,16,16,0,2.22314047813416,2.22314047813416,0,0.990089297294617,0.190530702471733,3.05454540252686,6.04363632202148,5,10,0.869565188884735,0.876811623573303,1,1,20,1.05999994277954,16.9599990844727
04,2001-04-05,23080760,,"",SAN ROQUE [23080760],Pluviométrica,Convencional,Activa,Antioquia,San Roque,6.4875,-75.017,820,5/15/1975,,Monchia,Magdalena Cauca,Medio Magdalena,Río Nare,2001,05,Andes,Preliminar,0,0,0,5.04150867462158,5.04150867462158,0,2.27787566184998,0.193854615092278,3.05454540252686,6.04363632202148,5,10,0.869565188884735,0.876811623573303,1,1,19,1.05999994277954,0
04,2003-04-02,23080760,11,Definitivo,SAN ROQUE [23080760],Pluviométrica,Convencional,Activa,Antioquia,San Roque,6.4875,-75.017,820,5/15/1975,,Monchia,Magdalena Cauca,Medio Magdalena,Río Nare,2003,02,Andes,Definitivo,11,11,0,1.06507003307343,1.06507003307343,0,4.71156167984009,0.245878964662552,3.05454540252686,6.04363632202148,5,10,0.869565188884735,0.876811623573303,1,1,19,1.05999994277954,11.659999370575
04,2003-04-03,23080760,50,Definitivo,SAN ROQUE [23080760],Pluviométrica,Convencional,Activa,Antioquia,San Roque,6.4875,-75.017,820,5/15/1975,,Monchia,Magdalena Cauca,Medio Magdalena,Río Nare,2003,03,Andes,Definitivo,50,50,0,0,0,0,0.918841600418091,0.0344003476202488,3.05454540252686,6.04363632202148,5,10,0.869565188884735,0.876811623573303,1,1,19,1.05999994277954,52.9999971389771
04,2005-04-04,23080760,12,Definitivo,SAN ROQUE [23080760],Pluviométrica,Convencional,Activa,Antioquia,San Roque,6.4875,-75.017,820,5/15/1975,,Monchia,Magdalena Cauca,Medio Magdalena,Río Nare,2005,04,Andes,Definitivo,12,12,0,1.60958516597748,1.60958516597748,0,0.599661648273468,0.860902786254883,3.05454540252686,6.04363632202148,5,10,0.869565188884735,0.876811623573303,1,1,19,1.05999994277954,12.7199993133545
04,2007-04-05,23080760,7,Definitivo,SAN ROQUE [23080760],Pluviométrica,Convencional,Activa,Antioquia,San Roque,6.4875,-75.017,820,5/15/1975,,Monchia,Magdalena Cauca,Medio Magdalena,Río Nare,2007,05,Andes,Definitivo,7,7,0,14.6852607727051,14.6852607727051,5.79264879226685,44.0182075500488,6.00305080413818,3.05454540252686,6.04363632202148,5,10,0.869565188884735,0.876811623573303,1,1,19,1.05999994277954,7.41999959945679
04,2020-04-20,23080760,20,Definitivo,SAN ROQUE [23080760],Pluviométrica,Convencional,Activa,Antioquia,San Roque,6.4875,-75.017,820,5/15/1975,,Monchia,Magdalena Cauca,Medio Magdalena,Río Nare,2020,20,Andes,Definitivo,20,20,0,4.38249063491821,4.38249063491821,0,4.67220735549927,1.48384869098663,3.05454540252686,6.04363632202148,5,10,0.869565188884735,0.876811623573303,1,1,22,1.05999994277954,21.1999988555908
04,2018-04-22,23080760,15,Definitivo,SAN ROQUE [23080760],Pluviométrica,Convencional,Activa,Antioquia,San Roque,6.4875,-75.017,820,5/15/1975,,Monchia,Magdalena Cauca,Medio Magdalena,Río Nare,2018,22,Andes,Definitivo,15,15,0,8.61738872528076,8.61738872528076,19.5896453857422,6.53286552429199,2.63369464874268,3.05454540252686,6.04363632202148,5,10,0.869565188884735,0.876811623573303,1,1,23,1.05999994277954,15.8999991416931
04,2013-04-07,23080760,0,Definitivo,SAN ROQUE [23080760],Pluviométrica,Convencional,Activa,Antioquia,San Roque,6.4875,-75.017,820,5/15/1975,,Monchia,Magdalena Cauca,Medio Magdalena,Río Nare,2013,07,Andes,Definitivo,0,0,0,4.53401947021484,4.53401947021484,0,11.6396369934082,3.82135725021362,3.05454540252686,6.04363632202148,5,10,0.869565188884735,0.876811623573303,1,1,20,1.05999994277954,0
04,2013-04-08,23080760,47,Definitivo,SAN ROQUE [23080760],Pluviométrica,Convencional,Activa,Antioquia,San Roque,6.4875,-75.017,820,5/15/1975,,Monchia,Magdalena Cauca,Medio Magdalena,Río Nare,2013,08,Andes,Definitivo,47,47,0,6.6252908706665,6.6252908706665,8.40631484985352,11.8095149993896,0.397363752126694,3.05454540252686,6.04363632202148,5,10,0.869565188884735,0.876811623573303,1,1,20,1.05999994277954,49.8199973106384
04,2016-04-06,23080760,,"",SAN ROQUE [23080760],Pluviométrica,Convencional,Activa,Antioquia,San Roque,6.4875,-75.017,820,5/15/1975,,Monchia,Magdalena Cauca,Medio Magdalena,Río Nare,2016,06,Andes,Preliminar,0,0,0,14.3587999343872,14.3587999343872,16.4052238464355,25.9941253662109,7.6690263748169,3.05454540252686,6.04363632202148,5,10,0.869565188884735,0.876811623573303,1,1,20,1.05999994277954,0
04,2014-04-13,23080760,0,Definitivo,SAN ROQUE [23080760],Pluviométrica,Convencional,Activa,Antioquia,San Roque,6.4875,-75.017,820,5/15/1975,,Monchia,Magdalena Cauca,Medio Magdalena,Río Nare,2014,13,Andes,Definitivo,0,0,0,7.12254190444946,7.12254190444946,0,2.52939248085022,1.62628388404846,3.05454540252686,6.04363632202148,5,10,0.869565188884735,0.876811623573303,1,1,21,1.05999994277954,0
04,2013-04-16,23080760,10,Definitivo,SAN ROQUE [23080760],Pluviométrica,Convencional,Activa,Antioquia,San Roque,6.4875,-75.017,820,5/15/1975,,Monchia,Magdalena Cauca,Medio Magdalena,Río Nare,2013,16,Andes,Definitivo,10,10,0,12.0642051696777,12.0642051696777,10.7630434036255,6.66895294189453,2.26265335083008,3.05454540252686,6.04363632202148,5,10,0.869565188884735,0.876811623573303,1,1,22,1.05999994277954,10.5999994277954
04,2013-04-17,23080760,,"",SAN ROQUE [23080760],Pluviométrica,Convencional,Activa,Antioquia,San Roque,6.4875,-75.017,820,5/15/1975,,Monchia,Magdalena Cauca,Medio Magdalena,Río Nare,2013,17,Andes,Preliminar,0,0,0,25.4748058319092,25.4748058319092,26.9076099395752,11.1668300628662,28.6953601837158,3.05454540252686,6.04363632202148,5,10,0.869565188884735,0.876811623573303,1,1,22,1.05999994277954,0
04,2014-04-21,23080760,3,Definitivo,SAN ROQUE [23080760],Pluviométrica,Convencional,Activa,Antioquia,San Roque,6.4875,-75.017,820,5/15/1975,,Monchia,Magdalena Cauca,Medio Magdalena,Río Nare,2014,21,Andes,Definitivo,3,3,0,2.27449703216553,2.27449703216553,22.1446876525879,10.914981842041,5.24202060699463,3.05454540252686,6.04363632202148,5,10,0.869565188884735,0.876811623573303,1,1,23,1.05999994277954,3.17999982833862
04,2016-04-21,23080760,5,Definitivo,SAN ROQUE [23080760],Pluviométrica,Convencional,Activa,Antioquia,San Roque,6.4875,-75.017,820,5/15/1975,,Monchia,Magdalena Cauca,Medio Magdalena,Río Nare,2016,21,Andes,Definitivo,5,5,0,1.43995976448059,1.43995976448059,6.00061321258545,6.34975290298462,29.8398857116699,3.05454540252686,6.04363632202148,5,10,0.869565188884735,0.876811623573303,1,1,23,1.05999994277954,5.29999971389771
04,2019-04-20,23080760,40,Definitivo,SAN ROQUE [23080760],Pluviométrica,Convencional,Activa,Antioquia,San Roque,6.4875,-75.017,820,5/15/1975,,Monchia,Magdalena Cauca,Medio Magdalena,Río Nare,2019,20,Andes,Definitivo,40,40,0,9.70025062561035,9.70025062561035,32.8971519470215,16.129056930542,27.7001857757568,3.05454540252686,6.04363632202148,5,10,0.869565188884735,0.876811623573303,1,1,22,1.05999994277954,42.3999977111816
04,2019-04-21,23080760,50,Definitivo,SAN ROQUE [23080760],Pluviométrica,Convencional,Activa,Antioquia,San Roque,6.4875,-75.017,820,5/15/1975,,Monchia,Magdalena Cauca,Medio Magdalena,Río Nare,2019,21,Andes,Definitivo,50,50,0,10.109447479248,10.109447479248,28.9015350341797,19.7459106445313,48.9874076843262,3.05454540252686,6.04363632202148,5,10,0.869565188884735,0.876811623573303,1,1,23,1.05999994277954,52.9999971389771
04,2018-04-24,23080760,34,Definitivo,SAN ROQUE [23080760],Pluviométrica,Convencional,Activa,Antioquia,San Roque,6.4875,-75.017,820,5/15/1975,,Monchia,Magdalena Cauca,Medio Magdalena,Río Nare,2018,24,Andes,Definitivo,34,34,0,0,0,9.79482269287109,41.2264671325684,1.32250583171844,3.05454540252686,6.04363632202148,5,10,0.869565188884735,0.876811623573303,1,1,23,1.05999994277954,36.0399980545044
04,2006-04-02,23080760,0,Definitivo,SAN ROQUE [23080760],Pluviométrica,Convencional,Activa,Antioquia,San Roque,6.4875,-75.017,820,5/15/1975,,Monchia,Magdalena Cauca,Medio Magdalena,Río Nare,2006,02,Andes,Definitivo,0,0,0,8.19704818725586,8.19704818725586,19.3095302581787,7.43008089065552,2.1598653793335,3.05454540252686,6.04363632202148,5,10,0.869565188884735,0.876811623573303,1,1,19,1.05999994277954,0
04,2005-04-05,23080760,0.2,Definitivo,SAN ROQUE [23080760],Pluviométrica,Convencional,Activa,Antioquia,San Roque,6.4875,-75.017,820,5/15/1975,,Monchia,Magdalena Cauca,Medio Magdalena,Río Nare,2005,05,Andes,Definitivo,0.2,0.2,0,0.367287904024124,0.367287904024124,8.29610347747803,8.75712394714356,6.99892616271973,3.05454540252686,6.04363632202148,5,10,0.869565188884735,0.876811623573303,1,1,19,1.05999994277954,0.211999988555908
04,2020-04-18,23080760,83,Definitivo,SAN ROQUE [23080760],Pluviométrica,Convencional,Activa,Antioquia,San Roque,6.4875,-75.017,820,5/15/1975,,Monchia,Magdalena Cauca,Medio Magdalena,Río Nare,2020,18,Andes,Definitivo,83,83,0,8.55675601959229,8.55675601959229,26.8919544219971,5.80466175079346,31.8865623474121,3.05454540252686,6.04363632202148,5,10,0.869565188884735,0.876811623573303,1,1,22,1.05999994277954,87.9799952507019
04,2022-04-15,23080760,3,Definitivo,SAN ROQUE [23080760],Pluviométrica,Convencional,Activa,Antioquia,San Roque,6.4875,-75.017,820,5/15/1975,,Monchia,Magdalena Cauca,Medio Magdalena,Río Nare,2022,15,Andes,Definitivo,3,3,0,9.18614768981934,9.18614768981934,8.02080535888672,18.4679584503174,28.5898952484131,3.05454540252686,6.04363632202148,5,10,0.869565188884735,0.876811623573303,1,1,21,1.05999994277954,3.17999982833862
04,2021-04-14,23080760,0,Definitivo,SAN ROQUE [23080760],Pluviométrica,Convencional,Activa,Antioquia,San Roque,6.4875,-75.017,820,5/15/1975,,Monchia,Magdalena Cauca,Medio Magdalena,Río Nare,2021,14,Andes,Definitivo,0,0,0,3.3605649471283,3.3605649471283,12.334192276001,40.1561050415039,1.25215029716492,3.05454540252686,6.04363632202148,5,10,0.869565188884735,0.876811623573303,1,1,21,1.05999994277954,0
04,2022-04-12,23080760,38,Definitivo,SAN ROQUE [23080760],Pluviométrica,Convencional,Activa,Antioquia,San Roque,6.4875,-75.017,820,5/15/1975,,Monchia,Magdalena Cauca,Medio Magdalena,Río Nare,2022,12,Andes,Definitivo,38,38,0,19.3388824462891,19.3388824462891,16.0416107177734,6.70475769042969,16.5153636932373,3.05454540252686,6.04363632202148,5,10,0.869565188884735,0.876811623573303,1,1,21,1.05999994277954,40.2799978256226
04,2020-04-12,23080760,2,Definitivo,SAN ROQUE [23080760],Pluviométrica,Convencional,Activa,Antioquia,San Roque,6.4875,-75.017,820,5/15/1975,,Monchia,Magdalena Cauca,Medio Magdalena,Río Nare,2020,12,Andes,Definitivo,2,2,0,20.8817081451416,20.8817081451416,16.6380157470703,10.0669631958008,19.1675987243652,3.05454540252686,6.04363632202148,5,10,0.869565188884735,0.876811623573303,1,1,21,1.05999994277954,2.11999988555908
04,2020-04-11,23080760,9,Definitivo,SAN ROQUE [23080760],Pluviométrica,Convencional,Activa,Antioquia,San Roque,6.4875,-75.017,820,5/15/1975,,Monchia,Magdalena Cauca,Medio Magdalena,Río Nare,2020,11,Andes,Definitivo,9,9,0,2.24153280258179,2.24153280258179,16.6380157470703,9.69662475585938,13.4581775665283,3.05454540252686,6.04363632202148,5,10,0.869565188884735,0.876811623573303,1,1,21,1.05999994277954,9.53999948501587
04,2020-04-10,23080760,75,Definitivo,SAN ROQUE [23080760],Pluviométrica,Convencional,Activa,Antioquia,San Roque,6.4875,-75.017,820,5/15/1975,,Monchia,Magdalena Cauca,Medio Magdalena,Río Nare,2020,10,Andes,Definitivo,75,75,0,6.68818426132202,6.68818426132202,7.31291341781616,30.1816539764404,5.03117275238037,3.05454540252686,6.04363632202148,5,10,0.869565188884735,0.876811623573303,1,1,20,1.05999994277954,79.4999957084656
04,2021-04-08,23080760,13,Definitivo,SAN ROQUE [23080760],Pluviométrica,Convencional,Activa,Antioquia,San Roque,6.4875,-75.017,820,5/15/1975,,Monchia,Magdalena Cauca,Medio Magdalena,Río Nare,2021,08,Andes,Definitivo,13,13,0,13.5969333648682,13.5969333648682,6.12769222259522,9.15639972686768,0.0625214725732803,3.05454540252686,6.04363632202148,5,10,0.869565188884735,0.876811623573303,1,1,20,1.05999994277954,13.779999256134
04,2021-04-07,23080760,2,Definitivo,SAN ROQUE [23080760],Pluviométrica,Convencional,Activa,Antioquia,San Roque,6.4875,-75.017,820,5/15/1975,,Monchia,Magdalena Cauca,Medio Magdalena,Río Nare,2021,07,Andes,Definitivo,2,2,0,6.50206470489502,6.50206470489502,6.12769222259522,6.7397141456604,7.57053184509277,3.05454540252686,6.04363632202148,5,10,0.869565188884735,0.876811623573303,1,1,20,1.05999994277954,2.11999988555908
04,2022-04-04,23080760,4,Definitivo,SAN ROQUE [23080760],Pluviométrica,Convencional,Activa,Antioquia,San Roque,6.4875,-75.017,820,5/15/1975,,Monchia,Magdalena Cauca,Medio Magdalena,Río Nare,2022,04,Andes,Definitivo,4,4,0,6.54035091400147,6.54035091400147,14.5815982818604,18.0442428588867,14.3696136474609,3.05454540252686,6.04363632202148,5,10,0.869565188884735,0.876811623573303,1,1,19,1.05999994277954,4.23999977111816
04,2023-04-02,23080760,15,Definitivo,SAN ROQUE [23080760],Pluviométrica,Convencional,Activa,Antioquia,San Roque,6.4875,-75.017,820,5/15/1975,,Monchia,Magdalena Cauca,Medio Magdalena,Río Nare,2023,02,Andes,Definitivo,15,15,0,4.36354160308838,4.36354160308838,12.0355262756348,6.37236547470093,5.87049293518066,3.05454540252686,6.04363632202148,5,10,0.869565188884735,0.876811623573303,1,1,19,1.05999994277954,15.8999991416931
04,2017-04-21,23080760,0,Definitivo,SAN ROQUE [23080760],Pluviométrica,Convencional,Activa,Antioquia,San Roque,6.4875,-75.017,820,5/15/1975,,Monchia,Magdalena Cauca,Medio Magdalena,Río Nare,2017,21,Andes,Definitivo,0,0,0,19.1259269714355,19.1259269714355,16.1773929595947,18.1049900054932,4.32605218887329,3.05454540252686,6.04363632202148,5,10,0.869565188884735,0.876811623573303,1,1,23,1.05999994277954,0
04,2019-04-22,23080760,1,Definitivo,SAN ROQUE [23080760],Pluviométrica,Convencional,Activa,Antioquia,San Roque,6.4875,-75.017,820,5/15/1975,,Monchia,Magdalena Cauca,Medio Magdalena,Río Nare,2019,22,Andes,Definitivo,1,1,0,18.255838394165,18.255838394165,52.1909599304199,64.7618942260742,51.3717460632324,3.05454540252686,6.04363632202148,5,10,0.869565188884735,0.876811623573303,1,1,23,1.05999994277954,1.05999994277954
04,2008-04-03,23080760,21,Definitivo,SAN ROQUE [23080760],Pluviométrica,Convencional,Activa,Antioquia,San Roque,6.4875,-75.017,820,5/15/1975,,Monchia,Magdalena Cauca,Medio Magdalena,Río Nare,2008,03,Andes,Definitivo,21,21,0,3.76479601860046,3.76479601860046,0,10.9165802001953,1.89073860645294,3.05454540252686,6.04363632202148,5,10,0.869565188884735,0.876811623573303,1,1,19,1.05999994277954,22.2599987983704
04,2012-04-04,23080760,0,Definitivo,SAN ROQUE [23080760],Pluviométrica,Convencional,Activa,Antioquia,San Roque,6.4875,-75.017,820,5/15/1975,,Monchia,Magdalena Cauca,Medio Magdalena,Río Nare,2012,04,Andes,Definitivo,0,0,0,1.86469697952271,1.86469697952271,8.27446174621582,46.8017387390137,16.0235939025879,3.05454540252686,6.04363632202148,5,10,0.869565188884735,0.876811623573303,1,1,19,1.05999994277954,0
04,2011-04-08,23080760,5,Definitivo,SAN ROQUE [23080760],Pluviométrica,Convencional,Activa,Antioquia,San Roque,6.4875,-75.017,820,5/15/1975,,Monchia,Magdalena Cauca,Medio Magdalena,Río Nare,2011,08,Andes,Definitivo,5,5,0,49.0465774536133,49.0465774536133,13.1360864639282,15.2573843002319,21.4415225982666,3.05454540252686,6.04363632202148,5,10,0.869565188884735,0.876811623573303,1,1,20,1.05999994277954,5.29999971389771
04,2011-04-09,23080760,4,Definitivo,SAN ROQUE [23080760],Pluviométrica,Convencional,Activa,Antioquia,San Roque,6.4875,-75.017,820,5/15/1975,,Monchia,Magdalena Cauca,Medio Magdalena,Río Nare,2011,09,Andes,Definitivo,4,4,0,5.58378601074219,5.58378601074219,13.1360864639282,11.8265705108643,15.5321159362793,3.05454540252686,6.04363632202148,5,10,0.869565188884735,0.876811623573303,1,1,20,1.05999994277954,4.23999977111816
04,2003-04-12,23080760,20,Definitivo,SAN ROQUE [23080760],Pluviométrica,Convencional,Activa,Antioquia,San Roque,6.4875,-75.017,820,5/15/1975,,Monchia,Magdalena Cauca,Medio Magdalena,Río Nare,2003,12,Andes,Definitivo,20,20,0,12.5904293060303,12.5904293060303,33.0825843811035,47.281608581543,15.0696477890015,3.05454540252686,6.04363632202148,5,10,0.869565188884735,0.876811623573303,1,1,21,1.05999994277954,21.1999988555908
04,2001-04-12,23080760,16,Definitivo,SAN ROQUE [23080760],Pluviométrica,Convencional,Activa,Antioquia,San Roque,6.4875,-75.017,820,5/15/1975,,Monchia,Magdalena Cauca,Medio Magdalena,Río Nare,2001,12,Andes,Definitivo,16,16,0,16.3266086578369,16.3266086578369,29.0768604278565,29.9990253448486,6.49554061889648,3.05454540252686,6.04363632202148,5,10,0.869565188884735,0.876811623573303,1,1,21,1.05999994277954,16.9599990844727
04,2001-04-09,23080760,31,Definitivo,SAN ROQUE [23080760],Pluviométrica,Convencional,Activa,Antioquia,San Roque,6.4875,-75.017,820,5/15/1975,,Monchia,Magdalena Cauca,Medio Magdalena,Río Nare,2001,09,Andes,Definitivo,31,31,0,10.9105930328369,10.9105930328369,7.23123168945313,10.8896102905273,37.6365776062012,3.05454540252686,6.04363632202148,5,10,0.869565188884735,0.876811623573303,1,1,20,1.05999994277954,32.8599982261658
04,2001-04-07,23080760,,"",SAN ROQUE [23080760],Pluviométrica,Convencional,Activa,Antioquia,San Roque,6.4875,-75.017,820,5/15/1975,,Monchia,Magdalena Cauca,Medio Magdalena,Río Nare,2001,07,Andes,Preliminar,0,0,0,6.16796875,6.16796875,7.23123168945313,15.5212078094482,4.74298858642578,3.05454540252686,6.04363632202148,5,10,0.869565188884735,0.876811623573303,1,1,20,1.05999994277954,0
04,2001-04-04,23080760,,"",SAN ROQUE [23080760],Pluviométrica,Convencional,Activa,Antioquia,San Roque,6.4875,-75.017,820,5/15/1975,,Monchia,Magdalena Cauca,Medio Magdalena,Río Nare,2001,04,Andes,Preliminar,0,0,0,0.47331377863884,0.47331377863884,0,1.13384902477264,0.00454055145382881,3.05454540252686,6.04363632202148,5,10,0.869565188884735,0.876811623573303,1,1,19,1.05999994277954,0
04,2001-04-02,23080760,,"",SAN ROQUE [23080760],Pluviométrica,Convencional,Activa,Antioquia,San Roque,6.4875,-75.017,820,5/15/1975,,Monchia,Magdalena Cauca,Medio Magdalena,Río Nare,2001,02,Andes,Preliminar,0,0,0,3.49965357780457,3.49965357780457,0,1.88954758644104,0.0866996720433235,3.05454540252686,6.04363632202148,5,10,0.869565188884735,0.876811623573303,1,1,19,1.05999994277954,0
04,2006-04-01,23080760,,"",SAN ROQUE [23080760],Pluviométrica,Convencional,Activa,Antioquia,San Roque,6.4875,-75.017,820,5/15/1975,,Monchia,Magdalena Cauca,Medio Magdalena,Río Nare,2006,01,Andes,Preliminar,0,0,0,5.34326076507568,5.34326076507568,0,6.15873241424561,0.0671524405479431,3.05454540252686,6.04363632202148,5,10,0.869565188884735,0.876811623573303,1,1,19,1.05999994277954,0
04,2022-04-03,23080760,3,Definitivo,SAN ROQUE [23080760],Pluviométrica,Convencional,Activa,Antioquia,San Roque,6.4875,-75.017,820,5/15/1975,,Monchia,Magdalena Cauca,Medio Magdalena,Río Nare,2022,03,Andes,Definitivo,3,3,0,6.74286413192749,6.74286413192749,14.5815982818604,6.71377277374268,3.78545594215393,3.05454540252686,6.04363632202148,5,10,0.869565188884735,0.876811623573303,1,1,19,1.05999994277954,3.17999982833862
04,2004-04-01,23080760,2,Definitivo,SAN ROQUE [23080760],Pluviométrica,Convencional,Activa,Antioquia,San Roque,6.4875,-75.017,820,5/15/1975,,Monchia,Magdalena Cauca,Medio Magdalena,Río Nare,2004,01,Andes,Definitivo,2,2,0,4.69121217727661,4.69121217727661,10.4390306472778,8.79019165039063,1.77289438247681,3.05454540252686,6.04363632202148,5,10,0.869565188884735,0.876811623573303,1,1,19,1.05999994277954,2.11999988555908
04,2018-04-21,23080760,0,Definitivo,SAN ROQUE [23080760],Pluviométrica,Convencional,Activa,Antioquia,San Roque,6.4875,-75.017,820,5/15/1975,,Monchia,Magdalena Cauca,Medio Magdalena,Río Nare,2018,21,Andes,Definitivo,0,0,0,3.68410277366638,3.68410277366638,0,3.55356335639954,0.26003023982048,3.05454540252686,6.04363632202148,5,10,0.869565188884735,0.876811623573303,1,1,23,1.05999994277954,0
04,2022-04-17,23080760,0,Definitivo,SAN ROQUE [23080760],Pluviométrica,Convencional,Activa,Antioquia,San Roque,6.4875,-75.017,820,5/15/1975,,Monchia,Magdalena Cauca,Medio Magdalena,Río Nare,2022,17,Andes,Definitivo,0,0,0,12.3023557662964,12.3023557662964,12.316351890564,19.5985469818115,19.5360717773438,3.05454540252686,6.04363632202148,5,10,0.869565188884735,0.876811623573303,1,1,22,1.05999994277954,0
04,2018-04-19,23080760,0,Definitivo,SAN ROQUE [23080760],Pluviométrica,Convencional,Activa,Antioquia,San Roque,6.4875,-75.017,820,5/15/1975,,Monchia,Magdalena Cauca,Medio Magdalena,Río Nare,2018,19,Andes,Definitivo,0,0,0,16.194450378418,16.194450378418,7.00468635559082,19.4909629821777,23.7986507415772,3.05454540252686,6.04363632202148,5,10,0.869565188884735,0.876811623573303,1,1,22,1.05999994277954,0
04,2020-04-15,23080760,0,Definitivo,SAN ROQUE [23080760],Pluviométrica,Convencional,Activa,Antioquia,San Roque,6.4875,-75.017,820,5/15/1975,,Monchia,Magdalena Cauca,Medio Magdalena,Río Nare,2020,15,Andes,Definitivo,0,0,0,9.23020648956299,9.23020648956299,0,8.27561855316162,0.829328715801239,3.05454540252686,6.04363632202148,5,10,0.869565188884735,0.876811623573303,1,1,21,1.05999994277954,0
04,2015-04-10,23080760,55,Definitivo,SAN ROQUE [23080760],Pluviométrica,Convencional,Activa,Antioquia,San Roque,6.4875,-75.017,820,5/15/1975,,Monchia,Magdalena Cauca,Medio Magdalena,Río Nare,2015,10,Andes,Definitivo,55,55,0,5.02623844146729,5.02623844146729,5.18194341659546,19.1842098236084,40.8438110351563,3.05454540252686,6.04363632202148,5,10,0.869565188884735,0.876811623573303,1,1,20,1.05999994277954,58.2999968528748
04,2015-04-11,23080760,3,Definitivo,SAN ROQUE [23080760],Pluviométrica,Convencional,Activa,Antioquia,San Roque,6.4875,-75.017,820,5/15/1975,,Monchia,Magdalena Cauca,Medio Magdalena,Río Nare,2015,11,Andes,Definitivo,3,3,0,11.6124172210693,11.6124172210693,19.2879161834717,5.04052543640137,55.3956069946289,3.05454540252686,6.04363632202148,5,10,0.869565188884735,0.876811623573303,1,1,21,1.05999994277954,3.17999982833862
04,2014-04-14,23080760,0,Definitivo,SAN ROQUE [23080760],Pluviométrica,Convencional,Activa,Antioquia,San Roque,6.4875,-75.017,820,5/15/1975,,Monchia,Magdalena Cauca,Medio Magdalena,Río Nare,2014,14,Andes,Definitivo,0,0,0,3.58495378494263,3.58495378494263,9.06203556060791,16.9914722442627,8.19159603118897,3.05454540252686,6.04363632202148,5,10,0.869565188884735,0.876811623573303,1,1,21,1.05999994277954,0
04,2012-04-20,23080760,4,Definitivo,SAN ROQUE [23080760],Pluviométrica,Convencional,Activa,Antioquia,San Roque,6.4875,-75.017,820,5/15/1975,,Monchia,Magdalena Cauca,Medio Magdalena,Río Nare,2012,20,Andes,Definitivo,4,4,0,11.5354166030884,11.5354166030884,11.5038356781006,16.3589458465576,6.27089881896973,3.05454540252686,6.04363632202148,5,10,0.869565188884735,0.876811623573303,1,1,22,1.05999994277954,4.23999977111816
04,2012-04-21,23080760,14,Definitivo,SAN ROQUE [23080760],Pluviométrica,Convencional,Activa,Antioquia,San Roque,6.4875,-75.017,820,5/15/1975,,Monchia,Magdalena Cauca,Medio Magdalena,Río Nare,2012,21,Andes,Definitivo,14,14,0,12.6181364059448,12.6181364059448,26.2523136138916,27.212287902832,0.761875808238983,3.05454540252686,6.04363632202148,5,10,0.869565188884735,0.876811623573303,1,1,23,1.05999994277954,14.8399991989136
04,2014-04-22,23080760,0,Definitivo,SAN ROQUE [23080760],Pluviométrica,Convencional,Activa,Antioquia,San Roque,6.4875,-75.017,820,5/15/1975,,Monchia,Magdalena Cauca,Medio Magdalena,Río Nare,2014,22,Andes,Definitivo,0,0,0,26.6785278320313,26.6785278320313,22.1446876525879,40.6382522583008,19.5140228271484,3.05454540252686,6.04363632202148,5,10,0.869565188884735,0.876811623573303,1,1,23,1.05999994277954,0
04,2017-04-20,23080760,24,Definitivo,SAN ROQUE [23080760],Pluviométrica,Convencional,Activa,Antioquia,San Roque,6.4875,-75.017,820,5/15/1975,,Monchia,Magdalena Cauca,Medio Magdalena,Río Nare,2017,20,Andes,Definitivo,24,24,0,31.1883087158203,31.1883087158203,17.5001850128174,58.4673271179199,8.21784210205078,3.05454540252686,6.04363632202148,5,10,0.869565188884735,0.876811623573303,1,1,22,1.05999994277954,25.439998626709
04,2001-04-03,23080760,0,Definitivo,SAN ROQUE [23080760],Pluviométrica,Convencional,Activa,Antioquia,San Roque,6.4875,-75.017,820,5/15/1975,,Monchia,Magdalena Cauca,Medio Magdalena,Río Nare,2001,03,Andes,Definitivo,0,0,0,2.20879745483398,2.20879745483398,0,0.759052455425263,0.0201058629900217,3.05454540252686,6.04363632202148,5,10,0.869565188884735,0.876811623573303,1,1,19,1.05999994277954,0
04,2015-04-21,23080760,0,Definitivo,SAN ROQUE [23080760],Pluviométrica,Convencional,Activa,Antioquia,San Roque,6.4875,-75.017,820,5/15/1975,,Monchia,Magdalena Cauca,Medio Magdalena,Río Nare,2015,21,Andes,Definitivo,0,0,0,39.1048431396484,39.1048431396484,27.8058414459229,34.4748229980469,27.8496112823486,3.05454540252686,6.04363632202148,5,10,0.869565188884735,0.876811623573303,1,1,23,1.05999994277954,0
04,2004-04-02,23080760,21,Definitivo,SAN ROQUE [23080760],Pluviométrica,Convencional,Activa,Antioquia,San Roque,6.4875,-75.017,820,5/15/1975,,Monchia,Magdalena Cauca,Medio Magdalena,Río Nare,2004,02,Andes,Definitivo,21,21,0,4.18405389785767,4.18405389785767,5.21951532363892,6.5760087966919,9.57445621490479,3.05454540252686,6.04363632202148,5,10,0.869565188884735,0.876811623573303,1,1,19,1.05999994277954,22.2599987983704
04,2006-04-03,23080760,,"",SAN ROQUE [23080760],Pluviométrica,Convencional,Activa,Antioquia,San Roque,6.4875,-75.017,820,5/15/1975,,Monchia,Magdalena Cauca,Medio Magdalena,Río Nare,2006,03,Andes,Preliminar,0,0,0,10.6561632156372,10.6561632156372,0,10.4303379058838,1.64573919773102,3.05454540252686,6.04363632202148,5,10,0.869565188884735,0.876811623573303,1,1,19,1.05999994277954,0
04,2010-04-04,23080760,11,Definitivo,SAN ROQUE [23080760],Pluviométrica,Convencional,Activa,Antioquia,San Roque,6.4875,-75.017,820,5/15/1975,,Monchia,Magdalena Cauca,Medio Magdalena,Río Nare,2010,04,Andes,Definitivo,11,11,0,3.31836438179016,3.31836438179016,11.3835639953613,9.40743255615234,1.3957827091217,3.05454540252686,6.04363632202148,5,10,0.869565188884735,0.876811623573303,1,1,19,1.05999994277954,11.659999370575
04,2010-04-05,23080760,3,Definitivo,SAN ROQUE [23080760],Pluviométrica,Convencional,Activa,Antioquia,San Roque,6.4875,-75.017,820,5/15/1975,,Monchia,Magdalena Cauca,Medio Magdalena,Río Nare,2010,05,Andes,Definitivo,3,3,0,12.9373121261597,12.9373121261597,5.69178199768066,14.6841163635254,15.9403944015503,3.05454540252686,6.04363632202148,5,10,0.869565188884735,0.876811623573303,1,1,19,1.05999994277954,3.17999982833862
04,2018-04-16,23080760,4,Definitivo,SAN ROQUE [23080760],Pluviométrica,Convencional,Activa,Antioquia,San Roque,6.4875,-75.017,820,5/15/1975,,Monchia,Magdalena Cauca,Medio Magdalena,Río Nare,2018,16,Andes,Definitivo,4,4,0,14.677659034729,14.677659034729,0,3.99222779273987,21.2756423950195,3.05454540252686,6.04363632202148,5,10,0.869565188884735,0.876811623573303,1,1,22,1.05999994277954,4.23999977111816
04,2019-04-14,23080760,28,Definitivo,SAN ROQUE [23080760],Pluviométrica,Convencional,Activa,Antioquia,San Roque,6.4875,-75.017,820,5/15/1975,,Monchia,Magdalena Cauca,Medio Magdalena,Río Nare,2019,14,Andes,Definitivo,28,28,0,15.2761821746826,15.2761821746826,22.2665901184082,20.9504413604736,14.141263961792,3.05454540252686,6.04363632202148,5,10,0.869565188884735,0.876811623573303,1,1,21,1.05999994277954,29.6799983978272
04,2019-04-13,23080760,10,Definitivo,SAN ROQUE [23080760],Pluviométrica,Convencional,Activa,Antioquia,San Roque,6.4875,-75.017,820,5/15/1975,,Monchia,Magdalena Cauca,Medio Magdalena,Río Nare,2019,13,Andes,Definitivo,10,10,0,4.54775333404541,4.54775333404541,7.42219734191895,4.33391904830933,12.791392326355,3.05454540252686,6.04363632202148,5,10,0.869565188884735,0.876811623573303,1,1,21,1.05999994277954,10.5999994277954
04,2019-04-12,23080760,35,Definitivo,SAN ROQUE [23080760],Pluviométrica,Convencional,Activa,Antioquia,San Roque,6.4875,-75.017,820,5/15/1975,,Monchia,Magdalena Cauca,Medio Magdalena,Río Nare,2019,12,Andes,Definitivo,35,35,0,1.38840758800507,1.38840758800507,0,2.20706009864807,0.118354275822639,3.05454540252686,6.04363632202148,5,10,0.869565188884735,0.876811623573303,1,1,21,1.05999994277954,37.0999979972839
04,2020-04-09,23080760,2,Definitivo,SAN ROQUE [23080760],Pluviométrica,Convencional,Activa,Antioquia,San Roque,6.4875,-75.017,820,5/15/1975,,Monchia,Magdalena Cauca,Medio Magdalena,Río Nare,2020,09,Andes,Definitivo,2,2,0,47.9158668518066,47.9158668518066,36.564567565918,18.0336589813232,44.5962829589844,3.05454540252686,6.04363632202148,5,10,0.869565188884735,0.876811623573303,1,1,20,1.05999994277954,2.11999988555908
04,2021-04-06,23080760,8,Definitivo,SAN ROQUE [23080760],Pluviométrica,Convencional,Activa,Antioquia,San Roque,6.4875,-75.017,820,5/15/1975,,Monchia,Magdalena Cauca,Medio Magdalena,Río Nare,2021,06,Andes,Definitivo,8,8,0,16.0605010986328,16.0605010986328,18.38307762146,15.4403963088989,24.7977619171143,3.05454540252686,6.04363632202148,5,10,0.869565188884735,0.876811623573303,1,1,20,1.05999994277954,8.47999954223633
04,2021-04-05,23080760,19,Definitivo,SAN ROQUE [23080760],Pluviométrica,Convencional,Activa,Antioquia,San Roque,6.4875,-75.017,820,5/15/1975,,Monchia,Magdalena Cauca,Medio Magdalena,Río Nare,2021,05,Andes,Definitivo,19,19,0,10.314169883728,10.314169883728,0,15.4122343063354,4.11809587478638,3.05454540252686,6.04363632202148,5,10,0.869565188884735,0.876811623573303,1,1,19,1.05999994277954,20.1399989128113
04,2015-04-20,23080760,68,Definitivo,SAN ROQUE [23080760],Pluviométrica,Convencional,Activa,Antioquia,San Roque,6.4875,-75.017,820,5/15/1975,,Monchia,Magdalena Cauca,Medio Magdalena,Río Nare,2015,20,Andes,Definitivo,68,68,0,13.6326246261597,13.6326246261597,10.0931835174561,10.3492975234985,18.432430267334,3.05454540252686,6.04363632202148,5,10,0.869565188884735,0.876811623573303,1,1,22,1.05999994277954,72.0799961090088
04,2001-04-01,23080760,,"",SAN ROQUE [23080760],Pluviométrica,Convencional,Activa,Antioquia,San Roque,6.4875,-75.017,820,5/15/1975,,Monchia,Magdalena Cauca,Medio Magdalena,Río Nare,2001,01,Andes,Preliminar,0,0,0,6.49730634689331,6.49730634689331,7.34968328475952,1.26310884952545,7.01823329925537,3.05454540252686,6.04363632202148,5,10,0.869565188884735,0.876811623573303,1,1,19,1.05999994277954,0
04,2015-04-22,23080760,19,Definitivo,SAN ROQUE [23080760],Pluviométrica,Convencional,Activa,Antioquia,San Roque,6.4875,-75.017,820,5/15/1975,,Monchia,Magdalena Cauca,Medio Magdalena,Río Nare,2015,22,Andes,Definitivo,19,19,0,2.38456535339355,2.38456535339355,0,0.97763454914093,0.0618810169398785,3.05454540252686,6.04363632202148,5,10,0.869565188884735,0.876811623573303,1,1,23,1.05999994277954,20.1399989128113
04,2017-04-22,23080760,0,Definitivo,SAN ROQUE [23080760],Pluviométrica,Convencional,Activa,Antioquia,San Roque,6.4875,-75.017,820,5/15/1975,,Monchia,Magdalena Cauca,Medio Magdalena,Río Nare,2017,22,Andes,Definitivo,0,0,0,3.71729826927185,3.71729826927185,0,0.707486212253571,0,3.05454540252686,6.04363632202148,5,10,0.869565188884735,0.876811623573303,1,1,23,1.05999994277954,0
04,2019-04-19,23080760,0,Definitivo,SAN ROQUE [23080760],Pluviométrica,Convencional,Activa,Antioquia,San Roque,6.4875,-75.017,820,5/15/1975,,Monchia,Magdalena Cauca,Medio Magdalena,Río Nare,2019,19,Andes,Definitivo,0,0,0,25.2773628234863,25.2773628234863,0,14.1730117797852,11.51988697052,3.05454540252686,6.04363632202148,5,10,0.869565188884735,0.876811623573303,1,1,22,1.05999994277954,0
04,2020-04-17,23080760,12,Definitivo,SAN ROQUE [23080760],Pluviométrica,Convencional,Activa,Antioquia,San Roque,6.4875,-75.017,820,5/15/1975,,Monchia,Magdalena Cauca,Medio Magdalena,Río Nare,2020,17,Andes,Definitivo,12,12,0,4.10954856872559,4.10954856872559,0,10.1877908706665,0.41024124622345,3.05454540252686,6.04363632202148,5,10,0.869565188884735,0.876811623573303,1,1,22,1.05999994277954,12.7199993133545
04,2012-04-05,23080760,40,Definitivo,SAN ROQUE [23080760],Pluviométrica,Convencional,Activa,Antioquia,San Roque,6.4875,-75.017,820,5/15/1975,,Monchia,Magdalena Cauca,Medio Magdalena,Río Nare,2012,05,Andes,Definitivo,40,40,0,56.9287796020508,56.9287796020508,24.8233890533447,24.0583744049072,64.6332321166992,3.05454540252686,6.04363632202148,5,10,0.869565188884735,0.876811623573303,1,1,19,1.05999994277954,42.3999977111816
04,2014-04-07,23080760,0,Definitivo,SAN ROQUE [23080760],Pluviométrica,Convencional,Activa,Antioquia,San Roque,6.4875,-75.017,820,5/15/1975,,Monchia,Magdalena Cauca,Medio Magdalena,Río Nare,2014,07,Andes,Definitivo,0,0,0,2.54555797576904,2.54555797576904,15.1923999786377,10.5734186172485,23.8794860839844,3.05454540252686,6.04363632202148,5,10,0.869565188884735,0.876811623573303,1,1,20,1.05999994277954,0
04,2016-04-07,23080760,5,Definitivo,SAN ROQUE [23080760],Pluviométrica,Convencional,Activa,Antioquia,San Roque,6.4875,-75.017,820,5/15/1975,,Monchia,Magdalena Cauca,Medio Magdalena,Río Nare,2016,07,Andes,Definitivo,5,5,0,3.46796369552612,3.46796369552612,0,7.2492880821228,0.00155236001592129,3.05454540252686,6.04363632202148,5,10,0.869565188884735,0.876811623573303,1,1,20,1.05999994277954,5.29999971389771
04,2016-04-08,23080760,24,Definitivo,SAN ROQUE [23080760],Pluviométrica,Convencional,Activa,Antioquia,San Roque,6.4875,-75.017,820,5/15/1975,,Monchia,Magdalena Cauca,Medio Magdalena,Río Nare,2016,08,Andes,Definitivo,24,24,0,6.89223051071167,6.89223051071167,5.46840763092041,30.5818061828613,13.5236711502075,3.05454540252686,6.04363632202148,5,10,0.869565188884735,0.876811623573303,1,1,20,1.05999994277954,25.439998626709
04,2001-04-06,23080760,0.2,Definitivo,SAN ROQUE [23080760],Pluviométrica,Convencional,Activa,Antioquia,San Roque,6.4875,-75.017,820,5/15/1975,,Monchia,Magdalena Cauca,Medio Magdalena,Río Nare,2001,06,Andes,Definitivo,0.2,0.2,0,5.34344244003296,5.34344244003296,7.23123168945313,13.220006942749,0.123342856764793,3.05454540252686,6.04363632202148,5,10,0.869565188884735,0.876811623573303,1,1,20,1.05999994277954,0.211999988555908
04,2003-04-04,23080760,0,Definitivo,SAN ROQUE [23080760],Pluviométrica,Convencional,Activa,Antioquia,San Roque,6.4875,-75.017,820,5/15/1975,,Monchia,Magdalena Cauca,Medio Magdalena,Río Nare,2003,04,Andes,Definitivo,0,0,0,11.9820375442505,11.9820375442505,30.7496242523193,32.0921020507813,54.5691108703613,3.05454540252686,6.04363632202148,5,10,0.869565188884735,0.876811623573303,1,1,19,1.05999994277954,0
04,2003-04-01,23080760,0,Definitivo,SAN ROQUE [23080760],Pluviométrica,Convencional,Activa,Antioquia,San Roque,6.4875,-75.017,820,5/15/1975,,Monchia,Magdalena Cauca,Medio Magdalena,Río Nare,2003,01,Andes,Definitivo,0,0,0,6.50876092910767,6.50876092910767,0,12.0809803009033,0.372683078050613,3.05454540252686,6.04363632202148,5,10,0.869565188884735,0.876811623573303,1,1,19,1.05999994277954,0
04,2020-04-02,23080760,29,Definitivo,SAN ROQUE [23080760],Pluviométrica,Convencional,Activa,Antioquia,San Roque,6.4875,-75.017,820,5/15/1975,,Monchia,Magdalena Cauca,Medio Magdalena,Río Nare,2020,02,Andes,Definitivo,29,29,0,6.84755802154541,6.84755802154541,0,12.3280429840088,0.194309219717979,3.05454540252686,6.04363632202148,5,10,0.869565188884735,0.876811623573303,1,1,19,1.05999994277954,30.7399983406067
04,2014-04-17,23080760,0,Definitivo,SAN ROQUE [23080760],Pluviométrica,Convencional,Activa,Antioquia,San Roque,6.4875,-75.017,820,5/15/1975,,Monchia,Magdalena Cauca,Medio Magdalena,Río Nare,2014,17,Andes,Definitivo,0,0,0,8.24810218811035,8.24810218811035,0,10.3564004898071,0.937361299991608,3.05454540252686,6.04363632202148,5,10,0.869565188884735,0.876811623573303,1,1,22,1.05999994277954,0
04,2002-04-01,23080760,5,Definitivo,SAN ROQUE [23080760],Pluviométrica,Convencional,Activa,Antioquia,San Roque,6.4875,-75.017,820,5/15/1975,,Monchia,Magdalena Cauca,Medio Magdalena,Río Nare,2002,01,Andes,Definitivo,5,5,0,4.61180114746094,4.61180114746094,3.23714947700501,7.37820434570313,27.8090667724609,3.05454540252686,6.04363632202148,5,10,0.869565188884735,0.876811623573303,1,1,19,1.05999994277954,5.29999971389771
04,2002-04-02,23080760,,"",SAN ROQUE [23080760],Pluviométrica,Convencional,Activa,Antioquia,San Roque,6.4875,-75.017,820,5/15/1975,,Monchia,Magdalena Cauca,Medio Magdalena,Río Nare,2002,02,Andes,Preliminar,0,0,0,10.8755903244019,10.8755903244019,9.71144676208496,20.3935852050781,3.45087504386902,3.05454540252686,6.04363632202148,5,10,0.869565188884735,0.876811623573303,1,1,19,1.05999994277954,0
04,2002-04-03,23080760,0,Definitivo,SAN ROQUE [23080760],Pluviométrica,Convencional,Activa,Antioquia,San Roque,6.4875,-75.017,820,5/15/1975,,Monchia,Magdalena Cauca,Medio Magdalena,Río Nare,2002,03,Andes,Definitivo,0,0,0,15.2120590209961,15.2120590209961,6.47429895401001,5.5068359375,1.54444551467896,3.05454540252686,6.04363632202148,5,10,0.869565188884735,0.876811623573303,1,1,19,1.05999994277954,0
04,2009-04-01,23080760,20,Definitivo,SAN ROQUE [23080760],Pluviométrica,Convencional,Activa,Antioquia,San Roque,6.4875,-75.017,820,5/15/1975,,Monchia,Magdalena Cauca,Medio Magdalena,Río Nare,2009,01,Andes,Definitivo,20,20,0,18.1451282501221,18.1451282501221,13.5977611541748,11.6186723709106,20.8250961303711,3.05454540252686,6.04363632202148,5,10,0.869565188884735,0.876811623573303,1,1,19,1.05999994277954,21.1999988555908
04,2019-04-17,23080760,3,Definitivo,SAN ROQUE [23080760],Pluviométrica,Convencional,Activa,Antioquia,San Roque,6.4875,-75.017,820,5/15/1975,,Monchia,Magdalena Cauca,Medio Magdalena,Río Nare,2019,17,Andes,Definitivo,3,3,0,2.59476399421692,2.59476399421692,24.6728630065918,20.8143196105957,28.1162357330322,3.05454540252686,6.04363632202148,5,10,0.869565188884735,0.876811623573303,1,1,22,1.05999994277954,3.17999982833862
04,2020-04-14,23080760,2,Definitivo,SAN ROQUE [23080760],Pluviométrica,Convencional,Activa,Antioquia,San Roque,6.4875,-75.017,820,5/15/1975,,Monchia,Magdalena Cauca,Medio Magdalena,Río Nare,2020,14,Andes,Definitivo,2,2,0,13.1886873245239,13.1886873245239,0,10.9881629943848,0.034835446625948,3.05454540252686,6.04363632202148,5,10,0.869565188884735,0.876811623573303,1,1,21,1.05999994277954,2.11999988555908
04,2018-04-15,23080760,10,Definitivo,SAN ROQUE [23080760],Pluviométrica,Convencional,Activa,Antioquia,San Roque,6.4875,-75.017,820,5/15/1975,,Monchia,Magdalena Cauca,Medio Magdalena,Río Nare,2018,15,Andes,Definitivo,10,10,0,2.48073410987854,2.48073410987854,0,2.94284605979919,0,3.05454540252686,6.04363632202148,5,10,0.869565188884735,0.876811623573303,1,1,21,1.05999994277954,10.5999994277954
04,2018-04-14,23080760,0,Definitivo,SAN ROQUE [23080760],Pluviométrica,Convencional,Activa,Antioquia,San Roque,6.4875,-75.017,820,5/15/1975,,Monchia,Magdalena Cauca,Medio Magdalena,Río Nare,2018,14,Andes,Definitivo,0,0,0,5.0249719619751,5.0249719619751,9.3077220916748,11.7432947158813,1.630539894104,3.05454540252686,6.04363632202148,5,10,0.869565188884735,0.876811623573303,1,1,21,1.05999994277954,0
04,2014-04-15,23080760,33,Definitivo,SAN ROQUE [23080760],Pluviométrica,Convencional,Activa,Antioquia,San Roque,6.4875,-75.017,820,5/15/1975,,Monchia,Magdalena Cauca,Medio Magdalena,Río Nare,2014,15,Andes,Definitivo,33,33,0,18.4378871917725,18.4378871917725,27.1861057281494,36.0310668945313,26.3779067993164,3.05454540252686,6.04363632202148,5,10,0.869565188884735,0.876811623573303,1,1,21,1.05999994277954,34.9799981117249
04,2013-04-18,23080760,52,Definitivo,SAN ROQUE [23080760],Pluviométrica,Convencional,Activa,Antioquia,San Roque,6.4875,-75.017,820,5/15/1975,,Monchia,Magdalena Cauca,Medio Magdalena,Río Nare,2013,18,Andes,Definitivo,52,52,0,20.2421283721924,20.2421283721924,16.1445655822754,24.0191440582275,13.9944686889648,3.05454540252686,6.04363632202148,5,10,0.869565188884735,0.876811623573303,1,1,22,1.05999994277954,55.1199970245361
04,2013-04-19,23080760,1,Definitivo,SAN ROQUE [23080760],Pluviométrica,Convencional,Activa,Antioquia,San Roque,6.4875,-75.017,820,5/15/1975,,Monchia,Magdalena Cauca,Medio Magdalena,Río Nare,2013,19,Andes,Definitivo,1,1,0,7.20707511901856,7.20707511901856,16.1445655822754,36.2886161804199,30.8714580535889,3.05454540252686,6.04363632202148,5,10,0.869565188884735,0.876811623573303,1,1,22,1.05999994277954,1.05999994277954
04,2014-04-16,23080760,15,Definitivo,SAN ROQUE [23080760],Pluviométrica,Convencional,Activa,Antioquia,San Roque,6.4875,-75.017,820,5/15/1975,,Monchia,Magdalena Cauca,Medio Magdalena,Río Nare,2014,16,Andes,Definitivo,15,15,0,13.6659669876099,13.6659669876099,8.20401096343994,16.0229377746582,15.2581844329834,3.05454540252686,6.04363632202148,5,10,0.869565188884735,0.876811623573303,1,1,22,1.05999994277954,15.8999991416931
04,2016-04-10,23080760,7,Definitivo,SAN ROQUE [23080760],Pluviométrica,Convencional,Activa,Antioquia,San Roque,6.4875,-75.017,820,5/15/1975,,Monchia,Magdalena Cauca,Medio Magdalena,Río Nare,2016,10,Andes,Definitivo,7,7,0,8.39580345153809,8.39580345153809,5.46840763092041,12.785647392273,7.90605115890503,3.05454540252686,6.04363632202148,5,10,0.869565188884735,0.876811623573303,1,1,20,1.05999994277954,7.41999959945679
04,2016-04-17,23080760,,"",SAN ROQUE [23080760],Pluviométrica,Convencional,Activa,Antioquia,San Roque,6.4875,-75.017,820,5/15/1975,,Monchia,Magdalena Cauca,Medio Magdalena,Río Nare,2016,17,Andes,Preliminar,0,0,0,6.02467918395996,6.02467918395996,0,9.25265884399414,3.58386135101318,3.05454540252686,6.04363632202148,5,10,0.869565188884735,0.876811623573303,1,1,22,1.05999994277954,0
04,2016-04-18,23080760,,"",SAN ROQUE [23080760],Pluviométrica,Convencional,Activa,Antioquia,San Roque,6.4875,-75.017,820,5/15/1975,,Monchia,Magdalena Cauca,Medio Magdalena,Río Nare,2016,18,Andes,Preliminar,0,0,0,1.9484726190567,1.9484726190567,0,1.50913369655609,0,3.05454540252686,6.04363632202148,5,10,0.869565188884735,0.876811623573303,1,1,22,1.05999994277954,0
04,2016-04-19,23080760,2,Definitivo,SAN ROQUE [23080760],Pluviométrica,Convencional,Activa,Antioquia,San Roque,6.4875,-75.017,820,5/15/1975,,Monchia,Magdalena Cauca,Medio Magdalena,Río Nare,2016,19,Andes,Definitivo,2,2,0,0.560912072658539,0.560912072658539,16.3512401580811,11.6541213989258,10.3083572387695,3.05454540252686,6.04363632202148,5,10,0.869565188884735,0.876811623573303,1,1,22,1.05999994277954,2.11999988555908
04,2018-04-20,23080760,0,Definitivo,SAN ROQUE [23080760],Pluviométrica,Convencional,Activa,Antioquia,San Roque,6.4875,-75.017,820,5/15/1975,,Monchia,Magdalena Cauca,Medio Magdalena,Río Nare,2018,20,Andes,Definitivo,0,0,0,0.866257667541504,0.866257667541504,17.5117149353027,0.0801094248890877,0.959695816040039,3.05454540252686,6.04363632202148,5,10,0.869565188884735,0.876811623573303,1,1,22,1.05999994277954,0
04,2008-04-04,23080760,28,Definitivo,SAN ROQUE [23080760],Pluviométrica,Convencional,Activa,Antioquia,San Roque,6.4875,-75.017,820,5/15/1975,,Monchia,Magdalena Cauca,Medio Magdalena,Río Nare,2008,04,Andes,Definitivo,28,28,0,3.67036819458008,3.67036819458008,0,3.39982557296753,5.11839866638184,3.05454540252686,6.04363632202148,5,10,0.869565188884735,0.876811623573303,1,1,19,1.05999994277954,29.6799983978272
04,2008-04-05,23080760,15,Definitivo,SAN ROQUE [23080760],Pluviométrica,Convencional,Activa,Antioquia,San Roque,6.4875,-75.017,820,5/15/1975,,Monchia,Magdalena Cauca,Medio Magdalena,Río Nare,2008,05,Andes,Definitivo,15,15,0,14.1929111480713,14.1929111480713,21.2466335296631,3.60458755493164,40.9090118408203,3.05454540252686,6.04363632202148,5,10,0.869565188884735,0.876811623573303,1,1,19,1.05999994277954,15.8999991416931
04,2015-04-04,23080760,20,Definitivo,SAN ROQUE [23080760],Pluviométrica,Convencional,Activa,Antioquia,San Roque,6.4875,-75.017,820,5/15/1975,,Monchia,Magdalena Cauca,Medio Magdalena,Río Nare,2015,04,Andes,Definitivo,20,20,0,10.2214460372925,10.2214460372925,4.99735498428345,7.04053640365601,20.5413436889648,3.05454540252686,6.04363632202148,5,10,0.869565188884735,0.876811623573303,1,1,19,1.05999994277954,21.1999988555908
04,2015-04-05,23080760,5,Definitivo,SAN ROQUE [23080760],Pluviométrica,Convencional,Activa,Antioquia,San Roque,6.4875,-75.017,820,5/15/1975,,Monchia,Magdalena Cauca,Medio Magdalena,Río Nare,2015,05,Andes,Definitivo,5,5,0,6.13510370254517,6.13510370254517,4.99735498428345,19.3632831573486,4.59368753433228,3.05454540252686,6.04363632202148,5,10,0.869565188884735,0.876811623573303,1,1,19,1.05999994277954,5.29999971389771
04,2019-04-11,23080760,0,Definitivo,SAN ROQUE [23080760],Pluviométrica,Convencional,Activa,Antioquia,San Roque,6.4875,-75.017,820,5/15/1975,,Monchia,Magdalena Cauca,Medio Magdalena,Río Nare,2019,11,Andes,Definitivo,0,0,0,17.6905784606934,17.6905784606934,7.42219734191895,22.4266872406006,7.38800525665283,3.05454540252686,6.04363632202148,5,10,0.869565188884735,0.876811623573303,1,1,21,1.05999994277954,0
04,2020-04-08,23080760,3,Definitivo,SAN ROQUE [23080760],Pluviométrica,Convencional,Activa,Antioquia,San Roque,6.4875,-75.017,820,5/15/1975,,Monchia,Magdalena Cauca,Medio Magdalena,Río Nare,2020,08,Andes,Definitivo,3,3,0,4.45813941955566,4.45813941955566,7.31291341781616,3.68243670463562,12.215931892395,3.05454540252686,6.04363632202148,5,10,0.869565188884735,0.876811623573303,1,1,20,1.05999994277954,3.17999982833862
04,2020-04-07,23080760,10,Definitivo,SAN ROQUE [23080760],Pluviométrica,Convencional,Activa,Antioquia,San Roque,6.4875,-75.017,820,5/15/1975,,Monchia,Magdalena Cauca,Medio Magdalena,Río Nare,2020,07,Andes,Definitivo,10,10,0,1.82308113574982,1.82308113574982,14.6258268356323,15.5815105438232,2.60111451148987,3.05454540252686,6.04363632202148,5,10,0.869565188884735,0.876811623573303,1,1,20,1.05999994277954,10.5999994277954
04,2022-04-02,23080760,0,Definitivo,SAN ROQUE [23080760],Pluviométrica,Convencional,Activa,Antioquia,San Roque,6.4875,-75.017,820,5/15/1975,,Monchia,Magdalena Cauca,Medio Magdalena,Río Nare,2022,02,Andes,Definitivo,0,0,0,7.95808219909668,7.95808219909668,0,6.66476726531982,1.05594122409821,3.05454540252686,6.04363632202148,5,10,0.869565188884735,0.876811623573303,1,1,19,1.05999994277954,0
04,2020-04-01,23080760,2,Definitivo,SAN ROQUE [23080760],Pluviométrica,Convencional,Activa,Antioquia,San Roque,6.4875,-75.017,820,5/15/1975,,Monchia,Magdalena Cauca,Medio Magdalena,Río Nare,2020,01,Andes,Definitivo,2,2,0,17.6544151306152,17.6544151306152,47.4491271972656,41.6626625061035,66.8539047241211,3.05454540252686,6.04363632202148,5,10,0.869565188884735,0.876811623573303,1,1,19,1.05999994277954,2.11999988555908
04,2015-04-14,23080760,8,Definitivo,SAN ROQUE [23080760],Pluviométrica,Convencional,Activa,Antioquia,San Roque,6.4875,-75.017,820,5/15/1975,,Monchia,Magdalena Cauca,Medio Magdalena,Río Nare,2015,14,Andes,Definitivo,8,8,0,27.9881038665772,27.9881038665772,5.14344453811646,38.8078498840332,9.42966556549072,3.05454540252686,6.04363632202148,5,10,0.869565188884735,0.876811623573303,1,1,21,1.05999994277954,8.47999954223633
04,2015-04-15,23080760,20,Definitivo,SAN ROQUE [23080760],Pluviométrica,Convencional,Activa,Antioquia,San Roque,6.4875,-75.017,820,5/15/1975,,Monchia,Magdalena Cauca,Medio Magdalena,Río Nare,2015,15,Andes,Definitivo,20,20,0,13.8045854568481,13.8045854568481,11.5727500915527,42.080192565918,4.37913036346436,3.05454540252686,6.04363632202148,5,10,0.869565188884735,0.876811623573303,1,1,21,1.05999994277954,21.1999988555908
04,2014-04-18,23080760,3,Definitivo,SAN ROQUE [23080760],Pluviométrica,Convencional,Activa,Antioquia,San Roque,6.4875,-75.017,820,5/15/1975,,Monchia,Magdalena Cauca,Medio Magdalena,Río Nare,2014,18,Andes,Definitivo,3,3,0,19.4494094848633,19.4494094848633,0,4.40818786621094,1.46338498592377,3.05454540252686,6.04363632202148,5,10,0.869565188884735,0.876811623573303,1,1,22,1.05999994277954,3.17999982833862
04,2014-04-19,23080760,14,Definitivo,SAN ROQUE [23080760],Pluviométrica,Convencional,Activa,Antioquia,San Roque,6.4875,-75.017,820,5/15/1975,,Monchia,Magdalena Cauca,Medio Magdalena,Río Nare,2014,19,Andes,Definitivo,14,14,0,9.68251991271973,9.68251991271973,24.6120357513428,18.6105785369873,6.48242473602295,3.05454540252686,6.04363632202148,5,10,0.869565188884735,0.876811623573303,1,1,22,1.05999994277954,14.8399991989136
04,2017-04-19,23080760,2,Definitivo,SAN ROQUE [23080760],Pluviométrica,Convencional,Activa,Antioquia,San Roque,6.4875,-75.017,820,5/15/1975,,Monchia,Magdalena Cauca,Medio Magdalena,Río Nare,2017,19,Andes,Definitivo,2,2,0,16.5979061126709,16.5979061126709,26.2502784729004,35.5753631591797,46.996883392334,3.05454540252686,6.04363632202148,5,10,0.869565188884735,0.876811623573303,1,1,22,1.05999994277954,2.11999988555908
04,2018-04-18,23080760,17,Definitivo,SAN ROQUE [23080760],Pluviométrica,Convencional,Activa,Antioquia,San Roque,6.4875,-75.017,820,5/15/1975,,Monchia,Magdalena Cauca,Medio Magdalena,Río Nare,2018,18,Andes,Definitivo,17,17,0,9.8812370300293,9.8812370300293,3.50234317779541,7.46054697036743,0.14203554391861,3.05454540252686,6.04363632202148,5,10,0.869565188884735,0.876811623573303,1,1,22,1.05999994277954,18.0199990272522
04,2019-04-16,23080760,30,Definitivo,SAN ROQUE [23080760],Pluviométrica,Convencional,Activa,Antioquia,San Roque,6.4875,-75.017,820,5/15/1975,,Monchia,Magdalena Cauca,Medio Magdalena,Río Nare,2019,16,Andes,Definitivo,30,30,0,12.8924922943115,12.8924922943115,0,3.47268486022949,0.356923699378967,3.05454540252686,6.04363632202148,5,10,0.869565188884735,0.876811623573303,1,1,22,1.05999994277954,31.7999982833862
04,2017-04-16,23080760,57,Definitivo,SAN ROQUE [23080760],Pluviométrica,Convencional,Activa,Antioquia,San Roque,6.4875,-75.017,820,5/15/1975,,Monchia,Magdalena Cauca,Medio Magdalena,Río Nare,2017,16,Andes,Definitivo,57,57,0,0.854405462741852,0.854405462741852,8.75009250640869,1.35397100448608,0.462549239397049,3.05454540252686,6.04363632202148,5,10,0.869565188884735,0.876811623573303,1,1,22,1.05999994277954,60.4199967384338
04,2014-04-08,23080760,0,Definitivo,SAN ROQUE [23080760],Pluviométrica,Convencional,Activa,Antioquia,San Roque,6.4875,-75.017,820,5/15/1975,,Monchia,Magdalena Cauca,Medio Magdalena,Río Nare,2014,08,Andes,Definitivo,0,0,0,2.53889656066895,2.53889656066895,0,5.04698705673218,0.00173929589800537,3.05454540252686,6.04363632202148,5,10,0.869565188884735,0.876811623573303,1,1,20,1.05999994277954,0
04,2015-04-12,23080760,31,Definitivo,SAN ROQUE [23080760],Pluviométrica,Convencional,Activa,Antioquia,San Roque,6.4875,-75.017,820,5/15/1975,,Monchia,Magdalena Cauca,Medio Magdalena,Río Nare,2015,12,Andes,Definitivo,31,31,0,2.52334213256836,2.52334213256836,0,1.56448197364807,0.0254378151148558,3.05454540252686,6.04363632202148,5,10,0.869565188884735,0.876811623573303,1,1,21,1.05999994277954,32.8599982261658
04,2015-04-13,23080760,2,Definitivo,SAN ROQUE [23080760],Pluviométrica,Convencional,Activa,Antioquia,San Roque,6.4875,-75.017,820,5/15/1975,,Monchia,Magdalena Cauca,Medio Magdalena,Río Nare,2015,13,Andes,Definitivo,2,2,0,12.0853500366211,12.0853500366211,11.5727500915527,5.47553491592407,23.7387428283691,3.05454540252686,6.04363632202148,5,10,0.869565188884735,0.876811623573303,1,1,21,1.05999994277954,2.11999988555908
04,2016-04-09,23080760,17,Definitivo,SAN ROQUE [23080760],Pluviométrica,Convencional,Activa,Antioquia,San Roque,6.4875,-75.017,820,5/15/1975,,Monchia,Magdalena Cauca,Medio Magdalena,Río Nare,2016,09,Andes,Definitivo,17,17,0,28.9888458251953,28.9888458251953,38.2788543701172,28.8005676269531,76.3111419677734,3.05454540252686,6.04363632202148,5,10,0.869565188884735,0.876811623573303,1,1,20,1.05999994277954,18.0199990272522
04,2018-04-04,23080760,48,Definitivo,SAN ROQUE [23080760],Pluviométrica,Convencional,Activa,Antioquia,San Roque,6.4875,-75.017,820,5/15/1975,,Monchia,Magdalena Cauca,Medio Magdalena,Río Nare,2018,04,Andes,Definitivo,48,48,0,12.4038047790527,12.4038047790527,0,14.4276599884033,19.0056056976318,3.05454540252686,6.04363632202148,5,10,0.869565188884735,0.876811623573303,1,1,19,1.05999994277954,50.879997253418
04,2017-04-07,23080760,28,Definitivo,SAN ROQUE [23080760],Pluviométrica,Convencional,Activa,Antioquia,San Roque,6.4875,-75.017,820,5/15/1975,,Monchia,Magdalena Cauca,Medio Magdalena,Río Nare,2017,07,Andes,Definitivo,28,28,0,1.86561381816864,1.86561381816864,10.4552135467529,1.90272581577301,12.1858386993408,3.05454540252686,6.04363632202148,5,10,0.869565188884735,0.876811623573303,1,1,20,1.05999994277954,29.6799983978272
04,2017-04-08,23080760,0,Definitivo,SAN ROQUE [23080760],Pluviométrica,Convencional,Activa,Antioquia,San Roque,6.4875,-75.017,820,5/15/1975,,Monchia,Magdalena Cauca,Medio Magdalena,Río Nare,2017,08,Andes,Definitivo,0,0,0,7.79944276809692,7.79944276809692,15.6828193664551,21.0098438262939,25.8701000213623,3.05454540252686,6.04363632202148,5,10,0.869565188884735,0.876811623573303,1,1,20,1.05999994277954,0
04,2016-04-11,23080760,,"",SAN ROQUE [23080760],Pluviométrica,Convencional,Activa,Antioquia,San Roque,6.4875,-75.017,820,5/15/1975,,Monchia,Magdalena Cauca,Medio Magdalena,Río Nare,2016,11,Andes,Preliminar,0,0,0,5.49841022491455,5.49841022491455,16.1075420379639,2.34401416778564,3.91026020050049,3.05454540252686,6.04363632202148,5,10,0.869565188884735,0.876811623573303,1,1,21,1.05999994277954,0
04,2016-04-12,23080760,25,Definitivo,SAN ROQUE [23080760],Pluviométrica,Convencional,Activa,Antioquia,San Roque,6.4875,-75.017,820,5/15/1975,,Monchia,Magdalena Cauca,Medio Magdalena,Río Nare,2016,12,Andes,Definitivo,25,25,0,9.56576728820801,9.56576728820801,16.1075420379639,17.5546112060547,30.3368492126465,3.05454540252686,6.04363632202148,5,10,0.869565188884735,0.876811623573303,1,1,21,1.05999994277954,26.4999985694885
04,2007-04-01,23080760,3,Definitivo,SAN ROQUE [23080760],Pluviométrica,Convencional,Activa,Antioquia,San Roque,6.4875,-75.017,820,5/15/1975,,Monchia,Magdalena Cauca,Medio Magdalena,Río Nare,2007,01,Andes,Definitivo,3,3,0,0.718858897686005,0.718858897686005,0,6.18343353271484,0.134496465325356,3.05454540252686,6.04363632202148,5,10,0.869565188884735,0.876811623573303,1,1,19,1.05999994277954,3.17999982833862
04,2007-04-02,23080760,56,Definitivo,SAN ROQUE [23080760],Pluviométrica,Convencional,Activa,Antioquia,San Roque,6.4875,-75.017,820,5/15/1975,,Monchia,Magdalena Cauca,Medio Magdalena,Río Nare,2007,02,Andes,Definitivo,56,56,0,18.1597461700439,18.1597461700439,17.3779468536377,13.936803817749,33.3037147521973,3.05454540252686,6.04363632202148,5,10,0.869565188884735,0.876811623573303,1,1,19,1.05999994277954,59.3599967956543
04,2009-04-02,23080760,,"",SAN ROQUE [23080760],Pluviométrica,Convencional,Activa,Antioquia,San Roque,6.4875,-75.017,820,5/15/1975,,Monchia,Magdalena Cauca,Medio Magdalena,Río Nare,2009,02,Andes,Preliminar,0,0,0,2.7096586227417,2.7096586227417,0,4.59622955322266,0.0408868454396725,3.05454540252686,6.04363632202148,5,10,0.869565188884735,0.876811623573303,1,1,19,1.05999994277954,0
04,2010-04-06,23080760,,"",SAN ROQUE [23080760],Pluviométrica,Convencional,Activa,Antioquia,San Roque,6.4875,-75.017,820,5/15/1975,,Monchia,Magdalena Cauca,Medio Magdalena,Río Nare,2010,06,Andes,Preliminar,0,0,0,24.5944061279297,24.5944061279297,12.8565244674683,40.4668388366699,5.3116717338562,3.05454540252686,6.04363632202148,5,10,0.869565188884735,0.876811623573303,1,1,20,1.05999994277954,0
04,2018-04-13,23080760,39,Definitivo,SAN ROQUE [23080760],Pluviométrica,Convencional,Activa,Antioquia,San Roque,6.4875,-75.017,820,5/15/1975,,Monchia,Magdalena Cauca,Medio Magdalena,Río Nare,2018,13,Andes,Definitivo,39,39,0,14.9372673034668,14.9372673034668,18.6154441833496,13.5718107223511,43.9410057067871,3.05454540252686,6.04363632202148,5,10,0.869565188884735,0.876811623573303,1,1,21,1.05999994277954,41.3399977684021
04,2018-04-12,23080760,32,Definitivo,SAN ROQUE [23080760],Pluviométrica,Convencional,Activa,Antioquia,San Roque,6.4875,-75.017,820,5/15/1975,,Monchia,Magdalena Cauca,Medio Magdalena,Río Nare,2018,12,Andes,Definitivo,32,32,0,14.8417415618896,14.8417415618896,9.3077220916748,26.1673545837402,26.986743927002,3.05454540252686,6.04363632202148,5,10,0.869565188884735,0.876811623573303,1,1,21,1.05999994277954,33.9199981689453
04,2019-04-10,23080760,45,Definitivo,SAN ROQUE [23080760],Pluviométrica,Convencional,Activa,Antioquia,San Roque,6.4875,-75.017,820,5/15/1975,,Monchia,Magdalena Cauca,Medio Magdalena,Río Nare,2019,10,Andes,Definitivo,45,45,0,3.79060792922974,3.79060792922974,12.5088367462158,18.5507316589355,9.93224906921387,3.05454540252686,6.04363632202148,5,10,0.869565188884735,0.876811623573303,1,1,20,1.05999994277954,47.6999974250794
04,2021-04-04,23080760,1,Definitivo,SAN ROQUE [23080760],Pluviométrica,Convencional,Activa,Antioquia,San Roque,6.4875,-75.017,820,5/15/1975,,Monchia,Magdalena Cauca,Medio Magdalena,Río Nare,2021,04,Andes,Definitivo,1,1,0,10.0941095352173,10.0941095352173,21.3116683959961,10.0504951477051,20.5455093383789,3.05454540252686,6.04363632202148,5,10,0.869565188884735,0.876811623573303,1,1,19,1.05999994277954,1.05999994277954
04,2022-04-01,23080760,2,Definitivo,SAN ROQUE [23080760],Pluviométrica,Convencional,Activa,Antioquia,San Roque,6.4875,-75.017,820,5/15/1975,,Monchia,Magdalena Cauca,Medio Magdalena,Río Nare,2022,01,Andes,Definitivo,2,2,0,19.3028602600098,19.3028602600098,9.72106456756592,13.5250215530396,36.3948860168457,3.05454540252686,6.04363632202148,5,10,0.869565188884735,0.876811623573303,1,1,19,1.05999994277954,2.11999988555908
04,2016-04-03,23080760,1,Definitivo,SAN ROQUE [23080760],Pluviométrica,Convencional,Activa,Antioquia,San Roque,6.4875,-75.017,820,5/15/1975,,Monchia,Magdalena Cauca,Medio Magdalena,Río Nare,2016,03,Andes,Definitivo,1,1,0,4.71424913406372,4.71424913406372,0,16.3731346130371,2.49448156356812,3.05454540252686,6.04363632202148,5,10,0.869565188884735,0.876811623573303,1,1,19,1.05999994277954,1.05999994277954
04,2016-04-04,23080760,8,Definitivo,SAN ROQUE [23080760],Pluviométrica,Convencional,Activa,Antioquia,San Roque,6.4875,-75.017,820,5/15/1975,,Monchia,Magdalena Cauca,Medio Magdalena,Río Nare,2016,04,Andes,Definitivo,8,8,0,2.49628305435181,2.49628305435181,0,11.2630968093872,5.78175830841065,3.05454540252686,6.04363632202148,5,10,0.869565188884735,0.876811623573303,1,1,19,1.05999994277954,8.47999954223633
04,2018-04-05,23080760,40,Definitivo,SAN ROQUE [23080760],Pluviométrica,Convencional,Activa,Antioquia,San Roque,6.4875,-75.017,820,5/15/1975,,Monchia,Magdalena Cauca,Medio Magdalena,Río Nare,2018,05,Andes,Definitivo,40,40,0,9.321852684021,9.321852684021,23.0306491851807,11.0496587753296,13.7216272354126,3.05454540252686,6.04363632202148,5,10,0.869565188884735,0.876811623573303,1,1,19,1.05999994277954,42.3999977111816
04,2018-04-06,23080760,53,Definitivo,SAN ROQUE [23080760],Pluviométrica,Convencional,Activa,Antioquia,San Roque,6.4875,-75.017,820,5/15/1975,,Monchia,Magdalena Cauca,Medio Magdalena,Río Nare,2018,06,Andes,Definitivo,53,53,0,9.4242467880249,9.4242467880249,23.0452861785889,23.6879005432129,36.2205390930176,3.05454540252686,6.04363632202148,5,10,0.869565188884735,0.876811623573303,1,1,20,1.05999994277954,56.1799969673157
04,2017-04-17,23080760,0,Definitivo,SAN ROQUE [23080760],Pluviométrica,Convencional,Activa,Antioquia,San Roque,6.4875,-75.017,820,5/15/1975,,Monchia,Magdalena Cauca,Medio Magdalena,Río Nare,2017,17,Andes,Definitivo,0,0,0,1.03102910518646,1.03102910518646,26.2502784729004,16.8883857727051,56.5625343322754,3.05454540252686,6.04363632202148,5,10,0.869565188884735,0.876811623573303,1,1,22,1.05999994277954,0
04,2019-04-18,23080760,0,Definitivo,SAN ROQUE [23080760],Pluviométrica,Convencional,Activa,Antioquia,San Roque,6.4875,-75.017,820,5/15/1975,,Monchia,Magdalena Cauca,Medio Magdalena,Río Nare,2019,18,Andes,Definitivo,0,0,0,7.77246189117432,7.77246189117432,32.8971519470215,43.4896430969238,30.3854808807373,3.05454540252686,6.04363632202148,5,10,0.869565188884735,0.876811623573303,1,1,22,1.05999994277954,0
04,2018-04-17,23080760,5,Definitivo,SAN ROQUE [23080760],Pluviométrica,Convencional,Activa,Antioquia,San Roque,6.4875,-75.017,820,5/15/1975,,Monchia,Magdalena Cauca,Medio Magdalena,Río Nare,2018,17,Andes,Definitivo,5,5,0,3.82662796974182,3.82662796974182,3.50234317779541,15.4350605010986,0.282880485057831,3.05454540252686,6.04363632202148,5,10,0.869565188884735,0.876811623573303,1,1,22,1.05999994277954,5.29999971389771
04,2019-04-15,23080760,0,Definitivo,SAN ROQUE [23080760],Pluviométrica,Convencional,Activa,Antioquia,San Roque,6.4875,-75.017,820,5/15/1975,,Monchia,Magdalena Cauca,Medio Magdalena,Río Nare,2019,15,Andes,Definitivo,0,0,0,17.5004024505615,17.5004024505615,29.6887893676758,21.04075050354,36.5198516845703,3.05454540252686,6.04363632202148,5,10,0.869565188884735,0.876811623573303,1,1,21,1.05999994277954,0
04,2013-04-04,23080760,,"",SAN ROQUE [23080760],Pluviométrica,Convencional,Activa,Antioquia,San Roque,6.4875,-75.017,820,5/15/1975,,Monchia,Magdalena Cauca,Medio Magdalena,Río Nare,2013,04,Andes,Preliminar,0,0,0,9.10114765167236,9.10114765167236,0,14.1678781509399,0,3.05454540252686,6.04363632202148,5,10,0.869565188884735,0.876811623573303,1,1,19,1.05999994277954,0
04,2013-04-05,23080760,,"",SAN ROQUE [23080760],Pluviométrica,Convencional,Activa,Antioquia,San Roque,6.4875,-75.017,820,5/15/1975,,Monchia,Magdalena Cauca,Medio Magdalena,Río Nare,2013,05,Andes,Preliminar,0,0,0,28.2588615417481,28.2588615417481,8.80803108215332,9.01814746856689,2.69377398490906,3.05454540252686,6.04363632202148,5,10,0.869565188884735,0.876811623573303,1,1,19,1.05999994277954,0
04,2017-04-06,23080760,5,Definitivo,SAN ROQUE [23080760],Pluviométrica,Convencional,Activa,Antioquia,San Roque,6.4875,-75.017,820,5/15/1975,,Monchia,Magdalena Cauca,Medio Magdalena,Río Nare,2017,06,Andes,Definitivo,5,5,0,0,0,0,0,0,3.05454540252686,6.04363632202148,5,10,0.869565188884735,0.876811623573303,1,1,20,1.05999994277954,5.29999971389771
04,2015-04-06,23080760,31,Definitivo,SAN ROQUE [23080760],Pluviométrica,Convencional,Activa,Antioquia,San Roque,6.4875,-75.017,820,5/15/1975,,Monchia,Magdalena Cauca,Medio Magdalena,Río Nare,2015,06,Andes,Definitivo,31,31,0,9.95911026000977,9.95911026000977,5.18194341659546,9.28690433502197,3.43225264549255,3.05454540252686,6.04363632202148,5,10,0.869565188884735,0.876811623573303,1,1,20,1.05999994277954,32.8599982261658
04,2011-04-06,23080760,10,Definitivo,SAN ROQUE [23080760],Pluviométrica,Convencional,Activa,Antioquia,San Roque,6.4875,-75.017,820,5/15/1975,,Monchia,Magdalena Cauca,Medio Magdalena,Río Nare,2011,06,Andes,Definitivo,10,10,0,15.9950704574585,15.9950704574585,17.5147819519043,26.0258464813232,31.5361633300781,3.05454540252686,6.04363632202148,5,10,0.869565188884735,0.876811623573303,1,1,20,1.05999994277954,10.5999994277954
04,2017-04-03,23080760,0,Definitivo,SAN ROQUE [23080760],Pluviométrica,Convencional,Activa,Antioquia,San Roque,6.4875,-75.017,820,5/15/1975,,Monchia,Magdalena Cauca,Medio Magdalena,Río Nare,2017,03,Andes,Definitivo,0,0,0,3.56727123260498,3.56727123260498,3.14511060714722,0.676171243190765,2.53586864471436,3.05454540252686,6.04363632202148,5,10,0.869565188884735,0.876811623573303,1,1,19,1.05999994277954,0
04,2015-04-01,23080760,2,Definitivo,SAN ROQUE [23080760],Pluviométrica,Convencional,Activa,Antioquia,San Roque,6.4875,-75.017,820,5/15/1975,,Monchia,Magdalena Cauca,Medio Magdalena,Río Nare,2015,01,Andes,Definitivo,2,2,0,11.9962501525879,11.9962501525879,14.9920654296875,15.6001310348511,10.9007120132446,3.05454540252686,6.04363632202148,5,10,0.869565188884735,0.876811623573303,1,1,19,1.05999994277954,2.11999988555908
04,2014-04-04,23080760,0,Definitivo,SAN ROQUE [23080760],Pluviométrica,Convencional,Activa,Antioquia,San Roque,6.4875,-75.017,820,5/15/1975,,Monchia,Magdalena Cauca,Medio Magdalena,Río Nare,2014,04,Andes,Definitivo,0,0,0,11.9660320281982,11.9660320281982,0,14.044322013855,3.98245573043823,3.05454540252686,6.04363632202148,5,10,0.869565188884735,0.876811623573303,1,1,19,1.05999994277954,0
04,2014-04-05,23080760,16,Definitivo,SAN ROQUE [23080760],Pluviométrica,Convencional,Activa,Antioquia,San Roque,6.4875,-75.017,820,5/15/1975,,Monchia,Magdalena Cauca,Medio Magdalena,Río Nare,2014,05,Andes,Definitivo,16,16,0,20.7918300628662,20.7918300628662,7.63721036911011,14.9239082336426,4.9106969833374,3.05454540252686,6.04363632202148,5,10,0.869565188884735,0.876811623573303,1,1,19,1.05999994277954,16.9599990844727
04,2015-04-16,23080760,16,Definitivo,SAN ROQUE [23080760],Pluviométrica,Convencional,Activa,Antioquia,San Roque,6.4875,-75.017,820,5/15/1975,,Monchia,Magdalena Cauca,Medio Magdalena,Río Nare,2015,16,Andes,Definitivo,16,16,0,7.69715023040772,7.69715023040772,25.2329597473145,22.4681053161621,21.0059413909912,3.05454540252686,6.04363632202148,5,10,0.869565188884735,0.876811623573303,1,1,22,1.05999994277954,16.9599990844727
04,2015-04-17,23080760,1,Definitivo,SAN ROQUE [23080760],Pluviométrica,Convencional,Activa,Antioquia,San Roque,6.4875,-75.017,820,5/15/1975,,Monchia,Magdalena Cauca,Medio Magdalena,Río Nare,2015,17,Andes,Definitivo,1,1,0,10.2229385375977,10.2229385375977,5.04659175872803,14.3779497146606,14.3269958496094,3.05454540252686,6.04363632202148,5,10,0.869565188884735,0.876811623573303,1,1,22,1.05999994277954,1.05999994277954
04,2005-04-01,23080760,0,Definitivo,SAN ROQUE [23080760],Pluviométrica,Convencional,Activa,Antioquia,San Roque,6.4875,-75.017,820,5/15/1975,,Monchia,Magdalena Cauca,Medio Magdalena,Río Nare,2005,01,Andes,Definitivo,0,0,0,10.651349067688,10.651349067688,16.5922069549561,8.19611167907715,1.8512499332428,3.05454540252686,6.04363632202148,5,10,0.869565188884735,0.876811623573303,1,1,19,1.05999994277954,0
04,2005-04-02,23080760,60,Definitivo,SAN ROQUE [23080760],Pluviométrica,Convencional,Activa,Antioquia,San Roque,6.4875,-75.017,820,5/15/1975,,Monchia,Magdalena Cauca,Medio Magdalena,Río Nare,2005,02,Andes,Definitivo,60,60,0,11.450740814209,11.450740814209,0,21.3516311645508,11.8598175048828,3.05454540252686,6.04363632202148,5,10,0.869565188884735,0.876811623573303,1,1,19,1.05999994277954,63.5999965667725
04,2017-04-15,23080760,0,Definitivo,SAN ROQUE [23080760],Pluviométrica,Convencional,Activa,Antioquia,San Roque,6.4875,-75.017,820,5/15/1975,,Monchia,Magdalena Cauca,Medio Magdalena,Río Nare,2017,15,Andes,Definitivo,0,0,0,1.07522249221802,1.07522249221802,0,1.77625668048859,1.68421542644501,3.05454540252686,6.04363632202148,5,10,0.869565188884735,0.876811623573303,1,1,21,1.05999994277954,0
04,2017-04-14,23080760,15,Definitivo,SAN ROQUE [23080760],Pluviométrica,Convencional,Activa,Antioquia,San Roque,6.4875,-75.017,820,5/15/1975,,Monchia,Magdalena Cauca,Medio Magdalena,Río Nare,2017,14,Andes,Definitivo,15,15,0,0.440337300300598,0.440337300300598,40.0001373291016,32.9978790283203,5.02527332305908,3.05454540252686,6.04363632202148,5,10,0.869565188884735,0.876811623573303,1,1,21,1.05999994277954,15.8999991416931
04,2020-04-06,23080760,1,Definitivo,SAN ROQUE [23080760],Pluviométrica,Convencional,Activa,Antioquia,San Roque,6.4875,-75.017,820,5/15/1975,,Monchia,Magdalena Cauca,Medio Magdalena,Río Nare,2020,06,Andes,Definitivo,1,1,0,1.00286424160004,1.00286424160004,14.6258268356323,24.6492481231689,27.6840190887451,3.05454540252686,6.04363632202148,5,10,0.869565188884735,0.876811623573303,1,1,20,1.05999994277954,1.05999994277954
04,2021-04-03,23080760,55,Definitivo,SAN ROQUE [23080760],Pluviométrica,Convencional,Activa,Antioquia,San Roque,6.4875,-75.017,820,5/15/1975,,Monchia,Magdalena Cauca,Medio Magdalena,Río Nare,2021,03,Andes,Definitivo,55,55,0,18.6829700469971,18.6829700469971,14.2077798843384,22.0383758544922,45.3053512573242,3.05454540252686,6.04363632202148,5,10,0.869565188884735,0.876811623573303,1,1,19,1.05999994277954,58.2999968528748
04,2019-04-03,23080760,0,Definitivo,SAN ROQUE [23080760],Pluviométrica,Convencional,Activa,Antioquia,San Roque,6.4875,-75.017,820,5/15/1975,,Monchia,Magdalena Cauca,Medio Magdalena,Río Nare,2019,03,Andes,Definitivo,0,0,0,1.10479497909546,1.10479497909546,0,1.43333995342255,0,3.05454540252686,6.04363632202148,5,10,0.869565188884735,0.876811623573303,1,1,19,1.05999994277954,0
04,2012-04-02,23080760,5,Definitivo,SAN ROQUE [23080760],Pluviométrica,Convencional,Activa,Antioquia,San Roque,6.4875,-75.017,820,5/15/1975,,Monchia,Magdalena Cauca,Medio Magdalena,Río Nare,2012,02,Andes,Definitivo,5,5,0,1.63560521602631,1.63560521602631,8.27446174621582,22.097240447998,3.31486487388611,3.05454540252686,6.04363632202148,5,10,0.869565188884735,0.876811623573303,1,1,19,1.05999994277954,5.29999971389771
04,2010-04-02,23080760,3,Definitivo,SAN ROQUE [23080760],Pluviométrica,Convencional,Activa,Antioquia,San Roque,6.4875,-75.017,820,5/15/1975,,Monchia,Magdalena Cauca,Medio Magdalena,Río Nare,2010,02,Andes,Definitivo,3,3,0,6.99873161315918,6.99873161315918,11.3835639953613,4.79779100418091,20.5658378601074,3.05454540252686,6.04363632202148,5,10,0.869565188884735,0.876811623573303,1,1,19,1.05999994277954,3.17999982833862
04,2010-04-03,23080760,10,Definitivo,SAN ROQUE [23080760],Pluviométrica,Convencional,Activa,Antioquia,San Roque,6.4875,-75.017,820,5/15/1975,,Monchia,Magdalena Cauca,Medio Magdalena,Río Nare,2010,03,Andes,Definitivo,10,10,0,22.1080646514893,22.1080646514893,11.3835639953613,30.0918426513672,19.7060585021973,3.05454540252686,6.04363632202148,5,10,0.869565188884735,0.876811623573303,1,1,19,1.05999994277954,10.5999994277954
04,2013-04-01,23080760,10,Definitivo,SAN ROQUE [23080760],Pluviométrica,Convencional,Activa,Antioquia,San Roque,6.4875,-75.017,820,5/15/1975,,Monchia,Magdalena Cauca,Medio Magdalena,Río Nare,2013,01,Andes,Definitivo,10,10,0,1.23256695270538,1.23256695270538,0,10.3220863342285,1.35264992713928,3.05454540252686,6.04363632202148,5,10,0.869565188884735,0.876811623573303,1,1,19,1.05999994277954,10.5999994277954
04,2017-04-09,23080760,6,Definitivo,SAN ROQUE [23080760],Pluviométrica,Convencional,Activa,Antioquia,San Roque,6.4875,-75.017,820,5/15/1975,,Monchia,Magdalena Cauca,Medio Magdalena,Río Nare,2017,09,Andes,Definitivo,6,6,0,31.2369174957275,31.2369174957275,15.6828193664551,37.2925529479981,20.9040565490723,3.05454540252686,6.04363632202148,5,10,0.869565188884735,0.876811623573303,1,1,20,1.05999994277954,6.35999965667725
04,2017-04-10,23080760,9,Definitivo,SAN ROQUE [23080760],Pluviométrica,Convencional,Activa,Antioquia,San Roque,6.4875,-75.017,820,5/15/1975,,Monchia,Magdalena Cauca,Medio Magdalena,Río Nare,2017,10,Andes,Definitivo,9,9,0,7.95707702636719,7.95707702636719,0,13.0304412841797,14.2755632400513,3.05454540252686,6.04363632202148,5,10,0.869565188884735,0.876811623573303,1,1,20,1.05999994277954,9.53999948501587
04,2015-04-18,23080760,0,Definitivo,SAN ROQUE [23080760],Pluviométrica,Convencional,Activa,Antioquia,San Roque,6.4875,-75.017,820,5/15/1975,,Monchia,Magdalena Cauca,Medio Magdalena,Río Nare,2015,18,Andes,Definitivo,0,0,0,13.0519886016846,13.0519886016846,0,10.1096239089966,0.747368514537811,3.05454540252686,6.04363632202148,5,10,0.869565188884735,0.876811623573303,1,1,22,1.05999994277954,0
04,2017-04-18,23080760,57,Definitivo,SAN ROQUE [23080760],Pluviométrica,Convencional,Activa,Antioquia,San Roque,6.4875,-75.017,820,5/15/1975,,Monchia,Magdalena Cauca,Medio Magdalena,Río Nare,2017,18,Andes,Definitivo,57,57,0,10.6867809295654,10.6867809295654,0,3.50549554824829,3.55071520805359,3.05454540252686,6.04363632202148,5,10,0.869565188884735,0.876811623573303,1,1,22,1.05999994277954,60.4199967384338
04,2009-04-03,23080760,,"",SAN ROQUE [23080760],Pluviométrica,Convencional,Activa,Antioquia,San Roque,6.4875,-75.017,820,5/15/1975,,Monchia,Magdalena Cauca,Medio Magdalena,Río Nare,2009,03,Andes,Preliminar,0,0,0,2.62892413139343,2.62892413139343,0,5.37995433807373,2.01155066490173,3.05454540252686,6.04363632202148,5,10,0.869565188884735,0.876811623573303,1,1,19,1.05999994277954,0
04,2011-04-04,23080760,14,Definitivo,SAN ROQUE [23080760],Pluviométrica,Convencional,Activa,Antioquia,San Roque,6.4875,-75.017,820,5/15/1975,,Monchia,Magdalena Cauca,Medio Magdalena,Río Nare,2011,04,Andes,Definitivo,14,14,0,10.6201543807983,10.6201543807983,0,9.27672386169434,0.892359972000122,3.05454540252686,6.04363632202148,5,10,0.869565188884735,0.876811623573303,1,1,19,1.05999994277954,14.8399991989136
04,2011-04-05,23080760,27,Definitivo,SAN ROQUE [23080760],Pluviométrica,Convencional,Activa,Antioquia,San Roque,6.4875,-75.017,820,5/15/1975,,Monchia,Magdalena Cauca,Medio Magdalena,Río Nare,2011,05,Andes,Definitivo,27,27,0,14.7121639251709,14.7121639251709,33.831111907959,35.5690574645996,55.8394165039063,3.05454540252686,6.04363632202148,5,10,0.869565188884735,0.876811623573303,1,1,19,1.05999994277954,28.6199984550476
04,2012-04-01,23080760,15,Definitivo,SAN ROQUE [23080760],Pluviométrica,Convencional,Activa,Antioquia,San Roque,6.4875,-75.017,820,5/15/1975,,Monchia,Magdalena Cauca,Medio Magdalena,Río Nare,2012,01,Andes,Definitivo,15,15,0,3.92949151992798,3.92949151992798,24.8233890533447,4.25643920898438,2.22984647750855,3.05454540252686,6.04363632202148,5,10,0.869565188884735,0.876811623573303,1,1,19,1.05999994277954,15.8999991416931
04,2008-04-01,23080760,16,Definitivo,SAN ROQUE [23080760],Pluviométrica,Convencional,Activa,Antioquia,San Roque,6.4875,-75.017,820,5/15/1975,,Monchia,Magdalena Cauca,Medio Magdalena,Río Nare,2008,01,Andes,Definitivo,16,16,0,9.16360378265381,9.16360378265381,21.2466335296631,34.0346832275391,13.1472864151001,3.05454540252686,6.04363632202148,5,10,0.869565188884735,0.876811623573303,1,1,19,1.05999994277954,16.9599990844727
04,2017-04-02,23080760,3,Definitivo,SAN ROQUE [23080760],Pluviométrica,Convencional,Activa,Antioquia,San Roque,6.4875,-75.017,820,5/15/1975,,Monchia,Magdalena Cauca,Medio Magdalena,Río Nare,2017,02,Andes,Definitivo,3,3,0,3.28046369552612,3.28046369552612,0,2.01679944992065,0.139355659484863,3.05454540252686,6.04363632202148,5,10,0.869565188884735,0.876811623573303,1,1,19,1.05999994277954,3.17999982833862
04,2017-04-01,23080760,0,Definitivo,SAN ROQUE [23080760],Pluviométrica,Convencional,Activa,Antioquia,San Roque,6.4875,-75.017,820,5/15/1975,,Monchia,Magdalena Cauca,Medio Magdalena,Río Nare,2017,01,Andes,Definitivo,0,0,0,11.1294202804565,11.1294202804565,9.43533134460449,13.9914627075195,21.1121826171875,3.05454540252686,6.04363632202148,5,10,0.869565188884735,0.876811623573303,1,1,19,1.05999994277954,0
04,2016-04-13,23080760,33,Definitivo,SAN ROQUE [23080760],Pluviométrica,Convencional,Activa,Antioquia,San Roque,6.4875,-75.017,820,5/15/1975,,Monchia,Magdalena Cauca,Medio Magdalena,Río Nare,2016,13,Andes,Definitivo,33,33,0,9.45665073394775,9.45665073394775,0,13.986083984375,3.54239535331726,3.05454540252686,6.04363632202148,5,10,0.869565188884735,0.876811623573303,1,1,21,1.05999994277954,34.9799981117249
04,2008-04-02,23080760,42,Definitivo,SAN ROQUE [23080760],Pluviométrica,Convencional,Activa,Antioquia,San Roque,6.4875,-75.017,820,5/15/1975,,Monchia,Magdalena Cauca,Medio Magdalena,Río Nare,2008,02,Andes,Definitivo,42,42,0,2.59060668945313,2.59060668945313,0,9.52536773681641,0.415620803833008,3.05454540252686,6.04363632202148,5,10,0.869565188884735,0.876811623573303,1,1,19,1.05999994277954,44.5199975967407
04,2016-04-05,23080760,18,Definitivo,SAN ROQUE [23080760],Pluviométrica,Convencional,Activa,Antioquia,San Roque,6.4875,-75.017,820,5/15/1975,,Monchia,Magdalena Cauca,Medio Magdalena,Río Nare,2016,05,Andes,Definitivo,18,18,0,1.71227371692657,1.71227371692657,0,8.4017915725708,22.7828216552734,3.05454540252686,6.04363632202148,5,10,0.869565188884735,0.876811623573303,1,1,19,1.05999994277954,19.0799989700317
04,2019-04-04,23080760,0,Definitivo,SAN ROQUE [23080760],Pluviométrica,Convencional,Activa,Antioquia,San Roque,6.4875,-75.017,820,5/15/1975,,Monchia,Magdalena Cauca,Medio Magdalena,Río Nare,2019,04,Andes,Definitivo,0,0,0,5.75869274139404,5.75869274139404,0,7.4486141204834,0.592626869678497,3.05454540252686,6.04363632202148,5,10,0.869565188884735,0.876811623573303,1,1,19,1.05999994277954,0
04,2019-04-09,23080760,0,Definitivo,SAN ROQUE [23080760],Pluviométrica,Convencional,Activa,Antioquia,San Roque,6.4875,-75.017,820,5/15/1975,,Monchia,Magdalena Cauca,Medio Magdalena,Río Nare,2019,09,Andes,Definitivo,0,0,0,3.60572934150696,3.60572934150696,0,6.10753536224365,3.23105525970459,3.05454540252686,6.04363632202148,5,10,0.869565188884735,0.876811623573303,1,1,20,1.05999994277954,0
04,2016-04-14,23080760,,"",SAN ROQUE [23080760],Pluviométrica,Convencional,Activa,Antioquia,San Roque,6.4875,-75.017,820,5/15/1975,,Monchia,Magdalena Cauca,Medio Magdalena,Río Nare,2016,14,Andes,Preliminar,0,0,0,3.86116671562195,3.86116671562195,0,2.60948657989502,0,3.05454540252686,6.04363632202148,5,10,0.869565188884735,0.876811623573303,1,1,21,1.05999994277954,0
04,2015-04-19,23080760,0,Definitivo,SAN ROQUE [23080760],Pluviométrica,Convencional,Activa,Antioquia,San Roque,6.4875,-75.017,820,5/15/1975,,Monchia,Magdalena Cauca,Medio Magdalena,Río Nare,2015,19,Andes,Definitivo,0,0,0,13.6326246261597,13.6326246261597,15.1397752761841,5.82021427154541,8.61245441436768,3.05454540252686,6.04363632202148,5,10,0.869565188884735,0.876811623573303,1,1,22,1.05999994277954,0
04,2016-04-16,23080760,0,Definitivo,SAN ROQUE [23080760],Pluviométrica,Convencional,Activa,Antioquia,San Roque,6.4875,-75.017,820,5/15/1975,,Monchia,Magdalena Cauca,Medio Magdalena,Río Nare,2016,16,Andes,Definitivo,0,0,0,19.1789360046387,19.1789360046387,0,12.4391279220581,10.4593915939331,3.05454540252686,6.04363632202148,5,10,0.869565188884735,0.876811623573303,1,1,22,1.05999994277954,0
04,2015-04-03,23080760,10,Definitivo,SAN ROQUE [23080760],Pluviométrica,Convencional,Activa,Antioquia,San Roque,6.4875,-75.017,820,5/15/1975,,Monchia,Magdalena Cauca,Medio Magdalena,Río Nare,2015,03,Andes,Definitivo,10,10,0,14.543758392334,14.543758392334,14.9920654296875,25.4357681274414,41.5697326660156,3.05454540252686,6.04363632202148,5,10,0.869565188884735,0.876811623573303,1,1,19,1.05999994277954,10.5999994277954
04,2020-04-05,23080760,6,Definitivo,SAN ROQUE [23080760],Pluviométrica,Convencional,Activa,Antioquia,San Roque,6.4875,-75.017,820,5/15/1975,,Monchia,Magdalena Cauca,Medio Magdalena,Río Nare,2020,05,Andes,Definitivo,6,6,0,8.18206119537354,8.18206119537354,11.8622817993164,12.6833190917969,3.84868264198303,3.05454540252686,6.04363632202148,5,10,0.869565188884735,0.876811623573303,1,1,19,1.05999994277954,6.35999965667725
04,2021-04-02,23080760,15,Definitivo,SAN ROQUE [23080760],Pluviométrica,Convencional,Activa,Antioquia,San Roque,6.4875,-75.017,820,5/15/1975,,Monchia,Magdalena Cauca,Medio Magdalena,Río Nare,2021,02,Andes,Definitivo,15,15,0,15.0899896621704,15.0899896621704,0,16.0908031463623,1.77920615673065,3.05454540252686,6.04363632202148,5,10,0.869565188884735,0.876811623573303,1,1,19,1.05999994277954,15.8999991416931
04,2019-04-02,23080760,1,Definitivo,SAN ROQUE [23080760],Pluviométrica,Convencional,Activa,Antioquia,San Roque,6.4875,-75.017,820,5/15/1975,,Monchia,Magdalena Cauca,Medio Magdalena,Río Nare,2019,02,Andes,Definitivo,1,1,0,5.46378660202026,5.46378660202026,30.3402862548828,21.1927623748779,25.067512512207,3.05454540252686,6.04363632202148,5,10,0.869565188884735,0.876811623573303,1,1,19,1.05999994277954,1.05999994277954
04,2007-04-03,23080760,0,Definitivo,SAN ROQUE [23080760],Pluviométrica,Convencional,Activa,Antioquia,San Roque,6.4875,-75.017,820,5/15/1975,,Monchia,Magdalena Cauca,Medio Magdalena,Río Nare,2007,03,Andes,Definitivo,0,0,0,14.7537231445313,14.7537231445313,17.3779468536377,15.0102319717407,45.2387084960938,3.05454540252686,6.04363632202148,5,10,0.869565188884735,0.876811623573303,1,1,19,1.05999994277954,0
04,2018-04-07,23080760,3,Definitivo,SAN ROQUE [23080760],Pluviométrica,Convencional,Activa,Antioquia,San Roque,6.4875,-75.017,820,5/15/1975,,Monchia,Magdalena Cauca,Medio Magdalena,Río Nare,2018,07,Andes,Definitivo,3,3,0,4.36387157440186,4.36387157440186,0,25.1164302825928,13.6462593078613,3.05454540252686,6.04363632202148,5,10,0.869565188884735,0.876811623573303,1,1,20,1.05999994277954,3.17999982833862
04,2018-04-08,23080760,5,Definitivo,SAN ROQUE [23080760],Pluviométrica,Convencional,Activa,Antioquia,San Roque,6.4875,-75.017,820,5/15/1975,,Monchia,Magdalena Cauca,Medio Magdalena,Río Nare,2018,08,Andes,Definitivo,5,5,0,11.0340690612793,11.0340690612793,7.68176174163818,7.70827341079712,4.4027214050293,3.05454540252686,6.04363632202148,5,10,0.869565188884735,0.876811623573303,1,1,20,1.05999994277954,5.29999971389771
04,2015-04-02,23080760,12,Definitivo,SAN ROQUE [23080760],Pluviométrica,Convencional,Activa,Antioquia,San Roque,6.4875,-75.017,820,5/15/1975,,Monchia,Magdalena Cauca,Medio Magdalena,Río Nare,2015,02,Andes,Definitivo,12,12,0,7.72444725036621,7.72444725036621,0,11.1410417556763,0.975290536880493,3.05454540252686,6.04363632202148,5,10,0.869565188884735,0.876811623573303,1,1,19,1.05999994277954,12.7199993133545
04,2019-04-01,23080760,23,Definitivo,SAN ROQUE [23080760],Pluviométrica,Convencional,Activa,Antioquia,San Roque,6.4875,-75.017,820,5/15/1975,,Monchia,Magdalena Cauca,Medio Magdalena,Río Nare,2019,01,Andes,Definitivo,23,23,0,14.666069984436,14.666069984436,22.7552127838135,14.2918567657471,24.2611217498779,3.05454540252686,6.04363632202148,5,10,0.869565188884735,0.876811623573303,1,1,19,1.05999994277954,24.3799986839294
04,2010-04-01,23080760,,"",SAN ROQUE [23080760],Pluviométrica,Convencional,Activa,Antioquia,San Roque,6.4875,-75.017,820,5/15/1975,,Monchia,Magdalena Cauca,Medio Magdalena,Río Nare,2010,01,Andes,Preliminar,0,0,0,14.9972829818726,14.9972829818726,5.69178199768066,3.95360231399536,5.32670974731445,3.05454540252686,6.04363632202148,5,10,0.869565188884735,0.876811623573303,1,1,19,1.05999994277954,0
04,2005-04-03,23080760,0,Definitivo,SAN ROQUE [23080760],Pluviométrica,Convencional,Activa,Antioquia,San Roque,6.4875,-75.017,820,5/15/1975,,Monchia,Magdalena Cauca,Medio Magdalena,Río Nare,2005,03,Andes,Definitivo,0,0,0,18.9801445007324,18.9801445007324,33.1844139099121,42.4887733459473,59.8224105834961,3.05454540252686,6.04363632202148,5,10,0.869565188884735,0.876811623573303,1,1,19,1.05999994277954,0
04,2016-04-15,23080760,,"",SAN ROQUE [23080760],Pluviométrica,Convencional,Activa,Antioquia,San Roque,6.4875,-75.017,820,5/15/1975,,Monchia,Magdalena Cauca,Medio Magdalena,Río Nare,2016,15,Andes,Preliminar,0,0,0,2.10637378692627,2.10637378692627,0,1.29530596733093,0,3.05454540252686,6.04363632202148,5,10,0.869565188884735,0.876811623573303,1,1,21,1.05999994277954,0
04,2011-04-01,23080760,2,Definitivo,SAN ROQUE [23080760],Pluviométrica,Convencional,Activa,Antioquia,San Roque,6.4875,-75.017,820,5/15/1975,,Monchia,Magdalena Cauca,Medio Magdalena,Río Nare,2011,01,Andes,Definitivo,2,2,0,8.2258186340332,8.2258186340332,0,11.7678937911987,5.76885175704956,3.05454540252686,6.04363632202148,5,10,0.869565188884735,0.876811623573303,1,1,19,1.05999994277954,2.11999988555908
04,2011-04-02,23080760,,"",SAN ROQUE [23080760],Pluviométrica,Convencional,Activa,Antioquia,San Roque,6.4875,-75.017,820,5/15/1975,,Monchia,Magdalena Cauca,Medio Magdalena,Río Nare,2011,02,Andes,Preliminar,0,0,0,4.17837333679199,4.17837333679199,8.45777797698975,7.93561601638794,1.25027644634247,3.05454540252686,6.04363632202148,5,10,0.869565188884735,0.876811623573303,1,1,19,1.05999994277954,0
04,2014-04-06,23080760,10,Definitivo,SAN ROQUE [23080760],Pluviométrica,Convencional,Activa,Antioquia,San Roque,6.4875,-75.017,820,5/15/1975,,Monchia,Magdalena Cauca,Medio Magdalena,Río Nare,2014,06,Andes,Definitivo,10,10,0,1.28797805309296,1.28797805309296,0,0.573532521724701,0.312834858894348,3.05454540252686,6.04363632202148,5,10,0.869565188884735,0.876811623573303,1,1,20,1.05999994277954,10.5999994277954
04,2020-04-04,23080760,24,Definitivo,SAN ROQUE [23080760],Pluviométrica,Convencional,Activa,Antioquia,San Roque,6.4875,-75.017,820,5/15/1975,,Monchia,Magdalena Cauca,Medio Magdalena,Río Nare,2020,04,Andes,Definitivo,24,24,0,2.12364625930786,2.12364625930786,11.8622817993164,14.8384208679199,17.4738521575928,3.05454540252686,6.04363632202148,5,10,0.869565188884735,0.876811623573303,1,1,19,1.05999994277954,25.439998626709
04,2017-04-11,23080760,100,Definitivo,SAN ROQUE [23080760],Pluviométrica,Convencional,Activa,Antioquia,San Roque,6.4875,-75.017,820,5/15/1975,,Monchia,Magdalena Cauca,Medio Magdalena,Río Nare,2017,11,Andes,Definitivo,100,100,0,16.8049640655518,16.8049640655518,10.0000343322754,29.5787391662598,30.0068111419678,3.05454540252686,6.04363632202148,5,10,0.869565188884735,0.876811623573303,1,1,21,1.05999994277954,105.999994277954
04,2017-04-13,23080760,0,Definitivo,SAN ROQUE [23080760],Pluviométrica,Convencional,Activa,Antioquia,San Roque,6.4875,-75.017,820,5/15/1975,,Monchia,Magdalena Cauca,Medio Magdalena,Río Nare,2017,13,Andes,Definitivo,0,0,0,6.69782972335815,6.69782972335815,10.0000343322754,6.97518634796143,8.02214050292969,3.05454540252686,6.04363632202148,5,10,0.869565188884735,0.876811623573303,1,1,21,1.05999994277954,0
04,2018-04-11,23080760,2,Definitivo,SAN ROQUE [23080760],Pluviométrica,Convencional,Activa,Antioquia,San Roque,6.4875,-75.017,820,5/15/1975,,Monchia,Magdalena Cauca,Medio Magdalena,Río Nare,2018,11,Andes,Definitivo,2,2,0,5.29729652404785,5.29729652404785,18.6154441833496,21.6198196411133,3.48683738708496,3.05454540252686,6.04363632202148,5,10,0.869565188884735,0.876811623573303,1,1,21,1.05999994277954,2.11999988555908
04,2017-04-04,23080760,0,Definitivo,SAN ROQUE [23080760],Pluviométrica,Convencional,Activa,Antioquia,San Roque,6.4875,-75.017,820,5/15/1975,,Monchia,Magdalena Cauca,Medio Magdalena,Río Nare,2017,04,Andes,Definitivo,0,0,0,5.45957040786743,5.45957040786743,0,4.00959348678589,0,3.05454540252686,6.04363632202148,5,10,0.869565188884735,0.876811623573303,1,1,19,1.05999994277954,0
04,2021-04-01,23080760,5,Definitivo,SAN ROQUE [23080760],Pluviométrica,Convencional,Activa,Antioquia,San Roque,6.4875,-75.017,820,5/15/1975,,Monchia,Magdalena Cauca,Medio Magdalena,Río Nare,2021,01,Andes,Definitivo,5,5,0,3.86171221733093,3.86171221733093,28.4155597686768,9.14979934692383,0.993551671504974,3.05454540252686,6.04363632202148,5,10,0.869565188884735,0.876811623573303,1,1,19,1.05999994277954,5.29999971389771
04,2014-04-03,23080760,1,Definitivo,SAN ROQUE [23080760],Pluviométrica,Convencional,Activa,Antioquia,San Roque,6.4875,-75.017,820,5/15/1975,,Monchia,Magdalena Cauca,Medio Magdalena,Río Nare,2014,03,Andes,Definitivo,1,1,0,1.30475342273712,1.30475342273712,30.5488414764404,16.4756679534912,38.3683242797852,3.05454540252686,6.04363632202148,5,10,0.869565188884735,0.876811623573303,1,1,19,1.05999994277954,1.05999994277954
04,2017-04-12,23080760,2,Definitivo,SAN ROQUE [23080760],Pluviométrica,Convencional,Activa,Antioquia,San Roque,6.4875,-75.017,820,5/15/1975,,Monchia,Magdalena Cauca,Medio Magdalena,Río Nare,2017,12,Andes,Definitivo,2,2,0,31.3849773406982,31.3849773406982,10.0000343322754,21.3078765869141,47.8975028991699,3.05454540252686,6.04363632202148,5,10,0.869565188884735,0.876811623573303,1,1,21,1.05999994277954,2.11999988555908
04,2019-04-08,23080760,0,Definitivo,SAN ROQUE [23080760],Pluviométrica,Convencional,Activa,Antioquia,San Roque,6.4875,-75.017,820,5/15/1975,,Monchia,Magdalena Cauca,Medio Magdalena,Río Nare,2019,08,Andes,Definitivo,0,0,0,4.11183786392212,4.11183786392212,25.0176734924316,4.25110054016113,15.1935596466064,3.05454540252686,6.04363632202148,5,10,0.869565188884735,0.876811623573303,1,1,20,1.05999994277954,0
04,2013-04-03,23080760,,"",SAN ROQUE [23080760],Pluviométrica,Convencional,Activa,Antioquia,San Roque,6.4875,-75.017,820,5/15/1975,,Monchia,Magdalena Cauca,Medio Magdalena,Río Nare,2013,03,Andes,Preliminar,0,0,0,9.04985523223877,9.04985523223877,0,3.12645483016968,0.00493413582444191,3.05454540252686,6.04363632202148,5,10,0.869565188884735,0.876811623573303,1,1,19,1.05999994277954,0
04,2019-04-05,23080760,0,Definitivo,SAN ROQUE [23080760],Pluviométrica,Convencional,Activa,Antioquia,San Roque,6.4875,-75.017,820,5/15/1975,,Monchia,Magdalena Cauca,Medio Magdalena,Río Nare,2019,05,Andes,Definitivo,0,0,0,6.04938697814941,6.04938697814941,0,5.73993349075317,0.185252919793129,3.05454540252686,6.04363632202148,5,10,0.869565188884735,0.876811623573303,1,1,19,1.05999994277954,0
04,2018-04-01,23080760,34,Definitivo,SAN ROQUE [23080760],Pluviométrica,Convencional,Activa,Antioquia,San Roque,6.4875,-75.017,820,5/15/1975,,Monchia,Magdalena Cauca,Medio Magdalena,Río Nare,2018,01,Andes,Definitivo,34,34,0,2.53492665290833,2.53492665290833,23.0306491851807,44.1855392456055,39.8330268859863,3.05454540252686,6.04363632202148,5,10,0.869565188884735,0.876811623573303,1,1,19,1.05999994277954,36.0399980545044
04,2013-04-02,23080760,2,Definitivo,SAN ROQUE [23080760],Pluviométrica,Convencional,Activa,Antioquia,San Roque,6.4875,-75.017,820,5/15/1975,,Monchia,Magdalena Cauca,Medio Magdalena,Río Nare,2013,02,Andes,Definitivo,2,2,0,4.15046501159668,4.15046501159668,22.0200786590576,3.08522343635559,35.6684303283691,3.05454540252686,6.04363632202148,5,10,0.869565188884735,0.876811623573303,1,1,19,1.05999994277954,2.11999988555908
04,2019-04-07,23080760,7,Definitivo,SAN ROQUE [23080760],Pluviométrica,Convencional,Activa,Antioquia,San Roque,6.4875,-75.017,820,5/15/1975,,Monchia,Magdalena Cauca,Medio Magdalena,Río Nare,2019,07,Andes,Definitivo,7,7,0,10.5940313339233,10.5940313339233,0,3.89043354988098,0,3.05454540252686,6.04363632202148,5,10,0.869565188884735,0.876811623573303,1,1,20,1.05999994277954,7.41999959945679
04,2018-04-03,23080760,0,Definitivo,SAN ROQUE [23080760],Pluviométrica,Convencional,Activa,Antioquia,San Roque,6.4875,-75.017,820,5/15/1975,,Monchia,Magdalena Cauca,Medio Magdalena,Río Nare,2018,03,Andes,Definitivo,0,0,0,7.63703584671021,7.63703584671021,0,16.5552997589111,3.15782928466797,3.05454540252686,6.04363632202148,5,10,0.869565188884735,0.876811623573303,1,1,19,1.05999994277954,0
04,2014-04-02,23080760,19,Definitivo,SAN ROQUE [23080760],Pluviométrica,Convencional,Activa,Antioquia,San Roque,6.4875,-75.017,820,5/15/1975,,Monchia,Magdalena Cauca,Medio Magdalena,Río Nare,2014,02,Andes,Definitivo,19,19,0,0.721690595149994,0.721690595149994,0,0.485918283462524,0,3.05454540252686,6.04363632202148,5,10,0.869565188884735,0.876811623573303,1,1,19,1.05999994277954,20.1399989128113
04,2018-04-10,23080760,35,Definitivo,SAN ROQUE [23080760],Pluviométrica,Convencional,Activa,Antioquia,San Roque,6.4875,-75.017,820,5/15/1975,,Monchia,Magdalena Cauca,Medio Magdalena,Río Nare,2018,10,Andes,Definitivo,35,35,0,19.7779941558838,19.7779941558838,30.7270469665527,25.310115814209,28.1492671966553,3.05454540252686,6.04363632202148,5,10,0.869565188884735,0.876811623573303,1,1,20,1.05999994277954,37.0999979972839
04,2018-04-09,23080760,1,Definitivo,SAN ROQUE [23080760],Pluviométrica,Convencional,Activa,Antioquia,San Roque,6.4875,-75.017,820,5/15/1975,,Monchia,Magdalena Cauca,Medio Magdalena,Río Nare,2018,09,Andes,Definitivo,1,1,0,4.62228536605835,4.62228536605835,7.68176174163818,3.08373069763184,2.48766565322876,3.05454540252686,6.04363632202148,5,10,0.869565188884735,0.876811623573303,1,1,20,1.05999994277954,1.05999994277954
04,2020-04-03,23080760,37,Definitivo,SAN ROQUE [23080760],Pluviométrica,Convencional,Activa,Antioquia,San Roque,6.4875,-75.017,820,5/15/1975,,Monchia,Magdalena Cauca,Medio Magdalena,Río Nare,2020,03,Andes,Definitivo,37,37,0,0.578820645809174,0.578820645809174,0,7.37685585021973,0.518551766872406,3.05454540252686,6.04363632202148,5,10,0.869565188884735,0.876811623573303,1,1,19,1.05999994277954,39.219997882843
04,2016-04-02,23080760,0,Definitivo,SAN ROQUE [23080760],Pluviométrica,Convencional,Activa,Antioquia,San Roque,6.4875,-75.017,820,5/15/1975,,Monchia,Magdalena Cauca,Medio Magdalena,Río Nare,2016,02,Andes,Definitivo,0,0,0,14.4143762588501,14.4143762588501,26.6590824127197,13.9552631378174,11.614161491394,3.05454540252686,6.04363632202148,5,10,0.869565188884735,0.876811623573303,1,1,19,1.05999994277954,0
04,2019-04-06,23080760,0,Definitivo,SAN ROQUE [23080760],Pluviométrica,Convencional,Activa,Antioquia,San Roque,6.4875,-75.017,820,5/15/1975,,Monchia,Magdalena Cauca,Medio Magdalena,Río Nare,2019,06,Andes,Definitivo,0,0,0,9.38831424713135,9.38831424713135,0,5.71115684509277,10.154091835022,3.05454540252686,6.04363632202148,5,10,0.869565188884735,0.876811623573303,1,1,20,1.05999994277954,0
04,2018-04-02,23080760,2,Definitivo,SAN ROQUE [23080760],Pluviométrica,Convencional,Activa,Antioquia,San Roque,6.4875,-75.017,820,5/15/1975,,Monchia,Magdalena Cauca,Medio Magdalena,Río Nare,2018,02,Andes,Definitivo,2,2,0,9.73893356323242,9.73893356323242,46.0612983703613,14.0924396514893,24.5925216674805,3.05454540252686,6.04363632202148,5,10,0.869565188884735,0.876811623573303,1,1,19,1.05999994277954,2.11999988555908
04,2017-04-05,23080760,0,Definitivo,SAN ROQUE [23080760],Pluviométrica,Convencional,Activa,Antioquia,San Roque,6.4875,-75.017,820,5/15/1975,,Monchia,Magdalena Cauca,Medio Magdalena,Río Nare,2017,05,Andes,Definitivo,0,0,0,2.64334774017334,2.64334774017334,0,3.09337592124939,0,3.05454540252686,6.04363632202148,5,10,0.869565188884735,0.876811623573303,1,1,19,1.05999994277954,0
04,2016-04-01,23080760,19,Definitivo,SAN ROQUE [23080760],Pluviométrica,Convencional,Activa,Antioquia,San Roque,6.4875,-75.017,820,5/15/1975,,Monchia,Magdalena Cauca,Medio Magdalena,Río Nare,2016,01,Andes,Definitivo,19,19,0,1.89298295974731,1.89298295974731,0,10.1698980331421,17.4899673461914,3.05454540252686,6.04363632202148,5,10,0.869565188884735,0.876811623573303,1,1,19,1.05999994277954,20.1399989128113
04,2011-04-03,23080760,2,Definitivo,SAN ROQUE [23080760],Pluviométrica,Convencional,Activa,Antioquia,San Roque,6.4875,-75.017,820,5/15/1975,,Monchia,Magdalena Cauca,Medio Magdalena,Río Nare,2011,03,Andes,Definitivo,2,2,0,6.87378549575806,6.87378549575806,16.9155559539795,8.48953247070313,9.28791522979736,3.05454540252686,6.04363632202148,5,10,0.869565188884735,0.876811623573303,1,1,19,1.05999994277954,2.11999988555908
04,2014-04-01,23080760,0,Definitivo,SAN ROQUE [23080760],Pluviométrica,Convencional,Activa,Antioquia,San Roque,6.4875,-75.017,820,5/15/1975,,Monchia,Magdalena Cauca,Medio Magdalena,Río Nare,2014,01,Andes,Definitivo,0,0,0,2.16470956802368,2.16470956802368,0,1.33165466785431,0,3.05454540252686,6.04363632202148,5,10,0.869565188884735,0.876811623573303,1,1,19,1.05999994277954,0
05,2010-05-30,23080760,6,Definitivo,SAN ROQUE [23080760],Pluviométrica,Convencional,Activa,Antioquia,San Roque,6.4875,-75.017,820,5/15/1975,,Monchia,Magdalena Cauca,Medio Magdalena,Río Nare,2010,30,Andes,Definitivo,6,6,0,6.96162223815918,6.96162223815918,10.6427192687988,10.8365488052368,5.85843181610107,3.05454540252686,6.04363632202148,5,10,0.869565188884735,0.876811623573303,1,1,30,1.04999995231628,6.29999971389771
05,2010-05-31,23080760,8,Definitivo,SAN ROQUE [23080760],Pluviométrica,Convencional,Activa,Antioquia,San Roque,6.4875,-75.017,820,5/15/1975,,Monchia,Magdalena Cauca,Medio Magdalena,Río Nare,2010,31,Andes,Definitivo,8,8,0,2.50952982902527,2.50952982902527,21.2854385375977,15.0126285552979,17.8897743225098,3.05454540252686,6.04363632202148,5,10,0.869565188884735,0.876811623573303,1,1,30,1.04999995231628,8.39999961853027
05,2006-05-30,23080760,3,Definitivo,SAN ROQUE [23080760],Pluviométrica,Convencional,Activa,Antioquia,San Roque,6.4875,-75.017,820,5/15/1975,,Monchia,Magdalena Cauca,Medio Magdalena,Río Nare,2006,30,Andes,Definitivo,3,3,0,0.0855886340141296,0.0855886340141296,0,10.4215126037598,3.8604097366333,3.05454540252686,6.04363632202148,5,10,0.869565188884735,0.876811623573303,1,1,30,1.04999995231628,3.14999985694885
05,2008-05-29,23080760,8,Definitivo,SAN ROQUE [23080760],Pluviométrica,Convencional,Activa,Antioquia,San Roque,6.4875,-75.017,820,5/15/1975,,Monchia,Magdalena Cauca,Medio Magdalena,Río Nare,2008,29,Andes,Definitivo,8,8,0,26.5836982727051,26.5836982727051,0,8.85128021240234,37.2394866943359,3.05454540252686,6.04363632202148,5,10,0.869565188884735,0.876811623573303,1,1,30,1.04999995231628,8.39999961853027
05,2006-05-29,23080760,2,Definitivo,SAN ROQUE [23080760],Pluviométrica,Convencional,Activa,Antioquia,San Roque,6.4875,-75.017,820,5/15/1975,,Monchia,Magdalena Cauca,Medio Magdalena,Río Nare,2006,29,Andes,Definitivo,2,2,0,12.4103498458862,12.4103498458862,7.22862911224365,27.3741016387939,11.9209222793579,3.05454540252686,6.04363632202148,5,10,0.869565188884735,0.876811623573303,1,1,30,1.04999995231628,2.09999990463257
05,2005-05-25,23080760,0,Definitivo,SAN ROQUE [23080760],Pluviométrica,Convencional,Activa,Antioquia,San Roque,6.4875,-75.017,820,5/15/1975,,Monchia,Magdalena Cauca,Medio Magdalena,Río Nare,2005,25,Andes,Definitivo,0,0,0,4.55117893218994,4.55117893218994,8.03600692749023,2.60813498497009,3.35680985450745,3.05454540252686,6.04363632202148,5,10,0.869565188884735,0.876811623573303,1,1,29,1.04999995231628,0
05,2007-05-19,23080760,47,Definitivo,SAN ROQUE [23080760],Pluviométrica,Convencional,Activa,Antioquia,San Roque,6.4875,-75.017,820,5/15/1975,,Monchia,Magdalena Cauca,Medio Magdalena,Río Nare,2007,19,Andes,Definitivo,47,47,0,11.3878154754639,11.3878154754639,19.726448059082,30.036304473877,15.1410646438599,3.05454540252686,6.04363632202148,5,10,0.869565188884735,0.876811623573303,1,1,28,1.04999995231628,49.3499977588654
05,2004-05-28,23080760,1,Definitivo,SAN ROQUE [23080760],Pluviométrica,Convencional,Activa,Antioquia,San Roque,6.4875,-75.017,820,5/15/1975,,Monchia,Magdalena Cauca,Medio Magdalena,Río Nare,2004,28,Andes,Definitivo,1,1,0,17.8212547302246,17.8212547302246,14.6582775115967,48.4993629455567,30.5254573822022,3.05454540252686,6.04363632202148,5,10,0.869565188884735,0.876811623573303,1,1,30,1.04999995231628,1.04999995231628
05,2003-05-31,23080760,22,Definitivo,SAN ROQUE [23080760],Pluviométrica,Convencional,Activa,Antioquia,San Roque,6.4875,-75.017,820,5/15/1975,,Monchia,Magdalena Cauca,Medio Magdalena,Río Nare,2003,31,Andes,Definitivo,22,22,0,1.84925937652588,1.84925937652588,7.97440242767334,16.5688095092773,2.50230121612549,3.05454540252686,6.04363632202148,5,10,0.869565188884735,0.876811623573303,1,1,30,1.04999995231628,23.0999989509583
05,2005-05-24,23080760,3,Definitivo,SAN ROQUE [23080760],Pluviométrica,Convencional,Activa,Antioquia,San Roque,6.4875,-75.017,820,5/15/1975,,Monchia,Magdalena Cauca,Medio Magdalena,Río Nare,2005,24,Andes,Definitivo,3,3,0,4.75895071029663,4.75895071029663,0,26.1614589691162,4.87918901443481,3.05454540252686,6.04363632202148,5,10,0.869565188884735,0.876811623573303,1,1,29,1.04999995231628,3.14999985694885
05,2006-05-21,23080760,0,Definitivo,SAN ROQUE [23080760],Pluviométrica,Convencional,Activa,Antioquia,San Roque,6.4875,-75.017,820,5/15/1975,,Monchia,Magdalena Cauca,Medio Magdalena,Río Nare,2006,21,Andes,Definitivo,0,0,0,11.7119264602661,11.7119264602661,7.60604763031006,10.4249744415283,1.31388938426971,3.05454540252686,6.04363632202148,5,10,0.869565188884735,0.876811623573303,1,1,29,1.04999995231628,0
05,2016-05-31,23080760,,"",SAN ROQUE [23080760],Pluviométrica,Convencional,Activa,Antioquia,San Roque,6.4875,-75.017,820,5/15/1975,,Monchia,Magdalena Cauca,Medio Magdalena,Río Nare,2016,31,Andes,Preliminar,0,0,0,46.7019424438477,46.7019424438477,15.8504953384399,19.2382259368897,30.6864032745361,3.05454540252686,6.04363632202148,5,10,0.869565188884735,0.876811623573303,1,1,30,1.04999995231628,0
05,2008-05-30,23080760,,"",SAN ROQUE [23080760],Pluviométrica,Convencional,Activa,Antioquia,San Roque,6.4875,-75.017,820,5/15/1975,,Monchia,Magdalena Cauca,Medio Magdalena,Río Nare,2008,30,Andes,Preliminar,,,1,11.8311443328857,11.8311443328857,0,3.58995199203491,6.71836233139038,3.05454540252686,6.04363632202148,5,10,0.869565188884735,0.876811623573303,1,1,30,1.04999995231628,
05,2008-05-31,23080760,11,Definitivo,SAN ROQUE [23080760],Pluviométrica,Convencional,Activa,Antioquia,San Roque,6.4875,-75.017,820,5/15/1975,,Monchia,Magdalena Cauca,Medio Magdalena,Río Nare,2008,31,Andes,Definitivo,11,11,0,9.6484842300415,9.6484842300415,19.4229545593262,0.869688451290131,11.1846628189087,3.05454540252686,6.04363632202148,5,10,0.869565188884735,0.876811623573303,1,1,30,1.04999995231628,11.5499994754791
05,2007-05-28,23080760,33,Definitivo,SAN ROQUE [23080760],Pluviométrica,Convencional,Activa,Antioquia,San Roque,6.4875,-75.017,820,5/15/1975,,Monchia,Magdalena Cauca,Medio Magdalena,Río Nare,2007,28,Andes,Definitivo,33,33,0,3.35579085350037,3.35579085350037,14.005277633667,19.3409271240234,4.60090255737305,3.05454540252686,6.04363632202148,5,10,0.869565188884735,0.876811623573303,1,1,30,1.04999995231628,34.6499984264374
05,2013-05-29,23080760,12,Definitivo,SAN ROQUE [23080760],Pluviométrica,Convencional,Activa,Antioquia,San Roque,6.4875,-75.017,820,5/15/1975,,Monchia,Magdalena Cauca,Medio Magdalena,Río Nare,2013,29,Andes,Definitivo,12,12,0,2.07302618026733,2.07302618026733,38.3486595153809,42.6142082214356,26.35280418396,3.05454540252686,6.04363632202148,5,10,0.869565188884735,0.876811623573303,1,1,30,1.04999995231628,12.5999994277954
05,2006-05-22,23080760,6,Definitivo,SAN ROQUE [23080760],Pluviométrica,Convencional,Activa,Antioquia,San Roque,6.4875,-75.017,820,5/15/1975,,Monchia,Magdalena Cauca,Medio Magdalena,Río Nare,2006,22,Andes,Definitivo,6,6,0,12.4757480621338,12.4757480621338,0,8.11429405212402,7.79195165634155,3.05454540252686,6.04363632202148,5,10,0.869565188884735,0.876811623573303,1,1,29,1.04999995231628,6.29999971389771
05,2005-05-31,23080760,43,Definitivo,SAN ROQUE [23080760],Pluviométrica,Convencional,Activa,Antioquia,San Roque,6.4875,-75.017,820,5/15/1975,,Monchia,Magdalena Cauca,Medio Magdalena,Río Nare,2005,31,Andes,Definitivo,43,43,0,2.93147754669189,2.93147754669189,28.9097805023193,9.72885799407959,40.6507682800293,3.05454540252686,6.04363632202148,5,10,0.869565188884735,0.876811623573303,1,1,30,1.04999995231628,45.1499979496002
05,2004-05-27,23080760,60,Definitivo,SAN ROQUE [23080760],Pluviométrica,Convencional,Activa,Antioquia,San Roque,6.4875,-75.017,820,5/15/1975,,Monchia,Magdalena Cauca,Medio Magdalena,Río Nare,2004,27,Andes,Definitivo,60,60,0,6.66930294036865,6.66930294036865,29.3165550231934,12.0419216156006,43.2285499572754,3.05454540252686,6.04363632202148,5,10,0.869565188884735,0.876811623573303,1,1,30,1.04999995231628,62.9999971389771
05,2016-05-30,23080760,16,Definitivo,SAN ROQUE [23080760],Pluviométrica,Convencional,Activa,Antioquia,San Roque,6.4875,-75.017,820,5/15/1975,,Monchia,Magdalena Cauca,Medio Magdalena,Río Nare,2016,30,Andes,Definitivo,16,16,0,3.26154327392578,3.26154327392578,5.28349876403809,5.61371660232544,2.76754474639893,3.05454540252686,6.04363632202148,5,10,0.869565188884735,0.876811623573303,1,1,30,1.04999995231628,16.7999992370605
05,2013-05-30,23080760,48,Definitivo,SAN ROQUE [23080760],Pluviométrica,Convencional,Activa,Antioquia,San Roque,6.4875,-75.017,820,5/15/1975,,Monchia,Magdalena Cauca,Medio Magdalena,Río Nare,2013,30,Andes,Definitivo,48,48,0,14.0619859695435,14.0619859695435,7.66973114013672,10.4624795913696,16.1004199981689,3.05454540252686,6.04363632202148,5,10,0.869565188884735,0.876811623573303,1,1,30,1.04999995231628,50.3999977111817
05,2007-05-27,23080760,17,Definitivo,SAN ROQUE [23080760],Pluviométrica,Convencional,Activa,Antioquia,San Roque,6.4875,-75.017,820,5/15/1975,,Monchia,Magdalena Cauca,Medio Magdalena,Río Nare,2007,27,Andes,Definitivo,17,17,0,4.24783611297607,4.24783611297607,7.0026388168335,9.06846332550049,7.61507081985474,3.05454540252686,6.04363632202148,5,10,0.869565188884735,0.876811623573303,1,1,30,1.04999995231628,17.8499991893768
05,2006-05-23,23080760,0,Definitivo,SAN ROQUE [23080760],Pluviométrica,Convencional,Activa,Antioquia,San Roque,6.4875,-75.017,820,5/15/1975,,Monchia,Magdalena Cauca,Medio Magdalena,Río Nare,2006,23,Andes,Definitivo,0,0,0,0.218234688043594,0.218234688043594,0,5.02052974700928,6.5487232208252,3.05454540252686,6.04363632202148,5,10,0.869565188884735,0.876811623573303,1,1,29,1.04999995231628,0
05,2005-05-26,23080760,0,Definitivo,SAN ROQUE [23080760],Pluviométrica,Convencional,Activa,Antioquia,San Roque,6.4875,-75.017,820,5/15/1975,,Monchia,Magdalena Cauca,Medio Magdalena,Río Nare,2005,26,Andes,Definitivo,0,0,0,6.13778114318848,6.13778114318848,0,28.0608768463135,8.02309131622315,3.05454540252686,6.04363632202148,5,10,0.869565188884735,0.876811623573303,1,1,30,1.04999995231628,0
05,2007-05-18,23080760,3,Definitivo,SAN ROQUE [23080760],Pluviométrica,Convencional,Activa,Antioquia,San Roque,6.4875,-75.017,820,5/15/1975,,Monchia,Magdalena Cauca,Medio Magdalena,Río Nare,2007,18,Andes,Definitivo,3,3,0,8.43541812896729,8.43541812896729,39.4528961181641,73.8335571289063,65.5272750854492,3.05454540252686,6.04363632202148,5,10,0.869565188884735,0.876811623573303,1,1,28,1.04999995231628,3.14999985694885
05,2019-05-30,23080760,12,Definitivo,SAN ROQUE [23080760],Pluviométrica,Convencional,Activa,Antioquia,San Roque,6.4875,-75.017,820,5/15/1975,,Monchia,Magdalena Cauca,Medio Magdalena,Río Nare,2019,30,Andes,Definitivo,12,12,0,17.7953987121582,17.7953987121582,33.7109336853027,18.2782821655273,46.0960960388184,3.05454540252686,6.04363632202148,5,10,0.869565188884735,0.876811623573303,1,1,30,1.04999995231628,12.5999994277954
05,2010-05-29,23080760,24,Definitivo,SAN ROQUE [23080760],Pluviométrica,Convencional,Activa,Antioquia,San Roque,6.4875,-75.017,820,5/15/1975,,Monchia,Magdalena Cauca,Medio Magdalena,Río Nare,2010,29,Andes,Definitivo,24,24,0,22.1675128936768,22.1675128936768,10.6427192687988,42.9846801757813,41.9011573791504,3.05454540252686,6.04363632202148,5,10,0.869565188884735,0.876811623573303,1,1,30,1.04999995231628,25.1999988555908
05,2004-05-26,23080760,57,Definitivo,SAN ROQUE [23080760],Pluviométrica,Convencional,Activa,Antioquia,San Roque,6.4875,-75.017,820,5/15/1975,,Monchia,Magdalena Cauca,Medio Magdalena,Río Nare,2004,26,Andes,Definitivo,57,57,0,0.291554242372513,0.291554242372513,21.9874134063721,18.037841796875,13.6879911422729,3.05454540252686,6.04363632202148,5,10,0.869565188884735,0.876811623573303,1,1,30,1.04999995231628,59.8499972820282
05,2006-05-31,23080760,23,Definitivo,SAN ROQUE [23080760],Pluviométrica,Convencional,Activa,Antioquia,San Roque,6.4875,-75.017,820,5/15/1975,,Monchia,Magdalena Cauca,Medio Magdalena,Río Nare,2006,31,Andes,Definitivo,23,23,0,4.45060777664185,4.45060777664185,0,20.6994094848633,0.713923513889313,3.05454540252686,6.04363632202148,5,10,0.869565188884735,0.876811623573303,1,1,30,1.04999995231628,24.1499989032745
05,2009-05-29,23080760,4,Definitivo,SAN ROQUE [23080760],Pluviométrica,Convencional,Activa,Antioquia,San Roque,6.4875,-75.017,820,5/15/1975,,Monchia,Magdalena Cauca,Medio Magdalena,Río Nare,2009,29,Andes,Definitivo,4,4,0,11.5293655395508,11.5293655395508,0,14.9950017929077,11.0567235946655,3.05454540252686,6.04363632202148,5,10,0.869565188884735,0.876811623573303,1,1,30,1.04999995231628,4.19999980926514
05,2008-05-15,23080760,13,Definitivo,SAN ROQUE [23080760],Pluviométrica,Convencional,Activa,Antioquia,San Roque,6.4875,-75.017,820,5/15/1975,,Monchia,Magdalena Cauca,Medio Magdalena,Río Nare,2008,15,Andes,Definitivo,13,13,0,11.1565256118774,11.1565256118774,7.40733957290649,24.5018730163574,2.41298937797546,3.05454540252686,6.04363632202148,5,10,0.869565188884735,0.876811623573303,1,1,27,1.04999995231628,13.6499993801117
05,2008-05-16,23080760,14,Definitivo,SAN ROQUE [23080760],Pluviométrica,Convencional,Activa,Antioquia,San Roque,6.4875,-75.017,820,5/15/1975,,Monchia,Magdalena Cauca,Medio Magdalena,Río Nare,2008,16,Andes,Definitivo,14,14,0,13.3276510238647,13.3276510238647,18.6852321624756,12.08522605896,64.1102676391602,3.05454540252686,6.04363632202148,5,10,0.869565188884735,0.876811623573303,1,1,28,1.04999995231628,14.699999332428
05,2005-05-23,23080760,11,Definitivo,SAN ROQUE [23080760],Pluviométrica,Convencional,Activa,Antioquia,San Roque,6.4875,-75.017,820,5/15/1975,,Monchia,Magdalena Cauca,Medio Magdalena,Río Nare,2005,23,Andes,Definitivo,11,11,0,1.70174539089203,1.70174539089203,16.0720138549805,23.4343318939209,18.496618270874,3.05454540252686,6.04363632202148,5,10,0.869565188884735,0.876811623573303,1,1,29,1.04999995231628,11.5499994754791
05,2012-05-30,23080760,,"",SAN ROQUE [23080760],Pluviométrica,Convencional,Activa,Antioquia,San Roque,6.4875,-75.017,820,5/15/1975,,Monchia,Magdalena Cauca,Medio Magdalena,Río Nare,2012,30,Andes,Preliminar,0,0,0,0,0,0,0.16991451382637,0.027956310659647,3.05454540252686,6.04363632202148,5,10,0.869565188884735,0.876811623573303,1,1,30,1.04999995231628,0
05,2005-05-28,23080760,,"",SAN ROQUE [23080760],Pluviométrica,Convencional,Activa,Antioquia,San Roque,6.4875,-75.017,820,5/15/1975,,Monchia,Magdalena Cauca,Medio Magdalena,Río Nare,2005,28,Andes,Preliminar,0,0,0,14.2909526824951,14.2909526824951,9.63659286499023,10.8865604400635,9.5588846206665,3.05454540252686,6.04363632202148,5,10,0.869565188884735,0.876811623573303,1,1,30,1.04999995231628,0
05,2011-05-30,23080760,,"",SAN ROQUE [23080760],Pluviométrica,Convencional,Activa,Antioquia,San Roque,6.4875,-75.017,820,5/15/1975,,Monchia,Magdalena Cauca,Medio Magdalena,Río Nare,2011,30,Andes,Preliminar,0,0,0,3.48310542106628,3.48310542106628,0,0.391515344381332,0,3.05454540252686,6.04363632202148,5,10,0.869565188884735,0.876811623573303,1,1,30,1.04999995231628,0
05,2007-05-20,23080760,30,Definitivo,SAN ROQUE [23080760],Pluviométrica,Convencional,Activa,Antioquia,San Roque,6.4875,-75.017,820,5/15/1975,,Monchia,Magdalena Cauca,Medio Magdalena,Río Nare,2007,20,Andes,Definitivo,30,30,0,8.71659851074219,8.71659851074219,29.5896701812744,20.0936298370361,28.1507434844971,3.05454540252686,6.04363632202148,5,10,0.869565188884735,0.876811623573303,1,1,28,1.04999995231628,31.4999985694885
05,2005-05-27,23080760,15,Definitivo,SAN ROQUE [23080760],Pluviométrica,Convencional,Activa,Antioquia,San Roque,6.4875,-75.017,820,5/15/1975,,Monchia,Magdalena Cauca,Medio Magdalena,Río Nare,2005,27,Andes,Definitivo,15,15,0,16.0315189361572,16.0315189361572,0,12.4677219390869,3.36748147010803,3.05454540252686,6.04363632202148,5,10,0.869565188884735,0.876811623573303,1,1,30,1.04999995231628,15.7499992847443
05,2007-05-31,23080760,30,Definitivo,SAN ROQUE [23080760],Pluviométrica,Convencional,Activa,Antioquia,San Roque,6.4875,-75.017,820,5/15/1975,,Monchia,Magdalena Cauca,Medio Magdalena,Río Nare,2007,31,Andes,Definitivo,30,30,0,4.46022844314575,4.46022844314575,14.005277633667,17.8659229278564,18.2565040588379,3.05454540252686,6.04363632202148,5,10,0.869565188884735,0.876811623573303,1,1,30,1.04999995231628,31.4999985694885
05,2005-05-30,23080760,26,Definitivo,SAN ROQUE [23080760],Pluviométrica,Convencional,Activa,Antioquia,San Roque,6.4875,-75.017,820,5/15/1975,,Monchia,Magdalena Cauca,Medio Magdalena,Río Nare,2005,30,Andes,Definitivo,26,26,0,1.46573877334595,1.46573877334595,9.63659286499023,0.249598383903503,0.0439206063747406,3.05454540252686,6.04363632202148,5,10,0.869565188884735,0.876811623573303,1,1,30,1.04999995231628,27.2999987602234
05,2003-05-29,23080760,97,Definitivo,SAN ROQUE [23080760],Pluviométrica,Convencional,Activa,Antioquia,San Roque,6.4875,-75.017,820,5/15/1975,,Monchia,Magdalena Cauca,Medio Magdalena,Río Nare,2003,29,Andes,Definitivo,97,97,0,19.6522979736328,19.6522979736328,15.9488048553467,2.29776978492737,11.1173801422119,3.05454540252686,6.04363632202148,5,10,0.869565188884735,0.876811623573303,1,1,30,1.04999995231628,101.84999537468
05,2012-05-29,23080760,,"",SAN ROQUE [23080760],Pluviométrica,Convencional,Activa,Antioquia,San Roque,6.4875,-75.017,820,5/15/1975,,Monchia,Magdalena Cauca,Medio Magdalena,Río Nare,2012,29,Andes,Preliminar,0,0,0,0.972104847431183,0.972104847431183,0,0.0880003571510315,0.00291309063322842,3.05454540252686,6.04363632202148,5,10,0.869565188884735,0.876811623573303,1,1,30,1.04999995231628,0
05,2006-05-20,23080760,19,Definitivo,SAN ROQUE [23080760],Pluviométrica,Convencional,Activa,Antioquia,San Roque,6.4875,-75.017,820,5/15/1975,,Monchia,Magdalena Cauca,Medio Magdalena,Río Nare,2006,20,Andes,Definitivo,19,19,0,28.3040161132813,28.3040161132813,0,37.6642799377441,16.1180114746094,3.05454540252686,6.04363632202148,5,10,0.869565188884735,0.876811623573303,1,1,28,1.04999995231628,19.9499990940094
05,2014-05-31,23080760,27,Definitivo,SAN ROQUE [23080760],Pluviométrica,Convencional,Activa,Antioquia,San Roque,6.4875,-75.017,820,5/15/1975,,Monchia,Magdalena Cauca,Medio Magdalena,Río Nare,2014,31,Andes,Definitivo,27,27,0,45.6898574829102,45.6898574829102,17.2083282470703,8.03375816345215,11.8417024612427,3.05454540252686,6.04363632202148,5,10,0.869565188884735,0.876811623573303,1,1,30,1.04999995231628,28.3499987125397
05,2017-05-29,23080760,10,Definitivo,SAN ROQUE [23080760],Pluviométrica,Convencional,Activa,Antioquia,San Roque,6.4875,-75.017,820,5/15/1975,,Monchia,Magdalena Cauca,Medio Magdalena,Río Nare,2017,29,Andes,Definitivo,10,10,0,0,0,41.5657844543457,19.2706394195557,25.7051124572754,3.05454540252686,6.04363632202148,5,10,0.869565188884735,0.876811623573303,1,1,30,1.04999995231628,10.4999995231628
05,2017-05-30,23080760,39,Definitivo,SAN ROQUE [23080760],Pluviométrica,Convencional,Activa,Antioquia,San Roque,6.4875,-75.017,820,5/15/1975,,Monchia,Magdalena Cauca,Medio Magdalena,Río Nare,2017,30,Andes,Definitivo,39,39,0,63.6669273376465,63.6669273376465,27.7105197906494,34.2206878662109,4.4882984161377,3.05454540252686,6.04363632202148,5,10,0.869565188884735,0.876811623573303,1,1,30,1.04999995231628,40.9499981403351
05,2007-05-21,23080760,42,Definitivo,SAN ROQUE [23080760],Pluviométrica,Convencional,Activa,Antioquia,San Roque,6.4875,-75.017,820,5/15/1975,,Monchia,Magdalena Cauca,Medio Magdalena,Río Nare,2007,21,Andes,Definitivo,42,42,0,6.91236019134522,6.91236019134522,9.57751274108887,30.9138164520264,31.538537979126,3.05454540252686,6.04363632202148,5,10,0.869565188884735,0.876811623573303,1,1,29,1.04999995231628,44.0999979972839
05,2006-05-24,23080760,0,Definitivo,SAN ROQUE [23080760],Pluviométrica,Convencional,Activa,Antioquia,San Roque,6.4875,-75.017,820,5/15/1975,,Monchia,Magdalena Cauca,Medio Magdalena,Río Nare,2006,24,Andes,Definitivo,0,0,0,0,0,15.2120952606201,12.5903778076172,25.7804012298584,3.05454540252686,6.04363632202148,5,10,0.869565188884735,0.876811623573303,1,1,29,1.04999995231628,0
05,2007-05-29,23080760,3,Definitivo,SAN ROQUE [23080760],Pluviométrica,Convencional,Activa,Antioquia,San Roque,6.4875,-75.017,820,5/15/1975,,Monchia,Magdalena Cauca,Medio Magdalena,Río Nare,2007,29,Andes,Definitivo,3,3,0,42.3509292602539,42.3509292602539,21.0079193115234,14.778205871582,18.3854808807373,3.05454540252686,6.04363632202148,5,10,0.869565188884735,0.876811623573303,1,1,30,1.04999995231628,3.14999985694885
05,2011-05-31,23080760,6,Definitivo,SAN ROQUE [23080760],Pluviométrica,Convencional,Activa,Antioquia,San Roque,6.4875,-75.017,820,5/15/1975,,Monchia,Magdalena Cauca,Medio Magdalena,Río Nare,2011,31,Andes,Definitivo,6,6,0,5.33658027648926,5.33658027648926,10.9455823898315,4.21625471115112,4.77208852767944,3.05454540252686,6.04363632202148,5,10,0.869565188884735,0.876811623573303,1,1,30,1.04999995231628,6.29999971389771
05,2013-05-31,23080760,61,Definitivo,SAN ROQUE [23080760],Pluviométrica,Convencional,Activa,Antioquia,San Roque,6.4875,-75.017,820,5/15/1975,,Monchia,Magdalena Cauca,Medio Magdalena,Río Nare,2013,31,Andes,Definitivo,61,61,0,66.5593109130859,66.5593109130859,30.6789245605469,36.7657508850098,56.7442932128906,3.05454540252686,6.04363632202148,5,10,0.869565188884735,0.876811623573303,1,1,30,1.04999995231628,64.0499970912933
05,2007-05-30,23080760,40,Definitivo,SAN ROQUE [23080760],Pluviométrica,Convencional,Activa,Antioquia,San Roque,6.4875,-75.017,820,5/15/1975,,Monchia,Magdalena Cauca,Medio Magdalena,Río Nare,2007,30,Andes,Definitivo,40,40,0,7.34875679016113,7.34875679016113,0,16.1315422058105,11.3016567230225,3.05454540252686,6.04363632202148,5,10,0.869565188884735,0.876811623573303,1,1,30,1.04999995231628,41.9999980926514
05,2003-05-30,23080760,0,Definitivo,SAN ROQUE [23080760],Pluviométrica,Convencional,Activa,Antioquia,San Roque,6.4875,-75.017,820,5/15/1975,,Monchia,Magdalena Cauca,Medio Magdalena,Río Nare,2003,30,Andes,Definitivo,0,0,0,0,0,23.9232082366943,28.0501804351807,58.3442611694336,3.05454540252686,6.04363632202148,5,10,0.869565188884735,0.876811623573303,1,1,30,1.04999995231628,0
05,2014-05-30,23080760,30,Definitivo,SAN ROQUE [23080760],Pluviométrica,Convencional,Activa,Antioquia,San Roque,6.4875,-75.017,820,5/15/1975,,Monchia,Magdalena Cauca,Medio Magdalena,Río Nare,2014,30,Andes,Definitivo,30,30,0,6.2018985748291,6.2018985748291,8.60416412353516,26.6684150695801,7.55096340179443,3.05454540252686,6.04363632202148,5,10,0.869565188884735,0.876811623573303,1,1,30,1.04999995231628,31.4999985694885
05,2004-05-25,23080760,14,Definitivo,SAN ROQUE [23080760],Pluviométrica,Convencional,Activa,Antioquia,San Roque,6.4875,-75.017,820,5/15/1975,,Monchia,Magdalena Cauca,Medio Magdalena,Río Nare,2004,25,Andes,Definitivo,14,14,0,4.26668167114258,4.26668167114258,0,1.01023828983307,2.65700006484985,3.05454540252686,6.04363632202148,5,10,0.869565188884735,0.876811623573303,1,1,29,1.04999995231628,14.699999332428
05,2011-05-27,23080760,0,Definitivo,SAN ROQUE [23080760],Pluviométrica,Convencional,Activa,Antioquia,San Roque,6.4875,-75.017,820,5/15/1975,,Monchia,Magdalena Cauca,Medio Magdalena,Río Nare,2011,27,Andes,Definitivo,0,0,0,1.34502851963043,1.34502851963043,5.47279119491577,4.34834432601929,2.65094494819641,3.05454540252686,6.04363632202148,5,10,0.869565188884735,0.876811623573303,1,1,30,1.04999995231628,0
05,2009-05-12,23080760,9,Definitivo,SAN ROQUE [23080760],Pluviométrica,Convencional,Activa,Antioquia,San Roque,6.4875,-75.017,820,5/15/1975,,Monchia,Magdalena Cauca,Medio Magdalena,Río Nare,2009,12,Andes,Definitivo,9,9,0,0,0,0,7.08408355712891,0.837083160877228,3.05454540252686,6.04363632202148,5,10,0.869565188884735,0.876811623573303,1,1,27,1.04999995231628,9.44999957084656
05,2007-05-13,23080760,0,Definitivo,SAN ROQUE [23080760],Pluviométrica,Convencional,Activa,Antioquia,San Roque,6.4875,-75.017,820,5/15/1975,,Monchia,Magdalena Cauca,Medio Magdalena,Río Nare,2007,13,Andes,Definitivo,0,0,0,1.01030051708221,1.01030051708221,20.531795501709,9.00287532806397,13.112021446228,3.05454540252686,6.04363632202148,5,10,0.869565188884735,0.876811623573303,1,1,27,1.04999995231628,0
05,2009-05-13,23080760,,"",SAN ROQUE [23080760],Pluviométrica,Convencional,Activa,Antioquia,San Roque,6.4875,-75.017,820,5/15/1975,,Monchia,Magdalena Cauca,Medio Magdalena,Río Nare,2009,13,Andes,Preliminar,0,0,0,12.3413333892822,12.3413333892822,10.6696290969849,12.1437749862671,26.475793838501,3.05454540252686,6.04363632202148,5,10,0.869565188884735,0.876811623573303,1,1,27,1.04999995231628,0
05,2009-05-14,23080760,,"",SAN ROQUE [23080760],Pluviométrica,Convencional,Activa,Antioquia,San Roque,6.4875,-75.017,820,5/15/1975,,Monchia,Magdalena Cauca,Medio Magdalena,Río Nare,2009,14,Andes,Preliminar,1,1,0,20.1057453155518,20.1057453155518,0,12.1980772018433,0.143794760107994,3.05454540252686,6.04363632202148,5,10,0.869565188884735,0.876811623573303,1,1,27,1.04999995231628,1.04999995231628
05,2008-05-17,23080760,0,Definitivo,SAN ROQUE [23080760],Pluviométrica,Convencional,Activa,Antioquia,San Roque,6.4875,-75.017,820,5/15/1975,,Monchia,Magdalena Cauca,Medio Magdalena,Río Nare,2008,17,Andes,Definitivo,0,0,0,10.6726360321045,10.6726360321045,0,10.178370475769,2.30871677398682,3.05454540252686,6.04363632202148,5,10,0.869565188884735,0.876811623573303,1,1,28,1.04999995231628,0
05,2006-05-25,23080760,4,Definitivo,SAN ROQUE [23080760],Pluviométrica,Convencional,Activa,Antioquia,San Roque,6.4875,-75.017,820,5/15/1975,,Monchia,Magdalena Cauca,Medio Magdalena,Río Nare,2006,25,Andes,Definitivo,4,4,0,1.23666322231293,1.23666322231293,7.60604763031006,5.44244432449341,0.157649427652359,3.05454540252686,6.04363632202148,5,10,0.869565188884735,0.876811623573303,1,1,29,1.04999995231628,4.19999980926514
05,2010-05-27,23080760,14,Definitivo,SAN ROQUE [23080760],Pluviométrica,Convencional,Activa,Antioquia,San Roque,6.4875,-75.017,820,5/15/1975,,Monchia,Magdalena Cauca,Medio Magdalena,Río Nare,2010,27,Andes,Definitivo,14,14,0,15.0943584442139,15.0943584442139,21.2854385375977,25.7546062469482,46.7764282226563,3.05454540252686,6.04363632202148,5,10,0.869565188884735,0.876811623573303,1,1,30,1.04999995231628,14.699999332428
05,2009-05-30,23080760,22,Definitivo,SAN ROQUE [23080760],Pluviométrica,Convencional,Activa,Antioquia,San Roque,6.4875,-75.017,820,5/15/1975,,Monchia,Magdalena Cauca,Medio Magdalena,Río Nare,2009,30,Andes,Definitivo,22,22,0,26.5257968902588,26.5257968902588,22.270637512207,5.33763933181763,1.33179450035095,3.05454540252686,6.04363632202148,5,10,0.869565188884735,0.876811623573303,1,1,30,1.04999995231628,23.0999989509583
05,2016-05-29,23080760,0,Definitivo,SAN ROQUE [23080760],Pluviométrica,Convencional,Activa,Antioquia,San Roque,6.4875,-75.017,820,5/15/1975,,Monchia,Magdalena Cauca,Medio Magdalena,Río Nare,2016,29,Andes,Definitivo,0,0,0,0.66328376531601,0.66328376531601,31.7009906768799,14.7205362319946,1.39906406402588,3.05454540252686,6.04363632202148,5,10,0.869565188884735,0.876811623573303,1,1,30,1.04999995231628,0
05,2005-05-29,23080760,,"",SAN ROQUE [23080760],Pluviométrica,Convencional,Activa,Antioquia,San Roque,6.4875,-75.017,820,5/15/1975,,Monchia,Magdalena Cauca,Medio Magdalena,Río Nare,2005,29,Andes,Preliminar,0,0,0,1.64895617961884,1.64895617961884,0,0.254754573106766,0.00422403402626514,3.05454540252686,6.04363632202148,5,10,0.869565188884735,0.876811623573303,1,1,30,1.04999995231628,0
05,2002-05-31,23080760,0,Definitivo,SAN ROQUE [23080760],Pluviométrica,Convencional,Activa,Antioquia,San Roque,6.4875,-75.017,820,5/15/1975,,Monchia,Magdalena Cauca,Medio Magdalena,Río Nare,2002,31,Andes,Definitivo,0,0,0,9.81954956054688,9.81954956054688,0,2.18625807762146,2.27382278442383,3.05454540252686,6.04363632202148,5,10,0.869565188884735,0.876811623573303,1,1,30,1.04999995231628,0
05,2008-05-28,23080760,50,Definitivo,SAN ROQUE [23080760],Pluviométrica,Convencional,Activa,Antioquia,San Roque,6.4875,-75.017,820,5/15/1975,,Monchia,Magdalena Cauca,Medio Magdalena,Río Nare,2008,28,Andes,Definitivo,50,50,0,7.47701501846314,7.47701501846314,38.8459091186523,38.8735733032227,15.9863128662109,3.05454540252686,6.04363632202148,5,10,0.869565188884735,0.876811623573303,1,1,30,1.04999995231628,52.4999976158142
05,2005-05-22,23080760,5,Definitivo,SAN ROQUE [23080760],Pluviométrica,Convencional,Activa,Antioquia,San Roque,6.4875,-75.017,820,5/15/1975,,Monchia,Magdalena Cauca,Medio Magdalena,Río Nare,2005,22,Andes,Definitivo,5,5,0,9.81471824645996,9.81471824645996,16.0720138549805,9.5770845413208,28.5493106842041,3.05454540252686,6.04363632202148,5,10,0.869565188884735,0.876811623573303,1,1,29,1.04999995231628,5.24999976158142
05,2013-05-27,23080760,9,Definitivo,SAN ROQUE [23080760],Pluviométrica,Convencional,Activa,Antioquia,San Roque,6.4875,-75.017,820,5/15/1975,,Monchia,Magdalena Cauca,Medio Magdalena,Río Nare,2013,27,Andes,Definitivo,9,9,0,12.7223491668701,12.7223491668701,8.89966106414795,7.50268173217773,6.42624568939209,3.05454540252686,6.04363632202148,5,10,0.869565188884735,0.876811623573303,1,1,30,1.04999995231628,9.44999957084656
05,2013-05-28,23080760,6,Definitivo,SAN ROQUE [23080760],Pluviométrica,Convencional,Activa,Antioquia,San Roque,6.4875,-75.017,820,5/15/1975,,Monchia,Magdalena Cauca,Medio Magdalena,Río Nare,2013,28,Andes,Definitivo,6,6,0,3.5363609790802,3.5363609790802,0,18.2591590881348,7.01078939437866,3.05454540252686,6.04363632202148,5,10,0.869565188884735,0.876811623573303,1,1,30,1.04999995231628,6.29999971389771
05,2012-05-31,23080760,,"",SAN ROQUE [23080760],Pluviométrica,Convencional,Activa,Antioquia,San Roque,6.4875,-75.017,820,5/15/1975,,Monchia,Magdalena Cauca,Medio Magdalena,Río Nare,2012,31,Andes,Preliminar,0,0,0,0.560597240924835,0.560597240924835,0,0.429351598024368,0.16158065199852,3.05454540252686,6.04363632202148,5,10,0.869565188884735,0.876811623573303,1,1,30,1.04999995231628,0
05,2015-05-30,23080760,12,Definitivo,SAN ROQUE [23080760],Pluviométrica,Convencional,Activa,Antioquia,San Roque,6.4875,-75.017,820,5/15/1975,,Monchia,Magdalena Cauca,Medio Magdalena,Río Nare,2015,30,Andes,Definitivo,12,12,0,35.3018531799316,35.3018531799316,13.7119703292847,22.4857921600342,68.1051559448242,3.05454540252686,6.04363632202148,5,10,0.869565188884735,0.876811623573303,1,1,30,1.04999995231628,12.5999994277954
05,2019-05-31,23080760,80,Definitivo,SAN ROQUE [23080760],Pluviométrica,Convencional,Activa,Antioquia,San Roque,6.4875,-75.017,820,5/15/1975,,Monchia,Magdalena Cauca,Medio Magdalena,Río Nare,2019,31,Andes,Definitivo,80,80,0,10.6854391098022,10.6854391098022,13.4843730926514,17.796875,8.70571804046631,3.05454540252686,6.04363632202148,5,10,0.869565188884735,0.876811623573303,1,1,30,1.04999995231628,83.9999961853027
05,2008-05-18,23080760,14,Definitivo,SAN ROQUE [23080760],Pluviométrica,Convencional,Activa,Antioquia,San Roque,6.4875,-75.017,820,5/15/1975,,Monchia,Magdalena Cauca,Medio Magdalena,Río Nare,2008,18,Andes,Definitivo,14,14,0,23.8951358795166,23.8951358795166,0,7.41315221786499,0.774743318557739,3.05454540252686,6.04363632202148,5,10,0.869565188884735,0.876811623573303,1,1,28,1.04999995231628,14.699999332428
05,2006-05-26,23080760,0.2,Definitivo,SAN ROQUE [23080760],Pluviométrica,Convencional,Activa,Antioquia,San Roque,6.4875,-75.017,820,5/15/1975,,Monchia,Magdalena Cauca,Medio Magdalena,Río Nare,2006,26,Andes,Definitivo,0.2,0.2,0,4.45060777664185,4.45060777664185,7.22862911224365,0.530607879161835,7.37157583236694,3.05454540252686,6.04363632202148,5,10,0.869565188884735,0.876811623573303,1,1,30,1.04999995231628,0.209999990463257
05,2008-05-26,23080760,12,Definitivo,SAN ROQUE [23080760],Pluviométrica,Convencional,Activa,Antioquia,San Roque,6.4875,-75.017,820,5/15/1975,,Monchia,Magdalena Cauca,Medio Magdalena,Río Nare,2008,26,Andes,Definitivo,12,12,0,10.0290498733521,10.0290498733521,0,23.3550090789795,13.1019525527954,3.05454540252686,6.04363632202148,5,10,0.869565188884735,0.876811623573303,1,1,30,1.04999995231628,12.5999994277954
05,2009-05-31,23080760,1,Definitivo,SAN ROQUE [23080760],Pluviométrica,Convencional,Activa,Antioquia,San Roque,6.4875,-75.017,820,5/15/1975,,Monchia,Magdalena Cauca,Medio Magdalena,Río Nare,2009,31,Andes,Definitivo,1,1,0,0.568672001361847,0.568672001361847,0,4.39957284927368,33.7423896789551,3.05454540252686,6.04363632202148,5,10,0.869565188884735,0.876811623573303,1,1,30,1.04999995231628,1.04999995231628
05,2004-05-31,23080760,9,Definitivo,SAN ROQUE [23080760],Pluviométrica,Convencional,Activa,Antioquia,San Roque,6.4875,-75.017,820,5/15/1975,,Monchia,Magdalena Cauca,Medio Magdalena,Río Nare,2004,31,Andes,Definitivo,9,9,0,2.24132323265076,2.24132323265076,14.6582775115967,2.10412693023682,26.5027179718018,3.05454540252686,6.04363632202148,5,10,0.869565188884735,0.876811623573303,1,1,30,1.04999995231628,9.44999957084656
05,2013-05-26,23080760,2,Definitivo,SAN ROQUE [23080760],Pluviométrica,Convencional,Activa,Antioquia,San Roque,6.4875,-75.017,820,5/15/1975,,Monchia,Magdalena Cauca,Medio Magdalena,Río Nare,2013,26,Andes,Definitivo,2,2,0,8.00288009643555,8.00288009643555,7.66973114013672,4.40917158126831,7.37890338897705,3.05454540252686,6.04363632202148,5,10,0.869565188884735,0.876811623573303,1,1,30,1.04999995231628,2.09999990463257
05,2003-05-28,23080760,3,Definitivo,SAN ROQUE [23080760],Pluviométrica,Convencional,Activa,Antioquia,San Roque,6.4875,-75.017,820,5/15/1975,,Monchia,Magdalena Cauca,Medio Magdalena,Río Nare,2003,28,Andes,Definitivo,3,3,0,14.7627325057983,14.7627325057983,0,22.9590435028076,0.115824289619923,3.05454540252686,6.04363632202148,5,10,0.869565188884735,0.876811623573303,1,1,30,1.04999995231628,3.14999985694885
05,2007-05-26,23080760,0,Definitivo,SAN ROQUE [23080760],Pluviométrica,Convencional,Activa,Antioquia,San Roque,6.4875,-75.017,820,5/15/1975,,Monchia,Magdalena Cauca,Medio Magdalena,Río Nare,2007,26,Andes,Definitivo,0,0,0,10.1948070526123,10.1948070526123,35.0131950378418,37.0638694763184,54.0893096923828,3.05454540252686,6.04363632202148,5,10,0.869565188884735,0.876811623573303,1,1,30,1.04999995231628,0
05,2008-05-14,23080760,1,Definitivo,SAN ROQUE [23080760],Pluviométrica,Convencional,Activa,Antioquia,San Roque,6.4875,-75.017,820,5/15/1975,,Monchia,Magdalena Cauca,Medio Magdalena,Río Nare,2008,14,Andes,Definitivo,1,1,0,3.5506227016449,3.5506227016449,0,8.28296089172363,0.684277713298798,3.05454540252686,6.04363632202148,5,10,0.869565188884735,0.876811623573303,1,1,27,1.04999995231628,1.04999995231628
05,2005-05-16,23080760,4,Definitivo,SAN ROQUE [23080760],Pluviométrica,Convencional,Activa,Antioquia,San Roque,6.4875,-75.017,820,5/15/1975,,Monchia,Magdalena Cauca,Medio Magdalena,Río Nare,2005,16,Andes,Definitivo,4,4,0,9.61592960357666,9.61592960357666,0,11.1453332901001,6.33897256851196,3.05454540252686,6.04363632202148,5,10,0.869565188884735,0.876811623573303,1,1,28,1.04999995231628,4.19999980926514
05,2006-05-14,23080760,0,Definitivo,SAN ROQUE [23080760],Pluviométrica,Convencional,Activa,Antioquia,San Roque,6.4875,-75.017,820,5/15/1975,,Monchia,Magdalena Cauca,Medio Magdalena,Río Nare,2006,14,Andes,Definitivo,0,0,0,3.28474450111389,3.28474450111389,0,1.9103991985321,0.6401407122612,3.05454540252686,6.04363632202148,5,10,0.869565188884735,0.876811623573303,1,1,27,1.04999995231628,0
05,2005-05-13,23080760,57,Definitivo,SAN ROQUE [23080760],Pluviométrica,Convencional,Activa,Antioquia,San Roque,6.4875,-75.017,820,5/15/1975,,Monchia,Magdalena Cauca,Medio Magdalena,Río Nare,2005,13,Andes,Definitivo,57,57,0,0,0,0,7.45609426498413,0.149268314242363,3.05454540252686,6.04363632202148,5,10,0.869565188884735,0.876811623573303,1,1,27,1.04999995231628,59.8499972820282
05,2007-05-14,23080760,20,Definitivo,SAN ROQUE [23080760],Pluviométrica,Convencional,Activa,Antioquia,San Roque,6.4875,-75.017,820,5/15/1975,,Monchia,Magdalena Cauca,Medio Magdalena,Río Nare,2007,14,Andes,Definitivo,20,20,0,0,0,0,10.9546632766724,2.18823742866516,3.05454540252686,6.04363632202148,5,10,0.869565188884735,0.876811623573303,1,1,27,1.04999995231628,20.9999990463257
05,2022-05-29,23080760,6,Definitivo,SAN ROQUE [23080760],Pluviométrica,Convencional,Activa,Antioquia,San Roque,6.4875,-75.017,820,5/15/1975,,Monchia,Magdalena Cauca,Medio Magdalena,Río Nare,2022,29,Andes,Definitivo,6,6,0,6.2100248336792,6.2100248336792,6.93151521682739,25.5311508178711,19.7301788330078,3.05454540252686,6.04363632202148,5,10,0.869565188884735,0.876811623573303,1,1,30,1.04999995231628,6.29999971389771
05,2007-05-22,23080760,0,Definitivo,SAN ROQUE [23080760],Pluviométrica,Convencional,Activa,Antioquia,San Roque,6.4875,-75.017,820,5/15/1975,,Monchia,Magdalena Cauca,Medio Magdalena,Río Nare,2007,22,Andes,Definitivo,0,0,0,34.6886329650879,34.6886329650879,28.732536315918,25.1493148803711,30.4922981262207,3.05454540252686,6.04363632202148,5,10,0.869565188884735,0.876811623573303,1,1,29,1.04999995231628,0
05,2007-05-23,23080760,24,Definitivo,SAN ROQUE [23080760],Pluviométrica,Convencional,Activa,Antioquia,San Roque,6.4875,-75.017,820,5/15/1975,,Monchia,Magdalena Cauca,Medio Magdalena,Río Nare,2007,23,Andes,Definitivo,24,24,0,2.71783494949341,2.71783494949341,9.57751274108887,10.3081207275391,10.9895620346069,3.05454540252686,6.04363632202148,5,10,0.869565188884735,0.876811623573303,1,1,29,1.04999995231628,25.1999988555908
05,2008-05-27,23080760,20,Definitivo,SAN ROQUE [23080760],Pluviométrica,Convencional,Activa,Antioquia,San Roque,6.4875,-75.017,820,5/15/1975,,Monchia,Magdalena Cauca,Medio Magdalena,Río Nare,2008,27,Andes,Definitivo,20,20,0,0.33579409122467,0.33579409122467,9.71147727966309,16.0499954223633,7.35870695114136,3.05454540252686,6.04363632202148,5,10,0.869565188884735,0.876811623573303,1,1,30,1.04999995231628,20.9999990463257
05,2014-05-29,23080760,20,Definitivo,SAN ROQUE [23080760],Pluviométrica,Convencional,Activa,Antioquia,San Roque,6.4875,-75.017,820,5/15/1975,,Monchia,Magdalena Cauca,Medio Magdalena,Río Nare,2014,29,Andes,Definitivo,20,20,0,6.39097309112549,6.39097309112549,25.8124942779541,61.0816764831543,62.4754905700684,3.05454540252686,6.04363632202148,5,10,0.869565188884735,0.876811623573303,1,1,30,1.04999995231628,20.9999990463257
05,2004-05-30,23080760,3,Definitivo,SAN ROQUE [23080760],Pluviométrica,Convencional,Activa,Antioquia,San Roque,6.4875,-75.017,820,5/15/1975,,Monchia,Magdalena Cauca,Medio Magdalena,Río Nare,2004,30,Andes,Definitivo,3,3,0,24.9096622467041,24.9096622467041,14.6582775115967,11.736777305603,7.66140747070313,3.05454540252686,6.04363632202148,5,10,0.869565188884735,0.876811623573303,1,1,30,1.04999995231628,3.14999985694885
05,2007-05-25,23080760,34,Definitivo,SAN ROQUE [23080760],Pluviométrica,Convencional,Activa,Antioquia,San Roque,6.4875,-75.017,820,5/15/1975,,Monchia,Magdalena Cauca,Medio Magdalena,Río Nare,2007,25,Andes,Definitivo,34,34,0,5.81616735458374,5.81616735458374,0,13.2419176101685,18.3990077972412,3.05454540252686,6.04363632202148,5,10,0.869565188884735,0.876811623573303,1,1,29,1.04999995231628,35.6999983787537
05,2004-05-24,23080760,0,Definitivo,SAN ROQUE [23080760],Pluviométrica,Convencional,Activa,Antioquia,San Roque,6.4875,-75.017,820,5/15/1975,,Monchia,Magdalena Cauca,Medio Magdalena,Río Nare,2004,24,Andes,Definitivo,0,0,0,0,0,18.6164226531982,7.22939729690552,40.2272338867188,3.05454540252686,6.04363632202148,5,10,0.869565188884735,0.876811623573303,1,1,29,1.04999995231628,0
05,2009-05-26,23080760,16,Definitivo,SAN ROQUE [23080760],Pluviométrica,Convencional,Activa,Antioquia,San Roque,6.4875,-75.017,820,5/15/1975,,Monchia,Magdalena Cauca,Medio Magdalena,Río Nare,2009,26,Andes,Definitivo,16,16,0,4.87957286834717,4.87957286834717,0,5.8629641532898,0.151657238602638,3.05454540252686,6.04363632202148,5,10,0.869565188884735,0.876811623573303,1,1,30,1.04999995231628,16.7999992370605
05,2009-05-27,23080760,,"",SAN ROQUE [23080760],Pluviométrica,Convencional,Activa,Antioquia,San Roque,6.4875,-75.017,820,5/15/1975,,Monchia,Magdalena Cauca,Medio Magdalena,Río Nare,2009,27,Andes,Preliminar,0,0,0,12.8226366043091,12.8226366043091,0,9.969313621521,0.0490789078176022,3.05454540252686,6.04363632202148,5,10,0.869565188884735,0.876811623573303,1,1,30,1.04999995231628,0
05,2011-05-28,23080760,,"",SAN ROQUE [23080760],Pluviométrica,Convencional,Activa,Antioquia,San Roque,6.4875,-75.017,820,5/15/1975,,Monchia,Magdalena Cauca,Medio Magdalena,Río Nare,2011,28,Andes,Preliminar,0,0,0,1.1564519405365,1.1564519405365,0,3.24983763694763,1.94693207740784,3.05454540252686,6.04363632202148,5,10,0.869565188884735,0.876811623573303,1,1,30,1.04999995231628,0
05,2011-05-29,23080760,,"",SAN ROQUE [23080760],Pluviométrica,Convencional,Activa,Antioquia,San Roque,6.4875,-75.017,820,5/15/1975,,Monchia,Magdalena Cauca,Medio Magdalena,Río Nare,2011,29,Andes,Preliminar,0,0,0,4.85567092895508,4.85567092895508,0,11.3145761489868,0,3.05454540252686,6.04363632202148,5,10,0.869565188884735,0.876811623573303,1,1,30,1.04999995231628,0
05,2016-05-26,23080760,6,Definitivo,SAN ROQUE [23080760],Pluviométrica,Convencional,Activa,Antioquia,San Roque,6.4875,-75.017,820,5/15/1975,,Monchia,Magdalena Cauca,Medio Magdalena,Río Nare,2016,26,Andes,Definitivo,6,6,0,18.3697528839111,18.3697528839111,21.1339950561523,22.2720050811768,16.5408744812012,3.05454540252686,6.04363632202148,5,10,0.869565188884735,0.876811623573303,1,1,30,1.04999995231628,6.29999971389771
05,2010-05-12,23080760,,"",SAN ROQUE [23080760],Pluviométrica,Convencional,Activa,Antioquia,San Roque,6.4875,-75.017,820,5/15/1975,,Monchia,Magdalena Cauca,Medio Magdalena,Río Nare,2010,12,Andes,Preliminar,0,0,0,24.7412261962891,24.7412261962891,9.23657321929932,10.5209922790527,13.1478757858276,3.05454540252686,6.04363632202148,5,10,0.869565188884735,0.876811623573303,1,1,27,1.04999995231628,0
05,2009-05-15,23080760,20,Definitivo,SAN ROQUE [23080760],Pluviométrica,Convencional,Activa,Antioquia,San Roque,6.4875,-75.017,820,5/15/1975,,Monchia,Magdalena Cauca,Medio Magdalena,Río Nare,2009,15,Andes,Definitivo,20,20,0,18.9615173339844,18.9615173339844,14.2261724472046,15.1542072296143,3.7440779209137,3.05454540252686,6.04363632202148,5,10,0.869565188884735,0.876811623573303,1,1,27,1.04999995231628,20.9999990463257
05,2009-05-16,23080760,54,Definitivo,SAN ROQUE [23080760],Pluviométrica,Convencional,Activa,Antioquia,San Roque,6.4875,-75.017,820,5/15/1975,,Monchia,Magdalena Cauca,Medio Magdalena,Río Nare,2009,16,Andes,Definitivo,54,54,0,10.9476194381714,10.9476194381714,0,10.9886035919189,24.552059173584,3.05454540252686,6.04363632202148,5,10,0.869565188884735,0.876811623573303,1,1,28,1.04999995231628,56.6999974250794
05,2007-05-24,23080760,19,Definitivo,SAN ROQUE [23080760],Pluviométrica,Convencional,Activa,Antioquia,San Roque,6.4875,-75.017,820,5/15/1975,,Monchia,Magdalena Cauca,Medio Magdalena,Río Nare,2007,24,Andes,Definitivo,19,19,0,8.32563495635986,8.32563495635986,28.732536315918,22.4984798431397,10.692234992981,3.05454540252686,6.04363632202148,5,10,0.869565188884735,0.876811623573303,1,1,29,1.04999995231628,19.9499990940094
05,2010-05-28,23080760,0,Definitivo,SAN ROQUE [23080760],Pluviométrica,Convencional,Activa,Antioquia,San Roque,6.4875,-75.017,820,5/15/1975,,Monchia,Magdalena Cauca,Medio Magdalena,Río Nare,2010,28,Andes,Definitivo,0,0,0,9.26667308807373,9.26667308807373,0,16.4012413024902,4.54437160491943,3.05454540252686,6.04363632202148,5,10,0.869565188884735,0.876811623573303,1,1,30,1.04999995231628,0
05,2006-05-28,23080760,10,Definitivo,SAN ROQUE [23080760],Pluviométrica,Convencional,Activa,Antioquia,San Roque,6.4875,-75.017,820,5/15/1975,,Monchia,Magdalena Cauca,Medio Magdalena,Río Nare,2006,28,Andes,Definitivo,10,10,0,22.9377498626709,22.9377498626709,7.22862911224365,6.58427858352661,7.03754138946533,3.05454540252686,6.04363632202148,5,10,0.869565188884735,0.876811623573303,1,1,30,1.04999995231628,10.4999995231628
05,2002-05-30,23080760,7,Definitivo,SAN ROQUE [23080760],Pluviométrica,Convencional,Activa,Antioquia,San Roque,6.4875,-75.017,820,5/15/1975,,Monchia,Magdalena Cauca,Medio Magdalena,Río Nare,2002,30,Andes,Definitivo,7,7,0,4.40760278701782,4.40760278701782,0,3.85176515579224,2.6080436706543,3.05454540252686,6.04363632202148,5,10,0.869565188884735,0.876811623573303,1,1,30,1.04999995231628,7.34999966621399
05,2009-05-19,23080760,,"",SAN ROQUE [23080760],Pluviométrica,Convencional,Activa,Antioquia,San Roque,6.4875,-75.017,820,5/15/1975,,Monchia,Magdalena Cauca,Medio Magdalena,Río Nare,2009,19,Andes,Preliminar,0,0,0,1.90098214149475,1.90098214149475,16.9319343566895,10.5387659072876,7.45783805847168,3.05454540252686,6.04363632202148,5,10,0.869565188884735,0.876811623573303,1,1,28,1.04999995231628,0
05,2007-05-17,23080760,4,Definitivo,SAN ROQUE [23080760],Pluviométrica,Convencional,Activa,Antioquia,San Roque,6.4875,-75.017,820,5/15/1975,,Monchia,Magdalena Cauca,Medio Magdalena,Río Nare,2007,17,Andes,Definitivo,4,4,0,20.2450046539307,20.2450046539307,9.86322402954102,8.89813804626465,27.6853141784668,3.05454540252686,6.04363632202148,5,10,0.869565188884735,0.876811623573303,1,1,28,1.04999995231628,4.19999980926514
05,2007-05-16,23080760,21,Definitivo,SAN ROQUE [23080760],Pluviométrica,Convencional,Activa,Antioquia,San Roque,6.4875,-75.017,820,5/15/1975,,Monchia,Magdalena Cauca,Medio Magdalena,Río Nare,2007,16,Andes,Definitivo,21,21,0,6.60774421691895,6.60774421691895,19.726448059082,17.2508525848389,13.608097076416,3.05454540252686,6.04363632202148,5,10,0.869565188884735,0.876811623573303,1,1,28,1.04999995231628,22.049998998642
05,2007-05-15,23080760,1,Definitivo,SAN ROQUE [23080760],Pluviométrica,Convencional,Activa,Antioquia,San Roque,6.4875,-75.017,820,5/15/1975,,Monchia,Magdalena Cauca,Medio Magdalena,Río Nare,2007,15,Andes,Definitivo,1,1,0,5.90015602111816,5.90015602111816,6.84393215179443,4.70138645172119,19.0323371887207,3.05454540252686,6.04363632202148,5,10,0.869565188884735,0.876811623573303,1,1,27,1.04999995231628,1.04999995231628
05,2005-05-15,23080760,9,Definitivo,SAN ROQUE [23080760],Pluviométrica,Convencional,Activa,Antioquia,San Roque,6.4875,-75.017,820,5/15/1975,,Monchia,Magdalena Cauca,Medio Magdalena,Río Nare,2005,15,Andes,Definitivo,9,9,0,15.8804349899292,15.8804349899292,11.4706087112427,63.9945602416992,9.64985752105713,3.05454540252686,6.04363632202148,5,10,0.869565188884735,0.876811623573303,1,1,27,1.04999995231628,9.44999957084656
05,2007-05-12,23080760,3,Definitivo,SAN ROQUE [23080760],Pluviométrica,Convencional,Activa,Antioquia,San Roque,6.4875,-75.017,820,5/15/1975,,Monchia,Magdalena Cauca,Medio Magdalena,Río Nare,2007,12,Andes,Definitivo,3,3,0,0.121236085891724,0.121236085891724,0,6.15839576721191,0.807247519493103,3.05454540252686,6.04363632202148,5,10,0.869565188884735,0.876811623573303,1,1,27,1.04999995231628,3.14999985694885
05,2015-05-31,23080760,0,Definitivo,SAN ROQUE [23080760],Pluviométrica,Convencional,Activa,Antioquia,San Roque,6.4875,-75.017,820,5/15/1975,,Monchia,Magdalena Cauca,Medio Magdalena,Río Nare,2015,31,Andes,Definitivo,0,0,0,17.178373336792,17.178373336792,13.7119703292847,8.2434778213501,17.2333297729492,3.05454540252686,6.04363632202148,5,10,0.869565188884735,0.876811623573303,1,1,30,1.04999995231628,0
05,2017-05-31,23080760,10,Definitivo,SAN ROQUE [23080760],Pluviométrica,Convencional,Activa,Antioquia,San Roque,6.4875,-75.017,820,5/15/1975,,Monchia,Magdalena Cauca,Medio Magdalena,Río Nare,2017,31,Andes,Definitivo,10,10,0,7.97204732894898,7.97204732894898,13.8552598953247,44.0994338989258,75.5850982666016,3.05454540252686,6.04363632202148,5,10,0.869565188884735,0.876811623573303,1,1,30,1.04999995231628,10.4999995231628
05,2020-05-29,23080760,53,Definitivo,SAN ROQUE [23080760],Pluviométrica,Convencional,Activa,Antioquia,San Roque,6.4875,-75.017,820,5/15/1975,,Monchia,Magdalena Cauca,Medio Magdalena,Río Nare,2020,29,Andes,Definitivo,53,53,0,10.6609830856323,10.6609830856323,21.7540264129639,9.42857360839844,8.55108451843262,3.05454540252686,6.04363632202148,5,10,0.869565188884735,0.876811623573303,1,1,30,1.04999995231628,55.6499974727631
05,2008-05-19,23080760,22,Definitivo,SAN ROQUE [23080760],Pluviométrica,Convencional,Activa,Antioquia,San Roque,6.4875,-75.017,820,5/15/1975,,Monchia,Magdalena Cauca,Medio Magdalena,Río Nare,2008,19,Andes,Definitivo,22,22,0,4.86314678192139,4.86314678192139,18.6852321624756,26.4997577667236,8.42069339752197,3.05454540252686,6.04363632202148,5,10,0.869565188884735,0.876811623573303,1,1,28,1.04999995231628,23.0999989509583
05,2006-05-27,23080760,9,Definitivo,SAN ROQUE [23080760],Pluviométrica,Convencional,Activa,Antioquia,San Roque,6.4875,-75.017,820,5/15/1975,,Monchia,Magdalena Cauca,Medio Magdalena,Río Nare,2006,27,Andes,Definitivo,9,9,0,13.779767036438,13.779767036438,28.9145164489746,3.07445859909058,37.7799987792969,3.05454540252686,6.04363632202148,5,10,0.869565188884735,0.876811623573303,1,1,30,1.04999995231628,9.44999957084656
05,2008-05-21,23080760,,"",SAN ROQUE [23080760],Pluviométrica,Convencional,Activa,Antioquia,San Roque,6.4875,-75.017,820,5/15/1975,,Monchia,Magdalena Cauca,Medio Magdalena,Río Nare,2008,21,Andes,Preliminar,1,1,0,16.3390998840332,16.3390998840332,18.2415523529053,9.37230491638184,16.6750659942627,3.05454540252686,6.04363632202148,5,10,0.869565188884735,0.876811623573303,1,1,29,1.04999995231628,1.04999995231628
05,2009-05-18,23080760,2,Definitivo,SAN ROQUE [23080760],Pluviométrica,Convencional,Activa,Antioquia,San Roque,6.4875,-75.017,820,5/15/1975,,Monchia,Magdalena Cauca,Medio Magdalena,Río Nare,2009,18,Andes,Definitivo,2,2,0,6.92500686645508,6.92500686645508,0,16.9675483703613,11.4444093704224,3.05454540252686,6.04363632202148,5,10,0.869565188884735,0.876811623573303,1,1,28,1.04999995231628,2.09999990463257
05,2003-05-27,23080760,0,Definitivo,SAN ROQUE [23080760],Pluviométrica,Convencional,Activa,Antioquia,San Roque,6.4875,-75.017,820,5/15/1975,,Monchia,Magdalena Cauca,Medio Magdalena,Río Nare,2003,27,Andes,Definitivo,0,0,0,0.470150619745255,0.470150619745255,15.9488048553467,5.71771669387817,4.11390733718872,3.05454540252686,6.04363632202148,5,10,0.869565188884735,0.876811623573303,1,1,30,1.04999995231628,0
05,2008-05-22,23080760,26,Definitivo,SAN ROQUE [23080760],Pluviométrica,Convencional,Activa,Antioquia,San Roque,6.4875,-75.017,820,5/15/1975,,Monchia,Magdalena Cauca,Medio Magdalena,Río Nare,2008,22,Andes,Definitivo,26,26,0,2.34142875671387,2.34142875671387,9.12077617645264,11.1949977874756,7.80484390258789,3.05454540252686,6.04363632202148,5,10,0.869565188884735,0.876811623573303,1,1,29,1.04999995231628,27.2999987602234
05,2008-05-23,23080760,0,Definitivo,SAN ROQUE [23080760],Pluviométrica,Convencional,Activa,Antioquia,San Roque,6.4875,-75.017,820,5/15/1975,,Monchia,Magdalena Cauca,Medio Magdalena,Río Nare,2008,23,Andes,Definitivo,0,0,0,3.33399033546448,3.33399033546448,0,18.6527233123779,5.96518039703369,3.05454540252686,6.04363632202148,5,10,0.869565188884735,0.876811623573303,1,1,29,1.04999995231628,0
05,2010-05-24,23080760,12,Definitivo,SAN ROQUE [23080760],Pluviométrica,Convencional,Activa,Antioquia,San Roque,6.4875,-75.017,820,5/15/1975,,Monchia,Magdalena Cauca,Medio Magdalena,Río Nare,2010,24,Andes,Definitivo,12,12,0,6.59754180908203,6.59754180908203,16.2479209899902,18.6163291931152,20.8545227050781,3.05454540252686,6.04363632202148,5,10,0.869565188884735,0.876811623573303,1,1,29,1.04999995231628,12.5999994277954
05,2010-05-25,23080760,78,Definitivo,SAN ROQUE [23080760],Pluviométrica,Convencional,Activa,Antioquia,San Roque,6.4875,-75.017,820,5/15/1975,,Monchia,Magdalena Cauca,Medio Magdalena,Río Nare,2010,25,Andes,Definitivo,78,78,0,12.7036790847778,12.7036790847778,8.12396049499512,26.6580791473389,31.4551067352295,3.05454540252686,6.04363632202148,5,10,0.869565188884735,0.876811623573303,1,1,29,1.04999995231628,81.8999962806702
05,2009-05-28,23080760,17,Definitivo,SAN ROQUE [23080760],Pluviométrica,Convencional,Activa,Antioquia,San Roque,6.4875,-75.017,820,5/15/1975,,Monchia,Magdalena Cauca,Medio Magdalena,Río Nare,2009,28,Andes,Definitivo,17,17,0,6.00774478912354,6.00774478912354,22.270637512207,7.50771522521973,1.74056577682495,3.05454540252686,6.04363632202148,5,10,0.869565188884735,0.876811623573303,1,1,30,1.04999995231628,17.8499991893768
05,2006-05-11,23080760,18,Definitivo,SAN ROQUE [23080760],Pluviométrica,Convencional,Activa,Antioquia,San Roque,6.4875,-75.017,820,5/15/1975,,Monchia,Magdalena Cauca,Medio Magdalena,Río Nare,2006,11,Andes,Definitivo,18,18,0,14.6320447921753,14.6320447921753,7.88357019424439,35.6695175170898,15.5661859512329,3.05454540252686,6.04363632202148,5,10,0.869565188884735,0.876811623573303,1,1,27,1.04999995231628,18.8999991416931
05,2005-05-14,23080760,6,Definitivo,SAN ROQUE [23080760],Pluviométrica,Convencional,Activa,Antioquia,San Roque,6.4875,-75.017,820,5/15/1975,,Monchia,Magdalena Cauca,Medio Magdalena,Río Nare,2005,14,Andes,Definitivo,6,6,0,5.45095014572144,5.45095014572144,57.3530426025391,14.6330404281616,89.167236328125,3.05454540252686,6.04363632202148,5,10,0.869565188884735,0.876811623573303,1,1,27,1.04999995231628,6.29999971389771
05,2008-05-12,23080760,,"",SAN ROQUE [23080760],Pluviométrica,Convencional,Activa,Antioquia,San Roque,6.4875,-75.017,820,5/15/1975,,Monchia,Magdalena Cauca,Medio Magdalena,Río Nare,2008,12,Andes,Preliminar,0,0,0,8.68731021881104,8.68731021881104,22.222017288208,14.525146484375,53.8179588317871,3.05454540252686,6.04363632202148,5,10,0.869565188884735,0.876811623573303,1,1,27,1.04999995231628,0
05,2010-05-13,23080760,2,Definitivo,SAN ROQUE [23080760],Pluviométrica,Convencional,Activa,Antioquia,San Roque,6.4875,-75.017,820,5/15/1975,,Monchia,Magdalena Cauca,Medio Magdalena,Río Nare,2010,13,Andes,Definitivo,2,2,0,2.76985096931458,2.76985096931458,0,17.7892475128174,0.196792483329773,3.05454540252686,6.04363632202148,5,10,0.869565188884735,0.876811623573303,1,1,27,1.04999995231628,2.09999990463257
05,2008-05-20,23080760,12,Definitivo,SAN ROQUE [23080760],Pluviométrica,Convencional,Activa,Antioquia,San Roque,6.4875,-75.017,820,5/15/1975,,Monchia,Magdalena Cauca,Medio Magdalena,Río Nare,2008,20,Andes,Definitivo,12,12,0,2.27384972572327,2.27384972572327,37.3704643249512,54.2966003417969,34.8586845397949,3.05454540252686,6.04363632202148,5,10,0.869565188884735,0.876811623573303,1,1,28,1.04999995231628,12.5999994277954
05,2004-05-29,23080760,43,Definitivo,SAN ROQUE [23080760],Pluviométrica,Convencional,Activa,Antioquia,San Roque,6.4875,-75.017,820,5/15/1975,,Monchia,Magdalena Cauca,Medio Magdalena,Río Nare,2004,29,Andes,Definitivo,43,43,0,48.5620002746582,48.5620002746582,0,37.4345779418945,8.24849510192871,3.05454540252686,6.04363632202148,5,10,0.869565188884735,0.876811623573303,1,1,30,1.04999995231628,45.1499979496002
05,2002-05-29,23080760,35,Definitivo,SAN ROQUE [23080760],Pluviométrica,Convencional,Activa,Antioquia,San Roque,6.4875,-75.017,820,5/15/1975,,Monchia,Magdalena Cauca,Medio Magdalena,Río Nare,2002,29,Andes,Definitivo,35,35,0,3.00024032592773,3.00024032592773,56.360897064209,13.6911735534668,26.6231327056885,3.05454540252686,6.04363632202148,5,10,0.869565188884735,0.876811623573303,1,1,30,1.04999995231628,36.7499983310699
05,2010-05-15,23080760,0,Definitivo,SAN ROQUE [23080760],Pluviométrica,Convencional,Activa,Antioquia,San Roque,6.4875,-75.017,820,5/15/1975,,Monchia,Magdalena Cauca,Medio Magdalena,Río Nare,2010,15,Andes,Definitivo,0,0,0,3.8736264705658,3.8736264705658,0,6.35094499588013,1.28717124462128,3.05454540252686,6.04363632202148,5,10,0.869565188884735,0.876811623573303,1,1,27,1.04999995231628,0
05,2006-05-19,23080760,14,Definitivo,SAN ROQUE [23080760],Pluviométrica,Convencional,Activa,Antioquia,San Roque,6.4875,-75.017,820,5/15/1975,,Monchia,Magdalena Cauca,Medio Magdalena,Río Nare,2006,19,Andes,Definitivo,14,14,0,19.4119892120361,19.4119892120361,0,28.7539310455322,37.4927291870117,3.05454540252686,6.04363632202148,5,10,0.869565188884735,0.876811623573303,1,1,28,1.04999995231628,14.699999332428
05,2006-05-18,23080760,55,Definitivo,SAN ROQUE [23080760],Pluviométrica,Convencional,Activa,Antioquia,San Roque,6.4875,-75.017,820,5/15/1975,,Monchia,Magdalena Cauca,Medio Magdalena,Río Nare,2006,18,Andes,Definitivo,55,55,0,10.4925966262817,10.4925966262817,33.3817825317383,5.80298376083374,9.36767864227295,3.05454540252686,6.04363632202148,5,10,0.869565188884735,0.876811623573303,1,1,28,1.04999995231628,57.7499973773956
05,2006-05-17,23080760,2,Definitivo,SAN ROQUE [23080760],Pluviométrica,Convencional,Activa,Antioquia,San Roque,6.4875,-75.017,820,5/15/1975,,Monchia,Magdalena Cauca,Medio Magdalena,Río Nare,2006,17,Andes,Definitivo,2,2,0,0.793442726135254,0.793442726135254,33.3817825317383,39.2206344604492,51.771110534668,3.05454540252686,6.04363632202148,5,10,0.869565188884735,0.876811623573303,1,1,28,1.04999995231628,2.09999990463257
05,2006-05-16,23080760,31,Definitivo,SAN ROQUE [23080760],Pluviométrica,Convencional,Activa,Antioquia,San Roque,6.4875,-75.017,820,5/15/1975,,Monchia,Magdalena Cauca,Medio Magdalena,Río Nare,2006,16,Andes,Definitivo,31,31,0,0.109440378844738,0.109440378844738,22.2545223236084,15.2109756469727,11.9032697677612,3.05454540252686,6.04363632202148,5,10,0.869565188884735,0.876811623573303,1,1,28,1.04999995231628,32.5499985218048
05,2004-05-16,23080760,38,Definitivo,SAN ROQUE [23080760],Pluviométrica,Convencional,Activa,Antioquia,San Roque,6.4875,-75.017,820,5/15/1975,,Monchia,Magdalena Cauca,Medio Magdalena,Río Nare,2004,16,Andes,Definitivo,38,38,0,6.31123065948486,6.31123065948486,0,7.91574335098267,1.32026028633118,3.05454540252686,6.04363632202148,5,10,0.869565188884735,0.876811623573303,1,1,28,1.04999995231628,39.8999981880188
05,2012-05-26,23080760,10,Definitivo,SAN ROQUE [23080760],Pluviométrica,Convencional,Activa,Antioquia,San Roque,6.4875,-75.017,820,5/15/1975,,Monchia,Magdalena Cauca,Medio Magdalena,Río Nare,2012,26,Andes,Definitivo,10,10,0,25.011079788208,25.011079788208,6.94435453414917,11.8475170135498,11.71750831604,3.05454540252686,6.04363632202148,5,10,0.869565188884735,0.876811623573303,1,1,30,1.04999995231628,10.4999995231628
05,2016-05-27,23080760,25,Definitivo,SAN ROQUE [23080760],Pluviométrica,Convencional,Activa,Antioquia,San Roque,6.4875,-75.017,820,5/15/1975,,Monchia,Magdalena Cauca,Medio Magdalena,Río Nare,2016,27,Andes,Definitivo,25,25,0,13.3594560623169,13.3594560623169,0,14.6220655441284,13.4744215011597,3.05454540252686,6.04363632202148,5,10,0.869565188884735,0.876811623573303,1,1,30,1.04999995231628,26.2499988079071
05,2016-05-28,23080760,0,Definitivo,SAN ROQUE [23080760],Pluviométrica,Convencional,Activa,Antioquia,San Roque,6.4875,-75.017,820,5/15/1975,,Monchia,Magdalena Cauca,Medio Magdalena,Río Nare,2016,28,Andes,Definitivo,0,0,0,6.44037437438965,6.44037437438965,5.28349876403809,8.282057762146,19.8802947998047,3.05454540252686,6.04363632202148,5,10,0.869565188884735,0.876811623573303,1,1,30,1.04999995231628,0
05,2018-05-29,23080760,20,Definitivo,SAN ROQUE [23080760],Pluviométrica,Convencional,Activa,Antioquia,San Roque,6.4875,-75.017,820,5/15/1975,,Monchia,Magdalena Cauca,Medio Magdalena,Río Nare,2018,29,Andes,Definitivo,20,20,0,7.21040916442871,7.21040916442871,10.5920791625977,0.907066762447357,0.253413856029511,3.05454540252686,6.04363632202148,5,10,0.869565188884735,0.876811623573303,1,1,30,1.04999995231628,20.9999990463257
05,2010-05-14,23080760,,"",SAN ROQUE [23080760],Pluviométrica,Convencional,Activa,Antioquia,San Roque,6.4875,-75.017,820,5/15/1975,,Monchia,Magdalena Cauca,Medio Magdalena,Río Nare,2010,14,Andes,Preliminar,0,0,0,5.91456842422485,5.91456842422485,9.23657321929932,12.1202077865601,7.87218809127808,3.05454540252686,6.04363632202148,5,10,0.869565188884735,0.876811623573303,1,1,27,1.04999995231628,0
05,2009-05-17,23080760,,"",SAN ROQUE [23080760],Pluviométrica,Convencional,Activa,Antioquia,San Roque,6.4875,-75.017,820,5/15/1975,,Monchia,Magdalena Cauca,Medio Magdalena,Río Nare,2009,17,Andes,Preliminar,0,0,0,13.1201725006104,13.1201725006104,25.3979015350342,25.3873291015625,21.5643310546875,3.05454540252686,6.04363632202148,5,10,0.869565188884735,0.876811623573303,1,1,28,1.04999995231628,0
05,2011-05-12,23080760,18,Definitivo,SAN ROQUE [23080760],Pluviométrica,Convencional,Activa,Antioquia,San Roque,6.4875,-75.017,820,5/15/1975,,Monchia,Magdalena Cauca,Medio Magdalena,Río Nare,2011,12,Andes,Definitivo,18,18,0,12.7688608169556,12.7688608169556,38.2806777954102,17.9188709259033,39.3956909179688,3.05454540252686,6.04363632202148,5,10,0.869565188884735,0.876811623573303,1,1,27,1.04999995231628,18.8999991416931
05,2020-05-31,23080760,9,Definitivo,SAN ROQUE [23080760],Pluviométrica,Convencional,Activa,Antioquia,San Roque,6.4875,-75.017,820,5/15/1975,,Monchia,Magdalena Cauca,Medio Magdalena,Río Nare,2020,31,Andes,Definitivo,9,9,0,10.7475290298462,10.7475290298462,5.43850660324097,19.5587024688721,7.02632188796997,3.05454540252686,6.04363632202148,5,10,0.869565188884735,0.876811623573303,1,1,30,1.04999995231628,9.44999957084656
05,2010-05-16,23080760,2,Definitivo,SAN ROQUE [23080760],Pluviométrica,Convencional,Activa,Antioquia,San Roque,6.4875,-75.017,820,5/15/1975,,Monchia,Magdalena Cauca,Medio Magdalena,Río Nare,2010,16,Andes,Definitivo,2,2,0,4.34144735336304,4.34144735336304,24.584436416626,24.9366130828857,8.31767749786377,3.05454540252686,6.04363632202148,5,10,0.869565188884735,0.876811623573303,1,1,28,1.04999995231628,2.09999990463257
05,2010-05-17,23080760,,"",SAN ROQUE [23080760],Pluviométrica,Convencional,Activa,Antioquia,San Roque,6.4875,-75.017,820,5/15/1975,,Monchia,Magdalena Cauca,Medio Magdalena,Río Nare,2010,17,Andes,Preliminar,0,0,0,10.4558429718018,10.4558429718018,16.3896236419678,10.7073183059692,5.44543695449829,3.05454540252686,6.04363632202148,5,10,0.869565188884735,0.876811623573303,1,1,28,1.04999995231628,0
05,2009-05-20,23080760,9,Definitivo,SAN ROQUE [23080760],Pluviométrica,Convencional,Activa,Antioquia,San Roque,6.4875,-75.017,820,5/15/1975,,Monchia,Magdalena Cauca,Medio Magdalena,Río Nare,2009,20,Andes,Definitivo,9,9,0,6.21213817596436,6.21213817596436,0,1.46385014057159,0.327461868524551,3.05454540252686,6.04363632202148,5,10,0.869565188884735,0.876811623573303,1,1,28,1.04999995231628,9.44999957084656
05,2009-05-21,23080760,0,Definitivo,SAN ROQUE [23080760],Pluviométrica,Convencional,Activa,Antioquia,San Roque,6.4875,-75.017,820,5/15/1975,,Monchia,Magdalena Cauca,Medio Magdalena,Río Nare,2009,21,Andes,Definitivo,0,0,0,1.344806432724,1.344806432724,15.5554237365723,12.5162744522095,23.0428256988525,3.05454540252686,6.04363632202148,5,10,0.869565188884735,0.876811623573303,1,1,29,1.04999995231628,0
05,2008-05-24,23080760,20,Definitivo,SAN ROQUE [23080760],Pluviométrica,Convencional,Activa,Antioquia,San Roque,6.4875,-75.017,820,5/15/1975,,Monchia,Magdalena Cauca,Medio Magdalena,Río Nare,2008,24,Andes,Definitivo,20,20,0,6.40075302124023,6.40075302124023,9.12077617645264,19.2768840789795,5.72936677932739,3.05454540252686,6.04363632202148,5,10,0.869565188884735,0.876811623573303,1,1,29,1.04999995231628,20.9999990463257
05,2006-05-13,23080760,6,Definitivo,SAN ROQUE [23080760],Pluviométrica,Convencional,Activa,Antioquia,San Roque,6.4875,-75.017,820,5/15/1975,,Monchia,Magdalena Cauca,Medio Magdalena,Río Nare,2006,13,Andes,Definitivo,6,6,0,2.74724078178406,2.74724078178406,7.88357019424439,5.98584461212158,9.72732543945312,3.05454540252686,6.04363632202148,5,10,0.869565188884735,0.876811623573303,1,1,27,1.04999995231628,6.29999971389771
05,2005-05-12,23080760,,"",SAN ROQUE [23080760],Pluviométrica,Convencional,Activa,Antioquia,San Roque,6.4875,-75.017,820,5/15/1975,,Monchia,Magdalena Cauca,Medio Magdalena,Río Nare,2005,12,Andes,Preliminar,0,0,0,13.0822830200195,13.0822830200195,0,0.440509825944901,0.733364641666412,3.05454540252686,6.04363632202148,5,10,0.869565188884735,0.876811623573303,1,1,27,1.04999995231628,0
05,2004-05-11,23080760,6,Definitivo,SAN ROQUE [23080760],Pluviométrica,Convencional,Activa,Antioquia,San Roque,6.4875,-75.017,820,5/15/1975,,Monchia,Magdalena Cauca,Medio Magdalena,Río Nare,2004,11,Andes,Definitivo,6,6,0,17.8509197235107,17.8509197235107,8.08065509796143,8.62574195861816,6.09444952011108,3.05454540252686,6.04363632202148,5,10,0.869565188884735,0.876811623573303,1,1,27,1.04999995231628,6.29999971389771
05,2009-05-09,23080760,,"",SAN ROQUE [23080760],Pluviométrica,Convencional,Activa,Antioquia,San Roque,6.4875,-75.017,820,5/15/1975,,Monchia,Magdalena Cauca,Medio Magdalena,Río Nare,2009,09,Andes,Preliminar,0,0,0,1.42626106739044,1.42626106739044,8.00883865356445,5.14012575149536,2.99497771263123,3.05454540252686,6.04363632202148,5,10,0.869565188884735,0.876811623573303,1,1,26,1.04999995231628,0
05,2022-05-30,23080760,46,Definitivo,SAN ROQUE [23080760],Pluviométrica,Convencional,Activa,Antioquia,San Roque,6.4875,-75.017,820,5/15/1975,,Monchia,Magdalena Cauca,Medio Magdalena,Río Nare,2022,30,Andes,Definitivo,46,46,0,7.37556219100952,7.37556219100952,6.93151521682739,27.9961433410645,9.89368438720703,3.05454540252686,6.04363632202148,5,10,0.869565188884735,0.876811623573303,1,1,30,1.04999995231628,48.2999978065491
05,2022-05-31,23080760,18,Definitivo,SAN ROQUE [23080760],Pluviométrica,Convencional,Activa,Antioquia,San Roque,6.4875,-75.017,820,5/15/1975,,Monchia,Magdalena Cauca,Medio Magdalena,Río Nare,2022,31,Andes,Definitivo,18,18,0,60.1739768981934,60.1739768981934,34.6575736999512,22.3995189666748,34.5410461425781,3.05454540252686,6.04363632202148,5,10,0.869565188884735,0.876811623573303,1,1,30,1.04999995231628,18.8999991416931
05,2020-05-30,23080760,27,Definitivo,SAN ROQUE [23080760],Pluviométrica,Convencional,Activa,Antioquia,San Roque,6.4875,-75.017,820,5/15/1975,,Monchia,Magdalena Cauca,Medio Magdalena,Río Nare,2020,30,Andes,Definitivo,27,27,0,55.5869827270508,55.5869827270508,16.3155193328857,56.0449752807617,21.9772663116455,3.05454540252686,6.04363632202148,5,10,0.869565188884735,0.876811623573303,1,1,30,1.04999995231628,28.3499987125397
05,2004-05-23,23080760,35,Definitivo,SAN ROQUE [23080760],Pluviométrica,Convencional,Activa,Antioquia,San Roque,6.4875,-75.017,820,5/15/1975,,Monchia,Magdalena Cauca,Medio Magdalena,Río Nare,2004,23,Andes,Definitivo,35,35,0,6.43284273147583,6.43284273147583,0,3.05817914009094,0.799961030483246,3.05454540252686,6.04363632202148,5,10,0.869565188884735,0.876811623573303,1,1,29,1.04999995231628,36.7499983310699
05,2005-05-21,23080760,21,Definitivo,SAN ROQUE [23080760],Pluviométrica,Convencional,Activa,Antioquia,San Roque,6.4875,-75.017,820,5/15/1975,,Monchia,Magdalena Cauca,Medio Magdalena,Río Nare,2005,21,Andes,Definitivo,21,21,0,22.3898239135742,22.3898239135742,8.03600692749023,13.8455829620361,20.3446578979492,3.05454540252686,6.04363632202148,5,10,0.869565188884735,0.876811623573303,1,1,29,1.04999995231628,22.049998998642
05,2005-05-20,23080760,4,Definitivo,SAN ROQUE [23080760],Pluviométrica,Convencional,Activa,Antioquia,San Roque,6.4875,-75.017,820,5/15/1975,,Monchia,Magdalena Cauca,Medio Magdalena,Río Nare,2005,20,Andes,Definitivo,4,4,0,7.15765714645386,7.15765714645386,0,4.00569486618042,2.61872339248657,3.05454540252686,6.04363632202148,5,10,0.869565188884735,0.876811623573303,1,1,28,1.04999995231628,4.19999980926514
05,2005-05-19,23080760,0,Definitivo,SAN ROQUE [23080760],Pluviométrica,Convencional,Activa,Antioquia,San Roque,6.4875,-75.017,820,5/15/1975,,Monchia,Magdalena Cauca,Medio Magdalena,Río Nare,2005,19,Andes,Definitivo,0,0,0,38.1770629882813,38.1770629882813,25.4618644714355,18.9783611297607,31.373685836792,3.05454540252686,6.04363632202148,5,10,0.869565188884735,0.876811623573303,1,1,28,1.04999995231628,0
05,2005-05-18,23080760,14,Definitivo,SAN ROQUE [23080760],Pluviométrica,Convencional,Activa,Antioquia,San Roque,6.4875,-75.017,820,5/15/1975,,Monchia,Magdalena Cauca,Medio Magdalena,Río Nare,2005,18,Andes,Definitivo,14,14,0,5.15108013153076,5.15108013153076,5.09237289428711,8.20640468597412,5.3926157951355,3.05454540252686,6.04363632202148,5,10,0.869565188884735,0.876811623573303,1,1,28,1.04999995231628,14.699999332428
05,2005-05-17,23080760,9,Definitivo,SAN ROQUE [23080760],Pluviométrica,Convencional,Activa,Antioquia,San Roque,6.4875,-75.017,820,5/15/1975,,Monchia,Magdalena Cauca,Medio Magdalena,Río Nare,2005,17,Andes,Definitivo,9,9,0,7.29664039611816,7.29664039611816,15.2771186828613,19.8601398468018,16.4719429016113,3.05454540252686,6.04363632202148,5,10,0.869565188884735,0.876811623573303,1,1,28,1.04999995231628,9.44999957084656
05,2008-05-25,23080760,12,Definitivo,SAN ROQUE [23080760],Pluviométrica,Convencional,Activa,Antioquia,San Roque,6.4875,-75.017,820,5/15/1975,,Monchia,Magdalena Cauca,Medio Magdalena,Río Nare,2008,25,Andes,Definitivo,12,12,0,27.9826164245605,27.9826164245605,27.3623294830322,32.4638900756836,54.7863502502441,3.05454540252686,6.04363632202148,5,10,0.869565188884735,0.876811623573303,1,1,29,1.04999995231628,12.5999994277954
05,2010-05-26,23080760,36,Definitivo,SAN ROQUE [23080760],Pluviométrica,Convencional,Activa,Antioquia,San Roque,6.4875,-75.017,820,5/15/1975,,Monchia,Magdalena Cauca,Medio Magdalena,Río Nare,2010,26,Andes,Definitivo,36,36,0,25.9689865112305,25.9689865112305,31.9281539916992,21.3246097564697,15.3441429138184,3.05454540252686,6.04363632202148,5,10,0.869565188884735,0.876811623573303,1,1,30,1.04999995231628,37.7999982833862
05,2014-05-27,23080760,20,Definitivo,SAN ROQUE [23080760],Pluviométrica,Convencional,Activa,Antioquia,San Roque,6.4875,-75.017,820,5/15/1975,,Monchia,Magdalena Cauca,Medio Magdalena,Río Nare,2014,27,Andes,Definitivo,20,20,0,7.82685232162476,7.82685232162476,17.2083282470703,9.96353244781494,17.696870803833,3.05454540252686,6.04363632202148,5,10,0.869565188884735,0.876811623573303,1,1,30,1.04999995231628,20.9999990463257
05,2014-05-28,23080760,27,Definitivo,SAN ROQUE [23080760],Pluviométrica,Convencional,Activa,Antioquia,San Roque,6.4875,-75.017,820,5/15/1975,,Monchia,Magdalena Cauca,Medio Magdalena,Río Nare,2014,28,Andes,Definitivo,27,27,0,5.26142740249634,5.26142740249634,17.2083282470703,5.68688106536865,7.44837999343872,3.05454540252686,6.04363632202148,5,10,0.869565188884735,0.876811623573303,1,1,30,1.04999995231628,28.3499987125397
05,2009-05-10,23080760,48,Definitivo,SAN ROQUE [23080760],Pluviométrica,Convencional,Activa,Antioquia,San Roque,6.4875,-75.017,820,5/15/1975,,Monchia,Magdalena Cauca,Medio Magdalena,Río Nare,2009,10,Andes,Definitivo,48,48,0,0.625553071498871,0.625553071498871,8.00883865356445,2.19179129600525,3.07909345626831,3.05454540252686,6.04363632202148,5,10,0.869565188884735,0.876811623573303,1,1,26,1.04999995231628,50.3999977111817
05,2008-05-13,23080760,,"",SAN ROQUE [23080760],Pluviométrica,Convencional,Activa,Antioquia,San Roque,6.4875,-75.017,820,5/15/1975,,Monchia,Magdalena Cauca,Medio Magdalena,Río Nare,2008,13,Andes,Preliminar,0,0,0,5.13668823242188,5.13668823242188,7.40733957290649,8.27457523345947,3.09545755386353,3.05454540252686,6.04363632202148,5,10,0.869565188884735,0.876811623573303,1,1,27,1.04999995231628,0
05,2001-05-31,23080760,,"",SAN ROQUE [23080760],Pluviométrica,Convencional,Activa,Antioquia,San Roque,6.4875,-75.017,820,5/15/1975,,Monchia,Magdalena Cauca,Medio Magdalena,Río Nare,2001,31,Andes,Preliminar,0.5,0.5,0,0.584421157836914,0.584421157836914,24.8137245178223,4.82486438751221,5.21911573410034,3.05454540252686,6.04363632202148,5,10,0.869565188884735,0.876811623573303,1,1,30,1.04999995231628,0.524999976158142
05,2009-05-11,23080760,,"",SAN ROQUE [23080760],Pluviométrica,Convencional,Activa,Antioquia,San Roque,6.4875,-75.017,820,5/15/1975,,Monchia,Magdalena Cauca,Medio Magdalena,Río Nare,2009,11,Andes,Preliminar,0,0,0,0.190704897046089,0.190704897046089,14.2261724472046,15.9101333618164,31.2895355224609,3.05454540252686,6.04363632202148,5,10,0.869565188884735,0.876811623573303,1,1,27,1.04999995231628,0
05,2012-05-09,23080760,15,Definitivo,SAN ROQUE [23080760],Pluviométrica,Convencional,Activa,Antioquia,San Roque,6.4875,-75.017,820,5/15/1975,,Monchia,Magdalena Cauca,Medio Magdalena,Río Nare,2012,09,Andes,Definitivo,15,15,0,9.80233478546143,9.80233478546143,20.6764259338379,3.65558815002441,25.7535076141357,3.05454540252686,6.04363632202148,5,10,0.869565188884735,0.876811623573303,1,1,26,1.04999995231628,15.7499992847443
05,2011-05-13,23080760,39,Definitivo,SAN ROQUE [23080760],Pluviométrica,Convencional,Activa,Antioquia,San Roque,6.4875,-75.017,820,5/15/1975,,Monchia,Magdalena Cauca,Medio Magdalena,Río Nare,2011,13,Andes,Definitivo,39,39,0,24.0990943908691,24.0990943908691,7.65613508224487,43.781867980957,23.1552925109863,3.05454540252686,6.04363632202148,5,10,0.869565188884735,0.876811623573303,1,1,27,1.04999995231628,40.9499981403351
05,2011-05-14,23080760,40,Definitivo,SAN ROQUE [23080760],Pluviométrica,Convencional,Activa,Antioquia,San Roque,6.4875,-75.017,820,5/15/1975,,Monchia,Magdalena Cauca,Medio Magdalena,Río Nare,2011,14,Andes,Definitivo,40,40,0,39.9207458496094,39.9207458496094,22.9684066772461,51.6784706115723,42.0792045593262,3.05454540252686,6.04363632202148,5,10,0.869565188884735,0.876811623573303,1,1,27,1.04999995231628,41.9999980926514
05,2011-05-15,23080760,15,Definitivo,SAN ROQUE [23080760],Pluviométrica,Convencional,Activa,Antioquia,San Roque,6.4875,-75.017,820,5/15/1975,,Monchia,Magdalena Cauca,Medio Magdalena,Río Nare,2011,15,Andes,Definitivo,15,15,0,10.7166385650635,10.7166385650635,0,17.3977317810059,14.6828689575195,3.05454540252686,6.04363632202148,5,10,0.869565188884735,0.876811623573303,1,1,27,1.04999995231628,15.7499992847443
05,2010-05-18,23080760,34,Definitivo,SAN ROQUE [23080760],Pluviométrica,Convencional,Activa,Antioquia,San Roque,6.4875,-75.017,820,5/15/1975,,Monchia,Magdalena Cauca,Medio Magdalena,Río Nare,2010,18,Andes,Definitivo,34,34,0,22.2982196807861,22.2982196807861,0,12.3426666259766,3.54879903793335,3.05454540252686,6.04363632202148,5,10,0.869565188884735,0.876811623573303,1,1,28,1.04999995231628,35.6999983787537
05,2006-05-15,23080760,,"",SAN ROQUE [23080760],Pluviométrica,Convencional,Activa,Antioquia,San Roque,6.4875,-75.017,820,5/15/1975,,Monchia,Magdalena Cauca,Medio Magdalena,Río Nare,2006,15,Andes,Preliminar,0,0,0,0,0,0,0.022527351975441,0,3.05454540252686,6.04363632202148,5,10,0.869565188884735,0.876811623573303,1,1,27,1.04999995231628,0
05,2002-05-17,23080760,45,Definitivo,SAN ROQUE [23080760],Pluviométrica,Convencional,Activa,Antioquia,San Roque,6.4875,-75.017,820,5/15/1975,,Monchia,Magdalena Cauca,Medio Magdalena,Río Nare,2002,17,Andes,Definitivo,45,45,0,11.8090629577637,11.8090629577637,6.47118520736694,33.8355407714844,20.3395214080811,3.05454540252686,6.04363632202148,5,10,0.869565188884735,0.876811623573303,1,1,28,1.04999995231628,47.2499978542328
05,2004-05-13,23080760,,"",SAN ROQUE [23080760],Pluviométrica,Convencional,Activa,Antioquia,San Roque,6.4875,-75.017,820,5/15/1975,,Monchia,Magdalena Cauca,Medio Magdalena,Río Nare,2004,13,Andes,Preliminar,0,0,0,4.46962738037109,4.46962738037109,16.1613101959229,5.38509559631348,54.0558929443359,3.05454540252686,6.04363632202148,5,10,0.869565188884735,0.876811623573303,1,1,27,1.04999995231628,0
05,2006-05-10,23080760,4,Definitivo,SAN ROQUE [23080760],Pluviométrica,Convencional,Activa,Antioquia,San Roque,6.4875,-75.017,820,5/15/1975,,Monchia,Magdalena Cauca,Medio Magdalena,Río Nare,2006,10,Andes,Definitivo,4,4,0,9.63562965393066,9.63562965393066,8.30690383911133,16.9544525146484,24.6657810211182,3.05454540252686,6.04363632202148,5,10,0.869565188884735,0.876811623573303,1,1,26,1.04999995231628,4.19999980926514
05,2017-05-26,23080760,10,Definitivo,SAN ROQUE [23080760],Pluviométrica,Convencional,Activa,Antioquia,San Roque,6.4875,-75.017,820,5/15/1975,,Monchia,Magdalena Cauca,Medio Magdalena,Río Nare,2017,26,Andes,Definitivo,10,10,0,4.4923620223999,4.4923620223999,0,0.661863029003143,1.11931884288788,3.05454540252686,6.04363632202148,5,10,0.869565188884735,0.876811623573303,1,1,30,1.04999995231628,10.4999995231628
05,2018-05-30,23080760,4,Definitivo,SAN ROQUE [23080760],Pluviométrica,Convencional,Activa,Antioquia,San Roque,6.4875,-75.017,820,5/15/1975,,Monchia,Magdalena Cauca,Medio Magdalena,Río Nare,2018,30,Andes,Definitivo,4,4,0,8.98721790313721,8.98721790313721,10.5920791625977,8.56631469726563,6.88394117355347,3.05454540252686,6.04363632202148,5,10,0.869565188884735,0.876811623573303,1,1,30,1.04999995231628,4.19999980926514
05,2007-05-11,23080760,0,Definitivo,SAN ROQUE [23080760],Pluviométrica,Convencional,Activa,Antioquia,San Roque,6.4875,-75.017,820,5/15/1975,,Monchia,Magdalena Cauca,Medio Magdalena,Río Nare,2007,11,Andes,Definitivo,0,0,0,20.973840713501,20.973840713501,0,5.35412359237671,1.0315990447998,3.05454540252686,6.04363632202148,5,10,0.869565188884735,0.876811623573303,1,1,27,1.04999995231628,0
05,2019-05-28,23080760,17,Definitivo,SAN ROQUE [23080760],Pluviométrica,Convencional,Activa,Antioquia,San Roque,6.4875,-75.017,820,5/15/1975,,Monchia,Magdalena Cauca,Medio Magdalena,Río Nare,2019,28,Andes,Definitivo,17,17,0,25.2606620788574,25.2606620788574,13.4843730926514,41.3291511535645,18.4983463287354,3.05454540252686,6.04363632202148,5,10,0.869565188884735,0.876811623573303,1,1,30,1.04999995231628,17.8499991893768
05,2018-05-31,23080760,10,Definitivo,SAN ROQUE [23080760],Pluviométrica,Convencional,Activa,Antioquia,San Roque,6.4875,-75.017,820,5/15/1975,,Monchia,Magdalena Cauca,Medio Magdalena,Río Nare,2018,31,Andes,Definitivo,10,10,0,20.00510597229,20.00510597229,10.5920791625977,8.29535102844238,20.4635562896729,3.05454540252686,6.04363632202148,5,10,0.869565188884735,0.876811623573303,1,1,30,1.04999995231628,10.4999995231628
05,2023-05-31,23080760,62,Definitivo,SAN ROQUE [23080760],Pluviométrica,Convencional,Activa,Antioquia,San Roque,6.4875,-75.017,820,5/15/1975,,Monchia,Magdalena Cauca,Medio Magdalena,Río Nare,2023,31,Andes,Definitivo,62,62,0,0.836329638957977,0.836329638957977,0,0,0.100618496537209,3.05454540252686,6.04363632202148,5,10,0.869565188884735,0.876811623573303,1,1,30,1.04999995231628,65.0999970436096
05,2021-05-31,23080760,77,Definitivo,SAN ROQUE [23080760],Pluviométrica,Convencional,Activa,Antioquia,San Roque,6.4875,-75.017,820,5/15/1975,,Monchia,Magdalena Cauca,Medio Magdalena,Río Nare,2021,31,Andes,Definitivo,77,77,0,10.2435331344605,10.2435331344605,9.88395023345947,15.8641662597656,44.3512001037598,3.05454540252686,6.04363632202148,5,10,0.869565188884735,0.876811623573303,1,1,30,1.04999995231628,80.8499963283539
05,2023-05-29,23080760,19,Definitivo,SAN ROQUE [23080760],Pluviométrica,Convencional,Activa,Antioquia,San Roque,6.4875,-75.017,820,5/15/1975,,Monchia,Magdalena Cauca,Medio Magdalena,Río Nare,2023,29,Andes,Definitivo,19,19,0,3.90269446372986,3.90269446372986,14.7618017196655,0,16.298095703125,3.05454540252686,6.04363632202148,5,10,0.869565188884735,0.876811623573303,1,1,30,1.04999995231628,19.9499990940094
05,2023-05-26,23080760,0,Definitivo,SAN ROQUE [23080760],Pluviométrica,Convencional,Activa,Antioquia,San Roque,6.4875,-75.017,820,5/15/1975,,Monchia,Magdalena Cauca,Medio Magdalena,Río Nare,2023,26,Andes,Definitivo,0,0,0,29.9855480194092,29.9855480194092,29.5236034393311,37.8829879760742,15.0557870864868,3.05454540252686,6.04363632202148,5,10,0.869565188884735,0.876811623573303,1,1,30,1.04999995231628,0
05,2010-05-19,23080760,108,Definitivo,SAN ROQUE [23080760],Pluviométrica,Convencional,Activa,Antioquia,San Roque,6.4875,-75.017,820,5/15/1975,,Monchia,Magdalena Cauca,Medio Magdalena,Río Nare,2010,19,Andes,Definitivo,108,108,0,15.547381401062,15.547381401062,8.19481182098389,23.190357208252,5.16688871383667,3.05454540252686,6.04363632202148,5,10,0.869565188884735,0.876811623573303,1,1,28,1.04999995231628,113.399994850159
05,2009-05-22,23080760,,"",SAN ROQUE [23080760],Pluviométrica,Convencional,Activa,Antioquia,San Roque,6.4875,-75.017,820,5/15/1975,,Monchia,Magdalena Cauca,Medio Magdalena,Río Nare,2009,22,Andes,Preliminar,0,0,0,6.32059001922607,6.32059001922607,3.88885593414307,6.45037841796875,5.92706727981567,3.05454540252686,6.04363632202148,5,10,0.869565188884735,0.876811623573303,1,1,29,1.04999995231628,0
05,2009-05-23,23080760,,"",SAN ROQUE [23080760],Pluviométrica,Convencional,Activa,Antioquia,San Roque,6.4875,-75.017,820,5/15/1975,,Monchia,Magdalena Cauca,Medio Magdalena,Río Nare,2009,23,Andes,Preliminar,0,0,0,4.97578382492065,4.97578382492065,0,5.82881355285645,2.44482946395874,3.05454540252686,6.04363632202148,5,10,0.869565188884735,0.876811623573303,1,1,29,1.04999995231628,0
05,2013-05-24,23080760,,"",SAN ROQUE [23080760],Pluviométrica,Convencional,Activa,Antioquia,San Roque,6.4875,-75.017,820,5/15/1975,,Monchia,Magdalena Cauca,Medio Magdalena,Río Nare,2013,24,Andes,Preliminar,0,0,0,25.8285617828369,25.8285617828369,34.2872543334961,49.1214981079102,50.4898681640625,3.05454540252686,6.04363632202148,5,10,0.869565188884735,0.876811623573303,1,1,29,1.04999995231628,0
05,2005-05-09,23080760,42,Definitivo,SAN ROQUE [23080760],Pluviométrica,Convencional,Activa,Antioquia,San Roque,6.4875,-75.017,820,5/15/1975,,Monchia,Magdalena Cauca,Medio Magdalena,Río Nare,2005,09,Andes,Definitivo,42,42,0,17.7862567901611,17.7862567901611,23.441349029541,26.4787693023682,29.1265316009522,3.05454540252686,6.04363632202148,5,10,0.869565188884735,0.876811623573303,1,1,26,1.04999995231628,44.0999979972839
05,2007-05-10,23080760,3,Definitivo,SAN ROQUE [23080760],Pluviométrica,Convencional,Activa,Antioquia,San Roque,6.4875,-75.017,820,5/15/1975,,Monchia,Magdalena Cauca,Medio Magdalena,Río Nare,2007,10,Andes,Definitivo,3,3,0,6.87371730804443,6.87371730804443,28.3106555938721,15.5326375961304,83.8585357666016,3.05454540252686,6.04363632202148,5,10,0.869565188884735,0.876811623573303,1,1,26,1.04999995231628,3.14999985694885
05,2019-05-27,23080760,2,Definitivo,SAN ROQUE [23080760],Pluviométrica,Convencional,Activa,Antioquia,San Roque,6.4875,-75.017,820,5/15/1975,,Monchia,Magdalena Cauca,Medio Magdalena,Río Nare,2019,27,Andes,Definitivo,2,2,0,32.8743705749512,32.8743705749512,33.7109336853027,23.0545635223389,41.9542770385742,3.05454540252686,6.04363632202148,5,10,0.869565188884735,0.876811623573303,1,1,30,1.04999995231628,2.09999990463257
05,2003-05-26,23080760,12,Definitivo,SAN ROQUE [23080760],Pluviométrica,Convencional,Activa,Antioquia,San Roque,6.4875,-75.017,820,5/15/1975,,Monchia,Magdalena Cauca,Medio Magdalena,Río Nare,2003,26,Andes,Definitivo,12,12,0,38.2389221191406,38.2389221191406,15.9488048553467,28.1292457580566,27.5291042327881,3.05454540252686,6.04363632202148,5,10,0.869565188884735,0.876811623573303,1,1,30,1.04999995231628,12.5999994277954
05,2003-05-25,23080760,57,Definitivo,SAN ROQUE [23080760],Pluviométrica,Convencional,Activa,Antioquia,San Roque,6.4875,-75.017,820,5/15/1975,,Monchia,Magdalena Cauca,Medio Magdalena,Río Nare,2003,25,Andes,Definitivo,57,57,0,12.7948303222656,12.7948303222656,23.5754566192627,67.7656936645508,58.8594970703125,3.05454540252686,6.04363632202148,5,10,0.869565188884735,0.876811623573303,1,1,29,1.04999995231628,59.8499972820282
05,2004-05-22,23080760,1,Definitivo,SAN ROQUE [23080760],Pluviométrica,Convencional,Activa,Antioquia,San Roque,6.4875,-75.017,820,5/15/1975,,Monchia,Magdalena Cauca,Medio Magdalena,Río Nare,2004,22,Andes,Definitivo,1,1,0,17.9200611114502,17.9200611114502,18.6164226531982,33.8305473327637,6.34385919570923,3.05454540252686,6.04363632202148,5,10,0.869565188884735,0.876811623573303,1,1,29,1.04999995231628,1.04999995231628
05,2004-05-21,23080760,6,Definitivo,SAN ROQUE [23080760],Pluviométrica,Convencional,Activa,Antioquia,San Roque,6.4875,-75.017,820,5/15/1975,,Monchia,Magdalena Cauca,Medio Magdalena,Río Nare,2004,21,Andes,Definitivo,6,6,0,1.79419422149658,1.79419422149658,0,5.87194347381592,0.972248554229736,3.05454540252686,6.04363632202148,5,10,0.869565188884735,0.876811623573303,1,1,29,1.04999995231628,6.29999971389771
05,2004-05-20,23080760,9,Definitivo,SAN ROQUE [23080760],Pluviométrica,Convencional,Activa,Antioquia,San Roque,6.4875,-75.017,820,5/15/1975,,Monchia,Magdalena Cauca,Medio Magdalena,Río Nare,2004,20,Andes,Definitivo,9,9,0,14.7558345794678,14.7558345794678,28.0759601593018,52.0654945373535,40.5657501220703,3.05454540252686,6.04363632202148,5,10,0.869565188884735,0.876811623573303,1,1,28,1.04999995231628,9.44999957084656
05,2004-05-19,23080760,26,Definitivo,SAN ROQUE [23080760],Pluviométrica,Convencional,Activa,Antioquia,San Roque,6.4875,-75.017,820,5/15/1975,,Monchia,Magdalena Cauca,Medio Magdalena,Río Nare,2004,19,Andes,Definitivo,26,26,0,17.5781078338623,17.5781078338623,28.0759601593018,35.4553489685059,74.3889694213867,3.05454540252686,6.04363632202148,5,10,0.869565188884735,0.876811623573303,1,1,28,1.04999995231628,27.2999987602234
05,2004-05-18,23080760,36,Definitivo,SAN ROQUE [23080760],Pluviométrica,Convencional,Activa,Antioquia,San Roque,6.4875,-75.017,820,5/15/1975,,Monchia,Magdalena Cauca,Medio Magdalena,Río Nare,2004,18,Andes,Definitivo,36,36,0,4.86675834655762,4.86675834655762,21.0569686889648,27.428581237793,19.9553298950195,3.05454540252686,6.04363632202148,5,10,0.869565188884735,0.876811623573303,1,1,28,1.04999995231628,37.7999982833862
05,2002-05-19,23080760,7,Definitivo,SAN ROQUE [23080760],Pluviométrica,Convencional,Activa,Antioquia,San Roque,6.4875,-75.017,820,5/15/1975,,Monchia,Magdalena Cauca,Medio Magdalena,Río Nare,2002,19,Andes,Definitivo,7,7,0,1.50249230861664,1.50249230861664,12.9423704147339,19.8281192779541,22.2417488098145,3.05454540252686,6.04363632202148,5,10,0.869565188884735,0.876811623573303,1,1,28,1.04999995231628,7.34999966621399
05,2004-05-15,23080760,,"",SAN ROQUE [23080760],Pluviométrica,Convencional,Activa,Antioquia,San Roque,6.4875,-75.017,820,5/15/1975,,Monchia,Magdalena Cauca,Medio Magdalena,Río Nare,2004,15,Andes,Preliminar,0,0,0,9.90491485595703,9.90491485595703,16.1613101959229,7.51855945587158,8.02110195159912,3.05454540252686,6.04363632202148,5,10,0.869565188884735,0.876811623573303,1,1,27,1.04999995231628,0
05,2006-05-12,23080760,12,Definitivo,SAN ROQUE [23080760],Pluviométrica,Convencional,Activa,Antioquia,San Roque,6.4875,-75.017,820,5/15/1975,,Monchia,Magdalena Cauca,Medio Magdalena,Río Nare,2006,12,Andes,Definitivo,12,12,0,9.49589824676514,9.49589824676514,23.6507110595703,14.9475679397583,32.6022071838379,3.05454540252686,6.04363632202148,5,10,0.869565188884735,0.876811623573303,1,1,27,1.04999995231628,12.5999994277954
05,2012-05-27,23080760,0,Definitivo,SAN ROQUE [23080760],Pluviométrica,Convencional,Activa,Antioquia,San Roque,6.4875,-75.017,820,5/15/1975,,Monchia,Magdalena Cauca,Medio Magdalena,Río Nare,2012,27,Andes,Definitivo,0,0,0,0,0,6.94435453414917,0.841173529624939,5.05660486221314,3.05454540252686,6.04363632202148,5,10,0.869565188884735,0.876811623573303,1,1,30,1.04999995231628,0
05,2012-05-28,23080760,,"",SAN ROQUE [23080760],Pluviométrica,Convencional,Activa,Antioquia,San Roque,6.4875,-75.017,820,5/15/1975,,Monchia,Magdalena Cauca,Medio Magdalena,Río Nare,2012,28,Andes,Preliminar,0,0,0,0,0,0,3.68692421913147,0.0963174849748611,3.05454540252686,6.04363632202148,5,10,0.869565188884735,0.876811623573303,1,1,30,1.04999995231628,0
05,2006-05-07,23080760,12,Definitivo,SAN ROQUE [23080760],Pluviométrica,Convencional,Activa,Antioquia,San Roque,6.4875,-75.017,820,5/15/1975,,Monchia,Magdalena Cauca,Medio Magdalena,Río Nare,2006,07,Andes,Definitivo,12,12,0,15.0556716918945,15.0556716918945,8.30690383911133,12.2113075256348,5.43669033050537,3.05454540252686,6.04363632202148,5,10,0.869565188884735,0.876811623573303,1,1,26,1.04999995231628,12.5999994277954
05,2005-05-10,23080760,,"",SAN ROQUE [23080760],Pluviométrica,Convencional,Activa,Antioquia,San Roque,6.4875,-75.017,820,5/15/1975,,Monchia,Magdalena Cauca,Medio Magdalena,Río Nare,2005,10,Andes,Preliminar,0,0,0,5.71331834793091,5.71331834793091,11.7206745147705,6.48915576934815,15.453724861145,3.05454540252686,6.04363632202148,5,10,0.869565188884735,0.876811623573303,1,1,26,1.04999995231628,0
05,2005-05-11,23080760,0,Definitivo,SAN ROQUE [23080760],Pluviométrica,Convencional,Activa,Antioquia,San Roque,6.4875,-75.017,820,5/15/1975,,Monchia,Magdalena Cauca,Medio Magdalena,Río Nare,2005,11,Andes,Definitivo,0,0,0,3.52494788169861,3.52494788169861,0,13.6588048934937,0.483300715684891,3.05454540252686,6.04363632202148,5,10,0.869565188884735,0.876811623573303,1,1,27,1.04999995231628,0
05,2010-05-09,23080760,28,Definitivo,SAN ROQUE [23080760],Pluviométrica,Convencional,Activa,Antioquia,San Roque,6.4875,-75.017,820,5/15/1975,,Monchia,Magdalena Cauca,Medio Magdalena,Río Nare,2010,09,Andes,Definitivo,28,28,0,13.1823501586914,13.1823501586914,23.9800491333008,30.644962310791,75.1787414550781,3.05454540252686,6.04363632202148,5,10,0.869565188884735,0.876811623573303,1,1,26,1.04999995231628,29.399998664856
05,2010-05-10,23080760,53,Definitivo,SAN ROQUE [23080760],Pluviométrica,Convencional,Activa,Antioquia,San Roque,6.4875,-75.017,820,5/15/1975,,Monchia,Magdalena Cauca,Medio Magdalena,Río Nare,2010,10,Andes,Definitivo,53,53,0,11.3806886672974,11.3806886672974,11.9900245666504,31.8129940032959,13.6513004302979,3.05454540252686,6.04363632202148,5,10,0.869565188884735,0.876811623573303,1,1,26,1.04999995231628,55.6499974727631
05,2012-05-10,23080760,7,Definitivo,SAN ROQUE [23080760],Pluviométrica,Convencional,Activa,Antioquia,San Roque,6.4875,-75.017,820,5/15/1975,,Monchia,Magdalena Cauca,Medio Magdalena,Río Nare,2012,10,Andes,Definitivo,7,7,0,4.88417720794678,4.88417720794678,0,0.783198535442352,0.0605810470879078,3.05454540252686,6.04363632202148,5,10,0.869565188884735,0.876811623573303,1,1,26,1.04999995231628,7.34999966621399
05,2012-05-11,23080760,19,Definitivo,SAN ROQUE [23080760],Pluviométrica,Convencional,Activa,Antioquia,San Roque,6.4875,-75.017,820,5/15/1975,,Monchia,Magdalena Cauca,Medio Magdalena,Río Nare,2012,11,Andes,Definitivo,19,19,0,40.6100769042969,40.6100769042969,19.5203475952148,13.4135818481445,25.9787864685059,3.05454540252686,6.04363632202148,5,10,0.869565188884735,0.876811623573303,1,1,27,1.04999995231628,19.9499990940094
05,2012-05-12,23080760,8,Definitivo,SAN ROQUE [23080760],Pluviométrica,Convencional,Activa,Antioquia,San Roque,6.4875,-75.017,820,5/15/1975,,Monchia,Magdalena Cauca,Medio Magdalena,Río Nare,2012,12,Andes,Definitivo,8,8,0,1.99172830581665,1.99172830581665,0,13.9629411697388,4.81179237365723,3.05454540252686,6.04363632202148,5,10,0.869565188884735,0.876811623573303,1,1,27,1.04999995231628,8.39999961853027
05,2011-05-16,23080760,7,Definitivo,SAN ROQUE [23080760],Pluviométrica,Convencional,Activa,Antioquia,San Roque,6.4875,-75.017,820,5/15/1975,,Monchia,Magdalena Cauca,Medio Magdalena,Río Nare,2011,16,Andes,Definitivo,7,7,0,17.8148345947266,17.8148345947266,18.9113254547119,20.2765083312988,25.9009685516357,3.05454540252686,6.04363632202148,5,10,0.869565188884735,0.876811623573303,1,1,28,1.04999995231628,7.34999966621399
05,2011-05-17,23080760,23,Definitivo,SAN ROQUE [23080760],Pluviométrica,Convencional,Activa,Antioquia,San Roque,6.4875,-75.017,820,5/15/1975,,Monchia,Magdalena Cauca,Medio Magdalena,Río Nare,2011,17,Andes,Definitivo,23,23,0,7.64428663253784,7.64428663253784,12.6075506210327,17.7690505981445,10.6085510253906,3.05454540252686,6.04363632202148,5,10,0.869565188884735,0.876811623573303,1,1,28,1.04999995231628,24.1499989032745
05,2010-05-20,23080760,1,Definitivo,SAN ROQUE [23080760],Pluviométrica,Convencional,Activa,Antioquia,San Roque,6.4875,-75.017,820,5/15/1975,,Monchia,Magdalena Cauca,Medio Magdalena,Río Nare,2010,20,Andes,Definitivo,1,1,0,5.63706254959106,5.63706254959106,32.7792472839356,44.0523338317871,92.7504730224609,3.05454540252686,6.04363632202148,5,10,0.869565188884735,0.876811623573303,1,1,28,1.04999995231628,1.04999995231628
05,2002-05-14,23080760,0,Definitivo,SAN ROQUE [23080760],Pluviométrica,Convencional,Activa,Antioquia,San Roque,6.4875,-75.017,820,5/15/1975,,Monchia,Magdalena Cauca,Medio Magdalena,Río Nare,2002,14,Andes,Definitivo,0,0,0,14.1408729553223,14.1408729553223,0,0.00947072077542543,0.221227988600731,3.05454540252686,6.04363632202148,5,10,0.869565188884735,0.876811623573303,1,1,27,1.04999995231628,0
05,2004-05-10,23080760,0,Definitivo,SAN ROQUE [23080760],Pluviométrica,Convencional,Activa,Antioquia,San Roque,6.4875,-75.017,820,5/15/1975,,Monchia,Magdalena Cauca,Medio Magdalena,Río Nare,2004,10,Andes,Definitivo,0,0,0,12.1209077835083,12.1209077835083,0,6.69837045669556,0.0582393407821655,3.05454540252686,6.04363632202148,5,10,0.869565188884735,0.876811623573303,1,1,26,1.04999995231628,0
05,2013-05-25,23080760,0,Definitivo,SAN ROQUE [23080760],Pluviométrica,Convencional,Activa,Antioquia,San Roque,6.4875,-75.017,820,5/15/1975,,Monchia,Magdalena Cauca,Medio Magdalena,Río Nare,2013,25,Andes,Definitivo,0,0,0,0.740119397640228,0.740119397640228,0,3.25388503074646,0.109731487929821,3.05454540252686,6.04363632202148,5,10,0.869565188884735,0.876811623573303,1,1,29,1.04999995231628,0
05,2015-05-27,23080760,19,Definitivo,SAN ROQUE [23080760],Pluviométrica,Convencional,Activa,Antioquia,San Roque,6.4875,-75.017,820,5/15/1975,,Monchia,Magdalena Cauca,Medio Magdalena,Río Nare,2015,27,Andes,Definitivo,19,19,0,2.64171934127808,2.64171934127808,20.5679550170898,23.2369346618652,24.0501594543457,3.05454540252686,6.04363632202148,5,10,0.869565188884735,0.876811623573303,1,1,30,1.04999995231628,19.9499990940094
05,2017-05-27,23080760,3,Definitivo,SAN ROQUE [23080760],Pluviométrica,Convencional,Activa,Antioquia,San Roque,6.4875,-75.017,820,5/15/1975,,Monchia,Magdalena Cauca,Medio Magdalena,Río Nare,2017,27,Andes,Definitivo,3,3,0,0,0,27.7105197906494,15.9587736129761,7.97078227996826,3.05454540252686,6.04363632202148,5,10,0.869565188884735,0.876811623573303,1,1,30,1.04999995231628,3.14999985694885
05,2017-05-28,23080760,54,Definitivo,SAN ROQUE [23080760],Pluviométrica,Convencional,Activa,Antioquia,San Roque,6.4875,-75.017,820,5/15/1975,,Monchia,Magdalena Cauca,Medio Magdalena,Río Nare,2017,28,Andes,Definitivo,54,54,0,0,0,0,1.81022095680237,1.15300953388214,3.05454540252686,6.04363632202148,5,10,0.869565188884735,0.876811623573303,1,1,30,1.04999995231628,56.6999974250794
05,2021-05-29,23080760,8,Definitivo,SAN ROQUE [23080760],Pluviométrica,Convencional,Activa,Antioquia,San Roque,6.4875,-75.017,820,5/15/1975,,Monchia,Magdalena Cauca,Medio Magdalena,Río Nare,2021,29,Andes,Definitivo,8,8,0,10.9982490539551,10.9982490539551,28.2398586273193,38.213134765625,16.4049396514893,3.05454540252686,6.04363632202148,5,10,0.869565188884735,0.876811623573303,1,1,30,1.04999995231628,8.39999961853027
05,2023-05-30,23080760,0,Definitivo,SAN ROQUE [23080760],Pluviométrica,Convencional,Activa,Antioquia,San Roque,6.4875,-75.017,820,5/15/1975,,Monchia,Magdalena Cauca,Medio Magdalena,Río Nare,2023,30,Andes,Definitivo,0,0,0,3.185626745224,3.185626745224,44.2854080200195,40.0925369262695,36.6573066711426,3.05454540252686,6.04363632202148,5,10,0.869565188884735,0.876811623573303,1,1,30,1.04999995231628,0
05,2023-05-28,23080760,4,Definitivo,SAN ROQUE [23080760],Pluviométrica,Convencional,Activa,Antioquia,San Roque,6.4875,-75.017,820,5/15/1975,,Monchia,Magdalena Cauca,Medio Magdalena,Río Nare,2023,28,Andes,Definitivo,4,4,0,9.0747013092041,9.0747013092041,29.5236034393311,12.5672149658203,36.1167602539063,3.05454540252686,6.04363632202148,5,10,0.869565188884735,0.876811623573303,1,1,30,1.04999995231628,4.19999980926514
05,2021-05-28,23080760,12,Definitivo,SAN ROQUE [23080760],Pluviométrica,Convencional,Activa,Antioquia,San Roque,6.4875,-75.017,820,5/15/1975,,Monchia,Magdalena Cauca,Medio Magdalena,Río Nare,2021,28,Andes,Definitivo,12,12,0,6.16761684417725,6.16761684417725,9.88395023345947,18.4133853912354,7.94325113296509,3.05454540252686,6.04363632202148,5,10,0.869565188884735,0.876811623573303,1,1,30,1.04999995231628,12.5999994277954
05,2023-05-23,23080760,37,Definitivo,SAN ROQUE [23080760],Pluviométrica,Convencional,Activa,Antioquia,San Roque,6.4875,-75.017,820,5/15/1975,,Monchia,Magdalena Cauca,Medio Magdalena,Río Nare,2023,23,Andes,Definitivo,37,37,0,16.1030311584473,16.1030311584473,37.8958168029785,56.4818077087402,74.9551315307617,3.05454540252686,6.04363632202148,5,10,0.869565188884735,0.876811623573303,1,1,29,1.04999995231628,38.8499982357025
05,2021-05-23,23080760,0,Definitivo,SAN ROQUE [23080760],Pluviométrica,Convencional,Activa,Antioquia,San Roque,6.4875,-75.017,820,5/15/1975,,Monchia,Magdalena Cauca,Medio Magdalena,Río Nare,2021,23,Andes,Definitivo,0,0,0,0,0,20.1286334991455,13.4404382705688,45.4824981689453,3.05454540252686,6.04363632202148,5,10,0.869565188884735,0.876811623573303,1,1,29,1.04999995231628,0
05,2021-05-20,23080760,0,Definitivo,SAN ROQUE [23080760],Pluviométrica,Convencional,Activa,Antioquia,San Roque,6.4875,-75.017,820,5/15/1975,,Monchia,Magdalena Cauca,Medio Magdalena,Río Nare,2021,20,Andes,Definitivo,0,0,0,4.7557544708252,4.7557544708252,0,9.096022605896,0.0161089971661568,3.05454540252686,6.04363632202148,5,10,0.869565188884735,0.876811623573303,1,1,28,1.04999995231628,0
05,2011-05-24,23080760,45,Definitivo,SAN ROQUE [23080760],Pluviométrica,Convencional,Activa,Antioquia,San Roque,6.4875,-75.017,820,5/15/1975,,Monchia,Magdalena Cauca,Medio Magdalena,Río Nare,2011,24,Andes,Definitivo,45,45,0,7.54522705078125,7.54522705078125,0,12.7307167053223,1.44040787220001,3.05454540252686,6.04363632202148,5,10,0.869565188884735,0.876811623573303,1,1,29,1.04999995231628,47.2499978542328
05,2011-05-25,23080760,4,Definitivo,SAN ROQUE [23080760],Pluviométrica,Convencional,Activa,Antioquia,San Roque,6.4875,-75.017,820,5/15/1975,,Monchia,Magdalena Cauca,Medio Magdalena,Río Nare,2011,25,Andes,Definitivo,4,4,0,4.67241954803467,4.67241954803467,40.9124870300293,6.4309663772583,64.9683456420899,3.05454540252686,6.04363632202148,5,10,0.869565188884735,0.876811623573303,1,1,29,1.04999995231628,4.19999980926514
05,2001-05-30,23080760,0.5,Definitivo,SAN ROQUE [23080760],Pluviométrica,Convencional,Activa,Antioquia,San Roque,6.4875,-75.017,820,5/15/1975,,Monchia,Magdalena Cauca,Medio Magdalena,Río Nare,2001,30,Andes,Definitivo,0.5,0.5,0,3.85285019874573,3.85285019874573,12.4068622589111,6.78233337402344,2.08611536026001,3.05454540252686,6.04363632202148,5,10,0.869565188884735,0.876811623573303,1,1,30,1.04999995231628,0.524999976158142
05,2002-05-28,23080760,21,Definitivo,SAN ROQUE [23080760],Pluviométrica,Convencional,Activa,Antioquia,San Roque,6.4875,-75.017,820,5/15/1975,,Monchia,Magdalena Cauca,Medio Magdalena,Río Nare,2002,28,Andes,Definitivo,21,21,0,16.9523181915283,16.9523181915283,0,7.90269422531128,5.92175722122192,3.05454540252686,6.04363632202148,5,10,0.869565188884735,0.876811623573303,1,1,30,1.04999995231628,22.049998998642
05,2002-05-27,23080760,2,Definitivo,SAN ROQUE [23080760],Pluviométrica,Convencional,Activa,Antioquia,San Roque,6.4875,-75.017,820,5/15/1975,,Monchia,Magdalena Cauca,Medio Magdalena,Río Nare,2002,27,Andes,Definitivo,2,2,0,12.6790533065796,12.6790533065796,0,25.5667324066162,19.31858253479,3.05454540252686,6.04363632202148,5,10,0.869565188884735,0.876811623573303,1,1,30,1.04999995231628,2.09999990463257
05,2002-05-26,23080760,19,Definitivo,SAN ROQUE [23080760],Pluviométrica,Convencional,Activa,Antioquia,San Roque,6.4875,-75.017,820,5/15/1975,,Monchia,Magdalena Cauca,Medio Magdalena,Río Nare,2002,26,Andes,Definitivo,19,19,0,6.60820579528809,6.60820579528809,0,12.9526786804199,9.40596580505371,3.05454540252686,6.04363632202148,5,10,0.869565188884735,0.876811623573303,1,1,30,1.04999995231628,19.9499990940094
05,2003-05-24,23080760,22,Definitivo,SAN ROQUE [23080760],Pluviométrica,Convencional,Activa,Antioquia,San Roque,6.4875,-75.017,820,5/15/1975,,Monchia,Magdalena Cauca,Medio Magdalena,Río Nare,2003,24,Andes,Definitivo,22,22,0,18.1686592102051,18.1686592102051,35.3631820678711,38.9658546447754,59.037239074707,3.05454540252686,6.04363632202148,5,10,0.869565188884735,0.876811623573303,1,1,29,1.04999995231628,23.0999989509583
05,2003-05-23,23080760,109,Definitivo,SAN ROQUE [23080760],Pluviométrica,Convencional,Activa,Antioquia,San Roque,6.4875,-75.017,820,5/15/1975,,Monchia,Magdalena Cauca,Medio Magdalena,Río Nare,2003,23,Andes,Definitivo,109,109,0,5.20323133468628,5.20323133468628,0,19.6041488647461,0.11237183958292,3.05454540252686,6.04363632202148,5,10,0.869565188884735,0.876811623573303,1,1,29,1.04999995231628,114.449994802475
05,2003-05-22,23080760,0.3,Definitivo,SAN ROQUE [23080760],Pluviométrica,Convencional,Activa,Antioquia,San Roque,6.4875,-75.017,820,5/15/1975,,Monchia,Magdalena Cauca,Medio Magdalena,Río Nare,2003,22,Andes,Definitivo,0.3,0.3,0,10.0652666091919,10.0652666091919,58.9386405944824,22.6287631988525,60.0729522705078,3.05454540252686,6.04363632202148,5,10,0.869565188884735,0.876811623573303,1,1,29,1.04999995231628,0.314999985694885
05,2003-05-21,23080760,60,Definitivo,SAN ROQUE [23080760],Pluviométrica,Convencional,Activa,Antioquia,San Roque,6.4875,-75.017,820,5/15/1975,,Monchia,Magdalena Cauca,Medio Magdalena,Río Nare,2003,21,Andes,Definitivo,60,60,0,9.25492858886719,9.25492858886719,11.7877283096313,30.2341785430908,1.11655914783478,3.05454540252686,6.04363632202148,5,10,0.869565188884735,0.876811623573303,1,1,29,1.04999995231628,62.9999971389771
05,2003-05-20,23080760,4,Definitivo,SAN ROQUE [23080760],Pluviométrica,Convencional,Activa,Antioquia,San Roque,6.4875,-75.017,820,5/15/1975,,Monchia,Magdalena Cauca,Medio Magdalena,Río Nare,2003,20,Andes,Definitivo,4,4,0,9.04465007781982,9.04465007781982,5.72602605819702,17.8850479125977,7.10913228988648,3.05454540252686,6.04363632202148,5,10,0.869565188884735,0.876811623573303,1,1,28,1.04999995231628,4.19999980926514
05,2004-05-17,23080760,27,Definitivo,SAN ROQUE [23080760],Pluviométrica,Convencional,Activa,Antioquia,San Roque,6.4875,-75.017,820,5/15/1975,,Monchia,Magdalena Cauca,Medio Magdalena,Río Nare,2004,17,Andes,Definitivo,27,27,0,27.0449523925781,27.0449523925781,35.0949478149414,30.1116809844971,16.746545791626,3.05454540252686,6.04363632202148,5,10,0.869565188884735,0.876811623573303,1,1,28,1.04999995231628,28.3499987125397
05,2003-05-17,23080760,47,Definitivo,SAN ROQUE [23080760],Pluviométrica,Convencional,Activa,Antioquia,San Roque,6.4875,-75.017,820,5/15/1975,,Monchia,Magdalena Cauca,Medio Magdalena,Río Nare,2003,17,Andes,Definitivo,47,47,0,0,0,0,11.3139762878418,0.7460697889328,3.05454540252686,6.04363632202148,5,10,0.869565188884735,0.876811623573303,1,1,28,1.04999995231628,49.3499977588654
05,2002-05-16,23080760,0,Definitivo,SAN ROQUE [23080760],Pluviométrica,Convencional,Activa,Antioquia,San Roque,6.4875,-75.017,820,5/15/1975,,Monchia,Magdalena Cauca,Medio Magdalena,Río Nare,2002,16,Andes,Definitivo,0,0,0,19.1370086669922,19.1370086669922,25.8847408294678,7.87541151046753,20.0415496826172,3.05454540252686,6.04363632202148,5,10,0.869565188884735,0.876811623573303,1,1,28,1.04999995231628,0
05,2004-05-12,23080760,48,Definitivo,SAN ROQUE [23080760],Pluviométrica,Convencional,Activa,Antioquia,San Roque,6.4875,-75.017,820,5/15/1975,,Monchia,Magdalena Cauca,Medio Magdalena,Río Nare,2004,12,Andes,Definitivo,48,48,0,9.43587970733643,9.43587970733643,4.04032754898071,24.7757339477539,1.17711794376373,3.05454540252686,6.04363632202148,5,10,0.869565188884735,0.876811623573303,1,1,27,1.04999995231628,50.3999977111817
05,2006-05-09,23080760,19,Definitivo,SAN ROQUE [23080760],Pluviométrica,Convencional,Activa,Antioquia,San Roque,6.4875,-75.017,820,5/15/1975,,Monchia,Magdalena Cauca,Medio Magdalena,Río Nare,2006,09,Andes,Definitivo,19,19,0,1.94050860404968,1.94050860404968,16.6138076782227,32.9809875488281,24.6270694732666,3.05454540252686,6.04363632202148,5,10,0.869565188884735,0.876811623573303,1,1,26,1.04999995231628,19.9499990940094
05,2002-05-11,23080760,0,Definitivo,SAN ROQUE [23080760],Pluviométrica,Convencional,Activa,Antioquia,San Roque,6.4875,-75.017,820,5/15/1975,,Monchia,Magdalena Cauca,Medio Magdalena,Río Nare,2002,11,Andes,Definitivo,0,0,0,0,0,12.1499433517456,16.7271842956543,19.2871780395508,3.05454540252686,6.04363632202148,5,10,0.869565188884735,0.876811623573303,1,1,27,1.04999995231628,0
05,2004-05-07,23080760,34,Definitivo,SAN ROQUE [23080760],Pluviométrica,Convencional,Activa,Antioquia,San Roque,6.4875,-75.017,820,5/15/1975,,Monchia,Magdalena Cauca,Medio Magdalena,Río Nare,2004,07,Andes,Definitivo,34,34,0,0,0,14.2973346710205,10.4753789901733,3.37140440940857,3.05454540252686,6.04363632202148,5,10,0.869565188884735,0.876811623573303,1,1,26,1.04999995231628,35.6999983787537
05,2006-05-08,23080760,18,Definitivo,SAN ROQUE [23080760],Pluviométrica,Convencional,Activa,Antioquia,San Roque,6.4875,-75.017,820,5/15/1975,,Monchia,Magdalena Cauca,Medio Magdalena,Río Nare,2006,08,Andes,Definitivo,18,18,0,18.1337184906006,18.1337184906006,20.767261505127,7.75256538391113,25.6602172851563,3.05454540252686,6.04363632202148,5,10,0.869565188884735,0.876811623573303,1,1,26,1.04999995231628,18.8999991416931
05,2009-05-06,23080760,37,Definitivo,SAN ROQUE [23080760],Pluviométrica,Convencional,Activa,Antioquia,San Roque,6.4875,-75.017,820,5/15/1975,,Monchia,Magdalena Cauca,Medio Magdalena,Río Nare,2009,06,Andes,Definitivo,37,37,0,17.0650882720947,17.0650882720947,16.0176773071289,28.9080352783203,20.1972541809082,3.05454540252686,6.04363632202148,5,10,0.869565188884735,0.876811623573303,1,1,26,1.04999995231628,38.8499982357025
05,2008-05-09,23080760,,"",SAN ROQUE [23080760],Pluviométrica,Convencional,Activa,Antioquia,San Roque,6.4875,-75.017,820,5/15/1975,,Monchia,Magdalena Cauca,Medio Magdalena,Río Nare,2008,09,Andes,Preliminar,0,0,0,3.1036274433136,3.1036274433136,0,0.701541423797607,1.18862867355347,3.05454540252686,6.04363632202148,5,10,0.869565188884735,0.876811623573303,1,1,26,1.04999995231628,0
05,2008-05-10,23080760,,"",SAN ROQUE [23080760],Pluviométrica,Convencional,Activa,Antioquia,San Roque,6.4875,-75.017,820,5/15/1975,,Monchia,Magdalena Cauca,Medio Magdalena,Río Nare,2008,10,Andes,Preliminar,0,0,0,7.56286239624023,7.56286239624023,0,0.408081740140915,0.186911031603813,3.05454540252686,6.04363632202148,5,10,0.869565188884735,0.876811623573303,1,1,26,1.04999995231628,0
05,2010-05-11,23080760,19,Definitivo,SAN ROQUE [23080760],Pluviométrica,Convencional,Activa,Antioquia,San Roque,6.4875,-75.017,820,5/15/1975,,Monchia,Magdalena Cauca,Medio Magdalena,Río Nare,2010,11,Andes,Definitivo,19,19,0,10.7253618240356,10.7253618240356,23.0914325714111,11.433648109436,35.7110137939453,3.05454540252686,6.04363632202148,5,10,0.869565188884735,0.876811623573303,1,1,27,1.04999995231628,19.9499990940094
05,2013-05-09,23080760,39,Definitivo,SAN ROQUE [23080760],Pluviométrica,Convencional,Activa,Antioquia,San Roque,6.4875,-75.017,820,5/15/1975,,Monchia,Magdalena Cauca,Medio Magdalena,Río Nare,2013,09,Andes,Definitivo,39,39,0,3.45416164398193,3.45416164398193,6.82342910766602,1.70475542545319,1.94110357761383,3.05454540252686,6.04363632202148,5,10,0.869565188884735,0.876811623573303,1,1,26,1.04999995231628,40.9499981403351
05,2013-05-10,23080760,4,Definitivo,SAN ROQUE [23080760],Pluviométrica,Convencional,Activa,Antioquia,San Roque,6.4875,-75.017,820,5/15/1975,,Monchia,Magdalena Cauca,Medio Magdalena,Río Nare,2013,10,Andes,Definitivo,4,4,0,1.20208144187927,1.20208144187927,27.2937164306641,18.6193981170654,43.2572479248047,3.05454540252686,6.04363632202148,5,10,0.869565188884735,0.876811623573303,1,1,26,1.04999995231628,4.19999980926514
05,2012-05-13,23080760,6,Definitivo,SAN ROQUE [23080760],Pluviométrica,Convencional,Activa,Antioquia,San Roque,6.4875,-75.017,820,5/15/1975,,Monchia,Magdalena Cauca,Medio Magdalena,Río Nare,2012,13,Andes,Definitivo,6,6,0,1.52120983600616,1.52120983600616,19.5203475952148,22.7760066986084,20.7582626342773,3.05454540252686,6.04363632202148,5,10,0.869565188884735,0.876811623573303,1,1,27,1.04999995231628,6.29999971389771
05,2012-05-14,23080760,0,Definitivo,SAN ROQUE [23080760],Pluviométrica,Convencional,Activa,Antioquia,San Roque,6.4875,-75.017,820,5/15/1975,,Monchia,Magdalena Cauca,Medio Magdalena,Río Nare,2012,14,Andes,Definitivo,0,0,0,19.0987987518311,19.0987987518311,24.4004325866699,29.9081630706787,33.5653610229492,3.05454540252686,6.04363632202148,5,10,0.869565188884735,0.876811623573303,1,1,27,1.04999995231628,0
05,2010-05-21,23080760,3,Definitivo,SAN ROQUE [23080760],Pluviométrica,Convencional,Activa,Antioquia,San Roque,6.4875,-75.017,820,5/15/1975,,Monchia,Magdalena Cauca,Medio Magdalena,Río Nare,2010,21,Andes,Definitivo,3,3,0,8.14455127716065,8.14455127716065,16.2479209899902,31.6260852813721,18.297815322876,3.05454540252686,6.04363632202148,5,10,0.869565188884735,0.876811623573303,1,1,29,1.04999995231628,3.14999985694885
05,2009-05-24,23080760,9,Definitivo,SAN ROQUE [23080760],Pluviométrica,Convencional,Activa,Antioquia,San Roque,6.4875,-75.017,820,5/15/1975,,Monchia,Magdalena Cauca,Medio Magdalena,Río Nare,2009,24,Andes,Definitivo,9,9,0,26.8961277008057,26.8961277008057,3.88885593414307,8.51409912109375,0.910602569580078,3.05454540252686,6.04363632202148,5,10,0.869565188884735,0.876811623573303,1,1,29,1.04999995231628,9.44999957084656
05,2009-05-25,23080760,,"",SAN ROQUE [23080760],Pluviométrica,Convencional,Activa,Antioquia,San Roque,6.4875,-75.017,820,5/15/1975,,Monchia,Magdalena Cauca,Medio Magdalena,Río Nare,2009,25,Andes,Preliminar,0,0,0,2.89133358001709,2.89133358001709,11.6665678024292,19.1648139953613,20.1490573883057,3.05454540252686,6.04363632202148,5,10,0.869565188884735,0.876811623573303,1,1,29,1.04999995231628,0
05,2016-05-23,23080760,7,Definitivo,SAN ROQUE [23080760],Pluviométrica,Convencional,Activa,Antioquia,San Roque,6.4875,-75.017,820,5/15/1975,,Monchia,Magdalena Cauca,Medio Magdalena,Río Nare,2016,23,Andes,Definitivo,7,7,0,0,0,0,1.09903907775879,0.364739149808884,3.05454540252686,6.04363632202148,5,10,0.869565188884735,0.876811623573303,1,1,29,1.04999995231628,7.34999966621399
05,2016-05-24,23080760,5,Definitivo,SAN ROQUE [23080760],Pluviométrica,Convencional,Activa,Antioquia,San Roque,6.4875,-75.017,820,5/15/1975,,Monchia,Magdalena Cauca,Medio Magdalena,Río Nare,2016,24,Andes,Definitivo,5,5,0,7.2723069190979,7.2723069190979,0,6.81759071350098,5.36586141586304,3.05454540252686,6.04363632202148,5,10,0.869565188884735,0.876811623573303,1,1,29,1.04999995231628,5.24999976158142
05,2015-05-28,23080760,78,Definitivo,SAN ROQUE [23080760],Pluviométrica,Convencional,Activa,Antioquia,San Roque,6.4875,-75.017,820,5/15/1975,,Monchia,Magdalena Cauca,Medio Magdalena,Río Nare,2015,28,Andes,Definitivo,78,78,0,5.88367128372192,5.88367128372192,13.7119703292847,29.2823753356934,2.71408367156982,3.05454540252686,6.04363632202148,5,10,0.869565188884735,0.876811623573303,1,1,30,1.04999995231628,81.8999962806702
05,2019-05-29,23080760,47,Definitivo,SAN ROQUE [23080760],Pluviométrica,Convencional,Activa,Antioquia,San Roque,6.4875,-75.017,820,5/15/1975,,Monchia,Magdalena Cauca,Medio Magdalena,Río Nare,2019,29,Andes,Definitivo,47,47,0,7.30943536758423,7.30943536758423,13.4843730926514,34.1429214477539,7.23478031158447,3.05454540252686,6.04363632202148,5,10,0.869565188884735,0.876811623573303,1,1,30,1.04999995231628,49.3499977588654
05,2022-05-27,23080760,0,Definitivo,SAN ROQUE [23080760],Pluviométrica,Convencional,Activa,Antioquia,San Roque,6.4875,-75.017,820,5/15/1975,,Monchia,Magdalena Cauca,Medio Magdalena,Río Nare,2022,27,Andes,Definitivo,0,0,0,4.04015302658081,4.04015302658081,6.93151521682739,2.46265554428101,16.7670841217041,3.05454540252686,6.04363632202148,5,10,0.869565188884735,0.876811623573303,1,1,30,1.04999995231628,0
05,2021-05-30,23080760,17,Definitivo,SAN ROQUE [23080760],Pluviométrica,Convencional,Activa,Antioquia,San Roque,6.4875,-75.017,820,5/15/1975,,Monchia,Magdalena Cauca,Medio Magdalena,Río Nare,2021,30,Andes,Definitivo,17,17,0,42.222785949707,42.222785949707,0,12.8391075134277,0.161304488778114,3.05454540252686,6.04363632202148,5,10,0.869565188884735,0.876811623573303,1,1,30,1.04999995231628,17.8499991893768
05,2023-05-27,23080760,8,Definitivo,SAN ROQUE [23080760],Pluviométrica,Convencional,Activa,Antioquia,San Roque,6.4875,-75.017,820,5/15/1975,,Monchia,Magdalena Cauca,Medio Magdalena,Río Nare,2023,27,Andes,Definitivo,8,8,0,10.148886680603,10.148886680603,0,14.1890277862549,0.503197491168976,3.05454540252686,6.04363632202148,5,10,0.869565188884735,0.876811623573303,1,1,30,1.04999995231628,8.39999961853027
05,2023-05-25,23080760,45,Definitivo,SAN ROQUE [23080760],Pluviométrica,Convencional,Activa,Antioquia,San Roque,6.4875,-75.017,820,5/15/1975,,Monchia,Magdalena Cauca,Medio Magdalena,Río Nare,2023,25,Andes,Definitivo,45,45,0,19.9468116760254,19.9468116760254,9.47395420074463,4.13111877441406,14.2184190750122,3.05454540252686,6.04363632202148,5,10,0.869565188884735,0.876811623573303,1,1,29,1.04999995231628,47.2499978542328
05,2023-05-22,23080760,52,Definitivo,SAN ROQUE [23080760],Pluviométrica,Convencional,Activa,Antioquia,San Roque,6.4875,-75.017,820,5/15/1975,,Monchia,Magdalena Cauca,Medio Magdalena,Río Nare,2023,22,Andes,Definitivo,52,52,0,18.7927341461182,18.7927341461182,18.9479084014893,31.8943386077881,14.6928377151489,3.05454540252686,6.04363632202148,5,10,0.869565188884735,0.876811623573303,1,1,29,1.04999995231628,54.5999975204468
05,2023-05-20,23080760,3,Definitivo,SAN ROQUE [23080760],Pluviométrica,Convencional,Activa,Antioquia,San Roque,6.4875,-75.017,820,5/15/1975,,Monchia,Magdalena Cauca,Medio Magdalena,Río Nare,2023,20,Andes,Definitivo,3,3,0,30.0578651428223,30.0578651428223,47.1830024719238,26.4537773132324,33.5369834899902,3.05454540252686,6.04363632202148,5,10,0.869565188884735,0.876811623573303,1,1,28,1.04999995231628,3.14999985694885
05,2023-05-18,23080760,0,Definitivo,SAN ROQUE [23080760],Pluviométrica,Convencional,Activa,Antioquia,San Roque,6.4875,-75.017,820,5/15/1975,,Monchia,Magdalena Cauca,Medio Magdalena,Río Nare,2023,18,Andes,Definitivo,0,0,0,2.49176049232483,2.49176049232483,9.43660068511963,12.1544351577759,0.399245798587799,3.05454540252686,6.04363632202148,5,10,0.869565188884735,0.876811623573303,1,1,28,1.04999995231628,0
05,2023-05-15,23080760,5,Definitivo,SAN ROQUE [23080760],Pluviométrica,Convencional,Activa,Antioquia,San Roque,6.4875,-75.017,820,5/15/1975,,Monchia,Magdalena Cauca,Medio Magdalena,Río Nare,2023,15,Andes,Definitivo,5,5,0,7.98816967010498,7.98816967010498,22.2982368469238,5.4467077255249,17.9152946472168,3.05454540252686,6.04363632202148,5,10,0.869565188884735,0.876811623573303,1,1,27,1.04999995231628,5.24999976158142
05,2023-05-12,23080760,5,Definitivo,SAN ROQUE [23080760],Pluviométrica,Convencional,Activa,Antioquia,San Roque,6.4875,-75.017,820,5/15/1975,,Monchia,Magdalena Cauca,Medio Magdalena,Río Nare,2023,12,Andes,Definitivo,5,5,0,10.6714925765991,10.6714925765991,8.91929435729981,12.6163091659546,2.8773934841156,3.05454540252686,6.04363632202148,5,10,0.869565188884735,0.876811623573303,1,1,27,1.04999995231628,5.24999976158142
05,2001-05-29,23080760,0.5,Definitivo,SAN ROQUE [23080760],Pluviométrica,Convencional,Activa,Antioquia,San Roque,6.4875,-75.017,820,5/15/1975,,Monchia,Magdalena Cauca,Medio Magdalena,Río Nare,2001,29,Andes,Definitivo,0.5,0.5,0,11.7317132949829,11.7317132949829,0,3.3364531993866,1.82138454914093,3.05454540252686,6.04363632202148,5,10,0.869565188884735,0.876811623573303,1,1,30,1.04999995231628,0.524999976158142
05,2001-05-28,23080760,6,Definitivo,SAN ROQUE [23080760],Pluviométrica,Convencional,Activa,Antioquia,San Roque,6.4875,-75.017,820,5/15/1975,,Monchia,Magdalena Cauca,Medio Magdalena,Río Nare,2001,28,Andes,Definitivo,6,6,0,24.1344261169434,24.1344261169434,0,11.9004001617432,0.558216571807861,3.05454540252686,6.04363632202148,5,10,0.869565188884735,0.876811623573303,1,1,30,1.04999995231628,6.29999971389771
05,2001-05-27,23080760,0,Definitivo,SAN ROQUE [23080760],Pluviométrica,Convencional,Activa,Antioquia,San Roque,6.4875,-75.017,820,5/15/1975,,Monchia,Magdalena Cauca,Medio Magdalena,Río Nare,2001,27,Andes,Definitivo,0,0,0,16.9049243927002,16.9049243927002,24.8137245178223,39.6792449951172,52.635498046875,3.05454540252686,6.04363632202148,5,10,0.869565188884735,0.876811623573303,1,1,30,1.04999995231628,0
05,2002-05-25,23080760,51,Definitivo,SAN ROQUE [23080760],Pluviométrica,Convencional,Activa,Antioquia,San Roque,6.4875,-75.017,820,5/15/1975,,Monchia,Magdalena Cauca,Medio Magdalena,Río Nare,2002,25,Andes,Definitivo,51,51,0,10.2824993133545,10.2824993133545,31.1560230255127,25.0072174072266,56.220874786377,3.05454540252686,6.04363632202148,5,10,0.869565188884735,0.876811623573303,1,1,29,1.04999995231628,53.5499975681305
05,2002-05-24,23080760,4,Definitivo,SAN ROQUE [23080760],Pluviométrica,Convencional,Activa,Antioquia,San Roque,6.4875,-75.017,820,5/15/1975,,Monchia,Magdalena Cauca,Medio Magdalena,Río Nare,2002,24,Andes,Definitivo,4,4,0,2.41138219833374,2.41138219833374,12.4624090194702,7.99819231033325,14.2222442626953,3.05454540252686,6.04363632202148,5,10,0.869565188884735,0.876811623573303,1,1,29,1.04999995231628,4.19999980926514
05,2002-05-23,23080760,1,Definitivo,SAN ROQUE [23080760],Pluviométrica,Convencional,Activa,Antioquia,San Roque,6.4875,-75.017,820,5/15/1975,,Monchia,Magdalena Cauca,Medio Magdalena,Río Nare,2002,23,Andes,Definitivo,1,1,0,2.82086229324341,2.82086229324341,0,10.9102993011475,6.26717805862427,3.05454540252686,6.04363632202148,5,10,0.869565188884735,0.876811623573303,1,1,29,1.04999995231628,1.04999995231628
05,2002-05-22,23080760,26,Definitivo,SAN ROQUE [23080760],Pluviométrica,Convencional,Activa,Antioquia,San Roque,6.4875,-75.017,820,5/15/1975,,Monchia,Magdalena Cauca,Medio Magdalena,Río Nare,2002,22,Andes,Definitivo,26,26,0,16.7886810302734,16.7886810302734,18.6936149597168,32.9066276550293,7.10679626464844,3.05454540252686,6.04363632202148,5,10,0.869565188884735,0.876811623573303,1,1,29,1.04999995231628,27.2999987602234
05,2002-05-21,23080760,0,Definitivo,SAN ROQUE [23080760],Pluviométrica,Convencional,Activa,Antioquia,San Roque,6.4875,-75.017,820,5/15/1975,,Monchia,Magdalena Cauca,Medio Magdalena,Río Nare,2002,21,Andes,Definitivo,0,0,0,28.4361133575439,28.4361133575439,6.23120450973511,14.2370433807373,7.24228048324585,3.05454540252686,6.04363632202148,5,10,0.869565188884735,0.876811623573303,1,1,29,1.04999995231628,0
05,2003-05-19,23080760,8,Definitivo,SAN ROQUE [23080760],Pluviométrica,Convencional,Activa,Antioquia,San Roque,6.4875,-75.017,820,5/15/1975,,Monchia,Magdalena Cauca,Medio Magdalena,Río Nare,2003,19,Andes,Definitivo,8,8,0,34.0251121520996,34.0251121520996,11.452052116394,36.5091285705566,16.9337215423584,3.05454540252686,6.04363632202148,5,10,0.869565188884735,0.876811623573303,1,1,28,1.04999995231628,8.39999961853027
05,2002-05-18,23080760,24,Definitivo,SAN ROQUE [23080760],Pluviométrica,Convencional,Activa,Antioquia,San Roque,6.4875,-75.017,820,5/15/1975,,Monchia,Magdalena Cauca,Medio Magdalena,Río Nare,2002,18,Andes,Definitivo,24,24,0,7.9078540802002,7.9078540802002,25.8847408294678,44.1932334899902,53.266902923584,3.05454540252686,6.04363632202148,5,10,0.869565188884735,0.876811623573303,1,1,28,1.04999995231628,25.1999988555908
05,2004-05-14,23080760,0,Definitivo,SAN ROQUE [23080760],Pluviométrica,Convencional,Activa,Antioquia,San Roque,6.4875,-75.017,820,5/15/1975,,Monchia,Magdalena Cauca,Medio Magdalena,Río Nare,2004,14,Andes,Definitivo,0,0,0,11.1188869476318,11.1188869476318,0,23.7388458251953,0.69541871547699,3.05454540252686,6.04363632202148,5,10,0.869565188884735,0.876811623573303,1,1,27,1.04999995231628,0
05,2003-05-14,23080760,0,Definitivo,SAN ROQUE [23080760],Pluviométrica,Convencional,Activa,Antioquia,San Roque,6.4875,-75.017,820,5/15/1975,,Monchia,Magdalena Cauca,Medio Magdalena,Río Nare,2003,14,Andes,Definitivo,0,0,0,0.0879876911640167,0.0879876911640167,14.9631910324097,0.554699122905731,1.44308984279633,3.05454540252686,6.04363632202148,5,10,0.869565188884735,0.876811623573303,1,1,27,1.04999995231628,0
05,2002-05-13,23080760,0,Definitivo,SAN ROQUE [23080760],Pluviométrica,Convencional,Activa,Antioquia,San Roque,6.4875,-75.017,820,5/15/1975,,Monchia,Magdalena Cauca,Medio Magdalena,Río Nare,2002,13,Andes,Definitivo,0,0,0,7.969566822052,7.969566822052,6.0749716758728,10.4079475402832,6.24116373062134,3.05454540252686,6.04363632202148,5,10,0.869565188884735,0.876811623573303,1,1,27,1.04999995231628,0
05,2004-05-09,23080760,9,Definitivo,SAN ROQUE [23080760],Pluviométrica,Convencional,Activa,Antioquia,San Roque,6.4875,-75.017,820,5/15/1975,,Monchia,Magdalena Cauca,Medio Magdalena,Río Nare,2004,09,Andes,Definitivo,9,9,0,0,0,19.0631122589111,7.25508260726929,15.76353931427,3.05454540252686,6.04363632202148,5,10,0.869565188884735,0.876811623573303,1,1,26,1.04999995231628,9.44999957084656
05,2003-05-09,23080760,30,Definitivo,SAN ROQUE [23080760],Pluviométrica,Convencional,Activa,Antioquia,San Roque,6.4875,-75.017,820,5/15/1975,,Monchia,Magdalena Cauca,Medio Magdalena,Río Nare,2003,09,Andes,Definitivo,30,30,0,10.3718729019165,10.3718729019165,19.9542770385742,39.0408706665039,96.7603378295899,3.05454540252686,6.04363632202148,5,10,0.869565188884735,0.876811623573303,1,1,26,1.04999995231628,31.4999985694885
05,2002-05-08,23080760,0,Definitivo,SAN ROQUE [23080760],Pluviométrica,Convencional,Activa,Antioquia,San Roque,6.4875,-75.017,820,5/15/1975,,Monchia,Magdalena Cauca,Medio Magdalena,Río Nare,2002,08,Andes,Definitivo,0,0,0,3.60771799087524,3.60771799087524,6.01728487014771,0.455134689807892,0.643676459789276,3.05454540252686,6.04363632202148,5,10,0.869565188884735,0.876811623573303,1,1,26,1.04999995231628,0
05,2004-05-08,23080760,19,Definitivo,SAN ROQUE [23080760],Pluviométrica,Convencional,Activa,Antioquia,San Roque,6.4875,-75.017,820,5/15/1975,,Monchia,Magdalena Cauca,Medio Magdalena,Río Nare,2004,08,Andes,Definitivo,19,19,0,27.1742935180664,27.1742935180664,9.53155612945557,3.740882396698,35.1579322814941,3.05454540252686,6.04363632202148,5,10,0.869565188884735,0.876811623573303,1,1,26,1.04999995231628,19.9499990940094
05,2007-05-07,23080760,70,Definitivo,SAN ROQUE [23080760],Pluviométrica,Convencional,Activa,Antioquia,San Roque,6.4875,-75.017,820,5/15/1975,,Monchia,Magdalena Cauca,Medio Magdalena,Río Nare,2007,07,Andes,Definitivo,70,70,0,33.1416969299316,33.1416969299316,28.3106555938721,44.3266792297363,23.9955310821533,3.05454540252686,6.04363632202148,5,10,0.869565188884735,0.876811623573303,1,1,26,1.04999995231628,73.4999966621399
05,2009-05-07,23080760,58,Definitivo,SAN ROQUE [23080760],Pluviométrica,Convencional,Activa,Antioquia,San Roque,6.4875,-75.017,820,5/15/1975,,Monchia,Magdalena Cauca,Medio Magdalena,Río Nare,2009,07,Andes,Definitivo,58,58,0,6.55579710006714,6.55579710006714,8.00883865356445,16.719066619873,3.76882433891296,3.05454540252686,6.04363632202148,5,10,0.869565188884735,0.876811623573303,1,1,26,1.04999995231628,60.8999972343445
05,2009-05-08,23080760,0,Definitivo,SAN ROQUE [23080760],Pluviométrica,Convencional,Activa,Antioquia,San Roque,6.4875,-75.017,820,5/15/1975,,Monchia,Magdalena Cauca,Medio Magdalena,Río Nare,2009,08,Andes,Definitivo,0,0,0,19.467212677002,19.467212677002,24.026517868042,36.161247253418,59.0801124572754,3.05454540252686,6.04363632202148,5,10,0.869565188884735,0.876811623573303,1,1,26,1.04999995231628,0
05,2008-05-11,23080760,9,Definitivo,SAN ROQUE [23080760],Pluviométrica,Convencional,Activa,Antioquia,San Roque,6.4875,-75.017,820,5/15/1975,,Monchia,Magdalena Cauca,Medio Magdalena,Río Nare,2008,11,Andes,Definitivo,9,9,0,7.87625455856323,7.87625455856323,7.40733957290649,7.17608070373535,2.74994325637817,3.05454540252686,6.04363632202148,5,10,0.869565188884735,0.876811623573303,1,1,27,1.04999995231628,9.44999957084656
05,2011-05-10,23080760,5,Definitivo,SAN ROQUE [23080760],Pluviométrica,Convencional,Activa,Antioquia,San Roque,6.4875,-75.017,820,5/15/1975,,Monchia,Magdalena Cauca,Medio Magdalena,Río Nare,2011,10,Andes,Definitivo,5,5,0,3.22357940673828,3.22357940673828,11.3188819885254,27.3039932250977,30.3766899108887,3.05454540252686,6.04363632202148,5,10,0.869565188884735,0.876811623573303,1,1,26,1.04999995231628,5.24999976158142
05,2011-05-11,23080760,12,Definitivo,SAN ROQUE [23080760],Pluviométrica,Convencional,Activa,Antioquia,San Roque,6.4875,-75.017,820,5/15/1975,,Monchia,Magdalena Cauca,Medio Magdalena,Río Nare,2011,11,Andes,Definitivo,12,12,0,2.8288402557373,2.8288402557373,22.9684066772461,3.54145503044128,15.0053482055664,3.05454540252686,6.04363632202148,5,10,0.869565188884735,0.876811623573303,1,1,27,1.04999995231628,12.5999994277954
05,2013-05-11,23080760,,"",SAN ROQUE [23080760],Pluviométrica,Convencional,Activa,Antioquia,San Roque,6.4875,-75.017,820,5/15/1975,,Monchia,Magdalena Cauca,Medio Magdalena,Río Nare,2013,11,Andes,Preliminar,0,0,0,6.61824798583984,6.61824798583984,0,10.6560516357422,0,3.05454540252686,6.04363632202148,5,10,0.869565188884735,0.876811623573303,1,1,27,1.04999995231628,0
05,2011-05-18,23080760,0,Definitivo,SAN ROQUE [23080760],Pluviométrica,Convencional,Activa,Antioquia,San Roque,6.4875,-75.017,820,5/15/1975,,Monchia,Magdalena Cauca,Medio Magdalena,Río Nare,2011,18,Andes,Definitivo,0,0,0,19.4457950592041,19.4457950592041,18.9113254547119,21.2901153564453,29.8288345336914,3.05454540252686,6.04363632202148,5,10,0.869565188884735,0.876811623573303,1,1,28,1.04999995231628,0
05,2011-05-19,23080760,,"",SAN ROQUE [23080760],Pluviométrica,Convencional,Activa,Antioquia,San Roque,6.4875,-75.017,820,5/15/1975,,Monchia,Magdalena Cauca,Medio Magdalena,Río Nare,2011,19,Andes,Preliminar,0,0,0,11.2349414825439,11.2349414825439,0,7.82467889785767,2.44431447982788,3.05454540252686,6.04363632202148,5,10,0.869565188884735,0.876811623573303,1,1,28,1.04999995231628,0
05,2010-05-22,23080760,32,Definitivo,SAN ROQUE [23080760],Pluviométrica,Convencional,Activa,Antioquia,San Roque,6.4875,-75.017,820,5/15/1975,,Monchia,Magdalena Cauca,Medio Magdalena,Río Nare,2010,22,Andes,Definitivo,32,32,0,7.5075478553772,7.5075478553772,0,7.6397647857666,4.37566995620728,3.05454540252686,6.04363632202148,5,10,0.869565188884735,0.876811623573303,1,1,29,1.04999995231628,33.5999984741211
05,2011-05-26,23080760,,"",SAN ROQUE [23080760],Pluviométrica,Convencional,Activa,Antioquia,San Roque,6.4875,-75.017,820,5/15/1975,,Monchia,Magdalena Cauca,Medio Magdalena,Río Nare,2011,26,Andes,Preliminar,0,0,0,11.1481637954712,11.1481637954712,5.47279119491577,3.69325661659241,17.8438205718994,3.05454540252686,6.04363632202148,5,10,0.869565188884735,0.876811623573303,1,1,30,1.04999995231628,0
05,2014-05-24,23080760,,"",SAN ROQUE [23080760],Pluviométrica,Convencional,Activa,Antioquia,San Roque,6.4875,-75.017,820,5/15/1975,,Monchia,Magdalena Cauca,Medio Magdalena,Río Nare,2014,24,Andes,Preliminar,0,0,0,0,0,13.0551614761353,15.0961236953735,27.9259777069092,3.05454540252686,6.04363632202148,5,10,0.869565188884735,0.876811623573303,1,1,29,1.04999995231628,0
05,2014-05-25,23080760,19,Definitivo,SAN ROQUE [23080760],Pluviométrica,Convencional,Activa,Antioquia,San Roque,6.4875,-75.017,820,5/15/1975,,Monchia,Magdalena Cauca,Medio Magdalena,Río Nare,2014,25,Andes,Definitivo,19,19,0,0,0,0,3.05430197715759,0,3.05454540252686,6.04363632202148,5,10,0.869565188884735,0.876811623573303,1,1,29,1.04999995231628,19.9499990940094
05,2015-05-29,23080760,13,Definitivo,SAN ROQUE [23080760],Pluviométrica,Convencional,Activa,Antioquia,San Roque,6.4875,-75.017,820,5/15/1975,,Monchia,Magdalena Cauca,Medio Magdalena,Río Nare,2015,29,Andes,Definitivo,13,13,0,6.65888404846191,6.65888404846191,20.5679550170898,63.4835243225098,42.1210708618164,3.05454540252686,6.04363632202148,5,10,0.869565188884735,0.876811623573303,1,1,30,1.04999995231628,13.6499993801117
05,2020-05-26,23080760,5,Definitivo,SAN ROQUE [23080760],Pluviométrica,Convencional,Activa,Antioquia,San Roque,6.4875,-75.017,820,5/15/1975,,Monchia,Magdalena Cauca,Medio Magdalena,Río Nare,2020,26,Andes,Definitivo,5,5,0,3.59577298164368,3.59577298164368,5.43850660324097,6.35591745376587,0,3.05454540252686,6.04363632202148,5,10,0.869565188884735,0.876811623573303,1,1,30,1.04999995231628,5.24999976158142
05,2020-05-27,23080760,0,Definitivo,SAN ROQUE [23080760],Pluviométrica,Convencional,Activa,Antioquia,San Roque,6.4875,-75.017,820,5/15/1975,,Monchia,Magdalena Cauca,Medio Magdalena,Río Nare,2020,27,Andes,Definitivo,0,0,0,0.438507258892059,0.438507258892059,21.7540264129639,1.15299594402313,47.8575325012207,3.05454540252686,6.04363632202148,5,10,0.869565188884735,0.876811623573303,1,1,30,1.04999995231628,0
05,2022-05-28,23080760,4,Definitivo,SAN ROQUE [23080760],Pluviométrica,Convencional,Activa,Antioquia,San Roque,6.4875,-75.017,820,5/15/1975,,Monchia,Magdalena Cauca,Medio Magdalena,Río Nare,2022,28,Andes,Definitivo,4,4,0,1.29372763633728,1.29372763633728,13.8630304336548,4.31764078140259,0.649267494678497,3.05454540252686,6.04363632202148,5,10,0.869565188884735,0.876811623573303,1,1,30,1.04999995231628,4.19999980926514
05,2022-05-26,23080760,13,Definitivo,SAN ROQUE [23080760],Pluviométrica,Convencional,Activa,Antioquia,San Roque,6.4875,-75.017,820,5/15/1975,,Monchia,Magdalena Cauca,Medio Magdalena,Río Nare,2022,26,Andes,Definitivo,13,13,0,6.08433246612549,6.08433246612549,13.8630304336548,18.4927005767822,19.6185455322266,3.05454540252686,6.04363632202148,5,10,0.869565188884735,0.876811623573303,1,1,30,1.04999995231628,13.6499993801117
05,2021-05-25,23080760,36,Definitivo,SAN ROQUE [23080760],Pluviométrica,Convencional,Activa,Antioquia,San Roque,6.4875,-75.017,820,5/15/1975,,Monchia,Magdalena Cauca,Medio Magdalena,Río Nare,2021,25,Andes,Definitivo,36,36,0,12.6059532165527,12.6059532165527,13.4190902709961,15.8180875778198,12.9484405517578,3.05454540252686,6.04363632202148,5,10,0.869565188884735,0.876811623573303,1,1,29,1.04999995231628,37.7999982833862
05,2021-05-22,23080760,35,Definitivo,SAN ROQUE [23080760],Pluviométrica,Convencional,Activa,Antioquia,San Roque,6.4875,-75.017,820,5/15/1975,,Monchia,Magdalena Cauca,Medio Magdalena,Río Nare,2021,22,Andes,Definitivo,35,35,0,16.2264556884766,16.2264556884766,6.70954513549805,17.6983432769775,3.97385621070862,3.05454540252686,6.04363632202148,5,10,0.869565188884735,0.876811623573303,1,1,29,1.04999995231628,36.7499983310699
05,2023-05-17,23080760,2,Definitivo,SAN ROQUE [23080760],Pluviométrica,Convencional,Activa,Antioquia,San Roque,6.4875,-75.017,820,5/15/1975,,Monchia,Magdalena Cauca,Medio Magdalena,Río Nare,2023,17,Andes,Definitivo,2,2,0,6.90783262252808,6.90783262252808,47.1830024719238,26.4537677764893,53.568660736084,3.05454540252686,6.04363632202148,5,10,0.869565188884735,0.876811623573303,1,1,28,1.04999995231628,2.09999990463257
05,2021-05-17,23080760,43,Definitivo,SAN ROQUE [23080760],Pluviométrica,Convencional,Activa,Antioquia,San Roque,6.4875,-75.017,820,5/15/1975,,Monchia,Magdalena Cauca,Medio Magdalena,Río Nare,2021,17,Andes,Definitivo,43,43,0,11.2634592056274,11.2634592056274,19.9180088043213,47.9926223754883,36.9800682067871,3.05454540252686,6.04363632202148,5,10,0.869565188884735,0.876811623573303,1,1,28,1.04999995231628,45.1499979496002
05,2023-05-14,23080760,5,Definitivo,SAN ROQUE [23080760],Pluviométrica,Convencional,Activa,Antioquia,San Roque,6.4875,-75.017,820,5/15/1975,,Monchia,Magdalena Cauca,Medio Magdalena,Río Nare,2023,14,Andes,Definitivo,5,5,0,7.10340213775635,7.10340213775635,8.91929435729981,5.86477327346802,11.394603729248,3.05454540252686,6.04363632202148,5,10,0.869565188884735,0.876811623573303,1,1,27,1.04999995231628,5.24999976158142
05,2023-05-11,23080760,0,Definitivo,SAN ROQUE [23080760],Pluviométrica,Convencional,Activa,Antioquia,San Roque,6.4875,-75.017,820,5/15/1975,,Monchia,Magdalena Cauca,Medio Magdalena,Río Nare,2023,11,Andes,Definitivo,0,0,0,33.5190315246582,33.5190315246582,4.4596471786499,13.1779117584229,6.46122646331787,3.05454540252686,6.04363632202148,5,10,0.869565188884735,0.876811623573303,1,1,27,1.04999995231628,0
05,2022-05-12,23080760,0,Definitivo,SAN ROQUE [23080760],Pluviométrica,Convencional,Activa,Antioquia,San Roque,6.4875,-75.017,820,5/15/1975,,Monchia,Magdalena Cauca,Medio Magdalena,Río Nare,2022,12,Andes,Definitivo,0,0,0,25.6111183166504,25.6111183166504,18.338228225708,25.4449977874756,12.7896280288696,3.05454540252686,6.04363632202148,5,10,0.869565188884735,0.876811623573303,1,1,27,1.04999995231628,0
05,2023-05-10,23080760,21,Definitivo,SAN ROQUE [23080760],Pluviométrica,Convencional,Activa,Antioquia,San Roque,6.4875,-75.017,820,5/15/1975,,Monchia,Magdalena Cauca,Medio Magdalena,Río Nare,2023,10,Andes,Definitivo,21,21,0,35.2388305664063,35.2388305664063,16.6167125701904,4.57367086410523,22.1594543457031,3.05454540252686,6.04363632202148,5,10,0.869565188884735,0.876811623573303,1,1,26,1.04999995231628,22.049998998642
05,2001-05-26,23080760,3,Definitivo,SAN ROQUE [23080760],Pluviométrica,Convencional,Activa,Antioquia,San Roque,6.4875,-75.017,820,5/15/1975,,Monchia,Magdalena Cauca,Medio Magdalena,Río Nare,2001,26,Andes,Definitivo,3,3,0,13.2035903930664,13.2035903930664,6.20343112945557,21.3427181243897,25.5456829071045,3.05454540252686,6.04363632202148,5,10,0.869565188884735,0.876811623573303,1,1,30,1.04999995231628,3.14999985694885
05,2001-05-25,23080760,39,Definitivo,SAN ROQUE [23080760],Pluviométrica,Convencional,Activa,Antioquia,San Roque,6.4875,-75.017,820,5/15/1975,,Monchia,Magdalena Cauca,Medio Magdalena,Río Nare,2001,25,Andes,Definitivo,39,39,0,3.171630859375,3.171630859375,15.0714302062988,18.9684715270996,7.75490617752075,3.05454540252686,6.04363632202148,5,10,0.869565188884735,0.876811623573303,1,1,29,1.04999995231628,40.9499981403351
05,2001-05-24,23080760,0,Definitivo,SAN ROQUE [23080760],Pluviométrica,Convencional,Activa,Antioquia,San Roque,6.4875,-75.017,820,5/15/1975,,Monchia,Magdalena Cauca,Medio Magdalena,Río Nare,2001,24,Andes,Definitivo,0,0,0,27.1669597625732,27.1669597625732,7.53571510314941,14.3040456771851,9.98283958435059,3.05454540252686,6.04363632202148,5,10,0.869565188884735,0.876811623573303,1,1,29,1.04999995231628,0
05,2001-05-23,23080760,35,Definitivo,SAN ROQUE [23080760],Pluviométrica,Convencional,Activa,Antioquia,San Roque,6.4875,-75.017,820,5/15/1975,,Monchia,Magdalena Cauca,Medio Magdalena,Río Nare,2001,23,Andes,Definitivo,35,35,0,4.52065086364746,4.52065086364746,7.53571510314941,12.7273864746094,5.51294231414795,3.05454540252686,6.04363632202148,5,10,0.869565188884735,0.876811623573303,1,1,29,1.04999995231628,36.7499983310699
05,2001-05-22,23080760,0,Definitivo,SAN ROQUE [23080760],Pluviométrica,Convencional,Activa,Antioquia,San Roque,6.4875,-75.017,820,5/15/1975,,Monchia,Magdalena Cauca,Medio Magdalena,Río Nare,2001,22,Andes,Definitivo,0,0,0,7.56312036514282,7.56312036514282,7.53571510314941,27.5804824829102,32.5117111206055,3.05454540252686,6.04363632202148,5,10,0.869565188884735,0.876811623573303,1,1,29,1.04999995231628,0
05,2002-05-20,23080760,0,Definitivo,SAN ROQUE [23080760],Pluviométrica,Convencional,Activa,Antioquia,San Roque,6.4875,-75.017,820,5/15/1975,,Monchia,Magdalena Cauca,Medio Magdalena,Río Nare,2002,20,Andes,Definitivo,0,0,0,18.899772644043,18.899772644043,12.9423704147339,17.7148380279541,7.55741453170776,3.05454540252686,6.04363632202148,5,10,0.869565188884735,0.876811623573303,1,1,28,1.04999995231628,0
05,2001-05-19,23080760,63,Definitivo,SAN ROQUE [23080760],Pluviométrica,Convencional,Activa,Antioquia,San Roque,6.4875,-75.017,820,5/15/1975,,Monchia,Magdalena Cauca,Medio Magdalena,Río Nare,2001,19,Andes,Definitivo,63,63,0,12.9117441177368,12.9117441177368,44.0871810913086,17.3457546234131,93.2883071899414,3.05454540252686,6.04363632202148,5,10,0.869565188884735,0.876811623573303,1,1,28,1.04999995231628,66.1499969959259
05,2003-05-16,23080760,0,Definitivo,SAN ROQUE [23080760],Pluviométrica,Convencional,Activa,Antioquia,San Roque,6.4875,-75.017,820,5/15/1975,,Monchia,Magdalena Cauca,Medio Magdalena,Río Nare,2003,16,Andes,Definitivo,0,0,0,0.861395299434662,0.861395299434662,22.9041042327881,4.35233783721924,5.53289604187012,3.05454540252686,6.04363632202148,5,10,0.869565188884735,0.876811623573303,1,1,28,1.04999995231628,0
05,2002-05-15,23080760,9,Definitivo,SAN ROQUE [23080760],Pluviométrica,Convencional,Activa,Antioquia,San Roque,6.4875,-75.017,820,5/15/1975,,Monchia,Magdalena Cauca,Medio Magdalena,Río Nare,2002,15,Andes,Definitivo,9,9,0,1.18521773815155,1.18521773815155,0,1.01706898212433,0.732385039329529,3.05454540252686,6.04363632202148,5,10,0.869565188884735,0.876811623573303,1,1,27,1.04999995231628,9.44999957084656
05,2001-05-14,23080760,6,Definitivo,SAN ROQUE [23080760],Pluviométrica,Convencional,Activa,Antioquia,San Roque,6.4875,-75.017,820,5/15/1975,,Monchia,Magdalena Cauca,Medio Magdalena,Río Nare,2001,14,Andes,Definitivo,6,6,0,10.728741645813,10.728741645813,45.1391220092773,54.7507400512695,97.8892822265625,3.05454540252686,6.04363632202148,5,10,0.869565188884735,0.876811623573303,1,1,27,1.04999995231628,6.29999971389771
05,2003-05-11,23080760,45,Definitivo,SAN ROQUE [23080760],Pluviométrica,Convencional,Activa,Antioquia,San Roque,6.4875,-75.017,820,5/15/1975,,Monchia,Magdalena Cauca,Medio Magdalena,Río Nare,2003,11,Andes,Definitivo,45,45,0,7.30297899246216,7.30297899246216,14.9631910324097,19.2693881988525,10.6487340927124,3.05454540252686,6.04363632202148,5,10,0.869565188884735,0.876811623573303,1,1,27,1.04999995231628,47.2499978542328
05,2002-05-10,23080760,16,Definitivo,SAN ROQUE [23080760],Pluviométrica,Convencional,Activa,Antioquia,San Roque,6.4875,-75.017,820,5/15/1975,,Monchia,Magdalena Cauca,Medio Magdalena,Río Nare,2002,10,Andes,Definitivo,16,16,0,0.200428768992424,0.200428768992424,12.0345697402954,17.565502166748,7.28288650512695,3.05454540252686,6.04363632202148,5,10,0.869565188884735,0.876811623573303,1,1,26,1.04999995231628,16.7999992370605
05,2004-05-06,23080760,0.1,Definitivo,SAN ROQUE [23080760],Pluviométrica,Convencional,Activa,Antioquia,San Roque,6.4875,-75.017,820,5/15/1975,,Monchia,Magdalena Cauca,Medio Magdalena,Río Nare,2004,06,Andes,Definitivo,0.1,0.1,0,6.64695024490356,6.64695024490356,14.2973346710205,49.0255546569824,22.8441600799561,3.05454540252686,6.04363632202148,5,10,0.869565188884735,0.876811623573303,1,1,26,1.04999995231628,0.104999995231628
05,2003-05-06,23080760,15,Definitivo,SAN ROQUE [23080760],Pluviométrica,Convencional,Activa,Antioquia,San Roque,6.4875,-75.017,820,5/15/1975,,Monchia,Magdalena Cauca,Medio Magdalena,Río Nare,2003,06,Andes,Definitivo,15,15,0,1.61529159545898,1.61529159545898,39.9085540771484,36.7541427612305,12.7673978805542,3.05454540252686,6.04363632202148,5,10,0.869565188884735,0.876811623573303,1,1,26,1.04999995231628,15.7499992847443
05,2005-05-06,23080760,,"",SAN ROQUE [23080760],Pluviométrica,Convencional,Activa,Antioquia,San Roque,6.4875,-75.017,820,5/15/1975,,Monchia,Magdalena Cauca,Medio Magdalena,Río Nare,2005,06,Andes,Preliminar,0,0,0,13.2104320526123,13.2104320526123,17.5810108184814,34.1243858337402,15.5995006561279,3.05454540252686,6.04363632202148,5,10,0.869565188884735,0.876811623573303,1,1,26,1.04999995231628,0
05,2005-05-07,23080760,32,Definitivo,SAN ROQUE [23080760],Pluviométrica,Convencional,Activa,Antioquia,San Roque,6.4875,-75.017,820,5/15/1975,,Monchia,Magdalena Cauca,Medio Magdalena,Río Nare,2005,07,Andes,Definitivo,32,32,0,10.2374382019043,10.2374382019043,0,6.82314348220825,2.2408299446106,3.05454540252686,6.04363632202148,5,10,0.869565188884735,0.876811623573303,1,1,26,1.04999995231628,33.5999984741211
05,2007-05-08,23080760,0,Definitivo,SAN ROQUE [23080760],Pluviométrica,Convencional,Activa,Antioquia,San Roque,6.4875,-75.017,820,5/15/1975,,Monchia,Magdalena Cauca,Medio Magdalena,Río Nare,2007,08,Andes,Definitivo,0,0,0,6.51194286346436,6.51194286346436,37.7475433349609,58.1810646057129,29.6070747375488,3.05454540252686,6.04363632202148,5,10,0.869565188884735,0.876811623573303,1,1,26,1.04999995231628,0
05,2007-05-09,23080760,31,Definitivo,SAN ROQUE [23080760],Pluviométrica,Convencional,Activa,Antioquia,San Roque,6.4875,-75.017,820,5/15/1975,,Monchia,Magdalena Cauca,Medio Magdalena,Río Nare,2007,09,Andes,Definitivo,31,31,0,11.0891780853271,11.0891780853271,0,7.53963279724121,0.469422489404678,3.05454540252686,6.04363632202148,5,10,0.869565188884735,0.876811623573303,1,1,26,1.04999995231628,32.5499985218048
05,2012-05-06,23080760,35,Definitivo,SAN ROQUE [23080760],Pluviométrica,Convencional,Activa,Antioquia,San Roque,6.4875,-75.017,820,5/15/1975,,Monchia,Magdalena Cauca,Medio Magdalena,Río Nare,2012,06,Andes,Definitivo,35,35,0,11.2721719741821,11.2721719741821,10.3382129669189,10.1590757369995,18.7402744293213,3.05454540252686,6.04363632202148,5,10,0.869565188884735,0.876811623573303,1,1,26,1.04999995231628,36.7499983310699
05,2012-05-07,23080760,10,Definitivo,SAN ROQUE [23080760],Pluviométrica,Convencional,Activa,Antioquia,San Roque,6.4875,-75.017,820,5/15/1975,,Monchia,Magdalena Cauca,Medio Magdalena,Río Nare,2012,07,Andes,Definitivo,10,10,0,15.3555583953857,15.3555583953857,41.3528518676758,85.0261917114258,60.6686820983887,3.05454540252686,6.04363632202148,5,10,0.869565188884735,0.876811623573303,1,1,26,1.04999995231628,10.4999995231628
05,2012-05-08,23080760,8,Definitivo,SAN ROQUE [23080760],Pluviométrica,Convencional,Activa,Antioquia,San Roque,6.4875,-75.017,820,5/15/1975,,Monchia,Magdalena Cauca,Medio Magdalena,Río Nare,2012,08,Andes,Definitivo,8,8,0,7.07687091827393,7.07687091827393,0,5.5990047454834,0,3.05454540252686,6.04363632202148,5,10,0.869565188884735,0.876811623573303,1,1,26,1.04999995231628,8.39999961853027
05,2013-05-12,23080760,0,Definitivo,SAN ROQUE [23080760],Pluviométrica,Convencional,Activa,Antioquia,San Roque,6.4875,-75.017,820,5/15/1975,,Monchia,Magdalena Cauca,Medio Magdalena,Río Nare,2013,12,Andes,Definitivo,0,0,0,2.91042852401733,2.91042852401733,0,11.3182773590088,0.0146774854511023,3.05454540252686,6.04363632202148,5,10,0.869565188884735,0.876811623573303,1,1,27,1.04999995231628,0
05,2012-05-15,23080760,11,Definitivo,SAN ROQUE [23080760],Pluviométrica,Convencional,Activa,Antioquia,San Roque,6.4875,-75.017,820,5/15/1975,,Monchia,Magdalena Cauca,Medio Magdalena,Río Nare,2012,15,Andes,Definitivo,11,11,0,4.26251649856567,4.26251649856567,0,6.78643083572388,1.73291850090027,3.05454540252686,6.04363632202148,5,10,0.869565188884735,0.876811623573303,1,1,27,1.04999995231628,11.5499994754791
05,2012-05-16,23080760,1,Definitivo,SAN ROQUE [23080760],Pluviométrica,Convencional,Activa,Antioquia,San Roque,6.4875,-75.017,820,5/15/1975,,Monchia,Magdalena Cauca,Medio Magdalena,Río Nare,2012,16,Andes,Definitivo,1,1,0,4.72414684295654,4.72414684295654,4.62892961502075,6.15090608596802,0.810994982719421,3.05454540252686,6.04363632202148,5,10,0.869565188884735,0.876811623573303,1,1,28,1.04999995231628,1.04999995231628
05,2010-05-23,23080760,,"",SAN ROQUE [23080760],Pluviométrica,Convencional,Activa,Antioquia,San Roque,6.4875,-75.017,820,5/15/1975,,Monchia,Magdalena Cauca,Medio Magdalena,Río Nare,2010,23,Andes,Preliminar,0,0,0,34.3345222473145,34.3345222473145,24.3718795776367,7.99650001525879,17.5536346435547,3.05454540252686,6.04363632202148,5,10,0.869565188884735,0.876811623573303,1,1,29,1.04999995231628,0
05,2012-05-23,23080760,14,Definitivo,SAN ROQUE [23080760],Pluviométrica,Convencional,Activa,Antioquia,San Roque,6.4875,-75.017,820,5/15/1975,,Monchia,Magdalena Cauca,Medio Magdalena,Río Nare,2012,23,Andes,Definitivo,14,14,0,31.1757774353027,31.1757774353027,42.9402008056641,47.7156600952149,77.6728134155274,3.05454540252686,6.04363632202148,5,10,0.869565188884735,0.876811623573303,1,1,29,1.04999995231628,14.699999332428
05,2012-05-24,23080760,,"",SAN ROQUE [23080760],Pluviométrica,Convencional,Activa,Antioquia,San Roque,6.4875,-75.017,820,5/15/1975,,Monchia,Magdalena Cauca,Medio Magdalena,Río Nare,2012,24,Andes,Preliminar,0,0,0,5.73152303695679,5.73152303695679,32.2051506042481,6.15226078033447,12.2660665512085,3.05454540252686,6.04363632202148,5,10,0.869565188884735,0.876811623573303,1,1,29,1.04999995231628,0
05,2016-05-25,23080760,28,Definitivo,SAN ROQUE [23080760],Pluviométrica,Convencional,Activa,Antioquia,San Roque,6.4875,-75.017,820,5/15/1975,,Monchia,Magdalena Cauca,Medio Magdalena,Río Nare,2016,25,Andes,Definitivo,28,28,0,3.17163515090942,3.17163515090942,11.9070262908936,19.4862785339355,8.17084789276123,3.05454540252686,6.04363632202148,5,10,0.869565188884735,0.876811623573303,1,1,29,1.04999995231628,29.399998664856
05,2019-05-24,23080760,13,Definitivo,SAN ROQUE [23080760],Pluviométrica,Convencional,Activa,Antioquia,San Roque,6.4875,-75.017,820,5/15/1975,,Monchia,Magdalena Cauca,Medio Magdalena,Río Nare,2019,24,Andes,Definitivo,13,13,0,11.850399017334,11.850399017334,23.9936027526856,15.807957649231,10.8088369369507,3.05454540252686,6.04363632202148,5,10,0.869565188884735,0.876811623573303,1,1,29,1.04999995231628,13.6499993801117
05,2018-05-27,23080760,42,Definitivo,SAN ROQUE [23080760],Pluviométrica,Convencional,Activa,Antioquia,San Roque,6.4875,-75.017,820,5/15/1975,,Monchia,Magdalena Cauca,Medio Magdalena,Río Nare,2018,27,Andes,Definitivo,42,42,0,5.40371370315552,5.40371370315552,0,44.8526649475098,4.10528564453125,3.05454540252686,6.04363632202148,5,10,0.869565188884735,0.876811623573303,1,1,30,1.04999995231628,44.0999979972839
05,2018-05-28,23080760,4,Definitivo,SAN ROQUE [23080760],Pluviométrica,Convencional,Activa,Antioquia,San Roque,6.4875,-75.017,820,5/15/1975,,Monchia,Magdalena Cauca,Medio Magdalena,Río Nare,2018,28,Andes,Definitivo,4,4,0,23.6249370574951,23.6249370574951,31.776237487793,27.8576583862305,28.13307762146,3.05454540252686,6.04363632202148,5,10,0.869565188884735,0.876811623573303,1,1,30,1.04999995231628,4.19999980926514
05,2021-05-27,23080760,3,Definitivo,SAN ROQUE [23080760],Pluviométrica,Convencional,Activa,Antioquia,San Roque,6.4875,-75.017,820,5/15/1975,,Monchia,Magdalena Cauca,Medio Magdalena,Río Nare,2021,27,Andes,Definitivo,3,3,0,2.3607542514801,2.3607542514801,9.88395023345947,11.6687393188477,7.21728229522705,3.05454540252686,6.04363632202148,5,10,0.869565188884735,0.876811623573303,1,1,30,1.04999995231628,3.14999985694885
05,2023-05-24,23080760,15,Definitivo,SAN ROQUE [23080760],Pluviométrica,Convencional,Activa,Antioquia,San Roque,6.4875,-75.017,820,5/15/1975,,Monchia,Magdalena Cauca,Medio Magdalena,Río Nare,2023,24,Andes,Definitivo,15,15,0,5.9122953414917,5.9122953414917,9.47395420074463,22.4263496398926,20.3007926940918,3.05454540252686,6.04363632202148,5,10,0.869565188884735,0.876811623573303,1,1,29,1.04999995231628,15.7499992847443
05,2022-05-23,23080760,0,Definitivo,SAN ROQUE [23080760],Pluviométrica,Convencional,Activa,Antioquia,San Roque,6.4875,-75.017,820,5/15/1975,,Monchia,Magdalena Cauca,Medio Magdalena,Río Nare,2022,23,Andes,Definitivo,0,0,0,10.2178611755371,10.2178611755371,9.54845523834229,10.8003711700439,21.3817405700684,3.05454540252686,6.04363632202148,5,10,0.869565188884735,0.876811623573303,1,1,29,1.04999995231628,0
05,2023-05-19,23080760,35,Definitivo,SAN ROQUE [23080760],Pluviométrica,Convencional,Activa,Antioquia,San Roque,6.4875,-75.017,820,5/15/1975,,Monchia,Magdalena Cauca,Medio Magdalena,Río Nare,2023,19,Andes,Definitivo,35,35,0,14.1609201431274,14.1609201431274,9.43660068511963,12.1544351577759,1.28418493270874,3.05454540252686,6.04363632202148,5,10,0.869565188884735,0.876811623573303,1,1,28,1.04999995231628,36.7499983310699
05,2023-05-16,23080760,35,Definitivo,SAN ROQUE [23080760],Pluviométrica,Convencional,Activa,Antioquia,San Roque,6.4875,-75.017,820,5/15/1975,,Monchia,Magdalena Cauca,Medio Magdalena,Río Nare,2023,16,Andes,Definitivo,35,35,0,2.67977213859558,2.67977213859558,0,12.1544351577759,0.581764578819275,3.05454540252686,6.04363632202148,5,10,0.869565188884735,0.876811623573303,1,1,28,1.04999995231628,36.7499983310699
05,2022-05-15,23080760,41,Definitivo,SAN ROQUE [23080760],Pluviométrica,Convencional,Activa,Antioquia,San Roque,6.4875,-75.017,820,5/15/1975,,Monchia,Magdalena Cauca,Medio Magdalena,Río Nare,2022,15,Andes,Definitivo,41,41,0,2.79082202911377,2.79082202911377,0,9.66751098632812,0.196244701743126,3.05454540252686,6.04363632202148,5,10,0.869565188884735,0.876811623573303,1,1,27,1.04999995231628,43.0499980449677
05,2021-05-14,23080760,2,Definitivo,SAN ROQUE [23080760],Pluviométrica,Convencional,Activa,Antioquia,San Roque,6.4875,-75.017,820,5/15/1975,,Monchia,Magdalena Cauca,Medio Magdalena,Río Nare,2021,14,Andes,Definitivo,2,2,0,8.69891738891602,8.69891738891602,10.2213668823242,13.3793382644653,14.9309501647949,3.05454540252686,6.04363632202148,5,10,0.869565188884735,0.876811623573303,1,1,27,1.04999995231628,2.09999990463257
05,2021-05-13,23080760,1,Definitivo,SAN ROQUE [23080760],Pluviométrica,Convencional,Activa,Antioquia,San Roque,6.4875,-75.017,820,5/15/1975,,Monchia,Magdalena Cauca,Medio Magdalena,Río Nare,2021,13,Andes,Definitivo,1,1,0,0,0,15.332049369812,23.2061080932617,48.6480102539063,3.05454540252686,6.04363632202148,5,10,0.869565188884735,0.876811623573303,1,1,27,1.04999995231628,1.04999995231628
05,2022-05-11,23080760,12,Definitivo,SAN ROQUE [23080760],Pluviométrica,Convencional,Activa,Antioquia,San Roque,6.4875,-75.017,820,5/15/1975,,Monchia,Magdalena Cauca,Medio Magdalena,Río Nare,2022,11,Andes,Definitivo,12,12,0,18.3597812652588,18.3597812652588,27.5073394775391,44.1990623474121,56.7775077819824,3.05454540252686,6.04363632202148,5,10,0.869565188884735,0.876811623573303,1,1,27,1.04999995231628,12.5999994277954
05,2023-05-09,23080760,0,Definitivo,SAN ROQUE [23080760],Pluviométrica,Convencional,Activa,Antioquia,San Roque,6.4875,-75.017,820,5/15/1975,,Monchia,Magdalena Cauca,Medio Magdalena,Río Nare,2023,09,Andes,Definitivo,0,0,0,0,0,0,4.57367086410523,0.109089307487011,3.05454540252686,6.04363632202148,5,10,0.869565188884735,0.876811623573303,1,1,26,1.04999995231628,0
05,2023-05-08,23080760,0,Definitivo,SAN ROQUE [23080760],Pluviométrica,Convencional,Activa,Antioquia,San Roque,6.4875,-75.017,820,5/15/1975,,Monchia,Magdalena Cauca,Medio Magdalena,Río Nare,2023,08,Andes,Definitivo,0,0,0,0,0,0,4.57367086410523,0,3.05454540252686,6.04363632202148,5,10,0.869565188884735,0.876811623573303,1,1,26,1.04999995231628,0
05,2022-05-09,23080760,0,Definitivo,SAN ROQUE [23080760],Pluviométrica,Convencional,Activa,Antioquia,San Roque,6.4875,-75.017,820,5/15/1975,,Monchia,Magdalena Cauca,Medio Magdalena,Río Nare,2022,09,Andes,Definitivo,0,0,0,1.65897643566132,1.65897643566132,8.49775505065918,6.83022403717041,3.60411262512207,3.05454540252686,6.04363632202148,5,10,0.869565188884735,0.876811623573303,1,1,26,1.04999995231628,0
05,2023-05-07,23080760,0,Definitivo,SAN ROQUE [23080760],Pluviométrica,Convencional,Activa,Antioquia,San Roque,6.4875,-75.017,820,5/15/1975,,Monchia,Magdalena Cauca,Medio Magdalena,Río Nare,2023,07,Andes,Definitivo,0,0,0,0,0,3.3233425617218,4.57367086410523,0.205717980861664,3.05454540252686,6.04363632202148,5,10,0.869565188884735,0.876811623573303,1,1,26,1.04999995231628,0
05,2001-05-21,23080760,66,Definitivo,SAN ROQUE [23080760],Pluviométrica,Convencional,Activa,Antioquia,San Roque,6.4875,-75.017,820,5/15/1975,,Monchia,Magdalena Cauca,Medio Magdalena,Río Nare,2001,21,Andes,Definitivo,66,66,0,15.7146425247192,15.7146425247192,22.6071453094482,9.07068157196045,26.8886699676514,3.05454540252686,6.04363632202148,5,10,0.869565188884735,0.876811623573303,1,1,29,1.04999995231628,69.2999968528748
05,2001-05-20,23080760,24,Definitivo,SAN ROQUE [23080760],Pluviométrica,Convencional,Activa,Antioquia,San Roque,6.4875,-75.017,820,5/15/1975,,Monchia,Magdalena Cauca,Medio Magdalena,Río Nare,2001,20,Andes,Definitivo,24,24,0,3.13486933708191,3.13486933708191,0,23.68115234375,0.15109646320343,3.05454540252686,6.04363632202148,5,10,0.869565188884735,0.876811623573303,1,1,28,1.04999995231628,25.1999988555908
05,2003-05-18,23080760,56,Definitivo,SAN ROQUE [23080760],Pluviométrica,Convencional,Activa,Antioquia,San Roque,6.4875,-75.017,820,5/15/1975,,Monchia,Magdalena Cauca,Medio Magdalena,Río Nare,2003,18,Andes,Definitivo,56,56,0,4.41465044021606,4.41465044021606,28.6301250457764,22.5091724395752,62.2478332519531,3.05454540252686,6.04363632202148,5,10,0.869565188884735,0.876811623573303,1,1,28,1.04999995231628,58.7999973297119
05,2001-05-18,23080760,0,Definitivo,SAN ROQUE [23080760],Pluviométrica,Convencional,Activa,Antioquia,San Roque,6.4875,-75.017,820,5/15/1975,,Monchia,Magdalena Cauca,Medio Magdalena,Río Nare,2001,18,Andes,Definitivo,0,0,0,6.56363296508789,6.56363296508789,0,3.88290524482727,3.69321942329407,3.05454540252686,6.04363632202148,5,10,0.869565188884735,0.876811623573303,1,1,28,1.04999995231628,0
05,2001-05-16,23080760,0,Definitivo,SAN ROQUE [23080760],Pluviométrica,Convencional,Activa,Antioquia,San Roque,6.4875,-75.017,820,5/15/1975,,Monchia,Magdalena Cauca,Medio Magdalena,Río Nare,2001,16,Andes,Definitivo,0,0,0,35.3260688781738,35.3260688781738,35.2697448730469,51.5954208374023,11.30601978302,3.05454540252686,6.04363632202148,5,10,0.869565188884735,0.876811623573303,1,1,28,1.04999995231628,0
05,2003-05-13,23080760,3,Definitivo,SAN ROQUE [23080760],Pluviométrica,Convencional,Activa,Antioquia,San Roque,6.4875,-75.017,820,5/15/1975,,Monchia,Magdalena Cauca,Medio Magdalena,Río Nare,2003,13,Andes,Definitivo,3,3,0,20.5891208648682,20.5891208648682,14.9631910324097,35.7870826721191,58.0331649780274,3.05454540252686,6.04363632202148,5,10,0.869565188884735,0.876811623573303,1,1,27,1.04999995231628,3.14999985694885
05,2002-05-12,23080760,0,Definitivo,SAN ROQUE [23080760],Pluviométrica,Convencional,Activa,Antioquia,San Roque,6.4875,-75.017,820,5/15/1975,,Monchia,Magdalena Cauca,Medio Magdalena,Río Nare,2002,12,Andes,Definitivo,0,0,0,0.245217457413673,0.245217457413673,0,0.537900328636169,2.21761894226074,3.05454540252686,6.04363632202148,5,10,0.869565188884735,0.876811623573303,1,1,27,1.04999995231628,0
05,2001-05-11,23080760,,"",SAN ROQUE [23080760],Pluviométrica,Convencional,Activa,Antioquia,San Roque,6.4875,-75.017,820,5/15/1975,,Monchia,Magdalena Cauca,Medio Magdalena,Río Nare,2001,11,Andes,Preliminar,0,0,0,0.573729515075684,0.573729515075684,0,9.86235523223877,0.952820837497711,3.05454540252686,6.04363632202148,5,10,0.869565188884735,0.876811623573303,1,1,27,1.04999995231628,0
05,2003-05-08,23080760,86,Definitivo,SAN ROQUE [23080760],Pluviométrica,Convencional,Activa,Antioquia,San Roque,6.4875,-75.017,820,5/15/1975,,Monchia,Magdalena Cauca,Medio Magdalena,Río Nare,2003,08,Andes,Definitivo,86,86,0,22.9824829101563,22.9824829101563,19.9542770385742,36.0055351257324,38.7226257324219,3.05454540252686,6.04363632202148,5,10,0.869565188884735,0.876811623573303,1,1,26,1.04999995231628,90.2999958992004
05,2002-05-07,23080760,0,Definitivo,SAN ROQUE [23080760],Pluviométrica,Convencional,Activa,Antioquia,San Roque,6.4875,-75.017,820,5/15/1975,,Monchia,Magdalena Cauca,Medio Magdalena,Río Nare,2002,07,Andes,Definitivo,0,0,0,1.60343015193939,1.60343015193939,12.0345697402954,5.80279111862183,36.4335403442383,3.05454540252686,6.04363632202148,5,10,0.869565188884735,0.876811623573303,1,1,26,1.04999995231628,0
05,2004-05-03,23080760,4,Definitivo,SAN ROQUE [23080760],Pluviométrica,Convencional,Activa,Antioquia,San Roque,6.4875,-75.017,820,5/15/1975,,Monchia,Magdalena Cauca,Medio Magdalena,Río Nare,2004,03,Andes,Definitivo,4,4,0,9.20476150512695,9.20476150512695,15.9281883239746,30.4649181365967,1.57013273239136,3.05454540252686,6.04363632202148,5,10,0.869565188884735,0.876811623573303,1,1,25,1.04999995231628,4.19999980926514
05,2006-05-04,23080760,30,Definitivo,SAN ROQUE [23080760],Pluviométrica,Convencional,Activa,Antioquia,San Roque,6.4875,-75.017,820,5/15/1975,,Monchia,Magdalena Cauca,Medio Magdalena,Río Nare,2006,04,Andes,Definitivo,30,30,0,16.532865524292,16.532865524292,19.9050598144531,12.2836952209473,36.5760879516602,3.05454540252686,6.04363632202148,5,10,0.869565188884735,0.876811623573303,1,1,25,1.04999995231628,31.4999985694885
05,2006-05-05,23080760,0,Definitivo,SAN ROQUE [23080760],Pluviométrica,Convencional,Activa,Antioquia,San Roque,6.4875,-75.017,820,5/15/1975,,Monchia,Magdalena Cauca,Medio Magdalena,Río Nare,2006,05,Andes,Definitivo,0,0,0,29.2676410675049,29.2676410675049,39.8101196289063,55.2958297729492,57.0072212219238,3.05454540252686,6.04363632202148,5,10,0.869565188884735,0.876811623573303,1,1,25,1.04999995231628,0
05,2005-05-08,23080760,3,Definitivo,SAN ROQUE [23080760],Pluviométrica,Convencional,Activa,Antioquia,San Roque,6.4875,-75.017,820,5/15/1975,,Monchia,Magdalena Cauca,Medio Magdalena,Río Nare,2005,08,Andes,Definitivo,3,3,0,17.2692127227783,17.2692127227783,17.5810108184814,23.5581741333008,35.0530395507813,3.05454540252686,6.04363632202148,5,10,0.869565188884735,0.876811623573303,1,1,26,1.04999995231628,3.14999985694885
05,2008-05-06,23080760,,"",SAN ROQUE [23080760],Pluviométrica,Convencional,Activa,Antioquia,San Roque,6.4875,-75.017,820,5/15/1975,,Monchia,Magdalena Cauca,Medio Magdalena,Río Nare,2008,06,Andes,Preliminar,0,0,0,1.10589027404785,1.10589027404785,2.27235651016235,3.13545703887939,3.33855128288269,3.05454540252686,6.04363632202148,5,10,0.869565188884735,0.876811623573303,1,1,26,1.04999995231628,0
05,2010-05-07,23080760,33,Definitivo,SAN ROQUE [23080760],Pluviométrica,Convencional,Activa,Antioquia,San Roque,6.4875,-75.017,820,5/15/1975,,Monchia,Magdalena Cauca,Medio Magdalena,Río Nare,2010,07,Andes,Definitivo,33,33,0,15.6778221130371,15.6778221130371,0,11.2219200134277,2.95521259307861,3.05454540252686,6.04363632202148,5,10,0.869565188884735,0.876811623573303,1,1,26,1.04999995231628,34.6499984264374
05,2010-05-08,23080760,68,Definitivo,SAN ROQUE [23080760],Pluviométrica,Convencional,Activa,Antioquia,San Roque,6.4875,-75.017,820,5/15/1975,,Monchia,Magdalena Cauca,Medio Magdalena,Río Nare,2010,08,Andes,Definitivo,68,68,0,10.015453338623,10.015453338623,23.9800491333008,9.04886531829834,20.1949844360352,3.05454540252686,6.04363632202148,5,10,0.869565188884735,0.876811623573303,1,1,26,1.04999995231628,71.3999967575073
05,2014-05-09,23080760,4,Definitivo,SAN ROQUE [23080760],Pluviométrica,Convencional,Activa,Antioquia,San Roque,6.4875,-75.017,820,5/15/1975,,Monchia,Magdalena Cauca,Medio Magdalena,Río Nare,2014,09,Andes,Definitivo,4,4,0,15.3067789077759,15.3067789077759,15.9786911010742,29.7400054931641,15.4926223754883,3.05454540252686,6.04363632202148,5,10,0.869565188884735,0.876811623573303,1,1,26,1.04999995231628,4.19999980926514
05,2014-05-10,23080760,37,Definitivo,SAN ROQUE [23080760],Pluviométrica,Convencional,Activa,Antioquia,San Roque,6.4875,-75.017,820,5/15/1975,,Monchia,Magdalena Cauca,Medio Magdalena,Río Nare,2014,10,Andes,Definitivo,37,37,0,5.46481609344482,5.46481609344482,0,24.9973373413086,14.7720756530762,3.05454540252686,6.04363632202148,5,10,0.869565188884735,0.876811623573303,1,1,26,1.04999995231628,38.8499982357025
05,2013-05-13,23080760,0,Definitivo,SAN ROQUE [23080760],Pluviométrica,Convencional,Activa,Antioquia,San Roque,6.4875,-75.017,820,5/15/1975,,Monchia,Magdalena Cauca,Medio Magdalena,Río Nare,2013,13,Andes,Definitivo,0,0,0,11.9899168014526,11.9899168014526,19.4434185028076,10.0123243331909,13.7580089569092,3.05454540252686,6.04363632202148,5,10,0.869565188884735,0.876811623573303,1,1,27,1.04999995231628,0
05,2011-05-20,23080760,3,Definitivo,SAN ROQUE [23080760],Pluviométrica,Convencional,Activa,Antioquia,San Roque,6.4875,-75.017,820,5/15/1975,,Monchia,Magdalena Cauca,Medio Magdalena,Río Nare,2011,20,Andes,Definitivo,3,3,0,6.97581434249878,6.97581434249878,0,5.43358182907105,3.8112621307373,3.05454540252686,6.04363632202148,5,10,0.869565188884735,0.876811623573303,1,1,28,1.04999995231628,3.14999985694885
05,2011-05-21,23080760,18,Definitivo,SAN ROQUE [23080760],Pluviométrica,Convencional,Activa,Antioquia,San Roque,6.4875,-75.017,820,5/15/1975,,Monchia,Magdalena Cauca,Medio Magdalena,Río Nare,2011,21,Andes,Definitivo,18,18,0,14.6758861541748,14.6758861541748,0,24.3065357208252,0.698918521404266,3.05454540252686,6.04363632202148,5,10,0.869565188884735,0.876811623573303,1,1,29,1.04999995231628,18.8999991416931
05,2013-05-21,23080760,40,Definitivo,SAN ROQUE [23080760],Pluviométrica,Convencional,Activa,Antioquia,San Roque,6.4875,-75.017,820,5/15/1975,,Monchia,Magdalena Cauca,Medio Magdalena,Río Nare,2013,21,Andes,Definitivo,40,40,0,5.89171266555786,5.89171266555786,45.7163391113281,27.1902694702148,14.8611726760864,3.05454540252686,6.04363632202148,5,10,0.869565188884735,0.876811623573303,1,1,29,1.04999995231628,41.9999980926514
05,2012-05-25,23080760,90,Definitivo,SAN ROQUE [23080760],Pluviométrica,Convencional,Activa,Antioquia,San Roque,6.4875,-75.017,820,5/15/1975,,Monchia,Magdalena Cauca,Medio Magdalena,Río Nare,2012,25,Andes,Definitivo,90,90,0,14.4964799880981,14.4964799880981,0,10.081223487854,1.36483657360077,3.05454540252686,6.04363632202148,5,10,0.869565188884735,0.876811623573303,1,1,29,1.04999995231628,94.4999957084656
05,2014-05-26,23080760,0,Definitivo,SAN ROQUE [23080760],Pluviométrica,Convencional,Activa,Antioquia,San Roque,6.4875,-75.017,820,5/15/1975,,Monchia,Magdalena Cauca,Medio Magdalena,Río Nare,2014,26,Andes,Definitivo,0,0,0,1.74242162704468,1.74242162704468,8.60416412353516,7.98463201522827,12.40549659729,3.05454540252686,6.04363632202148,5,10,0.869565188884735,0.876811623573303,1,1,30,1.04999995231628,0
05,2017-05-24,23080760,0,Definitivo,SAN ROQUE [23080760],Pluviométrica,Convencional,Activa,Antioquia,San Roque,6.4875,-75.017,820,5/15/1975,,Monchia,Magdalena Cauca,Medio Magdalena,Río Nare,2017,24,Andes,Definitivo,0,0,0,0.738175809383392,0.738175809383392,0,0.0318003967404366,0,3.05454540252686,6.04363632202148,5,10,0.869565188884735,0.876811623573303,1,1,29,1.04999995231628,0
05,2019-05-25,23080760,115,Definitivo,SAN ROQUE [23080760],Pluviométrica,Convencional,Activa,Antioquia,San Roque,6.4875,-75.017,820,5/15/1975,,Monchia,Magdalena Cauca,Medio Magdalena,Río Nare,2019,25,Andes,Definitivo,115,115,0,4.5988073348999,4.5988073348999,31.9914703369141,36.8949165344238,25.6422710418701,3.05454540252686,6.04363632202148,5,10,0.869565188884735,0.876811623573303,1,1,29,1.04999995231628,120.749994516373
05,2020-05-28,23080760,27,Definitivo,SAN ROQUE [23080760],Pluviométrica,Convencional,Activa,Antioquia,San Roque,6.4875,-75.017,820,5/15/1975,,Monchia,Magdalena Cauca,Medio Magdalena,Río Nare,2020,28,Andes,Definitivo,27,27,0,6.86193466186523,6.86193466186523,21.7540264129639,26.3619842529297,33.4909553527832,3.05454540252686,6.04363632202148,5,10,0.869565188884735,0.876811623573303,1,1,30,1.04999995231628,28.3499987125397
05,2022-05-25,23080760,16,Definitivo,SAN ROQUE [23080760],Pluviométrica,Convencional,Activa,Antioquia,San Roque,6.4875,-75.017,820,5/15/1975,,Monchia,Magdalena Cauca,Medio Magdalena,Río Nare,2022,25,Andes,Definitivo,16,16,0,4.47078943252564,4.47078943252564,14.3226833343506,20.6425971984863,5.15517663955689,3.05454540252686,6.04363632202148,5,10,0.869565188884735,0.876811623573303,1,1,29,1.04999995231628,16.7999992370605
05,2021-05-24,23080760,12,Definitivo,SAN ROQUE [23080760],Pluviométrica,Convencional,Activa,Antioquia,San Roque,6.4875,-75.017,820,5/15/1975,,Monchia,Magdalena Cauca,Medio Magdalena,Río Nare,2021,24,Andes,Definitivo,12,12,0,12.7140140533447,12.7140140533447,0,21.270133972168,3.68995237350464,3.05454540252686,6.04363632202148,5,10,0.869565188884735,0.876811623573303,1,1,29,1.04999995231628,12.5999994277954
05,2022-05-20,23080760,2,Definitivo,SAN ROQUE [23080760],Pluviométrica,Convencional,Activa,Antioquia,San Roque,6.4875,-75.017,820,5/15/1975,,Monchia,Magdalena Cauca,Medio Magdalena,Río Nare,2022,20,Andes,Definitivo,2,2,0,4.22587394714355,4.22587394714355,13.3551158905029,6.75620317459106,6.858558177948,3.05454540252686,6.04363632202148,5,10,0.869565188884735,0.876811623573303,1,1,28,1.04999995231628,2.09999990463257
05,2021-05-19,23080760,0,Definitivo,SAN ROQUE [23080760],Pluviométrica,Convencional,Activa,Antioquia,San Roque,6.4875,-75.017,820,5/15/1975,,Monchia,Magdalena Cauca,Medio Magdalena,Río Nare,2021,19,Andes,Definitivo,0,0,0,1.63107061386108,1.63107061386108,4.97950220108032,2.17916250228882,6.30679941177368,3.05454540252686,6.04363632202148,5,10,0.869565188884735,0.876811623573303,1,1,28,1.04999995231628,0
05,2021-05-16,23080760,107,Definitivo,SAN ROQUE [23080760],Pluviométrica,Convencional,Activa,Antioquia,San Roque,6.4875,-75.017,820,5/15/1975,,Monchia,Magdalena Cauca,Medio Magdalena,Río Nare,2021,16,Andes,Definitivo,107,107,0,6.9694356918335,6.9694356918335,14.9385061264038,21.4239559173584,24.7342262268066,3.05454540252686,6.04363632202148,5,10,0.869565188884735,0.876811623573303,1,1,28,1.04999995231628,112.349994897842
05,2023-05-13,23080760,31,Definitivo,SAN ROQUE [23080760],Pluviométrica,Convencional,Activa,Antioquia,San Roque,6.4875,-75.017,820,5/15/1975,,Monchia,Magdalena Cauca,Medio Magdalena,Río Nare,2023,13,Andes,Definitivo,31,31,0,4.04768085479736,4.04768085479736,8.91929435729981,5.4467077255249,3.903892993927,3.05454540252686,6.04363632202148,5,10,0.869565188884735,0.876811623573303,1,1,27,1.04999995231628,32.5499985218048
05,2020-05-14,23080760,5,Definitivo,SAN ROQUE [23080760],Pluviométrica,Convencional,Activa,Antioquia,San Roque,6.4875,-75.017,820,5/15/1975,,Monchia,Magdalena Cauca,Medio Magdalena,Río Nare,2020,14,Andes,Definitivo,5,5,0,9.0363655090332,9.0363655090332,0,11.4760398864746,0,3.05454540252686,6.04363632202148,5,10,0.869565188884735,0.876811623573303,1,1,27,1.04999995231628,5.24999976158142
05,2021-05-12,23080760,27,Definitivo,SAN ROQUE [23080760],Pluviométrica,Convencional,Activa,Antioquia,San Roque,6.4875,-75.017,820,5/15/1975,,Monchia,Magdalena Cauca,Medio Magdalena,Río Nare,2021,12,Andes,Definitivo,27,27,0,0.47454896569252,0.47454896569252,10.2213668823242,27.9882526397705,2.89202308654785,3.05454540252686,6.04363632202148,5,10,0.869565188884735,0.876811623573303,1,1,27,1.04999995231628,28.3499987125397
05,2022-05-10,23080760,20,Definitivo,SAN ROQUE [23080760],Pluviométrica,Convencional,Activa,Antioquia,San Roque,6.4875,-75.017,820,5/15/1975,,Monchia,Magdalena Cauca,Medio Magdalena,Río Nare,2022,10,Andes,Definitivo,20,20,0,21.5736236572266,21.5736236572266,25.4932632446289,24.5296192169189,28.8876934051514,3.05454540252686,6.04363632202148,5,10,0.869565188884735,0.876811623573303,1,1,26,1.04999995231628,20.9999990463257
05,2021-05-11,23080760,0,Definitivo,SAN ROQUE [23080760],Pluviométrica,Convencional,Activa,Antioquia,San Roque,6.4875,-75.017,820,5/15/1975,,Monchia,Magdalena Cauca,Medio Magdalena,Río Nare,2021,11,Andes,Definitivo,0,0,0,0,0,0,9.04978656768799,0.065864235162735,3.05454540252686,6.04363632202148,5,10,0.869565188884735,0.876811623573303,1,1,27,1.04999995231628,0
05,2021-05-10,23080760,0,Definitivo,SAN ROQUE [23080760],Pluviométrica,Convencional,Activa,Antioquia,San Roque,6.4875,-75.017,820,5/15/1975,,Monchia,Magdalena Cauca,Medio Magdalena,Río Nare,2021,10,Andes,Definitivo,0,0,0,0,0,10.4824819564819,1.10850429534912,12.788143157959,3.05454540252686,6.04363632202148,5,10,0.869565188884735,0.876811623573303,1,1,26,1.04999995231628,0
05,2022-05-08,23080760,0,Definitivo,SAN ROQUE [23080760],Pluviométrica,Convencional,Activa,Antioquia,San Roque,6.4875,-75.017,820,5/15/1975,,Monchia,Magdalena Cauca,Medio Magdalena,Río Nare,2022,08,Andes,Definitivo,0,0,0,4.40349197387695,4.40349197387695,0,5.49205446243286,5.93126249313355,3.05454540252686,6.04363632202148,5,10,0.869565188884735,0.876811623573303,1,1,26,1.04999995231628,0
05,2023-05-06,23080760,0,Definitivo,SAN ROQUE [23080760],Pluviométrica,Convencional,Activa,Antioquia,San Roque,6.4875,-75.017,820,5/15/1975,,Monchia,Magdalena Cauca,Medio Magdalena,Río Nare,2023,06,Andes,Definitivo,0,0,0,0.438015758991241,0.438015758991241,0,4.57367086410523,0.394091218709946,3.05454540252686,6.04363632202148,5,10,0.869565188884735,0.876811623573303,1,1,26,1.04999995231628,0
05,2022-05-07,23080760,2,Definitivo,SAN ROQUE [23080760],Pluviométrica,Convencional,Activa,Antioquia,San Roque,6.4875,-75.017,820,5/15/1975,,Monchia,Magdalena Cauca,Medio Magdalena,Río Nare,2022,07,Andes,Definitivo,2,2,0,5.00887298583984,5.00887298583984,0,2.62335968017578,3.23603296279907,3.05454540252686,6.04363632202148,5,10,0.869565188884735,0.876811623573303,1,1,26,1.04999995231628,2.09999990463257
05,2023-05-05,23080760,0,Definitivo,SAN ROQUE [23080760],Pluviométrica,Convencional,Activa,Antioquia,San Roque,6.4875,-75.017,820,5/15/1975,,Monchia,Magdalena Cauca,Medio Magdalena,Río Nare,2023,05,Andes,Definitivo,0,0,0,7.32393312454224,7.32393312454224,0,0.507962703704834,1.01592540740967,3.05454540252686,6.04363632202148,5,10,0.869565188884735,0.876811623573303,1,1,25,1.04999995231628,0
05,2001-05-17,23080760,58,Definitivo,SAN ROQUE [23080760],Pluviométrica,Convencional,Activa,Antioquia,San Roque,6.4875,-75.017,820,5/15/1975,,Monchia,Magdalena Cauca,Medio Magdalena,Río Nare,2001,17,Andes,Definitivo,58,58,0,0.274301081895828,0.274301081895828,0,14.5821762084961,2.64875149726868,3.05454540252686,6.04363632202148,5,10,0.869565188884735,0.876811623573303,1,1,28,1.04999995231628,60.8999972343445
05,2003-05-15,23080760,0,Definitivo,SAN ROQUE [23080760],Pluviométrica,Convencional,Activa,Antioquia,San Roque,6.4875,-75.017,820,5/15/1975,,Monchia,Magdalena Cauca,Medio Magdalena,Río Nare,2003,15,Andes,Definitivo,0,0,0,0,0,0,23.9355869293213,3.78753995895386,3.05454540252686,6.04363632202148,5,10,0.869565188884735,0.876811623573303,1,1,27,1.04999995231628,0
05,2001-05-15,23080760,10,Definitivo,SAN ROQUE [23080760],Pluviométrica,Convencional,Activa,Antioquia,San Roque,6.4875,-75.017,820,5/15/1975,,Monchia,Magdalena Cauca,Medio Magdalena,Río Nare,2001,15,Andes,Definitivo,10,10,0,14.3288946151733,14.3288946151733,45.1391220092773,42.1285018920899,28.0337429046631,3.05454540252686,6.04363632202148,5,10,0.869565188884735,0.876811623573303,1,1,27,1.04999995231628,10.4999995231628
05,2001-05-13,23080760,33,Definitivo,SAN ROQUE [23080760],Pluviométrica,Convencional,Activa,Antioquia,San Roque,6.4875,-75.017,820,5/15/1975,,Monchia,Magdalena Cauca,Medio Magdalena,Río Nare,2001,13,Andes,Definitivo,33,33,0,5.47911691665649,5.47911691665649,0,14.6402006149292,2.62025022506714,3.05454540252686,6.04363632202148,5,10,0.869565188884735,0.876811623573303,1,1,27,1.04999995231628,34.6499984264374
05,2003-05-10,23080760,36,Definitivo,SAN ROQUE [23080760],Pluviométrica,Convencional,Activa,Antioquia,San Roque,6.4875,-75.017,820,5/15/1975,,Monchia,Magdalena Cauca,Medio Magdalena,Río Nare,2003,10,Andes,Definitivo,36,36,0,1.30356872081757,1.30356872081757,9.97713851928711,18.7547435760498,15.3941812515259,3.05454540252686,6.04363632202148,5,10,0.869565188884735,0.876811623573303,1,1,26,1.04999995231628,37.7999982833862
05,2002-05-09,23080760,0,Definitivo,SAN ROQUE [23080760],Pluviométrica,Convencional,Activa,Antioquia,San Roque,6.4875,-75.017,820,5/15/1975,,Monchia,Magdalena Cauca,Medio Magdalena,Río Nare,2002,09,Andes,Definitivo,0,0,0,0,0,0,9.61857223510742,1.0417183637619,3.05454540252686,6.04363632202148,5,10,0.869565188884735,0.876811623573303,1,1,26,1.04999995231628,0
05,2001-05-08,23080760,33,Definitivo,SAN ROQUE [23080760],Pluviométrica,Convencional,Activa,Antioquia,San Roque,6.4875,-75.017,820,5/15/1975,,Monchia,Magdalena Cauca,Medio Magdalena,Río Nare,2001,08,Andes,Definitivo,33,33,0,2.69235634803772,2.69235634803772,6.374840259552,17.1846446990967,13.8508739471436,3.05454540252686,6.04363632202148,5,10,0.869565188884735,0.876811623573303,1,1,26,1.04999995231628,34.6499984264374
05,2003-05-05,23080760,4,Definitivo,SAN ROQUE [23080760],Pluviométrica,Convencional,Activa,Antioquia,San Roque,6.4875,-75.017,820,5/15/1975,,Monchia,Magdalena Cauca,Medio Magdalena,Río Nare,2003,05,Andes,Definitivo,4,4,0,13.4153347015381,13.4153347015381,18.0643749237061,18.1075744628906,8.56081962585449,3.05454540252686,6.04363632202148,5,10,0.869565188884735,0.876811623573303,1,1,25,1.04999995231628,4.19999980926514
05,2002-05-04,23080760,0,Definitivo,SAN ROQUE [23080760],Pluviométrica,Convencional,Activa,Antioquia,San Roque,6.4875,-75.017,820,5/15/1975,,Monchia,Magdalena Cauca,Medio Magdalena,Río Nare,2002,04,Andes,Definitivo,0,0,0,2.619460105896,2.619460105896,10.7476282119751,15.2929725646973,23.9871673583984,3.05454540252686,6.04363632202148,5,10,0.869565188884735,0.876811623573303,1,1,25,1.04999995231628,0
05,2004-05-04,23080760,4,Definitivo,SAN ROQUE [23080760],Pluviométrica,Convencional,Activa,Antioquia,San Roque,6.4875,-75.017,820,5/15/1975,,Monchia,Magdalena Cauca,Medio Magdalena,Río Nare,2004,04,Andes,Definitivo,4,4,0,18.2281494140625,18.2281494140625,31.8563766479492,19.5155811309814,40.7511177062988,3.05454540252686,6.04363632202148,5,10,0.869565188884735,0.876811623573303,1,1,25,1.04999995231628,4.19999980926514
05,2004-05-05,23080760,44,Definitivo,SAN ROQUE [23080760],Pluviométrica,Convencional,Activa,Antioquia,San Roque,6.4875,-75.017,820,5/15/1975,,Monchia,Magdalena Cauca,Medio Magdalena,Río Nare,2004,05,Andes,Definitivo,44,44,0,10.8598051071167,10.8598051071167,7.96409416198731,13.0388526916504,6.96927499771118,3.05454540252686,6.04363632202148,5,10,0.869565188884735,0.876811623573303,1,1,25,1.04999995231628,46.1999979019165
05,2006-05-06,23080760,1,Definitivo,SAN ROQUE [23080760],Pluviométrica,Convencional,Activa,Antioquia,San Roque,6.4875,-75.017,820,5/15/1975,,Monchia,Magdalena Cauca,Medio Magdalena,Río Nare,2006,06,Andes,Definitivo,1,1,0,22.0816516876221,22.0816516876221,8.30690383911133,20.0062503814697,9.51580047607422,3.05454540252686,6.04363632202148,5,10,0.869565188884735,0.876811623573303,1,1,26,1.04999995231628,1.04999995231628
05,2009-05-04,23080760,16,Definitivo,SAN ROQUE [23080760],Pluviométrica,Convencional,Activa,Antioquia,San Roque,6.4875,-75.017,820,5/15/1975,,Monchia,Magdalena Cauca,Medio Magdalena,Río Nare,2009,04,Andes,Definitivo,16,16,0,26.8268566131592,26.8268566131592,8.81188488006592,46.0398979187012,34.0971031188965,3.05454540252686,6.04363632202148,5,10,0.869565188884735,0.876811623573303,1,1,25,1.04999995231628,16.7999992370605
05,2008-05-07,23080760,,"",SAN ROQUE [23080760],Pluviométrica,Convencional,Activa,Antioquia,San Roque,6.4875,-75.017,820,5/15/1975,,Monchia,Magdalena Cauca,Medio Magdalena,Río Nare,2008,07,Andes,Preliminar,0,0,0,4.8754301071167,4.8754301071167,0,0.573139011859894,0.92267894744873,3.05454540252686,6.04363632202148,5,10,0.869565188884735,0.876811623573303,1,1,26,1.04999995231628,0
05,2013-05-06,23080760,,"",SAN ROQUE [23080760],Pluviométrica,Convencional,Activa,Antioquia,San Roque,6.4875,-75.017,820,5/15/1975,,Monchia,Magdalena Cauca,Medio Magdalena,Río Nare,2013,06,Andes,Preliminar,0,0,0,13.6653747558594,13.6653747558594,0,17.0906944274902,6.97087669372559,3.05454540252686,6.04363632202148,5,10,0.869565188884735,0.876811623573303,1,1,26,1.04999995231628,0
05,2015-05-07,23080760,34,Definitivo,SAN ROQUE [23080760],Pluviométrica,Convencional,Activa,Antioquia,San Roque,6.4875,-75.017,820,5/15/1975,,Monchia,Magdalena Cauca,Medio Magdalena,Río Nare,2015,07,Andes,Definitivo,34,34,0,5.21420383453369,5.21420383453369,5.92227458953857,7.92793798446655,39.6139984130859,3.05454540252686,6.04363632202148,5,10,0.869565188884735,0.876811623573303,1,1,26,1.04999995231628,35.6999983787537
05,2015-05-08,23080760,0,Definitivo,SAN ROQUE [23080760],Pluviométrica,Convencional,Activa,Antioquia,San Roque,6.4875,-75.017,820,5/15/1975,,Monchia,Magdalena Cauca,Medio Magdalena,Río Nare,2015,08,Andes,Definitivo,0,0,0,0,0,8.88341236114502,48.7487258911133,18.2533798217773,3.05454540252686,6.04363632202148,5,10,0.869565188884735,0.876811623573303,1,1,26,1.04999995231628,0
05,2013-05-14,23080760,70,Definitivo,SAN ROQUE [23080760],Pluviométrica,Convencional,Activa,Antioquia,San Roque,6.4875,-75.017,820,5/15/1975,,Monchia,Magdalena Cauca,Medio Magdalena,Río Nare,2013,14,Andes,Definitivo,70,70,0,4.05420875549316,4.05420875549316,9.72170925140381,14.662522315979,6.79714727401733,3.05454540252686,6.04363632202148,5,10,0.869565188884735,0.876811623573303,1,1,27,1.04999995231628,73.4999966621399
05,2012-05-17,23080760,21,Definitivo,SAN ROQUE [23080760],Pluviométrica,Convencional,Activa,Antioquia,San Roque,6.4875,-75.017,820,5/15/1975,,Monchia,Magdalena Cauca,Medio Magdalena,Río Nare,2012,17,Andes,Definitivo,21,21,0,10.8649711608887,10.8649711608887,18.515718460083,10.6898593902588,11.6690254211426,3.05454540252686,6.04363632202148,5,10,0.869565188884735,0.876811623573303,1,1,28,1.04999995231628,22.049998998642
05,2012-05-18,23080760,10,Definitivo,SAN ROQUE [23080760],Pluviométrica,Convencional,Activa,Antioquia,San Roque,6.4875,-75.017,820,5/15/1975,,Monchia,Magdalena Cauca,Medio Magdalena,Río Nare,2012,18,Andes,Definitivo,10,10,0,0,0,13.8867883682251,14.0744247436523,46.3935585021973,3.05454540252686,6.04363632202148,5,10,0.869565188884735,0.876811623573303,1,1,28,1.04999995231628,10.4999995231628
05,2013-05-22,23080760,35,Definitivo,SAN ROQUE [23080760],Pluviométrica,Convencional,Activa,Antioquia,San Roque,6.4875,-75.017,820,5/15/1975,,Monchia,Magdalena Cauca,Medio Magdalena,Río Nare,2013,22,Andes,Definitivo,35,35,0,18.5020008087158,18.5020008087158,13.0618133544922,29.0367469787598,40.2555847167969,3.05454540252686,6.04363632202148,5,10,0.869565188884735,0.876811623573303,1,1,29,1.04999995231628,36.7499983310699
05,2013-05-23,23080760,25,Definitivo,SAN ROQUE [23080760],Pluviométrica,Convencional,Activa,Antioquia,San Roque,6.4875,-75.017,820,5/15/1975,,Monchia,Magdalena Cauca,Medio Magdalena,Río Nare,2013,23,Andes,Definitivo,25,25,0,9.09827041625977,9.09827041625977,22.8581695556641,43.3652877807617,46.2513313293457,3.05454540252686,6.04363632202148,5,10,0.869565188884735,0.876811623573303,1,1,29,1.04999995231628,26.2499988079071
05,2015-05-24,23080760,37,Definitivo,SAN ROQUE [23080760],Pluviométrica,Convencional,Activa,Antioquia,San Roque,6.4875,-75.017,820,5/15/1975,,Monchia,Magdalena Cauca,Medio Magdalena,Río Nare,2015,24,Andes,Definitivo,37,37,0,4.84664964675903,4.84664964675903,9.07636165618896,1.42639708518982,24.6443271636963,3.05454540252686,6.04363632202148,5,10,0.869565188884735,0.876811623573303,1,1,29,1.04999995231628,38.8499982357025
05,2015-05-25,23080760,10,Definitivo,SAN ROQUE [23080760],Pluviométrica,Convencional,Activa,Antioquia,San Roque,6.4875,-75.017,820,5/15/1975,,Monchia,Magdalena Cauca,Medio Magdalena,Río Nare,2015,25,Andes,Definitivo,10,10,0,29.2468662261963,29.2468662261963,9.07636165618896,43.0733222961426,9.57752895355225,3.05454540252686,6.04363632202148,5,10,0.869565188884735,0.876811623573303,1,1,29,1.04999995231628,10.4999995231628
05,2019-05-26,23080760,15,Definitivo,SAN ROQUE [23080760],Pluviométrica,Convencional,Activa,Antioquia,San Roque,6.4875,-75.017,820,5/15/1975,,Monchia,Magdalena Cauca,Medio Magdalena,Río Nare,2019,26,Andes,Definitivo,15,15,0,6.63143253326416,6.63143253326416,20.2265586853027,2.57789969444275,14.6904706954956,3.05454540252686,6.04363632202148,5,10,0.869565188884735,0.876811623573303,1,1,30,1.04999995231628,15.7499992847443
05,2021-05-26,23080760,0,Definitivo,SAN ROQUE [23080760],Pluviométrica,Convencional,Activa,Antioquia,San Roque,6.4875,-75.017,820,5/15/1975,,Monchia,Magdalena Cauca,Medio Magdalena,Río Nare,2021,26,Andes,Definitivo,0,0,0,0.724689900875092,0.724689900875092,14.8259258270264,7.40792322158814,28.3284702301025,3.05454540252686,6.04363632202148,5,10,0.869565188884735,0.876811623573303,1,1,30,1.04999995231628,0
05,2020-05-25,23080760,0,Definitivo,SAN ROQUE [23080760],Pluviométrica,Convencional,Activa,Antioquia,San Roque,6.4875,-75.017,820,5/15/1975,,Monchia,Magdalena Cauca,Medio Magdalena,Río Nare,2020,25,Andes,Definitivo,0,0,0,0,0,0,2.644526720047,6.81683683395386,3.05454540252686,6.04363632202148,5,10,0.869565188884735,0.876811623573303,1,1,29,1.04999995231628,0
05,2023-05-21,23080760,22,Definitivo,SAN ROQUE [23080760],Pluviométrica,Convencional,Activa,Antioquia,San Roque,6.4875,-75.017,820,5/15/1975,,Monchia,Magdalena Cauca,Medio Magdalena,Río Nare,2023,21,Andes,Definitivo,22,22,0,3.17872285842896,3.17872285842896,28.4218616485596,31.4656620025635,22.2320823669434,3.05454540252686,6.04363632202148,5,10,0.869565188884735,0.876811623573303,1,1,29,1.04999995231628,23.0999989509583
05,2020-05-20,23080760,0,Definitivo,SAN ROQUE [23080760],Pluviométrica,Convencional,Activa,Antioquia,San Roque,6.4875,-75.017,820,5/15/1975,,Monchia,Magdalena Cauca,Medio Magdalena,Río Nare,2020,20,Andes,Definitivo,0,0,0,0,0,0,13.8407430648804,0.0150660146027803,3.05454540252686,6.04363632202148,5,10,0.869565188884735,0.876811623573303,1,1,28,1.04999995231628,0
05,2022-05-17,23080760,18,Definitivo,SAN ROQUE [23080760],Pluviométrica,Convencional,Activa,Antioquia,San Roque,6.4875,-75.017,820,5/15/1975,,Monchia,Magdalena Cauca,Medio Magdalena,Río Nare,2022,17,Andes,Definitivo,18,18,0,9.21224212646484,9.21224212646484,0,21.3530139923096,2.02538466453552,3.05454540252686,6.04363632202148,5,10,0.869565188884735,0.876811623573303,1,1,28,1.04999995231628,18.8999991416931
05,2022-05-14,23080760,0,Definitivo,SAN ROQUE [23080760],Pluviométrica,Convencional,Activa,Antioquia,San Roque,6.4875,-75.017,820,5/15/1975,,Monchia,Magdalena Cauca,Medio Magdalena,Río Nare,2022,14,Andes,Definitivo,0,0,0,1.21907019615173,1.21907019615173,18.338228225708,17.8731632232666,44.3768005371094,3.05454540252686,6.04363632202148,5,10,0.869565188884735,0.876811623573303,1,1,27,1.04999995231628,0
05,2021-05-15,23080760,0,Definitivo,SAN ROQUE [23080760],Pluviométrica,Convencional,Activa,Antioquia,San Roque,6.4875,-75.017,820,5/15/1975,,Monchia,Magdalena Cauca,Medio Magdalena,Río Nare,2021,15,Andes,Definitivo,0,0,0,41.9333686828613,41.9333686828613,15.332049369812,29.856559753418,36.9431953430176,3.05454540252686,6.04363632202148,5,10,0.869565188884735,0.876811623573303,1,1,27,1.04999995231628,0
05,2022-05-13,23080760,15,Definitivo,SAN ROQUE [23080760],Pluviométrica,Convencional,Activa,Antioquia,San Roque,6.4875,-75.017,820,5/15/1975,,Monchia,Magdalena Cauca,Medio Magdalena,Río Nare,2022,13,Andes,Definitivo,15,15,0,3.12604069709778,3.12604069709778,18.338228225708,18.8550453186035,1.89958989620209,3.05454540252686,6.04363632202148,5,10,0.869565188884735,0.876811623573303,1,1,27,1.04999995231628,15.7499992847443
05,2020-05-13,23080760,21,Definitivo,SAN ROQUE [23080760],Pluviométrica,Convencional,Activa,Antioquia,San Roque,6.4875,-75.017,820,5/15/1975,,Monchia,Magdalena Cauca,Medio Magdalena,Río Nare,2020,13,Andes,Definitivo,21,21,0,18.3658294677734,18.3658294677734,5.4519739151001,19.9044284820557,13.205117225647,3.05454540252686,6.04363632202148,5,10,0.869565188884735,0.876811623573303,1,1,27,1.04999995231628,22.049998998642
05,2020-05-12,23080760,0,Definitivo,SAN ROQUE [23080760],Pluviométrica,Convencional,Activa,Antioquia,San Roque,6.4875,-75.017,820,5/15/1975,,Monchia,Magdalena Cauca,Medio Magdalena,Río Nare,2020,12,Andes,Definitivo,0,0,0,9.30591297149658,9.30591297149658,5.4519739151001,15.9317407608032,0.653452694416046,3.05454540252686,6.04363632202148,5,10,0.869565188884735,0.876811623573303,1,1,27,1.04999995231628,0
05,2019-05-14,23080760,7,Definitivo,SAN ROQUE [23080760],Pluviométrica,Convencional,Activa,Antioquia,San Roque,6.4875,-75.017,820,5/15/1975,,Monchia,Magdalena Cauca,Medio Magdalena,Río Nare,2019,14,Andes,Definitivo,7,7,0,0.595608353614807,0.595608353614807,31.6214351654053,14.9874134063721,42.1289482116699,3.05454540252686,6.04363632202148,5,10,0.869565188884735,0.876811623573303,1,1,27,1.04999995231628,7.34999966621399
05,2020-05-11,23080760,5,Definitivo,SAN ROQUE [23080760],Pluviométrica,Convencional,Activa,Antioquia,San Roque,6.4875,-75.017,820,5/15/1975,,Monchia,Magdalena Cauca,Medio Magdalena,Río Nare,2020,11,Andes,Definitivo,5,5,0,2.59157800674439,2.59157800674439,21.8078956604004,1.45726239681244,18.4524078369141,3.05454540252686,6.04363632202148,5,10,0.869565188884735,0.876811623573303,1,1,27,1.04999995231628,5.24999976158142
05,2021-05-09,23080760,2,Definitivo,SAN ROQUE [23080760],Pluviométrica,Convencional,Activa,Antioquia,San Roque,6.4875,-75.017,820,5/15/1975,,Monchia,Magdalena Cauca,Medio Magdalena,Río Nare,2021,09,Andes,Definitivo,2,2,0,0.321621894836426,0.321621894836426,10.4824819564819,11.8358268737793,11.2442865371704,3.05454540252686,6.04363632202148,5,10,0.869565188884735,0.876811623573303,1,1,26,1.04999995231628,2.09999990463257
05,2021-05-08,23080760,8,Definitivo,SAN ROQUE [23080760],Pluviométrica,Convencional,Activa,Antioquia,San Roque,6.4875,-75.017,820,5/15/1975,,Monchia,Magdalena Cauca,Medio Magdalena,Río Nare,2021,08,Andes,Definitivo,8,8,0,14.5621652603149,14.5621652603149,10.4824819564819,30.2479057312012,11.1259021759033,3.05454540252686,6.04363632202148,5,10,0.869565188884735,0.876811623573303,1,1,26,1.04999995231628,8.39999961853027
05,2022-05-06,23080760,19,Definitivo,SAN ROQUE [23080760],Pluviométrica,Convencional,Activa,Antioquia,San Roque,6.4875,-75.017,820,5/15/1975,,Monchia,Magdalena Cauca,Medio Magdalena,Río Nare,2022,06,Andes,Definitivo,19,19,0,4.55329942703247,4.55329942703247,16.9955101013184,22.3653984069824,20.1815509796143,3.05454540252686,6.04363632202148,5,10,0.869565188884735,0.876811623573303,1,1,26,1.04999995231628,19.9499990940094
05,2023-05-04,23080760,0,Definitivo,SAN ROQUE [23080760],Pluviométrica,Convencional,Activa,Antioquia,San Roque,6.4875,-75.017,820,5/15/1975,,Monchia,Magdalena Cauca,Medio Magdalena,Río Nare,2023,04,Andes,Definitivo,0,0,0,0,0,0,0.507962703704834,0.380972057580948,3.05454540252686,6.04363632202148,5,10,0.869565188884735,0.876811623573303,1,1,25,1.04999995231628,0
05,2023-05-03,23080760,0,Definitivo,SAN ROQUE [23080760],Pluviométrica,Convencional,Activa,Antioquia,San Roque,6.4875,-75.017,820,5/15/1975,,Monchia,Magdalena Cauca,Medio Magdalena,Río Nare,2023,03,Andes,Definitivo,0,0,0,0,0,0,0.507962703704834,0.380972057580948,3.05454540252686,6.04363632202148,5,10,0.869565188884735,0.876811623573303,1,1,25,1.04999995231628,0
05,2023-05-02,23080760,0,Definitivo,SAN ROQUE [23080760],Pluviométrica,Convencional,Activa,Antioquia,San Roque,6.4875,-75.017,820,5/15/1975,,Monchia,Magdalena Cauca,Medio Magdalena,Río Nare,2023,02,Andes,Definitivo,0,0,0,0,0,0,0.507962703704834,0.380972057580948,3.05454540252686,6.04363632202148,5,10,0.869565188884735,0.876811623573303,1,1,25,1.04999995231628,0
05,2003-05-12,23080760,35,Definitivo,SAN ROQUE [23080760],Pluviométrica,Convencional,Activa,Antioquia,San Roque,6.4875,-75.017,820,5/15/1975,,Monchia,Magdalena Cauca,Medio Magdalena,Río Nare,2003,12,Andes,Definitivo,35,35,0,9.6786470413208,9.6786470413208,22.4447860717773,15.880913734436,21.5151386260986,3.05454540252686,6.04363632202148,5,10,0.869565188884735,0.876811623573303,1,1,27,1.04999995231628,36.7499983310699
05,2001-05-12,23080760,88,Definitivo,SAN ROQUE [23080760],Pluviométrica,Convencional,Activa,Antioquia,San Roque,6.4875,-75.017,820,5/15/1975,,Monchia,Magdalena Cauca,Medio Magdalena,Río Nare,2001,12,Andes,Definitivo,88,88,0,9.83946132659912,9.83946132659912,0,8.17558574676514,0.0612975545227528,3.05454540252686,6.04363632202148,5,10,0.869565188884735,0.876811623573303,1,1,27,1.04999995231628,92.399995803833
05,2001-05-10,23080760,17,Definitivo,SAN ROQUE [23080760],Pluviométrica,Convencional,Activa,Antioquia,San Roque,6.4875,-75.017,820,5/15/1975,,Monchia,Magdalena Cauca,Medio Magdalena,Río Nare,2001,10,Andes,Definitivo,17,17,0,15.4606533050537,15.4606533050537,6.374840259552,5.62020826339722,9.09567070007324,3.05454540252686,6.04363632202148,5,10,0.869565188884735,0.876811623573303,1,1,26,1.04999995231628,17.8499991893768
05,2003-05-07,23080760,35,Definitivo,SAN ROQUE [23080760],Pluviométrica,Convencional,Activa,Antioquia,San Roque,6.4875,-75.017,820,5/15/1975,,Monchia,Magdalena Cauca,Medio Magdalena,Río Nare,2003,07,Andes,Definitivo,35,35,0,23.152515411377,23.152515411377,29.9314155578613,51.9106903076172,18.8214302062988,3.05454540252686,6.04363632202148,5,10,0.869565188884735,0.876811623573303,1,1,26,1.04999995231628,36.7499983310699
05,2001-05-07,23080760,3,Definitivo,SAN ROQUE [23080760],Pluviométrica,Convencional,Activa,Antioquia,San Roque,6.4875,-75.017,820,5/15/1975,,Monchia,Magdalena Cauca,Medio Magdalena,Río Nare,2001,07,Andes,Definitivo,3,3,0,9.89237022399902,9.89237022399902,19.1245231628418,7.38578701019287,16.5046367645264,3.05454540252686,6.04363632202148,5,10,0.869565188884735,0.876811623573303,1,1,26,1.04999995231628,3.14999985694885
05,2001-05-05,23080760,0,Definitivo,SAN ROQUE [23080760],Pluviométrica,Convencional,Activa,Antioquia,San Roque,6.4875,-75.017,820,5/15/1975,,Monchia,Magdalena Cauca,Medio Magdalena,Río Nare,2001,05,Andes,Definitivo,0,0,0,14.0985450744629,14.0985450744629,0,21.5379447937012,0.781206548213959,3.05454540252686,6.04363632202148,5,10,0.869565188884735,0.876811623573303,1,1,25,1.04999995231628,0
05,2003-05-02,23080760,28,Definitivo,SAN ROQUE [23080760],Pluviométrica,Convencional,Activa,Antioquia,San Roque,6.4875,-75.017,820,5/15/1975,,Monchia,Magdalena Cauca,Medio Magdalena,Río Nare,2003,02,Andes,Definitivo,28,28,0,6.8218412399292,6.8218412399292,13.7633333206177,0.51984041929245,30.789005279541,3.05454540252686,6.04363632202148,5,10,0.869565188884735,0.876811623573303,1,1,25,1.04999995231628,29.399998664856
05,2002-05-05,23080760,0,Definitivo,SAN ROQUE [23080760],Pluviométrica,Convencional,Activa,Antioquia,San Roque,6.4875,-75.017,820,5/15/1975,,Monchia,Magdalena Cauca,Medio Magdalena,Río Nare,2002,05,Andes,Definitivo,0,0,0,1.09797739982605,1.09797739982605,0,0.891777038574219,0.172666877508163,3.05454540252686,6.04363632202148,5,10,0.869565188884735,0.876811623573303,1,1,25,1.04999995231628,0
05,2002-05-06,23080760,18,Definitivo,SAN ROQUE [23080760],Pluviométrica,Convencional,Activa,Antioquia,San Roque,6.4875,-75.017,820,5/15/1975,,Monchia,Magdalena Cauca,Medio Magdalena,Río Nare,2002,06,Andes,Definitivo,18,18,0,21.8467350006104,21.8467350006104,0,12.8054504394531,0.845627367496491,3.05454540252686,6.04363632202148,5,10,0.869565188884735,0.876811623573303,1,1,26,1.04999995231628,18.8999991416931
05,2007-05-04,23080760,8,Definitivo,SAN ROQUE [23080760],Pluviométrica,Convencional,Activa,Antioquia,San Roque,6.4875,-75.017,820,5/15/1975,,Monchia,Magdalena Cauca,Medio Magdalena,Río Nare,2007,04,Andes,Definitivo,8,8,0,5.87891912460327,5.87891912460327,14.046196937561,31.9775848388672,4.05007362365723,3.05454540252686,6.04363632202148,5,10,0.869565188884735,0.876811623573303,1,1,25,1.04999995231628,8.39999961853027
05,2007-05-05,23080760,0,Definitivo,SAN ROQUE [23080760],Pluviométrica,Convencional,Activa,Antioquia,San Roque,6.4875,-75.017,820,5/15/1975,,Monchia,Magdalena Cauca,Medio Magdalena,Río Nare,2007,05,Andes,Definitivo,0,0,0,2.32174706459045,2.32174706459045,14.046196937561,15.2095308303833,22.1732177734375,3.05454540252686,6.04363632202148,5,10,0.869565188884735,0.876811623573303,1,1,25,1.04999995231628,0
05,2008-05-08,23080760,,"",SAN ROQUE [23080760],Pluviométrica,Convencional,Activa,Antioquia,San Roque,6.4875,-75.017,820,5/15/1975,,Monchia,Magdalena Cauca,Medio Magdalena,Río Nare,2008,08,Andes,Preliminar,0,0,0,3.57927918434143,3.57927918434143,2.27235651016235,0.843468189239502,0.0249166376888752,3.05454540252686,6.04363632202148,5,10,0.869565188884735,0.876811623573303,1,1,26,1.04999995231628,0
05,2011-05-07,23080760,0,Definitivo,SAN ROQUE [23080760],Pluviométrica,Convencional,Activa,Antioquia,San Roque,6.4875,-75.017,820,5/15/1975,,Monchia,Magdalena Cauca,Medio Magdalena,Río Nare,2011,07,Andes,Definitivo,0,0,0,20.1554126739502,20.1554126739502,5.6594409942627,11.8859739303589,8.63640022277832,3.05454540252686,6.04363632202148,5,10,0.869565188884735,0.876811623573303,1,1,26,1.04999995231628,0
05,2013-05-07,23080760,,"",SAN ROQUE [23080760],Pluviométrica,Convencional,Activa,Antioquia,San Roque,6.4875,-75.017,820,5/15/1975,,Monchia,Magdalena Cauca,Medio Magdalena,Río Nare,2013,07,Andes,Preliminar,0,0,0,9.86661529541016,9.86661529541016,6.82342910766602,12.9839525222778,2.39688420295715,3.05454540252686,6.04363632202148,5,10,0.869565188884735,0.876811623573303,1,1,26,1.04999995231628,0
05,2014-05-11,23080760,8,Definitivo,SAN ROQUE [23080760],Pluviométrica,Convencional,Activa,Antioquia,San Roque,6.4875,-75.017,820,5/15/1975,,Monchia,Magdalena Cauca,Medio Magdalena,Río Nare,2014,11,Andes,Definitivo,8,8,0,25.6306476593018,25.6306476593018,19.263614654541,71.7425994873047,20.2584991455078,3.05454540252686,6.04363632202148,5,10,0.869565188884735,0.876811623573303,1,1,27,1.04999995231628,8.39999961853027
05,2014-05-12,23080760,5,Definitivo,SAN ROQUE [23080760],Pluviométrica,Convencional,Activa,Antioquia,San Roque,6.4875,-75.017,820,5/15/1975,,Monchia,Magdalena Cauca,Medio Magdalena,Río Nare,2014,12,Andes,Definitivo,5,5,0,3.2655873298645,3.2655873298645,0,7.06122970581055,9.99802875518799,3.05454540252686,6.04363632202148,5,10,0.869565188884735,0.876811623573303,1,1,27,1.04999995231628,5.24999976158142
05,2013-05-15,23080760,10,Definitivo,SAN ROQUE [23080760],Pluviométrica,Convencional,Activa,Antioquia,San Roque,6.4875,-75.017,820,5/15/1975,,Monchia,Magdalena Cauca,Medio Magdalena,Río Nare,2013,15,Andes,Definitivo,10,10,0,7.19962453842163,7.19962453842163,19.4434185028076,19.4582099914551,45.5375518798828,3.05454540252686,6.04363632202148,5,10,0.869565188884735,0.876811623573303,1,1,27,1.04999995231628,10.4999995231628
05,2011-05-22,23080760,21,Definitivo,SAN ROQUE [23080760],Pluviométrica,Convencional,Activa,Antioquia,San Roque,6.4875,-75.017,820,5/15/1975,,Monchia,Magdalena Cauca,Medio Magdalena,Río Nare,2011,22,Andes,Definitivo,21,21,0,21.9127578735352,21.9127578735352,13.6374950408936,27.7250576019287,17.7648754119873,3.05454540252686,6.04363632202148,5,10,0.869565188884735,0.876811623573303,1,1,29,1.04999995231628,22.049998998642
05,2011-05-23,23080760,9,Definitivo,SAN ROQUE [23080760],Pluviométrica,Convencional,Activa,Antioquia,San Roque,6.4875,-75.017,820,5/15/1975,,Monchia,Magdalena Cauca,Medio Magdalena,Río Nare,2011,23,Andes,Definitivo,9,9,0,9.84537029266357,9.84537029266357,13.6374950408936,23.5432548522949,9.86400413513184,3.05454540252686,6.04363632202148,5,10,0.869565188884735,0.876811623573303,1,1,29,1.04999995231628,9.44999957084656
05,2014-05-21,23080760,,"",SAN ROQUE [23080760],Pluviométrica,Convencional,Activa,Antioquia,San Roque,6.4875,-75.017,820,5/15/1975,,Monchia,Magdalena Cauca,Medio Magdalena,Río Nare,2014,21,Andes,Preliminar,0,0,0,7.71922731399536,7.71922731399536,6.52758073806763,19.770112991333,2.95884871482849,3.05454540252686,6.04363632202148,5,10,0.869565188884735,0.876811623573303,1,1,29,1.04999995231628,0
05,2016-05-21,23080760,17,Definitivo,SAN ROQUE [23080760],Pluviométrica,Convencional,Activa,Antioquia,San Roque,6.4875,-75.017,820,5/15/1975,,Monchia,Magdalena Cauca,Medio Magdalena,Río Nare,2016,21,Andes,Definitivo,17,17,0,25.510046005249,25.510046005249,17.860538482666,17.2363700866699,39.1920852661133,3.05454540252686,6.04363632202148,5,10,0.869565188884735,0.876811623573303,1,1,29,1.04999995231628,17.8499991893768
05,2017-05-25,23080760,0,Definitivo,SAN ROQUE [23080760],Pluviométrica,Convencional,Activa,Antioquia,San Roque,6.4875,-75.017,820,5/15/1975,,Monchia,Magdalena Cauca,Medio Magdalena,Río Nare,2017,25,Andes,Definitivo,0,0,0,0,0,10.8190355300903,0.000240572480834089,7.89756155014038,3.05454540252686,6.04363632202148,5,10,0.869565188884735,0.876811623573303,1,1,29,1.04999995231628,0
05,2020-05-23,23080760,8,Definitivo,SAN ROQUE [23080760],Pluviométrica,Convencional,Activa,Antioquia,San Roque,6.4875,-75.017,820,5/15/1975,,Monchia,Magdalena Cauca,Medio Magdalena,Río Nare,2020,23,Andes,Definitivo,8,8,0,0,0,0,2.27654123306274,0,3.05454540252686,6.04363632202148,5,10,0.869565188884735,0.876811623573303,1,1,29,1.04999995231628,8.39999961853027
05,2022-05-24,23080760,14,Definitivo,SAN ROQUE [23080760],Pluviométrica,Convencional,Activa,Antioquia,San Roque,6.4875,-75.017,820,5/15/1975,,Monchia,Magdalena Cauca,Medio Magdalena,Río Nare,2022,24,Andes,Definitivo,14,14,0,16.6988296508789,16.6988296508789,9.54845523834229,14.8273077011108,23.4562377929688,3.05454540252686,6.04363632202148,5,10,0.869565188884735,0.876811623573303,1,1,29,1.04999995231628,14.699999332428
05,2022-05-22,23080760,33,Definitivo,SAN ROQUE [23080760],Pluviométrica,Convencional,Activa,Antioquia,San Roque,6.4875,-75.017,820,5/15/1975,,Monchia,Magdalena Cauca,Medio Magdalena,Río Nare,2022,22,Andes,Definitivo,33,33,0,4.18209791183472,4.18209791183472,0,2.12204146385193,0,3.05454540252686,6.04363632202148,5,10,0.869565188884735,0.876811623573303,1,1,29,1.04999995231628,34.6499984264374
05,2021-05-21,23080760,5,Definitivo,SAN ROQUE [23080760],Pluviométrica,Convencional,Activa,Antioquia,San Roque,6.4875,-75.017,820,5/15/1975,,Monchia,Magdalena Cauca,Medio Magdalena,Río Nare,2021,21,Andes,Definitivo,5,5,0,5.42038774490356,5.42038774490356,6.70954513549805,10.3399343490601,12.4721937179565,3.05454540252686,6.04363632202148,5,10,0.869565188884735,0.876811623573303,1,1,29,1.04999995231628,5.24999976158142
05,2021-05-18,23080760,17,Definitivo,SAN ROQUE [23080760],Pluviométrica,Convencional,Activa,Antioquia,San Roque,6.4875,-75.017,820,5/15/1975,,Monchia,Magdalena Cauca,Medio Magdalena,Río Nare,2021,18,Andes,Definitivo,17,17,0,30.1548004150391,30.1548004150391,14.9385061264038,36.8687744140625,49.5233306884766,3.05454540252686,6.04363632202148,5,10,0.869565188884735,0.876811623573303,1,1,28,1.04999995231628,17.8499991893768
05,2020-05-17,23080760,1,Definitivo,SAN ROQUE [23080760],Pluviométrica,Convencional,Activa,Antioquia,San Roque,6.4875,-75.017,820,5/15/1975,,Monchia,Magdalena Cauca,Medio Magdalena,Río Nare,2020,17,Andes,Definitivo,1,1,0,14.2408332824707,14.2408332824707,19.4627895355225,8.55985069274902,40.2059440612793,3.05454540252686,6.04363632202148,5,10,0.869565188884735,0.876811623573303,1,1,28,1.04999995231628,1.04999995231628
05,2020-05-16,23080760,30,Definitivo,SAN ROQUE [23080760],Pluviométrica,Convencional,Activa,Antioquia,San Roque,6.4875,-75.017,820,5/15/1975,,Monchia,Magdalena Cauca,Medio Magdalena,Río Nare,2020,16,Andes,Definitivo,30,30,0,0,0,4.86569738388062,2.61236166954041,7.89296865463257,3.05454540252686,6.04363632202148,5,10,0.869565188884735,0.876811623573303,1,1,28,1.04999995231628,31.4999985694885
05,2018-05-17,23080760,24,Definitivo,SAN ROQUE [23080760],Pluviométrica,Convencional,Activa,Antioquia,San Roque,6.4875,-75.017,820,5/15/1975,,Monchia,Magdalena Cauca,Medio Magdalena,Río Nare,2018,17,Andes,Definitivo,24,24,0,27.500301361084,27.500301361084,17.3811931610107,33.9463233947754,22.2254962921143,3.05454540252686,6.04363632202148,5,10,0.869565188884735,0.876811623573303,1,1,28,1.04999995231628,25.1999988555908
05,2019-05-15,23080760,0,Definitivo,SAN ROQUE [23080760],Pluviométrica,Convencional,Activa,Antioquia,San Roque,6.4875,-75.017,820,5/15/1975,,Monchia,Magdalena Cauca,Medio Magdalena,Río Nare,2019,15,Andes,Definitivo,0,0,0,6.59082365036011,6.59082365036011,21.0809555053711,1.7021656036377,3.65516304969788,3.05454540252686,6.04363632202148,5,10,0.869565188884735,0.876811623573303,1,1,27,1.04999995231628,0
05,2018-05-16,23080760,10,Definitivo,SAN ROQUE [23080760],Pluviométrica,Convencional,Activa,Antioquia,San Roque,6.4875,-75.017,820,5/15/1975,,Monchia,Magdalena Cauca,Medio Magdalena,Río Nare,2018,16,Andes,Definitivo,10,10,0,24.4158344268799,24.4158344268799,26.0717887878418,12.1143016815186,1.84194028377533,3.05454540252686,6.04363632202148,5,10,0.869565188884735,0.876811623573303,1,1,28,1.04999995231628,10.4999995231628
05,2018-05-15,23080760,2,Definitivo,SAN ROQUE [23080760],Pluviométrica,Convencional,Activa,Antioquia,San Roque,6.4875,-75.017,820,5/15/1975,,Monchia,Magdalena Cauca,Medio Magdalena,Río Nare,2018,15,Andes,Definitivo,2,2,0,24.0704040527344,24.0704040527344,7.97945404052734,16.1795845031738,23.4038028717041,3.05454540252686,6.04363632202148,5,10,0.869565188884735,0.876811623573303,1,1,27,1.04999995231628,2.09999990463257
05,2019-05-13,23080760,13,Definitivo,SAN ROQUE [23080760],Pluviométrica,Convencional,Activa,Antioquia,San Roque,6.4875,-75.017,820,5/15/1975,,Monchia,Magdalena Cauca,Medio Magdalena,Río Nare,2019,13,Andes,Definitivo,13,13,0,2.9102783203125,2.9102783203125,0,4.56314754486084,0.552720129489899,3.05454540252686,6.04363632202148,5,10,0.869565188884735,0.876811623573303,1,1,27,1.04999995231628,13.6499993801117
05,2020-05-10,23080760,0,Definitivo,SAN ROQUE [23080760],Pluviométrica,Convencional,Activa,Antioquia,San Roque,6.4875,-75.017,820,5/15/1975,,Monchia,Magdalena Cauca,Medio Magdalena,Río Nare,2020,10,Andes,Definitivo,0,0,0,1.50973868370056,1.50973868370056,3.12682056427002,1.45328760147095,2.27452731132507,3.05454540252686,6.04363632202148,5,10,0.869565188884735,0.876811623573303,1,1,26,1.04999995231628,0
05,2020-05-09,23080760,0,Definitivo,SAN ROQUE [23080760],Pluviométrica,Convencional,Activa,Antioquia,San Roque,6.4875,-75.017,820,5/15/1975,,Monchia,Magdalena Cauca,Medio Magdalena,Río Nare,2020,09,Andes,Definitivo,0,0,0,0.524859309196472,0.524859309196472,0,0.81091570854187,0.0193983037024736,3.05454540252686,6.04363632202148,5,10,0.869565188884735,0.876811623573303,1,1,26,1.04999995231628,0
05,2021-05-07,23080760,22,Definitivo,SAN ROQUE [23080760],Pluviométrica,Convencional,Activa,Antioquia,San Roque,6.4875,-75.017,820,5/15/1975,,Monchia,Magdalena Cauca,Medio Magdalena,Río Nare,2021,07,Andes,Definitivo,22,22,0,13.4363145828247,13.4363145828247,10.4824819564819,33.9454765319824,32.0103797912598,3.05454540252686,6.04363632202148,5,10,0.869565188884735,0.876811623573303,1,1,26,1.04999995231628,23.0999989509583
05,2022-05-05,23080760,0,Definitivo,SAN ROQUE [23080760],Pluviométrica,Convencional,Activa,Antioquia,San Roque,6.4875,-75.017,820,5/15/1975,,Monchia,Magdalena Cauca,Medio Magdalena,Río Nare,2022,05,Andes,Definitivo,0,0,0,0,0,16.6525936126709,29.3287296295166,35.9960784912109,3.05454540252686,6.04363632202148,5,10,0.869565188884735,0.876811623573303,1,1,25,1.04999995231628,0
05,2022-05-04,23080760,0,Definitivo,SAN ROQUE [23080760],Pluviométrica,Convencional,Activa,Antioquia,San Roque,6.4875,-75.017,820,5/15/1975,,Monchia,Magdalena Cauca,Medio Magdalena,Río Nare,2022,04,Andes,Definitivo,0,0,0,0,0,0,4.99787473678589,0.134653687477112,3.05454540252686,6.04363632202148,5,10,0.869565188884735,0.876811623573303,1,1,25,1.04999995231628,0
05,2012-05-03,23080760,10,Definitivo,SAN ROQUE [23080760],Pluviométrica,Convencional,Activa,Antioquia,San Roque,6.4875,-75.017,820,5/15/1975,,Monchia,Magdalena Cauca,Medio Magdalena,Río Nare,2012,03,Andes,Definitivo,10,10,0,14.2625398635864,14.2625398635864,8.11415100097656,24.7208633422852,29.1592025756836,3.05454540252686,6.04363632202148,5,10,0.869565188884735,0.876811623573303,1,1,25,1.04999995231628,10.4999995231628
05,2012-05-04,23080760,52,Definitivo,SAN ROQUE [23080760],Pluviométrica,Convencional,Activa,Antioquia,San Roque,6.4875,-75.017,820,5/15/1975,,Monchia,Magdalena Cauca,Medio Magdalena,Río Nare,2012,04,Andes,Definitivo,52,52,0,1.99429428577423,1.99429428577423,24.3424510955811,4.0810489654541,8.32784843444824,3.05454540252686,6.04363632202148,5,10,0.869565188884735,0.876811623573303,1,1,25,1.04999995231628,54.5999975204468
05,2013-05-08,23080760,,"",SAN ROQUE [23080760],Pluviométrica,Convencional,Activa,Antioquia,San Roque,6.4875,-75.017,820,5/15/1975,,Monchia,Magdalena Cauca,Medio Magdalena,Río Nare,2013,08,Andes,Preliminar,0,0,0,3.68507838249207,3.68507838249207,0,4.16731882095337,0,3.05454540252686,6.04363632202148,5,10,0.869565188884735,0.876811623573303,1,1,26,1.04999995231628,0
05,2015-05-09,23080760,0,Definitivo,SAN ROQUE [23080760],Pluviométrica,Convencional,Activa,Antioquia,San Roque,6.4875,-75.017,820,5/15/1975,,Monchia,Magdalena Cauca,Medio Magdalena,Río Nare,2015,09,Andes,Definitivo,0,0,0,14.6537933349609,14.6537933349609,0,0.0124197406694293,0,3.05454540252686,6.04363632202148,5,10,0.869565188884735,0.876811623573303,1,1,26,1.04999995231628,0
05,2001-05-09,23080760,1,Definitivo,SAN ROQUE [23080760],Pluviométrica,Convencional,Activa,Antioquia,San Roque,6.4875,-75.017,820,5/15/1975,,Monchia,Magdalena Cauca,Medio Magdalena,Río Nare,2001,09,Andes,Definitivo,1,1,0,14.5428037643433,14.5428037643433,6.374840259552,17.1313877105713,13.6868810653687,3.05454540252686,6.04363632202148,5,10,0.869565188884735,0.876811623573303,1,1,26,1.04999995231628,1.04999995231628
05,2001-05-06,23080760,,"",SAN ROQUE [23080760],Pluviométrica,Convencional,Activa,Antioquia,San Roque,6.4875,-75.017,820,5/15/1975,,Monchia,Magdalena Cauca,Medio Magdalena,Río Nare,2001,06,Andes,Preliminar,0,0,0,2.06006050109863,2.06006050109863,6.374840259552,9.1628360748291,3.34680604934692,3.05454540252686,6.04363632202148,5,10,0.869565188884735,0.876811623573303,1,1,26,1.04999995231628,0
05,2003-05-04,23080760,14,Definitivo,SAN ROQUE [23080760],Pluviométrica,Convencional,Activa,Antioquia,San Roque,6.4875,-75.017,820,5/15/1975,,Monchia,Magdalena Cauca,Medio Magdalena,Río Nare,2003,04,Andes,Definitivo,14,14,0,2.96849966049194,2.96849966049194,6.0214581489563,12.7018203735352,10.0706806182861,3.05454540252686,6.04363632202148,5,10,0.869565188884735,0.876811623573303,1,1,25,1.04999995231628,14.699999332428
05,2001-05-04,23080760,4,Definitivo,SAN ROQUE [23080760],Pluviométrica,Convencional,Activa,Antioquia,San Roque,6.4875,-75.017,820,5/15/1975,,Monchia,Magdalena Cauca,Medio Magdalena,Río Nare,2001,04,Andes,Definitivo,4,4,0,15.7655076980591,15.7655076980591,5.24333381652832,4.09499311447144,5.96126413345337,3.05454540252686,6.04363632202148,5,10,0.869565188884735,0.876811623573303,1,1,25,1.04999995231628,4.19999980926514
05,2001-05-02,23080760,31,Definitivo,SAN ROQUE [23080760],Pluviométrica,Convencional,Activa,Antioquia,San Roque,6.4875,-75.017,820,5/15/1975,,Monchia,Magdalena Cauca,Medio Magdalena,Río Nare,2001,02,Andes,Definitivo,31,31,0,0.310789585113525,0.310789585113525,15.7300033569336,9.39743137359619,5.72542858123779,3.05454540252686,6.04363632202148,5,10,0.869565188884735,0.876811623573303,1,1,25,1.04999995231628,32.5499985218048
05,2003-05-03,23080760,0,Definitivo,SAN ROQUE [23080760],Pluviométrica,Convencional,Activa,Antioquia,San Roque,6.4875,-75.017,820,5/15/1975,,Monchia,Magdalena Cauca,Medio Magdalena,Río Nare,2003,03,Andes,Definitivo,0,0,0,17.6968269348145,17.6968269348145,6.0214581489563,27.8190479278564,16.4712104797363,3.05454540252686,6.04363632202148,5,10,0.869565188884735,0.876811623573303,1,1,25,1.04999995231628,0
05,2006-05-01,23080760,24,Definitivo,SAN ROQUE [23080760],Pluviométrica,Convencional,Activa,Antioquia,San Roque,6.4875,-75.017,820,5/15/1975,,Monchia,Magdalena Cauca,Medio Magdalena,Río Nare,2006,01,Andes,Definitivo,24,24,0,0.484070420265198,0.484070420265198,0,13.1925048828125,0.574089407920837,3.05454540252686,6.04363632202148,5,10,0.869565188884735,0.876811623573303,1,1,25,1.04999995231628,25.1999988555908
05,2005-05-04,23080760,25,Definitivo,SAN ROQUE [23080760],Pluviométrica,Convencional,Activa,Antioquia,San Roque,6.4875,-75.017,820,5/15/1975,,Monchia,Magdalena Cauca,Medio Magdalena,Río Nare,2005,04,Andes,Definitivo,25,25,0,13.8393974304199,13.8393974304199,11.7024097442627,34.5225524902344,16.7447147369385,3.05454540252686,6.04363632202148,5,10,0.869565188884735,0.876811623573303,1,1,25,1.04999995231628,26.2499988079071
05,2009-05-05,23080760,25,Definitivo,SAN ROQUE [23080760],Pluviométrica,Convencional,Activa,Antioquia,San Roque,6.4875,-75.017,820,5/15/1975,,Monchia,Magdalena Cauca,Medio Magdalena,Río Nare,2009,05,Andes,Definitivo,25,25,0,6.48089933395386,6.48089933395386,8.81188488006592,15.1847620010376,15.9203996658325,3.05454540252686,6.04363632202148,5,10,0.869565188884735,0.876811623573303,1,1,25,1.04999995231628,26.2499988079071
05,2020-05-22,23080760,0,Definitivo,SAN ROQUE [23080760],Pluviométrica,Convencional,Activa,Antioquia,San Roque,6.4875,-75.017,820,5/15/1975,,Monchia,Magdalena Cauca,Medio Magdalena,Río Nare,2020,22,Andes,Definitivo,0,0,0,0,0,0,6.82660245895386,5.59691953659058,3.05454540252686,6.04363632202148,5,10,0.869565188884735,0.876811623573303,1,1,29,1.04999995231628,0
05,2022-05-19,23080760,0,Definitivo,SAN ROQUE [23080760],Pluviométrica,Convencional,Activa,Antioquia,San Roque,6.4875,-75.017,820,5/15/1975,,Monchia,Magdalena Cauca,Medio Magdalena,Río Nare,2022,19,Andes,Definitivo,0,0,0,18.6935806274414,18.6935806274414,6.67755794525147,13.4512243270874,4.70956468582153,3.05454540252686,6.04363632202148,5,10,0.869565188884735,0.876811623573303,1,1,28,1.04999995231628,0
05,2022-05-16,23080760,0,Definitivo,SAN ROQUE [23080760],Pluviométrica,Convencional,Activa,Antioquia,San Roque,6.4875,-75.017,820,5/15/1975,,Monchia,Magdalena Cauca,Medio Magdalena,Río Nare,2022,16,Andes,Definitivo,0,0,0,1.87617635726929,1.87617635726929,6.67755794525147,6.34714603424072,21.4721794128418,3.05454540252686,6.04363632202148,5,10,0.869565188884735,0.876811623573303,1,1,28,1.04999995231628,0
05,2018-05-20,23080760,62,Definitivo,SAN ROQUE [23080760],Pluviométrica,Convencional,Activa,Antioquia,San Roque,6.4875,-75.017,820,5/15/1975,,Monchia,Magdalena Cauca,Medio Magdalena,Río Nare,2018,20,Andes,Definitivo,62,62,0,16.3332290649414,16.3332290649414,26.0717887878418,31.3981704711914,54.7319755554199,3.05454540252686,6.04363632202148,5,10,0.869565188884735,0.876811623573303,1,1,28,1.04999995231628,65.0999970436096
05,2015-05-10,23080760,0,Definitivo,SAN ROQUE [23080760],Pluviométrica,Convencional,Activa,Antioquia,San Roque,6.4875,-75.017,820,5/15/1975,,Monchia,Magdalena Cauca,Medio Magdalena,Río Nare,2015,10,Andes,Definitivo,0,0,0,3.26152491569519,3.26152491569519,5.92227458953857,1.23921990394592,0.198526978492737,3.05454540252686,6.04363632202148,5,10,0.869565188884735,0.876811623573303,1,1,26,1.04999995231628,0
05,2013-05-16,23080760,24,Definitivo,SAN ROQUE [23080760],Pluviométrica,Convencional,Activa,Antioquia,San Roque,6.4875,-75.017,820,5/15/1975,,Monchia,Magdalena Cauca,Medio Magdalena,Río Nare,2013,16,Andes,Definitivo,24,24,0,16.3967781066895,16.3967781066895,20.6257438659668,18.5860404968262,11.5330305099487,3.05454540252686,6.04363632202148,5,10,0.869565188884735,0.876811623573303,1,1,28,1.04999995231628,25.1999988555908
05,2012-05-19,23080760,8,Definitivo,SAN ROQUE [23080760],Pluviométrica,Convencional,Activa,Antioquia,San Roque,6.4875,-75.017,820,5/15/1975,,Monchia,Magdalena Cauca,Medio Magdalena,Río Nare,2012,19,Andes,Definitivo,8,8,0,10.1665697097778,10.1665697097778,4.62892961502075,22.0701751708984,10.3233098983765,3.05454540252686,6.04363632202148,5,10,0.869565188884735,0.876811623573303,1,1,28,1.04999995231628,8.39999961853027
05,2012-05-20,23080760,4,Definitivo,SAN ROQUE [23080760],Pluviométrica,Convencional,Activa,Antioquia,San Roque,6.4875,-75.017,820,5/15/1975,,Monchia,Magdalena Cauca,Medio Magdalena,Río Nare,2012,20,Andes,Definitivo,4,4,0,32.0430335998535,32.0430335998535,23.1446495056152,35.2024726867676,18.9909400939941,3.05454540252686,6.04363632202148,5,10,0.869565188884735,0.876811623573303,1,1,28,1.04999995231628,4.19999980926514
05,2012-05-21,23080760,65,Definitivo,SAN ROQUE [23080760],Pluviométrica,Convencional,Activa,Antioquia,San Roque,6.4875,-75.017,820,5/15/1975,,Monchia,Magdalena Cauca,Medio Magdalena,Río Nare,2012,21,Andes,Definitivo,65,65,0,4.24290084838867,4.24290084838867,0,54.6674652099609,2.86607551574707,3.05454540252686,6.04363632202148,5,10,0.869565188884735,0.876811623573303,1,1,29,1.04999995231628,68.2499969005585
05,2016-05-22,23080760,,"",SAN ROQUE [23080760],Pluviométrica,Convencional,Activa,Antioquia,San Roque,6.4875,-75.017,820,5/15/1975,,Monchia,Magdalena Cauca,Medio Magdalena,Río Nare,2016,22,Andes,Preliminar,0,0,0,10.2416048049927,10.2416048049927,11.9070262908936,12.1162347793579,3.66196894645691,3.05454540252686,6.04363632202148,5,10,0.869565188884735,0.876811623573303,1,1,29,1.04999995231628,0
05,2015-05-26,23080760,7,Definitivo,SAN ROQUE [23080760],Pluviométrica,Convencional,Activa,Antioquia,San Roque,6.4875,-75.017,820,5/15/1975,,Monchia,Magdalena Cauca,Medio Magdalena,Río Nare,2015,26,Andes,Definitivo,7,7,0,18.4179210662842,18.4179210662842,0,12.4042139053345,4.912513256073,3.05454540252686,6.04363632202148,5,10,0.869565188884735,0.876811623573303,1,1,30,1.04999995231628,7.34999966621399
05,2018-05-24,23080760,10,Definitivo,SAN ROQUE [23080760],Pluviométrica,Convencional,Activa,Antioquia,San Roque,6.4875,-75.017,820,5/15/1975,,Monchia,Magdalena Cauca,Medio Magdalena,Río Nare,2018,24,Andes,Definitivo,10,10,0,4.2927508354187,4.2927508354187,0,4.96945667266846,2.15977168083191,3.05454540252686,6.04363632202148,5,10,0.869565188884735,0.876811623573303,1,1,29,1.04999995231628,10.4999995231628
05,2018-05-26,23080760,3,Definitivo,SAN ROQUE [23080760],Pluviométrica,Convencional,Activa,Antioquia,San Roque,6.4875,-75.017,820,5/15/1975,,Monchia,Magdalena Cauca,Medio Magdalena,Río Nare,2018,26,Andes,Definitivo,3,3,0,3.66277933120728,3.66277933120728,42.3683166503906,8.43354892730713,39.0733413696289,3.05454540252686,6.04363632202148,5,10,0.869565188884735,0.876811623573303,1,1,30,1.04999995231628,3.14999985694885
05,2005-05-05,23080760,8,Definitivo,SAN ROQUE [23080760],Pluviométrica,Convencional,Activa,Antioquia,San Roque,6.4875,-75.017,820,5/15/1975,,Monchia,Magdalena Cauca,Medio Magdalena,Río Nare,2005,05,Andes,Definitivo,8,8,0,4.75245571136475,4.75245571136475,5.85120487213135,11.8016786575317,8.81572818756104,3.05454540252686,6.04363632202148,5,10,0.869565188884735,0.876811623573303,1,1,25,1.04999995231628,8.39999961853027
05,2007-05-06,23080760,23,Definitivo,SAN ROQUE [23080760],Pluviométrica,Convencional,Activa,Antioquia,San Roque,6.4875,-75.017,820,5/15/1975,,Monchia,Magdalena Cauca,Medio Magdalena,Río Nare,2007,06,Andes,Definitivo,23,23,0,12.1902313232422,12.1902313232422,18.8737716674805,24.6396617889404,12.289116859436,3.05454540252686,6.04363632202148,5,10,0.869565188884735,0.876811623573303,1,1,26,1.04999995231628,24.1499989032745
05,2010-05-04,23080760,17,Definitivo,SAN ROQUE [23080760],Pluviométrica,Convencional,Activa,Antioquia,San Roque,6.4875,-75.017,820,5/15/1975,,Monchia,Magdalena Cauca,Medio Magdalena,Río Nare,2010,04,Andes,Definitivo,17,17,0,19.6856632232666,19.6856632232666,11.6103010177612,40.3649940490723,17.4764881134033,3.05454540252686,6.04363632202148,5,10,0.869565188884735,0.876811623573303,1,1,25,1.04999995231628,17.8499991893768
05,2011-05-08,23080760,0,Definitivo,SAN ROQUE [23080760],Pluviométrica,Convencional,Activa,Antioquia,San Roque,6.4875,-75.017,820,5/15/1975,,Monchia,Magdalena Cauca,Medio Magdalena,Río Nare,2011,08,Andes,Definitivo,0,0,0,1.45739912986755,1.45739912986755,0,1.41873943805695,1.33128798007965,3.05454540252686,6.04363632202148,5,10,0.869565188884735,0.876811623573303,1,1,26,1.04999995231628,0
05,2019-05-18,23080760,75,Definitivo,SAN ROQUE [23080760],Pluviométrica,Convencional,Activa,Antioquia,San Roque,6.4875,-75.017,820,5/15/1975,,Monchia,Magdalena Cauca,Medio Magdalena,Río Nare,2019,18,Andes,Definitivo,75,75,0,18.6780738830566,18.6780738830566,9.42484951019287,21.8504123687744,5.64909791946411,3.05454540252686,6.04363632202148,5,10,0.869565188884735,0.876811623573303,1,1,28,1.04999995231628,78.7499964237213
05,2020-05-15,23080760,5,Definitivo,SAN ROQUE [23080760],Pluviométrica,Convencional,Activa,Antioquia,San Roque,6.4875,-75.017,820,5/15/1975,,Monchia,Magdalena Cauca,Medio Magdalena,Río Nare,2020,15,Andes,Definitivo,5,5,0,4.16780805587769,4.16780805587769,5.4519739151001,5.69484281539917,22.1533317565918,3.05454540252686,6.04363632202148,5,10,0.869565188884735,0.876811623573303,1,1,27,1.04999995231628,5.24999976158142
05,2017-05-17,23080760,26,Definitivo,SAN ROQUE [23080760],Pluviométrica,Convencional,Activa,Antioquia,San Roque,6.4875,-75.017,820,5/15/1975,,Monchia,Magdalena Cauca,Medio Magdalena,Río Nare,2017,17,Andes,Definitivo,26,26,0,11.2348642349243,11.2348642349243,0,18.9592170715332,16.8011722564697,3.05454540252686,6.04363632202148,5,10,0.869565188884735,0.876811623573303,1,1,28,1.04999995231628,27.2999987602234
05,2017-05-16,23080760,5,Definitivo,SAN ROQUE [23080760],Pluviométrica,Convencional,Activa,Antioquia,San Roque,6.4875,-75.017,820,5/15/1975,,Monchia,Magdalena Cauca,Medio Magdalena,Río Nare,2017,16,Andes,Definitivo,5,5,0,13.034460067749,13.034460067749,14.9683074951172,25.3037014007568,20.2087459564209,3.05454540252686,6.04363632202148,5,10,0.869565188884735,0.876811623573303,1,1,28,1.04999995231628,5.24999976158142
05,2018-05-14,23080760,27,Definitivo,SAN ROQUE [23080760],Pluviométrica,Convencional,Activa,Antioquia,San Roque,6.4875,-75.017,820,5/15/1975,,Monchia,Magdalena Cauca,Medio Magdalena,Río Nare,2018,14,Andes,Definitivo,27,27,0,4.16466426849365,4.16466426849365,23.9383602142334,61.4736061096192,53.3964309692383,3.05454540252686,6.04363632202148,5,10,0.869565188884735,0.876811623573303,1,1,27,1.04999995231628,28.3499987125397
05,2019-05-12,23080760,0,Definitivo,SAN ROQUE [23080760],Pluviométrica,Convencional,Activa,Antioquia,San Roque,6.4875,-75.017,820,5/15/1975,,Monchia,Magdalena Cauca,Medio Magdalena,Río Nare,2019,12,Andes,Definitivo,0,0,0,34.9612197875977,34.9612197875977,31.6214351654053,37.8570938110352,58.6439170837402,3.05454540252686,6.04363632202148,5,10,0.869565188884735,0.876811623573303,1,1,27,1.04999995231628,0
05,2019-05-11,23080760,97,Definitivo,SAN ROQUE [23080760],Pluviométrica,Convencional,Activa,Antioquia,San Roque,6.4875,-75.017,820,5/15/1975,,Monchia,Magdalena Cauca,Medio Magdalena,Río Nare,2019,11,Andes,Definitivo,97,97,0,18.2718544006348,18.2718544006348,21.0809555053711,70.703742980957,24.8328285217285,3.05454540252686,6.04363632202148,5,10,0.869565188884735,0.876811623573303,1,1,27,1.04999995231628,101.84999537468
05,2020-05-08,23080760,0,Definitivo,SAN ROQUE [23080760],Pluviométrica,Convencional,Activa,Antioquia,San Roque,6.4875,-75.017,820,5/15/1975,,Monchia,Magdalena Cauca,Medio Magdalena,Río Nare,2020,08,Andes,Definitivo,0,0,0,5.30920743942261,5.30920743942261,0,0.715619742870331,0.0968325436115265,3.05454540252686,6.04363632202148,5,10,0.869565188884735,0.876811623573303,1,1,26,1.04999995231628,0
05,2021-05-06,23080760,20,Definitivo,SAN ROQUE [23080760],Pluviométrica,Convencional,Activa,Antioquia,San Roque,6.4875,-75.017,820,5/15/1975,,Monchia,Magdalena Cauca,Medio Magdalena,Río Nare,2021,06,Andes,Definitivo,20,20,0,24.0923099517822,24.0923099517822,10.4824819564819,21.4019317626953,31.3709335327148,3.05454540252686,6.04363632202148,5,10,0.869565188884735,0.876811623573303,1,1,26,1.04999995231628,20.9999990463257
05,2020-05-24,23080760,0,Definitivo,SAN ROQUE [23080760],Pluviométrica,Convencional,Activa,Antioquia,San Roque,6.4875,-75.017,820,5/15/1975,,Monchia,Magdalena Cauca,Medio Magdalena,Río Nare,2020,24,Andes,Definitivo,0,0,0,0,0,0,10.0426778793335,9.50870418548584,3.05454540252686,6.04363632202148,5,10,0.869565188884735,0.876811623573303,1,1,29,1.04999995231628,0
05,2022-05-21,23080760,46,Definitivo,SAN ROQUE [23080760],Pluviométrica,Convencional,Activa,Antioquia,San Roque,6.4875,-75.017,820,5/15/1975,,Monchia,Magdalena Cauca,Medio Magdalena,Río Nare,2022,21,Andes,Definitivo,46,46,0,13.7108812332153,13.7108812332153,9.54845523834229,7.20602893829346,5.60519361495972,3.05454540252686,6.04363632202148,5,10,0.869565188884735,0.876811623573303,1,1,29,1.04999995231628,48.2999978065491
05,2018-05-23,23080760,3,Definitivo,SAN ROQUE [23080760],Pluviométrica,Convencional,Activa,Antioquia,San Roque,6.4875,-75.017,820,5/15/1975,,Monchia,Magdalena Cauca,Medio Magdalena,Río Nare,2018,23,Andes,Definitivo,3,3,0,28.7329063415527,28.7329063415527,29.2574329376221,14.7400608062744,15.606837272644,3.05454540252686,6.04363632202148,5,10,0.869565188884735,0.876811623573303,1,1,29,1.04999995231628,3.14999985694885
05,2020-05-19,23080760,4,Definitivo,SAN ROQUE [23080760],Pluviométrica,Convencional,Activa,Antioquia,San Roque,6.4875,-75.017,820,5/15/1975,,Monchia,Magdalena Cauca,Medio Magdalena,Río Nare,2020,19,Andes,Definitivo,4,4,0,25.382942199707,25.382942199707,19.4627895355225,22.9880275726318,17.013147354126,3.05454540252686,6.04363632202148,5,10,0.869565188884735,0.876811623573303,1,1,28,1.04999995231628,4.19999980926514
05,2011-05-09,23080760,15,Definitivo,SAN ROQUE [23080760],Pluviométrica,Convencional,Activa,Antioquia,San Roque,6.4875,-75.017,820,5/15/1975,,Monchia,Magdalena Cauca,Medio Magdalena,Río Nare,2011,09,Andes,Definitivo,15,15,0,3.83040380477905,3.83040380477905,16.9783210754395,4.92557239532471,7.02036857604981,3.05454540252686,6.04363632202148,5,10,0.869565188884735,0.876811623573303,1,1,26,1.04999995231628,15.7499992847443
05,2016-05-06,23080760,54,Definitivo,SAN ROQUE [23080760],Pluviométrica,Convencional,Activa,Antioquia,San Roque,6.4875,-75.017,820,5/15/1975,,Monchia,Magdalena Cauca,Medio Magdalena,Río Nare,2016,06,Andes,Definitivo,54,54,0,1.6757208108902,1.6757208108902,17.0208358764648,9.11241245269775,14.7351531982422,3.05454540252686,6.04363632202148,5,10,0.869565188884735,0.876811623573303,1,1,26,1.04999995231628,56.6999974250794
05,2014-05-13,23080760,,"",SAN ROQUE [23080760],Pluviométrica,Convencional,Activa,Antioquia,San Roque,6.4875,-75.017,820,5/15/1975,,Monchia,Magdalena Cauca,Medio Magdalena,Río Nare,2014,13,Andes,Preliminar,0,0,0,5.29399490356445,5.29399490356445,12.8424100875855,3.08368039131165,4.38716077804565,3.05454540252686,6.04363632202148,5,10,0.869565188884735,0.876811623573303,1,1,27,1.04999995231628,0
05,2014-05-14,23080760,93,Definitivo,SAN ROQUE [23080760],Pluviométrica,Convencional,Activa,Antioquia,San Roque,6.4875,-75.017,820,5/15/1975,,Monchia,Magdalena Cauca,Medio Magdalena,Río Nare,2014,14,Andes,Definitivo,93,93,0,9.18604564666748,9.18604564666748,6.42120504379273,2.11521410942078,1.78939652442932,3.05454540252686,6.04363632202148,5,10,0.869565188884735,0.876811623573303,1,1,27,1.04999995231628,97.6499955654144
05,2013-05-17,23080760,2,Definitivo,SAN ROQUE [23080760],Pluviométrica,Convencional,Activa,Antioquia,San Roque,6.4875,-75.017,820,5/15/1975,,Monchia,Magdalena Cauca,Medio Magdalena,Río Nare,2013,17,Andes,Definitivo,2,2,0,28.6733150482178,28.6733150482178,20.6257438659668,32.3819618225098,42.8318328857422,3.05454540252686,6.04363632202148,5,10,0.869565188884735,0.876811623573303,1,1,28,1.04999995231628,2.09999990463257
05,2003-05-01,23080760,0,Definitivo,SAN ROQUE [23080760],Pluviométrica,Convencional,Activa,Antioquia,San Roque,6.4875,-75.017,820,5/15/1975,,Monchia,Magdalena Cauca,Medio Magdalena,Río Nare,2003,01,Andes,Definitivo,0,0,0,1.08464431762695,1.08464431762695,6.0214581489563,10.1684513092041,3.42502403259277,3.05454540252686,6.04363632202148,5,10,0.869565188884735,0.876811623573303,1,1,25,1.04999995231628,0
05,2001-05-01,23080760,0.4,Definitivo,SAN ROQUE [23080760],Pluviométrica,Convencional,Activa,Antioquia,San Roque,6.4875,-75.017,820,5/15/1975,,Monchia,Magdalena Cauca,Medio Magdalena,Río Nare,2001,01,Andes,Definitivo,0.4,0.4,0,5.31167650222778,5.31167650222778,10.4866676330566,17.7200508117676,22.9019813537598,3.05454540252686,6.04363632202148,5,10,0.869565188884735,0.876811623573303,1,1,25,1.04999995231628,0.419999980926514
05,2001-05-03,23080760,19,Definitivo,SAN ROQUE [23080760],Pluviométrica,Convencional,Activa,Antioquia,San Roque,6.4875,-75.017,820,5/15/1975,,Monchia,Magdalena Cauca,Medio Magdalena,Río Nare,2001,03,Andes,Definitivo,19,19,0,8.41957187652588,8.41957187652588,15.7300033569336,10.8784112930298,28.2589511871338,3.05454540252686,6.04363632202148,5,10,0.869565188884735,0.876811623573303,1,1,25,1.04999995231628,19.9499990940094
05,2004-05-01,23080760,5,Definitivo,SAN ROQUE [23080760],Pluviométrica,Convencional,Activa,Antioquia,San Roque,6.4875,-75.017,820,5/15/1975,,Monchia,Magdalena Cauca,Medio Magdalena,Río Nare,2004,01,Andes,Definitivo,5,5,0,7.66307735443115,7.66307735443115,15.9281883239746,18.4729309082031,41.3058738708496,3.05454540252686,6.04363632202148,5,10,0.869565188884735,0.876811623573303,1,1,25,1.04999995231628,5.24999976158142
05,2023-05-01,23080760,0,Definitivo,SAN ROQUE [23080760],Pluviométrica,Convencional,Activa,Antioquia,San Roque,6.4875,-75.017,820,5/15/1975,,Monchia,Magdalena Cauca,Medio Magdalena,Río Nare,2023,01,Andes,Definitivo,0,0,0,3.22944569587708,3.22944569587708,0,0.507962703704834,0.380972057580948,3.05454540252686,6.04363632202148,5,10,0.869565188884735,0.876811623573303,1,1,25,1.04999995231628,0
05,2006-05-02,23080760,0.1,Definitivo,SAN ROQUE [23080760],Pluviométrica,Convencional,Activa,Antioquia,San Roque,6.4875,-75.017,820,5/15/1975,,Monchia,Magdalena Cauca,Medio Magdalena,Río Nare,2006,02,Andes,Definitivo,0.1,0.1,0,1.15432178974152,1.15432178974152,13.270040512085,16.8090763092041,16.4190711975098,3.05454540252686,6.04363632202148,5,10,0.869565188884735,0.876811623573303,1,1,25,1.04999995231628,0.104999995231628
05,2006-05-03,23080760,15,Definitivo,SAN ROQUE [23080760],Pluviométrica,Convencional,Activa,Antioquia,San Roque,6.4875,-75.017,820,5/15/1975,,Monchia,Magdalena Cauca,Medio Magdalena,Río Nare,2006,03,Andes,Definitivo,15,15,0,14.6338205337524,14.6338205337524,6.63502025604248,14.8323335647583,1.83696436882019,3.05454540252686,6.04363632202148,5,10,0.869565188884735,0.876811623573303,1,1,25,1.04999995231628,15.7499992847443
05,2008-05-03,23080760,0,Definitivo,SAN ROQUE [23080760],Pluviométrica,Convencional,Activa,Antioquia,San Roque,6.4875,-75.017,820,5/15/1975,,Monchia,Magdalena Cauca,Medio Magdalena,Río Nare,2008,03,Andes,Definitivo,0,0,0,24.486743927002,24.486743927002,9.47171688079834,15.2814178466797,25.9399585723877,3.05454540252686,6.04363632202148,5,10,0.869565188884735,0.876811623573303,1,1,25,1.04999995231628,0
05,2020-05-18,23080760,75,Definitivo,SAN ROQUE [23080760],Pluviométrica,Convencional,Activa,Antioquia,San Roque,6.4875,-75.017,820,5/15/1975,,Monchia,Magdalena Cauca,Medio Magdalena,Río Nare,2020,18,Andes,Definitivo,75,75,0,22.007116317749,22.007116317749,9.73139476776123,24.531120300293,7.40497350692749,3.05454540252686,6.04363632202148,5,10,0.869565188884735,0.876811623573303,1,1,28,1.04999995231628,78.7499964237213
05,2018-05-19,23080760,42,Definitivo,SAN ROQUE [23080760],Pluviométrica,Convencional,Activa,Antioquia,San Roque,6.4875,-75.017,820,5/15/1975,,Monchia,Magdalena Cauca,Medio Magdalena,Río Nare,2018,19,Andes,Definitivo,42,42,0,7.81322336196899,7.81322336196899,26.0717887878418,32.0075912475586,42.2647895812988,3.05454540252686,6.04363632202148,5,10,0.869565188884735,0.876811623573303,1,1,28,1.04999995231628,44.0999979972839
05,2019-05-17,23080760,0,Definitivo,SAN ROQUE [23080760],Pluviométrica,Convencional,Activa,Antioquia,San Roque,6.4875,-75.017,820,5/15/1975,,Monchia,Magdalena Cauca,Medio Magdalena,Río Nare,2019,17,Andes,Definitivo,0,0,0,7.07972002029419,7.07972002029419,37.6993980407715,3.24558234214783,26.3934001922607,3.05454540252686,6.04363632202148,5,10,0.869565188884735,0.876811623573303,1,1,28,1.04999995231628,0
05,2019-05-16,23080760,20,Definitivo,SAN ROQUE [23080760],Pluviométrica,Convencional,Activa,Antioquia,San Roque,6.4875,-75.017,820,5/15/1975,,Monchia,Magdalena Cauca,Medio Magdalena,Río Nare,2019,16,Andes,Definitivo,20,20,0,0.512798011302948,0.512798011302948,0,16.6649227142334,0.116739891469479,3.05454540252686,6.04363632202148,5,10,0.869565188884735,0.876811623573303,1,1,28,1.04999995231628,20.9999990463257
05,2016-05-17,23080760,,"",SAN ROQUE [23080760],Pluviométrica,Convencional,Activa,Antioquia,San Roque,6.4875,-75.017,820,5/15/1975,,Monchia,Magdalena Cauca,Medio Magdalena,Río Nare,2016,17,Andes,Preliminar,0,0,0,0,0,15.2200508117676,1.54647350311279,35.868465423584,3.05454540252686,6.04363632202148,5,10,0.869565188884735,0.876811623573303,1,1,28,1.04999995231628,0
05,2013-05-18,23080760,0,Definitivo,SAN ROQUE [23080760],Pluviométrica,Convencional,Activa,Antioquia,San Roque,6.4875,-75.017,820,5/15/1975,,Monchia,Magdalena Cauca,Medio Magdalena,Río Nare,2013,18,Andes,Definitivo,0,0,0,1.7478905916214,1.7478905916214,0,2.95068860054016,0.106256037950516,3.05454540252686,6.04363632202148,5,10,0.869565188884735,0.876811623573303,1,1,28,1.04999995231628,0
05,2014-05-22,23080760,13,Definitivo,SAN ROQUE [23080760],Pluviométrica,Convencional,Activa,Antioquia,San Roque,6.4875,-75.017,820,5/15/1975,,Monchia,Magdalena Cauca,Medio Magdalena,Río Nare,2014,22,Andes,Definitivo,13,13,0,28.463981628418,28.463981628418,6.52758073806763,4.05107927322388,1.52538526058197,3.05454540252686,6.04363632202148,5,10,0.869565188884735,0.876811623573303,1,1,29,1.04999995231628,13.6499993801117
05,2014-05-23,23080760,62,Definitivo,SAN ROQUE [23080760],Pluviométrica,Convencional,Activa,Antioquia,San Roque,6.4875,-75.017,820,5/15/1975,,Monchia,Magdalena Cauca,Medio Magdalena,Río Nare,2014,23,Andes,Definitivo,62,62,0,8.11217021942139,8.11217021942139,19.5827407836914,17.2521343231201,26.8135414123535,3.05454540252686,6.04363632202148,5,10,0.869565188884735,0.876811623573303,1,1,29,1.04999995231628,65.0999970436096
05,2019-05-21,23080760,23,Definitivo,SAN ROQUE [23080760],Pluviométrica,Convencional,Activa,Antioquia,San Roque,6.4875,-75.017,820,5/15/1975,,Monchia,Magdalena Cauca,Medio Magdalena,Río Nare,2019,21,Andes,Definitivo,23,23,0,26.5202541351318,26.5202541351318,15.995735168457,58.5610084533692,43.6392402648926,3.05454540252686,6.04363632202148,5,10,0.869565188884735,0.876811623573303,1,1,29,1.04999995231628,24.1499989032745
05,2002-05-01,23080760,29,Definitivo,SAN ROQUE [23080760],Pluviométrica,Convencional,Activa,Antioquia,San Roque,6.4875,-75.017,820,5/15/1975,,Monchia,Magdalena Cauca,Medio Magdalena,Río Nare,2002,01,Andes,Definitivo,29,29,0,18.4773902893066,18.4773902893066,0,22.9764442443848,9.94540691375732,3.05454540252686,6.04363632202148,5,10,0.869565188884735,0.876811623573303,1,1,25,1.04999995231628,30.4499986171722
05,2019-05-22,23080760,45,Definitivo,SAN ROQUE [23080760],Pluviométrica,Convencional,Activa,Antioquia,San Roque,6.4875,-75.017,820,5/15/1975,,Monchia,Magdalena Cauca,Medio Magdalena,Río Nare,2019,22,Andes,Definitivo,45,45,0,10.0199193954468,10.0199193954468,23.9936027526856,12.4433565139771,50.8306922912598,3.05454540252686,6.04363632202148,5,10,0.869565188884735,0.876811623573303,1,1,29,1.04999995231628,47.2499978542328
05,2018-05-25,23080760,42,Definitivo,SAN ROQUE [23080760],Pluviométrica,Convencional,Activa,Antioquia,San Roque,6.4875,-75.017,820,5/15/1975,,Monchia,Magdalena Cauca,Medio Magdalena,Río Nare,2018,25,Andes,Definitivo,42,42,0,1.85934948921204,1.85934948921204,29.2574329376221,3.25540494918823,21.423713684082,3.05454540252686,6.04363632202148,5,10,0.869565188884735,0.876811623573303,1,1,29,1.04999995231628,44.0999979972839
05,2020-05-21,23080760,2,Definitivo,SAN ROQUE [23080760],Pluviométrica,Convencional,Activa,Antioquia,San Roque,6.4875,-75.017,820,5/15/1975,,Monchia,Magdalena Cauca,Medio Magdalena,Río Nare,2020,21,Andes,Definitivo,2,2,0,42.3395080566406,42.3395080566406,19.3221817016602,5.66631746292114,5.53420877456665,3.05454540252686,6.04363632202148,5,10,0.869565188884735,0.876811623573303,1,1,29,1.04999995231628,2.09999990463257
05,2010-05-05,23080760,58,Definitivo,SAN ROQUE [23080760],Pluviométrica,Convencional,Activa,Antioquia,San Roque,6.4875,-75.017,820,5/15/1975,,Monchia,Magdalena Cauca,Medio Magdalena,Río Nare,2010,05,Andes,Definitivo,58,58,0,4.33577728271484,4.33577728271484,23.2206020355225,20.0466957092285,31.1196002960205,3.05454540252686,6.04363632202148,5,10,0.869565188884735,0.876811623573303,1,1,25,1.04999995231628,60.8999972343445
05,2012-05-05,23080760,27,Definitivo,SAN ROQUE [23080760],Pluviométrica,Convencional,Activa,Antioquia,San Roque,6.4875,-75.017,820,5/15/1975,,Monchia,Magdalena Cauca,Medio Magdalena,Río Nare,2012,05,Andes,Definitivo,27,27,0,17.1573524475098,17.1573524475098,40.5707588195801,50.6289672851563,24.689790725708,3.05454540252686,6.04363632202148,5,10,0.869565188884735,0.876811623573303,1,1,25,1.04999995231628,28.3499987125397
05,2015-05-04,23080760,8,Definitivo,SAN ROQUE [23080760],Pluviométrica,Convencional,Activa,Antioquia,San Roque,6.4875,-75.017,820,5/15/1975,,Monchia,Magdalena Cauca,Medio Magdalena,Río Nare,2015,04,Andes,Definitivo,8,8,0,6.8832049369812,6.8832049369812,13.653377532959,7.51536083221436,19.6571655273438,3.05454540252686,6.04363632202148,5,10,0.869565188884735,0.876811623573303,1,1,25,1.04999995231628,8.39999961853027
05,2016-05-07,23080760,,"",SAN ROQUE [23080760],Pluviométrica,Convencional,Activa,Antioquia,San Roque,6.4875,-75.017,820,5/15/1975,,Monchia,Magdalena Cauca,Medio Magdalena,Río Nare,2016,07,Andes,Preliminar,0,0,0,3.70950436592102,3.70950436592102,11.3472242355347,14.5369853973389,17.0783214569092,3.05454540252686,6.04363632202148,5,10,0.869565188884735,0.876811623573303,1,1,26,1.04999995231628,0
05,2015-05-11,23080760,0,Definitivo,SAN ROQUE [23080760],Pluviométrica,Convencional,Activa,Antioquia,San Roque,6.4875,-75.017,820,5/15/1975,,Monchia,Magdalena Cauca,Medio Magdalena,Río Nare,2015,11,Andes,Definitivo,0,0,0,0,0,0,0.0216834153980017,0,3.05454540252686,6.04363632202148,5,10,0.869565188884735,0.876811623573303,1,1,27,1.04999995231628,0
05,2017-05-15,23080760,29,Definitivo,SAN ROQUE [23080760],Pluviométrica,Convencional,Activa,Antioquia,San Roque,6.4875,-75.017,820,5/15/1975,,Monchia,Magdalena Cauca,Medio Magdalena,Río Nare,2017,15,Andes,Definitivo,29,29,0,4.64046621322632,4.64046621322632,42.7707176208496,5.88838005065918,55.5148773193359,3.05454540252686,6.04363632202148,5,10,0.869565188884735,0.876811623573303,1,1,27,1.04999995231628,30.4499986171722
05,2018-05-13,23080760,80,Definitivo,SAN ROQUE [23080760],Pluviométrica,Convencional,Activa,Antioquia,San Roque,6.4875,-75.017,820,5/15/1975,,Monchia,Magdalena Cauca,Medio Magdalena,Río Nare,2018,13,Andes,Definitivo,80,80,0,3.58180236816406,3.58180236816406,23.9383602142334,16.5468082427979,19.060733795166,3.05454540252686,6.04363632202148,5,10,0.869565188884735,0.876811623573303,1,1,27,1.04999995231628,83.9999961853027
05,2021-05-05,23080760,17,Definitivo,SAN ROQUE [23080760],Pluviométrica,Convencional,Activa,Antioquia,San Roque,6.4875,-75.017,820,5/15/1975,,Monchia,Magdalena Cauca,Medio Magdalena,Río Nare,2021,05,Andes,Definitivo,17,17,0,8.68107223510742,8.68107223510742,6.94716882705689,7.13512706756592,20.7166938781738,3.05454540252686,6.04363632202148,5,10,0.869565188884735,0.876811623573303,1,1,25,1.04999995231628,17.8499991893768
05,2022-05-03,23080760,0,Definitivo,SAN ROQUE [23080760],Pluviométrica,Convencional,Activa,Antioquia,San Roque,6.4875,-75.017,820,5/15/1975,,Monchia,Magdalena Cauca,Medio Magdalena,Río Nare,2022,03,Andes,Definitivo,0,0,0,0,0,0,0.234326139092445,0,3.05454540252686,6.04363632202148,5,10,0.869565188884735,0.876811623573303,1,1,25,1.04999995231628,0
05,2015-05-21,23080760,37,Definitivo,SAN ROQUE [23080760],Pluviométrica,Convencional,Activa,Antioquia,San Roque,6.4875,-75.017,820,5/15/1975,,Monchia,Magdalena Cauca,Medio Magdalena,Río Nare,2015,21,Andes,Definitivo,37,37,0,3.36478447914124,3.36478447914124,36.3054466247559,23.1608104705811,41.449348449707,3.05454540252686,6.04363632202148,5,10,0.869565188884735,0.876811623573303,1,1,29,1.04999995231628,38.8499982357025
05,2013-05-20,23080760,18,Definitivo,SAN ROQUE [23080760],Pluviométrica,Convencional,Activa,Antioquia,San Roque,6.4875,-75.017,820,5/15/1975,,Monchia,Magdalena Cauca,Medio Magdalena,Río Nare,2013,20,Andes,Definitivo,18,18,0,6.11337375640869,6.11337375640869,15.4693088531494,25.9479312896729,31.642448425293,3.05454540252686,6.04363632202148,5,10,0.869565188884735,0.876811623573303,1,1,28,1.04999995231628,18.8999991416931
05,2002-05-02,23080760,0,Definitivo,SAN ROQUE [23080760],Pluviométrica,Convencional,Activa,Antioquia,San Roque,6.4875,-75.017,820,5/15/1975,,Monchia,Magdalena Cauca,Medio Magdalena,Río Nare,2002,02,Andes,Definitivo,0,0,0,3.78017926216126,3.78017926216126,16.1214427947998,1.83143484592438,10.5895519256592,3.05454540252686,6.04363632202148,5,10,0.869565188884735,0.876811623573303,1,1,25,1.04999995231628,0
05,2004-05-02,23080760,0,Definitivo,SAN ROQUE [23080760],Pluviométrica,Convencional,Activa,Antioquia,San Roque,6.4875,-75.017,820,5/15/1975,,Monchia,Magdalena Cauca,Medio Magdalena,Río Nare,2004,02,Andes,Definitivo,0,0,0,8.4339189529419,8.4339189529419,7.96409416198731,22.0125045776367,12.9083776473999,3.05454540252686,6.04363632202148,5,10,0.869565188884735,0.876811623573303,1,1,25,1.04999995231628,0
05,2022-05-18,23080760,0,Definitivo,SAN ROQUE [23080760],Pluviométrica,Convencional,Activa,Antioquia,San Roque,6.4875,-75.017,820,5/15/1975,,Monchia,Magdalena Cauca,Medio Magdalena,Río Nare,2022,18,Andes,Definitivo,0,0,0,22.2902812957764,22.2902812957764,26.7102317810059,24.7102870941162,37.5521774291992,3.05454540252686,6.04363632202148,5,10,0.869565188884735,0.876811623573303,1,1,28,1.04999995231628,0
05,2019-05-20,23080760,10,Definitivo,SAN ROQUE [23080760],Pluviométrica,Convencional,Activa,Antioquia,San Roque,6.4875,-75.017,820,5/15/1975,,Monchia,Magdalena Cauca,Medio Magdalena,Río Nare,2019,20,Andes,Definitivo,10,10,0,7.02226066589356,7.02226066589356,28.2745494842529,18.5868682861328,49.5069007873535,3.05454540252686,6.04363632202148,5,10,0.869565188884735,0.876811623573303,1,1,28,1.04999995231628,10.4999995231628
05,2017-05-20,23080760,0,Definitivo,SAN ROQUE [23080760],Pluviométrica,Convencional,Activa,Antioquia,San Roque,6.4875,-75.017,820,5/15/1975,,Monchia,Magdalena Cauca,Medio Magdalena,Río Nare,2017,20,Andes,Definitivo,0,0,0,1.88734996318817,1.88734996318817,74.8415374755859,17.5019340515137,17.3970832824707,3.05454540252686,6.04363632202148,5,10,0.869565188884735,0.876811623573303,1,1,28,1.04999995231628,0
05,2018-05-18,23080760,77,Definitivo,SAN ROQUE [23080760],Pluviométrica,Convencional,Activa,Antioquia,San Roque,6.4875,-75.017,820,5/15/1975,,Monchia,Magdalena Cauca,Medio Magdalena,Río Nare,2018,18,Andes,Definitivo,77,77,0,2.32834315299988,2.32834315299988,17.3811931610107,76.5588073730469,64.9609909057617,3.05454540252686,6.04363632202148,5,10,0.869565188884735,0.876811623573303,1,1,28,1.04999995231628,80.8499963283539
05,2015-05-20,23080760,29,Definitivo,SAN ROQUE [23080760],Pluviométrica,Convencional,Activa,Antioquia,San Roque,6.4875,-75.017,820,5/15/1975,,Monchia,Magdalena Cauca,Medio Magdalena,Río Nare,2015,20,Andes,Definitivo,29,29,0,6.17974424362183,6.17974424362183,0,5.8914384841919,0.0678260773420334,3.05454540252686,6.04363632202148,5,10,0.869565188884735,0.876811623573303,1,1,28,1.04999995231628,30.4499986171722
05,2015-05-12,23080760,30,Definitivo,SAN ROQUE [23080760],Pluviométrica,Convencional,Activa,Antioquia,San Roque,6.4875,-75.017,820,5/15/1975,,Monchia,Magdalena Cauca,Medio Magdalena,Río Nare,2015,12,Andes,Definitivo,30,30,0,0,0,0,0.0742957517504692,1.03149688243866,3.05454540252686,6.04363632202148,5,10,0.869565188884735,0.876811623573303,1,1,27,1.04999995231628,31.4999985694885
05,2014-05-15,23080760,1,Definitivo,SAN ROQUE [23080760],Pluviométrica,Convencional,Activa,Antioquia,San Roque,6.4875,-75.017,820,5/15/1975,,Monchia,Magdalena Cauca,Medio Magdalena,Río Nare,2014,15,Andes,Definitivo,1,1,0,13.0780963897705,13.0780963897705,32.1060256958008,13.629789352417,61.1994361877441,3.05454540252686,6.04363632202148,5,10,0.869565188884735,0.876811623573303,1,1,27,1.04999995231628,1.04999995231628
05,2013-05-19,23080760,3,Definitivo,SAN ROQUE [23080760],Pluviométrica,Convencional,Activa,Antioquia,San Roque,6.4875,-75.017,820,5/15/1975,,Monchia,Magdalena Cauca,Medio Magdalena,Río Nare,2013,19,Andes,Definitivo,3,3,0,5.65225696563721,5.65225696563721,10.3128719329834,6.98269271850586,0.735743641853333,3.05454540252686,6.04363632202148,5,10,0.869565188884735,0.876811623573303,1,1,28,1.04999995231628,3.14999985694885
05,2012-05-22,23080760,39,Definitivo,SAN ROQUE [23080760],Pluviométrica,Convencional,Activa,Antioquia,San Roque,6.4875,-75.017,820,5/15/1975,,Monchia,Magdalena Cauca,Medio Magdalena,Río Nare,2012,22,Andes,Definitivo,39,39,0,1.81742715835571,1.81742715835571,32.2051506042481,30.4866218566895,54.9334297180176,3.05454540252686,6.04363632202148,5,10,0.869565188884735,0.876811623573303,1,1,29,1.04999995231628,40.9499981403351
05,2020-05-02,23080760,4,Definitivo,SAN ROQUE [23080760],Pluviométrica,Convencional,Activa,Antioquia,San Roque,6.4875,-75.017,820,5/15/1975,,Monchia,Magdalena Cauca,Medio Magdalena,Río Nare,2020,02,Andes,Definitivo,4,4,0,2.60312366485596,2.60312366485596,0,4.81486225128174,0,3.05454540252686,6.04363632202148,5,10,0.869565188884735,0.876811623573303,1,1,25,1.04999995231628,4.19999980926514
05,2015-05-14,23080760,20,Definitivo,SAN ROQUE [23080760],Pluviométrica,Convencional,Activa,Antioquia,San Roque,6.4875,-75.017,820,5/15/1975,,Monchia,Magdalena Cauca,Medio Magdalena,Río Nare,2015,14,Andes,Definitivo,20,20,0,8.17355060577393,8.17355060577393,4.91982269287109,57.4081115722656,12.1617965698242,3.05454540252686,6.04363632202148,5,10,0.869565188884735,0.876811623573303,1,1,27,1.04999995231628,20.9999990463257
05,2017-05-21,23080760,25,Definitivo,SAN ROQUE [23080760],Pluviométrica,Convencional,Activa,Antioquia,San Roque,6.4875,-75.017,820,5/15/1975,,Monchia,Magdalena Cauca,Medio Magdalena,Río Nare,2017,21,Andes,Definitivo,25,25,0,2.73186492919922,2.73186492919922,5.40951776504517,16.947437286377,19.9861660003662,3.05454540252686,6.04363632202148,5,10,0.869565188884735,0.876811623573303,1,1,29,1.04999995231628,26.2499988079071
05,2017-05-22,23080760,46,Definitivo,SAN ROQUE [23080760],Pluviométrica,Convencional,Activa,Antioquia,San Roque,6.4875,-75.017,820,5/15/1975,,Monchia,Magdalena Cauca,Medio Magdalena,Río Nare,2017,22,Andes,Definitivo,46,46,0,23.122594833374,23.122594833374,16.2285537719727,24.021936416626,16.6235256195068,3.05454540252686,6.04363632202148,5,10,0.869565188884735,0.876811623573303,1,1,29,1.04999995231628,48.2999978065491
05,2007-05-01,23080760,29,Definitivo,SAN ROQUE [23080760],Pluviométrica,Convencional,Activa,Antioquia,San Roque,6.4875,-75.017,820,5/15/1975,,Monchia,Magdalena Cauca,Medio Magdalena,Río Nare,2007,01,Andes,Definitivo,29,29,0,11.2253274917603,11.2253274917603,28.0923938751221,16.9654121398926,48.0861434936524,3.05454540252686,6.04363632202148,5,10,0.869565188884735,0.876811623573303,1,1,25,1.04999995231628,30.4499986171722
05,2008-05-04,23080760,0,Definitivo,SAN ROQUE [23080760],Pluviométrica,Convencional,Activa,Antioquia,San Roque,6.4875,-75.017,820,5/15/1975,,Monchia,Magdalena Cauca,Medio Magdalena,Río Nare,2008,04,Andes,Definitivo,0,0,0,4.26649141311646,4.26649141311646,0,14.3212547302246,1.01416540145874,3.05454540252686,6.04363632202148,5,10,0.869565188884735,0.876811623573303,1,1,25,1.04999995231628,0
05,2008-05-05,23080760,0,Definitivo,SAN ROQUE [23080760],Pluviométrica,Convencional,Activa,Antioquia,San Roque,6.4875,-75.017,820,5/15/1975,,Monchia,Magdalena Cauca,Medio Magdalena,Río Nare,2008,05,Andes,Definitivo,0,0,0,0.419356018304825,0.419356018304825,9.47171688079834,5.63605403900147,14.6874732971191,3.05454540252686,6.04363632202148,5,10,0.869565188884735,0.876811623573303,1,1,25,1.04999995231628,0
05,2010-05-06,23080760,18,Definitivo,SAN ROQUE [23080760],Pluviométrica,Convencional,Activa,Antioquia,San Roque,6.4875,-75.017,820,5/15/1975,,Monchia,Magdalena Cauca,Medio Magdalena,Río Nare,2010,06,Andes,Definitivo,18,18,0,11.537353515625,11.537353515625,35.9700736999512,46.5203819274902,17.2688846588135,3.05454540252686,6.04363632202148,5,10,0.869565188884735,0.876811623573303,1,1,26,1.04999995231628,18.8999991416931
05,2014-05-07,23080760,4,Definitivo,SAN ROQUE [23080760],Pluviométrica,Convencional,Activa,Antioquia,San Roque,6.4875,-75.017,820,5/15/1975,,Monchia,Magdalena Cauca,Medio Magdalena,Río Nare,2014,07,Andes,Definitivo,4,4,0,2.67621994018555,2.67621994018555,15.9786911010742,8.43753242492676,16.5036125183105,3.05454540252686,6.04363632202148,5,10,0.869565188884735,0.876811623573303,1,1,26,1.04999995231628,4.19999980926514
05,2018-05-12,23080760,12,Definitivo,SAN ROQUE [23080760],Pluviométrica,Convencional,Activa,Antioquia,San Roque,6.4875,-75.017,820,5/15/1975,,Monchia,Magdalena Cauca,Medio Magdalena,Río Nare,2018,12,Andes,Definitivo,12,12,0,4.07021284103394,4.07021284103394,0,2.43297266960144,0,3.05454540252686,6.04363632202148,5,10,0.869565188884735,0.876811623573303,1,1,27,1.04999995231628,12.5999994277954
05,2019-05-10,23080760,17,Definitivo,SAN ROQUE [23080760],Pluviométrica,Convencional,Activa,Antioquia,San Roque,6.4875,-75.017,820,5/15/1975,,Monchia,Magdalena Cauca,Medio Magdalena,Río Nare,2019,10,Andes,Definitivo,17,17,0,28.0417728424072,28.0417728424072,45.0713500976563,85.9863891601563,30.7693061828613,3.05454540252686,6.04363632202148,5,10,0.869565188884735,0.876811623573303,1,1,26,1.04999995231628,17.8499991893768
05,2020-05-07,23080760,0,Definitivo,SAN ROQUE [23080760],Pluviométrica,Convencional,Activa,Antioquia,San Roque,6.4875,-75.017,820,5/15/1975,,Monchia,Magdalena Cauca,Medio Magdalena,Río Nare,2020,07,Andes,Definitivo,0,0,0,11.1344137191772,11.1344137191772,9.38046169281006,20.1112957000732,13.1504430770874,3.05454540252686,6.04363632202148,5,10,0.869565188884735,0.876811623573303,1,1,26,1.04999995231628,0
05,2022-05-02,23080760,8,Definitivo,SAN ROQUE [23080760],Pluviométrica,Convencional,Activa,Antioquia,San Roque,6.4875,-75.017,820,5/15/1975,,Monchia,Magdalena Cauca,Medio Magdalena,Río Nare,2022,02,Andes,Definitivo,8,8,0,33.8023109436035,33.8023109436035,13.3220767974854,10.6163549423218,9.85837650299072,3.05454540252686,6.04363632202148,5,10,0.869565188884735,0.876811623573303,1,1,25,1.04999995231628,8.39999961853027
05,2014-05-17,23080760,45,Definitivo,SAN ROQUE [23080760],Pluviométrica,Convencional,Activa,Antioquia,San Roque,6.4875,-75.017,820,5/15/1975,,Monchia,Magdalena Cauca,Medio Magdalena,Río Nare,2014,17,Andes,Definitivo,45,45,0,18.2163314819336,18.2163314819336,22.0712184906006,36.6285743713379,57.3037834167481,3.05454540252686,6.04363632202148,5,10,0.869565188884735,0.876811623573303,1,1,28,1.04999995231628,47.2499978542328
05,2017-05-07,23080760,85,Definitivo,SAN ROQUE [23080760],Pluviométrica,Convencional,Activa,Antioquia,San Roque,6.4875,-75.017,820,5/15/1975,,Monchia,Magdalena Cauca,Medio Magdalena,Río Nare,2017,07,Andes,Definitivo,85,85,0,8.27520275115967,8.27520275115967,0,11.3979749679565,12.4495267868042,3.05454540252686,6.04363632202148,5,10,0.869565188884735,0.876811623573303,1,1,26,1.04999995231628,89.2499959468842
05,2015-05-15,23080760,25,Definitivo,SAN ROQUE [23080760],Pluviométrica,Convencional,Activa,Antioquia,San Roque,6.4875,-75.017,820,5/15/1975,,Monchia,Magdalena Cauca,Medio Magdalena,Río Nare,2015,15,Andes,Definitivo,25,25,0,34.5300178527832,34.5300178527832,14.7594680786133,6.34745264053345,48.443115234375,3.05454540252686,6.04363632202148,5,10,0.869565188884735,0.876811623573303,1,1,27,1.04999995231628,26.2499988079071
05,2016-05-18,23080760,19,Definitivo,SAN ROQUE [23080760],Pluviométrica,Convencional,Activa,Antioquia,San Roque,6.4875,-75.017,820,5/15/1975,,Monchia,Magdalena Cauca,Medio Magdalena,Río Nare,2016,18,Andes,Definitivo,19,19,0,8.92749881744385,8.92749881744385,15.2200508117676,5.19905614852905,2.08722376823425,3.05454540252686,6.04363632202148,5,10,0.869565188884735,0.876811623573303,1,1,28,1.04999995231628,19.9499990940094
05,2019-05-23,23080760,19,Definitivo,SAN ROQUE [23080760],Pluviométrica,Convencional,Activa,Antioquia,San Roque,6.4875,-75.017,820,5/15/1975,,Monchia,Magdalena Cauca,Medio Magdalena,Río Nare,2019,23,Andes,Definitivo,19,19,0,26.368558883667,26.368558883667,39.9893379211426,52.5951728820801,45.3813705444336,3.05454540252686,6.04363632202148,5,10,0.869565188884735,0.876811623573303,1,1,29,1.04999995231628,19.9499990940094
05,2018-05-22,23080760,0,Definitivo,SAN ROQUE [23080760],Pluviométrica,Convencional,Activa,Antioquia,San Roque,6.4875,-75.017,820,5/15/1975,,Monchia,Magdalena Cauca,Medio Magdalena,Río Nare,2018,22,Andes,Definitivo,0,0,0,8.99692535400391,8.99692535400391,29.2574329376221,5.6727180480957,6.58663940429688,3.05454540252686,6.04363632202148,5,10,0.869565188884735,0.876811623573303,1,1,29,1.04999995231628,0
05,2018-05-21,23080760,2,Definitivo,SAN ROQUE [23080760],Pluviométrica,Convencional,Activa,Antioquia,San Roque,6.4875,-75.017,820,5/15/1975,,Monchia,Magdalena Cauca,Medio Magdalena,Río Nare,2018,21,Andes,Definitivo,2,2,0,0,0,14.628716468811,33.4768257141113,16.3375110626221,3.05454540252686,6.04363632202148,5,10,0.869565188884735,0.876811623573303,1,1,29,1.04999995231628,2.09999990463257
05,2019-05-19,23080760,17,Definitivo,SAN ROQUE [23080760],Pluviométrica,Convencional,Activa,Antioquia,San Roque,6.4875,-75.017,820,5/15/1975,,Monchia,Magdalena Cauca,Medio Magdalena,Río Nare,2019,19,Andes,Definitivo,17,17,0,25.2907600402832,25.2907600402832,28.2745494842529,62.3020477294922,40.9836959838867,3.05454540252686,6.04363632202148,5,10,0.869565188884735,0.876811623573303,1,1,28,1.04999995231628,17.8499991893768
05,2017-05-19,23080760,0,Definitivo,SAN ROQUE [23080760],Pluviométrica,Convencional,Activa,Antioquia,San Roque,6.4875,-75.017,820,5/15/1975,,Monchia,Magdalena Cauca,Medio Magdalena,Río Nare,2017,19,Andes,Definitivo,0,0,0,5.88632392883301,5.88632392883301,0,2.63326120376587,11.2105264663696,3.05454540252686,6.04363632202148,5,10,0.869565188884735,0.876811623573303,1,1,28,1.04999995231628,0
05,2014-05-08,23080760,2,Definitivo,SAN ROQUE [23080760],Pluviométrica,Convencional,Activa,Antioquia,San Roque,6.4875,-75.017,820,5/15/1975,,Monchia,Magdalena Cauca,Medio Magdalena,Río Nare,2014,08,Andes,Definitivo,2,2,0,12.6375856399536,12.6375856399536,15.9786911010742,14.8556575775147,34.3973159790039,3.05454540252686,6.04363632202148,5,10,0.869565188884735,0.876811623573303,1,1,26,1.04999995231628,2.09999990463257
05,2016-05-08,23080760,5,Definitivo,SAN ROQUE [23080760],Pluviométrica,Convencional,Activa,Antioquia,San Roque,6.4875,-75.017,820,5/15/1975,,Monchia,Magdalena Cauca,Medio Magdalena,Río Nare,2016,08,Andes,Definitivo,5,5,0,6.08143043518066,6.08143043518066,11.3472242355347,15.61301612854,8.17959976196289,3.05454540252686,6.04363632202148,5,10,0.869565188884735,0.876811623573303,1,1,26,1.04999995231628,5.24999976158142
05,2016-05-09,23080760,4,Definitivo,SAN ROQUE [23080760],Pluviométrica,Convencional,Activa,Antioquia,San Roque,6.4875,-75.017,820,5/15/1975,,Monchia,Magdalena Cauca,Medio Magdalena,Río Nare,2016,09,Andes,Definitivo,4,4,0,29.7980785369873,29.7980785369873,11.3472242355347,9.97150611877441,6.10780429840088,3.05454540252686,6.04363632202148,5,10,0.869565188884735,0.876811623573303,1,1,26,1.04999995231628,4.19999980926514
05,2014-05-16,23080760,52,Definitivo,SAN ROQUE [23080760],Pluviométrica,Convencional,Activa,Antioquia,San Roque,6.4875,-75.017,820,5/15/1975,,Monchia,Magdalena Cauca,Medio Magdalena,Río Nare,2014,16,Andes,Definitivo,52,52,0,3.08982133865356,3.08982133865356,0,8.27180480957031,0.433300673961639,3.05454540252686,6.04363632202148,5,10,0.869565188884735,0.876811623573303,1,1,28,1.04999995231628,54.5999975204468
05,2015-05-13,23080760,2,Definitivo,SAN ROQUE [23080760],Pluviométrica,Convencional,Activa,Antioquia,San Roque,6.4875,-75.017,820,5/15/1975,,Monchia,Magdalena Cauca,Medio Magdalena,Río Nare,2015,13,Andes,Definitivo,2,2,0,0,0,4.91982269287109,2.3234555721283,4.53858852386475,3.05454540252686,6.04363632202148,5,10,0.869565188884735,0.876811623573303,1,1,27,1.04999995231628,2.09999990463257
05,2011-05-06,23080760,2,Definitivo,SAN ROQUE [23080760],Pluviométrica,Convencional,Activa,Antioquia,San Roque,6.4875,-75.017,820,5/15/1975,,Monchia,Magdalena Cauca,Medio Magdalena,Río Nare,2011,06,Andes,Definitivo,2,2,0,2.33649063110352,2.33649063110352,5.6594409942627,9.52780914306641,7.6973443031311,3.05454540252686,6.04363632202148,5,10,0.869565188884735,0.876811623573303,1,1,26,1.04999995231628,2.09999990463257
05,2016-05-10,23080760,7,Definitivo,SAN ROQUE [23080760],Pluviométrica,Convencional,Activa,Antioquia,San Roque,6.4875,-75.017,820,5/15/1975,,Monchia,Magdalena Cauca,Medio Magdalena,Río Nare,2016,10,Andes,Definitivo,7,7,0,24.8404140472412,24.8404140472412,17.0208358764648,34.8629188537598,37.995964050293,3.05454540252686,6.04363632202148,5,10,0.869565188884735,0.876811623573303,1,1,26,1.04999995231628,7.34999966621399
05,2016-05-11,23080760,4,Definitivo,SAN ROQUE [23080760],Pluviométrica,Convencional,Activa,Antioquia,San Roque,6.4875,-75.017,820,5/15/1975,,Monchia,Magdalena Cauca,Medio Magdalena,Río Nare,2016,11,Andes,Definitivo,4,4,0,5.16305303573608,5.16305303573608,0,4.97580432891846,2.09345722198486,3.05454540252686,6.04363632202148,5,10,0.869565188884735,0.876811623573303,1,1,27,1.04999995231628,4.19999980926514
05,2015-05-22,23080760,2,Definitivo,SAN ROQUE [23080760],Pluviométrica,Convencional,Activa,Antioquia,San Roque,6.4875,-75.017,820,5/15/1975,,Monchia,Magdalena Cauca,Medio Magdalena,Río Nare,2015,22,Andes,Definitivo,2,2,0,9.05280303955078,9.05280303955078,18.1527233123779,21.0162143707275,16.2832984924316,3.05454540252686,6.04363632202148,5,10,0.869565188884735,0.876811623573303,1,1,29,1.04999995231628,2.09999990463257
05,2002-05-03,23080760,12,Definitivo,SAN ROQUE [23080760],Pluviométrica,Convencional,Activa,Antioquia,San Roque,6.4875,-75.017,820,5/15/1975,,Monchia,Magdalena Cauca,Medio Magdalena,Río Nare,2002,03,Andes,Definitivo,12,12,0,0,0,5.37381410598755,4.19195032119751,0.489778429269791,3.05454540252686,6.04363632202148,5,10,0.869565188884735,0.876811623573303,1,1,25,1.04999995231628,12.5999994277954
05,2009-05-01,23080760,4,Definitivo,SAN ROQUE [23080760],Pluviométrica,Convencional,Activa,Antioquia,San Roque,6.4875,-75.017,820,5/15/1975,,Monchia,Magdalena Cauca,Medio Magdalena,Río Nare,2009,01,Andes,Definitivo,4,4,0,0.195706591010094,0.195706591010094,0,13.9666004180908,3.2193443775177,3.05454540252686,6.04363632202148,5,10,0.869565188884735,0.876811623573303,1,1,25,1.04999995231628,4.19999980926514
05,2009-05-02,23080760,15,Definitivo,SAN ROQUE [23080760],Pluviométrica,Convencional,Activa,Antioquia,San Roque,6.4875,-75.017,820,5/15/1975,,Monchia,Magdalena Cauca,Medio Magdalena,Río Nare,2009,02,Andes,Definitivo,15,15,0,11.5391616821289,11.5391616821289,26.4356555938721,9.10977268218994,6.41995096206665,3.05454540252686,6.04363632202148,5,10,0.869565188884735,0.876811623573303,1,1,25,1.04999995231628,15.7499992847443
05,2009-05-03,23080760,46,Definitivo,SAN ROQUE [23080760],Pluviométrica,Convencional,Activa,Antioquia,San Roque,6.4875,-75.017,820,5/15/1975,,Monchia,Magdalena Cauca,Medio Magdalena,Río Nare,2009,03,Andes,Definitivo,46,46,0,16.6802234649658,16.6802234649658,26.4356555938721,21.5684375762939,46.2126770019531,3.05454540252686,6.04363632202148,5,10,0.869565188884735,0.876811623573303,1,1,25,1.04999995231628,48.2999978065491
05,2017-05-14,23080760,15,Definitivo,SAN ROQUE [23080760],Pluviométrica,Convencional,Activa,Antioquia,San Roque,6.4875,-75.017,820,5/15/1975,,Monchia,Magdalena Cauca,Medio Magdalena,Río Nare,2017,14,Andes,Definitivo,15,15,0,11.254620552063,11.254620552063,14.2569036483765,4.52621650695801,2.52397775650024,3.05454540252686,6.04363632202148,5,10,0.869565188884735,0.876811623573303,1,1,27,1.04999995231628,15.7499992847443
05,2019-05-09,23080760,75,Definitivo,SAN ROQUE [23080760],Pluviométrica,Convencional,Activa,Antioquia,San Roque,6.4875,-75.017,820,5/15/1975,,Monchia,Magdalena Cauca,Medio Magdalena,Río Nare,2019,09,Andes,Definitivo,75,75,0,27.0990238189697,27.0990238189697,0,13.7605028152466,52.4705810546875,3.05454540252686,6.04363632202148,5,10,0.869565188884735,0.876811623573303,1,1,26,1.04999995231628,78.7499964237213
05,2020-05-06,23080760,17,Definitivo,SAN ROQUE [23080760],Pluviométrica,Convencional,Activa,Antioquia,San Roque,6.4875,-75.017,820,5/15/1975,,Monchia,Magdalena Cauca,Medio Magdalena,Río Nare,2020,06,Andes,Definitivo,17,17,0,18.7200450897217,18.7200450897217,12.5072822570801,9.32052040100098,16.870433807373,3.05454540252686,6.04363632202148,5,10,0.869565188884735,0.876811623573303,1,1,26,1.04999995231628,17.8499991893768
05,2021-05-04,23080760,24,Definitivo,SAN ROQUE [23080760],Pluviométrica,Convencional,Activa,Antioquia,San Roque,6.4875,-75.017,820,5/15/1975,,Monchia,Magdalena Cauca,Medio Magdalena,Río Nare,2021,04,Andes,Definitivo,24,24,0,3.92681312561035,3.92681312561035,0,8.60141658782959,5.68054866790772,3.05454540252686,6.04363632202148,5,10,0.869565188884735,0.876811623573303,1,1,25,1.04999995231628,25.1999988555908
05,2020-05-01,23080760,3,Definitivo,SAN ROQUE [23080760],Pluviométrica,Convencional,Activa,Antioquia,San Roque,6.4875,-75.017,820,5/15/1975,,Monchia,Magdalena Cauca,Medio Magdalena,Río Nare,2020,01,Andes,Definitivo,3,3,0,6.25831174850464,6.25831174850464,11.4419593811035,26.4386367797852,4.02830076217651,3.05454540252686,6.04363632202148,5,10,0.869565188884735,0.876811623573303,1,1,25,1.04999995231628,3.14999985694885
05,2010-05-02,23080760,6,Definitivo,SAN ROQUE [23080760],Pluviométrica,Convencional,Activa,Antioquia,San Roque,6.4875,-75.017,820,5/15/1975,,Monchia,Magdalena Cauca,Medio Magdalena,Río Nare,2010,02,Andes,Definitivo,6,6,0,8.42497062683106,8.42497062683106,34.8309059143066,12.7718601226807,36.8688354492188,3.05454540252686,6.04363632202148,5,10,0.869565188884735,0.876811623573303,1,1,25,1.04999995231628,6.29999971389771
05,2018-05-04,23080760,0,Definitivo,SAN ROQUE [23080760],Pluviométrica,Convencional,Activa,Antioquia,San Roque,6.4875,-75.017,820,5/15/1975,,Monchia,Magdalena Cauca,Medio Magdalena,Río Nare,2018,04,Andes,Definitivo,0,0,0,10.5909023284912,10.5909023284912,24.2326698303223,44.0802803039551,31.012487411499,3.05454540252686,6.04363632202148,5,10,0.869565188884735,0.876811623573303,1,1,25,1.04999995231628,0
05,2018-05-05,23080760,0,Definitivo,SAN ROQUE [23080760],Pluviométrica,Convencional,Activa,Antioquia,San Roque,6.4875,-75.017,820,5/15/1975,,Monchia,Magdalena Cauca,Medio Magdalena,Río Nare,2018,05,Andes,Definitivo,0,0,0,15.294059753418,15.294059753418,18.174503326416,17.6319923400879,11.9098072052002,3.05454540252686,6.04363632202148,5,10,0.869565188884735,0.876811623573303,1,1,25,1.04999995231628,0
05,2014-05-18,23080760,2,Definitivo,SAN ROQUE [23080760],Pluviométrica,Convencional,Activa,Antioquia,San Roque,6.4875,-75.017,820,5/15/1975,,Monchia,Magdalena Cauca,Medio Magdalena,Río Nare,2014,18,Andes,Definitivo,2,2,0,1.52097129821777,1.52097129821777,11.0356092453003,13.6609182357788,2.31752014160156,3.05454540252686,6.04363632202148,5,10,0.869565188884735,0.876811623573303,1,1,28,1.04999995231628,2.09999990463257
05,2015-05-23,23080760,23,Definitivo,SAN ROQUE [23080760],Pluviométrica,Convencional,Activa,Antioquia,San Roque,6.4875,-75.017,820,5/15/1975,,Monchia,Magdalena Cauca,Medio Magdalena,Río Nare,2015,23,Andes,Definitivo,23,23,0,5.85423135757446,5.85423135757446,0,3.9190845489502,0.64132696390152,3.05454540252686,6.04363632202148,5,10,0.869565188884735,0.876811623573303,1,1,29,1.04999995231628,24.1499989032745
05,2017-05-23,23080760,0,Definitivo,SAN ROQUE [23080760],Pluviométrica,Convencional,Activa,Antioquia,San Roque,6.4875,-75.017,820,5/15/1975,,Monchia,Magdalena Cauca,Medio Magdalena,Río Nare,2017,23,Andes,Definitivo,0,0,0,6.49225902557373,6.49225902557373,5.40951776504517,4.83892583847046,1.33308494091034,3.05454540252686,6.04363632202148,5,10,0.869565188884735,0.876811623573303,1,1,29,1.04999995231628,0
05,2017-05-18,23080760,4,Definitivo,SAN ROQUE [23080760],Pluviométrica,Convencional,Activa,Antioquia,San Roque,6.4875,-75.017,820,5/15/1975,,Monchia,Magdalena Cauca,Medio Magdalena,Río Nare,2017,18,Andes,Definitivo,4,4,0,21.2078762054443,21.2078762054443,0,37.117244720459,35.897834777832,3.05454540252686,6.04363632202148,5,10,0.869565188884735,0.876811623573303,1,1,28,1.04999995231628,4.19999980926514
05,2015-05-19,23080760,,"",SAN ROQUE [23080760],Pluviométrica,Convencional,Activa,Antioquia,San Roque,6.4875,-75.017,820,5/15/1975,,Monchia,Magdalena Cauca,Medio Magdalena,Río Nare,2015,19,Andes,Preliminar,0,0,0,1.52901589870453,1.52901589870453,9.18354797363281,41.1389961242676,24.7279109954834,3.05454540252686,6.04363632202148,5,10,0.869565188884735,0.876811623573303,1,1,28,1.04999995231628,0
05,2013-05-04,23080760,112,Definitivo,SAN ROQUE [23080760],Pluviométrica,Convencional,Activa,Antioquia,San Roque,6.4875,-75.017,820,5/15/1975,,Monchia,Magdalena Cauca,Medio Magdalena,Río Nare,2013,04,Andes,Definitivo,112,112,0,2.78972101211548,2.78972101211548,10.378360748291,10.7803544998169,69.6926498413086,3.05454540252686,6.04363632202148,5,10,0.869565188884735,0.876811623573303,1,1,25,1.04999995231628,117.599994659424
05,2015-05-05,23080760,2,Definitivo,SAN ROQUE [23080760],Pluviométrica,Convencional,Activa,Antioquia,San Roque,6.4875,-75.017,820,5/15/1975,,Monchia,Magdalena Cauca,Medio Magdalena,Río Nare,2015,05,Andes,Definitivo,2,2,0,9.87024593353271,9.87024593353271,0,2.38414025306702,0,3.05454540252686,6.04363632202148,5,10,0.869565188884735,0.876811623573303,1,1,25,1.04999995231628,2.09999990463257
05,2015-05-06,23080760,11,Definitivo,SAN ROQUE [23080760],Pluviométrica,Convencional,Activa,Antioquia,San Roque,6.4875,-75.017,820,5/15/1975,,Monchia,Magdalena Cauca,Medio Magdalena,Río Nare,2015,06,Andes,Definitivo,11,11,0,21.6758136749268,21.6758136749268,5.92227458953857,5.03166007995606,4.89406156539917,3.05454540252686,6.04363632202148,5,10,0.869565188884735,0.876811623573303,1,1,26,1.04999995231628,11.5499994754791
05,2017-05-06,23080760,24,Definitivo,SAN ROQUE [23080760],Pluviométrica,Convencional,Activa,Antioquia,San Roque,6.4875,-75.017,820,5/15/1975,,Monchia,Magdalena Cauca,Medio Magdalena,Río Nare,2017,06,Andes,Definitivo,24,24,0,6.05936670303345,6.05936670303345,37.0108489990234,43.550968170166,68.9046325683594,3.05454540252686,6.04363632202148,5,10,0.869565188884735,0.876811623573303,1,1,26,1.04999995231628,25.1999988555908
05,2016-05-03,23080760,35,Definitivo,SAN ROQUE [23080760],Pluviométrica,Convencional,Activa,Antioquia,San Roque,6.4875,-75.017,820,5/15/1975,,Monchia,Magdalena Cauca,Medio Magdalena,Río Nare,2016,03,Andes,Definitivo,35,35,0,10.2715015411377,10.2715015411377,4.96352338790894,13.7931995391846,5.88374757766724,3.05454540252686,6.04363632202148,5,10,0.869565188884735,0.876811623573303,1,1,25,1.04999995231628,36.7499983310699
05,2017-05-01,23080760,27,Definitivo,SAN ROQUE [23080760],Pluviométrica,Convencional,Activa,Antioquia,San Roque,6.4875,-75.017,820,5/15/1975,,Monchia,Magdalena Cauca,Medio Magdalena,Río Nare,2017,01,Andes,Definitivo,27,27,0,4.8127613067627,4.8127613067627,0,13.10133934021,1.87968146800995,3.05454540252686,6.04363632202148,5,10,0.869565188884735,0.876811623573303,1,1,25,1.04999995231628,28.3499987125397
05,2010-05-03,23080760,36,Definitivo,SAN ROQUE [23080760],Pluviométrica,Convencional,Activa,Antioquia,San Roque,6.4875,-75.017,820,5/15/1975,,Monchia,Magdalena Cauca,Medio Magdalena,Río Nare,2010,03,Andes,Definitivo,36,36,0,21.2953109741211,21.2953109741211,11.6103010177612,30.9028606414795,29.4259548187256,3.05454540252686,6.04363632202148,5,10,0.869565188884735,0.876811623573303,1,1,25,1.04999995231628,37.7999982833862
05,2014-05-04,23080760,3,Definitivo,SAN ROQUE [23080760],Pluviométrica,Convencional,Activa,Antioquia,San Roque,6.4875,-75.017,820,5/15/1975,,Monchia,Magdalena Cauca,Medio Magdalena,Río Nare,2014,04,Andes,Definitivo,3,3,0,6.26004981994629,6.26004981994629,4.51587104797363,10.8965339660645,23.2792072296143,3.05454540252686,6.04363632202148,5,10,0.869565188884735,0.876811623573303,1,1,25,1.04999995231628,3.14999985694885
05,2017-05-08,23080760,72,Definitivo,SAN ROQUE [23080760],Pluviométrica,Convencional,Activa,Antioquia,San Roque,6.4875,-75.017,820,5/15/1975,,Monchia,Magdalena Cauca,Medio Magdalena,Río Nare,2017,08,Andes,Definitivo,72,72,0,9.05664348602295,9.05664348602295,12.3369493484497,13.241156578064,24.6985549926758,3.05454540252686,6.04363632202148,5,10,0.869565188884735,0.876811623573303,1,1,26,1.04999995231628,75.5999965667725
05,2014-05-19,23080760,0,Definitivo,SAN ROQUE [23080760],Pluviométrica,Convencional,Activa,Antioquia,San Roque,6.4875,-75.017,820,5/15/1975,,Monchia,Magdalena Cauca,Medio Magdalena,Río Nare,2014,19,Andes,Definitivo,0,0,0,1.80265390872955,1.80265390872955,22.0712184906006,10.6751489639282,20.0533561706543,3.05454540252686,6.04363632202148,5,10,0.869565188884735,0.876811623573303,1,1,28,1.04999995231628,0
05,2016-05-19,23080760,,"",SAN ROQUE [23080760],Pluviométrica,Convencional,Activa,Antioquia,San Roque,6.4875,-75.017,820,5/15/1975,,Monchia,Magdalena Cauca,Medio Magdalena,Río Nare,2016,19,Andes,Preliminar,0,0,0,1.72822976112366,1.72822976112366,0,31.1490058898926,1.34040021896362,3.05454540252686,6.04363632202148,5,10,0.869565188884735,0.876811623573303,1,1,28,1.04999995231628,0
05,2005-05-01,23080760,,"",SAN ROQUE [23080760],Pluviométrica,Convencional,Activa,Antioquia,San Roque,6.4875,-75.017,820,5/15/1975,,Monchia,Magdalena Cauca,Medio Magdalena,Río Nare,2005,01,Andes,Preliminar,0,0,0,9.87643909454346,9.87643909454346,11.7024097442627,6.13594675064087,8.34473323822022,3.05454540252686,6.04363632202148,5,10,0.869565188884735,0.876811623573303,1,1,25,1.04999995231628,0
05,2007-05-02,23080760,25,Definitivo,SAN ROQUE [23080760],Pluviométrica,Convencional,Activa,Antioquia,San Roque,6.4875,-75.017,820,5/15/1975,,Monchia,Magdalena Cauca,Medio Magdalena,Río Nare,2007,02,Andes,Definitivo,25,25,0,15.6345148086548,15.6345148086548,14.046196937561,23.0701904296875,11.1656036376953,3.05454540252686,6.04363632202148,5,10,0.869565188884735,0.876811623573303,1,1,25,1.04999995231628,26.2499988079071
05,2016-05-16,23080760,4,Definitivo,SAN ROQUE [23080760],Pluviométrica,Convencional,Activa,Antioquia,San Roque,6.4875,-75.017,820,5/15/1975,,Monchia,Magdalena Cauca,Medio Magdalena,Río Nare,2016,16,Andes,Definitivo,4,4,0,0,0,0,0.718786239624023,0.19034481048584,3.05454540252686,6.04363632202148,5,10,0.869565188884735,0.876811623573303,1,1,28,1.04999995231628,4.19999980926514
05,2018-05-11,23080760,0,Definitivo,SAN ROQUE [23080760],Pluviométrica,Convencional,Activa,Antioquia,San Roque,6.4875,-75.017,820,5/15/1975,,Monchia,Magdalena Cauca,Medio Magdalena,Río Nare,2018,11,Andes,Definitivo,0,0,0,11.400089263916,11.400089263916,31.9178161621094,5.27125835418701,6.04324913024902,3.05454540252686,6.04363632202148,5,10,0.869565188884735,0.876811623573303,1,1,27,1.04999995231628,0
05,2021-05-03,23080760,9,Definitivo,SAN ROQUE [23080760],Pluviométrica,Convencional,Activa,Antioquia,San Roque,6.4875,-75.017,820,5/15/1975,,Monchia,Magdalena Cauca,Medio Magdalena,Río Nare,2021,03,Andes,Definitivo,9,9,0,19.1395149230957,19.1395149230957,20.8415069580078,35.2885589599609,24.855167388916,3.05454540252686,6.04363632202148,5,10,0.869565188884735,0.876811623573303,1,1,25,1.04999995231628,9.44999957084656
05,2022-05-01,23080760,2,Definitivo,SAN ROQUE [23080760],Pluviométrica,Convencional,Activa,Antioquia,San Roque,6.4875,-75.017,820,5/15/1975,,Monchia,Magdalena Cauca,Medio Magdalena,Río Nare,2022,01,Andes,Definitivo,2,2,0,31.4177360534668,31.4177360534668,6.66103839874268,9.70923328399658,8.89741706848145,3.05454540252686,6.04363632202148,5,10,0.869565188884735,0.876811623573303,1,1,25,1.04999995231628,2.09999990463257
05,2017-05-03,23080760,0,Definitivo,SAN ROQUE [23080760],Pluviométrica,Convencional,Activa,Antioquia,San Roque,6.4875,-75.017,820,5/15/1975,,Monchia,Magdalena Cauca,Medio Magdalena,Río Nare,2017,03,Andes,Definitivo,0,0,0,12.2631683349609,12.2631683349609,28.2135963439941,40.486515045166,58.7639007568359,3.05454540252686,6.04363632202148,5,10,0.869565188884735,0.876811623573303,1,1,25,1.04999995231628,0
05,2014-05-03,23080760,2,Definitivo,SAN ROQUE [23080760],Pluviométrica,Convencional,Activa,Antioquia,San Roque,6.4875,-75.017,820,5/15/1975,,Monchia,Magdalena Cauca,Medio Magdalena,Río Nare,2014,03,Andes,Definitivo,2,2,0,8.30789470672607,8.30789470672607,9.03174209594727,21.2215728759766,21.1803665161133,3.05454540252686,6.04363632202148,5,10,0.869565188884735,0.876811623573303,1,1,25,1.04999995231628,2.09999990463257
05,2015-05-16,23080760,28,Definitivo,SAN ROQUE [23080760],Pluviométrica,Convencional,Activa,Antioquia,San Roque,6.4875,-75.017,820,5/15/1975,,Monchia,Magdalena Cauca,Medio Magdalena,Río Nare,2015,16,Andes,Definitivo,28,28,0,9.02713108062744,9.02713108062744,3.06118273735046,13.1483993530273,71.0041198730469,3.05454540252686,6.04363632202148,5,10,0.869565188884735,0.876811623573303,1,1,28,1.04999995231628,29.399998664856
05,2008-05-02,23080760,12,Definitivo,SAN ROQUE [23080760],Pluviométrica,Convencional,Activa,Antioquia,San Roque,6.4875,-75.017,820,5/15/1975,,Monchia,Magdalena Cauca,Medio Magdalena,Río Nare,2008,02,Andes,Definitivo,12,12,0,6.95583915710449,6.95583915710449,28.415153503418,38.2233123779297,31.3241100311279,3.05454540252686,6.04363632202148,5,10,0.869565188884735,0.876811623573303,1,1,25,1.04999995231628,12.5999994277954
05,2016-05-04,23080760,3,Definitivo,SAN ROQUE [23080760],Pluviométrica,Convencional,Activa,Antioquia,San Roque,6.4875,-75.017,820,5/15/1975,,Monchia,Magdalena Cauca,Medio Magdalena,Río Nare,2016,04,Andes,Definitivo,3,3,0,11.9069547653198,11.9069547653198,24.8176155090332,28.8978118896484,55.6810340881348,3.05454540252686,6.04363632202148,5,10,0.869565188884735,0.876811623573303,1,1,25,1.04999995231628,3.14999985694885
05,2016-05-12,23080760,,"",SAN ROQUE [23080760],Pluviométrica,Convencional,Activa,Antioquia,San Roque,6.4875,-75.017,820,5/15/1975,,Monchia,Magdalena Cauca,Medio Magdalena,Río Nare,2016,12,Andes,Preliminar,0,0,0,2.70743346214294,2.70743346214294,0,1.6618070602417,0,3.05454540252686,6.04363632202148,5,10,0.869565188884735,0.876811623573303,1,1,27,1.04999995231628,0
05,2011-05-04,23080760,26,Definitivo,SAN ROQUE [23080760],Pluviométrica,Convencional,Activa,Antioquia,San Roque,6.4875,-75.017,820,5/15/1975,,Monchia,Magdalena Cauca,Medio Magdalena,Río Nare,2011,04,Andes,Definitivo,26,26,0,4.29194259643555,4.29194259643555,14.4408073425293,14.8181848526001,15.3308343887329,3.05454540252686,6.04363632202148,5,10,0.869565188884735,0.876811623573303,1,1,25,1.04999995231628,27.2999987602234
05,2016-05-20,23080760,24,Definitivo,SAN ROQUE [23080760],Pluviométrica,Convencional,Activa,Antioquia,San Roque,6.4875,-75.017,820,5/15/1975,,Monchia,Magdalena Cauca,Medio Magdalena,Río Nare,2016,20,Andes,Definitivo,24,24,0,22.0260105133057,22.0260105133057,0,3.94438576698303,3.07127690315247,3.05454540252686,6.04363632202148,5,10,0.869565188884735,0.876811623573303,1,1,28,1.04999995231628,25.1999988555908
05,2015-05-18,23080760,27,Definitivo,SAN ROQUE [23080760],Pluviométrica,Convencional,Activa,Antioquia,San Roque,6.4875,-75.017,820,5/15/1975,,Monchia,Magdalena Cauca,Medio Magdalena,Río Nare,2015,18,Andes,Definitivo,27,27,0,0,0,9.18354797363281,25.9922924041748,38.1282501220703,3.05454540252686,6.04363632202148,5,10,0.869565188884735,0.876811623573303,1,1,28,1.04999995231628,28.3499987125397
05,2007-05-03,23080760,38,Definitivo,SAN ROQUE [23080760],Pluviométrica,Convencional,Activa,Antioquia,San Roque,6.4875,-75.017,820,5/15/1975,,Monchia,Magdalena Cauca,Medio Magdalena,Río Nare,2007,03,Andes,Definitivo,38,38,0,6.70963621139526,6.70963621139526,14.046196937561,29.2394733428955,30.9871482849121,3.05454540252686,6.04363632202148,5,10,0.869565188884735,0.876811623573303,1,1,25,1.04999995231628,39.8999981880188
05,2014-05-02,23080760,15,Definitivo,SAN ROQUE [23080760],Pluviométrica,Convencional,Activa,Antioquia,San Roque,6.4875,-75.017,820,5/15/1975,,Monchia,Magdalena Cauca,Medio Magdalena,Río Nare,2014,02,Andes,Definitivo,15,15,0,20.6983852386475,20.6983852386475,9.03174209594727,17.7590713500977,8.20638084411621,3.05454540252686,6.04363632202148,5,10,0.869565188884735,0.876811623573303,1,1,25,1.04999995231628,15.7499992847443
05,2011-05-05,23080760,18,Definitivo,SAN ROQUE [23080760],Pluviométrica,Convencional,Activa,Antioquia,San Roque,6.4875,-75.017,820,5/15/1975,,Monchia,Magdalena Cauca,Medio Magdalena,Río Nare,2011,05,Andes,Definitivo,18,18,0,21.7978458404541,21.7978458404541,3.61020183563232,7.48334121704102,7.79969787597656,3.05454540252686,6.04363632202148,5,10,0.869565188884735,0.876811623573303,1,1,25,1.04999995231628,18.8999991416931
05,2013-05-05,23080760,14,Definitivo,SAN ROQUE [23080760],Pluviométrica,Convencional,Activa,Antioquia,San Roque,6.4875,-75.017,820,5/15/1975,,Monchia,Magdalena Cauca,Medio Magdalena,Río Nare,2013,05,Andes,Definitivo,14,14,0,17.6611461639404,17.6611461639404,31.135082244873,42.3002777099609,42.6171073913574,3.05454540252686,6.04363632202148,5,10,0.869565188884735,0.876811623573303,1,1,25,1.04999995231628,14.699999332428
05,2012-05-02,23080760,15,Definitivo,SAN ROQUE [23080760],Pluviométrica,Convencional,Activa,Antioquia,San Roque,6.4875,-75.017,820,5/15/1975,,Monchia,Magdalena Cauca,Medio Magdalena,Río Nare,2012,02,Andes,Definitivo,15,15,0,11.5186471939087,11.5186471939087,16.2283020019531,28.9146900177002,28.4917221069336,3.05454540252686,6.04363632202148,5,10,0.869565188884735,0.876811623573303,1,1,25,1.04999995231628,15.7499992847443
05,2016-05-05,23080760,0,Definitivo,SAN ROQUE [23080760],Pluviométrica,Convencional,Activa,Antioquia,San Roque,6.4875,-75.017,820,5/15/1975,,Monchia,Magdalena Cauca,Medio Magdalena,Río Nare,2016,05,Andes,Definitivo,0,0,0,1.67443382740021,1.67443382740021,0,2.27881240844727,0,3.05454540252686,6.04363632202148,5,10,0.869565188884735,0.876811623573303,1,1,25,1.04999995231628,0
05,2017-05-09,23080760,10,Definitivo,SAN ROQUE [23080760],Pluviométrica,Convencional,Activa,Antioquia,San Roque,6.4875,-75.017,820,5/15/1975,,Monchia,Magdalena Cauca,Medio Magdalena,Río Nare,2017,09,Andes,Definitivo,10,10,0,11.7835674285889,11.7835674285889,24.6738986968994,24.8859024047852,8.74817752838135,3.05454540252686,6.04363632202148,5,10,0.869565188884735,0.876811623573303,1,1,26,1.04999995231628,10.4999995231628
05,2015-05-17,23080760,29,Definitivo,SAN ROQUE [23080760],Pluviométrica,Convencional,Activa,Antioquia,San Roque,6.4875,-75.017,820,5/15/1975,,Monchia,Magdalena Cauca,Medio Magdalena,Río Nare,2015,17,Andes,Definitivo,29,29,0,31.1822414398193,31.1822414398193,15.3059129714966,50.4003829956055,2.64339208602905,3.05454540252686,6.04363632202148,5,10,0.869565188884735,0.876811623573303,1,1,28,1.04999995231628,30.4499986171722
05,2015-05-01,23080760,27,Definitivo,SAN ROQUE [23080760],Pluviométrica,Convencional,Activa,Antioquia,San Roque,6.4875,-75.017,820,5/15/1975,,Monchia,Magdalena Cauca,Medio Magdalena,Río Nare,2015,01,Andes,Definitivo,27,27,0,7.44386672973633,7.44386672973633,6.82668876647949,16.3020458221436,13.7100954055786,3.05454540252686,6.04363632202148,5,10,0.869565188884735,0.876811623573303,1,1,25,1.04999995231628,28.3499987125397
05,2016-05-15,23080760,,"",SAN ROQUE [23080760],Pluviométrica,Convencional,Activa,Antioquia,San Roque,6.4875,-75.017,820,5/15/1975,,Monchia,Magdalena Cauca,Medio Magdalena,Río Nare,2016,15,Andes,Preliminar,0,0,0,0,0,0,0.00443286309018731,0.102617621421814,3.05454540252686,6.04363632202148,5,10,0.869565188884735,0.876811623573303,1,1,27,1.04999995231628,0
05,2017-05-13,23080760,25,Definitivo,SAN ROQUE [23080760],Pluviométrica,Convencional,Activa,Antioquia,San Roque,6.4875,-75.017,820,5/15/1975,,Monchia,Magdalena Cauca,Medio Magdalena,Río Nare,2017,13,Andes,Definitivo,25,25,0,9.72660827636719,9.72660827636719,0,25.9574222564697,4.52429056167603,3.05454540252686,6.04363632202148,5,10,0.869565188884735,0.876811623573303,1,1,27,1.04999995231628,26.2499988079071
05,2020-05-05,23080760,9,Definitivo,SAN ROQUE [23080760],Pluviométrica,Convencional,Activa,Antioquia,San Roque,6.4875,-75.017,820,5/15/1975,,Monchia,Magdalena Cauca,Medio Magdalena,Río Nare,2020,05,Andes,Definitivo,9,9,0,14.4346389770508,14.4346389770508,17.1629409790039,20.4334850311279,32.2368316650391,3.05454540252686,6.04363632202148,5,10,0.869565188884735,0.876811623573303,1,1,25,1.04999995231628,9.44999957084656
05,2014-05-20,23080760,39,Definitivo,SAN ROQUE [23080760],Pluviométrica,Convencional,Activa,Antioquia,San Roque,6.4875,-75.017,820,5/15/1975,,Monchia,Magdalena Cauca,Medio Magdalena,Río Nare,2014,20,Andes,Definitivo,39,39,0,11.0992431640625,11.0992431640625,0,10.8964862823486,0.0249772295355797,3.05454540252686,6.04363632202148,5,10,0.869565188884735,0.876811623573303,1,1,28,1.04999995231628,40.9499981403351
05,2008-05-01,23080760,18,Definitivo,SAN ROQUE [23080760],Pluviométrica,Convencional,Activa,Antioquia,San Roque,6.4875,-75.017,820,5/15/1975,,Monchia,Magdalena Cauca,Medio Magdalena,Río Nare,2008,01,Andes,Definitivo,18,18,0,15.1059312820435,15.1059312820435,9.47171688079834,7.20762157440186,7.70395708084106,3.05454540252686,6.04363632202148,5,10,0.869565188884735,0.876811623573303,1,1,25,1.04999995231628,18.8999991416931
05,2015-05-02,23080760,0,Definitivo,SAN ROQUE [23080760],Pluviométrica,Convencional,Activa,Antioquia,San Roque,6.4875,-75.017,820,5/15/1975,,Monchia,Magdalena Cauca,Medio Magdalena,Río Nare,2015,02,Andes,Definitivo,0,0,0,3.68113040924072,3.68113040924072,0,1.13646221160889,0.0416290238499641,3.05454540252686,6.04363632202148,5,10,0.869565188884735,0.876811623573303,1,1,25,1.04999995231628,0
05,2014-05-05,23080760,0,Definitivo,SAN ROQUE [23080760],Pluviométrica,Convencional,Activa,Antioquia,San Roque,6.4875,-75.017,820,5/15/1975,,Monchia,Magdalena Cauca,Medio Magdalena,Río Nare,2014,05,Andes,Definitivo,0,0,0,4.54543304443359,4.54543304443359,9.03174209594727,7.04834461212158,5.28503704071045,3.05454540252686,6.04363632202148,5,10,0.869565188884735,0.876811623573303,1,1,25,1.04999995231628,0
05,2019-05-03,23080760,3,Definitivo,SAN ROQUE [23080760],Pluviométrica,Convencional,Activa,Antioquia,San Roque,6.4875,-75.017,820,5/15/1975,,Monchia,Magdalena Cauca,Medio Magdalena,Río Nare,2019,03,Andes,Definitivo,3,3,0,1.2696305513382,1.2696305513382,0,0,0.441764831542969,3.05454540252686,6.04363632202148,5,10,0.869565188884735,0.876811623573303,1,1,25,1.04999995231628,3.14999985694885
05,2016-05-13,23080760,,"",SAN ROQUE [23080760],Pluviométrica,Convencional,Activa,Antioquia,San Roque,6.4875,-75.017,820,5/15/1975,,Monchia,Magdalena Cauca,Medio Magdalena,Río Nare,2016,13,Andes,Preliminar,0,0,0,1.51683866977692,1.51683866977692,4.36824178695679,0.664903819561005,5.1385293006897,3.05454540252686,6.04363632202148,5,10,0.869565188884735,0.876811623573303,1,1,27,1.04999995231628,0
05,2017-05-12,23080760,22,Definitivo,SAN ROQUE [23080760],Pluviométrica,Convencional,Activa,Antioquia,San Roque,6.4875,-75.017,820,5/15/1975,,Monchia,Magdalena Cauca,Medio Magdalena,Río Nare,2017,12,Andes,Definitivo,22,22,0,18.0744037628174,18.0744037628174,0,83.7323684692383,47.008358001709,3.05454540252686,6.04363632202148,5,10,0.869565188884735,0.876811623573303,1,1,27,1.04999995231628,23.0999989509583
05,2005-05-02,23080760,4,Definitivo,SAN ROQUE [23080760],Pluviométrica,Convencional,Activa,Antioquia,San Roque,6.4875,-75.017,820,5/15/1975,,Monchia,Magdalena Cauca,Medio Magdalena,Río Nare,2005,02,Andes,Definitivo,4,4,0,5.04658222198486,5.04658222198486,11.7024097442627,11.473747253418,27.5146236419678,3.05454540252686,6.04363632202148,5,10,0.869565188884735,0.876811623573303,1,1,25,1.04999995231628,4.19999980926514
05,2017-05-10,23080760,5,Definitivo,SAN ROQUE [23080760],Pluviométrica,Convencional,Activa,Antioquia,San Roque,6.4875,-75.017,820,5/15/1975,,Monchia,Magdalena Cauca,Medio Magdalena,Río Nare,2017,10,Andes,Definitivo,5,5,0,5.8270149230957,5.8270149230957,0,23.7358112335205,2.01092529296875,3.05454540252686,6.04363632202148,5,10,0.869565188884735,0.876811623573303,1,1,26,1.04999995231628,5.24999976158142
05,2012-05-01,23080760,52,Definitivo,SAN ROQUE [23080760],Pluviométrica,Convencional,Activa,Antioquia,San Roque,6.4875,-75.017,820,5/15/1975,,Monchia,Magdalena Cauca,Medio Magdalena,Río Nare,2012,01,Andes,Definitivo,52,52,0,32.8129806518555,32.8129806518555,24.3424510955811,46.7004241943359,64.3774566650391,3.05454540252686,6.04363632202148,5,10,0.869565188884735,0.876811623573303,1,1,25,1.04999995231628,54.5999975204468
05,2017-05-02,23080760,4,Definitivo,SAN ROQUE [23080760],Pluviométrica,Convencional,Activa,Antioquia,San Roque,6.4875,-75.017,820,5/15/1975,,Monchia,Magdalena Cauca,Medio Magdalena,Río Nare,2017,02,Andes,Definitivo,4,4,0,19.8234748840332,19.8234748840332,28.2135963439941,48.4757423400879,61.5673637390137,3.05454540252686,6.04363632202148,5,10,0.869565188884735,0.876811623573303,1,1,25,1.04999995231628,4.19999980926514
05,2011-05-01,23080760,12,Definitivo,SAN ROQUE [23080760],Pluviométrica,Convencional,Activa,Antioquia,San Roque,6.4875,-75.017,820,5/15/1975,,Monchia,Magdalena Cauca,Medio Magdalena,Río Nare,2011,01,Andes,Definitivo,12,12,0,9.68560409545898,9.68560409545898,7.22040367126465,26.9374809265137,15.857593536377,3.05454540252686,6.04363632202148,5,10,0.869565188884735,0.876811623573303,1,1,25,1.04999995231628,12.5999994277954
05,2010-05-01,23080760,4,Definitivo,SAN ROQUE [23080760],Pluviométrica,Convencional,Activa,Antioquia,San Roque,6.4875,-75.017,820,5/15/1975,,Monchia,Magdalena Cauca,Medio Magdalena,Río Nare,2010,01,Andes,Definitivo,4,4,0,2.52064156532288,2.52064156532288,0,12.2126150131226,1.40816247463226,3.05454540252686,6.04363632202148,5,10,0.869565188884735,0.876811623573303,1,1,25,1.04999995231628,4.19999980926514
05,2018-05-06,23080760,94,Definitivo,SAN ROQUE [23080760],Pluviométrica,Convencional,Activa,Antioquia,San Roque,6.4875,-75.017,820,5/15/1975,,Monchia,Magdalena Cauca,Medio Magdalena,Río Nare,2018,06,Andes,Definitivo,94,94,0,6.90761661529541,6.90761661529541,0,11.745792388916,0.0531049892306328,3.05454540252686,6.04363632202148,5,10,0.869565188884735,0.876811623573303,1,1,26,1.04999995231628,98.6999955177307
05,2018-05-07,23080760,32,Definitivo,SAN ROQUE [23080760],Pluviométrica,Convencional,Activa,Antioquia,San Roque,6.4875,-75.017,820,5/15/1975,,Monchia,Magdalena Cauca,Medio Magdalena,Río Nare,2018,07,Andes,Definitivo,32,32,0,10.1037588119507,10.1037588119507,58.7157554626465,27.3592090606689,90.9521026611328,3.05454540252686,6.04363632202148,5,10,0.869565188884735,0.876811623573303,1,1,26,1.04999995231628,33.5999984741211
05,2016-05-14,23080760,,"",SAN ROQUE [23080760],Pluviométrica,Convencional,Activa,Antioquia,San Roque,6.4875,-75.017,820,5/15/1975,,Monchia,Magdalena Cauca,Medio Magdalena,Río Nare,2016,14,Andes,Preliminar,0,0,0,5.0698733329773,5.0698733329773,4.36824178695679,0.0276556946337223,0,3.05454540252686,6.04363632202148,5,10,0.869565188884735,0.876811623573303,1,1,27,1.04999995231628,0
05,2013-05-01,23080760,15,Definitivo,SAN ROQUE [23080760],Pluviométrica,Convencional,Activa,Antioquia,San Roque,6.4875,-75.017,820,5/15/1975,,Monchia,Magdalena Cauca,Medio Magdalena,Río Nare,2013,01,Andes,Definitivo,15,15,0,5.8772931098938,5.8772931098938,0,13.2261419296265,7.80440998077393,3.05454540252686,6.04363632202148,5,10,0.869565188884735,0.876811623573303,1,1,25,1.04999995231628,15.7499992847443
05,2019-05-08,23080760,7,Definitivo,SAN ROQUE [23080760],Pluviométrica,Convencional,Activa,Antioquia,San Roque,6.4875,-75.017,820,5/15/1975,,Monchia,Magdalena Cauca,Medio Magdalena,Río Nare,2019,08,Andes,Definitivo,7,7,0,0.668675839900971,0.668675839900971,56.3391876220703,41.9921455383301,34.0190849304199,3.05454540252686,6.04363632202148,5,10,0.869565188884735,0.876811623573303,1,1,26,1.04999995231628,7.34999966621399
05,2021-05-02,23080760,43,Definitivo,SAN ROQUE [23080760],Pluviométrica,Convencional,Activa,Antioquia,San Roque,6.4875,-75.017,820,5/15/1975,,Monchia,Magdalena Cauca,Medio Magdalena,Río Nare,2021,02,Andes,Definitivo,43,43,0,6.80673170089722,6.80673170089722,13.8943376541138,18.6385726928711,22.9429512023926,3.05454540252686,6.04363632202148,5,10,0.869565188884735,0.876811623573303,1,1,25,1.04999995231628,45.1499979496002
05,2019-05-02,23080760,0,Definitivo,SAN ROQUE [23080760],Pluviométrica,Convencional,Activa,Antioquia,San Roque,6.4875,-75.017,820,5/15/1975,,Monchia,Magdalena Cauca,Medio Magdalena,Río Nare,2019,02,Andes,Definitivo,0,0,0,0.535709738731384,0.535709738731384,0,0,0,3.05454540252686,6.04363632202148,5,10,0.869565188884735,0.876811623573303,1,1,25,1.04999995231628,0
05,2018-05-10,23080760,2,Definitivo,SAN ROQUE [23080760],Pluviométrica,Convencional,Activa,Antioquia,San Roque,6.4875,-75.017,820,5/15/1975,,Monchia,Magdalena Cauca,Medio Magdalena,Río Nare,2018,10,Andes,Definitivo,2,2,0,3.68516826629639,3.68516826629639,14.6789388656616,19.9689102172852,2.7853274345398,3.05454540252686,6.04363632202148,5,10,0.869565188884735,0.876811623573303,1,1,26,1.04999995231628,2.09999990463257
05,2018-05-09,23080760,35,Definitivo,SAN ROQUE [23080760],Pluviométrica,Convencional,Activa,Antioquia,San Roque,6.4875,-75.017,820,5/15/1975,,Monchia,Magdalena Cauca,Medio Magdalena,Río Nare,2018,09,Andes,Definitivo,35,35,0,6.34970855712891,6.34970855712891,0,32.566764831543,17.337121963501,3.05454540252686,6.04363632202148,5,10,0.869565188884735,0.876811623573303,1,1,26,1.04999995231628,36.7499983310699
05,2013-05-02,23080760,75,Definitivo,SAN ROQUE [23080760],Pluviométrica,Convencional,Activa,Antioquia,San Roque,6.4875,-75.017,820,5/15/1975,,Monchia,Magdalena Cauca,Medio Magdalena,Río Nare,2013,02,Andes,Definitivo,75,75,0,7.22326803207398,7.22326803207398,41.5134429931641,28.9588527679443,7.48438453674316,3.05454540252686,6.04363632202148,5,10,0.869565188884735,0.876811623573303,1,1,25,1.04999995231628,78.7499964237213
05,2014-05-06,23080760,14,Definitivo,SAN ROQUE [23080760],Pluviométrica,Convencional,Activa,Antioquia,San Roque,6.4875,-75.017,820,5/15/1975,,Monchia,Magdalena Cauca,Medio Magdalena,Río Nare,2014,06,Andes,Definitivo,14,14,0,1.87356901168823,1.87356901168823,15.9786911010742,8.85945415496826,5.72435569763184,3.05454540252686,6.04363632202148,5,10,0.869565188884735,0.876811623573303,1,1,26,1.04999995231628,14.699999332428
05,2018-05-08,23080760,14,Definitivo,SAN ROQUE [23080760],Pluviométrica,Convencional,Activa,Antioquia,San Roque,6.4875,-75.017,820,5/15/1975,,Monchia,Magdalena Cauca,Medio Magdalena,Río Nare,2018,08,Andes,Definitivo,14,14,0,5.489821434021,5.489821434021,0,33.2535362243652,13.7665729522705,3.05454540252686,6.04363632202148,5,10,0.869565188884735,0.876811623573303,1,1,26,1.04999995231628,14.699999332428
05,2019-05-04,23080760,0,Definitivo,SAN ROQUE [23080760],Pluviométrica,Convencional,Activa,Antioquia,San Roque,6.4875,-75.017,820,5/15/1975,,Monchia,Magdalena Cauca,Medio Magdalena,Río Nare,2019,04,Andes,Definitivo,0,0,0,7.06350803375244,7.06350803375244,12.1571445465088,3.7181978225708,10.8401355743408,3.05454540252686,6.04363632202148,5,10,0.869565188884735,0.876811623573303,1,1,25,1.04999995231628,0
05,2019-05-07,23080760,30,Definitivo,SAN ROQUE [23080760],Pluviométrica,Convencional,Activa,Antioquia,San Roque,6.4875,-75.017,820,5/15/1975,,Monchia,Magdalena Cauca,Medio Magdalena,Río Nare,2019,07,Andes,Definitivo,30,30,0,0,0,33.8035125732422,0.60777735710144,28.1446113586426,3.05454540252686,6.04363632202148,5,10,0.869565188884735,0.876811623573303,1,1,26,1.04999995231628,31.4999985694885
05,2005-05-03,23080760,58,Definitivo,SAN ROQUE [23080760],Pluviométrica,Convencional,Activa,Antioquia,San Roque,6.4875,-75.017,820,5/15/1975,,Monchia,Magdalena Cauca,Medio Magdalena,Río Nare,2005,03,Andes,Definitivo,58,58,0,21.4557132720947,21.4557132720947,23.4048194885254,26.4403896331787,28.9545154571533,3.05454540252686,6.04363632202148,5,10,0.869565188884735,0.876811623573303,1,1,25,1.04999995231628,60.8999972343445
05,2019-05-01,23080760,0,Definitivo,SAN ROQUE [23080760],Pluviométrica,Convencional,Activa,Antioquia,San Roque,6.4875,-75.017,820,5/15/1975,,Monchia,Magdalena Cauca,Medio Magdalena,Río Nare,2019,01,Andes,Definitivo,0,0,0,0,0,0,0.580718398094177,0.165359124541283,3.05454540252686,6.04363632202148,5,10,0.869565188884735,0.876811623573303,1,1,25,1.04999995231628,0
05,2016-05-02,23080760,9,Definitivo,SAN ROQUE [23080760],Pluviométrica,Convencional,Activa,Antioquia,San Roque,6.4875,-75.017,820,5/15/1975,,Monchia,Magdalena Cauca,Medio Magdalena,Río Nare,2016,02,Andes,Definitivo,9,9,0,11.9415807723999,11.9415807723999,4.96352338790894,15.8396911621094,18.4278392791748,3.05454540252686,6.04363632202148,5,10,0.869565188884735,0.876811623573303,1,1,25,1.04999995231628,9.44999957084656
05,2017-05-11,23080760,28,Definitivo,SAN ROQUE [23080760],Pluviométrica,Convencional,Activa,Antioquia,San Roque,6.4875,-75.017,820,5/15/1975,,Monchia,Magdalena Cauca,Medio Magdalena,Río Nare,2017,11,Andes,Definitivo,28,28,0,4.35500049591064,4.35500049591064,42.7707176208496,5.26095628738403,15.7938423156738,3.05454540252686,6.04363632202148,5,10,0.869565188884735,0.876811623573303,1,1,27,1.04999995231628,29.399998664856
05,2020-05-03,23080760,4,Definitivo,SAN ROQUE [23080760],Pluviométrica,Convencional,Activa,Antioquia,San Roque,6.4875,-75.017,820,5/15/1975,,Monchia,Magdalena Cauca,Medio Magdalena,Río Nare,2020,03,Andes,Definitivo,4,4,0,20.5282211303711,20.5282211303711,11.4419593811035,16.0545101165772,18.6152572631836,3.05454540252686,6.04363632202148,5,10,0.869565188884735,0.876811623573303,1,1,25,1.04999995231628,4.19999980926514
05,2011-05-02,23080760,2,Definitivo,SAN ROQUE [23080760],Pluviométrica,Convencional,Activa,Antioquia,San Roque,6.4875,-75.017,820,5/15/1975,,Monchia,Magdalena Cauca,Medio Magdalena,Río Nare,2011,02,Andes,Definitivo,2,2,0,20.6493091583252,20.6493091583252,7.22040367126465,18.2850513458252,19.7520751953125,3.05454540252686,6.04363632202148,5,10,0.869565188884735,0.876811623573303,1,1,25,1.04999995231628,2.09999990463257
05,2021-05-01,23080760,26,Definitivo,SAN ROQUE [23080760],Pluviométrica,Convencional,Activa,Antioquia,San Roque,6.4875,-75.017,820,5/15/1975,,Monchia,Magdalena Cauca,Medio Magdalena,Río Nare,2021,01,Andes,Definitivo,26,26,0,3.12887835502625,3.12887835502625,0,12.2565450668335,7.72486925125122,3.05454540252686,6.04363632202148,5,10,0.869565188884735,0.876811623573303,1,1,25,1.04999995231628,27.2999987602234
05,2015-05-03,23080760,5,Definitivo,SAN ROQUE [23080760],Pluviométrica,Convencional,Activa,Antioquia,San Roque,6.4875,-75.017,820,5/15/1975,,Monchia,Magdalena Cauca,Medio Magdalena,Río Nare,2015,03,Andes,Definitivo,5,5,0,16.0823402404785,16.0823402404785,10.2400321960449,6.41010189056397,0.339218258857727,3.05454540252686,6.04363632202148,5,10,0.869565188884735,0.876811623573303,1,1,25,1.04999995231628,5.24999976158142
05,2019-05-05,23080760,0,Definitivo,SAN ROQUE [23080760],Pluviométrica,Convencional,Activa,Antioquia,San Roque,6.4875,-75.017,820,5/15/1975,,Monchia,Magdalena Cauca,Medio Magdalena,Río Nare,2019,05,Andes,Definitivo,0,0,0,7.78719520568848,7.78719520568848,0,9.01232051849365,1.86397659778595,3.05454540252686,6.04363632202148,5,10,0.869565188884735,0.876811623573303,1,1,25,1.04999995231628,0
05,2020-05-04,23080760,7,Definitivo,SAN ROQUE [23080760],Pluviométrica,Convencional,Activa,Antioquia,San Roque,6.4875,-75.017,820,5/15/1975,,Monchia,Magdalena Cauca,Medio Magdalena,Río Nare,2020,04,Andes,Definitivo,7,7,0,5.45130968093872,5.45130968093872,11.4419593811035,3.98899388313293,16.8500938415527,3.05454540252686,6.04363632202148,5,10,0.869565188884735,0.876811623573303,1,1,25,1.04999995231628,7.34999966621399
05,2017-05-04,23080760,25,Definitivo,SAN ROQUE [23080760],Pluviométrica,Convencional,Activa,Antioquia,San Roque,6.4875,-75.017,820,5/15/1975,,Monchia,Magdalena Cauca,Medio Magdalena,Río Nare,2017,04,Andes,Definitivo,25,25,0,3.84761834144592,3.84761834144592,0,7.52673816680908,4.26002836227417,3.05454540252686,6.04363632202148,5,10,0.869565188884735,0.876811623573303,1,1,25,1.04999995231628,26.2499988079071
05,2018-05-02,23080760,0,Definitivo,SAN ROQUE [23080760],Pluviométrica,Convencional,Activa,Antioquia,San Roque,6.4875,-75.017,820,5/15/1975,,Monchia,Magdalena Cauca,Medio Magdalena,Río Nare,2018,02,Andes,Definitivo,0,0,0,23.8705291748047,23.8705291748047,18.174503326416,2.77735543251038,18.1884078979492,3.05454540252686,6.04363632202148,5,10,0.869565188884735,0.876811623573303,1,1,25,1.04999995231628,0
05,2014-05-01,23080760,,"",SAN ROQUE [23080760],Pluviométrica,Convencional,Activa,Antioquia,San Roque,6.4875,-75.017,820,5/15/1975,,Monchia,Magdalena Cauca,Medio Magdalena,Río Nare,2014,01,Andes,Preliminar,0,0,0,10.9823484420776,10.9823484420776,9.03174209594727,3.81743311882019,2.79196977615356,3.05454540252686,6.04363632202148,5,10,0.869565188884735,0.876811623573303,1,1,25,1.04999995231628,0
05,2019-05-06,23080760,5,Definitivo,SAN ROQUE [23080760],Pluviométrica,Convencional,Activa,Antioquia,San Roque,6.4875,-75.017,820,5/15/1975,,Monchia,Magdalena Cauca,Medio Magdalena,Río Nare,2019,06,Andes,Definitivo,5,5,0,1.92788732051849,1.92788732051849,0,4.39845085144043,1.34168136119843,3.05454540252686,6.04363632202148,5,10,0.869565188884735,0.876811623573303,1,1,26,1.04999995231628,5.24999976158142
05,2011-05-03,23080760,6,Definitivo,SAN ROQUE [23080760],Pluviométrica,Convencional,Activa,Antioquia,San Roque,6.4875,-75.017,820,5/15/1975,,Monchia,Magdalena Cauca,Medio Magdalena,Río Nare,2011,03,Andes,Definitivo,6,6,0,3.83382964134216,3.83382964134216,21.6612148284912,8.95114898681641,17.735013961792,3.05454540252686,6.04363632202148,5,10,0.869565188884735,0.876811623573303,1,1,25,1.04999995231628,6.29999971389771
05,2018-05-03,23080760,23,Definitivo,SAN ROQUE [23080760],Pluviométrica,Convencional,Activa,Antioquia,San Roque,6.4875,-75.017,820,5/15/1975,,Monchia,Magdalena Cauca,Medio Magdalena,Río Nare,2018,03,Andes,Definitivo,23,23,0,2.77821207046509,2.77821207046509,12.1163349151611,5.17536497116089,18.7064189910889,3.05454540252686,6.04363632202148,5,10,0.869565188884735,0.876811623573303,1,1,25,1.04999995231628,24.1499989032745
05,2017-05-05,23080760,58,Definitivo,SAN ROQUE [23080760],Pluviométrica,Convencional,Activa,Antioquia,San Roque,6.4875,-75.017,820,5/15/1975,,Monchia,Magdalena Cauca,Medio Magdalena,Río Nare,2017,05,Andes,Definitivo,58,58,0,7.93134260177612,7.93134260177612,56.4271926879883,32.6101608276367,15.7295074462891,3.05454540252686,6.04363632202148,5,10,0.869565188884735,0.876811623573303,1,1,25,1.04999995231628,60.8999972343445
05,2018-05-01,23080760,22,Definitivo,SAN ROQUE [23080760],Pluviométrica,Convencional,Activa,Antioquia,San Roque,6.4875,-75.017,820,5/15/1975,,Monchia,Magdalena Cauca,Medio Magdalena,Río Nare,2018,01,Andes,Definitivo,22,22,0,15.7233848571777,15.7233848571777,6.05816745758057,10.6847400665283,0.532619059085846,3.05454540252686,6.04363632202148,5,10,0.869565188884735,0.876811623573303,1,1,25,1.04999995231628,23.0999989509583
05,2013-05-03,23080760,15,Definitivo,SAN ROQUE [23080760],Pluviométrica,Convencional,Activa,Antioquia,San Roque,6.4875,-75.017,820,5/15/1975,,Monchia,Magdalena Cauca,Medio Magdalena,Río Nare,2013,03,Andes,Definitivo,15,15,0,25.5945491790772,25.5945491790772,20.756721496582,51.8147850036621,19.4818496704102,3.05454540252686,6.04363632202148,5,10,0.869565188884735,0.876811623573303,1,1,25,1.04999995231628,15.7499992847443
05,2016-05-01,23080760,23,Definitivo,SAN ROQUE [23080760],Pluviométrica,Convencional,Activa,Antioquia,San Roque,6.4875,-75.017,820,5/15/1975,,Monchia,Magdalena Cauca,Medio Magdalena,Río Nare,2016,01,Andes,Definitivo,23,23,0,13.4811305999756,13.4811305999756,19.8540935516357,32.8291130065918,13.6460151672363,3.05454540252686,6.04363632202148,5,10,0.869565188884735,0.876811623573303,1,1,25,1.04999995231628,24.1499989032745
06,2016-06-30,23080760,,"",SAN ROQUE [23080760],Pluviométrica,Convencional,Activa,Antioquia,San Roque,6.4875,-75.017,820,5/15/1975,,Monchia,Magdalena Cauca,Medio Magdalena,Río Nare,2016,30,Andes,Preliminar,0,0,0,0,0,0,0.421538203954697,4.05446243286133,3.05454540252686,6.04363632202148,5,10,0.869565188884735,0.876811623573303,1,1,36,1.05999994277954,0
06,2019-06-29,23080760,0,Definitivo,SAN ROQUE [23080760],Pluviométrica,Convencional,Activa,Antioquia,San Roque,6.4875,-75.017,820,5/15/1975,,Monchia,Magdalena Cauca,Medio Magdalena,Río Nare,2019,29,Andes,Definitivo,0,0,0,2.70613622665405,2.70613622665405,0,0.516518771648407,0.0420464314520359,3.05454540252686,6.04363632202148,5,10,0.869565188884735,0.876811623573303,1,1,36,1.05999994277954,0
06,2017-06-28,23080760,6,Definitivo,SAN ROQUE [23080760],Pluviométrica,Convencional,Activa,Antioquia,San Roque,6.4875,-75.017,820,5/15/1975,,Monchia,Magdalena Cauca,Medio Magdalena,Río Nare,2017,28,Andes,Definitivo,6,6,0,18.2505340576172,18.2505340576172,0,3.32190227508545,0.0909973457455635,3.05454540252686,6.04363632202148,5,10,0.869565188884735,0.876811623573303,1,1,36,1.05999994277954,6.35999965667725
06,2014-06-29,23080760,23,Definitivo,SAN ROQUE [23080760],Pluviométrica,Convencional,Activa,Antioquia,San Roque,6.4875,-75.017,820,5/15/1975,,Monchia,Magdalena Cauca,Medio Magdalena,Río Nare,2014,29,Andes,Definitivo,23,23,0,1.79793107509613,1.79793107509613,0,0.800272285938263,1.5440229177475,3.05454540252686,6.04363632202148,5,10,0.869565188884735,0.876811623573303,1,1,36,1.05999994277954,24.3799986839294
06,2009-06-30,23080760,,"",SAN ROQUE [23080760],Pluviométrica,Convencional,Activa,Antioquia,San Roque,6.4875,-75.017,820,5/15/1975,,Monchia,Magdalena Cauca,Medio Magdalena,Río Nare,2009,30,Andes,Preliminar,0,0,0,15.2815008163452,15.2815008163452,4.46296072006226,9.43968105316162,19.5754070281982,3.05454540252686,6.04363632202148,5,10,0.869565188884735,0.876811623573303,1,1,36,1.05999994277954,0
06,2014-06-30,23080760,18,Definitivo,SAN ROQUE [23080760],Pluviométrica,Convencional,Activa,Antioquia,San Roque,6.4875,-75.017,820,5/15/1975,,Monchia,Magdalena Cauca,Medio Magdalena,Río Nare,2014,30,Andes,Definitivo,18,18,0,1.04597592353821,1.04597592353821,10.5208282470703,10.7430362701416,36.4924736022949,3.05454540252686,6.04363632202148,5,10,0.869565188884735,0.876811623573303,1,1,36,1.05999994277954,19.0799989700317
06,2012-06-28,23080760,21,Definitivo,SAN ROQUE [23080760],Pluviométrica,Convencional,Activa,Antioquia,San Roque,6.4875,-75.017,820,5/15/1975,,Monchia,Magdalena Cauca,Medio Magdalena,Río Nare,2012,28,Andes,Definitivo,21,21,0,2.49646019935608,2.49646019935608,0,0.213550806045532,1.24685108661652,3.05454540252686,6.04363632202148,5,10,0.869565188884735,0.876811623573303,1,1,36,1.05999994277954,22.2599987983704
06,2016-06-29,23080760,2,Definitivo,SAN ROQUE [23080760],Pluviométrica,Convencional,Activa,Antioquia,San Roque,6.4875,-75.017,820,5/15/1975,,Monchia,Magdalena Cauca,Medio Magdalena,Río Nare,2016,29,Andes,Definitivo,2,2,0,0,0,0,0.157425791025162,0.36226224899292,3.05454540252686,6.04363632202148,5,10,0.869565188884735,0.876811623573303,1,1,36,1.05999994277954,2.11999988555908
06,2014-06-28,23080760,0,Definitivo,SAN ROQUE [23080760],Pluviométrica,Convencional,Activa,Antioquia,San Roque,6.4875,-75.017,820,5/15/1975,,Monchia,Magdalena Cauca,Medio Magdalena,Río Nare,2014,28,Andes,Definitivo,0,0,0,0.657782554626465,0.657782554626465,10.5208282470703,20.8046245574951,5.2327766418457,3.05454540252686,6.04363632202148,5,10,0.869565188884735,0.876811623573303,1,1,36,1.05999994277954,0
06,2009-06-29,23080760,9,Definitivo,SAN ROQUE [23080760],Pluviométrica,Convencional,Activa,Antioquia,San Roque,6.4875,-75.017,820,5/15/1975,,Monchia,Magdalena Cauca,Medio Magdalena,Río Nare,2009,29,Andes,Definitivo,9,9,0,1.33462882041931,1.33462882041931,0,7.99309682846069,0.436896592378616,3.05454540252686,6.04363632202148,5,10,0.869565188884735,0.876811623573303,1,1,36,1.05999994277954,9.53999948501587
06,2011-06-29,23080760,,"",SAN ROQUE [23080760],Pluviométrica,Convencional,Activa,Antioquia,San Roque,6.4875,-75.017,820,5/15/1975,,Monchia,Magdalena Cauca,Medio Magdalena,Río Nare,2011,29,Andes,Preliminar,0,0,0,5.67232322692871,5.67232322692871,0,20.5822925567627,0.0505805984139442,3.05454540252686,6.04363632202148,5,10,0.869565188884735,0.876811623573303,1,1,36,1.05999994277954,0
06,2012-06-29,23080760,64,Definitivo,SAN ROQUE [23080760],Pluviométrica,Convencional,Activa,Antioquia,San Roque,6.4875,-75.017,820,5/15/1975,,Monchia,Magdalena Cauca,Medio Magdalena,Río Nare,2012,29,Andes,Definitivo,64,64,0,4.3406023979187,4.3406023979187,19.2291660308838,49.3122406005859,13.5762805938721,3.05454540252686,6.04363632202148,5,10,0.869565188884735,0.876811623573303,1,1,36,1.05999994277954,67.8399963378906
06,2013-06-25,23080760,0,Definitivo,SAN ROQUE [23080760],Pluviométrica,Convencional,Activa,Antioquia,San Roque,6.4875,-75.017,820,5/15/1975,,Monchia,Magdalena Cauca,Medio Magdalena,Río Nare,2013,25,Andes,Definitivo,0,0,0,40.613094329834,40.613094329834,12.3704195022583,41.393497467041,11.413501739502,3.05454540252686,6.04363632202148,5,10,0.869565188884735,0.876811623573303,1,1,35,1.05999994277954,0
06,2011-06-30,23080760,12,Definitivo,SAN ROQUE [23080760],Pluviométrica,Convencional,Activa,Antioquia,San Roque,6.4875,-75.017,820,5/15/1975,,Monchia,Magdalena Cauca,Medio Magdalena,Río Nare,2011,30,Andes,Definitivo,12,12,0,32.9946022033691,32.9946022033691,6.78472852706909,16.3509197235107,24.586706161499,3.05454540252686,6.04363632202148,5,10,0.869565188884735,0.876811623573303,1,1,36,1.05999994277954,12.7199993133545
06,2022-06-28,23080760,15,Definitivo,SAN ROQUE [23080760],Pluviométrica,Convencional,Activa,Antioquia,San Roque,6.4875,-75.017,820,5/15/1975,,Monchia,Magdalena Cauca,Medio Magdalena,Río Nare,2022,28,Andes,Definitivo,15,15,0,1.51525068283081,1.51525068283081,0,12.5115652084351,17.5682621002197,3.05454540252686,6.04363632202148,5,10,0.869565188884735,0.876811623573303,1,1,36,1.05999994277954,15.8999991416931
06,2010-06-27,23080760,3,Definitivo,SAN ROQUE [23080760],Pluviométrica,Convencional,Activa,Antioquia,San Roque,6.4875,-75.017,820,5/15/1975,,Monchia,Magdalena Cauca,Medio Magdalena,Río Nare,2010,27,Andes,Definitivo,3,3,0,2.97091865539551,2.97091865539551,18.7604827880859,16.0062141418457,25.7080917358398,3.05454540252686,6.04363632202148,5,10,0.869565188884735,0.876811623573303,1,1,36,1.05999994277954,3.17999982833862
06,2010-06-26,23080760,8,Definitivo,SAN ROQUE [23080760],Pluviométrica,Convencional,Activa,Antioquia,San Roque,6.4875,-75.017,820,5/15/1975,,Monchia,Magdalena Cauca,Medio Magdalena,Río Nare,2010,26,Andes,Definitivo,8,8,0,14.0190238952637,14.0190238952637,6.25349426269531,5.45251655578613,3.84235692024231,3.05454540252686,6.04363632202148,5,10,0.869565188884735,0.876811623573303,1,1,36,1.05999994277954,8.47999954223633
06,2019-06-30,23080760,0,Definitivo,SAN ROQUE [23080760],Pluviométrica,Convencional,Activa,Antioquia,San Roque,6.4875,-75.017,820,5/15/1975,,Monchia,Magdalena Cauca,Medio Magdalena,Río Nare,2019,30,Andes,Definitivo,0,0,0,12.0491504669189,12.0491504669189,3.89340543746948,0,0.0994387492537498,3.05454540252686,6.04363632202148,5,10,0.869565188884735,0.876811623573303,1,1,36,1.05999994277954,0
06,2013-06-29,23080760,13,Definitivo,SAN ROQUE [23080760],Pluviométrica,Convencional,Activa,Antioquia,San Roque,6.4875,-75.017,820,5/15/1975,,Monchia,Magdalena Cauca,Medio Magdalena,Río Nare,2013,29,Andes,Definitivo,13,13,0,3.16549372673035,3.16549372673035,0,17.6656112670898,0.187790557742119,3.05454540252686,6.04363632202148,5,10,0.869565188884735,0.876811623573303,1,1,36,1.05999994277954,13.779999256134
06,2021-06-27,23080760,4,Definitivo,SAN ROQUE [23080760],Pluviométrica,Convencional,Activa,Antioquia,San Roque,6.4875,-75.017,820,5/15/1975,,Monchia,Magdalena Cauca,Medio Magdalena,Río Nare,2021,27,Andes,Definitivo,4,4,0,15.0766687393188,15.0766687393188,4.01861381530762,21.7354698181152,12.0839910507202,3.05454540252686,6.04363632202148,5,10,0.869565188884735,0.876811623573303,1,1,36,1.05999994277954,4.23999977111816
06,2022-06-29,23080760,1,Definitivo,SAN ROQUE [23080760],Pluviométrica,Convencional,Activa,Antioquia,San Roque,6.4875,-75.017,820,5/15/1975,,Monchia,Magdalena Cauca,Medio Magdalena,Río Nare,2022,29,Andes,Definitivo,1,1,0,13.7757902145386,13.7757902145386,11.4962673187256,11.5666542053223,13.4784641265869,3.05454540252686,6.04363632202148,5,10,0.869565188884735,0.876811623573303,1,1,36,1.05999994277954,1.05999994277954
06,2008-06-26,23080760,23,Definitivo,SAN ROQUE [23080760],Pluviométrica,Convencional,Activa,Antioquia,San Roque,6.4875,-75.017,820,5/15/1975,,Monchia,Magdalena Cauca,Medio Magdalena,Río Nare,2008,26,Andes,Definitivo,23,23,0,5.86448907852173,5.86448907852173,0,9.21970748901367,10.1773977279663,3.05454540252686,6.04363632202148,5,10,0.869565188884735,0.876811623573303,1,1,36,1.05999994277954,24.3799986839294
06,2012-06-30,23080760,46,Definitivo,SAN ROQUE [23080760],Pluviométrica,Convencional,Activa,Antioquia,San Roque,6.4875,-75.017,820,5/15/1975,,Monchia,Magdalena Cauca,Medio Magdalena,Río Nare,2012,30,Andes,Definitivo,46,46,0,17.292459487915,17.292459487915,19.2291660308838,39.6704330444336,43.1314964294434,3.05454540252686,6.04363632202148,5,10,0.869565188884735,0.876811623573303,1,1,36,1.05999994277954,48.7599973678589
06,2017-06-29,23080760,46,Definitivo,SAN ROQUE [23080760],Pluviométrica,Convencional,Activa,Antioquia,San Roque,6.4875,-75.017,820,5/15/1975,,Monchia,Magdalena Cauca,Medio Magdalena,Río Nare,2017,29,Andes,Definitivo,46,46,0,2.60574698448181,2.60574698448181,0,10.5157070159912,5.02572965621948,3.05454540252686,6.04363632202148,5,10,0.869565188884735,0.876811623573303,1,1,36,1.05999994277954,48.7599973678589
06,2008-06-30,23080760,,"",SAN ROQUE [23080760],Pluviométrica,Convencional,Activa,Antioquia,San Roque,6.4875,-75.017,820,5/15/1975,,Monchia,Magdalena Cauca,Medio Magdalena,Río Nare,2008,30,Andes,Preliminar,0,0,0,0,0,6.24933815002441,0.200045704841614,12.4791288375855,3.05454540252686,6.04363632202148,5,10,0.869565188884735,0.876811623573303,1,1,36,1.05999994277954,0
06,2023-06-22,23080760,16,Definitivo,SAN ROQUE [23080760],Pluviométrica,Convencional,Activa,Antioquia,San Roque,6.4875,-75.017,820,5/15/1975,,Monchia,Magdalena Cauca,Medio Magdalena,Río Nare,2023,22,Andes,Definitivo,16,16,0,0.27538987994194,0.27538987994194,6.26983308792114,1.38033366203308,5.81214570999146,3.05454540252686,6.04363632202148,5,10,0.869565188884735,0.876811623573303,1,1,35,1.05999994277954,16.9599990844727
06,2021-06-22,23080760,4,Definitivo,SAN ROQUE [23080760],Pluviométrica,Convencional,Activa,Antioquia,San Roque,6.4875,-75.017,820,5/15/1975,,Monchia,Magdalena Cauca,Medio Magdalena,Río Nare,2021,22,Andes,Definitivo,4,4,0,1.30260634422302,1.30260634422302,4.11026287078857,17.640661239624,0.793628811836243,3.05454540252686,6.04363632202148,5,10,0.869565188884735,0.876811623573303,1,1,35,1.05999994277954,4.23999977111816
06,2023-06-25,23080760,24,Definitivo,SAN ROQUE [23080760],Pluviométrica,Convencional,Activa,Antioquia,San Roque,6.4875,-75.017,820,5/15/1975,,Monchia,Magdalena Cauca,Medio Magdalena,Río Nare,2023,25,Andes,Definitivo,24,24,0,0,0,12.5396661758423,20.5080242156982,40.3861656188965,3.05454540252686,6.04363632202148,5,10,0.869565188884735,0.876811623573303,1,1,35,1.05999994277954,25.439998626709
06,2013-06-27,23080760,27,Definitivo,SAN ROQUE [23080760],Pluviométrica,Convencional,Activa,Antioquia,San Roque,6.4875,-75.017,820,5/15/1975,,Monchia,Magdalena Cauca,Medio Magdalena,Río Nare,2013,27,Andes,Definitivo,27,27,0,4.23965740203857,4.23965740203857,14.7171144485474,12.5489463806152,4.75965166091919,3.05454540252686,6.04363632202148,5,10,0.869565188884735,0.876811623573303,1,1,36,1.05999994277954,28.6199984550476
06,2017-06-30,23080760,0,Definitivo,SAN ROQUE [23080760],Pluviométrica,Convencional,Activa,Antioquia,San Roque,6.4875,-75.017,820,5/15/1975,,Monchia,Magdalena Cauca,Medio Magdalena,Río Nare,2017,30,Andes,Definitivo,0,0,0,2.03740334510803,2.03740334510803,20.6990146636963,30.5303955078125,34.7694320678711,3.05454540252686,6.04363632202148,5,10,0.869565188884735,0.876811623573303,1,1,36,1.05999994277954,0
06,2022-06-30,23080760,23,Definitivo,SAN ROQUE [23080760],Pluviométrica,Convencional,Activa,Antioquia,San Roque,6.4875,-75.017,820,5/15/1975,,Monchia,Magdalena Cauca,Medio Magdalena,Río Nare,2022,30,Andes,Definitivo,23,23,0,1.4125372171402,1.4125372171402,0,5.69171524047852,2.75909543037415,3.05454540252686,6.04363632202148,5,10,0.869565188884735,0.876811623573303,1,1,36,1.05999994277954,24.3799986839294
06,2013-06-26,23080760,0,Definitivo,SAN ROQUE [23080760],Pluviométrica,Convencional,Activa,Antioquia,San Roque,6.4875,-75.017,820,5/15/1975,,Monchia,Magdalena Cauca,Medio Magdalena,Río Nare,2013,26,Andes,Definitivo,0,0,0,1.24395072460175,1.24395072460175,0,1.20848834514618,0,3.05454540252686,6.04363632202148,5,10,0.869565188884735,0.876811623573303,1,1,36,1.05999994277954,0
06,2013-06-28,23080760,15,Definitivo,SAN ROQUE [23080760],Pluviométrica,Convencional,Activa,Antioquia,San Roque,6.4875,-75.017,820,5/15/1975,,Monchia,Magdalena Cauca,Medio Magdalena,Río Nare,2013,28,Andes,Definitivo,15,15,0,4.61581134796143,4.61581134796143,36.7927856445313,28.0989208221436,66.084716796875,3.05454540252686,6.04363632202148,5,10,0.869565188884735,0.876811623573303,1,1,36,1.05999994277954,15.8999991416931
06,2022-06-26,23080760,0,Definitivo,SAN ROQUE [23080760],Pluviométrica,Convencional,Activa,Antioquia,San Roque,6.4875,-75.017,820,5/15/1975,,Monchia,Magdalena Cauca,Medio Magdalena,Río Nare,2022,26,Andes,Definitivo,0,0,0,3.15721130371094,3.15721130371094,34.4888038635254,10.4089097976685,17.1899223327637,3.05454540252686,6.04363632202148,5,10,0.869565188884735,0.876811623573303,1,1,36,1.05999994277954,0
06,2009-06-28,23080760,,"",SAN ROQUE [23080760],Pluviométrica,Convencional,Activa,Antioquia,San Roque,6.4875,-75.017,820,5/15/1975,,Monchia,Magdalena Cauca,Medio Magdalena,Río Nare,2009,28,Andes,Preliminar,0,0,0,1.06770312786102,1.06770312786102,4.46296072006226,0.580220699310303,0.0997585654258728,3.05454540252686,6.04363632202148,5,10,0.869565188884735,0.876811623573303,1,1,36,1.05999994277954,0
06,2008-06-25,23080760,0,Definitivo,SAN ROQUE [23080760],Pluviométrica,Convencional,Activa,Antioquia,San Roque,6.4875,-75.017,820,5/15/1975,,Monchia,Magdalena Cauca,Medio Magdalena,Río Nare,2008,25,Andes,Definitivo,0,0,0,19.8088779449463,19.8088779449463,40.1806831359863,57.470760345459,46.0272064208984,3.05454540252686,6.04363632202148,5,10,0.869565188884735,0.876811623573303,1,1,35,1.05999994277954,0
06,2008-06-27,23080760,,"",SAN ROQUE [23080760],Pluviométrica,Convencional,Activa,Antioquia,San Roque,6.4875,-75.017,820,5/15/1975,,Monchia,Magdalena Cauca,Medio Magdalena,Río Nare,2008,27,Andes,Preliminar,0,0,0,32.2209854125977,32.2209854125977,6.24933815002441,13.6088380813599,11.1827297210693,3.05454540252686,6.04363632202148,5,10,0.869565188884735,0.876811623573303,1,1,36,1.05999994277954,0
06,2011-06-26,23080760,20,Definitivo,SAN ROQUE [23080760],Pluviométrica,Convencional,Activa,Antioquia,San Roque,6.4875,-75.017,820,5/15/1975,,Monchia,Magdalena Cauca,Medio Magdalena,Río Nare,2011,26,Andes,Definitivo,20,20,0,17.5704917907715,17.5704917907715,20.3541851043701,26.3186626434326,15.359468460083,3.05454540252686,6.04363632202148,5,10,0.869565188884735,0.876811623573303,1,1,36,1.05999994277954,21.1999988555908
06,2015-06-29,23080760,,"",SAN ROQUE [23080760],Pluviométrica,Convencional,Activa,Antioquia,San Roque,6.4875,-75.017,820,5/15/1975,,Monchia,Magdalena Cauca,Medio Magdalena,Río Nare,2015,29,Andes,Preliminar,0,0,0,6.09538793563843,6.09538793563843,0,1.48299872875214,0.293170034885407,3.05454540252686,6.04363632202148,5,10,0.869565188884735,0.876811623573303,1,1,36,1.05999994277954,0
06,2020-06-28,23080760,11,Definitivo,SAN ROQUE [23080760],Pluviométrica,Convencional,Activa,Antioquia,San Roque,6.4875,-75.017,820,5/15/1975,,Monchia,Magdalena Cauca,Medio Magdalena,Río Nare,2020,28,Andes,Definitivo,11,11,0,23.0130558013916,23.0130558013916,26.4448413848877,40.7626838684082,45.9435882568359,3.05454540252686,6.04363632202148,5,10,0.869565188884735,0.876811623573303,1,1,36,1.05999994277954,11.659999370575
06,2020-06-29,23080760,15,Definitivo,SAN ROQUE [23080760],Pluviométrica,Convencional,Activa,Antioquia,San Roque,6.4875,-75.017,820,5/15/1975,,Monchia,Magdalena Cauca,Medio Magdalena,Río Nare,2020,29,Andes,Definitivo,15,15,0,4.5010199546814,4.5010199546814,0,5.27018165588379,0.0808152332901955,3.05454540252686,6.04363632202148,5,10,0.869565188884735,0.876811623573303,1,1,36,1.05999994277954,15.8999991416931
06,2021-06-29,23080760,2,Definitivo,SAN ROQUE [23080760],Pluviométrica,Convencional,Activa,Antioquia,San Roque,6.4875,-75.017,820,5/15/1975,,Monchia,Magdalena Cauca,Medio Magdalena,Río Nare,2021,29,Andes,Definitivo,2,2,0,0.305401504039764,0.305401504039764,4.01861381530762,0.300219565629959,13.2720165252686,3.05454540252686,6.04363632202148,5,10,0.869565188884735,0.876811623573303,1,1,36,1.05999994277954,2.11999988555908
06,2006-06-29,23080760,,"",SAN ROQUE [23080760],Pluviométrica,Convencional,Activa,Antioquia,San Roque,6.4875,-75.017,820,5/15/1975,,Monchia,Magdalena Cauca,Medio Magdalena,Río Nare,2006,29,Andes,Preliminar,0,0,0,0,0,0,0,0,3.05454540252686,6.04363632202148,5,10,0.869565188884735,0.876811623573303,1,1,36,1.05999994277954,0
06,2023-06-26,23080760,4,Definitivo,SAN ROQUE [23080760],Pluviométrica,Convencional,Activa,Antioquia,San Roque,6.4875,-75.017,820,5/15/1975,,Monchia,Magdalena Cauca,Medio Magdalena,Río Nare,2023,26,Andes,Definitivo,4,4,0,0,0,11.2651424407959,26.2413730621338,8.34969139099121,3.05454540252686,6.04363632202148,5,10,0.869565188884735,0.876811623573303,1,1,36,1.05999994277954,4.23999977111816
06,2023-06-24,23080760,5,Definitivo,SAN ROQUE [23080760],Pluviométrica,Convencional,Activa,Antioquia,San Roque,6.4875,-75.017,820,5/15/1975,,Monchia,Magdalena Cauca,Medio Magdalena,Río Nare,2023,24,Andes,Definitivo,5,5,0,46.8820953369141,46.8820953369141,25.0793323516846,35.5656280517578,8.87980079650879,3.05454540252686,6.04363632202148,5,10,0.869565188884735,0.876811623573303,1,1,35,1.05999994277954,5.29999971389771
06,2006-06-26,23080760,,"",SAN ROQUE [23080760],Pluviométrica,Convencional,Activa,Antioquia,San Roque,6.4875,-75.017,820,5/15/1975,,Monchia,Magdalena Cauca,Medio Magdalena,Río Nare,2006,26,Andes,Preliminar,0,0,0,19.7574195861816,19.7574195861816,2.37913513183594,8.95934963226318,3.91446971893311,3.05454540252686,6.04363632202148,5,10,0.869565188884735,0.876811623573303,1,1,36,1.05999994277954,0
06,2006-06-27,23080760,,"",SAN ROQUE [23080760],Pluviométrica,Convencional,Activa,Antioquia,San Roque,6.4875,-75.017,820,5/15/1975,,Monchia,Magdalena Cauca,Medio Magdalena,Río Nare,2006,27,Andes,Preliminar,0,0,0,2.52222371101379,2.52222371101379,1.18956756591797,3.80649018287659,6.37227010726929,3.05454540252686,6.04363632202148,5,10,0.869565188884735,0.876811623573303,1,1,36,1.05999994277954,0
06,2011-06-27,23080760,,"",SAN ROQUE [23080760],Pluviométrica,Convencional,Activa,Antioquia,San Roque,6.4875,-75.017,820,5/15/1975,,Monchia,Magdalena Cauca,Medio Magdalena,Río Nare,2011,27,Andes,Preliminar,0,0,0,1.92389738559723,1.92389738559723,20.3541851043701,2.97016143798828,26.4450664520264,3.05454540252686,6.04363632202148,5,10,0.869565188884735,0.876811623573303,1,1,36,1.05999994277954,0
06,2015-06-30,23080760,,"",SAN ROQUE [23080760],Pluviométrica,Convencional,Activa,Antioquia,San Roque,6.4875,-75.017,820,5/15/1975,,Monchia,Magdalena Cauca,Medio Magdalena,Río Nare,2015,30,Andes,Preliminar,0,0,0,6.54261445999146,6.54261445999146,0,3.99087452888489,5.76710987091065,3.05454540252686,6.04363632202148,5,10,0.869565188884735,0.876811623573303,1,1,36,1.05999994277954,0
06,2018-06-28,23080760,0,Definitivo,SAN ROQUE [23080760],Pluviométrica,Convencional,Activa,Antioquia,San Roque,6.4875,-75.017,820,5/15/1975,,Monchia,Magdalena Cauca,Medio Magdalena,Río Nare,2018,28,Andes,Definitivo,0,0,0,2.13298845291138,2.13298845291138,0,14.6598682403564,11.909595489502,3.05454540252686,6.04363632202148,5,10,0.869565188884735,0.876811623573303,1,1,36,1.05999994277954,0
06,2008-06-29,23080760,,"",SAN ROQUE [23080760],Pluviométrica,Convencional,Activa,Antioquia,San Roque,6.4875,-75.017,820,5/15/1975,,Monchia,Magdalena Cauca,Medio Magdalena,Río Nare,2008,29,Andes,Preliminar,0,0,0,0,0,9.3740062713623,4.08562326431274,6.28227281570435,3.05454540252686,6.04363632202148,5,10,0.869565188884735,0.876811623573303,1,1,36,1.05999994277954,0
06,2017-06-27,23080760,18,Definitivo,SAN ROQUE [23080760],Pluviométrica,Convencional,Activa,Antioquia,San Roque,6.4875,-75.017,820,5/15/1975,,Monchia,Magdalena Cauca,Medio Magdalena,Río Nare,2017,27,Andes,Definitivo,18,18,0,24.8806648254395,24.8806648254395,27.5986862182617,8.67731094360352,18.1105480194092,3.05454540252686,6.04363632202148,5,10,0.869565188884735,0.876811623573303,1,1,36,1.05999994277954,19.0799989700317
06,2006-06-30,23080760,,"",SAN ROQUE [23080760],Pluviométrica,Convencional,Activa,Antioquia,San Roque,6.4875,-75.017,820,5/15/1975,,Monchia,Magdalena Cauca,Medio Magdalena,Río Nare,2006,30,Andes,Preliminar,0,0,0,0,0,0,0,0.0609687082469463,3.05454540252686,6.04363632202148,5,10,0.869565188884735,0.876811623573303,1,1,36,1.05999994277954,0
06,2016-06-28,23080760,,"",SAN ROQUE [23080760],Pluviométrica,Convencional,Activa,Antioquia,San Roque,6.4875,-75.017,820,5/15/1975,,Monchia,Magdalena Cauca,Medio Magdalena,Río Nare,2016,28,Andes,Preliminar,0,0,0,0,0,0,0.0572232268750668,0.228029474616051,3.05454540252686,6.04363632202148,5,10,0.869565188884735,0.876811623573303,1,1,36,1.05999994277954,0
06,2023-06-21,23080760,0,Definitivo,SAN ROQUE [23080760],Pluviométrica,Convencional,Activa,Antioquia,San Roque,6.4875,-75.017,820,5/15/1975,,Monchia,Magdalena Cauca,Medio Magdalena,Río Nare,2023,21,Andes,Definitivo,0,0,0,0,0,0,0.492418259382248,0,3.05454540252686,6.04363632202148,5,10,0.869565188884735,0.876811623573303,1,1,35,1.05999994277954,0
06,2021-06-19,23080760,7,Definitivo,SAN ROQUE [23080760],Pluviométrica,Convencional,Activa,Antioquia,San Roque,6.4875,-75.017,820,5/15/1975,,Monchia,Magdalena Cauca,Medio Magdalena,Río Nare,2021,19,Andes,Definitivo,7,7,0,3.15552854537964,3.15552854537964,16.4467010498047,9.60865879058838,15.5527963638306,3.05454540252686,6.04363632202148,5,10,0.869565188884735,0.876811623573303,1,1,34,1.05999994277954,7.41999959945679
06,2009-06-25,23080760,,"",SAN ROQUE [23080760],Pluviométrica,Convencional,Activa,Antioquia,San Roque,6.4875,-75.017,820,5/15/1975,,Monchia,Magdalena Cauca,Medio Magdalena,Río Nare,2009,25,Andes,Preliminar,0,0,0,16.5136013031006,16.5136013031006,13.4059314727783,12.2093734741211,42.4166069030762,3.05454540252686,6.04363632202148,5,10,0.869565188884735,0.876811623573303,1,1,35,1.05999994277954,0
06,2007-06-28,23080760,2,Definitivo,SAN ROQUE [23080760],Pluviométrica,Convencional,Activa,Antioquia,San Roque,6.4875,-75.017,820,5/15/1975,,Monchia,Magdalena Cauca,Medio Magdalena,Río Nare,2007,28,Andes,Definitivo,2,2,0,0,0,0,0.784919917583466,0.0568808652460575,3.05454540252686,6.04363632202148,5,10,0.869565188884735,0.876811623573303,1,1,36,1.05999994277954,2.11999988555908
06,2016-06-26,23080760,0,Definitivo,SAN ROQUE [23080760],Pluviométrica,Convencional,Activa,Antioquia,San Roque,6.4875,-75.017,820,5/15/1975,,Monchia,Magdalena Cauca,Medio Magdalena,Río Nare,2016,26,Andes,Definitivo,0,0,0,13.0050382614136,13.0050382614136,15.4634265899658,5.44237422943115,1.45966577529907,3.05454540252686,6.04363632202148,5,10,0.869565188884735,0.876811623573303,1,1,36,1.05999994277954,0
06,2023-06-30,23080760,19,Definitivo,SAN ROQUE [23080760],Pluviométrica,Convencional,Activa,Antioquia,San Roque,6.4875,-75.017,820,5/15/1975,,Monchia,Magdalena Cauca,Medio Magdalena,Río Nare,2023,30,Andes,Definitivo,19,19,0,0,0,7.51009511947632,1.88950133323669,18.196008682251,3.05454540252686,6.04363632202148,5,10,0.869565188884735,0.876811623573303,1,1,36,1.05999994277954,20.1399989128113
06,2021-06-30,23080760,0,Definitivo,SAN ROQUE [23080760],Pluviométrica,Convencional,Activa,Antioquia,San Roque,6.4875,-75.017,820,5/15/1975,,Monchia,Magdalena Cauca,Medio Magdalena,Río Nare,2021,30,Andes,Definitivo,0,0,0,3.02278208732605,3.02278208732605,8.03722763061523,4.67457294464111,2.63225054740906,3.05454540252686,6.04363632202148,5,10,0.869565188884735,0.876811623573303,1,1,36,1.05999994277954,0
06,2016-06-25,23080760,2,Definitivo,SAN ROQUE [23080760],Pluviométrica,Convencional,Activa,Antioquia,San Roque,6.4875,-75.017,820,5/15/1975,,Monchia,Magdalena Cauca,Medio Magdalena,Río Nare,2016,25,Andes,Definitivo,2,2,0,26.3018417358398,26.3018417358398,0,12.0284395217896,6.59543037414551,3.05454540252686,6.04363632202148,5,10,0.869565188884735,0.876811623573303,1,1,35,1.05999994277954,2.11999988555908
06,2013-06-30,23080760,22,Definitivo,SAN ROQUE [23080760],Pluviométrica,Convencional,Activa,Antioquia,San Roque,6.4875,-75.017,820,5/15/1975,,Monchia,Magdalena Cauca,Medio Magdalena,Río Nare,2013,30,Andes,Definitivo,22,22,0,25.6268882751465,25.6268882751465,7.35855722427368,12.8976764678955,1.3874819278717,3.05454540252686,6.04363632202148,5,10,0.869565188884735,0.876811623573303,1,1,36,1.05999994277954,23.3199987411499
06,2019-06-28,23080760,0,Definitivo,SAN ROQUE [23080760],Pluviométrica,Convencional,Activa,Antioquia,San Roque,6.4875,-75.017,820,5/15/1975,,Monchia,Magdalena Cauca,Medio Magdalena,Río Nare,2019,28,Andes,Definitivo,0,0,0,0,0,9.73351383209229,16.62890625,0.433808177709579,3.05454540252686,6.04363632202148,5,10,0.869565188884735,0.876811623573303,1,1,36,1.05999994277954,0
06,2008-06-28,23080760,,"",SAN ROQUE [23080760],Pluviométrica,Convencional,Activa,Antioquia,San Roque,6.4875,-75.017,820,5/15/1975,,Monchia,Magdalena Cauca,Medio Magdalena,Río Nare,2008,28,Andes,Preliminar,0,0,0,0,0,6.24933815002441,14.6195116043091,1.61219549179077,3.05454540252686,6.04363632202148,5,10,0.869565188884735,0.876811623573303,1,1,36,1.05999994277954,0
06,2020-06-25,23080760,38,Definitivo,SAN ROQUE [23080760],Pluviométrica,Convencional,Activa,Antioquia,San Roque,6.4875,-75.017,820,5/15/1975,,Monchia,Magdalena Cauca,Medio Magdalena,Río Nare,2020,25,Andes,Definitivo,38,38,0,16.6668663024902,16.6668663024902,0,4.92590379714966,0.298234224319458,3.05454540252686,6.04363632202148,5,10,0.869565188884735,0.876811623573303,1,1,35,1.05999994277954,40.2799978256226
06,2022-06-27,23080760,48,Definitivo,SAN ROQUE [23080760],Pluviométrica,Convencional,Activa,Antioquia,San Roque,6.4875,-75.017,820,5/15/1975,,Monchia,Magdalena Cauca,Medio Magdalena,Río Nare,2022,27,Andes,Definitivo,48,48,0,0.910279989242554,0.910279989242554,0,16.274621963501,5.45773220062256,3.05454540252686,6.04363632202148,5,10,0.869565188884735,0.876811623573303,1,1,36,1.05999994277954,50.879997253418
06,2006-06-25,23080760,,"",SAN ROQUE [23080760],Pluviométrica,Convencional,Activa,Antioquia,San Roque,6.4875,-75.017,820,5/15/1975,,Monchia,Magdalena Cauca,Medio Magdalena,Río Nare,2006,25,Andes,Preliminar,0,0,0,0,0,0,2.08620166778564,0.00866872444748879,3.05454540252686,6.04363632202148,5,10,0.869565188884735,0.876811623573303,1,1,35,1.05999994277954,0
06,2007-06-23,23080760,1,Definitivo,SAN ROQUE [23080760],Pluviométrica,Convencional,Activa,Antioquia,San Roque,6.4875,-75.017,820,5/15/1975,,Monchia,Magdalena Cauca,Medio Magdalena,Río Nare,2007,23,Andes,Definitivo,1,1,0,6.6820821762085,6.6820821762085,0,8.16426753997803,0.0440063327550888,3.05454540252686,6.04363632202148,5,10,0.869565188884735,0.876811623573303,1,1,35,1.05999994277954,1.05999994277954
06,2007-06-24,23080760,0,Definitivo,SAN ROQUE [23080760],Pluviométrica,Convencional,Activa,Antioquia,San Roque,6.4875,-75.017,820,5/15/1975,,Monchia,Magdalena Cauca,Medio Magdalena,Río Nare,2007,24,Andes,Definitivo,0,0,0,8.32971954345703,8.32971954345703,10.8451795578003,2.3542971611023,1.16885197162628,3.05454540252686,6.04363632202148,5,10,0.869565188884735,0.876811623573303,1,1,35,1.05999994277954,0
06,2009-06-26,23080760,,"",SAN ROQUE [23080760],Pluviométrica,Convencional,Activa,Antioquia,San Roque,6.4875,-75.017,820,5/15/1975,,Monchia,Magdalena Cauca,Medio Magdalena,Río Nare,2009,26,Andes,Preliminar,0,0,0,6.07256126403809,6.07256126403809,0,1.14903199672699,0.0100347111001611,3.05454540252686,6.04363632202148,5,10,0.869565188884735,0.876811623573303,1,1,36,1.05999994277954,0
06,2011-06-28,23080760,,"",SAN ROQUE [23080760],Pluviométrica,Convencional,Activa,Antioquia,San Roque,6.4875,-75.017,820,5/15/1975,,Monchia,Magdalena Cauca,Medio Magdalena,Río Nare,2011,28,Andes,Preliminar,0,0,0,0.770350694656372,0.770350694656372,0,0.312291443347931,0.092499628663063,3.05454540252686,6.04363632202148,5,10,0.869565188884735,0.876811623573303,1,1,36,1.05999994277954,0
06,2018-06-29,23080760,3,Definitivo,SAN ROQUE [23080760],Pluviométrica,Convencional,Activa,Antioquia,San Roque,6.4875,-75.017,820,5/15/1975,,Monchia,Magdalena Cauca,Medio Magdalena,Río Nare,2018,29,Andes,Definitivo,3,3,0,7.23680400848389,7.23680400848389,15.9379425048828,5.27032232284546,4.28072452545166,3.05454540252686,6.04363632202148,5,10,0.869565188884735,0.876811623573303,1,1,36,1.05999994277954,3.17999982833862
06,2020-06-30,23080760,3,Definitivo,SAN ROQUE [23080760],Pluviométrica,Convencional,Activa,Antioquia,San Roque,6.4875,-75.017,820,5/15/1975,,Monchia,Magdalena Cauca,Medio Magdalena,Río Nare,2020,30,Andes,Definitivo,3,3,0,11.2021932601929,11.2021932601929,17.6298942565918,18.0487213134766,16.9167060852051,3.05454540252686,6.04363632202148,5,10,0.869565188884735,0.876811623573303,1,1,36,1.05999994277954,3.17999982833862
06,2023-06-28,23080760,14,Definitivo,SAN ROQUE [23080760],Pluviométrica,Convencional,Activa,Antioquia,San Roque,6.4875,-75.017,820,5/15/1975,,Monchia,Magdalena Cauca,Medio Magdalena,Río Nare,2023,28,Andes,Definitivo,14,14,0,17.7733631134033,17.7733631134033,11.2651424407959,7.23658657073975,11.683051109314,3.05454540252686,6.04363632202148,5,10,0.869565188884735,0.876811623573303,1,1,36,1.05999994277954,14.8399991989136
06,2023-06-27,23080760,15,Definitivo,SAN ROQUE [23080760],Pluviométrica,Convencional,Activa,Antioquia,San Roque,6.4875,-75.017,820,5/15/1975,,Monchia,Magdalena Cauca,Medio Magdalena,Río Nare,2023,27,Andes,Definitivo,15,15,0,28.2372932434082,28.2372932434082,0,2.63025593757629,0.304514139890671,3.05454540252686,6.04363632202148,5,10,0.869565188884735,0.876811623573303,1,1,36,1.05999994277954,15.8999991416931
06,2010-06-29,23080760,2,Definitivo,SAN ROQUE [23080760],Pluviométrica,Convencional,Activa,Antioquia,San Roque,6.4875,-75.017,820,5/15/1975,,Monchia,Magdalena Cauca,Medio Magdalena,Río Nare,2010,29,Andes,Definitivo,2,2,0,0,0,0,1.62863576412201,0.0881285145878792,3.05454540252686,6.04363632202148,5,10,0.869565188884735,0.876811623573303,1,1,36,1.05999994277954,2.11999988555908
06,2015-06-26,23080760,,"",SAN ROQUE [23080760],Pluviométrica,Convencional,Activa,Antioquia,San Roque,6.4875,-75.017,820,5/15/1975,,Monchia,Magdalena Cauca,Medio Magdalena,Río Nare,2015,26,Andes,Preliminar,0,0,0,0,0,0,0.143320292234421,0.0744080916047096,3.05454540252686,6.04363632202148,5,10,0.869565188884735,0.876811623573303,1,1,36,1.05999994277954,0
06,2007-06-26,23080760,0,Definitivo,SAN ROQUE [23080760],Pluviométrica,Convencional,Activa,Antioquia,San Roque,6.4875,-75.017,820,5/15/1975,,Monchia,Magdalena Cauca,Medio Magdalena,Río Nare,2007,26,Andes,Definitivo,0,0,0,4.42125225067139,4.42125225067139,0,4.72050619125366,0.434303462505341,3.05454540252686,6.04363632202148,5,10,0.869565188884735,0.876811623573303,1,1,36,1.05999994277954,0
06,2007-06-27,23080760,0,Definitivo,SAN ROQUE [23080760],Pluviométrica,Convencional,Activa,Antioquia,San Roque,6.4875,-75.017,820,5/15/1975,,Monchia,Magdalena Cauca,Medio Magdalena,Río Nare,2007,27,Andes,Definitivo,0,0,0,2.72077083587647,2.72077083587647,0,5.08541870117188,0.15468043088913,3.05454540252686,6.04363632202148,5,10,0.869565188884735,0.876811623573303,1,1,36,1.05999994277954,0
06,2022-06-25,23080760,30,Definitivo,SAN ROQUE [23080760],Pluviométrica,Convencional,Activa,Antioquia,San Roque,6.4875,-75.017,820,5/15/1975,,Monchia,Magdalena Cauca,Medio Magdalena,Río Nare,2022,25,Andes,Definitivo,30,30,0,4.45208883285522,4.45208883285522,9.58598518371582,19.2896041870117,8.3984317779541,3.05454540252686,6.04363632202148,5,10,0.869565188884735,0.876811623573303,1,1,35,1.05999994277954,31.7999982833862
06,2021-06-24,23080760,4,Definitivo,SAN ROQUE [23080760],Pluviométrica,Convencional,Activa,Antioquia,San Roque,6.4875,-75.017,820,5/15/1975,,Monchia,Magdalena Cauca,Medio Magdalena,Río Nare,2021,24,Andes,Definitivo,4,4,0,18.5702247619629,18.5702247619629,20.5513134002686,27.4863052368164,47.9802131652832,3.05454540252686,6.04363632202148,5,10,0.869565188884735,0.876811623573303,1,1,35,1.05999994277954,4.23999977111816
06,2023-06-19,23080760,0,Definitivo,SAN ROQUE [23080760],Pluviométrica,Convencional,Activa,Antioquia,San Roque,6.4875,-75.017,820,5/15/1975,,Monchia,Magdalena Cauca,Medio Magdalena,Río Nare,2023,19,Andes,Definitivo,0,0,0,5.10469961166382,5.10469961166382,0,0,0,3.05454540252686,6.04363632202148,5,10,0.869565188884735,0.876811623573303,1,1,34,1.05999994277954,0
06,2007-06-25,23080760,0,Definitivo,SAN ROQUE [23080760],Pluviométrica,Convencional,Activa,Antioquia,San Roque,6.4875,-75.017,820,5/15/1975,,Monchia,Magdalena Cauca,Medio Magdalena,Río Nare,2007,25,Andes,Definitivo,0,0,0,3.50122785568237,3.50122785568237,0,0.720560431480408,0.934004664421082,3.05454540252686,6.04363632202148,5,10,0.869565188884735,0.876811623573303,1,1,35,1.05999994277954,0
06,2010-06-23,23080760,70,Definitivo,SAN ROQUE [23080760],Pluviométrica,Convencional,Activa,Antioquia,San Roque,6.4875,-75.017,820,5/15/1975,,Monchia,Magdalena Cauca,Medio Magdalena,Río Nare,2010,23,Andes,Definitivo,70,70,0,0.446160554885864,0.446160554885864,0,2.03057169914246,1.06748998165131,3.05454540252686,6.04363632202148,5,10,0.869565188884735,0.876811623573303,1,1,35,1.05999994277954,74.1999959945679
06,2016-06-27,23080760,,"",SAN ROQUE [23080760],Pluviométrica,Convencional,Activa,Antioquia,San Roque,6.4875,-75.017,820,5/15/1975,,Monchia,Magdalena Cauca,Medio Magdalena,Río Nare,2016,27,Andes,Preliminar,0,0,0,0,0,0,0.111234001815319,0.0853764936327934,3.05454540252686,6.04363632202148,5,10,0.869565188884735,0.876811623573303,1,1,36,1.05999994277954,0
06,2019-06-26,23080760,12,Definitivo,SAN ROQUE [23080760],Pluviométrica,Convencional,Activa,Antioquia,San Roque,6.4875,-75.017,820,5/15/1975,,Monchia,Magdalena Cauca,Medio Magdalena,Río Nare,2019,26,Andes,Definitivo,12,12,0,17.9488620758057,17.9488620758057,1.94670271873474,5.65238094329834,2.93782639503479,3.05454540252686,6.04363632202148,5,10,0.869565188884735,0.876811623573303,1,1,36,1.05999994277954,12.7199993133545
06,2023-06-29,23080760,0,Definitivo,SAN ROQUE [23080760],Pluviométrica,Convencional,Activa,Antioquia,San Roque,6.4875,-75.017,820,5/15/1975,,Monchia,Magdalena Cauca,Medio Magdalena,Río Nare,2023,29,Andes,Definitivo,0,0,0,0,0,0,0.545075416564941,0.00952300895005465,3.05454540252686,6.04363632202148,5,10,0.869565188884735,0.876811623573303,1,1,36,1.05999994277954,0
06,2010-06-30,23080760,,"",SAN ROQUE [23080760],Pluviométrica,Convencional,Activa,Antioquia,San Roque,6.4875,-75.017,820,5/15/1975,,Monchia,Magdalena Cauca,Medio Magdalena,Río Nare,2010,30,Andes,Preliminar,0,0,0,7.79866313934326,7.79866313934326,6.25349426269531,6.05114459991455,6.06556844711304,3.05454540252686,6.04363632202148,5,10,0.869565188884735,0.876811623573303,1,1,36,1.05999994277954,0
06,2017-06-26,23080760,74,Definitivo,SAN ROQUE [23080760],Pluviométrica,Convencional,Activa,Antioquia,San Roque,6.4875,-75.017,820,5/15/1975,,Monchia,Magdalena Cauca,Medio Magdalena,Río Nare,2017,26,Andes,Definitivo,74,74,0,1.47215008735657,1.47215008735657,27.5986862182617,33.0080490112305,28.0566558837891,3.05454540252686,6.04363632202148,5,10,0.869565188884735,0.876811623573303,1,1,36,1.05999994277954,78.439995765686
06,2005-06-30,23080760,0,Definitivo,SAN ROQUE [23080760],Pluviométrica,Convencional,Activa,Antioquia,San Roque,6.4875,-75.017,820,5/15/1975,,Monchia,Magdalena Cauca,Medio Magdalena,Río Nare,2005,30,Andes,Definitivo,0,0,0,21.7856693267822,21.7856693267822,15.9559049606323,16.0148582458496,6.26488304138184,3.05454540252686,6.04363632202148,5,10,0.869565188884735,0.876811623573303,1,1,36,1.05999994277954,0
06,2015-06-27,23080760,,"",SAN ROQUE [23080760],Pluviométrica,Convencional,Activa,Antioquia,San Roque,6.4875,-75.017,820,5/15/1975,,Monchia,Magdalena Cauca,Medio Magdalena,Río Nare,2015,27,Andes,Preliminar,0,0,0,0,0,17.2164363861084,0.0264064632356167,0.0222081206738949,3.05454540252686,6.04363632202148,5,10,0.869565188884735,0.876811623573303,1,1,36,1.05999994277954,0
06,2015-06-28,23080760,,"",SAN ROQUE [23080760],Pluviométrica,Convencional,Activa,Antioquia,San Roque,6.4875,-75.017,820,5/15/1975,,Monchia,Magdalena Cauca,Medio Magdalena,Río Nare,2015,28,Andes,Preliminar,0,0,0,4.2500491142273,4.2500491142273,0,0.604284524917603,0.0909886136651039,3.05454540252686,6.04363632202148,5,10,0.869565188884735,0.876811623573303,1,1,36,1.05999994277954,0
06,2005-06-27,23080760,11,Definitivo,SAN ROQUE [23080760],Pluviométrica,Convencional,Activa,Antioquia,San Roque,6.4875,-75.017,820,5/15/1975,,Monchia,Magdalena Cauca,Medio Magdalena,Río Nare,2005,27,Andes,Definitivo,11,11,0,0.450737982988358,0.450737982988358,15.9559049606323,11.8993053436279,3.44077587127686,3.05454540252686,6.04363632202148,5,10,0.869565188884735,0.876811623573303,1,1,36,1.05999994277954,11.659999370575
06,2007-06-22,23080760,0,Definitivo,SAN ROQUE [23080760],Pluviométrica,Convencional,Activa,Antioquia,San Roque,6.4875,-75.017,820,5/15/1975,,Monchia,Magdalena Cauca,Medio Magdalena,Río Nare,2007,22,Andes,Definitivo,0,0,0,3.66141510009766,3.66141510009766,5.42258977890015,7.23281764984131,9.18391799926758,3.05454540252686,6.04363632202148,5,10,0.869565188884735,0.876811623573303,1,1,35,1.05999994277954,0
06,2008-06-19,23080760,,"",SAN ROQUE [23080760],Pluviométrica,Convencional,Activa,Antioquia,San Roque,6.4875,-75.017,820,5/15/1975,,Monchia,Magdalena Cauca,Medio Magdalena,Río Nare,2008,19,Andes,Preliminar,0,0,0,9.11176872253418,9.11176872253418,0,7.5724663734436,0.0154165467247367,3.05454540252686,6.04363632202148,5,10,0.869565188884735,0.876811623573303,1,1,34,1.05999994277954,0
06,2023-06-17,23080760,4,Definitivo,SAN ROQUE [23080760],Pluviométrica,Convencional,Activa,Antioquia,San Roque,6.4875,-75.017,820,5/15/1975,,Monchia,Magdalena Cauca,Medio Magdalena,Río Nare,2023,17,Andes,Definitivo,4,4,0,5.10469961166382,5.10469961166382,4.51169347763062,6.98750734329224,2.18442416191101,3.05454540252686,6.04363632202148,5,10,0.869565188884735,0.876811623573303,1,1,34,1.05999994277954,4.23999977111816
06,2023-06-14,23080760,2,Definitivo,SAN ROQUE [23080760],Pluviométrica,Convencional,Activa,Antioquia,San Roque,6.4875,-75.017,820,5/15/1975,,Monchia,Magdalena Cauca,Medio Magdalena,Río Nare,2023,14,Andes,Definitivo,2,2,0,0,0,9.33475208282471,12.553427696228,19.0505924224854,3.05454540252686,6.04363632202148,5,10,0.869565188884735,0.876811623573303,1,1,33,1.05999994277954,2.11999988555908
06,2014-06-26,23080760,20,Definitivo,SAN ROQUE [23080760],Pluviométrica,Convencional,Activa,Antioquia,San Roque,6.4875,-75.017,820,5/15/1975,,Monchia,Magdalena Cauca,Medio Magdalena,Río Nare,2014,26,Andes,Definitivo,20,20,0,9.34307098388672,9.34307098388672,10.5208282470703,14.0873928070068,6.62542152404785,3.05454540252686,6.04363632202148,5,10,0.869565188884735,0.876811623573303,1,1,36,1.05999994277954,21.1999988555908
06,2014-06-27,23080760,,"",SAN ROQUE [23080760],Pluviométrica,Convencional,Activa,Antioquia,San Roque,6.4875,-75.017,820,5/15/1975,,Monchia,Magdalena Cauca,Medio Magdalena,Río Nare,2014,27,Andes,Preliminar,0,0,0,9.86781311035156,9.86781311035156,10.5208282470703,8.42142486572266,4.96205902099609,3.05454540252686,6.04363632202148,5,10,0.869565188884735,0.876811623573303,1,1,36,1.05999994277954,0
06,2018-06-30,23080760,20,Definitivo,SAN ROQUE [23080760],Pluviométrica,Convencional,Activa,Antioquia,San Roque,6.4875,-75.017,820,5/15/1975,,Monchia,Magdalena Cauca,Medio Magdalena,Río Nare,2018,30,Andes,Definitivo,20,20,0,1.74859750270844,1.74859750270844,0,9.87005615234375,5.0980920791626,3.05454540252686,6.04363632202148,5,10,0.869565188884735,0.876811623573303,1,1,36,1.05999994277954,21.1999988555908
06,2021-06-28,23080760,8,Definitivo,SAN ROQUE [23080760],Pluviométrica,Convencional,Activa,Antioquia,San Roque,6.4875,-75.017,820,5/15/1975,,Monchia,Magdalena Cauca,Medio Magdalena,Río Nare,2021,28,Andes,Definitivo,8,8,0,14.3432741165161,14.3432741165161,8.03722763061523,6.2634973526001,13.3712873458862,3.05454540252686,6.04363632202148,5,10,0.869565188884735,0.876811623573303,1,1,36,1.05999994277954,8.47999954223633
06,2010-06-28,23080760,22,Definitivo,SAN ROQUE [23080760],Pluviométrica,Convencional,Activa,Antioquia,San Roque,6.4875,-75.017,820,5/15/1975,,Monchia,Magdalena Cauca,Medio Magdalena,Río Nare,2010,28,Andes,Definitivo,22,22,0,0,0,0,8.42804336547852,1.86240577697754,3.05454540252686,6.04363632202148,5,10,0.869565188884735,0.876811623573303,1,1,36,1.05999994277954,23.3199987411499
06,2011-06-24,23080760,27,Definitivo,SAN ROQUE [23080760],Pluviométrica,Convencional,Activa,Antioquia,San Roque,6.4875,-75.017,820,5/15/1975,,Monchia,Magdalena Cauca,Medio Magdalena,Río Nare,2011,24,Andes,Definitivo,27,27,0,8.77798366546631,8.77798366546631,18.8840351104736,20.6272735595703,22.6968727111816,3.05454540252686,6.04363632202148,5,10,0.869565188884735,0.876811623573303,1,1,35,1.05999994277954,28.6199984550476
06,2006-06-28,23080760,,"",SAN ROQUE [23080760],Pluviométrica,Convencional,Activa,Antioquia,San Roque,6.4875,-75.017,820,5/15/1975,,Monchia,Magdalena Cauca,Medio Magdalena,Río Nare,2006,28,Andes,Preliminar,0,0,0,2.52222371101379,2.52222371101379,5.94783735275269,1.51438641548157,3.93251800537109,3.05454540252686,6.04363632202148,5,10,0.869565188884735,0.876811623573303,1,1,36,1.05999994277954,0
06,2005-06-25,23080760,,"",SAN ROQUE [23080760],Pluviométrica,Convencional,Activa,Antioquia,San Roque,6.4875,-75.017,820,5/15/1975,,Monchia,Magdalena Cauca,Medio Magdalena,Río Nare,2005,25,Andes,Preliminar,0,0,0,0,0,6.73640537261963,3.93559741973877,11.7482681274414,3.05454540252686,6.04363632202148,5,10,0.869565188884735,0.876811623573303,1,1,35,1.05999994277954,0
06,2020-06-26,23080760,24,Definitivo,SAN ROQUE [23080760],Pluviométrica,Convencional,Activa,Antioquia,San Roque,6.4875,-75.017,820,5/15/1975,,Monchia,Magdalena Cauca,Medio Magdalena,Río Nare,2020,26,Andes,Definitivo,24,24,0,7.75254774093628,7.75254774093628,17.6298942565918,26.3765773773193,10.6689367294312,3.05454540252686,6.04363632202148,5,10,0.869565188884735,0.876811623573303,1,1,36,1.05999994277954,25.439998626709
06,2021-06-26,23080760,2,Definitivo,SAN ROQUE [23080760],Pluviométrica,Convencional,Activa,Antioquia,San Roque,6.4875,-75.017,820,5/15/1975,,Monchia,Magdalena Cauca,Medio Magdalena,Río Nare,2021,26,Andes,Definitivo,2,2,0,7.4380087852478,7.4380087852478,16.0744552612305,35.1870040893555,26.8012237548828,3.05454540252686,6.04363632202148,5,10,0.869565188884735,0.876811623573303,1,1,36,1.05999994277954,2.11999988555908
06,2023-06-23,23080760,11,Definitivo,SAN ROQUE [23080760],Pluviométrica,Convencional,Activa,Antioquia,San Roque,6.4875,-75.017,820,5/15/1975,,Monchia,Magdalena Cauca,Medio Magdalena,Río Nare,2023,23,Andes,Definitivo,11,11,0,0,0,31.3491649627686,25.8849449157715,28.7532386779785,3.05454540252686,6.04363632202148,5,10,0.869565188884735,0.876811623573303,1,1,35,1.05999994277954,11.659999370575
06,2008-06-20,23080760,3,Definitivo,SAN ROQUE [23080760],Pluviométrica,Convencional,Activa,Antioquia,San Roque,6.4875,-75.017,820,5/15/1975,,Monchia,Magdalena Cauca,Medio Magdalena,Río Nare,2008,20,Andes,Definitivo,3,3,0,15.3114433288574,15.3114433288574,0,3.51237726211548,2.31477117538452,3.05454540252686,6.04363632202148,5,10,0.869565188884735,0.876811623573303,1,1,34,1.05999994277954,3.17999982833862
06,2008-06-21,23080760,14,Definitivo,SAN ROQUE [23080760],Pluviométrica,Convencional,Activa,Antioquia,San Roque,6.4875,-75.017,820,5/15/1975,,Monchia,Magdalena Cauca,Medio Magdalena,Río Nare,2008,21,Andes,Definitivo,14,14,0,19.1893692016602,19.1893692016602,13.3935623168945,11.1093921661377,29.3876876831055,3.05454540252686,6.04363632202148,5,10,0.869565188884735,0.876811623573303,1,1,35,1.05999994277954,14.8399991989136
06,2009-06-27,23080760,,"",SAN ROQUE [23080760],Pluviométrica,Convencional,Activa,Antioquia,San Roque,6.4875,-75.017,820,5/15/1975,,Monchia,Magdalena Cauca,Medio Magdalena,Río Nare,2009,27,Andes,Preliminar,0,0,0,0,0,4.46296072006226,1.05496299266815,0.0948955342173576,3.05454540252686,6.04363632202148,5,10,0.869565188884735,0.876811623573303,1,1,36,1.05999994277954,0
06,2012-06-25,23080760,,"",SAN ROQUE [23080760],Pluviométrica,Convencional,Activa,Antioquia,San Roque,6.4875,-75.017,820,5/15/1975,,Monchia,Magdalena Cauca,Medio Magdalena,Río Nare,2012,25,Andes,Preliminar,0,0,0,3.69836449623108,3.69836449623108,0,3.45199918746948,0.186376228928566,3.05454540252686,6.04363632202148,5,10,0.869565188884735,0.876811623573303,1,1,35,1.05999994277954,0
06,2017-06-25,23080760,17,Definitivo,SAN ROQUE [23080760],Pluviométrica,Convencional,Activa,Antioquia,San Roque,6.4875,-75.017,820,5/15/1975,,Monchia,Magdalena Cauca,Medio Magdalena,Río Nare,2017,25,Andes,Definitivo,17,17,0,0.20701852440834,0.20701852440834,17.2569770812988,17.254861831665,22.5078449249268,3.05454540252686,6.04363632202148,5,10,0.869565188884735,0.876811623573303,1,1,35,1.05999994277954,18.0199990272522
06,2019-06-27,23080760,2,Definitivo,SAN ROQUE [23080760],Pluviométrica,Convencional,Activa,Antioquia,San Roque,6.4875,-75.017,820,5/15/1975,,Monchia,Magdalena Cauca,Medio Magdalena,Río Nare,2019,27,Andes,Definitivo,2,2,0,1.01029396057129,1.01029396057129,1.94670271873474,1.42036306858063,20.7050476074219,3.05454540252686,6.04363632202148,5,10,0.869565188884735,0.876811623573303,1,1,36,1.05999994277954,2.11999988555908
06,2013-06-24,23080760,16,Definitivo,SAN ROQUE [23080760],Pluviométrica,Convencional,Activa,Antioquia,San Roque,6.4875,-75.017,820,5/15/1975,,Monchia,Magdalena Cauca,Medio Magdalena,Río Nare,2013,24,Andes,Definitivo,16,16,0,8.12674713134766,8.12674713134766,18.5556297302246,23.1316642761231,42.7182884216309,3.05454540252686,6.04363632202148,5,10,0.869565188884735,0.876811623573303,1,1,35,1.05999994277954,16.9599990844727
06,2023-06-09,23080760,5,Definitivo,SAN ROQUE [23080760],Pluviométrica,Convencional,Activa,Antioquia,San Roque,6.4875,-75.017,820,5/15/1975,,Monchia,Magdalena Cauca,Medio Magdalena,Río Nare,2023,09,Andes,Definitivo,5,5,0,16.5672435760498,16.5672435760498,7.31188726425171,43.7888450622559,0.017431478947401,3.05454540252686,6.04363632202148,5,10,0.869565188884735,0.876811623573303,1,1,32,1.05999994277954,5.29999971389771
06,2016-06-22,23080760,2,Definitivo,SAN ROQUE [23080760],Pluviométrica,Convencional,Activa,Antioquia,San Roque,6.4875,-75.017,820,5/15/1975,,Monchia,Magdalena Cauca,Medio Magdalena,Río Nare,2016,22,Andes,Definitivo,2,2,0,0,0,0,3.70597362518311,0.110932797193527,3.05454540252686,6.04363632202148,5,10,0.869565188884735,0.876811623573303,1,1,35,1.05999994277954,2.11999988555908
06,2016-06-23,23080760,95,Definitivo,SAN ROQUE [23080760],Pluviométrica,Convencional,Activa,Antioquia,San Roque,6.4875,-75.017,820,5/15/1975,,Monchia,Magdalena Cauca,Medio Magdalena,Río Nare,2016,23,Andes,Definitivo,95,95,0,0,0,7.81844282150269,20.949104309082,0.49827167391777,3.05454540252686,6.04363632202148,5,10,0.869565188884735,0.876811623573303,1,1,35,1.05999994277954,100.699994564056
06,2005-06-26,23080760,1,Definitivo,SAN ROQUE [23080760],Pluviométrica,Convencional,Activa,Antioquia,San Roque,6.4875,-75.017,820,5/15/1975,,Monchia,Magdalena Cauca,Medio Magdalena,Río Nare,2005,26,Andes,Definitivo,1,1,0,0,0,0,5.5186128616333,0.49228298664093,3.05454540252686,6.04363632202148,5,10,0.869565188884735,0.876811623573303,1,1,36,1.05999994277954,1.05999994277954
06,2006-06-24,23080760,,"",SAN ROQUE [23080760],Pluviométrica,Convencional,Activa,Antioquia,San Roque,6.4875,-75.017,820,5/15/1975,,Monchia,Magdalena Cauca,Medio Magdalena,Río Nare,2006,24,Andes,Preliminar,0,0,0,0,0,4.82656240463257,1.50383973121643,4.30657339096069,3.05454540252686,6.04363632202148,5,10,0.869565188884735,0.876811623573303,1,1,35,1.05999994277954,0
06,2008-06-18,23080760,,"",SAN ROQUE [23080760],Pluviométrica,Convencional,Activa,Antioquia,San Roque,6.4875,-75.017,820,5/15/1975,,Monchia,Magdalena Cauca,Medio Magdalena,Río Nare,2008,18,Andes,Preliminar,0,0,0,6.64191198348999,6.64191198348999,0,2.52794981002808,3.37047219276428,3.05454540252686,6.04363632202148,5,10,0.869565188884735,0.876811623573303,1,1,34,1.05999994277954,0
06,2021-06-21,23080760,1,Definitivo,SAN ROQUE [23080760],Pluviométrica,Convencional,Activa,Antioquia,San Roque,6.4875,-75.017,820,5/15/1975,,Monchia,Magdalena Cauca,Medio Magdalena,Río Nare,2021,21,Andes,Definitivo,1,1,0,0.307457327842712,0.307457327842712,12.3307876586914,3.48288154602051,17.1668281555176,3.05454540252686,6.04363632202148,5,10,0.869565188884735,0.876811623573303,1,1,35,1.05999994277954,1.05999994277954
06,2023-06-16,23080760,0,Definitivo,SAN ROQUE [23080760],Pluviométrica,Convencional,Activa,Antioquia,San Roque,6.4875,-75.017,820,5/15/1975,,Monchia,Magdalena Cauca,Medio Magdalena,Río Nare,2023,16,Andes,Definitivo,0,0,0,5.10469961166382,5.10469961166382,2.25584673881531,1.94725167751312,7.70791864395142,3.05454540252686,6.04363632202148,5,10,0.869565188884735,0.876811623573303,1,1,34,1.05999994277954,0
06,2008-06-22,23080760,6,Definitivo,SAN ROQUE [23080760],Pluviométrica,Convencional,Activa,Antioquia,San Roque,6.4875,-75.017,820,5/15/1975,,Monchia,Magdalena Cauca,Medio Magdalena,Río Nare,2008,22,Andes,Definitivo,6,6,0,15.6736421585083,15.6736421585083,13.3935623168945,37.1689834594727,31.1402721405029,3.05454540252686,6.04363632202148,5,10,0.869565188884735,0.876811623573303,1,1,35,1.05999994277954,6.35999965667725
06,2010-06-24,23080760,3,Definitivo,SAN ROQUE [23080760],Pluviométrica,Convencional,Activa,Antioquia,San Roque,6.4875,-75.017,820,5/15/1975,,Monchia,Magdalena Cauca,Medio Magdalena,Río Nare,2010,24,Andes,Definitivo,3,3,0,1.19758880138397,1.19758880138397,16.3166618347168,2.22831082344055,41.5527534484863,3.05454540252686,6.04363632202148,5,10,0.869565188884735,0.876811623573303,1,1,35,1.05999994277954,3.17999982833862
06,2012-06-26,23080760,46,Definitivo,SAN ROQUE [23080760],Pluviométrica,Convencional,Activa,Antioquia,San Roque,6.4875,-75.017,820,5/15/1975,,Monchia,Magdalena Cauca,Medio Magdalena,Río Nare,2012,26,Andes,Definitivo,46,46,0,1.60601627826691,1.60601627826691,19.2291660308838,6.60797023773193,2.46850323677063,3.05454540252686,6.04363632202148,5,10,0.869565188884735,0.876811623573303,1,1,36,1.05999994277954,48.7599973678589
06,2012-06-27,23080760,4,Definitivo,SAN ROQUE [23080760],Pluviométrica,Convencional,Activa,Antioquia,San Roque,6.4875,-75.017,820,5/15/1975,,Monchia,Magdalena Cauca,Medio Magdalena,Río Nare,2012,27,Andes,Definitivo,4,4,0,1.37020242214203,1.37020242214203,19.2291660308838,20.9354515075684,56.3165283203125,3.05454540252686,6.04363632202148,5,10,0.869565188884735,0.876811623573303,1,1,36,1.05999994277954,4.23999977111816
06,2005-06-29,23080760,17,Definitivo,SAN ROQUE [23080760],Pluviométrica,Convencional,Activa,Antioquia,San Roque,6.4875,-75.017,820,5/15/1975,,Monchia,Magdalena Cauca,Medio Magdalena,Río Nare,2005,29,Andes,Definitivo,17,17,0,21.0344390869141,21.0344390869141,21.2745399475098,37.1761245727539,65.6531982421875,3.05454540252686,6.04363632202148,5,10,0.869565188884735,0.876811623573303,1,1,36,1.05999994277954,18.0199990272522
06,2003-06-29,23080760,0.1,Definitivo,SAN ROQUE [23080760],Pluviométrica,Convencional,Activa,Antioquia,San Roque,6.4875,-75.017,820,5/15/1975,,Monchia,Magdalena Cauca,Medio Magdalena,Río Nare,2003,29,Andes,Definitivo,0.1,0.1,0,0,0,14.2991714477539,11.3930940628052,42.894847869873,3.05454540252686,6.04363632202148,5,10,0.869565188884735,0.876811623573303,1,1,36,1.05999994277954,0.105999994277954
06,2003-06-30,23080760,57,Definitivo,SAN ROQUE [23080760],Pluviométrica,Convencional,Activa,Antioquia,San Roque,6.4875,-75.017,820,5/15/1975,,Monchia,Magdalena Cauca,Medio Magdalena,Río Nare,2003,30,Andes,Definitivo,57,57,0,24.4528675079346,24.4528675079346,0,7.24959373474121,0.477766841650009,3.05454540252686,6.04363632202148,5,10,0.869565188884735,0.876811623573303,1,1,36,1.05999994277954,60.4199967384338
06,2004-06-27,23080760,14,Definitivo,SAN ROQUE [23080760],Pluviométrica,Convencional,Activa,Antioquia,San Roque,6.4875,-75.017,820,5/15/1975,,Monchia,Magdalena Cauca,Medio Magdalena,Río Nare,2004,27,Andes,Definitivo,14,14,0,2.03238463401794,2.03238463401794,13.8576669692993,14.8048458099365,33.9589920043945,3.05454540252686,6.04363632202148,5,10,0.869565188884735,0.876811623573303,1,1,36,1.05999994277954,14.8399991989136
06,2016-06-24,23080760,3,Definitivo,SAN ROQUE [23080760],Pluviométrica,Convencional,Activa,Antioquia,San Roque,6.4875,-75.017,820,5/15/1975,,Monchia,Magdalena Cauca,Medio Magdalena,Río Nare,2016,24,Andes,Definitivo,3,3,0,0,0,23.4553279876709,16.3193836212158,49.5288543701172,3.05454540252686,6.04363632202148,5,10,0.869565188884735,0.876811623573303,1,1,35,1.05999994277954,3.17999982833862
06,2018-06-26,23080760,0,Definitivo,SAN ROQUE [23080760],Pluviométrica,Convencional,Activa,Antioquia,San Roque,6.4875,-75.017,820,5/15/1975,,Monchia,Magdalena Cauca,Medio Magdalena,Río Nare,2018,26,Andes,Definitivo,0,0,0,3.30131101608276,3.30131101608276,0,0.765232920646668,9.12426567077637,3.05454540252686,6.04363632202148,5,10,0.869565188884735,0.876811623573303,1,1,36,1.05999994277954,0
06,2020-06-27,23080760,21,Definitivo,SAN ROQUE [23080760],Pluviométrica,Convencional,Activa,Antioquia,San Roque,6.4875,-75.017,820,5/15/1975,,Monchia,Magdalena Cauca,Medio Magdalena,Río Nare,2020,27,Andes,Definitivo,21,21,0,2.13052320480347,2.13052320480347,17.6298942565918,7.03584051132202,23.8839530944824,3.05454540252686,6.04363632202148,5,10,0.869565188884735,0.876811623573303,1,1,36,1.05999994277954,22.2599987983704
06,2009-06-16,23080760,74,Definitivo,SAN ROQUE [23080760],Pluviométrica,Convencional,Activa,Antioquia,San Roque,6.4875,-75.017,820,5/15/1975,,Monchia,Magdalena Cauca,Medio Magdalena,Río Nare,2009,16,Andes,Definitivo,74,74,0,21.2059459686279,21.2059459686279,0,14.4304456710815,0.616482436656952,3.05454540252686,6.04363632202148,5,10,0.869565188884735,0.876811623573303,1,1,34,1.05999994277954,78.439995765686
06,2009-06-17,23080760,7,Definitivo,SAN ROQUE [23080760],Pluviométrica,Convencional,Activa,Antioquia,San Roque,6.4875,-75.017,820,5/15/1975,,Monchia,Magdalena Cauca,Medio Magdalena,Río Nare,2009,17,Andes,Definitivo,7,7,0,3.02518367767334,3.02518367767334,24.2350692749023,7.50886487960815,57.847225189209,3.05454540252686,6.04363632202148,5,10,0.869565188884735,0.876811623573303,1,1,34,1.05999994277954,7.41999959945679
06,2021-06-16,23080760,0,Definitivo,SAN ROQUE [23080760],Pluviométrica,Convencional,Activa,Antioquia,San Roque,6.4875,-75.017,820,5/15/1975,,Monchia,Magdalena Cauca,Medio Magdalena,Río Nare,2021,16,Andes,Definitivo,0,0,0,14.5763216018677,14.5763216018677,0,11.2116270065308,5.61535167694092,3.05454540252686,6.04363632202148,5,10,0.869565188884735,0.876811623573303,1,1,34,1.05999994277954,0
06,2023-06-11,23080760,0,Definitivo,SAN ROQUE [23080760],Pluviométrica,Convencional,Activa,Antioquia,San Roque,6.4875,-75.017,820,5/15/1975,,Monchia,Magdalena Cauca,Medio Magdalena,Río Nare,2023,11,Andes,Definitivo,0,0,0,37.1364555358887,37.1364555358887,0,16.176570892334,17.257266998291,3.05454540252686,6.04363632202148,5,10,0.869565188884735,0.876811623573303,1,1,33,1.05999994277954,0
06,2010-06-25,23080760,4,Definitivo,SAN ROQUE [23080760],Pluviométrica,Convencional,Activa,Antioquia,San Roque,6.4875,-75.017,820,5/15/1975,,Monchia,Magdalena Cauca,Medio Magdalena,Río Nare,2010,25,Andes,Definitivo,4,4,0,0.798392534255981,0.798392534255981,8.1583309173584,9.90245246887207,4.18127346038818,3.05454540252686,6.04363632202148,5,10,0.869565188884735,0.876811623573303,1,1,35,1.05999994277954,4.23999977111816
06,2007-06-30,23080760,0,Definitivo,SAN ROQUE [23080760],Pluviométrica,Convencional,Activa,Antioquia,San Roque,6.4875,-75.017,820,5/15/1975,,Monchia,Magdalena Cauca,Medio Magdalena,Río Nare,2007,30,Andes,Definitivo,0,0,0,0,0,0,0.0987969934940338,2.66817092895508,3.05454540252686,6.04363632202148,5,10,0.869565188884735,0.876811623573303,1,1,36,1.05999994277954,0
06,2011-06-23,23080760,40,Definitivo,SAN ROQUE [23080760],Pluviométrica,Convencional,Activa,Antioquia,San Roque,6.4875,-75.017,820,5/15/1975,,Monchia,Magdalena Cauca,Medio Magdalena,Río Nare,2011,23,Andes,Definitivo,40,40,0,5.11664199829102,5.11664199829102,37.7680702209473,28.1121006011963,80.2159194946289,3.05454540252686,6.04363632202148,5,10,0.869565188884735,0.876811623573303,1,1,35,1.05999994277954,42.3999977111816
06,2009-06-22,23080760,8,Definitivo,SAN ROQUE [23080760],Pluviométrica,Convencional,Activa,Antioquia,San Roque,6.4875,-75.017,820,5/15/1975,,Monchia,Magdalena Cauca,Medio Magdalena,Río Nare,2009,22,Andes,Definitivo,8,8,0,15.3726606369019,15.3726606369019,20.1088962554932,22.6114044189453,27.1658306121826,3.05454540252686,6.04363632202148,5,10,0.869565188884735,0.876811623573303,1,1,35,1.05999994277954,8.47999954223633
06,2009-06-23,23080760,13,Definitivo,SAN ROQUE [23080760],Pluviométrica,Convencional,Activa,Antioquia,San Roque,6.4875,-75.017,820,5/15/1975,,Monchia,Magdalena Cauca,Medio Magdalena,Río Nare,2009,23,Andes,Definitivo,13,13,0,13.7913579940796,13.7913579940796,6.70296573638916,48.5399742126465,9.19245147705078,3.05454540252686,6.04363632202148,5,10,0.869565188884735,0.876811623573303,1,1,35,1.05999994277954,13.779999256134
06,2011-06-25,23080760,4,Definitivo,SAN ROQUE [23080760],Pluviométrica,Convencional,Activa,Antioquia,San Roque,6.4875,-75.017,820,5/15/1975,,Monchia,Magdalena Cauca,Medio Magdalena,Río Nare,2011,25,Andes,Definitivo,4,4,0,25.8584537506104,25.8584537506104,28.3260536193848,32.6163558959961,6.3979697227478,3.05454540252686,6.04363632202148,5,10,0.869565188884735,0.876811623573303,1,1,35,1.05999994277954,4.23999977111816
06,2006-06-22,23080760,23,Definitivo,SAN ROQUE [23080760],Pluviométrica,Convencional,Activa,Antioquia,San Roque,6.4875,-75.017,820,5/15/1975,,Monchia,Magdalena Cauca,Medio Magdalena,Río Nare,2006,22,Andes,Definitivo,23,23,0,0,0,0,2.03909039497376,0.104985371232033,3.05454540252686,6.04363632202148,5,10,0.869565188884735,0.876811623573303,1,1,35,1.05999994277954,24.3799986839294
06,2006-06-23,23080760,3,Definitivo,SAN ROQUE [23080760],Pluviométrica,Convencional,Activa,Antioquia,San Roque,6.4875,-75.017,820,5/15/1975,,Monchia,Magdalena Cauca,Medio Magdalena,Río Nare,2006,23,Andes,Definitivo,3,3,0,32.0706024169922,32.0706024169922,7.23984432220459,7.12048244476318,4.88499736785889,3.05454540252686,6.04363632202148,5,10,0.869565188884735,0.876811623573303,1,1,35,1.05999994277954,3.17999982833862
06,2007-06-21,23080760,2,Definitivo,SAN ROQUE [23080760],Pluviométrica,Convencional,Activa,Antioquia,San Roque,6.4875,-75.017,820,5/15/1975,,Monchia,Magdalena Cauca,Medio Magdalena,Río Nare,2007,21,Andes,Definitivo,2,2,0,0.663631439208984,0.663631439208984,0,2.95137572288513,10.0925388336182,3.05454540252686,6.04363632202148,5,10,0.869565188884735,0.876811623573303,1,1,35,1.05999994277954,2.11999988555908
06,2022-06-24,23080760,1,Definitivo,SAN ROQUE [23080760],Pluviométrica,Convencional,Activa,Antioquia,San Roque,6.4875,-75.017,820,5/15/1975,,Monchia,Magdalena Cauca,Medio Magdalena,Río Nare,2022,24,Andes,Definitivo,1,1,0,0,0,0,8.72665596008301,0.554518699645996,3.05454540252686,6.04363632202148,5,10,0.869565188884735,0.876811623573303,1,1,35,1.05999994277954,1.05999994277954
06,2022-06-22,23080760,0,Definitivo,SAN ROQUE [23080760],Pluviométrica,Convencional,Activa,Antioquia,San Roque,6.4875,-75.017,820,5/15/1975,,Monchia,Magdalena Cauca,Medio Magdalena,Río Nare,2022,22,Andes,Definitivo,0,0,0,4.65061616897583,4.65061616897583,9.58598518371582,11.6054306030273,55.2419242858887,3.05454540252686,6.04363632202148,5,10,0.869565188884735,0.876811623573303,1,1,35,1.05999994277954,0
06,2009-06-18,23080760,,"",SAN ROQUE [23080760],Pluviométrica,Convencional,Activa,Antioquia,San Roque,6.4875,-75.017,820,5/15/1975,,Monchia,Magdalena Cauca,Medio Magdalena,Río Nare,2009,18,Andes,Preliminar,0,0,0,1.24566400051117,1.24566400051117,0,6.27353572845459,5.04855871200562,3.05454540252686,6.04363632202148,5,10,0.869565188884735,0.876811623573303,1,1,34,1.05999994277954,0
06,2009-06-19,23080760,2,Definitivo,SAN ROQUE [23080760],Pluviométrica,Convencional,Activa,Antioquia,San Roque,6.4875,-75.017,820,5/15/1975,,Monchia,Magdalena Cauca,Medio Magdalena,Río Nare,2009,19,Andes,Definitivo,2,2,0,10.8254146575928,10.8254146575928,24.2350692749023,15.5919570922852,3.46944451332092,3.05454540252686,6.04363632202148,5,10,0.869565188884735,0.876811623573303,1,1,34,1.05999994277954,2.11999988555908
06,2008-06-23,23080760,28,Definitivo,SAN ROQUE [23080760],Pluviométrica,Convencional,Activa,Antioquia,San Roque,6.4875,-75.017,820,5/15/1975,,Monchia,Magdalena Cauca,Medio Magdalena,Río Nare,2008,23,Andes,Definitivo,28,28,0,4.02682495117188,4.02682495117188,20.0903415679932,15.0842151641846,10.0073442459106,3.05454540252686,6.04363632202148,5,10,0.869565188884735,0.876811623573303,1,1,35,1.05999994277954,29.6799983978272
06,2013-06-23,23080760,20,Definitivo,SAN ROQUE [23080760],Pluviométrica,Convencional,Activa,Antioquia,San Roque,6.4875,-75.017,820,5/15/1975,,Monchia,Magdalena Cauca,Medio Magdalena,Río Nare,2013,23,Andes,Definitivo,20,20,0,1.91340482234955,1.91340482234955,24.7408390045166,9.66372108459473,29.1712818145752,3.05454540252686,6.04363632202148,5,10,0.869565188884735,0.876811623573303,1,1,35,1.05999994277954,21.1999988555908
06,2022-06-11,23080760,0,Definitivo,SAN ROQUE [23080760],Pluviométrica,Convencional,Activa,Antioquia,San Roque,6.4875,-75.017,820,5/15/1975,,Monchia,Magdalena Cauca,Medio Magdalena,Río Nare,2022,11,Andes,Definitivo,0,0,0,8.07110977172852,8.07110977172852,20.9632625579834,12.4464197158813,40.2904243469238,3.05454540252686,6.04363632202148,5,10,0.869565188884735,0.876811623573303,1,1,33,1.05999994277954,0
06,2021-06-12,23080760,28,Definitivo,SAN ROQUE [23080760],Pluviométrica,Convencional,Activa,Antioquia,San Roque,6.4875,-75.017,820,5/15/1975,,Monchia,Magdalena Cauca,Medio Magdalena,Río Nare,2021,12,Andes,Definitivo,28,28,0,1.36502587795258,1.36502587795258,9.50866413116455,20.4645919799805,19.7461814880371,3.05454540252686,6.04363632202148,5,10,0.869565188884735,0.876811623573303,1,1,33,1.05999994277954,29.6799983978272
06,2022-06-10,23080760,10,Definitivo,SAN ROQUE [23080760],Pluviométrica,Convencional,Activa,Antioquia,San Roque,6.4875,-75.017,820,5/15/1975,,Monchia,Magdalena Cauca,Medio Magdalena,Río Nare,2022,10,Andes,Definitivo,10,10,0,8.57977771759033,8.57977771759033,11.3072347640991,11.9342184066772,4.73100519180298,3.05454540252686,6.04363632202148,5,10,0.869565188884735,0.876811623573303,1,1,32,1.05999994277954,10.5999994277954
06,2023-06-08,23080760,20,Definitivo,SAN ROQUE [23080760],Pluviométrica,Convencional,Activa,Antioquia,San Roque,6.4875,-75.017,820,5/15/1975,,Monchia,Magdalena Cauca,Medio Magdalena,Río Nare,2023,08,Andes,Definitivo,20,20,0,5.51320457458496,5.51320457458496,21.935661315918,19.3178596496582,53.9608497619629,3.05454540252686,6.04363632202148,5,10,0.869565188884735,0.876811623573303,1,1,32,1.05999994277954,21.1999988555908
06,2014-06-23,23080760,24,Definitivo,SAN ROQUE [23080760],Pluviométrica,Convencional,Activa,Antioquia,San Roque,6.4875,-75.017,820,5/15/1975,,Monchia,Magdalena Cauca,Medio Magdalena,Río Nare,2014,23,Andes,Definitivo,24,24,0,1.27191913127899,1.27191913127899,0,0.0278179384768009,0.96671062707901,3.05454540252686,6.04363632202148,5,10,0.869565188884735,0.876811623573303,1,1,35,1.05999994277954,25.439998626709
06,2014-06-24,23080760,2,Definitivo,SAN ROQUE [23080760],Pluviométrica,Convencional,Activa,Antioquia,San Roque,6.4875,-75.017,820,5/15/1975,,Monchia,Magdalena Cauca,Medio Magdalena,Río Nare,2014,24,Andes,Definitivo,2,2,0,2.79076671600342,2.79076671600342,33.1413192749023,5.61042165756226,39.8914985656738,3.05454540252686,6.04363632202148,5,10,0.869565188884735,0.876811623573303,1,1,35,1.05999994277954,2.11999988555908
06,2019-06-23,23080760,0,Definitivo,SAN ROQUE [23080760],Pluviométrica,Convencional,Activa,Antioquia,San Roque,6.4875,-75.017,820,5/15/1975,,Monchia,Magdalena Cauca,Medio Magdalena,Río Nare,2019,23,Andes,Definitivo,0,0,0,0,0,1.15547680854797,0.79472553730011,1.70351135730743,3.05454540252686,6.04363632202148,5,10,0.869565188884735,0.876811623573303,1,1,35,1.05999994277954,0
06,2009-06-15,23080760,7,Definitivo,SAN ROQUE [23080760],Pluviométrica,Convencional,Activa,Antioquia,San Roque,6.4875,-75.017,820,5/15/1975,,Monchia,Magdalena Cauca,Medio Magdalena,Río Nare,2009,15,Andes,Definitivo,7,7,0,2.64470028877258,2.64470028877258,4.61607217788696,10.7396535873413,9.33200645446777,3.05454540252686,6.04363632202148,5,10,0.869565188884735,0.876811623573303,1,1,33,1.05999994277954,7.41999959945679
06,2010-06-13,23080760,58,Definitivo,SAN ROQUE [23080760],Pluviométrica,Convencional,Activa,Antioquia,San Roque,6.4875,-75.017,820,5/15/1975,,Monchia,Magdalena Cauca,Medio Magdalena,Río Nare,2010,13,Andes,Definitivo,58,58,0,2.46363997459412,2.46363997459412,30.6148281097412,21.7505779266357,28.0075569152832,3.05454540252686,6.04363632202148,5,10,0.869565188884735,0.876811623573303,1,1,33,1.05999994277954,61.4799966812134
06,2023-06-18,23080760,0,Definitivo,SAN ROQUE [23080760],Pluviométrica,Convencional,Activa,Antioquia,San Roque,6.4875,-75.017,820,5/15/1975,,Monchia,Magdalena Cauca,Medio Magdalena,Río Nare,2023,18,Andes,Definitivo,0,0,0,5.10469961166382,5.10469961166382,2.25584673881531,2.64519715309143,1.68837809562683,3.05454540252686,6.04363632202148,5,10,0.869565188884735,0.876811623573303,1,1,34,1.05999994277954,0
06,2023-06-15,23080760,0,Definitivo,SAN ROQUE [23080760],Pluviométrica,Convencional,Activa,Antioquia,San Roque,6.4875,-75.017,820,5/15/1975,,Monchia,Magdalena Cauca,Medio Magdalena,Río Nare,2023,15,Andes,Definitivo,0,0,0,0,0,18.6695041656494,5.52917289733887,1.76072251796722,3.05454540252686,6.04363632202148,5,10,0.869565188884735,0.876811623573303,1,1,33,1.05999994277954,0
06,2023-06-13,23080760,13,Definitivo,SAN ROQUE [23080760],Pluviométrica,Convencional,Activa,Antioquia,San Roque,6.4875,-75.017,820,5/15/1975,,Monchia,Magdalena Cauca,Medio Magdalena,Río Nare,2023,13,Andes,Definitivo,13,13,0,0,0,0,0.882176041603088,0,3.05454540252686,6.04363632202148,5,10,0.869565188884735,0.876811623573303,1,1,33,1.05999994277954,13.779999256134
06,2008-06-24,23080760,52,Definitivo,SAN ROQUE [23080760],Pluviométrica,Convencional,Activa,Antioquia,San Roque,6.4875,-75.017,820,5/15/1975,,Monchia,Magdalena Cauca,Medio Magdalena,Río Nare,2008,24,Andes,Definitivo,52,52,0,21.0324153900147,21.0324153900147,6.69678115844727,6.9890947341919,11.2599229812622,3.05454540252686,6.04363632202148,5,10,0.869565188884735,0.876811623573303,1,1,35,1.05999994277954,55.1199970245361
06,2007-06-29,23080760,0,Definitivo,SAN ROQUE [23080760],Pluviométrica,Convencional,Activa,Antioquia,San Roque,6.4875,-75.017,820,5/15/1975,,Monchia,Magdalena Cauca,Medio Magdalena,Río Nare,2007,29,Andes,Definitivo,0,0,0,9.52269840240479,9.52269840240479,8.81511402130127,0.0431857034564018,7.4187912940979,3.05454540252686,6.04363632202148,5,10,0.869565188884735,0.876811623573303,1,1,36,1.05999994277954,0
06,2005-06-28,23080760,44,Definitivo,SAN ROQUE [23080760],Pluviométrica,Convencional,Activa,Antioquia,San Roque,6.4875,-75.017,820,5/15/1975,,Monchia,Magdalena Cauca,Medio Magdalena,Río Nare,2005,28,Andes,Definitivo,44,44,0,4.25697040557861,4.25697040557861,10.6372699737549,19.9360065460205,14.6937665939331,3.05454540252686,6.04363632202148,5,10,0.869565188884735,0.876811623573303,1,1,36,1.05999994277954,46.6399974822998
06,2004-06-25,23080760,11,Definitivo,SAN ROQUE [23080760],Pluviométrica,Convencional,Activa,Antioquia,San Roque,6.4875,-75.017,820,5/15/1975,,Monchia,Magdalena Cauca,Medio Magdalena,Río Nare,2004,25,Andes,Definitivo,11,11,0,12.5095777511597,12.5095777511597,0,0.535051286220551,0.0275746323168278,3.05454540252686,6.04363632202148,5,10,0.869565188884735,0.876811623573303,1,1,35,1.05999994277954,11.659999370575
06,2004-06-26,23080760,22,Definitivo,SAN ROQUE [23080760],Pluviométrica,Convencional,Activa,Antioquia,San Roque,6.4875,-75.017,820,5/15/1975,,Monchia,Magdalena Cauca,Medio Magdalena,Río Nare,2004,26,Andes,Definitivo,22,22,0,15.8638906478882,15.8638906478882,0,7.87420749664307,0.424795836210251,3.05454540252686,6.04363632202148,5,10,0.869565188884735,0.876811623573303,1,1,36,1.05999994277954,23.3199987411499
06,2005-06-24,23080760,3,Definitivo,SAN ROQUE [23080760],Pluviométrica,Convencional,Activa,Antioquia,San Roque,6.4875,-75.017,820,5/15/1975,,Monchia,Magdalena Cauca,Medio Magdalena,Río Nare,2005,24,Andes,Definitivo,3,3,0,0,0,0,1.03729748725891,0,3.05454540252686,6.04363632202148,5,10,0.869565188884735,0.876811623573303,1,1,35,1.05999994277954,3.17999982833862
06,2007-06-19,23080760,0,Definitivo,SAN ROQUE [23080760],Pluviométrica,Convencional,Activa,Antioquia,San Roque,6.4875,-75.017,820,5/15/1975,,Monchia,Magdalena Cauca,Medio Magdalena,Río Nare,2007,19,Andes,Definitivo,0,0,0,3.31667685508728,3.31667685508728,4.68663167953491,5.28124713897705,12.181004524231,3.05454540252686,6.04363632202148,5,10,0.869565188884735,0.876811623573303,1,1,34,1.05999994277954,0
06,2007-06-20,23080760,1,Definitivo,SAN ROQUE [23080760],Pluviométrica,Convencional,Activa,Antioquia,San Roque,6.4875,-75.017,820,5/15/1975,,Monchia,Magdalena Cauca,Medio Magdalena,Río Nare,2007,20,Andes,Definitivo,1,1,0,0.236905485391617,0.236905485391617,9.37326335906982,4.71250629425049,2.29919481277466,3.05454540252686,6.04363632202148,5,10,0.869565188884735,0.876811623573303,1,1,34,1.05999994277954,1.05999994277954
06,2018-06-27,23080760,2,Definitivo,SAN ROQUE [23080760],Pluviométrica,Convencional,Activa,Antioquia,San Roque,6.4875,-75.017,820,5/15/1975,,Monchia,Magdalena Cauca,Medio Magdalena,Río Nare,2018,27,Andes,Definitivo,2,2,0,7.05268859863281,7.05268859863281,15.9379425048828,1.50704538822174,1.65984714031219,3.05454540252686,6.04363632202148,5,10,0.869565188884735,0.876811623573303,1,1,36,1.05999994277954,2.11999988555908
06,2021-06-25,23080760,22,Definitivo,SAN ROQUE [23080760],Pluviométrica,Convencional,Activa,Antioquia,San Roque,6.4875,-75.017,820,5/15/1975,,Monchia,Magdalena Cauca,Medio Magdalena,Río Nare,2021,25,Andes,Definitivo,22,22,0,0.469504445791245,0.469504445791245,4.11026287078857,18.2575149536133,5.72930669784546,3.05454540252686,6.04363632202148,5,10,0.869565188884735,0.876811623573303,1,1,35,1.05999994277954,23.3199987411499
06,2010-06-14,23080760,0,Definitivo,SAN ROQUE [23080760],Pluviométrica,Convencional,Activa,Antioquia,San Roque,6.4875,-75.017,820,5/15/1975,,Monchia,Magdalena Cauca,Medio Magdalena,Río Nare,2010,14,Andes,Definitivo,0,0,0,0.140779420733452,0.140779420733452,20.4098854064941,25.8887271881104,27.3807697296143,3.05454540252686,6.04363632202148,5,10,0.869565188884735,0.876811623573303,1,1,33,1.05999994277954,0
06,2010-06-15,23080760,8,Definitivo,SAN ROQUE [23080760],Pluviométrica,Convencional,Activa,Antioquia,San Roque,6.4875,-75.017,820,5/15/1975,,Monchia,Magdalena Cauca,Medio Magdalena,Río Nare,2010,15,Andes,Definitivo,8,8,0,19.1811962127686,19.1811962127686,0,34.598445892334,3.07180714607239,3.05454540252686,6.04363632202148,5,10,0.869565188884735,0.876811623573303,1,1,33,1.05999994277954,8.47999954223633
06,2010-06-16,23080760,38,Definitivo,SAN ROQUE [23080760],Pluviométrica,Convencional,Activa,Antioquia,San Roque,6.4875,-75.017,820,5/15/1975,,Monchia,Magdalena Cauca,Medio Magdalena,Río Nare,2010,16,Andes,Definitivo,38,38,0,7.37808084487915,7.37808084487915,6.4510178565979,17.5307216644287,17.8935356140137,3.05454540252686,6.04363632202148,5,10,0.869565188884735,0.876811623573303,1,1,34,1.05999994277954,40.2799978256226
06,2023-06-10,23080760,10,Definitivo,SAN ROQUE [23080760],Pluviométrica,Convencional,Activa,Antioquia,San Roque,6.4875,-75.017,820,5/15/1975,,Monchia,Magdalena Cauca,Medio Magdalena,Río Nare,2023,10,Andes,Definitivo,10,10,0,18.3944320678711,18.3944320678711,21.935661315918,27.8935604095459,28.2579154968262,3.05454540252686,6.04363632202148,5,10,0.869565188884735,0.876811623573303,1,1,32,1.05999994277954,10.5999994277954
06,2009-06-21,23080760,22,Definitivo,SAN ROQUE [23080760],Pluviométrica,Convencional,Activa,Antioquia,San Roque,6.4875,-75.017,820,5/15/1975,,Monchia,Magdalena Cauca,Medio Magdalena,Río Nare,2009,21,Andes,Definitivo,22,22,0,14.2917699813843,14.2917699813843,20.1088962554932,13.8437719345093,24.6104068756104,3.05454540252686,6.04363632202148,5,10,0.869565188884735,0.876811623573303,1,1,35,1.05999994277954,23.3199987411499
06,2010-06-18,23080760,17,Definitivo,SAN ROQUE [23080760],Pluviométrica,Convencional,Activa,Antioquia,San Roque,6.4875,-75.017,820,5/15/1975,,Monchia,Magdalena Cauca,Medio Magdalena,Río Nare,2010,18,Andes,Definitivo,17,17,0,43.9713096618652,43.9713096618652,0,13.5442905426025,0.395468711853027,3.05454540252686,6.04363632202148,5,10,0.869565188884735,0.876811623573303,1,1,34,1.05999994277954,18.0199990272522
06,2010-06-19,23080760,46,Definitivo,SAN ROQUE [23080760],Pluviométrica,Convencional,Activa,Antioquia,San Roque,6.4875,-75.017,820,5/15/1975,,Monchia,Magdalena Cauca,Medio Magdalena,Río Nare,2010,19,Andes,Definitivo,46,46,0,4.66253709793091,4.66253709793091,25.8040714263916,10.0361766815186,27.7973480224609,3.05454540252686,6.04363632202148,5,10,0.869565188884735,0.876811623573303,1,1,34,1.05999994277954,48.7599973678589
06,2010-06-20,23080760,3,Definitivo,SAN ROQUE [23080760],Pluviométrica,Convencional,Activa,Antioquia,San Roque,6.4875,-75.017,820,5/15/1975,,Monchia,Magdalena Cauca,Medio Magdalena,Río Nare,2010,20,Andes,Definitivo,3,3,0,32.4328117370606,32.4328117370606,32.2550888061523,56.0936012268066,35.2353172302246,3.05454540252686,6.04363632202148,5,10,0.869565188884735,0.876811623573303,1,1,34,1.05999994277954,3.17999982833862
06,2009-06-24,23080760,52,Definitivo,SAN ROQUE [23080760],Pluviométrica,Convencional,Activa,Antioquia,San Roque,6.4875,-75.017,820,5/15/1975,,Monchia,Magdalena Cauca,Medio Magdalena,Río Nare,2009,24,Andes,Definitivo,52,52,0,4.54374217987061,4.54374217987061,13.4059314727783,8.5007438659668,2.31996965408325,3.05454540252686,6.04363632202148,5,10,0.869565188884735,0.876811623573303,1,1,35,1.05999994277954,55.1199970245361
06,2012-06-22,23080760,,"",SAN ROQUE [23080760],Pluviométrica,Convencional,Activa,Antioquia,San Roque,6.4875,-75.017,820,5/15/1975,,Monchia,Magdalena Cauca,Medio Magdalena,Río Nare,2012,22,Andes,Preliminar,0,0,0,0,0,0,1.55085301399231,0.0300755947828293,3.05454540252686,6.04363632202148,5,10,0.869565188884735,0.876811623573303,1,1,35,1.05999994277954,0
06,2012-06-23,23080760,0,Definitivo,SAN ROQUE [23080760],Pluviométrica,Convencional,Activa,Antioquia,San Roque,6.4875,-75.017,820,5/15/1975,,Monchia,Magdalena Cauca,Medio Magdalena,Río Nare,2012,23,Andes,Definitivo,0,0,0,0,0,0,0.323787927627564,0,3.05454540252686,6.04363632202148,5,10,0.869565188884735,0.876811623573303,1,1,35,1.05999994277954,0
06,2008-06-17,23080760,10,Definitivo,SAN ROQUE [23080760],Pluviométrica,Convencional,Activa,Antioquia,San Roque,6.4875,-75.017,820,5/15/1975,,Monchia,Magdalena Cauca,Medio Magdalena,Río Nare,2008,17,Andes,Definitivo,10,10,0,2.06933951377869,2.06933951377869,0,0.17716458439827,0.210266292095184,3.05454540252686,6.04363632202148,5,10,0.869565188884735,0.876811623573303,1,1,34,1.05999994277954,10.5999994277954
06,2010-06-12,23080760,40,Definitivo,SAN ROQUE [23080760],Pluviométrica,Convencional,Activa,Antioquia,San Roque,6.4875,-75.017,820,5/15/1975,,Monchia,Magdalena Cauca,Medio Magdalena,Río Nare,2010,12,Andes,Definitivo,40,40,0,0,0,0,1.18331456184387,0.157041028141975,3.05454540252686,6.04363632202148,5,10,0.869565188884735,0.876811623573303,1,1,33,1.05999994277954,42.3999977111816
06,2021-06-23,23080760,34,Definitivo,SAN ROQUE [23080760],Pluviométrica,Convencional,Activa,Antioquia,San Roque,6.4875,-75.017,820,5/15/1975,,Monchia,Magdalena Cauca,Medio Magdalena,Río Nare,2021,23,Andes,Definitivo,34,34,0,20.4528350830078,20.4528350830078,0,7.71723127365112,2.91460728645325,3.05454540252686,6.04363632202148,5,10,0.869565188884735,0.876811623573303,1,1,35,1.05999994277954,36.0399980545044
06,2022-06-19,23080760,0,Definitivo,SAN ROQUE [23080760],Pluviométrica,Convencional,Activa,Antioquia,San Roque,6.4875,-75.017,820,5/15/1975,,Monchia,Magdalena Cauca,Medio Magdalena,Río Nare,2022,19,Andes,Definitivo,0,0,0,10.780104637146,10.780104637146,8.91256046295166,14.2774267196655,25.4417057037354,3.05454540252686,6.04363632202148,5,10,0.869565188884735,0.876811623573303,1,1,34,1.05999994277954,0
06,2021-06-18,23080760,4,Definitivo,SAN ROQUE [23080760],Pluviométrica,Convencional,Activa,Antioquia,San Roque,6.4875,-75.017,820,5/15/1975,,Monchia,Magdalena Cauca,Medio Magdalena,Río Nare,2021,18,Andes,Definitivo,4,4,0,0.492471754550934,0.492471754550934,16.4467010498047,11.0953798294067,3.62732934951782,3.05454540252686,6.04363632202148,5,10,0.869565188884735,0.876811623573303,1,1,34,1.05999994277954,4.23999977111816
06,2009-06-20,23080760,2,Definitivo,SAN ROQUE [23080760],Pluviométrica,Convencional,Activa,Antioquia,San Roque,6.4875,-75.017,820,5/15/1975,,Monchia,Magdalena Cauca,Medio Magdalena,Río Nare,2009,20,Andes,Definitivo,2,2,0,5.8724160194397,5.8724160194397,0,24.1938152313232,1.01689767837524,3.05454540252686,6.04363632202148,5,10,0.869565188884735,0.876811623573303,1,1,34,1.05999994277954,2.11999988555908
06,2021-06-13,23080760,18,Definitivo,SAN ROQUE [23080760],Pluviométrica,Convencional,Activa,Antioquia,San Roque,6.4875,-75.017,820,5/15/1975,,Monchia,Magdalena Cauca,Medio Magdalena,Río Nare,2021,13,Andes,Definitivo,18,18,0,0.36440834403038,0.36440834403038,23.7716598510742,18.4377555847168,27.4052391052246,3.05454540252686,6.04363632202148,5,10,0.869565188884735,0.876811623573303,1,1,33,1.05999994277954,19.0799989700317
06,2023-06-12,23080760,0,Definitivo,SAN ROQUE [23080760],Pluviométrica,Convencional,Activa,Antioquia,San Roque,6.4875,-75.017,820,5/15/1975,,Monchia,Magdalena Cauca,Medio Magdalena,Río Nare,2023,12,Andes,Definitivo,0,0,0,0,0,0,2.9272346496582,0,3.05454540252686,6.04363632202148,5,10,0.869565188884735,0.876811623573303,1,1,33,1.05999994277954,0
06,2020-06-13,23080760,0,Definitivo,SAN ROQUE [23080760],Pluviométrica,Convencional,Activa,Antioquia,San Roque,6.4875,-75.017,820,5/15/1975,,Monchia,Magdalena Cauca,Medio Magdalena,Río Nare,2020,13,Andes,Definitivo,0,0,0,5.6371283531189,5.6371283531189,10.7982492446899,6.39461994171143,0,3.05454540252686,6.04363632202148,5,10,0.869565188884735,0.876811623573303,1,1,33,1.05999994277954,0
06,2021-06-11,23080760,47,Definitivo,SAN ROQUE [23080760],Pluviométrica,Convencional,Activa,Antioquia,San Roque,6.4875,-75.017,820,5/15/1975,,Monchia,Magdalena Cauca,Medio Magdalena,Río Nare,2021,11,Andes,Definitivo,47,47,0,2.72290205955505,2.72290205955505,0,6.77597570419312,9.74043083190918,3.05454540252686,6.04363632202148,5,10,0.869565188884735,0.876811623573303,1,1,33,1.05999994277954,49.8199973106384
06,2022-06-09,23080760,41,Definitivo,SAN ROQUE [23080760],Pluviométrica,Convencional,Activa,Antioquia,San Roque,6.4875,-75.017,820,5/15/1975,,Monchia,Magdalena Cauca,Medio Magdalena,Río Nare,2022,09,Andes,Definitivo,41,41,0,5.05595588684082,5.05595588684082,11.3072347640991,11.6500558853149,15.0178632736206,3.05454540252686,6.04363632202148,5,10,0.869565188884735,0.876811623573303,1,1,32,1.05999994277954,43.4599976539612
06,2023-06-07,23080760,22,Definitivo,SAN ROQUE [23080760],Pluviométrica,Convencional,Activa,Antioquia,San Roque,6.4875,-75.017,820,5/15/1975,,Monchia,Magdalena Cauca,Medio Magdalena,Río Nare,2023,07,Andes,Definitivo,22,22,0,0,0,14.6237745285034,2.56236863136292,13.6688671112061,3.05454540252686,6.04363632202148,5,10,0.869565188884735,0.876811623573303,1,1,32,1.05999994277954,23.3199987411499
06,2022-06-08,23080760,0,Definitivo,SAN ROQUE [23080760],Pluviométrica,Convencional,Activa,Antioquia,San Roque,6.4875,-75.017,820,5/15/1975,,Monchia,Magdalena Cauca,Medio Magdalena,Río Nare,2022,08,Andes,Definitivo,0,0,0,3.71562337875366,3.71562337875366,0,15.5058898925781,2.51995253562927,3.05454540252686,6.04363632202148,5,10,0.869565188884735,0.876811623573303,1,1,32,1.05999994277954,0
06,2014-06-25,23080760,1,Definitivo,SAN ROQUE [23080760],Pluviométrica,Convencional,Activa,Antioquia,San Roque,6.4875,-75.017,820,5/15/1975,,Monchia,Magdalena Cauca,Medio Magdalena,Río Nare,2014,25,Andes,Definitivo,1,1,0,24.6846351623535,24.6846351623535,22.0942134857178,51.3149452209473,15.0523023605347,3.05454540252686,6.04363632202148,5,10,0.869565188884735,0.876811623573303,1,1,35,1.05999994277954,1.05999994277954
06,2019-06-24,23080760,0,Definitivo,SAN ROQUE [23080760],Pluviométrica,Convencional,Activa,Antioquia,San Roque,6.4875,-75.017,820,5/15/1975,,Monchia,Magdalena Cauca,Medio Magdalena,Río Nare,2019,24,Andes,Definitivo,0,0,0,10.8587579727173,10.8587579727173,1.15547680854797,0.446822732686996,6.82375574111939,3.05454540252686,6.04363632202148,5,10,0.869565188884735,0.876811623573303,1,1,35,1.05999994277954,0
06,2008-06-12,23080760,23,Definitivo,SAN ROQUE [23080760],Pluviométrica,Convencional,Activa,Antioquia,San Roque,6.4875,-75.017,820,5/15/1975,,Monchia,Magdalena Cauca,Medio Magdalena,Río Nare,2008,12,Andes,Definitivo,23,23,0,2.43008661270142,2.43008661270142,0,3.1577000617981,1.32170021533966,3.05454540252686,6.04363632202148,5,10,0.869565188884735,0.876811623573303,1,1,33,1.05999994277954,24.3799986839294
06,2008-06-13,23080760,0,Definitivo,SAN ROQUE [23080760],Pluviométrica,Convencional,Activa,Antioquia,San Roque,6.4875,-75.017,820,5/15/1975,,Monchia,Magdalena Cauca,Medio Magdalena,Río Nare,2008,13,Andes,Definitivo,0,0,0,23.5371208190918,23.5371208190918,11.1530351638794,15.6094512939453,20.8795318603516,3.05454540252686,6.04363632202148,5,10,0.869565188884735,0.876811623573303,1,1,33,1.05999994277954,0
06,2011-06-12,23080760,2,Definitivo,SAN ROQUE [23080760],Pluviométrica,Convencional,Activa,Antioquia,San Roque,6.4875,-75.017,820,5/15/1975,,Monchia,Magdalena Cauca,Medio Magdalena,Río Nare,2011,12,Andes,Definitivo,2,2,0,8.34750175476074,8.34750175476074,6.59636211395264,0.52839058637619,1.46790730953217,3.05454540252686,6.04363632202148,5,10,0.869565188884735,0.876811623573303,1,1,33,1.05999994277954,2.11999988555908
06,2022-06-14,23080760,4,Definitivo,SAN ROQUE [23080760],Pluviométrica,Convencional,Activa,Antioquia,San Roque,6.4875,-75.017,820,5/15/1975,,Monchia,Magdalena Cauca,Medio Magdalena,Río Nare,2022,14,Andes,Definitivo,4,4,0,17.4778861999512,17.4778861999512,20.9632625579834,18.6721477508545,2.22913479804993,3.05454540252686,6.04363632202148,5,10,0.869565188884735,0.876811623573303,1,1,33,1.05999994277954,4.23999977111816
06,2010-06-17,23080760,4,Definitivo,SAN ROQUE [23080760],Pluviométrica,Convencional,Activa,Antioquia,San Roque,6.4875,-75.017,820,5/15/1975,,Monchia,Magdalena Cauca,Medio Magdalena,Río Nare,2010,17,Andes,Definitivo,4,4,0,6.13815259933472,6.13815259933472,19.3530521392822,9.3339376449585,25.2170600891113,3.05454540252686,6.04363632202148,5,10,0.869565188884735,0.876811623573303,1,1,34,1.05999994277954,4.23999977111816
06,2004-06-30,23080760,23,Definitivo,SAN ROQUE [23080760],Pluviométrica,Convencional,Activa,Antioquia,San Roque,6.4875,-75.017,820,5/15/1975,,Monchia,Magdalena Cauca,Medio Magdalena,Río Nare,2004,30,Andes,Definitivo,23,23,0,0.677461504936218,0.677461504936218,4.61922216415405,14.5115432739258,0.688003659248352,3.05454540252686,6.04363632202148,5,10,0.869565188884735,0.876811623573303,1,1,36,1.05999994277954,24.3799986839294
06,2003-06-28,23080760,0,Definitivo,SAN ROQUE [23080760],Pluviométrica,Convencional,Activa,Antioquia,San Roque,6.4875,-75.017,820,5/15/1975,,Monchia,Magdalena Cauca,Medio Magdalena,Río Nare,2003,28,Andes,Definitivo,0,0,0,2.28695869445801,2.28695869445801,9.53277969360352,27.0983371734619,0.10176020860672,3.05454540252686,6.04363632202148,5,10,0.869565188884735,0.876811623573303,1,1,36,1.05999994277954,0
06,2005-06-22,23080760,6,Definitivo,SAN ROQUE [23080760],Pluviométrica,Convencional,Activa,Antioquia,San Roque,6.4875,-75.017,820,5/15/1975,,Monchia,Magdalena Cauca,Medio Magdalena,Río Nare,2005,22,Andes,Definitivo,6,6,0,3.08324217796326,3.08324217796326,4.49093675613403,6.04745388031006,0.156076952815056,3.05454540252686,6.04363632202148,5,10,0.869565188884735,0.876811623573303,1,1,35,1.05999994277954,6.35999965667725
06,2005-06-23,23080760,,"",SAN ROQUE [23080760],Pluviométrica,Convencional,Activa,Antioquia,San Roque,6.4875,-75.017,820,5/15/1975,,Monchia,Magdalena Cauca,Medio Magdalena,Río Nare,2005,23,Andes,Preliminar,0,0,0,5.54983615875244,5.54983615875244,8.98187351226807,12.9653177261353,18.2284641265869,3.05454540252686,6.04363632202148,5,10,0.869565188884735,0.876811623573303,1,1,35,1.05999994277954,0
06,2006-06-21,23080760,8,Definitivo,SAN ROQUE [23080760],Pluviométrica,Convencional,Activa,Antioquia,San Roque,6.4875,-75.017,820,5/15/1975,,Monchia,Magdalena Cauca,Medio Magdalena,Río Nare,2006,21,Andes,Definitivo,8,8,0,0,0,9.65312480926514,18.9865837097168,22.4309749603272,3.05454540252686,6.04363632202148,5,10,0.869565188884735,0.876811623573303,1,1,35,1.05999994277954,8.47999954223633
06,2008-06-15,23080760,40,Definitivo,SAN ROQUE [23080760],Pluviométrica,Convencional,Activa,Antioquia,San Roque,6.4875,-75.017,820,5/15/1975,,Monchia,Magdalena Cauca,Medio Magdalena,Río Nare,2008,15,Andes,Definitivo,40,40,0,2.75409817695618,2.75409817695618,27.8825912475586,24.5445785522461,11.3335866928101,3.05454540252686,6.04363632202148,5,10,0.869565188884735,0.876811623573303,1,1,33,1.05999994277954,42.3999977111816
06,2008-06-16,23080760,,"",SAN ROQUE [23080760],Pluviométrica,Convencional,Activa,Antioquia,San Roque,6.4875,-75.017,820,5/15/1975,,Monchia,Magdalena Cauca,Medio Magdalena,Río Nare,2008,16,Andes,Preliminar,0,0,0,1.15983140468597,1.15983140468597,12.5529003143311,2.03975248336792,9.91878414154053,3.05454540252686,6.04363632202148,5,10,0.869565188884735,0.876811623573303,1,1,34,1.05999994277954,0
06,2009-06-14,23080760,0,Definitivo,SAN ROQUE [23080760],Pluviométrica,Convencional,Activa,Antioquia,San Roque,6.4875,-75.017,820,5/15/1975,,Monchia,Magdalena Cauca,Medio Magdalena,Río Nare,2009,14,Andes,Definitivo,0,0,0,27.2490844726563,27.2490844726563,13.848217010498,43.8302116394043,0.652730166912079,3.05454540252686,6.04363632202148,5,10,0.869565188884735,0.876811623573303,1,1,33,1.05999994277954,0
06,2019-06-25,23080760,0,Definitivo,SAN ROQUE [23080760],Pluviométrica,Convencional,Activa,Antioquia,San Roque,6.4875,-75.017,820,5/15/1975,,Monchia,Magdalena Cauca,Medio Magdalena,Río Nare,2019,25,Andes,Definitivo,0,0,0,24.8617630004883,24.8617630004883,2.31095361709595,15.3027858734131,0.116181813180447,3.05454540252686,6.04363632202148,5,10,0.869565188884735,0.876811623573303,1,1,35,1.05999994277954,0
06,2020-06-24,23080760,0,Definitivo,SAN ROQUE [23080760],Pluviométrica,Convencional,Activa,Antioquia,San Roque,6.4875,-75.017,820,5/15/1975,,Monchia,Magdalena Cauca,Medio Magdalena,Río Nare,2020,24,Andes,Definitivo,0,0,0,0.324283629655838,0.324283629655838,13.9349412918091,10.1284618377686,8.44591426849365,3.05454540252686,6.04363632202148,5,10,0.869565188884735,0.876811623573303,1,1,35,1.05999994277954,0
06,2023-06-20,23080760,0,Definitivo,SAN ROQUE [23080760],Pluviométrica,Convencional,Activa,Antioquia,San Roque,6.4875,-75.017,820,5/15/1975,,Monchia,Magdalena Cauca,Medio Magdalena,Río Nare,2023,20,Andes,Definitivo,0,0,0,5.10469961166382,5.10469961166382,0,0.000764404016081244,0,3.05454540252686,6.04363632202148,5,10,0.869565188884735,0.876811623573303,1,1,34,1.05999994277954,0
06,2011-06-13,23080760,9,Definitivo,SAN ROQUE [23080760],Pluviométrica,Convencional,Activa,Antioquia,San Roque,6.4875,-75.017,820,5/15/1975,,Monchia,Magdalena Cauca,Medio Magdalena,Río Nare,2011,13,Andes,Definitivo,9,9,0,9.15819263458252,9.15819263458252,3.29818105697632,1.05351257324219,0.587544560432434,3.05454540252686,6.04363632202148,5,10,0.869565188884735,0.876811623573303,1,1,33,1.05999994277954,9.53999948501587
06,2021-06-15,23080760,13,Definitivo,SAN ROQUE [23080760],Pluviométrica,Convencional,Activa,Antioquia,San Roque,6.4875,-75.017,820,5/15/1975,,Monchia,Magdalena Cauca,Medio Magdalena,Río Nare,2021,15,Andes,Definitivo,13,13,0,41.0981521606445,41.0981521606445,4.75433206558228,16.0500659942627,2.13570332527161,3.05454540252686,6.04363632202148,5,10,0.869565188884735,0.876811623573303,1,1,33,1.05999994277954,13.779999256134
06,2011-06-14,23080760,,"",SAN ROQUE [23080760],Pluviométrica,Convencional,Activa,Antioquia,San Roque,6.4875,-75.017,820,5/15/1975,,Monchia,Magdalena Cauca,Medio Magdalena,Río Nare,2011,14,Andes,Preliminar,0,0,0,5.52367496490479,5.52367496490479,9.89454364776611,4.94015598297119,25.6916389465332,3.05454540252686,6.04363632202148,5,10,0.869565188884735,0.876811623573303,1,1,33,1.05999994277954,0
06,2011-06-15,23080760,8,Definitivo,SAN ROQUE [23080760],Pluviométrica,Convencional,Activa,Antioquia,San Roque,6.4875,-75.017,820,5/15/1975,,Monchia,Magdalena Cauca,Medio Magdalena,Río Nare,2011,15,Andes,Definitivo,8,8,0,2.35594606399536,2.35594606399536,0,2.0643527507782,0.0421632751822472,3.05454540252686,6.04363632202148,5,10,0.869565188884735,0.876811623573303,1,1,33,1.05999994277954,8.47999954223633
06,2011-06-16,23080760,25,Definitivo,SAN ROQUE [23080760],Pluviométrica,Convencional,Activa,Antioquia,San Roque,6.4875,-75.017,820,5/15/1975,,Monchia,Magdalena Cauca,Medio Magdalena,Río Nare,2011,16,Andes,Definitivo,25,25,0,0.665519654750824,0.665519654750824,27.1405162811279,5.93761205673218,24.750036239624,3.05454540252686,6.04363632202148,5,10,0.869565188884735,0.876811623573303,1,1,34,1.05999994277954,26.4999985694885
06,2011-06-17,23080760,8,Definitivo,SAN ROQUE [23080760],Pluviométrica,Convencional,Activa,Antioquia,San Roque,6.4875,-75.017,820,5/15/1975,,Monchia,Magdalena Cauca,Medio Magdalena,Río Nare,2011,17,Andes,Definitivo,8,8,0,5.89296245574951,5.89296245574951,20.3553848266602,18.0460414886475,35.472957611084,3.05454540252686,6.04363632202148,5,10,0.869565188884735,0.876811623573303,1,1,34,1.05999994277954,8.47999954223633
06,2010-06-21,23080760,41,Definitivo,SAN ROQUE [23080760],Pluviométrica,Convencional,Activa,Antioquia,San Roque,6.4875,-75.017,820,5/15/1975,,Monchia,Magdalena Cauca,Medio Magdalena,Río Nare,2010,21,Andes,Definitivo,41,41,0,14.4180297851563,14.4180297851563,8.1583309173584,10.1097764968872,9.73877143859863,3.05454540252686,6.04363632202148,5,10,0.869565188884735,0.876811623573303,1,1,35,1.05999994277954,43.4599976539612
06,2010-06-22,23080760,,"",SAN ROQUE [23080760],Pluviométrica,Convencional,Activa,Antioquia,San Roque,6.4875,-75.017,820,5/15/1975,,Monchia,Magdalena Cauca,Medio Magdalena,Río Nare,2010,22,Andes,Preliminar,0,0,0,14.2066917419434,14.2066917419434,0,33.6463432312012,1.37717068195343,3.05454540252686,6.04363632202148,5,10,0.869565188884735,0.876811623573303,1,1,35,1.05999994277954,0
06,2013-06-20,23080760,0,Definitivo,SAN ROQUE [23080760],Pluviométrica,Convencional,Activa,Antioquia,San Roque,6.4875,-75.017,820,5/15/1975,,Monchia,Magdalena Cauca,Medio Magdalena,Río Nare,2013,20,Andes,Definitivo,0,0,0,1.22666609287262,1.22666609287262,10.6847562789917,3.66404056549072,10.9164657592773,3.05454540252686,6.04363632202148,5,10,0.869565188884735,0.876811623573303,1,1,34,1.05999994277954,0
06,2012-06-24,23080760,,"",SAN ROQUE [23080760],Pluviométrica,Convencional,Activa,Antioquia,San Roque,6.4875,-75.017,820,5/15/1975,,Monchia,Magdalena Cauca,Medio Magdalena,Río Nare,2012,24,Andes,Preliminar,0,0,0,2.34078097343445,2.34078097343445,1.61837089061737,0.233040943741798,0,3.05454540252686,6.04363632202148,5,10,0.869565188884735,0.876811623573303,1,1,35,1.05999994277954,0
06,2005-06-14,23080760,12,Definitivo,SAN ROQUE [23080760],Pluviométrica,Convencional,Activa,Antioquia,San Roque,6.4875,-75.017,820,5/15/1975,,Monchia,Magdalena Cauca,Medio Magdalena,Río Nare,2005,14,Andes,Definitivo,12,12,0,0,0,16.713249206543,7.56190967559815,11.1039600372314,3.05454540252686,6.04363632202148,5,10,0.869565188884735,0.876811623573303,1,1,33,1.05999994277954,12.7199993133545
06,2009-06-09,23080760,25,Definitivo,SAN ROQUE [23080760],Pluviométrica,Convencional,Activa,Antioquia,San Roque,6.4875,-75.017,820,5/15/1975,,Monchia,Magdalena Cauca,Medio Magdalena,Río Nare,2009,09,Andes,Definitivo,25,25,0,0,0,26.7309226989746,5.76328039169312,3.08239984512329,3.05454540252686,6.04363632202148,5,10,0.869565188884735,0.876811623573303,1,1,32,1.05999994277954,26.4999985694885
06,2009-06-10,23080760,20,Definitivo,SAN ROQUE [23080760],Pluviométrica,Convencional,Activa,Antioquia,San Roque,6.4875,-75.017,820,5/15/1975,,Monchia,Magdalena Cauca,Medio Magdalena,Río Nare,2009,10,Andes,Definitivo,20,20,0,12.9813585281372,12.9813585281372,26.7309226989746,33.9553718566895,73.4042053222656,3.05454540252686,6.04363632202148,5,10,0.869565188884735,0.876811623573303,1,1,32,1.05999994277954,21.1999988555908
06,2020-06-19,23080760,10,Definitivo,SAN ROQUE [23080760],Pluviométrica,Convencional,Activa,Antioquia,San Roque,6.4875,-75.017,820,5/15/1975,,Monchia,Magdalena Cauca,Medio Magdalena,Río Nare,2020,19,Andes,Definitivo,10,10,0,7.58029937744141,7.58029937744141,9.72115230560303,20.5713882446289,1.7160792350769,3.05454540252686,6.04363632202148,5,10,0.869565188884735,0.876811623573303,1,1,34,1.05999994277954,10.5999994277954
06,2012-06-09,23080760,1,Definitivo,SAN ROQUE [23080760],Pluviométrica,Convencional,Activa,Antioquia,San Roque,6.4875,-75.017,820,5/15/1975,,Monchia,Magdalena Cauca,Medio Magdalena,Río Nare,2012,09,Andes,Definitivo,1,1,0,3.49646854400635,3.49646854400635,0,3.84622669219971,0.478318721055985,3.05454540252686,6.04363632202148,5,10,0.869565188884735,0.876811623573303,1,1,32,1.05999994277954,1.05999994277954
06,2022-06-16,23080760,4,Definitivo,SAN ROQUE [23080760],Pluviométrica,Convencional,Activa,Antioquia,San Roque,6.4875,-75.017,820,5/15/1975,,Monchia,Magdalena Cauca,Medio Magdalena,Río Nare,2022,16,Andes,Definitivo,4,4,0,4.78133821487427,4.78133821487427,3.95301961898804,9.36958885192871,2.65590405464172,3.05454540252686,6.04363632202148,5,10,0.869565188884735,0.876811623573303,1,1,34,1.05999994277954,4.23999977111816
06,2022-06-13,23080760,5,Definitivo,SAN ROQUE [23080760],Pluviométrica,Convencional,Activa,Antioquia,San Roque,6.4875,-75.017,820,5/15/1975,,Monchia,Magdalena Cauca,Medio Magdalena,Río Nare,2022,13,Andes,Definitivo,5,5,0,3.64200854301453,3.64200854301453,0,4.17714166641235,1.55165672302246,3.05454540252686,6.04363632202148,5,10,0.869565188884735,0.876811623573303,1,1,33,1.05999994277954,5.29999971389771
06,2021-06-14,23080760,11,Definitivo,SAN ROQUE [23080760],Pluviométrica,Convencional,Activa,Antioquia,San Roque,6.4875,-75.017,820,5/15/1975,,Monchia,Magdalena Cauca,Medio Magdalena,Río Nare,2021,14,Andes,Definitivo,11,11,0,1.99283874034882,1.99283874034882,9.50866413116455,21.3132190704346,24.0140552520752,3.05454540252686,6.04363632202148,5,10,0.869565188884735,0.876811623573303,1,1,33,1.05999994277954,11.659999370575
06,2022-06-12,23080760,0,Definitivo,SAN ROQUE [23080760],Pluviométrica,Convencional,Activa,Antioquia,San Roque,6.4875,-75.017,820,5/15/1975,,Monchia,Magdalena Cauca,Medio Magdalena,Río Nare,2022,12,Andes,Definitivo,0,0,0,3.66604089736939,3.66604089736939,0,7.94654512405396,0.4532570540905,3.05454540252686,6.04363632202148,5,10,0.869565188884735,0.876811623573303,1,1,33,1.05999994277954,0
06,2020-06-12,23080760,5,Definitivo,SAN ROQUE [23080760],Pluviométrica,Convencional,Activa,Antioquia,San Roque,6.4875,-75.017,820,5/15/1975,,Monchia,Magdalena Cauca,Medio Magdalena,Río Nare,2020,12,Andes,Definitivo,5,5,0,18.6854476928711,18.6854476928711,35.7930717468262,37.8681907653809,72.3281555175781,3.05454540252686,6.04363632202148,5,10,0.869565188884735,0.876811623573303,1,1,33,1.05999994277954,5.29999971389771
06,2021-06-10,23080760,0,Definitivo,SAN ROQUE [23080760],Pluviométrica,Convencional,Activa,Antioquia,San Roque,6.4875,-75.017,820,5/15/1975,,Monchia,Magdalena Cauca,Medio Magdalena,Río Nare,2021,10,Andes,Definitivo,0,0,0,20.9507160186768,20.9507160186768,4.24456787109375,7.57450723648071,12.3876609802246,3.05454540252686,6.04363632202148,5,10,0.869565188884735,0.876811623573303,1,1,32,1.05999994277954,0
06,2021-06-09,23080760,6,Definitivo,SAN ROQUE [23080760],Pluviométrica,Convencional,Activa,Antioquia,San Roque,6.4875,-75.017,820,5/15/1975,,Monchia,Magdalena Cauca,Medio Magdalena,Río Nare,2021,09,Andes,Definitivo,6,6,0,31.7984924316406,31.7984924316406,21.2228393554688,28.0694217681885,48.146541595459,3.05454540252686,6.04363632202148,5,10,0.869565188884735,0.876811623573303,1,1,32,1.05999994277954,6.35999965667725
06,2023-06-06,23080760,7,Definitivo,SAN ROQUE [23080760],Pluviométrica,Convencional,Activa,Antioquia,San Roque,6.4875,-75.017,820,5/15/1975,,Monchia,Magdalena Cauca,Medio Magdalena,Río Nare,2023,06,Andes,Definitivo,7,7,0,1.52747058868408,1.52747058868408,0,6.56342363357544,4.22100162506104,3.05454540252686,6.04363632202148,5,10,0.869565188884735,0.876811623573303,1,1,32,1.05999994277954,7.41999959945679
06,2017-06-23,23080760,0,Definitivo,SAN ROQUE [23080760],Pluviométrica,Convencional,Activa,Antioquia,San Roque,6.4875,-75.017,820,5/15/1975,,Monchia,Magdalena Cauca,Medio Magdalena,Río Nare,2017,23,Andes,Definitivo,0,0,0,9.0685977935791,9.0685977935791,0,22.5848083496094,2.93012523651123,3.05454540252686,6.04363632202148,5,10,0.869565188884735,0.876811623573303,1,1,35,1.05999994277954,0
06,2017-06-24,23080760,0,Definitivo,SAN ROQUE [23080760],Pluviométrica,Convencional,Activa,Antioquia,San Roque,6.4875,-75.017,820,5/15/1975,,Monchia,Magdalena Cauca,Medio Magdalena,Río Nare,2017,24,Andes,Definitivo,0,0,0,5.13907718658447,5.13907718658447,0,2.38818454742432,0,3.05454540252686,6.04363632202148,5,10,0.869565188884735,0.876811623573303,1,1,35,1.05999994277954,0
06,2022-06-23,23080760,0,Definitivo,SAN ROQUE [23080760],Pluviométrica,Convencional,Activa,Antioquia,San Roque,6.4875,-75.017,820,5/15/1975,,Monchia,Magdalena Cauca,Medio Magdalena,Río Nare,2022,23,Andes,Definitivo,0,0,0,1.09248304367065,1.09248304367065,19.1719703674316,16.3308372497559,3.36908960342407,3.05454540252686,6.04363632202148,5,10,0.869565188884735,0.876811623573303,1,1,35,1.05999994277954,0
06,2009-06-11,23080760,11,Definitivo,SAN ROQUE [23080760],Pluviométrica,Convencional,Activa,Antioquia,San Roque,6.4875,-75.017,820,5/15/1975,,Monchia,Magdalena Cauca,Medio Magdalena,Río Nare,2009,11,Andes,Definitivo,11,11,0,1.97268652915955,1.97268652915955,9.23214435577393,6.85734272003174,4.19436883926392,3.05454540252686,6.04363632202148,5,10,0.869565188884735,0.876811623573303,1,1,33,1.05999994277954,11.659999370575
06,2021-06-20,23080760,60,Definitivo,SAN ROQUE [23080760],Pluviométrica,Convencional,Activa,Antioquia,San Roque,6.4875,-75.017,820,5/15/1975,,Monchia,Magdalena Cauca,Medio Magdalena,Río Nare,2021,20,Andes,Definitivo,60,60,0,9.24058437347412,9.24058437347412,0,15.9242839813232,28.6387767791748,3.05454540252686,6.04363632202148,5,10,0.869565188884735,0.876811623573303,1,1,34,1.05999994277954,63.5999965667725
06,2004-06-29,23080760,0.3,Definitivo,SAN ROQUE [23080760],Pluviométrica,Convencional,Activa,Antioquia,San Roque,6.4875,-75.017,820,5/15/1975,,Monchia,Magdalena Cauca,Medio Magdalena,Río Nare,2004,29,Andes,Definitivo,0.3,0.3,0,0.0564551278948784,0.0564551278948784,13.8576669692993,4.74424314498901,1.8739070892334,3.05454540252686,6.04363632202148,5,10,0.869565188884735,0.876811623573303,1,1,36,1.05999994277954,0.317999982833862
06,2002-06-30,23080760,,"",SAN ROQUE [23080760],Pluviométrica,Convencional,Activa,Antioquia,San Roque,6.4875,-75.017,820,5/15/1975,,Monchia,Magdalena Cauca,Medio Magdalena,Río Nare,2002,30,Andes,Preliminar,0,0,0,10.4792432785034,10.4792432785034,8.86288833618164,1.33771514892578,0.226297706365585,3.05454540252686,6.04363632202148,5,10,0.869565188884735,0.876811623573303,1,1,36,1.05999994277954,0
06,2004-06-24,23080760,,"",SAN ROQUE [23080760],Pluviométrica,Convencional,Activa,Antioquia,San Roque,6.4875,-75.017,820,5/15/1975,,Monchia,Magdalena Cauca,Medio Magdalena,Río Nare,2004,24,Andes,Preliminar,0,0,0,1.04246485233307,1.04246485233307,0,0.0376271270215511,0.00498482864350081,3.05454540252686,6.04363632202148,5,10,0.869565188884735,0.876811623573303,1,1,35,1.05999994277954,0
06,2006-06-19,23080760,2,Definitivo,SAN ROQUE [23080760],Pluviométrica,Convencional,Activa,Antioquia,San Roque,6.4875,-75.017,820,5/15/1975,,Monchia,Magdalena Cauca,Medio Magdalena,Río Nare,2006,19,Andes,Definitivo,2,2,0,0,0,18.7622985839844,1.41704106330872,8.93850612640381,3.05454540252686,6.04363632202148,5,10,0.869565188884735,0.876811623573303,1,1,34,1.05999994277954,2.11999988555908
06,2006-06-20,23080760,2,Definitivo,SAN ROQUE [23080760],Pluviométrica,Convencional,Activa,Antioquia,San Roque,6.4875,-75.017,820,5/15/1975,,Monchia,Magdalena Cauca,Medio Magdalena,Río Nare,2006,20,Andes,Definitivo,2,2,0,1.79298341274261,1.79298341274261,9.38114929199219,8.91283130645752,9.37942695617676,3.05454540252686,6.04363632202148,5,10,0.869565188884735,0.876811623573303,1,1,34,1.05999994277954,2.11999988555908
06,2007-06-18,23080760,16,Definitivo,SAN ROQUE [23080760],Pluviométrica,Convencional,Activa,Antioquia,San Roque,6.4875,-75.017,820,5/15/1975,,Monchia,Magdalena Cauca,Medio Magdalena,Río Nare,2007,18,Andes,Definitivo,16,16,0,8.64705181121826,8.64705181121826,9.37326335906982,16.1507530212402,16.2194786071777,3.05454540252686,6.04363632202148,5,10,0.869565188884735,0.876811623573303,1,1,34,1.05999994277954,16.9599990844727
06,2009-06-12,23080760,49,Definitivo,SAN ROQUE [23080760],Pluviométrica,Convencional,Activa,Antioquia,San Roque,6.4875,-75.017,820,5/15/1975,,Monchia,Magdalena Cauca,Medio Magdalena,Río Nare,2009,12,Andes,Definitivo,49,49,0,1.49577331542969,1.49577331542969,13.848217010498,9.24682521820068,19.1064949035645,3.05454540252686,6.04363632202148,5,10,0.869565188884735,0.876811623573303,1,1,33,1.05999994277954,51.9399971961975
06,2009-06-13,23080760,,"",SAN ROQUE [23080760],Pluviométrica,Convencional,Activa,Antioquia,San Roque,6.4875,-75.017,820,5/15/1975,,Monchia,Magdalena Cauca,Medio Magdalena,Río Nare,2009,13,Andes,Preliminar,0,0,0,18.512903213501,18.512903213501,13.848217010498,11.7600708007813,49.1484870910645,3.05454540252686,6.04363632202148,5,10,0.869565188884735,0.876811623573303,1,1,33,1.05999994277954,0
06,2007-06-14,23080760,0,Definitivo,SAN ROQUE [23080760],Pluviométrica,Convencional,Activa,Antioquia,San Roque,6.4875,-75.017,820,5/15/1975,,Monchia,Magdalena Cauca,Medio Magdalena,Río Nare,2007,14,Andes,Definitivo,0,0,0,0.432379871606827,0.432379871606827,2.88321280479431,19.3530769348145,8.33641719818115,3.05454540252686,6.04363632202148,5,10,0.869565188884735,0.876811623573303,1,1,33,1.05999994277954,0
06,2006-06-11,23080760,40,Definitivo,SAN ROQUE [23080760],Pluviométrica,Convencional,Activa,Antioquia,San Roque,6.4875,-75.017,820,5/15/1975,,Monchia,Magdalena Cauca,Medio Magdalena,Río Nare,2006,11,Andes,Definitivo,40,40,0,12.986722946167,12.986722946167,6.13078212738037,13.2031469345093,11.2533407211304,3.05454540252686,6.04363632202148,5,10,0.869565188884735,0.876811623573303,1,1,33,1.05999994277954,42.3999977111816
06,2004-06-11,23080760,,"",SAN ROQUE [23080760],Pluviométrica,Convencional,Activa,Antioquia,San Roque,6.4875,-75.017,820,5/15/1975,,Monchia,Magdalena Cauca,Medio Magdalena,Río Nare,2004,11,Andes,Preliminar,0,0,0,11.8712997436523,11.8712997436523,0,5.09722852706909,0.797783076763153,3.05454540252686,6.04363632202148,5,10,0.869565188884735,0.876811623573303,1,1,33,1.05999994277954,0
06,2022-06-21,23080760,19,Definitivo,SAN ROQUE [23080760],Pluviométrica,Convencional,Activa,Antioquia,San Roque,6.4875,-75.017,820,5/15/1975,,Monchia,Magdalena Cauca,Medio Magdalena,Río Nare,2022,21,Andes,Definitivo,19,19,0,17.4521770477295,17.4521770477295,9.58598518371582,16.3749885559082,4.7635498046875,3.05454540252686,6.04363632202148,5,10,0.869565188884735,0.876811623573303,1,1,35,1.05999994277954,20.1399989128113
06,2004-06-28,23080760,,"",SAN ROQUE [23080760],Pluviométrica,Convencional,Activa,Antioquia,San Roque,6.4875,-75.017,820,5/15/1975,,Monchia,Magdalena Cauca,Medio Magdalena,Río Nare,2004,28,Andes,Preliminar,0,0,0,13.3234100341797,13.3234100341797,9.23844432830811,11.5947465896606,16.5838947296143,3.05454540252686,6.04363632202148,5,10,0.869565188884735,0.876811623573303,1,1,36,1.05999994277954,0
06,2010-06-09,23080760,9,Definitivo,SAN ROQUE [23080760],Pluviométrica,Convencional,Activa,Antioquia,San Roque,6.4875,-75.017,820,5/15/1975,,Monchia,Magdalena Cauca,Medio Magdalena,Río Nare,2010,09,Andes,Definitivo,9,9,0,7.52230978012085,7.52230978012085,18.675745010376,24.8490409851074,54.2206611633301,3.05454540252686,6.04363632202148,5,10,0.869565188884735,0.876811623573303,1,1,32,1.05999994277954,9.53999948501587
06,2012-06-10,23080760,,"",SAN ROQUE [23080760],Pluviométrica,Convencional,Activa,Antioquia,San Roque,6.4875,-75.017,820,5/15/1975,,Monchia,Magdalena Cauca,Medio Magdalena,Río Nare,2012,10,Andes,Preliminar,0,0,0,0.989600837230682,0.989600837230682,0,8.93179321289063,1.96660125255585,3.05454540252686,6.04363632202148,5,10,0.869565188884735,0.876811623573303,1,1,32,1.05999994277954,0
06,2012-06-11,23080760,3,Definitivo,SAN ROQUE [23080760],Pluviométrica,Convencional,Activa,Antioquia,San Roque,6.4875,-75.017,820,5/15/1975,,Monchia,Magdalena Cauca,Medio Magdalena,Río Nare,2012,11,Andes,Definitivo,3,3,0,5.47006559371948,5.47006559371948,23.1685905456543,2.06738615036011,0.8505699634552,3.05454540252686,6.04363632202148,5,10,0.869565188884735,0.876811623573303,1,1,33,1.05999994277954,3.17999982833862
06,2012-06-12,23080760,22,Definitivo,SAN ROQUE [23080760],Pluviométrica,Convencional,Activa,Antioquia,San Roque,6.4875,-75.017,820,5/15/1975,,Monchia,Magdalena Cauca,Medio Magdalena,Río Nare,2012,12,Andes,Definitivo,22,22,0,2.96066856384277,2.96066856384277,23.1685905456543,6.28095054626465,4.95300769805908,3.05454540252686,6.04363632202148,5,10,0.869565188884735,0.876811623573303,1,1,33,1.05999994277954,23.3199987411499
06,2012-06-13,23080760,2,Definitivo,SAN ROQUE [23080760],Pluviométrica,Convencional,Activa,Antioquia,San Roque,6.4875,-75.017,820,5/15/1975,,Monchia,Magdalena Cauca,Medio Magdalena,Río Nare,2012,13,Andes,Definitivo,2,2,0,3.64005064964294,3.64005064964294,23.1685905456543,47.4627418518066,68.9849090576172,3.05454540252686,6.04363632202148,5,10,0.869565188884735,0.876811623573303,1,1,33,1.05999994277954,2.11999988555908
06,2011-06-18,23080760,0,Definitivo,SAN ROQUE [23080760],Pluviométrica,Convencional,Activa,Antioquia,San Roque,6.4875,-75.017,820,5/15/1975,,Monchia,Magdalena Cauca,Medio Magdalena,Río Nare,2011,18,Andes,Definitivo,0,0,0,4.0979642868042,4.0979642868042,0,20.5068397521973,0.576770663261414,3.05454540252686,6.04363632202148,5,10,0.869565188884735,0.876811623573303,1,1,34,1.05999994277954,0
06,2011-06-19,23080760,10,Definitivo,SAN ROQUE [23080760],Pluviométrica,Convencional,Activa,Antioquia,San Roque,6.4875,-75.017,820,5/15/1975,,Monchia,Magdalena Cauca,Medio Magdalena,Río Nare,2011,19,Andes,Definitivo,10,10,0,45.5256996154785,45.5256996154785,6.78512907028198,20.1787452697754,1.41878879070282,3.05454540252686,6.04363632202148,5,10,0.869565188884735,0.876811623573303,1,1,34,1.05999994277954,10.5999994277954
06,2011-06-20,23080760,58,Definitivo,SAN ROQUE [23080760],Pluviométrica,Convencional,Activa,Antioquia,San Roque,6.4875,-75.017,820,5/15/1975,,Monchia,Magdalena Cauca,Medio Magdalena,Río Nare,2011,20,Andes,Definitivo,58,58,0,7.58642196655273,7.58642196655273,0,12.2296857833862,14.680380821228,3.05454540252686,6.04363632202148,5,10,0.869565188884735,0.876811623573303,1,1,34,1.05999994277954,61.4799966812134
06,2013-06-21,23080760,,"",SAN ROQUE [23080760],Pluviométrica,Convencional,Activa,Antioquia,San Roque,6.4875,-75.017,820,5/15/1975,,Monchia,Magdalena Cauca,Medio Magdalena,Río Nare,2013,21,Andes,Preliminar,0,0,0,1.11006021499634,1.11006021499634,6.18520975112915,4.25449848175049,1.13625526428223,3.05454540252686,6.04363632202148,5,10,0.869565188884735,0.876811623573303,1,1,35,1.05999994277954,0
06,2015-06-23,23080760,,"",SAN ROQUE [23080760],Pluviométrica,Convencional,Activa,Antioquia,San Roque,6.4875,-75.017,820,5/15/1975,,Monchia,Magdalena Cauca,Medio Magdalena,Río Nare,2015,23,Andes,Preliminar,0,0,0,0,0,0,0.018714714795351,2.2646861076355,3.05454540252686,6.04363632202148,5,10,0.869565188884735,0.876811623573303,1,1,35,1.05999994277954,0
06,2015-06-24,23080760,,"",SAN ROQUE [23080760],Pluviométrica,Convencional,Activa,Antioquia,San Roque,6.4875,-75.017,820,5/15/1975,,Monchia,Magdalena Cauca,Medio Magdalena,Río Nare,2015,24,Andes,Preliminar,0,0,0,0,0,0,0.000172519707120955,0,3.05454540252686,6.04363632202148,5,10,0.869565188884735,0.876811623573303,1,1,35,1.05999994277954,0
06,2007-06-10,23080760,5,Definitivo,SAN ROQUE [23080760],Pluviométrica,Convencional,Activa,Antioquia,San Roque,6.4875,-75.017,820,5/15/1975,,Monchia,Magdalena Cauca,Medio Magdalena,Río Nare,2007,10,Andes,Definitivo,5,5,0,0.067178949713707,0.067178949713707,13.7933311462402,7.43892574310303,2.72404479980469,3.05454540252686,6.04363632202148,5,10,0.869565188884735,0.876811623573303,1,1,32,1.05999994277954,5.29999971389771
06,2007-06-11,23080760,0,Definitivo,SAN ROQUE [23080760],Pluviométrica,Convencional,Activa,Antioquia,San Roque,6.4875,-75.017,820,5/15/1975,,Monchia,Magdalena Cauca,Medio Magdalena,Río Nare,2007,11,Andes,Definitivo,0,0,0,0,0,0,1.14983141422272,5.01808071136475,3.05454540252686,6.04363632202148,5,10,0.869565188884735,0.876811623573303,1,1,33,1.05999994277954,0
06,2020-06-21,23080760,0,Definitivo,SAN ROQUE [23080760],Pluviométrica,Convencional,Activa,Antioquia,San Roque,6.4875,-75.017,820,5/15/1975,,Monchia,Magdalena Cauca,Medio Magdalena,Río Nare,2020,21,Andes,Definitivo,0,0,0,8.51406002044678,8.51406002044678,20.9024105072022,12.5876903533936,26.6247692108154,3.05454540252686,6.04363632202148,5,10,0.869565188884735,0.876811623573303,1,1,35,1.05999994277954,0
06,2021-06-17,23080760,0,Definitivo,SAN ROQUE [23080760],Pluviométrica,Convencional,Activa,Antioquia,San Roque,6.4875,-75.017,820,5/15/1975,,Monchia,Magdalena Cauca,Medio Magdalena,Río Nare,2021,17,Andes,Definitivo,0,0,0,5.4284930229187,5.4284930229187,0,5.67039299011231,0.0760864764451981,3.05454540252686,6.04363632202148,5,10,0.869565188884735,0.876811623573303,1,1,34,1.05999994277954,0
06,2020-06-16,23080760,2,Definitivo,SAN ROQUE [23080760],Pluviométrica,Convencional,Activa,Antioquia,San Roque,6.4875,-75.017,820,5/15/1975,,Monchia,Magdalena Cauca,Medio Magdalena,Río Nare,2020,16,Andes,Definitivo,2,2,0,1.70803105831146,1.70803105831146,0,4.40262365341187,0.0615111626684666,3.05454540252686,6.04363632202148,5,10,0.869565188884735,0.876811623573303,1,1,34,1.05999994277954,2.11999988555908
06,2020-06-15,23080760,0,Definitivo,SAN ROQUE [23080760],Pluviométrica,Convencional,Activa,Antioquia,San Roque,6.4875,-75.017,820,5/15/1975,,Monchia,Magdalena Cauca,Medio Magdalena,Río Nare,2020,15,Andes,Definitivo,0,0,0,0.742023885250092,0.742023885250092,1.42139041423798,3.69451260566711,6.30676507949829,3.05454540252686,6.04363632202148,5,10,0.869565188884735,0.876811623573303,1,1,33,1.05999994277954,0
06,2018-06-16,23080760,2,Definitivo,SAN ROQUE [23080760],Pluviométrica,Convencional,Activa,Antioquia,San Roque,6.4875,-75.017,820,5/15/1975,,Monchia,Magdalena Cauca,Medio Magdalena,Río Nare,2018,16,Andes,Definitivo,2,2,0,20.7355918884277,20.7355918884277,0,4.20992422103882,11.3762912750244,3.05454540252686,6.04363632202148,5,10,0.869565188884735,0.876811623573303,1,1,34,1.05999994277954,2.11999988555908
06,2019-06-14,23080760,7,Definitivo,SAN ROQUE [23080760],Pluviométrica,Convencional,Activa,Antioquia,San Roque,6.4875,-75.017,820,5/15/1975,,Monchia,Magdalena Cauca,Medio Magdalena,Río Nare,2019,14,Andes,Definitivo,7,7,0,0.876490592956543,0.876490592956543,1.85357296466827,7.15352869033814,14.7496728897095,3.05454540252686,6.04363632202148,5,10,0.869565188884735,0.876811623573303,1,1,33,1.05999994277954,7.41999959945679
06,2020-06-11,23080760,64,Definitivo,SAN ROQUE [23080760],Pluviométrica,Convencional,Activa,Antioquia,San Roque,6.4875,-75.017,820,5/15/1975,,Monchia,Magdalena Cauca,Medio Magdalena,Río Nare,2020,11,Andes,Definitivo,64,64,0,9.27824783325195,9.27824783325195,17.7730274200439,13.9014072418213,0.343119353055954,3.05454540252686,6.04363632202148,5,10,0.869565188884735,0.876811623573303,1,1,33,1.05999994277954,67.8399963378906
06,2019-06-13,23080760,77,Definitivo,SAN ROQUE [23080760],Pluviométrica,Convencional,Activa,Antioquia,San Roque,6.4875,-75.017,820,5/15/1975,,Monchia,Magdalena Cauca,Medio Magdalena,Río Nare,2019,13,Andes,Definitivo,77,77,0,1.10213840007782,1.10213840007782,2.33076524734497,3.46406841278076,6.5654673576355,3.05454540252686,6.04363632202148,5,10,0.869565188884735,0.876811623573303,1,1,33,1.05999994277954,81.6199955940247
06,2022-06-07,23080760,12,Definitivo,SAN ROQUE [23080760],Pluviométrica,Convencional,Activa,Antioquia,San Roque,6.4875,-75.017,820,5/15/1975,,Monchia,Magdalena Cauca,Medio Magdalena,Río Nare,2022,07,Andes,Definitivo,12,12,0,6.72545433044434,6.72545433044434,22.6144695281982,12.6211280822754,42.3932075500488,3.05454540252686,6.04363632202148,5,10,0.869565188884735,0.876811623573303,1,1,32,1.05999994277954,12.7199993133545
06,2023-06-05,23080760,4,Definitivo,SAN ROQUE [23080760],Pluviométrica,Convencional,Activa,Antioquia,San Roque,6.4875,-75.017,820,5/15/1975,,Monchia,Magdalena Cauca,Medio Magdalena,Río Nare,2023,05,Andes,Definitivo,4,4,0,0,0,0,5.7644853591919,0.927585959434509,3.05454540252686,6.04363632202148,5,10,0.869565188884735,0.876811623573303,1,1,31,1.05999994277954,4.23999977111816
06,2022-06-06,23080760,0,Definitivo,SAN ROQUE [23080760],Pluviométrica,Convencional,Activa,Antioquia,San Roque,6.4875,-75.017,820,5/15/1975,,Monchia,Magdalena Cauca,Medio Magdalena,Río Nare,2022,06,Andes,Definitivo,0,0,0,5.66590261459351,5.66590261459351,0,13.1348276138306,0.184086084365845,3.05454540252686,6.04363632202148,5,10,0.869565188884735,0.876811623573303,1,1,32,1.05999994277954,0
06,2020-06-22,23080760,0,Definitivo,SAN ROQUE [23080760],Pluviométrica,Convencional,Activa,Antioquia,San Roque,6.4875,-75.017,820,5/15/1975,,Monchia,Magdalena Cauca,Medio Magdalena,Río Nare,2020,22,Andes,Definitivo,0,0,0,0,0,0,5.17634963989258,1.6133838891983,3.05454540252686,6.04363632202148,5,10,0.869565188884735,0.876811623573303,1,1,35,1.05999994277954,0
06,2018-06-25,23080760,0,Definitivo,SAN ROQUE [23080760],Pluviométrica,Convencional,Activa,Antioquia,San Roque,6.4875,-75.017,820,5/15/1975,,Monchia,Magdalena Cauca,Medio Magdalena,Río Nare,2018,25,Andes,Definitivo,0,0,0,1.56674480438232,1.56674480438232,14.9867401123047,15.9463691711426,1.00881230831146,3.05454540252686,6.04363632202148,5,10,0.869565188884735,0.876811623573303,1,1,35,1.05999994277954,0
06,2002-06-28,23080760,,"",SAN ROQUE [23080760],Pluviométrica,Convencional,Activa,Antioquia,San Roque,6.4875,-75.017,820,5/15/1975,,Monchia,Magdalena Cauca,Medio Magdalena,Río Nare,2002,28,Andes,Preliminar,0,0,0,0,0,0,1.72332298755646,0.436545729637146,3.05454540252686,6.04363632202148,5,10,0.869565188884735,0.876811623573303,1,1,36,1.05999994277954,0
06,2002-06-29,23080760,,"",SAN ROQUE [23080760],Pluviométrica,Convencional,Activa,Antioquia,San Roque,6.4875,-75.017,820,5/15/1975,,Monchia,Magdalena Cauca,Medio Magdalena,Río Nare,2002,29,Andes,Preliminar,0,0,0,0,0,0,6.39992570877075,9.07234191894531,3.05454540252686,6.04363632202148,5,10,0.869565188884735,0.876811623573303,1,1,36,1.05999994277954,0
06,2003-06-27,23080760,22,Definitivo,SAN ROQUE [23080760],Pluviométrica,Convencional,Activa,Antioquia,San Roque,6.4875,-75.017,820,5/15/1975,,Monchia,Magdalena Cauca,Medio Magdalena,Río Nare,2003,27,Andes,Definitivo,22,22,0,3.51839828491211,3.51839828491211,0,1.36603844165802,0,3.05454540252686,6.04363632202148,5,10,0.869565188884735,0.876811623573303,1,1,36,1.05999994277954,23.3199987411499
06,2005-06-21,23080760,11,Definitivo,SAN ROQUE [23080760],Pluviométrica,Convencional,Activa,Antioquia,San Roque,6.4875,-75.017,820,5/15/1975,,Monchia,Magdalena Cauca,Medio Magdalena,Río Nare,2005,21,Andes,Definitivo,11,11,0,21.5826969146729,21.5826969146729,0,6.30564832687378,0.158504709601402,3.05454540252686,6.04363632202148,5,10,0.869565188884735,0.876811623573303,1,1,35,1.05999994277954,11.659999370575
06,2005-06-20,23080760,11,Definitivo,SAN ROQUE [23080760],Pluviométrica,Convencional,Activa,Antioquia,San Roque,6.4875,-75.017,820,5/15/1975,,Monchia,Magdalena Cauca,Medio Magdalena,Río Nare,2005,20,Andes,Definitivo,11,11,0,25.8773136138916,25.8773136138916,13.3191976547241,23.9200611114502,17.0111827850342,3.05454540252686,6.04363632202148,5,10,0.869565188884735,0.876811623573303,1,1,34,1.05999994277954,11.659999370575
06,2007-06-17,23080760,0,Definitivo,SAN ROQUE [23080760],Pluviométrica,Convencional,Activa,Antioquia,San Roque,6.4875,-75.017,820,5/15/1975,,Monchia,Magdalena Cauca,Medio Magdalena,Río Nare,2007,17,Andes,Definitivo,0,0,0,6.32537746429443,6.32537746429443,0,1.6135231256485,0.142089709639549,3.05454540252686,6.04363632202148,5,10,0.869565188884735,0.876811623573303,1,1,34,1.05999994277954,0
06,2008-06-14,23080760,,"",SAN ROQUE [23080760],Pluviométrica,Convencional,Activa,Antioquia,San Roque,6.4875,-75.017,820,5/15/1975,,Monchia,Magdalena Cauca,Medio Magdalena,Río Nare,2008,14,Andes,Preliminar,0,0,0,3.79556393623352,3.79556393623352,5.5765175819397,4.91811370849609,11.3582277297974,3.05454540252686,6.04363632202148,5,10,0.869565188884735,0.876811623573303,1,1,33,1.05999994277954,0
06,2005-06-16,23080760,9,Definitivo,SAN ROQUE [23080760],Pluviométrica,Convencional,Activa,Antioquia,San Roque,6.4875,-75.017,820,5/15/1975,,Monchia,Magdalena Cauca,Medio Magdalena,Río Nare,2005,16,Andes,Definitivo,9,9,0,1.28317272663116,1.28317272663116,0,0.572483718395233,0.843292653560638,3.05454540252686,6.04363632202148,5,10,0.869565188884735,0.876811623573303,1,1,34,1.05999994277954,9.53999948501587
06,2007-06-13,23080760,0,Definitivo,SAN ROQUE [23080760],Pluviométrica,Convencional,Activa,Antioquia,San Roque,6.4875,-75.017,820,5/15/1975,,Monchia,Magdalena Cauca,Medio Magdalena,Río Nare,2007,13,Andes,Definitivo,0,0,0,2.88253283500671,2.88253283500671,2.88321280479431,2.44529867172241,5.98080635070801,3.05454540252686,6.04363632202148,5,10,0.869565188884735,0.876811623573303,1,1,33,1.05999994277954,0
06,2005-06-13,23080760,16,Definitivo,SAN ROQUE [23080760],Pluviométrica,Convencional,Activa,Antioquia,San Roque,6.4875,-75.017,820,5/15/1975,,Monchia,Magdalena Cauca,Medio Magdalena,Río Nare,2005,13,Andes,Definitivo,16,16,0,0,0,0,1.87942659854889,0.0567752495408058,3.05454540252686,6.04363632202148,5,10,0.869565188884735,0.876811623573303,1,1,33,1.05999994277954,16.9599990844727
06,2005-06-12,23080760,0,Definitivo,SAN ROQUE [23080760],Pluviométrica,Convencional,Activa,Antioquia,San Roque,6.4875,-75.017,820,5/15/1975,,Monchia,Magdalena Cauca,Medio Magdalena,Río Nare,2005,12,Andes,Definitivo,0,0,0,31.1850337982178,31.1850337982178,11.1421642303467,21.4146881103516,6.90938758850098,3.05454540252686,6.04363632202148,5,10,0.869565188884735,0.876811623573303,1,1,33,1.05999994277954,0
06,2006-06-10,23080760,0,Definitivo,SAN ROQUE [23080760],Pluviométrica,Convencional,Activa,Antioquia,San Roque,6.4875,-75.017,820,5/15/1975,,Monchia,Magdalena Cauca,Medio Magdalena,Río Nare,2006,10,Andes,Definitivo,0,0,0,6.00913619995117,6.00913619995117,35.2985954284668,43.856201171875,43.0485687255859,3.05454540252686,6.04363632202148,5,10,0.869565188884735,0.876811623573303,1,1,32,1.05999994277954,0
06,2005-06-09,23080760,3,Definitivo,SAN ROQUE [23080760],Pluviométrica,Convencional,Activa,Antioquia,San Roque,6.4875,-75.017,820,5/15/1975,,Monchia,Magdalena Cauca,Medio Magdalena,Río Nare,2005,09,Andes,Definitivo,3,3,0,2.12382888793945,2.12382888793945,26.9026947021484,28.8520393371582,15.0292253494263,3.05454540252686,6.04363632202148,5,10,0.869565188884735,0.876811623573303,1,1,32,1.05999994277954,3.17999982833862
06,2005-06-10,23080760,14,Definitivo,SAN ROQUE [23080760],Pluviométrica,Convencional,Activa,Antioquia,San Roque,6.4875,-75.017,820,5/15/1975,,Monchia,Magdalena Cauca,Medio Magdalena,Río Nare,2005,10,Andes,Definitivo,14,14,0,0.318574339151382,0.318574339151382,0,13.0788745880127,1.84560668468475,3.05454540252686,6.04363632202148,5,10,0.869565188884735,0.876811623573303,1,1,32,1.05999994277954,14.8399991989136
06,2005-06-11,23080760,5,Definitivo,SAN ROQUE [23080760],Pluviométrica,Convencional,Activa,Antioquia,San Roque,6.4875,-75.017,820,5/15/1975,,Monchia,Magdalena Cauca,Medio Magdalena,Río Nare,2005,11,Andes,Definitivo,5,5,0,2.61084032058716,2.61084032058716,11.1421642303467,23.3852500915527,33.0883369445801,3.05454540252686,6.04363632202148,5,10,0.869565188884735,0.876811623573303,1,1,33,1.05999994277954,5.29999971389771
06,2010-06-10,23080760,74,Definitivo,SAN ROQUE [23080760],Pluviométrica,Convencional,Activa,Antioquia,San Roque,6.4875,-75.017,820,5/15/1975,,Monchia,Magdalena Cauca,Medio Magdalena,Río Nare,2010,10,Andes,Definitivo,74,74,0,19.7098979949951,19.7098979949951,0,29.6964282989502,16.4789600372314,3.05454540252686,6.04363632202148,5,10,0.869565188884735,0.876811623573303,1,1,32,1.05999994277954,78.439995765686
06,2010-06-11,23080760,0,Definitivo,SAN ROQUE [23080760],Pluviométrica,Convencional,Activa,Antioquia,San Roque,6.4875,-75.017,820,5/15/1975,,Monchia,Magdalena Cauca,Medio Magdalena,Río Nare,2010,11,Andes,Definitivo,0,0,0,14.2539167404175,14.2539167404175,20.4098854064941,14.6026029586792,39.4064826965332,3.05454540252686,6.04363632202148,5,10,0.869565188884735,0.876811623573303,1,1,33,1.05999994277954,0
06,2013-06-09,23080760,0,Definitivo,SAN ROQUE [23080760],Pluviométrica,Convencional,Activa,Antioquia,San Roque,6.4875,-75.017,820,5/15/1975,,Monchia,Magdalena Cauca,Medio Magdalena,Río Nare,2013,09,Andes,Definitivo,0,0,0,4.38366365432739,4.38366365432739,0,0.0234057456254959,0.0371358282864094,3.05454540252686,6.04363632202148,5,10,0.869565188884735,0.876811623573303,1,1,32,1.05999994277954,0
06,2013-06-10,23080760,4,Definitivo,SAN ROQUE [23080760],Pluviométrica,Convencional,Activa,Antioquia,San Roque,6.4875,-75.017,820,5/15/1975,,Monchia,Magdalena Cauca,Medio Magdalena,Río Nare,2013,10,Andes,Definitivo,4,4,0,4.10868644714355,4.10868644714355,0,1.44670903682709,0.328919887542725,3.05454540252686,6.04363632202148,5,10,0.869565188884735,0.876811623573303,1,1,32,1.05999994277954,4.23999977111816
06,2012-06-14,23080760,8,Definitivo,SAN ROQUE [23080760],Pluviométrica,Convencional,Activa,Antioquia,San Roque,6.4875,-75.017,820,5/15/1975,,Monchia,Magdalena Cauca,Medio Magdalena,Río Nare,2012,14,Andes,Definitivo,8,8,0,15.7925910949707,15.7925910949707,0,22.1847705841064,2.54038381576538,3.05454540252686,6.04363632202148,5,10,0.869565188884735,0.876811623573303,1,1,33,1.05999994277954,8.47999954223633
06,2012-06-15,23080760,90,Definitivo,SAN ROQUE [23080760],Pluviométrica,Convencional,Activa,Antioquia,San Roque,6.4875,-75.017,820,5/15/1975,,Monchia,Magdalena Cauca,Medio Magdalena,Río Nare,2012,15,Andes,Definitivo,90,90,0,6.66495656967163,6.66495656967163,0,16.4521217346191,17.1190986633301,3.05454540252686,6.04363632202148,5,10,0.869565188884735,0.876811623573303,1,1,33,1.05999994277954,95.3999948501587
06,2012-06-16,23080760,,"",SAN ROQUE [23080760],Pluviométrica,Convencional,Activa,Antioquia,San Roque,6.4875,-75.017,820,5/15/1975,,Monchia,Magdalena Cauca,Medio Magdalena,Río Nare,2012,16,Andes,Preliminar,0,0,0,1.31990921497345,1.31990921497345,31.8548240661621,25.628870010376,35.6363258361816,3.05454540252686,6.04363632202148,5,10,0.869565188884735,0.876811623573303,1,1,34,1.05999994277954,0
06,2011-06-21,23080760,4,Definitivo,SAN ROQUE [23080760],Pluviométrica,Convencional,Activa,Antioquia,San Roque,6.4875,-75.017,820,5/15/1975,,Monchia,Magdalena Cauca,Medio Magdalena,Río Nare,2011,21,Andes,Definitivo,4,4,0,4.71712255477905,4.71712255477905,0,12.3158617019653,9.450758934021,3.05454540252686,6.04363632202148,5,10,0.869565188884735,0.876811623573303,1,1,35,1.05999994277954,4.23999977111816
06,2013-06-22,23080760,4,Definitivo,SAN ROQUE [23080760],Pluviométrica,Convencional,Activa,Antioquia,San Roque,6.4875,-75.017,820,5/15/1975,,Monchia,Magdalena Cauca,Medio Magdalena,Río Nare,2013,22,Andes,Definitivo,4,4,0,2.12180233001709,2.12180233001709,6.18520975112915,6.49670457839966,0.500745415687561,3.05454540252686,6.04363632202148,5,10,0.869565188884735,0.876811623573303,1,1,35,1.05999994277954,4.23999977111816
06,2016-06-20,23080760,10,Definitivo,SAN ROQUE [23080760],Pluviométrica,Convencional,Activa,Antioquia,San Roque,6.4875,-75.017,820,5/15/1975,,Monchia,Magdalena Cauca,Medio Magdalena,Río Nare,2016,20,Andes,Definitivo,10,10,0,0,0,12.3127326965332,12.0903148651123,8.04662799835205,3.05454540252686,6.04363632202148,5,10,0.869565188884735,0.876811623573303,1,1,34,1.05999994277954,10.5999994277954
06,2015-06-25,23080760,,"",SAN ROQUE [23080760],Pluviométrica,Convencional,Activa,Antioquia,San Roque,6.4875,-75.017,820,5/15/1975,,Monchia,Magdalena Cauca,Medio Magdalena,Río Nare,2015,25,Andes,Preliminar,0,0,0,1.5290070772171,1.5290070772171,0,0.012937487103045,0,3.05454540252686,6.04363632202148,5,10,0.869565188884735,0.876811623573303,1,1,35,1.05999994277954,0
06,2020-06-23,23080760,1,Definitivo,SAN ROQUE [23080760],Pluviométrica,Convencional,Activa,Antioquia,San Roque,6.4875,-75.017,820,5/15/1975,,Monchia,Magdalena Cauca,Medio Magdalena,Río Nare,2020,23,Andes,Definitivo,1,1,0,4.16044521331787,4.16044521331787,0,4.23791456222534,0.0740171521902084,3.05454540252686,6.04363632202148,5,10,0.869565188884735,0.876811623573303,1,1,35,1.05999994277954,1.05999994277954
06,2022-06-20,23080760,20,Definitivo,SAN ROQUE [23080760],Pluviométrica,Convencional,Activa,Antioquia,San Roque,6.4875,-75.017,820,5/15/1975,,Monchia,Magdalena Cauca,Medio Magdalena,Río Nare,2022,20,Andes,Definitivo,20,20,0,17.5013618469238,17.5013618469238,14.469428062439,10.0541009902954,0.758537411689758,3.05454540252686,6.04363632202148,5,10,0.869565188884735,0.876811623573303,1,1,34,1.05999994277954,21.1999988555908
06,2022-06-18,23080760,90,Definitivo,SAN ROQUE [23080760],Pluviométrica,Convencional,Activa,Antioquia,San Roque,6.4875,-75.017,820,5/15/1975,,Monchia,Magdalena Cauca,Medio Magdalena,Río Nare,2022,18,Andes,Definitivo,90,90,0,4.80236434936523,4.80236434936523,3.97040319442749,7.34612417221069,15.5627183914185,3.05454540252686,6.04363632202148,5,10,0.869565188884735,0.876811623573303,1,1,34,1.05999994277954,95.3999948501587
06,2022-06-15,23080760,20,Definitivo,SAN ROQUE [23080760],Pluviométrica,Convencional,Activa,Antioquia,San Roque,6.4875,-75.017,820,5/15/1975,,Monchia,Magdalena Cauca,Medio Magdalena,Río Nare,2022,15,Andes,Definitivo,20,20,0,3.62898230552673,3.62898230552673,0,5.88221549987793,4.59999418258667,3.05454540252686,6.04363632202148,5,10,0.869565188884735,0.876811623573303,1,1,33,1.05999994277954,21.1999988555908
06,2018-06-19,23080760,10,Definitivo,SAN ROQUE [23080760],Pluviométrica,Convencional,Activa,Antioquia,San Roque,6.4875,-75.017,820,5/15/1975,,Monchia,Magdalena Cauca,Medio Magdalena,Río Nare,2018,19,Andes,Definitivo,10,10,0,0,0,4.91359424591065,5.06576108932495,9.12328815460205,3.05454540252686,6.04363632202148,5,10,0.869565188884735,0.876811623573303,1,1,34,1.05999994277954,10.5999994277954
06,2019-06-17,23080760,0,Definitivo,SAN ROQUE [23080760],Pluviométrica,Convencional,Activa,Antioquia,San Roque,6.4875,-75.017,820,5/15/1975,,Monchia,Magdalena Cauca,Medio Magdalena,Río Nare,2019,17,Andes,Definitivo,0,0,0,0,0,0,0.384976983070374,0,3.05454540252686,6.04363632202148,5,10,0.869565188884735,0.876811623573303,1,1,34,1.05999994277954,0
06,2020-06-14,23080760,14,Definitivo,SAN ROQUE [23080760],Pluviométrica,Convencional,Activa,Antioquia,San Roque,6.4875,-75.017,820,5/15/1975,,Monchia,Magdalena Cauca,Medio Magdalena,Río Nare,2020,14,Andes,Definitivo,14,14,0,1.81795978546143,1.81795978546143,3.48240876197815,17.1193065643311,0,3.05454540252686,6.04363632202148,5,10,0.869565188884735,0.876811623573303,1,1,33,1.05999994277954,14.8399991989136
06,2018-06-15,23080760,1,Definitivo,SAN ROQUE [23080760],Pluviométrica,Convencional,Activa,Antioquia,San Roque,6.4875,-75.017,820,5/15/1975,,Monchia,Magdalena Cauca,Medio Magdalena,Río Nare,2018,15,Andes,Definitivo,1,1,0,2.01294898986816,2.01294898986816,0,0.256135165691376,0,3.05454540252686,6.04363632202148,5,10,0.869565188884735,0.876811623573303,1,1,33,1.05999994277954,1.05999994277954
06,2018-06-14,23080760,0,Definitivo,SAN ROQUE [23080760],Pluviométrica,Convencional,Activa,Antioquia,San Roque,6.4875,-75.017,820,5/15/1975,,Monchia,Magdalena Cauca,Medio Magdalena,Río Nare,2018,14,Andes,Definitivo,0,0,0,5.44689273834229,5.44689273834229,13.2701797485352,2.08175468444824,13.2950429916382,3.05454540252686,6.04363632202148,5,10,0.869565188884735,0.876811623573303,1,1,33,1.05999994277954,0
06,2020-06-10,23080760,5,Definitivo,SAN ROQUE [23080760],Pluviométrica,Convencional,Activa,Antioquia,San Roque,6.4875,-75.017,820,5/15/1975,,Monchia,Magdalena Cauca,Medio Magdalena,Río Nare,2020,10,Andes,Definitivo,5,5,0,27.8182582855225,27.8182582855225,21.1732692718506,68.2836227416992,45.3146934509277,3.05454540252686,6.04363632202148,5,10,0.869565188884735,0.876811623573303,1,1,32,1.05999994277954,5.29999971389771
06,2021-06-08,23080760,109,Definitivo,SAN ROQUE [23080760],Pluviométrica,Convencional,Activa,Antioquia,San Roque,6.4875,-75.017,820,5/15/1975,,Monchia,Magdalena Cauca,Medio Magdalena,Río Nare,2021,08,Andes,Definitivo,109,109,0,4.7362961769104,4.7362961769104,8.4891357421875,33.4824867248535,15.1076164245605,3.05454540252686,6.04363632202148,5,10,0.869565188884735,0.876811623573303,1,1,32,1.05999994277954,115.53999376297
06,2021-06-07,23080760,11,Definitivo,SAN ROQUE [23080760],Pluviométrica,Convencional,Activa,Antioquia,San Roque,6.4875,-75.017,820,5/15/1975,,Monchia,Magdalena Cauca,Medio Magdalena,Río Nare,2021,07,Andes,Definitivo,11,11,0,1.33928203582764,1.33928203582764,12.7337026596069,11.1240949630737,3.86066246032715,3.05454540252686,6.04363632202148,5,10,0.869565188884735,0.876811623573303,1,1,32,1.05999994277954,11.659999370575
06,2023-06-04,23080760,7,Definitivo,SAN ROQUE [23080760],Pluviométrica,Convencional,Activa,Antioquia,San Roque,6.4875,-75.017,820,5/15/1975,,Monchia,Magdalena Cauca,Medio Magdalena,Río Nare,2023,04,Andes,Definitivo,7,7,0,0,0,15.5807018280029,5.80677700042725,21.0532360076904,3.05454540252686,6.04363632202148,5,10,0.869565188884735,0.876811623573303,1,1,31,1.05999994277954,7.41999959945679
06,2001-06-30,23080760,103,Definitivo,SAN ROQUE [23080760],Pluviométrica,Convencional,Activa,Antioquia,San Roque,6.4875,-75.017,820,5/15/1975,,Monchia,Magdalena Cauca,Medio Magdalena,Río Nare,2001,30,Andes,Definitivo,103,103,0,0,0,0,26.1222820281982,6.3546347618103,3.05454540252686,6.04363632202148,5,10,0.869565188884735,0.876811623573303,1,1,36,1.05999994277954,109.179994106293
06,2001-06-29,23080760,0,Definitivo,SAN ROQUE [23080760],Pluviométrica,Convencional,Activa,Antioquia,San Roque,6.4875,-75.017,820,5/15/1975,,Monchia,Magdalena Cauca,Medio Magdalena,Río Nare,2001,29,Andes,Definitivo,0,0,0,12.2402057647705,12.2402057647705,25.3965148925781,1.15186512470245,33.1562042236328,3.05454540252686,6.04363632202148,5,10,0.869565188884735,0.876811623573303,1,1,36,1.05999994277954,0
06,2003-06-26,23080760,0,Definitivo,SAN ROQUE [23080760],Pluviométrica,Convencional,Activa,Antioquia,San Roque,6.4875,-75.017,820,5/15/1975,,Monchia,Magdalena Cauca,Medio Magdalena,Río Nare,2003,26,Andes,Definitivo,0,0,0,0,0,9.53277969360352,1.77192199230194,5.40459966659546,3.05454540252686,6.04363632202148,5,10,0.869565188884735,0.876811623573303,1,1,36,1.05999994277954,0
06,2004-06-23,23080760,,"",SAN ROQUE [23080760],Pluviométrica,Convencional,Activa,Antioquia,San Roque,6.4875,-75.017,820,5/15/1975,,Monchia,Magdalena Cauca,Medio Magdalena,Río Nare,2004,23,Andes,Preliminar,0,0,0,0,0,0,0,0.045978806912899,3.05454540252686,6.04363632202148,5,10,0.869565188884735,0.876811623573303,1,1,35,1.05999994277954,0
06,2004-06-22,23080760,,"",SAN ROQUE [23080760],Pluviométrica,Convencional,Activa,Antioquia,San Roque,6.4875,-75.017,820,5/15/1975,,Monchia,Magdalena Cauca,Medio Magdalena,Río Nare,2004,22,Andes,Preliminar,0,0,0,0,0,0,0.12299470603466,0.00872344989329577,3.05454540252686,6.04363632202148,5,10,0.869565188884735,0.876811623573303,1,1,35,1.05999994277954,0
06,2003-06-24,23080760,19,Definitivo,SAN ROQUE [23080760],Pluviométrica,Convencional,Activa,Antioquia,San Roque,6.4875,-75.017,820,5/15/1975,,Monchia,Magdalena Cauca,Medio Magdalena,Río Nare,2003,24,Andes,Definitivo,19,19,0,0.304565757513046,0.304565757513046,10.0851631164551,13.7974300384521,6.04876136779785,3.05454540252686,6.04363632202148,5,10,0.869565188884735,0.876811623573303,1,1,35,1.05999994277954,20.1399989128113
06,2006-06-18,23080760,95,Definitivo,SAN ROQUE [23080760],Pluviométrica,Convencional,Activa,Antioquia,San Roque,6.4875,-75.017,820,5/15/1975,,Monchia,Magdalena Cauca,Medio Magdalena,Río Nare,2006,18,Andes,Definitivo,95,95,0,0.597661137580872,0.597661137580872,9.38114929199219,8.01986885070801,12.5556421279907,3.05454540252686,6.04363632202148,5,10,0.869565188884735,0.876811623573303,1,1,34,1.05999994277954,100.699994564056
06,2007-06-16,23080760,0,Definitivo,SAN ROQUE [23080760],Pluviométrica,Convencional,Activa,Antioquia,San Roque,6.4875,-75.017,820,5/15/1975,,Monchia,Magdalena Cauca,Medio Magdalena,Río Nare,2007,16,Andes,Definitivo,0,0,0,7.98371553421021,7.98371553421021,0,4.16303825378418,1.07930076122284,3.05454540252686,6.04363632202148,5,10,0.869565188884735,0.876811623573303,1,1,34,1.05999994277954,0
06,2006-06-17,23080760,7,Definitivo,SAN ROQUE [23080760],Pluviométrica,Convencional,Activa,Antioquia,San Roque,6.4875,-75.017,820,5/15/1975,,Monchia,Magdalena Cauca,Medio Magdalena,Río Nare,2006,17,Andes,Definitivo,7,7,0,7.17193365097046,7.17193365097046,0,2.18096590042114,0,3.05454540252686,6.04363632202148,5,10,0.869565188884735,0.876811623573303,1,1,34,1.05999994277954,7.41999959945679
06,2006-06-14,23080760,0,Definitivo,SAN ROQUE [23080760],Pluviométrica,Convencional,Activa,Antioquia,San Roque,6.4875,-75.017,820,5/15/1975,,Monchia,Magdalena Cauca,Medio Magdalena,Río Nare,2006,14,Andes,Definitivo,0,0,0,0,0,12.2615642547607,14.2067356109619,14.4123315811157,3.05454540252686,6.04363632202148,5,10,0.869565188884735,0.876811623573303,1,1,33,1.05999994277954,0
06,2007-06-12,23080760,6,Definitivo,SAN ROQUE [23080760],Pluviométrica,Convencional,Activa,Antioquia,San Roque,6.4875,-75.017,820,5/15/1975,,Monchia,Magdalena Cauca,Medio Magdalena,Río Nare,2007,12,Andes,Definitivo,6,6,0,3.60316610336304,3.60316610336304,5.76642560958862,0.10245506465435,0.345363318920136,3.05454540252686,6.04363632202148,5,10,0.869565188884735,0.876811623573303,1,1,33,1.05999994277954,6.35999965667725
06,2006-06-13,23080760,4,Definitivo,SAN ROQUE [23080760],Pluviométrica,Convencional,Activa,Antioquia,San Roque,6.4875,-75.017,820,5/15/1975,,Monchia,Magdalena Cauca,Medio Magdalena,Río Nare,2006,13,Andes,Definitivo,4,4,0,0.369072020053864,0.369072020053864,0,0.307369768619537,0.0654749870300293,3.05454540252686,6.04363632202148,5,10,0.869565188884735,0.876811623573303,1,1,33,1.05999994277954,4.23999977111816
06,2004-06-13,23080760,,"",SAN ROQUE [23080760],Pluviométrica,Convencional,Activa,Antioquia,San Roque,6.4875,-75.017,820,5/15/1975,,Monchia,Magdalena Cauca,Medio Magdalena,Río Nare,2004,13,Andes,Preliminar,0,0,0,0,0,2.43238282203674,0.116631180047989,3.47074961662293,3.05454540252686,6.04363632202148,5,10,0.869565188884735,0.876811623573303,1,1,33,1.05999994277954,0
06,2004-06-10,23080760,16,Definitivo,SAN ROQUE [23080760],Pluviométrica,Convencional,Activa,Antioquia,San Roque,6.4875,-75.017,820,5/15/1975,,Monchia,Magdalena Cauca,Medio Magdalena,Río Nare,2004,10,Andes,Definitivo,16,16,0,0.45120307803154,0.45120307803154,0,7.5456337928772,0.807161152362824,3.05454540252686,6.04363632202148,5,10,0.869565188884735,0.876811623573303,1,1,32,1.05999994277954,16.9599990844727
06,2006-06-07,23080760,91,Definitivo,SAN ROQUE [23080760],Pluviométrica,Convencional,Activa,Antioquia,San Roque,6.4875,-75.017,820,5/15/1975,,Monchia,Magdalena Cauca,Medio Magdalena,Río Nare,2006,07,Andes,Definitivo,91,91,0,20.2975234985352,20.2975234985352,14.1194381713867,13.1141948699951,25.9859046936035,3.05454540252686,6.04363632202148,5,10,0.869565188884735,0.876811623573303,1,1,32,1.05999994277954,96.4599947929382
06,2006-06-08,23080760,16,Definitivo,SAN ROQUE [23080760],Pluviométrica,Convencional,Activa,Antioquia,San Roque,6.4875,-75.017,820,5/15/1975,,Monchia,Magdalena Cauca,Medio Magdalena,Río Nare,2006,08,Andes,Definitivo,16,16,0,12.1851930618286,12.1851930618286,21.1791591644287,30.2575187683106,14.342378616333,3.05454540252686,6.04363632202148,5,10,0.869565188884735,0.876811623573303,1,1,32,1.05999994277954,16.9599990844727
06,2008-06-09,23080760,49,Definitivo,SAN ROQUE [23080760],Pluviométrica,Convencional,Activa,Antioquia,San Roque,6.4875,-75.017,820,5/15/1975,,Monchia,Magdalena Cauca,Medio Magdalena,Río Nare,2008,09,Andes,Definitivo,49,49,0,2.43314075469971,2.43314075469971,13.3039255142212,14.3391036987305,0.141498237848282,3.05454540252686,6.04363632202148,5,10,0.869565188884735,0.876811623573303,1,1,32,1.05999994277954,51.9399971961975
06,2008-06-10,23080760,,"",SAN ROQUE [23080760],Pluviométrica,Convencional,Activa,Antioquia,San Roque,6.4875,-75.017,820,5/15/1975,,Monchia,Magdalena Cauca,Medio Magdalena,Río Nare,2008,10,Andes,Preliminar,0,0,0,51.4457168579102,51.4457168579102,13.3039255142212,45.9197235107422,7.89919185638428,3.05454540252686,6.04363632202148,5,10,0.869565188884735,0.876811623573303,1,1,32,1.05999994277954,0
06,2008-06-11,23080760,,"",SAN ROQUE [23080760],Pluviométrica,Convencional,Activa,Antioquia,San Roque,6.4875,-75.017,820,5/15/1975,,Monchia,Magdalena Cauca,Medio Magdalena,Río Nare,2008,11,Andes,Preliminar,0,0,0,1.2729024887085,1.2729024887085,0,10.615122795105,13.9519290924072,3.05454540252686,6.04363632202148,5,10,0.869565188884735,0.876811623573303,1,1,33,1.05999994277954,0
06,2011-06-10,23080760,0,Definitivo,SAN ROQUE [23080760],Pluviométrica,Convencional,Activa,Antioquia,San Roque,6.4875,-75.017,820,5/15/1975,,Monchia,Magdalena Cauca,Medio Magdalena,Río Nare,2011,10,Andes,Definitivo,0,0,0,0.46209043264389,0.46209043264389,6.26683521270752,10.3288774490356,36.5478515625,3.05454540252686,6.04363632202148,5,10,0.869565188884735,0.876811623573303,1,1,32,1.05999994277954,0
06,2013-06-11,23080760,39,Definitivo,SAN ROQUE [23080760],Pluviométrica,Convencional,Activa,Antioquia,San Roque,6.4875,-75.017,820,5/15/1975,,Monchia,Magdalena Cauca,Medio Magdalena,Río Nare,2013,11,Andes,Definitivo,39,39,0,21.7286891937256,21.7286891937256,12.2804002761841,30.1983184814453,12.0523567199707,3.05454540252686,6.04363632202148,5,10,0.869565188884735,0.876811623573303,1,1,33,1.05999994277954,41.3399977684021
06,2013-06-12,23080760,12,Definitivo,SAN ROQUE [23080760],Pluviométrica,Convencional,Activa,Antioquia,San Roque,6.4875,-75.017,820,5/15/1975,,Monchia,Magdalena Cauca,Medio Magdalena,Río Nare,2013,12,Andes,Definitivo,12,12,0,3.43755149841309,3.43755149841309,18.4206008911133,6.08824062347412,13.1604042053223,3.05454540252686,6.04363632202148,5,10,0.869565188884735,0.876811623573303,1,1,33,1.05999994277954,12.7199993133545
06,2013-06-13,23080760,8,Definitivo,SAN ROQUE [23080760],Pluviométrica,Convencional,Activa,Antioquia,San Roque,6.4875,-75.017,820,5/15/1975,,Monchia,Magdalena Cauca,Medio Magdalena,Río Nare,2013,13,Andes,Definitivo,8,8,0,17.3282833099365,17.3282833099365,12.2804002761841,17.5262775421143,49.1121368408203,3.05454540252686,6.04363632202148,5,10,0.869565188884735,0.876811623573303,1,1,33,1.05999994277954,8.47999954223633
06,2012-06-17,23080760,,"",SAN ROQUE [23080760],Pluviométrica,Convencional,Activa,Antioquia,San Roque,6.4875,-75.017,820,5/15/1975,,Monchia,Magdalena Cauca,Medio Magdalena,Río Nare,2012,17,Andes,Preliminar,0,0,0,10.0798511505127,10.0798511505127,0,5.66052103042603,0.61746609210968,3.05454540252686,6.04363632202148,5,10,0.869565188884735,0.876811623573303,1,1,34,1.05999994277954,0
06,2011-06-22,23080760,31,Definitivo,SAN ROQUE [23080760],Pluviométrica,Convencional,Activa,Antioquia,San Roque,6.4875,-75.017,820,5/15/1975,,Monchia,Magdalena Cauca,Medio Magdalena,Río Nare,2011,22,Andes,Definitivo,31,31,0,4.06297874450684,4.06297874450684,9.44201755523682,38.1069412231445,13.0169944763184,3.05454540252686,6.04363632202148,5,10,0.869565188884735,0.876811623573303,1,1,35,1.05999994277954,32.8599982261658
06,2014-06-20,23080760,,"",SAN ROQUE [23080760],Pluviométrica,Convencional,Activa,Antioquia,San Roque,6.4875,-75.017,820,5/15/1975,,Monchia,Magdalena Cauca,Medio Magdalena,Río Nare,2014,20,Andes,Preliminar,0,0,0,9.47732257843018,9.47732257843018,0,0.494157820940018,0.516808390617371,3.05454540252686,6.04363632202148,5,10,0.869565188884735,0.876811623573303,1,1,34,1.05999994277954,0
06,2016-06-21,23080760,,"",SAN ROQUE [23080760],Pluviométrica,Convencional,Activa,Antioquia,San Roque,6.4875,-75.017,820,5/15/1975,,Monchia,Magdalena Cauca,Medio Magdalena,Río Nare,2016,21,Andes,Preliminar,0,0,0,0,0,0,3.82288002967834,0.0922908037900925,3.05454540252686,6.04363632202148,5,10,0.869565188884735,0.876811623573303,1,1,35,1.05999994277954,0
06,2018-06-23,23080760,18,Definitivo,SAN ROQUE [23080760],Pluviométrica,Convencional,Activa,Antioquia,San Roque,6.4875,-75.017,820,5/15/1975,,Monchia,Magdalena Cauca,Medio Magdalena,Río Nare,2018,23,Andes,Definitivo,18,18,0,22.6338367462158,22.6338367462158,14.9867401123047,9.78900051116943,18.1812267303467,3.05454540252686,6.04363632202148,5,10,0.869565188884735,0.876811623573303,1,1,35,1.05999994277954,19.0799989700317
06,2018-06-24,23080760,0,Definitivo,SAN ROQUE [23080760],Pluviométrica,Convencional,Activa,Antioquia,San Roque,6.4875,-75.017,820,5/15/1975,,Monchia,Magdalena Cauca,Medio Magdalena,Río Nare,2018,24,Andes,Definitivo,0,0,0,13.4523210525513,13.4523210525513,22.480110168457,25.9800281524658,35.0090179443359,3.05454540252686,6.04363632202148,5,10,0.869565188884735,0.876811623573303,1,1,35,1.05999994277954,0
06,2018-06-22,23080760,10,Definitivo,SAN ROQUE [23080760],Pluviométrica,Convencional,Activa,Antioquia,San Roque,6.4875,-75.017,820,5/15/1975,,Monchia,Magdalena Cauca,Medio Magdalena,Río Nare,2018,22,Andes,Definitivo,10,10,0,7.48629570007324,7.48629570007324,7.49337005615234,8.51997661590576,0.807329833507538,3.05454540252686,6.04363632202148,5,10,0.869565188884735,0.876811623573303,1,1,35,1.05999994277954,10.5999994277954
06,2020-06-18,23080760,0,Definitivo,SAN ROQUE [23080760],Pluviométrica,Convencional,Activa,Antioquia,San Roque,6.4875,-75.017,820,5/15/1975,,Monchia,Magdalena Cauca,Medio Magdalena,Río Nare,2020,18,Andes,Definitivo,0,0,0,5.65123891830444,5.65123891830444,0,5.52836513519287,0.40522375702858,3.05454540252686,6.04363632202148,5,10,0.869565188884735,0.876811623573303,1,1,34,1.05999994277954,0
06,2020-06-17,23080760,9,Definitivo,SAN ROQUE [23080760],Pluviométrica,Convencional,Activa,Antioquia,San Roque,6.4875,-75.017,820,5/15/1975,,Monchia,Magdalena Cauca,Medio Magdalena,Río Nare,2020,17,Andes,Definitivo,9,9,0,14.4080619812012,14.4080619812012,29.1634578704834,29.1086387634277,44.7090110778809,3.05454540252686,6.04363632202148,5,10,0.869565188884735,0.876811623573303,1,1,34,1.05999994277954,9.53999948501587
06,2018-06-18,23080760,0,Definitivo,SAN ROQUE [23080760],Pluviométrica,Convencional,Activa,Antioquia,San Roque,6.4875,-75.017,820,5/15/1975,,Monchia,Magdalena Cauca,Medio Magdalena,Río Nare,2018,18,Andes,Definitivo,0,0,0,0,0,9.82718849182129,0.657002449035645,3.48691129684448,3.05454540252686,6.04363632202148,5,10,0.869565188884735,0.876811623573303,1,1,34,1.05999994277954,0
06,2019-06-16,23080760,0,Definitivo,SAN ROQUE [23080760],Pluviométrica,Convencional,Activa,Antioquia,San Roque,6.4875,-75.017,820,5/15/1975,,Monchia,Magdalena Cauca,Medio Magdalena,Río Nare,2019,16,Andes,Definitivo,0,0,0,24.8535118103027,24.8535118103027,0,8.04394721984863,5.88215970993042,3.05454540252686,6.04363632202148,5,10,0.869565188884735,0.876811623573303,1,1,34,1.05999994277954,0
06,2017-06-16,23080760,16,Definitivo,SAN ROQUE [23080760],Pluviométrica,Convencional,Activa,Antioquia,San Roque,6.4875,-75.017,820,5/15/1975,,Monchia,Magdalena Cauca,Medio Magdalena,Río Nare,2017,16,Andes,Definitivo,16,16,0,0.294315785169601,0.294315785169601,0,1.64321660995483,0,3.05454540252686,6.04363632202148,5,10,0.869565188884735,0.876811623573303,1,1,34,1.05999994277954,16.9599990844727
06,2017-06-15,23080760,2,Definitivo,SAN ROQUE [23080760],Pluviométrica,Convencional,Activa,Antioquia,San Roque,6.4875,-75.017,820,5/15/1975,,Monchia,Magdalena Cauca,Medio Magdalena,Río Nare,2017,15,Andes,Definitivo,2,2,0,5.30581140518189,5.30581140518189,24.3190269470215,16.1841888427734,25.6754417419434,3.05454540252686,6.04363632202148,5,10,0.869565188884735,0.876811623573303,1,1,33,1.05999994277954,2.11999988555908
06,2019-06-12,23080760,0,Definitivo,SAN ROQUE [23080760],Pluviométrica,Convencional,Activa,Antioquia,San Roque,6.4875,-75.017,820,5/15/1975,,Monchia,Magdalena Cauca,Medio Magdalena,Río Nare,2019,12,Andes,Definitivo,0,0,0,3.29261016845703,3.29261016845703,6.96310138702393,25.0206737518311,68.2554702758789,3.05454540252686,6.04363632202148,5,10,0.869565188884735,0.876811623573303,1,1,33,1.05999994277954,0
06,2020-06-09,23080760,95,Definitivo,SAN ROQUE [23080760],Pluviométrica,Convencional,Activa,Antioquia,San Roque,6.4875,-75.017,820,5/15/1975,,Monchia,Magdalena Cauca,Medio Magdalena,Río Nare,2020,09,Andes,Definitivo,95,95,0,10.9204406738281,10.9204406738281,14.1155138015747,1.6082329750061,0,3.05454540252686,6.04363632202148,5,10,0.869565188884735,0.876811623573303,1,1,32,1.05999994277954,100.699994564056
06,2020-06-08,23080760,0,Definitivo,SAN ROQUE [23080760],Pluviométrica,Convencional,Activa,Antioquia,San Roque,6.4875,-75.017,820,5/15/1975,,Monchia,Magdalena Cauca,Medio Magdalena,Río Nare,2020,08,Andes,Definitivo,0,0,0,1.87288784980774,1.87288784980774,0,1.64150023460388,0,3.05454540252686,6.04363632202148,5,10,0.869565188884735,0.876811623573303,1,1,32,1.05999994277954,0
06,2022-06-05,23080760,0,Definitivo,SAN ROQUE [23080760],Pluviométrica,Convencional,Activa,Antioquia,San Roque,6.4875,-75.017,820,5/15/1975,,Monchia,Magdalena Cauca,Medio Magdalena,Río Nare,2022,05,Andes,Definitivo,0,0,0,1.53576171398163,1.53576171398163,0,4.72942876815796,0,3.05454540252686,6.04363632202148,5,10,0.869565188884735,0.876811623573303,1,1,31,1.05999994277954,0
06,2023-06-03,23080760,6,Definitivo,SAN ROQUE [23080760],Pluviométrica,Convencional,Activa,Antioquia,San Roque,6.4875,-75.017,820,5/15/1975,,Monchia,Magdalena Cauca,Medio Magdalena,Río Nare,2023,03,Andes,Definitivo,6,6,0,11.4699201583862,11.4699201583862,5.19356679916382,0.275232762098312,0,3.05454540252686,6.04363632202148,5,10,0.869565188884735,0.876811623573303,1,1,31,1.05999994277954,6.35999965667725
06,2023-06-02,23080760,4,Definitivo,SAN ROQUE [23080760],Pluviométrica,Convencional,Activa,Antioquia,San Roque,6.4875,-75.017,820,5/15/1975,,Monchia,Magdalena Cauca,Medio Magdalena,Río Nare,2023,02,Andes,Definitivo,4,4,0,24.4011821746826,24.4011821746826,0,2.14883923530579,0.253939270973206,3.05454540252686,6.04363632202148,5,10,0.869565188884735,0.876811623573303,1,1,31,1.05999994277954,4.23999977111816
06,2002-06-27,23080760,,"",SAN ROQUE [23080760],Pluviométrica,Convencional,Activa,Antioquia,San Roque,6.4875,-75.017,820,5/15/1975,,Monchia,Magdalena Cauca,Medio Magdalena,Río Nare,2002,27,Andes,Preliminar,0,0,0,0,0,0,0.215070903301239,0.0046208780258894,3.05454540252686,6.04363632202148,5,10,0.869565188884735,0.876811623573303,1,1,36,1.05999994277954,0
06,2003-06-25,23080760,0,Definitivo,SAN ROQUE [23080760],Pluviométrica,Convencional,Activa,Antioquia,San Roque,6.4875,-75.017,820,5/15/1975,,Monchia,Magdalena Cauca,Medio Magdalena,Río Nare,2003,25,Andes,Definitivo,0,0,0,14.9237203598022,14.9237203598022,5.04258155822754,6.55499887466431,41.9345817565918,3.05454540252686,6.04363632202148,5,10,0.869565188884735,0.876811623573303,1,1,35,1.05999994277954,0
06,2002-06-26,23080760,,"",SAN ROQUE [23080760],Pluviométrica,Convencional,Activa,Antioquia,San Roque,6.4875,-75.017,820,5/15/1975,,Monchia,Magdalena Cauca,Medio Magdalena,Río Nare,2002,26,Andes,Preliminar,0,0,0,0,0,0,0.0637713447213173,0,3.05454540252686,6.04363632202148,5,10,0.869565188884735,0.876811623573303,1,1,36,1.05999994277954,0
06,2002-06-25,23080760,,"",SAN ROQUE [23080760],Pluviométrica,Convencional,Activa,Antioquia,San Roque,6.4875,-75.017,820,5/15/1975,,Monchia,Magdalena Cauca,Medio Magdalena,Río Nare,2002,25,Andes,Preliminar,0,0,0,0.934234321117401,0.934234321117401,0,0.0156740620732307,0.00113948294892907,3.05454540252686,6.04363632202148,5,10,0.869565188884735,0.876811623573303,1,1,35,1.05999994277954,0
06,2004-06-21,23080760,,"",SAN ROQUE [23080760],Pluviométrica,Convencional,Activa,Antioquia,San Roque,6.4875,-75.017,820,5/15/1975,,Monchia,Magdalena Cauca,Medio Magdalena,Río Nare,2004,21,Andes,Preliminar,0,0,0,0,0,6.80148649215698,8.18729114532471,8.79570388793945,3.05454540252686,6.04363632202148,5,10,0.869565188884735,0.876811623573303,1,1,35,1.05999994277954,0
06,2005-06-19,23080760,5,Definitivo,SAN ROQUE [23080760],Pluviométrica,Convencional,Activa,Antioquia,San Roque,6.4875,-75.017,820,5/15/1975,,Monchia,Magdalena Cauca,Medio Magdalena,Río Nare,2005,19,Andes,Definitivo,5,5,0,2.78020715713501,2.78020715713501,4.43973207473755,5.18504428863525,1.91545426845551,3.05454540252686,6.04363632202148,5,10,0.869565188884735,0.876811623573303,1,1,34,1.05999994277954,5.29999971389771
06,2005-06-18,23080760,1,Definitivo,SAN ROQUE [23080760],Pluviométrica,Convencional,Activa,Antioquia,San Roque,6.4875,-75.017,820,5/15/1975,,Monchia,Magdalena Cauca,Medio Magdalena,Río Nare,2005,18,Andes,Definitivo,1,1,0,0,0,4.43973207473755,3.83500361442566,2.77892661094666,3.05454540252686,6.04363632202148,5,10,0.869565188884735,0.876811623573303,1,1,34,1.05999994277954,1.05999994277954
06,2007-06-15,23080760,0,Definitivo,SAN ROQUE [23080760],Pluviométrica,Convencional,Activa,Antioquia,San Roque,6.4875,-75.017,820,5/15/1975,,Monchia,Magdalena Cauca,Medio Magdalena,Río Nare,2007,15,Andes,Definitivo,0,0,0,13.259651184082,13.259651184082,5.76642560958862,3.21012425422668,6.58011770248413,3.05454540252686,6.04363632202148,5,10,0.869565188884735,0.876811623573303,1,1,33,1.05999994277954,0
06,2005-06-15,23080760,15,Definitivo,SAN ROQUE [23080760],Pluviométrica,Convencional,Activa,Antioquia,San Roque,6.4875,-75.017,820,5/15/1975,,Monchia,Magdalena Cauca,Medio Magdalena,Río Nare,2005,15,Andes,Definitivo,15,15,0,1.59551346302032,1.59551346302032,11.1421642303467,11.7132501602173,14.7960605621338,3.05454540252686,6.04363632202148,5,10,0.869565188884735,0.876811623573303,1,1,33,1.05999994277954,15.8999991416931
06,2002-06-17,23080760,0,Definitivo,SAN ROQUE [23080760],Pluviométrica,Convencional,Activa,Antioquia,San Roque,6.4875,-75.017,820,5/15/1975,,Monchia,Magdalena Cauca,Medio Magdalena,Río Nare,2002,17,Andes,Definitivo,0,0,0,3.00523161888123,3.00523161888123,2.45491218566895,2.25349020957947,0.600367307662964,3.05454540252686,6.04363632202148,5,10,0.869565188884735,0.876811623573303,1,1,34,1.05999994277954,0
06,2006-06-12,23080760,,"",SAN ROQUE [23080760],Pluviométrica,Convencional,Activa,Antioquia,San Roque,6.4875,-75.017,820,5/15/1975,,Monchia,Magdalena Cauca,Medio Magdalena,Río Nare,2006,12,Andes,Preliminar,0,0,0,18.7073402404785,18.7073402404785,18.3923454284668,2.3422634601593,22.2767467498779,3.05454540252686,6.04363632202148,5,10,0.869565188884735,0.876811623573303,1,1,33,1.05999994277954,0
06,2002-06-14,23080760,2,Definitivo,SAN ROQUE [23080760],Pluviométrica,Convencional,Activa,Antioquia,San Roque,6.4875,-75.017,820,5/15/1975,,Monchia,Magdalena Cauca,Medio Magdalena,Río Nare,2002,14,Andes,Definitivo,2,2,0,6.01554679870606,6.01554679870606,8.02047729492188,6.25650072097778,0.0952809080481529,3.05454540252686,6.04363632202148,5,10,0.869565188884735,0.876811623573303,1,1,33,1.05999994277954,2.11999988555908
06,2002-06-11,23080760,7,Definitivo,SAN ROQUE [23080760],Pluviométrica,Convencional,Activa,Antioquia,San Roque,6.4875,-75.017,820,5/15/1975,,Monchia,Magdalena Cauca,Medio Magdalena,Río Nare,2002,11,Andes,Definitivo,7,7,0,0.837607860565186,0.837607860565186,12.0307168960571,22.3966846466064,19.1483211517334,3.05454540252686,6.04363632202148,5,10,0.869565188884735,0.876811623573303,1,1,33,1.05999994277954,7.41999959945679
06,2004-06-07,23080760,,"",SAN ROQUE [23080760],Pluviométrica,Convencional,Activa,Antioquia,San Roque,6.4875,-75.017,820,5/15/1975,,Monchia,Magdalena Cauca,Medio Magdalena,Río Nare,2004,07,Andes,Preliminar,0,0,0,0,0,0,0.0865744277834892,0.0167156010866165,3.05454540252686,6.04363632202148,5,10,0.869565188884735,0.876811623573303,1,1,32,1.05999994277954,0
06,2009-06-06,23080760,29,Definitivo,SAN ROQUE [23080760],Pluviométrica,Convencional,Activa,Antioquia,San Roque,6.4875,-75.017,820,5/15/1975,,Monchia,Magdalena Cauca,Medio Magdalena,Río Nare,2009,06,Andes,Definitivo,29,29,0,11.2349863052368,11.2349863052368,8.91030788421631,24.6710624694824,8.1627082824707,3.05454540252686,6.04363632202148,5,10,0.869565188884735,0.876811623573303,1,1,32,1.05999994277954,30.7399983406067
06,2009-06-07,23080760,14,Definitivo,SAN ROQUE [23080760],Pluviométrica,Convencional,Activa,Antioquia,San Roque,6.4875,-75.017,820,5/15/1975,,Monchia,Magdalena Cauca,Medio Magdalena,Río Nare,2009,07,Andes,Definitivo,14,14,0,5.64660024642944,5.64660024642944,8.91030788421631,39.4521102905273,22.4971580505371,3.05454540252686,6.04363632202148,5,10,0.869565188884735,0.876811623573303,1,1,32,1.05999994277954,14.8399991989136
06,2009-06-08,23080760,7,Definitivo,SAN ROQUE [23080760],Pluviométrica,Convencional,Activa,Antioquia,San Roque,6.4875,-75.017,820,5/15/1975,,Monchia,Magdalena Cauca,Medio Magdalena,Río Nare,2009,08,Andes,Definitivo,7,7,0,4.71520233154297,4.71520233154297,8.91030788421631,3.53740954399109,0.232755646109581,3.05454540252686,6.04363632202148,5,10,0.869565188884735,0.876811623573303,1,1,32,1.05999994277954,7.41999959945679
06,2012-06-06,23080760,0,Definitivo,SAN ROQUE [23080760],Pluviométrica,Convencional,Activa,Antioquia,San Roque,6.4875,-75.017,820,5/15/1975,,Monchia,Magdalena Cauca,Medio Magdalena,Río Nare,2012,06,Andes,Definitivo,0,0,0,4.15215444564819,4.15215444564819,0,6.46339178085327,2.58233737945557,3.05454540252686,6.04363632202148,5,10,0.869565188884735,0.876811623573303,1,1,32,1.05999994277954,0
06,2011-06-11,23080760,,"",SAN ROQUE [23080760],Pluviométrica,Convencional,Activa,Antioquia,San Roque,6.4875,-75.017,820,5/15/1975,,Monchia,Magdalena Cauca,Medio Magdalena,Río Nare,2011,11,Andes,Preliminar,0,0,0,0,0,3.29818105697632,28.4147548675537,9.21190929412842,3.05454540252686,6.04363632202148,5,10,0.869565188884735,0.876811623573303,1,1,33,1.05999994277954,0
06,2014-06-09,23080760,9,Definitivo,SAN ROQUE [23080760],Pluviométrica,Convencional,Activa,Antioquia,San Roque,6.4875,-75.017,820,5/15/1975,,Monchia,Magdalena Cauca,Medio Magdalena,Río Nare,2014,09,Andes,Definitivo,9,9,0,15.2136526107788,15.2136526107788,0,38.8902015686035,0,3.05454540252686,6.04363632202148,5,10,0.869565188884735,0.876811623573303,1,1,32,1.05999994277954,9.53999948501587
06,2014-06-10,23080760,4,Definitivo,SAN ROQUE [23080760],Pluviométrica,Convencional,Activa,Antioquia,San Roque,6.4875,-75.017,820,5/15/1975,,Monchia,Magdalena Cauca,Medio Magdalena,Río Nare,2014,10,Andes,Definitivo,4,4,0,1.40043413639069,1.40043413639069,21.2707347869873,25.0625133514404,26.1979885101318,3.05454540252686,6.04363632202148,5,10,0.869565188884735,0.876811623573303,1,1,32,1.05999994277954,4.23999977111816
06,2013-06-14,23080760,30,Definitivo,SAN ROQUE [23080760],Pluviométrica,Convencional,Activa,Antioquia,San Roque,6.4875,-75.017,820,5/15/1975,,Monchia,Magdalena Cauca,Medio Magdalena,Río Nare,2013,14,Andes,Definitivo,30,30,0,6.74317312240601,6.74317312240601,12.2804002761841,16.8915576934814,11.3034639358521,3.05454540252686,6.04363632202148,5,10,0.869565188884735,0.876811623573303,1,1,33,1.05999994277954,31.7999982833862
06,2012-06-18,23080760,6,Definitivo,SAN ROQUE [23080760],Pluviométrica,Convencional,Activa,Antioquia,San Roque,6.4875,-75.017,820,5/15/1975,,Monchia,Magdalena Cauca,Medio Magdalena,Río Nare,2012,18,Andes,Definitivo,6,6,0,6.15258932113648,6.15258932113648,0,1.57596266269684,0.691655457019806,3.05454540252686,6.04363632202148,5,10,0.869565188884735,0.876811623573303,1,1,34,1.05999994277954,6.35999965667725
06,2012-06-19,23080760,,"",SAN ROQUE [23080760],Pluviométrica,Convencional,Activa,Antioquia,San Roque,6.4875,-75.017,820,5/15/1975,,Monchia,Magdalena Cauca,Medio Magdalena,Río Nare,2012,19,Andes,Preliminar,0,0,0,9.89247989654541,9.89247989654541,0,2.53577375411987,0.0485471412539482,3.05454540252686,6.04363632202148,5,10,0.869565188884735,0.876811623573303,1,1,34,1.05999994277954,0
06,2014-06-21,23080760,0,Definitivo,SAN ROQUE [23080760],Pluviométrica,Convencional,Activa,Antioquia,San Roque,6.4875,-75.017,820,5/15/1975,,Monchia,Magdalena Cauca,Medio Magdalena,Río Nare,2014,21,Andes,Definitivo,0,0,0,0.918334126472473,0.918334126472473,0,0.304903030395508,0.101071521639824,3.05454540252686,6.04363632202148,5,10,0.869565188884735,0.876811623573303,1,1,35,1.05999994277954,0
06,2019-06-20,23080760,0,Definitivo,SAN ROQUE [23080760],Pluviométrica,Convencional,Activa,Antioquia,San Roque,6.4875,-75.017,820,5/15/1975,,Monchia,Magdalena Cauca,Medio Magdalena,Río Nare,2019,20,Andes,Definitivo,0,0,0,0,0,0,0.108256436884403,0,3.05454540252686,6.04363632202148,5,10,0.869565188884735,0.876811623573303,1,1,34,1.05999994277954,0
06,2019-06-21,23080760,0,Definitivo,SAN ROQUE [23080760],Pluviométrica,Convencional,Activa,Antioquia,San Roque,6.4875,-75.017,820,5/15/1975,,Monchia,Magdalena Cauca,Medio Magdalena,Río Nare,2019,21,Andes,Definitivo,0,0,0,0,0,0,0.146280705928803,0.246353015303612,3.05454540252686,6.04363632202148,5,10,0.869565188884735,0.876811623573303,1,1,35,1.05999994277954,0
06,2020-06-20,23080760,10,Definitivo,SAN ROQUE [23080760],Pluviométrica,Convencional,Activa,Antioquia,San Roque,6.4875,-75.017,820,5/15/1975,,Monchia,Magdalena Cauca,Medio Magdalena,Río Nare,2020,20,Andes,Definitivo,10,10,0,1.53579497337341,1.53579497337341,9.72115230560303,16.5534820556641,29.2726707458496,3.05454540252686,6.04363632202148,5,10,0.869565188884735,0.876811623573303,1,1,34,1.05999994277954,10.5999994277954
06,2022-06-17,23080760,0,Definitivo,SAN ROQUE [23080760],Pluviométrica,Convencional,Activa,Antioquia,San Roque,6.4875,-75.017,820,5/15/1975,,Monchia,Magdalena Cauca,Medio Magdalena,Río Nare,2022,17,Andes,Definitivo,0,0,0,5.24560117721558,5.24560117721558,4.33685350418091,12.09912109375,8.72750186920166,3.05454540252686,6.04363632202148,5,10,0.869565188884735,0.876811623573303,1,1,34,1.05999994277954,0
06,2019-06-19,23080760,0,Definitivo,SAN ROQUE [23080760],Pluviométrica,Convencional,Activa,Antioquia,San Roque,6.4875,-75.017,820,5/15/1975,,Monchia,Magdalena Cauca,Medio Magdalena,Río Nare,2019,19,Andes,Definitivo,0,0,0,0,0,6.31008863449097,0.0710229203104973,2.91353631019592,3.05454540252686,6.04363632202148,5,10,0.869565188884735,0.876811623573303,1,1,34,1.05999994277954,0
06,2017-06-19,23080760,37,Definitivo,SAN ROQUE [23080760],Pluviométrica,Convencional,Activa,Antioquia,San Roque,6.4875,-75.017,820,5/15/1975,,Monchia,Magdalena Cauca,Medio Magdalena,Río Nare,2017,19,Andes,Definitivo,37,37,0,9.28955841064453,9.28955841064453,36.9883995056152,11.0546379089355,51.5822257995606,3.05454540252686,6.04363632202148,5,10,0.869565188884735,0.876811623573303,1,1,34,1.05999994277954,39.219997882843
06,2018-06-17,23080760,0,Definitivo,SAN ROQUE [23080760],Pluviométrica,Convencional,Activa,Antioquia,San Roque,6.4875,-75.017,820,5/15/1975,,Monchia,Magdalena Cauca,Medio Magdalena,Río Nare,2018,17,Andes,Definitivo,0,0,0,1.43795025348663,1.43795025348663,0,2.01232075691223,0.850630700588226,3.05454540252686,6.04363632202148,5,10,0.869565188884735,0.876811623573303,1,1,34,1.05999994277954,0
06,2019-06-15,23080760,24,Definitivo,SAN ROQUE [23080760],Pluviométrica,Convencional,Activa,Antioquia,San Roque,6.4875,-75.017,820,5/15/1975,,Monchia,Magdalena Cauca,Medio Magdalena,Río Nare,2019,15,Andes,Definitivo,24,24,0,18.7605533599854,18.7605533599854,39.674186706543,24.9172325134277,11.3703832626343,3.05454540252686,6.04363632202148,5,10,0.869565188884735,0.876811623573303,1,1,33,1.05999994277954,25.439998626709
06,2016-06-16,23080760,,"",SAN ROQUE [23080760],Pluviométrica,Convencional,Activa,Antioquia,San Roque,6.4875,-75.017,820,5/15/1975,,Monchia,Magdalena Cauca,Medio Magdalena,Río Nare,2016,16,Andes,Preliminar,0,0,0,36.2433547973633,36.2433547973633,0,0.24692839384079,0.958071947097778,3.05454540252686,6.04363632202148,5,10,0.869565188884735,0.876811623573303,1,1,34,1.05999994277954,0
06,2018-06-13,23080760,4,Definitivo,SAN ROQUE [23080760],Pluviométrica,Convencional,Activa,Antioquia,San Roque,6.4875,-75.017,820,5/15/1975,,Monchia,Magdalena Cauca,Medio Magdalena,Río Nare,2018,13,Andes,Definitivo,4,4,0,4.06837034225464,4.06837034225464,0,1.1395800113678,0,3.05454540252686,6.04363632202148,5,10,0.869565188884735,0.876811623573303,1,1,33,1.05999994277954,4.23999977111816
06,2019-06-11,23080760,29,Definitivo,SAN ROQUE [23080760],Pluviométrica,Convencional,Activa,Antioquia,San Roque,6.4875,-75.017,820,5/15/1975,,Monchia,Magdalena Cauca,Medio Magdalena,Río Nare,2019,11,Andes,Definitivo,29,29,0,12.1290159225464,12.1290159225464,25.6500339508057,40.3854789733887,0,3.05454540252686,6.04363632202148,5,10,0.869565188884735,0.876811623573303,1,1,33,1.05999994277954,30.7399983406067
06,2019-06-10,23080760,0,Definitivo,SAN ROQUE [23080760],Pluviométrica,Convencional,Activa,Antioquia,San Roque,6.4875,-75.017,820,5/15/1975,,Monchia,Magdalena Cauca,Medio Magdalena,Río Nare,2019,10,Andes,Definitivo,0,0,0,3.2511100769043,3.2511100769043,11.2551860809326,6.91650581359863,0.614421129226685,3.05454540252686,6.04363632202148,5,10,0.869565188884735,0.876811623573303,1,1,32,1.05999994277954,0
06,2021-06-06,23080760,0,Definitivo,SAN ROQUE [23080760],Pluviométrica,Convencional,Activa,Antioquia,San Roque,6.4875,-75.017,820,5/15/1975,,Monchia,Magdalena Cauca,Medio Magdalena,Río Nare,2021,06,Andes,Definitivo,0,0,0,0.599167585372925,0.599167585372925,12.7337026596069,32.8659744262695,33.6140060424805,3.05454540252686,6.04363632202148,5,10,0.869565188884735,0.876811623573303,1,1,32,1.05999994277954,0
06,2022-06-04,23080760,0,Definitivo,SAN ROQUE [23080760],Pluviométrica,Convencional,Activa,Antioquia,San Roque,6.4875,-75.017,820,5/15/1975,,Monchia,Magdalena Cauca,Medio Magdalena,Río Nare,2022,04,Andes,Definitivo,0,0,0,4.68610429763794,4.68610429763794,0,11.1572198867798,0.319761216640472,3.05454540252686,6.04363632202148,5,10,0.869565188884735,0.876811623573303,1,1,31,1.05999994277954,0
06,2022-06-03,23080760,5,Definitivo,SAN ROQUE [23080760],Pluviométrica,Convencional,Activa,Antioquia,San Roque,6.4875,-75.017,820,5/15/1975,,Monchia,Magdalena Cauca,Medio Magdalena,Río Nare,2022,03,Andes,Definitivo,5,5,0,12.2440385818481,12.2440385818481,6.8204140663147,10.8589744567871,15.2302322387695,3.05454540252686,6.04363632202148,5,10,0.869565188884735,0.876811623573303,1,1,31,1.05999994277954,5.29999971389771
06,2023-06-01,23080760,0,Definitivo,SAN ROQUE [23080760],Pluviométrica,Convencional,Activa,Antioquia,San Roque,6.4875,-75.017,820,5/15/1975,,Monchia,Magdalena Cauca,Medio Magdalena,Río Nare,2023,01,Andes,Definitivo,0,0,0,0,0,15.5807018280029,33.5279426574707,25.288516998291,3.05454540252686,6.04363632202148,5,10,0.869565188884735,0.876811623573303,1,1,31,1.05999994277954,0
06,2001-06-28,23080760,9,Definitivo,SAN ROQUE [23080760],Pluviométrica,Convencional,Activa,Antioquia,San Roque,6.4875,-75.017,820,5/15/1975,,Monchia,Magdalena Cauca,Medio Magdalena,Río Nare,2001,28,Andes,Definitivo,9,9,0,0,0,0,12.2237911224365,0.0127813825383782,3.05454540252686,6.04363632202148,5,10,0.869565188884735,0.876811623573303,1,1,36,1.05999994277954,9.53999948501587
06,2001-06-27,23080760,,"",SAN ROQUE [23080760],Pluviométrica,Convencional,Activa,Antioquia,San Roque,6.4875,-75.017,820,5/15/1975,,Monchia,Magdalena Cauca,Medio Magdalena,Río Nare,2001,27,Andes,Preliminar,0,0,0,0,0,0,0.0902732759714127,0.0645810812711716,3.05454540252686,6.04363632202148,5,10,0.869565188884735,0.876811623573303,1,1,36,1.05999994277954,0
06,2001-06-26,23080760,,"",SAN ROQUE [23080760],Pluviométrica,Convencional,Activa,Antioquia,San Roque,6.4875,-75.017,820,5/15/1975,,Monchia,Magdalena Cauca,Medio Magdalena,Río Nare,2001,26,Andes,Preliminar,0,0,0,0,0,0,0,0,3.05454540252686,6.04363632202148,5,10,0.869565188884735,0.876811623573303,1,1,36,1.05999994277954,0
06,2003-06-23,23080760,24,Definitivo,SAN ROQUE [23080760],Pluviométrica,Convencional,Activa,Antioquia,San Roque,6.4875,-75.017,820,5/15/1975,,Monchia,Magdalena Cauca,Medio Magdalena,Río Nare,2003,23,Andes,Definitivo,24,24,0,0,0,10.0851631164551,10.1834516525269,3.25537252426147,3.05454540252686,6.04363632202148,5,10,0.869565188884735,0.876811623573303,1,1,35,1.05999994277954,25.439998626709
06,2004-06-20,23080760,4,Definitivo,SAN ROQUE [23080760],Pluviométrica,Convencional,Activa,Antioquia,San Roque,6.4875,-75.017,820,5/15/1975,,Monchia,Magdalena Cauca,Medio Magdalena,Río Nare,2004,20,Andes,Definitivo,4,4,0,0,0,7.7722978591919,6.82903861999512,5.20411062240601,3.05454540252686,6.04363632202148,5,10,0.869565188884735,0.876811623573303,1,1,34,1.05999994277954,4.23999977111816
06,2004-06-19,23080760,0,Definitivo,SAN ROQUE [23080760],Pluviométrica,Convencional,Activa,Antioquia,San Roque,6.4875,-75.017,820,5/15/1975,,Monchia,Magdalena Cauca,Medio Magdalena,Río Nare,2004,19,Andes,Definitivo,0,0,0,3.93266749382019,3.93266749382019,0,1.05660784244537,3.64752626419067,3.05454540252686,6.04363632202148,5,10,0.869565188884735,0.876811623573303,1,1,34,1.05999994277954,0
06,2006-06-16,23080760,4,Definitivo,SAN ROQUE [23080760],Pluviométrica,Convencional,Activa,Antioquia,San Roque,6.4875,-75.017,820,5/15/1975,,Monchia,Magdalena Cauca,Medio Magdalena,Río Nare,2006,16,Andes,Definitivo,4,4,0,13.1485443115234,13.1485443115234,0,33.7473030090332,23.4044380187988,3.05454540252686,6.04363632202148,5,10,0.869565188884735,0.876811623573303,1,1,34,1.05999994277954,4.23999977111816
06,2004-06-16,23080760,,"",SAN ROQUE [23080760],Pluviométrica,Convencional,Activa,Antioquia,San Roque,6.4875,-75.017,820,5/15/1975,,Monchia,Magdalena Cauca,Medio Magdalena,Río Nare,2004,16,Andes,Preliminar,0,0,0,16.7138366699219,16.7138366699219,0,7.74882316589356,1.44438874721527,3.05454540252686,6.04363632202148,5,10,0.869565188884735,0.876811623573303,1,1,34,1.05999994277954,0
06,2004-06-15,23080760,,"",SAN ROQUE [23080760],Pluviométrica,Convencional,Activa,Antioquia,San Roque,6.4875,-75.017,820,5/15/1975,,Monchia,Magdalena Cauca,Medio Magdalena,Río Nare,2004,15,Andes,Preliminar,0,0,0,0,0,2.43238282203674,0.115372270345688,1.15940046310425,3.05454540252686,6.04363632202148,5,10,0.869565188884735,0.876811623573303,1,1,33,1.05999994277954,0
06,2002-06-16,23080760,,"",SAN ROQUE [23080760],Pluviométrica,Convencional,Activa,Antioquia,San Roque,6.4875,-75.017,820,5/15/1975,,Monchia,Magdalena Cauca,Medio Magdalena,Río Nare,2002,16,Andes,Preliminar,0,0,0,3.00523161888123,3.00523161888123,2.45491218566895,0.319046378135681,5.52792263031006,3.05454540252686,6.04363632202148,5,10,0.869565188884735,0.876811623573303,1,1,34,1.05999994277954,0
06,2004-06-12,23080760,0,Definitivo,SAN ROQUE [23080760],Pluviométrica,Convencional,Activa,Antioquia,San Roque,6.4875,-75.017,820,5/15/1975,,Monchia,Magdalena Cauca,Medio Magdalena,Río Nare,2004,12,Andes,Definitivo,0,0,0,0,0,0,0.0630079656839371,0.187513649463654,3.05454540252686,6.04363632202148,5,10,0.869565188884735,0.876811623573303,1,1,33,1.05999994277954,0
06,2006-06-09,23080760,25,Definitivo,SAN ROQUE [23080760],Pluviométrica,Convencional,Activa,Antioquia,San Roque,6.4875,-75.017,820,5/15/1975,,Monchia,Magdalena Cauca,Medio Magdalena,Río Nare,2006,09,Andes,Definitivo,25,25,0,0.76783412694931,0.76783412694931,7.05971908569336,7.08693695068359,3.20575928688049,3.05454540252686,6.04363632202148,5,10,0.869565188884735,0.876811623573303,1,1,32,1.05999994277954,26.4999985694885
06,2003-06-09,23080760,0,Definitivo,SAN ROQUE [23080760],Pluviométrica,Convencional,Activa,Antioquia,San Roque,6.4875,-75.017,820,5/15/1975,,Monchia,Magdalena Cauca,Medio Magdalena,Río Nare,2003,09,Andes,Definitivo,0,0,0,0,0,0,1.4397611618042,0.0147820524871349,3.05454540252686,6.04363632202148,5,10,0.869565188884735,0.876811623573303,1,1,32,1.05999994277954,0
06,2004-06-08,23080760,4,Definitivo,SAN ROQUE [23080760],Pluviométrica,Convencional,Activa,Antioquia,San Roque,6.4875,-75.017,820,5/15/1975,,Monchia,Magdalena Cauca,Medio Magdalena,Río Nare,2004,08,Andes,Definitivo,4,4,0,1.05280709266663,1.05280709266663,0,3.01812291145325,0.0886185318231583,3.05454540252686,6.04363632202148,5,10,0.869565188884735,0.876811623573303,1,1,32,1.05999994277954,4.23999977111816
06,2007-06-07,23080760,0,Definitivo,SAN ROQUE [23080760],Pluviométrica,Convencional,Activa,Antioquia,San Roque,6.4875,-75.017,820,5/15/1975,,Monchia,Magdalena Cauca,Medio Magdalena,Río Nare,2007,07,Andes,Definitivo,0,0,0,2.4184422492981,2.4184422492981,0,19.6621589660645,13.2906188964844,3.05454540252686,6.04363632202148,5,10,0.869565188884735,0.876811623573303,1,1,32,1.05999994277954,0
06,2007-06-08,23080760,33,Definitivo,SAN ROQUE [23080760],Pluviométrica,Convencional,Activa,Antioquia,San Roque,6.4875,-75.017,820,5/15/1975,,Monchia,Magdalena Cauca,Medio Magdalena,Río Nare,2007,08,Andes,Definitivo,33,33,0,12.4281053543091,12.4281053543091,0,11.8893918991089,0.159773260354996,3.05454540252686,6.04363632202148,5,10,0.869565188884735,0.876811623573303,1,1,32,1.05999994277954,34.9799981117249
06,2007-06-09,23080760,9,Definitivo,SAN ROQUE [23080760],Pluviométrica,Convencional,Activa,Antioquia,San Roque,6.4875,-75.017,820,5/15/1975,,Monchia,Magdalena Cauca,Medio Magdalena,Río Nare,2007,09,Andes,Definitivo,9,9,0,7.25532627105713,7.25532627105713,41.3799934387207,26.6969451904297,60.1408386230469,3.05454540252686,6.04363632202148,5,10,0.869565188884735,0.876811623573303,1,1,32,1.05999994277954,9.53999948501587
06,2012-06-07,23080760,40,Definitivo,SAN ROQUE [23080760],Pluviométrica,Convencional,Activa,Antioquia,San Roque,6.4875,-75.017,820,5/15/1975,,Monchia,Magdalena Cauca,Medio Magdalena,Río Nare,2012,07,Andes,Definitivo,40,40,0,7.59495401382446,7.59495401382446,9.89795684814453,16.5010070800781,7.02564716339111,3.05454540252686,6.04363632202148,5,10,0.869565188884735,0.876811623573303,1,1,32,1.05999994277954,42.3999977111816
06,2012-06-08,23080760,,"",SAN ROQUE [23080760],Pluviométrica,Convencional,Activa,Antioquia,San Roque,6.4875,-75.017,820,5/15/1975,,Monchia,Magdalena Cauca,Medio Magdalena,Río Nare,2012,08,Andes,Preliminar,0,0,0,0,0,19.7959136962891,1.41374719142914,25.1032562255859,3.05454540252686,6.04363632202148,5,10,0.869565188884735,0.876811623573303,1,1,32,1.05999994277954,0
06,2015-06-07,23080760,0,Definitivo,SAN ROQUE [23080760],Pluviométrica,Convencional,Activa,Antioquia,San Roque,6.4875,-75.017,820,5/15/1975,,Monchia,Magdalena Cauca,Medio Magdalena,Río Nare,2015,07,Andes,Definitivo,0,0,0,1.65858817100525,1.65858817100525,8.32109546661377,14.5593767166138,9.78220272064209,3.05454540252686,6.04363632202148,5,10,0.869565188884735,0.876811623573303,1,1,32,1.05999994277954,0
06,2014-06-11,23080760,,"",SAN ROQUE [23080760],Pluviométrica,Convencional,Activa,Antioquia,San Roque,6.4875,-75.017,820,5/15/1975,,Monchia,Magdalena Cauca,Medio Magdalena,Río Nare,2014,11,Andes,Preliminar,0,0,0,0,0,10.3451538085938,4.35504198074341,5.64862966537476,3.05454540252686,6.04363632202148,5,10,0.869565188884735,0.876811623573303,1,1,33,1.05999994277954,0
06,2013-06-15,23080760,29,Definitivo,SAN ROQUE [23080760],Pluviométrica,Convencional,Activa,Antioquia,San Roque,6.4875,-75.017,820,5/15/1975,,Monchia,Magdalena Cauca,Medio Magdalena,Río Nare,2013,15,Andes,Definitivo,29,29,0,6.95988321304321,6.95988321304321,30.7010002136231,34.3578224182129,19.4338607788086,3.05454540252686,6.04363632202148,5,10,0.869565188884735,0.876811623573303,1,1,33,1.05999994277954,30.7399983406067
06,2013-06-16,23080760,34,Definitivo,SAN ROQUE [23080760],Pluviométrica,Convencional,Activa,Antioquia,San Roque,6.4875,-75.017,820,5/15/1975,,Monchia,Magdalena Cauca,Medio Magdalena,Río Nare,2013,16,Andes,Definitivo,34,34,0,4.25388288497925,4.25388288497925,5.34237813949585,14.3165082931519,33.2372283935547,3.05454540252686,6.04363632202148,5,10,0.869565188884735,0.876811623573303,1,1,34,1.05999994277954,36.0399980545044
06,2012-06-20,23080760,12,Definitivo,SAN ROQUE [23080760],Pluviométrica,Convencional,Activa,Antioquia,San Roque,6.4875,-75.017,820,5/15/1975,,Monchia,Magdalena Cauca,Medio Magdalena,Río Nare,2012,20,Andes,Definitivo,12,12,0,4.5766978263855,4.5766978263855,0,1.59286201000214,0,3.05454540252686,6.04363632202148,5,10,0.869565188884735,0.876811623573303,1,1,34,1.05999994277954,12.7199993133545
06,2014-06-22,23080760,0,Definitivo,SAN ROQUE [23080760],Pluviométrica,Convencional,Activa,Antioquia,San Roque,6.4875,-75.017,820,5/15/1975,,Monchia,Magdalena Cauca,Medio Magdalena,Río Nare,2014,22,Andes,Definitivo,0,0,0,0,0,0,0.195759609341621,1.44225585460663,3.05454540252686,6.04363632202148,5,10,0.869565188884735,0.876811623573303,1,1,35,1.05999994277954,0
06,2017-06-20,23080760,5,Definitivo,SAN ROQUE [23080760],Pluviométrica,Convencional,Activa,Antioquia,San Roque,6.4875,-75.017,820,5/15/1975,,Monchia,Magdalena Cauca,Medio Magdalena,Río Nare,2017,20,Andes,Definitivo,5,5,0,2.73713064193726,2.73713064193726,0,12.6817941665649,4.37103891372681,3.05454540252686,6.04363632202148,5,10,0.869565188884735,0.876811623573303,1,1,34,1.05999994277954,5.29999971389771
06,2019-06-22,23080760,0,Definitivo,SAN ROQUE [23080760],Pluviométrica,Convencional,Activa,Antioquia,San Roque,6.4875,-75.017,820,5/15/1975,,Monchia,Magdalena Cauca,Medio Magdalena,Río Nare,2019,22,Andes,Definitivo,0,0,0,0,0,4.6219072341919,0.0864096134901047,7.88721942901611,3.05454540252686,6.04363632202148,5,10,0.869565188884735,0.876811623573303,1,1,35,1.05999994277954,0
06,2018-06-21,23080760,11,Definitivo,SAN ROQUE [23080760],Pluviométrica,Convencional,Activa,Antioquia,San Roque,6.4875,-75.017,820,5/15/1975,,Monchia,Magdalena Cauca,Medio Magdalena,Río Nare,2018,21,Andes,Definitivo,11,11,0,0,0,0,4.58138418197632,9.81037139892578,3.05454540252686,6.04363632202148,5,10,0.869565188884735,0.876811623573303,1,1,35,1.05999994277954,11.659999370575
06,2018-06-20,23080760,8,Definitivo,SAN ROQUE [23080760],Pluviométrica,Convencional,Activa,Antioquia,San Roque,6.4875,-75.017,820,5/15/1975,,Monchia,Magdalena Cauca,Medio Magdalena,Río Nare,2018,20,Andes,Definitivo,8,8,0,0,0,4.91359424591065,14.2396240234375,1.3475114107132,3.05454540252686,6.04363632202148,5,10,0.869565188884735,0.876811623573303,1,1,34,1.05999994277954,8.47999954223633
06,2019-06-18,23080760,0,Definitivo,SAN ROQUE [23080760],Pluviométrica,Convencional,Activa,Antioquia,San Roque,6.4875,-75.017,820,5/15/1975,,Monchia,Magdalena Cauca,Medio Magdalena,Río Nare,2019,18,Andes,Definitivo,0,0,0,0,0,0,0.187490344047546,0,3.05454540252686,6.04363632202148,5,10,0.869565188884735,0.876811623573303,1,1,34,1.05999994277954,0
06,2017-06-18,23080760,30,Definitivo,SAN ROQUE [23080760],Pluviométrica,Convencional,Activa,Antioquia,San Roque,6.4875,-75.017,820,5/15/1975,,Monchia,Magdalena Cauca,Medio Magdalena,Río Nare,2017,18,Andes,Definitivo,30,30,0,8.83404445648193,8.83404445648193,24.6589336395264,40.2438125610352,19.4197425842285,3.05454540252686,6.04363632202148,5,10,0.869565188884735,0.876811623573303,1,1,34,1.05999994277954,31.7999982833862
06,2015-06-19,23080760,,"",SAN ROQUE [23080760],Pluviométrica,Convencional,Activa,Antioquia,San Roque,6.4875,-75.017,820,5/15/1975,,Monchia,Magdalena Cauca,Medio Magdalena,Río Nare,2015,19,Andes,Preliminar,0,0,0,1.97808349132538,1.97808349132538,0,0.0182794816792011,0,3.05454540252686,6.04363632202148,5,10,0.869565188884735,0.876811623573303,1,1,34,1.05999994277954,0
06,2017-06-13,23080760,0,Definitivo,SAN ROQUE [23080760],Pluviométrica,Convencional,Activa,Antioquia,San Roque,6.4875,-75.017,820,5/15/1975,,Monchia,Magdalena Cauca,Medio Magdalena,Río Nare,2017,13,Andes,Definitivo,0,0,0,15.368748664856,15.368748664856,9.72760963439941,18.6851787567139,21.5913066864014,3.05454540252686,6.04363632202148,5,10,0.869565188884735,0.876811623573303,1,1,33,1.05999994277954,0
06,2017-06-14,23080760,7,Definitivo,SAN ROQUE [23080760],Pluviométrica,Convencional,Activa,Antioquia,San Roque,6.4875,-75.017,820,5/15/1975,,Monchia,Magdalena Cauca,Medio Magdalena,Río Nare,2017,14,Andes,Definitivo,7,7,0,20.7003078460693,20.7003078460693,14.5914163589478,4.72416353225708,2.42024707794189,3.05454540252686,6.04363632202148,5,10,0.869565188884735,0.876811623573303,1,1,33,1.05999994277954,7.41999959945679
06,2018-06-12,23080760,0,Definitivo,SAN ROQUE [23080760],Pluviométrica,Convencional,Activa,Antioquia,San Roque,6.4875,-75.017,820,5/15/1975,,Monchia,Magdalena Cauca,Medio Magdalena,Río Nare,2018,12,Andes,Definitivo,0,0,0,14.0038814544678,14.0038814544678,8.84678649902344,7.95526218414307,10.3661584854126,3.05454540252686,6.04363632202148,5,10,0.869565188884735,0.876811623573303,1,1,33,1.05999994277954,0
06,2020-06-06,23080760,2,Definitivo,SAN ROQUE [23080760],Pluviométrica,Convencional,Activa,Antioquia,San Roque,6.4875,-75.017,820,5/15/1975,,Monchia,Magdalena Cauca,Medio Magdalena,Río Nare,2020,06,Andes,Definitivo,2,2,0,1.39076435565948,1.39076435565948,35.2887840270996,7.24662590026856,37.1960792541504,3.05454540252686,6.04363632202148,5,10,0.869565188884735,0.876811623573303,1,1,32,1.05999994277954,2.11999988555908
06,2020-06-07,23080760,0,Definitivo,SAN ROQUE [23080760],Pluviométrica,Convencional,Activa,Antioquia,San Roque,6.4875,-75.017,820,5/15/1975,,Monchia,Magdalena Cauca,Medio Magdalena,Río Nare,2020,07,Andes,Definitivo,0,0,0,0,0,0,3.80109286308289,0.0702977180480957,3.05454540252686,6.04363632202148,5,10,0.869565188884735,0.876811623573303,1,1,32,1.05999994277954,0
06,2021-06-05,23080760,14,Definitivo,SAN ROQUE [23080760],Pluviométrica,Convencional,Activa,Antioquia,San Roque,6.4875,-75.017,820,5/15/1975,,Monchia,Magdalena Cauca,Medio Magdalena,Río Nare,2021,05,Andes,Definitivo,14,14,0,0,0,8.1683988571167,11.4636135101318,0.277377665042877,3.05454540252686,6.04363632202148,5,10,0.869565188884735,0.876811623573303,1,1,31,1.05999994277954,14.8399991989136
06,2020-06-02,23080760,5,Definitivo,SAN ROQUE [23080760],Pluviométrica,Convencional,Activa,Antioquia,San Roque,6.4875,-75.017,820,5/15/1975,,Monchia,Magdalena Cauca,Medio Magdalena,Río Nare,2020,02,Andes,Definitivo,5,5,0,5.62891912460327,5.62891912460327,4.34569883346558,6.15180826187134,13.7675714492798,3.05454540252686,6.04363632202148,5,10,0.869565188884735,0.876811623573303,1,1,31,1.05999994277954,5.29999971389771
06,2004-06-09,23080760,0,Definitivo,SAN ROQUE [23080760],Pluviométrica,Convencional,Activa,Antioquia,San Roque,6.4875,-75.017,820,5/15/1975,,Monchia,Magdalena Cauca,Medio Magdalena,Río Nare,2004,09,Andes,Definitivo,0,0,0,0.90240615606308,0.90240615606308,18.5637130737305,5.84292125701904,29.8595943450928,3.05454540252686,6.04363632202148,5,10,0.869565188884735,0.876811623573303,1,1,32,1.05999994277954,0
06,2002-06-08,23080760,14,Definitivo,SAN ROQUE [23080760],Pluviométrica,Convencional,Activa,Antioquia,San Roque,6.4875,-75.017,820,5/15/1975,,Monchia,Magdalena Cauca,Medio Magdalena,Río Nare,2002,08,Andes,Definitivo,14,14,0,3.13895797729492,3.13895797729492,0,2.59451031684876,0.495559394359589,3.05454540252686,6.04363632202148,5,10,0.869565188884735,0.876811623573303,1,1,32,1.05999994277954,14.8399991989136
06,2005-06-06,23080760,135,Definitivo,SAN ROQUE [23080760],Pluviométrica,Convencional,Activa,Antioquia,San Roque,6.4875,-75.017,820,5/15/1975,,Monchia,Magdalena Cauca,Medio Magdalena,Río Nare,2005,06,Andes,Definitivo,135,135,0,27.3973922729492,27.3973922729492,35.8702621459961,33.9625434875488,22.6347465515137,3.05454540252686,6.04363632202148,5,10,0.869565188884735,0.876811623573303,1,1,32,1.05999994277954,143.099992275238
06,2005-06-07,23080760,5,Definitivo,SAN ROQUE [23080760],Pluviométrica,Convencional,Activa,Antioquia,San Roque,6.4875,-75.017,820,5/15/1975,,Monchia,Magdalena Cauca,Medio Magdalena,Río Nare,2005,07,Andes,Definitivo,5,5,0,9.87580490112305,9.87580490112305,26.9026947021484,32.1527366638184,76.5334930419922,3.05454540252686,6.04363632202148,5,10,0.869565188884735,0.876811623573303,1,1,32,1.05999994277954,5.29999971389771
06,2002-06-24,23080760,,"",SAN ROQUE [23080760],Pluviométrica,Convencional,Activa,Antioquia,San Roque,6.4875,-75.017,820,5/15/1975,,Monchia,Magdalena Cauca,Medio Magdalena,Río Nare,2002,24,Andes,Preliminar,0,0,0,0.934234321117401,0.934234321117401,0,0.00583196617662907,0.0115701342001557,3.05454540252686,6.04363632202148,5,10,0.869565188884735,0.876811623573303,1,1,35,1.05999994277954,0
06,2003-06-22,23080760,0.5,Definitivo,SAN ROQUE [23080760],Pluviométrica,Convencional,Activa,Antioquia,San Roque,6.4875,-75.017,820,5/15/1975,,Monchia,Magdalena Cauca,Medio Magdalena,Río Nare,2003,22,Andes,Definitivo,0.5,0.5,0,1.21826303005219,1.21826303005219,5.04258155822754,38.8096199035645,3.09731245040894,3.05454540252686,6.04363632202148,5,10,0.869565188884735,0.876811623573303,1,1,35,1.05999994277954,0.529999971389771
06,2002-06-23,23080760,,"",SAN ROQUE [23080760],Pluviométrica,Convencional,Activa,Antioquia,San Roque,6.4875,-75.017,820,5/15/1975,,Monchia,Magdalena Cauca,Medio Magdalena,Río Nare,2002,23,Andes,Preliminar,0,0,0,0.934234321117401,0.934234321117401,0,0.00394750805571675,0.128907665610313,3.05454540252686,6.04363632202148,5,10,0.869565188884735,0.876811623573303,1,1,35,1.05999994277954,0
06,2005-06-17,23080760,,"",SAN ROQUE [23080760],Pluviométrica,Convencional,Activa,Antioquia,San Roque,6.4875,-75.017,820,5/15/1975,,Monchia,Magdalena Cauca,Medio Magdalena,Río Nare,2005,17,Andes,Preliminar,0,0,0,1.49703478813171,1.49703478813171,8.8794641494751,9.38588809967041,20.3496227264404,3.05454540252686,6.04363632202148,5,10,0.869565188884735,0.876811623573303,1,1,34,1.05999994277954,0
06,2006-06-15,23080760,11,Definitivo,SAN ROQUE [23080760],Pluviométrica,Convencional,Activa,Antioquia,San Roque,6.4875,-75.017,820,5/15/1975,,Monchia,Magdalena Cauca,Medio Magdalena,Río Nare,2006,15,Andes,Definitivo,11,11,0,0.0922680050134659,0.0922680050134659,0,18.7280349731445,0.77965372800827,3.05454540252686,6.04363632202148,5,10,0.869565188884735,0.876811623573303,1,1,33,1.05999994277954,11.659999370575
06,2002-06-19,23080760,0,Definitivo,SAN ROQUE [23080760],Pluviométrica,Convencional,Activa,Antioquia,San Roque,6.4875,-75.017,820,5/15/1975,,Monchia,Magdalena Cauca,Medio Magdalena,Río Nare,2002,19,Andes,Definitivo,0,0,0,3.00523161888123,3.00523161888123,0,1.61576986312866,0.488645434379578,3.05454540252686,6.04363632202148,5,10,0.869565188884735,0.876811623573303,1,1,34,1.05999994277954,0
06,2003-06-17,23080760,31,Definitivo,SAN ROQUE [23080760],Pluviométrica,Convencional,Activa,Antioquia,San Roque,6.4875,-75.017,820,5/15/1975,,Monchia,Magdalena Cauca,Medio Magdalena,Río Nare,2003,17,Andes,Definitivo,31,31,0,1.37736916542053,1.37736916542053,23.8728084564209,33.5642318725586,31.9333457946777,3.05454540252686,6.04363632202148,5,10,0.869565188884735,0.876811623573303,1,1,34,1.05999994277954,32.8599982261658
06,2003-06-14,23080760,8,Definitivo,SAN ROQUE [23080760],Pluviométrica,Convencional,Activa,Antioquia,San Roque,6.4875,-75.017,820,5/15/1975,,Monchia,Magdalena Cauca,Medio Magdalena,Río Nare,2003,14,Andes,Definitivo,8,8,0,13.179759979248,13.179759979248,0,7.77151775360107,17.0026988983154,3.05454540252686,6.04363632202148,5,10,0.869565188884735,0.876811623573303,1,1,33,1.05999994277954,8.47999954223633
06,2002-06-13,23080760,1,Definitivo,SAN ROQUE [23080760],Pluviométrica,Convencional,Activa,Antioquia,San Roque,6.4875,-75.017,820,5/15/1975,,Monchia,Magdalena Cauca,Medio Magdalena,Río Nare,2002,13,Andes,Definitivo,1,1,0,26.8795948028565,26.8795948028565,4.01023864746094,4.03470325469971,3.17001247406006,3.05454540252686,6.04363632202148,5,10,0.869565188884735,0.876811623573303,1,1,33,1.05999994277954,1.05999994277954
06,2015-06-20,23080760,0,Definitivo,SAN ROQUE [23080760],Pluviométrica,Convencional,Activa,Antioquia,San Roque,6.4875,-75.017,820,5/15/1975,,Monchia,Magdalena Cauca,Medio Magdalena,Río Nare,2015,20,Andes,Definitivo,0,0,0,3.01877951622009,3.01877951622009,0,0.0224294234067202,0.422653138637543,3.05454540252686,6.04363632202148,5,10,0.869565188884735,0.876811623573303,1,1,34,1.05999994277954,0
06,2017-06-21,23080760,1,Definitivo,SAN ROQUE [23080760],Pluviométrica,Convencional,Activa,Antioquia,San Roque,6.4875,-75.017,820,5/15/1975,,Monchia,Magdalena Cauca,Medio Magdalena,Río Nare,2017,21,Andes,Definitivo,1,1,0,8.92735576629639,8.92735576629639,25.8854656219482,1.7718368768692,17.7782573699951,3.05454540252686,6.04363632202148,5,10,0.869565188884735,0.876811623573303,1,1,35,1.05999994277954,1.05999994277954
06,2017-06-22,23080760,7,Definitivo,SAN ROQUE [23080760],Pluviométrica,Convencional,Activa,Antioquia,San Roque,6.4875,-75.017,820,5/15/1975,,Monchia,Magdalena Cauca,Medio Magdalena,Río Nare,2017,22,Andes,Definitivo,7,7,0,8.34189414978027,8.34189414978027,0,6.82382011413574,7.60729074478149,3.05454540252686,6.04363632202148,5,10,0.869565188884735,0.876811623573303,1,1,35,1.05999994277954,7.41999959945679
06,2016-06-19,23080760,0,Definitivo,SAN ROQUE [23080760],Pluviométrica,Convencional,Activa,Antioquia,San Roque,6.4875,-75.017,820,5/15/1975,,Monchia,Magdalena Cauca,Medio Magdalena,Río Nare,2016,19,Andes,Definitivo,0,0,0,0,0,18.4690990447998,7.91408681869507,16.0059814453125,3.05454540252686,6.04363632202148,5,10,0.869565188884735,0.876811623573303,1,1,34,1.05999994277954,0
06,2005-06-08,23080760,4,Definitivo,SAN ROQUE [23080760],Pluviométrica,Convencional,Activa,Antioquia,San Roque,6.4875,-75.017,820,5/15/1975,,Monchia,Magdalena Cauca,Medio Magdalena,Río Nare,2005,08,Andes,Definitivo,4,4,0,4.3538498878479,4.3538498878479,0,10.1770353317261,2.18015313148499,3.05454540252686,6.04363632202148,5,10,0.869565188884735,0.876811623573303,1,1,32,1.05999994277954,4.23999977111816
06,2010-06-07,23080760,17,Definitivo,SAN ROQUE [23080760],Pluviométrica,Convencional,Activa,Antioquia,San Roque,6.4875,-75.017,820,5/15/1975,,Monchia,Magdalena Cauca,Medio Magdalena,Río Nare,2010,07,Andes,Definitivo,17,17,0,0.795628905296326,0.795628905296326,0,2.44077634811401,0.144578397274017,3.05454540252686,6.04363632202148,5,10,0.869565188884735,0.876811623573303,1,1,32,1.05999994277954,18.0199990272522
06,2010-06-08,23080760,41,Definitivo,SAN ROQUE [23080760],Pluviométrica,Convencional,Activa,Antioquia,San Roque,6.4875,-75.017,820,5/15/1975,,Monchia,Magdalena Cauca,Medio Magdalena,Río Nare,2010,08,Andes,Definitivo,41,41,0,0.216989696025848,0.216989696025848,0,33.9318199157715,11.6924982070923,3.05454540252686,6.04363632202148,5,10,0.869565188884735,0.876811623573303,1,1,32,1.05999994277954,43.4599976539612
06,2013-06-06,23080760,0,Definitivo,SAN ROQUE [23080760],Pluviométrica,Convencional,Activa,Antioquia,San Roque,6.4875,-75.017,820,5/15/1975,,Monchia,Magdalena Cauca,Medio Magdalena,Río Nare,2013,06,Andes,Definitivo,0,0,0,0.522055447101593,0.522055447101593,13.2662496566772,10.8181982040405,13.4247961044312,3.05454540252686,6.04363632202148,5,10,0.869565188884735,0.876811623573303,1,1,32,1.05999994277954,0
06,2015-06-08,23080760,37,Definitivo,SAN ROQUE [23080760],Pluviométrica,Convencional,Activa,Antioquia,San Roque,6.4875,-75.017,820,5/15/1975,,Monchia,Magdalena Cauca,Medio Magdalena,Río Nare,2015,08,Andes,Definitivo,37,37,0,1.21109080314636,1.21109080314636,4.16054773330689,35.6362457275391,0.314058035612106,3.05454540252686,6.04363632202148,5,10,0.869565188884735,0.876811623573303,1,1,32,1.05999994277954,39.219997882843
06,2014-06-12,23080760,,"",SAN ROQUE [23080760],Pluviométrica,Convencional,Activa,Antioquia,San Roque,6.4875,-75.017,820,5/15/1975,,Monchia,Magdalena Cauca,Medio Magdalena,Río Nare,2014,12,Andes,Preliminar,0,0,0,7.10763597488403,7.10763597488403,0,0.455964595079422,0,3.05454540252686,6.04363632202148,5,10,0.869565188884735,0.876811623573303,1,1,33,1.05999994277954,0
06,2014-06-13,23080760,2,Definitivo,SAN ROQUE [23080760],Pluviométrica,Convencional,Activa,Antioquia,San Roque,6.4875,-75.017,820,5/15/1975,,Monchia,Magdalena Cauca,Medio Magdalena,Río Nare,2014,13,Andes,Definitivo,2,2,0,8.49814224243164,8.49814224243164,0,3.56327128410339,0.0239726584404707,3.05454540252686,6.04363632202148,5,10,0.869565188884735,0.876811623573303,1,1,33,1.05999994277954,2.11999988555908
06,2013-06-17,23080760,1,Definitivo,SAN ROQUE [23080760],Pluviométrica,Convencional,Activa,Antioquia,San Roque,6.4875,-75.017,820,5/15/1975,,Monchia,Magdalena Cauca,Medio Magdalena,Río Nare,2013,17,Andes,Definitivo,1,1,0,42.1944122314453,42.1944122314453,5.34237813949585,19.6997909545898,3.67286920547485,3.05454540252686,6.04363632202148,5,10,0.869565188884735,0.876811623573303,1,1,34,1.05999994277954,1.05999994277954
06,2012-06-21,23080760,,"",SAN ROQUE [23080760],Pluviométrica,Convencional,Activa,Antioquia,San Roque,6.4875,-75.017,820,5/15/1975,,Monchia,Magdalena Cauca,Medio Magdalena,Río Nare,2012,21,Andes,Preliminar,0,0,0,19.3327960968018,19.3327960968018,9.71022510528564,10.2667150497437,15.6099443435669,3.05454540252686,6.04363632202148,5,10,0.869565188884735,0.876811623573303,1,1,35,1.05999994277954,0
06,2001-06-14,23080760,29,Definitivo,SAN ROQUE [23080760],Pluviométrica,Convencional,Activa,Antioquia,San Roque,6.4875,-75.017,820,5/15/1975,,Monchia,Magdalena Cauca,Medio Magdalena,Río Nare,2001,14,Andes,Definitivo,29,29,0,0,0,0,20.5368366241455,4.65234899520874,3.05454540252686,6.04363632202148,5,10,0.869565188884735,0.876811623573303,1,1,33,1.05999994277954,30.7399983406067
06,2003-06-11,23080760,6,Definitivo,SAN ROQUE [23080760],Pluviométrica,Convencional,Activa,Antioquia,San Roque,6.4875,-75.017,820,5/15/1975,,Monchia,Magdalena Cauca,Medio Magdalena,Río Nare,2003,11,Andes,Definitivo,6,6,0,5.34007549285889,5.34007549285889,16.0441932678223,40.4305610656738,53.9054870605469,3.05454540252686,6.04363632202148,5,10,0.869565188884735,0.876811623573303,1,1,33,1.05999994277954,6.35999965667725
06,2004-06-06,23080760,0,Definitivo,SAN ROQUE [23080760],Pluviométrica,Convencional,Activa,Antioquia,San Roque,6.4875,-75.017,820,5/15/1975,,Monchia,Magdalena Cauca,Medio Magdalena,Río Nare,2004,06,Andes,Definitivo,0,0,0,21.20654296875,21.20654296875,6.18790435791016,15.6136531829834,1.33481335639954,3.05454540252686,6.04363632202148,5,10,0.869565188884735,0.876811623573303,1,1,32,1.05999994277954,0
06,2003-06-06,23080760,39,Definitivo,SAN ROQUE [23080760],Pluviométrica,Convencional,Activa,Antioquia,San Roque,6.4875,-75.017,820,5/15/1975,,Monchia,Magdalena Cauca,Medio Magdalena,Río Nare,2003,06,Andes,Definitivo,39,39,0,23.0297946929932,23.0297946929932,13.340651512146,23.9180889129639,6.77003955841065,3.05454540252686,6.04363632202148,5,10,0.869565188884735,0.876811623573303,1,1,32,1.05999994277954,41.3399977684021
06,2017-06-17,23080760,52,Definitivo,SAN ROQUE [23080760],Pluviométrica,Convencional,Activa,Antioquia,San Roque,6.4875,-75.017,820,5/15/1975,,Monchia,Magdalena Cauca,Medio Magdalena,Río Nare,2017,17,Andes,Definitivo,52,52,0,7.04841327667236,7.04841327667236,12.3294668197632,27.4192867279053,17.6697425842285,3.05454540252686,6.04363632202148,5,10,0.869565188884735,0.876811623573303,1,1,34,1.05999994277954,55.1199970245361
06,2015-06-18,23080760,,"",SAN ROQUE [23080760],Pluviométrica,Convencional,Activa,Antioquia,San Roque,6.4875,-75.017,820,5/15/1975,,Monchia,Magdalena Cauca,Medio Magdalena,Río Nare,2015,18,Andes,Preliminar,0,0,0,0,0,5.92760848999023,0.134216025471687,0.0346731580793858,3.05454540252686,6.04363632202148,5,10,0.869565188884735,0.876811623573303,1,1,34,1.05999994277954,0
06,2016-06-15,23080760,,"",SAN ROQUE [23080760],Pluviométrica,Convencional,Activa,Antioquia,San Roque,6.4875,-75.017,820,5/15/1975,,Monchia,Magdalena Cauca,Medio Magdalena,Río Nare,2016,15,Andes,Preliminar,0,0,0,0,0,6.07044458389282,1.36841678619385,1.4242068529129,3.05454540252686,6.04363632202148,5,10,0.869565188884735,0.876811623573303,1,1,33,1.05999994277954,0
06,2018-06-10,23080760,0,Definitivo,SAN ROQUE [23080760],Pluviométrica,Convencional,Activa,Antioquia,San Roque,6.4875,-75.017,820,5/15/1975,,Monchia,Magdalena Cauca,Medio Magdalena,Río Nare,2018,10,Andes,Definitivo,0,0,0,5.38879728317261,5.38879728317261,2.8165078163147,0.920285880565643,9.29693412780762,3.05454540252686,6.04363632202148,5,10,0.869565188884735,0.876811623573303,1,1,32,1.05999994277954,0
06,2018-06-11,23080760,8,Definitivo,SAN ROQUE [23080760],Pluviométrica,Convencional,Activa,Antioquia,San Roque,6.4875,-75.017,820,5/15/1975,,Monchia,Magdalena Cauca,Medio Magdalena,Río Nare,2018,11,Andes,Definitivo,8,8,0,1.84791564941406,1.84791564941406,0,15.2227306365967,2.99425959587097,3.05454540252686,6.04363632202148,5,10,0.869565188884735,0.876811623573303,1,1,33,1.05999994277954,8.47999954223633
06,2019-06-09,23080760,0,Definitivo,SAN ROQUE [23080760],Pluviométrica,Convencional,Activa,Antioquia,San Roque,6.4875,-75.017,820,5/15/1975,,Monchia,Magdalena Cauca,Medio Magdalena,Río Nare,2019,09,Andes,Definitivo,0,0,0,4.09496307373047,4.09496307373047,0,1.03235912322998,2.46551299095154,3.05454540252686,6.04363632202148,5,10,0.869565188884735,0.876811623573303,1,1,32,1.05999994277954,0
06,2021-06-03,23080760,13,Definitivo,SAN ROQUE [23080760],Pluviométrica,Convencional,Activa,Antioquia,San Roque,6.4875,-75.017,820,5/15/1975,,Monchia,Magdalena Cauca,Medio Magdalena,Río Nare,2021,03,Andes,Definitivo,13,13,0,10.4117412567139,10.4117412567139,8.1683988571167,19.2152347564697,10.2379751205444,3.05454540252686,6.04363632202148,5,10,0.869565188884735,0.876811623573303,1,1,31,1.05999994277954,13.779999256134
06,2021-06-04,23080760,0,Definitivo,SAN ROQUE [23080760],Pluviométrica,Convencional,Activa,Antioquia,San Roque,6.4875,-75.017,820,5/15/1975,,Monchia,Magdalena Cauca,Medio Magdalena,Río Nare,2021,04,Andes,Definitivo,0,0,0,23.6901588439941,23.6901588439941,16.3367977142334,19.0602397918701,8.42678737640381,3.05454540252686,6.04363632202148,5,10,0.869565188884735,0.876811623573303,1,1,31,1.05999994277954,0
06,2022-06-02,23080760,41,Definitivo,SAN ROQUE [23080760],Pluviométrica,Convencional,Activa,Antioquia,San Roque,6.4875,-75.017,820,5/15/1975,,Monchia,Magdalena Cauca,Medio Magdalena,Río Nare,2022,02,Andes,Definitivo,41,41,0,11.1104497909546,11.1104497909546,27.2816562652588,11.9542617797852,30.5517272949219,3.05454540252686,6.04363632202148,5,10,0.869565188884735,0.876811623573303,1,1,31,1.05999994277954,43.4599976539612
06,2013-06-18,23080760,3,Definitivo,SAN ROQUE [23080760],Pluviométrica,Convencional,Activa,Antioquia,San Roque,6.4875,-75.017,820,5/15/1975,,Monchia,Magdalena Cauca,Medio Magdalena,Río Nare,2013,18,Andes,Definitivo,3,3,0,2.0875985622406,2.0875985622406,16.0271339416504,18.728910446167,4.26480627059937,3.05454540252686,6.04363632202148,5,10,0.869565188884735,0.876811623573303,1,1,34,1.05999994277954,3.17999982833862
06,2013-06-19,23080760,,"",SAN ROQUE [23080760],Pluviométrica,Convencional,Activa,Antioquia,San Roque,6.4875,-75.017,820,5/15/1975,,Monchia,Magdalena Cauca,Medio Magdalena,Río Nare,2013,19,Andes,Preliminar,0,0,0,1.89059412479401,1.89059412479401,21.3695125579834,15.1121530532837,19.4300403594971,3.05454540252686,6.04363632202148,5,10,0.869565188884735,0.876811623573303,1,1,34,1.05999994277954,0
06,2015-06-21,23080760,34,Definitivo,SAN ROQUE [23080760],Pluviométrica,Convencional,Activa,Antioquia,San Roque,6.4875,-75.017,820,5/15/1975,,Monchia,Magdalena Cauca,Medio Magdalena,Río Nare,2015,21,Andes,Definitivo,34,34,0,6.16774654388428,6.16774654388428,0,0.0576693490147591,0.276849091053009,3.05454540252686,6.04363632202148,5,10,0.869565188884735,0.876811623573303,1,1,35,1.05999994277954,36.0399980545044
06,2015-06-22,23080760,,"",SAN ROQUE [23080760],Pluviométrica,Convencional,Activa,Antioquia,San Roque,6.4875,-75.017,820,5/15/1975,,Monchia,Magdalena Cauca,Medio Magdalena,Río Nare,2015,22,Andes,Preliminar,0,0,0,2.4587836265564,2.4587836265564,0,8.12603664398193,5.67399501800537,3.05454540252686,6.04363632202148,5,10,0.869565188884735,0.876811623573303,1,1,35,1.05999994277954,0
06,2006-06-04,23080760,42,Definitivo,SAN ROQUE [23080760],Pluviométrica,Convencional,Activa,Antioquia,San Roque,6.4875,-75.017,820,5/15/1975,,Monchia,Magdalena Cauca,Medio Magdalena,Río Nare,2006,04,Andes,Definitivo,42,42,0,0,0,8.29233932495117,25.1905727386475,14.045859336853,3.05454540252686,6.04363632202148,5,10,0.869565188884735,0.876811623573303,1,1,31,1.05999994277954,44.5199975967407
06,2006-06-05,23080760,0,Definitivo,SAN ROQUE [23080760],Pluviométrica,Convencional,Activa,Antioquia,San Roque,6.4875,-75.017,820,5/15/1975,,Monchia,Magdalena Cauca,Medio Magdalena,Río Nare,2006,05,Andes,Definitivo,0,0,0,10.1154155731201,10.1154155731201,41.4616966247559,58.3964500427246,31.7170429229736,3.05454540252686,6.04363632202148,5,10,0.869565188884735,0.876811623573303,1,1,31,1.05999994277954,0
06,2001-06-25,23080760,,"",SAN ROQUE [23080760],Pluviométrica,Convencional,Activa,Antioquia,San Roque,6.4875,-75.017,820,5/15/1975,,Monchia,Magdalena Cauca,Medio Magdalena,Río Nare,2001,25,Andes,Preliminar,0,0,0,11.039867401123,11.039867401123,0,2.19717049598694,0.602634310722351,3.05454540252686,6.04363632202148,5,10,0.869565188884735,0.876811623573303,1,1,35,1.05999994277954,0
06,2001-06-24,23080760,0,Definitivo,SAN ROQUE [23080760],Pluviométrica,Convencional,Activa,Antioquia,San Roque,6.4875,-75.017,820,5/15/1975,,Monchia,Magdalena Cauca,Medio Magdalena,Río Nare,2001,24,Andes,Definitivo,0,0,0,0,0,2.80387473106384,0.602055847644806,2.37558364868164,3.05454540252686,6.04363632202148,5,10,0.869565188884735,0.876811623573303,1,1,35,1.05999994277954,0
06,2003-06-21,23080760,0,Definitivo,SAN ROQUE [23080760],Pluviométrica,Convencional,Activa,Antioquia,San Roque,6.4875,-75.017,820,5/15/1975,,Monchia,Magdalena Cauca,Medio Magdalena,Río Nare,2003,21,Andes,Definitivo,0,0,0,15.5328531265259,15.5328531265259,20.1703262329102,0.814269721508026,15.8237428665161,3.05454540252686,6.04363632202148,5,10,0.869565188884735,0.876811623573303,1,1,35,1.05999994277954,0
06,2004-06-18,23080760,,"",SAN ROQUE [23080760],Pluviométrica,Convencional,Activa,Antioquia,San Roque,6.4875,-75.017,820,5/15/1975,,Monchia,Magdalena Cauca,Medio Magdalena,Río Nare,2004,18,Andes,Preliminar,0,0,0,0.614479243755341,0.614479243755341,0,0.567419946193695,0.404732942581177,3.05454540252686,6.04363632202148,5,10,0.869565188884735,0.876811623573303,1,1,34,1.05999994277954,0
06,2004-06-17,23080760,0,Definitivo,SAN ROQUE [23080760],Pluviométrica,Convencional,Activa,Antioquia,San Roque,6.4875,-75.017,820,5/15/1975,,Monchia,Magdalena Cauca,Medio Magdalena,Río Nare,2004,17,Andes,Definitivo,0,0,0,0,0,2.59076595306397,0.0760379657149315,5.57716751098633,3.05454540252686,6.04363632202148,5,10,0.869565188884735,0.876811623573303,1,1,34,1.05999994277954,0
06,2002-06-18,23080760,0,Definitivo,SAN ROQUE [23080760],Pluviométrica,Convencional,Activa,Antioquia,San Roque,6.4875,-75.017,820,5/15/1975,,Monchia,Magdalena Cauca,Medio Magdalena,Río Nare,2002,18,Andes,Definitivo,0,0,0,3.00523161888123,3.00523161888123,2.45491218566895,5.79147434234619,3.44309639930725,3.05454540252686,6.04363632202148,5,10,0.869565188884735,0.876811623573303,1,1,34,1.05999994277954,0
06,2004-06-14,23080760,0,Definitivo,SAN ROQUE [23080760],Pluviométrica,Convencional,Activa,Antioquia,San Roque,6.4875,-75.017,820,5/15/1975,,Monchia,Magdalena Cauca,Medio Magdalena,Río Nare,2004,14,Andes,Definitivo,0,0,0,0,0,0,1.00233924388886,0.779132962226868,3.05454540252686,6.04363632202148,5,10,0.869565188884735,0.876811623573303,1,1,33,1.05999994277954,0
06,2020-06-01,23080760,0,Definitivo,SAN ROQUE [23080760],Pluviométrica,Convencional,Activa,Antioquia,San Roque,6.4875,-75.017,820,5/15/1975,,Monchia,Magdalena Cauca,Medio Magdalena,Río Nare,2020,01,Andes,Definitivo,0,0,0,16.6459941864014,16.6459941864014,12.8512210845947,18.8199462890625,0,3.05454540252686,6.04363632202148,5,10,0.869565188884735,0.876811623573303,1,1,31,1.05999994277954,0
06,2002-06-15,23080760,6,Definitivo,SAN ROQUE [23080760],Pluviométrica,Convencional,Activa,Antioquia,San Roque,6.4875,-75.017,820,5/15/1975,,Monchia,Magdalena Cauca,Medio Magdalena,Río Nare,2002,15,Andes,Definitivo,6,6,0,0.07614616304636,0.07614616304636,4.01023864746094,0.565265536308289,3.65057229995728,3.05454540252686,6.04363632202148,5,10,0.869565188884735,0.876811623573303,1,1,33,1.05999994277954,6.35999965667725
06,2002-06-12,23080760,7,Definitivo,SAN ROQUE [23080760],Pluviométrica,Convencional,Activa,Antioquia,San Roque,6.4875,-75.017,820,5/15/1975,,Monchia,Magdalena Cauca,Medio Magdalena,Río Nare,2002,12,Andes,Definitivo,7,7,0,7.76690816879273,7.76690816879273,8.02047729492188,17.802074432373,24.9910392761231,3.05454540252686,6.04363632202148,5,10,0.869565188884735,0.876811623573303,1,1,33,1.05999994277954,7.41999959945679
06,2002-06-10,23080760,10,Definitivo,SAN ROQUE [23080760],Pluviométrica,Convencional,Activa,Antioquia,San Roque,6.4875,-75.017,820,5/15/1975,,Monchia,Magdalena Cauca,Medio Magdalena,Río Nare,2002,10,Andes,Definitivo,10,10,0,1.96184873580933,1.96184873580933,0,2.64448642730713,14.3446664810181,3.05454540252686,6.04363632202148,5,10,0.869565188884735,0.876811623573303,1,1,32,1.05999994277954,10.5999994277954
06,2014-06-19,23080760,,"",SAN ROQUE [23080760],Pluviométrica,Convencional,Activa,Antioquia,San Roque,6.4875,-75.017,820,5/15/1975,,Monchia,Magdalena Cauca,Medio Magdalena,Río Nare,2014,19,Andes,Preliminar,0,0,0,0,0,0,0.625268518924713,2.13648009300232,3.05454540252686,6.04363632202148,5,10,0.869565188884735,0.876811623573303,1,1,34,1.05999994277954,0
06,2015-06-17,23080760,,"",SAN ROQUE [23080760],Pluviométrica,Convencional,Activa,Antioquia,San Roque,6.4875,-75.017,820,5/15/1975,,Monchia,Magdalena Cauca,Medio Magdalena,Río Nare,2015,17,Andes,Preliminar,0,0,0,9.13678455352783,9.13678455352783,0,0.323737025260925,0,3.05454540252686,6.04363632202148,5,10,0.869565188884735,0.876811623573303,1,1,34,1.05999994277954,0
06,2008-06-06,23080760,5,Definitivo,SAN ROQUE [23080760],Pluviométrica,Convencional,Activa,Antioquia,San Roque,6.4875,-75.017,820,5/15/1975,,Monchia,Magdalena Cauca,Medio Magdalena,Río Nare,2008,06,Andes,Definitivo,5,5,0,0.106449902057648,0.106449902057648,13.3039255142212,20.0673141479492,28.9372215270996,3.05454540252686,6.04363632202148,5,10,0.869565188884735,0.876811623573303,1,1,32,1.05999994277954,5.29999971389771
06,2008-06-07,23080760,36,Definitivo,SAN ROQUE [23080760],Pluviométrica,Convencional,Activa,Antioquia,San Roque,6.4875,-75.017,820,5/15/1975,,Monchia,Magdalena Cauca,Medio Magdalena,Río Nare,2008,07,Andes,Definitivo,36,36,0,4.09071779251099,4.09071779251099,19.9558868408203,7.36536359786987,29.9203510284424,3.05454540252686,6.04363632202148,5,10,0.869565188884735,0.876811623573303,1,1,32,1.05999994277954,38.1599979400635
06,2008-06-08,23080760,4,Definitivo,SAN ROQUE [23080760],Pluviométrica,Convencional,Activa,Antioquia,San Roque,6.4875,-75.017,820,5/15/1975,,Monchia,Magdalena Cauca,Medio Magdalena,Río Nare,2008,08,Andes,Definitivo,4,4,0,1.70319843292236,1.70319843292236,19.9558868408203,24.5685539245606,45.3617973327637,3.05454540252686,6.04363632202148,5,10,0.869565188884735,0.876811623573303,1,1,32,1.05999994277954,4.23999977111816
06,2013-06-07,23080760,,"",SAN ROQUE [23080760],Pluviométrica,Convencional,Activa,Antioquia,San Roque,6.4875,-75.017,820,5/15/1975,,Monchia,Magdalena Cauca,Medio Magdalena,Río Nare,2013,07,Andes,Preliminar,0,0,0,4.24021100997925,4.24021100997925,0,1.4684225320816,0.0257422998547554,3.05454540252686,6.04363632202148,5,10,0.869565188884735,0.876811623573303,1,1,32,1.05999994277954,0
06,2015-06-09,23080760,0,Definitivo,SAN ROQUE [23080760],Pluviométrica,Convencional,Activa,Antioquia,San Roque,6.4875,-75.017,820,5/15/1975,,Monchia,Magdalena Cauca,Medio Magdalena,Río Nare,2015,09,Andes,Definitivo,0,0,0,14.3959903717041,14.3959903717041,12.4816436767578,29.4775848388672,57.0442276000977,3.05454540252686,6.04363632202148,5,10,0.869565188884735,0.876811623573303,1,1,32,1.05999994277954,0
06,2015-06-10,23080760,20,Definitivo,SAN ROQUE [23080760],Pluviométrica,Convencional,Activa,Antioquia,San Roque,6.4875,-75.017,820,5/15/1975,,Monchia,Magdalena Cauca,Medio Magdalena,Río Nare,2015,10,Andes,Definitivo,20,20,0,14.7620553970337,14.7620553970337,8.32109546661377,9.56814289093018,23.7606372833252,3.05454540252686,6.04363632202148,5,10,0.869565188884735,0.876811623573303,1,1,32,1.05999994277954,21.1999988555908
06,2014-06-14,23080760,5,Definitivo,SAN ROQUE [23080760],Pluviométrica,Convencional,Activa,Antioquia,San Roque,6.4875,-75.017,820,5/15/1975,,Monchia,Magdalena Cauca,Medio Magdalena,Río Nare,2014,14,Andes,Definitivo,5,5,0,1.39172446727753,1.39172446727753,11.8230333328247,9.08535575866699,2.877361536026,3.05454540252686,6.04363632202148,5,10,0.869565188884735,0.876811623573303,1,1,33,1.05999994277954,5.29999971389771
06,2003-06-16,23080760,47,Definitivo,SAN ROQUE [23080760],Pluviométrica,Convencional,Activa,Antioquia,San Roque,6.4875,-75.017,820,5/15/1975,,Monchia,Magdalena Cauca,Medio Magdalena,Río Nare,2003,16,Andes,Definitivo,47,47,0,14.8204927444458,14.8204927444458,0,39.006031036377,1.35223937034607,3.05454540252686,6.04363632202148,5,10,0.869565188884735,0.876811623573303,1,1,34,1.05999994277954,49.8199973106384
06,2014-06-15,23080760,2,Definitivo,SAN ROQUE [23080760],Pluviométrica,Convencional,Activa,Antioquia,San Roque,6.4875,-75.017,820,5/15/1975,,Monchia,Magdalena Cauca,Medio Magdalena,Río Nare,2014,15,Andes,Definitivo,2,2,0,5.52032804489136,5.52032804489136,10.3451538085938,12.8115243911743,21.72119140625,3.05454540252686,6.04363632202148,5,10,0.869565188884735,0.876811623573303,1,1,33,1.05999994277954,2.11999988555908
06,2014-06-16,23080760,,"",SAN ROQUE [23080760],Pluviométrica,Convencional,Activa,Antioquia,San Roque,6.4875,-75.017,820,5/15/1975,,Monchia,Magdalena Cauca,Medio Magdalena,Río Nare,2014,16,Andes,Preliminar,0,0,0,0,0,5.55238485336304,7.27554655075073,5.89590787887573,3.05454540252686,6.04363632202148,5,10,0.869565188884735,0.876811623573303,1,1,34,1.05999994277954,0
06,2016-06-17,23080760,0,Definitivo,SAN ROQUE [23080760],Pluviométrica,Convencional,Activa,Antioquia,San Roque,6.4875,-75.017,820,5/15/1975,,Monchia,Magdalena Cauca,Medio Magdalena,Río Nare,2016,17,Andes,Definitivo,0,0,0,0,0,0,1.96419203281403,0.513857662677765,3.05454540252686,6.04363632202148,5,10,0.869565188884735,0.876811623573303,1,1,34,1.05999994277954,0
06,2002-06-07,23080760,3,Definitivo,SAN ROQUE [23080760],Pluviométrica,Convencional,Activa,Antioquia,San Roque,6.4875,-75.017,820,5/15/1975,,Monchia,Magdalena Cauca,Medio Magdalena,Río Nare,2002,07,Andes,Definitivo,3,3,0,4.68778657913208,4.68778657913208,21.6018581390381,36.125904083252,31.5229644775391,3.05454540252686,6.04363632202148,5,10,0.869565188884735,0.876811623573303,1,1,32,1.05999994277954,3.17999982833862
06,2004-06-03,23080760,0,Definitivo,SAN ROQUE [23080760],Pluviométrica,Convencional,Activa,Antioquia,San Roque,6.4875,-75.017,820,5/15/1975,,Monchia,Magdalena Cauca,Medio Magdalena,Río Nare,2004,03,Andes,Definitivo,0,0,0,9.8446569442749,9.8446569442749,0,17.036449432373,0.192584291100502,3.05454540252686,6.04363632202148,5,10,0.869565188884735,0.876811623573303,1,1,31,1.05999994277954,0
06,2016-06-14,23080760,0,Definitivo,SAN ROQUE [23080760],Pluviométrica,Convencional,Activa,Antioquia,San Roque,6.4875,-75.017,820,5/15/1975,,Monchia,Magdalena Cauca,Medio Magdalena,Río Nare,2016,14,Andes,Definitivo,0,0,0,0,0,6.07044458389282,7.42334270477295,0.230221107602119,3.05454540252686,6.04363632202148,5,10,0.869565188884735,0.876811623573303,1,1,33,1.05999994277954,0
06,2017-06-12,23080760,31,Definitivo,SAN ROQUE [23080760],Pluviométrica,Convencional,Activa,Antioquia,San Roque,6.4875,-75.017,820,5/15/1975,,Monchia,Magdalena Cauca,Medio Magdalena,Río Nare,2017,12,Andes,Definitivo,31,31,0,11.9280652999878,11.9280652999878,9.72760963439941,26.8850078582764,15.3041543960571,3.05454540252686,6.04363632202148,5,10,0.869565188884735,0.876811623573303,1,1,33,1.05999994277954,32.8599982261658
06,2019-06-07,23080760,20,Definitivo,SAN ROQUE [23080760],Pluviométrica,Convencional,Activa,Antioquia,San Roque,6.4875,-75.017,820,5/15/1975,,Monchia,Magdalena Cauca,Medio Magdalena,Río Nare,2019,07,Andes,Definitivo,20,20,0,9.17136764526367,9.17136764526367,33.7655563354492,40.7500190734863,52.2495002746582,3.05454540252686,6.04363632202148,5,10,0.869565188884735,0.876811623573303,1,1,32,1.05999994277954,21.1999988555908
06,2019-06-08,23080760,0,Definitivo,SAN ROQUE [23080760],Pluviométrica,Convencional,Activa,Antioquia,San Roque,6.4875,-75.017,820,5/15/1975,,Monchia,Magdalena Cauca,Medio Magdalena,Río Nare,2019,08,Andes,Definitivo,0,0,0,1.73534083366394,1.73534083366394,0,6.38602018356323,0.108198717236519,3.05454540252686,6.04363632202148,5,10,0.869565188884735,0.876811623573303,1,1,32,1.05999994277954,0
06,2020-06-05,23080760,12,Definitivo,SAN ROQUE [23080760],Pluviométrica,Convencional,Activa,Antioquia,San Roque,6.4875,-75.017,820,5/15/1975,,Monchia,Magdalena Cauca,Medio Magdalena,Río Nare,2020,05,Andes,Definitivo,12,12,0,0.740642786026001,0.740642786026001,0.571799039840698,0.520816743373871,12.56520652771,3.05454540252686,6.04363632202148,5,10,0.869565188884735,0.876811623573303,1,1,31,1.05999994277954,12.7199993133545
06,2019-06-03,23080760,2,Definitivo,SAN ROQUE [23080760],Pluviométrica,Convencional,Activa,Antioquia,San Roque,6.4875,-75.017,820,5/15/1975,,Monchia,Magdalena Cauca,Medio Magdalena,Río Nare,2019,03,Andes,Definitivo,2,2,0,1.81449508666992,1.81449508666992,0,0.205346792936325,0,3.05454540252686,6.04363632202148,5,10,0.869565188884735,0.876811623573303,1,1,31,1.05999994277954,2.11999988555908
06,2022-06-01,23080760,10,Definitivo,SAN ROQUE [23080760],Pluviométrica,Convencional,Activa,Antioquia,San Roque,6.4875,-75.017,820,5/15/1975,,Monchia,Magdalena Cauca,Medio Magdalena,Río Nare,2022,01,Andes,Definitivo,10,10,0,1.73722732067108,1.73722732067108,0,8.95086479187012,1.54903149604797,3.05454540252686,6.04363632202148,5,10,0.869565188884735,0.876811623573303,1,1,31,1.05999994277954,10.5999994277954
06,2015-06-11,23080760,,"",SAN ROQUE [23080760],Pluviométrica,Convencional,Activa,Antioquia,San Roque,6.4875,-75.017,820,5/15/1975,,Monchia,Magdalena Cauca,Medio Magdalena,Río Nare,2015,11,Andes,Preliminar,0,0,0,10.7095346450806,10.7095346450806,0,11.8782606124878,2.6609628200531,3.05454540252686,6.04363632202148,5,10,0.869565188884735,0.876811623573303,1,1,33,1.05999994277954,0
06,2001-06-19,23080760,1,Definitivo,SAN ROQUE [23080760],Pluviométrica,Convencional,Activa,Antioquia,San Roque,6.4875,-75.017,820,5/15/1975,,Monchia,Magdalena Cauca,Medio Magdalena,Río Nare,2001,19,Andes,Definitivo,1,1,0,0.600689113140106,0.600689113140106,23.5029735565186,23.914400100708,42.9156074523926,3.05454540252686,6.04363632202148,5,10,0.869565188884735,0.876811623573303,1,1,34,1.05999994277954,1.05999994277954
06,2001-06-16,23080760,,"",SAN ROQUE [23080760],Pluviométrica,Convencional,Activa,Antioquia,San Roque,6.4875,-75.017,820,5/15/1975,,Monchia,Magdalena Cauca,Medio Magdalena,Río Nare,2001,16,Andes,Preliminar,0,0,0,20.3566837310791,20.3566837310791,7.8343243598938,25.2627239227295,0.386396288871765,3.05454540252686,6.04363632202148,5,10,0.869565188884735,0.876811623573303,1,1,34,1.05999994277954,0
06,2003-06-13,23080760,94,Definitivo,SAN ROQUE [23080760],Pluviométrica,Convencional,Activa,Antioquia,San Roque,6.4875,-75.017,820,5/15/1975,,Monchia,Magdalena Cauca,Medio Magdalena,Río Nare,2003,13,Andes,Definitivo,94,94,0,16.4178905487061,16.4178905487061,32.0883865356445,37.8113021850586,38.8601608276367,3.05454540252686,6.04363632202148,5,10,0.869565188884735,0.876811623573303,1,1,33,1.05999994277954,99.6399946212769
06,2016-06-18,23080760,12,Definitivo,SAN ROQUE [23080760],Pluviométrica,Convencional,Activa,Antioquia,San Roque,6.4875,-75.017,820,5/15/1975,,Monchia,Magdalena Cauca,Medio Magdalena,Río Nare,2016,18,Andes,Definitivo,12,12,0,0,0,12.3127326965332,14.2068948745728,10.897876739502,3.05454540252686,6.04363632202148,5,10,0.869565188884735,0.876811623573303,1,1,34,1.05999994277954,12.7199993133545
06,2015-06-16,23080760,,"",SAN ROQUE [23080760],Pluviométrica,Convencional,Activa,Antioquia,San Roque,6.4875,-75.017,820,5/15/1975,,Monchia,Magdalena Cauca,Medio Magdalena,Río Nare,2015,16,Andes,Preliminar,0,0,0,0,0,5.92760848999023,4.10009288787842,4.14142847061157,3.05454540252686,6.04363632202148,5,10,0.869565188884735,0.876811623573303,1,1,34,1.05999994277954,0
06,2004-06-04,23080760,22,Definitivo,SAN ROQUE [23080760],Pluviométrica,Convencional,Activa,Antioquia,San Roque,6.4875,-75.017,820,5/15/1975,,Monchia,Magdalena Cauca,Medio Magdalena,Río Nare,2004,04,Andes,Definitivo,22,22,0,4.80513000488281,4.80513000488281,15.7619552612305,6.39196586608887,7.60061502456665,3.05454540252686,6.04363632202148,5,10,0.869565188884735,0.876811623573303,1,1,31,1.05999994277954,23.3199987411499
06,2006-06-06,23080760,1,Definitivo,SAN ROQUE [23080760],Pluviométrica,Convencional,Activa,Antioquia,San Roque,6.4875,-75.017,820,5/15/1975,,Monchia,Magdalena Cauca,Medio Magdalena,Río Nare,2006,06,Andes,Definitivo,1,1,0,9.21400928497314,9.21400928497314,21.1791591644287,28.3684520721436,36.100700378418,3.05454540252686,6.04363632202148,5,10,0.869565188884735,0.876811623573303,1,1,32,1.05999994277954,1.05999994277954
06,2009-06-04,23080760,9,Definitivo,SAN ROQUE [23080760],Pluviométrica,Convencional,Activa,Antioquia,San Roque,6.4875,-75.017,820,5/15/1975,,Monchia,Magdalena Cauca,Medio Magdalena,Río Nare,2009,04,Andes,Definitivo,9,9,0,10.7578172683716,10.7578172683716,0,4.82648468017578,0.257020682096481,3.05454540252686,6.04363632202148,5,10,0.869565188884735,0.876811623573303,1,1,31,1.05999994277954,9.53999948501587
06,2002-06-22,23080760,,"",SAN ROQUE [23080760],Pluviométrica,Convencional,Activa,Antioquia,San Roque,6.4875,-75.017,820,5/15/1975,,Monchia,Magdalena Cauca,Medio Magdalena,Río Nare,2002,22,Andes,Preliminar,0,0,0,0.934234321117401,0.934234321117401,0,0.211887210607529,0.0598082393407822,3.05454540252686,6.04363632202148,5,10,0.869565188884735,0.876811623573303,1,1,35,1.05999994277954,0
06,2003-06-20,23080760,21,Definitivo,SAN ROQUE [23080760],Pluviométrica,Convencional,Activa,Antioquia,San Roque,6.4875,-75.017,820,5/15/1975,,Monchia,Magdalena Cauca,Medio Magdalena,Río Nare,2003,20,Andes,Definitivo,21,21,0,14.6552085876465,14.6552085876465,31.830415725708,11.7854528427124,40.5381469726563,3.05454540252686,6.04363632202148,5,10,0.869565188884735,0.876811623573303,1,1,34,1.05999994277954,22.2599987983704
06,2002-06-21,23080760,,"",SAN ROQUE [23080760],Pluviométrica,Convencional,Activa,Antioquia,San Roque,6.4875,-75.017,820,5/15/1975,,Monchia,Magdalena Cauca,Medio Magdalena,Río Nare,2002,21,Andes,Preliminar,0,0,0,0.934234321117401,0.934234321117401,0,0.00878754816949368,0.0447027869522572,3.05454540252686,6.04363632202148,5,10,0.869565188884735,0.876811623573303,1,1,35,1.05999994277954,0
06,2003-06-19,23080760,90,Definitivo,SAN ROQUE [23080760],Pluviométrica,Convencional,Activa,Antioquia,San Roque,6.4875,-75.017,820,5/15/1975,,Monchia,Magdalena Cauca,Medio Magdalena,Río Nare,2003,19,Andes,Definitivo,90,90,0,15.261248588562,15.261248588562,0,14.2318334579468,27.3290252685547,3.05454540252686,6.04363632202148,5,10,0.869565188884735,0.876811623573303,1,1,34,1.05999994277954,95.3999948501587
06,2017-06-03,23080760,0,Definitivo,SAN ROQUE [23080760],Pluviométrica,Convencional,Activa,Antioquia,San Roque,6.4875,-75.017,820,5/15/1975,,Monchia,Magdalena Cauca,Medio Magdalena,Río Nare,2017,03,Andes,Definitivo,0,0,0,0.274897962808609,0.274897962808609,0,0.16064777970314,0.0784565657377243,3.05454540252686,6.04363632202148,5,10,0.869565188884735,0.876811623573303,1,1,31,1.05999994277954,0
06,2016-06-07,23080760,,"",SAN ROQUE [23080760],Pluviométrica,Convencional,Activa,Antioquia,San Roque,6.4875,-75.017,820,5/15/1975,,Monchia,Magdalena Cauca,Medio Magdalena,Río Nare,2016,07,Andes,Preliminar,0,0,0,5.70755434036255,5.70755434036255,11.0211420059204,26.4724597930908,48.817554473877,3.05454540252686,6.04363632202148,5,10,0.869565188884735,0.876811623573303,1,1,32,1.05999994277954,0
06,2015-06-12,23080760,2,Definitivo,SAN ROQUE [23080760],Pluviométrica,Convencional,Activa,Antioquia,San Roque,6.4875,-75.017,820,5/15/1975,,Monchia,Magdalena Cauca,Medio Magdalena,Río Nare,2015,12,Andes,Definitivo,2,2,0,1.48622739315033,1.48622739315033,3.74129199981689,0.627265393733978,1.60566306114197,3.05454540252686,6.04363632202148,5,10,0.869565188884735,0.876811623573303,1,1,33,1.05999994277954,2.11999988555908
06,2015-06-13,23080760,,"",SAN ROQUE [23080760],Pluviométrica,Convencional,Activa,Antioquia,San Roque,6.4875,-75.017,820,5/15/1975,,Monchia,Magdalena Cauca,Medio Magdalena,Río Nare,2015,13,Andes,Preliminar,0,0,0,0.964812278747559,0.964812278747559,11.223876953125,8.04164791107178,12.240122795105,3.05454540252686,6.04363632202148,5,10,0.869565188884735,0.876811623573303,1,1,33,1.05999994277954,0
06,2001-06-11,23080760,17,Definitivo,SAN ROQUE [23080760],Pluviométrica,Convencional,Activa,Antioquia,San Roque,6.4875,-75.017,820,5/15/1975,,Monchia,Magdalena Cauca,Medio Magdalena,Río Nare,2001,11,Andes,Definitivo,17,17,0,1.02354633808136,1.02354633808136,19.5548095703125,3.23396062850952,19.3090763092041,3.05454540252686,6.04363632202148,5,10,0.869565188884735,0.876811623573303,1,1,33,1.05999994277954,18.0199990272522
06,2003-06-08,23080760,0,Definitivo,SAN ROQUE [23080760],Pluviométrica,Convencional,Activa,Antioquia,San Roque,6.4875,-75.017,820,5/15/1975,,Monchia,Magdalena Cauca,Medio Magdalena,Río Nare,2003,08,Andes,Definitivo,0,0,0,0,0,0,3.44155788421631,0.0475408919155598,3.05454540252686,6.04363632202148,5,10,0.869565188884735,0.876811623573303,1,1,32,1.05999994277954,0
06,2016-06-13,23080760,3,Definitivo,SAN ROQUE [23080760],Pluviométrica,Convencional,Activa,Antioquia,San Roque,6.4875,-75.017,820,5/15/1975,,Monchia,Magdalena Cauca,Medio Magdalena,Río Nare,2016,13,Andes,Definitivo,3,3,0,30.6321582794189,30.6321582794189,18.211332321167,5.1431097984314,24.8566112518311,3.05454540252686,6.04363632202148,5,10,0.869565188884735,0.876811623573303,1,1,33,1.05999994277954,3.17999982833862
06,2017-06-11,23080760,3,Definitivo,SAN ROQUE [23080760],Pluviométrica,Convencional,Activa,Antioquia,San Roque,6.4875,-75.017,820,5/15/1975,,Monchia,Magdalena Cauca,Medio Magdalena,Río Nare,2017,11,Andes,Definitivo,3,3,0,2.04555654525757,2.04555654525757,9.72760963439941,13.2218685150146,14.7092580795288,3.05454540252686,6.04363632202148,5,10,0.869565188884735,0.876811623573303,1,1,33,1.05999994277954,3.17999982833862
06,2018-06-09,23080760,9,Definitivo,SAN ROQUE [23080760],Pluviométrica,Convencional,Activa,Antioquia,San Roque,6.4875,-75.017,820,5/15/1975,,Monchia,Magdalena Cauca,Medio Magdalena,Río Nare,2018,09,Andes,Definitivo,9,9,0,0,0,0,0.995606541633606,0.61697393655777,3.05454540252686,6.04363632202148,5,10,0.869565188884735,0.876811623573303,1,1,32,1.05999994277954,9.53999948501587
06,2009-06-05,23080760,57,Definitivo,SAN ROQUE [23080760],Pluviométrica,Convencional,Activa,Antioquia,San Roque,6.4875,-75.017,820,5/15/1975,,Monchia,Magdalena Cauca,Medio Magdalena,Río Nare,2009,05,Andes,Definitivo,57,57,0,2.79289507865906,2.79289507865906,31.1063079833984,25.0118236541748,41.4009056091309,3.05454540252686,6.04363632202148,5,10,0.869565188884735,0.876811623573303,1,1,31,1.05999994277954,60.4199967384338
06,2011-06-07,23080760,,"",SAN ROQUE [23080760],Pluviométrica,Convencional,Activa,Antioquia,San Roque,6.4875,-75.017,820,5/15/1975,,Monchia,Magdalena Cauca,Medio Magdalena,Río Nare,2011,07,Andes,Preliminar,0,0,0,26.1072387695313,26.1072387695313,18.8005046844482,13.6026058197022,8.85447120666504,3.05454540252686,6.04363632202148,5,10,0.869565188884735,0.876811623573303,1,1,32,1.05999994277954,0
06,2013-06-08,23080760,,"",SAN ROQUE [23080760],Pluviométrica,Convencional,Activa,Antioquia,San Roque,6.4875,-75.017,820,5/15/1975,,Monchia,Magdalena Cauca,Medio Magdalena,Río Nare,2013,08,Andes,Preliminar,0,0,0,2.29272055625916,2.29272055625916,0,0.0598584115505219,0,3.05454540252686,6.04363632202148,5,10,0.869565188884735,0.876811623573303,1,1,32,1.05999994277954,0
06,2016-06-06,23080760,35,Definitivo,SAN ROQUE [23080760],Pluviométrica,Convencional,Activa,Antioquia,San Roque,6.4875,-75.017,820,5/15/1975,,Monchia,Magdalena Cauca,Medio Magdalena,Río Nare,2016,06,Andes,Definitivo,35,35,0,13.2306156158447,13.2306156158447,5.51057100296021,11.7827672958374,0.835906505584717,3.05454540252686,6.04363632202148,5,10,0.869565188884735,0.876811623573303,1,1,32,1.05999994277954,37.0999979972839
06,2002-06-20,23080760,,"",SAN ROQUE [23080760],Pluviométrica,Convencional,Activa,Antioquia,San Roque,6.4875,-75.017,820,5/15/1975,,Monchia,Magdalena Cauca,Medio Magdalena,Río Nare,2002,20,Andes,Preliminar,0,0,0,3.00523161888123,3.00523161888123,0,0.0853042080998421,0.00505275232717395,3.05454540252686,6.04363632202148,5,10,0.869565188884735,0.876811623573303,1,1,34,1.05999994277954,0
06,2001-06-21,23080760,0.3,Definitivo,SAN ROQUE [23080760],Pluviométrica,Convencional,Activa,Antioquia,San Roque,6.4875,-75.017,820,5/15/1975,,Monchia,Magdalena Cauca,Medio Magdalena,Río Nare,2001,21,Andes,Definitivo,0.3,0.3,0,6.6239218711853,6.6239218711853,4.20581197738647,1.06211113929749,6.38300657272339,3.05454540252686,6.04363632202148,5,10,0.869565188884735,0.876811623573303,1,1,35,1.05999994277954,0.317999982833862
06,2003-06-18,23080760,10,Definitivo,SAN ROQUE [23080760],Pluviométrica,Convencional,Activa,Antioquia,San Roque,6.4875,-75.017,820,5/15/1975,,Monchia,Magdalena Cauca,Medio Magdalena,Río Nare,2003,18,Andes,Definitivo,10,10,0,8.09893131256104,8.09893131256104,47.7456169128418,42.4018363952637,39.8366203308106,3.05454540252686,6.04363632202148,5,10,0.869565188884735,0.876811623573303,1,1,34,1.05999994277954,10.5999994277954
06,2001-06-18,23080760,26,Definitivo,SAN ROQUE [23080760],Pluviométrica,Convencional,Activa,Antioquia,San Roque,6.4875,-75.017,820,5/15/1975,,Monchia,Magdalena Cauca,Medio Magdalena,Río Nare,2001,18,Andes,Definitivo,26,26,0,1.66858065128326,1.66858065128326,23.5029735565186,25.6502914428711,19.414737701416,3.05454540252686,6.04363632202148,5,10,0.869565188884735,0.876811623573303,1,1,34,1.05999994277954,27.5599985122681
06,2014-06-17,23080760,,"",SAN ROQUE [23080760],Pluviométrica,Convencional,Activa,Antioquia,San Roque,6.4875,-75.017,820,5/15/1975,,Monchia,Magdalena Cauca,Medio Magdalena,Río Nare,2014,17,Andes,Preliminar,0,0,0,4.93946170806885,4.93946170806885,0,0.89622950553894,0,3.05454540252686,6.04363632202148,5,10,0.869565188884735,0.876811623573303,1,1,34,1.05999994277954,0
06,2014-06-18,23080760,,"",SAN ROQUE [23080760],Pluviométrica,Convencional,Activa,Antioquia,San Roque,6.4875,-75.017,820,5/15/1975,,Monchia,Magdalena Cauca,Medio Magdalena,Río Nare,2014,18,Andes,Preliminar,0,0,0,5.9398307800293,5.9398307800293,2.77619242668152,0.474717736244202,1.21672332286835,3.05454540252686,6.04363632202148,5,10,0.869565188884735,0.876811623573303,1,1,34,1.05999994277954,0
06,2003-06-05,23080760,10,Definitivo,SAN ROQUE [23080760],Pluviométrica,Convencional,Activa,Antioquia,San Roque,6.4875,-75.017,820,5/15/1975,,Monchia,Magdalena Cauca,Medio Magdalena,Río Nare,2003,05,Andes,Definitivo,10,10,0,7.38958406448364,7.38958406448364,23.6853332519531,14.813404083252,10.3199005126953,3.05454540252686,6.04363632202148,5,10,0.869565188884735,0.876811623573303,1,1,31,1.05999994277954,10.5999994277954
06,2002-06-04,23080760,25,Definitivo,SAN ROQUE [23080760],Pluviométrica,Convencional,Activa,Antioquia,San Roque,6.4875,-75.017,820,5/15/1975,,Monchia,Magdalena Cauca,Medio Magdalena,Río Nare,2002,04,Andes,Definitivo,25,25,0,0.311469972133636,0.311469972133636,19.3846340179443,16.8700294494629,28.9397563934326,3.05454540252686,6.04363632202148,5,10,0.869565188884735,0.876811623573303,1,1,31,1.05999994277954,26.4999985694885
06,2004-06-05,23080760,9,Definitivo,SAN ROQUE [23080760],Pluviométrica,Convencional,Activa,Antioquia,San Roque,6.4875,-75.017,820,5/15/1975,,Monchia,Magdalena Cauca,Medio Magdalena,Río Nare,2004,05,Andes,Definitivo,9,9,0,14.1809940338135,14.1809940338135,23.6429328918457,35.5538749694824,60.3651809692383,3.05454540252686,6.04363632202148,5,10,0.869565188884735,0.876811623573303,1,1,31,1.05999994277954,9.53999948501587
06,2020-06-03,23080760,11,Definitivo,SAN ROQUE [23080760],Pluviométrica,Convencional,Activa,Antioquia,San Roque,6.4875,-75.017,820,5/15/1975,,Monchia,Magdalena Cauca,Medio Magdalena,Río Nare,2020,03,Andes,Definitivo,11,11,0,15.6124210357666,15.6124210357666,12.0532703399658,19.8412857055664,19.4831123352051,3.05454540252686,6.04363632202148,5,10,0.869565188884735,0.876811623573303,1,1,31,1.05999994277954,11.659999370575
06,2020-06-04,23080760,0,Definitivo,SAN ROQUE [23080760],Pluviométrica,Convencional,Activa,Antioquia,San Roque,6.4875,-75.017,820,5/15/1975,,Monchia,Magdalena Cauca,Medio Magdalena,Río Nare,2020,04,Andes,Definitivo,0,0,0,3.10278844833374,3.10278844833374,2.39544820785522,0.482034534215927,0,3.05454540252686,6.04363632202148,5,10,0.869565188884735,0.876811623573303,1,1,31,1.05999994277954,0
06,2021-06-02,23080760,62,Definitivo,SAN ROQUE [23080760],Pluviométrica,Convencional,Activa,Antioquia,San Roque,6.4875,-75.017,820,5/15/1975,,Monchia,Magdalena Cauca,Medio Magdalena,Río Nare,2021,02,Andes,Definitivo,62,62,0,20.3895397186279,20.3895397186279,12.2525978088379,27.2522277832031,33.5556869506836,3.05454540252686,6.04363632202148,5,10,0.869565188884735,0.876811623573303,1,1,31,1.05999994277954,65.7199964523316
06,2017-06-02,23080760,0,Definitivo,SAN ROQUE [23080760],Pluviométrica,Convencional,Activa,Antioquia,San Roque,6.4875,-75.017,820,5/15/1975,,Monchia,Magdalena Cauca,Medio Magdalena,Río Nare,2017,02,Andes,Definitivo,0,0,0,49.4762687683106,49.4762687683106,3.50586414337158,23.6579284667969,14.2270479202271,3.05454540252686,6.04363632202148,5,10,0.869565188884735,0.876811623573303,1,1,31,1.05999994277954,0
06,2011-06-09,23080760,38,Definitivo,SAN ROQUE [23080760],Pluviométrica,Convencional,Activa,Antioquia,San Roque,6.4875,-75.017,820,5/15/1975,,Monchia,Magdalena Cauca,Medio Magdalena,Río Nare,2011,09,Andes,Definitivo,38,38,0,3.6116156578064,3.6116156578064,0,1.64485704898834,0.11458658427,3.05454540252686,6.04363632202148,5,10,0.869565188884735,0.876811623573303,1,1,32,1.05999994277954,40.2799978256226
06,2012-06-05,23080760,3,Definitivo,SAN ROQUE [23080760],Pluviométrica,Convencional,Activa,Antioquia,San Roque,6.4875,-75.017,820,5/15/1975,,Monchia,Magdalena Cauca,Medio Magdalena,Río Nare,2012,05,Andes,Definitivo,3,3,0,10.8850116729736,10.8850116729736,2.9986035823822,3.55441379547119,0.250878423452377,3.05454540252686,6.04363632202148,5,10,0.869565188884735,0.876811623573303,1,1,31,1.05999994277954,3.17999982833862
06,2014-06-07,23080760,44,Definitivo,SAN ROQUE [23080760],Pluviométrica,Convencional,Activa,Antioquia,San Roque,6.4875,-75.017,820,5/15/1975,,Monchia,Magdalena Cauca,Medio Magdalena,Río Nare,2014,07,Andes,Definitivo,44,44,0,17.5825500488281,17.5825500488281,42.5414695739746,2.41067290306091,61.5284385681152,3.05454540252686,6.04363632202148,5,10,0.869565188884735,0.876811623573303,1,1,32,1.05999994277954,46.6399974822998
06,2016-06-08,23080760,12,Definitivo,SAN ROQUE [23080760],Pluviométrica,Convencional,Activa,Antioquia,San Roque,6.4875,-75.017,820,5/15/1975,,Monchia,Magdalena Cauca,Medio Magdalena,Río Nare,2016,08,Andes,Definitivo,12,12,0,2.04587435722351,2.04587435722351,0,2.00218462944031,0.168337747454643,3.05454540252686,6.04363632202148,5,10,0.869565188884735,0.876811623573303,1,1,32,1.05999994277954,12.7199993133545
06,2001-06-15,23080760,0,Definitivo,SAN ROQUE [23080760],Pluviométrica,Convencional,Activa,Antioquia,San Roque,6.4875,-75.017,820,5/15/1975,,Monchia,Magdalena Cauca,Medio Magdalena,Río Nare,2001,15,Andes,Definitivo,0,0,0,22.0527687072754,22.0527687072754,19.5548095703125,14.8051280975342,26.225456237793,3.05454540252686,6.04363632202148,5,10,0.869565188884735,0.876811623573303,1,1,33,1.05999994277954,0
06,2003-06-10,23080760,9,Definitivo,SAN ROQUE [23080760],Pluviométrica,Convencional,Activa,Antioquia,San Roque,6.4875,-75.017,820,5/15/1975,,Monchia,Magdalena Cauca,Medio Magdalena,Río Nare,2003,10,Andes,Definitivo,9,9,0,0,0,0,23.2785530090332,0.00720482738688588,3.05454540252686,6.04363632202148,5,10,0.869565188884735,0.876811623573303,1,1,32,1.05999994277954,9.53999948501587
06,2016-06-12,23080760,16,Definitivo,SAN ROQUE [23080760],Pluviométrica,Convencional,Activa,Antioquia,San Roque,6.4875,-75.017,820,5/15/1975,,Monchia,Magdalena Cauca,Medio Magdalena,Río Nare,2016,12,Andes,Definitivo,16,16,0,0,0,0,11.5468349456787,0.386373311281204,3.05454540252686,6.04363632202148,5,10,0.869565188884735,0.876811623573303,1,1,33,1.05999994277954,16.9599990844727
06,2017-06-10,23080760,5,Definitivo,SAN ROQUE [23080760],Pluviométrica,Convencional,Activa,Antioquia,San Roque,6.4875,-75.017,820,5/15/1975,,Monchia,Magdalena Cauca,Medio Magdalena,Río Nare,2017,10,Andes,Definitivo,5,5,0,2.0750560760498,2.0750560760498,0,3.01583123207092,0.319431185722351,3.05454540252686,6.04363632202148,5,10,0.869565188884735,0.876811623573303,1,1,32,1.05999994277954,5.29999971389771
06,2018-06-08,23080760,0,Definitivo,SAN ROQUE [23080760],Pluviométrica,Convencional,Activa,Antioquia,San Roque,6.4875,-75.017,820,5/15/1975,,Monchia,Magdalena Cauca,Medio Magdalena,Río Nare,2018,08,Andes,Definitivo,0,0,0,10.7257213592529,10.7257213592529,0,0.422644227743149,0.123557083308697,3.05454540252686,6.04363632202148,5,10,0.869565188884735,0.876811623573303,1,1,32,1.05999994277954,0
06,2007-06-04,23080760,28,Definitivo,SAN ROQUE [23080760],Pluviométrica,Convencional,Activa,Antioquia,San Roque,6.4875,-75.017,820,5/15/1975,,Monchia,Magdalena Cauca,Medio Magdalena,Río Nare,2007,04,Andes,Definitivo,28,28,0,4.54255151748657,4.54255151748657,0,1.81026613712311,1.40628278255463,3.05454540252686,6.04363632202148,5,10,0.869565188884735,0.876811623573303,1,1,31,1.05999994277954,29.6799983978272
06,2007-06-05,23080760,0,Definitivo,SAN ROQUE [23080760],Pluviométrica,Convencional,Activa,Antioquia,San Roque,6.4875,-75.017,820,5/15/1975,,Monchia,Magdalena Cauca,Medio Magdalena,Río Nare,2007,05,Andes,Definitivo,0,0,0,6.15387153625488,6.15387153625488,20.3621520996094,10.1531801223755,40.6809539794922,3.05454540252686,6.04363632202148,5,10,0.869565188884735,0.876811623573303,1,1,31,1.05999994277954,0
06,2001-06-23,23080760,0.4,Definitivo,SAN ROQUE [23080760],Pluviométrica,Convencional,Activa,Antioquia,San Roque,6.4875,-75.017,820,5/15/1975,,Monchia,Magdalena Cauca,Medio Magdalena,Río Nare,2001,23,Andes,Definitivo,0.4,0.4,0,0,0,0,0,0.278123080730438,3.05454540252686,6.04363632202148,5,10,0.869565188884735,0.876811623573303,1,1,35,1.05999994277954,0.423999977111816
06,2001-06-22,23080760,,"",SAN ROQUE [23080760],Pluviométrica,Convencional,Activa,Antioquia,San Roque,6.4875,-75.017,820,5/15/1975,,Monchia,Magdalena Cauca,Medio Magdalena,Río Nare,2001,22,Andes,Preliminar,0,0,0,0,0,0,6.01267528533936,0.234665364027023,3.05454540252686,6.04363632202148,5,10,0.869565188884735,0.876811623573303,1,1,35,1.05999994277954,0
06,2012-06-04,23080760,0,Definitivo,SAN ROQUE [23080760],Pluviométrica,Convencional,Activa,Antioquia,San Roque,6.4875,-75.017,820,5/15/1975,,Monchia,Magdalena Cauca,Medio Magdalena,Río Nare,2012,04,Andes,Definitivo,0,0,0,4.8739800453186,4.8739800453186,0,3.53003025054932,0.0106650954112411,3.05454540252686,6.04363632202148,5,10,0.869565188884735,0.876811623573303,1,1,31,1.05999994277954,0
06,2010-06-04,23080760,,"",SAN ROQUE [23080760],Pluviométrica,Convencional,Activa,Antioquia,San Roque,6.4875,-75.017,820,5/15/1975,,Monchia,Magdalena Cauca,Medio Magdalena,Río Nare,2010,04,Andes,Preliminar,0,0,0,3.47429275512695,3.47429275512695,0,9.48648643493652,0.378564536571503,3.05454540252686,6.04363632202148,5,10,0.869565188884735,0.876811623573303,1,1,31,1.05999994277954,0
06,2010-06-05,23080760,,"",SAN ROQUE [23080760],Pluviométrica,Convencional,Activa,Antioquia,San Roque,6.4875,-75.017,820,5/15/1975,,Monchia,Magdalena Cauca,Medio Magdalena,Río Nare,2010,05,Andes,Preliminar,0,0,0,0.0534506514668465,0.0534506514668465,0,0.412640601396561,0.12145521491766,3.05454540252686,6.04363632202148,5,10,0.869565188884735,0.876811623573303,1,1,31,1.05999994277954,0
06,2001-06-20,23080760,4,Definitivo,SAN ROQUE [23080760],Pluviométrica,Convencional,Activa,Antioquia,San Roque,6.4875,-75.017,820,5/15/1975,,Monchia,Magdalena Cauca,Medio Magdalena,Río Nare,2001,20,Andes,Definitivo,4,4,0,1.03452003002167,1.03452003002167,0,1.92956578731537,12.2183475494385,3.05454540252686,6.04363632202148,5,10,0.869565188884735,0.876811623573303,1,1,34,1.05999994277954,4.23999977111816
06,2016-06-09,23080760,8,Definitivo,SAN ROQUE [23080760],Pluviométrica,Convencional,Activa,Antioquia,San Roque,6.4875,-75.017,820,5/15/1975,,Monchia,Magdalena Cauca,Medio Magdalena,Río Nare,2016,09,Andes,Definitivo,8,8,0,3.6013126373291,3.6013126373291,0,5.96423292160034,0.617648482322693,3.05454540252686,6.04363632202148,5,10,0.869565188884735,0.876811623573303,1,1,32,1.05999994277954,8.47999954223633
06,2015-06-14,23080760,5,Definitivo,SAN ROQUE [23080760],Pluviométrica,Convencional,Activa,Antioquia,San Roque,6.4875,-75.017,820,5/15/1975,,Monchia,Magdalena Cauca,Medio Magdalena,Río Nare,2015,14,Andes,Definitivo,5,5,0,0.87595272064209,0.87595272064209,7.48258399963379,2.35253357887268,2.77026987075806,3.05454540252686,6.04363632202148,5,10,0.869565188884735,0.876811623573303,1,1,33,1.05999994277954,5.29999971389771
06,2002-06-09,23080760,0,Definitivo,SAN ROQUE [23080760],Pluviométrica,Convencional,Activa,Antioquia,San Roque,6.4875,-75.017,820,5/15/1975,,Monchia,Magdalena Cauca,Medio Magdalena,Río Nare,2002,09,Andes,Definitivo,0,0,0,2.87049460411072,2.87049460411072,21.6018581390381,6.65279817581177,32.4546165466309,3.05454540252686,6.04363632202148,5,10,0.869565188884735,0.876811623573303,1,1,32,1.05999994277954,0
06,2001-06-08,23080760,16,Definitivo,SAN ROQUE [23080760],Pluviométrica,Convencional,Activa,Antioquia,San Roque,6.4875,-75.017,820,5/15/1975,,Monchia,Magdalena Cauca,Medio Magdalena,Río Nare,2001,08,Andes,Definitivo,16,16,0,0.810620069503784,0.810620069503784,24.5874271392822,11.3402404785156,36.3702239990234,3.05454540252686,6.04363632202148,5,10,0.869565188884735,0.876811623573303,1,1,32,1.05999994277954,16.9599990844727
06,2001-06-05,23080760,14,Definitivo,SAN ROQUE [23080760],Pluviométrica,Convencional,Activa,Antioquia,San Roque,6.4875,-75.017,820,5/15/1975,,Monchia,Magdalena Cauca,Medio Magdalena,Río Nare,2001,05,Andes,Definitivo,14,14,0,2.18156886100769,2.18156886100769,23.9130020141602,4.91673421859741,50.3620719909668,3.05454540252686,6.04363632202148,5,10,0.869565188884735,0.876811623573303,1,1,31,1.05999994277954,14.8399991989136
06,2019-06-06,23080760,40,Definitivo,SAN ROQUE [23080760],Pluviométrica,Convencional,Activa,Antioquia,San Roque,6.4875,-75.017,820,5/15/1975,,Monchia,Magdalena Cauca,Medio Magdalena,Río Nare,2019,06,Andes,Definitivo,40,40,0,7.61846446990967,7.61846446990967,0,1.7815101146698,1.42878937721252,3.05454540252686,6.04363632202148,5,10,0.869565188884735,0.876811623573303,1,1,32,1.05999994277954,42.3999977111816
06,2018-06-03,23080760,2,Definitivo,SAN ROQUE [23080760],Pluviométrica,Convencional,Activa,Antioquia,San Roque,6.4875,-75.017,820,5/15/1975,,Monchia,Magdalena Cauca,Medio Magdalena,Río Nare,2018,03,Andes,Definitivo,2,2,0,19.8638095855713,19.8638095855713,21.5230731964111,42.929126739502,17.2467670440674,3.05454540252686,6.04363632202148,5,10,0.869565188884735,0.876811623573303,1,1,31,1.05999994277954,2.11999988555908
06,2012-06-03,23080760,,"",SAN ROQUE [23080760],Pluviométrica,Convencional,Activa,Antioquia,San Roque,6.4875,-75.017,820,5/15/1975,,Monchia,Magdalena Cauca,Medio Magdalena,Río Nare,2012,03,Andes,Preliminar,0,0,0,2.87767601013184,2.87767601013184,11.9944143295288,16.9179553985596,23.8691864013672,3.05454540252686,6.04363632202148,5,10,0.869565188884735,0.876811623573303,1,1,31,1.05999994277954,0
06,2011-06-08,23080760,,"",SAN ROQUE [23080760],Pluviométrica,Convencional,Activa,Antioquia,San Roque,6.4875,-75.017,820,5/15/1975,,Monchia,Magdalena Cauca,Medio Magdalena,Río Nare,2011,08,Andes,Preliminar,0,0,0,2.36513543128967,2.36513543128967,0,2.48267388343811,0.0685554221272469,3.05454540252686,6.04363632202148,5,10,0.869565188884735,0.876811623573303,1,1,32,1.05999994277954,0
06,2017-06-01,23080760,19,Definitivo,SAN ROQUE [23080760],Pluviométrica,Convencional,Activa,Antioquia,San Roque,6.4875,-75.017,820,5/15/1975,,Monchia,Magdalena Cauca,Medio Magdalena,Río Nare,2017,01,Andes,Definitivo,19,19,0,0,0,3.50586414337158,14.9901523590088,7.14547729492188,3.05454540252686,6.04363632202148,5,10,0.869565188884735,0.876811623573303,1,1,31,1.05999994277954,20.1399989128113
06,2006-06-02,23080760,35,Definitivo,SAN ROQUE [23080760],Pluviométrica,Convencional,Activa,Antioquia,San Roque,6.4875,-75.017,820,5/15/1975,,Monchia,Magdalena Cauca,Medio Magdalena,Río Nare,2006,02,Andes,Definitivo,35,35,0,1.2231057882309,1.2231057882309,24.8770198822022,25.5114555358887,82.9596252441406,3.05454540252686,6.04363632202148,5,10,0.869565188884735,0.876811623573303,1,1,31,1.05999994277954,37.0999979972839
06,2008-06-03,23080760,0,Definitivo,SAN ROQUE [23080760],Pluviométrica,Convencional,Activa,Antioquia,San Roque,6.4875,-75.017,820,5/15/1975,,Monchia,Magdalena Cauca,Medio Magdalena,Río Nare,2008,03,Andes,Definitivo,0,0,0,5.64782524108887,5.64782524108887,32.6666145324707,60.1099243164063,35.8539009094238,3.05454540252686,6.04363632202148,5,10,0.869565188884735,0.876811623573303,1,1,31,1.05999994277954,0
06,2015-06-04,23080760,3,Definitivo,SAN ROQUE [23080760],Pluviométrica,Convencional,Activa,Antioquia,San Roque,6.4875,-75.017,820,5/15/1975,,Monchia,Magdalena Cauca,Medio Magdalena,Río Nare,2015,04,Andes,Definitivo,3,3,0,2.74194383621216,2.74194383621216,0,3.2428731918335,4.81380653381348,3.05454540252686,6.04363632202148,5,10,0.869565188884735,0.876811623573303,1,1,31,1.05999994277954,3.17999982833862
06,2001-06-17,23080760,46,Definitivo,SAN ROQUE [23080760],Pluviométrica,Convencional,Activa,Antioquia,San Roque,6.4875,-75.017,820,5/15/1975,,Monchia,Magdalena Cauca,Medio Magdalena,Río Nare,2001,17,Andes,Definitivo,46,46,0,13.5822467803955,13.5822467803955,7.8343243598938,14.020658493042,15.8425531387329,3.05454540252686,6.04363632202148,5,10,0.869565188884735,0.876811623573303,1,1,34,1.05999994277954,48.7599973678589
06,2003-06-15,23080760,0,Definitivo,SAN ROQUE [23080760],Pluviométrica,Convencional,Activa,Antioquia,San Roque,6.4875,-75.017,820,5/15/1975,,Monchia,Magdalena Cauca,Medio Magdalena,Río Nare,2003,15,Andes,Definitivo,0,0,0,19.5424022674561,19.5424022674561,24.066291809082,28.9627017974854,25.012939453125,3.05454540252686,6.04363632202148,5,10,0.869565188884735,0.876811623573303,1,1,33,1.05999994277954,0
06,2015-06-15,23080760,7,Definitivo,SAN ROQUE [23080760],Pluviométrica,Convencional,Activa,Antioquia,San Roque,6.4875,-75.017,820,5/15/1975,,Monchia,Magdalena Cauca,Medio Magdalena,Río Nare,2015,15,Andes,Definitivo,7,7,0,32.8563766479492,32.8563766479492,11.223876953125,10.2940559387207,13.9167490005493,3.05454540252686,6.04363632202148,5,10,0.869565188884735,0.876811623573303,1,1,33,1.05999994277954,7.41999959945679
06,2017-06-09,23080760,0,Definitivo,SAN ROQUE [23080760],Pluviométrica,Convencional,Activa,Antioquia,San Roque,6.4875,-75.017,820,5/15/1975,,Monchia,Magdalena Cauca,Medio Magdalena,Río Nare,2017,09,Andes,Definitivo,0,0,0,23.2886333465576,23.2886333465576,9.28380393981934,24.4421482086182,22.0223789215088,3.05454540252686,6.04363632202148,5,10,0.869565188884735,0.876811623573303,1,1,32,1.05999994277954,0
06,2018-06-07,23080760,1,Definitivo,SAN ROQUE [23080760],Pluviométrica,Convencional,Activa,Antioquia,San Roque,6.4875,-75.017,820,5/15/1975,,Monchia,Magdalena Cauca,Medio Magdalena,Río Nare,2018,07,Andes,Definitivo,1,1,0,0,0,2.8165078163147,7.92024946212769,2.02572727203369,3.05454540252686,6.04363632202148,5,10,0.869565188884735,0.876811623573303,1,1,32,1.05999994277954,1.05999994277954
06,2002-06-05,23080760,71,Definitivo,SAN ROQUE [23080760],Pluviométrica,Convencional,Activa,Antioquia,San Roque,6.4875,-75.017,820,5/15/1975,,Monchia,Magdalena Cauca,Medio Magdalena,Río Nare,2002,05,Andes,Definitivo,71,71,0,15.551251411438,15.551251411438,9.69231700897217,55.6241798400879,11.8547964096069,3.05454540252686,6.04363632202148,5,10,0.869565188884735,0.876811623573303,1,1,31,1.05999994277954,75.2599959373474
06,2002-06-06,23080760,17,Definitivo,SAN ROQUE [23080760],Pluviométrica,Convencional,Activa,Antioquia,San Roque,6.4875,-75.017,820,5/15/1975,,Monchia,Magdalena Cauca,Medio Magdalena,Río Nare,2002,06,Andes,Definitivo,17,17,0,31.8645572662354,31.8645572662354,21.6018581390381,38.835334777832,8.03521823883057,3.05454540252686,6.04363632202148,5,10,0.869565188884735,0.876811623573303,1,1,32,1.05999994277954,18.0199990272522
06,2021-06-01,23080760,12,Definitivo,SAN ROQUE [23080760],Pluviométrica,Convencional,Activa,Antioquia,San Roque,6.4875,-75.017,820,5/15/1975,,Monchia,Magdalena Cauca,Medio Magdalena,Río Nare,2021,01,Andes,Definitivo,12,12,0,6.77154541015625,6.77154541015625,16.3367977142334,37.8541984558106,62.3476867675781,3.05454540252686,6.04363632202148,5,10,0.869565188884735,0.876811623573303,1,1,31,1.05999994277954,12.7199993133545
06,2019-06-02,23080760,5,Definitivo,SAN ROQUE [23080760],Pluviométrica,Convencional,Activa,Antioquia,San Roque,6.4875,-75.017,820,5/15/1975,,Monchia,Magdalena Cauca,Medio Magdalena,Río Nare,2019,02,Andes,Definitivo,5,5,0,5.03856611251831,5.03856611251831,0,5.78566265106201,3.02995038032532,3.05454540252686,6.04363632202148,5,10,0.869565188884735,0.876811623573303,1,1,31,1.05999994277954,5.29999971389771
06,2005-06-05,23080760,58,Definitivo,SAN ROQUE [23080760],Pluviométrica,Convencional,Activa,Antioquia,San Roque,6.4875,-75.017,820,5/15/1975,,Monchia,Magdalena Cauca,Medio Magdalena,Río Nare,2005,05,Andes,Definitivo,58,58,0,16.6181411743164,16.6181411743164,33.0800819396973,41.7361068725586,95.9876480102539,3.05454540252686,6.04363632202148,5,10,0.869565188884735,0.876811623573303,1,1,31,1.05999994277954,61.4799966812134
06,2001-06-01,23080760,6,Definitivo,SAN ROQUE [23080760],Pluviométrica,Convencional,Activa,Antioquia,San Roque,6.4875,-75.017,820,5/15/1975,,Monchia,Magdalena Cauca,Medio Magdalena,Río Nare,2001,01,Andes,Definitivo,6,6,0,2.44600176811218,2.44600176811218,23.9130020141602,18.9563617706299,12.1443862915039,3.05454540252686,6.04363632202148,5,10,0.869565188884735,0.876811623573303,1,1,31,1.05999994277954,6.35999965667725
06,2004-06-01,23080760,22,Definitivo,SAN ROQUE [23080760],Pluviométrica,Convencional,Activa,Antioquia,San Roque,6.4875,-75.017,820,5/15/1975,,Monchia,Magdalena Cauca,Medio Magdalena,Río Nare,2004,01,Andes,Definitivo,22,22,0,2.81275916099548,2.81275916099548,15.7619552612305,13.6247787475586,0.626603603363037,3.05454540252686,6.04363632202148,5,10,0.869565188884735,0.876811623573303,1,1,31,1.05999994277954,23.3199987411499
06,2008-06-04,23080760,12,Definitivo,SAN ROQUE [23080760],Pluviométrica,Convencional,Activa,Antioquia,San Roque,6.4875,-75.017,820,5/15/1975,,Monchia,Magdalena Cauca,Medio Magdalena,Río Nare,2008,04,Andes,Definitivo,12,12,0,0,0,0,8.55556201934815,0.042946320027113,3.05454540252686,6.04363632202148,5,10,0.869565188884735,0.876811623573303,1,1,31,1.05999994277954,12.7199993133545
06,2014-06-08,23080760,,"",SAN ROQUE [23080760],Pluviométrica,Convencional,Activa,Antioquia,San Roque,6.4875,-75.017,820,5/15/1975,,Monchia,Magdalena Cauca,Medio Magdalena,Río Nare,2014,08,Andes,Preliminar,0,0,0,4.57149696350098,4.57149696350098,10.6353673934937,22.3874855041504,13.4378128051758,3.05454540252686,6.04363632202148,5,10,0.869565188884735,0.876811623573303,1,1,32,1.05999994277954,0
06,2017-06-06,23080760,24,Definitivo,SAN ROQUE [23080760],Pluviométrica,Convencional,Activa,Antioquia,San Roque,6.4875,-75.017,820,5/15/1975,,Monchia,Magdalena Cauca,Medio Magdalena,Río Nare,2017,06,Andes,Definitivo,24,24,0,0.312127441167831,0.312127441167831,0,0.0138108748942614,0,3.05454540252686,6.04363632202148,5,10,0.869565188884735,0.876811623573303,1,1,32,1.05999994277954,25.439998626709
06,2001-06-13,23080760,31,Definitivo,SAN ROQUE [23080760],Pluviométrica,Convencional,Activa,Antioquia,San Roque,6.4875,-75.017,820,5/15/1975,,Monchia,Magdalena Cauca,Medio Magdalena,Río Nare,2001,13,Andes,Definitivo,31,31,0,7.44397401809692,7.44397401809692,13.0365400314331,25.8843441009522,4.40466022491455,3.05454540252686,6.04363632202148,5,10,0.869565188884735,0.876811623573303,1,1,33,1.05999994277954,32.8599982261658
06,2001-06-10,23080760,5,Definitivo,SAN ROQUE [23080760],Pluviométrica,Convencional,Activa,Antioquia,San Roque,6.4875,-75.017,820,5/15/1975,,Monchia,Magdalena Cauca,Medio Magdalena,Río Nare,2001,10,Andes,Definitivo,5,5,0,1.98970401287079,1.98970401287079,0,4.99806499481201,0.0304530076682568,3.05454540252686,6.04363632202148,5,10,0.869565188884735,0.876811623573303,1,1,32,1.05999994277954,5.29999971389771
06,2003-06-07,23080760,0,Definitivo,SAN ROQUE [23080760],Pluviométrica,Convencional,Activa,Antioquia,San Roque,6.4875,-75.017,820,5/15/1975,,Monchia,Magdalena Cauca,Medio Magdalena,Río Nare,2003,07,Andes,Definitivo,0,0,0,0.874549150466919,0.874549150466919,26.681303024292,6.30522775650024,51.5436172485352,3.05454540252686,6.04363632202148,5,10,0.869565188884735,0.876811623573303,1,1,32,1.05999994277954,0
06,2019-06-05,23080760,0,Definitivo,SAN ROQUE [23080760],Pluviométrica,Convencional,Activa,Antioquia,San Roque,6.4875,-75.017,820,5/15/1975,,Monchia,Magdalena Cauca,Medio Magdalena,Río Nare,2019,05,Andes,Definitivo,0,0,0,2.61969327926636,2.61969327926636,10.1949129104614,0.432040572166443,1.5900571346283,3.05454540252686,6.04363632202148,5,10,0.869565188884735,0.876811623573303,1,1,31,1.05999994277954,0
06,2017-06-05,23080760,0,Definitivo,SAN ROQUE [23080760],Pluviométrica,Convencional,Activa,Antioquia,San Roque,6.4875,-75.017,820,5/15/1975,,Monchia,Magdalena Cauca,Medio Magdalena,Río Nare,2017,05,Andes,Definitivo,0,0,0,3.016117811203,3.016117811203,21.0351848602295,2.27915596961975,24.3853816986084,3.05454540252686,6.04363632202148,5,10,0.869565188884735,0.876811623573303,1,1,31,1.05999994277954,0
06,2005-06-04,23080760,112,Definitivo,SAN ROQUE [23080760],Pluviométrica,Convencional,Activa,Antioquia,San Roque,6.4875,-75.017,820,5/15/1975,,Monchia,Magdalena Cauca,Medio Magdalena,Río Nare,2005,04,Andes,Definitivo,112,112,0,4.3896975517273,4.3896975517273,8.27002048492432,9.64576244354248,27.0930519104004,3.05454540252686,6.04363632202148,5,10,0.869565188884735,0.876811623573303,1,1,31,1.05999994277954,118.719993591309
06,2007-06-06,23080760,18,Definitivo,SAN ROQUE [23080760],Pluviométrica,Convencional,Activa,Antioquia,San Roque,6.4875,-75.017,820,5/15/1975,,Monchia,Magdalena Cauca,Medio Magdalena,Río Nare,2007,06,Andes,Definitivo,18,18,0,1.07486319541931,1.07486319541931,0,10.7746095657349,0.146748214960098,3.05454540252686,6.04363632202148,5,10,0.869565188884735,0.876811623573303,1,1,32,1.05999994277954,19.0799989700317
06,2014-06-03,23080760,29,Definitivo,SAN ROQUE [23080760],Pluviométrica,Convencional,Activa,Antioquia,San Roque,6.4875,-75.017,820,5/15/1975,,Monchia,Magdalena Cauca,Medio Magdalena,Río Nare,2014,03,Andes,Definitivo,29,29,0,8.22970962524414,8.22970962524414,11.5319681167603,20.2230358123779,0.779120206832886,3.05454540252686,6.04363632202148,5,10,0.869565188884735,0.876811623573303,1,1,31,1.05999994277954,30.7399983406067
06,2008-06-02,23080760,18,Definitivo,SAN ROQUE [23080760],Pluviométrica,Convencional,Activa,Antioquia,San Roque,6.4875,-75.017,820,5/15/1975,,Monchia,Magdalena Cauca,Medio Magdalena,Río Nare,2008,02,Andes,Definitivo,18,18,0,17.7503089904785,17.7503089904785,16.3333072662354,21.3186016082764,21.5745124816895,3.05454540252686,6.04363632202148,5,10,0.869565188884735,0.876811623573303,1,1,31,1.05999994277954,19.0799989700317
06,2016-06-10,23080760,5,Definitivo,SAN ROQUE [23080760],Pluviométrica,Convencional,Activa,Antioquia,San Roque,6.4875,-75.017,820,5/15/1975,,Monchia,Magdalena Cauca,Medio Magdalena,Río Nare,2016,10,Andes,Definitivo,5,5,0,3.22161889076233,3.22161889076233,16.5317134857178,11.0041751861572,6.78637409210205,3.05454540252686,6.04363632202148,5,10,0.869565188884735,0.876811623573303,1,1,32,1.05999994277954,5.29999971389771
06,2006-06-03,23080760,,"",SAN ROQUE [23080760],Pluviométrica,Convencional,Activa,Antioquia,San Roque,6.4875,-75.017,820,5/15/1975,,Monchia,Magdalena Cauca,Medio Magdalena,Río Nare,2006,03,Andes,Preliminar,0,0,0,34.5775299072266,34.5775299072266,8.29233932495117,30.3796367645264,11.2979469299316,3.05454540252686,6.04363632202148,5,10,0.869565188884735,0.876811623573303,1,1,31,1.05999994277954,0
06,2010-06-06,23080760,,"",SAN ROQUE [23080760],Pluviométrica,Convencional,Activa,Antioquia,San Roque,6.4875,-75.017,820,5/15/1975,,Monchia,Magdalena Cauca,Medio Magdalena,Río Nare,2010,06,Andes,Preliminar,0,0,0,0.180824756622314,0.180824756622314,37.351490020752,0.82647693157196,9.20784378051758,3.05454540252686,6.04363632202148,5,10,0.869565188884735,0.876811623573303,1,1,32,1.05999994277954,0
06,2015-06-05,23080760,0,Definitivo,SAN ROQUE [23080760],Pluviométrica,Convencional,Activa,Antioquia,San Roque,6.4875,-75.017,820,5/15/1975,,Monchia,Magdalena Cauca,Medio Magdalena,Río Nare,2015,05,Andes,Definitivo,0,0,0,32.6072540283203,32.6072540283203,20.5878086090088,1.43014109134674,5.16384029388428,3.05454540252686,6.04363632202148,5,10,0.869565188884735,0.876811623573303,1,1,31,1.05999994277954,0
06,2003-06-02,23080760,77,Definitivo,SAN ROQUE [23080760],Pluviométrica,Convencional,Activa,Antioquia,San Roque,6.4875,-75.017,820,5/15/1975,,Monchia,Magdalena Cauca,Medio Magdalena,Río Nare,2003,02,Andes,Definitivo,77,77,0,6.36808347702026,6.36808347702026,11.8426666259766,15.1669006347656,4.71085786819458,3.05454540252686,6.04363632202148,5,10,0.869565188884735,0.876811623573303,1,1,31,1.05999994277954,81.6199955940247
06,2016-06-11,23080760,,"",SAN ROQUE [23080760],Pluviométrica,Convencional,Activa,Antioquia,San Roque,6.4875,-75.017,820,5/15/1975,,Monchia,Magdalena Cauca,Medio Magdalena,Río Nare,2016,11,Andes,Preliminar,0,0,0,0,0,6.07044458389282,5.30106592178345,3.88535976409912,3.05454540252686,6.04363632202148,5,10,0.869565188884735,0.876811623573303,1,1,33,1.05999994277954,0
06,2018-06-06,23080760,0,Definitivo,SAN ROQUE [23080760],Pluviométrica,Convencional,Activa,Antioquia,San Roque,6.4875,-75.017,820,5/15/1975,,Monchia,Magdalena Cauca,Medio Magdalena,Río Nare,2018,06,Andes,Definitivo,0,0,0,7.23784160614014,7.23784160614014,2.8165078163147,1.80440747737885,0,3.05454540252686,6.04363632202148,5,10,0.869565188884735,0.876811623573303,1,1,32,1.05999994277954,0
06,2001-06-07,23080760,27,Definitivo,SAN ROQUE [23080760],Pluviométrica,Convencional,Activa,Antioquia,San Roque,6.4875,-75.017,820,5/15/1975,,Monchia,Magdalena Cauca,Medio Magdalena,Río Nare,2001,07,Andes,Definitivo,27,27,0,2.21078205108643,2.21078205108643,8.19580936431885,27.4834156036377,6.98404598236084,3.05454540252686,6.04363632202148,5,10,0.869565188884735,0.876811623573303,1,1,32,1.05999994277954,28.6199984550476
06,2008-06-05,23080760,,"",SAN ROQUE [23080760],Pluviométrica,Convencional,Activa,Antioquia,San Roque,6.4875,-75.017,820,5/15/1975,,Monchia,Magdalena Cauca,Medio Magdalena,Río Nare,2008,05,Andes,Preliminar,0,0,0,0.403416097164154,0.403416097164154,10.8888711929321,14.3620882034302,26.1713027954102,3.05454540252686,6.04363632202148,5,10,0.869565188884735,0.876811623573303,1,1,31,1.05999994277954,0
06,2016-06-02,23080760,8,Definitivo,SAN ROQUE [23080760],Pluviométrica,Convencional,Activa,Antioquia,San Roque,6.4875,-75.017,820,5/15/1975,,Monchia,Magdalena Cauca,Medio Magdalena,Río Nare,2016,02,Andes,Definitivo,8,8,0,8.83517074584961,8.83517074584961,9.1146879196167,4.41340351104736,1.07866835594177,3.05454540252686,6.04363632202148,5,10,0.869565188884735,0.876811623573303,1,1,31,1.05999994277954,8.47999954223633
06,2019-06-01,23080760,14,Definitivo,SAN ROQUE [23080760],Pluviométrica,Convencional,Activa,Antioquia,San Roque,6.4875,-75.017,820,5/15/1975,,Monchia,Magdalena Cauca,Medio Magdalena,Río Nare,2019,01,Andes,Definitivo,14,14,0,30.9558658599854,30.9558658599854,20.3898258209229,34.0769882202148,29.4109134674072,3.05454540252686,6.04363632202148,5,10,0.869565188884735,0.876811623573303,1,1,31,1.05999994277954,14.8399991989136
06,2001-06-03,23080760,0,Definitivo,SAN ROQUE [23080760],Pluviométrica,Convencional,Activa,Antioquia,San Roque,6.4875,-75.017,820,5/15/1975,,Monchia,Magdalena Cauca,Medio Magdalena,Río Nare,2001,03,Andes,Definitivo,0,0,0,8.52795124053955,8.52795124053955,0,13.2899322509766,0.22163063287735,3.05454540252686,6.04363632202148,5,10,0.869565188884735,0.876811623573303,1,1,31,1.05999994277954,0
06,2019-06-04,23080760,6,Definitivo,SAN ROQUE [23080760],Pluviométrica,Convencional,Activa,Antioquia,San Roque,6.4875,-75.017,820,5/15/1975,,Monchia,Magdalena Cauca,Medio Magdalena,Río Nare,2019,04,Andes,Definitivo,6,6,0,0,0,5.09745645523071,2.80250382423401,9.27163028717041,3.05454540252686,6.04363632202148,5,10,0.869565188884735,0.876811623573303,1,1,31,1.05999994277954,6.35999965667725
06,2015-06-06,23080760,17,Definitivo,SAN ROQUE [23080760],Pluviométrica,Convencional,Activa,Antioquia,San Roque,6.4875,-75.017,820,5/15/1975,,Monchia,Magdalena Cauca,Medio Magdalena,Río Nare,2015,06,Andes,Definitivo,17,17,0,1.58644962310791,1.58644962310791,0,2.00462007522583,0.344854205846787,3.05454540252686,6.04363632202148,5,10,0.869565188884735,0.876811623573303,1,1,32,1.05999994277954,18.0199990272522
06,2002-06-01,23080760,25,Definitivo,SAN ROQUE [23080760],Pluviométrica,Convencional,Activa,Antioquia,San Roque,6.4875,-75.017,820,5/15/1975,,Monchia,Magdalena Cauca,Medio Magdalena,Río Nare,2002,01,Andes,Definitivo,25,25,0,4.4718189239502,4.4718189239502,0,2.08059525489807,0.0733219534158707,3.05454540252686,6.04363632202148,5,10,0.869565188884735,0.876811623573303,1,1,31,1.05999994277954,26.4999985694885
06,2009-06-01,23080760,,"",SAN ROQUE [23080760],Pluviométrica,Convencional,Activa,Antioquia,San Roque,6.4875,-75.017,820,5/15/1975,,Monchia,Magdalena Cauca,Medio Magdalena,Río Nare,2009,01,Andes,Preliminar,0,0,0,0,0,0,11.2617645263672,0.294763445854187,3.05454540252686,6.04363632202148,5,10,0.869565188884735,0.876811623573303,1,1,31,1.05999994277954,0
06,2003-06-01,23080760,0,Definitivo,SAN ROQUE [23080760],Pluviométrica,Convencional,Activa,Antioquia,San Roque,6.4875,-75.017,820,5/15/1975,,Monchia,Magdalena Cauca,Medio Magdalena,Río Nare,2003,01,Andes,Definitivo,0,0,0,6.10727453231812,6.10727453231812,5.92133331298828,5.07878875732422,4.09858751296997,3.05454540252686,6.04363632202148,5,10,0.869565188884735,0.876811623573303,1,1,31,1.05999994277954,0
06,2017-06-04,23080760,0,Definitivo,SAN ROQUE [23080760],Pluviométrica,Convencional,Activa,Antioquia,San Roque,6.4875,-75.017,820,5/15/1975,,Monchia,Magdalena Cauca,Medio Magdalena,Río Nare,2017,04,Andes,Definitivo,0,0,0,2.63604021072388,2.63604021072388,14.0234565734863,7.38540887832642,2.63692712783814,3.05454540252686,6.04363632202148,5,10,0.869565188884735,0.876811623573303,1,1,31,1.05999994277954,0
06,2003-06-12,23080760,44,Definitivo,SAN ROQUE [23080760],Pluviométrica,Convencional,Activa,Antioquia,San Roque,6.4875,-75.017,820,5/15/1975,,Monchia,Magdalena Cauca,Medio Magdalena,Río Nare,2003,12,Andes,Definitivo,44,44,0,0.0568093173205853,0.0568093173205853,32.0883865356445,32.4213790893555,12.6161737442017,3.05454540252686,6.04363632202148,5,10,0.869565188884735,0.876811623573303,1,1,33,1.05999994277954,46.6399974822998
06,2001-06-12,23080760,32,Definitivo,SAN ROQUE [23080760],Pluviométrica,Convencional,Activa,Antioquia,San Roque,6.4875,-75.017,820,5/15/1975,,Monchia,Magdalena Cauca,Medio Magdalena,Río Nare,2001,12,Andes,Definitivo,32,32,0,6.51347780227661,6.51347780227661,13.0365400314331,20.3702259063721,30.2389469146729,3.05454540252686,6.04363632202148,5,10,0.869565188884735,0.876811623573303,1,1,33,1.05999994277954,33.9199981689453
06,2004-06-02,23080760,0,Definitivo,SAN ROQUE [23080760],Pluviométrica,Convencional,Activa,Antioquia,San Roque,6.4875,-75.017,820,5/15/1975,,Monchia,Magdalena Cauca,Medio Magdalena,Río Nare,2004,02,Andes,Definitivo,0,0,0,0,0,7.88097763061523,11.6454792022705,15.4675617218018,3.05454540252686,6.04363632202148,5,10,0.869565188884735,0.876811623573303,1,1,31,1.05999994277954,0
06,2007-06-01,23080760,12,Definitivo,SAN ROQUE [23080760],Pluviométrica,Convencional,Activa,Antioquia,San Roque,6.4875,-75.017,820,5/15/1975,,Monchia,Magdalena Cauca,Medio Magdalena,Río Nare,2007,01,Andes,Definitivo,12,12,0,4.3539924621582,4.3539924621582,20.3621520996094,29.2180061340332,18.0731906890869,3.05454540252686,6.04363632202148,5,10,0.869565188884735,0.876811623573303,1,1,31,1.05999994277954,12.7199993133545
06,2003-06-03,23080760,3,Definitivo,SAN ROQUE [23080760],Pluviométrica,Convencional,Activa,Antioquia,San Roque,6.4875,-75.017,820,5/15/1975,,Monchia,Magdalena Cauca,Medio Magdalena,Río Nare,2003,03,Andes,Definitivo,3,3,0,30.8406486511231,30.8406486511231,17.7640018463135,43.8799591064453,64.0163650512695,3.05454540252686,6.04363632202148,5,10,0.869565188884735,0.876811623573303,1,1,31,1.05999994277954,3.17999982833862
06,2006-06-01,23080760,63,Definitivo,SAN ROQUE [23080760],Pluviométrica,Convencional,Activa,Antioquia,San Roque,6.4875,-75.017,820,5/15/1975,,Monchia,Magdalena Cauca,Medio Magdalena,Río Nare,2006,01,Andes,Definitivo,63,63,0,8.69396781921387,8.69396781921387,24.8770198822022,13.3941278457642,12.8517866134644,3.05454540252686,6.04363632202148,5,10,0.869565188884735,0.876811623573303,1,1,31,1.05999994277954,66.7799963951111
06,2017-06-08,23080760,20,Definitivo,SAN ROQUE [23080760],Pluviométrica,Convencional,Activa,Antioquia,San Roque,6.4875,-75.017,820,5/15/1975,,Monchia,Magdalena Cauca,Medio Magdalena,Río Nare,2017,08,Andes,Definitivo,20,20,0,11.1685657501221,11.1685657501221,37.1352157592773,47.4008369445801,20.7173309326172,3.05454540252686,6.04363632202148,5,10,0.869565188884735,0.876811623573303,1,1,32,1.05999994277954,21.1999988555908
06,2001-06-09,23080760,3,Definitivo,SAN ROQUE [23080760],Pluviométrica,Convencional,Activa,Antioquia,San Roque,6.4875,-75.017,820,5/15/1975,,Monchia,Magdalena Cauca,Medio Magdalena,Río Nare,2001,09,Andes,Definitivo,3,3,0,5.04795265197754,5.04795265197754,24.5874271392822,4.88576745986939,33.0426597595215,3.05454540252686,6.04363632202148,5,10,0.869565188884735,0.876811623573303,1,1,32,1.05999994277954,3.17999982833862
06,2013-06-04,23080760,,"",SAN ROQUE [23080760],Pluviométrica,Convencional,Activa,Antioquia,San Roque,6.4875,-75.017,820,5/15/1975,,Monchia,Magdalena Cauca,Medio Magdalena,Río Nare,2013,04,Andes,Preliminar,0,0,0,0.571191489696503,0.571191489696503,8.07818412780762,0.0408178605139256,2.24015355110168,3.05454540252686,6.04363632202148,5,10,0.869565188884735,0.876811623573303,1,1,31,1.05999994277954,0
06,2017-06-07,23080760,49,Definitivo,SAN ROQUE [23080760],Pluviométrica,Convencional,Activa,Antioquia,San Roque,6.4875,-75.017,820,5/15/1975,,Monchia,Magdalena Cauca,Medio Magdalena,Río Nare,2017,07,Andes,Definitivo,49,49,0,4.13859462738037,4.13859462738037,27.851411819458,14.2523822784424,46.0658683776856,3.05454540252686,6.04363632202148,5,10,0.869565188884735,0.876811623573303,1,1,32,1.05999994277954,51.9399971961975
06,2014-06-02,23080760,2,Definitivo,SAN ROQUE [23080760],Pluviométrica,Convencional,Activa,Antioquia,San Roque,6.4875,-75.017,820,5/15/1975,,Monchia,Magdalena Cauca,Medio Magdalena,Río Nare,2014,02,Andes,Definitivo,2,2,0,20.2383861541748,20.2383861541748,23.0639362335205,20.8228530883789,29.2720241546631,3.05454540252686,6.04363632202148,5,10,0.869565188884735,0.876811623573303,1,1,31,1.05999994277954,2.11999988555908
06,2014-06-01,23080760,10,Definitivo,SAN ROQUE [23080760],Pluviométrica,Convencional,Activa,Antioquia,San Roque,6.4875,-75.017,820,5/15/1975,,Monchia,Magdalena Cauca,Medio Magdalena,Río Nare,2014,01,Andes,Definitivo,10,10,0,5.38198137283325,5.38198137283325,5.76598405838013,7.89489603042603,12.3802165985107,3.05454540252686,6.04363632202148,5,10,0.869565188884735,0.876811623573303,1,1,31,1.05999994277954,10.5999994277954
06,2001-06-06,23080760,14,Definitivo,SAN ROQUE [23080760],Pluviométrica,Convencional,Activa,Antioquia,San Roque,6.4875,-75.017,820,5/15/1975,,Monchia,Magdalena Cauca,Medio Magdalena,Río Nare,2001,06,Andes,Definitivo,14,14,0,19.0864200592041,19.0864200592041,0,29.7682056427002,2.04830837249756,3.05454540252686,6.04363632202148,5,10,0.869565188884735,0.876811623573303,1,1,32,1.05999994277954,14.8399991989136
06,2018-06-02,23080760,42,Definitivo,SAN ROQUE [23080760],Pluviométrica,Convencional,Activa,Antioquia,San Roque,6.4875,-75.017,820,5/15/1975,,Monchia,Magdalena Cauca,Medio Magdalena,Río Nare,2018,02,Andes,Definitivo,42,42,0,9.91247463226318,9.91247463226318,21.5230731964111,17.2487869262695,34.6720275878906,3.05454540252686,6.04363632202148,5,10,0.869565188884735,0.876811623573303,1,1,31,1.05999994277954,44.5199975967407
06,2013-06-05,23080760,28,Definitivo,SAN ROQUE [23080760],Pluviométrica,Convencional,Activa,Antioquia,San Roque,6.4875,-75.017,820,5/15/1975,,Monchia,Magdalena Cauca,Medio Magdalena,Río Nare,2013,05,Andes,Definitivo,28,28,0,0.145147711038589,0.145147711038589,8.07818412780762,0.583098411560059,1.97040724754334,3.05454540252686,6.04363632202148,5,10,0.869565188884735,0.876811623573303,1,1,31,1.05999994277954,29.6799983978272
06,2018-06-04,23080760,0,Definitivo,SAN ROQUE [23080760],Pluviométrica,Convencional,Activa,Antioquia,San Roque,6.4875,-75.017,820,5/15/1975,,Monchia,Magdalena Cauca,Medio Magdalena,Río Nare,2018,04,Andes,Definitivo,0,0,0,3.94501948356628,3.94501948356628,10.7615365982056,2.24804139137268,10.487099647522,3.05454540252686,6.04363632202148,5,10,0.869565188884735,0.876811623573303,1,1,31,1.05999994277954,0
06,2002-06-02,23080760,2,Definitivo,SAN ROQUE [23080760],Pluviométrica,Convencional,Activa,Antioquia,San Roque,6.4875,-75.017,820,5/15/1975,,Monchia,Magdalena Cauca,Medio Magdalena,Río Nare,2002,02,Andes,Definitivo,2,2,0,10.6567230224609,10.6567230224609,29.0769500732422,12.3948879241943,54.4798049926758,3.05454540252686,6.04363632202148,5,10,0.869565188884735,0.876811623573303,1,1,31,1.05999994277954,2.11999988555908
06,2009-06-02,23080760,0,Definitivo,SAN ROQUE [23080760],Pluviométrica,Convencional,Activa,Antioquia,San Roque,6.4875,-75.017,820,5/15/1975,,Monchia,Magdalena Cauca,Medio Magdalena,Río Nare,2009,02,Andes,Definitivo,0,0,0,0,0,0,0.423827528953552,0,3.05454540252686,6.04363632202148,5,10,0.869565188884735,0.876811623573303,1,1,31,1.05999994277954,0
06,2001-06-04,23080760,16,Definitivo,SAN ROQUE [23080760],Pluviométrica,Convencional,Activa,Antioquia,San Roque,6.4875,-75.017,820,5/15/1975,,Monchia,Magdalena Cauca,Medio Magdalena,Río Nare,2001,04,Andes,Definitivo,16,16,0,12.4283323287964,12.4283323287964,0,16.2082805633545,0.905367136001587,3.05454540252686,6.04363632202148,5,10,0.869565188884735,0.876811623573303,1,1,31,1.05999994277954,16.9599990844727
06,2001-06-02,23080760,10,Definitivo,SAN ROQUE [23080760],Pluviométrica,Convencional,Activa,Antioquia,San Roque,6.4875,-75.017,820,5/15/1975,,Monchia,Magdalena Cauca,Medio Magdalena,Río Nare,2001,02,Andes,Definitivo,10,10,0,22.509822845459,22.509822845459,4.78260135650635,21.6029968261719,11.3408479690552,3.05454540252686,6.04363632202148,5,10,0.869565188884735,0.876811623573303,1,1,31,1.05999994277954,10.5999994277954
06,2016-06-05,23080760,,"",SAN ROQUE [23080760],Pluviométrica,Convencional,Activa,Antioquia,San Roque,6.4875,-75.017,820,5/15/1975,,Monchia,Magdalena Cauca,Medio Magdalena,Río Nare,2016,05,Andes,Preliminar,1,1,0,5.7123384475708,5.7123384475708,0,1.09609603881836,0.00501189799979329,3.05454540252686,6.04363632202148,5,10,0.869565188884735,0.876811623573303,1,1,31,1.05999994277954,1.05999994277954
06,2014-06-06,23080760,33,Definitivo,SAN ROQUE [23080760],Pluviométrica,Convencional,Activa,Antioquia,San Roque,6.4875,-75.017,820,5/15/1975,,Monchia,Magdalena Cauca,Medio Magdalena,Río Nare,2014,06,Andes,Definitivo,33,33,0,4.72846555709839,4.72846555709839,0,12.8582077026367,0.444827377796173,3.05454540252686,6.04363632202148,5,10,0.869565188884735,0.876811623573303,1,1,32,1.05999994277954,34.9799981117249
06,2002-06-03,23080760,0,Definitivo,SAN ROQUE [23080760],Pluviométrica,Convencional,Activa,Antioquia,San Roque,6.4875,-75.017,820,5/15/1975,,Monchia,Magdalena Cauca,Medio Magdalena,Río Nare,2002,03,Andes,Definitivo,0,0,0,8.63216876983643,8.63216876983643,9.69231700897217,8.71660614013672,0.338603168725967,3.05454540252686,6.04363632202148,5,10,0.869565188884735,0.876811623573303,1,1,31,1.05999994277954,0
06,2011-06-04,23080760,4,Definitivo,SAN ROQUE [23080760],Pluviométrica,Convencional,Activa,Antioquia,San Roque,6.4875,-75.017,820,5/15/1975,,Monchia,Magdalena Cauca,Medio Magdalena,Río Nare,2011,04,Andes,Definitivo,4,4,0,19.467809677124,19.467809677124,6.0062952041626,10.9183444976807,0.400014907121658,3.05454540252686,6.04363632202148,5,10,0.869565188884735,0.876811623573303,1,1,31,1.05999994277954,4.23999977111816
06,2011-06-03,23080760,0,Definitivo,SAN ROQUE [23080760],Pluviométrica,Convencional,Activa,Antioquia,San Roque,6.4875,-75.017,820,5/15/1975,,Monchia,Magdalena Cauca,Medio Magdalena,Río Nare,2011,03,Andes,Definitivo,0,0,0,16.4001216888428,16.4001216888428,24.0251808166504,19.7351722717285,41.3619918823242,3.05454540252686,6.04363632202148,5,10,0.869565188884735,0.876811623573303,1,1,31,1.05999994277954,0
06,2018-06-05,23080760,0,Definitivo,SAN ROQUE [23080760],Pluviométrica,Convencional,Activa,Antioquia,San Roque,6.4875,-75.017,820,5/15/1975,,Monchia,Magdalena Cauca,Medio Magdalena,Río Nare,2018,05,Andes,Definitivo,0,0,0,3.25519347190857,3.25519347190857,10.7615365982056,0.297354370355606,0.363142639398575,3.05454540252686,6.04363632202148,5,10,0.869565188884735,0.876811623573303,1,1,31,1.05999994277954,0
06,2014-06-05,23080760,1,Definitivo,SAN ROQUE [23080760],Pluviométrica,Convencional,Activa,Antioquia,San Roque,6.4875,-75.017,820,5/15/1975,,Monchia,Magdalena Cauca,Medio Magdalena,Río Nare,2014,05,Andes,Definitivo,1,1,0,1.59987783432007,1.59987783432007,17.2979526519775,17.8421001434326,17.9095344543457,3.05454540252686,6.04363632202148,5,10,0.869565188884735,0.876811623573303,1,1,31,1.05999994277954,1.05999994277954
06,2018-06-01,23080760,93,Definitivo,SAN ROQUE [23080760],Pluviométrica,Convencional,Activa,Antioquia,San Roque,6.4875,-75.017,820,5/15/1975,,Monchia,Magdalena Cauca,Medio Magdalena,Río Nare,2018,01,Andes,Definitivo,93,93,0,4.75426769256592,4.75426769256592,32.284610748291,42.9057083129883,42.8599891662598,3.05454540252686,6.04363632202148,5,10,0.869565188884735,0.876811623573303,1,1,31,1.05999994277954,98.5799946784973
06,2011-06-05,23080760,,"",SAN ROQUE [23080760],Pluviométrica,Convencional,Activa,Antioquia,San Roque,6.4875,-75.017,820,5/15/1975,,Monchia,Magdalena Cauca,Medio Magdalena,Río Nare,2011,05,Andes,Preliminar,0,0,0,3.04053521156311,3.04053521156311,18.0188846588135,6.1116886138916,5.59907913208008,3.05454540252686,6.04363632202148,5,10,0.869565188884735,0.876811623573303,1,1,31,1.05999994277954,0
06,2011-06-02,23080760,38,Definitivo,SAN ROQUE [23080760],Pluviométrica,Convencional,Activa,Antioquia,San Roque,6.4875,-75.017,820,5/15/1975,,Monchia,Magdalena Cauca,Medio Magdalena,Río Nare,2011,02,Andes,Definitivo,38,38,0,25.6848812103272,25.6848812103272,0,28.8416767120361,9.15899467468262,3.05454540252686,6.04363632202148,5,10,0.869565188884735,0.876811623573303,1,1,31,1.05999994277954,40.2799978256226
06,2016-06-03,23080760,15,Definitivo,SAN ROQUE [23080760],Pluviométrica,Convencional,Activa,Antioquia,San Roque,6.4875,-75.017,820,5/15/1975,,Monchia,Magdalena Cauca,Medio Magdalena,Río Nare,2016,03,Andes,Definitivo,15,15,0,6.68329524993897,6.68329524993897,27.3440666198731,17.9768657684326,38.2381210327148,3.05454540252686,6.04363632202148,5,10,0.869565188884735,0.876811623573303,1,1,31,1.05999994277954,15.8999991416931
06,2016-06-04,23080760,3,Definitivo,SAN ROQUE [23080760],Pluviométrica,Convencional,Activa,Antioquia,San Roque,6.4875,-75.017,820,5/15/1975,,Monchia,Magdalena Cauca,Medio Magdalena,Río Nare,2016,04,Andes,Definitivo,3,3,0,5.01100540161133,5.01100540161133,0,12.6376914978027,11.1713094711304,3.05454540252686,6.04363632202148,5,10,0.869565188884735,0.876811623573303,1,1,31,1.05999994277954,3.17999982833862
06,2016-06-01,23080760,,"",SAN ROQUE [23080760],Pluviométrica,Convencional,Activa,Antioquia,San Roque,6.4875,-75.017,820,5/15/1975,,Monchia,Magdalena Cauca,Medio Magdalena,Río Nare,2016,01,Andes,Preliminar,0,0,0,4.4207034111023,4.4207034111023,0,15.2078094482422,0.83874899148941,3.05454540252686,6.04363632202148,5,10,0.869565188884735,0.876811623573303,1,1,31,1.05999994277954,0
06,2009-06-03,23080760,2,Definitivo,SAN ROQUE [23080760],Pluviométrica,Convencional,Activa,Antioquia,San Roque,6.4875,-75.017,820,5/15/1975,,Monchia,Magdalena Cauca,Medio Magdalena,Río Nare,2009,03,Andes,Definitivo,2,2,0,4.70654535293579,4.70654535293579,0,0.435364753007889,0.00656639318913221,3.05454540252686,6.04363632202148,5,10,0.869565188884735,0.876811623573303,1,1,31,1.05999994277954,2.11999988555908
06,2011-06-01,23080760,11,Definitivo,SAN ROQUE [23080760],Pluviométrica,Convencional,Activa,Antioquia,San Roque,6.4875,-75.017,820,5/15/1975,,Monchia,Magdalena Cauca,Medio Magdalena,Río Nare,2011,01,Andes,Definitivo,11,11,0,3.19617438316345,3.19617438316345,6.0062952041626,6.48757457733154,15.5743713378906,3.05454540252686,6.04363632202148,5,10,0.869565188884735,0.876811623573303,1,1,31,1.05999994277954,11.659999370575
06,2012-06-01,23080760,,"",SAN ROQUE [23080760],Pluviométrica,Convencional,Activa,Antioquia,San Roque,6.4875,-75.017,820,5/15/1975,,Monchia,Magdalena Cauca,Medio Magdalena,Río Nare,2012,01,Andes,Preliminar,0,0,0,3.34972715377808,3.34972715377808,2.9986035823822,0.197258576750755,0.0394683182239532,3.05454540252686,6.04363632202148,5,10,0.869565188884735,0.876811623573303,1,1,31,1.05999994277954,0
06,2007-06-02,23080760,33,Definitivo,SAN ROQUE [23080760],Pluviométrica,Convencional,Activa,Antioquia,San Roque,6.4875,-75.017,820,5/15/1975,,Monchia,Magdalena Cauca,Medio Magdalena,Río Nare,2007,02,Andes,Definitivo,33,33,0,5.58819484710693,5.58819484710693,10.1810760498047,9.6266622543335,10.8827104568481,3.05454540252686,6.04363632202148,5,10,0.869565188884735,0.876811623573303,1,1,31,1.05999994277954,34.9799981117249
06,2003-06-04,23080760,4,Definitivo,SAN ROQUE [23080760],Pluviométrica,Convencional,Activa,Antioquia,San Roque,6.4875,-75.017,820,5/15/1975,,Monchia,Magdalena Cauca,Medio Magdalena,Río Nare,2003,04,Andes,Definitivo,4,4,0,2.60808873176575,2.60808873176575,0,6.17097473144531,1.96432328224182,3.05454540252686,6.04363632202148,5,10,0.869565188884735,0.876811623573303,1,1,31,1.05999994277954,4.23999977111816
06,2005-06-01,23080760,55,Definitivo,SAN ROQUE [23080760],Pluviométrica,Convencional,Activa,Antioquia,San Roque,6.4875,-75.017,820,5/15/1975,,Monchia,Magdalena Cauca,Medio Magdalena,Río Nare,2005,01,Andes,Definitivo,55,55,0,4.28518056869507,4.28518056869507,33.0800819396973,26.3686771392822,25.5491828918457,3.05454540252686,6.04363632202148,5,10,0.869565188884735,0.876811623573303,1,1,31,1.05999994277954,58.2999968528748
06,2010-06-03,23080760,12,Definitivo,SAN ROQUE [23080760],Pluviométrica,Convencional,Activa,Antioquia,San Roque,6.4875,-75.017,820,5/15/1975,,Monchia,Magdalena Cauca,Medio Magdalena,Río Nare,2010,03,Andes,Definitivo,12,12,0,10.0309066772461,10.0309066772461,54.8767318725586,23.7878513336182,61.7171173095703,3.05454540252686,6.04363632202148,5,10,0.869565188884735,0.876811623573303,1,1,31,1.05999994277954,12.7199993133545
06,2015-06-03,23080760,,"",SAN ROQUE [23080760],Pluviométrica,Convencional,Activa,Antioquia,San Roque,6.4875,-75.017,820,5/15/1975,,Monchia,Magdalena Cauca,Medio Magdalena,Río Nare,2015,03,Andes,Preliminar,0,0,0,0,0,10.2939043045044,2.34877014160156,10.0265502929688,3.05454540252686,6.04363632202148,5,10,0.869565188884735,0.876811623573303,1,1,31,1.05999994277954,0
06,2015-06-02,23080760,,"",SAN ROQUE [23080760],Pluviométrica,Convencional,Activa,Antioquia,San Roque,6.4875,-75.017,820,5/15/1975,,Monchia,Magdalena Cauca,Medio Magdalena,Río Nare,2015,02,Andes,Preliminar,0,0,0,3.51355195045471,3.51355195045471,0,0.140282139182091,0.0261243637651205,3.05454540252686,6.04363632202148,5,10,0.869565188884735,0.876811623573303,1,1,31,1.05999994277954,0
06,2013-06-03,23080760,,"",SAN ROQUE [23080760],Pluviométrica,Convencional,Activa,Antioquia,San Roque,6.4875,-75.017,820,5/15/1975,,Monchia,Magdalena Cauca,Medio Magdalena,Río Nare,2013,03,Andes,Preliminar,0,0,0,2.56325316429138,2.56325316429138,8.07818412780762,0.98188328742981,10.8848161697388,3.05454540252686,6.04363632202148,5,10,0.869565188884735,0.876811623573303,1,1,31,1.05999994277954,0
06,2013-06-02,23080760,0,Definitivo,SAN ROQUE [23080760],Pluviométrica,Convencional,Activa,Antioquia,San Roque,6.4875,-75.017,820,5/15/1975,,Monchia,Magdalena Cauca,Medio Magdalena,Río Nare,2013,02,Andes,Definitivo,0,0,0,28.6835384368897,28.6835384368897,0,9.89791202545166,1.55276882648468,3.05454540252686,6.04363632202148,5,10,0.869565188884735,0.876811623573303,1,1,31,1.05999994277954,0
06,2011-06-06,23080760,14,Definitivo,SAN ROQUE [23080760],Pluviométrica,Convencional,Activa,Antioquia,San Roque,6.4875,-75.017,820,5/15/1975,,Monchia,Magdalena Cauca,Medio Magdalena,Río Nare,2011,06,Andes,Definitivo,14,14,0,9.57163619995117,9.57163619995117,6.26683521270752,22.2869338989258,4.7604775428772,3.05454540252686,6.04363632202148,5,10,0.869565188884735,0.876811623573303,1,1,32,1.05999994277954,14.8399991989136
06,2010-06-01,23080760,39,Definitivo,SAN ROQUE [23080760],Pluviométrica,Convencional,Activa,Antioquia,San Roque,6.4875,-75.017,820,5/15/1975,,Monchia,Magdalena Cauca,Medio Magdalena,Río Nare,2010,01,Andes,Definitivo,39,39,0,2.82397651672363,2.82397651672363,0,21.3133583068848,1.25369358062744,3.05454540252686,6.04363632202148,5,10,0.869565188884735,0.876811623573303,1,1,31,1.05999994277954,41.3399977684021
06,2014-06-04,23080760,0,Definitivo,SAN ROQUE [23080760],Pluviométrica,Convencional,Activa,Antioquia,San Roque,6.4875,-75.017,820,5/15/1975,,Monchia,Magdalena Cauca,Medio Magdalena,Río Nare,2014,04,Andes,Definitivo,0,0,0,15.8258085250855,15.8258085250855,0,4.34744119644165,10.7894401550293,3.05454540252686,6.04363632202148,5,10,0.869565188884735,0.876811623573303,1,1,31,1.05999994277954,0
06,2012-06-02,23080760,2,Definitivo,SAN ROQUE [23080760],Pluviométrica,Convencional,Activa,Antioquia,San Roque,6.4875,-75.017,820,5/15/1975,,Monchia,Magdalena Cauca,Medio Magdalena,Río Nare,2012,02,Andes,Definitivo,2,2,0,4.49978542327881,4.49978542327881,0,0.671343564987183,0.700804889202118,3.05454540252686,6.04363632202148,5,10,0.869565188884735,0.876811623573303,1,1,31,1.05999994277954,2.11999988555908
06,2007-06-03,23080760,0,Definitivo,SAN ROQUE [23080760],Pluviométrica,Convencional,Activa,Antioquia,San Roque,6.4875,-75.017,820,5/15/1975,,Monchia,Magdalena Cauca,Medio Magdalena,Río Nare,2007,03,Andes,Definitivo,0,0,0,19.181568145752,19.181568145752,0,25.7340641021729,5.49904441833496,3.05454540252686,6.04363632202148,5,10,0.869565188884735,0.876811623573303,1,1,31,1.05999994277954,0
06,2015-06-01,23080760,,"",SAN ROQUE [23080760],Pluviométrica,Convencional,Activa,Antioquia,San Roque,6.4875,-75.017,820,5/15/1975,,Monchia,Magdalena Cauca,Medio Magdalena,Río Nare,2015,01,Andes,Preliminar,0,0,0,6.12338781356812,6.12338781356812,3.43130159378052,21.574728012085,8.7064733505249,3.05454540252686,6.04363632202148,5,10,0.869565188884735,0.876811623573303,1,1,31,1.05999994277954,0
06,2005-06-02,23080760,15,Definitivo,SAN ROQUE [23080760],Pluviométrica,Convencional,Activa,Antioquia,San Roque,6.4875,-75.017,820,5/15/1975,,Monchia,Magdalena Cauca,Medio Magdalena,Río Nare,2005,02,Andes,Definitivo,15,15,0,13.4303846359253,13.4303846359253,16.5400409698486,34.0331077575684,11.7914915084839,3.05454540252686,6.04363632202148,5,10,0.869565188884735,0.876811623573303,1,1,31,1.05999994277954,15.8999991416931
06,2008-06-01,23080760,18,Definitivo,SAN ROQUE [23080760],Pluviométrica,Convencional,Activa,Antioquia,San Roque,6.4875,-75.017,820,5/15/1975,,Monchia,Magdalena Cauca,Medio Magdalena,Río Nare,2008,01,Andes,Definitivo,18,18,0,21.3810520172119,21.3810520172119,16.3333072662354,3.12699675559998,23.830509185791,3.05454540252686,6.04363632202148,5,10,0.869565188884735,0.876811623573303,1,1,31,1.05999994277954,19.0799989700317
06,2010-06-02,23080760,59,Definitivo,SAN ROQUE [23080760],Pluviométrica,Convencional,Activa,Antioquia,San Roque,6.4875,-75.017,820,5/15/1975,,Monchia,Magdalena Cauca,Medio Magdalena,Río Nare,2010,02,Andes,Definitivo,59,59,0,29.9323692321777,29.9323692321777,0,19.5068340301514,11.0363330841064,3.05454540252686,6.04363632202148,5,10,0.869565188884735,0.876811623573303,1,1,31,1.05999994277954,62.5399966239929
06,2013-06-01,23080760,0,Definitivo,SAN ROQUE [23080760],Pluviométrica,Convencional,Activa,Antioquia,San Roque,6.4875,-75.017,820,5/15/1975,,Monchia,Magdalena Cauca,Medio Magdalena,Río Nare,2013,01,Andes,Definitivo,0,0,0,3.90797209739685,3.90797209739685,0,23.7990474700928,18.6546115875244,3.05454540252686,6.04363632202148,5,10,0.869565188884735,0.876811623573303,1,1,31,1.05999994277954,0
06,2005-06-03,23080760,9,Definitivo,SAN ROQUE [23080760],Pluviométrica,Convencional,Activa,Antioquia,San Roque,6.4875,-75.017,820,5/15/1975,,Monchia,Magdalena Cauca,Medio Magdalena,Río Nare,2005,03,Andes,Definitivo,9,9,0,16.6181411743164,16.6181411743164,33.0800819396973,67.2857894897461,18.648063659668,3.05454540252686,6.04363632202148,5,10,0.869565188884735,0.876811623573303,1,1,31,1.05999994277954,9.53999948501587
07,2014-07-29,23080760,,"",SAN ROQUE [23080760],Pluviométrica,Convencional,Activa,Antioquia,San Roque,6.4875,-75.017,820,5/15/1975,,Monchia,Magdalena Cauca,Medio Magdalena,Río Nare,2014,29,Andes,Preliminar,0,0,0,0.153079435229301,0.153079435229301,0,0.178382769227028,0.0902966782450676,3.05454540252686,6.04363632202148,5,10,0.869565188884735,0.876811623573303,1,1,42,1.05999994277954,0
07,2016-07-31,23080760,55,Definitivo,SAN ROQUE [23080760],Pluviométrica,Convencional,Activa,Antioquia,San Roque,6.4875,-75.017,820,5/15/1975,,Monchia,Magdalena Cauca,Medio Magdalena,Río Nare,2016,31,Andes,Definitivo,55,55,0,2.38252472877502,2.38252472877502,24.2250957489014,8.56984806060791,19.5095615386963,3.05454540252686,6.04363632202148,5,10,0.869565188884735,0.876811623573303,1,1,42,1.05999994277954,58.2999968528748
07,2011-07-31,23080760,,"",SAN ROQUE [23080760],Pluviométrica,Convencional,Activa,Antioquia,San Roque,6.4875,-75.017,820,5/15/1975,,Monchia,Magdalena Cauca,Medio Magdalena,Río Nare,2011,31,Andes,Preliminar,0,0,0,22.8535499572754,22.8535499572754,0,4.9271388053894,0.653201162815094,3.05454540252686,6.04363632202148,5,10,0.869565188884735,0.876811623573303,1,1,42,1.05999994277954,0
07,2009-07-29,23080760,2,Definitivo,SAN ROQUE [23080760],Pluviométrica,Convencional,Activa,Antioquia,San Roque,6.4875,-75.017,820,5/15/1975,,Monchia,Magdalena Cauca,Medio Magdalena,Río Nare,2009,29,Andes,Definitivo,2,2,0,0.0129168778657913,0.0129168778657913,0,0.858947277069092,0.00844342075288296,3.05454540252686,6.04363632202148,5,10,0.869565188884735,0.876811623573303,1,1,42,1.05999994277954,2.11999988555908
07,2016-07-30,23080760,15,Definitivo,SAN ROQUE [23080760],Pluviométrica,Convencional,Activa,Antioquia,San Roque,6.4875,-75.017,820,5/15/1975,,Monchia,Magdalena Cauca,Medio Magdalena,Río Nare,2016,30,Andes,Definitivo,15,15,0,24.0023574829102,24.0023574829102,0,15.1629390716553,0.0177858732640743,3.05454540252686,6.04363632202148,5,10,0.869565188884735,0.876811623573303,1,1,42,1.05999994277954,15.8999991416931
07,2014-07-31,23080760,,"",SAN ROQUE [23080760],Pluviométrica,Convencional,Activa,Antioquia,San Roque,6.4875,-75.017,820,5/15/1975,,Monchia,Magdalena Cauca,Medio Magdalena,Río Nare,2014,31,Andes,Preliminar,0,0,0,1.76765525341034,1.76765525341034,0,0.661486089229584,0,3.05454540252686,6.04363632202148,5,10,0.869565188884735,0.876811623573303,1,1,42,1.05999994277954,0
07,2013-07-29,23080760,0,Definitivo,SAN ROQUE [23080760],Pluviométrica,Convencional,Activa,Antioquia,San Roque,6.4875,-75.017,820,5/15/1975,,Monchia,Magdalena Cauca,Medio Magdalena,Río Nare,2013,29,Andes,Definitivo,0,0,0,0,0,4.30788564682007,7.05744743347168,0.503244042396545,3.05454540252686,6.04363632202148,5,10,0.869565188884735,0.876811623573303,1,1,42,1.05999994277954,0
07,2016-07-29,23080760,,"",SAN ROQUE [23080760],Pluviométrica,Convencional,Activa,Antioquia,San Roque,6.4875,-75.017,820,5/15/1975,,Monchia,Magdalena Cauca,Medio Magdalena,Río Nare,2016,29,Andes,Preliminar,0,0,0,5.1174201965332,5.1174201965332,12.1125478744507,2.64822101593018,8.4403829574585,3.05454540252686,6.04363632202148,5,10,0.869565188884735,0.876811623573303,1,1,42,1.05999994277954,0
07,2009-07-31,23080760,26,Definitivo,SAN ROQUE [23080760],Pluviométrica,Convencional,Activa,Antioquia,San Roque,6.4875,-75.017,820,5/15/1975,,Monchia,Magdalena Cauca,Medio Magdalena,Río Nare,2009,31,Andes,Definitivo,26,26,0,0,0,0,5.2297682762146,2.80611729621887,3.05454540252686,6.04363632202148,5,10,0.869565188884735,0.876811623573303,1,1,42,1.05999994277954,27.5599985122681
07,2009-07-30,23080760,8,Definitivo,SAN ROQUE [23080760],Pluviométrica,Convencional,Activa,Antioquia,San Roque,6.4875,-75.017,820,5/15/1975,,Monchia,Magdalena Cauca,Medio Magdalena,Río Nare,2009,30,Andes,Definitivo,8,8,0,0.0904181450605392,0.0904181450605392,0,0.351650804281235,1.57044386863709,3.05454540252686,6.04363632202148,5,10,0.869565188884735,0.876811623573303,1,1,42,1.05999994277954,8.47999954223633
07,2019-07-30,23080760,38,Definitivo,SAN ROQUE [23080760],Pluviométrica,Convencional,Activa,Antioquia,San Roque,6.4875,-75.017,820,5/15/1975,,Monchia,Magdalena Cauca,Medio Magdalena,Río Nare,2019,30,Andes,Definitivo,38,38,0,9.46213150024414,9.46213150024414,16.1617393493652,2.6533670425415,27.7234592437744,3.05454540252686,6.04363632202148,5,10,0.869565188884735,0.876811623573303,1,1,42,1.05999994277954,40.2799978256226
07,2014-07-30,23080760,,"",SAN ROQUE [23080760],Pluviométrica,Convencional,Activa,Antioquia,San Roque,6.4875,-75.017,820,5/15/1975,,Monchia,Magdalena Cauca,Medio Magdalena,Río Nare,2014,30,Andes,Preliminar,0,0,0,1.38041698932648,1.38041698932648,0,2.37722563743591,0.035735834389925,3.05454540252686,6.04363632202148,5,10,0.869565188884735,0.876811623573303,1,1,42,1.05999994277954,0
07,2008-07-30,23080760,8,Definitivo,SAN ROQUE [23080760],Pluviométrica,Convencional,Activa,Antioquia,San Roque,6.4875,-75.017,820,5/15/1975,,Monchia,Magdalena Cauca,Medio Magdalena,Río Nare,2008,30,Andes,Definitivo,8,8,0,39.290771484375,39.290771484375,12.6282873153687,29.2482948303223,7.75652313232422,3.05454540252686,6.04363632202148,5,10,0.869565188884735,0.876811623573303,1,1,42,1.05999994277954,8.47999954223633
07,2011-07-30,23080760,4,Definitivo,SAN ROQUE [23080760],Pluviométrica,Convencional,Activa,Antioquia,San Roque,6.4875,-75.017,820,5/15/1975,,Monchia,Magdalena Cauca,Medio Magdalena,Río Nare,2011,30,Andes,Definitivo,4,4,0,59.0384407043457,59.0384407043457,15.5926656723022,33.8248634338379,28.4343509674072,3.05454540252686,6.04363632202148,5,10,0.869565188884735,0.876811623573303,1,1,42,1.05999994277954,4.23999977111816
07,2010-07-28,23080760,0,Definitivo,SAN ROQUE [23080760],Pluviométrica,Convencional,Activa,Antioquia,San Roque,6.4875,-75.017,820,5/15/1975,,Monchia,Magdalena Cauca,Medio Magdalena,Río Nare,2010,28,Andes,Definitivo,0,0,0,6.76099109649658,6.76099109649658,13.9072551727295,2.96729278564453,18.3524875640869,3.05454540252686,6.04363632202148,5,10,0.869565188884735,0.876811623573303,1,1,42,1.05999994277954,0
07,2008-07-31,23080760,,"",SAN ROQUE [23080760],Pluviométrica,Convencional,Activa,Antioquia,San Roque,6.4875,-75.017,820,5/15/1975,,Monchia,Magdalena Cauca,Medio Magdalena,Río Nare,2008,31,Andes,Preliminar,0,0,0,24.9752674102783,24.9752674102783,12.6282873153687,24.8140354156494,39.890926361084,3.05454540252686,6.04363632202148,5,10,0.869565188884735,0.876811623573303,1,1,42,1.05999994277954,0
07,2017-07-29,23080760,6,Definitivo,SAN ROQUE [23080760],Pluviométrica,Convencional,Activa,Antioquia,San Roque,6.4875,-75.017,820,5/15/1975,,Monchia,Magdalena Cauca,Medio Magdalena,Río Nare,2017,29,Andes,Definitivo,6,6,0,3.46911668777466,3.46911668777466,2.7471489906311,1.70802068710327,0,3.05454540252686,6.04363632202148,5,10,0.869565188884735,0.876811623573303,1,1,42,1.05999994277954,6.35999965667725
07,2012-07-29,23080760,12,Definitivo,SAN ROQUE [23080760],Pluviométrica,Convencional,Activa,Antioquia,San Roque,6.4875,-75.017,820,5/15/1975,,Monchia,Magdalena Cauca,Medio Magdalena,Río Nare,2012,29,Andes,Definitivo,12,12,0,5.84699964523315,5.84699964523315,2.44950819015503,2.36316514015198,0.197866529226303,3.05454540252686,6.04363632202148,5,10,0.869565188884735,0.876811623573303,1,1,42,1.05999994277954,12.7199993133545
07,2007-07-29,23080760,0,Definitivo,SAN ROQUE [23080760],Pluviométrica,Convencional,Activa,Antioquia,San Roque,6.4875,-75.017,820,5/15/1975,,Monchia,Magdalena Cauca,Medio Magdalena,Río Nare,2007,29,Andes,Definitivo,0,0,0,0,0,0,0.475935101509094,0.0848407596349716,3.05454540252686,6.04363632202148,5,10,0.869565188884735,0.876811623573303,1,1,42,1.05999994277954,0
07,2010-07-31,23080760,60,Definitivo,SAN ROQUE [23080760],Pluviométrica,Convencional,Activa,Antioquia,San Roque,6.4875,-75.017,820,5/15/1975,,Monchia,Magdalena Cauca,Medio Magdalena,Río Nare,2010,31,Andes,Definitivo,60,60,0,20.6806793212891,20.6806793212891,13.9072551727295,42.4040756225586,7.26796913146973,3.05454540252686,6.04363632202148,5,10,0.869565188884735,0.876811623573303,1,1,42,1.05999994277954,63.5999965667725
07,2008-07-29,23080760,5,Definitivo,SAN ROQUE [23080760],Pluviométrica,Convencional,Activa,Antioquia,San Roque,6.4875,-75.017,820,5/15/1975,,Monchia,Magdalena Cauca,Medio Magdalena,Río Nare,2008,29,Andes,Definitivo,5,5,0,7.55066156387329,7.55066156387329,18.9424304962158,9.31329345703125,9.72862529754639,3.05454540252686,6.04363632202148,5,10,0.869565188884735,0.876811623573303,1,1,42,1.05999994277954,5.29999971389771
07,2010-07-27,23080760,9,Definitivo,SAN ROQUE [23080760],Pluviométrica,Convencional,Activa,Antioquia,San Roque,6.4875,-75.017,820,5/15/1975,,Monchia,Magdalena Cauca,Medio Magdalena,Río Nare,2010,27,Andes,Definitivo,9,9,0,19.1119518280029,19.1119518280029,18.5430068969727,12.6113758087158,3.47220921516418,3.05454540252686,6.04363632202148,5,10,0.869565188884735,0.876811623573303,1,1,42,1.05999994277954,9.53999948501587
07,2019-07-31,23080760,10,Definitivo,SAN ROQUE [23080760],Pluviométrica,Convencional,Activa,Antioquia,San Roque,6.4875,-75.017,820,5/15/1975,,Monchia,Magdalena Cauca,Medio Magdalena,Río Nare,2019,31,Andes,Definitivo,10,10,0,7.74634408950806,7.74634408950806,0,0.685728967189789,0.0709295868873596,3.05454540252686,6.04363632202148,5,10,0.869565188884735,0.876811623573303,1,1,42,1.05999994277954,10.5999994277954
07,2012-07-30,23080760,6,Definitivo,SAN ROQUE [23080760],Pluviométrica,Convencional,Activa,Antioquia,San Roque,6.4875,-75.017,820,5/15/1975,,Monchia,Magdalena Cauca,Medio Magdalena,Río Nare,2012,30,Andes,Definitivo,6,6,0,25.046781539917,25.046781539917,9.79803276062012,12.7604999542236,18.4878749847412,3.05454540252686,6.04363632202148,5,10,0.869565188884735,0.876811623573303,1,1,42,1.05999994277954,6.35999965667725
07,2013-07-26,23080760,,"",SAN ROQUE [23080760],Pluviométrica,Convencional,Activa,Antioquia,San Roque,6.4875,-75.017,820,5/15/1975,,Monchia,Magdalena Cauca,Medio Magdalena,Río Nare,2013,26,Andes,Preliminar,0,0,0,5.81676244735718,5.81676244735718,8.61577129364014,2.71762108802795,12.8849287033081,3.05454540252686,6.04363632202148,5,10,0.869565188884735,0.876811623573303,1,1,42,1.05999994277954,0
07,2021-07-31,23080760,0,Definitivo,SAN ROQUE [23080760],Pluviométrica,Convencional,Activa,Antioquia,San Roque,6.4875,-75.017,820,5/15/1975,,Monchia,Magdalena Cauca,Medio Magdalena,Río Nare,2021,31,Andes,Definitivo,0,0,0,2.72978496551514,2.72978496551514,0,7.11065578460693,0.0674317106604576,3.05454540252686,6.04363632202148,5,10,0.869565188884735,0.876811623573303,1,1,42,1.05999994277954,0
07,2006-07-29,23080760,21,Definitivo,SAN ROQUE [23080760],Pluviométrica,Convencional,Activa,Antioquia,San Roque,6.4875,-75.017,820,5/15/1975,,Monchia,Magdalena Cauca,Medio Magdalena,Río Nare,2006,29,Andes,Definitivo,21,21,0,11.6343078613281,11.6343078613281,0,8.7695369720459,1.89916014671326,3.05454540252686,6.04363632202148,5,10,0.869565188884735,0.876811623573303,1,1,42,1.05999994277954,22.2599987983704
07,2008-07-26,23080760,0,Definitivo,SAN ROQUE [23080760],Pluviométrica,Convencional,Activa,Antioquia,San Roque,6.4875,-75.017,820,5/15/1975,,Monchia,Magdalena Cauca,Medio Magdalena,Río Nare,2008,26,Andes,Definitivo,0,0,0,2.220782995224,2.220782995224,18.9424304962158,10.0468950271606,26.3648624420166,3.05454540252686,6.04363632202148,5,10,0.869565188884735,0.876811623573303,1,1,42,1.05999994277954,0
07,2005-07-28,23080760,,"",SAN ROQUE [23080760],Pluviométrica,Convencional,Activa,Antioquia,San Roque,6.4875,-75.017,820,5/15/1975,,Monchia,Magdalena Cauca,Medio Magdalena,Río Nare,2005,28,Andes,Preliminar,0,0,0,0,0,0,0.692366063594818,0,3.05454540252686,6.04363632202148,5,10,0.869565188884735,0.876811623573303,1,1,42,1.05999994277954,0
07,2013-07-27,23080760,,"",SAN ROQUE [23080760],Pluviométrica,Convencional,Activa,Antioquia,San Roque,6.4875,-75.017,820,5/15/1975,,Monchia,Magdalena Cauca,Medio Magdalena,Río Nare,2013,27,Andes,Preliminar,0,0,0,9.95291137695312,9.95291137695312,0,0.258088052272797,3.93682551383972,3.05454540252686,6.04363632202148,5,10,0.869565188884735,0.876811623573303,1,1,42,1.05999994277954,0
07,2008-07-28,23080760,30,Definitivo,SAN ROQUE [23080760],Pluviométrica,Convencional,Activa,Antioquia,San Roque,6.4875,-75.017,820,5/15/1975,,Monchia,Magdalena Cauca,Medio Magdalena,Río Nare,2008,28,Andes,Definitivo,30,30,0,4.441565990448,4.441565990448,25.2565746307373,44.4986114501953,36.1236114501953,3.05454540252686,6.04363632202148,5,10,0.869565188884735,0.876811623573303,1,1,42,1.05999994277954,31.7999982833862
07,2006-07-31,23080760,,"",SAN ROQUE [23080760],Pluviométrica,Convencional,Activa,Antioquia,San Roque,6.4875,-75.017,820,5/15/1975,,Monchia,Magdalena Cauca,Medio Magdalena,Río Nare,2006,31,Andes,Preliminar,0,0,0,0.551202476024628,0.551202476024628,5.64101934432983,3.9184422492981,43.8765602111816,3.05454540252686,6.04363632202148,5,10,0.869565188884735,0.876811623573303,1,1,42,1.05999994277954,0
07,2022-07-29,23080760,0,Definitivo,SAN ROQUE [23080760],Pluviométrica,Convencional,Activa,Antioquia,San Roque,6.4875,-75.017,820,5/15/1975,,Monchia,Magdalena Cauca,Medio Magdalena,Río Nare,2022,29,Andes,Definitivo,0,0,0,1.81921684741974,1.81921684741974,10.2450580596924,2.38742804527283,25.9149875640869,3.05454540252686,6.04363632202148,5,10,0.869565188884735,0.876811623573303,1,1,42,1.05999994277954,0
07,2020-07-31,23080760,0,Definitivo,SAN ROQUE [23080760],Pluviométrica,Convencional,Activa,Antioquia,San Roque,6.4875,-75.017,820,5/15/1975,,Monchia,Magdalena Cauca,Medio Magdalena,Río Nare,2020,31,Andes,Definitivo,0,0,0,5.4856915473938,5.4856915473938,9.97706127166748,13.887622833252,18.431619644165,3.05454540252686,6.04363632202148,5,10,0.869565188884735,0.876811623573303,1,1,42,1.05999994277954,0
07,2010-07-29,23080760,7,Definitivo,SAN ROQUE [23080760],Pluviométrica,Convencional,Activa,Antioquia,San Roque,6.4875,-75.017,820,5/15/1975,,Monchia,Magdalena Cauca,Medio Magdalena,Río Nare,2010,29,Andes,Definitivo,7,7,0,6.89355897903442,6.89355897903442,9.27150344848633,9.75746726989746,8.18658828735352,3.05454540252686,6.04363632202148,5,10,0.869565188884735,0.876811623573303,1,1,42,1.05999994277954,7.41999959945679
07,2012-07-31,23080760,,"",SAN ROQUE [23080760],Pluviométrica,Convencional,Activa,Antioquia,San Roque,6.4875,-75.017,820,5/15/1975,,Monchia,Magdalena Cauca,Medio Magdalena,Río Nare,2012,31,Andes,Preliminar,0,0,0,8.4351053237915,8.4351053237915,7.34852457046509,22.3480911254883,1.18955862522125,3.05454540252686,6.04363632202148,5,10,0.869565188884735,0.876811623573303,1,1,42,1.05999994277954,0
07,2006-07-30,23080760,7,Definitivo,SAN ROQUE [23080760],Pluviométrica,Convencional,Activa,Antioquia,San Roque,6.4875,-75.017,820,5/15/1975,,Monchia,Magdalena Cauca,Medio Magdalena,Río Nare,2006,30,Andes,Definitivo,7,7,0,0,0,5.64101934432983,3.83516120910645,6.45084190368652,3.05454540252686,6.04363632202148,5,10,0.869565188884735,0.876811623573303,1,1,42,1.05999994277954,7.41999959945679
07,2008-07-27,23080760,26,Definitivo,SAN ROQUE [23080760],Pluviométrica,Convencional,Activa,Antioquia,San Roque,6.4875,-75.017,820,5/15/1975,,Monchia,Magdalena Cauca,Medio Magdalena,Río Nare,2008,27,Andes,Definitivo,26,26,0,2.52827596664429,2.52827596664429,0,2.16638541221619,0.222975805401802,3.05454540252686,6.04363632202148,5,10,0.869565188884735,0.876811623573303,1,1,42,1.05999994277954,27.5599985122681
07,2006-07-26,23080760,44,Definitivo,SAN ROQUE [23080760],Pluviométrica,Convencional,Activa,Antioquia,San Roque,6.4875,-75.017,820,5/15/1975,,Monchia,Magdalena Cauca,Medio Magdalena,Río Nare,2006,26,Andes,Definitivo,44,44,0,9.35075664520264,9.35075664520264,11.2820386886597,10.5936164855957,1.21235251426697,3.05454540252686,6.04363632202148,5,10,0.869565188884735,0.876811623573303,1,1,42,1.05999994277954,46.6399974822998
07,2018-07-31,23080760,0,Definitivo,SAN ROQUE [23080760],Pluviométrica,Convencional,Activa,Antioquia,San Roque,6.4875,-75.017,820,5/15/1975,,Monchia,Magdalena Cauca,Medio Magdalena,Río Nare,2018,31,Andes,Definitivo,0,0,0,54.0455284118652,54.0455284118652,18.844669342041,50.435489654541,18.3584785461426,3.05454540252686,6.04363632202148,5,10,0.869565188884735,0.876811623573303,1,1,42,1.05999994277954,0
07,2011-07-27,23080760,12,Definitivo,SAN ROQUE [23080760],Pluviométrica,Convencional,Activa,Antioquia,San Roque,6.4875,-75.017,820,5/15/1975,,Monchia,Magdalena Cauca,Medio Magdalena,Río Nare,2011,27,Andes,Definitivo,12,12,0,0.758586525917053,0.758586525917053,5.19755554199219,0.0805787816643715,0.162674278020859,3.05454540252686,6.04363632202148,5,10,0.869565188884735,0.876811623573303,1,1,42,1.05999994277954,12.7199993133545
07,2007-07-28,23080760,0,Definitivo,SAN ROQUE [23080760],Pluviométrica,Convencional,Activa,Antioquia,San Roque,6.4875,-75.017,820,5/15/1975,,Monchia,Magdalena Cauca,Medio Magdalena,Río Nare,2007,28,Andes,Definitivo,0,0,0,1.18987536430359,1.18987536430359,12.0561580657959,11.1224946975708,23.5208702087402,3.05454540252686,6.04363632202148,5,10,0.869565188884735,0.876811623573303,1,1,42,1.05999994277954,0
07,2017-07-31,23080760,35,Definitivo,SAN ROQUE [23080760],Pluviométrica,Convencional,Activa,Antioquia,San Roque,6.4875,-75.017,820,5/15/1975,,Monchia,Magdalena Cauca,Medio Magdalena,Río Nare,2017,31,Andes,Definitivo,35,35,0,15.2337579727173,15.2337579727173,5.49429798126221,8.07088470458984,5.92464923858643,3.05454540252686,6.04363632202148,5,10,0.869565188884735,0.876811623573303,1,1,42,1.05999994277954,37.0999979972839
07,2006-07-27,23080760,6,Definitivo,SAN ROQUE [23080760],Pluviométrica,Convencional,Activa,Antioquia,San Roque,6.4875,-75.017,820,5/15/1975,,Monchia,Magdalena Cauca,Medio Magdalena,Río Nare,2006,27,Andes,Definitivo,6,6,0,17.5597362518311,17.5597362518311,16.923059463501,35.665340423584,12.5141868591309,3.05454540252686,6.04363632202148,5,10,0.869565188884735,0.876811623573303,1,1,42,1.05999994277954,6.35999965667725
07,2005-07-31,23080760,,"",SAN ROQUE [23080760],Pluviométrica,Convencional,Activa,Antioquia,San Roque,6.4875,-75.017,820,5/15/1975,,Monchia,Magdalena Cauca,Medio Magdalena,Río Nare,2005,31,Andes,Preliminar,0,0,0,13.4750642776489,13.4750642776489,2.84105372428894,7.92854690551758,14.1306047439575,3.05454540252686,6.04363632202148,5,10,0.869565188884735,0.876811623573303,1,1,42,1.05999994277954,0
07,2017-07-30,23080760,2,Definitivo,SAN ROQUE [23080760],Pluviométrica,Convencional,Activa,Antioquia,San Roque,6.4875,-75.017,820,5/15/1975,,Monchia,Magdalena Cauca,Medio Magdalena,Río Nare,2017,30,Andes,Definitivo,2,2,0,18.8454475402832,18.8454475402832,10.9885959625244,8.91859245300293,15.5468873977661,3.05454540252686,6.04363632202148,5,10,0.869565188884735,0.876811623573303,1,1,42,1.05999994277954,2.11999988555908
07,2013-07-31,23080760,22,Definitivo,SAN ROQUE [23080760],Pluviométrica,Convencional,Activa,Antioquia,San Roque,6.4875,-75.017,820,5/15/1975,,Monchia,Magdalena Cauca,Medio Magdalena,Río Nare,2013,31,Andes,Definitivo,22,22,0,7.86334419250488,7.86334419250488,8.61577129364014,15.4095363616943,17.5247821807861,3.05454540252686,6.04363632202148,5,10,0.869565188884735,0.876811623573303,1,1,42,1.05999994277954,23.3199987411499
07,2018-07-30,23080760,28,Definitivo,SAN ROQUE [23080760],Pluviométrica,Convencional,Activa,Antioquia,San Roque,6.4875,-75.017,820,5/15/1975,,Monchia,Magdalena Cauca,Medio Magdalena,Río Nare,2018,30,Andes,Definitivo,28,28,0,4.68232917785645,4.68232917785645,12.5631151199341,22.7501831054688,28.0382976531982,3.05454540252686,6.04363632202148,5,10,0.869565188884735,0.876811623573303,1,1,42,1.05999994277954,29.6799983978272
07,2007-07-23,23080760,44,Definitivo,SAN ROQUE [23080760],Pluviométrica,Convencional,Activa,Antioquia,San Roque,6.4875,-75.017,820,5/15/1975,,Monchia,Magdalena Cauca,Medio Magdalena,Río Nare,2007,23,Andes,Definitivo,44,44,0,16.0008411407471,16.0008411407471,0,16.0553607940674,3.55002617835999,3.05454540252686,6.04363632202148,5,10,0.869565188884735,0.876811623573303,1,1,41,1.05999994277954,46.6399974822998
07,2023-07-30,23080760,0,Definitivo,SAN ROQUE [23080760],Pluviométrica,Convencional,Activa,Antioquia,San Roque,6.4875,-75.017,820,5/15/1975,,Monchia,Magdalena Cauca,Medio Magdalena,Río Nare,2023,30,Andes,Definitivo,0,0,0,0,0,0,0.0762581676244736,0.0311356410384178,3.05454540252686,6.04363632202148,5,10,0.869565188884735,0.876811623573303,1,1,42,1.05999994277954,0
07,2023-07-29,23080760,0,Definitivo,SAN ROQUE [23080760],Pluviométrica,Convencional,Activa,Antioquia,San Roque,6.4875,-75.017,820,5/15/1975,,Monchia,Magdalena Cauca,Medio Magdalena,Río Nare,2023,29,Andes,Definitivo,0,0,0,0,0,3.12142682075501,3.90886688232422,0.0607911832630634,3.05454540252686,6.04363632202148,5,10,0.869565188884735,0.876811623573303,1,1,42,1.05999994277954,0
07,2006-07-25,23080760,,"",SAN ROQUE [23080760],Pluviométrica,Convencional,Activa,Antioquia,San Roque,6.4875,-75.017,820,5/15/1975,,Monchia,Magdalena Cauca,Medio Magdalena,Río Nare,2006,25,Andes,Preliminar,0,0,0,15.4271821975708,15.4271821975708,16.0258598327637,19.1519069671631,33.8914489746094,3.05454540252686,6.04363632202148,5,10,0.869565188884735,0.876811623573303,1,1,41,1.05999994277954,0
07,2022-07-30,23080760,35,Definitivo,SAN ROQUE [23080760],Pluviométrica,Convencional,Activa,Antioquia,San Roque,6.4875,-75.017,820,5/15/1975,,Monchia,Magdalena Cauca,Medio Magdalena,Río Nare,2022,30,Andes,Definitivo,35,35,0,0,0,0,2.82371354103088,0,3.05454540252686,6.04363632202148,5,10,0.869565188884735,0.876811623573303,1,1,42,1.05999994277954,37.0999979972839
07,2006-07-28,23080760,6,Definitivo,SAN ROQUE [23080760],Pluviométrica,Convencional,Activa,Antioquia,San Roque,6.4875,-75.017,820,5/15/1975,,Monchia,Magdalena Cauca,Medio Magdalena,Río Nare,2006,28,Andes,Definitivo,6,6,0,44.6080284118652,44.6080284118652,22.5640773773193,24.3691062927246,21.1980953216553,3.05454540252686,6.04363632202148,5,10,0.869565188884735,0.876811623573303,1,1,42,1.05999994277954,6.35999965667725
07,2013-07-28,23080760,,"",SAN ROQUE [23080760],Pluviométrica,Convencional,Activa,Antioquia,San Roque,6.4875,-75.017,820,5/15/1975,,Monchia,Magdalena Cauca,Medio Magdalena,Río Nare,2013,28,Andes,Preliminar,0,0,0,0,0,4.30788564682007,1.30292582511902,0,3.05454540252686,6.04363632202148,5,10,0.869565188884735,0.876811623573303,1,1,42,1.05999994277954,0
07,2015-07-30,23080760,0,Definitivo,SAN ROQUE [23080760],Pluviométrica,Convencional,Activa,Antioquia,San Roque,6.4875,-75.017,820,5/15/1975,,Monchia,Magdalena Cauca,Medio Magdalena,Río Nare,2015,30,Andes,Definitivo,0,0,0,16.6320648193359,16.6320648193359,10.3742904663086,75.7956085205078,33.7047653198242,3.05454540252686,6.04363632202148,5,10,0.869565188884735,0.876811623573303,1,1,42,1.05999994277954,0
07,2007-07-31,23080760,0,Definitivo,SAN ROQUE [23080760],Pluviométrica,Convencional,Activa,Antioquia,San Roque,6.4875,-75.017,820,5/15/1975,,Monchia,Magdalena Cauca,Medio Magdalena,Río Nare,2007,31,Andes,Definitivo,0,0,0,0.304386734962463,0.304386734962463,12.0561580657959,1.67903685569763,0.21617779135704,3.05454540252686,6.04363632202148,5,10,0.869565188884735,0.876811623573303,1,1,42,1.05999994277954,0
07,2019-07-27,23080760,0,Definitivo,SAN ROQUE [23080760],Pluviométrica,Convencional,Activa,Antioquia,San Roque,6.4875,-75.017,820,5/15/1975,,Monchia,Magdalena Cauca,Medio Magdalena,Río Nare,2019,27,Andes,Definitivo,0,0,0,7.94649362564087,7.94649362564087,0,5.23909950256348,2.28617596626282,3.05454540252686,6.04363632202148,5,10,0.869565188884735,0.876811623573303,1,1,42,1.05999994277954,0
07,2004-07-28,23080760,24,Definitivo,SAN ROQUE [23080760],Pluviométrica,Convencional,Activa,Antioquia,San Roque,6.4875,-75.017,820,5/15/1975,,Monchia,Magdalena Cauca,Medio Magdalena,Río Nare,2004,28,Andes,Definitivo,24,24,0,10.9499788284302,10.9499788284302,7.89481830596924,14.9574890136719,16.2983093261719,3.05454540252686,6.04363632202148,5,10,0.869565188884735,0.876811623573303,1,1,42,1.05999994277954,25.439998626709
07,2013-07-30,23080760,0,Definitivo,SAN ROQUE [23080760],Pluviométrica,Convencional,Activa,Antioquia,San Roque,6.4875,-75.017,820,5/15/1975,,Monchia,Magdalena Cauca,Medio Magdalena,Río Nare,2013,30,Andes,Definitivo,0,0,0,10.0432662963867,10.0432662963867,4.30788564682007,9.57730579376221,1.47314667701721,3.05454540252686,6.04363632202148,5,10,0.869565188884735,0.876811623573303,1,1,42,1.05999994277954,0
07,2023-07-26,23080760,0,Definitivo,SAN ROQUE [23080760],Pluviométrica,Convencional,Activa,Antioquia,San Roque,6.4875,-75.017,820,5/15/1975,,Monchia,Magdalena Cauca,Medio Magdalena,Río Nare,2023,26,Andes,Definitivo,0,0,0,14.6823806762695,14.6823806762695,12.48570728302,19.6108169555664,7.89627647399902,3.05454540252686,6.04363632202148,5,10,0.869565188884735,0.876811623573303,1,1,42,1.05999994277954,0
07,2023-07-23,23080760,2,Definitivo,SAN ROQUE [23080760],Pluviométrica,Convencional,Activa,Antioquia,San Roque,6.4875,-75.017,820,5/15/1975,,Monchia,Magdalena Cauca,Medio Magdalena,Río Nare,2023,23,Andes,Definitivo,2,2,0,0,0,0,0.443277895450592,0.0827127024531364,3.05454540252686,6.04363632202148,5,10,0.869565188884735,0.876811623573303,1,1,41,1.05999994277954,2.11999988555908
07,2007-07-24,23080760,4,Definitivo,SAN ROQUE [23080760],Pluviométrica,Convencional,Activa,Antioquia,San Roque,6.4875,-75.017,820,5/15/1975,,Monchia,Magdalena Cauca,Medio Magdalena,Río Nare,2007,24,Andes,Definitivo,4,4,0,6.83548593521118,6.83548593521118,27.0862560272217,9.6694393157959,47.5530586242676,3.05454540252686,6.04363632202148,5,10,0.869565188884735,0.876811623573303,1,1,41,1.05999994277954,4.23999977111816
07,2007-07-27,23080760,9,Definitivo,SAN ROQUE [23080760],Pluviométrica,Convencional,Activa,Antioquia,San Roque,6.4875,-75.017,820,5/15/1975,,Monchia,Magdalena Cauca,Medio Magdalena,Río Nare,2007,27,Andes,Definitivo,9,9,0,0.0276715215295553,0.0276715215295553,12.0561580657959,13.71311378479,23.4352436065674,3.05454540252686,6.04363632202148,5,10,0.869565188884735,0.876811623573303,1,1,42,1.05999994277954,9.53999948501587
07,2011-07-28,23080760,13,Definitivo,SAN ROQUE [23080760],Pluviométrica,Convencional,Activa,Antioquia,San Roque,6.4875,-75.017,820,5/15/1975,,Monchia,Magdalena Cauca,Medio Magdalena,Río Nare,2011,28,Andes,Definitivo,13,13,0,0.432814180850983,0.432814180850983,20.7902221679688,15.9754686355591,25.1964740753174,3.05454540252686,6.04363632202148,5,10,0.869565188884735,0.876811623573303,1,1,42,1.05999994277954,13.779999256134
07,2015-07-31,23080760,45,Definitivo,SAN ROQUE [23080760],Pluviométrica,Convencional,Activa,Antioquia,San Roque,6.4875,-75.017,820,5/15/1975,,Monchia,Magdalena Cauca,Medio Magdalena,Río Nare,2015,31,Andes,Definitivo,45,45,0,2.43493676185608,2.43493676185608,5.1871452331543,2.77561688423157,2.8162887096405,3.05454540252686,6.04363632202148,5,10,0.869565188884735,0.876811623573303,1,1,42,1.05999994277954,47.6999974250794
07,2020-07-29,23080760,16,Definitivo,SAN ROQUE [23080760],Pluviométrica,Convencional,Activa,Antioquia,San Roque,6.4875,-75.017,820,5/15/1975,,Monchia,Magdalena Cauca,Medio Magdalena,Río Nare,2020,29,Andes,Definitivo,16,16,0,6.50373983383179,6.50373983383179,0,11.7650814056396,0.236997336149216,3.05454540252686,6.04363632202148,5,10,0.869565188884735,0.876811623573303,1,1,42,1.05999994277954,16.9599990844727
07,2009-07-26,23080760,,"",SAN ROQUE [23080760],Pluviométrica,Convencional,Activa,Antioquia,San Roque,6.4875,-75.017,820,5/15/1975,,Monchia,Magdalena Cauca,Medio Magdalena,Río Nare,2009,26,Andes,Preliminar,0,0,0,3.7200608253479,3.7200608253479,0,0.963242590427399,0.525575697422028,3.05454540252686,6.04363632202148,5,10,0.869565188884735,0.876811623573303,1,1,42,1.05999994277954,0
07,2010-07-30,23080760,30,Definitivo,SAN ROQUE [23080760],Pluviométrica,Convencional,Activa,Antioquia,San Roque,6.4875,-75.017,820,5/15/1975,,Monchia,Magdalena Cauca,Medio Magdalena,Río Nare,2010,30,Andes,Definitivo,30,30,0,37.6715316772461,37.6715316772461,0,15.2429447174072,0.120150178670883,3.05454540252686,6.04363632202148,5,10,0.869565188884735,0.876811623573303,1,1,42,1.05999994277954,31.7999982833862
07,2014-07-28,23080760,,"",SAN ROQUE [23080760],Pluviométrica,Convencional,Activa,Antioquia,San Roque,6.4875,-75.017,820,5/15/1975,,Monchia,Magdalena Cauca,Medio Magdalena,Río Nare,2014,28,Andes,Preliminar,0,0,0,0.875576615333557,0.875576615333557,0,2.13780951499939,0.19954252243042,3.05454540252686,6.04363632202148,5,10,0.869565188884735,0.876811623573303,1,1,42,1.05999994277954,0
07,2005-07-30,23080760,,"",SAN ROQUE [23080760],Pluviométrica,Convencional,Activa,Antioquia,San Roque,6.4875,-75.017,820,5/15/1975,,Monchia,Magdalena Cauca,Medio Magdalena,Río Nare,2005,30,Andes,Preliminar,0,0,0,0,0,5.68210744857788,0.0973693132400513,0.402104049921036,3.05454540252686,6.04363632202148,5,10,0.869565188884735,0.876811623573303,1,1,42,1.05999994277954,0
07,2019-07-28,23080760,0,Definitivo,SAN ROQUE [23080760],Pluviométrica,Convencional,Activa,Antioquia,San Roque,6.4875,-75.017,820,5/15/1975,,Monchia,Magdalena Cauca,Medio Magdalena,Río Nare,2019,28,Andes,Definitivo,0,0,0,0,0,0,0.423932254314423,0.515765905380249,3.05454540252686,6.04363632202148,5,10,0.869565188884735,0.876811623573303,1,1,42,1.05999994277954,0
07,2021-07-29,23080760,59,Definitivo,SAN ROQUE [23080760],Pluviométrica,Convencional,Activa,Antioquia,San Roque,6.4875,-75.017,820,5/15/1975,,Monchia,Magdalena Cauca,Medio Magdalena,Río Nare,2021,29,Andes,Definitivo,59,59,0,0.372063338756561,0.372063338756561,0,4.07955074310303,0,3.05454540252686,6.04363632202148,5,10,0.869565188884735,0.876811623573303,1,1,42,1.05999994277954,62.5399966239929
07,2005-07-27,23080760,,"",SAN ROQUE [23080760],Pluviométrica,Convencional,Activa,Antioquia,San Roque,6.4875,-75.017,820,5/15/1975,,Monchia,Magdalena Cauca,Medio Magdalena,Río Nare,2005,27,Andes,Preliminar,0,0,0,0,0,0,0.537745237350464,0,3.05454540252686,6.04363632202148,5,10,0.869565188884735,0.876811623573303,1,1,42,1.05999994277954,0
07,2007-07-22,23080760,31,Definitivo,SAN ROQUE [23080760],Pluviométrica,Convencional,Activa,Antioquia,San Roque,6.4875,-75.017,820,5/15/1975,,Monchia,Magdalena Cauca,Medio Magdalena,Río Nare,2007,22,Andes,Definitivo,31,31,0,27.3782081604004,27.3782081604004,9.02875232696533,21.2140731811523,10.8789720535278,3.05454540252686,6.04363632202148,5,10,0.869565188884735,0.876811623573303,1,1,41,1.05999994277954,32.8599982261658
07,2008-07-19,23080760,,"",SAN ROQUE [23080760],Pluviométrica,Convencional,Activa,Antioquia,San Roque,6.4875,-75.017,820,5/15/1975,,Monchia,Magdalena Cauca,Medio Magdalena,Río Nare,2008,19,Andes,Preliminar,0,0,0,0.0312752164900303,0.0312752164900303,0,7.90873193740845,0.291279882192612,3.05454540252686,6.04363632202148,5,10,0.869565188884735,0.876811623573303,1,1,40,1.05999994277954,0
07,2007-07-25,23080760,0,Definitivo,SAN ROQUE [23080760],Pluviométrica,Convencional,Activa,Antioquia,San Roque,6.4875,-75.017,820,5/15/1975,,Monchia,Magdalena Cauca,Medio Magdalena,Río Nare,2007,25,Andes,Definitivo,0,0,0,8.61235046386719,8.61235046386719,0,5.8177080154419,0.210457772016525,3.05454540252686,6.04363632202148,5,10,0.869565188884735,0.876811623573303,1,1,41,1.05999994277954,0
07,2007-07-26,23080760,16,Definitivo,SAN ROQUE [23080760],Pluviométrica,Convencional,Activa,Antioquia,San Roque,6.4875,-75.017,820,5/15/1975,,Monchia,Magdalena Cauca,Medio Magdalena,Río Nare,2007,26,Andes,Definitivo,16,16,0,34.9491310119629,34.9491310119629,6.02807903289795,24.1515789031982,7.40500640869141,3.05454540252686,6.04363632202148,5,10,0.869565188884735,0.876811623573303,1,1,42,1.05999994277954,16.9599990844727
07,2016-07-26,23080760,25,Definitivo,SAN ROQUE [23080760],Pluviométrica,Convencional,Activa,Antioquia,San Roque,6.4875,-75.017,820,5/15/1975,,Monchia,Magdalena Cauca,Medio Magdalena,Río Nare,2016,26,Andes,Definitivo,25,25,0,1.7711968421936,1.7711968421936,0,3.0601909160614,0,3.05454540252686,6.04363632202148,5,10,0.869565188884735,0.876811623573303,1,1,42,1.05999994277954,26.4999985694885
07,2016-07-27,23080760,,"",SAN ROQUE [23080760],Pluviométrica,Convencional,Activa,Antioquia,San Roque,6.4875,-75.017,820,5/15/1975,,Monchia,Magdalena Cauca,Medio Magdalena,Río Nare,2016,27,Andes,Preliminar,0,0,0,11.2911329269409,11.2911329269409,12.1125478744507,46.0623283386231,49.7254257202149,3.05454540252686,6.04363632202148,5,10,0.869565188884735,0.876811623573303,1,1,42,1.05999994277954,0
07,2022-07-31,23080760,4,Definitivo,SAN ROQUE [23080760],Pluviométrica,Convencional,Activa,Antioquia,San Roque,6.4875,-75.017,820,5/15/1975,,Monchia,Magdalena Cauca,Medio Magdalena,Río Nare,2022,31,Andes,Definitivo,4,4,0,1.46212863922119,1.46212863922119,30.7351741790772,4.89693307876587,17.3764190673828,3.05454540252686,6.04363632202148,5,10,0.869565188884735,0.876811623573303,1,1,42,1.05999994277954,4.23999977111816
07,2023-07-31,23080760,0,Definitivo,SAN ROQUE [23080760],Pluviométrica,Convencional,Activa,Antioquia,San Roque,6.4875,-75.017,820,5/15/1975,,Monchia,Magdalena Cauca,Medio Magdalena,Río Nare,2023,31,Andes,Definitivo,0,0,0,0,0,6.24285364151001,0.534875273704529,0.851038694381714,3.05454540252686,6.04363632202148,5,10,0.869565188884735,0.876811623573303,1,1,42,1.05999994277954,0
07,2005-07-29,23080760,,"",SAN ROQUE [23080760],Pluviométrica,Convencional,Activa,Antioquia,San Roque,6.4875,-75.017,820,5/15/1975,,Monchia,Magdalena Cauca,Medio Magdalena,Río Nare,2005,29,Andes,Preliminar,0,0,0,0,0,2.84105372428894,1.04274940490723,0.344832211732864,3.05454540252686,6.04363632202148,5,10,0.869565188884735,0.876811623573303,1,1,42,1.05999994277954,0
07,2012-07-27,23080760,2,Definitivo,SAN ROQUE [23080760],Pluviométrica,Convencional,Activa,Antioquia,San Roque,6.4875,-75.017,820,5/15/1975,,Monchia,Magdalena Cauca,Medio Magdalena,Río Nare,2012,27,Andes,Definitivo,2,2,0,2.85834288597107,2.85834288597107,2.44950819015503,1.11225306987762,0.0263077486306429,3.05454540252686,6.04363632202148,5,10,0.869565188884735,0.876811623573303,1,1,42,1.05999994277954,2.11999988555908
07,2003-07-31,23080760,12,Definitivo,SAN ROQUE [23080760],Pluviométrica,Convencional,Activa,Antioquia,San Roque,6.4875,-75.017,820,5/15/1975,,Monchia,Magdalena Cauca,Medio Magdalena,Río Nare,2003,31,Andes,Definitivo,12,12,0,6.85885572433472,6.85885572433472,3.36529493331909,9.31475448608398,1.82455337047577,3.05454540252686,6.04363632202148,5,10,0.869565188884735,0.876811623573303,1,1,42,1.05999994277954,12.7199993133545
07,2005-07-25,23080760,0,Definitivo,SAN ROQUE [23080760],Pluviométrica,Convencional,Activa,Antioquia,San Roque,6.4875,-75.017,820,5/15/1975,,Monchia,Magdalena Cauca,Medio Magdalena,Río Nare,2005,25,Andes,Definitivo,0,0,0,0,0,4.12531185150147,0.899372577667236,9.91582489013672,3.05454540252686,6.04363632202148,5,10,0.869565188884735,0.876811623573303,1,1,41,1.05999994277954,0
07,2023-07-28,23080760,0,Definitivo,SAN ROQUE [23080760],Pluviométrica,Convencional,Activa,Antioquia,San Roque,6.4875,-75.017,820,5/15/1975,,Monchia,Magdalena Cauca,Medio Magdalena,Río Nare,2023,28,Andes,Definitivo,0,0,0,0,0,3.12142682075501,5.09621429443359,30.337308883667,3.05454540252686,6.04363632202148,5,10,0.869565188884735,0.876811623573303,1,1,42,1.05999994277954,0
07,2021-07-28,23080760,0,Definitivo,SAN ROQUE [23080760],Pluviométrica,Convencional,Activa,Antioquia,San Roque,6.4875,-75.017,820,5/15/1975,,Monchia,Magdalena Cauca,Medio Magdalena,Río Nare,2021,28,Andes,Definitivo,0,0,0,2.14630508422852,2.14630508422852,5.17754411697388,2.53768801689148,6.58565139770508,3.05454540252686,6.04363632202148,5,10,0.869565188884735,0.876811623573303,1,1,42,1.05999994277954,0
07,2023-07-25,23080760,0,Definitivo,SAN ROQUE [23080760],Pluviométrica,Convencional,Activa,Antioquia,San Roque,6.4875,-75.017,820,5/15/1975,,Monchia,Magdalena Cauca,Medio Magdalena,Río Nare,2023,25,Andes,Definitivo,0,0,0,17.5567836761475,17.5567836761475,4.81604290008545,5.08673572540283,2.41712188720703,3.05454540252686,6.04363632202148,5,10,0.869565188884735,0.876811623573303,1,1,41,1.05999994277954,0
07,2008-07-20,23080760,7,Definitivo,SAN ROQUE [23080760],Pluviométrica,Convencional,Activa,Antioquia,San Roque,6.4875,-75.017,820,5/15/1975,,Monchia,Magdalena Cauca,Medio Magdalena,Río Nare,2008,20,Andes,Definitivo,7,7,0,0.375302642583847,0.375302642583847,0,0.401735901832581,0.00476201390847564,3.05454540252686,6.04363632202148,5,10,0.869565188884735,0.876811623573303,1,1,40,1.05999994277954,7.41999959945679
07,2008-07-21,23080760,,"",SAN ROQUE [23080760],Pluviométrica,Convencional,Activa,Antioquia,San Roque,6.4875,-75.017,820,5/15/1975,,Monchia,Magdalena Cauca,Medio Magdalena,Río Nare,2008,21,Andes,Preliminar,0,0,0,0,0,15.1451625823975,4.81010293960571,22.7108383178711,3.05454540252686,6.04363632202148,5,10,0.869565188884735,0.876811623573303,1,1,41,1.05999994277954,0
07,2009-07-27,23080760,0,Definitivo,SAN ROQUE [23080760],Pluviométrica,Convencional,Activa,Antioquia,San Roque,6.4875,-75.017,820,5/15/1975,,Monchia,Magdalena Cauca,Medio Magdalena,Río Nare,2009,27,Andes,Definitivo,0,0,0,11.5476884841919,11.5476884841919,0,1.24357068538666,0.123027384281158,3.05454540252686,6.04363632202148,5,10,0.869565188884735,0.876811623573303,1,1,42,1.05999994277954,0
07,2011-07-29,23080760,55,Definitivo,SAN ROQUE [23080760],Pluviométrica,Convencional,Activa,Antioquia,San Roque,6.4875,-75.017,820,5/15/1975,,Monchia,Magdalena Cauca,Medio Magdalena,Río Nare,2011,29,Andes,Definitivo,55,55,0,13.3495445251465,13.3495445251465,10.3951110839844,34.9926414489746,9.32995128631592,3.05454540252686,6.04363632202148,5,10,0.869565188884735,0.876811623573303,1,1,42,1.05999994277954,58.2999968528748
07,2018-07-29,23080760,37,Definitivo,SAN ROQUE [23080760],Pluviométrica,Convencional,Activa,Antioquia,San Roque,6.4875,-75.017,820,5/15/1975,,Monchia,Magdalena Cauca,Medio Magdalena,Río Nare,2018,29,Andes,Definitivo,37,37,0,1.53862166404724,1.53862166404724,0,28.0271759033203,5.43259859085083,3.05454540252686,6.04363632202148,5,10,0.869565188884735,0.876811623573303,1,1,42,1.05999994277954,39.219997882843
07,2020-07-30,23080760,2,Definitivo,SAN ROQUE [23080760],Pluviométrica,Convencional,Activa,Antioquia,San Roque,6.4875,-75.017,820,5/15/1975,,Monchia,Magdalena Cauca,Medio Magdalena,Río Nare,2020,30,Andes,Definitivo,2,2,0,18.2437515258789,18.2437515258789,9.97706127166748,10.9879989624023,19.2271881103516,3.05454540252686,6.04363632202148,5,10,0.869565188884735,0.876811623573303,1,1,42,1.05999994277954,2.11999988555908
07,2010-07-26,23080760,0,Definitivo,SAN ROQUE [23080760],Pluviométrica,Convencional,Activa,Antioquia,San Roque,6.4875,-75.017,820,5/15/1975,,Monchia,Magdalena Cauca,Medio Magdalena,Río Nare,2010,26,Andes,Definitivo,0,0,0,6.87146425247192,6.87146425247192,13.9072551727295,6.67183828353882,52.2555923461914,3.05454540252686,6.04363632202148,5,10,0.869565188884735,0.876811623573303,1,1,42,1.05999994277954,0
07,2022-07-12,23080760,2,Definitivo,SAN ROQUE [23080760],Pluviométrica,Convencional,Activa,Antioquia,San Roque,6.4875,-75.017,820,5/15/1975,,Monchia,Magdalena Cauca,Medio Magdalena,Río Nare,2022,12,Andes,Definitivo,2,2,0,11.5689487457275,11.5689487457275,0,2.96951532363892,0.132964357733727,3.05454540252686,6.04363632202148,5,10,0.869565188884735,0.876811623573303,1,1,39,1.05999994277954,2.11999988555908
07,2017-07-26,23080760,4,Definitivo,SAN ROQUE [23080760],Pluviométrica,Convencional,Activa,Antioquia,San Roque,6.4875,-75.017,820,5/15/1975,,Monchia,Magdalena Cauca,Medio Magdalena,Río Nare,2017,26,Andes,Definitivo,4,4,0,0,0,2.7471489906311,4.8517279624939,9.31664180755615,3.05454540252686,6.04363632202148,5,10,0.869565188884735,0.876811623573303,1,1,42,1.05999994277954,4.23999977111816
07,2017-07-27,23080760,1,Definitivo,SAN ROQUE [23080760],Pluviométrica,Convencional,Activa,Antioquia,San Roque,6.4875,-75.017,820,5/15/1975,,Monchia,Magdalena Cauca,Medio Magdalena,Río Nare,2017,27,Andes,Definitivo,1,1,0,0,0,0,5.46240663528442,0,3.05454540252686,6.04363632202148,5,10,0.869565188884735,0.876811623573303,1,1,42,1.05999994277954,1.05999994277954
07,2005-07-26,23080760,,"",SAN ROQUE [23080760],Pluviométrica,Convencional,Activa,Antioquia,San Roque,6.4875,-75.017,820,5/15/1975,,Monchia,Magdalena Cauca,Medio Magdalena,Río Nare,2005,26,Andes,Preliminar,0,0,0,0,0,0,4.57876491546631,0,3.05454540252686,6.04363632202148,5,10,0.869565188884735,0.876811623573303,1,1,42,1.05999994277954,0
07,2006-07-24,23080760,14,Definitivo,SAN ROQUE [23080760],Pluviométrica,Convencional,Activa,Antioquia,San Roque,6.4875,-75.017,820,5/15/1975,,Monchia,Magdalena Cauca,Medio Magdalena,Río Nare,2006,24,Andes,Definitivo,14,14,0,17.4661254882813,17.4661254882813,0,5.8122296333313,0,3.05454540252686,6.04363632202148,5,10,0.869565188884735,0.876811623573303,1,1,41,1.05999994277954,14.8399991989136
07,2008-07-18,23080760,7,Definitivo,SAN ROQUE [23080760],Pluviométrica,Convencional,Activa,Antioquia,San Roque,6.4875,-75.017,820,5/15/1975,,Monchia,Magdalena Cauca,Medio Magdalena,Río Nare,2008,18,Andes,Definitivo,7,7,0,26.1929931640625,26.1929931640625,0,4.75155067443848,4.90800333023071,3.05454540252686,6.04363632202148,5,10,0.869565188884735,0.876811623573303,1,1,40,1.05999994277954,7.41999959945679
07,2021-07-23,23080760,0,Definitivo,SAN ROQUE [23080760],Pluviométrica,Convencional,Activa,Antioquia,San Roque,6.4875,-75.017,820,5/15/1975,,Monchia,Magdalena Cauca,Medio Magdalena,Río Nare,2021,23,Andes,Definitivo,0,0,0,0,0,0,0.78998202085495,0.0628265589475632,3.05454540252686,6.04363632202148,5,10,0.869565188884735,0.876811623573303,1,1,41,1.05999994277954,0
07,2021-07-20,23080760,0,Definitivo,SAN ROQUE [23080760],Pluviométrica,Convencional,Activa,Antioquia,San Roque,6.4875,-75.017,820,5/15/1975,,Monchia,Magdalena Cauca,Medio Magdalena,Río Nare,2021,20,Andes,Definitivo,0,0,0,0.0640075355768204,0.0640075355768204,0,0,0,3.05454540252686,6.04363632202148,5,10,0.869565188884735,0.876811623573303,1,1,40,1.05999994277954,0
07,2008-07-22,23080760,,"",SAN ROQUE [23080760],Pluviométrica,Convencional,Activa,Antioquia,San Roque,6.4875,-75.017,820,5/15/1975,,Monchia,Magdalena Cauca,Medio Magdalena,Río Nare,2008,22,Andes,Preliminar,3,3,0,11.2682132720947,11.2682132720947,5.04838752746582,0.632456243038178,0.59829592704773,3.05454540252686,6.04363632202148,5,10,0.869565188884735,0.876811623573303,1,1,41,1.05999994277954,3.17999982833862
07,2010-07-24,23080760,,"",SAN ROQUE [23080760],Pluviométrica,Convencional,Activa,Antioquia,San Roque,6.4875,-75.017,820,5/15/1975,,Monchia,Magdalena Cauca,Medio Magdalena,Río Nare,2010,24,Andes,Preliminar,0,0,0,0.486042559146881,0.486042559146881,25.8598403930664,7.50868988037109,20.3255424499512,3.05454540252686,6.04363632202148,5,10,0.869565188884735,0.876811623573303,1,1,41,1.05999994277954,0
07,2014-07-27,23080760,0,Definitivo,SAN ROQUE [23080760],Pluviométrica,Convencional,Activa,Antioquia,San Roque,6.4875,-75.017,820,5/15/1975,,Monchia,Magdalena Cauca,Medio Magdalena,Río Nare,2014,27,Andes,Definitivo,0,0,0,4.7463264465332,4.7463264465332,14.9714860916138,22.4749660491943,20.3214492797852,3.05454540252686,6.04363632202148,5,10,0.869565188884735,0.876811623573303,1,1,42,1.05999994277954,0
07,2016-07-28,23080760,4,Definitivo,SAN ROQUE [23080760],Pluviométrica,Convencional,Activa,Antioquia,San Roque,6.4875,-75.017,820,5/15/1975,,Monchia,Magdalena Cauca,Medio Magdalena,Río Nare,2016,28,Andes,Definitivo,4,4,0,6.92301368713379,6.92301368713379,12.1125478744507,3.33364176750183,1.1440007686615,3.05454540252686,6.04363632202148,5,10,0.869565188884735,0.876811623573303,1,1,42,1.05999994277954,4.23999977111816
07,2023-07-11,23080760,0,Definitivo,SAN ROQUE [23080760],Pluviométrica,Convencional,Activa,Antioquia,San Roque,6.4875,-75.017,820,5/15/1975,,Monchia,Magdalena Cauca,Medio Magdalena,Río Nare,2023,11,Andes,Definitivo,0,0,0,0,0,3.42230916023254,4.22351884841919,0.728743731975555,3.05454540252686,6.04363632202148,5,10,0.869565188884735,0.876811623573303,1,1,39,1.05999994277954,0
07,2003-07-29,23080760,6,Definitivo,SAN ROQUE [23080760],Pluviométrica,Convencional,Activa,Antioquia,San Roque,6.4875,-75.017,820,5/15/1975,,Monchia,Magdalena Cauca,Medio Magdalena,Río Nare,2003,29,Andes,Definitivo,6,6,0,1.14314258098602,1.14314258098602,0,0.689220070838928,0,3.05454540252686,6.04363632202148,5,10,0.869565188884735,0.876811623573303,1,1,42,1.05999994277954,6.35999965667725
07,2003-07-30,23080760,16,Definitivo,SAN ROQUE [23080760],Pluviométrica,Convencional,Activa,Antioquia,San Roque,6.4875,-75.017,820,5/15/1975,,Monchia,Magdalena Cauca,Medio Magdalena,Río Nare,2003,30,Andes,Definitivo,16,16,0,24.0059947967529,24.0059947967529,13.4611797332764,23.0257892608643,35.3914604187012,3.05454540252686,6.04363632202148,5,10,0.869565188884735,0.876811623573303,1,1,42,1.05999994277954,16.9599990844727
07,2004-07-27,23080760,5,Definitivo,SAN ROQUE [23080760],Pluviométrica,Convencional,Activa,Antioquia,San Roque,6.4875,-75.017,820,5/15/1975,,Monchia,Magdalena Cauca,Medio Magdalena,Río Nare,2004,27,Andes,Definitivo,5,5,0,3.99526166915894,3.99526166915894,15.7896366119385,14.1827640533447,21.1839790344238,3.05454540252686,6.04363632202148,5,10,0.869565188884735,0.876811623573303,1,1,42,1.05999994277954,5.29999971389771
07,2019-07-29,23080760,4,Definitivo,SAN ROQUE [23080760],Pluviométrica,Convencional,Activa,Antioquia,San Roque,6.4875,-75.017,820,5/15/1975,,Monchia,Magdalena Cauca,Medio Magdalena,Río Nare,2019,29,Andes,Definitivo,4,4,0,0,0,5.38724708557129,4.21258354187012,0,3.05454540252686,6.04363632202148,5,10,0.869565188884735,0.876811623573303,1,1,42,1.05999994277954,4.23999977111816
07,2021-07-30,23080760,0,Definitivo,SAN ROQUE [23080760],Pluviométrica,Convencional,Activa,Antioquia,San Roque,6.4875,-75.017,820,5/15/1975,,Monchia,Magdalena Cauca,Medio Magdalena,Río Nare,2021,30,Andes,Definitivo,0,0,0,0,0,15.5326328277588,6.30341482162476,44.8518486022949,3.05454540252686,6.04363632202148,5,10,0.869565188884735,0.876811623573303,1,1,42,1.05999994277954,0
07,2023-07-27,23080760,110,Definitivo,SAN ROQUE [23080760],Pluviométrica,Convencional,Activa,Antioquia,San Roque,6.4875,-75.017,820,5/15/1975,,Monchia,Magdalena Cauca,Medio Magdalena,Río Nare,2023,27,Andes,Definitivo,110,110,0,36.0308532714844,36.0308532714844,6.24285364151001,11.19948387146,1.24996614456177,3.05454540252686,6.04363632202148,5,10,0.869565188884735,0.876811623573303,1,1,42,1.05999994277954,116.59999370575
07,2009-07-16,23080760,0,Definitivo,SAN ROQUE [23080760],Pluviométrica,Convencional,Activa,Antioquia,San Roque,6.4875,-75.017,820,5/15/1975,,Monchia,Magdalena Cauca,Medio Magdalena,Río Nare,2009,16,Andes,Definitivo,0,0,0,11.420111656189,11.420111656189,0,3.16339135169983,0,3.05454540252686,6.04363632202148,5,10,0.869565188884735,0.876811623573303,1,1,40,1.05999994277954,0
07,2009-07-17,23080760,,"",SAN ROQUE [23080760],Pluviométrica,Convencional,Activa,Antioquia,San Roque,6.4875,-75.017,820,5/15/1975,,Monchia,Magdalena Cauca,Medio Magdalena,Río Nare,2009,17,Andes,Preliminar,0,0,0,2.79269123077393,2.79269123077393,0,1.50309467315674,1.48773550987244,3.05454540252686,6.04363632202148,5,10,0.869565188884735,0.876811623573303,1,1,40,1.05999994277954,0
07,2023-07-18,23080760,0,Definitivo,SAN ROQUE [23080760],Pluviométrica,Convencional,Activa,Antioquia,San Roque,6.4875,-75.017,820,5/15/1975,,Monchia,Magdalena Cauca,Medio Magdalena,Río Nare,2023,18,Andes,Definitivo,0,0,0,0,0,9.64579582214355,4.90979623794556,0.00721519626677036,3.05454540252686,6.04363632202148,5,10,0.869565188884735,0.876811623573303,1,1,40,1.05999994277954,0
07,2023-07-15,23080760,19,Definitivo,SAN ROQUE [23080760],Pluviométrica,Convencional,Activa,Antioquia,San Roque,6.4875,-75.017,820,5/15/1975,,Monchia,Magdalena Cauca,Medio Magdalena,Río Nare,2023,15,Andes,Definitivo,19,19,0,10.9537191390991,10.9537191390991,6.84461832046509,2.24686765670776,0.744814932346344,3.05454540252686,6.04363632202148,5,10,0.869565188884735,0.876811623573303,1,1,39,1.05999994277954,20.1399989128113
07,2009-07-28,23080760,,"",SAN ROQUE [23080760],Pluviométrica,Convencional,Activa,Antioquia,San Roque,6.4875,-75.017,820,5/15/1975,,Monchia,Magdalena Cauca,Medio Magdalena,Río Nare,2009,28,Andes,Preliminar,0,0,0,0.206670045852661,0.206670045852661,0,0.768923103809357,4.38249444961548,3.05454540252686,6.04363632202148,5,10,0.869565188884735,0.876811623573303,1,1,42,1.05999994277954,0
07,2007-07-30,23080760,0,Definitivo,SAN ROQUE [23080760],Pluviométrica,Convencional,Activa,Antioquia,San Roque,6.4875,-75.017,820,5/15/1975,,Monchia,Magdalena Cauca,Medio Magdalena,Río Nare,2007,30,Andes,Definitivo,0,0,0,0,0,0,3.58979606628418,0.0698140487074852,3.05454540252686,6.04363632202148,5,10,0.869565188884735,0.876811623573303,1,1,42,1.05999994277954,0
07,2004-07-31,23080760,3,Definitivo,SAN ROQUE [23080760],Pluviométrica,Convencional,Activa,Antioquia,San Roque,6.4875,-75.017,820,5/15/1975,,Monchia,Magdalena Cauca,Medio Magdalena,Río Nare,2004,31,Andes,Definitivo,3,3,0,0,0,3.94740915298462,0.0365458279848099,3.32350635528564,3.05454540252686,6.04363632202148,5,10,0.869565188884735,0.876811623573303,1,1,42,1.05999994277954,3.17999982833862
07,2008-07-25,23080760,20,Definitivo,SAN ROQUE [23080760],Pluviométrica,Convencional,Activa,Antioquia,San Roque,6.4875,-75.017,820,5/15/1975,,Monchia,Magdalena Cauca,Medio Magdalena,Río Nare,2008,25,Andes,Definitivo,20,20,0,1.57230877876282,1.57230877876282,15.1451625823975,40.8281593322754,28.5359401702881,3.05454540252686,6.04363632202148,5,10,0.869565188884735,0.876811623573303,1,1,41,1.05999994277954,21.1999988555908
07,2013-07-24,23080760,38,Definitivo,SAN ROQUE [23080760],Pluviométrica,Convencional,Activa,Antioquia,San Roque,6.4875,-75.017,820,5/15/1975,,Monchia,Magdalena Cauca,Medio Magdalena,Río Nare,2013,24,Andes,Definitivo,38,38,0,0.726430237293243,0.726430237293243,0,0.858015298843384,0.408651202917099,3.05454540252686,6.04363632202148,5,10,0.869565188884735,0.876811623573303,1,1,41,1.05999994277954,40.2799978256226
07,2012-07-28,23080760,1,Definitivo,SAN ROQUE [23080760],Pluviométrica,Convencional,Activa,Antioquia,San Roque,6.4875,-75.017,820,5/15/1975,,Monchia,Magdalena Cauca,Medio Magdalena,Río Nare,2012,28,Andes,Definitivo,1,1,0,5.20631074905396,5.20631074905396,7.34852457046509,3.19729232788086,21.9491157531738,3.05454540252686,6.04363632202148,5,10,0.869565188884735,0.876811623573303,1,1,42,1.05999994277954,1.05999994277954
07,2006-07-22,23080760,,"",SAN ROQUE [23080760],Pluviométrica,Convencional,Activa,Antioquia,San Roque,6.4875,-75.017,820,5/15/1975,,Monchia,Magdalena Cauca,Medio Magdalena,Río Nare,2006,22,Andes,Preliminar,0,0,0,0.294786870479584,0.294786870479584,21.3678131103516,7.36947870254517,24.6028709411621,3.05454540252686,6.04363632202148,5,10,0.869565188884735,0.876811623573303,1,1,41,1.05999994277954,0
07,2006-07-23,23080760,,"",SAN ROQUE [23080760],Pluviométrica,Convencional,Activa,Antioquia,San Roque,6.4875,-75.017,820,5/15/1975,,Monchia,Magdalena Cauca,Medio Magdalena,Río Nare,2006,23,Andes,Preliminar,0,0,0,0.565008223056793,0.565008223056793,10.6839065551758,28.6029491424561,2.52853035926819,3.05454540252686,6.04363632202148,5,10,0.869565188884735,0.876811623573303,1,1,41,1.05999994277954,0
07,2007-07-21,23080760,12,Definitivo,SAN ROQUE [23080760],Pluviométrica,Convencional,Activa,Antioquia,San Roque,6.4875,-75.017,820,5/15/1975,,Monchia,Magdalena Cauca,Medio Magdalena,Río Nare,2007,21,Andes,Definitivo,12,12,0,6.99866724014282,6.99866724014282,18.0575046539307,17.5974292755127,8.1614875793457,3.05454540252686,6.04363632202148,5,10,0.869565188884735,0.876811623573303,1,1,41,1.05999994277954,12.7199993133545
07,2022-07-26,23080760,6,Definitivo,SAN ROQUE [23080760],Pluviométrica,Convencional,Activa,Antioquia,San Roque,6.4875,-75.017,820,5/15/1975,,Monchia,Magdalena Cauca,Medio Magdalena,Río Nare,2022,26,Andes,Definitivo,6,6,0,4.52706098556519,4.52706098556519,30.7351741790772,20.5993537902832,7.03728914260864,3.05454540252686,6.04363632202148,5,10,0.869565188884735,0.876811623573303,1,1,42,1.05999994277954,6.35999965667725
07,2023-07-22,23080760,0,Definitivo,SAN ROQUE [23080760],Pluviométrica,Convencional,Activa,Antioquia,San Roque,6.4875,-75.017,820,5/15/1975,,Monchia,Magdalena Cauca,Medio Magdalena,Río Nare,2023,22,Andes,Definitivo,0,0,0,0,0,0,0.220695108175278,0.0164982620626688,3.05454540252686,6.04363632202148,5,10,0.869565188884735,0.876811623573303,1,1,41,1.05999994277954,0
07,2009-07-18,23080760,,"",SAN ROQUE [23080760],Pluviométrica,Convencional,Activa,Antioquia,San Roque,6.4875,-75.017,820,5/15/1975,,Monchia,Magdalena Cauca,Medio Magdalena,Río Nare,2009,18,Andes,Preliminar,0,0,0,4.93707895278931,4.93707895278931,4.82794713973999,17.7545700073242,0.204297289252281,3.05454540252686,6.04363632202148,5,10,0.869565188884735,0.876811623573303,1,1,40,1.05999994277954,0
07,2009-07-19,23080760,24,Definitivo,SAN ROQUE [23080760],Pluviométrica,Convencional,Activa,Antioquia,San Roque,6.4875,-75.017,820,5/15/1975,,Monchia,Magdalena Cauca,Medio Magdalena,Río Nare,2009,19,Andes,Definitivo,24,24,0,0,0,0,0.884892284870148,0,3.05454540252686,6.04363632202148,5,10,0.869565188884735,0.876811623573303,1,1,40,1.05999994277954,25.439998626709
07,2008-07-23,23080760,,"",SAN ROQUE [23080760],Pluviométrica,Convencional,Activa,Antioquia,San Roque,6.4875,-75.017,820,5/15/1975,,Monchia,Magdalena Cauca,Medio Magdalena,Río Nare,2008,23,Andes,Preliminar,0,0,0,0,0,10.0967750549316,11.4013147354126,13.8717107772827,3.05454540252686,6.04363632202148,5,10,0.869565188884735,0.876811623573303,1,1,41,1.05999994277954,0
07,2012-07-26,23080760,,"",SAN ROQUE [23080760],Pluviométrica,Convencional,Activa,Antioquia,San Roque,6.4875,-75.017,820,5/15/1975,,Monchia,Magdalena Cauca,Medio Magdalena,Río Nare,2012,26,Andes,Preliminar,0,0,0,2.9638032913208,2.9638032913208,0,0.0876301676034927,0.0182038322091103,3.05454540252686,6.04363632202148,5,10,0.869565188884735,0.876811623573303,1,1,42,1.05999994277954,0
07,2008-07-24,23080760,45,Definitivo,SAN ROQUE [23080760],Pluviométrica,Convencional,Activa,Antioquia,San Roque,6.4875,-75.017,820,5/15/1975,,Monchia,Magdalena Cauca,Medio Magdalena,Río Nare,2008,24,Andes,Definitivo,45,45,0,16.5965938568115,16.5965938568115,0,8.14976978302002,0.105015456676483,3.05454540252686,6.04363632202148,5,10,0.869565188884735,0.876811623573303,1,1,41,1.05999994277954,47.6999974250794
07,2021-07-14,23080760,0,Definitivo,SAN ROQUE [23080760],Pluviométrica,Convencional,Activa,Antioquia,San Roque,6.4875,-75.017,820,5/15/1975,,Monchia,Magdalena Cauca,Medio Magdalena,Río Nare,2021,14,Andes,Definitivo,0,0,0,1.17958199977875,1.17958199977875,10.1191253662109,3.06312680244446,0.333930015563965,3.05454540252686,6.04363632202148,5,10,0.869565188884735,0.876811623573303,1,1,39,1.05999994277954,0
07,2021-07-13,23080760,0,Definitivo,SAN ROQUE [23080760],Pluviométrica,Convencional,Activa,Antioquia,San Roque,6.4875,-75.017,820,5/15/1975,,Monchia,Magdalena Cauca,Medio Magdalena,Río Nare,2021,13,Andes,Definitivo,0,0,0,4.5131139755249,4.5131139755249,5.05956268310547,9.22329044342041,1.56058180332184,3.05454540252686,6.04363632202148,5,10,0.869565188884735,0.876811623573303,1,1,39,1.05999994277954,0
07,2023-07-10,23080760,0,Definitivo,SAN ROQUE [23080760],Pluviométrica,Convencional,Activa,Antioquia,San Roque,6.4875,-75.017,820,5/15/1975,,Monchia,Magdalena Cauca,Medio Magdalena,Río Nare,2023,10,Andes,Definitivo,0,0,0,2.55153346061707,2.55153346061707,0,1.40394282341003,0.030849426984787,3.05454540252686,6.04363632202148,5,10,0.869565188884735,0.876811623573303,1,1,38,1.05999994277954,0
07,2015-07-27,23080760,10,Definitivo,SAN ROQUE [23080760],Pluviométrica,Convencional,Activa,Antioquia,San Roque,6.4875,-75.017,820,5/15/1975,,Monchia,Magdalena Cauca,Medio Magdalena,Río Nare,2015,27,Andes,Definitivo,10,10,0,12.0545349121094,12.0545349121094,5.1871452331543,6.88432216644287,12.5732326507568,3.05454540252686,6.04363632202148,5,10,0.869565188884735,0.876811623573303,1,1,42,1.05999994277954,10.5999994277954
07,2017-07-28,23080760,0,Definitivo,SAN ROQUE [23080760],Pluviométrica,Convencional,Activa,Antioquia,San Roque,6.4875,-75.017,820,5/15/1975,,Monchia,Magdalena Cauca,Medio Magdalena,Río Nare,2017,28,Andes,Definitivo,0,0,0,0,0,0,1.95549297332764,0.178948372602463,3.05454540252686,6.04363632202148,5,10,0.869565188884735,0.876811623573303,1,1,42,1.05999994277954,0
07,2022-07-27,23080760,82,Definitivo,SAN ROQUE [23080760],Pluviométrica,Convencional,Activa,Antioquia,San Roque,6.4875,-75.017,820,5/15/1975,,Monchia,Magdalena Cauca,Medio Magdalena,Río Nare,2022,27,Andes,Definitivo,82,82,0,6.54922103881836,6.54922103881836,0,21.1488075256348,0.0351655669510365,3.05454540252686,6.04363632202148,5,10,0.869565188884735,0.876811623573303,1,1,42,1.05999994277954,86.9199953079224
07,2009-07-15,23080760,,"",SAN ROQUE [23080760],Pluviométrica,Convencional,Activa,Antioquia,San Roque,6.4875,-75.017,820,5/15/1975,,Monchia,Magdalena Cauca,Medio Magdalena,Río Nare,2009,15,Andes,Preliminar,0,0,0,3.78916335105896,3.78916335105896,2.04459691047668,0.0507002249360085,2.14378094673157,3.05454540252686,6.04363632202148,5,10,0.869565188884735,0.876811623573303,1,1,39,1.05999994277954,0
07,2010-07-13,23080760,8,Definitivo,SAN ROQUE [23080760],Pluviométrica,Convencional,Activa,Antioquia,San Roque,6.4875,-75.017,820,5/15/1975,,Monchia,Magdalena Cauca,Medio Magdalena,Río Nare,2010,13,Andes,Definitivo,8,8,0,0.472193151712418,0.472193151712418,10.6115159988403,9.28024291992188,14.9598121643066,3.05454540252686,6.04363632202148,5,10,0.869565188884735,0.876811623573303,1,1,39,1.05999994277954,8.47999954223633
07,2023-07-20,23080760,0,Definitivo,SAN ROQUE [23080760],Pluviométrica,Convencional,Activa,Antioquia,San Roque,6.4875,-75.017,820,5/15/1975,,Monchia,Magdalena Cauca,Medio Magdalena,Río Nare,2023,20,Andes,Definitivo,0,0,0,0,0,0,0,0,3.05454540252686,6.04363632202148,5,10,0.869565188884735,0.876811623573303,1,1,40,1.05999994277954,0
07,2023-07-17,23080760,0,Definitivo,SAN ROQUE [23080760],Pluviométrica,Convencional,Activa,Antioquia,San Roque,6.4875,-75.017,820,5/15/1975,,Monchia,Magdalena Cauca,Medio Magdalena,Río Nare,2023,17,Andes,Definitivo,0,0,0,22.6459693908691,22.6459693908691,4.82289791107178,23.9370231628418,6.10380458831787,3.05454540252686,6.04363632202148,5,10,0.869565188884735,0.876811623573303,1,1,40,1.05999994277954,0
07,2021-07-17,23080760,22,Definitivo,SAN ROQUE [23080760],Pluviométrica,Convencional,Activa,Antioquia,San Roque,6.4875,-75.017,820,5/15/1975,,Monchia,Magdalena Cauca,Medio Magdalena,Río Nare,2021,17,Andes,Definitivo,22,22,0,16.6402263641357,16.6402263641357,10.1882095336914,33.9152221679688,44.0247230529785,3.05454540252686,6.04363632202148,5,10,0.869565188884735,0.876811623573303,1,1,40,1.05999994277954,23.3199987411499
07,2010-07-25,23080760,25,Definitivo,SAN ROQUE [23080760],Pluviométrica,Convencional,Activa,Antioquia,San Roque,6.4875,-75.017,820,5/15/1975,,Monchia,Magdalena Cauca,Medio Magdalena,Río Nare,2010,25,Andes,Definitivo,25,25,0,0.453639775514603,0.453639775514603,0,3.90286231040955,0.414563715457916,3.05454540252686,6.04363632202148,5,10,0.869565188884735,0.876811623573303,1,1,41,1.05999994277954,26.4999985694885
07,2023-07-14,23080760,0,Definitivo,SAN ROQUE [23080760],Pluviométrica,Convencional,Activa,Antioquia,San Roque,6.4875,-75.017,820,5/15/1975,,Monchia,Magdalena Cauca,Medio Magdalena,Río Nare,2023,14,Andes,Definitivo,0,0,0,9.84368515014648,9.84368515014648,0,19.1167793273926,12.162654876709,3.05454540252686,6.04363632202148,5,10,0.869565188884735,0.876811623573303,1,1,39,1.05999994277954,0
07,2002-07-31,23080760,,"",SAN ROQUE [23080760],Pluviométrica,Convencional,Activa,Antioquia,San Roque,6.4875,-75.017,820,5/15/1975,,Monchia,Magdalena Cauca,Medio Magdalena,Río Nare,2002,31,Andes,Preliminar,0,0,0,1.10548043251038,1.10548043251038,3.33929562568665,13.5803327560425,15.6270732879639,3.05454540252686,6.04363632202148,5,10,0.869565188884735,0.876811623573303,1,1,42,1.05999994277954,0
07,2004-07-25,23080760,29,Definitivo,SAN ROQUE [23080760],Pluviométrica,Convencional,Activa,Antioquia,San Roque,6.4875,-75.017,820,5/15/1975,,Monchia,Magdalena Cauca,Medio Magdalena,Río Nare,2004,25,Andes,Definitivo,29,29,0,17.9746322631836,17.9746322631836,18.1486587524414,18.37672996521,27.6090316772461,3.05454540252686,6.04363632202148,5,10,0.869565188884735,0.876811623573303,1,1,41,1.05999994277954,30.7399983406067
07,2004-07-26,23080760,2,Definitivo,SAN ROQUE [23080760],Pluviométrica,Convencional,Activa,Antioquia,San Roque,6.4875,-75.017,820,5/15/1975,,Monchia,Magdalena Cauca,Medio Magdalena,Río Nare,2004,26,Andes,Definitivo,2,2,0,24.3415031433106,24.3415031433106,3.94740915298462,11.2533330917358,2.24180197715759,3.05454540252686,6.04363632202148,5,10,0.869565188884735,0.876811623573303,1,1,42,1.05999994277954,2.11999988555908
07,2005-07-24,23080760,4,Definitivo,SAN ROQUE [23080760],Pluviométrica,Convencional,Activa,Antioquia,San Roque,6.4875,-75.017,820,5/15/1975,,Monchia,Magdalena Cauca,Medio Magdalena,Río Nare,2005,24,Andes,Definitivo,4,4,0,0.393157541751862,0.393157541751862,0,1.20831656455994,0.448855221271515,3.05454540252686,6.04363632202148,5,10,0.869565188884735,0.876811623573303,1,1,41,1.05999994277954,4.23999977111816
07,2007-07-19,23080760,6,Definitivo,SAN ROQUE [23080760],Pluviométrica,Convencional,Activa,Antioquia,San Roque,6.4875,-75.017,820,5/15/1975,,Monchia,Magdalena Cauca,Medio Magdalena,Río Nare,2007,19,Andes,Definitivo,6,6,0,5.6501522064209,5.6501522064209,0,13.8881502151489,0.942708134651184,3.05454540252686,6.04363632202148,5,10,0.869565188884735,0.876811623573303,1,1,40,1.05999994277954,6.35999965667725
07,2007-07-20,23080760,18,Definitivo,SAN ROQUE [23080760],Pluviométrica,Convencional,Activa,Antioquia,San Roque,6.4875,-75.017,820,5/15/1975,,Monchia,Magdalena Cauca,Medio Magdalena,Río Nare,2007,20,Andes,Definitivo,18,18,0,7.68206787109375,7.68206787109375,19.0187282562256,30.0767517089844,9.53344535827637,3.05454540252686,6.04363632202148,5,10,0.869565188884735,0.876811623573303,1,1,40,1.05999994277954,19.0799989700317
07,2022-07-28,23080760,22,Definitivo,SAN ROQUE [23080760],Pluviométrica,Convencional,Activa,Antioquia,San Roque,6.4875,-75.017,820,5/15/1975,,Monchia,Magdalena Cauca,Medio Magdalena,Río Nare,2022,28,Andes,Definitivo,22,22,0,34.8067970275879,34.8067970275879,30.7351741790772,71.1720886230469,72.6644668579102,3.05454540252686,6.04363632202148,5,10,0.869565188884735,0.876811623573303,1,1,42,1.05999994277954,23.3199987411499
07,2021-07-27,23080760,13,Definitivo,SAN ROQUE [23080760],Pluviométrica,Convencional,Activa,Antioquia,San Roque,6.4875,-75.017,820,5/15/1975,,Monchia,Magdalena Cauca,Medio Magdalena,Río Nare,2021,27,Andes,Definitivo,13,13,0,32.0641937255859,32.0641937255859,20.7101764678955,43.9311065673828,15.5677108764648,3.05454540252686,6.04363632202148,5,10,0.869565188884735,0.876811623573303,1,1,42,1.05999994277954,13.779999256134
07,2010-07-14,23080760,34,Definitivo,SAN ROQUE [23080760],Pluviométrica,Convencional,Activa,Antioquia,San Roque,6.4875,-75.017,820,5/15/1975,,Monchia,Magdalena Cauca,Medio Magdalena,Río Nare,2010,14,Andes,Definitivo,34,34,0,23.7473793029785,23.7473793029785,0,6.97146034240723,1.30017721652985,3.05454540252686,6.04363632202148,5,10,0.869565188884735,0.876811623573303,1,1,39,1.05999994277954,36.0399980545044
07,2010-07-15,23080760,14,Definitivo,SAN ROQUE [23080760],Pluviométrica,Convencional,Activa,Antioquia,San Roque,6.4875,-75.017,820,5/15/1975,,Monchia,Magdalena Cauca,Medio Magdalena,Río Nare,2010,15,Andes,Definitivo,14,14,0,24.9672088623047,24.9672088623047,26.5287914276123,42.472282409668,39.7833557128906,3.05454540252686,6.04363632202148,5,10,0.869565188884735,0.876811623573303,1,1,39,1.05999994277954,14.8399991989136
07,2010-07-16,23080760,5,Definitivo,SAN ROQUE [23080760],Pluviométrica,Convencional,Activa,Antioquia,San Roque,6.4875,-75.017,820,5/15/1975,,Monchia,Magdalena Cauca,Medio Magdalena,Río Nare,2010,16,Andes,Definitivo,5,5,0,39.9668579101563,39.9668579101563,27.3674297332764,42.4287452697754,34.527759552002,3.05454540252686,6.04363632202148,5,10,0.869565188884735,0.876811623573303,1,1,40,1.05999994277954,5.29999971389771
07,2023-07-12,23080760,0,Definitivo,SAN ROQUE [23080760],Pluviométrica,Convencional,Activa,Antioquia,San Roque,6.4875,-75.017,820,5/15/1975,,Monchia,Magdalena Cauca,Medio Magdalena,Río Nare,2023,12,Andes,Definitivo,0,0,0,0,0,13.6892366409302,4.85445594787598,16.9814605712891,3.05454540252686,6.04363632202148,5,10,0.869565188884735,0.876811623573303,1,1,39,1.05999994277954,0
07,2004-07-30,23080760,,"",SAN ROQUE [23080760],Pluviométrica,Convencional,Activa,Antioquia,San Roque,6.4875,-75.017,820,5/15/1975,,Monchia,Magdalena Cauca,Medio Magdalena,Río Nare,2004,30,Andes,Preliminar,0,0,0,17.312801361084,17.312801361084,3.94740915298462,1.3110134601593,1.25895929336548,3.05454540252686,6.04363632202148,5,10,0.869565188884735,0.876811623573303,1,1,42,1.05999994277954,0
07,2009-07-21,23080760,14,Definitivo,SAN ROQUE [23080760],Pluviométrica,Convencional,Activa,Antioquia,San Roque,6.4875,-75.017,820,5/15/1975,,Monchia,Magdalena Cauca,Medio Magdalena,Río Nare,2009,21,Andes,Definitivo,14,14,0,0,0,15.5284118652344,7.12423706054688,4.4347071647644,3.05454540252686,6.04363632202148,5,10,0.869565188884735,0.876811623573303,1,1,41,1.05999994277954,14.8399991989136
07,2009-07-22,23080760,4,Definitivo,SAN ROQUE [23080760],Pluviométrica,Convencional,Activa,Antioquia,San Roque,6.4875,-75.017,820,5/15/1975,,Monchia,Magdalena Cauca,Medio Magdalena,Río Nare,2009,22,Andes,Definitivo,4,4,0,19.6616516113281,19.6616516113281,7.76420593261719,13.7988166809082,7.2497992515564,3.05454540252686,6.04363632202148,5,10,0.869565188884735,0.876811623573303,1,1,41,1.05999994277954,4.23999977111816
07,2011-07-24,23080760,,"",SAN ROQUE [23080760],Pluviométrica,Convencional,Activa,Antioquia,San Roque,6.4875,-75.017,820,5/15/1975,,Monchia,Magdalena Cauca,Medio Magdalena,Río Nare,2011,24,Andes,Preliminar,0,0,0,1.26533710956573,1.26533710956573,6.36197662353516,0.635307848453522,2.56297969818115,3.05454540252686,6.04363632202148,5,10,0.869565188884735,0.876811623573303,1,1,41,1.05999994277954,0
07,2013-07-25,23080760,0,Definitivo,SAN ROQUE [23080760],Pluviométrica,Convencional,Activa,Antioquia,San Roque,6.4875,-75.017,820,5/15/1975,,Monchia,Magdalena Cauca,Medio Magdalena,Río Nare,2013,25,Andes,Definitivo,0,0,0,0.629546046257019,0.629546046257019,0,0.814129173755646,0.060713954269886,3.05454540252686,6.04363632202148,5,10,0.869565188884735,0.876811623573303,1,1,41,1.05999994277954,0
07,2016-07-23,23080760,6,Definitivo,SAN ROQUE [23080760],Pluviométrica,Convencional,Activa,Antioquia,San Roque,6.4875,-75.017,820,5/15/1975,,Monchia,Magdalena Cauca,Medio Magdalena,Río Nare,2016,23,Andes,Definitivo,6,6,0,9.00465106964111,9.00465106964111,6.45053863525391,5.02985954284668,18.5799808502197,3.05454540252686,6.04363632202148,5,10,0.869565188884735,0.876811623573303,1,1,41,1.05999994277954,6.35999965667725
07,2015-07-28,23080760,53,Definitivo,SAN ROQUE [23080760],Pluviométrica,Convencional,Activa,Antioquia,San Roque,6.4875,-75.017,820,5/15/1975,,Monchia,Magdalena Cauca,Medio Magdalena,Río Nare,2015,28,Andes,Definitivo,53,53,0,3.1595184803009,3.1595184803009,0,3.2821626663208,0,3.05454540252686,6.04363632202148,5,10,0.869565188884735,0.876811623573303,1,1,42,1.05999994277954,56.1799969673157
07,2008-07-17,23080760,,"",SAN ROQUE [23080760],Pluviométrica,Convencional,Activa,Antioquia,San Roque,6.4875,-75.017,820,5/15/1975,,Monchia,Magdalena Cauca,Medio Magdalena,Río Nare,2008,17,Andes,Preliminar,0,0,0,9.0698127746582,9.0698127746582,14.4691772460938,10.6342487335205,16.6175003051758,3.05454540252686,6.04363632202148,5,10,0.869565188884735,0.876811623573303,1,1,40,1.05999994277954,0
07,2010-07-12,23080760,1,Definitivo,SAN ROQUE [23080760],Pluviométrica,Convencional,Activa,Antioquia,San Roque,6.4875,-75.017,820,5/15/1975,,Monchia,Magdalena Cauca,Medio Magdalena,Río Nare,2010,12,Andes,Definitivo,1,1,0,9.20776653289795,9.20776653289795,5.30575799942017,14.3577108383179,2.86169862747192,3.05454540252686,6.04363632202148,5,10,0.869565188884735,0.876811623573303,1,1,39,1.05999994277954,1.05999994277954
07,2021-07-25,23080760,0,Definitivo,SAN ROQUE [23080760],Pluviométrica,Convencional,Activa,Antioquia,San Roque,6.4875,-75.017,820,5/15/1975,,Monchia,Magdalena Cauca,Medio Magdalena,Río Nare,2021,25,Andes,Definitivo,0,0,0,23.7749557495117,23.7749557495117,14.8644952774048,36.9333992004395,58.7836265563965,3.05454540252686,6.04363632202148,5,10,0.869565188884735,0.876811623573303,1,1,41,1.05999994277954,0
07,2021-07-22,23080760,0,Definitivo,SAN ROQUE [23080760],Pluviométrica,Convencional,Activa,Antioquia,San Roque,6.4875,-75.017,820,5/15/1975,,Monchia,Magdalena Cauca,Medio Magdalena,Río Nare,2021,22,Andes,Definitivo,0,0,0,0,0,0,0.414590954780579,0.00757651589810848,3.05454540252686,6.04363632202148,5,10,0.869565188884735,0.876811623573303,1,1,41,1.05999994277954,0
07,2023-07-19,23080760,0,Definitivo,SAN ROQUE [23080760],Pluviométrica,Convencional,Activa,Antioquia,San Roque,6.4875,-75.017,820,5/15/1975,,Monchia,Magdalena Cauca,Medio Magdalena,Río Nare,2023,19,Andes,Definitivo,0,0,0,0,0,0,0.00208740285597742,0.171667546033859,3.05454540252686,6.04363632202148,5,10,0.869565188884735,0.876811623573303,1,1,40,1.05999994277954,0
07,2009-07-20,23080760,,"",SAN ROQUE [23080760],Pluviométrica,Convencional,Activa,Antioquia,San Roque,6.4875,-75.017,820,5/15/1975,,Monchia,Magdalena Cauca,Medio Magdalena,Río Nare,2009,20,Andes,Preliminar,1,1,0,1.74543213844299,1.74543213844299,19.31178855896,8.0493049621582,29.6632213592529,3.05454540252686,6.04363632202148,5,10,0.869565188884735,0.876811623573303,1,1,40,1.05999994277954,1.05999994277954
07,2010-07-17,23080760,11,Definitivo,SAN ROQUE [23080760],Pluviométrica,Convencional,Activa,Antioquia,San Roque,6.4875,-75.017,820,5/15/1975,,Monchia,Magdalena Cauca,Medio Magdalena,Río Nare,2010,17,Andes,Definitivo,11,11,0,8.8901891708374,8.8901891708374,5.47348594665527,15.0308952331543,2.13561296463013,3.05454540252686,6.04363632202148,5,10,0.869565188884735,0.876811623573303,1,1,40,1.05999994277954,11.659999370575
07,2022-07-15,23080760,0,Definitivo,SAN ROQUE [23080760],Pluviométrica,Convencional,Activa,Antioquia,San Roque,6.4875,-75.017,820,5/15/1975,,Monchia,Magdalena Cauca,Medio Magdalena,Río Nare,2022,15,Andes,Definitivo,0,0,0,1.9800146818161,1.9800146818161,0,6.97862863540649,0.00692872703075409,3.05454540252686,6.04363632202148,5,10,0.869565188884735,0.876811623573303,1,1,39,1.05999994277954,0
07,2023-07-13,23080760,5,Definitivo,SAN ROQUE [23080760],Pluviométrica,Convencional,Activa,Antioquia,San Roque,6.4875,-75.017,820,5/15/1975,,Monchia,Magdalena Cauca,Medio Magdalena,Río Nare,2023,13,Andes,Definitivo,5,5,0,2.6785728931427,2.6785728931427,0,0.176056727766991,0,3.05454540252686,6.04363632202148,5,10,0.869565188884735,0.876811623573303,1,1,39,1.05999994277954,5.29999971389771
07,2020-07-14,23080760,0,Definitivo,SAN ROQUE [23080760],Pluviométrica,Convencional,Activa,Antioquia,San Roque,6.4875,-75.017,820,5/15/1975,,Monchia,Magdalena Cauca,Medio Magdalena,Río Nare,2020,14,Andes,Definitivo,0,0,0,0,0,20.0425720214844,14.670352935791,11.7340106964111,3.05454540252686,6.04363632202148,5,10,0.869565188884735,0.876811623573303,1,1,39,1.05999994277954,0
07,2022-07-11,23080760,0,Definitivo,SAN ROQUE [23080760],Pluviométrica,Convencional,Activa,Antioquia,San Roque,6.4875,-75.017,820,5/15/1975,,Monchia,Magdalena Cauca,Medio Magdalena,Río Nare,2022,11,Andes,Definitivo,0,0,0,6.24876260757446,6.24876260757446,14.3066940307617,22.9224281311035,22.2015953063965,3.05454540252686,6.04363632202148,5,10,0.869565188884735,0.876811623573303,1,1,39,1.05999994277954,0
07,2023-07-09,23080760,0,Definitivo,SAN ROQUE [23080760],Pluviométrica,Convencional,Activa,Antioquia,San Roque,6.4875,-75.017,820,5/15/1975,,Monchia,Magdalena Cauca,Medio Magdalena,Río Nare,2023,09,Andes,Definitivo,0,0,0,9.81032943725586,9.81032943725586,0,5.39368963241577,0.356574654579163,3.05454540252686,6.04363632202148,5,10,0.869565188884735,0.876811623573303,1,1,38,1.05999994277954,0
07,2023-07-08,23080760,0,Definitivo,SAN ROQUE [23080760],Pluviométrica,Convencional,Activa,Antioquia,San Roque,6.4875,-75.017,820,5/15/1975,,Monchia,Magdalena Cauca,Medio Magdalena,Río Nare,2023,08,Andes,Definitivo,0,0,0,21.8811912536621,21.8811912536621,18.7800941467285,14.0578737258911,24.6380996704102,3.05454540252686,6.04363632202148,5,10,0.869565188884735,0.876811623573303,1,1,38,1.05999994277954,0
07,2020-07-26,23080760,35,Definitivo,SAN ROQUE [23080760],Pluviométrica,Convencional,Activa,Antioquia,San Roque,6.4875,-75.017,820,5/15/1975,,Monchia,Magdalena Cauca,Medio Magdalena,Río Nare,2020,26,Andes,Definitivo,35,35,0,13.4166221618652,13.4166221618652,0,3.03327465057373,1.22986876964569,3.05454540252686,6.04363632202148,5,10,0.869565188884735,0.876811623573303,1,1,42,1.05999994277954,37.0999979972839
07,2020-07-27,23080760,16,Definitivo,SAN ROQUE [23080760],Pluviométrica,Convencional,Activa,Antioquia,San Roque,6.4875,-75.017,820,5/15/1975,,Monchia,Magdalena Cauca,Medio Magdalena,Río Nare,2020,27,Andes,Definitivo,16,16,0,0,0,29.9311866760254,19.9080009460449,13.7225971221924,3.05454540252686,6.04363632202148,5,10,0.869565188884735,0.876811623573303,1,1,42,1.05999994277954,16.9599990844727
07,2008-07-12,23080760,14,Definitivo,SAN ROQUE [23080760],Pluviométrica,Convencional,Activa,Antioquia,San Roque,6.4875,-75.017,820,5/15/1975,,Monchia,Magdalena Cauca,Medio Magdalena,Río Nare,2008,12,Andes,Definitivo,14,14,0,0.654573857784271,0.654573857784271,0,10.0569829940796,8.80186939239502,3.05454540252686,6.04363632202148,5,10,0.869565188884735,0.876811623573303,1,1,39,1.05999994277954,14.8399991989136
07,2008-07-13,23080760,2,Definitivo,SAN ROQUE [23080760],Pluviométrica,Convencional,Activa,Antioquia,San Roque,6.4875,-75.017,820,5/15/1975,,Monchia,Magdalena Cauca,Medio Magdalena,Río Nare,2008,13,Andes,Definitivo,2,2,0,23.4419288635254,23.4419288635254,42.6127166748047,22.3998947143555,37.7367362976074,3.05454540252686,6.04363632202148,5,10,0.869565188884735,0.876811623573303,1,1,39,1.05999994277954,2.11999988555908
07,2011-07-12,23080760,10,Definitivo,SAN ROQUE [23080760],Pluviométrica,Convencional,Activa,Antioquia,San Roque,6.4875,-75.017,820,5/15/1975,,Monchia,Magdalena Cauca,Medio Magdalena,Río Nare,2011,12,Andes,Definitivo,10,10,0,5.93916606903076,5.93916606903076,16.4736576080322,11.520827293396,12.3778982162476,3.05454540252686,6.04363632202148,5,10,0.869565188884735,0.876811623573303,1,1,39,1.05999994277954,10.5999994277954
07,2023-07-16,23080760,4,Definitivo,SAN ROQUE [23080760],Pluviométrica,Convencional,Activa,Antioquia,San Roque,6.4875,-75.017,820,5/15/1975,,Monchia,Magdalena Cauca,Medio Magdalena,Río Nare,2023,16,Andes,Definitivo,4,4,0,2.3236997127533,2.3236997127533,14.468692779541,4.40601968765259,26.9722366333008,3.05454540252686,6.04363632202148,5,10,0.869565188884735,0.876811623573303,1,1,40,1.05999994277954,4.23999977111816
07,2021-07-19,23080760,0,Definitivo,SAN ROQUE [23080760],Pluviométrica,Convencional,Activa,Antioquia,San Roque,6.4875,-75.017,820,5/15/1975,,Monchia,Magdalena Cauca,Medio Magdalena,Río Nare,2021,19,Andes,Definitivo,0,0,0,10.7528648376465,10.7528648376465,3.39606952667236,3.58174657821655,0.186167895793915,3.05454540252686,6.04363632202148,5,10,0.869565188884735,0.876811623573303,1,1,40,1.05999994277954,0
07,2002-07-30,23080760,,"",SAN ROQUE [23080760],Pluviométrica,Convencional,Activa,Antioquia,San Roque,6.4875,-75.017,820,5/15/1975,,Monchia,Magdalena Cauca,Medio Magdalena,Río Nare,2002,30,Andes,Preliminar,0,0,0,0.368493467569351,0.368493467569351,1.66964781284332,0,0.11017382889986,3.05454540252686,6.04363632202148,5,10,0.869565188884735,0.876811623573303,1,1,42,1.05999994277954,0
07,2003-07-28,23080760,0,Definitivo,SAN ROQUE [23080760],Pluviométrica,Convencional,Activa,Antioquia,San Roque,6.4875,-75.017,820,5/15/1975,,Monchia,Magdalena Cauca,Medio Magdalena,Río Nare,2003,28,Andes,Definitivo,0,0,0,2.28628516197205,2.28628516197205,0,0.458543866872788,0.167866736650467,3.05454540252686,6.04363632202148,5,10,0.869565188884735,0.876811623573303,1,1,42,1.05999994277954,0
07,2005-07-22,23080760,,"",SAN ROQUE [23080760],Pluviométrica,Convencional,Activa,Antioquia,San Roque,6.4875,-75.017,820,5/15/1975,,Monchia,Magdalena Cauca,Medio Magdalena,Río Nare,2005,22,Andes,Preliminar,0,0,0,2.7521026134491,2.7521026134491,4.12531185150147,8.65897846221924,3.29024028778076,3.05454540252686,6.04363632202148,5,10,0.869565188884735,0.876811623573303,1,1,41,1.05999994277954,0
07,2005-07-23,23080760,0,Definitivo,SAN ROQUE [23080760],Pluviométrica,Convencional,Activa,Antioquia,San Roque,6.4875,-75.017,820,5/15/1975,,Monchia,Magdalena Cauca,Medio Magdalena,Río Nare,2005,23,Andes,Definitivo,0,0,0,3.66946983337402,3.66946983337402,1.37510406970978,0.482971966266632,0.0841875076293945,3.05454540252686,6.04363632202148,5,10,0.869565188884735,0.876811623573303,1,1,41,1.05999994277954,0
07,2006-07-21,23080760,25,Definitivo,SAN ROQUE [23080760],Pluviométrica,Convencional,Activa,Antioquia,San Roque,6.4875,-75.017,820,5/15/1975,,Monchia,Magdalena Cauca,Medio Magdalena,Río Nare,2006,21,Andes,Definitivo,25,25,0,0,0,0,0.547803342342377,0.461521953344345,3.05454540252686,6.04363632202148,5,10,0.869565188884735,0.876811623573303,1,1,41,1.05999994277954,26.4999985694885
07,2008-07-15,23080760,30,Definitivo,SAN ROQUE [23080760],Pluviométrica,Convencional,Activa,Antioquia,San Roque,6.4875,-75.017,820,5/15/1975,,Monchia,Magdalena Cauca,Medio Magdalena,Río Nare,2008,15,Andes,Definitivo,30,30,0,0.231828287243843,0.231828287243843,17.0450859069824,14.2283334732056,22.9760971069336,3.05454540252686,6.04363632202148,5,10,0.869565188884735,0.876811623573303,1,1,39,1.05999994277954,31.7999982833862
07,2008-07-16,23080760,14,Definitivo,SAN ROQUE [23080760],Pluviométrica,Convencional,Activa,Antioquia,San Roque,6.4875,-75.017,820,5/15/1975,,Monchia,Magdalena Cauca,Medio Magdalena,Río Nare,2008,16,Andes,Definitivo,14,14,0,3.84685158729553,3.84685158729553,14.4691772460938,14.30189037323,16.1766090393066,3.05454540252686,6.04363632202148,5,10,0.869565188884735,0.876811623573303,1,1,40,1.05999994277954,14.8399991989136
07,2009-07-14,23080760,5,Definitivo,SAN ROQUE [23080760],Pluviométrica,Convencional,Activa,Antioquia,San Roque,6.4875,-75.017,820,5/15/1975,,Monchia,Magdalena Cauca,Medio Magdalena,Río Nare,2009,14,Andes,Definitivo,5,5,0,1.91902768611908,1.91902768611908,0,0.498035341501236,0.142933532595634,3.05454540252686,6.04363632202148,5,10,0.869565188884735,0.876811623573303,1,1,39,1.05999994277954,5.29999971389771
07,2020-07-28,23080760,3,Definitivo,SAN ROQUE [23080760],Pluviométrica,Convencional,Activa,Antioquia,San Roque,6.4875,-75.017,820,5/15/1975,,Monchia,Magdalena Cauca,Medio Magdalena,Río Nare,2020,28,Andes,Definitivo,3,3,0,3.9658100605011,3.9658100605011,29.9311866760254,30.1818408966065,36.9155540466309,3.05454540252686,6.04363632202148,5,10,0.869565188884735,0.876811623573303,1,1,42,1.05999994277954,3.17999982833862
07,2023-07-24,23080760,0,Definitivo,SAN ROQUE [23080760],Pluviométrica,Convencional,Activa,Antioquia,San Roque,6.4875,-75.017,820,5/15/1975,,Monchia,Magdalena Cauca,Medio Magdalena,Río Nare,2023,24,Andes,Definitivo,0,0,0,0,0,2.40802145004272,4.39025115966797,8.44499778747559,3.05454540252686,6.04363632202148,5,10,0.869565188884735,0.876811623573303,1,1,41,1.05999994277954,0
07,2022-07-23,23080760,15,Definitivo,SAN ROQUE [23080760],Pluviométrica,Convencional,Activa,Antioquia,San Roque,6.4875,-75.017,820,5/15/1975,,Monchia,Magdalena Cauca,Medio Magdalena,Río Nare,2022,23,Andes,Definitivo,15,15,0,2.88721132278442,2.88721132278442,13.1754055023193,34.9577598571777,38.3945617675781,3.05454540252686,6.04363632202148,5,10,0.869565188884735,0.876811623573303,1,1,41,1.05999994277954,15.8999991416931
07,2011-07-13,23080760,26,Definitivo,SAN ROQUE [23080760],Pluviométrica,Convencional,Activa,Antioquia,San Roque,6.4875,-75.017,820,5/15/1975,,Monchia,Magdalena Cauca,Medio Magdalena,Río Nare,2011,13,Andes,Definitivo,26,26,0,20.2521648406982,20.2521648406982,16.4736576080322,27.9423923492432,50.3741149902344,3.05454540252686,6.04363632202148,5,10,0.869565188884735,0.876811623573303,1,1,39,1.05999994277954,27.5599985122681
07,2004-07-29,23080760,,"",SAN ROQUE [23080760],Pluviométrica,Convencional,Activa,Antioquia,San Roque,6.4875,-75.017,820,5/15/1975,,Monchia,Magdalena Cauca,Medio Magdalena,Río Nare,2004,29,Andes,Preliminar,0,0,0,1.03580856323242,1.03580856323242,0,2.98301100730896,0.417598247528076,3.05454540252686,6.04363632202148,5,10,0.869565188884735,0.876811623573303,1,1,42,1.05999994277954,0
07,2011-07-14,23080760,29,Definitivo,SAN ROQUE [23080760],Pluviométrica,Convencional,Activa,Antioquia,San Roque,6.4875,-75.017,820,5/15/1975,,Monchia,Magdalena Cauca,Medio Magdalena,Río Nare,2011,14,Andes,Definitivo,29,29,0,37.6952133178711,37.6952133178711,16.4736576080322,31.0302753448486,18.7184906005859,3.05454540252686,6.04363632202148,5,10,0.869565188884735,0.876811623573303,1,1,39,1.05999994277954,30.7399983406067
07,2010-07-18,23080760,,"",SAN ROQUE [23080760],Pluviométrica,Convencional,Activa,Antioquia,San Roque,6.4875,-75.017,820,5/15/1975,,Monchia,Magdalena Cauca,Medio Magdalena,Río Nare,2010,18,Andes,Preliminar,0,0,0,1.31273257732391,1.31273257732391,21.8939437866211,17.3225631713867,24.96755027771,3.05454540252686,6.04363632202148,5,10,0.869565188884735,0.876811623573303,1,1,40,1.05999994277954,0
07,2010-07-19,23080760,6,Definitivo,SAN ROQUE [23080760],Pluviométrica,Convencional,Activa,Antioquia,San Roque,6.4875,-75.017,820,5/15/1975,,Monchia,Magdalena Cauca,Medio Magdalena,Río Nare,2010,19,Andes,Definitivo,6,6,0,0.0519894063472748,0.0519894063472748,0,1.20646131038666,0.826782584190369,3.05454540252686,6.04363632202148,5,10,0.869565188884735,0.876811623573303,1,1,40,1.05999994277954,6.35999965667725
07,2009-07-23,23080760,,"",SAN ROQUE [23080760],Pluviométrica,Convencional,Activa,Antioquia,San Roque,6.4875,-75.017,820,5/15/1975,,Monchia,Magdalena Cauca,Medio Magdalena,Río Nare,2009,23,Andes,Preliminar,0,0,0,5.81745100021362,5.81745100021362,0,5.18247556686401,0.952315807342529,3.05454540252686,6.04363632202148,5,10,0.869565188884735,0.876811623573303,1,1,41,1.05999994277954,0
07,2011-07-25,23080760,5,Definitivo,SAN ROQUE [23080760],Pluviométrica,Convencional,Activa,Antioquia,San Roque,6.4875,-75.017,820,5/15/1975,,Monchia,Magdalena Cauca,Medio Magdalena,Río Nare,2011,25,Andes,Definitivo,5,5,0,4.3912501335144,4.3912501335144,0,0.161966025829315,0.0135926753282547,3.05454540252686,6.04363632202148,5,10,0.869565188884735,0.876811623573303,1,1,41,1.05999994277954,5.29999971389771
07,2011-07-26,23080760,,"",SAN ROQUE [23080760],Pluviométrica,Convencional,Activa,Antioquia,San Roque,6.4875,-75.017,820,5/15/1975,,Monchia,Magdalena Cauca,Medio Magdalena,Río Nare,2011,26,Andes,Preliminar,0,0,0,1.66165220737457,1.66165220737457,15.5926656723022,0.391376346349716,26.4154281616211,3.05454540252686,6.04363632202148,5,10,0.869565188884735,0.876811623573303,1,1,42,1.05999994277954,0
07,2016-07-24,23080760,10,Definitivo,SAN ROQUE [23080760],Pluviométrica,Convencional,Activa,Antioquia,San Roque,6.4875,-75.017,820,5/15/1975,,Monchia,Magdalena Cauca,Medio Magdalena,Río Nare,2016,24,Andes,Definitivo,10,10,0,0.829403281211853,0.829403281211853,6.45053863525391,17.7759265899658,5.1757025718689,3.05454540252686,6.04363632202148,5,10,0.869565188884735,0.876811623573303,1,1,41,1.05999994277954,10.5999994277954
07,2015-07-29,23080760,24,Definitivo,SAN ROQUE [23080760],Pluviométrica,Convencional,Activa,Antioquia,San Roque,6.4875,-75.017,820,5/15/1975,,Monchia,Magdalena Cauca,Medio Magdalena,Río Nare,2015,29,Andes,Definitivo,24,24,0,0,0,15.5614366531372,14.5501565933228,54.1969871520996,3.05454540252686,6.04363632202148,5,10,0.869565188884735,0.876811623573303,1,1,42,1.05999994277954,25.439998626709
07,2005-07-14,23080760,11,Definitivo,SAN ROQUE [23080760],Pluviométrica,Convencional,Activa,Antioquia,San Roque,6.4875,-75.017,820,5/15/1975,,Monchia,Magdalena Cauca,Medio Magdalena,Río Nare,2005,14,Andes,Definitivo,11,11,0,1.00857710838318,1.00857710838318,3.68881392478943,20.4783134460449,2.23223853111267,3.05454540252686,6.04363632202148,5,10,0.869565188884735,0.876811623573303,1,1,39,1.05999994277954,11.659999370575
07,2009-07-09,23080760,3,Definitivo,SAN ROQUE [23080760],Pluviométrica,Convencional,Activa,Antioquia,San Roque,6.4875,-75.017,820,5/15/1975,,Monchia,Magdalena Cauca,Medio Magdalena,Río Nare,2009,09,Andes,Definitivo,3,3,0,5.49130821228027,5.49130821228027,12.8173522949219,10.7939968109131,3.29330492019653,3.05454540252686,6.04363632202148,5,10,0.869565188884735,0.876811623573303,1,1,38,1.05999994277954,3.17999982833862
07,2009-07-10,23080760,19,Definitivo,SAN ROQUE [23080760],Pluviométrica,Convencional,Activa,Antioquia,San Roque,6.4875,-75.017,820,5/15/1975,,Monchia,Magdalena Cauca,Medio Magdalena,Río Nare,2009,10,Andes,Definitivo,19,19,0,1.05519247055054,1.05519247055054,8.54490184783936,0.847862422466278,4.50658941268921,3.05454540252686,6.04363632202148,5,10,0.869565188884735,0.876811623573303,1,1,38,1.05999994277954,20.1399989128113
07,2022-07-20,23080760,2,Definitivo,SAN ROQUE [23080760],Pluviométrica,Convencional,Activa,Antioquia,San Roque,6.4875,-75.017,820,5/15/1975,,Monchia,Magdalena Cauca,Medio Magdalena,Río Nare,2022,20,Andes,Definitivo,2,2,0,0,0,3.41233372688293,2.41044783592224,7.376708984375,3.05454540252686,6.04363632202148,5,10,0.869565188884735,0.876811623573303,1,1,40,1.05999994277954,2.11999988555908
07,2012-07-09,23080760,2,Definitivo,SAN ROQUE [23080760],Pluviométrica,Convencional,Activa,Antioquia,San Roque,6.4875,-75.017,820,5/15/1975,,Monchia,Magdalena Cauca,Medio Magdalena,Río Nare,2012,09,Andes,Definitivo,2,2,0,2.6170289516449,2.6170289516449,0,1.17271041870117,0.449292927980423,3.05454540252686,6.04363632202148,5,10,0.869565188884735,0.876811623573303,1,1,38,1.05999994277954,2.11999988555908
07,2020-07-20,23080760,0,Definitivo,SAN ROQUE [23080760],Pluviométrica,Convencional,Activa,Antioquia,San Roque,6.4875,-75.017,820,5/15/1975,,Monchia,Magdalena Cauca,Medio Magdalena,Río Nare,2020,20,Andes,Definitivo,0,0,0,4.83959341049194,4.83959341049194,1.92394232749939,2.24419927597046,4.62031984329224,3.05454540252686,6.04363632202148,5,10,0.869565188884735,0.876811623573303,1,1,40,1.05999994277954,0
07,2021-07-16,23080760,20,Definitivo,SAN ROQUE [23080760],Pluviométrica,Convencional,Activa,Antioquia,San Roque,6.4875,-75.017,820,5/15/1975,,Monchia,Magdalena Cauca,Medio Magdalena,Río Nare,2021,16,Andes,Definitivo,20,20,0,4.61335754394531,4.61335754394531,6.79213905334473,11.4729118347168,2.40825700759888,3.05454540252686,6.04363632202148,5,10,0.869565188884735,0.876811623573303,1,1,40,1.05999994277954,21.1999988555908
07,2022-07-14,23080760,0,Definitivo,SAN ROQUE [23080760],Pluviométrica,Convencional,Activa,Antioquia,San Roque,6.4875,-75.017,820,5/15/1975,,Monchia,Magdalena Cauca,Medio Magdalena,Río Nare,2022,14,Andes,Definitivo,0,0,0,5.01881647109985,5.01881647109985,7.15334701538086,4.43229389190674,16.4031848907471,3.05454540252686,6.04363632202148,5,10,0.869565188884735,0.876811623573303,1,1,39,1.05999994277954,0
07,2021-07-15,23080760,3,Definitivo,SAN ROQUE [23080760],Pluviométrica,Convencional,Activa,Antioquia,San Roque,6.4875,-75.017,820,5/15/1975,,Monchia,Magdalena Cauca,Medio Magdalena,Río Nare,2021,15,Andes,Definitivo,3,3,0,6.26046133041382,6.26046133041382,5.05956268310547,4.84225034713745,7.80944108963013,3.05454540252686,6.04363632202148,5,10,0.869565188884735,0.876811623573303,1,1,39,1.05999994277954,3.17999982833862
07,2021-07-12,23080760,12,Definitivo,SAN ROQUE [23080760],Pluviométrica,Convencional,Activa,Antioquia,San Roque,6.4875,-75.017,820,5/15/1975,,Monchia,Magdalena Cauca,Medio Magdalena,Río Nare,2021,12,Andes,Definitivo,12,12,0,13.3446569442749,13.3446569442749,0,3.1044864654541,0,3.05454540252686,6.04363632202148,5,10,0.869565188884735,0.876811623573303,1,1,39,1.05999994277954,12.7199993133545
07,2022-07-10,23080760,3,Definitivo,SAN ROQUE [23080760],Pluviométrica,Convencional,Activa,Antioquia,San Roque,6.4875,-75.017,820,5/15/1975,,Monchia,Magdalena Cauca,Medio Magdalena,Río Nare,2022,10,Andes,Definitivo,3,3,0,16.7693176269531,16.7693176269531,11.0657911300659,18.4194965362549,3.26672720909119,3.05454540252686,6.04363632202148,5,10,0.869565188884735,0.876811623573303,1,1,38,1.05999994277954,3.17999982833862
07,2021-07-11,23080760,0,Definitivo,SAN ROQUE [23080760],Pluviométrica,Convencional,Activa,Antioquia,San Roque,6.4875,-75.017,820,5/15/1975,,Monchia,Magdalena Cauca,Medio Magdalena,Río Nare,2021,11,Andes,Definitivo,0,0,0,0,0,5.05956268310547,17.3830833435059,27.9122848510742,3.05454540252686,6.04363632202148,5,10,0.869565188884735,0.876811623573303,1,1,39,1.05999994277954,0
07,2022-07-09,23080760,21,Definitivo,SAN ROQUE [23080760],Pluviométrica,Convencional,Activa,Antioquia,San Roque,6.4875,-75.017,820,5/15/1975,,Monchia,Magdalena Cauca,Medio Magdalena,Río Nare,2022,09,Andes,Definitivo,21,21,0,0,0,0,6.27233505249023,0,3.05454540252686,6.04363632202148,5,10,0.869565188884735,0.876811623573303,1,1,38,1.05999994277954,22.2599987983704
07,2018-07-27,23080760,38,Definitivo,SAN ROQUE [23080760],Pluviométrica,Convencional,Activa,Antioquia,San Roque,6.4875,-75.017,820,5/15/1975,,Monchia,Magdalena Cauca,Medio Magdalena,Río Nare,2018,27,Andes,Definitivo,38,38,0,0.102328389883041,0.102328389883041,18.844669342041,1.01370203495026,14.3453330993652,3.05454540252686,6.04363632202148,5,10,0.869565188884735,0.876811623573303,1,1,42,1.05999994277954,40.2799978256226
07,2018-07-28,23080760,22,Definitivo,SAN ROQUE [23080760],Pluviométrica,Convencional,Activa,Antioquia,San Roque,6.4875,-75.017,820,5/15/1975,,Monchia,Magdalena Cauca,Medio Magdalena,Río Nare,2018,28,Andes,Definitivo,22,22,0,1.52412521839142,1.52412521839142,25.1262302398682,7.17018985748291,36.2305450439453,3.05454540252686,6.04363632202148,5,10,0.869565188884735,0.876811623573303,1,1,42,1.05999994277954,23.3199987411499
07,2022-07-25,23080760,4,Definitivo,SAN ROQUE [23080760],Pluviométrica,Convencional,Activa,Antioquia,San Roque,6.4875,-75.017,820,5/15/1975,,Monchia,Magdalena Cauca,Medio Magdalena,Río Nare,2022,25,Andes,Definitivo,4,4,0,18.4137153625488,18.4137153625488,19.763111114502,18.1539707183838,3.46866250038147,3.05454540252686,6.04363632202148,5,10,0.869565188884735,0.876811623573303,1,1,41,1.05999994277954,4.23999977111816
07,2009-07-11,23080760,1,Definitivo,SAN ROQUE [23080760],Pluviométrica,Convencional,Activa,Antioquia,San Roque,6.4875,-75.017,820,5/15/1975,,Monchia,Magdalena Cauca,Medio Magdalena,Río Nare,2009,11,Andes,Definitivo,1,1,0,18.9824848175049,18.9824848175049,8.17838764190674,7.26702260971069,10.2715063095093,3.05454540252686,6.04363632202148,5,10,0.869565188884735,0.876811623573303,1,1,39,1.05999994277954,1.05999994277954
07,2023-07-21,23080760,0,Definitivo,SAN ROQUE [23080760],Pluviométrica,Convencional,Activa,Antioquia,San Roque,6.4875,-75.017,820,5/15/1975,,Monchia,Magdalena Cauca,Medio Magdalena,Río Nare,2023,21,Andes,Definitivo,0,0,0,0,0,2.40802145004272,0.820370674133301,0,3.05454540252686,6.04363632202148,5,10,0.869565188884735,0.876811623573303,1,1,41,1.05999994277954,0
07,2002-07-29,23080760,0,Definitivo,SAN ROQUE [23080760],Pluviométrica,Convencional,Activa,Antioquia,San Roque,6.4875,-75.017,820,5/15/1975,,Monchia,Magdalena Cauca,Medio Magdalena,Río Nare,2002,29,Andes,Definitivo,0,0,0,0,0,0,0.286421120166779,0,3.05454540252686,6.04363632202148,5,10,0.869565188884735,0.876811623573303,1,1,42,1.05999994277954,0
07,2003-07-27,23080760,0,Definitivo,SAN ROQUE [23080760],Pluviométrica,Convencional,Activa,Antioquia,San Roque,6.4875,-75.017,820,5/15/1975,,Monchia,Magdalena Cauca,Medio Magdalena,Río Nare,2003,27,Andes,Definitivo,0,0,0,0,0,3.36529493331909,4.91657972335815,0.789844036102295,3.05454540252686,6.04363632202148,5,10,0.869565188884735,0.876811623573303,1,1,42,1.05999994277954,0
07,2004-07-24,23080760,14,Definitivo,SAN ROQUE [23080760],Pluviométrica,Convencional,Activa,Antioquia,San Roque,6.4875,-75.017,820,5/15/1975,,Monchia,Magdalena Cauca,Medio Magdalena,Río Nare,2004,24,Andes,Definitivo,14,14,0,6.33489894866943,6.33489894866943,0,21.6823348999023,0.0123175419867039,3.05454540252686,6.04363632202148,5,10,0.869565188884735,0.876811623573303,1,1,41,1.05999994277954,14.8399991989136
07,2006-07-19,23080760,,"",SAN ROQUE [23080760],Pluviométrica,Convencional,Activa,Antioquia,San Roque,6.4875,-75.017,820,5/15/1975,,Monchia,Magdalena Cauca,Medio Magdalena,Río Nare,2006,19,Andes,Preliminar,0,0,0,10.9503889083862,10.9503889083862,2.4037458896637,7.78378009796143,0.40841355919838,3.05454540252686,6.04363632202148,5,10,0.869565188884735,0.876811623573303,1,1,40,1.05999994277954,0
07,2006-07-20,23080760,,"",SAN ROQUE [23080760],Pluviométrica,Convencional,Activa,Antioquia,San Roque,6.4875,-75.017,820,5/15/1975,,Monchia,Magdalena Cauca,Medio Magdalena,Río Nare,2006,20,Andes,Preliminar,0,0,0,10.9503889083862,10.9503889083862,2.4037458896637,0.632612943649292,0.528297662734985,3.05454540252686,6.04363632202148,5,10,0.869565188884735,0.876811623573303,1,1,40,1.05999994277954,0
07,2007-07-18,23080760,0,Definitivo,SAN ROQUE [23080760],Pluviométrica,Convencional,Activa,Antioquia,San Roque,6.4875,-75.017,820,5/15/1975,,Monchia,Magdalena Cauca,Medio Magdalena,Río Nare,2007,18,Andes,Definitivo,0,0,0,21.495532989502,21.495532989502,19.0187282562256,24.1037406921387,61.8863639831543,3.05454540252686,6.04363632202148,5,10,0.869565188884735,0.876811623573303,1,1,40,1.05999994277954,0
07,2009-07-12,23080760,,"",SAN ROQUE [23080760],Pluviométrica,Convencional,Activa,Antioquia,San Roque,6.4875,-75.017,820,5/15/1975,,Monchia,Magdalena Cauca,Medio Magdalena,Río Nare,2009,12,Andes,Preliminar,0,0,0,1.27120304107666,1.27120304107666,0,4.62443113327026,0.265508025884628,3.05454540252686,6.04363632202148,5,10,0.869565188884735,0.876811623573303,1,1,39,1.05999994277954,0
07,2009-07-13,23080760,,"",SAN ROQUE [23080760],Pluviométrica,Convencional,Activa,Antioquia,San Roque,6.4875,-75.017,820,5/15/1975,,Monchia,Magdalena Cauca,Medio Magdalena,Río Nare,2009,13,Andes,Preliminar,0,0,0,0.0122231068089604,0.0122231068089604,0,0.394683003425598,0.0111424848437309,3.05454540252686,6.04363632202148,5,10,0.869565188884735,0.876811623573303,1,1,39,1.05999994277954,0
07,2007-07-14,23080760,1,Definitivo,SAN ROQUE [23080760],Pluviométrica,Convencional,Activa,Antioquia,San Roque,6.4875,-75.017,820,5/15/1975,,Monchia,Magdalena Cauca,Medio Magdalena,Río Nare,2007,14,Andes,Definitivo,1,1,0,11.78782081604,11.78782081604,15.194863319397,7.63899278640747,11.0328998565674,3.05454540252686,6.04363632202148,5,10,0.869565188884735,0.876811623573303,1,1,39,1.05999994277954,1.05999994277954
07,2006-07-11,23080760,2,Definitivo,SAN ROQUE [23080760],Pluviométrica,Convencional,Activa,Antioquia,San Roque,6.4875,-75.017,820,5/15/1975,,Monchia,Magdalena Cauca,Medio Magdalena,Río Nare,2006,11,Andes,Definitivo,2,2,0,18.2565059661865,18.2565059661865,6.12181615829468,12.662223815918,3.69952893257141,3.05454540252686,6.04363632202148,5,10,0.869565188884735,0.876811623573303,1,1,39,1.05999994277954,2.11999988555908
07,2004-07-11,23080760,11,Definitivo,SAN ROQUE [23080760],Pluviométrica,Convencional,Activa,Antioquia,San Roque,6.4875,-75.017,820,5/15/1975,,Monchia,Magdalena Cauca,Medio Magdalena,Río Nare,2004,11,Andes,Definitivo,11,11,0,0.033093448728323,0.033093448728323,20.8130168914795,21.7853546142578,25.9653415679932,3.05454540252686,6.04363632202148,5,10,0.869565188884735,0.876811623573303,1,1,39,1.05999994277954,11.659999370575
07,2021-07-24,23080760,54,Definitivo,SAN ROQUE [23080760],Pluviométrica,Convencional,Activa,Antioquia,San Roque,6.4875,-75.017,820,5/15/1975,,Monchia,Magdalena Cauca,Medio Magdalena,Río Nare,2021,24,Andes,Definitivo,54,54,0,13.3862838745117,13.3862838745117,18.5806179046631,23.7412395477295,4.2977614402771,3.05454540252686,6.04363632202148,5,10,0.869565188884735,0.876811623573303,1,1,41,1.05999994277954,57.2399969100952
07,2001-07-31,23080760,0,Definitivo,SAN ROQUE [23080760],Pluviométrica,Convencional,Activa,Antioquia,San Roque,6.4875,-75.017,820,5/15/1975,,Monchia,Magdalena Cauca,Medio Magdalena,Río Nare,2001,31,Andes,Definitivo,0,0,0,0,0,9.55289649963379,7.24996566772461,7.24408674240112,3.05454540252686,6.04363632202148,5,10,0.869565188884735,0.876811623573303,1,1,42,1.05999994277954,0
07,2010-07-09,23080760,28,Definitivo,SAN ROQUE [23080760],Pluviométrica,Convencional,Activa,Antioquia,San Roque,6.4875,-75.017,820,5/15/1975,,Monchia,Magdalena Cauca,Medio Magdalena,Río Nare,2010,09,Andes,Definitivo,28,28,0,0.359516829252243,0.359516829252243,0,12.3044290542603,5.51587629318237,3.05454540252686,6.04363632202148,5,10,0.869565188884735,0.876811623573303,1,1,38,1.05999994277954,29.6799983978272
07,2012-07-10,23080760,65,Definitivo,SAN ROQUE [23080760],Pluviométrica,Convencional,Activa,Antioquia,San Roque,6.4875,-75.017,820,5/15/1975,,Monchia,Magdalena Cauca,Medio Magdalena,Río Nare,2012,10,Andes,Definitivo,65,65,0,4.52931070327759,4.52931070327759,7.098792552948,17.9281444549561,0.48649588227272,3.05454540252686,6.04363632202148,5,10,0.869565188884735,0.876811623573303,1,1,38,1.05999994277954,68.8999962806702
07,2011-07-15,23080760,10,Definitivo,SAN ROQUE [23080760],Pluviométrica,Convencional,Activa,Antioquia,San Roque,6.4875,-75.017,820,5/15/1975,,Monchia,Magdalena Cauca,Medio Magdalena,Río Nare,2011,15,Andes,Definitivo,10,10,0,5.49563980102539,5.49563980102539,16.4736576080322,29.5602512359619,14.6885967254639,3.05454540252686,6.04363632202148,5,10,0.869565188884735,0.876811623573303,1,1,39,1.05999994277954,10.5999994277954
07,2011-07-16,23080760,3,Definitivo,SAN ROQUE [23080760],Pluviométrica,Convencional,Activa,Antioquia,San Roque,6.4875,-75.017,820,5/15/1975,,Monchia,Magdalena Cauca,Medio Magdalena,Río Nare,2011,16,Andes,Definitivo,3,3,0,34.7137756347656,34.7137756347656,4.44305372238159,12.3175201416016,4.20758628845215,3.05454540252686,6.04363632202148,5,10,0.869565188884735,0.876811623573303,1,1,40,1.05999994277954,3.17999982833862
07,2010-07-20,23080760,35,Definitivo,SAN ROQUE [23080760],Pluviométrica,Convencional,Activa,Antioquia,San Roque,6.4875,-75.017,820,5/15/1975,,Monchia,Magdalena Cauca,Medio Magdalena,Río Nare,2010,20,Andes,Definitivo,35,35,0,12.4254684448242,12.4254684448242,5.47348594665527,1.51750946044922,15.0484762191772,3.05454540252686,6.04363632202148,5,10,0.869565188884735,0.876811623573303,1,1,40,1.05999994277954,37.0999979972839
07,2009-07-24,23080760,11,Definitivo,SAN ROQUE [23080760],Pluviométrica,Convencional,Activa,Antioquia,San Roque,6.4875,-75.017,820,5/15/1975,,Monchia,Magdalena Cauca,Medio Magdalena,Río Nare,2009,24,Andes,Definitivo,11,11,0,12.9227342605591,12.9227342605591,0,4.61279249191284,3.86884069442749,3.05454540252686,6.04363632202148,5,10,0.869565188884735,0.876811623573303,1,1,41,1.05999994277954,11.659999370575
07,2009-07-25,23080760,,"",SAN ROQUE [23080760],Pluviométrica,Convencional,Activa,Antioquia,San Roque,6.4875,-75.017,820,5/15/1975,,Monchia,Magdalena Cauca,Medio Magdalena,Río Nare,2009,25,Andes,Preliminar,0,0,0,2.03166699409485,2.03166699409485,0,0.23716713488102,14.4498262405396,3.05454540252686,6.04363632202148,5,10,0.869565188884735,0.876811623573303,1,1,41,1.05999994277954,0
07,2014-07-24,23080760,6,Definitivo,SAN ROQUE [23080760],Pluviométrica,Convencional,Activa,Antioquia,San Roque,6.4875,-75.017,820,5/15/1975,,Monchia,Magdalena Cauca,Medio Magdalena,Río Nare,2014,24,Andes,Definitivo,6,6,0,1.30655801296234,1.30655801296234,0,0.585998177528381,0,3.05454540252686,6.04363632202148,5,10,0.869565188884735,0.876811623573303,1,1,41,1.05999994277954,6.35999965667725
07,2016-07-25,23080760,,"",SAN ROQUE [23080760],Pluviométrica,Convencional,Activa,Antioquia,San Roque,6.4875,-75.017,820,5/15/1975,,Monchia,Magdalena Cauca,Medio Magdalena,Río Nare,2016,25,Andes,Preliminar,0,0,0,2.41334748268127,2.41334748268127,0,10.9407873153687,0.627790093421936,3.05454540252686,6.04363632202148,5,10,0.869565188884735,0.876811623573303,1,1,41,1.05999994277954,0
07,2019-07-24,23080760,0,Definitivo,SAN ROQUE [23080760],Pluviométrica,Convencional,Activa,Antioquia,San Roque,6.4875,-75.017,820,5/15/1975,,Monchia,Magdalena Cauca,Medio Magdalena,Río Nare,2019,24,Andes,Definitivo,0,0,0,9.28465747833252,9.28465747833252,17.8051681518555,13.5295372009277,1.65387141704559,3.05454540252686,6.04363632202148,5,10,0.869565188884735,0.876811623573303,1,1,41,1.05999994277954,0
07,2019-07-25,23080760,10,Definitivo,SAN ROQUE [23080760],Pluviométrica,Convencional,Activa,Antioquia,San Roque,6.4875,-75.017,820,5/15/1975,,Monchia,Magdalena Cauca,Medio Magdalena,Río Nare,2019,25,Andes,Definitivo,10,10,0,27.5511074066162,27.5511074066162,0,14.4031744003296,0.207502856850624,3.05454540252686,6.04363632202148,5,10,0.869565188884735,0.876811623573303,1,1,41,1.05999994277954,10.5999994277954
07,2007-07-10,23080760,4,Definitivo,SAN ROQUE [23080760],Pluviométrica,Convencional,Activa,Antioquia,San Roque,6.4875,-75.017,820,5/15/1975,,Monchia,Magdalena Cauca,Medio Magdalena,Río Nare,2007,10,Andes,Definitivo,4,4,0,3.99779582023621,3.99779582023621,7.53798294067383,6.45957899093628,18.8562164306641,3.05454540252686,6.04363632202148,5,10,0.869565188884735,0.876811623573303,1,1,38,1.05999994277954,4.23999977111816
07,2007-07-11,23080760,0,Definitivo,SAN ROQUE [23080760],Pluviométrica,Convencional,Activa,Antioquia,San Roque,6.4875,-75.017,820,5/15/1975,,Monchia,Magdalena Cauca,Medio Magdalena,Río Nare,2007,11,Andes,Definitivo,0,0,0,0,0,10.1299104690552,3.77153778076172,2.20430493354797,3.05454540252686,6.04363632202148,5,10,0.869565188884735,0.876811623573303,1,1,39,1.05999994277954,0
07,2022-07-22,23080760,40,Definitivo,SAN ROQUE [23080760],Pluviométrica,Convencional,Activa,Antioquia,San Roque,6.4875,-75.017,820,5/15/1975,,Monchia,Magdalena Cauca,Medio Magdalena,Río Nare,2022,22,Andes,Definitivo,40,40,0,0,0,6.58770275115967,18.4027290344238,12.9556035995483,3.05454540252686,6.04363632202148,5,10,0.869565188884735,0.876811623573303,1,1,41,1.05999994277954,42.3999977111816
07,2021-07-21,23080760,0,Definitivo,SAN ROQUE [23080760],Pluviométrica,Convencional,Activa,Antioquia,San Roque,6.4875,-75.017,820,5/15/1975,,Monchia,Magdalena Cauca,Medio Magdalena,Río Nare,2021,21,Andes,Definitivo,0,0,0,0,0,3.7161238193512,1.27257859706879,0,3.05454540252686,6.04363632202148,5,10,0.869565188884735,0.876811623573303,1,1,41,1.05999994277954,0
07,2022-07-17,23080760,5,Definitivo,SAN ROQUE [23080760],Pluviométrica,Convencional,Activa,Antioquia,San Roque,6.4875,-75.017,820,5/15/1975,,Monchia,Magdalena Cauca,Medio Magdalena,Río Nare,2022,17,Andes,Definitivo,5,5,0,12.3321056365967,12.3321056365967,6.82466745376587,10.7724761962891,7.2743730545044,3.05454540252686,6.04363632202148,5,10,0.869565188884735,0.876811623573303,1,1,40,1.05999994277954,5.29999971389771
07,2020-07-17,23080760,0,Definitivo,SAN ROQUE [23080760],Pluviométrica,Convencional,Activa,Antioquia,San Roque,6.4875,-75.017,820,5/15/1975,,Monchia,Magdalena Cauca,Medio Magdalena,Río Nare,2020,17,Andes,Definitivo,0,0,0,7.56687927246094,7.56687927246094,3.00815343856812,6.00347661972046,0,3.05454540252686,6.04363632202148,5,10,0.869565188884735,0.876811623573303,1,1,40,1.05999994277954,0
07,2020-07-16,23080760,0,Definitivo,SAN ROQUE [23080760],Pluviométrica,Convencional,Activa,Antioquia,San Roque,6.4875,-75.017,820,5/15/1975,,Monchia,Magdalena Cauca,Medio Magdalena,Río Nare,2020,16,Andes,Definitivo,0,0,0,6.69656133651733,6.69656133651733,2.66216516494751,0.19676111638546,5.07373666763306,3.05454540252686,6.04363632202148,5,10,0.869565188884735,0.876811623573303,1,1,40,1.05999994277954,0
07,2022-07-13,23080760,11,Definitivo,SAN ROQUE [23080760],Pluviométrica,Convencional,Activa,Antioquia,San Roque,6.4875,-75.017,820,5/15/1975,,Monchia,Magdalena Cauca,Medio Magdalena,Río Nare,2022,13,Andes,Definitivo,11,11,0,3.51767086982727,3.51767086982727,10.7300205230713,4.31232118606567,2.87051773071289,3.05454540252686,6.04363632202148,5,10,0.869565188884735,0.876811623573303,1,1,39,1.05999994277954,11.659999370575
07,2020-07-13,23080760,3,Definitivo,SAN ROQUE [23080760],Pluviométrica,Convencional,Activa,Antioquia,San Roque,6.4875,-75.017,820,5/15/1975,,Monchia,Magdalena Cauca,Medio Magdalena,Río Nare,2020,13,Andes,Definitivo,3,3,0,25.220630645752,25.220630645752,0,1.29949164390564,2.55205464363098,3.05454540252686,6.04363632202148,5,10,0.869565188884735,0.876811623573303,1,1,39,1.05999994277954,3.17999982833862
07,2020-07-12,23080760,0,Definitivo,SAN ROQUE [23080760],Pluviométrica,Convencional,Activa,Antioquia,San Roque,6.4875,-75.017,820,5/15/1975,,Monchia,Magdalena Cauca,Medio Magdalena,Río Nare,2020,12,Andes,Definitivo,0,0,0,5.6877932548523,5.6877932548523,13.3617153167725,17.7571029663086,2.63911247253418,3.05454540252686,6.04363632202148,5,10,0.869565188884735,0.876811623573303,1,1,39,1.05999994277954,0
07,2021-07-10,23080760,21,Definitivo,SAN ROQUE [23080760],Pluviométrica,Convencional,Activa,Antioquia,San Roque,6.4875,-75.017,820,5/15/1975,,Monchia,Magdalena Cauca,Medio Magdalena,Río Nare,2021,10,Andes,Definitivo,21,21,0,0,0,15.2038059234619,20.446403503418,27.0538063049316,3.05454540252686,6.04363632202148,5,10,0.869565188884735,0.876811623573303,1,1,38,1.05999994277954,22.2599987983704
07,2023-07-07,23080760,16,Definitivo,SAN ROQUE [23080760],Pluviométrica,Convencional,Activa,Antioquia,San Roque,6.4875,-75.017,820,5/15/1975,,Monchia,Magdalena Cauca,Medio Magdalena,Río Nare,2023,07,Andes,Definitivo,16,16,0,5.47464513778687,5.47464513778687,25.0401229858398,29.4317092895508,40.8611831665039,3.05454540252686,6.04363632202148,5,10,0.869565188884735,0.876811623573303,1,1,38,1.05999994277954,16.9599990844727
07,2023-07-06,23080760,40,Definitivo,SAN ROQUE [23080760],Pluviométrica,Convencional,Activa,Antioquia,San Roque,6.4875,-75.017,820,5/15/1975,,Monchia,Magdalena Cauca,Medio Magdalena,Río Nare,2023,06,Andes,Definitivo,40,40,0,2.23497223854065,2.23497223854065,12.5200614929199,22.5844440460205,6.98495197296143,3.05454540252686,6.04363632202148,5,10,0.869565188884735,0.876811623573303,1,1,38,1.05999994277954,42.3999977111816
07,2021-07-26,23080760,37,Definitivo,SAN ROQUE [23080760],Pluviométrica,Convencional,Activa,Antioquia,San Roque,6.4875,-75.017,820,5/15/1975,,Monchia,Magdalena Cauca,Medio Magdalena,Río Nare,2021,26,Andes,Definitivo,37,37,0,4.10800838470459,4.10800838470459,0,3.34217047691345,0.231954544782639,3.05454540252686,6.04363632202148,5,10,0.869565188884735,0.876811623573303,1,1,42,1.05999994277954,39.219997882843
07,2020-07-25,23080760,0,Definitivo,SAN ROQUE [23080760],Pluviométrica,Convencional,Activa,Antioquia,San Roque,6.4875,-75.017,820,5/15/1975,,Monchia,Magdalena Cauca,Medio Magdalena,Río Nare,2020,25,Andes,Definitivo,0,0,0,6.47753000259399,6.47753000259399,19.4799022674561,9.78588199615479,25.9536437988281,3.05454540252686,6.04363632202148,5,10,0.869565188884735,0.876811623573303,1,1,41,1.05999994277954,0
07,2002-07-28,23080760,,"",SAN ROQUE [23080760],Pluviométrica,Convencional,Activa,Antioquia,San Roque,6.4875,-75.017,820,5/15/1975,,Monchia,Magdalena Cauca,Medio Magdalena,Río Nare,2002,28,Andes,Preliminar,0,0,0,0,0,5.0089430809021,1.85973370075226,0.749819099903107,3.05454540252686,6.04363632202148,5,10,0.869565188884735,0.876811623573303,1,1,42,1.05999994277954,0
07,2003-07-26,23080760,0,Definitivo,SAN ROQUE [23080760],Pluviométrica,Convencional,Activa,Antioquia,San Roque,6.4875,-75.017,820,5/15/1975,,Monchia,Magdalena Cauca,Medio Magdalena,Río Nare,2003,26,Andes,Definitivo,0,0,0,0,0,10.0958852767944,0.838295876979828,1.069455742836,3.05454540252686,6.04363632202148,5,10,0.869565188884735,0.876811623573303,1,1,42,1.05999994277954,0
07,2004-07-23,23080760,,"",SAN ROQUE [23080760],Pluviométrica,Convencional,Activa,Antioquia,San Roque,6.4875,-75.017,820,5/15/1975,,Monchia,Magdalena Cauca,Medio Magdalena,Río Nare,2004,23,Andes,Preliminar,0,0,0,0.154509738087654,0.154509738087654,0,8.76670837402344,0.0892643555998802,3.05454540252686,6.04363632202148,5,10,0.869565188884735,0.876811623573303,1,1,41,1.05999994277954,0
07,2005-07-21,23080760,4,Definitivo,SAN ROQUE [23080760],Pluviométrica,Convencional,Activa,Antioquia,San Roque,6.4875,-75.017,820,5/15/1975,,Monchia,Magdalena Cauca,Medio Magdalena,Río Nare,2005,21,Andes,Definitivo,4,4,0,10.3531475067139,10.3531475067139,0,2.56863117218018,0.079162172973156,3.05454540252686,6.04363632202148,5,10,0.869565188884735,0.876811623573303,1,1,41,1.05999994277954,4.23999977111816
07,2005-07-20,23080760,,"",SAN ROQUE [23080760],Pluviométrica,Convencional,Activa,Antioquia,San Roque,6.4875,-75.017,820,5/15/1975,,Monchia,Magdalena Cauca,Medio Magdalena,Río Nare,2005,20,Andes,Preliminar,0,0,0,0.546671092510223,0.546671092510223,8.70273685455322,6.71127605438232,1.91253793239594,3.05454540252686,6.04363632202148,5,10,0.869565188884735,0.876811623573303,1,1,40,1.05999994277954,0
07,2007-07-17,23080760,11,Definitivo,SAN ROQUE [23080760],Pluviométrica,Convencional,Activa,Antioquia,San Roque,6.4875,-75.017,820,5/15/1975,,Monchia,Magdalena Cauca,Medio Magdalena,Río Nare,2007,17,Andes,Definitivo,11,11,0,10.9794759750366,10.9794759750366,25.358304977417,20.234956741333,19.8858795166016,3.05454540252686,6.04363632202148,5,10,0.869565188884735,0.876811623573303,1,1,40,1.05999994277954,11.659999370575
07,2008-07-14,23080760,21,Definitivo,SAN ROQUE [23080760],Pluviométrica,Convencional,Activa,Antioquia,San Roque,6.4875,-75.017,820,5/15/1975,,Monchia,Magdalena Cauca,Medio Magdalena,Río Nare,2008,14,Andes,Definitivo,21,21,0,37.2834396362305,37.2834396362305,0,22.383358001709,6.59004402160645,3.05454540252686,6.04363632202148,5,10,0.869565188884735,0.876811623573303,1,1,39,1.05999994277954,22.2599987983704
07,2005-07-16,23080760,4,Definitivo,SAN ROQUE [23080760],Pluviométrica,Convencional,Activa,Antioquia,San Roque,6.4875,-75.017,820,5/15/1975,,Monchia,Magdalena Cauca,Medio Magdalena,Río Nare,2005,16,Andes,Definitivo,4,4,0,16.739953994751,16.739953994751,0,19.4180355072022,0.28970131278038,3.05454540252686,6.04363632202148,5,10,0.869565188884735,0.876811623573303,1,1,40,1.05999994277954,4.23999977111816
07,2007-07-13,23080760,6,Definitivo,SAN ROQUE [23080760],Pluviométrica,Convencional,Activa,Antioquia,San Roque,6.4875,-75.017,820,5/15/1975,,Monchia,Magdalena Cauca,Medio Magdalena,Río Nare,2007,13,Andes,Definitivo,6,6,0,3.52103734016418,3.52103734016418,15.194863319397,9.69361686706543,46.0496559143066,3.05454540252686,6.04363632202148,5,10,0.869565188884735,0.876811623573303,1,1,39,1.05999994277954,6.35999965667725
07,2005-07-13,23080760,10,Definitivo,SAN ROQUE [23080760],Pluviométrica,Convencional,Activa,Antioquia,San Roque,6.4875,-75.017,820,5/15/1975,,Monchia,Magdalena Cauca,Medio Magdalena,Río Nare,2005,13,Andes,Definitivo,10,10,0,6.16352605819702,6.16352605819702,14.7552556991577,14.5567312240601,18.2080745697021,3.05454540252686,6.04363632202148,5,10,0.869565188884735,0.876811623573303,1,1,39,1.05999994277954,10.5999994277954
07,2005-07-12,23080760,7,Definitivo,SAN ROQUE [23080760],Pluviométrica,Convencional,Activa,Antioquia,San Roque,6.4875,-75.017,820,5/15/1975,,Monchia,Magdalena Cauca,Medio Magdalena,Río Nare,2005,12,Andes,Definitivo,7,7,0,0.16809618473053,0.16809618473053,11.066442489624,1.54620456695557,18.0827045440674,3.05454540252686,6.04363632202148,5,10,0.869565188884735,0.876811623573303,1,1,39,1.05999994277954,7.41999959945679
07,2006-07-10,23080760,0,Definitivo,SAN ROQUE [23080760],Pluviométrica,Convencional,Activa,Antioquia,San Roque,6.4875,-75.017,820,5/15/1975,,Monchia,Magdalena Cauca,Medio Magdalena,Río Nare,2006,10,Andes,Definitivo,0,0,0,6.04547262191773,6.04547262191773,2.48984313011169,1.52617681026459,3.05409097671509,3.05454540252686,6.04363632202148,5,10,0.869565188884735,0.876811623573303,1,1,38,1.05999994277954,0
07,2005-07-09,23080760,1.5,Definitivo,SAN ROQUE [23080760],Pluviométrica,Convencional,Activa,Antioquia,San Roque,6.4875,-75.017,820,5/15/1975,,Monchia,Magdalena Cauca,Medio Magdalena,Río Nare,2005,09,Andes,Definitivo,1.5,1.5,0,2.87625360488892,2.87625360488892,5.50498676300049,0.0127638839185238,1.76746153831482,3.05454540252686,6.04363632202148,5,10,0.869565188884735,0.876811623573303,1,1,38,1.05999994277954,1.58999991416931
07,2005-07-10,23080760,,"",SAN ROQUE [23080760],Pluviométrica,Convencional,Activa,Antioquia,San Roque,6.4875,-75.017,820,5/15/1975,,Monchia,Magdalena Cauca,Medio Magdalena,Río Nare,2005,10,Andes,Preliminar,0,0,0,0,0,1.83499562740326,0.33474737405777,1.17768025398254,3.05454540252686,6.04363632202148,5,10,0.869565188884735,0.876811623573303,1,1,38,1.05999994277954,0
07,2005-07-11,23080760,,"",SAN ROQUE [23080760],Pluviométrica,Convencional,Activa,Antioquia,San Roque,6.4875,-75.017,820,5/15/1975,,Monchia,Magdalena Cauca,Medio Magdalena,Río Nare,2005,11,Andes,Preliminar,0,0,0,0,0,7.37762784957886,0.414256423711777,1.34937345981598,3.05454540252686,6.04363632202148,5,10,0.869565188884735,0.876811623573303,1,1,39,1.05999994277954,0
07,2010-07-10,23080760,24,Definitivo,SAN ROQUE [23080760],Pluviométrica,Convencional,Activa,Antioquia,San Roque,6.4875,-75.017,820,5/15/1975,,Monchia,Magdalena Cauca,Medio Magdalena,Río Nare,2010,10,Andes,Definitivo,24,24,0,0.0163416750729084,0.0163416750729084,8.20061588287354,6.13418197631836,14.9700031280518,3.05454540252686,6.04363632202148,5,10,0.869565188884735,0.876811623573303,1,1,38,1.05999994277954,25.439998626709
07,2012-07-11,23080760,26,Definitivo,SAN ROQUE [23080760],Pluviométrica,Convencional,Activa,Antioquia,San Roque,6.4875,-75.017,820,5/15/1975,,Monchia,Magdalena Cauca,Medio Magdalena,Río Nare,2012,11,Andes,Definitivo,26,26,0,2.74571442604065,2.74571442604065,14.3461065292358,0.940088093280792,19.0563583374023,3.05454540252686,6.04363632202148,5,10,0.869565188884735,0.876811623573303,1,1,39,1.05999994277954,27.5599985122681
07,2012-07-12,23080760,1,Definitivo,SAN ROQUE [23080760],Pluviométrica,Convencional,Activa,Antioquia,San Roque,6.4875,-75.017,820,5/15/1975,,Monchia,Magdalena Cauca,Medio Magdalena,Río Nare,2012,12,Andes,Definitivo,1,1,0,15.6441287994385,15.6441287994385,4.78203535079956,21.4988765716553,24.1890144348145,3.05454540252686,6.04363632202148,5,10,0.869565188884735,0.876811623573303,1,1,39,1.05999994277954,1.05999994277954
07,2011-07-17,23080760,11,Definitivo,SAN ROQUE [23080760],Pluviométrica,Convencional,Activa,Antioquia,San Roque,6.4875,-75.017,820,5/15/1975,,Monchia,Magdalena Cauca,Medio Magdalena,Río Nare,2011,17,Andes,Definitivo,11,11,0,5.2495927810669,5.2495927810669,0,4.61878633499146,0.794286727905273,3.05454540252686,6.04363632202148,5,10,0.869565188884735,0.876811623573303,1,1,40,1.05999994277954,11.659999370575
07,2010-07-21,23080760,,"",SAN ROQUE [23080760],Pluviométrica,Convencional,Activa,Antioquia,San Roque,6.4875,-75.017,820,5/15/1975,,Monchia,Magdalena Cauca,Medio Magdalena,Río Nare,2010,21,Andes,Preliminar,0,0,0,3.79113221168518,3.79113221168518,12.9299201965332,18.3195991516113,14.8845996856689,3.05454540252686,6.04363632202148,5,10,0.869565188884735,0.876811623573303,1,1,41,1.05999994277954,0
07,2010-07-22,23080760,17,Definitivo,SAN ROQUE [23080760],Pluviométrica,Convencional,Activa,Antioquia,San Roque,6.4875,-75.017,820,5/15/1975,,Monchia,Magdalena Cauca,Medio Magdalena,Río Nare,2010,22,Andes,Definitivo,17,17,0,0,0,0,15.8025026321411,0.018159544095397,3.05454540252686,6.04363632202148,5,10,0.869565188884735,0.876811623573303,1,1,41,1.05999994277954,18.0199990272522
07,2012-07-23,23080760,0,Definitivo,SAN ROQUE [23080760],Pluviométrica,Convencional,Activa,Antioquia,San Roque,6.4875,-75.017,820,5/15/1975,,Monchia,Magdalena Cauca,Medio Magdalena,Río Nare,2012,23,Andes,Definitivo,0,0,0,17.5070285797119,17.5070285797119,2.50930666923523,0,2.28278398513794,3.05454540252686,6.04363632202148,5,10,0.869565188884735,0.876811623573303,1,1,41,1.05999994277954,0
07,2014-07-25,23080760,0,Definitivo,SAN ROQUE [23080760],Pluviométrica,Convencional,Activa,Antioquia,San Roque,6.4875,-75.017,820,5/15/1975,,Monchia,Magdalena Cauca,Medio Magdalena,Río Nare,2014,25,Andes,Definitivo,0,0,0,2.64044857025147,2.64044857025147,0,0.152644604444504,1.98112034797668,3.05454540252686,6.04363632202148,5,10,0.869565188884735,0.876811623573303,1,1,41,1.05999994277954,0
07,2014-07-26,23080760,53,Definitivo,SAN ROQUE [23080760],Pluviométrica,Convencional,Activa,Antioquia,San Roque,6.4875,-75.017,820,5/15/1975,,Monchia,Magdalena Cauca,Medio Magdalena,Río Nare,2014,26,Andes,Definitivo,53,53,0,10.2857723236084,10.2857723236084,7.48574304580689,3.25417423248291,10.4370212554932,3.05454540252686,6.04363632202148,5,10,0.869565188884735,0.876811623573303,1,1,42,1.05999994277954,56.1799969673157
07,2017-07-24,23080760,7,Definitivo,SAN ROQUE [23080760],Pluviométrica,Convencional,Activa,Antioquia,San Roque,6.4875,-75.017,820,5/15/1975,,Monchia,Magdalena Cauca,Medio Magdalena,Río Nare,2017,24,Andes,Definitivo,7,7,0,0,0,0,0.0296322181820869,0,3.05454540252686,6.04363632202148,5,10,0.869565188884735,0.876811623573303,1,1,41,1.05999994277954,7.41999959945679
07,2019-07-26,23080760,6,Definitivo,SAN ROQUE [23080760],Pluviométrica,Convencional,Activa,Antioquia,San Roque,6.4875,-75.017,820,5/15/1975,,Monchia,Magdalena Cauca,Medio Magdalena,Río Nare,2019,26,Andes,Definitivo,6,6,0,2.32605791091919,2.32605791091919,16.1617393493652,31.0299625396729,13.6483383178711,3.05454540252686,6.04363632202148,5,10,0.869565188884735,0.876811623573303,1,1,42,1.05999994277954,6.35999965667725
07,2022-07-24,23080760,4,Definitivo,SAN ROQUE [23080760],Pluviométrica,Convencional,Activa,Antioquia,San Roque,6.4875,-75.017,820,5/15/1975,,Monchia,Magdalena Cauca,Medio Magdalena,Río Nare,2022,24,Andes,Definitivo,4,4,0,18.5618095397949,18.5618095397949,6.58770275115967,7.87971162796021,8.92861938476563,3.05454540252686,6.04363632202148,5,10,0.869565188884735,0.876811623573303,1,1,41,1.05999994277954,4.23999977111816
07,2018-07-26,23080760,34,Definitivo,SAN ROQUE [23080760],Pluviométrica,Convencional,Activa,Antioquia,San Roque,6.4875,-75.017,820,5/15/1975,,Monchia,Magdalena Cauca,Medio Magdalena,Río Nare,2018,26,Andes,Definitivo,34,34,0,1.03964054584503,1.03964054584503,12.5631151199341,5.89252614974976,12.8840160369873,3.05454540252686,6.04363632202148,5,10,0.869565188884735,0.876811623573303,1,1,42,1.05999994277954,36.0399980545044
07,2020-07-22,23080760,12,Definitivo,SAN ROQUE [23080760],Pluviométrica,Convencional,Activa,Antioquia,San Roque,6.4875,-75.017,820,5/15/1975,,Monchia,Magdalena Cauca,Medio Magdalena,Río Nare,2020,22,Andes,Definitivo,12,12,0,1.20774817466736,1.20774817466736,9.73995113372803,29.0718288421631,1.94634759426117,3.05454540252686,6.04363632202148,5,10,0.869565188884735,0.876811623573303,1,1,41,1.05999994277954,12.7199993133545
07,2021-07-18,23080760,0,Definitivo,SAN ROQUE [23080760],Pluviométrica,Convencional,Activa,Antioquia,San Roque,6.4875,-75.017,820,5/15/1975,,Monchia,Magdalena Cauca,Medio Magdalena,Río Nare,2021,18,Andes,Definitivo,0,0,0,1.89024567604065,1.89024567604065,13.5842781066895,8.0910758972168,10.4418106079102,3.05454540252686,6.04363632202148,5,10,0.869565188884735,0.876811623573303,1,1,40,1.05999994277954,0
07,2022-07-16,23080760,14,Definitivo,SAN ROQUE [23080760],Pluviométrica,Convencional,Activa,Antioquia,San Roque,6.4875,-75.017,820,5/15/1975,,Monchia,Magdalena Cauca,Medio Magdalena,Río Nare,2022,16,Andes,Definitivo,14,14,0,9.64054870605469,9.64054870605469,3.41233372688293,10.2210273742676,1.77117347717285,3.05454540252686,6.04363632202148,5,10,0.869565188884735,0.876811623573303,1,1,40,1.05999994277954,14.8399991989136
07,2018-07-20,23080760,42,Definitivo,SAN ROQUE [23080760],Pluviométrica,Convencional,Activa,Antioquia,San Roque,6.4875,-75.017,820,5/15/1975,,Monchia,Magdalena Cauca,Medio Magdalena,Río Nare,2018,20,Andes,Definitivo,42,42,0,0,0,12.2028503417969,0.0842979699373245,21.3800773620605,3.05454540252686,6.04363632202148,5,10,0.869565188884735,0.876811623573303,1,1,40,1.05999994277954,44.5199975967407
07,2018-07-17,23080760,0,Definitivo,SAN ROQUE [23080760],Pluviométrica,Convencional,Activa,Antioquia,San Roque,6.4875,-75.017,820,5/15/1975,,Monchia,Magdalena Cauca,Medio Magdalena,Río Nare,2018,17,Andes,Definitivo,0,0,0,11.0480480194092,11.0480480194092,18.3042755126953,41.1538124084473,14.1335897445679,3.05454540252686,6.04363632202148,5,10,0.869565188884735,0.876811623573303,1,1,40,1.05999994277954,0
07,2019-07-15,23080760,0,Definitivo,SAN ROQUE [23080760],Pluviométrica,Convencional,Activa,Antioquia,San Roque,6.4875,-75.017,820,5/15/1975,,Monchia,Magdalena Cauca,Medio Magdalena,Río Nare,2019,15,Andes,Definitivo,0,0,0,1.2688889503479,1.2688889503479,19.6385383605957,27.1504669189453,33.5646858215332,3.05454540252686,6.04363632202148,5,10,0.869565188884735,0.876811623573303,1,1,39,1.05999994277954,0
07,2018-07-16,23080760,0,Definitivo,SAN ROQUE [23080760],Pluviométrica,Convencional,Activa,Antioquia,San Roque,6.4875,-75.017,820,5/15/1975,,Monchia,Magdalena Cauca,Medio Magdalena,Río Nare,2018,16,Andes,Definitivo,0,0,0,1.06746399402618,1.06746399402618,0,3.27697443962097,0.0391919873654842,3.05454540252686,6.04363632202148,5,10,0.869565188884735,0.876811623573303,1,1,40,1.05999994277954,0
07,2019-07-14,23080760,15,Definitivo,SAN ROQUE [23080760],Pluviométrica,Convencional,Activa,Antioquia,San Roque,6.4875,-75.017,820,5/15/1975,,Monchia,Magdalena Cauca,Medio Magdalena,Río Nare,2019,14,Andes,Definitivo,15,15,0,3.33119368553162,3.33119368553162,19.6385383605957,10.8088941574097,23.8581848144531,3.05454540252686,6.04363632202148,5,10,0.869565188884735,0.876811623573303,1,1,39,1.05999994277954,15.8999991416931
07,2022-07-08,23080760,0,Definitivo,SAN ROQUE [23080760],Pluviométrica,Convencional,Activa,Antioquia,San Roque,6.4875,-75.017,820,5/15/1975,,Monchia,Magdalena Cauca,Medio Magdalena,Río Nare,2022,08,Andes,Definitivo,0,0,0,0,0,11.0657911300659,7.42295646667481,25.0893993377686,3.05454540252686,6.04363632202148,5,10,0.869565188884735,0.876811623573303,1,1,38,1.05999994277954,0
07,2021-07-09,23080760,15,Definitivo,SAN ROQUE [23080760],Pluviométrica,Convencional,Activa,Antioquia,San Roque,6.4875,-75.017,820,5/15/1975,,Monchia,Magdalena Cauca,Medio Magdalena,Río Nare,2021,09,Andes,Definitivo,15,15,0,0.736267507076263,0.736267507076263,0,11.1067838668823,2.08459544181824,3.05454540252686,6.04363632202148,5,10,0.869565188884735,0.876811623573303,1,1,38,1.05999994277954,15.8999991416931
07,2022-07-07,23080760,6,Definitivo,SAN ROQUE [23080760],Pluviométrica,Convencional,Activa,Antioquia,San Roque,6.4875,-75.017,820,5/15/1975,,Monchia,Magdalena Cauca,Medio Magdalena,Río Nare,2022,07,Andes,Definitivo,6,6,0,0.263866603374481,0.263866603374481,0,7.16896533966065,0.275070697069168,3.05454540252686,6.04363632202148,5,10,0.869565188884735,0.876811623573303,1,1,38,1.05999994277954,6.35999965667725
07,2001-07-30,23080760,6,Definitivo,SAN ROQUE [23080760],Pluviométrica,Convencional,Activa,Antioquia,San Roque,6.4875,-75.017,820,5/15/1975,,Monchia,Magdalena Cauca,Medio Magdalena,Río Nare,2001,30,Andes,Definitivo,6,6,0,1.05646538734436,1.05646538734436,6.36859750747681,7.36409378051758,4.28911542892456,3.05454540252686,6.04363632202148,5,10,0.869565188884735,0.876811623573303,1,1,42,1.05999994277954,6.35999965667725
07,2001-07-29,23080760,,"",SAN ROQUE [23080760],Pluviométrica,Convencional,Activa,Antioquia,San Roque,6.4875,-75.017,820,5/15/1975,,Monchia,Magdalena Cauca,Medio Magdalena,Río Nare,2001,29,Andes,Preliminar,0,0,0,0,0,3.1842987537384,1.54868268966675,0.523637473583221,3.05454540252686,6.04363632202148,5,10,0.869565188884735,0.876811623573303,1,1,42,1.05999994277954,0
07,2002-07-27,23080760,0,Definitivo,SAN ROQUE [23080760],Pluviométrica,Convencional,Activa,Antioquia,San Roque,6.4875,-75.017,820,5/15/1975,,Monchia,Magdalena Cauca,Medio Magdalena,Río Nare,2002,27,Andes,Definitivo,0,0,0,14.371244430542,14.371244430542,0,1.54316735267639,0.658173859119415,3.05454540252686,6.04363632202148,5,10,0.869565188884735,0.876811623573303,1,1,42,1.05999994277954,0
07,2003-07-25,23080760,4,Definitivo,SAN ROQUE [23080760],Pluviométrica,Convencional,Activa,Antioquia,San Roque,6.4875,-75.017,820,5/15/1975,,Monchia,Magdalena Cauca,Medio Magdalena,Río Nare,2003,25,Andes,Definitivo,4,4,0,4.04473829269409,4.04473829269409,5.45585155487061,2.78694581985474,18.226432800293,3.05454540252686,6.04363632202148,5,10,0.869565188884735,0.876811623573303,1,1,41,1.05999994277954,4.23999977111816
07,2004-07-22,23080760,0,Definitivo,SAN ROQUE [23080760],Pluviométrica,Convencional,Activa,Antioquia,San Roque,6.4875,-75.017,820,5/15/1975,,Monchia,Magdalena Cauca,Medio Magdalena,Río Nare,2004,22,Andes,Definitivo,0,0,0,3.03869128227234,3.03869128227234,24.1982116699219,19.9991626739502,35.3439483642578,3.05454540252686,6.04363632202148,5,10,0.869565188884735,0.876811623573303,1,1,41,1.05999994277954,0
07,2003-07-24,23080760,11,Definitivo,SAN ROQUE [23080760],Pluviométrica,Convencional,Activa,Antioquia,San Roque,6.4875,-75.017,820,5/15/1975,,Monchia,Magdalena Cauca,Medio Magdalena,Río Nare,2003,24,Andes,Definitivo,11,11,0,4.04473829269409,4.04473829269409,10.9117031097412,16.8726081848145,5.15400457382202,3.05454540252686,6.04363632202148,5,10,0.869565188884735,0.876811623573303,1,1,41,1.05999994277954,11.659999370575
07,2006-07-18,23080760,,"",SAN ROQUE [23080760],Pluviométrica,Convencional,Activa,Antioquia,San Roque,6.4875,-75.017,820,5/15/1975,,Monchia,Magdalena Cauca,Medio Magdalena,Río Nare,2006,18,Andes,Preliminar,0,0,0,0,0,9.61498355865479,6.88674545288086,21.135425567627,3.05454540252686,6.04363632202148,5,10,0.869565188884735,0.876811623573303,1,1,40,1.05999994277954,0
07,2007-07-16,23080760,115,Definitivo,SAN ROQUE [23080760],Pluviométrica,Convencional,Activa,Antioquia,San Roque,6.4875,-75.017,820,5/15/1975,,Monchia,Magdalena Cauca,Medio Magdalena,Río Nare,2007,16,Andes,Definitivo,115,115,0,2.04973983764648,2.04973983764648,12.6791524887085,21.6271839141846,17.6823768615723,3.05454540252686,6.04363632202148,5,10,0.869565188884735,0.876811623573303,1,1,40,1.05999994277954,121.899993419647
07,2006-07-17,23080760,8,Definitivo,SAN ROQUE [23080760],Pluviométrica,Convencional,Activa,Antioquia,San Roque,6.4875,-75.017,820,5/15/1975,,Monchia,Magdalena Cauca,Medio Magdalena,Río Nare,2006,17,Andes,Definitivo,8,8,0,0,0,0,2.11111187934876,0.192959100008011,3.05454540252686,6.04363632202148,5,10,0.869565188884735,0.876811623573303,1,1,40,1.05999994277954,8.47999954223633
07,2006-07-14,23080760,7,Definitivo,SAN ROQUE [23080760],Pluviométrica,Convencional,Activa,Antioquia,San Roque,6.4875,-75.017,820,5/15/1975,,Monchia,Magdalena Cauca,Medio Magdalena,Río Nare,2006,14,Andes,Definitivo,7,7,0,2.08645796775818,2.08645796775818,21.4263553619385,6.24585056304932,34.5329208374023,3.05454540252686,6.04363632202148,5,10,0.869565188884735,0.876811623573303,1,1,39,1.05999994277954,7.41999959945679
07,2007-07-12,23080760,11,Definitivo,SAN ROQUE [23080760],Pluviométrica,Convencional,Activa,Antioquia,San Roque,6.4875,-75.017,820,5/15/1975,,Monchia,Magdalena Cauca,Medio Magdalena,Río Nare,2007,12,Andes,Definitivo,11,11,0,0.0218697991222143,0.0218697991222143,5.06495523452759,19.2119274139404,1.97196507453918,3.05454540252686,6.04363632202148,5,10,0.869565188884735,0.876811623573303,1,1,39,1.05999994277954,11.659999370575
07,2006-07-13,23080760,4,Definitivo,SAN ROQUE [23080760],Pluviométrica,Convencional,Activa,Antioquia,San Roque,6.4875,-75.017,820,5/15/1975,,Monchia,Magdalena Cauca,Medio Magdalena,Río Nare,2006,13,Andes,Definitivo,4,4,0,6.08550262451172,6.08550262451172,6.12181615829468,8.00532722473145,4.22061967849731,3.05454540252686,6.04363632202148,5,10,0.869565188884735,0.876811623573303,1,1,39,1.05999994277954,4.23999977111816
07,2004-07-13,23080760,,"",SAN ROQUE [23080760],Pluviométrica,Convencional,Activa,Antioquia,San Roque,6.4875,-75.017,820,5/15/1975,,Monchia,Magdalena Cauca,Medio Magdalena,Río Nare,2004,13,Andes,Preliminar,0,0,0,2.41582179069519,2.41582179069519,27.7506885528564,46.9288558959961,29.3770809173584,3.05454540252686,6.04363632202148,5,10,0.869565188884735,0.876811623573303,1,1,39,1.05999994277954,0
07,2004-07-10,23080760,37,Definitivo,SAN ROQUE [23080760],Pluviométrica,Convencional,Activa,Antioquia,San Roque,6.4875,-75.017,820,5/15/1975,,Monchia,Magdalena Cauca,Medio Magdalena,Río Nare,2004,10,Andes,Definitivo,37,37,0,0.380143076181412,0.380143076181412,0,11.1665563583374,2.56262040138245,3.05454540252686,6.04363632202148,5,10,0.869565188884735,0.876811623573303,1,1,38,1.05999994277954,39.219997882843
07,2006-07-07,23080760,,"",SAN ROQUE [23080760],Pluviométrica,Convencional,Activa,Antioquia,San Roque,6.4875,-75.017,820,5/15/1975,,Monchia,Magdalena Cauca,Medio Magdalena,Río Nare,2006,07,Andes,Preliminar,0,0,0,0,0,0,0.0839381963014603,0.0446434132754803,3.05454540252686,6.04363632202148,5,10,0.869565188884735,0.876811623573303,1,1,38,1.05999994277954,0
07,2006-07-08,23080760,,"",SAN ROQUE [23080760],Pluviométrica,Convencional,Activa,Antioquia,San Roque,6.4875,-75.017,820,5/15/1975,,Monchia,Magdalena Cauca,Medio Magdalena,Río Nare,2006,08,Andes,Preliminar,0,0,0,0,0,0,0.260118335485458,0.0977226048707962,3.05454540252686,6.04363632202148,5,10,0.869565188884735,0.876811623573303,1,1,38,1.05999994277954,0
07,2008-07-09,23080760,1,Definitivo,SAN ROQUE [23080760],Pluviométrica,Convencional,Activa,Antioquia,San Roque,6.4875,-75.017,820,5/15/1975,,Monchia,Magdalena Cauca,Medio Magdalena,Río Nare,2008,09,Andes,Definitivo,1,1,0,3.75604438781738,3.75604438781738,11.78835105896,9.39473438262939,13.9577608108521,3.05454540252686,6.04363632202148,5,10,0.869565188884735,0.876811623573303,1,1,38,1.05999994277954,1.05999994277954
07,2010-07-11,23080760,0,Definitivo,SAN ROQUE [23080760],Pluviométrica,Convencional,Activa,Antioquia,San Roque,6.4875,-75.017,820,5/15/1975,,Monchia,Magdalena Cauca,Medio Magdalena,Río Nare,2010,11,Andes,Definitivo,0,0,0,4.15136432647705,4.15136432647705,21.2230319976807,12.3824605941772,26.5591144561768,3.05454540252686,6.04363632202148,5,10,0.869565188884735,0.876811623573303,1,1,39,1.05999994277954,0
07,2013-07-09,23080760,,"",SAN ROQUE [23080760],Pluviométrica,Convencional,Activa,Antioquia,San Roque,6.4875,-75.017,820,5/15/1975,,Monchia,Magdalena Cauca,Medio Magdalena,Río Nare,2013,09,Andes,Preliminar,0,0,0,1.60714745521545,1.60714745521545,0,13.7469787597656,0.0533477030694485,3.05454540252686,6.04363632202148,5,10,0.869565188884735,0.876811623573303,1,1,38,1.05999994277954,0
07,2012-07-13,23080760,14,Definitivo,SAN ROQUE [23080760],Pluviométrica,Convencional,Activa,Antioquia,San Roque,6.4875,-75.017,820,5/15/1975,,Monchia,Magdalena Cauca,Medio Magdalena,Río Nare,2012,13,Andes,Definitivo,14,14,0,10.6714267730713,10.6714267730713,9.56407070159912,16.1448364257813,13.9516181945801,3.05454540252686,6.04363632202148,5,10,0.869565188884735,0.876811623573303,1,1,39,1.05999994277954,14.8399991989136
07,2011-07-18,23080760,0,Definitivo,SAN ROQUE [23080760],Pluviométrica,Convencional,Activa,Antioquia,San Roque,6.4875,-75.017,820,5/15/1975,,Monchia,Magdalena Cauca,Medio Magdalena,Río Nare,2011,18,Andes,Definitivo,0,0,0,0.955793619155884,0.955793619155884,13.3291606903076,22.9460258483887,30.2508544921875,3.05454540252686,6.04363632202148,5,10,0.869565188884735,0.876811623573303,1,1,40,1.05999994277954,0
07,2011-07-19,23080760,11,Definitivo,SAN ROQUE [23080760],Pluviométrica,Convencional,Activa,Antioquia,San Roque,6.4875,-75.017,820,5/15/1975,,Monchia,Magdalena Cauca,Medio Magdalena,Río Nare,2011,19,Andes,Definitivo,11,11,0,5.46411418914795,5.46411418914795,8.88610744476318,8.67404842376709,1.37767708301544,3.05454540252686,6.04363632202148,5,10,0.869565188884735,0.876811623573303,1,1,40,1.05999994277954,11.659999370575
07,2010-07-23,23080760,13,Definitivo,SAN ROQUE [23080760],Pluviométrica,Convencional,Activa,Antioquia,San Roque,6.4875,-75.017,820,5/15/1975,,Monchia,Magdalena Cauca,Medio Magdalena,Río Nare,2010,23,Andes,Definitivo,13,13,0,29.3569755554199,29.3569755554199,0,5.86995697021484,15.7607469558716,3.05454540252686,6.04363632202148,5,10,0.869565188884735,0.876811623573303,1,1,41,1.05999994277954,13.779999256134
07,2012-07-24,23080760,,"",SAN ROQUE [23080760],Pluviométrica,Convencional,Activa,Antioquia,San Roque,6.4875,-75.017,820,5/15/1975,,Monchia,Magdalena Cauca,Medio Magdalena,Río Nare,2012,24,Andes,Preliminar,0,0,0,0.908626437187195,0.908626437187195,5.01861333847046,0.818410515785217,8.89954280853272,3.05454540252686,6.04363632202148,5,10,0.869565188884735,0.876811623573303,1,1,41,1.05999994277954,0
07,2012-07-25,23080760,,"",SAN ROQUE [23080760],Pluviométrica,Convencional,Activa,Antioquia,San Roque,6.4875,-75.017,820,5/15/1975,,Monchia,Magdalena Cauca,Medio Magdalena,Río Nare,2012,25,Andes,Preliminar,0,0,0,2.78876233100891,2.78876233100891,0,5.14808130264282,0.00406444678083062,3.05454540252686,6.04363632202148,5,10,0.869565188884735,0.876811623573303,1,1,41,1.05999994277954,0
07,2015-07-24,23080760,,"",SAN ROQUE [23080760],Pluviométrica,Convencional,Activa,Antioquia,San Roque,6.4875,-75.017,820,5/15/1975,,Monchia,Magdalena Cauca,Medio Magdalena,Río Nare,2015,24,Andes,Preliminar,0,0,0,0.513458132743835,0.513458132743835,4.03403472900391,3.4365062713623,0.19551408290863,3.05454540252686,6.04363632202148,5,10,0.869565188884735,0.876811623573303,1,1,41,1.05999994277954,0
07,2017-07-25,23080760,0,Definitivo,SAN ROQUE [23080760],Pluviométrica,Convencional,Activa,Antioquia,San Roque,6.4875,-75.017,820,5/15/1975,,Monchia,Magdalena Cauca,Medio Magdalena,Río Nare,2017,25,Andes,Definitivo,0,0,0,0,0,4.65937519073486,0.416587978601456,8.53107261657715,3.05454540252686,6.04363632202148,5,10,0.869565188884735,0.876811623573303,1,1,41,1.05999994277954,0
07,2020-07-23,23080760,37,Definitivo,SAN ROQUE [23080760],Pluviométrica,Convencional,Activa,Antioquia,San Roque,6.4875,-75.017,820,5/15/1975,,Monchia,Magdalena Cauca,Medio Magdalena,Río Nare,2020,23,Andes,Definitivo,37,37,0,9.1111478805542,9.1111478805542,19.4799022674561,18.4378795623779,4.20751428604126,3.05454540252686,6.04363632202148,5,10,0.869565188884735,0.876811623573303,1,1,41,1.05999994277954,39.219997882843
07,2020-07-24,23080760,135,Definitivo,SAN ROQUE [23080760],Pluviométrica,Convencional,Activa,Antioquia,San Roque,6.4875,-75.017,820,5/15/1975,,Monchia,Magdalena Cauca,Medio Magdalena,Río Nare,2020,24,Andes,Definitivo,135,135,0,12.7185468673706,12.7185468673706,19.4799022674561,43.698616027832,82.7055740356445,3.05454540252686,6.04363632202148,5,10,0.869565188884735,0.876811623573303,1,1,41,1.05999994277954,143.099992275238
07,2022-07-21,23080760,0,Definitivo,SAN ROQUE [23080760],Pluviométrica,Convencional,Activa,Antioquia,San Roque,6.4875,-75.017,820,5/15/1975,,Monchia,Magdalena Cauca,Medio Magdalena,Río Nare,2022,21,Andes,Definitivo,0,0,0,2.81225681304932,2.81225681304932,13.1754055023193,1.45679891109467,17.1035289764404,3.05454540252686,6.04363632202148,5,10,0.869565188884735,0.876811623573303,1,1,41,1.05999994277954,0
07,2022-07-19,23080760,3,Definitivo,SAN ROQUE [23080760],Pluviométrica,Convencional,Activa,Antioquia,San Roque,6.4875,-75.017,820,5/15/1975,,Monchia,Magdalena Cauca,Medio Magdalena,Río Nare,2022,19,Andes,Definitivo,3,3,0,0,0,0,2.27476334571838,0.354303777217865,3.05454540252686,6.04363632202148,5,10,0.869565188884735,0.876811623573303,1,1,40,1.05999994277954,3.17999982833862
07,2020-07-19,23080760,0,Definitivo,SAN ROQUE [23080760],Pluviométrica,Convencional,Activa,Antioquia,San Roque,6.4875,-75.017,820,5/15/1975,,Monchia,Magdalena Cauca,Medio Magdalena,Río Nare,2020,19,Andes,Definitivo,0,0,0,2.49774837493897,2.49774837493897,0.992960155010223,1.67739129066467,0.574508130550385,3.05454540252686,6.04363632202148,5,10,0.869565188884735,0.876811623573303,1,1,40,1.05999994277954,0
07,2020-07-18,23080760,0,Definitivo,SAN ROQUE [23080760],Pluviométrica,Convencional,Activa,Antioquia,San Roque,6.4875,-75.017,820,5/15/1975,,Monchia,Magdalena Cauca,Medio Magdalena,Río Nare,2020,18,Andes,Definitivo,0,0,0,3.51873540878296,3.51873540878296,1.39884555339813,0.213199838995934,0.0664632022380829,3.05454540252686,6.04363632202148,5,10,0.869565188884735,0.876811623573303,1,1,40,1.05999994277954,0
07,2019-07-18,23080760,10,Definitivo,SAN ROQUE [23080760],Pluviométrica,Convencional,Activa,Antioquia,San Roque,6.4875,-75.017,820,5/15/1975,,Monchia,Magdalena Cauca,Medio Magdalena,Río Nare,2019,18,Andes,Definitivo,10,10,0,0,0,0,0.404578626155853,0,3.05454540252686,6.04363632202148,5,10,0.869565188884735,0.876811623573303,1,1,40,1.05999994277954,10.5999994277954
07,2020-07-15,23080760,22,Definitivo,SAN ROQUE [23080760],Pluviométrica,Convencional,Activa,Antioquia,San Roque,6.4875,-75.017,820,5/15/1975,,Monchia,Magdalena Cauca,Medio Magdalena,Río Nare,2020,15,Andes,Definitivo,22,22,0,0,0,0,0.339097499847412,0.305127173662186,3.05454540252686,6.04363632202148,5,10,0.869565188884735,0.876811623573303,1,1,39,1.05999994277954,23.3199987411499
07,2017-07-17,23080760,0,Definitivo,SAN ROQUE [23080760],Pluviométrica,Convencional,Activa,Antioquia,San Roque,6.4875,-75.017,820,5/15/1975,,Monchia,Magdalena Cauca,Medio Magdalena,Río Nare,2017,17,Andes,Definitivo,0,0,0,10.4375467300415,10.4375467300415,9.52427101135254,11.5448398590088,9.60839080810547,3.05454540252686,6.04363632202148,5,10,0.869565188884735,0.876811623573303,1,1,40,1.05999994277954,0
07,2018-07-15,23080760,0,Definitivo,SAN ROQUE [23080760],Pluviométrica,Convencional,Activa,Antioquia,San Roque,6.4875,-75.017,820,5/15/1975,,Monchia,Magdalena Cauca,Medio Magdalena,Río Nare,2018,15,Andes,Definitivo,0,0,0,0,0,8.46476936340332,0.196535050868988,9.36161231994629,3.05454540252686,6.04363632202148,5,10,0.869565188884735,0.876811623573303,1,1,39,1.05999994277954,0
07,2020-07-11,23080760,0,Definitivo,SAN ROQUE [23080760],Pluviométrica,Convencional,Activa,Antioquia,San Roque,6.4875,-75.017,820,5/15/1975,,Monchia,Magdalena Cauca,Medio Magdalena,Río Nare,2020,11,Andes,Definitivo,0,0,0,2.89129948616028,2.89129948616028,20.0425720214844,21.2173709869385,38.0531158447266,3.05454540252686,6.04363632202148,5,10,0.869565188884735,0.876811623573303,1,1,39,1.05999994277954,0
07,2020-07-10,23080760,45,Definitivo,SAN ROQUE [23080760],Pluviométrica,Convencional,Activa,Antioquia,San Roque,6.4875,-75.017,820,5/15/1975,,Monchia,Magdalena Cauca,Medio Magdalena,Río Nare,2020,10,Andes,Definitivo,45,45,0,1.16089880466461,1.16089880466461,0,32.4704666137695,0.465095669031143,3.05454540252686,6.04363632202148,5,10,0.869565188884735,0.876811623573303,1,1,38,1.05999994277954,47.6999974250794
07,2021-07-08,23080760,3,Definitivo,SAN ROQUE [23080760],Pluviométrica,Convencional,Activa,Antioquia,San Roque,6.4875,-75.017,820,5/15/1975,,Monchia,Magdalena Cauca,Medio Magdalena,Río Nare,2021,08,Andes,Definitivo,3,3,0,2.65403723716736,2.65403723716736,0,6.21003437042236,2.83119630813599,3.05454540252686,6.04363632202148,5,10,0.869565188884735,0.876811623573303,1,1,38,1.05999994277954,3.17999982833862
07,2023-07-05,23080760,14,Definitivo,SAN ROQUE [23080760],Pluviométrica,Convencional,Activa,Antioquia,San Roque,6.4875,-75.017,820,5/15/1975,,Monchia,Magdalena Cauca,Medio Magdalena,Río Nare,2023,05,Andes,Definitivo,14,14,0,5.76439619064331,5.76439619064331,0,7.43564939498901,1.06699478626251,3.05454540252686,6.04363632202148,5,10,0.869565188884735,0.876811623573303,1,1,37,1.05999994277954,14.8399991989136
07,2023-07-04,23080760,0,Definitivo,SAN ROQUE [23080760],Pluviométrica,Convencional,Activa,Antioquia,San Roque,6.4875,-75.017,820,5/15/1975,,Monchia,Magdalena Cauca,Medio Magdalena,Río Nare,2023,04,Andes,Definitivo,0,0,0,17.5258045196533,17.5258045196533,40.3470306396484,20.3908405303955,24.5504837036133,3.05454540252686,6.04363632202148,5,10,0.869565188884735,0.876811623573303,1,1,37,1.05999994277954,0
07,2023-07-03,23080760,39,Definitivo,SAN ROQUE [23080760],Pluviométrica,Convencional,Activa,Antioquia,San Roque,6.4875,-75.017,820,5/15/1975,,Monchia,Magdalena Cauca,Medio Magdalena,Río Nare,2023,03,Andes,Definitivo,39,39,0,2.05076479911804,2.05076479911804,0,39.2189292907715,4.64399909973145,3.05454540252686,6.04363632202148,5,10,0.869565188884735,0.876811623573303,1,1,37,1.05999994277954,41.3399977684021
07,2001-07-28,23080760,0,Definitivo,SAN ROQUE [23080760],Pluviométrica,Convencional,Activa,Antioquia,San Roque,6.4875,-75.017,820,5/15/1975,,Monchia,Magdalena Cauca,Medio Magdalena,Río Nare,2001,28,Andes,Definitivo,0,0,0,39.0892219543457,39.0892219543457,9.55289649963379,9.30992984771729,32.0580749511719,3.05454540252686,6.04363632202148,5,10,0.869565188884735,0.876811623573303,1,1,42,1.05999994277954,0
07,2002-07-26,23080760,0.1,Definitivo,SAN ROQUE [23080760],Pluviométrica,Convencional,Activa,Antioquia,San Roque,6.4875,-75.017,820,5/15/1975,,Monchia,Magdalena Cauca,Medio Magdalena,Río Nare,2002,26,Andes,Definitivo,0.1,0.1,0,10.317816734314,10.317816734314,1.66964781284332,0.0560988336801529,0.180513471364975,3.05454540252686,6.04363632202148,5,10,0.869565188884735,0.876811623573303,1,1,42,1.05999994277954,0.105999994277954
07,2002-07-25,23080760,0,Definitivo,SAN ROQUE [23080760],Pluviométrica,Convencional,Activa,Antioquia,San Roque,6.4875,-75.017,820,5/15/1975,,Monchia,Magdalena Cauca,Medio Magdalena,Río Nare,2002,25,Andes,Definitivo,0,0,0,5.41053533554077,5.41053533554077,7.62607622146606,5.02840805053711,9.11544513702393,3.05454540252686,6.04363632202148,5,10,0.869565188884735,0.876811623573303,1,1,41,1.05999994277954,0
07,2004-07-21,23080760,52,Definitivo,SAN ROQUE [23080760],Pluviométrica,Convencional,Activa,Antioquia,San Roque,6.4875,-75.017,820,5/15/1975,,Monchia,Magdalena Cauca,Medio Magdalena,Río Nare,2004,21,Andes,Definitivo,52,52,0,15.5024747848511,15.5024747848511,24.1982116699219,12.7723121643066,18.5426864624023,3.05454540252686,6.04363632202148,5,10,0.869565188884735,0.876811623573303,1,1,41,1.05999994277954,55.1199970245361
07,2005-07-19,23080760,5,Definitivo,SAN ROQUE [23080760],Pluviométrica,Convencional,Activa,Antioquia,San Roque,6.4875,-75.017,820,5/15/1975,,Monchia,Magdalena Cauca,Medio Magdalena,Río Nare,2005,19,Andes,Definitivo,5,5,0,3.9892213344574,3.9892213344574,21.7568416595459,9.8157787322998,40.8736000061035,3.05454540252686,6.04363632202148,5,10,0.869565188884735,0.876811623573303,1,1,40,1.05999994277954,5.29999971389771
07,2005-07-18,23080760,12,Definitivo,SAN ROQUE [23080760],Pluviométrica,Convencional,Activa,Antioquia,San Roque,6.4875,-75.017,820,5/15/1975,,Monchia,Magdalena Cauca,Medio Magdalena,Río Nare,2005,18,Andes,Definitivo,12,12,0,9.6775541305542,9.6775541305542,4.35136842727661,4.23460245132446,0.528978407382965,3.05454540252686,6.04363632202148,5,10,0.869565188884735,0.876811623573303,1,1,40,1.05999994277954,12.7199993133545
07,2007-07-15,23080760,18,Definitivo,SAN ROQUE [23080760],Pluviométrica,Convencional,Activa,Antioquia,San Roque,6.4875,-75.017,820,5/15/1975,,Monchia,Magdalena Cauca,Medio Magdalena,Río Nare,2007,15,Andes,Definitivo,18,18,0,32.1486053466797,32.1486053466797,5.06495523452759,23.6605186462402,2.71776509284973,3.05454540252686,6.04363632202148,5,10,0.869565188884735,0.876811623573303,1,1,39,1.05999994277954,19.0799989700317
07,2005-07-15,23080760,12,Definitivo,SAN ROQUE [23080760],Pluviométrica,Convencional,Activa,Antioquia,San Roque,6.4875,-75.017,820,5/15/1975,,Monchia,Magdalena Cauca,Medio Magdalena,Río Nare,2005,15,Andes,Definitivo,12,12,0,30.0892143249512,30.0892143249512,3.68881392478943,19.5341262817383,16.657247543335,3.05454540252686,6.04363632202148,5,10,0.869565188884735,0.876811623573303,1,1,39,1.05999994277954,12.7199993133545
07,2002-07-17,23080760,4,Definitivo,SAN ROQUE [23080760],Pluviométrica,Convencional,Activa,Antioquia,San Roque,6.4875,-75.017,820,5/15/1975,,Monchia,Magdalena Cauca,Medio Magdalena,Río Nare,2002,17,Andes,Definitivo,4,4,0,0,0,13.2326011657715,7.8840651512146,8.31637191772461,3.05454540252686,6.04363632202148,5,10,0.869565188884735,0.876811623573303,1,1,40,1.05999994277954,4.23999977111816
07,2006-07-12,23080760,20,Definitivo,SAN ROQUE [23080760],Pluviométrica,Convencional,Activa,Antioquia,San Roque,6.4875,-75.017,820,5/15/1975,,Monchia,Magdalena Cauca,Medio Magdalena,Río Nare,2006,12,Andes,Definitivo,20,20,0,2.43420076370239,2.43420076370239,0,0.264012217521668,1.75401866436005,3.05454540252686,6.04363632202148,5,10,0.869565188884735,0.876811623573303,1,1,39,1.05999994277954,21.1999988555908
07,2002-07-14,23080760,0,Definitivo,SAN ROQUE [23080760],Pluviométrica,Convencional,Activa,Antioquia,San Roque,6.4875,-75.017,820,5/15/1975,,Monchia,Magdalena Cauca,Medio Magdalena,Río Nare,2002,14,Andes,Definitivo,0,0,0,0,0,4.79330587387085,0.161633476614952,1.49261450767517,3.05454540252686,6.04363632202148,5,10,0.869565188884735,0.876811623573303,1,1,39,1.05999994277954,0
07,2002-07-11,23080760,1,Definitivo,SAN ROQUE [23080760],Pluviométrica,Convencional,Activa,Antioquia,San Roque,6.4875,-75.017,820,5/15/1975,,Monchia,Magdalena Cauca,Medio Magdalena,Río Nare,2002,11,Andes,Definitivo,1,1,0,2.62733912467957,2.62733912467957,4.79330587387085,5.32905673980713,3.64507126808167,3.05454540252686,6.04363632202148,5,10,0.869565188884735,0.876811623573303,1,1,39,1.05999994277954,1.05999994277954
07,2004-07-07,23080760,14,Definitivo,SAN ROQUE [23080760],Pluviométrica,Convencional,Activa,Antioquia,San Roque,6.4875,-75.017,820,5/15/1975,,Monchia,Magdalena Cauca,Medio Magdalena,Río Nare,2004,07,Andes,Definitivo,14,14,0,0.950357794761658,0.950357794761658,27.1194152832031,10.5895986557007,68.5764389038086,3.05454540252686,6.04363632202148,5,10,0.869565188884735,0.876811623573303,1,1,38,1.05999994277954,14.8399991989136
07,2009-07-06,23080760,4,Definitivo,SAN ROQUE [23080760],Pluviométrica,Convencional,Activa,Antioquia,San Roque,6.4875,-75.017,820,5/15/1975,,Monchia,Magdalena Cauca,Medio Magdalena,Río Nare,2009,06,Andes,Definitivo,4,4,0,28.6409435272217,28.6409435272217,12.8173522949219,21.0173034667969,20.5864295959473,3.05454540252686,6.04363632202148,5,10,0.869565188884735,0.876811623573303,1,1,38,1.05999994277954,4.23999977111816
07,2008-07-10,23080760,,"",SAN ROQUE [23080760],Pluviométrica,Convencional,Activa,Antioquia,San Roque,6.4875,-75.017,820,5/15/1975,,Monchia,Magdalena Cauca,Medio Magdalena,Río Nare,2008,10,Andes,Preliminar,0,0,0,2.38427186012268,2.38427186012268,11.78835105896,24.0289535522461,1.75916516780853,3.05454540252686,6.04363632202148,5,10,0.869565188884735,0.876811623573303,1,1,38,1.05999994277954,0
07,2008-07-11,23080760,5,Definitivo,SAN ROQUE [23080760],Pluviométrica,Convencional,Activa,Antioquia,San Roque,6.4875,-75.017,820,5/15/1975,,Monchia,Magdalena Cauca,Medio Magdalena,Río Nare,2008,11,Andes,Definitivo,5,5,0,0.545478284358978,0.545478284358978,0,8.09117984771729,1.05500793457031,3.05454540252686,6.04363632202148,5,10,0.869565188884735,0.876811623573303,1,1,39,1.05999994277954,5.29999971389771
07,2013-07-10,23080760,0,Definitivo,SAN ROQUE [23080760],Pluviométrica,Convencional,Activa,Antioquia,San Roque,6.4875,-75.017,820,5/15/1975,,Monchia,Magdalena Cauca,Medio Magdalena,Río Nare,2013,10,Andes,Definitivo,0,0,0,1.22713124752045,1.22713124752045,0,5.55395746231079,0.0205205399543047,3.05454540252686,6.04363632202148,5,10,0.869565188884735,0.876811623573303,1,1,38,1.05999994277954,0
07,2012-07-14,23080760,1,Definitivo,SAN ROQUE [23080760],Pluviométrica,Convencional,Activa,Antioquia,San Roque,6.4875,-75.017,820,5/15/1975,,Monchia,Magdalena Cauca,Medio Magdalena,Río Nare,2012,14,Andes,Definitivo,1,1,0,12.4743957519531,12.4743957519531,4.78203535079956,8.98190784454346,1.72617876529694,3.05454540252686,6.04363632202148,5,10,0.869565188884735,0.876811623573303,1,1,39,1.05999994277954,1.05999994277954
07,2012-07-15,23080760,,"",SAN ROQUE [23080760],Pluviométrica,Convencional,Activa,Antioquia,San Roque,6.4875,-75.017,820,5/15/1975,,Monchia,Magdalena Cauca,Medio Magdalena,Río Nare,2012,15,Andes,Preliminar,0,0,0,2.11076331138611,2.11076331138611,9.56407070159912,15.1333045959473,3.77583909034729,3.05454540252686,6.04363632202148,5,10,0.869565188884735,0.876811623573303,1,1,39,1.05999994277954,0
07,2011-07-20,23080760,25,Definitivo,SAN ROQUE [23080760],Pluviométrica,Convencional,Activa,Antioquia,San Roque,6.4875,-75.017,820,5/15/1975,,Monchia,Magdalena Cauca,Medio Magdalena,Río Nare,2011,20,Andes,Definitivo,25,25,0,0.601466834545136,0.601466834545136,13.3291606903076,6.02794790267944,17.9539222717285,3.05454540252686,6.04363632202148,5,10,0.869565188884735,0.876811623573303,1,1,40,1.05999994277954,26.4999985694885
07,2013-07-21,23080760,25,Definitivo,SAN ROQUE [23080760],Pluviométrica,Convencional,Activa,Antioquia,San Roque,6.4875,-75.017,820,5/15/1975,,Monchia,Magdalena Cauca,Medio Magdalena,Río Nare,2013,21,Andes,Definitivo,25,25,0,4.47736597061157,4.47736597061157,0,10.7680320739746,0.0656307563185692,3.05454540252686,6.04363632202148,5,10,0.869565188884735,0.876811623573303,1,1,41,1.05999994277954,26.4999985694885
07,2013-07-22,23080760,0,Definitivo,SAN ROQUE [23080760],Pluviométrica,Convencional,Activa,Antioquia,San Roque,6.4875,-75.017,820,5/15/1975,,Monchia,Magdalena Cauca,Medio Magdalena,Río Nare,2013,22,Andes,Definitivo,0,0,0,5.68237638473511,5.68237638473511,29.5783958435059,25.9279842376709,39.6759796142578,3.05454540252686,6.04363632202148,5,10,0.869565188884735,0.876811623573303,1,1,41,1.05999994277954,0
07,2013-07-23,23080760,,"",SAN ROQUE [23080760],Pluviométrica,Convencional,Activa,Antioquia,San Roque,6.4875,-75.017,820,5/15/1975,,Monchia,Magdalena Cauca,Medio Magdalena,Río Nare,2013,23,Andes,Preliminar,0,0,0,9.71689987182617,9.71689987182617,0,2.46712565422058,0.624314725399017,3.05454540252686,6.04363632202148,5,10,0.869565188884735,0.876811623573303,1,1,41,1.05999994277954,0
07,2015-07-25,23080760,,"",SAN ROQUE [23080760],Pluviométrica,Convencional,Activa,Antioquia,San Roque,6.4875,-75.017,820,5/15/1975,,Monchia,Magdalena Cauca,Medio Magdalena,Río Nare,2015,25,Andes,Preliminar,0,0,0,0,0,0,0.109126456081867,0.0166477039456368,3.05454540252686,6.04363632202148,5,10,0.869565188884735,0.876811623573303,1,1,41,1.05999994277954,0
07,2015-07-26,23080760,0,Definitivo,SAN ROQUE [23080760],Pluviométrica,Convencional,Activa,Antioquia,San Roque,6.4875,-75.017,820,5/15/1975,,Monchia,Magdalena Cauca,Medio Magdalena,Río Nare,2015,26,Andes,Definitivo,0,0,0,0.944041132926941,0.944041132926941,0,0.00339429266750813,0,3.05454540252686,6.04363632202148,5,10,0.869565188884735,0.876811623573303,1,1,42,1.05999994277954,0
07,2018-07-24,23080760,0,Definitivo,SAN ROQUE [23080760],Pluviométrica,Convencional,Activa,Antioquia,San Roque,6.4875,-75.017,820,5/15/1975,,Monchia,Magdalena Cauca,Medio Magdalena,Río Nare,2018,24,Andes,Definitivo,0,0,0,0,0,6.16547107696533,18.7104415893555,2.81571626663208,3.05454540252686,6.04363632202148,5,10,0.869565188884735,0.876811623573303,1,1,41,1.05999994277954,0
07,2018-07-25,23080760,0,Definitivo,SAN ROQUE [23080760],Pluviométrica,Convencional,Activa,Antioquia,San Roque,6.4875,-75.017,820,5/15/1975,,Monchia,Magdalena Cauca,Medio Magdalena,Río Nare,2018,25,Andes,Definitivo,0,0,0,0,0,0,6.98747062683106,0.00168234633747488,3.05454540252686,6.04363632202148,5,10,0.869565188884735,0.876811623573303,1,1,41,1.05999994277954,0
07,2018-07-23,23080760,6,Definitivo,SAN ROQUE [23080760],Pluviométrica,Convencional,Activa,Antioquia,San Roque,6.4875,-75.017,820,5/15/1975,,Monchia,Magdalena Cauca,Medio Magdalena,Río Nare,2018,23,Andes,Definitivo,6,6,0,16.010461807251,16.010461807251,6.16547107696533,13.8780841827393,6.25823068618774,3.05454540252686,6.04363632202148,5,10,0.869565188884735,0.876811623573303,1,1,41,1.05999994277954,6.35999965667725
07,2022-07-18,23080760,0,Definitivo,SAN ROQUE [23080760],Pluviométrica,Convencional,Activa,Antioquia,San Roque,6.4875,-75.017,820,5/15/1975,,Monchia,Magdalena Cauca,Medio Magdalena,Río Nare,2022,18,Andes,Definitivo,0,0,0,0,0,6.82466745376587,3.06528472900391,11.9674406051636,3.05454540252686,6.04363632202148,5,10,0.869565188884735,0.876811623573303,1,1,40,1.05999994277954,0
07,2019-07-20,23080760,25,Definitivo,SAN ROQUE [23080760],Pluviométrica,Convencional,Activa,Antioquia,San Roque,6.4875,-75.017,820,5/15/1975,,Monchia,Magdalena Cauca,Medio Magdalena,Río Nare,2019,20,Andes,Definitivo,25,25,0,0,0,0,0.0268393848091364,0,3.05454540252686,6.04363632202148,5,10,0.869565188884735,0.876811623573303,1,1,40,1.05999994277954,26.4999985694885
07,2018-07-19,23080760,0,Definitivo,SAN ROQUE [23080760],Pluviométrica,Convencional,Activa,Antioquia,San Roque,6.4875,-75.017,820,5/15/1975,,Monchia,Magdalena Cauca,Medio Magdalena,Río Nare,2018,19,Andes,Definitivo,0,0,0,1.93530964851379,1.93530964851379,0,0.0669011771678925,8.96839618682861,3.05454540252686,6.04363632202148,5,10,0.869565188884735,0.876811623573303,1,1,40,1.05999994277954,0
07,2019-07-17,23080760,2,Definitivo,SAN ROQUE [23080760],Pluviométrica,Convencional,Activa,Antioquia,San Roque,6.4875,-75.017,820,5/15/1975,,Monchia,Magdalena Cauca,Medio Magdalena,Río Nare,2019,17,Andes,Definitivo,2,2,0,3.56108164787293,3.56108164787293,6.47037792205811,2.78932404518127,0.742786586284638,3.05454540252686,6.04363632202148,5,10,0.869565188884735,0.876811623573303,1,1,40,1.05999994277954,2.11999988555908
07,2019-07-16,23080760,0,Definitivo,SAN ROQUE [23080760],Pluviométrica,Convencional,Activa,Antioquia,San Roque,6.4875,-75.017,820,5/15/1975,,Monchia,Magdalena Cauca,Medio Magdalena,Río Nare,2019,16,Andes,Definitivo,0,0,0,10.619348526001,10.619348526001,0,25.7728633880615,0.66327428817749,3.05454540252686,6.04363632202148,5,10,0.869565188884735,0.876811623573303,1,1,40,1.05999994277954,0
07,2017-07-16,23080760,9,Definitivo,SAN ROQUE [23080760],Pluviométrica,Convencional,Activa,Antioquia,San Roque,6.4875,-75.017,820,5/15/1975,,Monchia,Magdalena Cauca,Medio Magdalena,Río Nare,2017,16,Andes,Definitivo,9,9,0,3.08837461471558,3.08837461471558,0,20.1592559814453,15.7213563919067,3.05454540252686,6.04363632202148,5,10,0.869565188884735,0.876811623573303,1,1,40,1.05999994277954,9.53999948501587
07,2019-07-13,23080760,14,Definitivo,SAN ROQUE [23080760],Pluviométrica,Convencional,Activa,Antioquia,San Roque,6.4875,-75.017,820,5/15/1975,,Monchia,Magdalena Cauca,Medio Magdalena,Río Nare,2019,13,Andes,Definitivo,14,14,0,27.178503036499,27.178503036499,9.81926918029785,8.50965881347656,20.4642009735107,3.05454540252686,6.04363632202148,5,10,0.869565188884735,0.876811623573303,1,1,39,1.05999994277954,14.8399991989136
07,2019-07-12,23080760,32,Definitivo,SAN ROQUE [23080760],Pluviométrica,Convencional,Activa,Antioquia,San Roque,6.4875,-75.017,820,5/15/1975,,Monchia,Magdalena Cauca,Medio Magdalena,Río Nare,2019,12,Andes,Definitivo,32,32,0,0.464939028024674,0.464939028024674,0,17.8364772796631,4.3346996307373,3.05454540252686,6.04363632202148,5,10,0.869565188884735,0.876811623573303,1,1,39,1.05999994277954,33.9199981689453
07,2020-07-09,23080760,39,Definitivo,SAN ROQUE [23080760],Pluviométrica,Convencional,Activa,Antioquia,San Roque,6.4875,-75.017,820,5/15/1975,,Monchia,Magdalena Cauca,Medio Magdalena,Río Nare,2020,09,Andes,Definitivo,39,39,0,6.10786867141724,6.10786867141724,32.1230964660645,27.8968696594238,35.0655670166016,3.05454540252686,6.04363632202148,5,10,0.869565188884735,0.876811623573303,1,1,38,1.05999994277954,41.3399977684021
07,2022-07-06,23080760,3,Definitivo,SAN ROQUE [23080760],Pluviométrica,Convencional,Activa,Antioquia,San Roque,6.4875,-75.017,820,5/15/1975,,Monchia,Magdalena Cauca,Medio Magdalena,Río Nare,2022,06,Andes,Definitivo,3,3,0,0,0,11.0657911300659,5.80359601974487,16.4561519622803,3.05454540252686,6.04363632202148,5,10,0.869565188884735,0.876811623573303,1,1,38,1.05999994277954,3.17999982833862
07,2022-07-05,23080760,9,Definitivo,SAN ROQUE [23080760],Pluviométrica,Convencional,Activa,Antioquia,San Roque,6.4875,-75.017,820,5/15/1975,,Monchia,Magdalena Cauca,Medio Magdalena,Río Nare,2022,05,Andes,Definitivo,9,9,0,0,0,4.78561401367188,5.31414794921875,0.847293555736542,3.05454540252686,6.04363632202148,5,10,0.869565188884735,0.876811623573303,1,1,37,1.05999994277954,9.53999948501587
07,2022-07-04,23080760,25,Definitivo,SAN ROQUE [23080760],Pluviométrica,Convencional,Activa,Antioquia,San Roque,6.4875,-75.017,820,5/15/1975,,Monchia,Magdalena Cauca,Medio Magdalena,Río Nare,2022,04,Andes,Definitivo,25,25,0,7.72143030166626,7.72143030166626,9.57122802734375,11.5650043487549,0.43806380033493,3.05454540252686,6.04363632202148,5,10,0.869565188884735,0.876811623573303,1,1,37,1.05999994277954,26.4999985694885
07,2023-07-02,23080760,19,Definitivo,SAN ROQUE [23080760],Pluviométrica,Convencional,Activa,Antioquia,San Roque,6.4875,-75.017,820,5/15/1975,,Monchia,Magdalena Cauca,Medio Magdalena,Río Nare,2023,02,Andes,Definitivo,19,19,0,7.67846536636353,7.67846536636353,20.1735153198242,7.51216459274292,44.3947868347168,3.05454540252686,6.04363632202148,5,10,0.869565188884735,0.876811623573303,1,1,37,1.05999994277954,20.1399989128113
07,2001-07-27,23080760,23,Definitivo,SAN ROQUE [23080760],Pluviométrica,Convencional,Activa,Antioquia,San Roque,6.4875,-75.017,820,5/15/1975,,Monchia,Magdalena Cauca,Medio Magdalena,Río Nare,2001,27,Andes,Definitivo,23,23,0,0,0,0,10.3594589233398,2.2541139125824,3.05454540252686,6.04363632202148,5,10,0.869565188884735,0.876811623573303,1,1,42,1.05999994277954,24.3799986839294
07,2001-07-26,23080760,0,Definitivo,SAN ROQUE [23080760],Pluviométrica,Convencional,Activa,Antioquia,San Roque,6.4875,-75.017,820,5/15/1975,,Monchia,Magdalena Cauca,Medio Magdalena,Río Nare,2001,26,Andes,Definitivo,0,0,0,1.05646538734436,1.05646538734436,9.55289649963379,17.1536712646484,6.61677694320679,3.05454540252686,6.04363632202148,5,10,0.869565188884735,0.876811623573303,1,1,42,1.05999994277954,0
07,2003-07-23,23080760,5,Definitivo,SAN ROQUE [23080760],Pluviométrica,Convencional,Activa,Antioquia,San Roque,6.4875,-75.017,820,5/15/1975,,Monchia,Magdalena Cauca,Medio Magdalena,Río Nare,2003,23,Andes,Definitivo,5,5,0,4.04473829269409,4.04473829269409,0,0.873330354690552,0.138752311468124,3.05454540252686,6.04363632202148,5,10,0.869565188884735,0.876811623573303,1,1,41,1.05999994277954,5.29999971389771
07,2004-07-20,23080760,20,Definitivo,SAN ROQUE [23080760],Pluviométrica,Convencional,Activa,Antioquia,San Roque,6.4875,-75.017,820,5/15/1975,,Monchia,Magdalena Cauca,Medio Magdalena,Río Nare,2004,20,Andes,Definitivo,20,20,0,0,0,13.9147796630859,22.5693225860596,11.9905347824097,3.05454540252686,6.04363632202148,5,10,0.869565188884735,0.876811623573303,1,1,40,1.05999994277954,21.1999988555908
07,2004-07-19,23080760,5,Definitivo,SAN ROQUE [23080760],Pluviométrica,Convencional,Activa,Antioquia,San Roque,6.4875,-75.017,820,5/15/1975,,Monchia,Magdalena Cauca,Medio Magdalena,Río Nare,2004,19,Andes,Definitivo,5,5,0,7.32739639282227,7.32739639282227,13.9147796630859,11.1656179428101,5.4984302520752,3.05454540252686,6.04363632202148,5,10,0.869565188884735,0.876811623573303,1,1,40,1.05999994277954,5.29999971389771
07,2006-07-16,23080760,,"",SAN ROQUE [23080760],Pluviométrica,Convencional,Activa,Antioquia,San Roque,6.4875,-75.017,820,5/15/1975,,Monchia,Magdalena Cauca,Medio Magdalena,Río Nare,2006,16,Andes,Preliminar,0,0,0,2.92010378837585,2.92010378837585,4.80749177932739,10.115668296814,5.26482152938843,3.05454540252686,6.04363632202148,5,10,0.869565188884735,0.876811623573303,1,1,40,1.05999994277954,0
07,2004-07-16,23080760,1,Definitivo,SAN ROQUE [23080760],Pluviométrica,Convencional,Activa,Antioquia,San Roque,6.4875,-75.017,820,5/15/1975,,Monchia,Magdalena Cauca,Medio Magdalena,Río Nare,2004,16,Andes,Definitivo,1,1,0,23.8786907196045,23.8786907196045,13.9147796630859,33.5937767028809,44.977710723877,3.05454540252686,6.04363632202148,5,10,0.869565188884735,0.876811623573303,1,1,40,1.05999994277954,1.05999994277954
07,2004-07-15,23080760,40,Definitivo,SAN ROQUE [23080760],Pluviométrica,Convencional,Activa,Antioquia,San Roque,6.4875,-75.017,820,5/15/1975,,Monchia,Magdalena Cauca,Medio Magdalena,Río Nare,2004,15,Andes,Definitivo,40,40,0,4.40142869949341,4.40142869949341,27.7506885528564,21.1561985015869,11.1807670593262,3.05454540252686,6.04363632202148,5,10,0.869565188884735,0.876811623573303,1,1,39,1.05999994277954,42.3999977111816
07,2002-07-16,23080760,3,Definitivo,SAN ROQUE [23080760],Pluviométrica,Convencional,Activa,Antioquia,San Roque,6.4875,-75.017,820,5/15/1975,,Monchia,Magdalena Cauca,Medio Magdalena,Río Nare,2002,16,Andes,Definitivo,3,3,0,0,0,9.92445087432861,20.7147331237793,3.88459658622742,3.05454540252686,6.04363632202148,5,10,0.869565188884735,0.876811623573303,1,1,40,1.05999994277954,3.17999982833862
07,2004-07-12,23080760,28,Definitivo,SAN ROQUE [23080760],Pluviométrica,Convencional,Activa,Antioquia,San Roque,6.4875,-75.017,820,5/15/1975,,Monchia,Magdalena Cauca,Medio Magdalena,Río Nare,2004,12,Andes,Definitivo,28,28,0,0,0,13.8753442764282,8.67014312744141,46.4179420471191,3.05454540252686,6.04363632202148,5,10,0.869565188884735,0.876811623573303,1,1,39,1.05999994277954,29.6799983978272
07,2006-07-09,23080760,,"",SAN ROQUE [23080760],Pluviométrica,Convencional,Activa,Antioquia,San Roque,6.4875,-75.017,820,5/15/1975,,Monchia,Magdalena Cauca,Medio Magdalena,Río Nare,2006,09,Andes,Preliminar,0,0,0,0.281184762716293,0.281184762716293,0,1.29661548137665,0.0583117082715035,3.05454540252686,6.04363632202148,5,10,0.869565188884735,0.876811623573303,1,1,38,1.05999994277954,0
07,2003-07-09,23080760,0,Definitivo,SAN ROQUE [23080760],Pluviométrica,Convencional,Activa,Antioquia,San Roque,6.4875,-75.017,820,5/15/1975,,Monchia,Magdalena Cauca,Medio Magdalena,Río Nare,2003,09,Andes,Definitivo,0,0,0,33.2288627624512,33.2288627624512,6.45750570297241,12.7485189437866,2.78773808479309,3.05454540252686,6.04363632202148,5,10,0.869565188884735,0.876811623573303,1,1,38,1.05999994277954,0
07,2004-07-08,23080760,0,Definitivo,SAN ROQUE [23080760],Pluviométrica,Convencional,Activa,Antioquia,San Roque,6.4875,-75.017,820,5/15/1975,,Monchia,Magdalena Cauca,Medio Magdalena,Río Nare,2004,08,Andes,Definitivo,0,0,0,11.5468454360962,11.5468454360962,0,31.3046588897705,0.211765423417091,3.05454540252686,6.04363632202148,5,10,0.869565188884735,0.876811623573303,1,1,38,1.05999994277954,0
07,2009-07-07,23080760,16,Definitivo,SAN ROQUE [23080760],Pluviométrica,Convencional,Activa,Antioquia,San Roque,6.4875,-75.017,820,5/15/1975,,Monchia,Magdalena Cauca,Medio Magdalena,Río Nare,2009,07,Andes,Definitivo,16,16,0,1.98117780685425,1.98117780685425,8.54490184783936,4.21123933792114,0.287658631801605,3.05454540252686,6.04363632202148,5,10,0.869565188884735,0.876811623573303,1,1,38,1.05999994277954,16.9599990844727
07,2009-07-08,23080760,2,Definitivo,SAN ROQUE [23080760],Pluviométrica,Convencional,Activa,Antioquia,San Roque,6.4875,-75.017,820,5/15/1975,,Monchia,Magdalena Cauca,Medio Magdalena,Río Nare,2009,08,Andes,Definitivo,2,2,0,9.92742347717285,9.92742347717285,17.0898036956787,45.5932464599609,53.7896614074707,3.05454540252686,6.04363632202148,5,10,0.869565188884735,0.876811623573303,1,1,38,1.05999994277954,2.11999988555908
07,2011-07-10,23080760,0,Definitivo,SAN ROQUE [23080760],Pluviométrica,Convencional,Activa,Antioquia,San Roque,6.4875,-75.017,820,5/15/1975,,Monchia,Magdalena Cauca,Medio Magdalena,Río Nare,2011,10,Andes,Definitivo,0,0,0,0.912449419498444,0.912449419498444,4.1903190612793,2.85966420173645,2.01523089408875,3.05454540252686,6.04363632202148,5,10,0.869565188884735,0.876811623573303,1,1,38,1.05999994277954,0
07,2013-07-11,23080760,3,Definitivo,SAN ROQUE [23080760],Pluviométrica,Convencional,Activa,Antioquia,San Roque,6.4875,-75.017,820,5/15/1975,,Monchia,Magdalena Cauca,Medio Magdalena,Río Nare,2013,11,Andes,Definitivo,3,3,0,4.56376695632935,4.56376695632935,9.4034423828125,9.88958168029785,10.024432182312,3.05454540252686,6.04363632202148,5,10,0.869565188884735,0.876811623573303,1,1,39,1.05999994277954,3.17999982833862
07,2013-07-12,23080760,7,Definitivo,SAN ROQUE [23080760],Pluviométrica,Convencional,Activa,Antioquia,San Roque,6.4875,-75.017,820,5/15/1975,,Monchia,Magdalena Cauca,Medio Magdalena,Río Nare,2013,12,Andes,Definitivo,7,7,0,6.04282951354981,6.04282951354981,4.70172119140625,3.60712194442749,0.329666674137116,3.05454540252686,6.04363632202148,5,10,0.869565188884735,0.876811623573303,1,1,39,1.05999994277954,7.41999959945679
07,2012-07-16,23080760,0,Definitivo,SAN ROQUE [23080760],Pluviométrica,Convencional,Activa,Antioquia,San Roque,6.4875,-75.017,820,5/15/1975,,Monchia,Magdalena Cauca,Medio Magdalena,Río Nare,2012,16,Andes,Definitivo,0,0,0,8.01354885101318,8.01354885101318,0,1.04219567775726,1.12629401683807,3.05454540252686,6.04363632202148,5,10,0.869565188884735,0.876811623573303,1,1,40,1.05999994277954,0
07,2011-07-21,23080760,0,Definitivo,SAN ROQUE [23080760],Pluviométrica,Convencional,Activa,Antioquia,San Roque,6.4875,-75.017,820,5/15/1975,,Monchia,Magdalena Cauca,Medio Magdalena,Río Nare,2011,21,Andes,Definitivo,0,0,0,0.0507592111825943,0.0507592111825943,2.12065887451172,4.17261075973511,10.0020780563354,3.05454540252686,6.04363632202148,5,10,0.869565188884735,0.876811623573303,1,1,41,1.05999994277954,0
07,2011-07-22,23080760,,"",SAN ROQUE [23080760],Pluviométrica,Convencional,Activa,Antioquia,San Roque,6.4875,-75.017,820,5/15/1975,,Monchia,Magdalena Cauca,Medio Magdalena,Río Nare,2011,22,Andes,Preliminar,0,0,0,6.20613718032837,6.20613718032837,0,0.219693198800087,0.0958217605948448,3.05454540252686,6.04363632202148,5,10,0.869565188884735,0.876811623573303,1,1,41,1.05999994277954,0
07,2011-07-23,23080760,,"",SAN ROQUE [23080760],Pluviométrica,Convencional,Activa,Antioquia,San Roque,6.4875,-75.017,820,5/15/1975,,Monchia,Magdalena Cauca,Medio Magdalena,Río Nare,2011,23,Andes,Preliminar,1,1,0,2.37448644638062,2.37448644638062,0,7.50210046768189,0.017205623909831,3.05454540252686,6.04363632202148,5,10,0.869565188884735,0.876811623573303,1,1,41,1.05999994277954,1.05999994277954
07,2016-07-21,23080760,,"",SAN ROQUE [23080760],Pluviométrica,Convencional,Activa,Antioquia,San Roque,6.4875,-75.017,820,5/15/1975,,Monchia,Magdalena Cauca,Medio Magdalena,Río Nare,2016,21,Andes,Preliminar,0,0,0,10.9267816543579,10.9267816543579,0,1.00532627105713,2.47726655006409,3.05454540252686,6.04363632202148,5,10,0.869565188884735,0.876811623573303,1,1,41,1.05999994277954,0
07,2016-07-22,23080760,4,Definitivo,SAN ROQUE [23080760],Pluviométrica,Convencional,Activa,Antioquia,San Roque,6.4875,-75.017,820,5/15/1975,,Monchia,Magdalena Cauca,Medio Magdalena,Río Nare,2016,22,Andes,Definitivo,4,4,0,1.73427081108093,1.73427081108093,19.3516159057617,0.796558201313019,8.68771839141846,3.05454540252686,6.04363632202148,5,10,0.869565188884735,0.876811623573303,1,1,41,1.05999994277954,4.23999977111816
07,2019-07-21,23080760,10,Definitivo,SAN ROQUE [23080760],Pluviométrica,Convencional,Activa,Antioquia,San Roque,6.4875,-75.017,820,5/15/1975,,Monchia,Magdalena Cauca,Medio Magdalena,Río Nare,2019,21,Andes,Definitivo,10,10,0,0,0,4.45129203796387,0.917591154575348,10.5665731430054,3.05454540252686,6.04363632202148,5,10,0.869565188884735,0.876811623573303,1,1,41,1.05999994277954,10.5999994277954
07,2019-07-22,23080760,3,Definitivo,SAN ROQUE [23080760],Pluviométrica,Convencional,Activa,Antioquia,San Roque,6.4875,-75.017,820,5/15/1975,,Monchia,Magdalena Cauca,Medio Magdalena,Río Nare,2019,22,Andes,Definitivo,3,3,0,1.88783752918243,1.88783752918243,8.90258407592773,0.993761122226715,19.9580879211426,3.05454540252686,6.04363632202148,5,10,0.869565188884735,0.876811623573303,1,1,41,1.05999994277954,3.17999982833862
07,2020-07-21,23080760,2,Definitivo,SAN ROQUE [23080760],Pluviométrica,Convencional,Activa,Antioquia,San Roque,6.4875,-75.017,820,5/15/1975,,Monchia,Magdalena Cauca,Medio Magdalena,Río Nare,2020,21,Andes,Definitivo,2,2,0,4.58306789398193,4.58306789398193,19.4799022674561,13.9785614013672,0.159701883792877,3.05454540252686,6.04363632202148,5,10,0.869565188884735,0.876811623573303,1,1,41,1.05999994277954,2.11999988555908
07,2018-07-22,23080760,0,Definitivo,SAN ROQUE [23080760],Pluviométrica,Convencional,Activa,Antioquia,San Roque,6.4875,-75.017,820,5/15/1975,,Monchia,Magdalena Cauca,Medio Magdalena,Río Nare,2018,22,Andes,Definitivo,0,0,0,12.8016805648804,12.8016805648804,6.16547107696533,2.58984780311584,20.7146396636963,3.05454540252686,6.04363632202148,5,10,0.869565188884735,0.876811623573303,1,1,41,1.05999994277954,0
07,2018-07-21,23080760,42,Definitivo,SAN ROQUE [23080760],Pluviométrica,Convencional,Activa,Antioquia,San Roque,6.4875,-75.017,820,5/15/1975,,Monchia,Magdalena Cauca,Medio Magdalena,Río Nare,2018,21,Andes,Definitivo,42,42,0,1.72284913063049,1.72284913063049,18.4964122772217,2.57784175872803,14.9534168243408,3.05454540252686,6.04363632202148,5,10,0.869565188884735,0.876811623573303,1,1,41,1.05999994277954,44.5199975967407
07,2017-07-20,23080760,0,Definitivo,SAN ROQUE [23080760],Pluviométrica,Convencional,Activa,Antioquia,San Roque,6.4875,-75.017,820,5/15/1975,,Monchia,Magdalena Cauca,Medio Magdalena,Río Nare,2017,20,Andes,Definitivo,0,0,0,1.38125538825989,1.38125538825989,19.0485420227051,10.0056915283203,23.5170631408691,3.05454540252686,6.04363632202148,5,10,0.869565188884735,0.876811623573303,1,1,40,1.05999994277954,0
07,2018-07-18,23080760,4,Definitivo,SAN ROQUE [23080760],Pluviométrica,Convencional,Activa,Antioquia,San Roque,6.4875,-75.017,820,5/15/1975,,Monchia,Magdalena Cauca,Medio Magdalena,Río Nare,2018,18,Andes,Definitivo,4,4,0,7.32243537902832,7.32243537902832,0,0.312493294477463,0.373217433691025,3.05454540252686,6.04363632202148,5,10,0.869565188884735,0.876811623573303,1,1,40,1.05999994277954,4.23999977111816
07,2015-07-20,23080760,,"",SAN ROQUE [23080760],Pluviométrica,Convencional,Activa,Antioquia,San Roque,6.4875,-75.017,820,5/15/1975,,Monchia,Magdalena Cauca,Medio Magdalena,Río Nare,2015,20,Andes,Preliminar,0,0,0,3.88083171844482,3.88083171844482,4.89778280258179,66.6001892089844,1.30142164230347,3.05454540252686,6.04363632202148,5,10,0.869565188884735,0.876811623573303,1,1,40,1.05999994277954,0
07,2016-07-17,23080760,30,Definitivo,SAN ROQUE [23080760],Pluviométrica,Convencional,Activa,Antioquia,San Roque,6.4875,-75.017,820,5/15/1975,,Monchia,Magdalena Cauca,Medio Magdalena,Río Nare,2016,17,Andes,Definitivo,30,30,0,3.72924494743347,3.72924494743347,0,2.45137572288513,0.00772582879289985,3.05454540252686,6.04363632202148,5,10,0.869565188884735,0.876811623573303,1,1,40,1.05999994277954,31.7999982833862
07,2018-07-14,23080760,5,Definitivo,SAN ROQUE [23080760],Pluviométrica,Convencional,Activa,Antioquia,San Roque,6.4875,-75.017,820,5/15/1975,,Monchia,Magdalena Cauca,Medio Magdalena,Río Nare,2018,14,Andes,Definitivo,5,5,0,0,0,8.46476936340332,0.058046642690897,11.3035202026367,3.05454540252686,6.04363632202148,5,10,0.869565188884735,0.876811623573303,1,1,39,1.05999994277954,5.29999971389771
07,2018-07-13,23080760,1,Definitivo,SAN ROQUE [23080760],Pluviométrica,Convencional,Activa,Antioquia,San Roque,6.4875,-75.017,820,5/15/1975,,Monchia,Magdalena Cauca,Medio Magdalena,Río Nare,2018,13,Andes,Definitivo,1,1,0,10.5831546783447,10.5831546783447,0,0.078016109764576,0.111868567764759,3.05454540252686,6.04363632202148,5,10,0.869565188884735,0.876811623573303,1,1,39,1.05999994277954,1.05999994277954
07,2019-07-11,23080760,10,Definitivo,SAN ROQUE [23080760],Pluviométrica,Convencional,Activa,Antioquia,San Roque,6.4875,-75.017,820,5/15/1975,,Monchia,Magdalena Cauca,Medio Magdalena,Río Nare,2019,11,Andes,Definitivo,10,10,0,0.341636180877686,0.341636180877686,19.6385383605957,20.4128684997559,2.49658679962158,3.05454540252686,6.04363632202148,5,10,0.869565188884735,0.876811623573303,1,1,39,1.05999994277954,10.5999994277954
07,2021-07-07,23080760,0,Definitivo,SAN ROQUE [23080760],Pluviométrica,Convencional,Activa,Antioquia,San Roque,6.4875,-75.017,820,5/15/1975,,Monchia,Magdalena Cauca,Medio Magdalena,Río Nare,2021,07,Andes,Definitivo,0,0,0,18.3687362670898,18.3687362670898,0,0.419713884592056,0.107356607913971,3.05454540252686,6.04363632202148,5,10,0.869565188884735,0.876811623573303,1,1,38,1.05999994277954,0
07,2021-07-06,23080760,0,Definitivo,SAN ROQUE [23080760],Pluviométrica,Convencional,Activa,Antioquia,San Roque,6.4875,-75.017,820,5/15/1975,,Monchia,Magdalena Cauca,Medio Magdalena,Río Nare,2021,06,Andes,Definitivo,0,0,0,3.5806360244751,3.5806360244751,10.1358699798584,0.494826316833496,6.60080814361572,3.05454540252686,6.04363632202148,5,10,0.869565188884735,0.876811623573303,1,1,38,1.05999994277954,0
07,2023-07-01,23080760,0,Definitivo,SAN ROQUE [23080760],Pluviométrica,Convencional,Activa,Antioquia,San Roque,6.4875,-75.017,820,5/15/1975,,Monchia,Magdalena Cauca,Medio Magdalena,Río Nare,2023,01,Andes,Definitivo,0,0,0,2.19152760505676,2.19152760505676,0,0.0986852794885635,0,3.05454540252686,6.04363632202148,5,10,0.869565188884735,0.876811623573303,1,1,37,1.05999994277954,0
07,2002-07-08,23080760,,"",SAN ROQUE [23080760],Pluviométrica,Convencional,Activa,Antioquia,San Roque,6.4875,-75.017,820,5/15/1975,,Monchia,Magdalena Cauca,Medio Magdalena,Río Nare,2002,08,Andes,Preliminar,0,0,0,9.93594169616699,9.93594169616699,0,0.310627609491348,0,3.05454540252686,6.04363632202148,5,10,0.869565188884735,0.876811623573303,1,1,38,1.05999994277954,0
07,2007-07-07,23080760,40,Definitivo,SAN ROQUE [23080760],Pluviométrica,Convencional,Activa,Antioquia,San Roque,6.4875,-75.017,820,5/15/1975,,Monchia,Magdalena Cauca,Medio Magdalena,Río Nare,2007,07,Andes,Definitivo,40,40,0,0,0,7.53798294067383,2.48882126808167,3.46419310569763,3.05454540252686,6.04363632202148,5,10,0.869565188884735,0.876811623573303,1,1,38,1.05999994277954,42.3999977111816
07,2007-07-08,23080760,22,Definitivo,SAN ROQUE [23080760],Pluviométrica,Convencional,Activa,Antioquia,San Roque,6.4875,-75.017,820,5/15/1975,,Monchia,Magdalena Cauca,Medio Magdalena,Río Nare,2007,08,Andes,Definitivo,22,22,0,8.92611312866211,8.92611312866211,15.0759658813477,17.7645530700684,5.52681541442871,3.05454540252686,6.04363632202148,5,10,0.869565188884735,0.876811623573303,1,1,38,1.05999994277954,23.3199987411499
07,2002-07-24,23080760,16,Definitivo,SAN ROQUE [23080760],Pluviométrica,Convencional,Activa,Antioquia,San Roque,6.4875,-75.017,820,5/15/1975,,Monchia,Magdalena Cauca,Medio Magdalena,Río Nare,2002,24,Andes,Definitivo,16,16,0,4.62279510498047,4.62279510498047,15.2521524429321,15.3533639907837,36.7892074584961,3.05454540252686,6.04363632202148,5,10,0.869565188884735,0.876811623573303,1,1,41,1.05999994277954,16.9599990844727
07,2003-07-22,23080760,0,Definitivo,SAN ROQUE [23080760],Pluviométrica,Convencional,Activa,Antioquia,San Roque,6.4875,-75.017,820,5/15/1975,,Monchia,Magdalena Cauca,Medio Magdalena,Río Nare,2003,22,Andes,Definitivo,0,0,0,4.04473829269409,4.04473829269409,0,2.60071921348572,0,3.05454540252686,6.04363632202148,5,10,0.869565188884735,0.876811623573303,1,1,41,1.05999994277954,0
07,2002-07-23,23080760,19,Definitivo,SAN ROQUE [23080760],Pluviométrica,Convencional,Activa,Antioquia,San Roque,6.4875,-75.017,820,5/15/1975,,Monchia,Magdalena Cauca,Medio Magdalena,Río Nare,2002,23,Andes,Definitivo,19,19,0,0.932851076126099,0.932851076126099,0,3.24293184280396,0.3848637342453,3.05454540252686,6.04363632202148,5,10,0.869565188884735,0.876811623573303,1,1,41,1.05999994277954,20.1399989128113
07,2005-07-17,23080760,,"",SAN ROQUE [23080760],Pluviométrica,Convencional,Activa,Antioquia,San Roque,6.4875,-75.017,820,5/15/1975,,Monchia,Magdalena Cauca,Medio Magdalena,Río Nare,2005,17,Andes,Preliminar,0,0,0,17.0354518890381,17.0354518890381,4.35136842727661,10.2480916976929,6.82297039031982,3.05454540252686,6.04363632202148,5,10,0.869565188884735,0.876811623573303,1,1,40,1.05999994277954,0
07,2006-07-15,23080760,6,Definitivo,SAN ROQUE [23080760],Pluviométrica,Convencional,Activa,Antioquia,San Roque,6.4875,-75.017,820,5/15/1975,,Monchia,Magdalena Cauca,Medio Magdalena,Río Nare,2006,15,Andes,Definitivo,6,6,0,4.69453048706055,4.69453048706055,3.06090807914734,24.7047157287598,7.67504453659058,3.05454540252686,6.04363632202148,5,10,0.869565188884735,0.876811623573303,1,1,39,1.05999994277954,6.35999965667725
07,2002-07-19,23080760,1,Definitivo,SAN ROQUE [23080760],Pluviométrica,Convencional,Activa,Antioquia,San Roque,6.4875,-75.017,820,5/15/1975,,Monchia,Magdalena Cauca,Medio Magdalena,Río Nare,2002,19,Andes,Definitivo,1,1,0,0,0,0,2.2618248462677,0.17919097840786,3.05454540252686,6.04363632202148,5,10,0.869565188884735,0.876811623573303,1,1,40,1.05999994277954,1.05999994277954
07,2003-07-17,23080760,5,Definitivo,SAN ROQUE [23080760],Pluviométrica,Convencional,Activa,Antioquia,San Roque,6.4875,-75.017,820,5/15/1975,,Monchia,Magdalena Cauca,Medio Magdalena,Río Nare,2003,17,Andes,Definitivo,5,5,0,0,0,10.2900304794312,10.9028224945068,12.4655084609985,3.05454540252686,6.04363632202148,5,10,0.869565188884735,0.876811623573303,1,1,40,1.05999994277954,5.29999971389771
07,2003-07-14,23080760,0,Definitivo,SAN ROQUE [23080760],Pluviométrica,Convencional,Activa,Antioquia,San Roque,6.4875,-75.017,820,5/15/1975,,Monchia,Magdalena Cauca,Medio Magdalena,Río Nare,2003,14,Andes,Definitivo,0,0,0,0,0,3.54710268974304,1.75435757637024,15.371488571167,3.05454540252686,6.04363632202148,5,10,0.869565188884735,0.876811623573303,1,1,39,1.05999994277954,0
07,2002-07-13,23080760,0,Definitivo,SAN ROQUE [23080760],Pluviométrica,Convencional,Activa,Antioquia,San Roque,6.4875,-75.017,820,5/15/1975,,Monchia,Magdalena Cauca,Medio Magdalena,Río Nare,2002,13,Andes,Definitivo,0,0,0,0,0,0,1.71101081371307,0.0111515214666724,3.05454540252686,6.04363632202148,5,10,0.869565188884735,0.876811623573303,1,1,39,1.05999994277954,0
07,2004-07-09,23080760,,"",SAN ROQUE [23080760],Pluviométrica,Convencional,Activa,Antioquia,San Roque,6.4875,-75.017,820,5/15/1975,,Monchia,Magdalena Cauca,Medio Magdalena,Río Nare,2004,09,Andes,Preliminar,1,1,0,33.756706237793,33.756706237793,18.079610824585,9.21801376342773,1.61473596096039,3.05454540252686,6.04363632202148,5,10,0.869565188884735,0.876811623573303,1,1,38,1.05999994277954,1.05999994277954
07,2017-07-21,23080760,0,Definitivo,SAN ROQUE [23080760],Pluviométrica,Convencional,Activa,Antioquia,San Roque,6.4875,-75.017,820,5/15/1975,,Monchia,Magdalena Cauca,Medio Magdalena,Río Nare,2017,21,Andes,Definitivo,0,0,0,9.01051807403564,9.01051807403564,0,0.115013383328915,0,3.05454540252686,6.04363632202148,5,10,0.869565188884735,0.876811623573303,1,1,41,1.05999994277954,0
07,2019-07-23,23080760,2,Definitivo,SAN ROQUE [23080760],Pluviométrica,Convencional,Activa,Antioquia,San Roque,6.4875,-75.017,820,5/15/1975,,Monchia,Magdalena Cauca,Medio Magdalena,Río Nare,2019,23,Andes,Definitivo,2,2,0,2.72611284255981,2.72611284255981,13.3538761138916,23.0470066070557,20.5050430297852,3.05454540252686,6.04363632202148,5,10,0.869565188884735,0.876811623573303,1,1,41,1.05999994277954,2.11999988555908
07,2017-07-23,23080760,0,Definitivo,SAN ROQUE [23080760],Pluviométrica,Convencional,Activa,Antioquia,San Roque,6.4875,-75.017,820,5/15/1975,,Monchia,Magdalena Cauca,Medio Magdalena,Río Nare,2017,23,Andes,Definitivo,0,0,0,0,0,6.21250057220459,0.490574270486832,8.62280654907227,3.05454540252686,6.04363632202148,5,10,0.869565188884735,0.876811623573303,1,1,41,1.05999994277954,0
07,2012-07-06,23080760,,"",SAN ROQUE [23080760],Pluviométrica,Convencional,Activa,Antioquia,San Roque,6.4875,-75.017,820,5/15/1975,,Monchia,Magdalena Cauca,Medio Magdalena,Río Nare,2012,06,Andes,Preliminar,0,0,0,18.6140918731689,18.6140918731689,10.6481885910034,14.4856653213501,39.2248039245606,3.05454540252686,6.04363632202148,5,10,0.869565188884735,0.876811623573303,1,1,38,1.05999994277954,0
07,2011-07-11,23080760,2,Definitivo,SAN ROQUE [23080760],Pluviométrica,Convencional,Activa,Antioquia,San Roque,6.4875,-75.017,820,5/15/1975,,Monchia,Magdalena Cauca,Medio Magdalena,Río Nare,2011,11,Andes,Definitivo,2,2,0,0.158778965473175,0.158778965473175,10.9824380874634,1.66912138462067,5.56376791000366,3.05454540252686,6.04363632202148,5,10,0.869565188884735,0.876811623573303,1,1,39,1.05999994277954,2.11999988555908
07,2014-07-09,23080760,,"",SAN ROQUE [23080760],Pluviométrica,Convencional,Activa,Antioquia,San Roque,6.4875,-75.017,820,5/15/1975,,Monchia,Magdalena Cauca,Medio Magdalena,Río Nare,2014,09,Andes,Preliminar,0,0,0,1.81427538394928,1.81427538394928,0,0.0856005772948265,2.26434683799744,3.05454540252686,6.04363632202148,5,10,0.869565188884735,0.876811623573303,1,1,38,1.05999994277954,0
07,2013-07-13,23080760,,"",SAN ROQUE [23080760],Pluviométrica,Convencional,Activa,Antioquia,San Roque,6.4875,-75.017,820,5/15/1975,,Monchia,Magdalena Cauca,Medio Magdalena,Río Nare,2013,13,Andes,Preliminar,0,0,0,4.67764329910278,4.67764329910278,4.70172119140625,5.60084581375122,5.04570865631104,3.05454540252686,6.04363632202148,5,10,0.869565188884735,0.876811623573303,1,1,39,1.05999994277954,0
07,2012-07-17,23080760,4,Definitivo,SAN ROQUE [23080760],Pluviométrica,Convencional,Activa,Antioquia,San Roque,6.4875,-75.017,820,5/15/1975,,Monchia,Magdalena Cauca,Medio Magdalena,Río Nare,2012,17,Andes,Definitivo,4,4,0,3.5734965801239,3.5734965801239,0,0.0667161792516708,2.76698160171509,3.05454540252686,6.04363632202148,5,10,0.869565188884735,0.876811623573303,1,1,40,1.05999994277954,4.23999977111816
07,2012-07-18,23080760,,"",SAN ROQUE [23080760],Pluviométrica,Convencional,Activa,Antioquia,San Roque,6.4875,-75.017,820,5/15/1975,,Monchia,Magdalena Cauca,Medio Magdalena,Río Nare,2012,18,Andes,Preliminar,0,0,0,2.20013213157654,2.20013213157654,5.21533298492432,6.39378595352173,3.69265341758728,3.05454540252686,6.04363632202148,5,10,0.869565188884735,0.876811623573303,1,1,40,1.05999994277954,0
07,2012-07-19,23080760,,"",SAN ROQUE [23080760],Pluviométrica,Convencional,Activa,Antioquia,San Roque,6.4875,-75.017,820,5/15/1975,,Monchia,Magdalena Cauca,Medio Magdalena,Río Nare,2012,19,Andes,Preliminar,0,0,0,5.86103773117065,5.86103773117065,0,3.43654012680054,1.2254102230072,3.05454540252686,6.04363632202148,5,10,0.869565188884735,0.876811623573303,1,1,40,1.05999994277954,0
07,2014-07-21,23080760,10,Definitivo,SAN ROQUE [23080760],Pluviométrica,Convencional,Activa,Antioquia,San Roque,6.4875,-75.017,820,5/15/1975,,Monchia,Magdalena Cauca,Medio Magdalena,Río Nare,2014,21,Andes,Definitivo,10,10,0,1.41538190841675,1.41538190841675,12.4033031463623,5.55045652389526,3.70838522911072,3.05454540252686,6.04363632202148,5,10,0.869565188884735,0.876811623573303,1,1,41,1.05999994277954,10.5999994277954
07,2014-07-22,23080760,28,Definitivo,SAN ROQUE [23080760],Pluviométrica,Convencional,Activa,Antioquia,San Roque,6.4875,-75.017,820,5/15/1975,,Monchia,Magdalena Cauca,Medio Magdalena,Río Nare,2014,22,Andes,Definitivo,28,28,0,4.01545286178589,4.01545286178589,0,11.2031469345093,12.3759145736694,3.05454540252686,6.04363632202148,5,10,0.869565188884735,0.876811623573303,1,1,41,1.05999994277954,29.6799983978272
07,2014-07-23,23080760,0,Definitivo,SAN ROQUE [23080760],Pluviométrica,Convencional,Activa,Antioquia,San Roque,6.4875,-75.017,820,5/15/1975,,Monchia,Magdalena Cauca,Medio Magdalena,Río Nare,2014,23,Andes,Definitivo,0,0,0,6.34102487564087,6.34102487564087,0,2.64917397499084,2.07600164413452,3.05454540252686,6.04363632202148,5,10,0.869565188884735,0.876811623573303,1,1,41,1.05999994277954,0
07,2003-07-11,23080760,0,Definitivo,SAN ROQUE [23080760],Pluviométrica,Convencional,Activa,Antioquia,San Roque,6.4875,-75.017,820,5/15/1975,,Monchia,Magdalena Cauca,Medio Magdalena,Río Nare,2003,11,Andes,Definitivo,0,0,0,16.2956218719482,16.2956218719482,3.54710268974304,11.7174615859985,0.562327206134796,3.05454540252686,6.04363632202148,5,10,0.869565188884735,0.876811623573303,1,1,39,1.05999994277954,0
07,2004-07-06,23080760,63,Definitivo,SAN ROQUE [23080760],Pluviométrica,Convencional,Activa,Antioquia,San Roque,6.4875,-75.017,820,5/15/1975,,Monchia,Magdalena Cauca,Medio Magdalena,Río Nare,2004,06,Andes,Definitivo,63,63,0,1.35901153087616,1.35901153087616,0,12.0460271835327,1.35929834842682,3.05454540252686,6.04363632202148,5,10,0.869565188884735,0.876811623573303,1,1,38,1.05999994277954,66.7799963951111
07,2005-07-06,23080760,7,Definitivo,SAN ROQUE [23080760],Pluviométrica,Convencional,Activa,Antioquia,San Roque,6.4875,-75.017,820,5/15/1975,,Monchia,Magdalena Cauca,Medio Magdalena,Río Nare,2005,06,Andes,Definitivo,7,7,0,0,0,7.33998250961304,13.5000410079956,15.540810585022,3.05454540252686,6.04363632202148,5,10,0.869565188884735,0.876811623573303,1,1,38,1.05999994277954,7.41999959945679
07,2016-07-20,23080760,0,Definitivo,SAN ROQUE [23080760],Pluviométrica,Convencional,Activa,Antioquia,San Roque,6.4875,-75.017,820,5/15/1975,,Monchia,Magdalena Cauca,Medio Magdalena,Río Nare,2016,20,Andes,Definitivo,0,0,0,7.52091979980469,7.52091979980469,7.53839254379273,6.59802913665772,0.537546753883362,3.05454540252686,6.04363632202148,5,10,0.869565188884735,0.876811623573303,1,1,40,1.05999994277954,0
07,2019-07-19,23080760,0,Definitivo,SAN ROQUE [23080760],Pluviométrica,Convencional,Activa,Antioquia,San Roque,6.4875,-75.017,820,5/15/1975,,Monchia,Magdalena Cauca,Medio Magdalena,Río Nare,2019,19,Andes,Definitivo,0,0,0,0,0,12.9407558441162,0.740696847438812,28.328239440918,3.05454540252686,6.04363632202148,5,10,0.869565188884735,0.876811623573303,1,1,40,1.05999994277954,0
07,2017-07-19,23080760,6,Definitivo,SAN ROQUE [23080760],Pluviométrica,Convencional,Activa,Antioquia,San Roque,6.4875,-75.017,820,5/15/1975,,Monchia,Magdalena Cauca,Medio Magdalena,Río Nare,2017,19,Andes,Definitivo,6,6,0,8.95612049102783,8.95612049102783,28.572811126709,6.91085624694824,4.29195356369019,3.05454540252686,6.04363632202148,5,10,0.869565188884735,0.876811623573303,1,1,40,1.05999994277954,6.35999965667725
07,2016-07-16,23080760,,"",SAN ROQUE [23080760],Pluviométrica,Convencional,Activa,Antioquia,San Roque,6.4875,-75.017,820,5/15/1975,,Monchia,Magdalena Cauca,Medio Magdalena,Río Nare,2016,16,Andes,Preliminar,0,0,0,12.5239934921265,12.5239934921265,7.53839254379273,20.9753227233887,4.19714212417603,3.05454540252686,6.04363632202148,5,10,0.869565188884735,0.876811623573303,1,1,40,1.05999994277954,0
07,2017-07-14,23080760,0,Definitivo,SAN ROQUE [23080760],Pluviométrica,Convencional,Activa,Antioquia,San Roque,6.4875,-75.017,820,5/15/1975,,Monchia,Magdalena Cauca,Medio Magdalena,Río Nare,2017,14,Andes,Definitivo,0,0,0,5.833899974823,5.833899974823,0,2.67473268508911,0.157143533229828,3.05454540252686,6.04363632202148,5,10,0.869565188884735,0.876811623573303,1,1,39,1.05999994277954,0
07,2017-07-15,23080760,19,Definitivo,SAN ROQUE [23080760],Pluviométrica,Convencional,Activa,Antioquia,San Roque,6.4875,-75.017,820,5/15/1975,,Monchia,Magdalena Cauca,Medio Magdalena,Río Nare,2017,15,Andes,Definitivo,19,19,0,7.76170492172241,7.76170492172241,5.34206914901733,9.43399810791016,0.919711530208588,3.05454540252686,6.04363632202148,5,10,0.869565188884735,0.876811623573303,1,1,39,1.05999994277954,20.1399989128113
07,2019-07-10,23080760,22,Definitivo,SAN ROQUE [23080760],Pluviométrica,Convencional,Activa,Antioquia,San Roque,6.4875,-75.017,820,5/15/1975,,Monchia,Magdalena Cauca,Medio Magdalena,Río Nare,2019,10,Andes,Definitivo,22,22,0,16.4978828430176,16.4978828430176,0,0.372957348823547,1.72520065307617,3.05454540252686,6.04363632202148,5,10,0.869565188884735,0.876811623573303,1,1,38,1.05999994277954,23.3199987411499
07,2020-07-07,23080760,42,Definitivo,SAN ROQUE [23080760],Pluviométrica,Convencional,Activa,Antioquia,San Roque,6.4875,-75.017,820,5/15/1975,,Monchia,Magdalena Cauca,Medio Magdalena,Río Nare,2020,07,Andes,Definitivo,42,42,0,7.30351257324219,7.30351257324219,0,20.4063682556152,28.0662708282471,3.05454540252686,6.04363632202148,5,10,0.869565188884735,0.876811623573303,1,1,38,1.05999994277954,44.5199975967407
07,2020-07-08,23080760,22,Definitivo,SAN ROQUE [23080760],Pluviométrica,Convencional,Activa,Antioquia,San Roque,6.4875,-75.017,820,5/15/1975,,Monchia,Magdalena Cauca,Medio Magdalena,Río Nare,2020,08,Andes,Definitivo,22,22,0,4.09253263473511,4.09253263473511,48.1846427917481,36.3697471618652,58.9813613891602,3.05454540252686,6.04363632202148,5,10,0.869565188884735,0.876811623573303,1,1,38,1.05999994277954,23.3199987411499
07,2022-07-03,23080760,4,Definitivo,SAN ROQUE [23080760],Pluviométrica,Convencional,Activa,Antioquia,San Roque,6.4875,-75.017,820,5/15/1975,,Monchia,Magdalena Cauca,Medio Magdalena,Río Nare,2022,03,Andes,Definitivo,4,4,0,0,0,9.57122802734375,5.13474082946777,17.2536716461182,3.05454540252686,6.04363632202148,5,10,0.869565188884735,0.876811623573303,1,1,37,1.05999994277954,4.23999977111816
07,2012-07-22,23080760,,"",SAN ROQUE [23080760],Pluviométrica,Convencional,Activa,Antioquia,San Roque,6.4875,-75.017,820,5/15/1975,,Monchia,Magdalena Cauca,Medio Magdalena,Río Nare,2012,22,Andes,Preliminar,0,0,0,0,0,0,2.42444491386414,0.0767412260174751,3.05454540252686,6.04363632202148,5,10,0.869565188884735,0.876811623573303,1,1,41,1.05999994277954,0
07,2015-07-21,23080760,2,Definitivo,SAN ROQUE [23080760],Pluviométrica,Convencional,Activa,Antioquia,San Roque,6.4875,-75.017,820,5/15/1975,,Monchia,Magdalena Cauca,Medio Magdalena,Río Nare,2015,21,Andes,Definitivo,2,2,0,18.3589267730713,18.3589267730713,4.03403472900391,21.004243850708,1.70053231716156,3.05454540252686,6.04363632202148,5,10,0.869565188884735,0.876811623573303,1,1,41,1.05999994277954,2.11999988555908
07,2017-07-22,23080760,0,Definitivo,SAN ROQUE [23080760],Pluviométrica,Convencional,Activa,Antioquia,San Roque,6.4875,-75.017,820,5/15/1975,,Monchia,Magdalena Cauca,Medio Magdalena,Río Nare,2017,22,Andes,Definitivo,0,0,0,13.4473810195923,13.4473810195923,0,16.102071762085,0,3.05454540252686,6.04363632202148,5,10,0.869565188884735,0.876811623573303,1,1,41,1.05999994277954,0
07,2005-07-07,23080760,,"",SAN ROQUE [23080760],Pluviométrica,Convencional,Activa,Antioquia,San Roque,6.4875,-75.017,820,5/15/1975,,Monchia,Magdalena Cauca,Medio Magdalena,Río Nare,2005,07,Andes,Preliminar,0,0,0,0.958751142024994,0.958751142024994,3.66999125480652,11.8016767501831,7.69661951065064,3.05454540252686,6.04363632202148,5,10,0.869565188884735,0.876811623573303,1,1,38,1.05999994277954,0
07,2007-07-09,23080760,0,Definitivo,SAN ROQUE [23080760],Pluviométrica,Convencional,Activa,Antioquia,San Roque,6.4875,-75.017,820,5/15/1975,,Monchia,Magdalena Cauca,Medio Magdalena,Río Nare,2007,09,Andes,Definitivo,0,0,0,13.682110786438,13.682110786438,22.6139507293701,31.5130767822266,39.3166084289551,3.05454540252686,6.04363632202148,5,10,0.869565188884735,0.876811623573303,1,1,38,1.05999994277954,0
07,2001-07-25,23080760,4,Definitivo,SAN ROQUE [23080760],Pluviométrica,Convencional,Activa,Antioquia,San Roque,6.4875,-75.017,820,5/15/1975,,Monchia,Magdalena Cauca,Medio Magdalena,Río Nare,2001,25,Andes,Definitivo,4,4,0,0.0759731903672218,0.0759731903672218,6.2914924621582,6.04597568511963,3.11816024780273,3.05454540252686,6.04363632202148,5,10,0.869565188884735,0.876811623573303,1,1,41,1.05999994277954,4.23999977111816
07,2001-07-24,23080760,,"",SAN ROQUE [23080760],Pluviométrica,Convencional,Activa,Antioquia,San Roque,6.4875,-75.017,820,5/15/1975,,Monchia,Magdalena Cauca,Medio Magdalena,Río Nare,2001,24,Andes,Preliminar,0,0,0,0,0,0,0.354417860507965,0,3.05454540252686,6.04363632202148,5,10,0.869565188884735,0.876811623573303,1,1,41,1.05999994277954,0
07,2003-07-21,23080760,0,Definitivo,SAN ROQUE [23080760],Pluviométrica,Convencional,Activa,Antioquia,San Roque,6.4875,-75.017,820,5/15/1975,,Monchia,Magdalena Cauca,Medio Magdalena,Río Nare,2003,21,Andes,Definitivo,0,0,0,4.04473829269409,4.04473829269409,0,0.447505205869675,0.0619209632277489,3.05454540252686,6.04363632202148,5,10,0.869565188884735,0.876811623573303,1,1,41,1.05999994277954,0
07,2004-07-18,23080760,43,Definitivo,SAN ROQUE [23080760],Pluviométrica,Convencional,Activa,Antioquia,San Roque,6.4875,-75.017,820,5/15/1975,,Monchia,Magdalena Cauca,Medio Magdalena,Río Nare,2004,18,Andes,Definitivo,43,43,0,0.603432595729828,0.603432595729828,13.9147796630859,1.03454697132111,7.30517911911011,3.05454540252686,6.04363632202148,5,10,0.869565188884735,0.876811623573303,1,1,40,1.05999994277954,45.5799975395203
07,2004-07-17,23080760,2,Definitivo,SAN ROQUE [23080760],Pluviométrica,Convencional,Activa,Antioquia,San Roque,6.4875,-75.017,820,5/15/1975,,Monchia,Magdalena Cauca,Medio Magdalena,Río Nare,2004,17,Andes,Definitivo,2,2,0,0,0,0,1.40859043598175,0,3.05454540252686,6.04363632202148,5,10,0.869565188884735,0.876811623573303,1,1,40,1.05999994277954,2.11999988555908
07,2002-07-18,23080760,17,Definitivo,SAN ROQUE [23080760],Pluviométrica,Convencional,Activa,Antioquia,San Roque,6.4875,-75.017,820,5/15/1975,,Monchia,Magdalena Cauca,Medio Magdalena,Río Nare,2002,18,Andes,Definitivo,17,17,0,6.40230751037598,6.40230751037598,16.5407524108887,11.3463468551636,38.4541778564453,3.05454540252686,6.04363632202148,5,10,0.869565188884735,0.876811623573303,1,1,40,1.05999994277954,18.0199990272522
07,2004-07-14,23080760,82,Definitivo,SAN ROQUE [23080760],Pluviométrica,Convencional,Activa,Antioquia,San Roque,6.4875,-75.017,820,5/15/1975,,Monchia,Magdalena Cauca,Medio Magdalena,Río Nare,2004,14,Andes,Definitivo,82,82,0,34.8474006652832,34.8474006652832,0,14.6304302215576,0.229845508933067,3.05454540252686,6.04363632202148,5,10,0.869565188884735,0.876811623573303,1,1,39,1.05999994277954,86.9199953079224
07,2001-07-14,23080760,14,Definitivo,SAN ROQUE [23080760],Pluviométrica,Convencional,Activa,Antioquia,San Roque,6.4875,-75.017,820,5/15/1975,,Monchia,Magdalena Cauca,Medio Magdalena,Río Nare,2001,14,Andes,Definitivo,14,14,0,0.113572001457214,0.113572001457214,16.4689521789551,1.45895850658417,6.60169792175293,3.05454540252686,6.04363632202148,5,10,0.869565188884735,0.876811623573303,1,1,39,1.05999994277954,14.8399991989136
07,2020-07-02,23080760,0,Definitivo,SAN ROQUE [23080760],Pluviométrica,Convencional,Activa,Antioquia,San Roque,6.4875,-75.017,820,5/15/1975,,Monchia,Magdalena Cauca,Medio Magdalena,Río Nare,2020,02,Andes,Definitivo,0,0,0,13.1148242950439,13.1148242950439,16.222339630127,36.1166534423828,14.4685373306274,3.05454540252686,6.04363632202148,5,10,0.869565188884735,0.876811623573303,1,1,37,1.05999994277954,0
07,2002-07-12,23080760,,"",SAN ROQUE [23080760],Pluviométrica,Convencional,Activa,Antioquia,San Roque,6.4875,-75.017,820,5/15/1975,,Monchia,Magdalena Cauca,Medio Magdalena,Río Nare,2002,12,Andes,Preliminar,0,0,0,11.8230266571045,11.8230266571045,2.39665293693543,6.73925018310547,6.02915811538696,3.05454540252686,6.04363632202148,5,10,0.869565188884735,0.876811623573303,1,1,39,1.05999994277954,0
07,2002-07-10,23080760,0,Definitivo,SAN ROQUE [23080760],Pluviométrica,Convencional,Activa,Antioquia,San Roque,6.4875,-75.017,820,5/15/1975,,Monchia,Magdalena Cauca,Medio Magdalena,Río Nare,2002,10,Andes,Definitivo,0,0,0,0,0,0,0.59314501285553,0.153830051422119,3.05454540252686,6.04363632202148,5,10,0.869565188884735,0.876811623573303,1,1,38,1.05999994277954,0
07,2015-07-23,23080760,0,Definitivo,SAN ROQUE [23080760],Pluviométrica,Convencional,Activa,Antioquia,San Roque,6.4875,-75.017,820,5/15/1975,,Monchia,Magdalena Cauca,Medio Magdalena,Río Nare,2015,23,Andes,Definitivo,0,0,0,2.18711113929749,2.18711113929749,20.1701736450195,4.14731311798096,15.2803220748901,3.05454540252686,6.04363632202148,5,10,0.869565188884735,0.876811623573303,1,1,41,1.05999994277954,0
07,2014-07-20,23080760,,"",SAN ROQUE [23080760],Pluviométrica,Convencional,Activa,Antioquia,San Roque,6.4875,-75.017,820,5/15/1975,,Monchia,Magdalena Cauca,Medio Magdalena,Río Nare,2014,20,Andes,Preliminar,0,0,0,4.3097562789917,4.3097562789917,0,0.248185023665428,0,3.05454540252686,6.04363632202148,5,10,0.869565188884735,0.876811623573303,1,1,40,1.05999994277954,0
07,2012-07-07,23080760,,"",SAN ROQUE [23080760],Pluviométrica,Convencional,Activa,Antioquia,San Roque,6.4875,-75.017,820,5/15/1975,,Monchia,Magdalena Cauca,Medio Magdalena,Río Nare,2012,07,Andes,Preliminar,0,0,0,5.33585739135742,5.33585739135742,0,0.780646204948425,1.85129928588867,3.05454540252686,6.04363632202148,5,10,0.869565188884735,0.876811623573303,1,1,38,1.05999994277954,0
07,2012-07-08,23080760,,"",SAN ROQUE [23080760],Pluviométrica,Convencional,Activa,Antioquia,San Roque,6.4875,-75.017,820,5/15/1975,,Monchia,Magdalena Cauca,Medio Magdalena,Río Nare,2012,08,Andes,Preliminar,0,0,0,0,0,10.6481885910034,8.40690326690674,0.762173771858215,3.05454540252686,6.04363632202148,5,10,0.869565188884735,0.876811623573303,1,1,38,1.05999994277954,0
07,2014-07-10,23080760,,"",SAN ROQUE [23080760],Pluviométrica,Convencional,Activa,Antioquia,San Roque,6.4875,-75.017,820,5/15/1975,,Monchia,Magdalena Cauca,Medio Magdalena,Río Nare,2014,10,Andes,Preliminar,0,0,0,3.18516492843628,3.18516492843628,11.5045442581177,3.63082122802734,1.66373372077942,3.05454540252686,6.04363632202148,5,10,0.869565188884735,0.876811623573303,1,1,38,1.05999994277954,0
07,2013-07-14,23080760,4,Definitivo,SAN ROQUE [23080760],Pluviométrica,Convencional,Activa,Antioquia,San Roque,6.4875,-75.017,820,5/15/1975,,Monchia,Magdalena Cauca,Medio Magdalena,Río Nare,2013,14,Andes,Definitivo,4,4,0,3.28690719604492,3.28690719604492,0,7.32429504394531,0.0717163234949112,3.05454540252686,6.04363632202148,5,10,0.869565188884735,0.876811623573303,1,1,39,1.05999994277954,4.23999977111816
07,2013-07-15,23080760,12,Definitivo,SAN ROQUE [23080760],Pluviométrica,Convencional,Activa,Antioquia,San Roque,6.4875,-75.017,820,5/15/1975,,Monchia,Magdalena Cauca,Medio Magdalena,Río Nare,2013,15,Andes,Definitivo,12,12,0,9.15578460693359,9.15578460693359,4.70172119140625,2.71982073783875,13.6701421737671,3.05454540252686,6.04363632202148,5,10,0.869565188884735,0.876811623573303,1,1,39,1.05999994277954,12.7199993133545
07,2013-07-16,23080760,4,Definitivo,SAN ROQUE [23080760],Pluviométrica,Convencional,Activa,Antioquia,San Roque,6.4875,-75.017,820,5/15/1975,,Monchia,Magdalena Cauca,Medio Magdalena,Río Nare,2013,16,Andes,Definitivo,4,4,0,0.757945120334625,0.757945120334625,0,0.132093399763107,0,3.05454540252686,6.04363632202148,5,10,0.869565188884735,0.876811623573303,1,1,40,1.05999994277954,4.23999977111816
07,2012-07-20,23080760,0,Definitivo,SAN ROQUE [23080760],Pluviométrica,Convencional,Activa,Antioquia,San Roque,6.4875,-75.017,820,5/15/1975,,Monchia,Magdalena Cauca,Medio Magdalena,Río Nare,2012,20,Andes,Definitivo,0,0,0,1.44467413425446,1.44467413425446,3.47688865661621,0.0112003423273563,2.13909721374512,3.05454540252686,6.04363632202148,5,10,0.869565188884735,0.876811623573303,1,1,40,1.05999994277954,0
07,2012-07-21,23080760,,"",SAN ROQUE [23080760],Pluviométrica,Convencional,Activa,Antioquia,San Roque,6.4875,-75.017,820,5/15/1975,,Monchia,Magdalena Cauca,Medio Magdalena,Río Nare,2012,21,Andes,Preliminar,0,0,0,0,0,0,3.60730886459351,0.735113382339478,3.05454540252686,6.04363632202148,5,10,0.869565188884735,0.876811623573303,1,1,41,1.05999994277954,0
07,2002-07-15,23080760,3,Definitivo,SAN ROQUE [23080760],Pluviométrica,Convencional,Activa,Antioquia,San Roque,6.4875,-75.017,820,5/15/1975,,Monchia,Magdalena Cauca,Medio Magdalena,Río Nare,2002,15,Andes,Definitivo,3,3,0,0,0,2.39665293693543,5.64112043380737,8.40407848358154,3.05454540252686,6.04363632202148,5,10,0.869565188884735,0.876811623573303,1,1,39,1.05999994277954,3.17999982833862
07,2013-07-19,23080760,8,Definitivo,SAN ROQUE [23080760],Pluviométrica,Convencional,Activa,Antioquia,San Roque,6.4875,-75.017,820,5/15/1975,,Monchia,Magdalena Cauca,Medio Magdalena,Río Nare,2013,19,Andes,Definitivo,8,8,0,23.2392559051514,23.2392559051514,14.2061920166016,19.4929656982422,23.8658218383789,3.05454540252686,6.04363632202148,5,10,0.869565188884735,0.876811623573303,1,1,40,1.05999994277954,8.47999954223633
07,2013-07-20,23080760,0,Definitivo,SAN ROQUE [23080760],Pluviométrica,Convencional,Activa,Antioquia,San Roque,6.4875,-75.017,820,5/15/1975,,Monchia,Magdalena Cauca,Medio Magdalena,Río Nare,2013,20,Andes,Definitivo,0,0,0,3.40587019920349,3.40587019920349,4.73539733886719,15.004641532898,2.58676314353943,3.05454540252686,6.04363632202148,5,10,0.869565188884735,0.876811623573303,1,1,40,1.05999994277954,0
07,2003-07-06,23080760,10,Definitivo,SAN ROQUE [23080760],Pluviométrica,Convencional,Activa,Antioquia,San Roque,6.4875,-75.017,820,5/15/1975,,Monchia,Magdalena Cauca,Medio Magdalena,Río Nare,2003,06,Andes,Definitivo,10,10,0,6.19171333312988,6.19171333312988,6.45750570297241,3.58322215080261,10.6761894226074,3.05454540252686,6.04363632202148,5,10,0.869565188884735,0.876811623573303,1,1,38,1.05999994277954,10.5999994277954
07,2006-07-04,23080760,,"",SAN ROQUE [23080760],Pluviométrica,Convencional,Activa,Antioquia,San Roque,6.4875,-75.017,820,5/15/1975,,Monchia,Magdalena Cauca,Medio Magdalena,Río Nare,2006,04,Andes,Preliminar,0,0,0,2.96338224411011,2.96338224411011,2.0566828250885,1.28499817848206,8.61635208129883,3.05454540252686,6.04363632202148,5,10,0.869565188884735,0.876811623573303,1,1,37,1.05999994277954,0
07,2017-07-18,23080760,13,Definitivo,SAN ROQUE [23080760],Pluviométrica,Convencional,Activa,Antioquia,San Roque,6.4875,-75.017,820,5/15/1975,,Monchia,Magdalena Cauca,Medio Magdalena,Río Nare,2017,18,Andes,Definitivo,13,13,0,0.506965637207031,0.506965637207031,0,10.9787464141846,6.46062994003296,3.05454540252686,6.04363632202148,5,10,0.869565188884735,0.876811623573303,1,1,40,1.05999994277954,13.779999256134
07,2015-07-19,23080760,6,Definitivo,SAN ROQUE [23080760],Pluviométrica,Convencional,Activa,Antioquia,San Roque,6.4875,-75.017,820,5/15/1975,,Monchia,Magdalena Cauca,Medio Magdalena,Río Nare,2015,19,Andes,Definitivo,6,6,0,0,0,4.89778280258179,8.75480556488037,23.7067489624023,3.05454540252686,6.04363632202148,5,10,0.869565188884735,0.876811623573303,1,1,40,1.05999994277954,6.35999965667725
07,2017-07-13,23080760,0,Definitivo,SAN ROQUE [23080760],Pluviométrica,Convencional,Activa,Antioquia,San Roque,6.4875,-75.017,820,5/15/1975,,Monchia,Magdalena Cauca,Medio Magdalena,Río Nare,2017,13,Andes,Definitivo,0,0,0,0.0807482823729515,0.0807482823729515,0,0.00266179535537958,0.0151147311553359,3.05454540252686,6.04363632202148,5,10,0.869565188884735,0.876811623573303,1,1,39,1.05999994277954,0
07,2018-07-11,23080760,9,Definitivo,SAN ROQUE [23080760],Pluviométrica,Convencional,Activa,Antioquia,San Roque,6.4875,-75.017,820,5/15/1975,,Monchia,Magdalena Cauca,Medio Magdalena,Río Nare,2018,11,Andes,Definitivo,9,9,0,0,0,0,2.89598727226257,1.26268339157105,3.05454540252686,6.04363632202148,5,10,0.869565188884735,0.876811623573303,1,1,39,1.05999994277954,9.53999948501587
07,2018-07-12,23080760,0,Definitivo,SAN ROQUE [23080760],Pluviométrica,Convencional,Activa,Antioquia,San Roque,6.4875,-75.017,820,5/15/1975,,Monchia,Magdalena Cauca,Medio Magdalena,Río Nare,2018,12,Andes,Definitivo,0,0,0,5.60547018051148,5.60547018051148,0,18.8619213104248,0.0508217215538025,3.05454540252686,6.04363632202148,5,10,0.869565188884735,0.876811623573303,1,1,39,1.05999994277954,0
07,2020-07-06,23080760,0,Definitivo,SAN ROQUE [23080760],Pluviométrica,Convencional,Activa,Antioquia,San Roque,6.4875,-75.017,820,5/15/1975,,Monchia,Magdalena Cauca,Medio Magdalena,Río Nare,2020,06,Andes,Definitivo,0,0,0,9.23071002960205,9.23071002960205,0,5.43483781814575,0,3.05454540252686,6.04363632202148,5,10,0.869565188884735,0.876811623573303,1,1,38,1.05999994277954,0
07,2021-07-04,23080760,1,Definitivo,SAN ROQUE [23080760],Pluviométrica,Convencional,Activa,Antioquia,San Roque,6.4875,-75.017,820,5/15/1975,,Monchia,Magdalena Cauca,Medio Magdalena,Río Nare,2021,04,Andes,Definitivo,1,1,0,0,0,0,0.283705085515976,0,3.05454540252686,6.04363632202148,5,10,0.869565188884735,0.876811623573303,1,1,37,1.05999994277954,1.05999994277954
07,2021-07-05,23080760,0,Definitivo,SAN ROQUE [23080760],Pluviométrica,Convencional,Activa,Antioquia,San Roque,6.4875,-75.017,820,5/15/1975,,Monchia,Magdalena Cauca,Medio Magdalena,Río Nare,2021,05,Andes,Definitivo,0,0,0,0,0,0,2.06577730178833,0.064942866563797,3.05454540252686,6.04363632202148,5,10,0.869565188884735,0.876811623573303,1,1,37,1.05999994277954,0
07,2013-07-18,23080760,0,Definitivo,SAN ROQUE [23080760],Pluviométrica,Convencional,Activa,Antioquia,San Roque,6.4875,-75.017,820,5/15/1975,,Monchia,Magdalena Cauca,Medio Magdalena,Río Nare,2013,18,Andes,Definitivo,0,0,0,1.86383032798767,1.86383032798767,0,5.15597677230835,0.583224415779114,3.05454540252686,6.04363632202148,5,10,0.869565188884735,0.876811623573303,1,1,40,1.05999994277954,0
07,2001-07-16,23080760,9,Definitivo,SAN ROQUE [23080760],Pluviométrica,Convencional,Activa,Antioquia,San Roque,6.4875,-75.017,820,5/15/1975,,Monchia,Magdalena Cauca,Medio Magdalena,Río Nare,2001,16,Andes,Definitivo,9,9,0,2.57524824142456,2.57524824142456,0,4.86339378356934,1.07233536243439,3.05454540252686,6.04363632202148,5,10,0.869565188884735,0.876811623573303,1,1,40,1.05999994277954,9.53999948501587
07,2003-07-13,23080760,22,Definitivo,SAN ROQUE [23080760],Pluviométrica,Convencional,Activa,Antioquia,San Roque,6.4875,-75.017,820,5/15/1975,,Monchia,Magdalena Cauca,Medio Magdalena,Río Nare,2003,13,Andes,Definitivo,22,22,0,0.0984629839658737,0.0984629839658737,8.10766315460205,3.02872967720032,4.72221803665161,3.05454540252686,6.04363632202148,5,10,0.869565188884735,0.876811623573303,1,1,39,1.05999994277954,23.3199987411499
07,2015-07-22,23080760,22,Definitivo,SAN ROQUE [23080760],Pluviométrica,Convencional,Activa,Antioquia,San Roque,6.4875,-75.017,820,5/15/1975,,Monchia,Magdalena Cauca,Medio Magdalena,Río Nare,2015,22,Andes,Definitivo,22,22,0,5.88251113891602,5.88251113891602,4.03403472900391,0.425192564725876,11.9293689727783,3.05454540252686,6.04363632202148,5,10,0.869565188884735,0.876811623573303,1,1,41,1.05999994277954,23.3199987411499
07,2016-07-19,23080760,8,Definitivo,SAN ROQUE [23080760],Pluviométrica,Convencional,Activa,Antioquia,San Roque,6.4875,-75.017,820,5/15/1975,,Monchia,Magdalena Cauca,Medio Magdalena,Río Nare,2016,19,Andes,Definitivo,8,8,0,2.2783637046814,2.2783637046814,0,2.34427285194397,0.251271516084671,3.05454540252686,6.04363632202148,5,10,0.869565188884735,0.876811623573303,1,1,40,1.05999994277954,8.47999954223633
07,2005-07-08,23080760,1,Definitivo,SAN ROQUE [23080760],Pluviométrica,Convencional,Activa,Antioquia,San Roque,6.4875,-75.017,820,5/15/1975,,Monchia,Magdalena Cauca,Medio Magdalena,Río Nare,2005,08,Andes,Definitivo,1,1,0,20.1337757110596,20.1337757110596,0,0.54408210515976,0.0107396617531776,3.05454540252686,6.04363632202148,5,10,0.869565188884735,0.876811623573303,1,1,38,1.05999994277954,1.05999994277954
07,2010-07-07,23080760,4,Definitivo,SAN ROQUE [23080760],Pluviométrica,Convencional,Activa,Antioquia,San Roque,6.4875,-75.017,820,5/15/1975,,Monchia,Magdalena Cauca,Medio Magdalena,Río Nare,2010,07,Andes,Definitivo,4,4,0,19.6263523101807,19.6263523101807,8.20061588287354,21.442497253418,17.9035243988037,3.05454540252686,6.04363632202148,5,10,0.869565188884735,0.876811623573303,1,1,38,1.05999994277954,4.23999977111816
07,2010-07-08,23080760,2,Definitivo,SAN ROQUE [23080760],Pluviométrica,Convencional,Activa,Antioquia,San Roque,6.4875,-75.017,820,5/15/1975,,Monchia,Magdalena Cauca,Medio Magdalena,Río Nare,2010,08,Andes,Definitivo,2,2,0,15.1242208480835,15.1242208480835,16.4012317657471,11.9204730987549,23.0172252655029,3.05454540252686,6.04363632202148,5,10,0.869565188884735,0.876811623573303,1,1,38,1.05999994277954,2.11999988555908
07,2002-07-22,23080760,3,Definitivo,SAN ROQUE [23080760],Pluviométrica,Convencional,Activa,Antioquia,San Roque,6.4875,-75.017,820,5/15/1975,,Monchia,Magdalena Cauca,Medio Magdalena,Río Nare,2002,22,Andes,Definitivo,3,3,0,10.4686613082886,10.4686613082886,7.62607622146606,5.4465823173523,0.570080399513245,3.05454540252686,6.04363632202148,5,10,0.869565188884735,0.876811623573303,1,1,41,1.05999994277954,3.17999982833862
07,2003-07-20,23080760,0,Definitivo,SAN ROQUE [23080760],Pluviométrica,Convencional,Activa,Antioquia,San Roque,6.4875,-75.017,820,5/15/1975,,Monchia,Magdalena Cauca,Medio Magdalena,Río Nare,2003,20,Andes,Definitivo,0,0,0,0,0,0,0.294903129339218,0.443552702665329,3.05454540252686,6.04363632202148,5,10,0.869565188884735,0.876811623573303,1,1,40,1.05999994277954,0
07,2002-07-21,23080760,,"",SAN ROQUE [23080760],Pluviométrica,Convencional,Activa,Antioquia,San Roque,6.4875,-75.017,820,5/15/1975,,Monchia,Magdalena Cauca,Medio Magdalena,Río Nare,2002,21,Andes,Preliminar,0,0,0,27.8611526489258,27.8611526489258,7.62607622146606,23.73118019104,5.94287443161011,3.05454540252686,6.04363632202148,5,10,0.869565188884735,0.876811623573303,1,1,41,1.05999994277954,0
07,2003-07-19,23080760,0,Definitivo,SAN ROQUE [23080760],Pluviométrica,Convencional,Activa,Antioquia,San Roque,6.4875,-75.017,820,5/15/1975,,Monchia,Magdalena Cauca,Medio Magdalena,Río Nare,2003,19,Andes,Definitivo,0,0,0,11.7898483276367,11.7898483276367,0,0.491910696029663,0.0083449324592948,3.05454540252686,6.04363632202148,5,10,0.869565188884735,0.876811623573303,1,1,40,1.05999994277954,0
07,2003-07-16,23080760,10,Definitivo,SAN ROQUE [23080760],Pluviométrica,Convencional,Activa,Antioquia,San Roque,6.4875,-75.017,820,5/15/1975,,Monchia,Magdalena Cauca,Medio Magdalena,Río Nare,2003,16,Andes,Definitivo,10,10,0,0,0,0,2.34940099716187,0.524467051029205,3.05454540252686,6.04363632202148,5,10,0.869565188884735,0.876811623573303,1,1,40,1.05999994277954,10.5999994277954
07,2022-07-02,23080760,11,Definitivo,SAN ROQUE [23080760],Pluviométrica,Convencional,Activa,Antioquia,San Roque,6.4875,-75.017,820,5/15/1975,,Monchia,Magdalena Cauca,Medio Magdalena,Río Nare,2022,02,Andes,Definitivo,11,11,0,32.2608871459961,32.2608871459961,0,15.2263069152832,9.27720737457275,3.05454540252686,6.04363632202148,5,10,0.869565188884735,0.876811623573303,1,1,37,1.05999994277954,11.659999370575
07,2014-07-15,23080760,,"",SAN ROQUE [23080760],Pluviométrica,Convencional,Activa,Antioquia,San Roque,6.4875,-75.017,820,5/15/1975,,Monchia,Magdalena Cauca,Medio Magdalena,Río Nare,2014,15,Andes,Preliminar,0,0,0,8.33682823181152,8.33682823181152,1.47873163223267,0.0672857984900475,3.89893531799316,3.05454540252686,6.04363632202148,5,10,0.869565188884735,0.876811623573303,1,1,39,1.05999994277954,0
07,2014-07-16,23080760,,"",SAN ROQUE [23080760],Pluviométrica,Convencional,Activa,Antioquia,San Roque,6.4875,-75.017,820,5/15/1975,,Monchia,Magdalena Cauca,Medio Magdalena,Río Nare,2014,16,Andes,Preliminar,0,0,0,0.682232737541199,0.682232737541199,0,0.210436776280403,0.446069985628128,3.05454540252686,6.04363632202148,5,10,0.869565188884735,0.876811623573303,1,1,40,1.05999994277954,0
07,2001-07-11,23080760,15,Definitivo,SAN ROQUE [23080760],Pluviométrica,Convencional,Activa,Antioquia,San Roque,6.4875,-75.017,820,5/15/1975,,Monchia,Magdalena Cauca,Medio Magdalena,Río Nare,2001,11,Andes,Definitivo,15,15,0,24.6072616577148,24.6072616577148,16.4689521789551,28.3459243774414,50.1703491210938,3.05454540252686,6.04363632202148,5,10,0.869565188884735,0.876811623573303,1,1,39,1.05999994277954,15.8999991416931
07,2002-07-07,23080760,0,Definitivo,SAN ROQUE [23080760],Pluviométrica,Convencional,Activa,Antioquia,San Roque,6.4875,-75.017,820,5/15/1975,,Monchia,Magdalena Cauca,Medio Magdalena,Río Nare,2002,07,Andes,Definitivo,0,0,0,10.8543891906738,10.8543891906738,2.5731463432312,4.10157585144043,2.48127603530884,3.05454540252686,6.04363632202148,5,10,0.869565188884735,0.876811623573303,1,1,38,1.05999994277954,0
07,2015-07-17,23080760,72,Definitivo,SAN ROQUE [23080760],Pluviométrica,Convencional,Activa,Antioquia,San Roque,6.4875,-75.017,820,5/15/1975,,Monchia,Magdalena Cauca,Medio Magdalena,Río Nare,2015,17,Andes,Definitivo,72,72,0,5.14074373245239,5.14074373245239,14.6933517456055,19.0086097717285,23.825798034668,3.05454540252686,6.04363632202148,5,10,0.869565188884735,0.876811623573303,1,1,40,1.05999994277954,76.319995880127
07,2015-07-18,23080760,67,Definitivo,SAN ROQUE [23080760],Pluviométrica,Convencional,Activa,Antioquia,San Roque,6.4875,-75.017,820,5/15/1975,,Monchia,Magdalena Cauca,Medio Magdalena,Río Nare,2015,18,Andes,Definitivo,67,67,0,1.51311111450195,1.51311111450195,4.89778280258179,6.27449798583984,7.6784029006958,3.05454540252686,6.04363632202148,5,10,0.869565188884735,0.876811623573303,1,1,40,1.05999994277954,71.0199961662293
07,2016-07-15,23080760,4,Definitivo,SAN ROQUE [23080760],Pluviométrica,Convencional,Activa,Antioquia,San Roque,6.4875,-75.017,820,5/15/1975,,Monchia,Magdalena Cauca,Medio Magdalena,Río Nare,2016,15,Andes,Definitivo,4,4,0,11.3704109191895,11.3704109191895,28.7477340698242,16.7892990112305,48.0812644958496,3.05454540252686,6.04363632202148,5,10,0.869565188884735,0.876811623573303,1,1,39,1.05999994277954,4.23999977111816
07,2015-07-07,23080760,50,Definitivo,SAN ROQUE [23080760],Pluviométrica,Convencional,Activa,Antioquia,San Roque,6.4875,-75.017,820,5/15/1975,,Monchia,Magdalena Cauca,Medio Magdalena,Río Nare,2015,07,Andes,Definitivo,50,50,0,13.1477851867676,13.1477851867676,20.9335098266602,20.8973827362061,6.71732568740845,3.05454540252686,6.04363632202148,5,10,0.869565188884735,0.876811623573303,1,1,38,1.05999994277954,52.9999971389771
07,2014-07-11,23080760,,"",SAN ROQUE [23080760],Pluviométrica,Convencional,Activa,Antioquia,San Roque,6.4875,-75.017,820,5/15/1975,,Monchia,Magdalena Cauca,Medio Magdalena,Río Nare,2014,11,Andes,Preliminar,0,0,0,2.27695274353027,2.27695274353027,2.95746326446533,0.211229875683784,0.727858364582062,3.05454540252686,6.04363632202148,5,10,0.869565188884735,0.876811623573303,1,1,39,1.05999994277954,0
07,2014-07-12,23080760,,"",SAN ROQUE [23080760],Pluviométrica,Convencional,Activa,Antioquia,San Roque,6.4875,-75.017,820,5/15/1975,,Monchia,Magdalena Cauca,Medio Magdalena,Río Nare,2014,12,Andes,Preliminar,0,0,0,0.740124523639679,0.740124523639679,0,0.316831767559052,0.204142406582832,3.05454540252686,6.04363632202148,5,10,0.869565188884735,0.876811623573303,1,1,39,1.05999994277954,0
07,2014-07-13,23080760,,"",SAN ROQUE [23080760],Pluviométrica,Convencional,Activa,Antioquia,San Roque,6.4875,-75.017,820,5/15/1975,,Monchia,Magdalena Cauca,Medio Magdalena,Río Nare,2014,13,Andes,Preliminar,0,0,0,1.46976721286774,1.46976721286774,0,0.103863716125488,0,3.05454540252686,6.04363632202148,5,10,0.869565188884735,0.876811623573303,1,1,39,1.05999994277954,0
07,2013-07-17,23080760,0,Definitivo,SAN ROQUE [23080760],Pluviométrica,Convencional,Activa,Antioquia,San Roque,6.4875,-75.017,820,5/15/1975,,Monchia,Magdalena Cauca,Medio Magdalena,Río Nare,2013,17,Andes,Definitivo,0,0,0,1.69678175449371,1.69678175449371,14.2061920166016,1.12859702110291,13.8784694671631,3.05454540252686,6.04363632202148,5,10,0.869565188884735,0.876811623573303,1,1,40,1.05999994277954,0
07,2001-07-19,23080760,14,Definitivo,SAN ROQUE [23080760],Pluviométrica,Convencional,Activa,Antioquia,San Roque,6.4875,-75.017,820,5/15/1975,,Monchia,Magdalena Cauca,Medio Magdalena,Río Nare,2001,19,Andes,Definitivo,14,14,0,8.25130462646484,8.25130462646484,39.061107635498,26.5731716156006,85.5832748413086,3.05454540252686,6.04363632202148,5,10,0.869565188884735,0.876811623573303,1,1,40,1.05999994277954,14.8399991989136
07,2020-07-01,23080760,24,Definitivo,SAN ROQUE [23080760],Pluviométrica,Convencional,Activa,Antioquia,San Roque,6.4875,-75.017,820,5/15/1975,,Monchia,Magdalena Cauca,Medio Magdalena,Río Nare,2020,01,Andes,Definitivo,24,24,0,1.47900116443634,1.47900116443634,8.11116981506348,22.5864601135254,12.5048990249634,3.05454540252686,6.04363632202148,5,10,0.869565188884735,0.876811623573303,1,1,37,1.05999994277954,25.439998626709
07,2001-07-18,23080760,35,Definitivo,SAN ROQUE [23080760],Pluviométrica,Convencional,Activa,Antioquia,San Roque,6.4875,-75.017,820,5/15/1975,,Monchia,Magdalena Cauca,Medio Magdalena,Río Nare,2001,18,Andes,Definitivo,35,35,0,0.0175186954438686,0.0175186954438686,13.0203685760498,18.4755191802979,5.89384126663208,3.05454540252686,6.04363632202148,5,10,0.869565188884735,0.876811623573303,1,1,40,1.05999994277954,37.0999979972839
07,2014-07-17,23080760,,"",SAN ROQUE [23080760],Pluviométrica,Convencional,Activa,Antioquia,San Roque,6.4875,-75.017,820,5/15/1975,,Monchia,Magdalena Cauca,Medio Magdalena,Río Nare,2014,17,Andes,Preliminar,0,0,0,0,0,0,0.266338050365448,0,3.05454540252686,6.04363632202148,5,10,0.869565188884735,0.876811623573303,1,1,40,1.05999994277954,0
07,2016-07-18,23080760,,"",SAN ROQUE [23080760],Pluviométrica,Convencional,Activa,Antioquia,San Roque,6.4875,-75.017,820,5/15/1975,,Monchia,Magdalena Cauca,Medio Magdalena,Río Nare,2016,18,Andes,Preliminar,0,0,0,3.32955265045166,3.32955265045166,22.615177154541,11.8639440536499,39.2392578125,3.05454540252686,6.04363632202148,5,10,0.869565188884735,0.876811623573303,1,1,40,1.05999994277954,0
07,2004-07-03,23080760,12,Definitivo,SAN ROQUE [23080760],Pluviométrica,Convencional,Activa,Antioquia,San Roque,6.4875,-75.017,820,5/15/1975,,Monchia,Magdalena Cauca,Medio Magdalena,Río Nare,2004,03,Andes,Definitivo,12,12,0,0,0,0,7.05140352249146,0.00577343255281448,3.05454540252686,6.04363632202148,5,10,0.869565188884735,0.876811623573303,1,1,37,1.05999994277954,12.7199993133545
07,2006-07-05,23080760,,"",SAN ROQUE [23080760],Pluviométrica,Convencional,Activa,Antioquia,San Roque,6.4875,-75.017,820,5/15/1975,,Monchia,Magdalena Cauca,Medio Magdalena,Río Nare,2006,05,Andes,Preliminar,0,0,0,0,0,4.113365650177,8.36969661712647,1.84429252147675,3.05454540252686,6.04363632202148,5,10,0.869565188884735,0.876811623573303,1,1,37,1.05999994277954,0
07,2008-07-06,23080760,,"",SAN ROQUE [23080760],Pluviométrica,Convencional,Activa,Antioquia,San Roque,6.4875,-75.017,820,5/15/1975,,Monchia,Magdalena Cauca,Medio Magdalena,Río Nare,2008,06,Andes,Preliminar,0,0,0,21.5237693786621,21.5237693786621,11.78835105896,24.326847076416,7.91450786590576,3.05454540252686,6.04363632202148,5,10,0.869565188884735,0.876811623573303,1,1,38,1.05999994277954,0
07,2018-07-10,23080760,0,Definitivo,SAN ROQUE [23080760],Pluviométrica,Convencional,Activa,Antioquia,San Roque,6.4875,-75.017,820,5/15/1975,,Monchia,Magdalena Cauca,Medio Magdalena,Río Nare,2018,10,Andes,Definitivo,0,0,0,12.9344272613525,12.9344272613525,1.3115166425705,13.160587310791,2.28321146965027,3.05454540252686,6.04363632202148,5,10,0.869565188884735,0.876811623573303,1,1,38,1.05999994277954,0
07,2019-07-08,23080760,19,Definitivo,SAN ROQUE [23080760],Pluviométrica,Convencional,Activa,Antioquia,San Roque,6.4875,-75.017,820,5/15/1975,,Monchia,Magdalena Cauca,Medio Magdalena,Río Nare,2019,08,Andes,Definitivo,19,19,0,0,0,11.3487186431885,9.84333896636963,12.6931104660034,3.05454540252686,6.04363632202148,5,10,0.869565188884735,0.876811623573303,1,1,38,1.05999994277954,20.1399989128113
07,2019-07-09,23080760,3,Definitivo,SAN ROQUE [23080760],Pluviométrica,Convencional,Activa,Antioquia,San Roque,6.4875,-75.017,820,5/15/1975,,Monchia,Magdalena Cauca,Medio Magdalena,Río Nare,2019,09,Andes,Definitivo,3,3,0,0,0,11.3487186431885,19.1157741546631,24.6957550048828,3.05454540252686,6.04363632202148,5,10,0.869565188884735,0.876811623573303,1,1,38,1.05999994277954,3.17999982833862
07,2021-07-03,23080760,0,Definitivo,SAN ROQUE [23080760],Pluviométrica,Convencional,Activa,Antioquia,San Roque,6.4875,-75.017,820,5/15/1975,,Monchia,Magdalena Cauca,Medio Magdalena,Río Nare,2021,03,Andes,Definitivo,0,0,0,3.3000123500824,3.3000123500824,4.99547672271729,0.373501807451248,10.0171585083008,3.05454540252686,6.04363632202148,5,10,0.869565188884735,0.876811623573303,1,1,37,1.05999994277954,0
07,2022-07-01,23080760,22,Definitivo,SAN ROQUE [23080760],Pluviométrica,Convencional,Activa,Antioquia,San Roque,6.4875,-75.017,820,5/15/1975,,Monchia,Magdalena Cauca,Medio Magdalena,Río Nare,2022,01,Andes,Definitivo,22,22,0,0,0,23.9280681610107,21.6381740570068,31.0621356964111,3.05454540252686,6.04363632202148,5,10,0.869565188884735,0.876811623573303,1,1,37,1.05999994277954,23.3199987411499
07,2014-07-14,23080760,0,Definitivo,SAN ROQUE [23080760],Pluviométrica,Convencional,Activa,Antioquia,San Roque,6.4875,-75.017,820,5/15/1975,,Monchia,Magdalena Cauca,Medio Magdalena,Río Nare,2014,14,Andes,Definitivo,0,0,0,0.935833871364594,0.935833871364594,0,4.13172435760498,0,3.05454540252686,6.04363632202148,5,10,0.869565188884735,0.876811623573303,1,1,39,1.05999994277954,0
07,2003-07-18,23080760,0,Definitivo,SAN ROQUE [23080760],Pluviométrica,Convencional,Activa,Antioquia,San Roque,6.4875,-75.017,820,5/15/1975,,Monchia,Magdalena Cauca,Medio Magdalena,Río Nare,2003,18,Andes,Definitivo,0,0,0,0,0,0,0.319224864244461,0.916389942169189,3.05454540252686,6.04363632202148,5,10,0.869565188884735,0.876811623573303,1,1,40,1.05999994277954,0
07,2015-07-12,23080760,8,Definitivo,SAN ROQUE [23080760],Pluviométrica,Convencional,Activa,Antioquia,San Roque,6.4875,-75.017,820,5/15/1975,,Monchia,Magdalena Cauca,Medio Magdalena,Río Nare,2015,12,Andes,Definitivo,8,8,0,0.255378216505051,0.255378216505051,0,17.6081066131592,11.7925052642822,3.05454540252686,6.04363632202148,5,10,0.869565188884735,0.876811623573303,1,1,39,1.05999994277954,8.47999954223633
07,2001-07-15,23080760,7,Definitivo,SAN ROQUE [23080760],Pluviométrica,Convencional,Activa,Antioquia,San Roque,6.4875,-75.017,820,5/15/1975,,Monchia,Magdalena Cauca,Medio Magdalena,Río Nare,2001,15,Andes,Definitivo,7,7,0,0.567859888076782,0.567859888076782,10.9793014526367,22.8971729278564,17.4933071136475,3.05454540252686,6.04363632202148,5,10,0.869565188884735,0.876811623573303,1,1,39,1.05999994277954,7.41999959945679
07,2003-07-10,23080760,7,Definitivo,SAN ROQUE [23080760],Pluviométrica,Convencional,Activa,Antioquia,San Roque,6.4875,-75.017,820,5/15/1975,,Monchia,Magdalena Cauca,Medio Magdalena,Río Nare,2003,10,Andes,Definitivo,7,7,0,5.14388513565064,5.14388513565064,0,15.1479406356812,6.11883163452148,3.05454540252686,6.04363632202148,5,10,0.869565188884735,0.876811623573303,1,1,38,1.05999994277954,7.41999959945679
07,2014-07-19,23080760,,"",SAN ROQUE [23080760],Pluviométrica,Convencional,Activa,Antioquia,San Roque,6.4875,-75.017,820,5/15/1975,,Monchia,Magdalena Cauca,Medio Magdalena,Río Nare,2014,19,Andes,Preliminar,0,0,0,0,0,0,0.177524641156197,0,3.05454540252686,6.04363632202148,5,10,0.869565188884735,0.876811623573303,1,1,40,1.05999994277954,0
07,2016-07-13,23080760,4,Definitivo,SAN ROQUE [23080760],Pluviométrica,Convencional,Activa,Antioquia,San Roque,6.4875,-75.017,820,5/15/1975,,Monchia,Magdalena Cauca,Medio Magdalena,Río Nare,2016,13,Andes,Definitivo,4,4,0,1.13021183013916,1.13021183013916,9.58257675170898,17.5506610870361,8.06023788452148,3.05454540252686,6.04363632202148,5,10,0.869565188884735,0.876811623573303,1,1,39,1.05999994277954,4.23999977111816
07,2016-07-14,23080760,66,Definitivo,SAN ROQUE [23080760],Pluviométrica,Convencional,Activa,Antioquia,San Roque,6.4875,-75.017,820,5/15/1975,,Monchia,Magdalena Cauca,Medio Magdalena,Río Nare,2016,14,Andes,Definitivo,66,66,0,4.83088302612305,4.83088302612305,28.7477340698242,48.894458770752,10.5037794113159,3.05454540252686,6.04363632202148,5,10,0.869565188884735,0.876811623573303,1,1,39,1.05999994277954,69.9599962234497
07,2008-07-07,23080760,19,Definitivo,SAN ROQUE [23080760],Pluviométrica,Convencional,Activa,Antioquia,San Roque,6.4875,-75.017,820,5/15/1975,,Monchia,Magdalena Cauca,Medio Magdalena,Río Nare,2008,07,Andes,Definitivo,19,19,0,5.81370353698731,5.81370353698731,0,8.45262813568115,0.13100565969944,3.05454540252686,6.04363632202148,5,10,0.869565188884735,0.876811623573303,1,1,38,1.05999994277954,20.1399989128113
07,2013-07-06,23080760,,"",SAN ROQUE [23080760],Pluviométrica,Convencional,Activa,Antioquia,San Roque,6.4875,-75.017,820,5/15/1975,,Monchia,Magdalena Cauca,Medio Magdalena,Río Nare,2013,06,Andes,Preliminar,0,0,0,0.982214868068695,0.982214868068695,0,6.7140703201294,0.0771893337368965,3.05454540252686,6.04363632202148,5,10,0.869565188884735,0.876811623573303,1,1,38,1.05999994277954,0
07,2001-07-23,23080760,0,Definitivo,SAN ROQUE [23080760],Pluviométrica,Convencional,Activa,Antioquia,San Roque,6.4875,-75.017,820,5/15/1975,,Monchia,Magdalena Cauca,Medio Magdalena,Río Nare,2001,23,Andes,Definitivo,0,0,0,4.93825674057007,4.93825674057007,18.8744773864746,5.78893613815308,26.7148189544678,3.05454540252686,6.04363632202148,5,10,0.869565188884735,0.876811623573303,1,1,41,1.05999994277954,0
07,2001-07-22,23080760,22,Definitivo,SAN ROQUE [23080760],Pluviométrica,Convencional,Activa,Antioquia,San Roque,6.4875,-75.017,820,5/15/1975,,Monchia,Magdalena Cauca,Medio Magdalena,Río Nare,2001,22,Andes,Definitivo,22,22,0,17.5118179321289,17.5118179321289,12.5829849243164,39.7143707275391,12.8463869094849,3.05454540252686,6.04363632202148,5,10,0.869565188884735,0.876811623573303,1,1,41,1.05999994277954,23.3199987411499
07,2002-07-20,23080760,0,Definitivo,SAN ROQUE [23080760],Pluviométrica,Convencional,Activa,Antioquia,San Roque,6.4875,-75.017,820,5/15/1975,,Monchia,Magdalena Cauca,Medio Magdalena,Río Nare,2002,20,Andes,Definitivo,0,0,0,34.4739685058594,34.4739685058594,13.2326011657715,27.9777717590332,19.3504047393799,3.05454540252686,6.04363632202148,5,10,0.869565188884735,0.876811623573303,1,1,40,1.05999994277954,0
07,2017-07-03,23080760,0,Definitivo,SAN ROQUE [23080760],Pluviométrica,Convencional,Activa,Antioquia,San Roque,6.4875,-75.017,820,5/15/1975,,Monchia,Magdalena Cauca,Medio Magdalena,Río Nare,2017,03,Andes,Definitivo,0,0,0,3.61120891571045,3.61120891571045,2.08535623550415,0.481589734554291,1.06935632228851,3.05454540252686,6.04363632202148,5,10,0.869565188884735,0.876811623573303,1,1,37,1.05999994277954,0
07,2015-07-11,23080760,0,Definitivo,SAN ROQUE [23080760],Pluviométrica,Convencional,Activa,Antioquia,San Roque,6.4875,-75.017,820,5/15/1975,,Monchia,Magdalena Cauca,Medio Magdalena,Río Nare,2015,11,Andes,Definitivo,0,0,0,0,0,0,7.06457710266113,0.472808063030243,3.05454540252686,6.04363632202148,5,10,0.869565188884735,0.876811623573303,1,1,39,1.05999994277954,0
07,2001-07-20,23080760,44,Definitivo,SAN ROQUE [23080760],Pluviométrica,Convencional,Activa,Antioquia,San Roque,6.4875,-75.017,820,5/15/1975,,Monchia,Magdalena Cauca,Medio Magdalena,Río Nare,2001,20,Andes,Definitivo,44,44,0,22.879415512085,22.879415512085,13.0203685760498,35.0759506225586,1.52896785736084,3.05454540252686,6.04363632202148,5,10,0.869565188884735,0.876811623573303,1,1,40,1.05999994277954,46.6399974822998
07,2015-07-13,23080760,,"",SAN ROQUE [23080760],Pluviométrica,Convencional,Activa,Antioquia,San Roque,6.4875,-75.017,820,5/15/1975,,Monchia,Magdalena Cauca,Medio Magdalena,Río Nare,2015,13,Andes,Preliminar,0,0,0,1.24272394180298,1.24272394180298,7.57588529586792,13.1234922409058,4.09724378585815,3.05454540252686,6.04363632202148,5,10,0.869565188884735,0.876811623573303,1,1,39,1.05999994277954,0
07,2015-07-14,23080760,51,Definitivo,SAN ROQUE [23080760],Pluviométrica,Convencional,Activa,Antioquia,San Roque,6.4875,-75.017,820,5/15/1975,,Monchia,Magdalena Cauca,Medio Magdalena,Río Nare,2015,14,Andes,Definitivo,51,51,0,3.03223204612732,3.03223204612732,0,14.368899345398,0.102458581328392,3.05454540252686,6.04363632202148,5,10,0.869565188884735,0.876811623573303,1,1,39,1.05999994277954,54.0599970817566
07,2003-07-08,23080760,5,Definitivo,SAN ROQUE [23080760],Pluviométrica,Convencional,Activa,Antioquia,San Roque,6.4875,-75.017,820,5/15/1975,,Monchia,Magdalena Cauca,Medio Magdalena,Río Nare,2003,08,Andes,Definitivo,5,5,0,8.6683988571167,8.6683988571167,6.45750570297241,11.4335584640503,5.79295444488525,3.05454540252686,6.04363632202148,5,10,0.869565188884735,0.876811623573303,1,1,38,1.05999994277954,5.29999971389771
07,2003-07-05,23080760,5,Definitivo,SAN ROQUE [23080760],Pluviométrica,Convencional,Activa,Antioquia,San Roque,6.4875,-75.017,820,5/15/1975,,Monchia,Magdalena Cauca,Medio Magdalena,Río Nare,2003,05,Andes,Definitivo,5,5,0,2.05768895149231,2.05768895149231,0,6.08688735961914,0.758492112159729,3.05454540252686,6.04363632202148,5,10,0.869565188884735,0.876811623573303,1,1,37,1.05999994277954,5.29999971389771
07,2004-07-04,23080760,14,Definitivo,SAN ROQUE [23080760],Pluviométrica,Convencional,Activa,Antioquia,San Roque,6.4875,-75.017,820,5/15/1975,,Monchia,Magdalena Cauca,Medio Magdalena,Río Nare,2004,04,Andes,Definitivo,14,14,0,0.200372695922852,0.200372695922852,16.3811721801758,15.3376846313477,15.4118146896362,3.05454540252686,6.04363632202148,5,10,0.869565188884735,0.876811623573303,1,1,37,1.05999994277954,14.8399991989136
07,2017-07-12,23080760,0,Definitivo,SAN ROQUE [23080760],Pluviométrica,Convencional,Activa,Antioquia,San Roque,6.4875,-75.017,820,5/15/1975,,Monchia,Magdalena Cauca,Medio Magdalena,Río Nare,2017,12,Andes,Definitivo,0,0,0,0,0,5.34206914901733,1.70671582221985,2.33527374267578,3.05454540252686,6.04363632202148,5,10,0.869565188884735,0.876811623573303,1,1,39,1.05999994277954,0
07,2019-07-07,23080760,0,Definitivo,SAN ROQUE [23080760],Pluviométrica,Convencional,Activa,Antioquia,San Roque,6.4875,-75.017,820,5/15/1975,,Monchia,Magdalena Cauca,Medio Magdalena,Río Nare,2019,07,Andes,Definitivo,0,0,0,0,0,0,0,0,3.05454540252686,6.04363632202148,5,10,0.869565188884735,0.876811623573303,1,1,38,1.05999994277954,0
07,2015-07-08,23080760,12,Definitivo,SAN ROQUE [23080760],Pluviométrica,Convencional,Activa,Antioquia,San Roque,6.4875,-75.017,820,5/15/1975,,Monchia,Magdalena Cauca,Medio Magdalena,Río Nare,2015,08,Andes,Definitivo,12,12,0,10.5962352752686,10.5962352752686,8.37340354919434,34.333194732666,18.530855178833,3.05454540252686,6.04363632202148,5,10,0.869565188884735,0.876811623573303,1,1,38,1.05999994277954,12.7199993133545
07,2015-07-09,23080760,37,Definitivo,SAN ROQUE [23080760],Pluviométrica,Convencional,Activa,Antioquia,San Roque,6.4875,-75.017,820,5/15/1975,,Monchia,Magdalena Cauca,Medio Magdalena,Río Nare,2015,09,Andes,Definitivo,37,37,0,0.797434091567993,0.797434091567993,8.37340354919434,5.07810783386231,9.4389762878418,3.05454540252686,6.04363632202148,5,10,0.869565188884735,0.876811623573303,1,1,38,1.05999994277954,39.219997882843
07,2015-07-10,23080760,,"",SAN ROQUE [23080760],Pluviométrica,Convencional,Activa,Antioquia,San Roque,6.4875,-75.017,820,5/15/1975,,Monchia,Magdalena Cauca,Medio Magdalena,Río Nare,2015,10,Andes,Preliminar,0,0,0,6.948486328125,6.948486328125,8.37340354919434,14.7553625106812,47.9869575500488,3.05454540252686,6.04363632202148,5,10,0.869565188884735,0.876811623573303,1,1,38,1.05999994277954,0
07,2001-07-21,23080760,24,Definitivo,SAN ROQUE [23080760],Pluviométrica,Convencional,Activa,Antioquia,San Roque,6.4875,-75.017,820,5/15/1975,,Monchia,Magdalena Cauca,Medio Magdalena,Río Nare,2001,21,Andes,Definitivo,24,24,0,8.77490329742432,8.77490329742432,18.8744773864746,21.4574565887451,30.6817951202393,3.05454540252686,6.04363632202148,5,10,0.869565188884735,0.876811623573303,1,1,41,1.05999994277954,25.439998626709
07,2011-07-09,23080760,0,Definitivo,SAN ROQUE [23080760],Pluviométrica,Convencional,Activa,Antioquia,San Roque,6.4875,-75.017,820,5/15/1975,,Monchia,Magdalena Cauca,Medio Magdalena,Río Nare,2011,09,Andes,Definitivo,0,0,0,0,0,0,0.0506284348666668,0.023165263235569,3.05454540252686,6.04363632202148,5,10,0.869565188884735,0.876811623573303,1,1,38,1.05999994277954,0
07,2016-07-07,23080760,,"",SAN ROQUE [23080760],Pluviométrica,Convencional,Activa,Antioquia,San Roque,6.4875,-75.017,820,5/15/1975,,Monchia,Magdalena Cauca,Medio Magdalena,Río Nare,2016,07,Andes,Preliminar,0,0,0,3.22479915618897,3.22479915618897,2.20249676704407,0.27604740858078,0.408054172992706,3.05454540252686,6.04363632202148,5,10,0.869565188884735,0.876811623573303,1,1,38,1.05999994277954,0
07,2001-07-17,23080760,2,Definitivo,SAN ROQUE [23080760],Pluviométrica,Convencional,Activa,Antioquia,San Roque,6.4875,-75.017,820,5/15/1975,,Monchia,Magdalena Cauca,Medio Magdalena,Río Nare,2001,17,Andes,Definitivo,2,2,0,11.3170776367188,11.3170776367188,0,9.70326709747314,0.612897336483002,3.05454540252686,6.04363632202148,5,10,0.869565188884735,0.876811623573303,1,1,40,1.05999994277954,2.11999988555908
07,2003-07-15,23080760,0,Definitivo,SAN ROQUE [23080760],Pluviométrica,Convencional,Activa,Antioquia,San Roque,6.4875,-75.017,820,5/15/1975,,Monchia,Magdalena Cauca,Medio Magdalena,Río Nare,2003,15,Andes,Definitivo,0,0,0,0,0,0,0.559766948223114,0.277280002832413,3.05454540252686,6.04363632202148,5,10,0.869565188884735,0.876811623573303,1,1,39,1.05999994277954,0
07,2014-07-18,23080760,,"",SAN ROQUE [23080760],Pluviométrica,Convencional,Activa,Antioquia,San Roque,6.4875,-75.017,820,5/15/1975,,Monchia,Magdalena Cauca,Medio Magdalena,Río Nare,2014,18,Andes,Preliminar,0,0,0,1.3962128162384,1.3962128162384,0,0.20704448223114,0.663459002971649,3.05454540252686,6.04363632202148,5,10,0.869565188884735,0.876811623573303,1,1,40,1.05999994277954,0
07,2015-07-16,23080760,24,Definitivo,SAN ROQUE [23080760],Pluviométrica,Convencional,Activa,Antioquia,San Roque,6.4875,-75.017,820,5/15/1975,,Monchia,Magdalena Cauca,Medio Magdalena,Río Nare,2015,16,Andes,Definitivo,24,24,0,27.0224227905273,27.0224227905273,14.6933517456055,2.93749070167542,47.0632286071777,3.05454540252686,6.04363632202148,5,10,0.869565188884735,0.876811623573303,1,1,40,1.05999994277954,25.439998626709
07,2017-07-10,23080760,2,Definitivo,SAN ROQUE [23080760],Pluviométrica,Convencional,Activa,Antioquia,San Roque,6.4875,-75.017,820,5/15/1975,,Monchia,Magdalena Cauca,Medio Magdalena,Río Nare,2017,10,Andes,Definitivo,2,2,0,8.51832485198975,8.51832485198975,0,1.5226446390152,0.641433417797089,3.05454540252686,6.04363632202148,5,10,0.869565188884735,0.876811623573303,1,1,38,1.05999994277954,2.11999988555908
07,2006-07-06,23080760,0,Definitivo,SAN ROQUE [23080760],Pluviométrica,Convencional,Activa,Antioquia,San Roque,6.4875,-75.017,820,5/15/1975,,Monchia,Magdalena Cauca,Medio Magdalena,Río Nare,2006,06,Andes,Definitivo,0,0,0,0,0,0,0.0894942581653595,0.00157463387586176,3.05454540252686,6.04363632202148,5,10,0.869565188884735,0.876811623573303,1,1,38,1.05999994277954,0
07,2009-07-04,23080760,,"",SAN ROQUE [23080760],Pluviométrica,Convencional,Activa,Antioquia,San Roque,6.4875,-75.017,820,5/15/1975,,Monchia,Magdalena Cauca,Medio Magdalena,Río Nare,2009,04,Andes,Preliminar,0,0,0,6.64895439147949,6.64895439147949,13.7591218948364,21.2409286499023,9.8214168548584,3.05454540252686,6.04363632202148,5,10,0.869565188884735,0.876811623573303,1,1,37,1.05999994277954,0
07,2020-07-04,23080760,68,Definitivo,SAN ROQUE [23080760],Pluviométrica,Convencional,Activa,Antioquia,San Roque,6.4875,-75.017,820,5/15/1975,,Monchia,Magdalena Cauca,Medio Magdalena,Río Nare,2020,04,Andes,Definitivo,68,68,0,16.8291034698486,16.8291034698486,32.4446792602539,14.9364156723022,4.67083644866943,3.05454540252686,6.04363632202148,5,10,0.869565188884735,0.876811623573303,1,1,37,1.05999994277954,72.0799961090088
07,2020-07-05,23080760,2,Definitivo,SAN ROQUE [23080760],Pluviométrica,Convencional,Activa,Antioquia,San Roque,6.4875,-75.017,820,5/15/1975,,Monchia,Magdalena Cauca,Medio Magdalena,Río Nare,2020,05,Andes,Definitivo,2,2,0,21.0679454803467,21.0679454803467,48.6670188903809,30.303056716919,85.4234848022461,3.05454540252686,6.04363632202148,5,10,0.869565188884735,0.876811623573303,1,1,37,1.05999994277954,2.11999988555908
07,2019-07-03,23080760,0,Definitivo,SAN ROQUE [23080760],Pluviométrica,Convencional,Activa,Antioquia,San Roque,6.4875,-75.017,820,5/15/1975,,Monchia,Magdalena Cauca,Medio Magdalena,Río Nare,2019,03,Andes,Definitivo,0,0,0,18.4821853637695,18.4821853637695,11.2284078598022,16.8057613372803,11.7048435211182,3.05454540252686,6.04363632202148,5,10,0.869565188884735,0.876811623573303,1,1,37,1.05999994277954,0
07,2016-07-06,23080760,,"",SAN ROQUE [23080760],Pluviométrica,Convencional,Activa,Antioquia,San Roque,6.4875,-75.017,820,5/15/1975,,Monchia,Magdalena Cauca,Medio Magdalena,Río Nare,2016,06,Andes,Preliminar,0,0,0,30.5470371246338,30.5470371246338,11.0124845504761,27.7963523864746,20.465461730957,3.05454540252686,6.04363632202148,5,10,0.869565188884735,0.876811623573303,1,1,38,1.05999994277954,0
07,2012-07-04,23080760,,"",SAN ROQUE [23080760],Pluviométrica,Convencional,Activa,Antioquia,San Roque,6.4875,-75.017,820,5/15/1975,,Monchia,Magdalena Cauca,Medio Magdalena,Río Nare,2012,04,Andes,Preliminar,0,0,0,2.25380778312683,2.25380778312683,11.3073682785034,16.7027435302734,5.12813568115234,3.05454540252686,6.04363632202148,5,10,0.869565188884735,0.876811623573303,1,1,37,1.05999994277954,0
07,2012-07-05,23080760,38,Definitivo,SAN ROQUE [23080760],Pluviométrica,Convencional,Activa,Antioquia,San Roque,6.4875,-75.017,820,5/15/1975,,Monchia,Magdalena Cauca,Medio Magdalena,Río Nare,2012,05,Andes,Definitivo,38,38,0,20.8113899230957,20.8113899230957,5.65368413925171,21.4715423583984,0.468095242977142,3.05454540252686,6.04363632202148,5,10,0.869565188884735,0.876811623573303,1,1,37,1.05999994277954,40.2799978256226
07,2016-07-08,23080760,,"",SAN ROQUE [23080760],Pluviométrica,Convencional,Activa,Antioquia,San Roque,6.4875,-75.017,820,5/15/1975,,Monchia,Magdalena Cauca,Medio Magdalena,Río Nare,2016,08,Andes,Preliminar,0,0,0,0,0,2.20249676704407,0.0671611651778221,0.031495239585638,3.05454540252686,6.04363632202148,5,10,0.869565188884735,0.876811623573303,1,1,38,1.05999994277954,0
07,2016-07-09,23080760,13,Definitivo,SAN ROQUE [23080760],Pluviométrica,Convencional,Activa,Antioquia,San Roque,6.4875,-75.017,820,5/15/1975,,Monchia,Magdalena Cauca,Medio Magdalena,Río Nare,2016,09,Andes,Definitivo,13,13,0,0,0,0,0.0806088596582413,0,3.05454540252686,6.04363632202148,5,10,0.869565188884735,0.876811623573303,1,1,38,1.05999994277954,13.779999256134
07,2001-07-13,23080760,6,Definitivo,SAN ROQUE [23080760],Pluviométrica,Convencional,Activa,Antioquia,San Roque,6.4875,-75.017,820,5/15/1975,,Monchia,Magdalena Cauca,Medio Magdalena,Río Nare,2001,13,Andes,Definitivo,6,6,0,0.0757146626710892,0.0757146626710892,0,10.7224769592285,0.0282900147140026,3.05454540252686,6.04363632202148,5,10,0.869565188884735,0.876811623573303,1,1,39,1.05999994277954,6.35999965667725
07,2002-07-09,23080760,,"",SAN ROQUE [23080760],Pluviométrica,Convencional,Activa,Antioquia,San Roque,6.4875,-75.017,820,5/15/1975,,Monchia,Magdalena Cauca,Medio Magdalena,Río Nare,2002,09,Andes,Preliminar,0,0,0,0.695794224739075,0.695794224739075,0,0.192505791783333,0.102365411818028,3.05454540252686,6.04363632202148,5,10,0.869565188884735,0.876811623573303,1,1,38,1.05999994277954,0
07,2001-07-08,23080760,24,Definitivo,SAN ROQUE [23080760],Pluviométrica,Convencional,Activa,Antioquia,San Roque,6.4875,-75.017,820,5/15/1975,,Monchia,Magdalena Cauca,Medio Magdalena,Río Nare,2001,08,Andes,Definitivo,24,24,0,6.12153482437134,6.12153482437134,19.4396057128906,22.9959545135498,12.0069561004639,3.05454540252686,6.04363632202148,5,10,0.869565188884735,0.876811623573303,1,1,38,1.05999994277954,25.439998626709
07,2017-07-11,23080760,0,Definitivo,SAN ROQUE [23080760],Pluviométrica,Convencional,Activa,Antioquia,San Roque,6.4875,-75.017,820,5/15/1975,,Monchia,Magdalena Cauca,Medio Magdalena,Río Nare,2017,11,Andes,Definitivo,0,0,0,0.0831530243158341,0.0831530243158341,5.34206914901733,0.494116872549057,10.8849821090698,3.05454540252686,6.04363632202148,5,10,0.869565188884735,0.876811623573303,1,1,39,1.05999994277954,0
07,2018-07-09,23080760,1,Definitivo,SAN ROQUE [23080760],Pluviométrica,Convencional,Activa,Antioquia,San Roque,6.4875,-75.017,820,5/15/1975,,Monchia,Magdalena Cauca,Medio Magdalena,Río Nare,2018,09,Andes,Definitivo,1,1,0,0,0,1.3115166425705,0.108196370303631,8.19161128997803,3.05454540252686,6.04363632202148,5,10,0.869565188884735,0.876811623573303,1,1,38,1.05999994277954,1.05999994277954
07,2008-07-08,23080760,44,Definitivo,SAN ROQUE [23080760],Pluviométrica,Convencional,Activa,Antioquia,San Roque,6.4875,-75.017,820,5/15/1975,,Monchia,Magdalena Cauca,Medio Magdalena,Río Nare,2008,08,Andes,Definitivo,44,44,0,10.6475687026978,10.6475687026978,17.6825275421143,12.5979347229004,55.0386619567871,3.05454540252686,6.04363632202148,5,10,0.869565188884735,0.876811623573303,1,1,38,1.05999994277954,46.6399974822998
07,2013-07-07,23080760,38,Definitivo,SAN ROQUE [23080760],Pluviométrica,Convencional,Activa,Antioquia,San Roque,6.4875,-75.017,820,5/15/1975,,Monchia,Magdalena Cauca,Medio Magdalena,Río Nare,2013,07,Andes,Definitivo,38,38,0,1.67797827720642,1.67797827720642,0,0.471055090427399,0.0531429797410965,3.05454540252686,6.04363632202148,5,10,0.869565188884735,0.876811623573303,1,1,38,1.05999994277954,40.2799978256226
07,2013-07-08,23080760,,"",SAN ROQUE [23080760],Pluviométrica,Convencional,Activa,Antioquia,San Roque,6.4875,-75.017,820,5/15/1975,,Monchia,Magdalena Cauca,Medio Magdalena,Río Nare,2013,08,Andes,Preliminar,0,0,0,7.7049446105957,7.7049446105957,27.9346694946289,7.91320133209229,34.1950607299805,3.05454540252686,6.04363632202148,5,10,0.869565188884735,0.876811623573303,1,1,38,1.05999994277954,0
07,2017-07-02,23080760,0,Definitivo,SAN ROQUE [23080760],Pluviométrica,Convencional,Activa,Antioquia,San Roque,6.4875,-75.017,820,5/15/1975,,Monchia,Magdalena Cauca,Medio Magdalena,Río Nare,2017,02,Andes,Definitivo,0,0,0,4.45551061630249,4.45551061630249,4.1707124710083,0.605738341808319,0.547038018703461,3.05454540252686,6.04363632202148,5,10,0.869565188884735,0.876811623573303,1,1,37,1.05999994277954,0
07,2017-07-01,23080760,0,Definitivo,SAN ROQUE [23080760],Pluviométrica,Convencional,Activa,Antioquia,San Roque,6.4875,-75.017,820,5/15/1975,,Monchia,Magdalena Cauca,Medio Magdalena,Río Nare,2017,01,Andes,Definitivo,0,0,0,18.8621406555176,18.8621406555176,2.08535623550415,1.82400894165039,8.74617290496826,3.05454540252686,6.04363632202148,5,10,0.869565188884735,0.876811623573303,1,1,37,1.05999994277954,0
07,2010-07-04,23080760,32,Definitivo,SAN ROQUE [23080760],Pluviométrica,Convencional,Activa,Antioquia,San Roque,6.4875,-75.017,820,5/15/1975,,Monchia,Magdalena Cauca,Medio Magdalena,Río Nare,2010,04,Andes,Definitivo,32,32,0,15.1776609420776,15.1776609420776,7.6100754737854,18.3342971801758,9.17919063568115,3.05454540252686,6.04363632202148,5,10,0.869565188884735,0.876811623573303,1,1,37,1.05999994277954,33.9199981689453
07,2014-07-07,23080760,0,Definitivo,SAN ROQUE [23080760],Pluviométrica,Convencional,Activa,Antioquia,San Roque,6.4875,-75.017,820,5/15/1975,,Monchia,Magdalena Cauca,Medio Magdalena,Río Nare,2014,07,Andes,Definitivo,0,0,0,7.998694896698,7.998694896698,17.2568168640137,10.576358795166,31.5897102355957,3.05454540252686,6.04363632202148,5,10,0.869565188884735,0.876811623573303,1,1,38,1.05999994277954,0
07,2014-07-08,23080760,,"",SAN ROQUE [23080760],Pluviométrica,Convencional,Activa,Antioquia,San Roque,6.4875,-75.017,820,5/15/1975,,Monchia,Magdalena Cauca,Medio Magdalena,Río Nare,2014,08,Andes,Preliminar,0,0,0,3.95737266540527,3.95737266540527,0,7.80959606170654,4.2085542678833,3.05454540252686,6.04363632202148,5,10,0.869565188884735,0.876811623573303,1,1,38,1.05999994277954,0
07,2016-07-10,23080760,,"",SAN ROQUE [23080760],Pluviométrica,Convencional,Activa,Antioquia,San Roque,6.4875,-75.017,820,5/15/1975,,Monchia,Magdalena Cauca,Medio Magdalena,Río Nare,2016,10,Andes,Preliminar,0,0,0,0,0,4.40499353408814,2.43908929824829,9.75425434112549,3.05454540252686,6.04363632202148,5,10,0.869565188884735,0.876811623573303,1,1,38,1.05999994277954,0
07,2015-07-15,23080760,37,Definitivo,SAN ROQUE [23080760],Pluviométrica,Convencional,Activa,Antioquia,San Roque,6.4875,-75.017,820,5/15/1975,,Monchia,Magdalena Cauca,Medio Magdalena,Río Nare,2015,15,Andes,Definitivo,37,37,0,24.4111557006836,24.4111557006836,22.7276573181152,23.0015773773193,58.7016296386719,3.05454540252686,6.04363632202148,5,10,0.869565188884735,0.876811623573303,1,1,39,1.05999994277954,39.219997882843
07,2016-07-12,23080760,,"",SAN ROQUE [23080760],Pluviométrica,Convencional,Activa,Antioquia,San Roque,6.4875,-75.017,820,5/15/1975,,Monchia,Magdalena Cauca,Medio Magdalena,Río Nare,2016,12,Andes,Preliminar,0,0,0,17.4882183074951,17.4882183074951,19.165153503418,14.3488388061523,21.893913269043,3.05454540252686,6.04363632202148,5,10,0.869565188884735,0.876811623573303,1,1,39,1.05999994277954,0
07,2002-07-04,23080760,,"",SAN ROQUE [23080760],Pluviométrica,Convencional,Activa,Antioquia,San Roque,6.4875,-75.017,820,5/15/1975,,Monchia,Magdalena Cauca,Medio Magdalena,Río Nare,2002,04,Andes,Preliminar,0,0,0,4.42464685440064,4.42464685440064,0,5.80141973495483,2.28337979316711,3.05454540252686,6.04363632202148,5,10,0.869565188884735,0.876811623573303,1,1,37,1.05999994277954,0
07,2004-07-05,23080760,0,Definitivo,SAN ROQUE [23080760],Pluviométrica,Convencional,Activa,Antioquia,San Roque,6.4875,-75.017,820,5/15/1975,,Monchia,Magdalena Cauca,Medio Magdalena,Río Nare,2004,05,Andes,Definitivo,0,0,0,2.93879914283752,2.93879914283752,8.19058609008789,9.74442481994629,0.400897324085236,3.05454540252686,6.04363632202148,5,10,0.869565188884735,0.876811623573303,1,1,37,1.05999994277954,0
07,2020-07-03,23080760,25,Definitivo,SAN ROQUE [23080760],Pluviométrica,Convencional,Activa,Antioquia,San Roque,6.4875,-75.017,820,5/15/1975,,Monchia,Magdalena Cauca,Medio Magdalena,Río Nare,2020,03,Andes,Definitivo,25,25,0,3.16874599456787,3.16874599456787,0,13.1468706130981,0.0217069312930107,3.05454540252686,6.04363632202148,5,10,0.869565188884735,0.876811623573303,1,1,37,1.05999994277954,26.4999985694885
07,2021-07-01,23080760,2,Definitivo,SAN ROQUE [23080760],Pluviométrica,Convencional,Activa,Antioquia,San Roque,6.4875,-75.017,820,5/15/1975,,Monchia,Magdalena Cauca,Medio Magdalena,Río Nare,2021,01,Andes,Definitivo,2,2,0,4.44470453262329,4.44470453262329,0,0.774623334407806,0,3.05454540252686,6.04363632202148,5,10,0.869565188884735,0.876811623573303,1,1,37,1.05999994277954,2.11999988555908
07,2021-07-02,23080760,4,Definitivo,SAN ROQUE [23080760],Pluviométrica,Convencional,Activa,Antioquia,San Roque,6.4875,-75.017,820,5/15/1975,,Monchia,Magdalena Cauca,Medio Magdalena,Río Nare,2021,02,Andes,Definitivo,4,4,0,2.2462375164032,2.2462375164032,4.99547672271729,6.64318370819092,0.0586903020739555,3.05454540252686,6.04363632202148,5,10,0.869565188884735,0.876811623573303,1,1,37,1.05999994277954,4.23999977111816
07,2011-07-08,23080760,,"",SAN ROQUE [23080760],Pluviométrica,Convencional,Activa,Antioquia,San Roque,6.4875,-75.017,820,5/15/1975,,Monchia,Magdalena Cauca,Medio Magdalena,Río Nare,2011,08,Andes,Preliminar,0,0,0,0.32713657617569,0.32713657617569,0,0,0,3.05454540252686,6.04363632202148,5,10,0.869565188884735,0.876811623573303,1,1,38,1.05999994277954,0
07,2007-07-06,23080760,6,Definitivo,SAN ROQUE [23080760],Pluviométrica,Convencional,Activa,Antioquia,San Roque,6.4875,-75.017,820,5/15/1975,,Monchia,Magdalena Cauca,Medio Magdalena,Río Nare,2007,06,Andes,Definitivo,6,6,0,1.75765180587769,1.75765180587769,0,8.96547317504883,0.027673602104187,3.05454540252686,6.04363632202148,5,10,0.869565188884735,0.876811623573303,1,1,38,1.05999994277954,6.35999965667725
07,2005-07-05,23080760,39,Definitivo,SAN ROQUE [23080760],Pluviométrica,Convencional,Activa,Antioquia,San Roque,6.4875,-75.017,820,5/15/1975,,Monchia,Magdalena Cauca,Medio Magdalena,Río Nare,2005,05,Andes,Definitivo,39,39,0,25.5761547088623,25.5761547088623,16.5587902069092,40.573558807373,15.4027862548828,3.05454540252686,6.04363632202148,5,10,0.869565188884735,0.876811623573303,1,1,37,1.05999994277954,41.3399977684021
07,2010-07-05,23080760,,"",SAN ROQUE [23080760],Pluviométrica,Convencional,Activa,Antioquia,San Roque,6.4875,-75.017,820,5/15/1975,,Monchia,Magdalena Cauca,Medio Magdalena,Río Nare,2010,05,Andes,Preliminar,0,0,0,1.62417769432068,1.62417769432068,30.4403018951416,20.3409328460693,43.9409217834473,3.05454540252686,6.04363632202148,5,10,0.869565188884735,0.876811623573303,1,1,37,1.05999994277954,0
07,2015-07-04,23080760,,"",SAN ROQUE [23080760],Pluviométrica,Convencional,Activa,Antioquia,San Roque,6.4875,-75.017,820,5/15/1975,,Monchia,Magdalena Cauca,Medio Magdalena,Río Nare,2015,04,Andes,Preliminar,0,0,0,0,0,0,0.00414066528901458,0.00635050749406219,3.05454540252686,6.04363632202148,5,10,0.869565188884735,0.876811623573303,1,1,37,1.05999994277954,0
07,2017-07-06,23080760,0,Definitivo,SAN ROQUE [23080760],Pluviométrica,Convencional,Activa,Antioquia,San Roque,6.4875,-75.017,820,5/15/1975,,Monchia,Magdalena Cauca,Medio Magdalena,Río Nare,2017,06,Andes,Definitivo,0,0,0,8.51832485198975,8.51832485198975,9.32805919647217,12.3054714202881,4.40105867385864,3.05454540252686,6.04363632202148,5,10,0.869565188884735,0.876811623573303,1,1,38,1.05999994277954,0
07,2003-07-12,23080760,4,Definitivo,SAN ROQUE [23080760],Pluviométrica,Convencional,Activa,Antioquia,San Roque,6.4875,-75.017,820,5/15/1975,,Monchia,Magdalena Cauca,Medio Magdalena,Río Nare,2003,12,Andes,Definitivo,4,4,0,0.14769446849823,0.14769446849823,0,3.89210414886475,0.0191056672483683,3.05454540252686,6.04363632202148,5,10,0.869565188884735,0.876811623573303,1,1,39,1.05999994277954,4.23999977111816
07,2001-07-10,23080760,72,Definitivo,SAN ROQUE [23080760],Pluviométrica,Convencional,Activa,Antioquia,San Roque,6.4875,-75.017,820,5/15/1975,,Monchia,Magdalena Cauca,Medio Magdalena,Río Nare,2001,10,Andes,Definitivo,72,72,0,41.9937324523926,41.9937324523926,25.9194736480713,55.0550537109375,6.22101974487305,3.05454540252686,6.04363632202148,5,10,0.869565188884735,0.876811623573303,1,1,38,1.05999994277954,76.319995880127
07,2018-07-07,23080760,0,Definitivo,SAN ROQUE [23080760],Pluviométrica,Convencional,Activa,Antioquia,San Roque,6.4875,-75.017,820,5/15/1975,,Monchia,Magdalena Cauca,Medio Magdalena,Río Nare,2018,07,Andes,Definitivo,0,0,0,13.6609296798706,13.6609296798706,3.93455004692078,4.67742204666138,0.592424929141998,3.05454540252686,6.04363632202148,5,10,0.869565188884735,0.876811623573303,1,1,38,1.05999994277954,0
07,2018-07-08,23080760,0,Definitivo,SAN ROQUE [23080760],Pluviométrica,Convencional,Activa,Antioquia,San Roque,6.4875,-75.017,820,5/15/1975,,Monchia,Magdalena Cauca,Medio Magdalena,Río Nare,2018,08,Andes,Definitivo,0,0,0,0.494588315486908,0.494588315486908,0,0.377801656723022,1.88836944103241,3.05454540252686,6.04363632202148,5,10,0.869565188884735,0.876811623573303,1,1,38,1.05999994277954,0
07,2007-07-04,23080760,0,Definitivo,SAN ROQUE [23080760],Pluviométrica,Convencional,Activa,Antioquia,San Roque,6.4875,-75.017,820,5/15/1975,,Monchia,Magdalena Cauca,Medio Magdalena,Río Nare,2007,04,Andes,Definitivo,0,0,0,0,0,0,0,0,3.05454540252686,6.04363632202148,5,10,0.869565188884735,0.876811623573303,1,1,37,1.05999994277954,0
07,2009-07-05,23080760,2,Definitivo,SAN ROQUE [23080760],Pluviométrica,Convencional,Activa,Antioquia,San Roque,6.4875,-75.017,820,5/15/1975,,Monchia,Magdalena Cauca,Medio Magdalena,Río Nare,2009,05,Andes,Definitivo,2,2,0,19.6285648345947,19.6285648345947,20.6386814117432,15.4623517990112,1.29089796543121,3.05454540252686,6.04363632202148,5,10,0.869565188884735,0.876811623573303,1,1,37,1.05999994277954,2.11999988555908
07,2011-07-07,23080760,,"",SAN ROQUE [23080760],Pluviométrica,Convencional,Activa,Antioquia,San Roque,6.4875,-75.017,820,5/15/1975,,Monchia,Magdalena Cauca,Medio Magdalena,Río Nare,2011,07,Andes,Preliminar,0,0,0,8.61438465118408,8.61438465118408,0,0.858361780643463,0.0110007673501968,3.05454540252686,6.04363632202148,5,10,0.869565188884735,0.876811623573303,1,1,38,1.05999994277954,0
07,2019-07-02,23080760,39,Definitivo,SAN ROQUE [23080760],Pluviométrica,Convencional,Activa,Antioquia,San Roque,6.4875,-75.017,820,5/15/1975,,Monchia,Magdalena Cauca,Medio Magdalena,Río Nare,2019,02,Andes,Definitivo,39,39,0,4.21279668807983,4.21279668807983,0,2.35913348197937,0.0341470949351788,3.05454540252686,6.04363632202148,5,10,0.869565188884735,0.876811623573303,1,1,37,1.05999994277954,41.3399977684021
07,2006-07-01,23080760,,"",SAN ROQUE [23080760],Pluviométrica,Convencional,Activa,Antioquia,San Roque,6.4875,-75.017,820,5/15/1975,,Monchia,Magdalena Cauca,Medio Magdalena,Río Nare,2006,01,Andes,Preliminar,0,0,0,0,0,0,0.428322374820709,0,3.05454540252686,6.04363632202148,5,10,0.869565188884735,0.876811623573303,1,1,37,1.05999994277954,0
07,2001-07-03,23080760,,"",SAN ROQUE [23080760],Pluviométrica,Convencional,Activa,Antioquia,San Roque,6.4875,-75.017,820,5/15/1975,,Monchia,Magdalena Cauca,Medio Magdalena,Río Nare,2001,03,Andes,Preliminar,0,0,0,2.37903380393982,2.37903380393982,0,3.48202514648438,0.629436373710632,3.05454540252686,6.04363632202148,5,10,0.869565188884735,0.876811623573303,1,1,37,1.05999994277954,0
07,2008-07-03,23080760,44,Definitivo,SAN ROQUE [23080760],Pluviométrica,Convencional,Activa,Antioquia,San Roque,6.4875,-75.017,820,5/15/1975,,Monchia,Magdalena Cauca,Medio Magdalena,Río Nare,2008,03,Andes,Definitivo,44,44,0,0.501908123493195,0.501908123493195,22.0000019073486,26.8071727752686,8.33007621765137,3.05454540252686,6.04363632202148,5,10,0.869565188884735,0.876811623573303,1,1,37,1.05999994277954,46.6399974822998
07,2008-07-04,23080760,30,Definitivo,SAN ROQUE [23080760],Pluviométrica,Convencional,Activa,Antioquia,San Roque,6.4875,-75.017,820,5/15/1975,,Monchia,Magdalena Cauca,Medio Magdalena,Río Nare,2008,04,Andes,Definitivo,30,30,0,8.69974040985107,8.69974040985107,29.3333377838135,27.4559383392334,27.7261371612549,3.05454540252686,6.04363632202148,5,10,0.869565188884735,0.876811623573303,1,1,37,1.05999994277954,31.7999982833862
07,2015-07-05,23080760,,"",SAN ROQUE [23080760],Pluviométrica,Convencional,Activa,Antioquia,San Roque,6.4875,-75.017,820,5/15/1975,,Monchia,Magdalena Cauca,Medio Magdalena,Río Nare,2015,05,Andes,Preliminar,0,0,0,0,0,0,0.0074756508693099,0.00635050749406219,3.05454540252686,6.04363632202148,5,10,0.869565188884735,0.876811623573303,1,1,37,1.05999994277954,0
07,2017-07-07,23080760,0,Definitivo,SAN ROQUE [23080760],Pluviométrica,Convencional,Activa,Antioquia,San Roque,6.4875,-75.017,820,5/15/1975,,Monchia,Magdalena Cauca,Medio Magdalena,Río Nare,2017,07,Andes,Definitivo,0,0,0,8.51832485198975,8.51832485198975,4.66402959823608,0.863002955913544,1.60730481147766,3.05454540252686,6.04363632202148,5,10,0.869565188884735,0.876811623573303,1,1,38,1.05999994277954,0
07,2016-07-11,23080760,7,Definitivo,SAN ROQUE [23080760],Pluviométrica,Convencional,Activa,Antioquia,San Roque,6.4875,-75.017,820,5/15/1975,,Monchia,Magdalena Cauca,Medio Magdalena,Río Nare,2016,11,Andes,Definitivo,7,7,0,1.40912187099457,1.40912187099457,0,1.31947791576386,10.3635368347168,3.05454540252686,6.04363632202148,5,10,0.869565188884735,0.876811623573303,1,1,39,1.05999994277954,7.41999959945679
07,2003-07-07,23080760,0,Definitivo,SAN ROQUE [23080760],Pluviométrica,Convencional,Activa,Antioquia,San Roque,6.4875,-75.017,820,5/15/1975,,Monchia,Magdalena Cauca,Medio Magdalena,Río Nare,2003,07,Andes,Definitivo,0,0,0,11.4149780273438,11.4149780273438,19.3725185394287,8.13828086853027,25.6758117675781,3.05454540252686,6.04363632202148,5,10,0.869565188884735,0.876811623573303,1,1,38,1.05999994277954,0
07,2001-07-05,23080760,46,Definitivo,SAN ROQUE [23080760],Pluviométrica,Convencional,Activa,Antioquia,San Roque,6.4875,-75.017,820,5/15/1975,,Monchia,Magdalena Cauca,Medio Magdalena,Río Nare,2001,05,Andes,Definitivo,46,46,0,2.37903380393982,2.37903380393982,0,3.46402978897095,2.5508406162262,3.05454540252686,6.04363632202148,5,10,0.869565188884735,0.876811623573303,1,1,37,1.05999994277954,48.7599973678589
07,2019-07-06,23080760,0,Definitivo,SAN ROQUE [23080760],Pluviométrica,Convencional,Activa,Antioquia,San Roque,6.4875,-75.017,820,5/15/1975,,Monchia,Magdalena Cauca,Medio Magdalena,Río Nare,2019,06,Andes,Definitivo,0,0,0,14.5924501419067,14.5924501419067,3.78290629386902,10.1146459579468,0.332647919654846,3.05454540252686,6.04363632202148,5,10,0.869565188884735,0.876811623573303,1,1,38,1.05999994277954,0
07,2018-07-03,23080760,0,Definitivo,SAN ROQUE [23080760],Pluviométrica,Convencional,Activa,Antioquia,San Roque,6.4875,-75.017,820,5/15/1975,,Monchia,Magdalena Cauca,Medio Magdalena,Río Nare,2018,03,Andes,Definitivo,0,0,0,11.2962293624878,11.2962293624878,21.5230236053467,37.1397972106934,38.051399230957,3.05454540252686,6.04363632202148,5,10,0.869565188884735,0.876811623573303,1,1,37,1.05999994277954,0
07,2019-07-01,23080760,0,Definitivo,SAN ROQUE [23080760],Pluviométrica,Convencional,Activa,Antioquia,San Roque,6.4875,-75.017,820,5/15/1975,,Monchia,Magdalena Cauca,Medio Magdalena,Río Nare,2019,01,Andes,Definitivo,0,0,0,3.0091872215271,3.0091872215271,11.2284078598022,2.5409893989563,1.10163605213165,3.05454540252686,6.04363632202148,5,10,0.869565188884735,0.876811623573303,1,1,37,1.05999994277954,0
07,2012-07-03,23080760,20,Definitivo,SAN ROQUE [23080760],Pluviométrica,Convencional,Activa,Antioquia,San Roque,6.4875,-75.017,820,5/15/1975,,Monchia,Magdalena Cauca,Medio Magdalena,Río Nare,2012,03,Andes,Definitivo,20,20,0,3.57606101036072,3.57606101036072,11.3073682785034,4.93220806121826,29.4330368041992,3.05454540252686,6.04363632202148,5,10,0.869565188884735,0.876811623573303,1,1,37,1.05999994277954,21.1999988555908
07,2003-07-01,23080760,0,Definitivo,SAN ROQUE [23080760],Pluviométrica,Convencional,Activa,Antioquia,San Roque,6.4875,-75.017,820,5/15/1975,,Monchia,Magdalena Cauca,Medio Magdalena,Río Nare,2003,01,Andes,Definitivo,0,0,0,11.2029705047607,11.2029705047607,10.5545558929443,13.7022666931152,7.71452617645264,3.05454540252686,6.04363632202148,5,10,0.869565188884735,0.876811623573303,1,1,37,1.05999994277954,0
07,2015-07-06,23080760,0,Definitivo,SAN ROQUE [23080760],Pluviométrica,Convencional,Activa,Antioquia,San Roque,6.4875,-75.017,820,5/15/1975,,Monchia,Magdalena Cauca,Medio Magdalena,Río Nare,2015,06,Andes,Definitivo,0,0,0,4.71208095550537,4.71208095550537,4.18670177459717,8.11889743804932,0.508821666240692,3.05454540252686,6.04363632202148,5,10,0.869565188884735,0.876811623573303,1,1,38,1.05999994277954,0
07,2006-07-02,23080760,,"",SAN ROQUE [23080760],Pluviométrica,Convencional,Activa,Antioquia,San Roque,6.4875,-75.017,820,5/15/1975,,Monchia,Magdalena Cauca,Medio Magdalena,Río Nare,2006,02,Andes,Preliminar,0,0,0,0,0,0,0.322574317455292,0,3.05454540252686,6.04363632202148,5,10,0.869565188884735,0.876811623573303,1,1,37,1.05999994277954,0
07,2006-07-03,23080760,,"",SAN ROQUE [23080760],Pluviométrica,Convencional,Activa,Antioquia,San Roque,6.4875,-75.017,820,5/15/1975,,Monchia,Magdalena Cauca,Medio Magdalena,Río Nare,2006,03,Andes,Preliminar,0,0,0,14.0760631561279,14.0760631561279,0,0.16390560567379,0.108851462602615,3.05454540252686,6.04363632202148,5,10,0.869565188884735,0.876811623573303,1,1,37,1.05999994277954,0
07,2010-07-06,23080760,20,Definitivo,SAN ROQUE [23080760],Pluviométrica,Convencional,Activa,Antioquia,San Roque,6.4875,-75.017,820,5/15/1975,,Monchia,Magdalena Cauca,Medio Magdalena,Río Nare,2010,06,Andes,Definitivo,20,20,0,6.94521188735962,6.94521188735962,8.20061588287354,13.9133777618408,4.30833768844605,3.05454540252686,6.04363632202148,5,10,0.869565188884735,0.876811623573303,1,1,38,1.05999994277954,21.1999988555908
07,2002-07-05,23080760,29,Definitivo,SAN ROQUE [23080760],Pluviométrica,Convencional,Activa,Antioquia,San Roque,6.4875,-75.017,820,5/15/1975,,Monchia,Magdalena Cauca,Medio Magdalena,Río Nare,2002,05,Andes,Definitivo,29,29,0,6.11022615432739,6.11022615432739,22.7993488311768,19.9171295166016,25.595609664917,3.05454540252686,6.04363632202148,5,10,0.869565188884735,0.876811623573303,1,1,37,1.05999994277954,30.7399983406067
07,2018-07-04,23080760,0,Definitivo,SAN ROQUE [23080760],Pluviométrica,Convencional,Activa,Antioquia,San Roque,6.4875,-75.017,820,5/15/1975,,Monchia,Magdalena Cauca,Medio Magdalena,Río Nare,2018,04,Andes,Definitivo,0,0,0,2.41132593154907,2.41132593154907,0,0.422787934541702,0.0303145628422499,3.05454540252686,6.04363632202148,5,10,0.869565188884735,0.876811623573303,1,1,37,1.05999994277954,0
07,2017-07-09,23080760,0,Definitivo,SAN ROQUE [23080760],Pluviométrica,Convencional,Activa,Antioquia,San Roque,6.4875,-75.017,820,5/15/1975,,Monchia,Magdalena Cauca,Medio Magdalena,Río Nare,2017,09,Andes,Definitivo,0,0,0,8.51832485198975,8.51832485198975,4.66402959823608,5.79133939743042,21.1620941162109,3.05454540252686,6.04363632202148,5,10,0.869565188884735,0.876811623573303,1,1,38,1.05999994277954,0
07,2019-07-04,23080760,39,Definitivo,SAN ROQUE [23080760],Pluviométrica,Convencional,Activa,Antioquia,San Roque,6.4875,-75.017,820,5/15/1975,,Monchia,Magdalena Cauca,Medio Magdalena,Río Nare,2019,04,Andes,Definitivo,39,39,0,2.15763998031616,2.15763998031616,0,6.46780300140381,0.00485101668164134,3.05454540252686,6.04363632202148,5,10,0.869565188884735,0.876811623573303,1,1,37,1.05999994277954,41.3399977684021
07,2014-07-01,23080760,3,Definitivo,SAN ROQUE [23080760],Pluviométrica,Convencional,Activa,Antioquia,San Roque,6.4875,-75.017,820,5/15/1975,,Monchia,Magdalena Cauca,Medio Magdalena,Río Nare,2014,01,Andes,Definitivo,3,3,0,1.13090479373932,1.13090479373932,22.8121967315674,10.2346954345703,21.1324672698975,3.05454540252686,6.04363632202148,5,10,0.869565188884735,0.876811623573303,1,1,37,1.05999994277954,3.17999982833862
07,2002-07-06,23080760,11,Definitivo,SAN ROQUE [23080760],Pluviométrica,Convencional,Activa,Antioquia,San Roque,6.4875,-75.017,820,5/15/1975,,Monchia,Magdalena Cauca,Medio Magdalena,Río Nare,2002,06,Andes,Definitivo,11,11,0,3.53463506698608,3.53463506698608,12.8657331466675,17.8766384124756,20.3370227813721,3.05454540252686,6.04363632202148,5,10,0.869565188884735,0.876811623573303,1,1,38,1.05999994277954,11.659999370575
07,2007-07-05,23080760,0,Definitivo,SAN ROQUE [23080760],Pluviométrica,Convencional,Activa,Antioquia,San Roque,6.4875,-75.017,820,5/15/1975,,Monchia,Magdalena Cauca,Medio Magdalena,Río Nare,2007,05,Andes,Definitivo,0,0,0,0.13276170194149,0.13276170194149,0,0,0,3.05454540252686,6.04363632202148,5,10,0.869565188884735,0.876811623573303,1,1,37,1.05999994277954,0
07,2014-07-03,23080760,7,Definitivo,SAN ROQUE [23080760],Pluviométrica,Convencional,Activa,Antioquia,San Roque,6.4875,-75.017,820,5/15/1975,,Monchia,Magdalena Cauca,Medio Magdalena,Río Nare,2014,03,Andes,Definitivo,7,7,0,5.6234302520752,5.6234302520752,0,2.21435165405273,1.31558465957642,3.05454540252686,6.04363632202148,5,10,0.869565188884735,0.876811623573303,1,1,37,1.05999994277954,7.41999959945679
07,2009-07-01,23080760,38,Definitivo,SAN ROQUE [23080760],Pluviométrica,Convencional,Activa,Antioquia,San Roque,6.4875,-75.017,820,5/15/1975,,Monchia,Magdalena Cauca,Medio Magdalena,Río Nare,2009,01,Andes,Definitivo,38,38,0,1.82138907909393,1.82138907909393,0,2.66846919059753,18.3669147491455,3.05454540252686,6.04363632202148,5,10,0.869565188884735,0.876811623573303,1,1,37,1.05999994277954,40.2799978256226
07,2013-07-04,23080760,0,Definitivo,SAN ROQUE [23080760],Pluviométrica,Convencional,Activa,Antioquia,San Roque,6.4875,-75.017,820,5/15/1975,,Monchia,Magdalena Cauca,Medio Magdalena,Río Nare,2013,04,Andes,Definitivo,0,0,0,0.698704421520233,0.698704421520233,0,4.88219356536865,0.00358549994416535,3.05454540252686,6.04363632202148,5,10,0.869565188884735,0.876811623573303,1,1,37,1.05999994277954,0
07,2001-07-01,23080760,0,Definitivo,SAN ROQUE [23080760],Pluviométrica,Convencional,Activa,Antioquia,San Roque,6.4875,-75.017,820,5/15/1975,,Monchia,Magdalena Cauca,Medio Magdalena,Río Nare,2001,01,Andes,Definitivo,0,0,0,0,0,17.2061004638672,11.7628173828125,23.9759292602539,3.05454540252686,6.04363632202148,5,10,0.869565188884735,0.876811623573303,1,1,37,1.05999994277954,0
07,2004-07-01,23080760,21,Definitivo,SAN ROQUE [23080760],Pluviométrica,Convencional,Activa,Antioquia,San Roque,6.4875,-75.017,820,5/15/1975,,Monchia,Magdalena Cauca,Medio Magdalena,Río Nare,2004,01,Andes,Definitivo,21,21,0,8.88318824768066,8.88318824768066,4.09529304504395,7.80754852294922,5.10087871551514,3.05454540252686,6.04363632202148,5,10,0.869565188884735,0.876811623573303,1,1,37,1.05999994277954,22.2599987983704
07,2001-07-09,23080760,11,Definitivo,SAN ROQUE [23080760],Pluviométrica,Convencional,Activa,Antioquia,San Roque,6.4875,-75.017,820,5/15/1975,,Monchia,Magdalena Cauca,Medio Magdalena,Río Nare,2001,09,Andes,Definitivo,11,11,0,0.612153470516205,0.612153470516205,25.9194736480713,20.1289482116699,30.1484241485596,3.05454540252686,6.04363632202148,5,10,0.869565188884735,0.876811623573303,1,1,38,1.05999994277954,11.659999370575
07,2019-07-05,23080760,0,Definitivo,SAN ROQUE [23080760],Pluviométrica,Convencional,Activa,Antioquia,San Roque,6.4875,-75.017,820,5/15/1975,,Monchia,Magdalena Cauca,Medio Magdalena,Río Nare,2019,05,Andes,Definitivo,0,0,0,0.532935380935669,0.532935380935669,22.4568157196045,28.6103687286377,43.938591003418,3.05454540252686,6.04363632202148,5,10,0.869565188884735,0.876811623573303,1,1,37,1.05999994277954,0
07,2013-07-05,23080760,3,Definitivo,SAN ROQUE [23080760],Pluviométrica,Convencional,Activa,Antioquia,San Roque,6.4875,-75.017,820,5/15/1975,,Monchia,Magdalena Cauca,Medio Magdalena,Río Nare,2013,05,Andes,Definitivo,3,3,0,4.51724815368652,4.51724815368652,10.4454746246338,3.47662281990051,8.52260589599609,3.05454540252686,6.04363632202148,5,10,0.869565188884735,0.876811623573303,1,1,37,1.05999994277954,3.17999982833862
07,2001-07-12,23080760,7,Definitivo,SAN ROQUE [23080760],Pluviométrica,Convencional,Activa,Antioquia,San Roque,6.4875,-75.017,820,5/15/1975,,Monchia,Magdalena Cauca,Medio Magdalena,Río Nare,2001,12,Andes,Definitivo,7,7,0,11.0921974182129,11.0921974182129,10.9793014526367,16.6423072814941,5.77320384979248,3.05454540252686,6.04363632202148,5,10,0.869565188884735,0.876811623573303,1,1,39,1.05999994277954,7.41999959945679
07,2005-07-04,23080760,31,Definitivo,SAN ROQUE [23080760],Pluviométrica,Convencional,Activa,Antioquia,San Roque,6.4875,-75.017,820,5/15/1975,,Monchia,Magdalena Cauca,Medio Magdalena,Río Nare,2005,04,Andes,Definitivo,31,31,0,4.03958702087402,4.03958702087402,16.5587902069092,9.70690059661865,34.2145767211914,3.05454540252686,6.04363632202148,5,10,0.869565188884735,0.876811623573303,1,1,37,1.05999994277954,32.8599982261658
07,2011-07-03,23080760,49,Definitivo,SAN ROQUE [23080760],Pluviométrica,Convencional,Activa,Antioquia,San Roque,6.4875,-75.017,820,5/15/1975,,Monchia,Magdalena Cauca,Medio Magdalena,Río Nare,2011,03,Andes,Definitivo,49,49,0,1.64902889728546,1.64902889728546,7.850914478302,11.7368688583374,4.27159786224365,3.05454540252686,6.04363632202148,5,10,0.869565188884735,0.876811623573303,1,1,37,1.05999994277954,51.9399971961975
07,2017-07-05,23080760,0,Definitivo,SAN ROQUE [23080760],Pluviométrica,Convencional,Activa,Antioquia,San Roque,6.4875,-75.017,820,5/15/1975,,Monchia,Magdalena Cauca,Medio Magdalena,Río Nare,2017,05,Andes,Definitivo,0,0,0,0.845392525196075,0.845392525196075,2.08535623550415,2.49241852760315,1.73994588851929,3.05454540252686,6.04363632202148,5,10,0.869565188884735,0.876811623573303,1,1,37,1.05999994277954,0
07,2016-07-02,23080760,6,Definitivo,SAN ROQUE [23080760],Pluviométrica,Convencional,Activa,Antioquia,San Roque,6.4875,-75.017,820,5/15/1975,,Monchia,Magdalena Cauca,Medio Magdalena,Río Nare,2016,02,Andes,Definitivo,6,6,0,0,0,21.8911418914795,9.54512405395508,53.1701011657715,3.05454540252686,6.04363632202148,5,10,0.869565188884735,0.876811623573303,1,1,37,1.05999994277954,6.35999965667725
07,2017-07-08,23080760,10,Definitivo,SAN ROQUE [23080760],Pluviométrica,Convencional,Activa,Antioquia,San Roque,6.4875,-75.017,820,5/15/1975,,Monchia,Magdalena Cauca,Medio Magdalena,Río Nare,2017,08,Andes,Definitivo,10,10,0,8.51832485198975,8.51832485198975,4.66402959823608,9.69293689727783,2.36350798606873,3.05454540252686,6.04363632202148,5,10,0.869565188884735,0.876811623573303,1,1,38,1.05999994277954,10.5999994277954
07,2004-07-02,23080760,,"",SAN ROQUE [23080760],Pluviométrica,Convencional,Activa,Antioquia,San Roque,6.4875,-75.017,820,5/15/1975,,Monchia,Magdalena Cauca,Medio Magdalena,Río Nare,2004,02,Andes,Preliminar,0,0,0,25.5809135437012,25.5809135437012,8.19058609008789,7.10087633132935,26.1225719451904,3.05454540252686,6.04363632202148,5,10,0.869565188884735,0.876811623573303,1,1,37,1.05999994277954,0
07,2008-07-05,23080760,15,Definitivo,SAN ROQUE [23080760],Pluviométrica,Convencional,Activa,Antioquia,San Roque,6.4875,-75.017,820,5/15/1975,,Monchia,Magdalena Cauca,Medio Magdalena,Río Nare,2008,05,Andes,Definitivo,15,15,0,42.4948883056641,42.4948883056641,14.6666688919067,26.3629837036133,44.3205871582031,3.05454540252686,6.04363632202148,5,10,0.869565188884735,0.876811623573303,1,1,37,1.05999994277954,15.8999991416931
07,2011-07-04,23080760,3,Definitivo,SAN ROQUE [23080760],Pluviométrica,Convencional,Activa,Antioquia,San Roque,6.4875,-75.017,820,5/15/1975,,Monchia,Magdalena Cauca,Medio Magdalena,Río Nare,2011,04,Andes,Definitivo,3,3,0,5.31296491622925,5.31296491622925,7.850914478302,2.18865847587585,12.0542287826538,3.05454540252686,6.04363632202148,5,10,0.869565188884735,0.876811623573303,1,1,37,1.05999994277954,3.17999982833862
07,2003-07-03,23080760,2,Definitivo,SAN ROQUE [23080760],Pluviométrica,Convencional,Activa,Antioquia,San Roque,6.4875,-75.017,820,5/15/1975,,Monchia,Magdalena Cauca,Medio Magdalena,Río Nare,2003,03,Andes,Definitivo,2,2,0,0,0,5.27727794647217,4.012770652771,0.0434381440281868,3.05454540252686,6.04363632202148,5,10,0.869565188884735,0.876811623573303,1,1,37,1.05999994277954,2.11999988555908
07,2018-07-06,23080760,1,Definitivo,SAN ROQUE [23080760],Pluviométrica,Convencional,Activa,Antioquia,San Roque,6.4875,-75.017,820,5/15/1975,,Monchia,Magdalena Cauca,Medio Magdalena,Río Nare,2018,06,Andes,Definitivo,1,1,0,1.44453907012939,1.44453907012939,2.62303328514099,0.342155694961548,5.71054792404175,3.05454540252686,6.04363632202148,5,10,0.869565188884735,0.876811623573303,1,1,38,1.05999994277954,1.05999994277954
07,2001-07-07,23080760,19,Definitivo,SAN ROQUE [23080760],Pluviométrica,Convencional,Activa,Antioquia,San Roque,6.4875,-75.017,820,5/15/1975,,Monchia,Magdalena Cauca,Medio Magdalena,Río Nare,2001,07,Andes,Definitivo,19,19,0,0.244861409068108,0.244861409068108,6.47986841201782,6.53516912460327,2.84660172462463,3.05454540252686,6.04363632202148,5,10,0.869565188884735,0.876811623573303,1,1,38,1.05999994277954,20.1399989128113
07,2003-07-02,23080760,0,Definitivo,SAN ROQUE [23080760],Pluviométrica,Convencional,Activa,Antioquia,San Roque,6.4875,-75.017,820,5/15/1975,,Monchia,Magdalena Cauca,Medio Magdalena,Río Nare,2003,02,Andes,Definitivo,0,0,0,15.5469808578491,15.5469808578491,0,1.16682589054108,0.0130500299856067,3.05454540252686,6.04363632202148,5,10,0.869565188884735,0.876811623573303,1,1,37,1.05999994277954,0
07,2009-07-02,23080760,,"",SAN ROQUE [23080760],Pluviométrica,Convencional,Activa,Antioquia,San Roque,6.4875,-75.017,820,5/15/1975,,Monchia,Magdalena Cauca,Medio Magdalena,Río Nare,2009,02,Andes,Preliminar,0,0,0,9.61976337432861,9.61976337432861,13.7591218948364,9.48444747924805,31.0435657501221,3.05454540252686,6.04363632202148,5,10,0.869565188884735,0.876811623573303,1,1,37,1.05999994277954,0
07,2014-07-02,23080760,7,Definitivo,SAN ROQUE [23080760],Pluviométrica,Convencional,Activa,Antioquia,San Roque,6.4875,-75.017,820,5/15/1975,,Monchia,Magdalena Cauca,Medio Magdalena,Río Nare,2014,02,Andes,Definitivo,7,7,0,9.64695453643799,9.64695453643799,11.4060983657837,14.411491394043,13.4443407058716,3.05454540252686,6.04363632202148,5,10,0.869565188884735,0.876811623573303,1,1,37,1.05999994277954,7.41999959945679
07,2011-07-01,23080760,0,Definitivo,SAN ROQUE [23080760],Pluviométrica,Convencional,Activa,Antioquia,San Roque,6.4875,-75.017,820,5/15/1975,,Monchia,Magdalena Cauca,Medio Magdalena,Río Nare,2011,01,Andes,Definitivo,0,0,0,15.6806612014771,15.6806612014771,19.6272869110107,30.8452396392822,38.5197868347168,3.05454540252686,6.04363632202148,5,10,0.869565188884735,0.876811623573303,1,1,37,1.05999994277954,0
07,2007-07-01,23080760,0,Definitivo,SAN ROQUE [23080760],Pluviométrica,Convencional,Activa,Antioquia,San Roque,6.4875,-75.017,820,5/15/1975,,Monchia,Magdalena Cauca,Medio Magdalena,Río Nare,2007,01,Andes,Definitivo,0,0,0,0,0,0,0,0,3.05454540252686,6.04363632202148,5,10,0.869565188884735,0.876811623573303,1,1,37,1.05999994277954,0
07,2017-07-04,23080760,0,Definitivo,SAN ROQUE [23080760],Pluviométrica,Convencional,Activa,Antioquia,San Roque,6.4875,-75.017,820,5/15/1975,,Monchia,Magdalena Cauca,Medio Magdalena,Río Nare,2017,04,Andes,Definitivo,0,0,0,1.3021125793457,1.3021125793457,2.08535623550415,8.3872766494751,1.68851947784424,3.05454540252686,6.04363632202148,5,10,0.869565188884735,0.876811623573303,1,1,37,1.05999994277954,0
07,2016-07-03,23080760,,"",SAN ROQUE [23080760],Pluviométrica,Convencional,Activa,Antioquia,San Roque,6.4875,-75.017,820,5/15/1975,,Monchia,Magdalena Cauca,Medio Magdalena,Río Nare,2016,03,Andes,Preliminar,0,0,0,29.9560985565186,29.9560985565186,16.4183540344238,46.876106262207,1.89473760128021,3.05454540252686,6.04363632202148,5,10,0.869565188884735,0.876811623573303,1,1,37,1.05999994277954,0
07,2002-07-01,23080760,,"",SAN ROQUE [23080760],Pluviométrica,Convencional,Activa,Antioquia,San Roque,6.4875,-75.017,820,5/15/1975,,Monchia,Magdalena Cauca,Medio Magdalena,Río Nare,2002,01,Andes,Preliminar,0,0,0,0,0,0,3.68986582756043,1.11134588718414,3.05454540252686,6.04363632202148,5,10,0.869565188884735,0.876811623573303,1,1,37,1.05999994277954,0
07,2014-07-06,23080760,39,Definitivo,SAN ROQUE [23080760],Pluviométrica,Convencional,Activa,Antioquia,San Roque,6.4875,-75.017,820,5/15/1975,,Monchia,Magdalena Cauca,Medio Magdalena,Río Nare,2014,06,Andes,Definitivo,39,39,0,9.85539531707764,9.85539531707764,5.75227212905884,20.1664257049561,2.54245638847351,3.05454540252686,6.04363632202148,5,10,0.869565188884735,0.876811623573303,1,1,38,1.05999994277954,41.3399977684021
07,2002-07-02,23080760,,"",SAN ROQUE [23080760],Pluviométrica,Convencional,Activa,Antioquia,San Roque,6.4875,-75.017,820,5/15/1975,,Monchia,Magdalena Cauca,Medio Magdalena,Río Nare,2002,02,Andes,Preliminar,0,0,0,0,0,0,0.00414334516972303,0.0384624600410461,3.05454540252686,6.04363632202148,5,10,0.869565188884735,0.876811623573303,1,1,37,1.05999994277954,0
07,2018-07-02,23080760,51,Definitivo,SAN ROQUE [23080760],Pluviométrica,Convencional,Activa,Antioquia,San Roque,6.4875,-75.017,820,5/15/1975,,Monchia,Magdalena Cauca,Medio Magdalena,Río Nare,2018,02,Andes,Definitivo,51,51,0,10.2657899856567,10.2657899856567,10.7615118026733,14.0413150787354,12.6526231765747,3.05454540252686,6.04363632202148,5,10,0.869565188884735,0.876811623573303,1,1,37,1.05999994277954,54.0599970817566
07,2018-07-05,23080760,0,Definitivo,SAN ROQUE [23080760],Pluviométrica,Convencional,Activa,Antioquia,San Roque,6.4875,-75.017,820,5/15/1975,,Monchia,Magdalena Cauca,Medio Magdalena,Río Nare,2018,05,Andes,Definitivo,0,0,0,0,0,5.38075590133667,0.467368334531784,0.948192596435547,3.05454540252686,6.04363632202148,5,10,0.869565188884735,0.876811623573303,1,1,37,1.05999994277954,0
07,2008-07-02,23080760,3,Definitivo,SAN ROQUE [23080760],Pluviométrica,Convencional,Activa,Antioquia,San Roque,6.4875,-75.017,820,5/15/1975,,Monchia,Magdalena Cauca,Medio Magdalena,Río Nare,2008,02,Andes,Definitivo,3,3,0,0.167302697896957,0.167302697896957,22.0000019073486,22.2282218933105,22.2824821472168,3.05454540252686,6.04363632202148,5,10,0.869565188884735,0.876811623573303,1,1,37,1.05999994277954,3.17999982833862
07,2016-07-05,23080760,19,Definitivo,SAN ROQUE [23080760],Pluviométrica,Convencional,Activa,Antioquia,San Roque,6.4875,-75.017,820,5/15/1975,,Monchia,Magdalena Cauca,Medio Magdalena,Río Nare,2016,05,Andes,Definitivo,19,19,0,33.8829765319824,33.8829765319824,16.4183540344238,23.3840446472168,28.7612266540527,3.05454540252686,6.04363632202148,5,10,0.869565188884735,0.876811623573303,1,1,37,1.05999994277954,20.1399989128113
07,2002-07-03,23080760,0,Definitivo,SAN ROQUE [23080760],Pluviométrica,Convencional,Activa,Antioquia,San Roque,6.4875,-75.017,820,5/15/1975,,Monchia,Magdalena Cauca,Medio Magdalena,Río Nare,2002,03,Andes,Definitivo,0,0,0,0,0,0,0.0534363016486168,0.437196552753449,3.05454540252686,6.04363632202148,5,10,0.869565188884735,0.876811623573303,1,1,37,1.05999994277954,0
07,2001-07-02,23080760,,"",SAN ROQUE [23080760],Pluviométrica,Convencional,Activa,Antioquia,San Roque,6.4875,-75.017,820,5/15/1975,,Monchia,Magdalena Cauca,Medio Magdalena,Río Nare,2001,02,Andes,Preliminar,0,0,0,0.89213764667511,0.89213764667511,0,10.377049446106,2.21150922775269,3.05454540252686,6.04363632202148,5,10,0.869565188884735,0.876811623573303,1,1,37,1.05999994277954,0
07,2011-07-06,23080760,,"",SAN ROQUE [23080760],Pluviométrica,Convencional,Activa,Antioquia,San Roque,6.4875,-75.017,820,5/15/1975,,Monchia,Magdalena Cauca,Medio Magdalena,Río Nare,2011,06,Andes,Preliminar,0,0,0,1.77498519420624,1.77498519420624,0,2.59679365158081,4.31605052947998,3.05454540252686,6.04363632202148,5,10,0.869565188884735,0.876811623573303,1,1,38,1.05999994277954,0
07,2012-07-01,23080760,,"",SAN ROQUE [23080760],Pluviométrica,Convencional,Activa,Antioquia,San Roque,6.4875,-75.017,820,5/15/1975,,Monchia,Magdalena Cauca,Medio Magdalena,Río Nare,2012,01,Andes,Preliminar,0,0,0,7.69457912445068,7.69457912445068,16.9610538482666,20.8753795623779,28.9495258331299,3.05454540252686,6.04363632202148,5,10,0.869565188884735,0.876811623573303,1,1,37,1.05999994277954,0
07,2001-07-06,23080760,6,Definitivo,SAN ROQUE [23080760],Pluviométrica,Convencional,Activa,Antioquia,San Roque,6.4875,-75.017,820,5/15/1975,,Monchia,Magdalena Cauca,Medio Magdalena,Río Nare,2001,06,Andes,Definitivo,6,6,0,1.83646059036255,1.83646059036255,19.4396057128906,34.0312042236328,87.5233535766602,3.05454540252686,6.04363632202148,5,10,0.869565188884735,0.876811623573303,1,1,38,1.05999994277954,6.35999965667725
07,2011-07-05,23080760,6,Definitivo,SAN ROQUE [23080760],Pluviométrica,Convencional,Activa,Antioquia,San Roque,6.4875,-75.017,820,5/15/1975,,Monchia,Magdalena Cauca,Medio Magdalena,Río Nare,2011,05,Andes,Definitivo,6,6,0,2.99335694313049,2.99335694313049,0,2.67343163490295,0.168438911437988,3.05454540252686,6.04363632202148,5,10,0.869565188884735,0.876811623573303,1,1,37,1.05999994277954,6.35999965667725
07,2016-07-01,23080760,3,Definitivo,SAN ROQUE [23080760],Pluviométrica,Convencional,Activa,Antioquia,San Roque,6.4875,-75.017,820,5/15/1975,,Monchia,Magdalena Cauca,Medio Magdalena,Río Nare,2016,01,Andes,Definitivo,3,3,0,0,0,21.8911418914795,4.98900127410889,14.5868434906006,3.05454540252686,6.04363632202148,5,10,0.869565188884735,0.876811623573303,1,1,37,1.05999994277954,3.17999982833862
07,2003-07-04,23080760,8,Definitivo,SAN ROQUE [23080760],Pluviométrica,Convencional,Activa,Antioquia,San Roque,6.4875,-75.017,820,5/15/1975,,Monchia,Magdalena Cauca,Medio Magdalena,Río Nare,2003,04,Andes,Definitivo,8,8,0,1.60042440891266,1.60042440891266,7.91591644287109,9.406569480896,25.8458099365234,3.05454540252686,6.04363632202148,5,10,0.869565188884735,0.876811623573303,1,1,37,1.05999994277954,8.47999954223633
07,2016-07-04,23080760,46,Definitivo,SAN ROQUE [23080760],Pluviométrica,Convencional,Activa,Antioquia,San Roque,6.4875,-75.017,820,5/15/1975,,Monchia,Magdalena Cauca,Medio Magdalena,Río Nare,2016,04,Andes,Definitivo,46,46,0,0,0,16.4183540344238,14.7867813110352,1.16814196109772,3.05454540252686,6.04363632202148,5,10,0.869565188884735,0.876811623573303,1,1,37,1.05999994277954,48.7599973678589
07,2001-07-04,23080760,,"",SAN ROQUE [23080760],Pluviométrica,Convencional,Activa,Antioquia,San Roque,6.4875,-75.017,820,5/15/1975,,Monchia,Magdalena Cauca,Medio Magdalena,Río Nare,2001,04,Andes,Preliminar,0,0,0,1.48689591884613,1.48689591884613,0,0.292373687028885,0.0105829583480954,3.05454540252686,6.04363632202148,5,10,0.869565188884735,0.876811623573303,1,1,37,1.05999994277954,0
07,2009-07-03,23080760,14,Definitivo,SAN ROQUE [23080760],Pluviométrica,Convencional,Activa,Antioquia,San Roque,6.4875,-75.017,820,5/15/1975,,Monchia,Magdalena Cauca,Medio Magdalena,Río Nare,2009,03,Andes,Definitivo,14,14,0,5.92393589019775,5.92393589019775,0,12.7053670883179,1.0387681722641,3.05454540252686,6.04363632202148,5,10,0.869565188884735,0.876811623573303,1,1,37,1.05999994277954,14.8399991989136
07,2007-07-02,23080760,0,Definitivo,SAN ROQUE [23080760],Pluviométrica,Convencional,Activa,Antioquia,San Roque,6.4875,-75.017,820,5/15/1975,,Monchia,Magdalena Cauca,Medio Magdalena,Río Nare,2007,02,Andes,Definitivo,0,0,0,0.796570241451263,0.796570241451263,0,0,0,3.05454540252686,6.04363632202148,5,10,0.869565188884735,0.876811623573303,1,1,37,1.05999994277954,0
07,2007-07-03,23080760,0,Definitivo,SAN ROQUE [23080760],Pluviométrica,Convencional,Activa,Antioquia,San Roque,6.4875,-75.017,820,5/15/1975,,Monchia,Magdalena Cauca,Medio Magdalena,Río Nare,2007,03,Andes,Definitivo,0,0,0,0,0,0,0,0,3.05454540252686,6.04363632202148,5,10,0.869565188884735,0.876811623573303,1,1,37,1.05999994277954,0
07,2015-07-03,23080760,,"",SAN ROQUE [23080760],Pluviométrica,Convencional,Activa,Antioquia,San Roque,6.4875,-75.017,820,5/15/1975,,Monchia,Magdalena Cauca,Medio Magdalena,Río Nare,2015,03,Andes,Preliminar,0,0,0,0,0,0,0.0041109137237072,0.00635050749406219,3.05454540252686,6.04363632202148,5,10,0.869565188884735,0.876811623573303,1,1,37,1.05999994277954,0
07,2018-07-01,23080760,10,Definitivo,SAN ROQUE [23080760],Pluviométrica,Convencional,Activa,Antioquia,San Roque,6.4875,-75.017,820,5/15/1975,,Monchia,Magdalena Cauca,Medio Magdalena,Río Nare,2018,01,Andes,Definitivo,10,10,0,5.10302257537842,5.10302257537842,0,3.26740145683289,3.65614557266235,3.05454540252686,6.04363632202148,5,10,0.869565188884735,0.876811623573303,1,1,37,1.05999994277954,10.5999994277954
07,2013-07-02,23080760,,"",SAN ROQUE [23080760],Pluviométrica,Convencional,Activa,Antioquia,San Roque,6.4875,-75.017,820,5/15/1975,,Monchia,Magdalena Cauca,Medio Magdalena,Río Nare,2013,02,Andes,Preliminar,0,0,0,0.482117682695389,0.482117682695389,0,3.2323489189148,0.0909855663776398,3.05454540252686,6.04363632202148,5,10,0.869565188884735,0.876811623573303,1,1,37,1.05999994277954,0
07,2013-07-03,23080760,2,Definitivo,SAN ROQUE [23080760],Pluviométrica,Convencional,Activa,Antioquia,San Roque,6.4875,-75.017,820,5/15/1975,,Monchia,Magdalena Cauca,Medio Magdalena,Río Nare,2013,03,Andes,Definitivo,2,2,0,1.35215997695923,1.35215997695923,0,2.81703090667725,0.674209177494049,3.05454540252686,6.04363632202148,5,10,0.869565188884735,0.876811623573303,1,1,37,1.05999994277954,2.11999988555908
07,2012-07-02,23080760,18,Definitivo,SAN ROQUE [23080760],Pluviométrica,Convencional,Activa,Antioquia,San Roque,6.4875,-75.017,820,5/15/1975,,Monchia,Magdalena Cauca,Medio Magdalena,Río Nare,2012,02,Andes,Definitivo,18,18,0,0,0,0,0.0180631000548601,0.021152812987566,3.05454540252686,6.04363632202148,5,10,0.869565188884735,0.876811623573303,1,1,37,1.05999994277954,19.0799989700317
07,2014-07-05,23080760,,"",SAN ROQUE [23080760],Pluviométrica,Convencional,Activa,Antioquia,San Roque,6.4875,-75.017,820,5/15/1975,,Monchia,Magdalena Cauca,Medio Magdalena,Río Nare,2014,05,Andes,Preliminar,0,0,0,24.5742855072022,24.5742855072022,22.8121967315674,36.3674774169922,33.4318351745605,3.05454540252686,6.04363632202148,5,10,0.869565188884735,0.876811623573303,1,1,37,1.05999994277954,0
07,2014-07-04,23080760,50,Definitivo,SAN ROQUE [23080760],Pluviométrica,Convencional,Activa,Antioquia,San Roque,6.4875,-75.017,820,5/15/1975,,Monchia,Magdalena Cauca,Medio Magdalena,Río Nare,2014,04,Andes,Definitivo,50,50,0,3.77809238433838,3.77809238433838,5.70304918289185,11.3012037277222,5.20499897003174,3.05454540252686,6.04363632202148,5,10,0.869565188884735,0.876811623573303,1,1,37,1.05999994277954,52.9999971389771
07,2015-07-02,23080760,,"",SAN ROQUE [23080760],Pluviométrica,Convencional,Activa,Antioquia,San Roque,6.4875,-75.017,820,5/15/1975,,Monchia,Magdalena Cauca,Medio Magdalena,Río Nare,2015,02,Andes,Preliminar,0,0,0,2.88800191879272,2.88800191879272,0,0.00904104579240084,0.00635050749406219,3.05454540252686,6.04363632202148,5,10,0.869565188884735,0.876811623573303,1,1,37,1.05999994277954,0
07,2005-07-01,23080760,0,Definitivo,SAN ROQUE [23080760],Pluviométrica,Convencional,Activa,Antioquia,San Roque,6.4875,-75.017,820,5/15/1975,,Monchia,Magdalena Cauca,Medio Magdalena,Río Nare,2005,01,Andes,Definitivo,0,0,0,4.25282001495361,4.25282001495361,0,5.48376846313477,1.9911013841629,3.05454540252686,6.04363632202148,5,10,0.869565188884735,0.876811623573303,1,1,37,1.05999994277954,0
07,2010-07-01,23080760,17,Definitivo,SAN ROQUE [23080760],Pluviométrica,Convencional,Activa,Antioquia,San Roque,6.4875,-75.017,820,5/15/1975,,Monchia,Magdalena Cauca,Medio Magdalena,Río Nare,2010,01,Andes,Definitivo,17,17,0,2.63228821754456,2.63228821754456,7.6100754737854,19.7509517669678,12.2071371078491,3.05454540252686,6.04363632202148,5,10,0.869565188884735,0.876811623573303,1,1,37,1.05999994277954,18.0199990272522
07,2005-07-02,23080760,5,Definitivo,SAN ROQUE [23080760],Pluviométrica,Convencional,Activa,Antioquia,San Roque,6.4875,-75.017,820,5/15/1975,,Monchia,Magdalena Cauca,Medio Magdalena,Río Nare,2005,02,Andes,Definitivo,5,5,0,0.0829240754246712,0.0829240754246712,0,4.36281538009644,0.0634211450815201,3.05454540252686,6.04363632202148,5,10,0.869565188884735,0.876811623573303,1,1,37,1.05999994277954,5.29999971389771
07,2010-07-02,23080760,,"",SAN ROQUE [23080760],Pluviométrica,Convencional,Activa,Antioquia,San Roque,6.4875,-75.017,820,5/15/1975,,Monchia,Magdalena Cauca,Medio Magdalena,Río Nare,2010,02,Andes,Preliminar,0,0,0,19.2101039886475,19.2101039886475,15.2201509475708,17.4860057830811,2.33105254173279,3.05454540252686,6.04363632202148,5,10,0.869565188884735,0.876811623573303,1,1,37,1.05999994277954,0
07,2011-07-02,23080760,14,Definitivo,SAN ROQUE [23080760],Pluviométrica,Convencional,Activa,Antioquia,San Roque,6.4875,-75.017,820,5/15/1975,,Monchia,Magdalena Cauca,Medio Magdalena,Río Nare,2011,02,Andes,Definitivo,14,14,0,11.4266805648804,11.4266805648804,3.925457239151,7.74045944213867,0.170601010322571,3.05454540252686,6.04363632202148,5,10,0.869565188884735,0.876811623573303,1,1,37,1.05999994277954,14.8399991989136
07,2013-07-01,23080760,,"",SAN ROQUE [23080760],Pluviométrica,Convencional,Activa,Antioquia,San Roque,6.4875,-75.017,820,5/15/1975,,Monchia,Magdalena Cauca,Medio Magdalena,Río Nare,2013,01,Andes,Preliminar,0,0,0,4.98559045791626,4.98559045791626,5.2227373123169,3.8635082244873,8.98031902313232,3.05454540252686,6.04363632202148,5,10,0.869565188884735,0.876811623573303,1,1,37,1.05999994277954,0
07,2010-07-03,23080760,16,Definitivo,SAN ROQUE [23080760],Pluviométrica,Convencional,Activa,Antioquia,San Roque,6.4875,-75.017,820,5/15/1975,,Monchia,Magdalena Cauca,Medio Magdalena,Río Nare,2010,03,Andes,Definitivo,16,16,0,0.392042905092239,0.392042905092239,0,5.54347801208496,13.7973642349243,3.05454540252686,6.04363632202148,5,10,0.869565188884735,0.876811623573303,1,1,37,1.05999994277954,16.9599990844727
07,2015-07-01,23080760,,"",SAN ROQUE [23080760],Pluviométrica,Convencional,Activa,Antioquia,San Roque,6.4875,-75.017,820,5/15/1975,,Monchia,Magdalena Cauca,Medio Magdalena,Río Nare,2015,01,Andes,Preliminar,0,0,0,1.64997816085815,1.64997816085815,0,0.00698426365852356,0.00635050749406219,3.05454540252686,6.04363632202148,5,10,0.869565188884735,0.876811623573303,1,1,37,1.05999994277954,0
07,2008-07-01,23080760,15,Definitivo,SAN ROQUE [23080760],Pluviométrica,Convencional,Activa,Antioquia,San Roque,6.4875,-75.017,820,5/15/1975,,Monchia,Magdalena Cauca,Medio Magdalena,Río Nare,2008,01,Andes,Definitivo,15,15,0,0,0,0,8.910569190979,9.10560989379883,3.05454540252686,6.04363632202148,5,10,0.869565188884735,0.876811623573303,1,1,37,1.05999994277954,15.8999991416931
07,2005-07-03,23080760,,"",SAN ROQUE [23080760],Pluviométrica,Convencional,Activa,Antioquia,San Roque,6.4875,-75.017,820,5/15/1975,,Monchia,Magdalena Cauca,Medio Magdalena,Río Nare,2005,03,Andes,Preliminar,0,0,0,1.7887909412384,1.7887909412384,16.5587902069092,11.1132202148438,19.5683898925781,3.05454540252686,6.04363632202148,5,10,0.869565188884735,0.876811623573303,1,1,37,1.05999994277954,0
08,2006-08-31,23080760,0,Definitivo,SAN ROQUE [23080760],Pluviométrica,Convencional,Activa,Antioquia,San Roque,6.4875,-75.017,820,5/15/1975,,Monchia,Magdalena Cauca,Medio Magdalena,Río Nare,2006,31,Andes,Definitivo,0,0,0,0.245165765285492,0.245165765285492,0,5.00448989868164,0.0317406542599201,3.05454540252686,6.04363632202148,5,10,0.869565188884735,0.876811623573303,1,1,48,1.05999994277954,0
08,2013-08-29,23080760,,"",SAN ROQUE [23080760],Pluviométrica,Convencional,Activa,Antioquia,San Roque,6.4875,-75.017,820,5/15/1975,,Monchia,Magdalena Cauca,Medio Magdalena,Río Nare,2013,29,Andes,Preliminar,0,0,0,3.74633622169495,3.74633622169495,26.5077133178711,3.20635485649109,74.2246398925781,3.05454540252686,6.04363632202148,5,10,0.869565188884735,0.876811623573303,1,1,48,1.05999994277954,0
08,2007-08-29,23080760,6,Definitivo,SAN ROQUE [23080760],Pluviométrica,Convencional,Activa,Antioquia,San Roque,6.4875,-75.017,820,5/15/1975,,Monchia,Magdalena Cauca,Medio Magdalena,Río Nare,2007,29,Andes,Definitivo,6,6,0,11.0819807052612,11.0819807052612,38.5341033935547,21.4374752044678,61.5712852478027,3.05454540252686,6.04363632202148,5,10,0.869565188884735,0.876811623573303,1,1,48,1.05999994277954,6.35999965667725
08,2009-08-29,23080760,35,Definitivo,SAN ROQUE [23080760],Pluviométrica,Convencional,Activa,Antioquia,San Roque,6.4875,-75.017,820,5/15/1975,,Monchia,Magdalena Cauca,Medio Magdalena,Río Nare,2009,29,Andes,Definitivo,35,35,0,1.38862037658691,1.38862037658691,0,8.29794406890869,1.90370786190033,3.05454540252686,6.04363632202148,5,10,0.869565188884735,0.876811623573303,1,1,48,1.05999994277954,37.0999979972839
08,2013-08-30,23080760,,"",SAN ROQUE [23080760],Pluviométrica,Convencional,Activa,Antioquia,San Roque,6.4875,-75.017,820,5/15/1975,,Monchia,Magdalena Cauca,Medio Magdalena,Río Nare,2013,30,Andes,Preliminar,0,0,0,2.29455089569092,2.29455089569092,0,0.846573114395142,0.253869354724884,3.05454540252686,6.04363632202148,5,10,0.869565188884735,0.876811623573303,1,1,48,1.05999994277954,0
08,2005-08-27,23080760,6,Definitivo,SAN ROQUE [23080760],Pluviométrica,Convencional,Activa,Antioquia,San Roque,6.4875,-75.017,820,5/15/1975,,Monchia,Magdalena Cauca,Medio Magdalena,Río Nare,2005,27,Andes,Definitivo,6,6,0,0.427351474761963,0.427351474761963,0,14.0626306533813,0.727467477321625,3.05454540252686,6.04363632202148,5,10,0.869565188884735,0.876811623573303,1,1,48,1.05999994277954,6.35999965667725
08,2006-08-30,23080760,,"",SAN ROQUE [23080760],Pluviométrica,Convencional,Activa,Antioquia,San Roque,6.4875,-75.017,820,5/15/1975,,Monchia,Magdalena Cauca,Medio Magdalena,Río Nare,2006,30,Andes,Preliminar,0,0,0,0.625172555446625,0.625172555446625,16.2440223693848,1.19709372520447,7.50840282440186,3.05454540252686,6.04363632202148,5,10,0.869565188884735,0.876811623573303,1,1,48,1.05999994277954,0
08,2007-08-27,23080760,0,Definitivo,SAN ROQUE [23080760],Pluviométrica,Convencional,Activa,Antioquia,San Roque,6.4875,-75.017,820,5/15/1975,,Monchia,Magdalena Cauca,Medio Magdalena,Río Nare,2007,27,Andes,Definitivo,0,0,0,3.82188200950623,3.82188200950623,0,12.0228128433228,16.1437683105469,3.05454540252686,6.04363632202148,5,10,0.869565188884735,0.876811623573303,1,1,48,1.05999994277954,0
08,2007-08-28,23080760,32,Definitivo,SAN ROQUE [23080760],Pluviométrica,Convencional,Activa,Antioquia,San Roque,6.4875,-75.017,820,5/15/1975,,Monchia,Magdalena Cauca,Medio Magdalena,Río Nare,2007,28,Andes,Definitivo,32,32,0,0.118050411343575,0.118050411343575,0,4.15458345413208,0.0351318866014481,3.05454540252686,6.04363632202148,5,10,0.869565188884735,0.876811623573303,1,1,48,1.05999994277954,33.9199981689453
08,2005-08-31,23080760,25,Definitivo,SAN ROQUE [23080760],Pluviométrica,Convencional,Activa,Antioquia,San Roque,6.4875,-75.017,820,5/15/1975,,Monchia,Magdalena Cauca,Medio Magdalena,Río Nare,2005,31,Andes,Definitivo,25,25,0,20.8819522857666,20.8819522857666,9.17114543914795,12.7087173461914,7.60690927505493,3.05454540252686,6.04363632202148,5,10,0.869565188884735,0.876811623573303,1,1,48,1.05999994277954,26.4999985694885
08,2006-08-25,23080760,96,Definitivo,SAN ROQUE [23080760],Pluviométrica,Convencional,Activa,Antioquia,San Roque,6.4875,-75.017,820,5/15/1975,,Monchia,Magdalena Cauca,Medio Magdalena,Río Nare,2006,25,Andes,Definitivo,96,96,0,9.35662078857422,9.35662078857422,0,32.2958984375,4.62301874160767,3.05454540252686,6.04363632202148,5,10,0.869565188884735,0.876811623573303,1,1,47,1.05999994277954,101.759994506836
08,2011-08-30,23080760,,"",SAN ROQUE [23080760],Pluviométrica,Convencional,Activa,Antioquia,San Roque,6.4875,-75.017,820,5/15/1975,,Monchia,Magdalena Cauca,Medio Magdalena,Río Nare,2011,30,Andes,Preliminar,0,0,0,3.8215537071228,3.8215537071228,8.24081611633301,8.46337413787842,5.96546268463135,3.05454540252686,6.04363632202148,5,10,0.869565188884735,0.876811623573303,1,1,48,1.05999994277954,0
08,2006-08-29,23080760,22,Definitivo,SAN ROQUE [23080760],Pluviométrica,Convencional,Activa,Antioquia,San Roque,6.4875,-75.017,820,5/15/1975,,Monchia,Magdalena Cauca,Medio Magdalena,Río Nare,2006,29,Andes,Definitivo,22,22,0,6.42334270477295,6.42334270477295,5.41467380523682,3.7601854801178,2.54083442687988,3.05454540252686,6.04363632202148,5,10,0.869565188884735,0.876811623573303,1,1,48,1.05999994277954,23.3199987411499
08,2011-08-31,23080760,,"",SAN ROQUE [23080760],Pluviométrica,Convencional,Activa,Antioquia,San Roque,6.4875,-75.017,820,5/15/1975,,Monchia,Magdalena Cauca,Medio Magdalena,Río Nare,2011,31,Andes,Preliminar,0,0,0,0,0,0,0.177084445953369,0.312395066022873,3.05454540252686,6.04363632202148,5,10,0.869565188884735,0.876811623573303,1,1,48,1.05999994277954,0
08,2005-08-26,23080760,12,Definitivo,SAN ROQUE [23080760],Pluviométrica,Convencional,Activa,Antioquia,San Roque,6.4875,-75.017,820,5/15/1975,,Monchia,Magdalena Cauca,Medio Magdalena,Río Nare,2005,26,Andes,Definitivo,12,12,0,1.12665390968323,1.12665390968323,23.5829448699951,12.5544080734253,3.01802825927734,3.05454540252686,6.04363632202148,5,10,0.869565188884735,0.876811623573303,1,1,48,1.05999994277954,12.7199993133545
08,2006-08-24,23080760,0,Definitivo,SAN ROQUE [23080760],Pluviométrica,Convencional,Activa,Antioquia,San Roque,6.4875,-75.017,820,5/15/1975,,Monchia,Magdalena Cauca,Medio Magdalena,Río Nare,2006,24,Andes,Definitivo,0,0,0,0.0264311321079731,0.0264311321079731,26.3267860412598,28.644645690918,61.9041938781738,3.05454540252686,6.04363632202148,5,10,0.869565188884735,0.876811623573303,1,1,47,1.05999994277954,0
08,2008-08-31,23080760,6,Definitivo,SAN ROQUE [23080760],Pluviométrica,Convencional,Activa,Antioquia,San Roque,6.4875,-75.017,820,5/15/1975,,Monchia,Magdalena Cauca,Medio Magdalena,Río Nare,2008,31,Andes,Definitivo,6,6,0,0.851857483386993,0.851857483386993,0,8.09960460662842,2.90632700920105,3.05454540252686,6.04363632202148,5,10,0.869565188884735,0.876811623573303,1,1,48,1.05999994277954,6.35999965667725
08,2008-08-30,23080760,5,Definitivo,SAN ROQUE [23080760],Pluviométrica,Convencional,Activa,Antioquia,San Roque,6.4875,-75.017,820,5/15/1975,,Monchia,Magdalena Cauca,Medio Magdalena,Río Nare,2008,30,Andes,Definitivo,5,5,0,7.23088264465332,7.23088264465332,36.9095153808594,20.2627487182617,48.1674461364746,3.05454540252686,6.04363632202148,5,10,0.869565188884735,0.876811623573303,1,1,48,1.05999994277954,5.29999971389771
08,2013-08-31,23080760,,"",SAN ROQUE [23080760],Pluviométrica,Convencional,Activa,Antioquia,San Roque,6.4875,-75.017,820,5/15/1975,,Monchia,Magdalena Cauca,Medio Magdalena,Río Nare,2013,31,Andes,Preliminar,0,0,0,0.815663278102875,0.815663278102875,0,1.07384562492371,0.584130525588989,3.05454540252686,6.04363632202148,5,10,0.869565188884735,0.876811623573303,1,1,48,1.05999994277954,0
08,2004-08-28,23080760,25,Definitivo,SAN ROQUE [23080760],Pluviométrica,Convencional,Activa,Antioquia,San Roque,6.4875,-75.017,820,5/15/1975,,Monchia,Magdalena Cauca,Medio Magdalena,Río Nare,2004,28,Andes,Definitivo,25,25,0,25.6481609344482,25.6481609344482,11.3338451385498,19.0724296569824,2.49129152297974,3.05454540252686,6.04363632202148,5,10,0.869565188884735,0.876811623573303,1,1,48,1.05999994277954,26.4999985694885
08,2005-08-28,23080760,8,Definitivo,SAN ROQUE [23080760],Pluviométrica,Convencional,Activa,Antioquia,San Roque,6.4875,-75.017,820,5/15/1975,,Monchia,Magdalena Cauca,Medio Magdalena,Río Nare,2005,28,Andes,Definitivo,8,8,0,5.74982070922852,5.74982070922852,15.7219648361206,14.8053607940674,51.9212532043457,3.05454540252686,6.04363632202148,5,10,0.869565188884735,0.876811623573303,1,1,48,1.05999994277954,8.47999954223633
08,2007-08-22,23080760,,"",SAN ROQUE [23080760],Pluviométrica,Convencional,Activa,Antioquia,San Roque,6.4875,-75.017,820,5/15/1975,,Monchia,Magdalena Cauca,Medio Magdalena,Río Nare,2007,22,Andes,Preliminar,0,0,0,0.246689558029175,0.246689558029175,19.0398235321045,1.05581915378571,1.79939830303192,3.05454540252686,6.04363632202148,5,10,0.869565188884735,0.876811623573303,1,1,47,1.05999994277954,0
08,2005-08-30,23080760,10,Definitivo,SAN ROQUE [23080760],Pluviométrica,Convencional,Activa,Antioquia,San Roque,6.4875,-75.017,820,5/15/1975,,Monchia,Magdalena Cauca,Medio Magdalena,Río Nare,2005,30,Andes,Definitivo,10,10,0,21.1344718933105,21.1344718933105,15.7219648361206,13.4322519302368,13.2285528182983,3.05454540252686,6.04363632202148,5,10,0.869565188884735,0.876811623573303,1,1,48,1.05999994277954,10.5999994277954
08,2009-08-30,23080760,1,Definitivo,SAN ROQUE [23080760],Pluviométrica,Convencional,Activa,Antioquia,San Roque,6.4875,-75.017,820,5/15/1975,,Monchia,Magdalena Cauca,Medio Magdalena,Río Nare,2009,30,Andes,Definitivo,1,1,0,9.85607433319092,9.85607433319092,24.6373729705811,17.0161952972412,24.3427715301514,3.05454540252686,6.04363632202148,5,10,0.869565188884735,0.876811623573303,1,1,48,1.05999994277954,1.05999994277954
08,2007-08-21,23080760,,"",SAN ROQUE [23080760],Pluviométrica,Convencional,Activa,Antioquia,San Roque,6.4875,-75.017,820,5/15/1975,,Monchia,Magdalena Cauca,Medio Magdalena,Río Nare,2007,21,Andes,Preliminar,0,0,0,1.52947521209717,1.52947521209717,0,1.86921322345734,0.0662691444158554,3.05454540252686,6.04363632202148,5,10,0.869565188884735,0.876811623573303,1,1,47,1.05999994277954,0
08,2006-08-23,23080760,17,Definitivo,SAN ROQUE [23080760],Pluviométrica,Convencional,Activa,Antioquia,San Roque,6.4875,-75.017,820,5/15/1975,,Monchia,Magdalena Cauca,Medio Magdalena,Río Nare,2006,23,Andes,Definitivo,17,17,0,1.71802353858948,1.71802353858948,8.77559566497803,7.20803022384644,7.09332132339478,3.05454540252686,6.04363632202148,5,10,0.869565188884735,0.876811623573303,1,1,47,1.05999994277954,18.0199990272522
08,2010-08-27,23080760,49,Definitivo,SAN ROQUE [23080760],Pluviométrica,Convencional,Activa,Antioquia,San Roque,6.4875,-75.017,820,5/15/1975,,Monchia,Magdalena Cauca,Medio Magdalena,Río Nare,2010,27,Andes,Definitivo,49,49,0,0.531953275203705,0.531953275203705,13.2240972518921,44.0461883544922,19.0980091094971,3.05454540252686,6.04363632202148,5,10,0.869565188884735,0.876811623573303,1,1,48,1.05999994277954,51.9399971961975
08,2014-08-31,23080760,,"",SAN ROQUE [23080760],Pluviométrica,Convencional,Activa,Antioquia,San Roque,6.4875,-75.017,820,5/15/1975,,Monchia,Magdalena Cauca,Medio Magdalena,Río Nare,2014,31,Andes,Preliminar,0,0,0,0,0,0,0,0.00710533745586872,3.05454540252686,6.04363632202148,5,10,0.869565188884735,0.876811623573303,1,1,48,1.05999994277954,0
08,2003-08-31,23080760,0,Definitivo,SAN ROQUE [23080760],Pluviométrica,Convencional,Activa,Antioquia,San Roque,6.4875,-75.017,820,5/15/1975,,Monchia,Magdalena Cauca,Medio Magdalena,Río Nare,2003,31,Andes,Definitivo,0,0,0,8.07907676696777,8.07907676696777,6.64902591705322,0.665562927722931,1.26943445205688,3.05454540252686,6.04363632202148,5,10,0.869565188884735,0.876811623573303,1,1,48,1.05999994277954,0
08,2009-08-31,23080760,0,Definitivo,SAN ROQUE [23080760],Pluviométrica,Convencional,Activa,Antioquia,San Roque,6.4875,-75.017,820,5/15/1975,,Monchia,Magdalena Cauca,Medio Magdalena,Río Nare,2009,31,Andes,Definitivo,0,0,0,26.582160949707,26.582160949707,0,10.7322702407837,0.31077179312706,3.05454540252686,6.04363632202148,5,10,0.869565188884735,0.876811623573303,1,1,48,1.05999994277954,0
08,2008-08-29,23080760,33,Definitivo,SAN ROQUE [23080760],Pluviométrica,Convencional,Activa,Antioquia,San Roque,6.4875,-75.017,820,5/15/1975,,Monchia,Magdalena Cauca,Medio Magdalena,Río Nare,2008,29,Andes,Definitivo,33,33,0,3.74421095848084,3.74421095848084,0,18.6831207275391,0.546673655509949,3.05454540252686,6.04363632202148,5,10,0.869565188884735,0.876811623573303,1,1,48,1.05999994277954,34.9799981117249
08,2007-08-23,23080760,17,Definitivo,SAN ROQUE [23080760],Pluviométrica,Convencional,Activa,Antioquia,San Roque,6.4875,-75.017,820,5/15/1975,,Monchia,Magdalena Cauca,Medio Magdalena,Río Nare,2007,23,Andes,Definitivo,17,17,0,5.26682233810425,5.26682233810425,0,11.6829900741577,2.08392953872681,3.05454540252686,6.04363632202148,5,10,0.869565188884735,0.876811623573303,1,1,47,1.05999994277954,18.0199990272522
08,2008-08-26,23080760,15,Definitivo,SAN ROQUE [23080760],Pluviométrica,Convencional,Activa,Antioquia,San Roque,6.4875,-75.017,820,5/15/1975,,Monchia,Magdalena Cauca,Medio Magdalena,Río Nare,2008,26,Andes,Definitivo,15,15,0,0.316970229148865,0.316970229148865,14.7638063430786,17.0413417816162,17.7684078216553,3.05454540252686,6.04363632202148,5,10,0.869565188884735,0.876811623573303,1,1,48,1.05999994277954,15.8999991416931
08,2017-08-29,23080760,37,Definitivo,SAN ROQUE [23080760],Pluviométrica,Convencional,Activa,Antioquia,San Roque,6.4875,-75.017,820,5/15/1975,,Monchia,Magdalena Cauca,Medio Magdalena,Río Nare,2017,29,Andes,Definitivo,37,37,0,24.1557483673096,24.1557483673096,10.3872060775757,16.9529762268066,32.5762405395508,3.05454540252686,6.04363632202148,5,10,0.869565188884735,0.876811623573303,1,1,48,1.05999994277954,39.219997882843
08,2008-08-18,23080760,43,Definitivo,SAN ROQUE [23080760],Pluviométrica,Convencional,Activa,Antioquia,San Roque,6.4875,-75.017,820,5/15/1975,,Monchia,Magdalena Cauca,Medio Magdalena,Río Nare,2008,18,Andes,Definitivo,43,43,0,3.63861846923828,3.63861846923828,30.3864650726318,18.1456279754639,23.815393447876,3.05454540252686,6.04363632202148,5,10,0.869565188884735,0.876811623573303,1,1,46,1.05999994277954,45.5799975395203
08,2010-08-29,23080760,2,Definitivo,SAN ROQUE [23080760],Pluviométrica,Convencional,Activa,Antioquia,San Roque,6.4875,-75.017,820,5/15/1975,,Monchia,Magdalena Cauca,Medio Magdalena,Río Nare,2010,29,Andes,Definitivo,2,2,0,46.2336730957031,46.2336730957031,26.4481945037842,12.2862701416016,27.3442058563232,3.05454540252686,6.04363632202148,5,10,0.869565188884735,0.876811623573303,1,1,48,1.05999994277954,2.11999988555908
08,2003-08-30,23080760,0,Definitivo,SAN ROQUE [23080760],Pluviométrica,Convencional,Activa,Antioquia,San Roque,6.4875,-75.017,820,5/15/1975,,Monchia,Magdalena Cauca,Medio Magdalena,Río Nare,2003,30,Andes,Definitivo,0,0,0,8.07907676696777,8.07907676696777,0,2.08143377304077,0.872145473957062,3.05454540252686,6.04363632202148,5,10,0.869565188884735,0.876811623573303,1,1,48,1.05999994277954,0
08,2008-08-19,23080760,7,Definitivo,SAN ROQUE [23080760],Pluviométrica,Convencional,Activa,Antioquia,San Roque,6.4875,-75.017,820,5/15/1975,,Monchia,Magdalena Cauca,Medio Magdalena,Río Nare,2008,19,Andes,Definitivo,7,7,0,33.8244667053223,33.8244667053223,10.1288213729858,18.5515098571777,37.5594863891602,3.05454540252686,6.04363632202148,5,10,0.869565188884735,0.876811623573303,1,1,46,1.05999994277954,7.41999959945679
08,2019-08-30,23080760,3,Definitivo,SAN ROQUE [23080760],Pluviométrica,Convencional,Activa,Antioquia,San Roque,6.4875,-75.017,820,5/15/1975,,Monchia,Magdalena Cauca,Medio Magdalena,Río Nare,2019,30,Andes,Definitivo,3,3,0,0,0,0,0,1.80324375629425,3.05454540252686,6.04363632202148,5,10,0.869565188884735,0.876811623573303,1,1,48,1.05999994277954,3.17999982833862
08,2008-08-17,23080760,8,Definitivo,SAN ROQUE [23080760],Pluviométrica,Convencional,Activa,Antioquia,San Roque,6.4875,-75.017,820,5/15/1975,,Monchia,Magdalena Cauca,Medio Magdalena,Río Nare,2008,17,Andes,Definitivo,8,8,0,15.3213577270508,15.3213577270508,0,29.6889495849609,4.38237142562866,3.05454540252686,6.04363632202148,5,10,0.869565188884735,0.876811623573303,1,1,46,1.05999994277954,8.47999954223633
08,2009-08-16,23080760,14,Definitivo,SAN ROQUE [23080760],Pluviométrica,Convencional,Activa,Antioquia,San Roque,6.4875,-75.017,820,5/15/1975,,Monchia,Magdalena Cauca,Medio Magdalena,Río Nare,2009,16,Andes,Definitivo,14,14,0,4.42947340011597,4.42947340011597,0,15.2484140396118,0.617124080657959,3.05454540252686,6.04363632202148,5,10,0.869565188884735,0.876811623573303,1,1,46,1.05999994277954,14.8399991989136
08,2009-08-27,23080760,0,Definitivo,SAN ROQUE [23080760],Pluviométrica,Convencional,Activa,Antioquia,San Roque,6.4875,-75.017,820,5/15/1975,,Monchia,Magdalena Cauca,Medio Magdalena,Río Nare,2009,27,Andes,Definitivo,0,0,0,18.4592552185059,18.4592552185059,0,1.88744819164276,0.127397686243057,3.05454540252686,6.04363632202148,5,10,0.869565188884735,0.876811623573303,1,1,48,1.05999994277954,0
08,2008-08-27,23080760,45,Definitivo,SAN ROQUE [23080760],Pluviométrica,Convencional,Activa,Antioquia,San Roque,6.4875,-75.017,820,5/15/1975,,Monchia,Magdalena Cauca,Medio Magdalena,Río Nare,2008,27,Andes,Definitivo,45,45,0,11.093957901001,11.093957901001,0,11.5696105957031,2.65246534347534,3.05454540252686,6.04363632202148,5,10,0.869565188884735,0.876811623573303,1,1,48,1.05999994277954,47.6999974250794
08,2016-08-29,23080760,14,Definitivo,SAN ROQUE [23080760],Pluviométrica,Convencional,Activa,Antioquia,San Roque,6.4875,-75.017,820,5/15/1975,,Monchia,Magdalena Cauca,Medio Magdalena,Río Nare,2016,29,Andes,Definitivo,14,14,0,5.40383148193359,5.40383148193359,0,5.77374887466431,1.48795926570892,3.05454540252686,6.04363632202148,5,10,0.869565188884735,0.876811623573303,1,1,48,1.05999994277954,14.8399991989136
08,2007-08-31,23080760,,"",SAN ROQUE [23080760],Pluviométrica,Convencional,Activa,Antioquia,San Roque,6.4875,-75.017,820,5/15/1975,,Monchia,Magdalena Cauca,Medio Magdalena,Río Nare,2007,31,Andes,Preliminar,21,21,0,2.68564677238464,2.68564677238464,12.8447017669678,3.63974261283875,16.1351795196533,3.05454540252686,6.04363632202148,5,10,0.869565188884735,0.876811623573303,1,1,48,1.05999994277954,22.2599987983704
08,2009-08-15,23080760,16,Definitivo,SAN ROQUE [23080760],Pluviométrica,Convencional,Activa,Antioquia,San Roque,6.4875,-75.017,820,5/15/1975,,Monchia,Magdalena Cauca,Medio Magdalena,Río Nare,2009,15,Andes,Definitivo,16,16,0,4.03076553344727,4.03076553344727,14.80553150177,20.698299407959,38.4163818359375,3.05454540252686,6.04363632202148,5,10,0.869565188884735,0.876811623573303,1,1,45,1.05999994277954,16.9599990844727
08,2004-08-27,23080760,2,Definitivo,SAN ROQUE [23080760],Pluviométrica,Convencional,Activa,Antioquia,San Roque,6.4875,-75.017,820,5/15/1975,,Monchia,Magdalena Cauca,Medio Magdalena,Río Nare,2004,27,Andes,Definitivo,2,2,0,17.4661540985107,17.4661540985107,11.3338451385498,14.9275913238525,33.8288116455078,3.05454540252686,6.04363632202148,5,10,0.869565188884735,0.876811623573303,1,1,48,1.05999994277954,2.11999988555908
08,2005-08-25,23080760,3,Definitivo,SAN ROQUE [23080760],Pluviométrica,Convencional,Activa,Antioquia,San Roque,6.4875,-75.017,820,5/15/1975,,Monchia,Magdalena Cauca,Medio Magdalena,Río Nare,2005,25,Andes,Definitivo,3,3,0,21.5517635345459,21.5517635345459,7.9704532623291,6.06951999664307,0.41634538769722,3.05454540252686,6.04363632202148,5,10,0.869565188884735,0.876811623573303,1,1,47,1.05999994277954,3.17999982833862
08,2019-08-31,23080760,22,Definitivo,SAN ROQUE [23080760],Pluviométrica,Convencional,Activa,Antioquia,San Roque,6.4875,-75.017,820,5/15/1975,,Monchia,Magdalena Cauca,Medio Magdalena,Río Nare,2019,31,Andes,Definitivo,22,22,0,9.80758857727051,9.80758857727051,0,24.1267166137695,23.1017112731934,3.05454540252686,6.04363632202148,5,10,0.869565188884735,0.876811623573303,1,1,48,1.05999994277954,23.3199987411499
08,2014-08-29,23080760,,"",SAN ROQUE [23080760],Pluviométrica,Convencional,Activa,Antioquia,San Roque,6.4875,-75.017,820,5/15/1975,,Monchia,Magdalena Cauca,Medio Magdalena,Río Nare,2014,29,Andes,Preliminar,0,0,0,10.8729953765869,10.8729953765869,0,1.62518548965454,1.03159928321838,3.05454540252686,6.04363632202148,5,10,0.869565188884735,0.876811623573303,1,1,48,1.05999994277954,0
08,2010-08-13,23080760,4,Definitivo,SAN ROQUE [23080760],Pluviométrica,Convencional,Activa,Antioquia,San Roque,6.4875,-75.017,820,5/15/1975,,Monchia,Magdalena Cauca,Medio Magdalena,Río Nare,2010,13,Andes,Definitivo,4,4,0,8.89300346374512,8.89300346374512,22.3056907653809,13.7806339263916,24.3986225128174,3.05454540252686,6.04363632202148,5,10,0.869565188884735,0.876811623573303,1,1,45,1.05999994277954,4.23999977111816
08,2006-08-26,23080760,17,Definitivo,SAN ROQUE [23080760],Pluviométrica,Convencional,Activa,Antioquia,San Roque,6.4875,-75.017,820,5/15/1975,,Monchia,Magdalena Cauca,Medio Magdalena,Río Nare,2006,26,Andes,Definitivo,17,17,0,3.77555274963379,3.77555274963379,21.6586952209473,34.990119934082,46.8937721252441,3.05454540252686,6.04363632202148,5,10,0.869565188884735,0.876811623573303,1,1,48,1.05999994277954,18.0199990272522
08,2010-08-28,23080760,11,Definitivo,SAN ROQUE [23080760],Pluviométrica,Convencional,Activa,Antioquia,San Roque,6.4875,-75.017,820,5/15/1975,,Monchia,Magdalena Cauca,Medio Magdalena,Río Nare,2010,28,Andes,Definitivo,11,11,0,3.09920597076416,3.09920597076416,19.836145401001,5.40537261962891,53.5415000915527,3.05454540252686,6.04363632202148,5,10,0.869565188884735,0.876811623573303,1,1,48,1.05999994277954,11.659999370575
08,2016-08-31,23080760,15,Definitivo,SAN ROQUE [23080760],Pluviométrica,Convencional,Activa,Antioquia,San Roque,6.4875,-75.017,820,5/15/1975,,Monchia,Magdalena Cauca,Medio Magdalena,Río Nare,2016,31,Andes,Definitivo,15,15,0,10.5053625106812,10.5053625106812,27.735954284668,17.4203109741211,16.233118057251,3.05454540252686,6.04363632202148,5,10,0.869565188884735,0.876811623573303,1,1,48,1.05999994277954,15.8999991416931
08,2005-08-29,23080760,0,Definitivo,SAN ROQUE [23080760],Pluviométrica,Convencional,Activa,Antioquia,San Roque,6.4875,-75.017,820,5/15/1975,,Monchia,Magdalena Cauca,Medio Magdalena,Río Nare,2005,29,Andes,Definitivo,0,0,0,2.79720950126648,2.79720950126648,0,9.13403034210205,0.195186391472816,3.05454540252686,6.04363632202148,5,10,0.869565188884735,0.876811623573303,1,1,48,1.05999994277954,0
08,2013-08-28,23080760,52,Definitivo,SAN ROQUE [23080760],Pluviométrica,Convencional,Activa,Antioquia,San Roque,6.4875,-75.017,820,5/15/1975,,Monchia,Magdalena Cauca,Medio Magdalena,Río Nare,2013,28,Andes,Definitivo,52,52,0,3.07128834724426,3.07128834724426,0,3.72412347793579,0,3.05454540252686,6.04363632202148,5,10,0.869565188884735,0.876811623573303,1,1,48,1.05999994277954,55.1199970245361
08,2012-08-31,23080760,,"",SAN ROQUE [23080760],Pluviométrica,Convencional,Activa,Antioquia,San Roque,6.4875,-75.017,820,5/15/1975,,Monchia,Magdalena Cauca,Medio Magdalena,Río Nare,2012,31,Andes,Preliminar,0,0,0,1.01987886428833,1.01987886428833,2.62354159355164,1.88259077072144,0.11974161863327,3.05454540252686,6.04363632202148,5,10,0.869565188884735,0.876811623573303,1,1,48,1.05999994277954,0
08,2007-08-20,23080760,,"",SAN ROQUE [23080760],Pluviométrica,Convencional,Activa,Antioquia,San Roque,6.4875,-75.017,820,5/15/1975,,Monchia,Magdalena Cauca,Medio Magdalena,Río Nare,2007,20,Andes,Preliminar,0,0,0,13.5071754455566,13.5071754455566,16.3303909301758,24.4826412200928,20.3847007751465,3.05454540252686,6.04363632202148,5,10,0.869565188884735,0.876811623573303,1,1,46,1.05999994277954,0
08,2010-08-12,23080760,11,Definitivo,SAN ROQUE [23080760],Pluviométrica,Convencional,Activa,Antioquia,San Roque,6.4875,-75.017,820,5/15/1975,,Monchia,Magdalena Cauca,Medio Magdalena,Río Nare,2010,12,Andes,Definitivo,11,11,0,0,0,0,7.47930955886841,1.12082505226135,3.05454540252686,6.04363632202148,5,10,0.869565188884735,0.876811623573303,1,1,45,1.05999994277954,11.659999370575
08,2008-08-12,23080760,36,Definitivo,SAN ROQUE [23080760],Pluviométrica,Convencional,Activa,Antioquia,San Roque,6.4875,-75.017,820,5/15/1975,,Monchia,Magdalena Cauca,Medio Magdalena,Río Nare,2008,12,Andes,Definitivo,36,36,0,26.7357120513916,26.7357120513916,0,27.0251445770264,0.815312445163727,3.05454540252686,6.04363632202148,5,10,0.869565188884735,0.876811623573303,1,1,45,1.05999994277954,38.1599979400635
08,2010-08-14,23080760,,"",SAN ROQUE [23080760],Pluviométrica,Convencional,Activa,Antioquia,San Roque,6.4875,-75.017,820,5/15/1975,,Monchia,Magdalena Cauca,Medio Magdalena,Río Nare,2010,14,Andes,Preliminar,0,0,0,13.8278474807739,13.8278474807739,0,3.68424844741821,1.84202015399933,3.05454540252686,6.04363632202148,5,10,0.869565188884735,0.876811623573303,1,1,45,1.05999994277954,0
08,2006-08-27,23080760,0,Definitivo,SAN ROQUE [23080760],Pluviométrica,Convencional,Activa,Antioquia,San Roque,6.4875,-75.017,820,5/15/1975,,Monchia,Magdalena Cauca,Medio Magdalena,Río Nare,2006,27,Andes,Definitivo,0,0,0,7.39174699783325,7.39174699783325,0,9.61028289794922,1.8985333442688,3.05454540252686,6.04363632202148,5,10,0.869565188884735,0.876811623573303,1,1,48,1.05999994277954,0
08,2006-08-28,23080760,,"",SAN ROQUE [23080760],Pluviométrica,Convencional,Activa,Antioquia,San Roque,6.4875,-75.017,820,5/15/1975,,Monchia,Magdalena Cauca,Medio Magdalena,Río Nare,2006,28,Andes,Preliminar,0,0,0,49.7686424255371,49.7686424255371,0,4.34166049957275,0.0305538419634104,3.05454540252686,6.04363632202148,5,10,0.869565188884735,0.876811623573303,1,1,48,1.05999994277954,0
08,2014-08-30,23080760,,"",SAN ROQUE [23080760],Pluviométrica,Convencional,Activa,Antioquia,San Roque,6.4875,-75.017,820,5/15/1975,,Monchia,Magdalena Cauca,Medio Magdalena,Río Nare,2014,30,Andes,Preliminar,0,0,0,0,0,0,0.800330221652985,0,3.05454540252686,6.04363632202148,5,10,0.869565188884735,0.876811623573303,1,1,48,1.05999994277954,0
08,2016-08-30,23080760,0,Definitivo,SAN ROQUE [23080760],Pluviométrica,Convencional,Activa,Antioquia,San Roque,6.4875,-75.017,820,5/15/1975,,Monchia,Magdalena Cauca,Medio Magdalena,Río Nare,2016,30,Andes,Definitivo,0,0,0,11.9158706665039,11.9158706665039,9.24531745910645,20.4502201080322,8.7842264175415,3.05454540252686,6.04363632202148,5,10,0.869565188884735,0.876811623573303,1,1,48,1.05999994277954,0
08,2010-08-31,23080760,11,Definitivo,SAN ROQUE [23080760],Pluviométrica,Convencional,Activa,Antioquia,San Roque,6.4875,-75.017,820,5/15/1975,,Monchia,Magdalena Cauca,Medio Magdalena,Río Nare,2010,31,Andes,Definitivo,11,11,0,13.0675468444824,13.0675468444824,13.2240972518921,23.714714050293,4.07960033416748,3.05454540252686,6.04363632202148,5,10,0.869565188884735,0.876811623573303,1,1,48,1.05999994277954,11.659999370575
08,2007-08-30,23080760,57,Definitivo,SAN ROQUE [23080760],Pluviométrica,Convencional,Activa,Antioquia,San Roque,6.4875,-75.017,820,5/15/1975,,Monchia,Magdalena Cauca,Medio Magdalena,Río Nare,2007,30,Andes,Definitivo,57,57,0,14.8153247833252,14.8153247833252,12.8447017669678,24.6388740539551,7.44083404541016,3.05454540252686,6.04363632202148,5,10,0.869565188884735,0.876811623573303,1,1,48,1.05999994277954,60.4199967384338
08,2008-08-23,23080760,4,Definitivo,SAN ROQUE [23080760],Pluviométrica,Convencional,Activa,Antioquia,San Roque,6.4875,-75.017,820,5/15/1975,,Monchia,Magdalena Cauca,Medio Magdalena,Río Nare,2008,23,Andes,Definitivo,4,4,0,7.53592872619629,7.53592872619629,17.9202079772949,32.562801361084,17.300479888916,3.05454540252686,6.04363632202148,5,10,0.869565188884735,0.876811623573303,1,1,47,1.05999994277954,4.23999977111816
08,2004-08-26,23080760,16,Definitivo,SAN ROQUE [23080760],Pluviométrica,Convencional,Activa,Antioquia,San Roque,6.4875,-75.017,820,5/15/1975,,Monchia,Magdalena Cauca,Medio Magdalena,Río Nare,2004,26,Andes,Definitivo,16,16,0,8.83581829071045,8.83581829071045,11.3338451385498,20.94677734375,21.7674770355225,3.05454540252686,6.04363632202148,5,10,0.869565188884735,0.876811623573303,1,1,48,1.05999994277954,16.9599990844727
08,2005-08-24,23080760,1,Definitivo,SAN ROQUE [23080760],Pluviométrica,Convencional,Activa,Antioquia,San Roque,6.4875,-75.017,820,5/15/1975,,Monchia,Magdalena Cauca,Medio Magdalena,Río Nare,2005,24,Andes,Definitivo,1,1,0,14.689510345459,14.689510345459,23.9113597869873,11.1410503387451,6.48378705978394,3.05454540252686,6.04363632202148,5,10,0.869565188884735,0.876811623573303,1,1,47,1.05999994277954,1.05999994277954
08,2015-08-30,23080760,26,Definitivo,SAN ROQUE [23080760],Pluviométrica,Convencional,Activa,Antioquia,San Roque,6.4875,-75.017,820,5/15/1975,,Monchia,Magdalena Cauca,Medio Magdalena,Río Nare,2015,30,Andes,Definitivo,26,26,0,0,0,0,0.0472064055502415,0,3.05454540252686,6.04363632202148,5,10,0.869565188884735,0.876811623573303,1,1,48,1.05999994277954,27.5599985122681
08,2017-08-30,23080760,0,Definitivo,SAN ROQUE [23080760],Pluviométrica,Convencional,Activa,Antioquia,San Roque,6.4875,-75.017,820,5/15/1975,,Monchia,Magdalena Cauca,Medio Magdalena,Río Nare,2017,30,Andes,Definitivo,0,0,0,5.12958908081055,5.12958908081055,10.3872060775757,10.721417427063,20.2722320556641,3.05454540252686,6.04363632202148,5,10,0.869565188884735,0.876811623573303,1,1,48,1.05999994277954,0
08,2022-08-29,23080760,8,Definitivo,SAN ROQUE [23080760],Pluviométrica,Convencional,Activa,Antioquia,San Roque,6.4875,-75.017,820,5/15/1975,,Monchia,Magdalena Cauca,Medio Magdalena,Río Nare,2022,29,Andes,Definitivo,8,8,0,0,0,30.4968566894531,38.0044326782227,6.57017374038696,3.05454540252686,6.04363632202148,5,10,0.869565188884735,0.876811623573303,1,1,48,1.05999994277954,8.47999954223633
08,2009-08-10,23080760,0,Definitivo,SAN ROQUE [23080760],Pluviométrica,Convencional,Activa,Antioquia,San Roque,6.4875,-75.017,820,5/15/1975,,Monchia,Magdalena Cauca,Medio Magdalena,Río Nare,2009,10,Andes,Definitivo,0,0,0,0,0,6.52732229232788,8.26383304595947,5.46912574768066,3.05454540252686,6.04363632202148,5,10,0.869565188884735,0.876811623573303,1,1,44,1.05999994277954,0
08,2008-08-20,23080760,9,Definitivo,SAN ROQUE [23080760],Pluviométrica,Convencional,Activa,Antioquia,San Roque,6.4875,-75.017,820,5/15/1975,,Monchia,Magdalena Cauca,Medio Magdalena,Río Nare,2008,20,Andes,Definitivo,9,9,0,6.5756196975708,6.5756196975708,10.1288213729858,9.26458930969238,5.65258121490479,3.05454540252686,6.04363632202148,5,10,0.869565188884735,0.876811623573303,1,1,46,1.05999994277954,9.53999948501587
08,2007-08-24,23080760,81,Definitivo,SAN ROQUE [23080760],Pluviométrica,Convencional,Activa,Antioquia,San Roque,6.4875,-75.017,820,5/15/1975,,Monchia,Magdalena Cauca,Medio Magdalena,Río Nare,2007,24,Andes,Definitivo,81,81,0,31.354248046875,31.354248046875,12.6932163238525,11.8138332366943,21.0978088378906,3.05454540252686,6.04363632202148,5,10,0.869565188884735,0.876811623573303,1,1,47,1.05999994277954,85.8599953651428
08,2013-08-26,23080760,14,Definitivo,SAN ROQUE [23080760],Pluviométrica,Convencional,Activa,Antioquia,San Roque,6.4875,-75.017,820,5/15/1975,,Monchia,Magdalena Cauca,Medio Magdalena,Río Nare,2013,26,Andes,Definitivo,14,14,0,45.7366714477539,45.7366714477539,35.3436164855957,61.5202445983887,16.9943008422852,3.05454540252686,6.04363632202148,5,10,0.869565188884735,0.876811623573303,1,1,48,1.05999994277954,14.8399991989136
08,2012-08-29,23080760,,"",SAN ROQUE [23080760],Pluviométrica,Convencional,Activa,Antioquia,San Roque,6.4875,-75.017,820,5/15/1975,,Monchia,Magdalena Cauca,Medio Magdalena,Río Nare,2012,29,Andes,Preliminar,0,0,0,0,0,0,0.804944634437561,0.035385325551033,3.05454540252686,6.04363632202148,5,10,0.869565188884735,0.876811623573303,1,1,48,1.05999994277954,0
08,2010-08-30,23080760,0,Definitivo,SAN ROQUE [23080760],Pluviométrica,Convencional,Activa,Antioquia,San Roque,6.4875,-75.017,820,5/15/1975,,Monchia,Magdalena Cauca,Medio Magdalena,Río Nare,2010,30,Andes,Definitivo,0,0,0,1.43396091461182,1.43396091461182,0,8.93732261657715,0.238655164837837,3.05454540252686,6.04363632202148,5,10,0.869565188884735,0.876811623573303,1,1,48,1.05999994277954,0
08,2013-08-27,23080760,0,Definitivo,SAN ROQUE [23080760],Pluviométrica,Convencional,Activa,Antioquia,San Roque,6.4875,-75.017,820,5/15/1975,,Monchia,Magdalena Cauca,Medio Magdalena,Río Nare,2013,27,Andes,Definitivo,0,0,0,2.66181874275208,2.66181874275208,17.6718082427979,25.3411979675293,3.65539360046387,3.05454540252686,6.04363632202148,5,10,0.869565188884735,0.876811623573303,1,1,48,1.05999994277954,0
08,2002-08-31,23080760,3,Definitivo,SAN ROQUE [23080760],Pluviométrica,Convencional,Activa,Antioquia,San Roque,6.4875,-75.017,820,5/15/1975,,Monchia,Magdalena Cauca,Medio Magdalena,Río Nare,2002,31,Andes,Definitivo,3,3,0,17.0117816925049,17.0117816925049,11.5597848892212,6.38422870635986,4.65594625473023,3.05454540252686,6.04363632202148,5,10,0.869565188884735,0.876811623573303,1,1,48,1.05999994277954,3.17999982833862
08,2010-08-24,23080760,50,Definitivo,SAN ROQUE [23080760],Pluviométrica,Convencional,Activa,Antioquia,San Roque,6.4875,-75.017,820,5/15/1975,,Monchia,Magdalena Cauca,Medio Magdalena,Río Nare,2010,24,Andes,Definitivo,50,50,0,5.92306423187256,5.92306423187256,22.945240020752,38.2276039123535,17.0009937286377,3.05454540252686,6.04363632202148,5,10,0.869565188884735,0.876811623573303,1,1,47,1.05999994277954,52.9999971389771
08,2011-08-28,23080760,,"",SAN ROQUE [23080760],Pluviométrica,Convencional,Activa,Antioquia,San Roque,6.4875,-75.017,820,5/15/1975,,Monchia,Magdalena Cauca,Medio Magdalena,Río Nare,2011,28,Andes,Preliminar,0,0,0,0,0,24.722448348999,30.2648677825928,36.1158638000488,3.05454540252686,6.04363632202148,5,10,0.869565188884735,0.876811623573303,1,1,48,1.05999994277954,0
08,2006-08-22,23080760,4,Definitivo,SAN ROQUE [23080760],Pluviométrica,Convencional,Activa,Antioquia,San Roque,6.4875,-75.017,820,5/15/1975,,Monchia,Magdalena Cauca,Medio Magdalena,Río Nare,2006,22,Andes,Definitivo,4,4,0,8.2465124130249,8.2465124130249,0,0.0499784909188747,0.0593751296401024,3.05454540252686,6.04363632202148,5,10,0.869565188884735,0.876811623573303,1,1,47,1.05999994277954,4.23999977111816
08,2009-08-14,23080760,7,Definitivo,SAN ROQUE [23080760],Pluviométrica,Convencional,Activa,Antioquia,San Roque,6.4875,-75.017,820,5/15/1975,,Monchia,Magdalena Cauca,Medio Magdalena,Río Nare,2009,14,Andes,Definitivo,7,7,0,7.30576324462891,7.30576324462891,29.61106300354,25.385763168335,16.2820053100586,3.05454540252686,6.04363632202148,5,10,0.869565188884735,0.876811623573303,1,1,45,1.05999994277954,7.41999959945679
08,2005-08-14,23080760,5,Definitivo,SAN ROQUE [23080760],Pluviométrica,Convencional,Activa,Antioquia,San Roque,6.4875,-75.017,820,5/15/1975,,Monchia,Magdalena Cauca,Medio Magdalena,Río Nare,2005,14,Andes,Definitivo,5,5,0,14.9957799911499,14.9957799911499,14.4958667755127,36.2854537963867,55.8684272766113,3.05454540252686,6.04363632202148,5,10,0.869565188884735,0.876811623573303,1,1,45,1.05999994277954,5.29999971389771
08,2009-08-09,23080760,10,Definitivo,SAN ROQUE [23080760],Pluviométrica,Convencional,Activa,Antioquia,San Roque,6.4875,-75.017,820,5/15/1975,,Monchia,Magdalena Cauca,Medio Magdalena,Río Nare,2009,09,Andes,Definitivo,10,10,0,2.57109880447388,2.57109880447388,13.0546445846558,22.3649921417236,13.1373853683472,3.05454540252686,6.04363632202148,5,10,0.869565188884735,0.876811623573303,1,1,44,1.05999994277954,10.5999994277954
08,2008-08-13,23080760,58,Definitivo,SAN ROQUE [23080760],Pluviométrica,Convencional,Activa,Antioquia,San Roque,6.4875,-75.017,820,5/15/1975,,Monchia,Magdalena Cauca,Medio Magdalena,Río Nare,2008,13,Andes,Definitivo,58,58,0,2.90465998649597,2.90465998649597,0,15.0705194473267,1.93539452552795,3.05454540252686,6.04363632202148,5,10,0.869565188884735,0.876811623573303,1,1,45,1.05999994277954,61.4799966812134
08,2009-08-17,23080760,1,Definitivo,SAN ROQUE [23080760],Pluviométrica,Convencional,Activa,Antioquia,San Roque,6.4875,-75.017,820,5/15/1975,,Monchia,Magdalena Cauca,Medio Magdalena,Río Nare,2009,17,Andes,Definitivo,1,1,0,11.885986328125,11.885986328125,0,11.3335809707642,15.5064859390259,3.05454540252686,6.04363632202148,5,10,0.869565188884735,0.876811623573303,1,1,46,1.05999994277954,1.05999994277954
08,2007-08-25,23080760,2,Definitivo,SAN ROQUE [23080760],Pluviométrica,Convencional,Activa,Antioquia,San Roque,6.4875,-75.017,820,5/15/1975,,Monchia,Magdalena Cauca,Medio Magdalena,Río Nare,2007,25,Andes,Definitivo,2,2,0,16.6022071838379,16.6022071838379,31.733039855957,56.1937370300293,57.5681953430176,3.05454540252686,6.04363632202148,5,10,0.869565188884735,0.876811623573303,1,1,47,1.05999994277954,2.11999988555908
08,2008-08-28,23080760,,"",SAN ROQUE [23080760],Pluviométrica,Convencional,Activa,Antioquia,San Roque,6.4875,-75.017,820,5/15/1975,,Monchia,Magdalena Cauca,Medio Magdalena,Río Nare,2008,28,Andes,Preliminar,0,0,0,38.2147254943848,38.2147254943848,22.1457099914551,16.6685886383057,20.28369140625,3.05454540252686,6.04363632202148,5,10,0.869565188884735,0.876811623573303,1,1,48,1.05999994277954,0
08,2012-08-30,23080760,,"",SAN ROQUE [23080760],Pluviométrica,Convencional,Activa,Antioquia,San Roque,6.4875,-75.017,820,5/15/1975,,Monchia,Magdalena Cauca,Medio Magdalena,Río Nare,2012,30,Andes,Preliminar,0,0,0,0,0,5.24708318710327,0.756121873855591,0.0302766170352697,3.05454540252686,6.04363632202148,5,10,0.869565188884735,0.876811623573303,1,1,48,1.05999994277954,0
08,2009-08-26,23080760,0,Definitivo,SAN ROQUE [23080760],Pluviométrica,Convencional,Activa,Antioquia,San Roque,6.4875,-75.017,820,5/15/1975,,Monchia,Magdalena Cauca,Medio Magdalena,Río Nare,2009,26,Andes,Definitivo,0,0,0,7.62175130844116,7.62175130844116,12.3186864852905,7.61379337310791,19.2495861053467,3.05454540252686,6.04363632202148,5,10,0.869565188884735,0.876811623573303,1,1,48,1.05999994277954,0
08,2009-08-19,23080760,13,Definitivo,SAN ROQUE [23080760],Pluviométrica,Convencional,Activa,Antioquia,San Roque,6.4875,-75.017,820,5/15/1975,,Monchia,Magdalena Cauca,Medio Magdalena,Río Nare,2009,19,Andes,Definitivo,13,13,0,2.22167944908142,2.22167944908142,0,11.1595849990845,0.288956135511398,3.05454540252686,6.04363632202148,5,10,0.869565188884735,0.876811623573303,1,1,46,1.05999994277954,13.779999256134
08,2003-08-29,23080760,0,Definitivo,SAN ROQUE [23080760],Pluviométrica,Convencional,Activa,Antioquia,San Roque,6.4875,-75.017,820,5/15/1975,,Monchia,Magdalena Cauca,Medio Magdalena,Río Nare,2003,29,Andes,Definitivo,0,0,0,8.07907676696777,8.07907676696777,13.2980518341064,1.15895390510559,15.5945835113525,3.05454540252686,6.04363632202148,5,10,0.869565188884735,0.876811623573303,1,1,48,1.05999994277954,0
08,2006-08-21,23080760,,"",SAN ROQUE [23080760],Pluviométrica,Convencional,Activa,Antioquia,San Roque,6.4875,-75.017,820,5/15/1975,,Monchia,Magdalena Cauca,Medio Magdalena,Río Nare,2006,21,Andes,Preliminar,0,0,0,18.1053256988525,18.1053256988525,35.1023826599121,26.466968536377,20.9856147766113,3.05454540252686,6.04363632202148,5,10,0.869565188884735,0.876811623573303,1,1,47,1.05999994277954,0
08,2011-08-29,23080760,0,Definitivo,SAN ROQUE [23080760],Pluviométrica,Convencional,Activa,Antioquia,San Roque,6.4875,-75.017,820,5/15/1975,,Monchia,Magdalena Cauca,Medio Magdalena,Río Nare,2011,29,Andes,Definitivo,0,0,0,4.34555149078369,4.34555149078369,0,6.00409746170044,0.104799807071686,3.05454540252686,6.04363632202148,5,10,0.869565188884735,0.876811623573303,1,1,48,1.05999994277954,0
08,2016-08-26,23080760,22,Definitivo,SAN ROQUE [23080760],Pluviométrica,Convencional,Activa,Antioquia,San Roque,6.4875,-75.017,820,5/15/1975,,Monchia,Magdalena Cauca,Medio Magdalena,Río Nare,2016,26,Andes,Definitivo,22,22,0,4.28093194961548,4.28093194961548,27.735954284668,18.5639591217041,43.0913200378418,3.05454540252686,6.04363632202148,5,10,0.869565188884735,0.876811623573303,1,1,48,1.05999994277954,23.3199987411499
08,2016-08-27,23080760,18,Definitivo,SAN ROQUE [23080760],Pluviométrica,Convencional,Activa,Antioquia,San Roque,6.4875,-75.017,820,5/15/1975,,Monchia,Magdalena Cauca,Medio Magdalena,Río Nare,2016,27,Andes,Definitivo,18,18,0,6.56704902648926,6.56704902648926,0,21.5196514129639,3.15688896179199,3.05454540252686,6.04363632202148,5,10,0.869565188884735,0.876811623573303,1,1,48,1.05999994277954,19.0799989700317
08,2017-08-31,23080760,0,Definitivo,SAN ROQUE [23080760],Pluviométrica,Convencional,Activa,Antioquia,San Roque,6.4875,-75.017,820,5/15/1975,,Monchia,Magdalena Cauca,Medio Magdalena,Río Nare,2017,31,Andes,Definitivo,0,0,0,1.26971459388733,1.26971459388733,0,11.5550603866577,0,3.05454540252686,6.04363632202148,5,10,0.869565188884735,0.876811623573303,1,1,48,1.05999994277954,0
08,2007-08-10,23080760,15,Definitivo,SAN ROQUE [23080760],Pluviométrica,Convencional,Activa,Antioquia,San Roque,6.4875,-75.017,820,5/15/1975,,Monchia,Magdalena Cauca,Medio Magdalena,Río Nare,2007,10,Andes,Definitivo,15,15,0,4.29988241195679,4.29988241195679,0,0.91912716627121,0.034098070114851,3.05454540252686,6.04363632202148,5,10,0.869565188884735,0.876811623573303,1,1,44,1.05999994277954,15.8999991416931
08,2007-08-11,23080760,5,Definitivo,SAN ROQUE [23080760],Pluviométrica,Convencional,Activa,Antioquia,San Roque,6.4875,-75.017,820,5/15/1975,,Monchia,Magdalena Cauca,Medio Magdalena,Río Nare,2007,11,Andes,Definitivo,5,5,0,2.93881726264954,2.93881726264954,25.1308631896973,9.08606147766113,51.0132331848145,3.05454540252686,6.04363632202148,5,10,0.869565188884735,0.876811623573303,1,1,45,1.05999994277954,5.29999971389771
08,2009-08-18,23080760,39,Definitivo,SAN ROQUE [23080760],Pluviométrica,Convencional,Activa,Antioquia,San Roque,6.4875,-75.017,820,5/15/1975,,Monchia,Magdalena Cauca,Medio Magdalena,Río Nare,2009,18,Andes,Definitivo,39,39,0,27.32666015625,27.32666015625,35.1724586486816,12.2333545684814,38.1474189758301,3.05454540252686,6.04363632202148,5,10,0.869565188884735,0.876811623573303,1,1,46,1.05999994277954,41.3399977684021
08,2008-08-21,23080760,39,Definitivo,SAN ROQUE [23080760],Pluviométrica,Convencional,Activa,Antioquia,San Roque,6.4875,-75.017,820,5/15/1975,,Monchia,Magdalena Cauca,Medio Magdalena,Río Nare,2008,21,Andes,Definitivo,39,39,0,11.4205493927002,11.4205493927002,17.9202079772949,9.88734531402588,14.1782131195068,3.05454540252686,6.04363632202148,5,10,0.869565188884735,0.876811623573303,1,1,47,1.05999994277954,41.3399977684021
08,2011-08-27,23080760,30,Definitivo,SAN ROQUE [23080760],Pluviométrica,Convencional,Activa,Antioquia,San Roque,6.4875,-75.017,820,5/15/1975,,Monchia,Magdalena Cauca,Medio Magdalena,Río Nare,2011,27,Andes,Definitivo,30,30,0,10.9275455474854,10.9275455474854,8.24081611633301,9.75337982177734,12.3034410476685,3.05454540252686,6.04363632202148,5,10,0.869565188884735,0.876811623573303,1,1,48,1.05999994277954,31.7999982833862
08,2004-08-31,23080760,24,Definitivo,SAN ROQUE [23080760],Pluviométrica,Convencional,Activa,Antioquia,San Roque,6.4875,-75.017,820,5/15/1975,,Monchia,Magdalena Cauca,Medio Magdalena,Río Nare,2004,31,Andes,Definitivo,24,24,0,9.02262306213379,9.02262306213379,22.6676902770996,14.0611066818237,26.6425609588623,3.05454540252686,6.04363632202148,5,10,0.869565188884735,0.876811623573303,1,1,48,1.05999994277954,25.439998626709
08,2003-08-28,23080760,26,Definitivo,SAN ROQUE [23080760],Pluviométrica,Convencional,Activa,Antioquia,San Roque,6.4875,-75.017,820,5/15/1975,,Monchia,Magdalena Cauca,Medio Magdalena,Río Nare,2003,28,Andes,Definitivo,26,26,0,8.07907676696777,8.07907676696777,11.6357946395874,29.6240329742432,21.2689094543457,3.05454540252686,6.04363632202148,5,10,0.869565188884735,0.876811623573303,1,1,48,1.05999994277954,27.5599985122681
08,2009-08-20,23080760,9,Definitivo,SAN ROQUE [23080760],Pluviométrica,Convencional,Activa,Antioquia,San Roque,6.4875,-75.017,820,5/15/1975,,Monchia,Magdalena Cauca,Medio Magdalena,Río Nare,2009,20,Andes,Definitivo,9,9,0,11.4138784408569,11.4138784408569,23.4483051300049,15.2729215621948,10.6878747940063,3.05454540252686,6.04363632202148,5,10,0.869565188884735,0.876811623573303,1,1,46,1.05999994277954,9.53999948501587
08,2009-08-21,23080760,63,Definitivo,SAN ROQUE [23080760],Pluviométrica,Convencional,Activa,Antioquia,San Roque,6.4875,-75.017,820,5/15/1975,,Monchia,Magdalena Cauca,Medio Magdalena,Río Nare,2009,21,Andes,Definitivo,63,63,0,11.0455389022827,11.0455389022827,14.7927026748657,28.3441257476807,18.5682029724121,3.05454540252686,6.04363632202148,5,10,0.869565188884735,0.876811623573303,1,1,47,1.05999994277954,66.7799963951111
08,2007-08-19,23080760,28,Definitivo,SAN ROQUE [23080760],Pluviométrica,Convencional,Activa,Antioquia,San Roque,6.4875,-75.017,820,5/15/1975,,Monchia,Magdalena Cauca,Medio Magdalena,Río Nare,2007,19,Andes,Definitivo,28,28,0,6.70123529434204,6.70123529434204,8.16519546508789,23.9816551208496,23.3451461791992,3.05454540252686,6.04363632202148,5,10,0.869565188884735,0.876811623573303,1,1,46,1.05999994277954,29.6799983978272
08,2008-08-16,23080760,4,Definitivo,SAN ROQUE [23080760],Pluviométrica,Convencional,Activa,Antioquia,San Roque,6.4875,-75.017,820,5/15/1975,,Monchia,Magdalena Cauca,Medio Magdalena,Río Nare,2008,16,Andes,Definitivo,4,4,0,2.9370014667511,2.9370014667511,20.2576427459717,22.2649765014648,26.5058345794678,3.05454540252686,6.04363632202148,5,10,0.869565188884735,0.876811623573303,1,1,46,1.05999994277954,4.23999977111816
08,2007-08-14,23080760,12,Definitivo,SAN ROQUE [23080760],Pluviométrica,Convencional,Activa,Antioquia,San Roque,6.4875,-75.017,820,5/15/1975,,Monchia,Magdalena Cauca,Medio Magdalena,Río Nare,2007,14,Andes,Definitivo,12,12,0,0,0,25.1308631896973,23.8249130249023,17.566349029541,3.05454540252686,6.04363632202148,5,10,0.869565188884735,0.876811623573303,1,1,45,1.05999994277954,12.7199993133545
08,2006-08-11,23080760,5,Definitivo,SAN ROQUE [23080760],Pluviométrica,Convencional,Activa,Antioquia,San Roque,6.4875,-75.017,820,5/15/1975,,Monchia,Magdalena Cauca,Medio Magdalena,Río Nare,2006,11,Andes,Definitivo,5,5,0,22.5227432250977,22.5227432250977,24.8989944458008,14.1367330551147,27.9646892547607,3.05454540252686,6.04363632202148,5,10,0.869565188884735,0.876811623573303,1,1,45,1.05999994277954,5.29999971389771
08,2020-08-29,23080760,8,Definitivo,SAN ROQUE [23080760],Pluviométrica,Convencional,Activa,Antioquia,San Roque,6.4875,-75.017,820,5/15/1975,,Monchia,Magdalena Cauca,Medio Magdalena,Río Nare,2020,29,Andes,Definitivo,8,8,0,7.46839904785156,7.46839904785156,16.1287860870361,8.5001392364502,4.47443437576294,3.05454540252686,6.04363632202148,5,10,0.869565188884735,0.876811623573303,1,1,48,1.05999994277954,8.47999954223633
08,2022-08-30,23080760,29,Definitivo,SAN ROQUE [23080760],Pluviométrica,Convencional,Activa,Antioquia,San Roque,6.4875,-75.017,820,5/15/1975,,Monchia,Magdalena Cauca,Medio Magdalena,Río Nare,2022,30,Andes,Definitivo,29,29,0,21.5134220123291,21.5134220123291,0,5.47957611083984,1.80817091464996,3.05454540252686,6.04363632202148,5,10,0.869565188884735,0.876811623573303,1,1,48,1.05999994277954,30.7399983406067
08,2011-08-12,23080760,30,Definitivo,SAN ROQUE [23080760],Pluviométrica,Convencional,Activa,Antioquia,San Roque,6.4875,-75.017,820,5/15/1975,,Monchia,Magdalena Cauca,Medio Magdalena,Río Nare,2011,12,Andes,Definitivo,30,30,0,10.693244934082,10.693244934082,26.1801624298096,8.54404926300049,28.1627616882324,3.05454540252686,6.04363632202148,5,10,0.869565188884735,0.876811623573303,1,1,45,1.05999994277954,31.7999982833862
08,2010-08-15,23080760,22,Definitivo,SAN ROQUE [23080760],Pluviométrica,Convencional,Activa,Antioquia,San Roque,6.4875,-75.017,820,5/15/1975,,Monchia,Magdalena Cauca,Medio Magdalena,Río Nare,2010,15,Andes,Definitivo,22,22,0,0.411237150430679,0.411237150430679,0,0.24478380382061,0.202430233359337,3.05454540252686,6.04363632202148,5,10,0.869565188884735,0.876811623573303,1,1,45,1.05999994277954,23.3199987411499
08,2007-08-26,23080760,7,Definitivo,SAN ROQUE [23080760],Pluviométrica,Convencional,Activa,Antioquia,San Roque,6.4875,-75.017,820,5/15/1975,,Monchia,Magdalena Cauca,Medio Magdalena,Río Nare,2007,26,Andes,Definitivo,7,7,0,46.5266189575195,46.5266189575195,38.5341033935547,66.539680480957,31.106969833374,3.05454540252686,6.04363632202148,5,10,0.869565188884735,0.876811623573303,1,1,48,1.05999994277954,7.41999959945679
08,2008-08-22,23080760,45,Definitivo,SAN ROQUE [23080760],Pluviométrica,Convencional,Activa,Antioquia,San Roque,6.4875,-75.017,820,5/15/1975,,Monchia,Magdalena Cauca,Medio Magdalena,Río Nare,2008,22,Andes,Definitivo,45,45,0,4.25791645050049,4.25791645050049,8.96010398864746,6.3576455116272,26.1770210266113,3.05454540252686,6.04363632202148,5,10,0.869565188884735,0.876811623573303,1,1,47,1.05999994277954,47.6999974250794
08,2010-08-10,23080760,0,Definitivo,SAN ROQUE [23080760],Pluviométrica,Convencional,Activa,Antioquia,San Roque,6.4875,-75.017,820,5/15/1975,,Monchia,Magdalena Cauca,Medio Magdalena,Río Nare,2010,10,Andes,Definitivo,0,0,0,0.264544546604157,0.264544546604157,5.06449270248413,0.511854469776154,4.51754951477051,3.05454540252686,6.04363632202148,5,10,0.869565188884735,0.876811623573303,1,1,44,1.05999994277954,0
08,2004-08-25,23080760,10,Definitivo,SAN ROQUE [23080760],Pluviométrica,Convencional,Activa,Antioquia,San Roque,6.4875,-75.017,820,5/15/1975,,Monchia,Magdalena Cauca,Medio Magdalena,Río Nare,2004,25,Andes,Definitivo,10,10,0,8.49532413482666,8.49532413482666,5.92899942398071,6.76678371429443,9.90276622772217,3.05454540252686,6.04363632202148,5,10,0.869565188884735,0.876811623573303,1,1,47,1.05999994277954,10.5999994277954
08,2005-08-23,23080760,1,Definitivo,SAN ROQUE [23080760],Pluviométrica,Convencional,Activa,Antioquia,San Roque,6.4875,-75.017,820,5/15/1975,,Monchia,Magdalena Cauca,Medio Magdalena,Río Nare,2005,23,Andes,Definitivo,1,1,0,8.06850910186768,8.06850910186768,7.9704532623291,29.8283786773682,7.62212324142456,3.05454540252686,6.04363632202148,5,10,0.869565188884735,0.876811623573303,1,1,47,1.05999994277954,1.05999994277954
08,2010-08-25,23080760,60,Definitivo,SAN ROQUE [23080760],Pluviométrica,Convencional,Activa,Antioquia,San Roque,6.4875,-75.017,820,5/15/1975,,Monchia,Magdalena Cauca,Medio Magdalena,Río Nare,2010,25,Andes,Definitivo,60,60,0,12.965145111084,12.965145111084,0,20.7727928161621,10.8497047424316,3.05454540252686,6.04363632202148,5,10,0.869565188884735,0.876811623573303,1,1,47,1.05999994277954,63.5999965667725
08,2009-08-28,23080760,0,Definitivo,SAN ROQUE [23080760],Pluviométrica,Convencional,Activa,Antioquia,San Roque,6.4875,-75.017,820,5/15/1975,,Monchia,Magdalena Cauca,Medio Magdalena,Río Nare,2009,28,Andes,Definitivo,0,0,0,1.43038332462311,1.43038332462311,0,1.65573859214783,1.26915240287781,3.05454540252686,6.04363632202148,5,10,0.869565188884735,0.876811623573303,1,1,48,1.05999994277954,0
08,2012-08-26,23080760,1,Definitivo,SAN ROQUE [23080760],Pluviométrica,Convencional,Activa,Antioquia,San Roque,6.4875,-75.017,820,5/15/1975,,Monchia,Magdalena Cauca,Medio Magdalena,Río Nare,2012,26,Andes,Definitivo,1,1,0,21.4961109161377,21.4961109161377,2.62354159355164,1.56745326519012,17.412727355957,3.05454540252686,6.04363632202148,5,10,0.869565188884735,0.876811623573303,1,1,48,1.05999994277954,1.05999994277954
08,2014-08-27,23080760,24,Definitivo,SAN ROQUE [23080760],Pluviométrica,Convencional,Activa,Antioquia,San Roque,6.4875,-75.017,820,5/15/1975,,Monchia,Magdalena Cauca,Medio Magdalena,Río Nare,2014,27,Andes,Definitivo,24,24,0,3.27764892578125,3.27764892578125,25.1745090484619,12.2200536727905,27.781457901001,3.05454540252686,6.04363632202148,5,10,0.869565188884735,0.876811623573303,1,1,48,1.05999994277954,25.439998626709
08,2004-08-11,23080760,,"",SAN ROQUE [23080760],Pluviométrica,Convencional,Activa,Antioquia,San Roque,6.4875,-75.017,820,5/15/1975,,Monchia,Magdalena Cauca,Medio Magdalena,Río Nare,2004,11,Andes,Preliminar,0,0,0,1.82313501834869,1.82313501834869,4.61747217178345,1.90409231185913,2.33982729911804,3.05454540252686,6.04363632202148,5,10,0.869565188884735,0.876811623573303,1,1,45,1.05999994277954,0
08,2005-08-09,23080760,,"",SAN ROQUE [23080760],Pluviométrica,Convencional,Activa,Antioquia,San Roque,6.4875,-75.017,820,5/15/1975,,Monchia,Magdalena Cauca,Medio Magdalena,Río Nare,2005,09,Andes,Preliminar,0,0,0,0,0,11.2055740356445,5.79664897918701,7.80768537521362,3.05454540252686,6.04363632202148,5,10,0.869565188884735,0.876811623573303,1,1,44,1.05999994277954,0
08,2005-08-10,23080760,1,Definitivo,SAN ROQUE [23080760],Pluviométrica,Convencional,Activa,Antioquia,San Roque,6.4875,-75.017,820,5/15/1975,,Monchia,Magdalena Cauca,Medio Magdalena,Río Nare,2005,10,Andes,Definitivo,1,1,0,10.2737302780151,10.2737302780151,0,0.433554202318192,0.0227382704615593,3.05454540252686,6.04363632202148,5,10,0.869565188884735,0.876811623573303,1,1,44,1.05999994277954,1.05999994277954
08,2009-08-11,23080760,4,Definitivo,SAN ROQUE [23080760],Pluviométrica,Convencional,Activa,Antioquia,San Roque,6.4875,-75.017,820,5/15/1975,,Monchia,Magdalena Cauca,Medio Magdalena,Río Nare,2009,11,Andes,Definitivo,4,4,0,20.5137176513672,20.5137176513672,7.40276575088501,17.3455219268799,5.94208860397339,3.05454540252686,6.04363632202148,5,10,0.869565188884735,0.876811623573303,1,1,45,1.05999994277954,4.23999977111816
08,2010-08-16,23080760,,"",SAN ROQUE [23080760],Pluviométrica,Convencional,Activa,Antioquia,San Roque,6.4875,-75.017,820,5/15/1975,,Monchia,Magdalena Cauca,Medio Magdalena,Río Nare,2010,16,Andes,Preliminar,0,0,0,0.457757830619812,0.457757830619812,11.0636253356934,4.83242321014404,1.06338167190552,3.05454540252686,6.04363632202148,5,10,0.869565188884735,0.876811623573303,1,1,46,1.05999994277954,0
08,2004-08-30,23080760,28,Definitivo,SAN ROQUE [23080760],Pluviométrica,Convencional,Activa,Antioquia,San Roque,6.4875,-75.017,820,5/15/1975,,Monchia,Magdalena Cauca,Medio Magdalena,Río Nare,2004,30,Andes,Definitivo,28,28,0,5.97772121429443,5.97772121429443,0,2.45064067840576,0.0670809000730515,3.05454540252686,6.04363632202148,5,10,0.869565188884735,0.876811623573303,1,1,48,1.05999994277954,29.6799983978272
08,2023-08-31,23080760,0,Definitivo,SAN ROQUE [23080760],Pluviométrica,Convencional,Activa,Antioquia,San Roque,6.4875,-75.017,820,5/15/1975,,Monchia,Magdalena Cauca,Medio Magdalena,Río Nare,2023,31,Andes,Definitivo,0,0,0,0,0,0,5.05831909179688,0,3.05454540252686,6.04363632202148,5,10,0.869565188884735,0.876811623573303,1,1,48,1.05999994277954,0
08,2011-08-14,23080760,8,Definitivo,SAN ROQUE [23080760],Pluviométrica,Convencional,Activa,Antioquia,San Roque,6.4875,-75.017,820,5/15/1975,,Monchia,Magdalena Cauca,Medio Magdalena,Río Nare,2011,14,Andes,Definitivo,8,8,0,26.2751331329346,26.2751331329346,19.6351222991943,51.404899597168,4.00818204879761,3.05454540252686,6.04363632202148,5,10,0.869565188884735,0.876811623573303,1,1,45,1.05999994277954,8.47999954223633
08,2010-08-17,23080760,23,Definitivo,SAN ROQUE [23080760],Pluviométrica,Convencional,Activa,Antioquia,San Roque,6.4875,-75.017,820,5/15/1975,,Monchia,Magdalena Cauca,Medio Magdalena,Río Nare,2010,17,Andes,Definitivo,23,23,0,3.86108803749084,3.86108803749084,0,6.84980964660645,0.343315750360489,3.05454540252686,6.04363632202148,5,10,0.869565188884735,0.876811623573303,1,1,46,1.05999994277954,24.3799986839294
08,2007-08-18,23080760,42,Definitivo,SAN ROQUE [23080760],Pluviométrica,Convencional,Activa,Antioquia,San Roque,6.4875,-75.017,820,5/15/1975,,Monchia,Magdalena Cauca,Medio Magdalena,Río Nare,2007,18,Andes,Definitivo,42,42,0,5.07827949523926,5.07827949523926,24.4955883026123,22.8461952209473,13.1726264953613,3.05454540252686,6.04363632202148,5,10,0.869565188884735,0.876811623573303,1,1,46,1.05999994277954,44.5199975967407
08,2008-08-15,23080760,10,Definitivo,SAN ROQUE [23080760],Pluviométrica,Convencional,Activa,Antioquia,San Roque,6.4875,-75.017,820,5/15/1975,,Monchia,Magdalena Cauca,Medio Magdalena,Río Nare,2008,15,Andes,Definitivo,10,10,0,13.720908164978,13.720908164978,0,14.4321451187134,2.73579263687134,3.05454540252686,6.04363632202148,5,10,0.869565188884735,0.876811623573303,1,1,45,1.05999994277954,10.5999994277954
08,2009-08-13,23080760,35,Definitivo,SAN ROQUE [23080760],Pluviométrica,Convencional,Activa,Antioquia,San Roque,6.4875,-75.017,820,5/15/1975,,Monchia,Magdalena Cauca,Medio Magdalena,Río Nare,2009,13,Andes,Definitivo,35,35,0,0,0,22.2082939147949,31.9289283752441,34.2402648925781,3.05454540252686,6.04363632202148,5,10,0.869565188884735,0.876811623573303,1,1,45,1.05999994277954,37.0999979972839
08,2005-08-13,23080760,7,Definitivo,SAN ROQUE [23080760],Pluviométrica,Convencional,Activa,Antioquia,San Roque,6.4875,-75.017,820,5/15/1975,,Monchia,Magdalena Cauca,Medio Magdalena,Río Nare,2005,13,Andes,Definitivo,7,7,0,0.893572986125946,0.893572986125946,21.7438011169434,15.8204698562622,12.7495813369751,3.05454540252686,6.04363632202148,5,10,0.869565188884735,0.876811623573303,1,1,45,1.05999994277954,7.41999959945679
08,2015-08-31,23080760,16,Definitivo,SAN ROQUE [23080760],Pluviométrica,Convencional,Activa,Antioquia,San Roque,6.4875,-75.017,820,5/15/1975,,Monchia,Magdalena Cauca,Medio Magdalena,Río Nare,2015,31,Andes,Definitivo,16,16,0,0,0,18.6855716705322,2.81714296340942,20.0333347320557,3.05454540252686,6.04363632202148,5,10,0.869565188884735,0.876811623573303,1,1,48,1.05999994277954,16.9599990844727
08,2018-08-29,23080760,22,Definitivo,SAN ROQUE [23080760],Pluviométrica,Convencional,Activa,Antioquia,San Roque,6.4875,-75.017,820,5/15/1975,,Monchia,Magdalena Cauca,Medio Magdalena,Río Nare,2018,29,Andes,Definitivo,22,22,0,51.2077713012695,51.2077713012695,20.894567489624,1.55515766143799,0.166917473077774,3.05454540252686,6.04363632202148,5,10,0.869565188884735,0.876811623573303,1,1,48,1.05999994277954,23.3199987411499
08,2018-08-30,23080760,4,Definitivo,SAN ROQUE [23080760],Pluviométrica,Convencional,Activa,Antioquia,San Roque,6.4875,-75.017,820,5/15/1975,,Monchia,Magdalena Cauca,Medio Magdalena,Río Nare,2018,30,Andes,Definitivo,4,4,0,7.73889303207398,7.73889303207398,13.9297122955322,38.8425521850586,48.2101631164551,3.05454540252686,6.04363632202148,5,10,0.869565188884735,0.876811623573303,1,1,48,1.05999994277954,4.23999977111816
08,2022-08-31,23080760,6,Definitivo,SAN ROQUE [23080760],Pluviométrica,Convencional,Activa,Antioquia,San Roque,6.4875,-75.017,820,5/15/1975,,Monchia,Magdalena Cauca,Medio Magdalena,Río Nare,2022,31,Andes,Definitivo,6,6,0,0,0,30.4968566894531,22.6702117919922,75.4076614379883,3.05454540252686,6.04363632202148,5,10,0.869565188884735,0.876811623573303,1,1,48,1.05999994277954,6.35999965667725
08,2012-08-09,23080760,,"",SAN ROQUE [23080760],Pluviométrica,Convencional,Activa,Antioquia,San Roque,6.4875,-75.017,820,5/15/1975,,Monchia,Magdalena Cauca,Medio Magdalena,Río Nare,2012,09,Andes,Preliminar,9,9,0,2.93772125244141,2.93772125244141,10.8465347290039,10.4578790664673,19.7719135284424,3.05454540252686,6.04363632202148,5,10,0.869565188884735,0.876811623573303,1,1,44,1.05999994277954,9.53999948501587
08,2011-08-13,23080760,0,Definitivo,SAN ROQUE [23080760],Pluviométrica,Convencional,Activa,Antioquia,San Roque,6.4875,-75.017,820,5/15/1975,,Monchia,Magdalena Cauca,Medio Magdalena,Río Nare,2011,13,Andes,Definitivo,0,0,0,9.4379940032959,9.4379940032959,0,13.7335681915283,7.49814748764038,3.05454540252686,6.04363632202148,5,10,0.869565188884735,0.876811623573303,1,1,45,1.05999994277954,0
08,2002-08-30,23080760,6,Definitivo,SAN ROQUE [23080760],Pluviométrica,Convencional,Activa,Antioquia,San Roque,6.4875,-75.017,820,5/15/1975,,Monchia,Magdalena Cauca,Medio Magdalena,Río Nare,2002,30,Andes,Definitivo,6,6,0,8.99101734161377,8.99101734161377,0,19.8250732421875,1.67658889293671,3.05454540252686,6.04363632202148,5,10,0.869565188884735,0.876811623573303,1,1,48,1.05999994277954,6.35999965667725
08,2004-08-24,23080760,9,Definitivo,SAN ROQUE [23080760],Pluviométrica,Convencional,Activa,Antioquia,San Roque,6.4875,-75.017,820,5/15/1975,,Monchia,Magdalena Cauca,Medio Magdalena,Río Nare,2004,24,Andes,Definitivo,9,9,0,5.10907602310181,5.10907602310181,11.8579988479614,16.1669044494629,0.830563366413117,3.05454540252686,6.04363632202148,5,10,0.869565188884735,0.876811623573303,1,1,47,1.05999994277954,9.53999948501587
08,2005-08-22,23080760,,"",SAN ROQUE [23080760],Pluviométrica,Convencional,Activa,Antioquia,San Roque,6.4875,-75.017,820,5/15/1975,,Monchia,Magdalena Cauca,Medio Magdalena,Río Nare,2005,22,Andes,Preliminar,0,0,0,8.3365650177002,8.3365650177002,7.9704532623291,28.7407455444336,71.5920715332031,3.05454540252686,6.04363632202148,5,10,0.869565188884735,0.876811623573303,1,1,47,1.05999994277954,0
08,2010-08-18,23080760,,"",SAN ROQUE [23080760],Pluviométrica,Convencional,Activa,Antioquia,San Roque,6.4875,-75.017,820,5/15/1975,,Monchia,Magdalena Cauca,Medio Magdalena,Río Nare,2010,18,Andes,Preliminar,0,0,0,38.7103881835938,38.7103881835938,22.1272506713867,21.9174938201904,29.3161182403565,3.05454540252686,6.04363632202148,5,10,0.869565188884735,0.876811623573303,1,1,46,1.05999994277954,0
08,2008-08-24,23080760,7,Definitivo,SAN ROQUE [23080760],Pluviométrica,Convencional,Activa,Antioquia,San Roque,6.4875,-75.017,820,5/15/1975,,Monchia,Magdalena Cauca,Medio Magdalena,Río Nare,2008,24,Andes,Definitivo,7,7,0,29.1171474456787,29.1171474456787,8.96010398864746,25.5890502929688,4.64913892745972,3.05454540252686,6.04363632202148,5,10,0.869565188884735,0.876811623573303,1,1,47,1.05999994277954,7.41999959945679
08,2008-08-25,23080760,12,Definitivo,SAN ROQUE [23080760],Pluviométrica,Convencional,Activa,Antioquia,San Roque,6.4875,-75.017,820,5/15/1975,,Monchia,Magdalena Cauca,Medio Magdalena,Río Nare,2008,25,Andes,Definitivo,12,12,0,0.629938304424286,0.629938304424286,8.96010398864746,9.45229244232178,21.544282913208,3.05454540252686,6.04363632202148,5,10,0.869565188884735,0.876811623573303,1,1,47,1.05999994277954,12.7199993133545
08,2010-08-26,23080760,5,Definitivo,SAN ROQUE [23080760],Pluviométrica,Convencional,Activa,Antioquia,San Roque,6.4875,-75.017,820,5/15/1975,,Monchia,Magdalena Cauca,Medio Magdalena,Río Nare,2010,26,Andes,Definitivo,5,5,0,36.1959457397461,36.1959457397461,26.4481945037842,27.8626651763916,17.9505748748779,3.05454540252686,6.04363632202148,5,10,0.869565188884735,0.876811623573303,1,1,48,1.05999994277954,5.29999971389771
08,2005-08-12,23080760,,"",SAN ROQUE [23080760],Pluviométrica,Convencional,Activa,Antioquia,San Roque,6.4875,-75.017,820,5/15/1975,,Monchia,Magdalena Cauca,Medio Magdalena,Río Nare,2005,12,Andes,Preliminar,0,0,0,0,0,0,0.349562346935272,0.0256749931722879,3.05454540252686,6.04363632202148,5,10,0.869565188884735,0.876811623573303,1,1,45,1.05999994277954,0
08,2006-08-10,23080760,13,Definitivo,SAN ROQUE [23080760],Pluviométrica,Convencional,Activa,Antioquia,San Roque,6.4875,-75.017,820,5/15/1975,,Monchia,Magdalena Cauca,Medio Magdalena,Río Nare,2006,10,Andes,Definitivo,13,13,0,23.2260894775391,23.2260894775391,0,10.3617277145386,0.0318727754056454,3.05454540252686,6.04363632202148,5,10,0.869565188884735,0.876811623573303,1,1,44,1.05999994277954,13.779999256134
08,2004-08-10,23080760,,"",SAN ROQUE [23080760],Pluviométrica,Convencional,Activa,Antioquia,San Roque,6.4875,-75.017,820,5/15/1975,,Monchia,Magdalena Cauca,Medio Magdalena,Río Nare,2004,10,Andes,Preliminar,0,0,0,0,0,1.85943365097046,0.00115697039291263,0.212219938635826,3.05454540252686,6.04363632202148,5,10,0.869565188884735,0.876811623573303,1,1,44,1.05999994277954,0
08,2006-08-07,23080760,15,Definitivo,SAN ROQUE [23080760],Pluviométrica,Convencional,Activa,Antioquia,San Roque,6.4875,-75.017,820,5/15/1975,,Monchia,Magdalena Cauca,Medio Magdalena,Río Nare,2006,07,Andes,Definitivo,15,15,0,0.0619362369179726,0.0619362369179726,18.9473571777344,5.74183225631714,54.4225463867188,3.05454540252686,6.04363632202148,5,10,0.869565188884735,0.876811623573303,1,1,44,1.05999994277954,15.8999991416931
08,2005-08-11,23080760,,"",SAN ROQUE [23080760],Pluviométrica,Convencional,Activa,Antioquia,San Roque,6.4875,-75.017,820,5/15/1975,,Monchia,Magdalena Cauca,Medio Magdalena,Río Nare,2005,11,Andes,Preliminar,0,0,0,0,0,14.4958667755127,5.24271678924561,2.36596059799194,3.05454540252686,6.04363632202148,5,10,0.869565188884735,0.876811623573303,1,1,45,1.05999994277954,0
08,2010-08-09,23080760,8,Definitivo,SAN ROQUE [23080760],Pluviométrica,Convencional,Activa,Antioquia,San Roque,6.4875,-75.017,820,5/15/1975,,Monchia,Magdalena Cauca,Medio Magdalena,Río Nare,2010,09,Andes,Definitivo,8,8,0,0,0,10.1289854049683,12.639986038208,13.6039180755615,3.05454540252686,6.04363632202148,5,10,0.869565188884735,0.876811623573303,1,1,44,1.05999994277954,8.47999954223633
08,2009-08-06,23080760,17,Definitivo,SAN ROQUE [23080760],Pluviométrica,Convencional,Activa,Antioquia,San Roque,6.4875,-75.017,820,5/15/1975,,Monchia,Magdalena Cauca,Medio Magdalena,Río Nare,2009,06,Andes,Definitivo,17,17,0,7.07052183151245,7.07052183151245,19.5819664001465,20.7711009979248,32.144474029541,3.05454540252686,6.04363632202148,5,10,0.869565188884735,0.876811623573303,1,1,44,1.05999994277954,18.0199990272522
08,2008-08-09,23080760,39,Definitivo,SAN ROQUE [23080760],Pluviométrica,Convencional,Activa,Antioquia,San Roque,6.4875,-75.017,820,5/15/1975,,Monchia,Magdalena Cauca,Medio Magdalena,Río Nare,2008,09,Andes,Definitivo,39,39,0,4.73753881454468,4.73753881454468,8.24319458007813,13.8922901153564,0.925103306770325,3.05454540252686,6.04363632202148,5,10,0.869565188884735,0.876811623573303,1,1,44,1.05999994277954,41.3399977684021
08,2012-08-10,23080760,0,Definitivo,SAN ROQUE [23080760],Pluviométrica,Convencional,Activa,Antioquia,San Roque,6.4875,-75.017,820,5/15/1975,,Monchia,Magdalena Cauca,Medio Magdalena,Río Nare,2012,10,Andes,Definitivo,0,0,0,0,0,0,3.74974822998047,0.280804544687271,3.05454540252686,6.04363632202148,5,10,0.869565188884735,0.876811623573303,1,1,44,1.05999994277954,0
08,2006-08-20,23080760,15,Definitivo,SAN ROQUE [23080760],Pluviométrica,Convencional,Activa,Antioquia,San Roque,6.4875,-75.017,820,5/15/1975,,Monchia,Magdalena Cauca,Medio Magdalena,Río Nare,2006,20,Andes,Definitivo,15,15,0,23.5439701080322,23.5439701080322,18.0939750671387,16.3564109802246,1.93105340003967,3.05454540252686,6.04363632202148,5,10,0.869565188884735,0.876811623573303,1,1,46,1.05999994277954,15.8999991416931
08,2008-08-14,23080760,0,Definitivo,SAN ROQUE [23080760],Pluviométrica,Convencional,Activa,Antioquia,San Roque,6.4875,-75.017,820,5/15/1975,,Monchia,Magdalena Cauca,Medio Magdalena,Río Nare,2008,14,Andes,Definitivo,0,0,0,13.0468978881836,13.0468978881836,37.8572044372559,10.0633316040039,44.500373840332,3.05454540252686,6.04363632202148,5,10,0.869565188884735,0.876811623573303,1,1,45,1.05999994277954,0
08,2009-08-12,23080760,33,Definitivo,SAN ROQUE [23080760],Pluviométrica,Convencional,Activa,Antioquia,San Roque,6.4875,-75.017,820,5/15/1975,,Monchia,Magdalena Cauca,Medio Magdalena,Río Nare,2009,12,Andes,Definitivo,33,33,0,17.094762802124,17.094762802124,0,0.340497463941574,0.818274140357971,3.05454540252686,6.04363632202148,5,10,0.869565188884735,0.876811623573303,1,1,45,1.05999994277954,34.9799981117249
08,2007-08-13,23080760,21,Definitivo,SAN ROQUE [23080760],Pluviométrica,Convencional,Activa,Antioquia,San Roque,6.4875,-75.017,820,5/15/1975,,Monchia,Magdalena Cauca,Medio Magdalena,Río Nare,2007,13,Andes,Definitivo,21,21,0,2.61738395690918,2.61738395690918,16.7539081573486,3.64047789573669,8.77700614929199,3.05454540252686,6.04363632202148,5,10,0.869565188884735,0.876811623573303,1,1,45,1.05999994277954,22.2599987983704
08,2013-08-24,23080760,,"",SAN ROQUE [23080760],Pluviométrica,Convencional,Activa,Antioquia,San Roque,6.4875,-75.017,820,5/15/1975,,Monchia,Magdalena Cauca,Medio Magdalena,Río Nare,2013,24,Andes,Preliminar,0,0,0,35.5343818664551,35.5343818664551,68.7114944458008,39.8006248474121,31.3888702392578,3.05454540252686,6.04363632202148,5,10,0.869565188884735,0.876811623573303,1,1,47,1.05999994277954,0
08,2014-08-28,23080760,,"",SAN ROQUE [23080760],Pluviométrica,Convencional,Activa,Antioquia,San Roque,6.4875,-75.017,820,5/15/1975,,Monchia,Magdalena Cauca,Medio Magdalena,Río Nare,2014,28,Andes,Preliminar,0,0,0,27.6339702606201,27.6339702606201,25.1745090484619,17.546142578125,25.4070739746094,3.05454540252686,6.04363632202148,5,10,0.869565188884735,0.876811623573303,1,1,48,1.05999994277954,0
08,2016-08-28,23080760,23,Definitivo,SAN ROQUE [23080760],Pluviométrica,Convencional,Activa,Antioquia,San Roque,6.4875,-75.017,820,5/15/1975,,Monchia,Magdalena Cauca,Medio Magdalena,Río Nare,2016,28,Andes,Definitivo,23,23,0,14.7095146179199,14.7095146179199,18.4906349182129,10.4094648361206,21.3838405609131,3.05454540252686,6.04363632202148,5,10,0.869565188884735,0.876811623573303,1,1,48,1.05999994277954,24.3799986839294
08,2019-08-27,23080760,0,Definitivo,SAN ROQUE [23080760],Pluviométrica,Convencional,Activa,Antioquia,San Roque,6.4875,-75.017,820,5/15/1975,,Monchia,Magdalena Cauca,Medio Magdalena,Río Nare,2019,27,Andes,Definitivo,0,0,0,0,0,0,1.06803810596466,0,3.05454540252686,6.04363632202148,5,10,0.869565188884735,0.876811623573303,1,1,48,1.05999994277954,0
08,2020-08-30,23080760,0,Definitivo,SAN ROQUE [23080760],Pluviométrica,Convencional,Activa,Antioquia,San Roque,6.4875,-75.017,820,5/15/1975,,Monchia,Magdalena Cauca,Medio Magdalena,Río Nare,2020,30,Andes,Definitivo,0,0,0,2.8146607875824,2.8146607875824,0,11.7032175064087,5.31463623046875,3.05454540252686,6.04363632202148,5,10,0.869565188884735,0.876811623573303,1,1,48,1.05999994277954,0
08,2020-08-31,23080760,0,Definitivo,SAN ROQUE [23080760],Pluviométrica,Convencional,Activa,Antioquia,San Roque,6.4875,-75.017,820,5/15/1975,,Monchia,Magdalena Cauca,Medio Magdalena,Río Nare,2020,31,Andes,Definitivo,0,0,0,5.55419301986694,5.55419301986694,0,4.19698858261108,0,3.05454540252686,6.04363632202148,5,10,0.869565188884735,0.876811623573303,1,1,48,1.05999994277954,0
08,2018-08-31,23080760,28,Definitivo,SAN ROQUE [23080760],Pluviométrica,Convencional,Activa,Antioquia,San Roque,6.4875,-75.017,820,5/15/1975,,Monchia,Magdalena Cauca,Medio Magdalena,Río Nare,2018,31,Andes,Definitivo,28,28,0,8.19265937805176,8.19265937805176,6.96485614776611,51.0035629272461,7.90564393997192,3.05454540252686,6.04363632202148,5,10,0.869565188884735,0.876811623573303,1,1,48,1.05999994277954,29.6799983978272
08,2021-08-29,23080760,21,Definitivo,SAN ROQUE [23080760],Pluviométrica,Convencional,Activa,Antioquia,San Roque,6.4875,-75.017,820,5/15/1975,,Monchia,Magdalena Cauca,Medio Magdalena,Río Nare,2021,29,Andes,Definitivo,21,21,0,2.09210181236267,2.09210181236267,0,26.283842086792,1.46973991394043,3.05454540252686,6.04363632202148,5,10,0.869565188884735,0.876811623573303,1,1,48,1.05999994277954,22.2599987983704
08,2021-08-31,23080760,5,Definitivo,SAN ROQUE [23080760],Pluviométrica,Convencional,Activa,Antioquia,San Roque,6.4875,-75.017,820,5/15/1975,,Monchia,Magdalena Cauca,Medio Magdalena,Río Nare,2021,31,Andes,Definitivo,5,5,0,4.28081321716309,4.28081321716309,15.8456268310547,26.283842086792,80.18408203125,3.05454540252686,6.04363632202148,5,10,0.869565188884735,0.876811623573303,1,1,48,1.05999994277954,5.29999971389771
08,2012-08-11,23080760,15,Definitivo,SAN ROQUE [23080760],Pluviométrica,Convencional,Activa,Antioquia,San Roque,6.4875,-75.017,820,5/15/1975,,Monchia,Magdalena Cauca,Medio Magdalena,Río Nare,2012,11,Andes,Definitivo,15,15,0,0,0,9.99361991882324,2.70545172691345,1.83521258831024,3.05454540252686,6.04363632202148,5,10,0.869565188884735,0.876811623573303,1,1,45,1.05999994277954,15.8999991416931
08,2011-08-15,23080760,38,Definitivo,SAN ROQUE [23080760],Pluviométrica,Convencional,Activa,Antioquia,San Roque,6.4875,-75.017,820,5/15/1975,,Monchia,Magdalena Cauca,Medio Magdalena,Río Nare,2011,15,Andes,Definitivo,38,38,0,6.98377370834351,6.98377370834351,13.0900812149048,34.6846504211426,37.9827041625977,3.05454540252686,6.04363632202148,5,10,0.869565188884735,0.876811623573303,1,1,45,1.05999994277954,40.2799978256226
08,2010-08-19,23080760,31,Definitivo,SAN ROQUE [23080760],Pluviométrica,Convencional,Activa,Antioquia,San Roque,6.4875,-75.017,820,5/15/1975,,Monchia,Magdalena Cauca,Medio Magdalena,Río Nare,2010,19,Andes,Definitivo,31,31,0,6.60763454437256,6.60763454437256,0,22.955436706543,0.0845776200294495,3.05454540252686,6.04363632202148,5,10,0.869565188884735,0.876811623573303,1,1,46,1.05999994277954,32.8599982261658
08,2009-08-22,23080760,0,Definitivo,SAN ROQUE [23080760],Pluviométrica,Convencional,Activa,Antioquia,San Roque,6.4875,-75.017,820,5/15/1975,,Monchia,Magdalena Cauca,Medio Magdalena,Río Nare,2009,22,Andes,Definitivo,0,0,0,6.80947303771973,6.80947303771973,14.7927026748657,12.7581977844238,22.4673900604248,3.05454540252686,6.04363632202148,5,10,0.869565188884735,0.876811623573303,1,1,47,1.05999994277954,0
08,2007-08-12,23080760,15,Definitivo,SAN ROQUE [23080760],Pluviométrica,Convencional,Activa,Antioquia,San Roque,6.4875,-75.017,820,5/15/1975,,Monchia,Magdalena Cauca,Medio Magdalena,Río Nare,2007,12,Andes,Definitivo,15,15,0,15.0155200958252,15.0155200958252,0,31.736795425415,1.77777278423309,3.05454540252686,6.04363632202148,5,10,0.869565188884735,0.876811623573303,1,1,45,1.05999994277954,15.8999991416931
08,2006-08-13,23080760,,"",SAN ROQUE [23080760],Pluviométrica,Convencional,Activa,Antioquia,San Roque,6.4875,-75.017,820,5/15/1975,,Monchia,Magdalena Cauca,Medio Magdalena,Río Nare,2006,13,Andes,Preliminar,0,0,0,0,0,0,1.53579151630402,0.987450063228607,3.05454540252686,6.04363632202148,5,10,0.869565188884735,0.876811623573303,1,1,45,1.05999994277954,0
08,2004-08-13,23080760,,"",SAN ROQUE [23080760],Pluviométrica,Convencional,Activa,Antioquia,San Roque,6.4875,-75.017,820,5/15/1975,,Monchia,Magdalena Cauca,Medio Magdalena,Río Nare,2004,13,Andes,Preliminar,0,0,0,1.82313501834869,1.82313501834869,0,0.394791841506958,0,3.05454540252686,6.04363632202148,5,10,0.869565188884735,0.876811623573303,1,1,45,1.05999994277954,0
08,2002-08-14,23080760,1,Definitivo,SAN ROQUE [23080760],Pluviométrica,Convencional,Activa,Antioquia,San Roque,6.4875,-75.017,820,5/15/1975,,Monchia,Magdalena Cauca,Medio Magdalena,Río Nare,2002,14,Andes,Definitivo,1,1,0,2.0455207824707,2.0455207824707,5.03139638900757,0.438947528600693,2.95405459403992,3.05454540252686,6.04363632202148,5,10,0.869565188884735,0.876811623573303,1,1,45,1.05999994277954,1.05999994277954
08,2002-08-11,23080760,,"",SAN ROQUE [23080760],Pluviométrica,Convencional,Activa,Antioquia,San Roque,6.4875,-75.017,820,5/15/1975,,Monchia,Magdalena Cauca,Medio Magdalena,Río Nare,2002,11,Andes,Preliminar,0,0,0,0,0,0,0.485208958387375,0,3.05454540252686,6.04363632202148,5,10,0.869565188884735,0.876811623573303,1,1,45,1.05999994277954,0
08,2006-08-08,23080760,3,Definitivo,SAN ROQUE [23080760],Pluviométrica,Convencional,Activa,Antioquia,San Roque,6.4875,-75.017,820,5/15/1975,,Monchia,Magdalena Cauca,Medio Magdalena,Río Nare,2006,08,Andes,Definitivo,3,3,0,0.0619362369179726,0.0619362369179726,6.31578588485718,13.6276273727417,3.07352685928345,3.05454540252686,6.04363632202148,5,10,0.869565188884735,0.876811623573303,1,1,44,1.05999994277954,3.17999982833862
08,2004-08-29,23080760,,"",SAN ROQUE [23080760],Pluviométrica,Convencional,Activa,Antioquia,San Roque,6.4875,-75.017,820,5/15/1975,,Monchia,Magdalena Cauca,Medio Magdalena,Río Nare,2004,29,Andes,Preliminar,0,0,0,2.50317072868347,2.50317072868347,17.0007667541504,26.8010673522949,13.4623823165894,3.05454540252686,6.04363632202148,5,10,0.869565188884735,0.876811623573303,1,1,48,1.05999994277954,0
08,2003-08-27,23080760,17,Definitivo,SAN ROQUE [23080760],Pluviométrica,Convencional,Activa,Antioquia,San Roque,6.4875,-75.017,820,5/15/1975,,Monchia,Magdalena Cauca,Medio Magdalena,Río Nare,2003,27,Andes,Definitivo,17,17,0,8.07907676696777,8.07907676696777,13.2980518341064,14.272367477417,27.0173358917236,3.05454540252686,6.04363632202148,5,10,0.869565188884735,0.876811623573303,1,1,48,1.05999994277954,18.0199990272522
08,2005-08-21,23080760,62,Definitivo,SAN ROQUE [23080760],Pluviométrica,Convencional,Activa,Antioquia,San Roque,6.4875,-75.017,820,5/15/1975,,Monchia,Magdalena Cauca,Medio Magdalena,Río Nare,2005,21,Andes,Definitivo,62,62,0,0.723753273487091,0.723753273487091,15.9409065246582,14.069673538208,3.73505306243897,3.05454540252686,6.04363632202148,5,10,0.869565188884735,0.876811623573303,1,1,47,1.05999994277954,65.7199964523316
08,2006-08-19,23080760,7,Definitivo,SAN ROQUE [23080760],Pluviométrica,Convencional,Activa,Antioquia,San Roque,6.4875,-75.017,820,5/15/1975,,Monchia,Magdalena Cauca,Medio Magdalena,Río Nare,2006,19,Andes,Definitivo,7,7,0,4.92162036895752,4.92162036895752,0,2.51361012458801,0.178288236260414,3.05454540252686,6.04363632202148,5,10,0.869565188884735,0.876811623573303,1,1,46,1.05999994277954,7.41999959945679
08,2007-08-17,23080760,43,Definitivo,SAN ROQUE [23080760],Pluviométrica,Convencional,Activa,Antioquia,San Roque,6.4875,-75.017,820,5/15/1975,,Monchia,Magdalena Cauca,Medio Magdalena,Río Nare,2007,17,Andes,Definitivo,43,43,0,6.17770051956177,6.17770051956177,24.4955883026123,13.3183870315552,10.8102788925171,3.05454540252686,6.04363632202148,5,10,0.869565188884735,0.876811623573303,1,1,46,1.05999994277954,45.5799975395203
08,2007-08-16,23080760,2,Definitivo,SAN ROQUE [23080760],Pluviométrica,Convencional,Activa,Antioquia,San Roque,6.4875,-75.017,820,5/15/1975,,Monchia,Magdalena Cauca,Medio Magdalena,Río Nare,2007,16,Andes,Definitivo,2,2,0,23.8731517791748,23.8731517791748,8.16519546508789,19.2085094451904,36.1246452331543,3.05454540252686,6.04363632202148,5,10,0.869565188884735,0.876811623573303,1,1,46,1.05999994277954,2.11999988555908
08,2005-08-16,23080760,37,Definitivo,SAN ROQUE [23080760],Pluviométrica,Convencional,Activa,Antioquia,San Roque,6.4875,-75.017,820,5/15/1975,,Monchia,Magdalena Cauca,Medio Magdalena,Río Nare,2005,16,Andes,Definitivo,37,37,0,19.6568183898926,19.6568183898926,24.2363967895508,15.7827291488647,23.8856563568115,3.05454540252686,6.04363632202148,5,10,0.869565188884735,0.876811623573303,1,1,46,1.05999994277954,39.219997882843
08,2009-08-23,23080760,39,Definitivo,SAN ROQUE [23080760],Pluviométrica,Convencional,Activa,Antioquia,San Roque,6.4875,-75.017,820,5/15/1975,,Monchia,Magdalena Cauca,Medio Magdalena,Río Nare,2009,23,Andes,Definitivo,39,39,0,13.9578323364258,13.9578323364258,0,19.3543815612793,3.26918363571167,3.05454540252686,6.04363632202148,5,10,0.869565188884735,0.876811623573303,1,1,47,1.05999994277954,41.3399977684021
08,2011-08-24,23080760,9,Definitivo,SAN ROQUE [23080760],Pluviométrica,Convencional,Activa,Antioquia,San Roque,6.4875,-75.017,820,5/15/1975,,Monchia,Magdalena Cauca,Medio Magdalena,Río Nare,2011,24,Andes,Definitivo,9,9,0,8.84269428253174,8.84269428253174,39.9294738769531,38.0603828430176,21.4248275756836,3.05454540252686,6.04363632202148,5,10,0.869565188884735,0.876811623573303,1,1,47,1.05999994277954,9.53999948501587
08,2012-08-27,23080760,,"",SAN ROQUE [23080760],Pluviométrica,Convencional,Activa,Antioquia,San Roque,6.4875,-75.017,820,5/15/1975,,Monchia,Magdalena Cauca,Medio Magdalena,Río Nare,2012,27,Andes,Preliminar,0,0,0,2.4036226272583,2.4036226272583,0,12.0046243667603,0.443528324365616,3.05454540252686,6.04363632202148,5,10,0.869565188884735,0.876811623573303,1,1,48,1.05999994277954,0
08,2012-08-28,23080760,,"",SAN ROQUE [23080760],Pluviométrica,Convencional,Activa,Antioquia,San Roque,6.4875,-75.017,820,5/15/1975,,Monchia,Magdalena Cauca,Medio Magdalena,Río Nare,2012,28,Andes,Preliminar,0,0,0,1.35049366950989,1.35049366950989,5.24708318710327,1.07339084148407,0.0474655888974667,3.05454540252686,6.04363632202148,5,10,0.869565188884735,0.876811623573303,1,1,48,1.05999994277954,0
08,2017-08-26,23080760,22,Definitivo,SAN ROQUE [23080760],Pluviométrica,Convencional,Activa,Antioquia,San Roque,6.4875,-75.017,820,5/15/1975,,Monchia,Magdalena Cauca,Medio Magdalena,Río Nare,2017,26,Andes,Definitivo,22,22,0,6.44823837280273,6.44823837280273,10.3872060775757,10.7062520980835,12.5361785888672,3.05454540252686,6.04363632202148,5,10,0.869565188884735,0.876811623573303,1,1,48,1.05999994277954,23.3199987411499
08,2019-08-28,23080760,0,Definitivo,SAN ROQUE [23080760],Pluviométrica,Convencional,Activa,Antioquia,San Roque,6.4875,-75.017,820,5/15/1975,,Monchia,Magdalena Cauca,Medio Magdalena,Río Nare,2019,28,Andes,Definitivo,0,0,0,22.3350639343262,22.3350639343262,33.150318145752,6.95745134353638,5.37987089157105,3.05454540252686,6.04363632202148,5,10,0.869565188884735,0.876811623573303,1,1,48,1.05999994277954,0
08,2004-08-07,23080760,,"",SAN ROQUE [23080760],Pluviométrica,Convencional,Activa,Antioquia,San Roque,6.4875,-75.017,820,5/15/1975,,Monchia,Magdalena Cauca,Medio Magdalena,Río Nare,2004,07,Andes,Preliminar,0,0,0,0,0,0,0.499939352273941,0.0649101063609123,3.05454540252686,6.04363632202148,5,10,0.869565188884735,0.876811623573303,1,1,44,1.05999994277954,0
08,2004-08-08,23080760,,"",SAN ROQUE [23080760],Pluviométrica,Convencional,Activa,Antioquia,San Roque,6.4875,-75.017,820,5/15/1975,,Monchia,Magdalena Cauca,Medio Magdalena,Río Nare,2004,08,Andes,Preliminar,0,0,0,0,0,0,0,0,3.05454540252686,6.04363632202148,5,10,0.869565188884735,0.876811623573303,1,1,44,1.05999994277954,0
08,2007-08-07,23080760,27,Definitivo,SAN ROQUE [23080760],Pluviométrica,Convencional,Activa,Antioquia,San Roque,6.4875,-75.017,820,5/15/1975,,Monchia,Magdalena Cauca,Medio Magdalena,Río Nare,2007,07,Andes,Definitivo,27,27,0,1.3461639881134,1.3461639881134,11.0554971694946,20.0358276367188,15.3982734680176,3.05454540252686,6.04363632202148,5,10,0.869565188884735,0.876811623573303,1,1,44,1.05999994277954,28.6199984550476
08,2008-08-10,23080760,33,Definitivo,SAN ROQUE [23080760],Pluviométrica,Convencional,Activa,Antioquia,San Roque,6.4875,-75.017,820,5/15/1975,,Monchia,Magdalena Cauca,Medio Magdalena,Río Nare,2008,10,Andes,Definitivo,33,33,0,10.7319765090942,10.7319765090942,24.7295837402344,19.1549739837647,30.8750400543213,3.05454540252686,6.04363632202148,5,10,0.869565188884735,0.876811623573303,1,1,44,1.05999994277954,34.9799981117249
08,2010-08-11,23080760,,"",SAN ROQUE [23080760],Pluviométrica,Convencional,Activa,Antioquia,San Roque,6.4875,-75.017,820,5/15/1975,,Monchia,Magdalena Cauca,Medio Magdalena,Río Nare,2010,11,Andes,Preliminar,0,0,0,0.30842787027359,0.30842787027359,0,4.10329246520996,1.72837293148041,3.05454540252686,6.04363632202148,5,10,0.869565188884735,0.876811623573303,1,1,45,1.05999994277954,0
08,2013-08-09,23080760,9,Definitivo,SAN ROQUE [23080760],Pluviométrica,Convencional,Activa,Antioquia,San Roque,6.4875,-75.017,820,5/15/1975,,Monchia,Magdalena Cauca,Medio Magdalena,Río Nare,2013,09,Andes,Definitivo,9,9,0,15.695629119873,15.695629119873,17.1993999481201,31.6681346893311,10.9465379714966,3.05454540252686,6.04363632202148,5,10,0.869565188884735,0.876811623573303,1,1,44,1.05999994277954,9.53999948501587
08,2011-08-16,23080760,15,Definitivo,SAN ROQUE [23080760],Pluviométrica,Convencional,Activa,Antioquia,San Roque,6.4875,-75.017,820,5/15/1975,,Monchia,Magdalena Cauca,Medio Magdalena,Río Nare,2011,16,Andes,Definitivo,15,15,0,7.64662551879883,7.64662551879883,10.0745601654053,2.69147562980652,9.17014980316162,3.05454540252686,6.04363632202148,5,10,0.869565188884735,0.876811623573303,1,1,46,1.05999994277954,15.8999991416931
08,2006-08-14,23080760,4,Definitivo,SAN ROQUE [23080760],Pluviométrica,Convencional,Activa,Antioquia,San Roque,6.4875,-75.017,820,5/15/1975,,Monchia,Magdalena Cauca,Medio Magdalena,Río Nare,2006,14,Andes,Definitivo,4,4,0,1.2653226852417,1.2653226852417,0,1.04662382602692,0,3.05454540252686,6.04363632202148,5,10,0.869565188884735,0.876811623573303,1,1,45,1.05999994277954,4.23999977111816
08,2005-08-15,23080760,30,Definitivo,SAN ROQUE [23080760],Pluviométrica,Convencional,Activa,Antioquia,San Roque,6.4875,-75.017,820,5/15/1975,,Monchia,Magdalena Cauca,Medio Magdalena,Río Nare,2005,15,Andes,Definitivo,30,30,0,41.3155632019043,41.3155632019043,0,27.1149883270264,13.8035411834717,3.05454540252686,6.04363632202148,5,10,0.869565188884735,0.876811623573303,1,1,45,1.05999994277954,31.7999982833862
08,2002-08-17,23080760,,"",SAN ROQUE [23080760],Pluviométrica,Convencional,Activa,Antioquia,San Roque,6.4875,-75.017,820,5/15/1975,,Monchia,Magdalena Cauca,Medio Magdalena,Río Nare,2002,17,Andes,Preliminar,0,0,0,0,0,0,0.476508468389511,0.0189120676368475,3.05454540252686,6.04363632202148,5,10,0.869565188884735,0.876811623573303,1,1,46,1.05999994277954,0
08,2006-08-12,23080760,,"",SAN ROQUE [23080760],Pluviométrica,Convencional,Activa,Antioquia,San Roque,6.4875,-75.017,820,5/15/1975,,Monchia,Magdalena Cauca,Medio Magdalena,Río Nare,2006,12,Andes,Preliminar,0,0,0,0,0,4.97979879379273,2.71537733078003,1.5016428232193,3.05454540252686,6.04363632202148,5,10,0.869565188884735,0.876811623573303,1,1,45,1.05999994277954,0
08,2004-08-12,23080760,,"",SAN ROQUE [23080760],Pluviométrica,Convencional,Activa,Antioquia,San Roque,6.4875,-75.017,820,5/15/1975,,Monchia,Magdalena Cauca,Medio Magdalena,Río Nare,2004,12,Andes,Preliminar,0,0,0,1.82313501834869,1.82313501834869,0,0,0.0401032008230686,3.05454540252686,6.04363632202148,5,10,0.869565188884735,0.876811623573303,1,1,45,1.05999994277954,0
08,2001-08-31,23080760,45,Definitivo,SAN ROQUE [23080760],Pluviométrica,Convencional,Activa,Antioquia,San Roque,6.4875,-75.017,820,5/15/1975,,Monchia,Magdalena Cauca,Medio Magdalena,Río Nare,2001,31,Andes,Definitivo,45,45,0,0,0,0,5.92878389358521,0.0114666735753417,3.05454540252686,6.04363632202148,5,10,0.869565188884735,0.876811623573303,1,1,48,1.05999994277954,47.6999974250794
08,2017-08-27,23080760,0,Definitivo,SAN ROQUE [23080760],Pluviométrica,Convencional,Activa,Antioquia,San Roque,6.4875,-75.017,820,5/15/1975,,Monchia,Magdalena Cauca,Medio Magdalena,Río Nare,2017,27,Andes,Definitivo,0,0,0,14.2929649353027,14.2929649353027,41.5488243103027,16.7012195587158,32.1955604553223,3.05454540252686,6.04363632202148,5,10,0.869565188884735,0.876811623573303,1,1,48,1.05999994277954,0
08,2017-08-28,23080760,22,Definitivo,SAN ROQUE [23080760],Pluviométrica,Convencional,Activa,Antioquia,San Roque,6.4875,-75.017,820,5/15/1975,,Monchia,Magdalena Cauca,Medio Magdalena,Río Nare,2017,28,Andes,Definitivo,22,22,0,20.1219100952148,20.1219100952148,10.3872060775757,32.6910209655762,1.74772560596466,3.05454540252686,6.04363632202148,5,10,0.869565188884735,0.876811623573303,1,1,48,1.05999994277954,23.3199987411499
08,2019-08-29,23080760,2,Definitivo,SAN ROQUE [23080760],Pluviométrica,Convencional,Activa,Antioquia,San Roque,6.4875,-75.017,820,5/15/1975,,Monchia,Magdalena Cauca,Medio Magdalena,Río Nare,2019,29,Andes,Definitivo,2,2,0,0,0,0,0.431597262620926,0,3.05454540252686,6.04363632202148,5,10,0.869565188884735,0.876811623573303,1,1,48,1.05999994277954,2.11999988555908
08,2023-08-30,23080760,0,Definitivo,SAN ROQUE [23080760],Pluviométrica,Convencional,Activa,Antioquia,San Roque,6.4875,-75.017,820,5/15/1975,,Monchia,Magdalena Cauca,Medio Magdalena,Río Nare,2023,30,Andes,Definitivo,0,0,0,0,0,0,5.05831909179688,0.167792811989784,3.05454540252686,6.04363632202148,5,10,0.869565188884735,0.876811623573303,1,1,48,1.05999994277954,0
08,2023-08-28,23080760,11,Definitivo,SAN ROQUE [23080760],Pluviométrica,Convencional,Activa,Antioquia,San Roque,6.4875,-75.017,820,5/15/1975,,Monchia,Magdalena Cauca,Medio Magdalena,Río Nare,2023,28,Andes,Definitivo,11,11,0,0,0,4.395676612854,5.05831909179688,4.57924509048462,3.05454540252686,6.04363632202148,5,10,0.869565188884735,0.876811623573303,1,1,48,1.05999994277954,11.659999370575
08,2023-08-29,23080760,0,Definitivo,SAN ROQUE [23080760],Pluviométrica,Convencional,Activa,Antioquia,San Roque,6.4875,-75.017,820,5/15/1975,,Monchia,Magdalena Cauca,Medio Magdalena,Río Nare,2023,29,Andes,Definitivo,0,0,0,0,0,8.79135322570801,5.05831909179688,7.62420034408569,3.05454540252686,6.04363632202148,5,10,0.869565188884735,0.876811623573303,1,1,48,1.05999994277954,0
08,2023-08-26,23080760,0,Definitivo,SAN ROQUE [23080760],Pluviométrica,Convencional,Activa,Antioquia,San Roque,6.4875,-75.017,820,5/15/1975,,Monchia,Magdalena Cauca,Medio Magdalena,Río Nare,2023,26,Andes,Definitivo,0,0,0,42.6161193847656,42.6161193847656,4.395676612854,5.05831909179688,14.8081331253052,3.05454540252686,6.04363632202148,5,10,0.869565188884735,0.876811623573303,1,1,48,1.05999994277954,0
08,2011-08-17,23080760,22,Definitivo,SAN ROQUE [23080760],Pluviométrica,Convencional,Activa,Antioquia,San Roque,6.4875,-75.017,820,5/15/1975,,Monchia,Magdalena Cauca,Medio Magdalena,Río Nare,2011,17,Andes,Definitivo,22,22,0,4.7406587600708,4.7406587600708,30.2236785888672,30.0211124420166,35.7007789611816,3.05454540252686,6.04363632202148,5,10,0.869565188884735,0.876811623573303,1,1,46,1.05999994277954,23.3199987411499
08,2010-08-20,23080760,,"",SAN ROQUE [23080760],Pluviométrica,Convencional,Activa,Antioquia,San Roque,6.4875,-75.017,820,5/15/1975,,Monchia,Magdalena Cauca,Medio Magdalena,Río Nare,2010,20,Andes,Preliminar,0,0,0,33.5556373596191,33.5556373596191,22.1272506713867,18.8265933990479,44.5743675231934,3.05454540252686,6.04363632202148,5,10,0.869565188884735,0.876811623573303,1,1,46,1.05999994277954,0
08,2010-08-21,23080760,0,Definitivo,SAN ROQUE [23080760],Pluviométrica,Convencional,Activa,Antioquia,San Roque,6.4875,-75.017,820,5/15/1975,,Monchia,Magdalena Cauca,Medio Magdalena,Río Nare,2010,21,Andes,Definitivo,0,0,0,3.64644694328308,3.64644694328308,0,1.81554734706879,0.0445773750543594,3.05454540252686,6.04363632202148,5,10,0.869565188884735,0.876811623573303,1,1,47,1.05999994277954,0
08,2011-08-25,23080760,,"",SAN ROQUE [23080760],Pluviométrica,Convencional,Activa,Antioquia,San Roque,6.4875,-75.017,820,5/15/1975,,Monchia,Magdalena Cauca,Medio Magdalena,Río Nare,2011,25,Andes,Preliminar,0,0,0,3.42454767227173,3.42454767227173,9.98236846923828,4.89782905578613,28.9933853149414,3.05454540252686,6.04363632202148,5,10,0.869565188884735,0.876811623573303,1,1,47,1.05999994277954,0
08,2013-08-25,23080760,8,Definitivo,SAN ROQUE [23080760],Pluviométrica,Convencional,Activa,Antioquia,San Roque,6.4875,-75.017,820,5/15/1975,,Monchia,Magdalena Cauca,Medio Magdalena,Río Nare,2013,25,Andes,Definitivo,8,8,0,5.07366800308228,5.07366800308228,0,18.3288688659668,0.431042283773422,3.05454540252686,6.04363632202148,5,10,0.869565188884735,0.876811623573303,1,1,47,1.05999994277954,8.47999954223633
08,2006-08-09,23080760,,"",SAN ROQUE [23080760],Pluviométrica,Convencional,Activa,Antioquia,San Roque,6.4875,-75.017,820,5/15/1975,,Monchia,Magdalena Cauca,Medio Magdalena,Río Nare,2006,09,Andes,Preliminar,0,0,0,15.5459938049316,15.5459938049316,25.2631435394287,33.1175689697266,5.65663909912109,3.05454540252686,6.04363632202148,5,10,0.869565188884735,0.876811623573303,1,1,44,1.05999994277954,0
08,2002-08-28,23080760,6,Definitivo,SAN ROQUE [23080760],Pluviométrica,Convencional,Activa,Antioquia,San Roque,6.4875,-75.017,820,5/15/1975,,Monchia,Magdalena Cauca,Medio Magdalena,Río Nare,2002,28,Andes,Definitivo,6,6,0,27.3827114105225,27.3827114105225,5.7798924446106,10.133074760437,0.200642302632332,3.05454540252686,6.04363632202148,5,10,0.869565188884735,0.876811623573303,1,1,48,1.05999994277954,6.35999965667725
08,2002-08-29,23080760,49,Definitivo,SAN ROQUE [23080760],Pluviométrica,Convencional,Activa,Antioquia,San Roque,6.4875,-75.017,820,5/15/1975,,Monchia,Magdalena Cauca,Medio Magdalena,Río Nare,2002,29,Andes,Definitivo,49,49,0,7.33080625534058,7.33080625534058,28.8994617462158,9.9758472442627,25.3455677032471,3.05454540252686,6.04363632202148,5,10,0.869565188884735,0.876811623573303,1,1,48,1.05999994277954,51.9399971961975
08,2004-08-23,23080760,0,Definitivo,SAN ROQUE [23080760],Pluviométrica,Convencional,Activa,Antioquia,San Roque,6.4875,-75.017,820,5/15/1975,,Monchia,Magdalena Cauca,Medio Magdalena,Río Nare,2004,23,Andes,Definitivo,0,0,0,0,0,0,1.94302356243134,0.197179064154625,3.05454540252686,6.04363632202148,5,10,0.869565188884735,0.876811623573303,1,1,47,1.05999994277954,0
08,2004-08-22,23080760,,"",SAN ROQUE [23080760],Pluviométrica,Convencional,Activa,Antioquia,San Roque,6.4875,-75.017,820,5/15/1975,,Monchia,Magdalena Cauca,Medio Magdalena,Río Nare,2004,22,Andes,Preliminar,0,0,0,12.4756517410278,12.4756517410278,5.92899942398071,2.67058324813843,1.39206957817078,3.05454540252686,6.04363632202148,5,10,0.869565188884735,0.876811623573303,1,1,47,1.05999994277954,0
08,2005-08-20,23080760,0,Definitivo,SAN ROQUE [23080760],Pluviométrica,Convencional,Activa,Antioquia,San Roque,6.4875,-75.017,820,5/15/1975,,Monchia,Magdalena Cauca,Medio Magdalena,Río Nare,2005,20,Andes,Definitivo,0,0,0,6.43856716156006,6.43856716156006,0,0.0467837452888489,0.0476912446320057,3.05454540252686,6.04363632202148,5,10,0.869565188884735,0.876811623573303,1,1,46,1.05999994277954,0
08,2006-08-18,23080760,0,Definitivo,SAN ROQUE [23080760],Pluviométrica,Convencional,Activa,Antioquia,San Roque,6.4875,-75.017,820,5/15/1975,,Monchia,Magdalena Cauca,Medio Magdalena,Río Nare,2006,18,Andes,Definitivo,0,0,0,9.5772066116333,9.5772066116333,12.062650680542,27.2163715362549,15.1685771942139,3.05454540252686,6.04363632202148,5,10,0.869565188884735,0.876811623573303,1,1,46,1.05999994277954,0
08,2005-08-19,23080760,,"",SAN ROQUE [23080760],Pluviométrica,Convencional,Activa,Antioquia,San Roque,6.4875,-75.017,820,5/15/1975,,Monchia,Magdalena Cauca,Medio Magdalena,Río Nare,2005,19,Andes,Preliminar,0,0,0,9.38069343566895,9.38069343566895,6.0590991973877,3.81714415550232,3.73605942726135,3.05454540252686,6.04363632202148,5,10,0.869565188884735,0.876811623573303,1,1,46,1.05999994277954,0
08,2006-08-17,23080760,15,Definitivo,SAN ROQUE [23080760],Pluviométrica,Convencional,Activa,Antioquia,San Roque,6.4875,-75.017,820,5/15/1975,,Monchia,Magdalena Cauca,Medio Magdalena,Río Nare,2006,17,Andes,Definitivo,15,15,0,0.886778473854065,0.886778473854065,24.125301361084,22.3270950317383,15.736686706543,3.05454540252686,6.04363632202148,5,10,0.869565188884735,0.876811623573303,1,1,46,1.05999994277954,15.8999991416931
08,2007-08-15,23080760,64,Definitivo,SAN ROQUE [23080760],Pluviométrica,Convencional,Activa,Antioquia,San Roque,6.4875,-75.017,820,5/15/1975,,Monchia,Magdalena Cauca,Medio Magdalena,Río Nare,2007,15,Andes,Definitivo,64,64,0,20.4339637756348,20.4339637756348,0,15.589035987854,4.74292612075806,3.05454540252686,6.04363632202148,5,10,0.869565188884735,0.876811623573303,1,1,45,1.05999994277954,67.8399963378906
08,2004-08-16,23080760,,"",SAN ROQUE [23080760],Pluviométrica,Convencional,Activa,Antioquia,San Roque,6.4875,-75.017,820,5/15/1975,,Monchia,Magdalena Cauca,Medio Magdalena,Río Nare,2004,16,Andes,Preliminar,0,0,0,1.69986438751221,1.69986438751221,30.1210632324219,18.3146953582764,2.90616679191589,3.05454540252686,6.04363632202148,5,10,0.869565188884735,0.876811623573303,1,1,46,1.05999994277954,0
08,2004-08-15,23080760,,"",SAN ROQUE [23080760],Pluviométrica,Convencional,Activa,Antioquia,San Roque,6.4875,-75.017,820,5/15/1975,,Monchia,Magdalena Cauca,Medio Magdalena,Río Nare,2004,15,Andes,Preliminar,0,0,0,1.82313501834869,1.82313501834869,0,3.02366590499878,0.617928743362427,3.05454540252686,6.04363632202148,5,10,0.869565188884735,0.876811623573303,1,1,45,1.05999994277954,0
08,2002-08-16,23080760,,"",SAN ROQUE [23080760],Pluviométrica,Convencional,Activa,Antioquia,San Roque,6.4875,-75.017,820,5/15/1975,,Monchia,Magdalena Cauca,Medio Magdalena,Río Nare,2002,16,Andes,Preliminar,0,0,0,0,0,3.89830684661865,0.498497396707535,9.86494731903076,3.05454540252686,6.04363632202148,5,10,0.869565188884735,0.876811623573303,1,1,46,1.05999994277954,0
08,2016-08-23,23080760,2,Definitivo,SAN ROQUE [23080760],Pluviométrica,Convencional,Activa,Antioquia,San Roque,6.4875,-75.017,820,5/15/1975,,Monchia,Magdalena Cauca,Medio Magdalena,Río Nare,2016,23,Andes,Definitivo,2,2,0,0,0,0,0.00204890384338796,0,3.05454540252686,6.04363632202148,5,10,0.869565188884735,0.876811623573303,1,1,47,1.05999994277954,2.11999988555908
08,2002-08-13,23080760,,"",SAN ROQUE [23080760],Pluviométrica,Convencional,Activa,Antioquia,San Roque,6.4875,-75.017,820,5/15/1975,,Monchia,Magdalena Cauca,Medio Magdalena,Río Nare,2002,13,Andes,Preliminar,0,0,0,8.18208312988281,8.18208312988281,0,5.20827293395996,0,3.05454540252686,6.04363632202148,5,10,0.869565188884735,0.876811623573303,1,1,45,1.05999994277954,0
08,2003-08-09,23080760,0,Definitivo,SAN ROQUE [23080760],Pluviométrica,Convencional,Activa,Antioquia,San Roque,6.4875,-75.017,820,5/15/1975,,Monchia,Magdalena Cauca,Medio Magdalena,Río Nare,2003,09,Andes,Definitivo,0,0,0,0.136016100645065,0.136016100645065,8.04976558685303,6.51956462860107,4.55048084259033,3.05454540252686,6.04363632202148,5,10,0.869565188884735,0.876811623573303,1,1,44,1.05999994277954,0
08,2002-08-08,23080760,109,Definitivo,SAN ROQUE [23080760],Pluviométrica,Convencional,Activa,Antioquia,San Roque,6.4875,-75.017,820,5/15/1975,,Monchia,Magdalena Cauca,Medio Magdalena,Río Nare,2002,08,Andes,Definitivo,109,109,0,0,0,0,4.4520263671875,0.297842264175415,3.05454540252686,6.04363632202148,5,10,0.869565188884735,0.876811623573303,1,1,44,1.05999994277954,115.53999376297
08,2005-08-06,23080760,,"",SAN ROQUE [23080760],Pluviométrica,Convencional,Activa,Antioquia,San Roque,6.4875,-75.017,820,5/15/1975,,Monchia,Magdalena Cauca,Medio Magdalena,Río Nare,2005,06,Andes,Preliminar,0,0,0,0.342457681894302,0.342457681894302,0,18.6243991851807,0.246451020240784,3.05454540252686,6.04363632202148,5,10,0.869565188884735,0.876811623573303,1,1,44,1.05999994277954,0
08,2009-08-07,23080760,16,Definitivo,SAN ROQUE [23080760],Pluviométrica,Convencional,Activa,Antioquia,San Roque,6.4875,-75.017,820,5/15/1975,,Monchia,Magdalena Cauca,Medio Magdalena,Río Nare,2009,07,Andes,Definitivo,16,16,0,19.5082149505615,19.5082149505615,32.6366119384766,22.625509262085,32.3549270629883,3.05454540252686,6.04363632202148,5,10,0.869565188884735,0.876811623573303,1,1,44,1.05999994277954,16.9599990844727
08,2009-08-08,23080760,12,Definitivo,SAN ROQUE [23080760],Pluviométrica,Convencional,Activa,Antioquia,San Roque,6.4875,-75.017,820,5/15/1975,,Monchia,Magdalena Cauca,Medio Magdalena,Río Nare,2009,08,Andes,Definitivo,12,12,0,30.4996585845947,30.4996585845947,0,17.7524147033691,8.67193508148193,3.05454540252686,6.04363632202148,5,10,0.869565188884735,0.876811623573303,1,1,44,1.05999994277954,12.7199993133545
08,2008-08-11,23080760,2,Definitivo,SAN ROQUE [23080760],Pluviométrica,Convencional,Activa,Antioquia,San Roque,6.4875,-75.017,820,5/15/1975,,Monchia,Magdalena Cauca,Medio Magdalena,Río Nare,2008,11,Andes,Definitivo,2,2,0,4.41315746307373,4.41315746307373,30.2857608795166,20.331506729126,36.9357833862305,3.05454540252686,6.04363632202148,5,10,0.869565188884735,0.876811623573303,1,1,45,1.05999994277954,2.11999988555908
08,2012-08-12,23080760,7,Definitivo,SAN ROQUE [23080760],Pluviométrica,Convencional,Activa,Antioquia,San Roque,6.4875,-75.017,820,5/15/1975,,Monchia,Magdalena Cauca,Medio Magdalena,Río Nare,2012,12,Andes,Definitivo,7,7,0,26.4004516601563,26.4004516601563,9.99361991882324,7.67672348022461,2.46730160713196,3.05454540252686,6.04363632202148,5,10,0.869565188884735,0.876811623573303,1,1,45,1.05999994277954,7.41999959945679
08,2012-08-13,23080760,10,Definitivo,SAN ROQUE [23080760],Pluviométrica,Convencional,Activa,Antioquia,San Roque,6.4875,-75.017,820,5/15/1975,,Monchia,Magdalena Cauca,Medio Magdalena,Río Nare,2012,13,Andes,Definitivo,10,10,0,6.41826057434082,6.41826057434082,0,13.5678949356079,2.72680568695068,3.05454540252686,6.04363632202148,5,10,0.869565188884735,0.876811623573303,1,1,45,1.05999994277954,10.5999994277954
08,2012-08-14,23080760,13,Definitivo,SAN ROQUE [23080760],Pluviométrica,Convencional,Activa,Antioquia,San Roque,6.4875,-75.017,820,5/15/1975,,Monchia,Magdalena Cauca,Medio Magdalena,Río Nare,2012,14,Andes,Definitivo,13,13,0,7.72705364227295,7.72705364227295,13.3248262405396,22.8344554901123,40.2701225280762,3.05454540252686,6.04363632202148,5,10,0.869565188884735,0.876811623573303,1,1,45,1.05999994277954,13.779999256134
08,2011-08-18,23080760,39,Definitivo,SAN ROQUE [23080760],Pluviométrica,Convencional,Activa,Antioquia,San Roque,6.4875,-75.017,820,5/15/1975,,Monchia,Magdalena Cauca,Medio Magdalena,Río Nare,2011,18,Andes,Definitivo,39,39,0,15.1705636978149,15.1705636978149,20.1491203308105,11.8067922592163,15.755784034729,3.05454540252686,6.04363632202148,5,10,0.869565188884735,0.876811623573303,1,1,46,1.05999994277954,41.3399977684021
08,2009-08-24,23080760,9,Definitivo,SAN ROQUE [23080760],Pluviométrica,Convencional,Activa,Antioquia,San Roque,6.4875,-75.017,820,5/15/1975,,Monchia,Magdalena Cauca,Medio Magdalena,Río Nare,2009,24,Andes,Definitivo,9,9,0,18.2786178588867,18.2786178588867,14.7927026748657,13.3779172897339,9.71642112731934,3.05454540252686,6.04363632202148,5,10,0.869565188884735,0.876811623573303,1,1,47,1.05999994277954,9.53999948501587
08,2003-08-14,23080760,12,Definitivo,SAN ROQUE [23080760],Pluviométrica,Convencional,Activa,Antioquia,San Roque,6.4875,-75.017,820,5/15/1975,,Monchia,Magdalena Cauca,Medio Magdalena,Río Nare,2003,14,Andes,Definitivo,12,12,0,18.9488258361816,18.9488258361816,18.2077026367188,34.6479301452637,14.1306505203247,3.05454540252686,6.04363632202148,5,10,0.869565188884735,0.876811623573303,1,1,45,1.05999994277954,12.7199993133545
08,2011-08-26,23080760,,"",SAN ROQUE [23080760],Pluviométrica,Convencional,Activa,Antioquia,San Roque,6.4875,-75.017,820,5/15/1975,,Monchia,Magdalena Cauca,Medio Magdalena,Río Nare,2011,26,Andes,Preliminar,0,0,0,8.12464046478272,8.12464046478272,0,0.419331133365631,0.280163943767548,3.05454540252686,6.04363632202148,5,10,0.869565188884735,0.876811623573303,1,1,48,1.05999994277954,0
08,2015-08-27,23080760,,"",SAN ROQUE [23080760],Pluviométrica,Convencional,Activa,Antioquia,San Roque,6.4875,-75.017,820,5/15/1975,,Monchia,Magdalena Cauca,Medio Magdalena,Río Nare,2015,27,Andes,Preliminar,0,0,0,48.0560836791992,48.0560836791992,12.4570484161377,24.5513572692871,2.38702988624573,3.05454540252686,6.04363632202148,5,10,0.869565188884735,0.876811623573303,1,1,48,1.05999994277954,0
08,2015-08-28,23080760,,"",SAN ROQUE [23080760],Pluviométrica,Convencional,Activa,Antioquia,San Roque,6.4875,-75.017,820,5/15/1975,,Monchia,Magdalena Cauca,Medio Magdalena,Río Nare,2015,28,Andes,Preliminar,0,0,0,2.98529148101807,2.98529148101807,6.22852420806885,19.1930885314941,17.3843479156494,3.05454540252686,6.04363632202148,5,10,0.869565188884735,0.876811623573303,1,1,48,1.05999994277954,0
08,2015-08-29,23080760,,"",SAN ROQUE [23080760],Pluviométrica,Convencional,Activa,Antioquia,San Roque,6.4875,-75.017,820,5/15/1975,,Monchia,Magdalena Cauca,Medio Magdalena,Río Nare,2015,29,Andes,Preliminar,0,0,0,0,0,0,0.244645684957504,2.21925711631775,3.05454540252686,6.04363632202148,5,10,0.869565188884735,0.876811623573303,1,1,48,1.05999994277954,0
08,2022-08-27,23080760,37,Definitivo,SAN ROQUE [23080760],Pluviométrica,Convencional,Activa,Antioquia,San Roque,6.4875,-75.017,820,5/15/1975,,Monchia,Magdalena Cauca,Medio Magdalena,Río Nare,2022,27,Andes,Definitivo,37,37,0,7.95498657226563,7.95498657226563,0,9.06903553009033,0,3.05454540252686,6.04363632202148,5,10,0.869565188884735,0.876811623573303,1,1,48,1.05999994277954,39.219997882843
08,2021-08-30,23080760,32,Definitivo,SAN ROQUE [23080760],Pluviométrica,Convencional,Activa,Antioquia,San Roque,6.4875,-75.017,820,5/15/1975,,Monchia,Magdalena Cauca,Medio Magdalena,Río Nare,2021,30,Andes,Definitivo,32,32,0,2.71580386161804,2.71580386161804,15.8456268310547,26.283842086792,34.3444747924805,3.05454540252686,6.04363632202148,5,10,0.869565188884735,0.876811623573303,1,1,48,1.05999994277954,33.9199981689453
08,2023-08-27,23080760,1,Definitivo,SAN ROQUE [23080760],Pluviométrica,Convencional,Activa,Antioquia,San Roque,6.4875,-75.017,820,5/15/1975,,Monchia,Magdalena Cauca,Medio Magdalena,Río Nare,2023,27,Andes,Definitivo,1,1,0,0,0,8.79135322570801,5.05831909179688,3.17054057121277,3.05454540252686,6.04363632202148,5,10,0.869565188884735,0.876811623573303,1,1,48,1.05999994277954,1.05999994277954
08,2021-08-28,23080760,0,Definitivo,SAN ROQUE [23080760],Pluviométrica,Convencional,Activa,Antioquia,San Roque,6.4875,-75.017,820,5/15/1975,,Monchia,Magdalena Cauca,Medio Magdalena,Río Nare,2021,28,Andes,Definitivo,0,0,0,3.21124053001404,3.21124053001404,21.1275024414063,26.283842086792,1.4917060136795,3.05454540252686,6.04363632202148,5,10,0.869565188884735,0.876811623573303,1,1,48,1.05999994277954,0
08,2023-08-25,23080760,8,Definitivo,SAN ROQUE [23080760],Pluviométrica,Convencional,Activa,Antioquia,San Roque,6.4875,-75.017,820,5/15/1975,,Monchia,Magdalena Cauca,Medio Magdalena,Río Nare,2023,25,Andes,Definitivo,8,8,0,2.16260147094727,2.16260147094727,6.92417430877686,17.7865867614746,28.5312652587891,3.05454540252686,6.04363632202148,5,10,0.869565188884735,0.876811623573303,1,1,47,1.05999994277954,8.47999954223633
08,2023-08-23,23080760,20,Definitivo,SAN ROQUE [23080760],Pluviométrica,Convencional,Activa,Antioquia,San Roque,6.4875,-75.017,820,5/15/1975,,Monchia,Magdalena Cauca,Medio Magdalena,Río Nare,2023,23,Andes,Definitivo,20,20,0,2.71307849884033,2.71307849884033,13.8483486175537,17.7865867614746,1.41924226284027,3.05454540252686,6.04363632202148,5,10,0.869565188884735,0.876811623573303,1,1,47,1.05999994277954,21.1999988555908
08,2021-08-23,23080760,3,Definitivo,SAN ROQUE [23080760],Pluviométrica,Convencional,Activa,Antioquia,San Roque,6.4875,-75.017,820,5/15/1975,,Monchia,Magdalena Cauca,Medio Magdalena,Río Nare,2021,23,Andes,Definitivo,3,3,0,1.69613802433014,1.69613802433014,8.24474334716797,13.6344137191772,8.03238487243652,3.05454540252686,6.04363632202148,5,10,0.869565188884735,0.876811623573303,1,1,47,1.05999994277954,3.17999982833862
08,2021-08-20,23080760,22,Definitivo,SAN ROQUE [23080760],Pluviométrica,Convencional,Activa,Antioquia,San Roque,6.4875,-75.017,820,5/15/1975,,Monchia,Magdalena Cauca,Medio Magdalena,Río Nare,2021,20,Andes,Definitivo,22,22,0,4.73091268539429,4.73091268539429,0,15.7463045120239,0.580915570259094,3.05454540252686,6.04363632202148,5,10,0.869565188884735,0.876811623573303,1,1,46,1.05999994277954,23.3199987411499
08,2009-08-25,23080760,7,Definitivo,SAN ROQUE [23080760],Pluviométrica,Convencional,Activa,Antioquia,San Roque,6.4875,-75.017,820,5/15/1975,,Monchia,Magdalena Cauca,Medio Magdalena,Río Nare,2009,25,Andes,Definitivo,7,7,0,4.3737359046936,4.3737359046936,14.7927026748657,15.6846723556519,35.4980964660645,3.05454540252686,6.04363632202148,5,10,0.869565188884735,0.876811623573303,1,1,47,1.05999994277954,7.41999959945679
08,2001-08-30,23080760,,"",SAN ROQUE [23080760],Pluviométrica,Convencional,Activa,Antioquia,San Roque,6.4875,-75.017,820,5/15/1975,,Monchia,Magdalena Cauca,Medio Magdalena,Río Nare,2001,30,Andes,Preliminar,0,0,0,0.118871115148067,0.118871115148067,0,9.68693828582764,0.0761006250977516,3.05454540252686,6.04363632202148,5,10,0.869565188884735,0.876811623573303,1,1,48,1.05999994277954,0
08,2001-08-29,23080760,,"",SAN ROQUE [23080760],Pluviométrica,Convencional,Activa,Antioquia,San Roque,6.4875,-75.017,820,5/15/1975,,Monchia,Magdalena Cauca,Medio Magdalena,Río Nare,2001,29,Andes,Preliminar,0,0,0,0.0792474150657654,0.0792474150657654,10.8930740356445,1.21793985366821,9.25942802429199,3.05454540252686,6.04363632202148,5,10,0.869565188884735,0.876811623573303,1,1,48,1.05999994277954,0
08,2003-08-26,23080760,30,Definitivo,SAN ROQUE [23080760],Pluviométrica,Convencional,Activa,Antioquia,San Roque,6.4875,-75.017,820,5/15/1975,,Monchia,Magdalena Cauca,Medio Magdalena,Río Nare,2003,26,Andes,Definitivo,30,30,0,8.07907676696777,8.07907676696777,13.2980518341064,29.2844791412354,11.0644283294678,3.05454540252686,6.04363632202148,5,10,0.869565188884735,0.876811623573303,1,1,48,1.05999994277954,31.7999982833862
08,2003-08-25,23080760,30,Definitivo,SAN ROQUE [23080760],Pluviométrica,Convencional,Activa,Antioquia,San Roque,6.4875,-75.017,820,5/15/1975,,Monchia,Magdalena Cauca,Medio Magdalena,Río Nare,2003,25,Andes,Definitivo,30,30,0,4.91170167922974,4.91170167922974,0,5.40182828903198,0.0820877626538277,3.05454540252686,6.04363632202148,5,10,0.869565188884735,0.876811623573303,1,1,47,1.05999994277954,31.7999982833862
08,2002-08-26,23080760,2,Definitivo,SAN ROQUE [23080760],Pluviométrica,Convencional,Activa,Antioquia,San Roque,6.4875,-75.017,820,5/15/1975,,Monchia,Magdalena Cauca,Medio Magdalena,Río Nare,2002,26,Andes,Definitivo,2,2,0,7.3739275932312,7.3739275932312,17.3396778106689,27.6970977783203,45.6003074645996,3.05454540252686,6.04363632202148,5,10,0.869565188884735,0.876811623573303,1,1,48,1.05999994277954,2.11999988555908
08,2003-08-24,23080760,0,Definitivo,SAN ROQUE [23080760],Pluviométrica,Convencional,Activa,Antioquia,San Roque,6.4875,-75.017,820,5/15/1975,,Monchia,Magdalena Cauca,Medio Magdalena,Río Nare,2003,24,Andes,Definitivo,0,0,0,11.2154893875122,11.2154893875122,0,13.7789239883423,12.123309135437,3.05454540252686,6.04363632202148,5,10,0.869565188884735,0.876811623573303,1,1,47,1.05999994277954,0
08,2004-08-21,23080760,3,Definitivo,SAN ROQUE [23080760],Pluviométrica,Convencional,Activa,Antioquia,San Roque,6.4875,-75.017,820,5/15/1975,,Monchia,Magdalena Cauca,Medio Magdalena,Río Nare,2004,21,Andes,Definitivo,3,3,0,2.13868308067322,2.13868308067322,5.92899942398071,12.3242340087891,27.5489482879639,3.05454540252686,6.04363632202148,5,10,0.869565188884735,0.876811623573303,1,1,47,1.05999994277954,3.17999982833862
08,2004-08-20,23080760,26,Definitivo,SAN ROQUE [23080760],Pluviométrica,Convencional,Activa,Antioquia,San Roque,6.4875,-75.017,820,5/15/1975,,Monchia,Magdalena Cauca,Medio Magdalena,Río Nare,2004,20,Andes,Definitivo,26,26,0,7.5431489944458,7.5431489944458,22.5907955169678,10.9840297698975,13.389518737793,3.05454540252686,6.04363632202148,5,10,0.869565188884735,0.876811623573303,1,1,46,1.05999994277954,27.5599985122681
08,2005-08-18,23080760,3,Definitivo,SAN ROQUE [23080760],Pluviométrica,Convencional,Activa,Antioquia,San Roque,6.4875,-75.017,820,5/15/1975,,Monchia,Magdalena Cauca,Medio Magdalena,Río Nare,2005,18,Andes,Definitivo,3,3,0,1.27918553352356,1.27918553352356,0,11.7426776885986,0.486619621515274,3.05454540252686,6.04363632202148,5,10,0.869565188884735,0.876811623573303,1,1,46,1.05999994277954,3.17999982833862
08,2006-08-16,23080760,65,Definitivo,SAN ROQUE [23080760],Pluviométrica,Convencional,Activa,Antioquia,San Roque,6.4875,-75.017,820,5/15/1975,,Monchia,Magdalena Cauca,Medio Magdalena,Río Nare,2006,16,Andes,Definitivo,65,65,0,12.1488637924194,12.1488637924194,18.0939750671387,28.4672985076904,63.8661842346192,3.05454540252686,6.04363632202148,5,10,0.869565188884735,0.876811623573303,1,1,46,1.05999994277954,68.8999962806702
08,2006-08-15,23080760,97,Definitivo,SAN ROQUE [23080760],Pluviométrica,Convencional,Activa,Antioquia,San Roque,6.4875,-75.017,820,5/15/1975,,Monchia,Magdalena Cauca,Medio Magdalena,Río Nare,2006,15,Andes,Definitivo,97,97,0,7.59193563461304,7.59193563461304,9.95959758758545,37.2634353637695,26.2441787719727,3.05454540252686,6.04363632202148,5,10,0.869565188884735,0.876811623573303,1,1,45,1.05999994277954,102.819994449615
08,2002-08-19,23080760,14,Definitivo,SAN ROQUE [23080760],Pluviométrica,Convencional,Activa,Antioquia,San Roque,6.4875,-75.017,820,5/15/1975,,Monchia,Magdalena Cauca,Medio Magdalena,Río Nare,2002,19,Andes,Definitivo,14,14,0,0,0,11.6949186325073,23.379768371582,15.7859153747559,3.05454540252686,6.04363632202148,5,10,0.869565188884735,0.876811623573303,1,1,46,1.05999994277954,14.8399991989136
08,2003-08-17,23080760,3,Definitivo,SAN ROQUE [23080760],Pluviométrica,Convencional,Activa,Antioquia,San Roque,6.4875,-75.017,820,5/15/1975,,Monchia,Magdalena Cauca,Medio Magdalena,Río Nare,2003,17,Andes,Definitivo,3,3,0,0.941934943199158,0.941934943199158,17.3537006378174,13.832239151001,2.94952702522278,3.05454540252686,6.04363632202148,5,10,0.869565188884735,0.876811623573303,1,1,46,1.05999994277954,3.17999982833862
08,2004-08-14,23080760,,"",SAN ROQUE [23080760],Pluviométrica,Convencional,Activa,Antioquia,San Roque,6.4875,-75.017,820,5/15/1975,,Monchia,Magdalena Cauca,Medio Magdalena,Río Nare,2004,14,Andes,Preliminar,0,0,0,1.82313501834869,1.82313501834869,0,0.5608891248703,2.88557982444763,3.05454540252686,6.04363632202148,5,10,0.869565188884735,0.876811623573303,1,1,45,1.05999994277954,0
08,2001-08-14,23080760,4,Definitivo,SAN ROQUE [23080760],Pluviométrica,Convencional,Activa,Antioquia,San Roque,6.4875,-75.017,820,5/15/1975,,Monchia,Magdalena Cauca,Medio Magdalena,Río Nare,2001,14,Andes,Definitivo,4,4,0,3.39514064788818,3.39514064788818,0,2.92301464080811,2.90422320365906,3.05454540252686,6.04363632202148,5,10,0.869565188884735,0.876811623573303,1,1,45,1.05999994277954,4.23999977111816
08,2004-08-09,23080760,,"",SAN ROQUE [23080760],Pluviométrica,Convencional,Activa,Antioquia,San Roque,6.4875,-75.017,820,5/15/1975,,Monchia,Magdalena Cauca,Medio Magdalena,Río Nare,2004,09,Andes,Preliminar,0,0,0,0,0,0,0.221707060933113,0,3.05454540252686,6.04363632202148,5,10,0.869565188884735,0.876811623573303,1,1,44,1.05999994277954,0
08,2004-08-06,23080760,0,Definitivo,SAN ROQUE [23080760],Pluviométrica,Convencional,Activa,Antioquia,San Roque,6.4875,-75.017,820,5/15/1975,,Monchia,Magdalena Cauca,Medio Magdalena,Río Nare,2004,06,Andes,Definitivo,0,0,0,15.1689405441284,15.1689405441284,3.71886730194092,7.65256452560425,8.09823703765869,3.05454540252686,6.04363632202148,5,10,0.869565188884735,0.876811623573303,1,1,44,1.05999994277954,0
08,2003-08-06,23080760,0,Definitivo,SAN ROQUE [23080760],Pluviométrica,Convencional,Activa,Antioquia,San Roque,6.4875,-75.017,820,5/15/1975,,Monchia,Magdalena Cauca,Medio Magdalena,Río Nare,2003,06,Andes,Definitivo,0,0,0,0,0,2.68325519561768,2.79974341392517,0.49410343170166,3.05454540252686,6.04363632202148,5,10,0.869565188884735,0.876811623573303,1,1,44,1.05999994277954,0
08,2005-08-07,23080760,10,Definitivo,SAN ROQUE [23080760],Pluviométrica,Convencional,Activa,Antioquia,San Roque,6.4875,-75.017,820,5/15/1975,,Monchia,Magdalena Cauca,Medio Magdalena,Río Nare,2005,07,Andes,Definitivo,10,10,0,11.8147897720337,11.8147897720337,0,1.13929116725922,0.0961976274847984,3.05454540252686,6.04363632202148,5,10,0.869565188884735,0.876811623573303,1,1,44,1.05999994277954,10.5999994277954
08,2007-08-08,23080760,18,Definitivo,SAN ROQUE [23080760],Pluviométrica,Convencional,Activa,Antioquia,San Roque,6.4875,-75.017,820,5/15/1975,,Monchia,Magdalena Cauca,Medio Magdalena,Río Nare,2007,08,Andes,Definitivo,18,18,0,27.9165649414063,27.9165649414063,11.0554971694946,16.0064010620117,36.554313659668,3.05454540252686,6.04363632202148,5,10,0.869565188884735,0.876811623573303,1,1,44,1.05999994277954,19.0799989700317
08,2007-08-09,23080760,12,Definitivo,SAN ROQUE [23080760],Pluviométrica,Convencional,Activa,Antioquia,San Roque,6.4875,-75.017,820,5/15/1975,,Monchia,Magdalena Cauca,Medio Magdalena,Río Nare,2007,09,Andes,Definitivo,12,12,0,16.1016883850098,16.1016883850098,22.1109943389893,43.4137763977051,23.1667556762695,3.05454540252686,6.04363632202148,5,10,0.869565188884735,0.876811623573303,1,1,44,1.05999994277954,12.7199993133545
08,2011-08-10,23080760,48,Definitivo,SAN ROQUE [23080760],Pluviométrica,Convencional,Activa,Antioquia,San Roque,6.4875,-75.017,820,5/15/1975,,Monchia,Magdalena Cauca,Medio Magdalena,Río Nare,2011,10,Andes,Definitivo,48,48,0,1.89982485771179,1.89982485771179,0,3.24445700645447,14.9135398864746,3.05454540252686,6.04363632202148,5,10,0.869565188884735,0.876811623573303,1,1,44,1.05999994277954,50.879997253418
08,2013-08-10,23080760,23,Definitivo,SAN ROQUE [23080760],Pluviométrica,Convencional,Activa,Antioquia,San Roque,6.4875,-75.017,820,5/15/1975,,Monchia,Magdalena Cauca,Medio Magdalena,Río Nare,2013,10,Andes,Definitivo,23,23,0,13.8662605285645,13.8662605285645,17.1993999481201,13.6903457641602,45.0975952148438,3.05454540252686,6.04363632202148,5,10,0.869565188884735,0.876811623573303,1,1,44,1.05999994277954,24.3799986839294
08,2013-08-11,23080760,40,Definitivo,SAN ROQUE [23080760],Pluviométrica,Convencional,Activa,Antioquia,San Roque,6.4875,-75.017,820,5/15/1975,,Monchia,Magdalena Cauca,Medio Magdalena,Río Nare,2013,11,Andes,Definitivo,40,40,0,7.93802452087402,7.93802452087402,18.461820602417,35.2076797485352,22.0574417114258,3.05454540252686,6.04363632202148,5,10,0.869565188884735,0.876811623573303,1,1,45,1.05999994277954,42.3999977111816
08,2013-08-12,23080760,9,Definitivo,SAN ROQUE [23080760],Pluviométrica,Convencional,Activa,Antioquia,San Roque,6.4875,-75.017,820,5/15/1975,,Monchia,Magdalena Cauca,Medio Magdalena,Río Nare,2013,12,Andes,Definitivo,9,9,0,3.21798014640808,3.21798014640808,6.15394020080566,16.4560947418213,27.4108753204346,3.05454540252686,6.04363632202148,5,10,0.869565188884735,0.876811623573303,1,1,45,1.05999994277954,9.53999948501587
08,2011-08-19,23080760,,"",SAN ROQUE [23080760],Pluviométrica,Convencional,Activa,Antioquia,San Roque,6.4875,-75.017,820,5/15/1975,,Monchia,Magdalena Cauca,Medio Magdalena,Río Nare,2011,19,Andes,Preliminar,0,0,0,16.3467750549316,16.3467750549316,20.1491203308105,44.6610641479492,45.2133407592774,3.05454540252686,6.04363632202148,5,10,0.869565188884735,0.876811623573303,1,1,46,1.05999994277954,0
08,2010-08-22,23080760,0,Definitivo,SAN ROQUE [23080760],Pluviométrica,Convencional,Activa,Antioquia,San Roque,6.4875,-75.017,820,5/15/1975,,Monchia,Magdalena Cauca,Medio Magdalena,Río Nare,2010,22,Andes,Definitivo,0,0,0,12.4249305725098,12.4249305725098,22.945240020752,3.03848552703857,37.7583885192871,3.05454540252686,6.04363632202148,5,10,0.869565188884735,0.876811623573303,1,1,47,1.05999994277954,0
08,2010-08-23,23080760,0,Definitivo,SAN ROQUE [23080760],Pluviométrica,Convencional,Activa,Antioquia,San Roque,6.4875,-75.017,820,5/15/1975,,Monchia,Magdalena Cauca,Medio Magdalena,Río Nare,2010,23,Andes,Definitivo,0,0,0,0.250813812017441,0.250813812017441,0,9.52802276611328,7.72879076004028,3.05454540252686,6.04363632202148,5,10,0.869565188884735,0.876811623573303,1,1,47,1.05999994277954,0
08,2014-08-24,23080760,17,Definitivo,SAN ROQUE [23080760],Pluviométrica,Convencional,Activa,Antioquia,San Roque,6.4875,-75.017,820,5/15/1975,,Monchia,Magdalena Cauca,Medio Magdalena,Río Nare,2014,24,Andes,Definitivo,17,17,0,5.89185905456543,5.89185905456543,0,17.4406757354736,3.54305005073547,3.05454540252686,6.04363632202148,5,10,0.869565188884735,0.876811623573303,1,1,47,1.05999994277954,18.0199990272522
08,2016-08-24,23080760,,"",SAN ROQUE [23080760],Pluviométrica,Convencional,Activa,Antioquia,San Roque,6.4875,-75.017,820,5/15/1975,,Monchia,Magdalena Cauca,Medio Magdalena,Río Nare,2016,24,Andes,Preliminar,0,0,0,10.2219076156616,10.2219076156616,0,8.02592849731445,0.210127860307693,3.05454540252686,6.04363632202148,5,10,0.869565188884735,0.876811623573303,1,1,47,1.05999994277954,0
08,2016-08-25,23080760,30,Definitivo,SAN ROQUE [23080760],Pluviométrica,Convencional,Activa,Antioquia,San Roque,6.4875,-75.017,820,5/15/1975,,Monchia,Magdalena Cauca,Medio Magdalena,Río Nare,2016,25,Andes,Definitivo,30,30,0,5.82161617279053,5.82161617279053,6.75798988342285,23.9235019683838,32.5165901184082,3.05454540252686,6.04363632202148,5,10,0.869565188884735,0.876811623573303,1,1,47,1.05999994277954,31.7999982833862
08,2020-08-26,23080760,0,Definitivo,SAN ROQUE [23080760],Pluviométrica,Convencional,Activa,Antioquia,San Roque,6.4875,-75.017,820,5/15/1975,,Monchia,Magdalena Cauca,Medio Magdalena,Río Nare,2020,26,Andes,Definitivo,0,0,0,9.87955284118652,9.87955284118652,0,8.88105964660645,5.15768766403198,3.05454540252686,6.04363632202148,5,10,0.869565188884735,0.876811623573303,1,1,48,1.05999994277954,0
08,2020-08-27,23080760,0,Definitivo,SAN ROQUE [23080760],Pluviométrica,Convencional,Activa,Antioquia,San Roque,6.4875,-75.017,820,5/15/1975,,Monchia,Magdalena Cauca,Medio Magdalena,Río Nare,2020,27,Andes,Definitivo,0,0,0,11.6465530395508,11.6465530395508,8.06439304351807,6.5735034942627,6.95326614379883,3.05454540252686,6.04363632202148,5,10,0.869565188884735,0.876811623573303,1,1,48,1.05999994277954,0
08,2022-08-28,23080760,46,Definitivo,SAN ROQUE [23080760],Pluviométrica,Convencional,Activa,Antioquia,San Roque,6.4875,-75.017,820,5/15/1975,,Monchia,Magdalena Cauca,Medio Magdalena,Río Nare,2022,28,Andes,Definitivo,46,46,0,25.6719284057617,25.6719284057617,30.4968566894531,22.9601230621338,38.0862083435059,3.05454540252686,6.04363632202148,5,10,0.869565188884735,0.876811623573303,1,1,48,1.05999994277954,48.7599973678589
08,2021-08-27,23080760,2,Definitivo,SAN ROQUE [23080760],Pluviométrica,Convencional,Activa,Antioquia,San Roque,6.4875,-75.017,820,5/15/1975,,Monchia,Magdalena Cauca,Medio Magdalena,Río Nare,2021,27,Andes,Definitivo,2,2,0,34.4423675537109,34.4423675537109,5.28187561035156,26.283842086792,0.00584221864119172,3.05454540252686,6.04363632202148,5,10,0.869565188884735,0.876811623573303,1,1,48,1.05999994277954,2.11999988555908
08,2022-08-26,23080760,7,Definitivo,SAN ROQUE [23080760],Pluviométrica,Convencional,Activa,Antioquia,San Roque,6.4875,-75.017,820,5/15/1975,,Monchia,Magdalena Cauca,Medio Magdalena,Río Nare,2022,26,Andes,Definitivo,7,7,0,0,0,15.2484283447266,33.7307853698731,10.0419321060181,3.05454540252686,6.04363632202148,5,10,0.869565188884735,0.876811623573303,1,1,48,1.05999994277954,7.41999959945679
08,2021-08-25,23080760,21,Definitivo,SAN ROQUE [23080760],Pluviométrica,Convencional,Activa,Antioquia,San Roque,6.4875,-75.017,820,5/15/1975,,Monchia,Magdalena Cauca,Medio Magdalena,Río Nare,2021,25,Andes,Definitivo,21,21,0,20.619800567627,20.619800567627,8.24474334716797,13.6344137191772,4.94096946716309,3.05454540252686,6.04363632202148,5,10,0.869565188884735,0.876811623573303,1,1,47,1.05999994277954,22.2599987983704
08,2023-08-22,23080760,11,Definitivo,SAN ROQUE [23080760],Pluviométrica,Convencional,Activa,Antioquia,San Roque,6.4875,-75.017,820,5/15/1975,,Monchia,Magdalena Cauca,Medio Magdalena,Río Nare,2023,22,Andes,Definitivo,11,11,0,11.4465847015381,11.4465847015381,27.6966972351074,17.7865867614746,30.6567077636719,3.05454540252686,6.04363632202148,5,10,0.869565188884735,0.876811623573303,1,1,47,1.05999994277954,11.659999370575
08,2023-08-20,23080760,23,Definitivo,SAN ROQUE [23080760],Pluviométrica,Convencional,Activa,Antioquia,San Roque,6.4875,-75.017,820,5/15/1975,,Monchia,Magdalena Cauca,Medio Magdalena,Río Nare,2023,20,Andes,Definitivo,23,23,0,12.8850221633911,12.8850221633911,0,16.36305809021,1.85867810249329,3.05454540252686,6.04363632202148,5,10,0.869565188884735,0.876811623573303,1,1,46,1.05999994277954,24.3799986839294
08,2023-08-17,23080760,35,Definitivo,SAN ROQUE [23080760],Pluviométrica,Convencional,Activa,Antioquia,San Roque,6.4875,-75.017,820,5/15/1975,,Monchia,Magdalena Cauca,Medio Magdalena,Río Nare,2023,17,Andes,Definitivo,35,35,0,0.46955993771553,0.46955993771553,16.2369136810303,16.36305809021,0.0249436870217323,3.05454540252686,6.04363632202148,5,10,0.869565188884735,0.876811623573303,1,1,46,1.05999994277954,37.0999979972839
08,2023-08-18,23080760,2,Definitivo,SAN ROQUE [23080760],Pluviométrica,Convencional,Activa,Antioquia,San Roque,6.4875,-75.017,820,5/15/1975,,Monchia,Magdalena Cauca,Medio Magdalena,Río Nare,2023,18,Andes,Definitivo,2,2,0,4.93787240982056,4.93787240982056,32.4738273620606,16.36305809021,7.62758445739746,3.05454540252686,6.04363632202148,5,10,0.869565188884735,0.876811623573303,1,1,46,1.05999994277954,2.11999988555908
08,2023-08-15,23080760,18,Definitivo,SAN ROQUE [23080760],Pluviométrica,Convencional,Activa,Antioquia,San Roque,6.4875,-75.017,820,5/15/1975,,Monchia,Magdalena Cauca,Medio Magdalena,Río Nare,2023,15,Andes,Definitivo,18,18,0,0,0,18.1247043609619,11.105372428894,3.25705718994141,3.05454540252686,6.04363632202148,5,10,0.869565188884735,0.876811623573303,1,1,45,1.05999994277954,19.0799989700317
08,2002-08-27,23080760,8,Definitivo,SAN ROQUE [23080760],Pluviométrica,Convencional,Activa,Antioquia,San Roque,6.4875,-75.017,820,5/15/1975,,Monchia,Magdalena Cauca,Medio Magdalena,Río Nare,2002,27,Andes,Definitivo,8,8,0,11.9664621353149,11.9664621353149,5.7798924446106,18.8754825592041,15.4117498397827,3.05454540252686,6.04363632202148,5,10,0.869565188884735,0.876811623573303,1,1,48,1.05999994277954,8.47999954223633
08,2001-08-28,23080760,13,Definitivo,SAN ROQUE [23080760],Pluviométrica,Convencional,Activa,Antioquia,San Roque,6.4875,-75.017,820,5/15/1975,,Monchia,Magdalena Cauca,Medio Magdalena,Río Nare,2001,28,Andes,Definitivo,13,13,0,5.30957698822022,5.30957698822022,16.3396110534668,16.8777923583984,36.9637107849121,3.05454540252686,6.04363632202148,5,10,0.869565188884735,0.876811623573303,1,1,48,1.05999994277954,13.779999256134
08,2001-08-27,23080760,14,Definitivo,SAN ROQUE [23080760],Pluviométrica,Convencional,Activa,Antioquia,San Roque,6.4875,-75.017,820,5/15/1975,,Monchia,Magdalena Cauca,Medio Magdalena,Río Nare,2001,27,Andes,Definitivo,14,14,0,19.6929817199707,19.6929817199707,5.44653701782227,8.0382137298584,6.83141613006592,3.05454540252686,6.04363632202148,5,10,0.869565188884735,0.876811623573303,1,1,48,1.05999994277954,14.8399991989136
08,2002-08-25,23080760,22,Definitivo,SAN ROQUE [23080760],Pluviométrica,Convencional,Activa,Antioquia,San Roque,6.4875,-75.017,820,5/15/1975,,Monchia,Magdalena Cauca,Medio Magdalena,Río Nare,2002,25,Andes,Definitivo,22,22,0,25.1200408935547,25.1200408935547,4.83441352844238,17.7996311187744,17.144962310791,3.05454540252686,6.04363632202148,5,10,0.869565188884735,0.876811623573303,1,1,47,1.05999994277954,23.3199987411499
08,2003-08-23,23080760,26,Definitivo,SAN ROQUE [23080760],Pluviométrica,Convencional,Activa,Antioquia,San Roque,6.4875,-75.017,820,5/15/1975,,Monchia,Magdalena Cauca,Medio Magdalena,Río Nare,2003,23,Andes,Definitivo,26,26,0,10.6901741027832,10.6901741027832,27.9671974182129,9.52096080780029,17.5423316955566,3.05454540252686,6.04363632202148,5,10,0.869565188884735,0.876811623573303,1,1,47,1.05999994277954,27.5599985122681
08,2003-08-22,23080760,16,Definitivo,SAN ROQUE [23080760],Pluviométrica,Convencional,Activa,Antioquia,San Roque,6.4875,-75.017,820,5/15/1975,,Monchia,Magdalena Cauca,Medio Magdalena,Río Nare,2003,22,Andes,Definitivo,16,16,0,5.30568885803223,5.30568885803223,27.9671974182129,23.5877799987793,41.2312393188477,3.05454540252686,6.04363632202148,5,10,0.869565188884735,0.876811623573303,1,1,47,1.05999994277954,16.9599990844727
08,2004-08-19,23080760,25,Definitivo,SAN ROQUE [23080760],Pluviométrica,Convencional,Activa,Antioquia,San Roque,6.4875,-75.017,820,5/15/1975,,Monchia,Magdalena Cauca,Medio Magdalena,Río Nare,2004,19,Andes,Definitivo,25,25,0,22.7356834411621,22.7356834411621,0,18.9956855773926,0.272589087486267,3.05454540252686,6.04363632202148,5,10,0.869565188884735,0.876811623573303,1,1,46,1.05999994277954,26.4999985694885
08,2005-08-17,23080760,17,Definitivo,SAN ROQUE [23080760],Pluviométrica,Convencional,Activa,Antioquia,San Roque,6.4875,-75.017,820,5/15/1975,,Monchia,Magdalena Cauca,Medio Magdalena,Río Nare,2005,17,Andes,Definitivo,17,17,0,1.7482203245163,1.7482203245163,12.1181983947754,23.3335437774658,26.5668601989746,3.05454540252686,6.04363632202148,5,10,0.869565188884735,0.876811623573303,1,1,46,1.05999994277954,18.0199990272522
08,2004-08-18,23080760,,"",SAN ROQUE [23080760],Pluviométrica,Convencional,Activa,Antioquia,San Roque,6.4875,-75.017,820,5/15/1975,,Monchia,Magdalena Cauca,Medio Magdalena,Río Nare,2004,18,Andes,Preliminar,0,0,0,0.903052985668182,0.903052985668182,30.1210632324219,41.1515502929688,87.9001998901367,3.05454540252686,6.04363632202148,5,10,0.869565188884735,0.876811623573303,1,1,46,1.05999994277954,0
08,2004-08-17,23080760,34,Definitivo,SAN ROQUE [23080760],Pluviométrica,Convencional,Activa,Antioquia,San Roque,6.4875,-75.017,820,5/15/1975,,Monchia,Magdalena Cauca,Medio Magdalena,Río Nare,2004,17,Andes,Definitivo,34,34,0,10.8897571563721,10.8897571563721,0,15.6216421127319,0.599121987819672,3.05454540252686,6.04363632202148,5,10,0.869565188884735,0.876811623573303,1,1,46,1.05999994277954,36.0399980545044
08,2002-08-18,23080760,8,Definitivo,SAN ROQUE [23080760],Pluviométrica,Convencional,Activa,Antioquia,San Roque,6.4875,-75.017,820,5/15/1975,,Monchia,Magdalena Cauca,Medio Magdalena,Río Nare,2002,18,Andes,Definitivo,8,8,0,0,0,0,1.72053217887878,0.884306609630585,3.05454540252686,6.04363632202148,5,10,0.869565188884735,0.876811623573303,1,1,46,1.05999994277954,8.47999954223633
08,2003-08-16,23080760,0,Definitivo,SAN ROQUE [23080760],Pluviométrica,Convencional,Activa,Antioquia,San Roque,6.4875,-75.017,820,5/15/1975,,Monchia,Magdalena Cauca,Medio Magdalena,Río Nare,2003,16,Andes,Definitivo,0,0,0,12.245153427124,12.245153427124,17.3537006378174,10.2022619247437,25.8424415588379,3.05454540252686,6.04363632202148,5,10,0.869565188884735,0.876811623573303,1,1,46,1.05999994277954,0
08,2002-08-15,23080760,0,Definitivo,SAN ROQUE [23080760],Pluviométrica,Convencional,Activa,Antioquia,San Roque,6.4875,-75.017,820,5/15/1975,,Monchia,Magdalena Cauca,Medio Magdalena,Río Nare,2002,15,Andes,Definitivo,0,0,0,0,0,0,0.00954096950590611,2.94901275634766,3.05454540252686,6.04363632202148,5,10,0.869565188884735,0.876811623573303,1,1,45,1.05999994277954,0
08,2003-08-11,23080760,0,Definitivo,SAN ROQUE [23080760],Pluviométrica,Convencional,Activa,Antioquia,San Roque,6.4875,-75.017,820,5/15/1975,,Monchia,Magdalena Cauca,Medio Magdalena,Río Nare,2003,11,Andes,Definitivo,0,0,0,7.71173238754273,7.71173238754273,9.10385131835938,0.850949585437775,23.4119415283203,3.05454540252686,6.04363632202148,5,10,0.869565188884735,0.876811623573303,1,1,45,1.05999994277954,0
08,2002-08-10,23080760,,"",SAN ROQUE [23080760],Pluviométrica,Convencional,Activa,Antioquia,San Roque,6.4875,-75.017,820,5/15/1975,,Monchia,Magdalena Cauca,Medio Magdalena,Río Nare,2002,10,Andes,Preliminar,0,0,0,0,0,0,2.18813562393188,0.0568986274302006,3.05454540252686,6.04363632202148,5,10,0.869565188884735,0.876811623573303,1,1,44,1.05999994277954,0
08,2002-08-07,23080760,,"",SAN ROQUE [23080760],Pluviométrica,Convencional,Activa,Antioquia,San Roque,6.4875,-75.017,820,5/15/1975,,Monchia,Magdalena Cauca,Medio Magdalena,Río Nare,2002,07,Andes,Preliminar,0,0,0,0,0,9.65238475799561,33.9474716186523,7.80400943756104,3.05454540252686,6.04363632202148,5,10,0.869565188884735,0.876811623573303,1,1,44,1.05999994277954,0
08,2006-08-04,23080760,9,Definitivo,SAN ROQUE [23080760],Pluviométrica,Convencional,Activa,Antioquia,San Roque,6.4875,-75.017,820,5/15/1975,,Monchia,Magdalena Cauca,Medio Magdalena,Río Nare,2006,04,Andes,Definitivo,9,9,0,0,0,0,1.92838048934937,0.00627535814419389,3.05454540252686,6.04363632202148,5,10,0.869565188884735,0.876811623573303,1,1,43,1.05999994277954,9.53999948501587
08,2006-08-05,23080760,,"",SAN ROQUE [23080760],Pluviométrica,Convencional,Activa,Antioquia,San Roque,6.4875,-75.017,820,5/15/1975,,Monchia,Magdalena Cauca,Medio Magdalena,Río Nare,2006,05,Andes,Preliminar,0,0,0,0,0,5.0066614151001,13.481448173523,8.74893856048584,3.05454540252686,6.04363632202148,5,10,0.869565188884735,0.876811623573303,1,1,43,1.05999994277954,0
08,2005-08-08,23080760,22,Definitivo,SAN ROQUE [23080760],Pluviométrica,Convencional,Activa,Antioquia,San Roque,6.4875,-75.017,820,5/15/1975,,Monchia,Magdalena Cauca,Medio Magdalena,Río Nare,2005,08,Andes,Definitivo,22,22,0,3.59580588340759,3.59580588340759,14.9407653808594,8.7412805557251,26.5621013641357,3.05454540252686,6.04363632202148,5,10,0.869565188884735,0.876811623573303,1,1,44,1.05999994277954,23.3199987411499
08,2012-08-06,23080760,,"",SAN ROQUE [23080760],Pluviométrica,Convencional,Activa,Antioquia,San Roque,6.4875,-75.017,820,5/15/1975,,Monchia,Magdalena Cauca,Medio Magdalena,Río Nare,2012,06,Andes,Preliminar,0,0,0,7.01253414154053,7.01253414154053,10.8465347290039,4.61132144927979,14.1552467346191,3.05454540252686,6.04363632202148,5,10,0.869565188884735,0.876811623573303,1,1,44,1.05999994277954,0
08,2012-08-07,23080760,24,Definitivo,SAN ROQUE [23080760],Pluviométrica,Convencional,Activa,Antioquia,San Roque,6.4875,-75.017,820,5/15/1975,,Monchia,Magdalena Cauca,Medio Magdalena,Río Nare,2012,07,Andes,Definitivo,24,24,0,13.9475374221802,13.9475374221802,0,16.0073261260986,0.322415918111801,3.05454540252686,6.04363632202148,5,10,0.869565188884735,0.876811623573303,1,1,44,1.05999994277954,25.439998626709
08,2011-08-11,23080760,34,Definitivo,SAN ROQUE [23080760],Pluviométrica,Convencional,Activa,Antioquia,San Roque,6.4875,-75.017,820,5/15/1975,,Monchia,Magdalena Cauca,Medio Magdalena,Río Nare,2011,11,Andes,Definitivo,34,34,0,10.6677579879761,10.6677579879761,19.6351222991943,1.76536631584167,32.4807510375977,3.05454540252686,6.04363632202148,5,10,0.869565188884735,0.876811623573303,1,1,45,1.05999994277954,36.0399980545044
08,2014-08-09,23080760,25,Definitivo,SAN ROQUE [23080760],Pluviométrica,Convencional,Activa,Antioquia,San Roque,6.4875,-75.017,820,5/15/1975,,Monchia,Magdalena Cauca,Medio Magdalena,Río Nare,2014,09,Andes,Definitivo,25,25,0,24.0665988922119,24.0665988922119,16.2095165252686,2.25856137275696,5.33593988418579,3.05454540252686,6.04363632202148,5,10,0.869565188884735,0.876811623573303,1,1,44,1.05999994277954,26.4999985694885
08,2012-08-15,23080760,0,Definitivo,SAN ROQUE [23080760],Pluviométrica,Convencional,Activa,Antioquia,San Roque,6.4875,-75.017,820,5/15/1975,,Monchia,Magdalena Cauca,Medio Magdalena,Río Nare,2012,15,Andes,Definitivo,0,0,0,5.61053705215454,5.61053705215454,6.66241312026978,1.79416275024414,1.27924728393555,3.05454540252686,6.04363632202148,5,10,0.869565188884735,0.876811623573303,1,1,45,1.05999994277954,0
08,2012-08-16,23080760,2,Definitivo,SAN ROQUE [23080760],Pluviométrica,Convencional,Activa,Antioquia,San Roque,6.4875,-75.017,820,5/15/1975,,Monchia,Magdalena Cauca,Medio Magdalena,Río Nare,2012,16,Andes,Definitivo,2,2,0,2.44102501869202,2.44102501869202,0,3.69032597541809,0.991907894611359,3.05454540252686,6.04363632202148,5,10,0.869565188884735,0.876811623573303,1,1,46,1.05999994277954,2.11999988555908
08,2011-08-20,23080760,25,Definitivo,SAN ROQUE [23080760],Pluviométrica,Convencional,Activa,Antioquia,San Roque,6.4875,-75.017,820,5/15/1975,,Monchia,Magdalena Cauca,Medio Magdalena,Río Nare,2011,20,Andes,Definitivo,25,25,0,12.9977655410767,12.9977655410767,0,18.6483402252197,1.98874282836914,3.05454540252686,6.04363632202148,5,10,0.869565188884735,0.876811623573303,1,1,46,1.05999994277954,26.4999985694885
08,2012-08-23,23080760,24,Definitivo,SAN ROQUE [23080760],Pluviométrica,Convencional,Activa,Antioquia,San Roque,6.4875,-75.017,820,5/15/1975,,Monchia,Magdalena Cauca,Medio Magdalena,Río Nare,2012,23,Andes,Definitivo,24,24,0,10.2689008712769,10.2689008712769,47.0799713134766,67.2959442138672,65.8781509399414,3.05454540252686,6.04363632202148,5,10,0.869565188884735,0.876811623573303,1,1,47,1.05999994277954,25.439998626709
08,2012-08-24,23080760,25,Definitivo,SAN ROQUE [23080760],Pluviométrica,Convencional,Activa,Antioquia,San Roque,6.4875,-75.017,820,5/15/1975,,Monchia,Magdalena Cauca,Medio Magdalena,Río Nare,2012,24,Andes,Definitivo,25,25,0,4.91309404373169,4.91309404373169,11.7699928283691,37.1251640319824,8.41050338745117,3.05454540252686,6.04363632202148,5,10,0.869565188884735,0.876811623573303,1,1,47,1.05999994277954,26.4999985694885
08,2014-08-25,23080760,2,Definitivo,SAN ROQUE [23080760],Pluviométrica,Convencional,Activa,Antioquia,San Roque,6.4875,-75.017,820,5/15/1975,,Monchia,Magdalena Cauca,Medio Magdalena,Río Nare,2014,25,Andes,Definitivo,2,2,0,31.9613971710205,31.9613971710205,15.145956993103,17.4545936584473,30.2284336090088,3.05454540252686,6.04363632202148,5,10,0.869565188884735,0.876811623573303,1,1,47,1.05999994277954,2.11999988555908
08,2019-08-24,23080760,2,Definitivo,SAN ROQUE [23080760],Pluviométrica,Convencional,Activa,Antioquia,San Roque,6.4875,-75.017,820,5/15/1975,,Monchia,Magdalena Cauca,Medio Magdalena,Río Nare,2019,24,Andes,Definitivo,2,2,0,6.70598077774048,6.70598077774048,0,3.08470749855042,0.165539517998695,3.05454540252686,6.04363632202148,5,10,0.869565188884735,0.876811623573303,1,1,47,1.05999994277954,2.11999988555908
08,2018-08-27,23080760,0,Definitivo,SAN ROQUE [23080760],Pluviométrica,Convencional,Activa,Antioquia,San Roque,6.4875,-75.017,820,5/15/1975,,Monchia,Magdalena Cauca,Medio Magdalena,Río Nare,2018,27,Andes,Definitivo,0,0,0,0,0,13.9297122955322,4.21108150482178,23.0894966125488,3.05454540252686,6.04363632202148,5,10,0.869565188884735,0.876811623573303,1,1,48,1.05999994277954,0
08,2018-08-28,23080760,0,Definitivo,SAN ROQUE [23080760],Pluviométrica,Convencional,Activa,Antioquia,San Roque,6.4875,-75.017,820,5/15/1975,,Monchia,Magdalena Cauca,Medio Magdalena,Río Nare,2018,28,Andes,Definitivo,0,0,0,6.89721822738648,6.89721822738648,0,0.169210985302925,0.446861207485199,3.05454540252686,6.04363632202148,5,10,0.869565188884735,0.876811623573303,1,1,48,1.05999994277954,0
08,2020-08-28,23080760,27,Definitivo,SAN ROQUE [23080760],Pluviométrica,Convencional,Activa,Antioquia,San Roque,6.4875,-75.017,820,5/15/1975,,Monchia,Magdalena Cauca,Medio Magdalena,Río Nare,2020,28,Andes,Definitivo,27,27,0,0.888821959495544,0.888821959495544,16.1287860870361,3.57509255409241,21.5299758911133,3.05454540252686,6.04363632202148,5,10,0.869565188884735,0.876811623573303,1,1,48,1.05999994277954,28.6199984550476
08,2022-08-25,23080760,3,Definitivo,SAN ROQUE [23080760],Pluviométrica,Convencional,Activa,Antioquia,San Roque,6.4875,-75.017,820,5/15/1975,,Monchia,Magdalena Cauca,Medio Magdalena,Río Nare,2022,25,Andes,Definitivo,3,3,0,9.42028427124023,9.42028427124023,0,15.5794200897217,8.60627746582031,3.05454540252686,6.04363632202148,5,10,0.869565188884735,0.876811623573303,1,1,47,1.05999994277954,3.17999982833862
08,2023-08-24,23080760,15,Definitivo,SAN ROQUE [23080760],Pluviométrica,Convencional,Activa,Antioquia,San Roque,6.4875,-75.017,820,5/15/1975,,Monchia,Magdalena Cauca,Medio Magdalena,Río Nare,2023,24,Andes,Definitivo,15,15,0,2.2279314994812,2.2279314994812,6.92417430877686,17.7865867614746,7.68628549575806,3.05454540252686,6.04363632202148,5,10,0.869565188884735,0.876811623573303,1,1,47,1.05999994277954,15.8999991416931
08,2022-08-23,23080760,0,Definitivo,SAN ROQUE [23080760],Pluviométrica,Convencional,Activa,Antioquia,San Roque,6.4875,-75.017,820,5/15/1975,,Monchia,Magdalena Cauca,Medio Magdalena,Río Nare,2022,23,Andes,Definitivo,0,0,0,9.42028427124023,9.42028427124023,8.81751251220703,5.25053644180298,7.07063341140747,3.05454540252686,6.04363632202148,5,10,0.869565188884735,0.876811623573303,1,1,47,1.05999994277954,0
08,2021-08-22,23080760,6,Definitivo,SAN ROQUE [23080760],Pluviométrica,Convencional,Activa,Antioquia,San Roque,6.4875,-75.017,820,5/15/1975,,Monchia,Magdalena Cauca,Medio Magdalena,Río Nare,2021,22,Andes,Definitivo,6,6,0,1.01648008823395,1.01648008823395,8.24474334716797,13.6344137191772,22.3142681121826,3.05454540252686,6.04363632202148,5,10,0.869565188884735,0.876811623573303,1,1,47,1.05999994277954,6.35999965667725
08,2023-08-19,23080760,0,Definitivo,SAN ROQUE [23080760],Pluviométrica,Convencional,Activa,Antioquia,San Roque,6.4875,-75.017,820,5/15/1975,,Monchia,Magdalena Cauca,Medio Magdalena,Río Nare,2023,19,Andes,Definitivo,0,0,0,13.6038055419922,13.6038055419922,16.2369136810303,16.36305809021,0.416415512561798,3.05454540252686,6.04363632202148,5,10,0.869565188884735,0.876811623573303,1,1,46,1.05999994277954,0
08,2023-08-16,23080760,0,Definitivo,SAN ROQUE [23080760],Pluviométrica,Convencional,Activa,Antioquia,San Roque,6.4875,-75.017,820,5/15/1975,,Monchia,Magdalena Cauca,Medio Magdalena,Río Nare,2023,16,Andes,Definitivo,0,0,0,0,0,0,16.36305809021,71.8876647949219,3.05454540252686,6.04363632202148,5,10,0.869565188884735,0.876811623573303,1,1,46,1.05999994277954,0
08,2021-08-17,23080760,0,Definitivo,SAN ROQUE [23080760],Pluviométrica,Convencional,Activa,Antioquia,San Roque,6.4875,-75.017,820,5/15/1975,,Monchia,Magdalena Cauca,Medio Magdalena,Río Nare,2021,17,Andes,Definitivo,0,0,0,13.7814626693726,13.7814626693726,13.0516796112061,15.7463045120239,68.4896087646484,3.05454540252686,6.04363632202148,5,10,0.869565188884735,0.876811623573303,1,1,46,1.05999994277954,0
08,2023-08-14,23080760,3,Definitivo,SAN ROQUE [23080760],Pluviométrica,Convencional,Activa,Antioquia,San Roque,6.4875,-75.017,820,5/15/1975,,Monchia,Magdalena Cauca,Medio Magdalena,Río Nare,2023,14,Andes,Definitivo,3,3,0,3.73134970664978,3.73134970664978,0,11.105372428894,8.73086071014404,3.05454540252686,6.04363632202148,5,10,0.869565188884735,0.876811623573303,1,1,45,1.05999994277954,3.17999982833862
08,2023-08-12,23080760,8,Definitivo,SAN ROQUE [23080760],Pluviométrica,Convencional,Activa,Antioquia,San Roque,6.4875,-75.017,820,5/15/1975,,Monchia,Magdalena Cauca,Medio Magdalena,Río Nare,2023,12,Andes,Definitivo,8,8,0,0.687025785446167,0.687025785446167,12.0831365585327,11.105372428894,27.1016330718994,3.05454540252686,6.04363632202148,5,10,0.869565188884735,0.876811623573303,1,1,45,1.05999994277954,8.47999954223633
08,2023-08-11,23080760,10,Definitivo,SAN ROQUE [23080760],Pluviométrica,Convencional,Activa,Antioquia,San Roque,6.4875,-75.017,820,5/15/1975,,Monchia,Magdalena Cauca,Medio Magdalena,Río Nare,2023,11,Andes,Definitivo,10,10,0,0,0,0,11.105372428894,1.23760914802551,3.05454540252686,6.04363632202148,5,10,0.869565188884735,0.876811623573303,1,1,45,1.05999994277954,10.5999994277954
08,2001-08-26,23080760,6,Definitivo,SAN ROQUE [23080760],Pluviométrica,Convencional,Activa,Antioquia,San Roque,6.4875,-75.017,820,5/15/1975,,Monchia,Magdalena Cauca,Medio Magdalena,Río Nare,2001,26,Andes,Definitivo,6,6,0,15.7306098937988,15.7306098937988,10.8930740356445,14.7253293991089,3.33287858963013,3.05454540252686,6.04363632202148,5,10,0.869565188884735,0.876811623573303,1,1,48,1.05999994277954,6.35999965667725
08,2002-08-24,23080760,2,Definitivo,SAN ROQUE [23080760],Pluviométrica,Convencional,Activa,Antioquia,San Roque,6.4875,-75.017,820,5/15/1975,,Monchia,Magdalena Cauca,Medio Magdalena,Río Nare,2002,24,Andes,Definitivo,2,2,0,1.5317097902298,1.5317097902298,4.83441352844238,13.0903234481812,0.214840024709702,3.05454540252686,6.04363632202148,5,10,0.869565188884735,0.876811623573303,1,1,47,1.05999994277954,2.11999988555908
08,2001-08-25,23080760,0.3,Definitivo,SAN ROQUE [23080760],Pluviométrica,Convencional,Activa,Antioquia,San Roque,6.4875,-75.017,820,5/15/1975,,Monchia,Magdalena Cauca,Medio Magdalena,Río Nare,2001,25,Andes,Definitivo,0.3,0.3,0,36.104434967041,36.104434967041,10.3411960601807,36.3575248718262,7.91456270217896,3.05454540252686,6.04363632202148,5,10,0.869565188884735,0.876811623573303,1,1,47,1.05999994277954,0.317999982833862
08,2002-08-23,23080760,0,Definitivo,SAN ROQUE [23080760],Pluviométrica,Convencional,Activa,Antioquia,San Roque,6.4875,-75.017,820,5/15/1975,,Monchia,Magdalena Cauca,Medio Magdalena,Río Nare,2002,23,Andes,Definitivo,0,0,0,0,0,19.3376541137695,20.3908748626709,38.0676879882813,3.05454540252686,6.04363632202148,5,10,0.869565188884735,0.876811623573303,1,1,47,1.05999994277954,0
08,2003-08-21,23080760,17,Definitivo,SAN ROQUE [23080760],Pluviométrica,Convencional,Activa,Antioquia,San Roque,6.4875,-75.017,820,5/15/1975,,Monchia,Magdalena Cauca,Medio Magdalena,Río Nare,2003,21,Andes,Definitivo,17,17,0,3.17815971374512,3.17815971374512,0,21.206428527832,2.51695609092712,3.05454540252686,6.04363632202148,5,10,0.869565188884735,0.876811623573303,1,1,47,1.05999994277954,18.0199990272522
08,2003-08-20,23080760,5,Definitivo,SAN ROQUE [23080760],Pluviométrica,Convencional,Activa,Antioquia,San Roque,6.4875,-75.017,820,5/15/1975,,Monchia,Magdalena Cauca,Medio Magdalena,Río Nare,2003,20,Andes,Definitivo,5,5,0,0,0,8.67685031890869,20.4291286468506,13.2487964630127,3.05454540252686,6.04363632202148,5,10,0.869565188884735,0.876811623573303,1,1,46,1.05999994277954,5.29999971389771
08,2002-08-21,23080760,0,Definitivo,SAN ROQUE [23080760],Pluviométrica,Convencional,Activa,Antioquia,San Roque,6.4875,-75.017,820,5/15/1975,,Monchia,Magdalena Cauca,Medio Magdalena,Río Nare,2002,21,Andes,Definitivo,0,0,0,7.96489095687866,7.96489095687866,9.66882705688477,3.66991186141968,1.88338184356689,3.05454540252686,6.04363632202148,5,10,0.869565188884735,0.876811623573303,1,1,47,1.05999994277954,0
08,2003-08-19,23080760,8,Definitivo,SAN ROQUE [23080760],Pluviométrica,Convencional,Activa,Antioquia,San Roque,6.4875,-75.017,820,5/15/1975,,Monchia,Magdalena Cauca,Medio Magdalena,Río Nare,2003,19,Andes,Definitivo,8,8,0,0,0,0,7.93601179122925,21.0037326812744,3.05454540252686,6.04363632202148,5,10,0.869565188884735,0.876811623573303,1,1,46,1.05999994277954,8.47999954223633
08,2001-08-19,23080760,,"",SAN ROQUE [23080760],Pluviométrica,Convencional,Activa,Antioquia,San Roque,6.4875,-75.017,820,5/15/1975,,Monchia,Magdalena Cauca,Medio Magdalena,Río Nare,2001,19,Andes,Preliminar,0,0,0,0,0,3.93484234809876,3.09114742279053,6.4676513671875,3.05454540252686,6.04363632202148,5,10,0.869565188884735,0.876811623573303,1,1,46,1.05999994277954,0
08,2001-08-16,23080760,2,Definitivo,SAN ROQUE [23080760],Pluviométrica,Convencional,Activa,Antioquia,San Roque,6.4875,-75.017,820,5/15/1975,,Monchia,Magdalena Cauca,Medio Magdalena,Río Nare,2001,16,Andes,Definitivo,2,2,0,9.47712516784668,9.47712516784668,0,0.839947104454041,0.0385063700377941,3.05454540252686,6.04363632202148,5,10,0.869565188884735,0.876811623573303,1,1,46,1.05999994277954,2.11999988555908
08,2002-08-12,23080760,,"",SAN ROQUE [23080760],Pluviométrica,Convencional,Activa,Antioquia,San Roque,6.4875,-75.017,820,5/15/1975,,Monchia,Magdalena Cauca,Medio Magdalena,Río Nare,2002,12,Andes,Preliminar,0,0,0,0,0,0,0.394782304763794,0.633684277534485,3.05454540252686,6.04363632202148,5,10,0.869565188884735,0.876811623573303,1,1,45,1.05999994277954,0
08,2001-08-11,23080760,0.4,Definitivo,SAN ROQUE [23080760],Pluviométrica,Convencional,Activa,Antioquia,San Roque,6.4875,-75.017,820,5/15/1975,,Monchia,Magdalena Cauca,Medio Magdalena,Río Nare,2001,11,Andes,Definitivo,0.4,0.4,0,0,0,5.28683519363403,0.262648701667786,0.0456801392138004,3.05454540252686,6.04363632202148,5,10,0.869565188884735,0.876811623573303,1,1,45,1.05999994277954,0.423999977111816
08,2003-08-08,23080760,4,Definitivo,SAN ROQUE [23080760],Pluviométrica,Convencional,Activa,Antioquia,San Roque,6.4875,-75.017,820,5/15/1975,,Monchia,Magdalena Cauca,Medio Magdalena,Río Nare,2003,08,Andes,Definitivo,4,4,0,29.0394325256348,29.0394325256348,5.36651039123535,8.24192142486572,13.1077642440796,3.05454540252686,6.04363632202148,5,10,0.869565188884735,0.876811623573303,1,1,44,1.05999994277954,4.23999977111816
08,2004-08-03,23080760,,"",SAN ROQUE [23080760],Pluviométrica,Convencional,Activa,Antioquia,San Roque,6.4875,-75.017,820,5/15/1975,,Monchia,Magdalena Cauca,Medio Magdalena,Río Nare,2004,03,Andes,Preliminar,0,0,0,8.86972999572754,8.86972999572754,0,6.39132642745972,2.09278464317322,3.05454540252686,6.04363632202148,5,10,0.869565188884735,0.876811623573303,1,1,43,1.05999994277954,0
08,2004-08-04,23080760,,"",SAN ROQUE [23080760],Pluviométrica,Convencional,Activa,Antioquia,San Roque,6.4875,-75.017,820,5/15/1975,,Monchia,Magdalena Cauca,Medio Magdalena,Río Nare,2004,04,Andes,Preliminar,0,0,0,15.3108444213867,15.3108444213867,3.36046457290649,22.8400573730469,14.4798097610474,3.05454540252686,6.04363632202148,5,10,0.869565188884735,0.876811623573303,1,1,43,1.05999994277954,0
08,2004-08-05,23080760,25,Definitivo,SAN ROQUE [23080760],Pluviométrica,Convencional,Activa,Antioquia,San Roque,6.4875,-75.017,820,5/15/1975,,Monchia,Magdalena Cauca,Medio Magdalena,Río Nare,2004,05,Andes,Definitivo,25,25,0,1.26710426807404,1.26710426807404,13.441858291626,1.17844820022583,15.0003957748413,3.05454540252686,6.04363632202148,5,10,0.869565188884735,0.876811623573303,1,1,43,1.05999994277954,26.4999985694885
08,2008-08-06,23080760,,"",SAN ROQUE [23080760],Pluviométrica,Convencional,Activa,Antioquia,San Roque,6.4875,-75.017,820,5/15/1975,,Monchia,Magdalena Cauca,Medio Magdalena,Río Nare,2008,06,Andes,Preliminar,0,0,0,13.4391412734985,13.4391412734985,0,20.5637340545654,19.519214630127,3.05454540252686,6.04363632202148,5,10,0.869565188884735,0.876811623573303,1,1,44,1.05999994277954,0
08,2010-08-07,23080760,,"",SAN ROQUE [23080760],Pluviométrica,Convencional,Activa,Antioquia,San Roque,6.4875,-75.017,820,5/15/1975,,Monchia,Magdalena Cauca,Medio Magdalena,Río Nare,2010,07,Andes,Preliminar,0,0,0,23.985372543335,23.985372543335,10.1289854049683,5.91591453552246,5.28742742538452,3.05454540252686,6.04363632202148,5,10,0.869565188884735,0.876811623573303,1,1,44,1.05999994277954,0
08,2010-08-08,23080760,12,Definitivo,SAN ROQUE [23080760],Pluviométrica,Convencional,Activa,Antioquia,San Roque,6.4875,-75.017,820,5/15/1975,,Monchia,Magdalena Cauca,Medio Magdalena,Río Nare,2010,08,Andes,Definitivo,12,12,0,8.46542549133301,8.46542549133301,0,14.1182079315186,1.13436686992645,3.05454540252686,6.04363632202148,5,10,0.869565188884735,0.876811623573303,1,1,44,1.05999994277954,12.7199993133545
08,2012-08-08,23080760,,"",SAN ROQUE [23080760],Pluviométrica,Convencional,Activa,Antioquia,San Roque,6.4875,-75.017,820,5/15/1975,,Monchia,Magdalena Cauca,Medio Magdalena,Río Nare,2012,08,Andes,Preliminar,0,0,0,10.040696144104,10.040696144104,10.8465347290039,5.20197105407715,5.49786806106567,3.05454540252686,6.04363632202148,5,10,0.869565188884735,0.876811623573303,1,1,44,1.05999994277954,0
08,2014-08-10,23080760,,"",SAN ROQUE [23080760],Pluviométrica,Convencional,Activa,Antioquia,San Roque,6.4875,-75.017,820,5/15/1975,,Monchia,Magdalena Cauca,Medio Magdalena,Río Nare,2014,10,Andes,Preliminar,0,0,0,19.2391166687012,19.2391166687012,16.2095165252686,26.3100967407227,37.8615455627441,3.05454540252686,6.04363632202148,5,10,0.869565188884735,0.876811623573303,1,1,44,1.05999994277954,0
08,2013-08-13,23080760,,"",SAN ROQUE [23080760],Pluviométrica,Convencional,Activa,Antioquia,San Roque,6.4875,-75.017,820,5/15/1975,,Monchia,Magdalena Cauca,Medio Magdalena,Río Nare,2013,13,Andes,Preliminar,1,1,0,9.37767314910889,9.37767314910889,18.461820602417,16.5661544799805,22.9426021575928,3.05454540252686,6.04363632202148,5,10,0.869565188884735,0.876811623573303,1,1,45,1.05999994277954,1.05999994277954
08,2013-08-14,23080760,2,Definitivo,SAN ROQUE [23080760],Pluviométrica,Convencional,Activa,Antioquia,San Roque,6.4875,-75.017,820,5/15/1975,,Monchia,Magdalena Cauca,Medio Magdalena,Río Nare,2013,14,Andes,Definitivo,2,2,0,26.287166595459,26.287166595459,0,2.56301426887512,0.0130910594016314,3.05454540252686,6.04363632202148,5,10,0.869565188884735,0.876811623573303,1,1,45,1.05999994277954,2.11999988555908
08,2011-08-21,23080760,17,Definitivo,SAN ROQUE [23080760],Pluviométrica,Convencional,Activa,Antioquia,San Roque,6.4875,-75.017,820,5/15/1975,,Monchia,Magdalena Cauca,Medio Magdalena,Río Nare,2011,21,Andes,Definitivo,17,17,0,21.7317123413086,21.7317123413086,0,14.0373554229736,8.87658309936523,3.05454540252686,6.04363632202148,5,10,0.869565188884735,0.876811623573303,1,1,47,1.05999994277954,18.0199990272522
08,2013-08-21,23080760,5,Definitivo,SAN ROQUE [23080760],Pluviométrica,Convencional,Activa,Antioquia,San Roque,6.4875,-75.017,820,5/15/1975,,Monchia,Magdalena Cauca,Medio Magdalena,Río Nare,2013,21,Andes,Definitivo,5,5,0,2.39781141281128,2.39781141281128,1.853031873703,18.8438358306885,46.1001625061035,3.05454540252686,6.04363632202148,5,10,0.869565188884735,0.876811623573303,1,1,47,1.05999994277954,5.29999971389771
08,2013-08-22,23080760,19,Definitivo,SAN ROQUE [23080760],Pluviométrica,Convencional,Activa,Antioquia,San Roque,6.4875,-75.017,820,5/15/1975,,Monchia,Magdalena Cauca,Medio Magdalena,Río Nare,2013,22,Andes,Definitivo,19,19,0,9.55252361297607,9.55252361297607,7.38220262527466,1.73148047924042,8.75255680084229,3.05454540252686,6.04363632202148,5,10,0.869565188884735,0.876811623573303,1,1,47,1.05999994277954,20.1399989128113
08,2014-08-26,23080760,12,Definitivo,SAN ROQUE [23080760],Pluviométrica,Convencional,Activa,Antioquia,San Roque,6.4875,-75.017,820,5/15/1975,,Monchia,Magdalena Cauca,Medio Magdalena,Río Nare,2014,26,Andes,Definitivo,12,12,0,2.69264364242554,2.69264364242554,0,22.9741382598877,0.93861323595047,3.05454540252686,6.04363632202148,5,10,0.869565188884735,0.876811623573303,1,1,48,1.05999994277954,12.7199993133545
08,2017-08-24,23080760,0,Definitivo,SAN ROQUE [23080760],Pluviométrica,Convencional,Activa,Antioquia,San Roque,6.4875,-75.017,820,5/15/1975,,Monchia,Magdalena Cauca,Medio Magdalena,Río Nare,2017,24,Andes,Definitivo,0,0,0,2.79075837135315,2.79075837135315,6.32209062576294,14.03125,16.2325248718262,3.05454540252686,6.04363632202148,5,10,0.869565188884735,0.876811623573303,1,1,47,1.05999994277954,0
08,2019-08-25,23080760,0,Definitivo,SAN ROQUE [23080760],Pluviométrica,Convencional,Activa,Antioquia,San Roque,6.4875,-75.017,820,5/15/1975,,Monchia,Magdalena Cauca,Medio Magdalena,Río Nare,2019,25,Andes,Definitivo,0,0,0,6.70598077774048,6.70598077774048,7.36392402648926,15.4765453338623,12.2171010971069,3.05454540252686,6.04363632202148,5,10,0.869565188884735,0.876811623573303,1,1,47,1.05999994277954,0
08,2019-08-26,23080760,0,Definitivo,SAN ROQUE [23080760],Pluviométrica,Convencional,Activa,Antioquia,San Roque,6.4875,-75.017,820,5/15/1975,,Monchia,Magdalena Cauca,Medio Magdalena,Río Nare,2019,26,Andes,Definitivo,0,0,0,0,0,0,0,2.2989706993103,3.05454540252686,6.04363632202148,5,10,0.869565188884735,0.876811623573303,1,1,48,1.05999994277954,0
08,2021-08-26,23080760,0,Definitivo,SAN ROQUE [23080760],Pluviométrica,Convencional,Activa,Antioquia,San Roque,6.4875,-75.017,820,5/15/1975,,Monchia,Magdalena Cauca,Medio Magdalena,Río Nare,2021,26,Andes,Definitivo,0,0,0,37.7677001953125,37.7677001953125,26.4093742370606,26.283842086792,40.2072067260742,3.05454540252686,6.04363632202148,5,10,0.869565188884735,0.876811623573303,1,1,48,1.05999994277954,0
08,2020-08-25,23080760,0,Definitivo,SAN ROQUE [23080760],Pluviométrica,Convencional,Activa,Antioquia,San Roque,6.4875,-75.017,820,5/15/1975,,Monchia,Magdalena Cauca,Medio Magdalena,Río Nare,2020,25,Andes,Definitivo,0,0,0,13.2187366485596,13.2187366485596,34.5124282836914,18.3133735656738,57.9264183044434,3.05454540252686,6.04363632202148,5,10,0.869565188884735,0.876811623573303,1,1,47,1.05999994277954,0
08,2021-08-24,23080760,2,Definitivo,SAN ROQUE [23080760],Pluviométrica,Convencional,Activa,Antioquia,San Roque,6.4875,-75.017,820,5/15/1975,,Monchia,Magdalena Cauca,Medio Magdalena,Río Nare,2021,24,Andes,Definitivo,2,2,0,9.79711437225342,9.79711437225342,12.3671140670776,13.6344137191772,32.8844413757324,3.05454540252686,6.04363632202148,5,10,0.869565188884735,0.876811623573303,1,1,47,1.05999994277954,2.11999988555908
08,2023-08-21,23080760,34,Definitivo,SAN ROQUE [23080760],Pluviométrica,Convencional,Activa,Antioquia,San Roque,6.4875,-75.017,820,5/15/1975,,Monchia,Magdalena Cauca,Medio Magdalena,Río Nare,2023,21,Andes,Definitivo,34,34,0,24.9797706604004,24.9797706604004,13.8483486175537,17.7865867614746,20.6394367218018,3.05454540252686,6.04363632202148,5,10,0.869565188884735,0.876811623573303,1,1,47,1.05999994277954,36.0399980545044
08,2022-08-20,23080760,4,Definitivo,SAN ROQUE [23080760],Pluviométrica,Convencional,Activa,Antioquia,San Roque,6.4875,-75.017,820,5/15/1975,,Monchia,Magdalena Cauca,Medio Magdalena,Río Nare,2022,20,Andes,Definitivo,4,4,0,0,0,13.2729692459106,7.75522708892822,7.53623008728027,3.05454540252686,6.04363632202148,5,10,0.869565188884735,0.876811623573303,1,1,46,1.05999994277954,4.23999977111816
08,2021-08-19,23080760,14,Definitivo,SAN ROQUE [23080760],Pluviométrica,Convencional,Activa,Antioquia,San Roque,6.4875,-75.017,820,5/15/1975,,Monchia,Magdalena Cauca,Medio Magdalena,Río Nare,2021,19,Andes,Definitivo,14,14,0,0.635944306850433,0.635944306850433,17.4022407531738,15.7463045120239,6.95459938049316,3.05454540252686,6.04363632202148,5,10,0.869565188884735,0.876811623573303,1,1,46,1.05999994277954,14.8399991989136
08,2021-08-16,23080760,95,Definitivo,SAN ROQUE [23080760],Pluviométrica,Convencional,Activa,Antioquia,San Roque,6.4875,-75.017,820,5/15/1975,,Monchia,Magdalena Cauca,Medio Magdalena,Río Nare,2021,16,Andes,Definitivo,95,95,0,1.80288791656494,1.80288791656494,4.35056018829346,15.7463045120239,1.29280114173889,3.05454540252686,6.04363632202148,5,10,0.869565188884735,0.876811623573303,1,1,46,1.05999994277954,100.699994564056
08,2022-08-15,23080760,24,Definitivo,SAN ROQUE [23080760],Pluviométrica,Convencional,Activa,Antioquia,San Roque,6.4875,-75.017,820,5/15/1975,,Monchia,Magdalena Cauca,Medio Magdalena,Río Nare,2022,15,Andes,Definitivo,24,24,0,0,0,34.8141403198242,20.6672706604004,40.8223876953125,3.05454540252686,6.04363632202148,5,10,0.869565188884735,0.876811623573303,1,1,45,1.05999994277954,25.439998626709
08,2021-08-14,23080760,56,Definitivo,SAN ROQUE [23080760],Pluviométrica,Convencional,Activa,Antioquia,San Roque,6.4875,-75.017,820,5/15/1975,,Monchia,Magdalena Cauca,Medio Magdalena,Río Nare,2021,14,Andes,Definitivo,56,56,0,30.0975551605225,30.0975551605225,5.22978019714356,18.9081935882568,2.93159794807434,3.05454540252686,6.04363632202148,5,10,0.869565188884735,0.876811623573303,1,1,45,1.05999994277954,59.3599967956543
08,2022-08-12,23080760,5,Definitivo,SAN ROQUE [23080760],Pluviométrica,Convencional,Activa,Antioquia,San Roque,6.4875,-75.017,820,5/15/1975,,Monchia,Magdalena Cauca,Medio Magdalena,Río Nare,2022,12,Andes,Definitivo,5,5,0,0,0,11.6047134399414,23.6703243255615,8.25967121124268,3.05454540252686,6.04363632202148,5,10,0.869565188884735,0.876811623573303,1,1,45,1.05999994277954,5.29999971389771
08,2023-08-10,23080760,2,Definitivo,SAN ROQUE [23080760],Pluviométrica,Convencional,Activa,Antioquia,San Roque,6.4875,-75.017,820,5/15/1975,,Monchia,Magdalena Cauca,Medio Magdalena,Río Nare,2023,10,Andes,Definitivo,2,2,0,13.8628778457642,13.8628778457642,3.53578782081604,4.05219125747681,5.86136627197266,3.05454540252686,6.04363632202148,5,10,0.869565188884735,0.876811623573303,1,1,44,1.05999994277954,2.11999988555908
08,2023-08-09,23080760,0,Definitivo,SAN ROQUE [23080760],Pluviométrica,Convencional,Activa,Antioquia,San Roque,6.4875,-75.017,820,5/15/1975,,Monchia,Magdalena Cauca,Medio Magdalena,Río Nare,2023,09,Andes,Definitivo,0,0,0,7.14921188354492,7.14921188354492,1.76789391040802,4.05219125747681,2.59013295173645,3.05454540252686,6.04363632202148,5,10,0.869565188884735,0.876811623573303,1,1,44,1.05999994277954,0
08,2022-08-09,23080760,0,Definitivo,SAN ROQUE [23080760],Pluviométrica,Convencional,Activa,Antioquia,San Roque,6.4875,-75.017,820,5/15/1975,,Monchia,Magdalena Cauca,Medio Magdalena,Río Nare,2022,09,Andes,Definitivo,0,0,0,0.723540663719177,0.723540663719177,0,6.99468183517456,4.19961071014404,3.05454540252686,6.04363632202148,5,10,0.869565188884735,0.876811623573303,1,1,44,1.05999994277954,0
08,2001-08-24,23080760,8,Definitivo,SAN ROQUE [23080760],Pluviométrica,Convencional,Activa,Antioquia,San Roque,6.4875,-75.017,820,5/15/1975,,Monchia,Magdalena Cauca,Medio Magdalena,Río Nare,2001,24,Andes,Definitivo,8,8,0,0.51577764749527,0.51577764749527,6.89413118362427,12.227614402771,7.95572328567505,3.05454540252686,6.04363632202148,5,10,0.869565188884735,0.876811623573303,1,1,47,1.05999994277954,8.47999954223633
08,2002-08-22,23080760,24,Definitivo,SAN ROQUE [23080760],Pluviométrica,Convencional,Activa,Antioquia,San Roque,6.4875,-75.017,820,5/15/1975,,Monchia,Magdalena Cauca,Medio Magdalena,Río Nare,2002,22,Andes,Definitivo,24,24,0,0,0,9.66882705688477,12.4160194396973,10.0558815002441,3.05454540252686,6.04363632202148,5,10,0.869565188884735,0.876811623573303,1,1,47,1.05999994277954,25.439998626709
08,2001-08-23,23080760,0.2,Definitivo,SAN ROQUE [23080760],Pluviométrica,Convencional,Activa,Antioquia,San Roque,6.4875,-75.017,820,5/15/1975,,Monchia,Magdalena Cauca,Medio Magdalena,Río Nare,2001,23,Andes,Definitivo,0.2,0.2,0,0,0,0,0.803776264190674,1.03739953041077,3.05454540252686,6.04363632202148,5,10,0.869565188884735,0.876811623573303,1,1,47,1.05999994277954,0.211999988555908
08,2001-08-22,23080760,,"",SAN ROQUE [23080760],Pluviométrica,Convencional,Activa,Antioquia,San Roque,6.4875,-75.017,820,5/15/1975,,Monchia,Magdalena Cauca,Medio Magdalena,Río Nare,2001,22,Andes,Preliminar,0,0,0,0,0,10.3411960601807,0.00296847894787788,26.8874969482422,3.05454540252686,6.04363632202148,5,10,0.869565188884735,0.876811623573303,1,1,47,1.05999994277954,0
08,2002-08-20,23080760,20,Definitivo,SAN ROQUE [23080760],Pluviométrica,Convencional,Activa,Antioquia,San Roque,6.4875,-75.017,820,5/15/1975,,Monchia,Magdalena Cauca,Medio Magdalena,Río Nare,2002,20,Andes,Definitivo,20,20,0,17.3612327575684,17.3612327575684,7.79661369323731,8.83832550048828,8.35954475402832,3.05454540252686,6.04363632202148,5,10,0.869565188884735,0.876811623573303,1,1,46,1.05999994277954,21.1999988555908
08,2003-08-18,23080760,11,Definitivo,SAN ROQUE [23080760],Pluviométrica,Convencional,Activa,Antioquia,San Roque,6.4875,-75.017,820,5/15/1975,,Monchia,Magdalena Cauca,Medio Magdalena,Río Nare,2003,18,Andes,Definitivo,11,11,0,25.4322395324707,25.4322395324707,8.67685031890869,14.9383296966553,4.29346990585327,3.05454540252686,6.04363632202148,5,10,0.869565188884735,0.876811623573303,1,1,46,1.05999994277954,11.659999370575
08,2001-08-18,23080760,0,Definitivo,SAN ROQUE [23080760],Pluviométrica,Convencional,Activa,Antioquia,San Roque,6.4875,-75.017,820,5/15/1975,,Monchia,Magdalena Cauca,Medio Magdalena,Río Nare,2001,18,Andes,Definitivo,0,0,0,0.0483526848256588,0.0483526848256588,0,0.624116539955139,0.434870034456253,3.05454540252686,6.04363632202148,5,10,0.869565188884735,0.876811623573303,1,1,46,1.05999994277954,0
08,2003-08-13,23080760,39,Definitivo,SAN ROQUE [23080760],Pluviométrica,Convencional,Activa,Antioquia,San Roque,6.4875,-75.017,820,5/15/1975,,Monchia,Magdalena Cauca,Medio Magdalena,Río Nare,2003,13,Andes,Definitivo,39,39,0,0,0,0,1.88569402694702,1.11256337165833,3.05454540252686,6.04363632202148,5,10,0.869565188884735,0.876811623573303,1,1,45,1.05999994277954,41.3399977684021
08,2003-08-10,23080760,18,Definitivo,SAN ROQUE [23080760],Pluviométrica,Convencional,Activa,Antioquia,San Roque,6.4875,-75.017,820,5/15/1975,,Monchia,Magdalena Cauca,Medio Magdalena,Río Nare,2003,10,Andes,Definitivo,18,18,0,0,0,0,0.157850041985512,0,3.05454540252686,6.04363632202148,5,10,0.869565188884735,0.876811623573303,1,1,44,1.05999994277954,19.0799989700317
08,2002-08-09,23080760,0,Definitivo,SAN ROQUE [23080760],Pluviométrica,Convencional,Activa,Antioquia,San Roque,6.4875,-75.017,820,5/15/1975,,Monchia,Magdalena Cauca,Medio Magdalena,Río Nare,2002,09,Andes,Definitivo,0,0,0,0,0,38.6095390319824,26.7145195007324,62.5540733337402,3.05454540252686,6.04363632202148,5,10,0.869565188884735,0.876811623573303,1,1,44,1.05999994277954,0
08,2003-08-05,23080760,0,Definitivo,SAN ROQUE [23080760],Pluviométrica,Convencional,Activa,Antioquia,San Roque,6.4875,-75.017,820,5/15/1975,,Monchia,Magdalena Cauca,Medio Magdalena,Río Nare,2003,05,Andes,Definitivo,0,0,0,0,0,0,2.80424308776855,0.0246825832873583,3.05454540252686,6.04363632202148,5,10,0.869565188884735,0.876811623573303,1,1,43,1.05999994277954,0
08,2002-08-04,23080760,15,Definitivo,SAN ROQUE [23080760],Pluviométrica,Convencional,Activa,Antioquia,San Roque,6.4875,-75.017,820,5/15/1975,,Monchia,Magdalena Cauca,Medio Magdalena,Río Nare,2002,04,Andes,Definitivo,15,15,0,1.36933422088623,1.36933422088623,5.68978023529053,0.786480367183685,2.60964298248291,3.05454540252686,6.04363632202148,5,10,0.869565188884735,0.876811623573303,1,1,43,1.05999994277954,15.8999991416931
08,2002-08-05,23080760,0,Definitivo,SAN ROQUE [23080760],Pluviométrica,Convencional,Activa,Antioquia,San Roque,6.4875,-75.017,820,5/15/1975,,Monchia,Magdalena Cauca,Medio Magdalena,Río Nare,2002,05,Andes,Definitivo,0,0,0,15.8842782974243,15.8842782974243,17.0693397521973,16.811731338501,34.2209129333496,3.05454540252686,6.04363632202148,5,10,0.869565188884735,0.876811623573303,1,1,43,1.05999994277954,0
08,2006-08-06,23080760,5,Definitivo,SAN ROQUE [23080760],Pluviométrica,Convencional,Activa,Antioquia,San Roque,6.4875,-75.017,820,5/15/1975,,Monchia,Magdalena Cauca,Medio Magdalena,Río Nare,2006,06,Andes,Definitivo,5,5,0,0,0,0,0.335823804140091,0,3.05454540252686,6.04363632202148,5,10,0.869565188884735,0.876811623573303,1,1,44,1.05999994277954,5.29999971389771
08,2009-08-04,23080760,55,Definitivo,SAN ROQUE [23080760],Pluviométrica,Convencional,Activa,Antioquia,San Roque,6.4875,-75.017,820,5/15/1975,,Monchia,Magdalena Cauca,Medio Magdalena,Río Nare,2009,04,Andes,Definitivo,55,55,0,0.790342390537262,0.790342390537262,31.4673366546631,5.02374219894409,12.6360759735107,3.05454540252686,6.04363632202148,5,10,0.869565188884735,0.876811623573303,1,1,43,1.05999994277954,58.2999968528748
08,2008-08-07,23080760,,"",SAN ROQUE [23080760],Pluviométrica,Convencional,Activa,Antioquia,San Roque,6.4875,-75.017,820,5/15/1975,,Monchia,Magdalena Cauca,Medio Magdalena,Río Nare,2008,07,Andes,Preliminar,0,0,0,0,0,0,0.718079328536987,1.05614483356476,3.05454540252686,6.04363632202148,5,10,0.869565188884735,0.876811623573303,1,1,44,1.05999994277954,0
08,2008-08-08,23080760,1,Definitivo,SAN ROQUE [23080760],Pluviométrica,Convencional,Activa,Antioquia,San Roque,6.4875,-75.017,820,5/15/1975,,Monchia,Magdalena Cauca,Medio Magdalena,Río Nare,2008,08,Andes,Definitivo,1,1,0,0.451194167137146,0.451194167137146,8.24319458007813,0.319179117679596,2.27275252342224,3.05454540252686,6.04363632202148,5,10,0.869565188884735,0.876811623573303,1,1,44,1.05999994277954,1.05999994277954
08,2015-08-07,23080760,22,Definitivo,SAN ROQUE [23080760],Pluviométrica,Convencional,Activa,Antioquia,San Roque,6.4875,-75.017,820,5/15/1975,,Monchia,Magdalena Cauca,Medio Magdalena,Río Nare,2015,07,Andes,Definitivo,22,22,0,3.51411557197571,3.51411557197571,5.55082607269287,7.18461036682129,0.580547034740448,3.05454540252686,6.04363632202148,5,10,0.869565188884735,0.876811623573303,1,1,44,1.05999994277954,23.3199987411499
08,2015-08-08,23080760,56,Definitivo,SAN ROQUE [23080760],Pluviométrica,Convencional,Activa,Antioquia,San Roque,6.4875,-75.017,820,5/15/1975,,Monchia,Magdalena Cauca,Medio Magdalena,Río Nare,2015,08,Andes,Definitivo,56,56,0,10.9928731918335,10.9928731918335,16.6524772644043,11.6127185821533,37.1827545166016,3.05454540252686,6.04363632202148,5,10,0.869565188884735,0.876811623573303,1,1,44,1.05999994277954,59.3599967956543
08,2014-08-11,23080760,0,Definitivo,SAN ROQUE [23080760],Pluviométrica,Convencional,Activa,Antioquia,San Roque,6.4875,-75.017,820,5/15/1975,,Monchia,Magdalena Cauca,Medio Magdalena,Río Nare,2014,11,Andes,Definitivo,0,0,0,4.68565082550049,4.68565082550049,3.77128982543945,5.51177453994751,2.79070043563843,3.05454540252686,6.04363632202148,5,10,0.869565188884735,0.876811623573303,1,1,45,1.05999994277954,0
08,2012-08-17,23080760,0,Definitivo,SAN ROQUE [23080760],Pluviométrica,Convencional,Activa,Antioquia,San Roque,6.4875,-75.017,820,5/15/1975,,Monchia,Magdalena Cauca,Medio Magdalena,Río Nare,2012,17,Andes,Definitivo,0,0,0,27.1770515441895,27.1770515441895,15.1415567398071,13.5139865875244,20.5029354095459,3.05454540252686,6.04363632202148,5,10,0.869565188884735,0.876811623573303,1,1,46,1.05999994277954,0
08,2012-08-18,23080760,6,Definitivo,SAN ROQUE [23080760],Pluviométrica,Convencional,Activa,Antioquia,San Roque,6.4875,-75.017,820,5/15/1975,,Monchia,Magdalena Cauca,Medio Magdalena,Río Nare,2012,18,Andes,Definitivo,6,6,0,6.57901048660278,6.57901048660278,22.7123355865479,32.4906845092773,23.7011680603027,3.05454540252686,6.04363632202148,5,10,0.869565188884735,0.876811623573303,1,1,46,1.05999994277954,6.35999965667725
08,2011-08-22,23080760,16,Definitivo,SAN ROQUE [23080760],Pluviométrica,Convencional,Activa,Antioquia,San Roque,6.4875,-75.017,820,5/15/1975,,Monchia,Magdalena Cauca,Medio Magdalena,Río Nare,2011,22,Andes,Definitivo,16,16,0,12.962944984436,12.962944984436,19.9647369384766,13.3376932144165,14.3267097473145,3.05454540252686,6.04363632202148,5,10,0.869565188884735,0.876811623573303,1,1,47,1.05999994277954,16.9599990844727
08,2012-08-25,23080760,135,Definitivo,SAN ROQUE [23080760],Pluviométrica,Convencional,Activa,Antioquia,San Roque,6.4875,-75.017,820,5/15/1975,,Monchia,Magdalena Cauca,Medio Magdalena,Río Nare,2012,25,Andes,Definitivo,135,135,0,10.0886793136597,10.0886793136597,23.5399856567383,20.3056373596191,47.9440536499024,3.05454540252686,6.04363632202148,5,10,0.869565188884735,0.876811623573303,1,1,47,1.05999994277954,143.099992275238
08,2015-08-24,23080760,21,Definitivo,SAN ROQUE [23080760],Pluviométrica,Convencional,Activa,Antioquia,San Roque,6.4875,-75.017,820,5/15/1975,,Monchia,Magdalena Cauca,Medio Magdalena,Río Nare,2015,24,Andes,Definitivo,21,21,0,0,0,4.10963678359985,34.6013984680176,2.6521270275116,3.05454540252686,6.04363632202148,5,10,0.869565188884735,0.876811623573303,1,1,47,1.05999994277954,22.2599987983704
08,2015-08-25,23080760,43,Definitivo,SAN ROQUE [23080760],Pluviométrica,Convencional,Activa,Antioquia,San Roque,6.4875,-75.017,820,5/15/1975,,Monchia,Magdalena Cauca,Medio Magdalena,Río Nare,2015,25,Andes,Definitivo,43,43,0,1.68661510944366,1.68661510944366,12.3289108276367,16.180549621582,6.70407676696777,3.05454540252686,6.04363632202148,5,10,0.869565188884735,0.876811623573303,1,1,47,1.05999994277954,45.5799975395203
08,2017-08-25,23080760,14,Definitivo,SAN ROQUE [23080760],Pluviométrica,Convencional,Activa,Antioquia,San Roque,6.4875,-75.017,820,5/15/1975,,Monchia,Magdalena Cauca,Medio Magdalena,Río Nare,2017,25,Andes,Definitivo,14,14,0,7.80903959274292,7.80903959274292,0,5.83893299102783,0.437047392129898,3.05454540252686,6.04363632202148,5,10,0.869565188884735,0.876811623573303,1,1,47,1.05999994277954,14.8399991989136
08,2020-08-23,23080760,0,Definitivo,SAN ROQUE [23080760],Pluviométrica,Convencional,Activa,Antioquia,San Roque,6.4875,-75.017,820,5/15/1975,,Monchia,Magdalena Cauca,Medio Magdalena,Río Nare,2020,23,Andes,Definitivo,0,0,0,0.924631297588348,0.924631297588348,6.90248584747315,23.1536731719971,22.7397270202637,3.05454540252686,6.04363632202148,5,10,0.869565188884735,0.876811623573303,1,1,47,1.05999994277954,0
08,2022-08-24,23080760,8,Definitivo,SAN ROQUE [23080760],Pluviométrica,Convencional,Activa,Antioquia,San Roque,6.4875,-75.017,820,5/15/1975,,Monchia,Magdalena Cauca,Medio Magdalena,Río Nare,2022,24,Andes,Definitivo,8,8,0,9.42028427124023,9.42028427124023,0,1.73205041885376,0,3.05454540252686,6.04363632202148,5,10,0.869565188884735,0.876811623573303,1,1,47,1.05999994277954,8.47999954223633
08,2018-08-26,23080760,49,Definitivo,SAN ROQUE [23080760],Pluviométrica,Convencional,Activa,Antioquia,San Roque,6.4875,-75.017,820,5/15/1975,,Monchia,Magdalena Cauca,Medio Magdalena,Río Nare,2018,26,Andes,Definitivo,49,49,0,0,0,13.9297122955322,6.54798269271851,22.5104465484619,3.05454540252686,6.04363632202148,5,10,0.869565188884735,0.876811623573303,1,1,48,1.05999994277954,51.9399971961975
08,2022-08-22,23080760,7,Definitivo,SAN ROQUE [23080760],Pluviométrica,Convencional,Activa,Antioquia,San Roque,6.4875,-75.017,820,5/15/1975,,Monchia,Magdalena Cauca,Medio Magdalena,Río Nare,2022,22,Andes,Definitivo,7,7,0,9.42028427124023,9.42028427124023,17.6350250244141,8.38932323455811,27.1440410614014,3.05454540252686,6.04363632202148,5,10,0.869565188884735,0.876811623573303,1,1,47,1.05999994277954,7.41999959945679
08,2021-08-21,23080760,6,Definitivo,SAN ROQUE [23080760],Pluviométrica,Convencional,Activa,Antioquia,San Roque,6.4875,-75.017,820,5/15/1975,,Monchia,Magdalena Cauca,Medio Magdalena,Río Nare,2021,21,Andes,Definitivo,6,6,0,3.9718165397644,3.9718165397644,0,13.6344137191772,0,3.05454540252686,6.04363632202148,5,10,0.869565188884735,0.876811623573303,1,1,47,1.05999994277954,6.35999965667725
08,2020-08-20,23080760,2,Definitivo,SAN ROQUE [23080760],Pluviométrica,Convencional,Activa,Antioquia,San Roque,6.4875,-75.017,820,5/15/1975,,Monchia,Magdalena Cauca,Medio Magdalena,Río Nare,2020,20,Andes,Definitivo,2,2,0,8.76120567321777,8.76120567321777,30.1710090637207,24.0466327667236,50.972713470459,3.05454540252686,6.04363632202148,5,10,0.869565188884735,0.876811623573303,1,1,46,1.05999994277954,2.11999988555908
08,2022-08-17,23080760,0,Definitivo,SAN ROQUE [23080760],Pluviométrica,Convencional,Activa,Antioquia,San Roque,6.4875,-75.017,820,5/15/1975,,Monchia,Magdalena Cauca,Medio Magdalena,Río Nare,2022,17,Andes,Definitivo,0,0,0,12.1632843017578,12.1632843017578,0,4.43594932556152,0.369506895542145,3.05454540252686,6.04363632202148,5,10,0.869565188884735,0.876811623573303,1,1,46,1.05999994277954,0
08,2022-08-14,23080760,29,Definitivo,SAN ROQUE [23080760],Pluviométrica,Convencional,Activa,Antioquia,San Roque,6.4875,-75.017,820,5/15/1975,,Monchia,Magdalena Cauca,Medio Magdalena,Río Nare,2022,14,Andes,Definitivo,29,29,0,14.4287757873535,14.4287757873535,11.6047134399414,18.7117519378662,28.9504451751709,3.05454540252686,6.04363632202148,5,10,0.869565188884735,0.876811623573303,1,1,45,1.05999994277954,30.7399983406067
08,2023-08-13,23080760,4,Definitivo,SAN ROQUE [23080760],Pluviométrica,Convencional,Activa,Antioquia,San Roque,6.4875,-75.017,820,5/15/1975,,Monchia,Magdalena Cauca,Medio Magdalena,Río Nare,2023,13,Andes,Definitivo,4,4,0,29.1891479492188,29.1891479492188,12.0831365585327,11.105372428894,15.1997051239014,3.05454540252686,6.04363632202148,5,10,0.869565188884735,0.876811623573303,1,1,45,1.05999994277954,4.23999977111816
08,2021-08-13,23080760,2,Definitivo,SAN ROQUE [23080760],Pluviométrica,Convencional,Activa,Antioquia,San Roque,6.4875,-75.017,820,5/15/1975,,Monchia,Magdalena Cauca,Medio Magdalena,Río Nare,2021,13,Andes,Definitivo,2,2,0,3.32504844665527,3.32504844665527,10.4595603942871,18.9081935882568,10.3066358566284,3.05454540252686,6.04363632202148,5,10,0.869565188884735,0.876811623573303,1,1,45,1.05999994277954,2.11999988555908
08,2022-08-11,23080760,5,Definitivo,SAN ROQUE [23080760],Pluviométrica,Convencional,Activa,Antioquia,San Roque,6.4875,-75.017,820,5/15/1975,,Monchia,Magdalena Cauca,Medio Magdalena,Río Nare,2022,11,Andes,Definitivo,5,5,0,2.27225494384766,2.27225494384766,23.2094268798828,7.37859058380127,27.2706489562988,3.05454540252686,6.04363632202148,5,10,0.869565188884735,0.876811623573303,1,1,45,1.05999994277954,5.29999971389771
08,2023-08-08,23080760,0,Definitivo,SAN ROQUE [23080760],Pluviométrica,Convencional,Activa,Antioquia,San Roque,6.4875,-75.017,820,5/15/1975,,Monchia,Magdalena Cauca,Medio Magdalena,Río Nare,2023,08,Andes,Definitivo,0,0,0,0,0,0,4.05219125747681,0,3.05454540252686,6.04363632202148,5,10,0.869565188884735,0.876811623573303,1,1,44,1.05999994277954,0
08,2021-08-10,23080760,9,Definitivo,SAN ROQUE [23080760],Pluviométrica,Convencional,Activa,Antioquia,San Roque,6.4875,-75.017,820,5/15/1975,,Monchia,Magdalena Cauca,Medio Magdalena,Río Nare,2021,10,Andes,Definitivo,9,9,0,2.3464138507843,2.3464138507843,16.6051692962647,11.8900136947632,57.4310607910156,3.05454540252686,6.04363632202148,5,10,0.869565188884735,0.876811623573303,1,1,44,1.05999994277954,9.53999948501587
08,2023-08-07,23080760,0,Definitivo,SAN ROQUE [23080760],Pluviométrica,Convencional,Activa,Antioquia,San Roque,6.4875,-75.017,820,5/15/1975,,Monchia,Magdalena Cauca,Medio Magdalena,Río Nare,2023,07,Andes,Definitivo,0,0,0,0,0,7.07157564163208,4.05219125747681,0.252053260803223,3.05454540252686,6.04363632202148,5,10,0.869565188884735,0.876811623573303,1,1,44,1.05999994277954,0
08,2023-08-06,23080760,0,Definitivo,SAN ROQUE [23080760],Pluviométrica,Convencional,Activa,Antioquia,San Roque,6.4875,-75.017,820,5/15/1975,,Monchia,Magdalena Cauca,Medio Magdalena,Río Nare,2023,06,Andes,Definitivo,0,0,0,19.7560920715332,19.7560920715332,3.53578782081604,4.05219125747681,11.5574045181274,3.05454540252686,6.04363632202148,5,10,0.869565188884735,0.876811623573303,1,1,44,1.05999994277954,0
08,2023-08-05,23080760,0,Definitivo,SAN ROQUE [23080760],Pluviométrica,Convencional,Activa,Antioquia,San Roque,6.4875,-75.017,820,5/15/1975,,Monchia,Magdalena Cauca,Medio Magdalena,Río Nare,2023,05,Andes,Definitivo,0,0,0,2.7295880317688,2.7295880317688,0,1.383380651474,0.805775940418243,3.05454540252686,6.04363632202148,5,10,0.869565188884735,0.876811623573303,1,1,43,1.05999994277954,0
08,2023-08-04,23080760,3,Definitivo,SAN ROQUE [23080760],Pluviométrica,Convencional,Activa,Antioquia,San Roque,6.4875,-75.017,820,5/15/1975,,Monchia,Magdalena Cauca,Medio Magdalena,Río Nare,2023,04,Andes,Definitivo,3,3,0,2.7295880317688,2.7295880317688,0,1.383380651474,0,3.05454540252686,6.04363632202148,5,10,0.869565188884735,0.876811623573303,1,1,43,1.05999994277954,3.17999982833862
08,2001-08-21,23080760,2,Definitivo,SAN ROQUE [23080760],Pluviométrica,Convencional,Activa,Antioquia,San Roque,6.4875,-75.017,820,5/15/1975,,Monchia,Magdalena Cauca,Medio Magdalena,Río Nare,2001,21,Andes,Definitivo,2,2,0,0,0,10.3411960601807,0.15124899148941,5.74794960021973,3.05454540252686,6.04363632202148,5,10,0.869565188884735,0.876811623573303,1,1,47,1.05999994277954,2.11999988555908
08,2001-08-20,23080760,,"",SAN ROQUE [23080760],Pluviométrica,Convencional,Activa,Antioquia,San Roque,6.4875,-75.017,820,5/15/1975,,Monchia,Magdalena Cauca,Medio Magdalena,Río Nare,2001,20,Andes,Preliminar,0,0,0,0,0,0,1.59959757328033,0,3.05454540252686,6.04363632202148,5,10,0.869565188884735,0.876811623573303,1,1,46,1.05999994277954,0
08,2001-08-17,23080760,0.2,Definitivo,SAN ROQUE [23080760],Pluviométrica,Convencional,Activa,Antioquia,San Roque,6.4875,-75.017,820,5/15/1975,,Monchia,Magdalena Cauca,Medio Magdalena,Río Nare,2001,17,Andes,Definitivo,0.2,0.2,0,4.35174083709717,4.35174083709717,1.96742117404938,1.72682297229767,0.940604448318481,3.05454540252686,6.04363632202148,5,10,0.869565188884735,0.876811623573303,1,1,46,1.05999994277954,0.211999988555908
08,2001-08-15,23080760,,"",SAN ROQUE [23080760],Pluviométrica,Convencional,Activa,Antioquia,San Roque,6.4875,-75.017,820,5/15/1975,,Monchia,Magdalena Cauca,Medio Magdalena,Río Nare,2001,15,Andes,Preliminar,0,0,0,5.14747095108032,5.14747095108032,0,4.77293300628662,5.24958944320679,3.05454540252686,6.04363632202148,5,10,0.869565188884735,0.876811623573303,1,1,45,1.05999994277954,0
08,2001-08-13,23080760,0,Definitivo,SAN ROQUE [23080760],Pluviométrica,Convencional,Activa,Antioquia,San Roque,6.4875,-75.017,820,5/15/1975,,Monchia,Magdalena Cauca,Medio Magdalena,Río Nare,2001,13,Andes,Definitivo,0,0,0,0.328561961650848,0.328561961650848,0,0.30349200963974,0,3.05454540252686,6.04363632202148,5,10,0.869565188884735,0.876811623573303,1,1,45,1.05999994277954,0
08,2001-08-10,23080760,,"",SAN ROQUE [23080760],Pluviométrica,Convencional,Activa,Antioquia,San Roque,6.4875,-75.017,820,5/15/1975,,Monchia,Magdalena Cauca,Medio Magdalena,Río Nare,2001,10,Andes,Preliminar,0,0,0,0,0,0,1.15787124633789,1.09858894348145,3.05454540252686,6.04363632202148,5,10,0.869565188884735,0.876811623573303,1,1,44,1.05999994277954,0
08,2001-08-08,23080760,,"",SAN ROQUE [23080760],Pluviométrica,Convencional,Activa,Antioquia,San Roque,6.4875,-75.017,820,5/15/1975,,Monchia,Magdalena Cauca,Medio Magdalena,Río Nare,2001,08,Andes,Preliminar,0,0,0,0,0,0,0.809677422046661,2.83925342559814,3.05454540252686,6.04363632202148,5,10,0.869565188884735,0.876811623573303,1,1,44,1.05999994277954,0
08,2001-08-05,23080760,,"",SAN ROQUE [23080760],Pluviométrica,Convencional,Activa,Antioquia,San Roque,6.4875,-75.017,820,5/15/1975,,Monchia,Magdalena Cauca,Medio Magdalena,Río Nare,2001,05,Andes,Preliminar,0,0,0,0,0,5.62706518173218,13.1427755355835,5.80222797393799,3.05454540252686,6.04363632202148,5,10,0.869565188884735,0.876811623573303,1,1,43,1.05999994277954,0
08,2003-08-02,23080760,26,Definitivo,SAN ROQUE [23080760],Pluviométrica,Convencional,Activa,Antioquia,San Roque,6.4875,-75.017,820,5/15/1975,,Monchia,Magdalena Cauca,Medio Magdalena,Río Nare,2003,02,Andes,Definitivo,26,26,0,6.29221343994141,6.29221343994141,0,14.8379793167114,4.5215048789978,3.05454540252686,6.04363632202148,5,10,0.869565188884735,0.876811623573303,1,1,43,1.05999994277954,27.5599985122681
08,2002-08-06,23080760,2,Definitivo,SAN ROQUE [23080760],Pluviométrica,Convencional,Activa,Antioquia,San Roque,6.4875,-75.017,820,5/15/1975,,Monchia,Magdalena Cauca,Medio Magdalena,Río Nare,2002,06,Andes,Definitivo,2,2,0,20.5437660217285,20.5437660217285,0,3.60608792304993,0.195420131087303,3.05454540252686,6.04363632202148,5,10,0.869565188884735,0.876811623573303,1,1,44,1.05999994277954,2.11999988555908
08,2007-08-04,23080760,54,Definitivo,SAN ROQUE [23080760],Pluviométrica,Convencional,Activa,Antioquia,San Roque,6.4875,-75.017,820,5/15/1975,,Monchia,Magdalena Cauca,Medio Magdalena,Río Nare,2007,04,Andes,Definitivo,54,54,0,4.91906309127808,4.91906309127808,9.45828056335449,7.68999910354614,2.15770435333252,3.05454540252686,6.04363632202148,5,10,0.869565188884735,0.876811623573303,1,1,43,1.05999994277954,57.2399969100952
08,2007-08-05,23080760,25,Definitivo,SAN ROQUE [23080760],Pluviométrica,Convencional,Activa,Antioquia,San Roque,6.4875,-75.017,820,5/15/1975,,Monchia,Magdalena Cauca,Medio Magdalena,Río Nare,2007,05,Andes,Definitivo,25,25,0,38.4155426025391,38.4155426025391,18.916561126709,49.8209838867188,32.4218864440918,3.05454540252686,6.04363632202148,5,10,0.869565188884735,0.876811623573303,1,1,43,1.05999994277954,26.4999985694885
08,2009-08-05,23080760,43,Definitivo,SAN ROQUE [23080760],Pluviométrica,Convencional,Activa,Antioquia,San Roque,6.4875,-75.017,820,5/15/1975,,Monchia,Magdalena Cauca,Medio Magdalena,Río Nare,2009,05,Andes,Definitivo,43,43,0,5.30658531188965,5.30658531188965,15.7336683273315,23.4535140991211,42.9477119445801,3.05454540252686,6.04363632202148,5,10,0.869565188884735,0.876811623573303,1,1,43,1.05999994277954,45.5799975395203
08,2013-08-06,23080760,,"",SAN ROQUE [23080760],Pluviométrica,Convencional,Activa,Antioquia,San Roque,6.4875,-75.017,820,5/15/1975,,Monchia,Magdalena Cauca,Medio Magdalena,Río Nare,2013,06,Andes,Preliminar,0,0,0,2.20129799842834,2.20129799842834,0,1.02449309825897,5.01642417907715,3.05454540252686,6.04363632202148,5,10,0.869565188884735,0.876811623573303,1,1,44,1.05999994277954,0
08,2013-08-07,23080760,24,Definitivo,SAN ROQUE [23080760],Pluviométrica,Convencional,Activa,Antioquia,San Roque,6.4875,-75.017,820,5/15/1975,,Monchia,Magdalena Cauca,Medio Magdalena,Río Nare,2013,07,Andes,Definitivo,24,24,0,8.49593639373779,8.49593639373779,0,23.075382232666,2.30550670623779,3.05454540252686,6.04363632202148,5,10,0.869565188884735,0.876811623573303,1,1,44,1.05999994277954,25.439998626709
08,2013-08-08,23080760,29,Definitivo,SAN ROQUE [23080760],Pluviométrica,Convencional,Activa,Antioquia,San Roque,6.4875,-75.017,820,5/15/1975,,Monchia,Magdalena Cauca,Medio Magdalena,Río Nare,2013,08,Andes,Definitivo,29,29,0,9.57847785949707,9.57847785949707,42.9985008239746,22.0722999572754,28.1645908355713,3.05454540252686,6.04363632202148,5,10,0.869565188884735,0.876811623573303,1,1,44,1.05999994277954,30.7399983406067
08,2014-08-12,23080760,0,Definitivo,SAN ROQUE [23080760],Pluviométrica,Convencional,Activa,Antioquia,San Roque,6.4875,-75.017,820,5/15/1975,,Monchia,Magdalena Cauca,Medio Magdalena,Río Nare,2014,12,Andes,Definitivo,0,0,0,7.50311231613159,7.50311231613159,3.77128982543945,6.62007093429565,0.497084051370621,3.05454540252686,6.04363632202148,5,10,0.869565188884735,0.876811623573303,1,1,45,1.05999994277954,0
08,2013-08-15,23080760,5,Definitivo,SAN ROQUE [23080760],Pluviométrica,Convencional,Activa,Antioquia,San Roque,6.4875,-75.017,820,5/15/1975,,Monchia,Magdalena Cauca,Medio Magdalena,Río Nare,2013,15,Andes,Definitivo,5,5,0,3.9862060546875,3.9862060546875,12.3078804016113,1.99334311485291,0.362273663282394,3.05454540252686,6.04363632202148,5,10,0.869565188884735,0.876811623573303,1,1,45,1.05999994277954,5.29999971389771
08,2013-08-16,23080760,,"",SAN ROQUE [23080760],Pluviométrica,Convencional,Activa,Antioquia,San Roque,6.4875,-75.017,820,5/15/1975,,Monchia,Magdalena Cauca,Medio Magdalena,Río Nare,2013,16,Andes,Preliminar,0,0,0,2.33910846710205,2.33910846710205,56.2789764404297,0.934269309043884,20.8154697418213,3.05454540252686,6.04363632202148,5,10,0.869565188884735,0.876811623573303,1,1,46,1.05999994277954,0
08,2011-08-23,23080760,20,Definitivo,SAN ROQUE [23080760],Pluviométrica,Convencional,Activa,Antioquia,San Roque,6.4875,-75.017,820,5/15/1975,,Monchia,Magdalena Cauca,Medio Magdalena,Río Nare,2011,23,Andes,Definitivo,20,20,0,3.83846950531006,3.83846950531006,0,18.2990684509277,15.0108213424683,3.05454540252686,6.04363632202148,5,10,0.869565188884735,0.876811623573303,1,1,47,1.05999994277954,21.1999988555908
08,2013-08-23,23080760,28,Definitivo,SAN ROQUE [23080760],Pluviométrica,Convencional,Activa,Antioquia,San Roque,6.4875,-75.017,820,5/15/1975,,Monchia,Magdalena Cauca,Medio Magdalena,Río Nare,2013,23,Andes,Definitivo,28,28,0,5.97167491912842,5.97167491912842,0,15.3797626495361,7.41193437576294,3.05454540252686,6.04363632202148,5,10,0.869565188884735,0.876811623573303,1,1,47,1.05999994277954,29.6799983978272
08,2016-08-21,23080760,,"",SAN ROQUE [23080760],Pluviométrica,Convencional,Activa,Antioquia,San Roque,6.4875,-75.017,820,5/15/1975,,Monchia,Magdalena Cauca,Medio Magdalena,Río Nare,2016,21,Andes,Preliminar,0,0,0,2.48627781867981,2.48627781867981,20.2739696502686,0.667028725147247,1.15236485004425,3.05454540252686,6.04363632202148,5,10,0.869565188884735,0.876811623573303,1,1,47,1.05999994277954,0
08,2016-08-22,23080760,,"",SAN ROQUE [23080760],Pluviométrica,Convencional,Activa,Antioquia,San Roque,6.4875,-75.017,820,5/15/1975,,Monchia,Magdalena Cauca,Medio Magdalena,Río Nare,2016,22,Andes,Preliminar,0,0,0,0,0,0,1.26057350635529,0,3.05454540252686,6.04363632202148,5,10,0.869565188884735,0.876811623573303,1,1,47,1.05999994277954,0
08,2015-08-26,23080760,2,Definitivo,SAN ROQUE [23080760],Pluviométrica,Convencional,Activa,Antioquia,San Roque,6.4875,-75.017,820,5/15/1975,,Monchia,Magdalena Cauca,Medio Magdalena,Río Nare,2015,26,Andes,Definitivo,2,2,0,13.3944787979126,13.3944787979126,24.9140968322754,18.6220874786377,23.4515647888184,3.05454540252686,6.04363632202148,5,10,0.869565188884735,0.876811623573303,1,1,48,1.05999994277954,2.11999988555908
08,2018-08-24,23080760,0,Definitivo,SAN ROQUE [23080760],Pluviométrica,Convencional,Activa,Antioquia,San Roque,6.4875,-75.017,820,5/15/1975,,Monchia,Magdalena Cauca,Medio Magdalena,Río Nare,2018,24,Andes,Definitivo,0,0,0,0,0,31.456090927124,77.8166122436524,57.4152641296387,3.05454540252686,6.04363632202148,5,10,0.869565188884735,0.876811623573303,1,1,47,1.05999994277954,0
08,2020-08-24,23080760,49,Definitivo,SAN ROQUE [23080760],Pluviométrica,Convencional,Activa,Antioquia,San Roque,6.4875,-75.017,820,5/15/1975,,Monchia,Magdalena Cauca,Medio Magdalena,Río Nare,2020,24,Andes,Definitivo,49,49,0,2.06213307380676,2.06213307380676,0,12.5723762512207,0.374860107898712,3.05454540252686,6.04363632202148,5,10,0.869565188884735,0.876811623573303,1,1,47,1.05999994277954,51.9399971961975
08,2022-08-21,23080760,19,Definitivo,SAN ROQUE [23080760],Pluviométrica,Convencional,Activa,Antioquia,San Roque,6.4875,-75.017,820,5/15/1975,,Monchia,Magdalena Cauca,Medio Magdalena,Río Nare,2022,21,Andes,Definitivo,19,19,0,9.42028427124023,9.42028427124023,13.2262687683105,20.0487155914307,8.17909526824951,3.05454540252686,6.04363632202148,5,10,0.869565188884735,0.876811623573303,1,1,47,1.05999994277954,20.1399989128113
08,2020-08-22,23080760,23,Definitivo,SAN ROQUE [23080760],Pluviométrica,Convencional,Activa,Antioquia,San Roque,6.4875,-75.017,820,5/15/1975,,Monchia,Magdalena Cauca,Medio Magdalena,Río Nare,2020,22,Andes,Definitivo,23,23,0,6.94188213348389,6.94188213348389,27.6099433898926,23.9753112792969,21.9233665466309,3.05454540252686,6.04363632202148,5,10,0.869565188884735,0.876811623573303,1,1,47,1.05999994277954,24.3799986839294
08,2022-08-19,23080760,3,Definitivo,SAN ROQUE [23080760],Pluviométrica,Convencional,Activa,Antioquia,San Roque,6.4875,-75.017,820,5/15/1975,,Monchia,Magdalena Cauca,Medio Magdalena,Río Nare,2022,19,Andes,Definitivo,3,3,0,0.926942110061646,0.926942110061646,0,3.11525273323059,0,3.05454540252686,6.04363632202148,5,10,0.869565188884735,0.876811623573303,1,1,46,1.05999994277954,3.17999982833862
08,2021-08-18,23080760,5,Definitivo,SAN ROQUE [23080760],Pluviométrica,Convencional,Activa,Antioquia,San Roque,6.4875,-75.017,820,5/15/1975,,Monchia,Magdalena Cauca,Medio Magdalena,Río Nare,2021,18,Andes,Definitivo,5,5,0,18.2038421630859,18.2038421630859,4.35056018829346,15.7463045120239,1.41359782218933,3.05454540252686,6.04363632202148,5,10,0.869565188884735,0.876811623573303,1,1,46,1.05999994277954,5.29999971389771
08,2020-08-17,23080760,1,Definitivo,SAN ROQUE [23080760],Pluviométrica,Convencional,Activa,Antioquia,San Roque,6.4875,-75.017,820,5/15/1975,,Monchia,Magdalena Cauca,Medio Magdalena,Río Nare,2020,17,Andes,Definitivo,1,1,0,7.03438329696655,7.03438329696655,10.0570020675659,11.0347299575806,17.8346176147461,3.05454540252686,6.04363632202148,5,10,0.869565188884735,0.876811623573303,1,1,46,1.05999994277954,1.05999994277954
08,2020-08-14,23080760,18,Definitivo,SAN ROQUE [23080760],Pluviométrica,Convencional,Activa,Antioquia,San Roque,6.4875,-75.017,820,5/15/1975,,Monchia,Magdalena Cauca,Medio Magdalena,Río Nare,2020,14,Andes,Definitivo,18,18,0,8.38252067565918,8.38252067565918,25.6098213195801,23.1948623657227,17.8901538848877,3.05454540252686,6.04363632202148,5,10,0.869565188884735,0.876811623573303,1,1,45,1.05999994277954,19.0799989700317
08,2021-08-12,23080760,4,Definitivo,SAN ROQUE [23080760],Pluviométrica,Convencional,Activa,Antioquia,San Roque,6.4875,-75.017,820,5/15/1975,,Monchia,Magdalena Cauca,Medio Magdalena,Río Nare,2021,12,Andes,Definitivo,4,4,0,0,0,0,18.9081935882568,8.62716770172119,3.05454540252686,6.04363632202148,5,10,0.869565188884735,0.876811623573303,1,1,45,1.05999994277954,4.23999977111816
08,2022-08-10,23080760,2,Definitivo,SAN ROQUE [23080760],Pluviométrica,Convencional,Activa,Antioquia,San Roque,6.4875,-75.017,820,5/15/1975,,Monchia,Magdalena Cauca,Medio Magdalena,Río Nare,2022,10,Andes,Definitivo,2,2,0,0,0,9.31181049346924,2.30961084365845,0.0166485775262117,3.05454540252686,6.04363632202148,5,10,0.869565188884735,0.876811623573303,1,1,44,1.05999994277954,2.11999988555908
08,2021-08-11,23080760,8,Definitivo,SAN ROQUE [23080760],Pluviométrica,Convencional,Activa,Antioquia,San Roque,6.4875,-75.017,820,5/15/1975,,Monchia,Magdalena Cauca,Medio Magdalena,Río Nare,2021,11,Andes,Definitivo,8,8,0,0,0,20.9191207885742,18.9081935882568,19.2680816650391,3.05454540252686,6.04363632202148,5,10,0.869565188884735,0.876811623573303,1,1,45,1.05999994277954,8.47999954223633
08,2020-08-11,23080760,12,Definitivo,SAN ROQUE [23080760],Pluviométrica,Convencional,Activa,Antioquia,San Roque,6.4875,-75.017,820,5/15/1975,,Monchia,Magdalena Cauca,Medio Magdalena,Río Nare,2020,11,Andes,Definitivo,12,12,0,0.574336469173431,0.574336469173431,0,31.7809944152832,0.0107603231444955,3.05454540252686,6.04363632202148,5,10,0.869565188884735,0.876811623573303,1,1,45,1.05999994277954,12.7199993133545
08,2022-08-08,23080760,0,Definitivo,SAN ROQUE [23080760],Pluviométrica,Convencional,Activa,Antioquia,San Roque,6.4875,-75.017,820,5/15/1975,,Monchia,Magdalena Cauca,Medio Magdalena,Río Nare,2022,08,Andes,Definitivo,0,0,0,1.67590427398682,1.67590427398682,0,1.34297120571136,0,3.05454540252686,6.04363632202148,5,10,0.869565188884735,0.876811623573303,1,1,44,1.05999994277954,0
08,2022-08-07,23080760,14,Definitivo,SAN ROQUE [23080760],Pluviométrica,Convencional,Activa,Antioquia,San Roque,6.4875,-75.017,820,5/15/1975,,Monchia,Magdalena Cauca,Medio Magdalena,Río Nare,2022,07,Andes,Definitivo,14,14,0,4.30862331390381,4.30862331390381,0,2.73307323455811,0.42095023393631,3.05454540252686,6.04363632202148,5,10,0.869565188884735,0.876811623573303,1,1,44,1.05999994277954,14.8399991989136
08,2022-08-06,23080760,4,Definitivo,SAN ROQUE [23080760],Pluviométrica,Convencional,Activa,Antioquia,San Roque,6.4875,-75.017,820,5/15/1975,,Monchia,Magdalena Cauca,Medio Magdalena,Río Nare,2022,06,Andes,Definitivo,4,4,0,17.4328556060791,17.4328556060791,9.31181049346924,7.61906480789185,16.3621921539307,3.05454540252686,6.04363632202148,5,10,0.869565188884735,0.876811623573303,1,1,44,1.05999994277954,4.23999977111816
08,2023-08-03,23080760,0,Definitivo,SAN ROQUE [23080760],Pluviométrica,Convencional,Activa,Antioquia,San Roque,6.4875,-75.017,820,5/15/1975,,Monchia,Magdalena Cauca,Medio Magdalena,Río Nare,2023,03,Andes,Definitivo,0,0,0,2.7295880317688,2.7295880317688,7.54146385192871,1.383380651474,6.07664108276367,3.05454540252686,6.04363632202148,5,10,0.869565188884735,0.876811623573303,1,1,43,1.05999994277954,0
08,2023-08-02,23080760,0,Definitivo,SAN ROQUE [23080760],Pluviométrica,Convencional,Activa,Antioquia,San Roque,6.4875,-75.017,820,5/15/1975,,Monchia,Magdalena Cauca,Medio Magdalena,Río Nare,2023,02,Andes,Definitivo,0,0,0,2.7295880317688,2.7295880317688,0,1.383380651474,0,3.05454540252686,6.04363632202148,5,10,0.869565188884735,0.876811623573303,1,1,43,1.05999994277954,0
08,2011-08-07,23080760,,"",SAN ROQUE [23080760],Pluviométrica,Convencional,Activa,Antioquia,San Roque,6.4875,-75.017,820,5/15/1975,,Monchia,Magdalena Cauca,Medio Magdalena,Río Nare,2011,07,Andes,Preliminar,0,0,0,0.181287690997124,0.181287690997124,6.77577543258667,7.71718168258667,6.15085935592651,3.05454540252686,6.04363632202148,5,10,0.869565188884735,0.876811623573303,1,1,44,1.05999994277954,0
08,2011-08-08,23080760,8,Definitivo,SAN ROQUE [23080760],Pluviométrica,Convencional,Activa,Antioquia,San Roque,6.4875,-75.017,820,5/15/1975,,Monchia,Magdalena Cauca,Medio Magdalena,Río Nare,2011,08,Andes,Definitivo,8,8,0,0,0,6.77577543258667,8.21861743927002,5.03016710281372,3.05454540252686,6.04363632202148,5,10,0.869565188884735,0.876811623573303,1,1,44,1.05999994277954,8.47999954223633
08,2003-08-15,23080760,6,Definitivo,SAN ROQUE [23080760],Pluviométrica,Convencional,Activa,Antioquia,San Roque,6.4875,-75.017,820,5/15/1975,,Monchia,Magdalena Cauca,Medio Magdalena,Río Nare,2003,15,Andes,Definitivo,6,6,0,0,0,18.2077026367188,12.3851175308228,23.1148166656494,3.05454540252686,6.04363632202148,5,10,0.869565188884735,0.876811623573303,1,1,45,1.05999994277954,6.35999965667725
08,2003-08-12,23080760,0,Definitivo,SAN ROQUE [23080760],Pluviométrica,Convencional,Activa,Antioquia,San Roque,6.4875,-75.017,820,5/15/1975,,Monchia,Magdalena Cauca,Medio Magdalena,Río Nare,2003,12,Andes,Definitivo,0,0,0,0,0,0,12.2498893737793,0.249602437019348,3.05454540252686,6.04363632202148,5,10,0.869565188884735,0.876811623573303,1,1,45,1.05999994277954,0
08,2001-08-12,23080760,0,Definitivo,SAN ROQUE [23080760],Pluviométrica,Convencional,Activa,Antioquia,San Roque,6.4875,-75.017,820,5/15/1975,,Monchia,Magdalena Cauca,Medio Magdalena,Río Nare,2001,12,Andes,Definitivo,0,0,0,0,0,0,0.010832604020834,0.0734282955527306,3.05454540252686,6.04363632202148,5,10,0.869565188884735,0.876811623573303,1,1,45,1.05999994277954,0
08,2003-08-07,23080760,0,Definitivo,SAN ROQUE [23080760],Pluviométrica,Convencional,Activa,Antioquia,San Roque,6.4875,-75.017,820,5/15/1975,,Monchia,Magdalena Cauca,Medio Magdalena,Río Nare,2003,07,Andes,Definitivo,0,0,0,0,0,0,1.55289220809937,1.11962366104126,3.05454540252686,6.04363632202148,5,10,0.869565188884735,0.876811623573303,1,1,44,1.05999994277954,0
08,2001-08-07,23080760,0,Definitivo,SAN ROQUE [23080760],Pluviométrica,Convencional,Activa,Antioquia,San Roque,6.4875,-75.017,820,5/15/1975,,Monchia,Magdalena Cauca,Medio Magdalena,Río Nare,2001,07,Andes,Definitivo,0,0,0,7.91123628616333,7.91123628616333,0,1.5808619260788,0.126875564455986,3.05454540252686,6.04363632202148,5,10,0.869565188884735,0.876811623573303,1,1,44,1.05999994277954,0
08,2001-08-04,23080760,14,Definitivo,SAN ROQUE [23080760],Pluviométrica,Convencional,Activa,Antioquia,San Roque,6.4875,-75.017,820,5/15/1975,,Monchia,Magdalena Cauca,Medio Magdalena,Río Nare,2001,04,Andes,Definitivo,14,14,0,18.3386135101318,18.3386135101318,11.2541303634644,4.39232873916626,17.5058631896973,3.05454540252686,6.04363632202148,5,10,0.869565188884735,0.876811623573303,1,1,43,1.05999994277954,14.8399991989136
08,2003-08-03,23080760,0,Definitivo,SAN ROQUE [23080760],Pluviométrica,Convencional,Activa,Antioquia,San Roque,6.4875,-75.017,820,5/15/1975,,Monchia,Magdalena Cauca,Medio Magdalena,Río Nare,2003,03,Andes,Definitivo,0,0,0,33.3071327209473,33.3071327209473,20.4472427368164,13.6364336013794,20.0505256652832,3.05454540252686,6.04363632202148,5,10,0.869565188884735,0.876811623573303,1,1,43,1.05999994277954,0
08,2006-08-01,23080760,0.2,Definitivo,SAN ROQUE [23080760],Pluviométrica,Convencional,Activa,Antioquia,San Roque,6.4875,-75.017,820,5/15/1975,,Monchia,Magdalena Cauca,Medio Magdalena,Río Nare,2006,01,Andes,Definitivo,0.2,0.2,0,0.508920192718506,0.508920192718506,0,1.07344281673431,0.344938784837723,3.05454540252686,6.04363632202148,5,10,0.869565188884735,0.876811623573303,1,1,43,1.05999994277954,0.211999988555908
08,2005-08-04,23080760,0,Definitivo,SAN ROQUE [23080760],Pluviométrica,Convencional,Activa,Antioquia,San Roque,6.4875,-75.017,820,5/15/1975,,Monchia,Magdalena Cauca,Medio Magdalena,Río Nare,2005,04,Andes,Definitivo,0,0,0,3.16604137420654,3.16604137420654,12.0596942901611,13.7959060668945,1.88475716114044,3.05454540252686,6.04363632202148,5,10,0.869565188884735,0.876811623573303,1,1,43,1.05999994277954,0
08,2005-08-05,23080760,,"",SAN ROQUE [23080760],Pluviométrica,Convencional,Activa,Antioquia,San Roque,6.4875,-75.017,820,5/15/1975,,Monchia,Magdalena Cauca,Medio Magdalena,Río Nare,2005,05,Andes,Preliminar,0,0,0,37.9924926757813,37.9924926757813,8.03979682922363,14.285758972168,5.11913061141968,3.05454540252686,6.04363632202148,5,10,0.869565188884735,0.876811623573303,1,1,43,1.05999994277954,0
08,2012-08-03,23080760,14,Definitivo,SAN ROQUE [23080760],Pluviométrica,Convencional,Activa,Antioquia,San Roque,6.4875,-75.017,820,5/15/1975,,Monchia,Magdalena Cauca,Medio Magdalena,Río Nare,2012,03,Andes,Definitivo,14,14,0,10.8544874191284,10.8544874191284,0,26.7425041198731,0.869538962841034,3.05454540252686,6.04363632202148,5,10,0.869565188884735,0.876811623573303,1,1,43,1.05999994277954,14.8399991989136
08,2020-08-21,23080760,15,Definitivo,SAN ROQUE [23080760],Pluviométrica,Convencional,Activa,Antioquia,San Roque,6.4875,-75.017,820,5/15/1975,,Monchia,Magdalena Cauca,Medio Magdalena,Río Nare,2020,21,Andes,Definitivo,15,15,0,21.2754440307617,21.2754440307617,6.90248584747315,26.1189098358154,1.16926848888397,3.05454540252686,6.04363632202148,5,10,0.869565188884735,0.876811623573303,1,1,47,1.05999994277954,15.8999991416931
08,2018-08-23,23080760,40,Definitivo,SAN ROQUE [23080760],Pluviométrica,Convencional,Activa,Antioquia,San Roque,6.4875,-75.017,820,5/15/1975,,Monchia,Magdalena Cauca,Medio Magdalena,Río Nare,2018,23,Andes,Definitivo,40,40,0,0,0,0,5.84041786193848,0.153540059924126,3.05454540252686,6.04363632202148,5,10,0.869565188884735,0.876811623573303,1,1,47,1.05999994277954,42.3999977111816
08,2015-08-09,23080760,7,Definitivo,SAN ROQUE [23080760],Pluviométrica,Convencional,Activa,Antioquia,San Roque,6.4875,-75.017,820,5/15/1975,,Monchia,Magdalena Cauca,Medio Magdalena,Río Nare,2015,09,Andes,Definitivo,7,7,0,27.5202808380127,27.5202808380127,22.2033042907715,42.1703910827637,39.6084136962891,3.05454540252686,6.04363632202148,5,10,0.869565188884735,0.876811623573303,1,1,44,1.05999994277954,7.41999959945679
08,2015-08-10,23080760,6,Definitivo,SAN ROQUE [23080760],Pluviométrica,Convencional,Activa,Antioquia,San Roque,6.4875,-75.017,820,5/15/1975,,Monchia,Magdalena Cauca,Medio Magdalena,Río Nare,2015,10,Andes,Definitivo,6,6,0,2.96219110488892,2.96219110488892,0,16.1550712585449,0.390982180833817,3.05454540252686,6.04363632202148,5,10,0.869565188884735,0.876811623573303,1,1,44,1.05999994277954,6.35999965667725
08,2014-08-13,23080760,17,Definitivo,SAN ROQUE [23080760],Pluviométrica,Convencional,Activa,Antioquia,San Roque,6.4875,-75.017,820,5/15/1975,,Monchia,Magdalena Cauca,Medio Magdalena,Río Nare,2014,13,Andes,Definitivo,17,17,0,4.33987236022949,4.33987236022949,3.77128982543945,7.46141052246094,1.24952352046967,3.05454540252686,6.04363632202148,5,10,0.869565188884735,0.876811623573303,1,1,45,1.05999994277954,18.0199990272522
08,2012-08-19,23080760,36,Definitivo,SAN ROQUE [23080760],Pluviométrica,Convencional,Activa,Antioquia,San Roque,6.4875,-75.017,820,5/15/1975,,Monchia,Magdalena Cauca,Medio Magdalena,Río Nare,2012,19,Andes,Definitivo,36,36,0,0.431543558835983,0.431543558835983,7.57077836990356,4.66803169250488,1.24936950206757,3.05454540252686,6.04363632202148,5,10,0.869565188884735,0.876811623573303,1,1,46,1.05999994277954,38.1599979400635
08,2012-08-20,23080760,14,Definitivo,SAN ROQUE [23080760],Pluviométrica,Convencional,Activa,Antioquia,San Roque,6.4875,-75.017,820,5/15/1975,,Monchia,Magdalena Cauca,Medio Magdalena,Río Nare,2012,20,Andes,Definitivo,14,14,0,9.12461376190186,9.12461376190186,15.1415567398071,19.3052520751953,27.2229061126709,3.05454540252686,6.04363632202148,5,10,0.869565188884735,0.876811623573303,1,1,46,1.05999994277954,14.8399991989136
08,2014-08-21,23080760,,"",SAN ROQUE [23080760],Pluviométrica,Convencional,Activa,Antioquia,San Roque,6.4875,-75.017,820,5/15/1975,,Monchia,Magdalena Cauca,Medio Magdalena,Río Nare,2014,21,Andes,Preliminar,0,0,0,0,0,22.718936920166,1.80958557128906,2.39458894729614,3.05454540252686,6.04363632202148,5,10,0.869565188884735,0.876811623573303,1,1,47,1.05999994277954,0
08,2014-08-22,23080760,29,Definitivo,SAN ROQUE [23080760],Pluviométrica,Convencional,Activa,Antioquia,San Roque,6.4875,-75.017,820,5/15/1975,,Monchia,Magdalena Cauca,Medio Magdalena,Río Nare,2014,22,Andes,Definitivo,29,29,0,0,0,0,10.0492734909058,0.959265470504761,3.05454540252686,6.04363632202148,5,10,0.869565188884735,0.876811623573303,1,1,47,1.05999994277954,30.7399983406067
08,2014-08-23,23080760,5,Definitivo,SAN ROQUE [23080760],Pluviométrica,Convencional,Activa,Antioquia,San Roque,6.4875,-75.017,820,5/15/1975,,Monchia,Magdalena Cauca,Medio Magdalena,Río Nare,2014,23,Andes,Definitivo,5,5,0,2.10525918006897,2.10525918006897,22.718936920166,46.7750282287598,56.4038200378418,3.05454540252686,6.04363632202148,5,10,0.869565188884735,0.876811623573303,1,1,47,1.05999994277954,5.29999971389771
08,2019-08-21,23080760,2,Definitivo,SAN ROQUE [23080760],Pluviométrica,Convencional,Activa,Antioquia,San Roque,6.4875,-75.017,820,5/15/1975,,Monchia,Magdalena Cauca,Medio Magdalena,Río Nare,2019,21,Andes,Definitivo,2,2,0,6.70598077774048,6.70598077774048,4.90928316116333,4.38383722305298,11.0130367279053,3.05454540252686,6.04363632202148,5,10,0.869565188884735,0.876811623573303,1,1,47,1.05999994277954,2.11999988555908
08,2019-08-22,23080760,0,Definitivo,SAN ROQUE [23080760],Pluviométrica,Convencional,Activa,Antioquia,San Roque,6.4875,-75.017,820,5/15/1975,,Monchia,Magdalena Cauca,Medio Magdalena,Río Nare,2019,22,Andes,Definitivo,0,0,0,6.70598077774048,6.70598077774048,2.45464158058167,0,0.0218462813645601,3.05454540252686,6.04363632202148,5,10,0.869565188884735,0.876811623573303,1,1,47,1.05999994277954,0
08,2018-08-25,23080760,40,Definitivo,SAN ROQUE [23080760],Pluviométrica,Convencional,Activa,Antioquia,San Roque,6.4875,-75.017,820,5/15/1975,,Monchia,Magdalena Cauca,Medio Magdalena,Río Nare,2018,25,Andes,Definitivo,40,40,0,39.2442245483398,39.2442245483398,0,5.17390584945679,0,3.05454540252686,6.04363632202148,5,10,0.869565188884735,0.876811623573303,1,1,47,1.05999994277954,42.3999977111816
08,2007-08-06,23080760,8,Definitivo,SAN ROQUE [23080760],Pluviométrica,Convencional,Activa,Antioquia,San Roque,6.4875,-75.017,820,5/15/1975,,Monchia,Magdalena Cauca,Medio Magdalena,Río Nare,2007,06,Andes,Definitivo,8,8,0,0.418225705623627,0.418225705623627,11.0554971694946,3.86073613166809,9.08242893218994,3.05454540252686,6.04363632202148,5,10,0.869565188884735,0.876811623573303,1,1,44,1.05999994277954,8.47999954223633
08,2010-08-04,23080760,,"",SAN ROQUE [23080760],Pluviométrica,Convencional,Activa,Antioquia,San Roque,6.4875,-75.017,820,5/15/1975,,Monchia,Magdalena Cauca,Medio Magdalena,Río Nare,2010,04,Andes,Preliminar,0,0,0,0.626121699810028,0.626121699810028,0,9.50803089141846,20.3209495544434,3.05454540252686,6.04363632202148,5,10,0.869565188884735,0.876811623573303,1,1,43,1.05999994277954,0
08,2020-08-19,23080760,40,Definitivo,SAN ROQUE [23080760],Pluviométrica,Convencional,Activa,Antioquia,San Roque,6.4875,-75.017,820,5/15/1975,,Monchia,Magdalena Cauca,Medio Magdalena,Río Nare,2020,19,Andes,Definitivo,40,40,0,21.4396743774414,21.4396743774414,20.1140041351318,29.8917369842529,13.3902034759522,3.05454540252686,6.04363632202148,5,10,0.869565188884735,0.876811623573303,1,1,46,1.05999994277954,42.3999977111816
08,2022-08-16,23080760,0,Definitivo,SAN ROQUE [23080760],Pluviométrica,Convencional,Activa,Antioquia,San Roque,6.4875,-75.017,820,5/15/1975,,Monchia,Magdalena Cauca,Medio Magdalena,Río Nare,2022,16,Andes,Definitivo,0,0,0,0.73462450504303,0.73462450504303,13.2729692459106,11.3353881835938,24.7960796356201,3.05454540252686,6.04363632202148,5,10,0.869565188884735,0.876811623573303,1,1,46,1.05999994277954,0
08,2021-08-15,23080760,50,Definitivo,SAN ROQUE [23080760],Pluviométrica,Convencional,Activa,Antioquia,San Roque,6.4875,-75.017,820,5/15/1975,,Monchia,Magdalena Cauca,Medio Magdalena,Río Nare,2021,15,Andes,Definitivo,50,50,0,13.6454191207886,13.6454191207886,10.4595603942871,18.9081935882568,53.4074783325195,3.05454540252686,6.04363632202148,5,10,0.869565188884735,0.876811623573303,1,1,45,1.05999994277954,52.9999971389771
08,2022-08-13,23080760,30,Definitivo,SAN ROQUE [23080760],Pluviométrica,Convencional,Activa,Antioquia,San Roque,6.4875,-75.017,820,5/15/1975,,Monchia,Magdalena Cauca,Medio Magdalena,Río Nare,2022,13,Andes,Definitivo,30,30,0,25.8801555633545,25.8801555633545,0,35.2182159423828,0.343005478382111,3.05454540252686,6.04363632202148,5,10,0.869565188884735,0.876811623573303,1,1,45,1.05999994277954,31.7999982833862
08,2020-08-13,23080760,15,Definitivo,SAN ROQUE [23080760],Pluviométrica,Convencional,Activa,Antioquia,San Roque,6.4875,-75.017,820,5/15/1975,,Monchia,Magdalena Cauca,Medio Magdalena,Río Nare,2020,13,Andes,Definitivo,15,15,0,3.44262218475342,3.44262218475342,12.80491065979,10.8662118911743,6.99628973007202,3.05454540252686,6.04363632202148,5,10,0.869565188884735,0.876811623573303,1,1,45,1.05999994277954,15.8999991416931
08,2020-08-12,23080760,0,Definitivo,SAN ROQUE [23080760],Pluviométrica,Convencional,Activa,Antioquia,San Roque,6.4875,-75.017,820,5/15/1975,,Monchia,Magdalena Cauca,Medio Magdalena,Río Nare,2020,12,Andes,Definitivo,0,0,0,2.19860672950745,2.19860672950745,25.6098213195801,16.7101497650147,55.8711814880371,3.05454540252686,6.04363632202148,5,10,0.869565188884735,0.876811623573303,1,1,45,1.05999994277954,0
08,2019-08-13,23080760,0.1,Definitivo,SAN ROQUE [23080760],Pluviométrica,Convencional,Activa,Antioquia,San Roque,6.4875,-75.017,820,5/15/1975,,Monchia,Magdalena Cauca,Medio Magdalena,Río Nare,2019,13,Andes,Definitivo,0.1,0.1,0,0,0,2.98768949508667,0.0538516193628311,6.61420917510986,3.05454540252686,6.04363632202148,5,10,0.869565188884735,0.876811623573303,1,1,45,1.05999994277954,0.105999994277954
08,2021-08-09,23080760,65,Definitivo,SAN ROQUE [23080760],Pluviométrica,Convencional,Activa,Antioquia,San Roque,6.4875,-75.017,820,5/15/1975,,Monchia,Magdalena Cauca,Medio Magdalena,Río Nare,2021,09,Andes,Definitivo,65,65,0,24.0746898651123,24.0746898651123,0,11.8900136947632,0.0041330698877573,3.05454540252686,6.04363632202148,5,10,0.869565188884735,0.876811623573303,1,1,44,1.05999994277954,68.8999962806702
08,2021-08-08,23080760,0,Definitivo,SAN ROQUE [23080760],Pluviométrica,Convencional,Activa,Antioquia,San Roque,6.4875,-75.017,820,5/15/1975,,Monchia,Magdalena Cauca,Medio Magdalena,Río Nare,2021,08,Andes,Definitivo,0,0,0,6.78924036026001,6.78924036026001,16.6051692962647,11.8900136947632,1.42109906673431,3.05454540252686,6.04363632202148,5,10,0.869565188884735,0.876811623573303,1,1,44,1.05999994277954,0
08,2022-08-05,23080760,37,Definitivo,SAN ROQUE [23080760],Pluviométrica,Convencional,Activa,Antioquia,San Roque,6.4875,-75.017,820,5/15/1975,,Monchia,Magdalena Cauca,Medio Magdalena,Río Nare,2022,05,Andes,Definitivo,37,37,0,43.0302581787109,43.0302581787109,46.0879821777344,21.0990886688232,51.4112091064453,3.05454540252686,6.04363632202148,5,10,0.869565188884735,0.876811623573303,1,1,43,1.05999994277954,39.219997882843
08,2022-08-04,23080760,135,Definitivo,SAN ROQUE [23080760],Pluviométrica,Convencional,Activa,Antioquia,San Roque,6.4875,-75.017,820,5/15/1975,,Monchia,Magdalena Cauca,Medio Magdalena,Río Nare,2022,04,Andes,Definitivo,135,135,0,0.858630180358887,0.858630180358887,18.4351940155029,25.7138423919678,2.03095388412476,3.05454540252686,6.04363632202148,5,10,0.869565188884735,0.876811623573303,1,1,43,1.05999994277954,143.099992275238
08,2017-08-22,23080760,5,Definitivo,SAN ROQUE [23080760],Pluviométrica,Convencional,Activa,Antioquia,San Roque,6.4875,-75.017,820,5/15/1975,,Monchia,Magdalena Cauca,Medio Magdalena,Río Nare,2017,22,Andes,Definitivo,5,5,0,1.36646938323975,1.36646938323975,0,0.0158034041523933,0.20836578309536,3.05454540252686,6.04363632202148,5,10,0.869565188884735,0.876811623573303,1,1,47,1.05999994277954,5.29999971389771
08,2019-08-23,23080760,4,Definitivo,SAN ROQUE [23080760],Pluviométrica,Convencional,Activa,Antioquia,San Roque,6.4875,-75.017,820,5/15/1975,,Monchia,Magdalena Cauca,Medio Magdalena,Río Nare,2019,23,Andes,Definitivo,4,4,0,6.70598077774048,6.70598077774048,0,0.574129164218903,0.101698480546474,3.05454540252686,6.04363632202148,5,10,0.869565188884735,0.876811623573303,1,1,47,1.05999994277954,4.23999977111816
08,2012-08-04,23080760,3,Definitivo,SAN ROQUE [23080760],Pluviométrica,Convencional,Activa,Antioquia,San Roque,6.4875,-75.017,820,5/15/1975,,Monchia,Magdalena Cauca,Medio Magdalena,Río Nare,2012,04,Andes,Definitivo,3,3,0,6.24670934677124,6.24670934677124,0,10.0150957107544,0.228195890784264,3.05454540252686,6.04363632202148,5,10,0.869565188884735,0.876811623573303,1,1,43,1.05999994277954,3.17999982833862
08,2011-08-09,23080760,0,Definitivo,SAN ROQUE [23080760],Pluviométrica,Convencional,Activa,Antioquia,San Roque,6.4875,-75.017,820,5/15/1975,,Monchia,Magdalena Cauca,Medio Magdalena,Río Nare,2011,09,Andes,Definitivo,0,0,0,0.0871560201048851,0.0871560201048851,0,2.41919875144959,2.71635460853577,3.05454540252686,6.04363632202148,5,10,0.869565188884735,0.876811623573303,1,1,44,1.05999994277954,0
08,2016-08-06,23080760,5,Definitivo,SAN ROQUE [23080760],Pluviométrica,Convencional,Activa,Antioquia,San Roque,6.4875,-75.017,820,5/15/1975,,Monchia,Magdalena Cauca,Medio Magdalena,Río Nare,2016,06,Andes,Definitivo,5,5,0,1.53731656074524,1.53731656074524,0,2.29088759422302,0,3.05454540252686,6.04363632202148,5,10,0.869565188884735,0.876811623573303,1,1,44,1.05999994277954,5.29999971389771
08,2016-08-07,23080760,15,Definitivo,SAN ROQUE [23080760],Pluviométrica,Convencional,Activa,Antioquia,San Roque,6.4875,-75.017,820,5/15/1975,,Monchia,Magdalena Cauca,Medio Magdalena,Río Nare,2016,07,Andes,Definitivo,15,15,0,7.45327520370483,7.45327520370483,0,17.7291145324707,1.23658907413483,3.05454540252686,6.04363632202148,5,10,0.869565188884735,0.876811623573303,1,1,44,1.05999994277954,15.8999991416931
08,2001-08-09,23080760,,"",SAN ROQUE [23080760],Pluviométrica,Convencional,Activa,Antioquia,San Roque,6.4875,-75.017,820,5/15/1975,,Monchia,Magdalena Cauca,Medio Magdalena,Río Nare,2001,09,Andes,Preliminar,0,0,0,0,0,0,0.121185198426247,0.224978789687157,3.05454540252686,6.04363632202148,5,10,0.869565188884735,0.876811623573303,1,1,44,1.05999994277954,0
08,2001-08-06,23080760,,"",SAN ROQUE [23080760],Pluviométrica,Convencional,Activa,Antioquia,San Roque,6.4875,-75.017,820,5/15/1975,,Monchia,Magdalena Cauca,Medio Magdalena,Río Nare,2001,06,Andes,Preliminar,0,0,0,0.590390801429749,0.590390801429749,0,0.754170298576355,0.134069263935089,3.05454540252686,6.04363632202148,5,10,0.869565188884735,0.876811623573303,1,1,44,1.05999994277954,0
08,2003-08-04,23080760,0,Definitivo,SAN ROQUE [23080760],Pluviométrica,Convencional,Activa,Antioquia,San Roque,6.4875,-75.017,820,5/15/1975,,Monchia,Magdalena Cauca,Medio Magdalena,Río Nare,2003,04,Andes,Definitivo,0,0,0,8.60629177093506,8.60629177093506,0,1.53260743618011,0.205309689044952,3.05454540252686,6.04363632202148,5,10,0.869565188884735,0.876811623573303,1,1,43,1.05999994277954,0
08,2001-08-02,23080760,0,Definitivo,SAN ROQUE [23080760],Pluviométrica,Convencional,Activa,Antioquia,San Roque,6.4875,-75.017,820,5/15/1975,,Monchia,Magdalena Cauca,Medio Magdalena,Río Nare,2001,02,Andes,Definitivo,0,0,0,2.42716956138611,2.42716956138611,0,0.785070061683655,0.0759142562747002,3.05454540252686,6.04363632202148,5,10,0.869565188884735,0.876811623573303,1,1,43,1.05999994277954,0
08,2001-08-03,23080760,11,Definitivo,SAN ROQUE [23080760],Pluviométrica,Convencional,Activa,Antioquia,San Roque,6.4875,-75.017,820,5/15/1975,,Monchia,Magdalena Cauca,Medio Magdalena,Río Nare,2001,03,Andes,Definitivo,11,11,0,0.269685477018356,0.269685477018356,0,2.88439226150513,0.112240023910999,3.05454540252686,6.04363632202148,5,10,0.869565188884735,0.876811623573303,1,1,43,1.05999994277954,11.659999370575
08,2004-08-01,23080760,,"",SAN ROQUE [23080760],Pluviométrica,Convencional,Activa,Antioquia,San Roque,6.4875,-75.017,820,5/15/1975,,Monchia,Magdalena Cauca,Medio Magdalena,Río Nare,2004,01,Andes,Preliminar,0,0,0,0.105592012405396,0.105592012405396,6.72092914581299,0,0.493176996707916,3.05454540252686,6.04363632202148,5,10,0.869565188884735,0.876811623573303,1,1,43,1.05999994277954,0
08,2006-08-02,23080760,,"",SAN ROQUE [23080760],Pluviométrica,Convencional,Activa,Antioquia,San Roque,6.4875,-75.017,820,5/15/1975,,Monchia,Magdalena Cauca,Medio Magdalena,Río Nare,2006,02,Andes,Preliminar,0,0,0,17.048828125,17.048828125,5.0066614151001,0,7.15206336975098,3.05454540252686,6.04363632202148,5,10,0.869565188884735,0.876811623573303,1,1,43,1.05999994277954,0
08,2002-08-02,23080760,4,Definitivo,SAN ROQUE [23080760],Pluviométrica,Convencional,Activa,Antioquia,San Roque,6.4875,-75.017,820,5/15/1975,,Monchia,Magdalena Cauca,Medio Magdalena,Río Nare,2002,02,Andes,Definitivo,4,4,0,0,0,0,1.04899966716766,0.332249313592911,3.05454540252686,6.04363632202148,5,10,0.869565188884735,0.876811623573303,1,1,43,1.05999994277954,4.23999977111816
08,2006-08-03,23080760,,"",SAN ROQUE [23080760],Pluviométrica,Convencional,Activa,Antioquia,San Roque,6.4875,-75.017,820,5/15/1975,,Monchia,Magdalena Cauca,Medio Magdalena,Río Nare,2006,03,Andes,Preliminar,0,0,0,0.254460096359253,0.254460096359253,2.50333070755005,0.213523283600807,0.444580405950546,3.05454540252686,6.04363632202148,5,10,0.869565188884735,0.876811623573303,1,1,43,1.05999994277954,0
08,2018-08-22,23080760,0,Definitivo,SAN ROQUE [23080760],Pluviométrica,Convencional,Activa,Antioquia,San Roque,6.4875,-75.017,820,5/15/1975,,Monchia,Magdalena Cauca,Medio Magdalena,Río Nare,2018,22,Andes,Definitivo,0,0,0,0,0,20.9707260131836,1.65090894699097,22.0058937072754,3.05454540252686,6.04363632202148,5,10,0.869565188884735,0.876811623573303,1,1,47,1.05999994277954,0
08,2022-08-18,23080760,0,Definitivo,SAN ROQUE [23080760],Pluviométrica,Convencional,Activa,Antioquia,San Roque,6.4875,-75.017,820,5/15/1975,,Monchia,Magdalena Cauca,Medio Magdalena,Río Nare,2022,18,Andes,Definitivo,0,0,0,17.3455276489258,17.3455276489258,0,6.07892656326294,0.0189262293279171,3.05454540252686,6.04363632202148,5,10,0.869565188884735,0.876811623573303,1,1,46,1.05999994277954,0
08,2018-08-20,23080760,0,Definitivo,SAN ROQUE [23080760],Pluviométrica,Convencional,Activa,Antioquia,San Roque,6.4875,-75.017,820,5/15/1975,,Monchia,Magdalena Cauca,Medio Magdalena,Río Nare,2018,20,Andes,Definitivo,0,0,0,0,0,0,7.78483152389526,0,3.05454540252686,6.04363632202148,5,10,0.869565188884735,0.876811623573303,1,1,46,1.05999994277954,0
08,2020-08-16,23080760,3,Definitivo,SAN ROQUE [23080760],Pluviométrica,Convencional,Activa,Antioquia,San Roque,6.4875,-75.017,820,5/15/1975,,Monchia,Magdalena Cauca,Medio Magdalena,Río Nare,2020,16,Andes,Definitivo,3,3,0,3.15073680877686,3.15073680877686,10.0570020675659,7.70579767227173,6.50584936141968,3.05454540252686,6.04363632202148,5,10,0.869565188884735,0.876811623573303,1,1,46,1.05999994277954,3.17999982833862
08,2014-08-14,23080760,,"",SAN ROQUE [23080760],Pluviométrica,Convencional,Activa,Antioquia,San Roque,6.4875,-75.017,820,5/15/1975,,Monchia,Magdalena Cauca,Medio Magdalena,Río Nare,2014,14,Andes,Preliminar,0,0,0,2.10799312591553,2.10799312591553,11.313868522644,2.1046450138092,17.1605930328369,3.05454540252686,6.04363632202148,5,10,0.869565188884735,0.876811623573303,1,1,45,1.05999994277954,0
08,2013-08-17,23080760,45,Definitivo,SAN ROQUE [23080760],Pluviométrica,Convencional,Activa,Antioquia,San Roque,6.4875,-75.017,820,5/15/1975,,Monchia,Magdalena Cauca,Medio Magdalena,Río Nare,2013,17,Andes,Definitivo,45,45,0,4.33234739303589,4.33234739303589,0,25.4845943450928,3.52967023849487,3.05454540252686,6.04363632202148,5,10,0.869565188884735,0.876811623573303,1,1,46,1.05999994277954,47.6999974250794
08,2013-08-18,23080760,15,Definitivo,SAN ROQUE [23080760],Pluviométrica,Convencional,Activa,Antioquia,San Roque,6.4875,-75.017,820,5/15/1975,,Monchia,Magdalena Cauca,Medio Magdalena,Río Nare,2013,18,Andes,Definitivo,15,15,0,20.5298252105713,20.5298252105713,14.7790393829346,63.1633453369141,19.2398052215576,3.05454540252686,6.04363632202148,5,10,0.869565188884735,0.876811623573303,1,1,46,1.05999994277954,15.8999991416931
08,2012-08-21,23080760,15,Definitivo,SAN ROQUE [23080760],Pluviométrica,Convencional,Activa,Antioquia,San Roque,6.4875,-75.017,820,5/15/1975,,Monchia,Magdalena Cauca,Medio Magdalena,Río Nare,2012,21,Andes,Definitivo,15,15,0,3.5902886390686,3.5902886390686,0,8.48096370697022,15.534478187561,3.05454540252686,6.04363632202148,5,10,0.869565188884735,0.876811623573303,1,1,47,1.05999994277954,15.8999991416931
08,2012-08-22,23080760,64,Definitivo,SAN ROQUE [23080760],Pluviométrica,Convencional,Activa,Antioquia,San Roque,6.4875,-75.017,820,5/15/1975,,Monchia,Magdalena Cauca,Medio Magdalena,Río Nare,2012,22,Andes,Definitivo,64,64,0,9.03692722320557,9.03692722320557,11.7699928283691,19.1266441345215,14.567174911499,3.05454540252686,6.04363632202148,5,10,0.869565188884735,0.876811623573303,1,1,47,1.05999994277954,67.8399963378906
08,2015-08-21,23080760,7,Definitivo,SAN ROQUE [23080760],Pluviométrica,Convencional,Activa,Antioquia,San Roque,6.4875,-75.017,820,5/15/1975,,Monchia,Magdalena Cauca,Medio Magdalena,Río Nare,2015,21,Andes,Definitivo,7,7,0,12.1594524383545,12.1594524383545,12.3289108276367,10.1445474624634,61.8720512390137,3.05454540252686,6.04363632202148,5,10,0.869565188884735,0.876811623573303,1,1,47,1.05999994277954,7.41999959945679
08,2017-08-21,23080760,0,Definitivo,SAN ROQUE [23080760],Pluviométrica,Convencional,Activa,Antioquia,San Roque,6.4875,-75.017,820,5/15/1975,,Monchia,Magdalena Cauca,Medio Magdalena,Río Nare,2017,21,Andes,Definitivo,0,0,0,17.249849319458,17.249849319458,18.966272354126,12.8538284301758,0,3.05454540252686,6.04363632202148,5,10,0.869565188884735,0.876811623573303,1,1,47,1.05999994277954,0
08,2016-08-18,23080760,11,Definitivo,SAN ROQUE [23080760],Pluviométrica,Convencional,Activa,Antioquia,San Roque,6.4875,-75.017,820,5/15/1975,,Monchia,Magdalena Cauca,Medio Magdalena,Río Nare,2016,18,Andes,Definitivo,11,11,0,12.3007822036743,12.3007822036743,10.4508457183838,21.3409118652344,25.7680549621582,3.05454540252686,6.04363632202148,5,10,0.869565188884735,0.876811623573303,1,1,46,1.05999994277954,11.659999370575
08,2015-08-22,23080760,0,Definitivo,SAN ROQUE [23080760],Pluviométrica,Convencional,Activa,Antioquia,San Roque,6.4875,-75.017,820,5/15/1975,,Monchia,Magdalena Cauca,Medio Magdalena,Río Nare,2015,22,Andes,Definitivo,0,0,0,3.40307593345642,3.40307593345642,8.21927356719971,20.9857482910156,14.2515115737915,3.05454540252686,6.04363632202148,5,10,0.869565188884735,0.876811623573303,1,1,47,1.05999994277954,0
08,2008-08-03,23080760,,"",SAN ROQUE [23080760],Pluviométrica,Convencional,Activa,Antioquia,San Roque,6.4875,-75.017,820,5/15/1975,,Monchia,Magdalena Cauca,Medio Magdalena,Río Nare,2008,03,Andes,Preliminar,0,0,0,1.3410804271698,1.3410804271698,0,14.5775632858276,13.2327928543091,3.05454540252686,6.04363632202148,5,10,0.869565188884735,0.876811623573303,1,1,43,1.05999994277954,0
08,2008-08-04,23080760,31,Definitivo,SAN ROQUE [23080760],Pluviométrica,Convencional,Activa,Antioquia,San Roque,6.4875,-75.017,820,5/15/1975,,Monchia,Magdalena Cauca,Medio Magdalena,Río Nare,2008,04,Andes,Definitivo,31,31,0,2.18109798431396,2.18109798431396,0,9.26525115966797,0.178078472614288,3.05454540252686,6.04363632202148,5,10,0.869565188884735,0.876811623573303,1,1,43,1.05999994277954,32.8599982261658
08,2012-08-05,23080760,16,Definitivo,SAN ROQUE [23080760],Pluviométrica,Convencional,Activa,Antioquia,San Roque,6.4875,-75.017,820,5/15/1975,,Monchia,Magdalena Cauca,Medio Magdalena,Río Nare,2012,05,Andes,Definitivo,16,16,0,2.84302067756653,2.84302067756653,23.4649410247803,13.6177177429199,9.09274768829346,3.05454540252686,6.04363632202148,5,10,0.869565188884735,0.876811623573303,1,1,43,1.05999994277954,16.9599990844727
08,2015-08-04,23080760,,"",SAN ROQUE [23080760],Pluviométrica,Convencional,Activa,Antioquia,San Roque,6.4875,-75.017,820,5/15/1975,,Monchia,Magdalena Cauca,Medio Magdalena,Río Nare,2015,04,Andes,Preliminar,0,0,0,3.8056526184082,3.8056526184082,0,1.55815315246582,0,3.05454540252686,6.04363632202148,5,10,0.869565188884735,0.876811623573303,1,1,43,1.05999994277954,0
08,2018-08-17,23080760,24,Definitivo,SAN ROQUE [23080760],Pluviométrica,Convencional,Activa,Antioquia,San Roque,6.4875,-75.017,820,5/15/1975,,Monchia,Magdalena Cauca,Medio Magdalena,Río Nare,2018,17,Andes,Definitivo,24,24,0,0,0,0,0.665037095546722,0,3.05454540252686,6.04363632202148,5,10,0.869565188884735,0.876811623573303,1,1,46,1.05999994277954,25.439998626709
08,2019-08-15,23080760,0,Definitivo,SAN ROQUE [23080760],Pluviométrica,Convencional,Activa,Antioquia,San Roque,6.4875,-75.017,820,5/15/1975,,Monchia,Magdalena Cauca,Medio Magdalena,Río Nare,2019,15,Andes,Definitivo,0,0,0,0,0,2.98768949508667,0,2.23090577125549,3.05454540252686,6.04363632202148,5,10,0.869565188884735,0.876811623573303,1,1,45,1.05999994277954,0
08,2019-08-14,23080760,0,Definitivo,SAN ROQUE [23080760],Pluviométrica,Convencional,Activa,Antioquia,San Roque,6.4875,-75.017,820,5/15/1975,,Monchia,Magdalena Cauca,Medio Magdalena,Río Nare,2019,14,Andes,Definitivo,0,0,0,0,0,1.49384474754334,0.691271960735321,2.30089163780212,3.05454540252686,6.04363632202148,5,10,0.869565188884735,0.876811623573303,1,1,45,1.05999994277954,0
08,2019-08-12,23080760,0,Definitivo,SAN ROQUE [23080760],Pluviométrica,Convencional,Activa,Antioquia,San Roque,6.4875,-75.017,820,5/15/1975,,Monchia,Magdalena Cauca,Medio Magdalena,Río Nare,2019,12,Andes,Definitivo,0,0,0,0,0,0,0.840401470661163,0.817846655845642,3.05454540252686,6.04363632202148,5,10,0.869565188884735,0.876811623573303,1,1,45,1.05999994277954,0
08,2020-08-10,23080760,0,Definitivo,SAN ROQUE [23080760],Pluviométrica,Convencional,Activa,Antioquia,San Roque,6.4875,-75.017,820,5/15/1975,,Monchia,Magdalena Cauca,Medio Magdalena,Río Nare,2020,10,Andes,Definitivo,0,0,0,4.52587127685547,4.52587127685547,0,1.01955103874207,0.315753430128098,3.05454540252686,6.04363632202148,5,10,0.869565188884735,0.876811623573303,1,1,44,1.05999994277954,0
08,2021-08-07,23080760,3,Definitivo,SAN ROQUE [23080760],Pluviométrica,Convencional,Activa,Antioquia,San Roque,6.4875,-75.017,820,5/15/1975,,Monchia,Magdalena Cauca,Medio Magdalena,Río Nare,2021,07,Andes,Definitivo,3,3,0,0,0,0,11.8900136947632,0.576724410057068,3.05454540252686,6.04363632202148,5,10,0.869565188884735,0.876811623573303,1,1,44,1.05999994277954,3.17999982833862
08,2021-08-06,23080760,0,Definitivo,SAN ROQUE [23080760],Pluviométrica,Convencional,Activa,Antioquia,San Roque,6.4875,-75.017,820,5/15/1975,,Monchia,Magdalena Cauca,Medio Magdalena,Río Nare,2021,06,Andes,Definitivo,0,0,0,0,0,0,11.8900136947632,0.0170490015298128,3.05454540252686,6.04363632202148,5,10,0.869565188884735,0.876811623573303,1,1,44,1.05999994277954,0
08,2023-08-01,23080760,0,Definitivo,SAN ROQUE [23080760],Pluviométrica,Convencional,Activa,Antioquia,San Roque,6.4875,-75.017,820,5/15/1975,,Monchia,Magdalena Cauca,Medio Magdalena,Río Nare,2023,01,Andes,Definitivo,0,0,0,2.7295880317688,2.7295880317688,0,1.383380651474,0.0344859808683395,3.05454540252686,6.04363632202148,5,10,0.869565188884735,0.876811623573303,1,1,43,1.05999994277954,0
08,2014-08-18,23080760,0,Definitivo,SAN ROQUE [23080760],Pluviométrica,Convencional,Activa,Antioquia,San Roque,6.4875,-75.017,820,5/15/1975,,Monchia,Magdalena Cauca,Medio Magdalena,Río Nare,2014,18,Andes,Definitivo,0,0,0,0,0,8.70743846893311,3.02002024650574,9.30254173278809,3.05454540252686,6.04363632202148,5,10,0.869565188884735,0.876811623573303,1,1,46,1.05999994277954,0
08,2015-08-23,23080760,3,Definitivo,SAN ROQUE [23080760],Pluviométrica,Convencional,Activa,Antioquia,San Roque,6.4875,-75.017,820,5/15/1975,,Monchia,Magdalena Cauca,Medio Magdalena,Río Nare,2015,23,Andes,Definitivo,3,3,0,29.8522777557373,29.8522777557373,8.21927356719971,8.76282215118408,5.19529056549072,3.05454540252686,6.04363632202148,5,10,0.869565188884735,0.876811623573303,1,1,47,1.05999994277954,3.17999982833862
08,2017-08-23,23080760,0,Definitivo,SAN ROQUE [23080760],Pluviométrica,Convencional,Activa,Antioquia,San Roque,6.4875,-75.017,820,5/15/1975,,Monchia,Magdalena Cauca,Medio Magdalena,Río Nare,2017,23,Andes,Definitivo,0,0,0,2.1709132194519,2.1709132194519,18.966272354126,1.10978066921234,16.9716567993164,3.05454540252686,6.04363632202148,5,10,0.869565188884735,0.876811623573303,1,1,47,1.05999994277954,0
08,2019-08-20,23080760,1,Definitivo,SAN ROQUE [23080760],Pluviométrica,Convencional,Activa,Antioquia,San Roque,6.4875,-75.017,820,5/15/1975,,Monchia,Magdalena Cauca,Medio Magdalena,Río Nare,2019,20,Andes,Definitivo,1,1,0,9.57139110565186,9.57139110565186,8.39480876922607,8.37821483612061,2.84581971168518,3.05454540252686,6.04363632202148,5,10,0.869565188884735,0.876811623573303,1,1,46,1.05999994277954,1.05999994277954
08,2020-08-18,23080760,0,Definitivo,SAN ROQUE [23080760],Pluviométrica,Convencional,Activa,Antioquia,San Roque,6.4875,-75.017,820,5/15/1975,,Monchia,Magdalena Cauca,Medio Magdalena,Río Nare,2020,18,Andes,Definitivo,0,0,0,5.30196571350098,5.30196571350098,0,16.0269584655762,0.00247809430584312,3.05454540252686,6.04363632202148,5,10,0.869565188884735,0.876811623573303,1,1,46,1.05999994277954,0
08,2014-08-07,23080760,30,Definitivo,SAN ROQUE [23080760],Pluviométrica,Convencional,Activa,Antioquia,San Roque,6.4875,-75.017,820,5/15/1975,,Monchia,Magdalena Cauca,Medio Magdalena,Río Nare,2014,07,Andes,Definitivo,30,30,0,2.56812238693237,2.56812238693237,16.2095165252686,17.0496234893799,18.5627574920654,3.05454540252686,6.04363632202148,5,10,0.869565188884735,0.876811623573303,1,1,44,1.05999994277954,31.7999982833862
08,2015-08-11,23080760,,"",SAN ROQUE [23080760],Pluviométrica,Convencional,Activa,Antioquia,San Roque,6.4875,-75.017,820,5/15/1975,,Monchia,Magdalena Cauca,Medio Magdalena,Río Nare,2015,11,Andes,Preliminar,0,0,0,9.41110706329346,9.41110706329346,14.4544878005981,8.83791446685791,9.57515811920166,3.05454540252686,6.04363632202148,5,10,0.869565188884735,0.876811623573303,1,1,45,1.05999994277954,0
08,2015-08-12,23080760,1,Definitivo,SAN ROQUE [23080760],Pluviométrica,Convencional,Activa,Antioquia,San Roque,6.4875,-75.017,820,5/15/1975,,Monchia,Magdalena Cauca,Medio Magdalena,Río Nare,2015,12,Andes,Definitivo,1,1,0,0,0,0,3.51005721092224,0.0198437329381704,3.05454540252686,6.04363632202148,5,10,0.869565188884735,0.876811623573303,1,1,45,1.05999994277954,1.05999994277954
08,2014-08-15,23080760,0,Definitivo,SAN ROQUE [23080760],Pluviométrica,Convencional,Activa,Antioquia,San Roque,6.4875,-75.017,820,5/15/1975,,Monchia,Magdalena Cauca,Medio Magdalena,Río Nare,2014,15,Andes,Definitivo,0,0,0,1.51040720939636,1.51040720939636,0,0,0,3.05454540252686,6.04363632202148,5,10,0.869565188884735,0.876811623573303,1,1,45,1.05999994277954,0
08,2003-08-01,23080760,0,Definitivo,SAN ROQUE [23080760],Pluviométrica,Convencional,Activa,Antioquia,San Roque,6.4875,-75.017,820,5/15/1975,,Monchia,Magdalena Cauca,Medio Magdalena,Río Nare,2003,01,Andes,Definitivo,0,0,0,0.208007082343102,0.208007082343102,16.357795715332,15.5934562683105,23.6026916503906,3.05454540252686,6.04363632202148,5,10,0.869565188884735,0.876811623573303,1,1,43,1.05999994277954,0
08,2001-08-01,23080760,,"",SAN ROQUE [23080760],Pluviométrica,Convencional,Activa,Antioquia,San Roque,6.4875,-75.017,820,5/15/1975,,Monchia,Magdalena Cauca,Medio Magdalena,Río Nare,2001,01,Andes,Preliminar,0,0,0,2.42716956138611,2.42716956138611,0,2.36845874786377,0.0767765641212463,3.05454540252686,6.04363632202148,5,10,0.869565188884735,0.876811623573303,1,1,43,1.05999994277954,0
08,2002-08-01,23080760,1,Definitivo,SAN ROQUE [23080760],Pluviométrica,Convencional,Activa,Antioquia,San Roque,6.4875,-75.017,820,5/15/1975,,Monchia,Magdalena Cauca,Medio Magdalena,Río Nare,2002,01,Andes,Definitivo,1,1,0,1.36933398246765,1.36933398246765,0,0.892915070056915,0.163978651165962,3.05454540252686,6.04363632202148,5,10,0.869565188884735,0.876811623573303,1,1,43,1.05999994277954,1.05999994277954
08,2014-08-17,23080760,0,Definitivo,SAN ROQUE [23080760],Pluviométrica,Convencional,Activa,Antioquia,San Roque,6.4875,-75.017,820,5/15/1975,,Monchia,Magdalena Cauca,Medio Magdalena,Río Nare,2014,17,Andes,Definitivo,0,0,0,2.33880186080933,2.33880186080933,0,3.16028165817261,0.0133165698498487,3.05454540252686,6.04363632202148,5,10,0.869565188884735,0.876811623573303,1,1,46,1.05999994277954,0
08,2016-08-11,23080760,34,Definitivo,SAN ROQUE [23080760],Pluviométrica,Convencional,Activa,Antioquia,San Roque,6.4875,-75.017,820,5/15/1975,,Monchia,Magdalena Cauca,Medio Magdalena,Río Nare,2016,11,Andes,Definitivo,34,34,0,0.260482788085938,0.260482788085938,12.6868705749512,0.41820964217186,19.1059436798096,3.05454540252686,6.04363632202148,5,10,0.869565188884735,0.876811623573303,1,1,45,1.05999994277954,36.0399980545044
08,2004-08-02,23080760,,"",SAN ROQUE [23080760],Pluviométrica,Convencional,Activa,Antioquia,San Roque,6.4875,-75.017,820,5/15/1975,,Monchia,Magdalena Cauca,Medio Magdalena,Río Nare,2004,02,Andes,Preliminar,0,0,0,0.844736099243164,0.844736099243164,0,1.99150681495667,0.335171908140183,3.05454540252686,6.04363632202148,5,10,0.869565188884735,0.876811623573303,1,1,43,1.05999994277954,0
08,2007-08-01,23080760,6,Definitivo,SAN ROQUE [23080760],Pluviométrica,Convencional,Activa,Antioquia,San Roque,6.4875,-75.017,820,5/15/1975,,Monchia,Magdalena Cauca,Medio Magdalena,Río Nare,2007,01,Andes,Definitivo,6,6,0,0,0,0,1.37331318855286,0.00715439114719629,3.05454540252686,6.04363632202148,5,10,0.869565188884735,0.876811623573303,1,1,43,1.05999994277954,6.35999965667725
08,2009-08-01,23080760,0,Definitivo,SAN ROQUE [23080760],Pluviométrica,Convencional,Activa,Antioquia,San Roque,6.4875,-75.017,820,5/15/1975,,Monchia,Magdalena Cauca,Medio Magdalena,Río Nare,2009,01,Andes,Definitivo,0,0,0,2.25812125205994,2.25812125205994,0,17.8856086730957,2.3772087097168,3.05454540252686,6.04363632202148,5,10,0.869565188884735,0.876811623573303,1,1,43,1.05999994277954,0
08,2010-08-05,23080760,17,Definitivo,SAN ROQUE [23080760],Pluviométrica,Convencional,Activa,Antioquia,San Roque,6.4875,-75.017,820,5/15/1975,,Monchia,Magdalena Cauca,Medio Magdalena,Río Nare,2010,05,Andes,Definitivo,17,17,0,0,0,0,0.349191188812256,0.994064569473267,3.05454540252686,6.04363632202148,5,10,0.869565188884735,0.876811623573303,1,1,43,1.05999994277954,18.0199990272522
08,2019-08-18,23080760,4,Definitivo,SAN ROQUE [23080760],Pluviométrica,Convencional,Activa,Antioquia,San Roque,6.4875,-75.017,820,5/15/1975,,Monchia,Magdalena Cauca,Medio Magdalena,Río Nare,2019,18,Andes,Definitivo,4,4,0,0,0,0,0.00642025470733643,3.73597502708435,3.05454540252686,6.04363632202148,5,10,0.869565188884735,0.876811623573303,1,1,46,1.05999994277954,4.23999977111816
08,2020-08-15,23080760,8,Definitivo,SAN ROQUE [23080760],Pluviométrica,Convencional,Activa,Antioquia,San Roque,6.4875,-75.017,820,5/15/1975,,Monchia,Magdalena Cauca,Medio Magdalena,Río Nare,2020,15,Andes,Definitivo,8,8,0,45.1826248168945,45.1826248168945,19.2073650360107,29.3503799438477,31.1342010498047,3.05454540252686,6.04363632202148,5,10,0.869565188884735,0.876811623573303,1,1,45,1.05999994277954,8.47999954223633
08,2018-08-16,23080760,0,Definitivo,SAN ROQUE [23080760],Pluviométrica,Convencional,Activa,Antioquia,San Roque,6.4875,-75.017,820,5/15/1975,,Monchia,Magdalena Cauca,Medio Magdalena,Río Nare,2018,16,Andes,Definitivo,0,0,0,0,0,0,0,0,3.05454540252686,6.04363632202148,5,10,0.869565188884735,0.876811623573303,1,1,46,1.05999994277954,0
08,2018-08-15,23080760,2,Definitivo,SAN ROQUE [23080760],Pluviométrica,Convencional,Activa,Antioquia,San Roque,6.4875,-75.017,820,5/15/1975,,Monchia,Magdalena Cauca,Medio Magdalena,Río Nare,2018,15,Andes,Definitivo,2,2,0,14.4782094955444,14.4782094955444,22.9940032958984,15.061803817749,12.815993309021,3.05454540252686,6.04363632202148,5,10,0.869565188884735,0.876811623573303,1,1,45,1.05999994277954,2.11999988555908
08,2014-08-16,23080760,0,Definitivo,SAN ROQUE [23080760],Pluviométrica,Convencional,Activa,Antioquia,San Roque,6.4875,-75.017,820,5/15/1975,,Monchia,Magdalena Cauca,Medio Magdalena,Río Nare,2014,16,Andes,Definitivo,0,0,0,11.3206281661987,11.3206281661987,5.80495882034302,6.8089485168457,6.49645185470581,3.05454540252686,6.04363632202148,5,10,0.869565188884735,0.876811623573303,1,1,46,1.05999994277954,0
08,2013-08-19,23080760,20,Definitivo,SAN ROQUE [23080760],Pluviométrica,Convencional,Activa,Antioquia,San Roque,6.4875,-75.017,820,5/15/1975,,Monchia,Magdalena Cauca,Medio Magdalena,Río Nare,2013,19,Andes,Definitivo,20,20,0,6.1654691696167,6.1654691696167,4.43840646743774,6.09889984130859,59.2017402648926,3.05454540252686,6.04363632202148,5,10,0.869565188884735,0.876811623573303,1,1,46,1.05999994277954,21.1999988555908
08,2013-08-20,23080760,28,Definitivo,SAN ROQUE [23080760],Pluviométrica,Convencional,Activa,Antioquia,San Roque,6.4875,-75.017,820,5/15/1975,,Monchia,Magdalena Cauca,Medio Magdalena,Río Nare,2013,20,Andes,Definitivo,28,28,0,9.41769599914551,9.41769599914551,6.77962446212769,19.8633365631104,12.7577600479126,3.05454540252686,6.04363632202148,5,10,0.869565188884735,0.876811623573303,1,1,46,1.05999994277954,29.6799983978272
08,2022-08-03,23080760,4,Definitivo,SAN ROQUE [23080760],Pluviométrica,Convencional,Activa,Antioquia,San Roque,6.4875,-75.017,820,5/15/1975,,Monchia,Magdalena Cauca,Medio Magdalena,Río Nare,2022,03,Andes,Definitivo,4,4,0,0,0,9.21759700775146,31.3536205291748,1.45605981349945,3.05454540252686,6.04363632202148,5,10,0.869565188884735,0.876811623573303,1,1,43,1.05999994277954,4.23999977111816
08,2020-08-02,23080760,0,Definitivo,SAN ROQUE [23080760],Pluviométrica,Convencional,Activa,Antioquia,San Roque,6.4875,-75.017,820,5/15/1975,,Monchia,Magdalena Cauca,Medio Magdalena,Río Nare,2020,02,Andes,Definitivo,0,0,0,0,0,0,0.016449224203825,0,3.05454540252686,6.04363632202148,5,10,0.869565188884735,0.876811623573303,1,1,43,1.05999994277954,0
08,2014-08-19,23080760,,"",SAN ROQUE [23080760],Pluviométrica,Convencional,Activa,Antioquia,San Roque,6.4875,-75.017,820,5/15/1975,,Monchia,Magdalena Cauca,Medio Magdalena,Río Nare,2014,19,Andes,Preliminar,0,0,0,0,0,5.80495882034302,11.2738342285156,10.9513788223267,3.05454540252686,6.04363632202148,5,10,0.869565188884735,0.876811623573303,1,1,46,1.05999994277954,0
08,2016-08-19,23080760,0,Definitivo,SAN ROQUE [23080760],Pluviométrica,Convencional,Activa,Antioquia,San Roque,6.4875,-75.017,820,5/15/1975,,Monchia,Magdalena Cauca,Medio Magdalena,Río Nare,2016,19,Andes,Definitivo,0,0,0,7.71184492111206,7.71184492111206,0,7.46592855453491,0,3.05454540252686,6.04363632202148,5,10,0.869565188884735,0.876811623573303,1,1,46,1.05999994277954,0
08,2016-08-20,23080760,,"",SAN ROQUE [23080760],Pluviométrica,Convencional,Activa,Antioquia,San Roque,6.4875,-75.017,820,5/15/1975,,Monchia,Magdalena Cauca,Medio Magdalena,Río Nare,2016,20,Andes,Preliminar,0,0,0,3.56305599212647,3.56305599212647,0,3.09979104995728,0,3.05454540252686,6.04363632202148,5,10,0.869565188884735,0.876811623573303,1,1,46,1.05999994277954,0
08,2018-08-21,23080760,26,Definitivo,SAN ROQUE [23080760],Pluviométrica,Convencional,Activa,Antioquia,San Roque,6.4875,-75.017,820,5/15/1975,,Monchia,Magdalena Cauca,Medio Magdalena,Río Nare,2018,21,Andes,Definitivo,26,26,0,0,0,20.9707260131836,0.70386129617691,11.6110105514526,3.05454540252686,6.04363632202148,5,10,0.869565188884735,0.876811623573303,1,1,47,1.05999994277954,27.5599985122681
08,2010-08-06,23080760,3,Definitivo,SAN ROQUE [23080760],Pluviométrica,Convencional,Activa,Antioquia,San Roque,6.4875,-75.017,820,5/15/1975,,Monchia,Magdalena Cauca,Medio Magdalena,Río Nare,2010,06,Andes,Definitivo,3,3,0,0,0,5.06449270248413,5.0530800819397,13.695779800415,3.05454540252686,6.04363632202148,5,10,0.869565188884735,0.876811623573303,1,1,44,1.05999994277954,3.17999982833862
08,2013-08-04,23080760,10,Definitivo,SAN ROQUE [23080760],Pluviométrica,Convencional,Activa,Antioquia,San Roque,6.4875,-75.017,820,5/15/1975,,Monchia,Magdalena Cauca,Medio Magdalena,Río Nare,2013,04,Andes,Definitivo,10,10,0,11.7771530151367,11.7771530151367,0,21.8287696838379,0.00188767595682293,3.05454540252686,6.04363632202148,5,10,0.869565188884735,0.876811623573303,1,1,43,1.05999994277954,10.5999994277954
08,2014-08-08,23080760,3,Definitivo,SAN ROQUE [23080760],Pluviométrica,Convencional,Activa,Antioquia,San Roque,6.4875,-75.017,820,5/15/1975,,Monchia,Magdalena Cauca,Medio Magdalena,Río Nare,2014,08,Andes,Definitivo,3,3,0,1.10644674301147,1.10644674301147,8.10475826263428,32.6943321228027,16.4738578796387,3.05454540252686,6.04363632202148,5,10,0.869565188884735,0.876811623573303,1,1,44,1.05999994277954,3.17999982833862
08,2016-08-08,23080760,4,Definitivo,SAN ROQUE [23080760],Pluviométrica,Convencional,Activa,Antioquia,San Roque,6.4875,-75.017,820,5/15/1975,,Monchia,Magdalena Cauca,Medio Magdalena,Río Nare,2016,08,Andes,Definitivo,4,4,0,9.03684139251709,9.03684139251709,34.8758087158203,22.2068901062012,36.1657867431641,3.05454540252686,6.04363632202148,5,10,0.869565188884735,0.876811623573303,1,1,44,1.05999994277954,4.23999977111816
08,2018-08-13,23080760,24,Definitivo,SAN ROQUE [23080760],Pluviométrica,Convencional,Activa,Antioquia,San Roque,6.4875,-75.017,820,5/15/1975,,Monchia,Magdalena Cauca,Medio Magdalena,Río Nare,2018,13,Andes,Definitivo,24,24,0,0,0,0,0.448861986398697,0.145781055092812,3.05454540252686,6.04363632202148,5,10,0.869565188884735,0.876811623573303,1,1,45,1.05999994277954,25.439998626709
08,2020-08-09,23080760,0,Definitivo,SAN ROQUE [23080760],Pluviométrica,Convencional,Activa,Antioquia,San Roque,6.4875,-75.017,820,5/15/1975,,Monchia,Magdalena Cauca,Medio Magdalena,Río Nare,2020,09,Andes,Definitivo,0,0,0,4.52587127685547,4.52587127685547,0,0.495596677064896,0,3.05454540252686,6.04363632202148,5,10,0.869565188884735,0.876811623573303,1,1,44,1.05999994277954,0
08,2020-08-08,23080760,0,Definitivo,SAN ROQUE [23080760],Pluviométrica,Convencional,Activa,Antioquia,San Roque,6.4875,-75.017,820,5/15/1975,,Monchia,Magdalena Cauca,Medio Magdalena,Río Nare,2020,08,Andes,Definitivo,0,0,0,4.52587127685547,4.52587127685547,1.82349479198456,2.79452133178711,1.04030621051788,3.05454540252686,6.04363632202148,5,10,0.869565188884735,0.876811623573303,1,1,44,1.05999994277954,0
08,2016-08-10,23080760,5,Definitivo,SAN ROQUE [23080760],Pluviométrica,Convencional,Activa,Antioquia,San Roque,6.4875,-75.017,820,5/15/1975,,Monchia,Magdalena Cauca,Medio Magdalena,Río Nare,2016,10,Andes,Definitivo,5,5,0,3.20266652107239,3.20266652107239,34.8758087158203,17.6713085174561,31.0749759674072,3.05454540252686,6.04363632202148,5,10,0.869565188884735,0.876811623573303,1,1,44,1.05999994277954,5.29999971389771
08,2018-08-05,23080760,4,Definitivo,SAN ROQUE [23080760],Pluviométrica,Convencional,Activa,Antioquia,San Roque,6.4875,-75.017,820,5/15/1975,,Monchia,Magdalena Cauca,Medio Magdalena,Río Nare,2018,05,Andes,Definitivo,4,4,0,0,0,22.6183948516846,5.37823629379273,35.5972023010254,3.05454540252686,6.04363632202148,5,10,0.869565188884735,0.876811623573303,1,1,43,1.05999994277954,4.23999977111816
08,2015-08-15,23080760,0,Definitivo,SAN ROQUE [23080760],Pluviométrica,Convencional,Activa,Antioquia,San Roque,6.4875,-75.017,820,5/15/1975,,Monchia,Magdalena Cauca,Medio Magdalena,Río Nare,2015,15,Andes,Definitivo,0,0,0,10.7015924453735,10.7015924453735,7.22724390029907,8.49387264251709,0.587932348251343,3.05454540252686,6.04363632202148,5,10,0.869565188884735,0.876811623573303,1,1,45,1.05999994277954,0
08,2015-08-16,23080760,2,Definitivo,SAN ROQUE [23080760],Pluviométrica,Convencional,Activa,Antioquia,San Roque,6.4875,-75.017,820,5/15/1975,,Monchia,Magdalena Cauca,Medio Magdalena,Río Nare,2015,16,Andes,Definitivo,2,2,0,10.4309053421021,10.4309053421021,0,16.935474395752,16.5675926208496,3.05454540252686,6.04363632202148,5,10,0.869565188884735,0.876811623573303,1,1,46,1.05999994277954,2.11999988555908
08,2002-08-03,23080760,,"",SAN ROQUE [23080760],Pluviométrica,Convencional,Activa,Antioquia,San Roque,6.4875,-75.017,820,5/15/1975,,Monchia,Magdalena Cauca,Medio Magdalena,Río Nare,2002,03,Andes,Preliminar,0,0,0,4.10800266265869,4.10800266265869,5.68978023529053,20.3407688140869,2.55411529541016,3.05454540252686,6.04363632202148,5,10,0.869565188884735,0.876811623573303,1,1,43,1.05999994277954,0
08,2005-08-01,23080760,44,Definitivo,SAN ROQUE [23080760],Pluviométrica,Convencional,Activa,Antioquia,San Roque,6.4875,-75.017,820,5/15/1975,,Monchia,Magdalena Cauca,Medio Magdalena,Río Nare,2005,01,Andes,Definitivo,44,44,0,0,0,8.03979682922363,0.453757047653198,20.8102283477783,3.05454540252686,6.04363632202148,5,10,0.869565188884735,0.876811623573303,1,1,43,1.05999994277954,46.6399974822998
08,2017-08-20,23080760,1,Definitivo,SAN ROQUE [23080760],Pluviométrica,Convencional,Activa,Antioquia,San Roque,6.4875,-75.017,820,5/15/1975,,Monchia,Magdalena Cauca,Medio Magdalena,Río Nare,2017,20,Andes,Definitivo,1,1,0,4.3193883895874,4.3193883895874,0,10.4322700500488,1.85307550430298,3.05454540252686,6.04363632202148,5,10,0.869565188884735,0.876811623573303,1,1,46,1.05999994277954,1.05999994277954
08,2018-08-19,23080760,0,Definitivo,SAN ROQUE [23080760],Pluviométrica,Convencional,Activa,Antioquia,San Roque,6.4875,-75.017,820,5/15/1975,,Monchia,Magdalena Cauca,Medio Magdalena,Río Nare,2018,19,Andes,Definitivo,0,0,0,0,0,0,29.8478908538818,19.3682403564453,3.05454540252686,6.04363632202148,5,10,0.869565188884735,0.876811623573303,1,1,46,1.05999994277954,0
08,2019-08-17,23080760,2,Definitivo,SAN ROQUE [23080760],Pluviométrica,Convencional,Activa,Antioquia,San Roque,6.4875,-75.017,820,5/15/1975,,Monchia,Magdalena Cauca,Medio Magdalena,Río Nare,2019,17,Andes,Definitivo,2,2,0,8.47855281829834,8.47855281829834,0,7.72115278244019,2.19584465026855,3.05454540252686,6.04363632202148,5,10,0.869565188884735,0.876811623573303,1,1,46,1.05999994277954,2.11999988555908
08,2017-08-17,23080760,4,Definitivo,SAN ROQUE [23080760],Pluviométrica,Convencional,Activa,Antioquia,San Roque,6.4875,-75.017,820,5/15/1975,,Monchia,Magdalena Cauca,Medio Magdalena,Río Nare,2017,17,Andes,Definitivo,4,4,0,0,0,5.24706268310547,11.7981176376343,0.0806261152029038,3.05454540252686,6.04363632202148,5,10,0.869565188884735,0.876811623573303,1,1,46,1.05999994277954,4.23999977111816
08,2016-08-09,23080760,30,Definitivo,SAN ROQUE [23080760],Pluviométrica,Convencional,Activa,Antioquia,San Roque,6.4875,-75.017,820,5/15/1975,,Monchia,Magdalena Cauca,Medio Magdalena,Río Nare,2016,09,Andes,Definitivo,30,30,0,17.5247745513916,17.5247745513916,0,14.7555465698242,6.17640161514282,3.05454540252686,6.04363632202148,5,10,0.869565188884735,0.876811623573303,1,1,44,1.05999994277954,31.7999982833862
08,2015-08-13,23080760,0,Definitivo,SAN ROQUE [23080760],Pluviométrica,Convencional,Activa,Antioquia,San Roque,6.4875,-75.017,820,5/15/1975,,Monchia,Magdalena Cauca,Medio Magdalena,Río Nare,2015,13,Andes,Definitivo,0,0,0,17.8467197418213,17.8467197418213,0,11.587649345398,3.3154091835022,3.05454540252686,6.04363632202148,5,10,0.869565188884735,0.876811623573303,1,1,45,1.05999994277954,0
08,2015-08-14,23080760,0,Definitivo,SAN ROQUE [23080760],Pluviométrica,Convencional,Activa,Antioquia,San Roque,6.4875,-75.017,820,5/15/1975,,Monchia,Magdalena Cauca,Medio Magdalena,Río Nare,2015,14,Andes,Definitivo,0,0,0,0.13494123518467,0.13494123518467,21.6817321777344,11.83336353302,30.7645206451416,3.05454540252686,6.04363632202148,5,10,0.869565188884735,0.876811623573303,1,1,45,1.05999994277954,0
08,2021-08-05,23080760,0,Definitivo,SAN ROQUE [23080760],Pluviométrica,Convencional,Activa,Antioquia,San Roque,6.4875,-75.017,820,5/15/1975,,Monchia,Magdalena Cauca,Medio Magdalena,Río Nare,2021,05,Andes,Definitivo,0,0,0,9.58112812042236,9.58112812042236,0,8.02968120574951,0,3.05454540252686,6.04363632202148,5,10,0.869565188884735,0.876811623573303,1,1,43,1.05999994277954,0
08,2022-08-02,23080760,10,Definitivo,SAN ROQUE [23080760],Pluviométrica,Convencional,Activa,Antioquia,San Roque,6.4875,-75.017,820,5/15/1975,,Monchia,Magdalena Cauca,Medio Magdalena,Río Nare,2022,02,Andes,Definitivo,10,10,0,3.88341331481934,3.88341331481934,9.21759700775146,31.914981842041,64.9505844116211,3.05454540252686,6.04363632202148,5,10,0.869565188884735,0.876811623573303,1,1,43,1.05999994277954,10.5999994277954
08,2017-08-08,23080760,35,Definitivo,SAN ROQUE [23080760],Pluviométrica,Convencional,Activa,Antioquia,San Roque,6.4875,-75.017,820,5/15/1975,,Monchia,Magdalena Cauca,Medio Magdalena,Río Nare,2017,08,Andes,Definitivo,35,35,0,17.9161376953125,17.9161376953125,18.1394271850586,8.81999111175537,27.5159778594971,3.05454540252686,6.04363632202148,5,10,0.869565188884735,0.876811623573303,1,1,44,1.05999994277954,37.0999979972839
08,2017-08-09,23080760,0,Definitivo,SAN ROQUE [23080760],Pluviométrica,Convencional,Activa,Antioquia,San Roque,6.4875,-75.017,820,5/15/1975,,Monchia,Magdalena Cauca,Medio Magdalena,Río Nare,2017,09,Andes,Definitivo,0,0,0,6.45413255691528,6.45413255691528,18.1394271850586,5.29577350616455,50.9126319885254,3.05454540252686,6.04363632202148,5,10,0.869565188884735,0.876811623573303,1,1,44,1.05999994277954,0
08,2015-08-17,23080760,0,Definitivo,SAN ROQUE [23080760],Pluviométrica,Convencional,Activa,Antioquia,San Roque,6.4875,-75.017,820,5/15/1975,,Monchia,Magdalena Cauca,Medio Magdalena,Río Nare,2015,17,Andes,Definitivo,0,0,0,11.0248861312866,11.0248861312866,10.9619588851929,5.00760126113892,6.45408868789673,3.05454540252686,6.04363632202148,5,10,0.869565188884735,0.876811623573303,1,1,46,1.05999994277954,0
08,2014-08-20,23080760,1,Definitivo,SAN ROQUE [23080760],Pluviométrica,Convencional,Activa,Antioquia,San Roque,6.4875,-75.017,820,5/15/1975,,Monchia,Magdalena Cauca,Medio Magdalena,Río Nare,2014,20,Andes,Definitivo,1,1,0,35.2736473083496,35.2736473083496,0,2.59309267997742,0.0924835428595543,3.05454540252686,6.04363632202148,5,10,0.869565188884735,0.876811623573303,1,1,46,1.05999994277954,1.05999994277954
08,2009-08-02,23080760,0,Definitivo,SAN ROQUE [23080760],Pluviométrica,Convencional,Activa,Antioquia,San Roque,6.4875,-75.017,820,5/15/1975,,Monchia,Magdalena Cauca,Medio Magdalena,Río Nare,2009,02,Andes,Definitivo,0,0,0,0,0,0,1.5543327331543,0.826718211174011,3.05454540252686,6.04363632202148,5,10,0.869565188884735,0.876811623573303,1,1,43,1.05999994277954,0
08,2008-08-05,23080760,,"",SAN ROQUE [23080760],Pluviométrica,Convencional,Activa,Antioquia,San Roque,6.4875,-75.017,820,5/15/1975,,Monchia,Magdalena Cauca,Medio Magdalena,Río Nare,2008,05,Andes,Preliminar,0,0,0,0.81054300069809,0.81054300069809,23.2022304534912,12.6283807754517,28.4068508148193,3.05454540252686,6.04363632202148,5,10,0.869565188884735,0.876811623573303,1,1,43,1.05999994277954,0
08,2011-08-04,23080760,13,Definitivo,SAN ROQUE [23080760],Pluviométrica,Convencional,Activa,Antioquia,San Roque,6.4875,-75.017,820,5/15/1975,,Monchia,Magdalena Cauca,Medio Magdalena,Río Nare,2011,04,Andes,Definitivo,13,13,0,6.7721152305603,6.7721152305603,0,8.1274995803833,0.183994203805923,3.05454540252686,6.04363632202148,5,10,0.869565188884735,0.876811623573303,1,1,43,1.05999994277954,13.779999256134
08,2015-08-05,23080760,,"",SAN ROQUE [23080760],Pluviométrica,Convencional,Activa,Antioquia,San Roque,6.4875,-75.017,820,5/15/1975,,Monchia,Magdalena Cauca,Medio Magdalena,Río Nare,2015,05,Andes,Preliminar,0,0,0,0,0,0,0.209203243255615,0,3.05454540252686,6.04363632202148,5,10,0.869565188884735,0.876811623573303,1,1,43,1.05999994277954,0
08,2018-08-14,23080760,4,Definitivo,SAN ROQUE [23080760],Pluviométrica,Convencional,Activa,Antioquia,San Roque,6.4875,-75.017,820,5/15/1975,,Monchia,Magdalena Cauca,Medio Magdalena,Río Nare,2018,14,Andes,Definitivo,4,4,0,23.7344589233398,23.7344589233398,22.9940032958984,40.8269996643066,43.4733543395996,3.05454540252686,6.04363632202148,5,10,0.869565188884735,0.876811623573303,1,1,45,1.05999994277954,4.23999977111816
08,2020-08-07,23080760,0,Definitivo,SAN ROQUE [23080760],Pluviométrica,Convencional,Activa,Antioquia,San Roque,6.4875,-75.017,820,5/15/1975,,Monchia,Magdalena Cauca,Medio Magdalena,Río Nare,2020,07,Andes,Definitivo,0,0,0,4.52587127685547,4.52587127685547,1.82349479198456,3.61289429664612,8.05565357208252,3.05454540252686,6.04363632202148,5,10,0.869565188884735,0.876811623573303,1,1,44,1.05999994277954,0
08,2019-08-11,23080760,0,Definitivo,SAN ROQUE [23080760],Pluviométrica,Convencional,Activa,Antioquia,San Roque,6.4875,-75.017,820,5/15/1975,,Monchia,Magdalena Cauca,Medio Magdalena,Río Nare,2019,11,Andes,Definitivo,0,0,0,24.6338653564453,24.6338653564453,0,10.3783273696899,0,3.05454540252686,6.04363632202148,5,10,0.869565188884735,0.876811623573303,1,1,45,1.05999994277954,0
08,2018-08-04,23080760,30,Definitivo,SAN ROQUE [23080760],Pluviométrica,Convencional,Activa,Antioquia,San Roque,6.4875,-75.017,820,5/15/1975,,Monchia,Magdalena Cauca,Medio Magdalena,Río Nare,2018,04,Andes,Definitivo,30,30,0,15.1829309463501,15.1829309463501,22.6183948516846,43.1068649291992,23.6338520050049,3.05454540252686,6.04363632202148,5,10,0.869565188884735,0.876811623573303,1,1,43,1.05999994277954,31.7999982833862
08,2014-08-04,23080760,,"",SAN ROQUE [23080760],Pluviométrica,Convencional,Activa,Antioquia,San Roque,6.4875,-75.017,820,5/15/1975,,Monchia,Magdalena Cauca,Medio Magdalena,Río Nare,2014,04,Andes,Preliminar,0,0,0,6.14094734191895,6.14094734191895,5.60751724243164,18.198579788208,12.0817861557007,3.05454540252686,6.04363632202148,5,10,0.869565188884735,0.876811623573303,1,1,43,1.05999994277954,0
08,2016-08-04,23080760,2,Definitivo,SAN ROQUE [23080760],Pluviométrica,Convencional,Activa,Antioquia,San Roque,6.4875,-75.017,820,5/15/1975,,Monchia,Magdalena Cauca,Medio Magdalena,Río Nare,2016,04,Andes,Definitivo,2,2,0,21.679479598999,21.679479598999,11.7110280990601,21.4822368621826,24.3619327545166,3.05454540252686,6.04363632202148,5,10,0.869565188884735,0.876811623573303,1,1,43,1.05999994277954,2.11999988555908
08,2016-08-05,23080760,3,Definitivo,SAN ROQUE [23080760],Pluviométrica,Convencional,Activa,Antioquia,San Roque,6.4875,-75.017,820,5/15/1975,,Monchia,Magdalena Cauca,Medio Magdalena,Río Nare,2016,05,Andes,Definitivo,3,3,0,29.3676109313965,29.3676109313965,0,3.48446369171143,4.23482894897461,3.05454540252686,6.04363632202148,5,10,0.869565188884735,0.876811623573303,1,1,43,1.05999994277954,3.17999982833862
08,2016-08-12,23080760,4,Definitivo,SAN ROQUE [23080760],Pluviométrica,Convencional,Activa,Antioquia,San Roque,6.4875,-75.017,820,5/15/1975,,Monchia,Magdalena Cauca,Medio Magdalena,Río Nare,2016,12,Andes,Definitivo,4,4,0,0.463749438524246,0.463749438524246,12.6868705749512,31.06960105896,34.7939300537109,3.05454540252686,6.04363632202148,5,10,0.869565188884735,0.876811623573303,1,1,45,1.05999994277954,4.23999977111816
08,2016-08-13,23080760,6,Definitivo,SAN ROQUE [23080760],Pluviométrica,Convencional,Activa,Antioquia,San Roque,6.4875,-75.017,820,5/15/1975,,Monchia,Magdalena Cauca,Medio Magdalena,Río Nare,2016,13,Andes,Definitivo,6,6,0,2.70618009567261,2.70618009567261,6.34343528747559,2.01141595840454,3.31395554542542,3.05454540252686,6.04363632202148,5,10,0.869565188884735,0.876811623573303,1,1,45,1.05999994277954,6.35999965667725
08,2017-08-18,23080760,2,Definitivo,SAN ROQUE [23080760],Pluviométrica,Convencional,Activa,Antioquia,San Roque,6.4875,-75.017,820,5/15/1975,,Monchia,Magdalena Cauca,Medio Magdalena,Río Nare,2017,18,Andes,Definitivo,2,2,0,6.57641983032227,6.57641983032227,5.24706268310547,7.03923988342285,3.48828744888306,3.05454540252686,6.04363632202148,5,10,0.869565188884735,0.876811623573303,1,1,46,1.05999994277954,2.11999988555908
08,2019-08-19,23080760,0,Definitivo,SAN ROQUE [23080760],Pluviométrica,Convencional,Activa,Antioquia,San Roque,6.4875,-75.017,820,5/15/1975,,Monchia,Magdalena Cauca,Medio Magdalena,Río Nare,2019,19,Andes,Definitivo,0,0,0,0.395977407693863,0.395977407693863,4.19740438461304,0.763575196266174,16.3983421325684,3.05454540252686,6.04363632202148,5,10,0.869565188884735,0.876811623573303,1,1,46,1.05999994277954,0
08,2018-08-18,23080760,2,Definitivo,SAN ROQUE [23080760],Pluviométrica,Convencional,Activa,Antioquia,San Roque,6.4875,-75.017,820,5/15/1975,,Monchia,Magdalena Cauca,Medio Magdalena,Río Nare,2018,18,Andes,Definitivo,2,2,0,32.4406700134277,32.4406700134277,37.8454132080078,6.13876676559448,25.0682888031006,3.05454540252686,6.04363632202148,5,10,0.869565188884735,0.876811623573303,1,1,46,1.05999994277954,2.11999988555908
08,2019-08-16,23080760,23,Definitivo,SAN ROQUE [23080760],Pluviométrica,Convencional,Activa,Antioquia,San Roque,6.4875,-75.017,820,5/15/1975,,Monchia,Magdalena Cauca,Medio Magdalena,Río Nare,2019,16,Andes,Definitivo,23,23,0,1.11039125919342,1.11039125919342,4.19740438461304,11.087290763855,2.78067231178284,3.05454540252686,6.04363632202148,5,10,0.869565188884735,0.876811623573303,1,1,46,1.05999994277954,24.3799986839294
08,2015-08-06,23080760,,"",SAN ROQUE [23080760],Pluviométrica,Convencional,Activa,Antioquia,San Roque,6.4875,-75.017,820,5/15/1975,,Monchia,Magdalena Cauca,Medio Magdalena,Río Nare,2015,06,Andes,Preliminar,0,0,0,1.06921219825745,1.06921219825745,0,0.6399045586586,0,3.05454540252686,6.04363632202148,5,10,0.869565188884735,0.876811623573303,1,1,44,1.05999994277954,0
08,2017-08-06,23080760,8,Definitivo,SAN ROQUE [23080760],Pluviométrica,Convencional,Activa,Antioquia,San Roque,6.4875,-75.017,820,5/15/1975,,Monchia,Magdalena Cauca,Medio Magdalena,Río Nare,2017,06,Andes,Definitivo,8,8,0,0,0,0,15.1785879135132,0.0159727483987808,3.05454540252686,6.04363632202148,5,10,0.869565188884735,0.876811623573303,1,1,44,1.05999994277954,8.47999954223633
08,2017-08-07,23080760,14,Definitivo,SAN ROQUE [23080760],Pluviométrica,Convencional,Activa,Antioquia,San Roque,6.4875,-75.017,820,5/15/1975,,Monchia,Magdalena Cauca,Medio Magdalena,Río Nare,2017,07,Andes,Definitivo,14,14,0,8.97391319274902,8.97391319274902,6.0464768409729,19.34743309021,2.61712265014648,3.05454540252686,6.04363632202148,5,10,0.869565188884735,0.876811623573303,1,1,44,1.05999994277954,14.8399991989136
08,2020-08-01,23080760,0,Definitivo,SAN ROQUE [23080760],Pluviométrica,Convencional,Activa,Antioquia,San Roque,6.4875,-75.017,820,5/15/1975,,Monchia,Magdalena Cauca,Medio Magdalena,Río Nare,2020,01,Andes,Definitivo,0,0,0,0,0,0,4.06762313842773,0.495709240436554,3.05454540252686,6.04363632202148,5,10,0.869565188884735,0.876811623573303,1,1,43,1.05999994277954,0
08,2010-08-03,23080760,16,Definitivo,SAN ROQUE [23080760],Pluviométrica,Convencional,Activa,Antioquia,San Roque,6.4875,-75.017,820,5/15/1975,,Monchia,Magdalena Cauca,Medio Magdalena,Río Nare,2010,03,Andes,Definitivo,16,16,0,46.0786437988281,46.0786437988281,23.009162902832,20.4216728210449,33.2461700439453,3.05454540252686,6.04363632202148,5,10,0.869565188884735,0.876811623573303,1,1,43,1.05999994277954,16.9599990844727
08,2015-08-01,23080760,,"",SAN ROQUE [23080760],Pluviométrica,Convencional,Activa,Antioquia,San Roque,6.4875,-75.017,820,5/15/1975,,Monchia,Magdalena Cauca,Medio Magdalena,Río Nare,2015,01,Andes,Preliminar,0,0,0,9.30785369873047,9.30785369873047,10.5523328781128,14.3604125976563,16.1873054504395,3.05454540252686,6.04363632202148,5,10,0.869565188884735,0.876811623573303,1,1,43,1.05999994277954,0
08,2015-08-02,23080760,2,Definitivo,SAN ROQUE [23080760],Pluviométrica,Convencional,Activa,Antioquia,San Roque,6.4875,-75.017,820,5/15/1975,,Monchia,Magdalena Cauca,Medio Magdalena,Río Nare,2015,02,Andes,Definitivo,2,2,0,9.18078327178955,9.18078327178955,0,1.12126457691193,0.250554531812668,3.05454540252686,6.04363632202148,5,10,0.869565188884735,0.876811623573303,1,1,43,1.05999994277954,2.11999988555908
08,2018-08-06,23080760,0,Definitivo,SAN ROQUE [23080760],Pluviométrica,Convencional,Activa,Antioquia,San Roque,6.4875,-75.017,820,5/15/1975,,Monchia,Magdalena Cauca,Medio Magdalena,Río Nare,2018,06,Andes,Definitivo,0,0,0,0,0,0,0.156858623027802,0,3.05454540252686,6.04363632202148,5,10,0.869565188884735,0.876811623573303,1,1,44,1.05999994277954,0
08,2018-08-07,23080760,0,Definitivo,SAN ROQUE [23080760],Pluviométrica,Convencional,Activa,Antioquia,San Roque,6.4875,-75.017,820,5/15/1975,,Monchia,Magdalena Cauca,Medio Magdalena,Río Nare,2018,07,Andes,Definitivo,0,0,0,0,0,0,0.127001360058784,0.0253893248736858,3.05454540252686,6.04363632202148,5,10,0.869565188884735,0.876811623573303,1,1,44,1.05999994277954,0
08,2016-08-14,23080760,12,Definitivo,SAN ROQUE [23080760],Pluviométrica,Convencional,Activa,Antioquia,San Roque,6.4875,-75.017,820,5/15/1975,,Monchia,Magdalena Cauca,Medio Magdalena,Río Nare,2016,14,Andes,Definitivo,12,12,0,0,0,12.6868705749512,12.65256690979,6.98492574691773,3.05454540252686,6.04363632202148,5,10,0.869565188884735,0.876811623573303,1,1,45,1.05999994277954,12.7199993133545
08,2007-08-02,23080760,28,Definitivo,SAN ROQUE [23080760],Pluviométrica,Convencional,Activa,Antioquia,San Roque,6.4875,-75.017,820,5/15/1975,,Monchia,Magdalena Cauca,Medio Magdalena,Río Nare,2007,02,Andes,Definitivo,28,28,0,0,0,9.45828056335449,1.24226903915405,9.94095230102539,3.05454540252686,6.04363632202148,5,10,0.869565188884735,0.876811623573303,1,1,43,1.05999994277954,29.6799983978272
08,2007-08-03,23080760,,"",SAN ROQUE [23080760],Pluviométrica,Convencional,Activa,Antioquia,San Roque,6.4875,-75.017,820,5/15/1975,,Monchia,Magdalena Cauca,Medio Magdalena,Río Nare,2007,03,Andes,Preliminar,0,0,0,0.702723383903503,0.702723383903503,23.6457004547119,25.1108474731445,40.7097091674805,3.05454540252686,6.04363632202148,5,10,0.869565188884735,0.876811623573303,1,1,43,1.05999994277954,0
08,2009-08-03,23080760,15,Definitivo,SAN ROQUE [23080760],Pluviométrica,Convencional,Activa,Antioquia,San Roque,6.4875,-75.017,820,5/15/1975,,Monchia,Magdalena Cauca,Medio Magdalena,Río Nare,2009,03,Andes,Definitivo,15,15,0,16.4842872619629,16.4842872619629,0,10.8916101455688,0.0210919640958309,3.05454540252686,6.04363632202148,5,10,0.869565188884735,0.876811623573303,1,1,43,1.05999994277954,15.8999991416931
08,2017-08-16,23080760,0,Definitivo,SAN ROQUE [23080760],Pluviométrica,Convencional,Activa,Antioquia,San Roque,6.4875,-75.017,820,5/15/1975,,Monchia,Magdalena Cauca,Medio Magdalena,Río Nare,2017,16,Andes,Definitivo,0,0,0,2.99226999282837,2.99226999282837,15.7411880493164,2.2900218963623,22.0052108764648,3.05454540252686,6.04363632202148,5,10,0.869565188884735,0.876811623573303,1,1,46,1.05999994277954,0
08,2017-08-15,23080760,25,Definitivo,SAN ROQUE [23080760],Pluviométrica,Convencional,Activa,Antioquia,San Roque,6.4875,-75.017,820,5/15/1975,,Monchia,Magdalena Cauca,Medio Magdalena,Río Nare,2017,15,Andes,Definitivo,25,25,0,9.47102642059326,9.47102642059326,6.01044607162476,2.8628351688385,2.60199570655823,3.05454540252686,6.04363632202148,5,10,0.869565188884735,0.876811623573303,1,1,45,1.05999994277954,26.4999985694885
08,2021-08-04,23080760,0,Definitivo,SAN ROQUE [23080760],Pluviométrica,Convencional,Activa,Antioquia,San Roque,6.4875,-75.017,820,5/15/1975,,Monchia,Magdalena Cauca,Medio Magdalena,Río Nare,2021,04,Andes,Definitivo,0,0,0,0,0,9.04604721069336,8.02968120574951,19.2339763641357,3.05454540252686,6.04363632202148,5,10,0.869565188884735,0.876811623573303,1,1,43,1.05999994277954,0
08,2011-08-06,23080760,0,Definitivo,SAN ROQUE [23080760],Pluviométrica,Convencional,Activa,Antioquia,San Roque,6.4875,-75.017,820,5/15/1975,,Monchia,Magdalena Cauca,Medio Magdalena,Río Nare,2011,06,Andes,Definitivo,0,0,0,22.6091003417969,22.6091003417969,6.77577543258667,8.96166801452637,1.75020277500153,3.05454540252686,6.04363632202148,5,10,0.869565188884735,0.876811623573303,1,1,44,1.05999994277954,0
08,2022-08-01,23080760,22,Definitivo,SAN ROQUE [23080760],Pluviométrica,Convencional,Activa,Antioquia,San Roque,6.4875,-75.017,820,5/15/1975,,Monchia,Magdalena Cauca,Medio Magdalena,Río Nare,2022,01,Andes,Definitivo,22,22,0,12.7100324630737,12.7100324630737,27.6527919769287,32.5396385192871,22.7723751068115,3.05454540252686,6.04363632202148,5,10,0.869565188884735,0.876811623573303,1,1,43,1.05999994277954,23.3199987411499
08,2008-08-02,23080760,6,Definitivo,SAN ROQUE [23080760],Pluviométrica,Convencional,Activa,Antioquia,San Roque,6.4875,-75.017,820,5/15/1975,,Monchia,Magdalena Cauca,Medio Magdalena,Río Nare,2008,02,Andes,Definitivo,6,6,0,29.4448204040527,29.4448204040527,23.2022304534912,13.7333011627197,18.9976902008057,3.05454540252686,6.04363632202148,5,10,0.869565188884735,0.876811623573303,1,1,43,1.05999994277954,6.35999965667725
08,2011-08-01,23080760,4,Definitivo,SAN ROQUE [23080760],Pluviométrica,Convencional,Activa,Antioquia,San Roque,6.4875,-75.017,820,5/15/1975,,Monchia,Magdalena Cauca,Medio Magdalena,Río Nare,2011,01,Andes,Definitivo,4,4,0,20.6078548431397,20.6078548431397,0,8.419602394104,0.360919207334518,3.05454540252686,6.04363632202148,5,10,0.869565188884735,0.876811623573303,1,1,43,1.05999994277954,4.23999977111816
08,2014-08-05,23080760,7,Definitivo,SAN ROQUE [23080760],Pluviométrica,Convencional,Activa,Antioquia,San Roque,6.4875,-75.017,820,5/15/1975,,Monchia,Magdalena Cauca,Medio Magdalena,Río Nare,2014,05,Andes,Definitivo,7,7,0,20.5454158782959,20.5454158782959,0,11.4092998504639,0.031893078237772,3.05454540252686,6.04363632202148,5,10,0.869565188884735,0.876811623573303,1,1,43,1.05999994277954,7.41999959945679
08,2014-08-06,23080760,55,Definitivo,SAN ROQUE [23080760],Pluviométrica,Convencional,Activa,Antioquia,San Roque,6.4875,-75.017,820,5/15/1975,,Monchia,Magdalena Cauca,Medio Magdalena,Río Nare,2014,06,Andes,Definitivo,55,55,0,2.85731172561646,2.85731172561646,16.2095165252686,11.847243309021,11.925763130188,3.05454540252686,6.04363632202148,5,10,0.869565188884735,0.876811623573303,1,1,44,1.05999994277954,58.2999968528748
08,2017-08-10,23080760,8,Definitivo,SAN ROQUE [23080760],Pluviométrica,Convencional,Activa,Antioquia,San Roque,6.4875,-75.017,820,5/15/1975,,Monchia,Magdalena Cauca,Medio Magdalena,Río Nare,2017,10,Andes,Definitivo,8,8,0,3.64507913589478,3.64507913589478,0,32.4199104309082,0,3.05454540252686,6.04363632202148,5,10,0.869565188884735,0.876811623573303,1,1,44,1.05999994277954,8.47999954223633
08,2015-08-18,23080760,8,Definitivo,SAN ROQUE [23080760],Pluviométrica,Convencional,Activa,Antioquia,San Roque,6.4875,-75.017,820,5/15/1975,,Monchia,Magdalena Cauca,Medio Magdalena,Río Nare,2015,18,Andes,Definitivo,8,8,0,0,0,10.9619588851929,28.9965381622315,21.6667404174805,3.05454540252686,6.04363632202148,5,10,0.869565188884735,0.876811623573303,1,1,46,1.05999994277954,8.47999954223633
08,2015-08-19,23080760,12,Definitivo,SAN ROQUE [23080760],Pluviométrica,Convencional,Activa,Antioquia,San Roque,6.4875,-75.017,820,5/15/1975,,Monchia,Magdalena Cauca,Medio Magdalena,Río Nare,2015,19,Andes,Definitivo,12,12,0,6.02093172073364,6.02093172073364,0,35.1258125305176,11.6061000823975,3.05454540252686,6.04363632202148,5,10,0.869565188884735,0.876811623573303,1,1,46,1.05999994277954,12.7199993133545
08,2017-08-19,23080760,19,Definitivo,SAN ROQUE [23080760],Pluviométrica,Convencional,Activa,Antioquia,San Roque,6.4875,-75.017,820,5/15/1975,,Monchia,Magdalena Cauca,Medio Magdalena,Río Nare,2017,19,Andes,Definitivo,19,19,0,40.3289642333984,40.3289642333984,20.9882507324219,11.6936569213867,15.8261079788208,3.05454540252686,6.04363632202148,5,10,0.869565188884735,0.876811623573303,1,1,46,1.05999994277954,20.1399989128113
08,2011-08-05,23080760,2,Definitivo,SAN ROQUE [23080760],Pluviométrica,Convencional,Activa,Antioquia,San Roque,6.4875,-75.017,820,5/15/1975,,Monchia,Magdalena Cauca,Medio Magdalena,Río Nare,2011,05,Andes,Definitivo,2,2,0,6.33301067352295,6.33301067352295,12.3683319091797,2.00171661376953,11.5274257659912,3.05454540252686,6.04363632202148,5,10,0.869565188884735,0.876811623573303,1,1,43,1.05999994277954,2.11999988555908
08,2013-08-05,23080760,,"",SAN ROQUE [23080760],Pluviométrica,Convencional,Activa,Antioquia,San Roque,6.4875,-75.017,820,5/15/1975,,Monchia,Magdalena Cauca,Medio Magdalena,Río Nare,2013,05,Andes,Preliminar,0,0,0,0.877462267875671,0.877462267875671,12.0416088104248,6.25228500366211,14.4102268218994,3.05454540252686,6.04363632202148,5,10,0.869565188884735,0.876811623573303,1,1,43,1.05999994277954,0
08,2016-08-03,23080760,29,Definitivo,SAN ROQUE [23080760],Pluviométrica,Convencional,Activa,Antioquia,San Roque,6.4875,-75.017,820,5/15/1975,,Monchia,Magdalena Cauca,Medio Magdalena,Río Nare,2016,03,Andes,Definitivo,29,29,0,5.83259582519531,5.83259582519531,4.68441200256348,3.76060485839844,8.66380786895752,3.05454540252686,6.04363632202148,5,10,0.869565188884735,0.876811623573303,1,1,43,1.05999994277954,30.7399983406067
08,2020-08-06,23080760,0,Definitivo,SAN ROQUE [23080760],Pluviométrica,Convencional,Activa,Antioquia,San Roque,6.4875,-75.017,820,5/15/1975,,Monchia,Magdalena Cauca,Medio Magdalena,Río Nare,2020,06,Andes,Definitivo,0,0,0,4.52587127685547,4.52587127685547,3.64698958396912,1.79493975639343,0.305789411067963,3.05454540252686,6.04363632202148,5,10,0.869565188884735,0.876811623573303,1,1,44,1.05999994277954,0
08,2008-08-01,23080760,2,Definitivo,SAN ROQUE [23080760],Pluviométrica,Convencional,Activa,Antioquia,San Roque,6.4875,-75.017,820,5/15/1975,,Monchia,Magdalena Cauca,Medio Magdalena,Río Nare,2008,01,Andes,Definitivo,2,2,0,35.9733772277832,35.9733772277832,0,10.7637367248535,0.152826145291328,3.05454540252686,6.04363632202148,5,10,0.869565188884735,0.876811623573303,1,1,43,1.05999994277954,2.11999988555908
08,2017-08-03,23080760,72,Definitivo,SAN ROQUE [23080760],Pluviométrica,Convencional,Activa,Antioquia,San Roque,6.4875,-75.017,820,5/15/1975,,Monchia,Magdalena Cauca,Medio Magdalena,Río Nare,2017,03,Andes,Definitivo,72,72,0,4.75678825378418,4.75678825378418,8.76447200775147,7.25946426391602,14.8011951446533,3.05454540252686,6.04363632202148,5,10,0.869565188884735,0.876811623573303,1,1,43,1.05999994277954,76.319995880127
08,2017-08-02,23080760,10,Definitivo,SAN ROQUE [23080760],Pluviométrica,Convencional,Activa,Antioquia,San Roque,6.4875,-75.017,820,5/15/1975,,Monchia,Magdalena Cauca,Medio Magdalena,Río Nare,2017,02,Andes,Definitivo,10,10,0,2.39568734169006,2.39568734169006,0,0.431213080883026,0.0271633584052324,3.05454540252686,6.04363632202148,5,10,0.869565188884735,0.876811623573303,1,1,43,1.05999994277954,10.5999994277954
08,2013-08-01,23080760,19,Definitivo,SAN ROQUE [23080760],Pluviométrica,Convencional,Activa,Antioquia,San Roque,6.4875,-75.017,820,5/15/1975,,Monchia,Magdalena Cauca,Medio Magdalena,Río Nare,2013,01,Andes,Definitivo,19,19,0,4.81453943252564,4.81453943252564,18.0624122619629,15.950083732605,29.237642288208,3.05454540252686,6.04363632202148,5,10,0.869565188884735,0.876811623573303,1,1,43,1.05999994277954,20.1399989128113
08,2013-08-02,23080760,15,Definitivo,SAN ROQUE [23080760],Pluviométrica,Convencional,Activa,Antioquia,San Roque,6.4875,-75.017,820,5/15/1975,,Monchia,Magdalena Cauca,Medio Magdalena,Río Nare,2013,02,Andes,Definitivo,15,15,0,23.3137168884277,23.3137168884277,6.0208044052124,13.8739852905273,2.80794167518616,3.05454540252686,6.04363632202148,5,10,0.869565188884735,0.876811623573303,1,1,43,1.05999994277954,15.8999991416931
08,2019-08-04,23080760,5,Definitivo,SAN ROQUE [23080760],Pluviométrica,Convencional,Activa,Antioquia,San Roque,6.4875,-75.017,820,5/15/1975,,Monchia,Magdalena Cauca,Medio Magdalena,Río Nare,2019,04,Andes,Definitivo,5,5,0,0.147715747356415,0.147715747356415,7.20760631561279,7.95160579681397,0.647703886032105,3.05454540252686,6.04363632202148,5,10,0.869565188884735,0.876811623573303,1,1,43,1.05999994277954,5.29999971389771
08,2017-08-11,23080760,42,Definitivo,SAN ROQUE [23080760],Pluviométrica,Convencional,Activa,Antioquia,San Roque,6.4875,-75.017,820,5/15/1975,,Monchia,Magdalena Cauca,Medio Magdalena,Río Nare,2017,11,Andes,Definitivo,42,42,0,11.2356929779053,11.2356929779053,12.0208921432495,29.0888614654541,52.9972267150879,3.05454540252686,6.04363632202148,5,10,0.869565188884735,0.876811623573303,1,1,45,1.05999994277954,44.5199975967407
08,2017-08-12,23080760,2,Definitivo,SAN ROQUE [23080760],Pluviométrica,Convencional,Activa,Antioquia,San Roque,6.4875,-75.017,820,5/15/1975,,Monchia,Magdalena Cauca,Medio Magdalena,Río Nare,2017,12,Andes,Definitivo,2,2,0,8.89151859283447,8.89151859283447,30.0522289276123,53.6761932373047,38.4667701721191,3.05454540252686,6.04363632202148,5,10,0.869565188884735,0.876811623573303,1,1,45,1.05999994277954,2.11999988555908
08,2005-08-02,23080760,,"",SAN ROQUE [23080760],Pluviométrica,Convencional,Activa,Antioquia,San Roque,6.4875,-75.017,820,5/15/1975,,Monchia,Magdalena Cauca,Medio Magdalena,Río Nare,2005,02,Andes,Preliminar,0,0,0,2.53283286094666,2.53283286094666,12.0596942901611,20.6827430725098,24.1861381530762,3.05454540252686,6.04363632202148,5,10,0.869565188884735,0.876811623573303,1,1,43,1.05999994277954,0
08,2015-08-20,23080760,80,Definitivo,SAN ROQUE [23080760],Pluviométrica,Convencional,Activa,Antioquia,San Roque,6.4875,-75.017,820,5/15/1975,,Monchia,Magdalena Cauca,Medio Magdalena,Río Nare,2015,20,Andes,Definitivo,80,80,0,13.8559665679932,13.8559665679932,16.4429378509521,7.03140068054199,36.8022918701172,3.05454540252686,6.04363632202148,5,10,0.869565188884735,0.876811623573303,1,1,46,1.05999994277954,84.7999954223633
08,2016-08-17,23080760,13,Definitivo,SAN ROQUE [23080760],Pluviométrica,Convencional,Activa,Antioquia,San Roque,6.4875,-75.017,820,5/15/1975,,Monchia,Magdalena Cauca,Medio Magdalena,Río Nare,2016,17,Andes,Definitivo,13,13,0,11.6015148162842,11.6015148162842,10.4508457183838,5.0191240310669,8.89243602752686,3.05454540252686,6.04363632202148,5,10,0.869565188884735,0.876811623573303,1,1,46,1.05999994277954,13.779999256134
08,2019-08-10,23080760,0,Definitivo,SAN ROQUE [23080760],Pluviométrica,Convencional,Activa,Antioquia,San Roque,6.4875,-75.017,820,5/15/1975,,Monchia,Magdalena Cauca,Medio Magdalena,Río Nare,2019,10,Andes,Definitivo,0,0,0,3.31661653518677,3.31661653518677,0,0.924107193946838,0,3.05454540252686,6.04363632202148,5,10,0.869565188884735,0.876811623573303,1,1,44,1.05999994277954,0
08,2010-08-02,23080760,5,Definitivo,SAN ROQUE [23080760],Pluviométrica,Convencional,Activa,Antioquia,San Roque,6.4875,-75.017,820,5/15/1975,,Monchia,Magdalena Cauca,Medio Magdalena,Río Nare,2010,02,Andes,Definitivo,5,5,0,7.61129236221314,7.61129236221314,23.009162902832,15.3461303710938,4.48997211456299,3.05454540252686,6.04363632202148,5,10,0.869565188884735,0.876811623573303,1,1,43,1.05999994277954,5.29999971389771
08,2021-08-03,23080760,3,Definitivo,SAN ROQUE [23080760],Pluviométrica,Convencional,Activa,Antioquia,San Roque,6.4875,-75.017,820,5/15/1975,,Monchia,Magdalena Cauca,Medio Magdalena,Río Nare,2021,03,Andes,Definitivo,3,3,0,0,0,13.5690698623657,8.02968120574951,13.6566390991211,3.05454540252686,6.04363632202148,5,10,0.869565188884735,0.876811623573303,1,1,43,1.05999994277954,3.17999982833862
08,2019-08-03,23080760,0,Definitivo,SAN ROQUE [23080760],Pluviométrica,Convencional,Activa,Antioquia,San Roque,6.4875,-75.017,820,5/15/1975,,Monchia,Magdalena Cauca,Medio Magdalena,Río Nare,2019,03,Andes,Definitivo,0,0,0,1.47715938091278,1.47715938091278,14.4152126312256,25.5154666900635,8.7064208984375,3.05454540252686,6.04363632202148,5,10,0.869565188884735,0.876811623573303,1,1,43,1.05999994277954,0
08,2019-08-05,23080760,0,Definitivo,SAN ROQUE [23080760],Pluviométrica,Convencional,Activa,Antioquia,San Roque,6.4875,-75.017,820,5/15/1975,,Monchia,Magdalena Cauca,Medio Magdalena,Río Nare,2019,05,Andes,Definitivo,0,0,0,0,0,3.6038031578064,0.829552590847015,12.8717908859253,3.05454540252686,6.04363632202148,5,10,0.869565188884735,0.876811623573303,1,1,43,1.05999994277954,0
08,2018-08-08,23080760,0,Definitivo,SAN ROQUE [23080760],Pluviométrica,Convencional,Activa,Antioquia,San Roque,6.4875,-75.017,820,5/15/1975,,Monchia,Magdalena Cauca,Medio Magdalena,Río Nare,2018,08,Andes,Definitivo,0,0,0,13.5820808410645,13.5820808410645,2.71303129196167,0.239578440785408,0,3.05454540252686,6.04363632202148,5,10,0.869565188884735,0.876811623573303,1,1,44,1.05999994277954,0
08,2016-08-15,23080760,7,Definitivo,SAN ROQUE [23080760],Pluviométrica,Convencional,Activa,Antioquia,San Roque,6.4875,-75.017,820,5/15/1975,,Monchia,Magdalena Cauca,Medio Magdalena,Río Nare,2016,15,Andes,Definitivo,7,7,0,45.1332092285156,45.1332092285156,6.34343528747559,22.9324474334717,4.88549184799194,3.05454540252686,6.04363632202148,5,10,0.869565188884735,0.876811623573303,1,1,45,1.05999994277954,7.41999959945679
08,2015-08-03,23080760,,"",SAN ROQUE [23080760],Pluviométrica,Convencional,Activa,Antioquia,San Roque,6.4875,-75.017,820,5/15/1975,,Monchia,Magdalena Cauca,Medio Magdalena,Río Nare,2015,03,Andes,Preliminar,0,0,0,0,0,10.5523328781128,1.55189454555511,2.3630690574646,3.05454540252686,6.04363632202148,5,10,0.869565188884735,0.876811623573303,1,1,43,1.05999994277954,0
08,2012-08-01,23080760,14,Definitivo,SAN ROQUE [23080760],Pluviométrica,Convencional,Activa,Antioquia,San Roque,6.4875,-75.017,820,5/15/1975,,Monchia,Magdalena Cauca,Medio Magdalena,Río Nare,2012,01,Andes,Definitivo,14,14,0,0,0,0,0.0322552435100079,0.152373880147934,3.05454540252686,6.04363632202148,5,10,0.869565188884735,0.876811623573303,1,1,43,1.05999994277954,14.8399991989136
08,2012-08-02,23080760,,"",SAN ROQUE [23080760],Pluviométrica,Convencional,Activa,Antioquia,San Roque,6.4875,-75.017,820,5/15/1975,,Monchia,Magdalena Cauca,Medio Magdalena,Río Nare,2012,02,Andes,Preliminar,0,0,0,0.806225001811981,0.806225001811981,23.4649410247803,4.04612445831299,44.11083984375,3.05454540252686,6.04363632202148,5,10,0.869565188884735,0.876811623573303,1,1,43,1.05999994277954,0
08,2019-08-09,23080760,0,Definitivo,SAN ROQUE [23080760],Pluviométrica,Convencional,Activa,Antioquia,San Roque,6.4875,-75.017,820,5/15/1975,,Monchia,Magdalena Cauca,Medio Magdalena,Río Nare,2019,09,Andes,Definitivo,0,0,0,3.31661653518677,3.31661653518677,1.89011371135712,0.0805290415883064,0.336914867162704,3.05454540252686,6.04363632202148,5,10,0.869565188884735,0.876811623573303,1,1,44,1.05999994277954,0
08,2005-08-03,23080760,0,Definitivo,SAN ROQUE [23080760],Pluviométrica,Convencional,Activa,Antioquia,San Roque,6.4875,-75.017,820,5/15/1975,,Monchia,Magdalena Cauca,Medio Magdalena,Río Nare,2005,03,Andes,Definitivo,0,0,0,0,0,0,2.90652346611023,0.124437138438225,3.05454540252686,6.04363632202148,5,10,0.869565188884735,0.876811623573303,1,1,43,1.05999994277954,0
08,2019-08-02,23080760,22,Definitivo,SAN ROQUE [23080760],Pluviométrica,Convencional,Activa,Antioquia,San Roque,6.4875,-75.017,820,5/15/1975,,Monchia,Magdalena Cauca,Medio Magdalena,Río Nare,2019,02,Andes,Definitivo,22,22,0,17.015983581543,17.015983581543,3.6038031578064,5.26727342605591,9.84888553619385,3.05454540252686,6.04363632202148,5,10,0.869565188884735,0.876811623573303,1,1,43,1.05999994277954,23.3199987411499
08,2018-08-01,23080760,0,Definitivo,SAN ROQUE [23080760],Pluviométrica,Convencional,Activa,Antioquia,San Roque,6.4875,-75.017,820,5/15/1975,,Monchia,Magdalena Cauca,Medio Magdalena,Río Nare,2018,01,Andes,Definitivo,0,0,0,0.763903319835663,0.763903319835663,0,12.1733884811401,0.0290616620332003,3.05454540252686,6.04363632202148,5,10,0.869565188884735,0.876811623573303,1,1,43,1.05999994277954,0
08,2017-08-04,23080760,0,Definitivo,SAN ROQUE [23080760],Pluviométrica,Convencional,Activa,Antioquia,San Roque,6.4875,-75.017,820,5/15/1975,,Monchia,Magdalena Cauca,Medio Magdalena,Río Nare,2017,04,Andes,Definitivo,0,0,0,17.0978450775146,17.0978450775146,26.2934150695801,23.2862815856934,22.7592430114746,3.05454540252686,6.04363632202148,5,10,0.869565188884735,0.876811623573303,1,1,43,1.05999994277954,0
08,2021-08-02,23080760,2,Definitivo,SAN ROQUE [23080760],Pluviométrica,Convencional,Activa,Antioquia,San Roque,6.4875,-75.017,820,5/15/1975,,Monchia,Magdalena Cauca,Medio Magdalena,Río Nare,2021,02,Andes,Definitivo,2,2,0,0,0,9.04604721069336,8.02968120574951,7.25779294967651,3.05454540252686,6.04363632202148,5,10,0.869565188884735,0.876811623573303,1,1,43,1.05999994277954,2.11999988555908
08,2011-08-02,23080760,10,Definitivo,SAN ROQUE [23080760],Pluviométrica,Convencional,Activa,Antioquia,San Roque,6.4875,-75.017,820,5/15/1975,,Monchia,Magdalena Cauca,Medio Magdalena,Río Nare,2011,02,Andes,Definitivo,10,10,0,6.39427900314331,6.39427900314331,0,14.6963510513306,4.04094934463501,3.05454540252686,6.04363632202148,5,10,0.869565188884735,0.876811623573303,1,1,43,1.05999994277954,10.5999994277954
08,2017-08-14,23080760,0,Definitivo,SAN ROQUE [23080760],Pluviométrica,Convencional,Activa,Antioquia,San Roque,6.4875,-75.017,820,5/15/1975,,Monchia,Magdalena Cauca,Medio Magdalena,Río Nare,2017,14,Andes,Definitivo,0,0,0,2.53558397293091,2.53558397293091,0,0.164665713906288,0,3.05454540252686,6.04363632202148,5,10,0.869565188884735,0.876811623573303,1,1,45,1.05999994277954,0
08,2018-08-12,23080760,0,Definitivo,SAN ROQUE [23080760],Pluviométrica,Convencional,Activa,Antioquia,San Roque,6.4875,-75.017,820,5/15/1975,,Monchia,Magdalena Cauca,Medio Magdalena,Río Nare,2018,12,Andes,Definitivo,0,0,0,4.3685188293457,4.3685188293457,0,0.0974721983075142,0,3.05454540252686,6.04363632202148,5,10,0.869565188884735,0.876811623573303,1,1,45,1.05999994277954,0
08,2018-08-09,23080760,0,Definitivo,SAN ROQUE [23080760],Pluviométrica,Convencional,Activa,Antioquia,San Roque,6.4875,-75.017,820,5/15/1975,,Monchia,Magdalena Cauca,Medio Magdalena,Río Nare,2018,09,Andes,Definitivo,0,0,0,0,0,2.71303129196167,3.05776190757751,3.67419791221619,3.05454540252686,6.04363632202148,5,10,0.869565188884735,0.876811623573303,1,1,44,1.05999994277954,0
08,2016-08-16,23080760,16,Definitivo,SAN ROQUE [23080760],Pluviométrica,Convencional,Activa,Antioquia,San Roque,6.4875,-75.017,820,5/15/1975,,Monchia,Magdalena Cauca,Medio Magdalena,Río Nare,2016,16,Andes,Definitivo,16,16,0,5.42960929870606,5.42960929870606,20.9016914367676,4.98130321502686,7.24656677246094,3.05454540252686,6.04363632202148,5,10,0.869565188884735,0.876811623573303,1,1,46,1.05999994277954,16.9599990844727
08,2017-08-01,23080760,0,Definitivo,SAN ROQUE [23080760],Pluviométrica,Convencional,Activa,Antioquia,San Roque,6.4875,-75.017,820,5/15/1975,,Monchia,Magdalena Cauca,Medio Magdalena,Río Nare,2017,01,Andes,Definitivo,0,0,0,1.07395792007446,1.07395792007446,0,5.77084684371948,0.0347576178610325,3.05454540252686,6.04363632202148,5,10,0.869565188884735,0.876811623573303,1,1,43,1.05999994277954,0
08,2011-08-03,23080760,0,Definitivo,SAN ROQUE [23080760],Pluviométrica,Convencional,Activa,Antioquia,San Roque,6.4875,-75.017,820,5/15/1975,,Monchia,Magdalena Cauca,Medio Magdalena,Río Nare,2011,03,Andes,Definitivo,0,0,0,8.5674524307251,8.5674524307251,30.9208278656006,16.358247756958,33.4901313781738,3.05454540252686,6.04363632202148,5,10,0.869565188884735,0.876811623573303,1,1,43,1.05999994277954,0
08,2020-08-05,23080760,0,Definitivo,SAN ROQUE [23080760],Pluviométrica,Convencional,Activa,Antioquia,San Roque,6.4875,-75.017,820,5/15/1975,,Monchia,Magdalena Cauca,Medio Magdalena,Río Nare,2020,05,Andes,Definitivo,0,0,0,0,0,0,0.966396749019623,0.466251462697983,3.05454540252686,6.04363632202148,5,10,0.869565188884735,0.876811623573303,1,1,43,1.05999994277954,0
08,2021-08-01,23080760,0,Definitivo,SAN ROQUE [23080760],Pluviométrica,Convencional,Activa,Antioquia,San Roque,6.4875,-75.017,820,5/15/1975,,Monchia,Magdalena Cauca,Medio Magdalena,Río Nare,2021,01,Andes,Definitivo,0,0,0,22.080041885376,22.080041885376,0,8.02968120574951,0,3.05454540252686,6.04363632202148,5,10,0.869565188884735,0.876811623573303,1,1,43,1.05999994277954,0
08,2018-08-10,23080760,0,Definitivo,SAN ROQUE [23080760],Pluviométrica,Convencional,Activa,Antioquia,San Roque,6.4875,-75.017,820,5/15/1975,,Monchia,Magdalena Cauca,Medio Magdalena,Río Nare,2018,10,Andes,Definitivo,0,0,0,0,0,0,0.118386790156364,0,3.05454540252686,6.04363632202148,5,10,0.869565188884735,0.876811623573303,1,1,44,1.05999994277954,0
08,2017-08-13,23080760,7,Definitivo,SAN ROQUE [23080760],Pluviométrica,Convencional,Activa,Antioquia,San Roque,6.4875,-75.017,820,5/15/1975,,Monchia,Magdalena Cauca,Medio Magdalena,Río Nare,2017,13,Andes,Definitivo,7,7,0,5.96053647994995,5.96053647994995,0,8.99543762207031,0.72199672460556,3.05454540252686,6.04363632202148,5,10,0.869565188884735,0.876811623573303,1,1,45,1.05999994277954,7.41999959945679
08,2013-08-03,23080760,,"",SAN ROQUE [23080760],Pluviométrica,Convencional,Activa,Antioquia,San Roque,6.4875,-75.017,820,5/15/1975,,Monchia,Magdalena Cauca,Medio Magdalena,Río Nare,2013,03,Andes,Preliminar,0,0,0,6.33636665344238,6.33636665344238,12.0416088104248,5.2036623954773,16.6510887145996,3.05454540252686,6.04363632202148,5,10,0.869565188884735,0.876811623573303,1,1,43,1.05999994277954,0
08,2017-08-05,23080760,0,Definitivo,SAN ROQUE [23080760],Pluviométrica,Convencional,Activa,Antioquia,San Roque,6.4875,-75.017,820,5/15/1975,,Monchia,Magdalena Cauca,Medio Magdalena,Río Nare,2017,05,Andes,Definitivo,0,0,0,1.29318702220917,1.29318702220917,8.76447200775147,2.2370502948761,1.36249208450317,3.05454540252686,6.04363632202148,5,10,0.869565188884735,0.876811623573303,1,1,43,1.05999994277954,0
08,2014-08-03,23080760,5,Definitivo,SAN ROQUE [23080760],Pluviométrica,Convencional,Activa,Antioquia,San Roque,6.4875,-75.017,820,5/15/1975,,Monchia,Magdalena Cauca,Medio Magdalena,Río Nare,2014,03,Andes,Definitivo,5,5,0,0.932287693023682,0.932287693023682,11.2150344848633,5.40397119522095,0.419380933046341,3.05454540252686,6.04363632202148,5,10,0.869565188884735,0.876811623573303,1,1,43,1.05999994277954,5.29999971389771
08,2019-08-06,23080760,1,Definitivo,SAN ROQUE [23080760],Pluviométrica,Convencional,Activa,Antioquia,San Roque,6.4875,-75.017,820,5/15/1975,,Monchia,Magdalena Cauca,Medio Magdalena,Río Nare,2019,06,Andes,Definitivo,1,1,0,3.31661653518677,3.31661653518677,0,0.14274662733078,2.18083190917969,3.05454540252686,6.04363632202148,5,10,0.869565188884735,0.876811623573303,1,1,44,1.05999994277954,1.05999994277954
08,2010-08-01,23080760,2,Definitivo,SAN ROQUE [23080760],Pluviométrica,Convencional,Activa,Antioquia,San Roque,6.4875,-75.017,820,5/15/1975,,Monchia,Magdalena Cauca,Medio Magdalena,Río Nare,2010,01,Andes,Definitivo,2,2,0,0.939182579517365,0.939182579517365,0,14.521824836731,1.09569597244263,3.05454540252686,6.04363632202148,5,10,0.869565188884735,0.876811623573303,1,1,43,1.05999994277954,2.11999988555908
08,2020-08-04,23080760,0,Definitivo,SAN ROQUE [23080760],Pluviométrica,Convencional,Activa,Antioquia,San Roque,6.4875,-75.017,820,5/15/1975,,Monchia,Magdalena Cauca,Medio Magdalena,Río Nare,2020,04,Andes,Definitivo,0,0,0,0,0,7.09312677383423,2.36912894248962,6.70483541488648,3.05454540252686,6.04363632202148,5,10,0.869565188884735,0.876811623573303,1,1,43,1.05999994277954,0
08,2016-08-01,23080760,0,Definitivo,SAN ROQUE [23080760],Pluviométrica,Convencional,Activa,Antioquia,San Roque,6.4875,-75.017,820,5/15/1975,,Monchia,Magdalena Cauca,Medio Magdalena,Río Nare,2016,01,Andes,Definitivo,0,0,0,0,0,7.02661752700806,15.4475088119507,12.7675170898438,3.05454540252686,6.04363632202148,5,10,0.869565188884735,0.876811623573303,1,1,43,1.05999994277954,0
08,2020-08-03,23080760,5,Definitivo,SAN ROQUE [23080760],Pluviométrica,Convencional,Activa,Antioquia,San Roque,6.4875,-75.017,820,5/15/1975,,Monchia,Magdalena Cauca,Medio Magdalena,Río Nare,2020,03,Andes,Definitivo,5,5,0,16.5300559997559,16.5300559997559,0,0.271442800760269,0.0242443066090345,3.05454540252686,6.04363632202148,5,10,0.869565188884735,0.876811623573303,1,1,43,1.05999994277954,5.29999971389771
08,2019-08-07,23080760,0,Definitivo,SAN ROQUE [23080760],Pluviométrica,Convencional,Activa,Antioquia,San Roque,6.4875,-75.017,820,5/15/1975,,Monchia,Magdalena Cauca,Medio Magdalena,Río Nare,2019,07,Andes,Definitivo,0,0,0,3.31661653518677,3.31661653518677,1.89011371135712,1.79323661327362,2.25387048721314,3.05454540252686,6.04363632202148,5,10,0.869565188884735,0.876811623573303,1,1,44,1.05999994277954,0
08,2018-08-11,23080760,0,Definitivo,SAN ROQUE [23080760],Pluviométrica,Convencional,Activa,Antioquia,San Roque,6.4875,-75.017,820,5/15/1975,,Monchia,Magdalena Cauca,Medio Magdalena,Río Nare,2018,11,Andes,Definitivo,0,0,0,0,0,0,0,0,3.05454540252686,6.04363632202148,5,10,0.869565188884735,0.876811623573303,1,1,45,1.05999994277954,0
08,2019-08-01,23080760,7,Definitivo,SAN ROQUE [23080760],Pluviométrica,Convencional,Activa,Antioquia,San Roque,6.4875,-75.017,820,5/15/1975,,Monchia,Magdalena Cauca,Medio Magdalena,Río Nare,2019,01,Andes,Definitivo,7,7,0,28.1514110565186,28.1514110565186,7.20760631561279,0.297345131635666,7.78644275665283,3.05454540252686,6.04363632202148,5,10,0.869565188884735,0.876811623573303,1,1,43,1.05999994277954,7.41999959945679
08,2018-08-02,23080760,45,Definitivo,SAN ROQUE [23080760],Pluviométrica,Convencional,Activa,Antioquia,San Roque,6.4875,-75.017,820,5/15/1975,,Monchia,Magdalena Cauca,Medio Magdalena,Río Nare,2018,02,Andes,Definitivo,45,45,0,5.02196216583252,5.02196216583252,0,22.7659473419189,0,3.05454540252686,6.04363632202148,5,10,0.869565188884735,0.876811623573303,1,1,43,1.05999994277954,47.6999974250794
08,2018-08-03,23080760,10,Definitivo,SAN ROQUE [23080760],Pluviométrica,Convencional,Activa,Antioquia,San Roque,6.4875,-75.017,820,5/15/1975,,Monchia,Magdalena Cauca,Medio Magdalena,Río Nare,2018,03,Andes,Definitivo,10,10,0,18.6181907653809,18.6181907653809,33.9275970458984,6.51560258865356,30.6799259185791,3.05454540252686,6.04363632202148,5,10,0.869565188884735,0.876811623573303,1,1,43,1.05999994277954,10.5999994277954
08,2019-08-08,23080760,0,Definitivo,SAN ROQUE [23080760],Pluviométrica,Convencional,Activa,Antioquia,San Roque,6.4875,-75.017,820,5/15/1975,,Monchia,Magdalena Cauca,Medio Magdalena,Río Nare,2019,08,Andes,Definitivo,0,0,0,3.31661653518677,3.31661653518677,1.89011371135712,5.54644966125488,3.71545076370239,3.05454540252686,6.04363632202148,5,10,0.869565188884735,0.876811623573303,1,1,44,1.05999994277954,0
08,2016-08-02,23080760,0,Definitivo,SAN ROQUE [23080760],Pluviométrica,Convencional,Activa,Antioquia,San Roque,6.4875,-75.017,820,5/15/1975,,Monchia,Magdalena Cauca,Medio Magdalena,Río Nare,2016,02,Andes,Definitivo,0,0,0,0,0,9.36882400512695,8.05058097839356,2.19730925559998,3.05454540252686,6.04363632202148,5,10,0.869565188884735,0.876811623573303,1,1,43,1.05999994277954,0
08,2014-08-01,23080760,41,Definitivo,SAN ROQUE [23080760],Pluviométrica,Convencional,Activa,Antioquia,San Roque,6.4875,-75.017,820,5/15/1975,,Monchia,Magdalena Cauca,Medio Magdalena,Río Nare,2014,01,Andes,Definitivo,41,41,0,7.64516448974609,7.64516448974609,0,2.21608877182007,0,3.05454540252686,6.04363632202148,5,10,0.869565188884735,0.876811623573303,1,1,43,1.05999994277954,43.4599976539612
08,2014-08-02,23080760,,"",SAN ROQUE [23080760],Pluviométrica,Convencional,Activa,Antioquia,San Roque,6.4875,-75.017,820,5/15/1975,,Monchia,Magdalena Cauca,Medio Magdalena,Río Nare,2014,02,Andes,Preliminar,0,0,0,0,0,22.4300689697266,22.1640567779541,46.8589401245117,3.05454540252686,6.04363632202148,5,10,0.869565188884735,0.876811623573303,1,1,43,1.05999994277954,0
09,2013-09-28,23080760,,"",SAN ROQUE [23080760],Pluviométrica,Convencional,Activa,Antioquia,San Roque,6.4875,-75.017,820,5/15/1975,,Monchia,Magdalena Cauca,Medio Magdalena,Río Nare,2013,28,Andes,Preliminar,0,0,0,24.1443748474121,24.1443748474121,25.9639759063721,21.5280704498291,43.0116081237793,3.05454540252686,6.04363632202148,5,10,0.869565188884735,0.876811623573303,1,1,54,1.04999995231628,0
09,2006-09-29,23080760,48,Definitivo,SAN ROQUE [23080760],Pluviométrica,Convencional,Activa,Antioquia,San Roque,6.4875,-75.017,820,5/15/1975,,Monchia,Magdalena Cauca,Medio Magdalena,Río Nare,2006,29,Andes,Definitivo,48,48,0,1.61805641651154,1.61805641651154,11.6053886413574,13.354642868042,9.35051441192627,3.05454540252686,6.04363632202148,5,10,0.869565188884735,0.876811623573303,1,1,54,1.04999995231628,50.3999977111817
09,2005-09-24,23080760,0,Definitivo,SAN ROQUE [23080760],Pluviométrica,Convencional,Activa,Antioquia,San Roque,6.4875,-75.017,820,5/15/1975,,Monchia,Magdalena Cauca,Medio Magdalena,Río Nare,2005,24,Andes,Definitivo,0,0,0,3.00789999961853,3.00789999961853,4.81200885772705,11.9572277069092,10.4609432220459,3.05454540252686,6.04363632202148,5,10,0.869565188884735,0.876811623573303,1,1,53,1.04999995231628,0
09,2006-09-30,23080760,9,Definitivo,SAN ROQUE [23080760],Pluviométrica,Convencional,Activa,Antioquia,San Roque,6.4875,-75.017,820,5/15/1975,,Monchia,Magdalena Cauca,Medio Magdalena,Río Nare,2006,30,Andes,Definitivo,9,9,0,0.910156846046448,0.910156846046448,17.4080810546875,35.5856475830078,43.0883140563965,3.05454540252686,6.04363632202148,5,10,0.869565188884735,0.876811623573303,1,1,54,1.04999995231628,9.44999957084656
09,2008-09-29,23080760,0,Definitivo,SAN ROQUE [23080760],Pluviométrica,Convencional,Activa,Antioquia,San Roque,6.4875,-75.017,820,5/15/1975,,Monchia,Magdalena Cauca,Medio Magdalena,Río Nare,2008,29,Andes,Definitivo,0,0,0,1.6801586151123,1.6801586151123,29.5005550384522,17.5739135742188,22.3369827270508,3.05454540252686,6.04363632202148,5,10,0.869565188884735,0.876811623573303,1,1,54,1.04999995231628,0
09,2010-09-30,23080760,8,Definitivo,SAN ROQUE [23080760],Pluviométrica,Convencional,Activa,Antioquia,San Roque,6.4875,-75.017,820,5/15/1975,,Monchia,Magdalena Cauca,Medio Magdalena,Río Nare,2010,30,Andes,Definitivo,8,8,0,9.27905654907227,9.27905654907227,8.05535888671875,15.3008470535278,5.93773937225342,3.05454540252686,6.04363632202148,5,10,0.869565188884735,0.876811623573303,1,1,54,1.04999995231628,8.39999961853027
09,2008-09-28,23080760,20,Definitivo,SAN ROQUE [23080760],Pluviométrica,Convencional,Activa,Antioquia,San Roque,6.4875,-75.017,820,5/15/1975,,Monchia,Magdalena Cauca,Medio Magdalena,Río Nare,2008,28,Andes,Definitivo,20,20,0,35.9608154296875,35.9608154296875,0,14.9424562454224,1.92141449451447,3.05454540252686,6.04363632202148,5,10,0.869565188884735,0.876811623573303,1,1,54,1.04999995231628,20.9999990463257
09,2005-09-25,23080760,3,Definitivo,SAN ROQUE [23080760],Pluviométrica,Convencional,Activa,Antioquia,San Roque,6.4875,-75.017,820,5/15/1975,,Monchia,Magdalena Cauca,Medio Magdalena,Río Nare,2005,25,Andes,Definitivo,3,3,0,5.81096124649048,5.81096124649048,0,5.21337032318115,1.34667527675629,3.05454540252686,6.04363632202148,5,10,0.869565188884735,0.876811623573303,1,1,53,1.04999995231628,3.14999985694885
09,2005-09-26,23080760,25,Definitivo,SAN ROQUE [23080760],Pluviométrica,Convencional,Activa,Antioquia,San Roque,6.4875,-75.017,820,5/15/1975,,Monchia,Magdalena Cauca,Medio Magdalena,Río Nare,2005,26,Andes,Definitivo,25,25,0,43.000244140625,43.000244140625,39.6141510009766,19.912109375,26.0599155426025,3.05454540252686,6.04363632202148,5,10,0.869565188884735,0.876811623573303,1,1,54,1.04999995231628,26.2499988079071
09,2007-09-26,23080760,,"",SAN ROQUE [23080760],Pluviométrica,Convencional,Activa,Antioquia,San Roque,6.4875,-75.017,820,5/15/1975,,Monchia,Magdalena Cauca,Medio Magdalena,Río Nare,2007,26,Andes,Preliminar,0,0,0,13.9798946380615,13.9798946380615,46.0934906005859,18.4432048797607,10.3181848526001,3.05454540252686,6.04363632202148,5,10,0.869565188884735,0.876811623573303,1,1,54,1.04999995231628,0
09,2007-09-27,23080760,25,Definitivo,SAN ROQUE [23080760],Pluviométrica,Convencional,Activa,Antioquia,San Roque,6.4875,-75.017,820,5/15/1975,,Monchia,Magdalena Cauca,Medio Magdalena,Río Nare,2007,27,Andes,Definitivo,25,25,0,7.71304655075073,7.71304655075073,0,28.3515796661377,2.50950527191162,3.05454540252686,6.04363632202148,5,10,0.869565188884735,0.876811623573303,1,1,54,1.04999995231628,26.2499988079071
09,2006-09-21,23080760,0,Definitivo,SAN ROQUE [23080760],Pluviométrica,Convencional,Activa,Antioquia,San Roque,6.4875,-75.017,820,5/15/1975,,Monchia,Magdalena Cauca,Medio Magdalena,Río Nare,2006,21,Andes,Definitivo,0,0,0,7.06450653076172,7.06450653076172,34.9705581665039,8.50202083587647,36.1260299682617,3.05454540252686,6.04363632202148,5,10,0.869565188884735,0.876811623573303,1,1,53,1.04999995231628,0
09,2007-09-19,23080760,60,Definitivo,SAN ROQUE [23080760],Pluviométrica,Convencional,Activa,Antioquia,San Roque,6.4875,-75.017,820,5/15/1975,,Monchia,Magdalena Cauca,Medio Magdalena,Río Nare,2007,19,Andes,Definitivo,60,60,0,4.50133180618286,4.50133180618286,9.48050308227539,18.3185119628906,23.6972217559815,3.05454540252686,6.04363632202148,5,10,0.869565188884735,0.876811623573303,1,1,52,1.04999995231628,62.9999971389771
09,2008-09-30,23080760,7,Definitivo,SAN ROQUE [23080760],Pluviométrica,Convencional,Activa,Antioquia,San Roque,6.4875,-75.017,820,5/15/1975,,Monchia,Magdalena Cauca,Medio Magdalena,Río Nare,2008,30,Andes,Definitivo,7,7,0,3.42806553840637,3.42806553840637,0,22.7761688232422,1.0204610824585,3.05454540252686,6.04363632202148,5,10,0.869565188884735,0.876811623573303,1,1,54,1.04999995231628,7.34999966621399
09,2010-09-29,23080760,38,Definitivo,SAN ROQUE [23080760],Pluviométrica,Convencional,Activa,Antioquia,San Roque,6.4875,-75.017,820,5/15/1975,,Monchia,Magdalena Cauca,Medio Magdalena,Río Nare,2010,29,Andes,Definitivo,38,38,0,1.34999191761017,1.34999191761017,16.1107177734375,24.2134494781494,19.0415363311768,3.05454540252686,6.04363632202148,5,10,0.869565188884735,0.876811623573303,1,1,54,1.04999995231628,39.8999981880188
09,2011-09-29,23080760,28,Definitivo,SAN ROQUE [23080760],Pluviométrica,Convencional,Activa,Antioquia,San Roque,6.4875,-75.017,820,5/15/1975,,Monchia,Magdalena Cauca,Medio Magdalena,Río Nare,2011,29,Andes,Definitivo,28,28,0,5.60704851150513,5.60704851150513,12.4907684326172,12.5028381347656,36.1406097412109,3.05454540252686,6.04363632202148,5,10,0.869565188884735,0.876811623573303,1,1,54,1.04999995231628,29.399998664856
09,2013-09-29,23080760,15,Definitivo,SAN ROQUE [23080760],Pluviométrica,Convencional,Activa,Antioquia,San Roque,6.4875,-75.017,820,5/15/1975,,Monchia,Magdalena Cauca,Medio Magdalena,Río Nare,2013,29,Andes,Definitivo,15,15,0,19.2441997528076,19.2441997528076,0,32.8289642333984,0.120721779763699,3.05454540252686,6.04363632202148,5,10,0.869565188884735,0.876811623573303,1,1,54,1.04999995231628,15.7499992847443
09,2006-09-22,23080760,,"",SAN ROQUE [23080760],Pluviométrica,Convencional,Activa,Antioquia,San Roque,6.4875,-75.017,820,5/15/1975,,Monchia,Magdalena Cauca,Medio Magdalena,Río Nare,2006,22,Andes,Preliminar,0,0,0,15.8431196212769,15.8431196212769,0,22.3156623840332,1.78854751586914,3.05454540252686,6.04363632202148,5,10,0.869565188884735,0.876811623573303,1,1,53,1.04999995231628,0
09,2008-09-15,23080760,0,Definitivo,SAN ROQUE [23080760],Pluviométrica,Convencional,Activa,Antioquia,San Roque,6.4875,-75.017,820,5/15/1975,,Monchia,Magdalena Cauca,Medio Magdalena,Río Nare,2008,15,Andes,Definitivo,0,0,0,27.1874618530273,27.1874618530273,28.4810619354248,35.5416488647461,41.8574981689453,3.05454540252686,6.04363632202148,5,10,0.869565188884735,0.876811623573303,1,1,51,1.04999995231628,0
09,2004-09-27,23080760,56,Definitivo,SAN ROQUE [23080760],Pluviométrica,Convencional,Activa,Antioquia,San Roque,6.4875,-75.017,820,5/15/1975,,Monchia,Magdalena Cauca,Medio Magdalena,Río Nare,2004,27,Andes,Definitivo,56,56,0,15.8060970306396,15.8060970306396,44.7181854248047,11.1423711776733,23.3750820159912,3.05454540252686,6.04363632202148,5,10,0.869565188884735,0.876811623573303,1,1,54,1.04999995231628,58.7999973297119
09,2017-09-28,23080760,5,Definitivo,SAN ROQUE [23080760],Pluviométrica,Convencional,Activa,Antioquia,San Roque,6.4875,-75.017,820,5/15/1975,,Monchia,Magdalena Cauca,Medio Magdalena,Río Nare,2017,28,Andes,Definitivo,5,5,0,36.96435546875,36.96435546875,5.25567007064819,14.1132936477661,18.4838829040527,3.05454540252686,6.04363632202148,5,10,0.869565188884735,0.876811623573303,1,1,54,1.04999995231628,5.24999976158142
09,2007-09-18,23080760,,"",SAN ROQUE [23080760],Pluviométrica,Convencional,Activa,Antioquia,San Roque,6.4875,-75.017,820,5/15/1975,,Monchia,Magdalena Cauca,Medio Magdalena,Río Nare,2007,18,Andes,Preliminar,0,0,0,5.92467784881592,5.92467784881592,18.9610061645508,14.8054704666138,12.1838970184326,3.05454540252686,6.04363632202148,5,10,0.869565188884735,0.876811623573303,1,1,52,1.04999995231628,0
09,2013-09-30,23080760,0,Definitivo,SAN ROQUE [23080760],Pluviométrica,Convencional,Activa,Antioquia,San Roque,6.4875,-75.017,820,5/15/1975,,Monchia,Magdalena Cauca,Medio Magdalena,Río Nare,2013,30,Andes,Definitivo,0,0,0,5.78194522857666,5.78194522857666,22.2548389434814,19.8120136260986,17.2249851226807,3.05454540252686,6.04363632202148,5,10,0.869565188884735,0.876811623573303,1,1,54,1.04999995231628,0
09,2006-09-23,23080760,7,Definitivo,SAN ROQUE [23080760],Pluviométrica,Convencional,Activa,Antioquia,San Roque,6.4875,-75.017,820,5/15/1975,,Monchia,Magdalena Cauca,Medio Magdalena,Río Nare,2006,23,Andes,Definitivo,7,7,0,7.8175253868103,7.8175253868103,0,8.10659694671631,0,3.05454540252686,6.04363632202148,5,10,0.869565188884735,0.876811623573303,1,1,53,1.04999995231628,7.34999966621399
09,2007-09-28,23080760,0,Definitivo,SAN ROQUE [23080760],Pluviométrica,Convencional,Activa,Antioquia,San Roque,6.4875,-75.017,820,5/15/1975,,Monchia,Magdalena Cauca,Medio Magdalena,Río Nare,2007,28,Andes,Definitivo,0,0,0,5.04314565658569,5.04314565658569,0,17.4619560241699,27.0214977264404,3.05454540252686,6.04363632202148,5,10,0.869565188884735,0.876811623573303,1,1,54,1.04999995231628,0
09,2009-09-28,23080760,0,Definitivo,SAN ROQUE [23080760],Pluviométrica,Convencional,Activa,Antioquia,San Roque,6.4875,-75.017,820,5/15/1975,,Monchia,Magdalena Cauca,Medio Magdalena,Río Nare,2009,28,Andes,Definitivo,0,0,0,7.13842010498047,7.13842010498047,7.63448095321655,17.5155067443848,9.92060089111328,3.05454540252686,6.04363632202148,5,10,0.869565188884735,0.876811623573303,1,1,54,1.04999995231628,0
09,2010-09-28,23080760,7,Definitivo,SAN ROQUE [23080760],Pluviométrica,Convencional,Activa,Antioquia,San Roque,6.4875,-75.017,820,5/15/1975,,Monchia,Magdalena Cauca,Medio Magdalena,Río Nare,2010,28,Andes,Definitivo,7,7,0,9.38158893585205,9.38158893585205,0,23.1367378234863,7.52332162857056,3.05454540252686,6.04363632202148,5,10,0.869565188884735,0.876811623573303,1,1,54,1.04999995231628,7.34999966621399
09,2006-09-28,23080760,5,Definitivo,SAN ROQUE [23080760],Pluviométrica,Convencional,Activa,Antioquia,San Roque,6.4875,-75.017,820,5/15/1975,,Monchia,Magdalena Cauca,Medio Magdalena,Río Nare,2006,28,Andes,Definitivo,5,5,0,0.202257052063942,0.202257052063942,5.80269432067871,2.47535443305969,0.108739547431469,3.05454540252686,6.04363632202148,5,10,0.869565188884735,0.876811623573303,1,1,54,1.04999995231628,5.24999976158142
09,2004-09-26,23080760,,"",SAN ROQUE [23080760],Pluviométrica,Convencional,Activa,Antioquia,San Roque,6.4875,-75.017,820,5/15/1975,,Monchia,Magdalena Cauca,Medio Magdalena,Río Nare,2004,26,Andes,Preliminar,43,43,0,0.229073897004128,0.229073897004128,22.3590927124023,15.0886526107788,31.4015102386475,3.05454540252686,6.04363632202148,5,10,0.869565188884735,0.876811623573303,1,1,54,1.04999995231628,45.1499979496002
09,2005-09-23,23080760,8,Definitivo,SAN ROQUE [23080760],Pluviométrica,Convencional,Activa,Antioquia,San Roque,6.4875,-75.017,820,5/15/1975,,Monchia,Magdalena Cauca,Medio Magdalena,Río Nare,2005,23,Andes,Definitivo,8,8,0,31.2110061645508,31.2110061645508,9.6240177154541,15.4459648132324,27.9149589538574,3.05454540252686,6.04363632202148,5,10,0.869565188884735,0.876811623573303,1,1,53,1.04999995231628,8.39999961853027
09,2012-09-30,23080760,10,Definitivo,SAN ROQUE [23080760],Pluviométrica,Convencional,Activa,Antioquia,San Roque,6.4875,-75.017,820,5/15/1975,,Monchia,Magdalena Cauca,Medio Magdalena,Río Nare,2012,30,Andes,Definitivo,10,10,0,0.889058232307434,0.889058232307434,15.3719482421875,5.43367004394531,13.4864959716797,3.05454540252686,6.04363632202148,5,10,0.869565188884735,0.876811623573303,1,1,54,1.04999995231628,10.4999995231628
09,2019-09-29,23080760,10,Definitivo,SAN ROQUE [23080760],Pluviométrica,Convencional,Activa,Antioquia,San Roque,6.4875,-75.017,820,5/15/1975,,Monchia,Magdalena Cauca,Medio Magdalena,Río Nare,2019,29,Andes,Definitivo,10,10,0,14.7189826965332,14.7189826965332,4.74162483215332,10.7489557266235,0.018206998705864,3.05454540252686,6.04363632202148,5,10,0.869565188884735,0.876811623573303,1,1,54,1.04999995231628,10.4999995231628
09,2008-09-16,23080760,,"",SAN ROQUE [23080760],Pluviométrica,Convencional,Activa,Antioquia,San Roque,6.4875,-75.017,820,5/15/1975,,Monchia,Magdalena Cauca,Medio Magdalena,Río Nare,2008,16,Andes,Preliminar,0,0,0,10.1789274215698,10.1789274215698,5.21350526809692,9.08351802825928,4.85898447036743,3.05454540252686,6.04363632202148,5,10,0.869565188884735,0.876811623573303,1,1,52,1.04999995231628,0
09,2006-09-24,23080760,0,Definitivo,SAN ROQUE [23080760],Pluviométrica,Convencional,Activa,Antioquia,San Roque,6.4875,-75.017,820,5/15/1975,,Monchia,Magdalena Cauca,Medio Magdalena,Río Nare,2006,24,Andes,Definitivo,0,0,0,13.445348739624,13.445348739624,17.485279083252,22.9588851928711,28.857723236084,3.05454540252686,6.04363632202148,5,10,0.869565188884735,0.876811623573303,1,1,53,1.04999995231628,0
09,2005-09-27,23080760,50,Definitivo,SAN ROQUE [23080760],Pluviométrica,Convencional,Activa,Antioquia,San Roque,6.4875,-75.017,820,5/15/1975,,Monchia,Magdalena Cauca,Medio Magdalena,Río Nare,2005,27,Andes,Definitivo,50,50,0,3.72058868408203,3.72058868408203,19.8070755004883,35.7414703369141,25.9653873443604,3.05454540252686,6.04363632202148,5,10,0.869565188884735,0.876811623573303,1,1,54,1.04999995231628,52.4999976158142
09,2009-09-29,23080760,,"",SAN ROQUE [23080760],Pluviométrica,Convencional,Activa,Antioquia,San Roque,6.4875,-75.017,820,5/15/1975,,Monchia,Magdalena Cauca,Medio Magdalena,Río Nare,2009,29,Andes,Preliminar,0,0,0,8.01559925079346,8.01559925079346,0,5.80809307098389,1.01922369003296,3.05454540252686,6.04363632202148,5,10,0.869565188884735,0.876811623573303,1,1,54,1.04999995231628,0
09,2003-09-30,23080760,14,Definitivo,SAN ROQUE [23080760],Pluviométrica,Convencional,Activa,Antioquia,San Roque,6.4875,-75.017,820,5/15/1975,,Monchia,Magdalena Cauca,Medio Magdalena,Río Nare,2003,30,Andes,Definitivo,14,14,0,27.5014476776123,27.5014476776123,18.9623775482178,12.0367870330811,44.2468147277832,3.05454540252686,6.04363632202148,5,10,0.869565188884735,0.876811623573303,1,1,54,1.04999995231628,14.699999332428
09,2003-09-29,23080760,57,Definitivo,SAN ROQUE [23080760],Pluviométrica,Convencional,Activa,Antioquia,San Roque,6.4875,-75.017,820,5/15/1975,,Monchia,Magdalena Cauca,Medio Magdalena,Río Nare,2003,29,Andes,Definitivo,57,57,0,18.5315780639648,18.5315780639648,18.9623775482178,17.1282005310059,13.7760152816772,3.05454540252686,6.04363632202148,5,10,0.869565188884735,0.876811623573303,1,1,54,1.04999995231628,59.8499972820282
09,2012-09-29,23080760,1,Definitivo,SAN ROQUE [23080760],Pluviométrica,Convencional,Activa,Antioquia,San Roque,6.4875,-75.017,820,5/15/1975,,Monchia,Magdalena Cauca,Medio Magdalena,Río Nare,2012,29,Andes,Definitivo,1,1,0,4.05191278457642,4.05191278457642,10.2479658126831,4.76888704299927,3.2765052318573,3.05454540252686,6.04363632202148,5,10,0.869565188884735,0.876811623573303,1,1,54,1.04999995231628,1.04999995231628
09,2005-09-30,23080760,16,Definitivo,SAN ROQUE [23080760],Pluviométrica,Convencional,Activa,Antioquia,San Roque,6.4875,-75.017,820,5/15/1975,,Monchia,Magdalena Cauca,Medio Magdalena,Río Nare,2005,30,Andes,Definitivo,16,16,0,0.167731463909149,0.167731463909149,0,15.9403781890869,42.3224945068359,3.05454540252686,6.04363632202148,5,10,0.869565188884735,0.876811623573303,1,1,54,1.04999995231628,16.7999992370605
09,2009-09-12,23080760,15,Definitivo,SAN ROQUE [23080760],Pluviométrica,Convencional,Activa,Antioquia,San Roque,6.4875,-75.017,820,5/15/1975,,Monchia,Magdalena Cauca,Medio Magdalena,Río Nare,2009,12,Andes,Definitivo,15,15,0,15.2752103805542,15.2752103805542,22.5872592926025,4.69363641738892,5.15507030487061,3.05454540252686,6.04363632202148,5,10,0.869565188884735,0.876811623573303,1,1,51,1.04999995231628,15.7499992847443
09,2019-09-30,23080760,15,Definitivo,SAN ROQUE [23080760],Pluviométrica,Convencional,Activa,Antioquia,San Roque,6.4875,-75.017,820,5/15/1975,,Monchia,Magdalena Cauca,Medio Magdalena,Río Nare,2019,30,Andes,Definitivo,15,15,0,15.0398206710815,15.0398206710815,4.74162483215332,12.4193677902222,1.20449674129486,3.05454540252686,6.04363632202148,5,10,0.869565188884735,0.876811623573303,1,1,54,1.04999995231628,15.7499992847443
09,2007-09-20,23080760,40,Definitivo,SAN ROQUE [23080760],Pluviométrica,Convencional,Activa,Antioquia,San Roque,6.4875,-75.017,820,5/15/1975,,Monchia,Magdalena Cauca,Medio Magdalena,Río Nare,2007,20,Andes,Definitivo,40,40,0,12.0806493759155,12.0806493759155,18.9610061645508,30.2373676300049,21.0552597045898,3.05454540252686,6.04363632202148,5,10,0.869565188884735,0.876811623573303,1,1,52,1.04999995231628,41.9999980926514
09,2006-09-20,23080760,19,Definitivo,SAN ROQUE [23080760],Pluviométrica,Convencional,Activa,Antioquia,San Roque,6.4875,-75.017,820,5/15/1975,,Monchia,Magdalena Cauca,Medio Magdalena,Río Nare,2006,20,Andes,Definitivo,19,19,0,6.99205017089844,6.99205017089844,0,5.99580574035645,0,3.05454540252686,6.04363632202148,5,10,0.869565188884735,0.876811623573303,1,1,52,1.04999995231628,19.9499990940094
09,2008-09-25,23080760,,"",SAN ROQUE [23080760],Pluviométrica,Convencional,Activa,Antioquia,San Roque,6.4875,-75.017,820,5/15/1975,,Monchia,Magdalena Cauca,Medio Magdalena,Río Nare,2008,25,Andes,Preliminar,3,3,0,0.594352662563324,0.594352662563324,0,10.2749729156494,1.67750930786133,3.05454540252686,6.04363632202148,5,10,0.869565188884735,0.876811623573303,1,1,53,1.04999995231628,3.14999985694885
09,2011-09-30,23080760,6,Definitivo,SAN ROQUE [23080760],Pluviométrica,Convencional,Activa,Antioquia,San Roque,6.4875,-75.017,820,5/15/1975,,Monchia,Magdalena Cauca,Medio Magdalena,Río Nare,2011,30,Andes,Definitivo,6,6,0,7.61269807815552,7.61269807815552,8.32717895507813,9.16534614562988,11.1015729904175,3.05454540252686,6.04363632202148,5,10,0.869565188884735,0.876811623573303,1,1,54,1.04999995231628,6.29999971389771
09,2014-09-28,23080760,10,Definitivo,SAN ROQUE [23080760],Pluviométrica,Convencional,Activa,Antioquia,San Roque,6.4875,-75.017,820,5/15/1975,,Monchia,Magdalena Cauca,Medio Magdalena,Río Nare,2014,28,Andes,Definitivo,10,10,0,0,0,0,4.82572507858276,2.74314904212952,3.05454540252686,6.04363632202148,5,10,0.869565188884735,0.876811623573303,1,1,54,1.04999995231628,10.4999995231628
09,2007-09-21,23080760,22,Definitivo,SAN ROQUE [23080760],Pluviométrica,Convencional,Activa,Antioquia,San Roque,6.4875,-75.017,820,5/15/1975,,Monchia,Magdalena Cauca,Medio Magdalena,Río Nare,2007,21,Andes,Definitivo,22,22,0,3.6014358997345,3.6014358997345,19.1584587097168,12.8811893463135,42.0416221618652,3.05454540252686,6.04363632202148,5,10,0.869565188884735,0.876811623573303,1,1,53,1.04999995231628,23.0999989509583
09,2007-09-30,23080760,83,Definitivo,SAN ROQUE [23080760],Pluviométrica,Convencional,Activa,Antioquia,San Roque,6.4875,-75.017,820,5/15/1975,,Monchia,Magdalena Cauca,Medio Magdalena,Río Nare,2007,30,Andes,Definitivo,83,83,0,0,0,23.046745300293,2.46024966239929,39.4300804138184,3.05454540252686,6.04363632202148,5,10,0.869565188884735,0.876811623573303,1,1,54,1.04999995231628,87.1499960422516
09,2005-09-29,23080760,0,Definitivo,SAN ROQUE [23080760],Pluviométrica,Convencional,Activa,Antioquia,San Roque,6.4875,-75.017,820,5/15/1975,,Monchia,Magdalena Cauca,Medio Magdalena,Río Nare,2005,29,Andes,Definitivo,0,0,0,3.44611930847168,3.44611930847168,0,31.8621845245361,7.65979862213135,3.05454540252686,6.04363632202148,5,10,0.869565188884735,0.876811623573303,1,1,54,1.04999995231628,0
09,2014-09-30,23080760,,"",SAN ROQUE [23080760],Pluviométrica,Convencional,Activa,Antioquia,San Roque,6.4875,-75.017,820,5/15/1975,,Monchia,Magdalena Cauca,Medio Magdalena,Río Nare,2014,30,Andes,Preliminar,0,0,0,0,0,0,2.0210280418396,1.82570922374725,3.05454540252686,6.04363632202148,5,10,0.869565188884735,0.876811623573303,1,1,54,1.04999995231628,0
09,2004-09-25,23080760,21,Definitivo,SAN ROQUE [23080760],Pluviométrica,Convencional,Activa,Antioquia,San Roque,6.4875,-75.017,820,5/15/1975,,Monchia,Magdalena Cauca,Medio Magdalena,Río Nare,2004,25,Andes,Definitivo,21,21,0,8.2740650177002,8.2740650177002,13.1660718917847,10.6668300628662,2.30308532714844,3.05454540252686,6.04363632202148,5,10,0.869565188884735,0.876811623573303,1,1,53,1.04999995231628,22.049998998642
09,2011-09-27,23080760,,"",SAN ROQUE [23080760],Pluviométrica,Convencional,Activa,Antioquia,San Roque,6.4875,-75.017,820,5/15/1975,,Monchia,Magdalena Cauca,Medio Magdalena,Río Nare,2011,27,Andes,Preliminar,0,0,0,4.83047246932983,4.83047246932983,0,2.70905494689941,0.0710871741175652,3.05454540252686,6.04363632202148,5,10,0.869565188884735,0.876811623573303,1,1,54,1.04999995231628,0
09,2013-09-27,23080760,58,Definitivo,SAN ROQUE [23080760],Pluviométrica,Convencional,Activa,Antioquia,San Roque,6.4875,-75.017,820,5/15/1975,,Monchia,Magdalena Cauca,Medio Magdalena,Río Nare,2013,27,Andes,Definitivo,58,58,0,14.3695955276489,14.3695955276489,0,9.73468971252441,0.842997670173645,3.05454540252686,6.04363632202148,5,10,0.869565188884735,0.876811623573303,1,1,54,1.04999995231628,60.8999972343445
09,2007-09-13,23080760,5,Definitivo,SAN ROQUE [23080760],Pluviométrica,Convencional,Activa,Antioquia,San Roque,6.4875,-75.017,820,5/15/1975,,Monchia,Magdalena Cauca,Medio Magdalena,Río Nare,2007,13,Andes,Definitivo,5,5,0,4.20436382293701,4.20436382293701,5.03167867660523,2.50920176506043,15.3071479797363,3.05454540252686,6.04363632202148,5,10,0.869565188884735,0.876811623573303,1,1,51,1.04999995231628,5.24999976158142
09,2009-09-13,23080760,0,Definitivo,SAN ROQUE [23080760],Pluviométrica,Convencional,Activa,Antioquia,San Roque,6.4875,-75.017,820,5/15/1975,,Monchia,Magdalena Cauca,Medio Magdalena,Río Nare,2009,13,Andes,Definitivo,0,0,0,8.26041412353516,8.26041412353516,5.64681482315064,19.039234161377,13.2553606033325,3.05454540252686,6.04363632202148,5,10,0.869565188884735,0.876811623573303,1,1,51,1.04999995231628,0
09,2009-09-14,23080760,2,Definitivo,SAN ROQUE [23080760],Pluviométrica,Convencional,Activa,Antioquia,San Roque,6.4875,-75.017,820,5/15/1975,,Monchia,Magdalena Cauca,Medio Magdalena,Río Nare,2009,14,Andes,Definitivo,2,2,0,0.655588448047638,0.655588448047638,0,5.54237699508667,0.134380608797073,3.05454540252686,6.04363632202148,5,10,0.869565188884735,0.876811623573303,1,1,51,1.04999995231628,2.09999990463257
09,2007-09-22,23080760,5,Definitivo,SAN ROQUE [23080760],Pluviométrica,Convencional,Activa,Antioquia,San Roque,6.4875,-75.017,820,5/15/1975,,Monchia,Magdalena Cauca,Medio Magdalena,Río Nare,2007,22,Andes,Definitivo,5,5,0,14.7082643508911,14.7082643508911,12.7723064422607,10.0177135467529,27.2546863555908,3.05454540252686,6.04363632202148,5,10,0.869565188884735,0.876811623573303,1,1,53,1.04999995231628,5.24999976158142
09,2010-09-26,23080760,39,Definitivo,SAN ROQUE [23080760],Pluviométrica,Convencional,Activa,Antioquia,San Roque,6.4875,-75.017,820,5/15/1975,,Monchia,Magdalena Cauca,Medio Magdalena,Río Nare,2010,26,Andes,Definitivo,39,39,0,7.05755233764648,7.05755233764648,16.1107177734375,5.23137950897217,10.8627300262451,3.05454540252686,6.04363632202148,5,10,0.869565188884735,0.876811623573303,1,1,54,1.04999995231628,40.9499981403351
09,2010-09-27,23080760,3,Definitivo,SAN ROQUE [23080760],Pluviométrica,Convencional,Activa,Antioquia,San Roque,6.4875,-75.017,820,5/15/1975,,Monchia,Magdalena Cauca,Medio Magdalena,Río Nare,2010,27,Andes,Definitivo,3,3,0,31.6308193206787,31.6308193206787,32.221435546875,24.8814964294434,49.3985824584961,3.05454540252686,6.04363632202148,5,10,0.869565188884735,0.876811623573303,1,1,54,1.04999995231628,3.14999985694885
09,2016-09-28,23080760,,"",SAN ROQUE [23080760],Pluviométrica,Convencional,Activa,Antioquia,San Roque,6.4875,-75.017,820,5/15/1975,,Monchia,Magdalena Cauca,Medio Magdalena,Río Nare,2016,28,Andes,Preliminar,0,0,0,5.81444931030273,5.81444931030273,16.5035915374756,12.9763813018799,3.87849473953247,3.05454540252686,6.04363632202148,5,10,0.869565188884735,0.876811623573303,1,1,54,1.04999995231628,0
09,2016-09-29,23080760,0,Definitivo,SAN ROQUE [23080760],Pluviométrica,Convencional,Activa,Antioquia,San Roque,6.4875,-75.017,820,5/15/1975,,Monchia,Magdalena Cauca,Medio Magdalena,Río Nare,2016,29,Andes,Definitivo,0,0,0,14.5324544906616,14.5324544906616,33.0071830749512,24.2725257873535,16.8064365386963,3.05454540252686,6.04363632202148,5,10,0.869565188884735,0.876811623573303,1,1,54,1.04999995231628,0
09,2016-09-30,23080760,53,Definitivo,SAN ROQUE [23080760],Pluviométrica,Convencional,Activa,Antioquia,San Roque,6.4875,-75.017,820,5/15/1975,,Monchia,Magdalena Cauca,Medio Magdalena,Río Nare,2016,30,Andes,Definitivo,53,53,0,34.638500213623,34.638500213623,0,29.8403072357178,16.5176677703857,3.05454540252686,6.04363632202148,5,10,0.869565188884735,0.876811623573303,1,1,54,1.04999995231628,55.6499974727631
09,2005-09-28,23080760,8,Definitivo,SAN ROQUE [23080760],Pluviométrica,Convencional,Activa,Antioquia,San Roque,6.4875,-75.017,820,5/15/1975,,Monchia,Magdalena Cauca,Medio Magdalena,Río Nare,2005,28,Andes,Definitivo,8,8,0,9.22523021697998,9.22523021697998,39.6141510009766,35.7045783996582,37.1531372070313,3.05454540252686,6.04363632202148,5,10,0.869565188884735,0.876811623573303,1,1,54,1.04999995231628,8.39999961853027
09,2011-09-26,23080760,,"",SAN ROQUE [23080760],Pluviométrica,Convencional,Activa,Antioquia,San Roque,6.4875,-75.017,820,5/15/1975,,Monchia,Magdalena Cauca,Medio Magdalena,Río Nare,2011,26,Andes,Preliminar,0,0,0,7.14733695983887,7.14733695983887,16.6543579101563,14.3356103897095,1.29099798202515,3.05454540252686,6.04363632202148,5,10,0.869565188884735,0.876811623573303,1,1,54,1.04999995231628,0
09,2005-09-22,23080760,7,Definitivo,SAN ROQUE [23080760],Pluviométrica,Convencional,Activa,Antioquia,San Roque,6.4875,-75.017,820,5/15/1975,,Monchia,Magdalena Cauca,Medio Magdalena,Río Nare,2005,22,Andes,Definitivo,7,7,0,9.10994815826416,9.10994815826416,0,8.79043006896973,0.427886873483658,3.05454540252686,6.04363632202148,5,10,0.869565188884735,0.876811623573303,1,1,53,1.04999995231628,7.34999966621399
09,2008-09-14,23080760,23,Definitivo,SAN ROQUE [23080760],Pluviométrica,Convencional,Activa,Antioquia,San Roque,6.4875,-75.017,820,5/15/1975,,Monchia,Magdalena Cauca,Medio Magdalena,Río Nare,2008,14,Andes,Definitivo,23,23,0,5.33152389526367,5.33152389526367,5.42496490478516,15.0000982284546,12.3354158401489,3.05454540252686,6.04363632202148,5,10,0.869565188884735,0.876811623573303,1,1,51,1.04999995231628,24.1499989032745
09,2015-09-29,23080760,9,Definitivo,SAN ROQUE [23080760],Pluviométrica,Convencional,Activa,Antioquia,San Roque,6.4875,-75.017,820,5/15/1975,,Monchia,Magdalena Cauca,Medio Magdalena,Río Nare,2015,29,Andes,Definitivo,9,9,0,0.978117167949677,0.978117167949677,0,3.90936827659607,1.28404021263123,3.05454540252686,6.04363632202148,5,10,0.869565188884735,0.876811623573303,1,1,54,1.04999995231628,9.44999957084656
09,2017-09-29,23080760,6,Definitivo,SAN ROQUE [23080760],Pluviométrica,Convencional,Activa,Antioquia,San Roque,6.4875,-75.017,820,5/15/1975,,Monchia,Magdalena Cauca,Medio Magdalena,Río Nare,2017,29,Andes,Definitivo,6,6,0,14.5533905029297,14.5533905029297,10.5113401412964,27.2533740997315,21.1399173736572,3.05454540252686,6.04363632202148,5,10,0.869565188884735,0.876811623573303,1,1,54,1.04999995231628,6.29999971389771
09,2017-09-30,23080760,1,Definitivo,SAN ROQUE [23080760],Pluviométrica,Convencional,Activa,Antioquia,San Roque,6.4875,-75.017,820,5/15/1975,,Monchia,Magdalena Cauca,Medio Magdalena,Río Nare,2017,30,Andes,Definitivo,1,1,0,17.5314712524414,17.5314712524414,26.2783508300781,27.585729598999,21.0241870880127,3.05454540252686,6.04363632202148,5,10,0.869565188884735,0.876811623573303,1,1,54,1.04999995231628,1.04999995231628
09,2008-09-17,23080760,,"",SAN ROQUE [23080760],Pluviométrica,Convencional,Activa,Antioquia,San Roque,6.4875,-75.017,820,5/15/1975,,Monchia,Magdalena Cauca,Medio Magdalena,Río Nare,2008,17,Andes,Preliminar,0,0,0,10.2748022079468,10.2748022079468,20.8540210723877,10.9388208389282,11.3300676345825,3.05454540252686,6.04363632202148,5,10,0.869565188884735,0.876811623573303,1,1,52,1.04999995231628,0
09,2006-09-25,23080760,36,Definitivo,SAN ROQUE [23080760],Pluviométrica,Convencional,Activa,Antioquia,San Roque,6.4875,-75.017,820,5/15/1975,,Monchia,Magdalena Cauca,Medio Magdalena,Río Nare,2006,25,Andes,Definitivo,36,36,0,0,0,0,4.9979739189148,0.108828954398632,3.05454540252686,6.04363632202148,5,10,0.869565188884735,0.876811623573303,1,1,53,1.04999995231628,37.7999982833862
09,2006-09-26,23080760,0,Definitivo,SAN ROQUE [23080760],Pluviométrica,Convencional,Activa,Antioquia,San Roque,6.4875,-75.017,820,5/15/1975,,Monchia,Magdalena Cauca,Medio Magdalena,Río Nare,2006,26,Andes,Definitivo,0,0,0,33.9791870117188,33.9791870117188,11.6053886413574,5.58853912353516,11.5580072402954,3.05454540252686,6.04363632202148,5,10,0.869565188884735,0.876811623573303,1,1,54,1.04999995231628,0
09,2009-09-30,23080760,,"",SAN ROQUE [23080760],Pluviométrica,Convencional,Activa,Antioquia,San Roque,6.4875,-75.017,820,5/15/1975,,Monchia,Magdalena Cauca,Medio Magdalena,Río Nare,2009,30,Andes,Preliminar,0,0,0,1.76948142051697,1.76948142051697,0,0.417305290699005,0.167400598526001,3.05454540252686,6.04363632202148,5,10,0.869565188884735,0.876811623573303,1,1,54,1.04999995231628,0
09,2012-09-28,23080760,,"",SAN ROQUE [23080760],Pluviométrica,Convencional,Activa,Antioquia,San Roque,6.4875,-75.017,820,5/15/1975,,Monchia,Magdalena Cauca,Medio Magdalena,Río Nare,2012,28,Andes,Preliminar,0,0,0,11.6277418136597,11.6277418136597,5.12398290634155,5.50053024291992,0.562050700187683,3.05454540252686,6.04363632202148,5,10,0.869565188884735,0.876811623573303,1,1,54,1.04999995231628,0
09,2007-09-29,23080760,0,Definitivo,SAN ROQUE [23080760],Pluviométrica,Convencional,Activa,Antioquia,San Roque,6.4875,-75.017,820,5/15/1975,,Monchia,Magdalena Cauca,Medio Magdalena,Río Nare,2007,29,Andes,Definitivo,0,0,0,0,0,0,12.5780696868896,0.0158005505800247,3.05454540252686,6.04363632202148,5,10,0.869565188884735,0.876811623573303,1,1,54,1.04999995231628,0
09,2013-09-26,23080760,,"",SAN ROQUE [23080760],Pluviométrica,Convencional,Activa,Antioquia,San Roque,6.4875,-75.017,820,5/15/1975,,Monchia,Magdalena Cauca,Medio Magdalena,Río Nare,2013,26,Andes,Preliminar,0,0,0,0,0,25.9639759063721,11.4337291717529,34.1371536254883,3.05454540252686,6.04363632202148,5,10,0.869565188884735,0.876811623573303,1,1,54,1.04999995231628,0
09,2003-09-28,23080760,16,Definitivo,SAN ROQUE [23080760],Pluviométrica,Convencional,Activa,Antioquia,San Roque,6.4875,-75.017,820,5/15/1975,,Monchia,Magdalena Cauca,Medio Magdalena,Río Nare,2003,28,Andes,Definitivo,16,16,0,9.7651424407959,9.7651424407959,0,16.0822410583496,0.543829739093781,3.05454540252686,6.04363632202148,5,10,0.869565188884735,0.876811623573303,1,1,54,1.04999995231628,16.7999992370605
09,2010-09-23,23080760,32,Definitivo,SAN ROQUE [23080760],Pluviométrica,Convencional,Activa,Antioquia,San Roque,6.4875,-75.017,820,5/15/1975,,Monchia,Magdalena Cauca,Medio Magdalena,Río Nare,2010,23,Andes,Definitivo,32,32,0,32.3521041870117,32.3521041870117,24.2409248352051,12.7891235351563,48.5053977966309,3.05454540252686,6.04363632202148,5,10,0.869565188884735,0.876811623573303,1,1,53,1.04999995231628,33.5999984741211
09,2009-09-26,23080760,13,Definitivo,SAN ROQUE [23080760],Pluviométrica,Convencional,Activa,Antioquia,San Roque,6.4875,-75.017,820,5/15/1975,,Monchia,Magdalena Cauca,Medio Magdalena,Río Nare,2009,26,Andes,Definitivo,13,13,0,5.06646299362183,5.06646299362183,15.2689619064331,2.59264612197876,9.29242610931396,3.05454540252686,6.04363632202148,5,10,0.869565188884735,0.876811623573303,1,1,54,1.04999995231628,13.6499993801117
09,2005-09-16,23080760,4,Definitivo,SAN ROQUE [23080760],Pluviométrica,Convencional,Activa,Antioquia,San Roque,6.4875,-75.017,820,5/15/1975,,Monchia,Magdalena Cauca,Medio Magdalena,Río Nare,2005,16,Andes,Definitivo,4,4,0,0,0,16.4298343658447,3.80544328689575,14.4948987960815,3.05454540252686,6.04363632202148,5,10,0.869565188884735,0.876811623573303,1,1,52,1.04999995231628,4.19999980926514
09,2006-09-14,23080760,4,Definitivo,SAN ROQUE [23080760],Pluviométrica,Convencional,Activa,Antioquia,San Roque,6.4875,-75.017,820,5/15/1975,,Monchia,Magdalena Cauca,Medio Magdalena,Río Nare,2006,14,Andes,Definitivo,4,4,0,1.89766919612885,1.89766919612885,0,11.0759897232056,0,3.05454540252686,6.04363632202148,5,10,0.869565188884735,0.876811623573303,1,1,51,1.04999995231628,4.19999980926514
09,2005-09-13,23080760,6,Definitivo,SAN ROQUE [23080760],Pluviométrica,Convencional,Activa,Antioquia,San Roque,6.4875,-75.017,820,5/15/1975,,Monchia,Magdalena Cauca,Medio Magdalena,Río Nare,2005,13,Andes,Definitivo,6,6,0,6.69194602966309,6.69194602966309,3.0211386680603,9.24513339996338,1.02379536628723,3.05454540252686,6.04363632202148,5,10,0.869565188884735,0.876811623573303,1,1,51,1.04999995231628,6.29999971389771
09,2007-09-14,23080760,5,Definitivo,SAN ROQUE [23080760],Pluviométrica,Convencional,Activa,Antioquia,San Roque,6.4875,-75.017,820,5/15/1975,,Monchia,Magdalena Cauca,Medio Magdalena,Río Nare,2007,14,Andes,Definitivo,5,5,0,6.62644243240356,6.62644243240356,10.0633573532104,24.481315612793,3.58449840545654,3.05454540252686,6.04363632202148,5,10,0.869565188884735,0.876811623573303,1,1,51,1.04999995231628,5.24999976158142
09,2008-09-18,23080760,,"",SAN ROQUE [23080760],Pluviométrica,Convencional,Activa,Antioquia,San Roque,6.4875,-75.017,820,5/15/1975,,Monchia,Magdalena Cauca,Medio Magdalena,Río Nare,2008,18,Andes,Preliminar,0,0,0,11.537181854248,11.537181854248,0,2.00669384002686,3.1927924156189,3.05454540252686,6.04363632202148,5,10,0.869565188884735,0.876811623573303,1,1,52,1.04999995231628,0
09,2008-09-19,23080760,13,Definitivo,SAN ROQUE [23080760],Pluviométrica,Convencional,Activa,Antioquia,San Roque,6.4875,-75.017,820,5/15/1975,,Monchia,Magdalena Cauca,Medio Magdalena,Río Nare,2008,19,Andes,Definitivo,13,13,0,16.3949432373047,16.3949432373047,16.2751617431641,15.193431854248,41.8833084106445,3.05454540252686,6.04363632202148,5,10,0.869565188884735,0.876811623573303,1,1,52,1.04999995231628,13.6499993801117
09,2008-09-26,23080760,28,Definitivo,SAN ROQUE [23080760],Pluviométrica,Convencional,Activa,Antioquia,San Roque,6.4875,-75.017,820,5/15/1975,,Monchia,Magdalena Cauca,Medio Magdalena,Río Nare,2008,26,Andes,Definitivo,28,28,0,2.79123139381409,2.79123139381409,14.7502775192261,11.5827074050903,25.4816932678223,3.05454540252686,6.04363632202148,5,10,0.869565188884735,0.876811623573303,1,1,54,1.04999995231628,29.399998664856
09,2008-09-27,23080760,,"",SAN ROQUE [23080760],Pluviométrica,Convencional,Activa,Antioquia,San Roque,6.4875,-75.017,820,5/15/1975,,Monchia,Magdalena Cauca,Medio Magdalena,Río Nare,2008,27,Andes,Preliminar,0,0,0,0.799430310726166,0.799430310726166,16.8574600219727,16.9403266906738,33.0550155639648,3.05454540252686,6.04363632202148,5,10,0.869565188884735,0.876811623573303,1,1,54,1.04999995231628,0
09,2014-09-29,23080760,2,Definitivo,SAN ROQUE [23080760],Pluviométrica,Convencional,Activa,Antioquia,San Roque,6.4875,-75.017,820,5/15/1975,,Monchia,Magdalena Cauca,Medio Magdalena,Río Nare,2014,29,Andes,Definitivo,2,2,0,0,0,14.7821416854858,0.426733285188675,18.3323135375977,3.05454540252686,6.04363632202148,5,10,0.869565188884735,0.876811623573303,1,1,54,1.04999995231628,2.09999990463257
09,2004-09-30,23080760,0.5,Definitivo,SAN ROQUE [23080760],Pluviométrica,Convencional,Activa,Antioquia,San Roque,6.4875,-75.017,820,5/15/1975,,Monchia,Magdalena Cauca,Medio Magdalena,Río Nare,2004,30,Andes,Definitivo,0.5,0.5,0,6.94857501983643,6.94857501983643,22.3590927124023,95.8673095703125,70.7898559570313,3.05454540252686,6.04363632202148,5,10,0.869565188884735,0.876811623573303,1,1,54,1.04999995231628,0.524999976158142
09,2007-09-25,23080760,12,Definitivo,SAN ROQUE [23080760],Pluviométrica,Convencional,Activa,Antioquia,San Roque,6.4875,-75.017,820,5/15/1975,,Monchia,Magdalena Cauca,Medio Magdalena,Río Nare,2007,25,Andes,Definitivo,12,12,0,12.0720138549805,12.0720138549805,19.1584587097168,37.7009658813477,14.3416614532471,3.05454540252686,6.04363632202148,5,10,0.869565188884735,0.876811623573303,1,1,53,1.04999995231628,12.5999994277954
09,2004-09-24,23080760,,"",SAN ROQUE [23080760],Pluviométrica,Convencional,Activa,Antioquia,San Roque,6.4875,-75.017,820,5/15/1975,,Monchia,Magdalena Cauca,Medio Magdalena,Río Nare,2004,24,Andes,Preliminar,0,0,0,11.9162397384644,11.9162397384644,26.3321437835693,14.8751201629639,45.4200897216797,3.05454540252686,6.04363632202148,5,10,0.869565188884735,0.876811623573303,1,1,53,1.04999995231628,0
09,2007-09-17,23080760,55,Definitivo,SAN ROQUE [23080760],Pluviométrica,Convencional,Activa,Antioquia,San Roque,6.4875,-75.017,820,5/15/1975,,Monchia,Magdalena Cauca,Medio Magdalena,Río Nare,2007,17,Andes,Definitivo,55,55,0,8.9492883682251,8.9492883682251,0,9.49358177185059,3.81699633598328,3.05454540252686,6.04363632202148,5,10,0.869565188884735,0.876811623573303,1,1,52,1.04999995231628,57.7499973773956
09,2009-09-27,23080760,7,Definitivo,SAN ROQUE [23080760],Pluviométrica,Convencional,Activa,Antioquia,San Roque,6.4875,-75.017,820,5/15/1975,,Monchia,Magdalena Cauca,Medio Magdalena,Río Nare,2009,27,Andes,Definitivo,7,7,0,6.89644050598145,6.89644050598145,7.63448095321655,12.0426034927368,17.9764995574951,3.05454540252686,6.04363632202148,5,10,0.869565188884735,0.876811623573303,1,1,54,1.04999995231628,7.34999966621399
09,2016-09-25,23080760,6,Definitivo,SAN ROQUE [23080760],Pluviométrica,Convencional,Activa,Antioquia,San Roque,6.4875,-75.017,820,5/15/1975,,Monchia,Magdalena Cauca,Medio Magdalena,Río Nare,2016,25,Andes,Definitivo,6,6,0,56.3315811157227,56.3315811157227,33.3873443603516,3.21787357330322,56.8929405212402,3.05454540252686,6.04363632202148,5,10,0.869565188884735,0.876811623573303,1,1,53,1.04999995231628,6.29999971389771
09,2016-09-26,23080760,36,Definitivo,SAN ROQUE [23080760],Pluviométrica,Convencional,Activa,Antioquia,San Roque,6.4875,-75.017,820,5/15/1975,,Monchia,Magdalena Cauca,Medio Magdalena,Río Nare,2016,26,Andes,Definitivo,36,36,0,0.82149463891983,0.82149463891983,0,11.2962589263916,3.05120754241943,3.05454540252686,6.04363632202148,5,10,0.869565188884735,0.876811623573303,1,1,54,1.04999995231628,37.7999982833862
09,2015-09-30,23080760,0,Definitivo,SAN ROQUE [23080760],Pluviométrica,Convencional,Activa,Antioquia,San Roque,6.4875,-75.017,820,5/15/1975,,Monchia,Magdalena Cauca,Medio Magdalena,Río Nare,2015,30,Andes,Definitivo,0,0,0,32.4911918640137,32.4911918640137,15.7887563705444,14.5544137954712,17.5725231170654,3.05454540252686,6.04363632202148,5,10,0.869565188884735,0.876811623573303,1,1,54,1.04999995231628,0
09,2010-09-12,23080760,15,Definitivo,SAN ROQUE [23080760],Pluviométrica,Convencional,Activa,Antioquia,San Roque,6.4875,-75.017,820,5/15/1975,,Monchia,Magdalena Cauca,Medio Magdalena,Río Nare,2010,12,Andes,Definitivo,15,15,0,10.9978742599487,10.9978742599487,34.4313354492188,35.1132621765137,41.6526489257813,3.05454540252686,6.04363632202148,5,10,0.869565188884735,0.876811623573303,1,1,51,1.04999995231628,15.7499992847443
09,2009-09-15,23080760,21,Definitivo,SAN ROQUE [23080760],Pluviométrica,Convencional,Activa,Antioquia,San Roque,6.4875,-75.017,820,5/15/1975,,Monchia,Magdalena Cauca,Medio Magdalena,Río Nare,2009,15,Andes,Definitivo,21,21,0,5.57250165939331,5.57250165939331,16.9404449462891,33.678768157959,45.0690002441406,3.05454540252686,6.04363632202148,5,10,0.869565188884735,0.876811623573303,1,1,51,1.04999995231628,22.049998998642
09,2007-09-23,23080760,10,Definitivo,SAN ROQUE [23080760],Pluviométrica,Convencional,Activa,Antioquia,San Roque,6.4875,-75.017,820,5/15/1975,,Monchia,Magdalena Cauca,Medio Magdalena,Río Nare,2007,23,Andes,Definitivo,10,10,0,14.8955402374268,14.8955402374268,6.38615322113037,14.8758325576782,2.26795244216919,3.05454540252686,6.04363632202148,5,10,0.869565188884735,0.876811623573303,1,1,53,1.04999995231628,10.4999995231628
09,2007-09-24,23080760,0,Definitivo,SAN ROQUE [23080760],Pluviométrica,Convencional,Activa,Antioquia,San Roque,6.4875,-75.017,820,5/15/1975,,Monchia,Magdalena Cauca,Medio Magdalena,Río Nare,2007,24,Andes,Definitivo,0,0,0,28.3793182373047,28.3793182373047,6.38615322113037,11.1822853088379,0.752077519893646,3.05454540252686,6.04363632202148,5,10,0.869565188884735,0.876811623573303,1,1,53,1.04999995231628,0
09,2013-09-25,23080760,48,Definitivo,SAN ROQUE [23080760],Pluviométrica,Convencional,Activa,Antioquia,San Roque,6.4875,-75.017,820,5/15/1975,,Monchia,Magdalena Cauca,Medio Magdalena,Río Nare,2013,25,Andes,Definitivo,48,48,0,2.31433844566345,2.31433844566345,0,2.54495787620544,0.163147121667862,3.05454540252686,6.04363632202148,5,10,0.869565188884735,0.876811623573303,1,1,53,1.04999995231628,50.3999977111817
09,2009-09-25,23080760,15,Definitivo,SAN ROQUE [23080760],Pluviométrica,Convencional,Activa,Antioquia,San Roque,6.4875,-75.017,820,5/15/1975,,Monchia,Magdalena Cauca,Medio Magdalena,Río Nare,2009,25,Andes,Definitivo,15,15,0,2.46358990669251,2.46358990669251,0,0.196909680962563,0,3.05454540252686,6.04363632202148,5,10,0.869565188884735,0.876811623573303,1,1,53,1.04999995231628,15.7499992847443
09,2003-09-27,23080760,19,Definitivo,SAN ROQUE [23080760],Pluviométrica,Convencional,Activa,Antioquia,San Roque,6.4875,-75.017,820,5/15/1975,,Monchia,Magdalena Cauca,Medio Magdalena,Río Nare,2003,27,Andes,Definitivo,19,19,0,7.09267377853394,7.09267377853394,9.48118877410889,14.3623046875,11.9995946884155,3.05454540252686,6.04363632202148,5,10,0.869565188884735,0.876811623573303,1,1,54,1.04999995231628,19.9499990940094
09,2009-09-19,23080760,22,Definitivo,SAN ROQUE [23080760],Pluviométrica,Convencional,Activa,Antioquia,San Roque,6.4875,-75.017,820,5/15/1975,,Monchia,Magdalena Cauca,Medio Magdalena,Río Nare,2009,19,Andes,Definitivo,22,22,0,11.2804975509644,11.2804975509644,11.0540151596069,4.38257217407227,5.41529321670532,3.05454540252686,6.04363632202148,5,10,0.869565188884735,0.876811623573303,1,1,52,1.04999995231628,23.0999989509583
09,2008-09-22,23080760,27,Definitivo,SAN ROQUE [23080760],Pluviométrica,Convencional,Activa,Antioquia,San Roque,6.4875,-75.017,820,5/15/1975,,Monchia,Magdalena Cauca,Medio Magdalena,Río Nare,2008,22,Andes,Definitivo,27,27,0,12.7302055358887,12.7302055358887,0,12.1883478164673,5.4409384727478,3.05454540252686,6.04363632202148,5,10,0.869565188884735,0.876811623573303,1,1,53,1.04999995231628,28.3499987125397
09,2007-09-16,23080760,33,Definitivo,SAN ROQUE [23080760],Pluviométrica,Convencional,Activa,Antioquia,San Roque,6.4875,-75.017,820,5/15/1975,,Monchia,Magdalena Cauca,Medio Magdalena,Río Nare,2007,16,Andes,Definitivo,33,33,0,3.55836462974548,3.55836462974548,18.9610061645508,40.8586730957031,52.9602279663086,3.05454540252686,6.04363632202148,5,10,0.869565188884735,0.876811623573303,1,1,52,1.04999995231628,34.6499984264374
09,2007-09-15,23080760,11,Definitivo,SAN ROQUE [23080760],Pluviométrica,Convencional,Activa,Antioquia,San Roque,6.4875,-75.017,820,5/15/1975,,Monchia,Magdalena Cauca,Medio Magdalena,Río Nare,2007,15,Andes,Definitivo,11,11,0,24.0836925506592,24.0836925506592,10.0633573532104,10.7013864517212,3.76591634750366,3.05454540252686,6.04363632202148,5,10,0.869565188884735,0.876811623573303,1,1,51,1.04999995231628,11.5499994754791
09,2005-09-15,23080760,8,Definitivo,SAN ROQUE [23080760],Pluviométrica,Convencional,Activa,Antioquia,San Roque,6.4875,-75.017,820,5/15/1975,,Monchia,Magdalena Cauca,Medio Magdalena,Río Nare,2005,15,Andes,Definitivo,8,8,0,8.20970821380615,8.20970821380615,9.06341648101807,13.7415828704834,23.3311023712158,3.05454540252686,6.04363632202148,5,10,0.869565188884735,0.876811623573303,1,1,51,1.04999995231628,8.39999961853027
09,2007-09-12,23080760,,"",SAN ROQUE [23080760],Pluviométrica,Convencional,Activa,Antioquia,San Roque,6.4875,-75.017,820,5/15/1975,,Monchia,Magdalena Cauca,Medio Magdalena,Río Nare,2007,12,Andes,Preliminar,0,0,0,0.31989723443985,0.31989723443985,10.0633573532104,2.61791348457336,19.0597648620605,3.05454540252686,6.04363632202148,5,10,0.869565188884735,0.876811623573303,1,1,51,1.04999995231628,0
09,2022-09-28,23080760,85,Definitivo,SAN ROQUE [23080760],Pluviométrica,Convencional,Activa,Antioquia,San Roque,6.4875,-75.017,820,5/15/1975,,Monchia,Magdalena Cauca,Medio Magdalena,Río Nare,2022,28,Andes,Definitivo,85,85,0,2.23673939704895,2.23673939704895,4.06153774261475,13.2592687606812,1.82930088043213,3.05454540252686,6.04363632202148,5,10,0.869565188884735,0.876811623573303,1,1,54,1.04999995231628,89.2499959468842
09,2022-09-29,23080760,29,Definitivo,SAN ROQUE [23080760],Pluviométrica,Convencional,Activa,Antioquia,San Roque,6.4875,-75.017,820,5/15/1975,,Monchia,Magdalena Cauca,Medio Magdalena,Río Nare,2022,29,Andes,Definitivo,29,29,0,3.75027060508728,3.75027060508728,6.80985260009766,29.6912059783936,23.3901901245117,3.05454540252686,6.04363632202148,5,10,0.869565188884735,0.876811623573303,1,1,54,1.04999995231628,30.4499986171722
09,2009-09-16,23080760,,"",SAN ROQUE [23080760],Pluviométrica,Convencional,Activa,Antioquia,San Roque,6.4875,-75.017,820,5/15/1975,,Monchia,Magdalena Cauca,Medio Magdalena,Río Nare,2009,16,Andes,Preliminar,0,0,0,5.29927635192871,5.29927635192871,11.0540151596069,32.8459396362305,12.9191017150879,3.05454540252686,6.04363632202148,5,10,0.869565188884735,0.876811623573303,1,1,52,1.04999995231628,0
09,2009-09-17,23080760,9,Definitivo,SAN ROQUE [23080760],Pluviométrica,Convencional,Activa,Antioquia,San Roque,6.4875,-75.017,820,5/15/1975,,Monchia,Magdalena Cauca,Medio Magdalena,Río Nare,2009,17,Andes,Definitivo,9,9,0,14.2640037536621,14.2640037536621,0,18.3230304718018,0.0130447084084153,3.05454540252686,6.04363632202148,5,10,0.869565188884735,0.876811623573303,1,1,52,1.04999995231628,9.44999957084656
09,2006-09-27,23080760,,"",SAN ROQUE [23080760],Pluviométrica,Convencional,Activa,Antioquia,San Roque,6.4875,-75.017,820,5/15/1975,,Monchia,Magdalena Cauca,Medio Magdalena,Río Nare,2006,27,Andes,Preliminar,0,0,0,0,0,0,7.45148277282715,0.350099265575409,3.05454540252686,6.04363632202148,5,10,0.869565188884735,0.876811623573303,1,1,54,1.04999995231628,0
09,2002-09-30,23080760,0,Definitivo,SAN ROQUE [23080760],Pluviométrica,Convencional,Activa,Antioquia,San Roque,6.4875,-75.017,820,5/15/1975,,Monchia,Magdalena Cauca,Medio Magdalena,Río Nare,2002,30,Andes,Definitivo,0,0,0,8.12603569030762,8.12603569030762,13.726580619812,3.94379329681397,4.46521043777466,3.05454540252686,6.04363632202148,5,10,0.869565188884735,0.876811623573303,1,1,54,1.04999995231628,0
09,2009-09-18,23080760,,"",SAN ROQUE [23080760],Pluviométrica,Convencional,Activa,Antioquia,San Roque,6.4875,-75.017,820,5/15/1975,,Monchia,Magdalena Cauca,Medio Magdalena,Río Nare,2009,18,Andes,Preliminar,0,0,0,1.96059048175812,1.96059048175812,5.52700757980347,3.50257682800293,13.5686454772949,3.05454540252686,6.04363632202148,5,10,0.869565188884735,0.876811623573303,1,1,52,1.04999995231628,0
09,2005-09-21,23080760,,"",SAN ROQUE [23080760],Pluviométrica,Convencional,Activa,Antioquia,San Roque,6.4875,-75.017,820,5/15/1975,,Monchia,Magdalena Cauca,Medio Magdalena,Río Nare,2005,21,Andes,Preliminar,0,0,0,8.34449672698975,8.34449672698975,24.0600452423096,11.6956806182861,12.9522085189819,3.05454540252686,6.04363632202148,5,10,0.869565188884735,0.876811623573303,1,1,53,1.04999995231628,0
09,2006-09-19,23080760,,"",SAN ROQUE [23080760],Pluviométrica,Convencional,Activa,Antioquia,San Roque,6.4875,-75.017,820,5/15/1975,,Monchia,Magdalena Cauca,Medio Magdalena,Río Nare,2006,19,Andes,Preliminar,0,0,0,7.24254465103149,7.24254465103149,12.0250406265259,8.53986072540283,2.64023756980896,3.05454540252686,6.04363632202148,5,10,0.869565188884735,0.876811623573303,1,1,52,1.04999995231628,0
09,2008-09-23,23080760,,"",SAN ROQUE [23080760],Pluviométrica,Convencional,Activa,Antioquia,San Roque,6.4875,-75.017,820,5/15/1975,,Monchia,Magdalena Cauca,Medio Magdalena,Río Nare,2008,23,Andes,Preliminar,0,0,0,19.3924865722656,19.3924865722656,24.382568359375,17.6971874237061,30.458625793457,3.05454540252686,6.04363632202148,5,10,0.869565188884735,0.876811623573303,1,1,53,1.04999995231628,0
09,2010-09-24,23080760,,"",SAN ROQUE [23080760],Pluviométrica,Convencional,Activa,Antioquia,San Roque,6.4875,-75.017,820,5/15/1975,,Monchia,Magdalena Cauca,Medio Magdalena,Río Nare,2010,24,Andes,Preliminar,0,0,0,5.89376401901245,5.89376401901245,24.2409248352051,10.7934370040894,17.1543941497803,3.05454540252686,6.04363632202148,5,10,0.869565188884735,0.876811623573303,1,1,53,1.04999995231628,0
09,2011-09-28,23080760,5,Definitivo,SAN ROQUE [23080760],Pluviométrica,Convencional,Activa,Antioquia,San Roque,6.4875,-75.017,820,5/15/1975,,Monchia,Magdalena Cauca,Medio Magdalena,Río Nare,2011,28,Andes,Definitivo,5,5,0,9.18577766418457,9.18577766418457,0,11.4709482192993,1.57953214645386,3.05454540252686,6.04363632202148,5,10,0.869565188884735,0.876811623573303,1,1,54,1.04999995231628,5.24999976158142
09,2014-09-26,23080760,9,Definitivo,SAN ROQUE [23080760],Pluviométrica,Convencional,Activa,Antioquia,San Roque,6.4875,-75.017,820,5/15/1975,,Monchia,Magdalena Cauca,Medio Magdalena,Río Nare,2014,26,Andes,Definitivo,9,9,0,17.3575859069824,17.3575859069824,0,10.9935531616211,0.851876497268677,3.05454540252686,6.04363632202148,5,10,0.869565188884735,0.876811623573303,1,1,54,1.04999995231628,9.44999957084656
09,2006-09-11,23080760,0.1,Definitivo,SAN ROQUE [23080760],Pluviométrica,Convencional,Activa,Antioquia,San Roque,6.4875,-75.017,820,5/15/1975,,Monchia,Magdalena Cauca,Medio Magdalena,Río Nare,2006,11,Andes,Definitivo,0.1,0.1,0,10.0576486587524,10.0576486587524,11.4578447341919,15.86012840271,27.0199584960938,3.05454540252686,6.04363632202148,5,10,0.869565188884735,0.876811623573303,1,1,51,1.04999995231628,0.104999995231628
09,2005-09-14,23080760,12,Definitivo,SAN ROQUE [23080760],Pluviométrica,Convencional,Activa,Antioquia,San Roque,6.4875,-75.017,820,5/15/1975,,Monchia,Magdalena Cauca,Medio Magdalena,Río Nare,2005,14,Andes,Definitivo,12,12,0,24.7671012878418,24.7671012878418,0,3.82309603691101,0.83609926700592,3.05454540252686,6.04363632202148,5,10,0.869565188884735,0.876811623573303,1,1,51,1.04999995231628,12.5999994277954
09,2008-09-12,23080760,,"",SAN ROQUE [23080760],Pluviométrica,Convencional,Activa,Antioquia,San Roque,6.4875,-75.017,820,5/15/1975,,Monchia,Magdalena Cauca,Medio Magdalena,Río Nare,2008,12,Andes,Preliminar,0,0,0,0.198690339922905,0.198690339922905,4.74684381484985,0.761516571044922,0.0595376864075661,3.05454540252686,6.04363632202148,5,10,0.869565188884735,0.876811623573303,1,1,51,1.04999995231628,0
09,2010-09-13,23080760,14,Definitivo,SAN ROQUE [23080760],Pluviométrica,Convencional,Activa,Antioquia,San Roque,6.4875,-75.017,820,5/15/1975,,Monchia,Magdalena Cauca,Medio Magdalena,Río Nare,2010,13,Andes,Definitivo,14,14,0,15.764045715332,15.764045715332,0,22.4625377655029,2.23826360702515,3.05454540252686,6.04363632202148,5,10,0.869565188884735,0.876811623573303,1,1,51,1.04999995231628,14.699999332428
09,2004-09-29,23080760,26,Definitivo,SAN ROQUE [23080760],Pluviométrica,Convencional,Activa,Antioquia,San Roque,6.4875,-75.017,820,5/15/1975,,Monchia,Magdalena Cauca,Medio Magdalena,Río Nare,2004,29,Andes,Definitivo,26,26,0,0.229073867201805,0.229073867201805,22.3590927124023,36.3486442565918,19.6517391204834,3.05454540252686,6.04363632202148,5,10,0.869565188884735,0.876811623573303,1,1,54,1.04999995231628,27.2999987602234
09,2008-09-21,23080760,18,Definitivo,SAN ROQUE [23080760],Pluviométrica,Convencional,Activa,Antioquia,San Roque,6.4875,-75.017,820,5/15/1975,,Monchia,Magdalena Cauca,Medio Magdalena,Río Nare,2008,21,Andes,Definitivo,18,18,0,9.57875347137451,9.57875347137451,19.5060539245605,5.89252948760986,16.7846088409424,3.05454540252686,6.04363632202148,5,10,0.869565188884735,0.876811623573303,1,1,53,1.04999995231628,18.8999991416931
09,2004-09-23,23080760,25,Definitivo,SAN ROQUE [23080760],Pluviométrica,Convencional,Activa,Antioquia,San Roque,6.4875,-75.017,820,5/15/1975,,Monchia,Magdalena Cauca,Medio Magdalena,Río Nare,2004,23,Andes,Definitivo,25,25,0,5.10695934295654,5.10695934295654,0,1.63425767421722,1.56019771099091,3.05454540252686,6.04363632202148,5,10,0.869565188884735,0.876811623573303,1,1,53,1.04999995231628,26.2499988079071
09,2011-09-13,23080760,32,Definitivo,SAN ROQUE [23080760],Pluviométrica,Convencional,Activa,Antioquia,San Roque,6.4875,-75.017,820,5/15/1975,,Monchia,Magdalena Cauca,Medio Magdalena,Río Nare,2011,13,Andes,Definitivo,32,32,0,1.99275803565979,1.99275803565979,0,0.484205543994904,1.81995010375977,3.05454540252686,6.04363632202148,5,10,0.869565188884735,0.876811623573303,1,1,51,1.04999995231628,33.5999984741211
09,2010-09-16,23080760,72,Definitivo,SAN ROQUE [23080760],Pluviométrica,Convencional,Activa,Antioquia,San Roque,6.4875,-75.017,820,5/15/1975,,Monchia,Magdalena Cauca,Medio Magdalena,Río Nare,2010,16,Andes,Definitivo,72,72,0,10.3548383712769,10.3548383712769,23.5462512969971,6.22141647338867,39.9768753051758,3.05454540252686,6.04363632202148,5,10,0.869565188884735,0.876811623573303,1,1,52,1.04999995231628,75.5999965667725
09,2006-09-18,23080760,0,Definitivo,SAN ROQUE [23080760],Pluviométrica,Convencional,Activa,Antioquia,San Roque,6.4875,-75.017,820,5/15/1975,,Monchia,Magdalena Cauca,Medio Magdalena,Río Nare,2006,18,Andes,Definitivo,0,0,0,5.0861177444458,5.0861177444458,24.0500812530518,23.4247493743897,21.1788311004639,3.05454540252686,6.04363632202148,5,10,0.869565188884735,0.876811623573303,1,1,52,1.04999995231628,0
09,2006-09-17,23080760,17,Definitivo,SAN ROQUE [23080760],Pluviométrica,Convencional,Activa,Antioquia,San Roque,6.4875,-75.017,820,5/15/1975,,Monchia,Magdalena Cauca,Medio Magdalena,Río Nare,2006,17,Andes,Definitivo,17,17,0,10.2702541351318,10.2702541351318,0,10.5604124069214,0.196372494101524,3.05454540252686,6.04363632202148,5,10,0.869565188884735,0.876811623573303,1,1,52,1.04999995231628,17.8499991893768
09,2006-09-16,23080760,,"",SAN ROQUE [23080760],Pluviométrica,Convencional,Activa,Antioquia,San Roque,6.4875,-75.017,820,5/15/1975,,Monchia,Magdalena Cauca,Medio Magdalena,Río Nare,2006,16,Andes,Preliminar,0,0,0,8.85441875457764,8.85441875457764,12.0250406265259,12.7471990585327,37.2525825500488,3.05454540252686,6.04363632202148,5,10,0.869565188884735,0.876811623573303,1,1,52,1.04999995231628,0
09,2004-09-16,23080760,77,Definitivo,SAN ROQUE [23080760],Pluviométrica,Convencional,Activa,Antioquia,San Roque,6.4875,-75.017,820,5/15/1975,,Monchia,Magdalena Cauca,Medio Magdalena,Río Nare,2004,16,Andes,Definitivo,77,77,0,3.61909437179565,3.61909437179565,0,5.77555704116821,1.05968201160431,3.05454540252686,6.04363632202148,5,10,0.869565188884735,0.876811623573303,1,1,52,1.04999995231628,80.8499963283539
09,2014-09-27,23080760,7,Definitivo,SAN ROQUE [23080760],Pluviométrica,Convencional,Activa,Antioquia,San Roque,6.4875,-75.017,820,5/15/1975,,Monchia,Magdalena Cauca,Medio Magdalena,Río Nare,2014,27,Andes,Definitivo,7,7,0,6.3590235710144,6.3590235710144,7.39107084274292,7.9044189453125,2.41841053962708,3.05454540252686,6.04363632202148,5,10,0.869565188884735,0.876811623573303,1,1,54,1.04999995231628,7.34999966621399
09,2018-09-28,23080760,48,Definitivo,SAN ROQUE [23080760],Pluviométrica,Convencional,Activa,Antioquia,San Roque,6.4875,-75.017,820,5/15/1975,,Monchia,Magdalena Cauca,Medio Magdalena,Río Nare,2018,28,Andes,Definitivo,48,48,0,8.40549945831299,8.40549945831299,11.1497011184692,13.6404581069946,1.20035409927368,3.05454540252686,6.04363632202148,5,10,0.869565188884735,0.876811623573303,1,1,54,1.04999995231628,50.3999977111817
09,2020-09-28,23080760,14,Definitivo,SAN ROQUE [23080760],Pluviométrica,Convencional,Activa,Antioquia,San Roque,6.4875,-75.017,820,5/15/1975,,Monchia,Magdalena Cauca,Medio Magdalena,Río Nare,2020,28,Andes,Definitivo,14,14,0,3.02321100234985,3.02321100234985,0,6.98789882659912,0.159295827150345,3.05454540252686,6.04363632202148,5,10,0.869565188884735,0.876811623573303,1,1,54,1.04999995231628,14.699999332428
09,2020-09-29,23080760,23,Definitivo,SAN ROQUE [23080760],Pluviométrica,Convencional,Activa,Antioquia,San Roque,6.4875,-75.017,820,5/15/1975,,Monchia,Magdalena Cauca,Medio Magdalena,Río Nare,2020,29,Andes,Definitivo,23,23,0,0.641485750675201,0.641485750675201,9.57179641723633,15.8144845962524,0.0596104376018047,3.05454540252686,6.04363632202148,5,10,0.869565188884735,0.876811623573303,1,1,54,1.04999995231628,24.1499989032745
09,2008-09-20,23080760,37,Definitivo,SAN ROQUE [23080760],Pluviométrica,Convencional,Activa,Antioquia,San Roque,6.4875,-75.017,820,5/15/1975,,Monchia,Magdalena Cauca,Medio Magdalena,Río Nare,2008,20,Andes,Definitivo,37,37,0,1.29433751106262,1.29433751106262,5.95829153060913,28.3498783111572,4.3071928024292,3.05454540252686,6.04363632202148,5,10,0.869565188884735,0.876811623573303,1,1,52,1.04999995231628,38.8499982357025
09,2002-09-29,23080760,,"",SAN ROQUE [23080760],Pluviométrica,Convencional,Activa,Antioquia,San Roque,6.4875,-75.017,820,5/15/1975,,Monchia,Magdalena Cauca,Medio Magdalena,Río Nare,2002,29,Andes,Preliminar,0,0,0,2.73453736305237,2.73453736305237,6.86329030990601,2.70993161201477,0.650402128696442,3.05454540252686,6.04363632202148,5,10,0.869565188884735,0.876811623573303,1,1,54,1.04999995231628,0
09,2011-09-12,23080760,3,Definitivo,SAN ROQUE [23080760],Pluviométrica,Convencional,Activa,Antioquia,San Roque,6.4875,-75.017,820,5/15/1975,,Monchia,Magdalena Cauca,Medio Magdalena,Río Nare,2011,12,Andes,Definitivo,3,3,0,3.37071681022644,3.37071681022644,0,3.17940139770508,6.55034828186035,3.05454540252686,6.04363632202148,5,10,0.869565188884735,0.876811623573303,1,1,51,1.04999995231628,3.14999985694885
09,2021-09-30,23080760,0,Definitivo,SAN ROQUE [23080760],Pluviométrica,Convencional,Activa,Antioquia,San Roque,6.4875,-75.017,820,5/15/1975,,Monchia,Magdalena Cauca,Medio Magdalena,Río Nare,2021,30,Andes,Definitivo,0,0,0,33.9301605224609,33.9301605224609,19.2393417358398,14.4977693557739,22.0941753387451,3.05454540252686,6.04363632202148,5,10,0.869565188884735,0.876811623573303,1,1,54,1.04999995231628,0
09,2023-09-28,23080760,6,Definitivo,SAN ROQUE [23080760],Pluviométrica,Convencional,Activa,Antioquia,San Roque,6.4875,-75.017,820,5/15/1975,,Monchia,Magdalena Cauca,Medio Magdalena,Río Nare,2023,28,Andes,Definitivo,6,6,0,8.88855838775635,8.88855838775635,0,13.8036651611328,0.142548486590385,3.05454540252686,6.04363632202148,5,10,0.869565188884735,0.876811623573303,1,1,54,1.04999995231628,6.29999971389771
09,2010-09-17,23080760,11,Definitivo,SAN ROQUE [23080760],Pluviométrica,Convencional,Activa,Antioquia,San Roque,6.4875,-75.017,820,5/15/1975,,Monchia,Magdalena Cauca,Medio Magdalena,Río Nare,2010,17,Andes,Definitivo,11,11,0,12.2316551208496,12.2316551208496,7.84875106811523,12.239541053772,2.23440384864807,3.05454540252686,6.04363632202148,5,10,0.869565188884735,0.876811623573303,1,1,52,1.04999995231628,11.5499994754791
09,2009-09-20,23080760,,"",SAN ROQUE [23080760],Pluviométrica,Convencional,Activa,Antioquia,San Roque,6.4875,-75.017,820,5/15/1975,,Monchia,Magdalena Cauca,Medio Magdalena,Río Nare,2009,20,Andes,Preliminar,0,0,0,21.0550327301025,21.0550327301025,16.5810222625732,5.43894195556641,32.5769767761231,3.05454540252686,6.04363632202148,5,10,0.869565188884735,0.876811623573303,1,1,52,1.04999995231628,0
09,2009-09-21,23080760,58,Definitivo,SAN ROQUE [23080760],Pluviométrica,Convencional,Activa,Antioquia,San Roque,6.4875,-75.017,820,5/15/1975,,Monchia,Magdalena Cauca,Medio Magdalena,Río Nare,2009,21,Andes,Definitivo,58,58,0,8.54044532775879,8.54044532775879,0,12.8564548492432,0.0168107599020004,3.05454540252686,6.04363632202148,5,10,0.869565188884735,0.876811623573303,1,1,53,1.04999995231628,60.8999972343445
09,2010-09-25,23080760,70,Definitivo,SAN ROQUE [23080760],Pluviométrica,Convencional,Activa,Antioquia,San Roque,6.4875,-75.017,820,5/15/1975,,Monchia,Magdalena Cauca,Medio Magdalena,Río Nare,2010,25,Andes,Definitivo,70,70,0,24.656286239624,24.656286239624,0,19.0809593200684,2.08298993110657,3.05454540252686,6.04363632202148,5,10,0.869565188884735,0.876811623573303,1,1,53,1.04999995231628,73.4999966621399
09,2006-09-13,23080760,0,Definitivo,SAN ROQUE [23080760],Pluviométrica,Convencional,Activa,Antioquia,San Roque,6.4875,-75.017,820,5/15/1975,,Monchia,Magdalena Cauca,Medio Magdalena,Río Nare,2006,13,Andes,Definitivo,0,0,0,19.5459938049316,19.5459938049316,22.9156894683838,17.9765434265137,37.1906051635742,3.05454540252686,6.04363632202148,5,10,0.869565188884735,0.876811623573303,1,1,51,1.04999995231628,0
09,2005-09-12,23080760,,"",SAN ROQUE [23080760],Pluviométrica,Convencional,Activa,Antioquia,San Roque,6.4875,-75.017,820,5/15/1975,,Monchia,Magdalena Cauca,Medio Magdalena,Río Nare,2005,12,Andes,Preliminar,0,0,0,0,0,6.04227733612061,3.82453036308289,0.150496572256088,3.05454540252686,6.04363632202148,5,10,0.869565188884735,0.876811623573303,1,1,51,1.04999995231628,0
09,2004-09-11,23080760,4,Definitivo,SAN ROQUE [23080760],Pluviométrica,Convencional,Activa,Antioquia,San Roque,6.4875,-75.017,820,5/15/1975,,Monchia,Magdalena Cauca,Medio Magdalena,Río Nare,2004,11,Andes,Definitivo,4,4,0,37.7069778442383,37.7069778442383,19.8180465698242,23.917085647583,14.470193862915,3.05454540252686,6.04363632202148,5,10,0.869565188884735,0.876811623573303,1,1,51,1.04999995231628,4.19999980926514
09,2009-09-09,23080760,36,Definitivo,SAN ROQUE [23080760],Pluviométrica,Convencional,Activa,Antioquia,San Roque,6.4875,-75.017,820,5/15/1975,,Monchia,Magdalena Cauca,Medio Magdalena,Río Nare,2009,09,Andes,Definitivo,36,36,0,12.969747543335,12.969747543335,22.9943046569824,25.7568550109863,10.1012887954712,3.05454540252686,6.04363632202148,5,10,0.869565188884735,0.876811623573303,1,1,50,1.04999995231628,37.7999982833862
09,2010-09-14,23080760,0,Definitivo,SAN ROQUE [23080760],Pluviométrica,Convencional,Activa,Antioquia,San Roque,6.4875,-75.017,820,5/15/1975,,Monchia,Magdalena Cauca,Medio Magdalena,Río Nare,2010,14,Andes,Definitivo,0,0,0,12.3996925354004,12.3996925354004,17.2156677246094,8.81064701080322,25.1007652282715,3.05454540252686,6.04363632202148,5,10,0.869565188884735,0.876811623573303,1,1,51,1.04999995231628,0
09,2010-09-15,23080760,4,Definitivo,SAN ROQUE [23080760],Pluviométrica,Convencional,Activa,Antioquia,San Roque,6.4875,-75.017,820,5/15/1975,,Monchia,Magdalena Cauca,Medio Magdalena,Río Nare,2010,15,Andes,Definitivo,4,4,0,17.0129337310791,17.0129337310791,8.60783386230469,1.56058073043823,4.40599870681763,3.05454540252686,6.04363632202148,5,10,0.869565188884735,0.876811623573303,1,1,51,1.04999995231628,4.19999980926514
09,2023-09-30,23080760,26,Definitivo,SAN ROQUE [23080760],Pluviométrica,Convencional,Activa,Antioquia,San Roque,6.4875,-75.017,820,5/15/1975,,Monchia,Magdalena Cauca,Medio Magdalena,Río Nare,2023,30,Andes,Definitivo,26,26,0,0,0,6.62113571166992,7.90036535263062,13.2765417098999,3.05454540252686,6.04363632202148,5,10,0.869565188884735,0.876811623573303,1,1,54,1.04999995231628,27.2999987602234
09,2003-09-25,23080760,35,Definitivo,SAN ROQUE [23080760],Pluviométrica,Convencional,Activa,Antioquia,San Roque,6.4875,-75.017,820,5/15/1975,,Monchia,Magdalena Cauca,Medio Magdalena,Río Nare,2003,25,Andes,Definitivo,35,35,0,15.9395742416382,15.9395742416382,27.7194519042969,32.9390983581543,24.3768634796143,3.05454540252686,6.04363632202148,5,10,0.869565188884735,0.876811623573303,1,1,53,1.04999995231628,36.7499983310699
09,2004-09-22,23080760,,"",SAN ROQUE [23080760],Pluviométrica,Convencional,Activa,Antioquia,San Roque,6.4875,-75.017,820,5/15/1975,,Monchia,Magdalena Cauca,Medio Magdalena,Río Nare,2004,22,Andes,Preliminar,0,0,0,5.30490350723267,5.30490350723267,0,13.4004125595093,0.0605680979788303,3.05454540252686,6.04363632202148,5,10,0.869565188884735,0.876811623573303,1,1,53,1.04999995231628,0
09,2005-09-20,23080760,27,Definitivo,SAN ROQUE [23080760],Pluviométrica,Convencional,Activa,Antioquia,San Roque,6.4875,-75.017,820,5/15/1975,,Monchia,Magdalena Cauca,Medio Magdalena,Río Nare,2005,20,Andes,Definitivo,27,27,0,25.1178379058838,25.1178379058838,8.21491718292236,22.4819164276123,9.00052642822266,3.05454540252686,6.04363632202148,5,10,0.869565188884735,0.876811623573303,1,1,52,1.04999995231628,28.3499987125397
09,2005-09-19,23080760,31,Definitivo,SAN ROQUE [23080760],Pluviométrica,Convencional,Activa,Antioquia,San Roque,6.4875,-75.017,820,5/15/1975,,Monchia,Magdalena Cauca,Medio Magdalena,Río Nare,2005,19,Andes,Definitivo,31,31,0,0.356281399726868,0.356281399726868,24.6447525024414,15.0577478408813,42.7186851501465,3.05454540252686,6.04363632202148,5,10,0.869565188884735,0.876811623573303,1,1,52,1.04999995231628,32.5499985218048
09,2005-09-18,23080760,24,Definitivo,SAN ROQUE [23080760],Pluviométrica,Convencional,Activa,Antioquia,San Roque,6.4875,-75.017,820,5/15/1975,,Monchia,Magdalena Cauca,Medio Magdalena,Río Nare,2005,18,Andes,Definitivo,24,24,0,0,0,0,8.81644153594971,0.0115985618904233,3.05454540252686,6.04363632202148,5,10,0.869565188884735,0.876811623573303,1,1,52,1.04999995231628,25.1999988555908
09,2006-09-15,23080760,45,Definitivo,SAN ROQUE [23080760],Pluviométrica,Convencional,Activa,Antioquia,San Roque,6.4875,-75.017,820,5/15/1975,,Monchia,Magdalena Cauca,Medio Magdalena,Río Nare,2006,15,Andes,Definitivo,45,45,0,7.82788610458374,7.82788610458374,11.4578447341919,15.3910827636719,2.33476638793945,3.05454540252686,6.04363632202148,5,10,0.869565188884735,0.876811623573303,1,1,51,1.04999995231628,47.2499978542328
09,2012-09-25,23080760,,"",SAN ROQUE [23080760],Pluviométrica,Convencional,Activa,Antioquia,San Roque,6.4875,-75.017,820,5/15/1975,,Monchia,Magdalena Cauca,Medio Magdalena,Río Nare,2012,25,Andes,Preliminar,0,0,0,12.2293500900269,12.2293500900269,5.87685394287109,8.5811939239502,32.6341705322266,3.05454540252686,6.04363632202148,5,10,0.869565188884735,0.876811623573303,1,1,53,1.04999995231628,0
09,2012-09-26,23080760,10,Definitivo,SAN ROQUE [23080760],Pluviométrica,Convencional,Activa,Antioquia,San Roque,6.4875,-75.017,820,5/15/1975,,Monchia,Magdalena Cauca,Medio Magdalena,Río Nare,2012,26,Andes,Definitivo,10,10,0,7.6815938949585,7.6815938949585,0,15.6354217529297,1.28524899482727,3.05454540252686,6.04363632202148,5,10,0.869565188884735,0.876811623573303,1,1,54,1.04999995231628,10.4999995231628
09,2016-09-27,23080760,,"",SAN ROQUE [23080760],Pluviométrica,Convencional,Activa,Antioquia,San Roque,6.4875,-75.017,820,5/15/1975,,Monchia,Magdalena Cauca,Medio Magdalena,Río Nare,2016,27,Andes,Preliminar,0,0,0,2.85687184333801,2.85687184333801,24.7553863525391,12.288366317749,50.420036315918,3.05454540252686,6.04363632202148,5,10,0.869565188884735,0.876811623573303,1,1,54,1.04999995231628,0
09,2019-09-26,23080760,0,Definitivo,SAN ROQUE [23080760],Pluviométrica,Convencional,Activa,Antioquia,San Roque,6.4875,-75.017,820,5/15/1975,,Monchia,Magdalena Cauca,Medio Magdalena,Río Nare,2019,26,Andes,Definitivo,0,0,0,3.25411367416382,3.25411367416382,18.9664993286133,22.3233432769775,40.8362007141113,3.05454540252686,6.04363632202148,5,10,0.869565188884735,0.876811623573303,1,1,54,1.04999995231628,0
09,2009-09-10,23080760,,"",SAN ROQUE [23080760],Pluviométrica,Convencional,Activa,Antioquia,San Roque,6.4875,-75.017,820,5/15/1975,,Monchia,Magdalena Cauca,Medio Magdalena,Río Nare,2009,10,Andes,Preliminar,0,0,0,5.21992349624634,5.21992349624634,15.329535484314,4.47078275680542,36.0445442199707,3.05454540252686,6.04363632202148,5,10,0.869565188884735,0.876811623573303,1,1,50,1.04999995231628,0
09,2008-09-13,23080760,0,Definitivo,SAN ROQUE [23080760],Pluviométrica,Convencional,Activa,Antioquia,San Roque,6.4875,-75.017,820,5/15/1975,,Monchia,Magdalena Cauca,Medio Magdalena,Río Nare,2008,13,Andes,Definitivo,0,0,0,4.17249727249146,4.17249727249146,0,2.38428831100464,0,3.05454540252686,6.04363632202148,5,10,0.869565188884735,0.876811623573303,1,1,51,1.04999995231628,0
09,2004-09-28,23080760,7,Definitivo,SAN ROQUE [23080760],Pluviométrica,Convencional,Activa,Antioquia,San Roque,6.4875,-75.017,820,5/15/1975,,Monchia,Magdalena Cauca,Medio Magdalena,Río Nare,2004,28,Andes,Definitivo,7,7,0,30.6195411682129,30.6195411682129,11.1795463562012,4.11790037155151,17.3466663360596,3.05454540252686,6.04363632202148,5,10,0.869565188884735,0.876811623573303,1,1,54,1.04999995231628,7.34999966621399
09,2009-09-11,23080760,0,Definitivo,SAN ROQUE [23080760],Pluviométrica,Convencional,Activa,Antioquia,San Roque,6.4875,-75.017,820,5/15/1975,,Monchia,Magdalena Cauca,Medio Magdalena,Río Nare,2009,11,Andes,Definitivo,0,0,0,11.2105627059937,11.2105627059937,0,1.10723328590393,0.447429150342941,3.05454540252686,6.04363632202148,5,10,0.869565188884735,0.876811623573303,1,1,51,1.04999995231628,0
09,2012-09-09,23080760,24,Definitivo,SAN ROQUE [23080760],Pluviométrica,Convencional,Activa,Antioquia,San Roque,6.4875,-75.017,820,5/15/1975,,Monchia,Magdalena Cauca,Medio Magdalena,Río Nare,2012,09,Andes,Definitivo,24,24,0,0.242306023836136,0.242306023836136,14.2571058273315,14.4575700759888,9.77719688415527,3.05454540252686,6.04363632202148,5,10,0.869565188884735,0.876811623573303,1,1,50,1.04999995231628,25.1999988555908
09,2012-09-10,23080760,0,Definitivo,SAN ROQUE [23080760],Pluviométrica,Convencional,Activa,Antioquia,San Roque,6.4875,-75.017,820,5/15/1975,,Monchia,Magdalena Cauca,Medio Magdalena,Río Nare,2012,10,Andes,Definitivo,0,0,0,4.61363220214844,4.61363220214844,21.3856601715088,1.60318338871002,29.008674621582,3.05454540252686,6.04363632202148,5,10,0.869565188884735,0.876811623573303,1,1,50,1.04999995231628,0
09,2011-09-14,23080760,20,Definitivo,SAN ROQUE [23080760],Pluviométrica,Convencional,Activa,Antioquia,San Roque,6.4875,-75.017,820,5/15/1975,,Monchia,Magdalena Cauca,Medio Magdalena,Río Nare,2011,14,Andes,Definitivo,20,20,0,1.41118550300598,1.41118550300598,8.27173709869385,9.21256637573242,18.069995880127,3.05454540252686,6.04363632202148,5,10,0.869565188884735,0.876811623573303,1,1,51,1.04999995231628,20.9999990463257
09,2011-09-15,23080760,56,Definitivo,SAN ROQUE [23080760],Pluviométrica,Convencional,Activa,Antioquia,San Roque,6.4875,-75.017,820,5/15/1975,,Monchia,Magdalena Cauca,Medio Magdalena,Río Nare,2011,15,Andes,Definitivo,56,56,0,5.59021759033203,5.59021759033203,16.5434741973877,22.8206272125244,20.9032192230225,3.05454540252686,6.04363632202148,5,10,0.869565188884735,0.876811623573303,1,1,51,1.04999995231628,58.7999973297119
09,2010-09-18,23080760,0,Definitivo,SAN ROQUE [23080760],Pluviométrica,Convencional,Activa,Antioquia,San Roque,6.4875,-75.017,820,5/15/1975,,Monchia,Magdalena Cauca,Medio Magdalena,Río Nare,2010,18,Andes,Definitivo,0,0,0,10.8402214050293,10.8402214050293,15.6975021362305,7.36837339401245,13.7537746429443,3.05454540252686,6.04363632202148,5,10,0.869565188884735,0.876811623573303,1,1,52,1.04999995231628,0
09,2004-09-15,23080760,,"",SAN ROQUE [23080760],Pluviométrica,Convencional,Activa,Antioquia,San Roque,6.4875,-75.017,820,5/15/1975,,Monchia,Magdalena Cauca,Medio Magdalena,Río Nare,2004,15,Andes,Preliminar,0,0,0,0.0408084243535996,0.0408084243535996,0,12.8939800262451,3.27194929122925,3.05454540252686,6.04363632202148,5,10,0.869565188884735,0.876811623573303,1,1,51,1.04999995231628,0
09,2002-09-17,23080760,17,Definitivo,SAN ROQUE [23080760],Pluviométrica,Convencional,Activa,Antioquia,San Roque,6.4875,-75.017,820,5/15/1975,,Monchia,Magdalena Cauca,Medio Magdalena,Río Nare,2002,17,Andes,Definitivo,17,17,0,17.5986709594727,17.5986709594727,15.4667491912842,20.3342323303223,24.8621139526367,3.05454540252686,6.04363632202148,5,10,0.869565188884735,0.876811623573303,1,1,52,1.04999995231628,17.8499991893768
09,2004-09-13,23080760,18,Definitivo,SAN ROQUE [23080760],Pluviométrica,Convencional,Activa,Antioquia,San Roque,6.4875,-75.017,820,5/15/1975,,Monchia,Magdalena Cauca,Medio Magdalena,Río Nare,2004,13,Andes,Definitivo,18,18,0,1.1834442615509,1.1834442615509,0,0.104926005005836,0,3.05454540252686,6.04363632202148,5,10,0.869565188884735,0.876811623573303,1,1,51,1.04999995231628,18.8999991416931
09,2006-09-10,23080760,28,Definitivo,SAN ROQUE [23080760],Pluviométrica,Convencional,Activa,Antioquia,San Roque,6.4875,-75.017,820,5/15/1975,,Monchia,Magdalena Cauca,Medio Magdalena,Río Nare,2006,10,Andes,Definitivo,28,28,0,24.8589630126953,24.8589630126953,0,12.0008773803711,0.396310716867447,3.05454540252686,6.04363632202148,5,10,0.869565188884735,0.876811623573303,1,1,50,1.04999995231628,29.399998664856
09,2018-09-29,23080760,34,Definitivo,SAN ROQUE [23080760],Pluviométrica,Convencional,Activa,Antioquia,San Roque,6.4875,-75.017,820,5/15/1975,,Monchia,Magdalena Cauca,Medio Magdalena,Río Nare,2018,29,Andes,Definitivo,34,34,0,22.8984813690186,22.8984813690186,33.4491081237793,16.7088527679443,45.2920188903809,3.05454540252686,6.04363632202148,5,10,0.869565188884735,0.876811623573303,1,1,54,1.04999995231628,35.6999983787537
09,2022-09-30,23080760,61,Definitivo,SAN ROQUE [23080760],Pluviométrica,Convencional,Activa,Antioquia,San Roque,6.4875,-75.017,820,5/15/1975,,Monchia,Magdalena Cauca,Medio Magdalena,Río Nare,2022,30,Andes,Definitivo,61,61,0,39.4751853942871,39.4751853942871,71.6802139282227,40.8814849853516,15.1787662506104,3.05454540252686,6.04363632202148,5,10,0.869565188884735,0.876811623573303,1,1,54,1.04999995231628,64.0499970912933
09,2007-09-11,23080760,1,Definitivo,SAN ROQUE [23080760],Pluviométrica,Convencional,Activa,Antioquia,San Roque,6.4875,-75.017,820,5/15/1975,,Monchia,Magdalena Cauca,Medio Magdalena,Río Nare,2007,11,Andes,Definitivo,1,1,0,13.9840784072876,13.9840784072876,5.03167867660523,7.4248628616333,6.01734924316406,3.05454540252686,6.04363632202148,5,10,0.869565188884735,0.876811623573303,1,1,51,1.04999995231628,1.04999995231628
09,2020-09-30,23080760,3,Definitivo,SAN ROQUE [23080760],Pluviométrica,Convencional,Activa,Antioquia,San Roque,6.4875,-75.017,820,5/15/1975,,Monchia,Magdalena Cauca,Medio Magdalena,Río Nare,2020,30,Andes,Definitivo,3,3,0,1.42283666133881,1.42283666133881,19.1435928344727,18.9256019592285,70.1100158691406,3.05454540252686,6.04363632202148,5,10,0.869565188884735,0.876811623573303,1,1,54,1.04999995231628,3.14999985694885
09,2023-09-29,23080760,16,Definitivo,SAN ROQUE [23080760],Pluviométrica,Convencional,Activa,Antioquia,San Roque,6.4875,-75.017,820,5/15/1975,,Monchia,Magdalena Cauca,Medio Magdalena,Río Nare,2023,29,Andes,Definitivo,16,16,0,9.28039741516113,9.28039741516113,13.2422714233398,20.7332935333252,5.47868824005127,3.05454540252686,6.04363632202148,5,10,0.869565188884735,0.876811623573303,1,1,54,1.04999995231628,16.7999992370605
09,2023-09-27,23080760,0,Definitivo,SAN ROQUE [23080760],Pluviométrica,Convencional,Activa,Antioquia,San Roque,6.4875,-75.017,820,5/15/1975,,Monchia,Magdalena Cauca,Medio Magdalena,Río Nare,2023,27,Andes,Definitivo,0,0,0,30.7421188354492,30.7421188354492,6.62113571166992,5.04710054397583,4.03517627716064,3.05454540252686,6.04363632202148,5,10,0.869565188884735,0.876811623573303,1,1,54,1.04999995231628,0
09,2023-09-25,23080760,22,Definitivo,SAN ROQUE [23080760],Pluviométrica,Convencional,Activa,Antioquia,San Roque,6.4875,-75.017,820,5/15/1975,,Monchia,Magdalena Cauca,Medio Magdalena,Río Nare,2023,25,Andes,Definitivo,22,22,0,13.2629480361938,13.2629480361938,7.15682172775269,7.64257097244263,0.530917704105377,3.05454540252686,6.04363632202148,5,10,0.869565188884735,0.876811623573303,1,1,53,1.04999995231628,23.0999989509583
09,2023-09-22,23080760,16,Definitivo,SAN ROQUE [23080760],Pluviométrica,Convencional,Activa,Antioquia,San Roque,6.4875,-75.017,820,5/15/1975,,Monchia,Magdalena Cauca,Medio Magdalena,Río Nare,2023,22,Andes,Definitivo,16,16,0,8.51115131378174,8.51115131378174,0,3.38626050949097,0,3.05454540252686,6.04363632202148,5,10,0.869565188884735,0.876811623573303,1,1,53,1.04999995231628,16.7999992370605
09,2021-09-22,23080760,42,Definitivo,SAN ROQUE [23080760],Pluviométrica,Convencional,Activa,Antioquia,San Roque,6.4875,-75.017,820,5/15/1975,,Monchia,Magdalena Cauca,Medio Magdalena,Río Nare,2021,22,Andes,Definitivo,42,42,0,6.79894351959229,6.79894351959229,5.07358026504517,13.5132923126221,4.98195791244507,3.05454540252686,6.04363632202148,5,10,0.869565188884735,0.876811623573303,1,1,53,1.04999995231628,44.0999979972839
09,2008-09-24,23080760,2,Definitivo,SAN ROQUE [23080760],Pluviométrica,Convencional,Activa,Antioquia,San Roque,6.4875,-75.017,820,5/15/1975,,Monchia,Magdalena Cauca,Medio Magdalena,Río Nare,2008,24,Andes,Definitivo,2,2,0,11.4309225082397,11.4309225082397,0,8.49070262908936,0.182059556245804,3.05454540252686,6.04363632202148,5,10,0.869565188884735,0.876811623573303,1,1,53,1.04999995231628,2.09999990463257
09,2011-09-23,23080760,9,Definitivo,SAN ROQUE [23080760],Pluviométrica,Convencional,Activa,Antioquia,San Roque,6.4875,-75.017,820,5/15/1975,,Monchia,Magdalena Cauca,Medio Magdalena,Río Nare,2011,23,Andes,Definitivo,9,9,0,3.98729729652405,3.98729729652405,0,8.24288177490234,0.104284234344959,3.05454540252686,6.04363632202148,5,10,0.869565188884735,0.876811623573303,1,1,53,1.04999995231628,9.44999957084656
09,2013-09-23,23080760,30,Definitivo,SAN ROQUE [23080760],Pluviométrica,Convencional,Activa,Antioquia,San Roque,6.4875,-75.017,820,5/15/1975,,Monchia,Magdalena Cauca,Medio Magdalena,Río Nare,2013,23,Andes,Definitivo,30,30,0,5.3741307258606,5.3741307258606,29.8262996673584,18.3410186767578,9.32971382141113,3.05454540252686,6.04363632202148,5,10,0.869565188884735,0.876811623573303,1,1,53,1.04999995231628,31.4999985694885
09,2012-09-27,23080760,0,Definitivo,SAN ROQUE [23080760],Pluviométrica,Convencional,Activa,Antioquia,San Roque,6.4875,-75.017,820,5/15/1975,,Monchia,Magdalena Cauca,Medio Magdalena,Río Nare,2012,27,Andes,Definitivo,0,0,0,15.5286102294922,15.5286102294922,10.2479658126831,26.1232833862305,38.8514938354492,3.05454540252686,6.04363632202148,5,10,0.869565188884735,0.876811623573303,1,1,54,1.04999995231628,0
09,2005-09-09,23080760,,"",SAN ROQUE [23080760],Pluviométrica,Convencional,Activa,Antioquia,San Roque,6.4875,-75.017,820,5/15/1975,,Monchia,Magdalena Cauca,Medio Magdalena,Río Nare,2005,09,Andes,Preliminar,0,0,0,0,0,14.213770866394,6.07846403121948,20.9101142883301,3.05454540252686,6.04363632202148,5,10,0.869565188884735,0.876811623573303,1,1,50,1.04999995231628,0
09,2007-09-10,23080760,,"",SAN ROQUE [23080760],Pluviométrica,Convencional,Activa,Antioquia,San Roque,6.4875,-75.017,820,5/15/1975,,Monchia,Magdalena Cauca,Medio Magdalena,Río Nare,2007,10,Andes,Preliminar,0,0,0,11.1853942871094,11.1853942871094,0,13.6675043106079,0.861106634140015,3.05454540252686,6.04363632202148,5,10,0.869565188884735,0.876811623573303,1,1,50,1.04999995231628,0
09,2018-09-30,23080760,0,Definitivo,SAN ROQUE [23080760],Pluviométrica,Convencional,Activa,Antioquia,San Roque,6.4875,-75.017,820,5/15/1975,,Monchia,Magdalena Cauca,Medio Magdalena,Río Nare,2018,30,Andes,Definitivo,0,0,0,18.8488903045654,18.8488903045654,22.2994022369385,13.4083557128906,34.1827430725098,3.05454540252686,6.04363632202148,5,10,0.869565188884735,0.876811623573303,1,1,54,1.04999995231628,0
09,2003-09-26,23080760,12,Definitivo,SAN ROQUE [23080760],Pluviométrica,Convencional,Activa,Antioquia,San Roque,6.4875,-75.017,820,5/15/1975,,Monchia,Magdalena Cauca,Medio Magdalena,Río Nare,2003,26,Andes,Definitivo,12,12,0,0.00924729369580746,0.00924729369580746,9.48118877410889,14.20250415802,3.24578404426575,3.05454540252686,6.04363632202148,5,10,0.869565188884735,0.876811623573303,1,1,54,1.04999995231628,12.5999994277954
09,2002-09-26,23080760,3,Definitivo,SAN ROQUE [23080760],Pluviométrica,Convencional,Activa,Antioquia,San Roque,6.4875,-75.017,820,5/15/1975,,Monchia,Magdalena Cauca,Medio Magdalena,Río Nare,2002,26,Andes,Definitivo,3,3,0,18.2302474975586,18.2302474975586,0,20.6164493560791,20.5986347198486,3.05454540252686,6.04363632202148,5,10,0.869565188884735,0.876811623573303,1,1,54,1.04999995231628,3.14999985694885
09,2003-09-24,23080760,4,Definitivo,SAN ROQUE [23080760],Pluviométrica,Convencional,Activa,Antioquia,San Roque,6.4875,-75.017,820,5/15/1975,,Monchia,Magdalena Cauca,Medio Magdalena,Río Nare,2003,24,Andes,Definitivo,4,4,0,12.4968433380127,12.4968433380127,9.23981666564941,12.8355779647827,15.4032211303711,3.05454540252686,6.04363632202148,5,10,0.869565188884735,0.876811623573303,1,1,53,1.04999995231628,4.19999980926514
09,2004-09-21,23080760,,"",SAN ROQUE [23080760],Pluviométrica,Convencional,Activa,Antioquia,San Roque,6.4875,-75.017,820,5/15/1975,,Monchia,Magdalena Cauca,Medio Magdalena,Río Nare,2004,21,Andes,Preliminar,0,0,0,0,0,0,8.8927755355835,0.125456616282463,3.05454540252686,6.04363632202148,5,10,0.869565188884735,0.876811623573303,1,1,53,1.04999995231628,0
09,2004-09-20,23080760,,"",SAN ROQUE [23080760],Pluviométrica,Convencional,Activa,Antioquia,San Roque,6.4875,-75.017,820,5/15/1975,,Monchia,Magdalena Cauca,Medio Magdalena,Río Nare,2004,20,Andes,Preliminar,1,1,0,17.6430854797363,17.6430854797363,21.6879863739014,18.1020488739014,23.8811092376709,3.05454540252686,6.04363632202148,5,10,0.869565188884735,0.876811623573303,1,1,52,1.04999995231628,1.04999995231628
09,2005-09-17,23080760,,"",SAN ROQUE [23080760],Pluviométrica,Convencional,Activa,Antioquia,San Roque,6.4875,-75.017,820,5/15/1975,,Monchia,Magdalena Cauca,Medio Magdalena,Río Nare,2005,17,Andes,Preliminar,0,0,0,0,0,0,16.1372127532959,0.0730523467063904,3.05454540252686,6.04363632202148,5,10,0.869565188884735,0.876811623573303,1,1,52,1.04999995231628,0
09,2004-09-18,23080760,33,Definitivo,SAN ROQUE [23080760],Pluviométrica,Convencional,Activa,Antioquia,San Roque,6.4875,-75.017,820,5/15/1975,,Monchia,Magdalena Cauca,Medio Magdalena,Río Nare,2004,18,Andes,Definitivo,33,33,0,1.05556929111481,1.05556929111481,0,16.7314376831055,1.48204267024994,3.05454540252686,6.04363632202148,5,10,0.869565188884735,0.876811623573303,1,1,52,1.04999995231628,34.6499984264374
09,2002-09-19,23080760,0,Definitivo,SAN ROQUE [23080760],Pluviométrica,Convencional,Activa,Antioquia,San Roque,6.4875,-75.017,820,5/15/1975,,Monchia,Magdalena Cauca,Medio Magdalena,Río Nare,2002,19,Andes,Definitivo,0,0,0,0.128770768642426,0.128770768642426,15.4667491912842,14.6232213973999,19.7939414978027,3.05454540252686,6.04363632202148,5,10,0.869565188884735,0.876811623573303,1,1,52,1.04999995231628,0
09,2002-09-16,23080760,26,Definitivo,SAN ROQUE [23080760],Pluviométrica,Convencional,Activa,Antioquia,San Roque,6.4875,-75.017,820,5/15/1975,,Monchia,Magdalena Cauca,Medio Magdalena,Río Nare,2002,16,Andes,Definitivo,26,26,0,3.99189424514771,3.99189424514771,3.86668729782105,8.19681739807129,18.852367401123,3.05454540252686,6.04363632202148,5,10,0.869565188884735,0.876811623573303,1,1,52,1.04999995231628,27.2999987602234
09,2006-09-12,23080760,39,Definitivo,SAN ROQUE [23080760],Pluviométrica,Convencional,Activa,Antioquia,San Roque,6.4875,-75.017,820,5/15/1975,,Monchia,Magdalena Cauca,Medio Magdalena,Río Nare,2006,12,Andes,Definitivo,39,39,0,8.04137420654297,8.04137420654297,11.4578447341919,16.5145874023438,10.2730016708374,3.05454540252686,6.04363632202148,5,10,0.869565188884735,0.876811623573303,1,1,51,1.04999995231628,40.9499981403351
09,2017-09-25,23080760,2,Definitivo,SAN ROQUE [23080760],Pluviométrica,Convencional,Activa,Antioquia,San Roque,6.4875,-75.017,820,5/15/1975,,Monchia,Magdalena Cauca,Medio Magdalena,Río Nare,2017,25,Andes,Definitivo,2,2,0,13.2858428955078,13.2858428955078,13.9701414108276,7.72610998153687,1.2529205083847,3.05454540252686,6.04363632202148,5,10,0.869565188884735,0.876811623573303,1,1,53,1.04999995231628,2.09999990463257
09,2017-09-26,23080760,0,Definitivo,SAN ROQUE [23080760],Pluviométrica,Convencional,Activa,Antioquia,San Roque,6.4875,-75.017,820,5/15/1975,,Monchia,Magdalena Cauca,Medio Magdalena,Río Nare,2017,26,Andes,Definitivo,0,0,0,0,0,10.5113401412964,4.38863563537598,14.1038980484009,3.05454540252686,6.04363632202148,5,10,0.869565188884735,0.876811623573303,1,1,54,1.04999995231628,0
09,2006-09-07,23080760,32,Definitivo,SAN ROQUE [23080760],Pluviométrica,Convencional,Activa,Antioquia,San Roque,6.4875,-75.017,820,5/15/1975,,Monchia,Magdalena Cauca,Medio Magdalena,Río Nare,2006,07,Andes,Definitivo,32,32,0,1.16666626930237,1.16666626930237,24.0858745574951,46.901798248291,65.6668167114258,3.05454540252686,6.04363632202148,5,10,0.869565188884735,0.876811623573303,1,1,50,1.04999995231628,33.5999984741211
09,2005-09-10,23080760,6,Definitivo,SAN ROQUE [23080760],Pluviométrica,Convencional,Activa,Antioquia,San Roque,6.4875,-75.017,820,5/15/1975,,Monchia,Magdalena Cauca,Medio Magdalena,Río Nare,2005,10,Andes,Definitivo,6,6,0,0.382513642311096,0.382513642311096,4.73792362213135,5.65201473236084,3.22102403640747,3.05454540252686,6.04363632202148,5,10,0.869565188884735,0.876811623573303,1,1,50,1.04999995231628,6.29999971389771
09,2005-09-11,23080760,4,Definitivo,SAN ROQUE [23080760],Pluviométrica,Convencional,Activa,Antioquia,San Roque,6.4875,-75.017,820,5/15/1975,,Monchia,Magdalena Cauca,Medio Magdalena,Río Nare,2005,11,Andes,Definitivo,4,4,0,1.17281544208527,1.17281544208527,9.06341648101807,8.49346160888672,13.7863121032715,3.05454540252686,6.04363632202148,5,10,0.869565188884735,0.876811623573303,1,1,51,1.04999995231628,4.19999980926514
09,2010-09-09,23080760,,"",SAN ROQUE [23080760],Pluviométrica,Convencional,Activa,Antioquia,San Roque,6.4875,-75.017,820,5/15/1975,,Monchia,Magdalena Cauca,Medio Magdalena,Río Nare,2010,09,Andes,Preliminar,0,0,0,4.00555086135864,4.00555086135864,19.7724685668945,27.7606258392334,28.4409027099609,3.05454540252686,6.04363632202148,5,10,0.869565188884735,0.876811623573303,1,1,50,1.04999995231628,0
09,2010-09-10,23080760,,"",SAN ROQUE [23080760],Pluviométrica,Convencional,Activa,Antioquia,San Roque,6.4875,-75.017,820,5/15/1975,,Monchia,Magdalena Cauca,Medio Magdalena,Río Nare,2010,10,Andes,Preliminar,0,0,0,3.47651624679565,3.47651624679565,13.1816453933716,11.1294107437134,0.860306978225708,3.05454540252686,6.04363632202148,5,10,0.869565188884735,0.876811623573303,1,1,50,1.04999995231628,0
09,2010-09-11,23080760,40,Definitivo,SAN ROQUE [23080760],Pluviométrica,Convencional,Activa,Antioquia,San Roque,6.4875,-75.017,820,5/15/1975,,Monchia,Magdalena Cauca,Medio Magdalena,Río Nare,2010,11,Andes,Definitivo,40,40,0,2.0262598991394,2.0262598991394,0,15.7113790512085,10.2607297897339,3.05454540252686,6.04363632202148,5,10,0.869565188884735,0.876811623573303,1,1,51,1.04999995231628,41.9999980926514
09,2012-09-11,23080760,6,Definitivo,SAN ROQUE [23080760],Pluviométrica,Convencional,Activa,Antioquia,San Roque,6.4875,-75.017,820,5/15/1975,,Monchia,Magdalena Cauca,Medio Magdalena,Río Nare,2012,11,Andes,Definitivo,6,6,0,11.009614944458,11.009614944458,0,9.86057567596436,0.472734242677689,3.05454540252686,6.04363632202148,5,10,0.869565188884735,0.876811623573303,1,1,51,1.04999995231628,6.29999971389771
09,2012-09-12,23080760,4,Definitivo,SAN ROQUE [23080760],Pluviométrica,Convencional,Activa,Antioquia,San Roque,6.4875,-75.017,820,5/15/1975,,Monchia,Magdalena Cauca,Medio Magdalena,Río Nare,2012,12,Andes,Definitivo,4,4,0,5.80166339874268,5.80166339874268,3.30241394042969,5.37157535552979,8.03856182098389,3.05454540252686,6.04363632202148,5,10,0.869565188884735,0.876811623573303,1,1,51,1.04999995231628,4.19999980926514
09,2010-09-19,23080760,42,Definitivo,SAN ROQUE [23080760],Pluviométrica,Convencional,Activa,Antioquia,San Roque,6.4875,-75.017,820,5/15/1975,,Monchia,Magdalena Cauca,Medio Magdalena,Río Nare,2010,19,Andes,Definitivo,42,42,0,13.2024221420288,13.2024221420288,7.84875106811523,25.3927783966065,16.0798320770264,3.05454540252686,6.04363632202148,5,10,0.869565188884735,0.876811623573303,1,1,52,1.04999995231628,44.0999979972839
09,2009-09-22,23080760,,"",SAN ROQUE [23080760],Pluviométrica,Convencional,Activa,Antioquia,San Roque,6.4875,-75.017,820,5/15/1975,,Monchia,Magdalena Cauca,Medio Magdalena,Río Nare,2009,22,Andes,Preliminar,0,0,0,13.6915884017944,13.6915884017944,41.3572463989258,15.9869785308838,52.8497200012207,3.05454540252686,6.04363632202148,5,10,0.869565188884735,0.876811623573303,1,1,53,1.04999995231628,0
09,2009-09-23,23080760,,"",SAN ROQUE [23080760],Pluviométrica,Convencional,Activa,Antioquia,San Roque,6.4875,-75.017,820,5/15/1975,,Monchia,Magdalena Cauca,Medio Magdalena,Río Nare,2009,23,Andes,Preliminar,0,0,0,1.08995199203491,1.08995199203491,0,22.8870143890381,0.822979152202606,3.05454540252686,6.04363632202148,5,10,0.869565188884735,0.876811623573303,1,1,53,1.04999995231628,0
09,2002-09-14,23080760,20,Definitivo,SAN ROQUE [23080760],Pluviométrica,Convencional,Activa,Antioquia,San Roque,6.4875,-75.017,820,5/15/1975,,Monchia,Magdalena Cauca,Medio Magdalena,Río Nare,2002,14,Andes,Definitivo,20,20,0,9.01108837127686,9.01108837127686,31.1639385223389,29.5447750091553,22.7579479217529,3.05454540252686,6.04363632202148,5,10,0.869565188884735,0.876811623573303,1,1,51,1.04999995231628,20.9999990463257
09,2004-09-10,23080760,20,Definitivo,SAN ROQUE [23080760],Pluviométrica,Convencional,Activa,Antioquia,San Roque,6.4875,-75.017,820,5/15/1975,,Monchia,Magdalena Cauca,Medio Magdalena,Río Nare,2004,10,Andes,Definitivo,20,20,0,5.64319324493408,5.64319324493408,0,15.7382402420044,5.43085289001465,3.05454540252686,6.04363632202148,5,10,0.869565188884735,0.876811623573303,1,1,50,1.04999995231628,20.9999990463257
09,2015-09-26,23080760,0,Definitivo,SAN ROQUE [23080760],Pluviométrica,Convencional,Activa,Antioquia,San Roque,6.4875,-75.017,820,5/15/1975,,Monchia,Magdalena Cauca,Medio Magdalena,Río Nare,2015,26,Andes,Definitivo,0,0,0,0,0,0,0.766650140285492,0,3.05454540252686,6.04363632202148,5,10,0.869565188884735,0.876811623573303,1,1,54,1.04999995231628,0
09,2019-09-27,23080760,25,Definitivo,SAN ROQUE [23080760],Pluviométrica,Convencional,Activa,Antioquia,San Roque,6.4875,-75.017,820,5/15/1975,,Monchia,Magdalena Cauca,Medio Magdalena,Río Nare,2019,27,Andes,Definitivo,25,25,0,1.27884316444397,1.27884316444397,0,0.317489385604858,0,3.05454540252686,6.04363632202148,5,10,0.869565188884735,0.876811623573303,1,1,54,1.04999995231628,26.2499988079071
09,2019-09-28,23080760,0,Definitivo,SAN ROQUE [23080760],Pluviométrica,Convencional,Activa,Antioquia,San Roque,6.4875,-75.017,820,5/15/1975,,Monchia,Magdalena Cauca,Medio Magdalena,Río Nare,2019,28,Andes,Definitivo,0,0,0,14.6193180084229,14.6193180084229,9.48324966430664,8.21272659301758,11.9629802703857,3.05454540252686,6.04363632202148,5,10,0.869565188884735,0.876811623573303,1,1,54,1.04999995231628,0
09,2021-09-28,23080760,6,Definitivo,SAN ROQUE [23080760],Pluviométrica,Convencional,Activa,Antioquia,San Roque,6.4875,-75.017,820,5/15/1975,,Monchia,Magdalena Cauca,Medio Magdalena,Río Nare,2021,28,Andes,Definitivo,6,6,0,1.75427901744843,1.75427901744843,28.8590106964111,14.4977693557739,32.9073677062988,3.05454540252686,6.04363632202148,5,10,0.869565188884735,0.876811623573303,1,1,54,1.04999995231628,6.29999971389771
09,2021-09-29,23080760,3,Definitivo,SAN ROQUE [23080760],Pluviométrica,Convencional,Activa,Antioquia,San Roque,6.4875,-75.017,820,5/15/1975,,Monchia,Magdalena Cauca,Medio Magdalena,Río Nare,2021,29,Andes,Definitivo,3,3,0,10.5927858352661,10.5927858352661,0,14.4977693557739,17.0272655487061,3.05454540252686,6.04363632202148,5,10,0.869565188884735,0.876811623573303,1,1,54,1.04999995231628,3.14999985694885
09,2021-09-27,23080760,5,Definitivo,SAN ROQUE [23080760],Pluviométrica,Convencional,Activa,Antioquia,San Roque,6.4875,-75.017,820,5/15/1975,,Monchia,Magdalena Cauca,Medio Magdalena,Río Nare,2021,27,Andes,Definitivo,5,5,0,0.321144104003906,0.321144104003906,0,14.4977693557739,0.460036963224411,3.05454540252686,6.04363632202148,5,10,0.869565188884735,0.876811623573303,1,1,54,1.04999995231628,5.24999976158142
09,2023-09-24,23080760,0,Definitivo,SAN ROQUE [23080760],Pluviométrica,Convencional,Activa,Antioquia,San Roque,6.4875,-75.017,820,5/15/1975,,Monchia,Magdalena Cauca,Medio Magdalena,Río Nare,2023,24,Andes,Definitivo,0,0,0,6.32007837295532,6.32007837295532,0,11.9884119033813,5.48173236846924,3.05454540252686,6.04363632202148,5,10,0.869565188884735,0.876811623573303,1,1,53,1.04999995231628,0
09,2023-09-21,23080760,0,Definitivo,SAN ROQUE [23080760],Pluviométrica,Convencional,Activa,Antioquia,San Roque,6.4875,-75.017,820,5/15/1975,,Monchia,Magdalena Cauca,Medio Magdalena,Río Nare,2023,21,Andes,Definitivo,0,0,0,0,0,7.15682172775269,3.02857446670532,6.36293697357178,3.05454540252686,6.04363632202148,5,10,0.869565188884735,0.876811623573303,1,1,53,1.04999995231628,0
09,2021-09-19,23080760,0,Definitivo,SAN ROQUE [23080760],Pluviométrica,Convencional,Activa,Antioquia,San Roque,6.4875,-75.017,820,5/15/1975,,Monchia,Magdalena Cauca,Medio Magdalena,Río Nare,2021,19,Andes,Definitivo,0,0,0,2.65681290626526,2.65681290626526,12.1099805831909,5.59875202178955,21.9920120239258,3.05454540252686,6.04363632202148,5,10,0.869565188884735,0.876811623573303,1,1,52,1.04999995231628,0
09,2023-09-17,23080760,0,Definitivo,SAN ROQUE [23080760],Pluviométrica,Convencional,Activa,Antioquia,San Roque,6.4875,-75.017,820,5/15/1975,,Monchia,Magdalena Cauca,Medio Magdalena,Río Nare,2023,17,Andes,Definitivo,0,0,0,28.8801536560059,28.8801536560059,7.23900365829468,12.0099296569824,11.3532266616821,3.05454540252686,6.04363632202148,5,10,0.869565188884735,0.876811623573303,1,1,52,1.04999995231628,0
09,2023-09-14,23080760,5,Definitivo,SAN ROQUE [23080760],Pluviométrica,Convencional,Activa,Antioquia,San Roque,6.4875,-75.017,820,5/15/1975,,Monchia,Magdalena Cauca,Medio Magdalena,Río Nare,2023,14,Andes,Definitivo,5,5,0,0,0,29.2606601715088,18.4345207214355,29.104621887207,3.05454540252686,6.04363632202148,5,10,0.869565188884735,0.876811623573303,1,1,51,1.04999995231628,5.24999976158142
09,2013-09-24,23080760,,"",SAN ROQUE [23080760],Pluviométrica,Convencional,Activa,Antioquia,San Roque,6.4875,-75.017,820,5/15/1975,,Monchia,Magdalena Cauca,Medio Magdalena,Río Nare,2013,24,Andes,Preliminar,0,0,0,14.1380596160889,14.1380596160889,14.9131498336792,23.3242511749268,44.8497352600098,3.05454540252686,6.04363632202148,5,10,0.869565188884735,0.876811623573303,1,1,53,1.04999995231628,0
09,2016-09-22,23080760,17,Definitivo,SAN ROQUE [23080760],Pluviométrica,Convencional,Activa,Antioquia,San Roque,6.4875,-75.017,820,5/15/1975,,Monchia,Magdalena Cauca,Medio Magdalena,Río Nare,2016,22,Andes,Definitivo,17,17,0,0,0,0,25.9463634490967,1.52277433872223,3.05454540252686,6.04363632202148,5,10,0.869565188884735,0.876811623573303,1,1,53,1.04999995231628,17.8499991893768
09,2001-09-30,23080760,,"",SAN ROQUE [23080760],Pluviométrica,Convencional,Activa,Antioquia,San Roque,6.4875,-75.017,820,5/15/1975,,Monchia,Magdalena Cauca,Medio Magdalena,Río Nare,2001,30,Andes,Preliminar,0,0,0,10.7858285903931,10.7858285903931,17.2430419921875,9.76773166656494,35.0166168212891,3.05454540252686,6.04363632202148,5,10,0.869565188884735,0.876811623573303,1,1,54,1.04999995231628,0
09,2002-09-28,23080760,,"",SAN ROQUE [23080760],Pluviométrica,Convencional,Activa,Antioquia,San Roque,6.4875,-75.017,820,5/15/1975,,Monchia,Magdalena Cauca,Medio Magdalena,Río Nare,2002,28,Andes,Preliminar,0,0,0,8.88239860534668,8.88239860534668,27.453161239624,17.9969158172607,36.7268562316895,3.05454540252686,6.04363632202148,5,10,0.869565188884735,0.876811623573303,1,1,54,1.04999995231628,0
09,2002-09-27,23080760,26,Definitivo,SAN ROQUE [23080760],Pluviométrica,Convencional,Activa,Antioquia,San Roque,6.4875,-75.017,820,5/15/1975,,Monchia,Magdalena Cauca,Medio Magdalena,Río Nare,2002,27,Andes,Definitivo,26,26,0,9.3672456741333,9.3672456741333,0,21.2959461212158,4.12192249298096,3.05454540252686,6.04363632202148,5,10,0.869565188884735,0.876811623573303,1,1,54,1.04999995231628,27.2999987602234
09,2001-09-27,23080760,0,Definitivo,SAN ROQUE [23080760],Pluviométrica,Convencional,Activa,Antioquia,San Roque,6.4875,-75.017,820,5/15/1975,,Monchia,Magdalena Cauca,Medio Magdalena,Río Nare,2001,27,Andes,Definitivo,0,0,0,16.5915985107422,16.5915985107422,12.9322824478149,10.2557239532471,8.3166093826294,3.05454540252686,6.04363632202148,5,10,0.869565188884735,0.876811623573303,1,1,54,1.04999995231628,0
09,2002-09-25,23080760,29,Definitivo,SAN ROQUE [23080760],Pluviométrica,Convencional,Activa,Antioquia,San Roque,6.4875,-75.017,820,5/15/1975,,Monchia,Magdalena Cauca,Medio Magdalena,Río Nare,2002,25,Andes,Definitivo,29,29,0,21.6965789794922,21.6965789794922,17.4562225341797,21.0765342712402,22.4230518341064,3.05454540252686,6.04363632202148,5,10,0.869565188884735,0.876811623573303,1,1,53,1.04999995231628,30.4499986171722
09,2003-09-23,23080760,42,Definitivo,SAN ROQUE [23080760],Pluviométrica,Convencional,Activa,Antioquia,San Roque,6.4875,-75.017,820,5/15/1975,,Monchia,Magdalena Cauca,Medio Magdalena,Río Nare,2003,23,Andes,Definitivo,42,42,0,9.05411243438721,9.05411243438721,0,22.9116954803467,3.06825804710388,3.05454540252686,6.04363632202148,5,10,0.869565188884735,0.876811623573303,1,1,53,1.04999995231628,44.0999979972839
09,2004-09-19,23080760,0,Definitivo,SAN ROQUE [23080760],Pluviométrica,Convencional,Activa,Antioquia,San Roque,6.4875,-75.017,820,5/15/1975,,Monchia,Magdalena Cauca,Medio Magdalena,Río Nare,2004,19,Andes,Definitivo,0,0,0,17.9748363494873,17.9748363494873,21.6879863739014,28.4326896667481,32.7796478271484,3.05454540252686,6.04363632202148,5,10,0.869565188884735,0.876811623573303,1,1,52,1.04999995231628,0
09,2003-09-21,23080760,52,Definitivo,SAN ROQUE [23080760],Pluviométrica,Convencional,Activa,Antioquia,San Roque,6.4875,-75.017,820,5/15/1975,,Monchia,Magdalena Cauca,Medio Magdalena,Río Nare,2003,21,Andes,Definitivo,52,52,0,0.243973091244698,0.243973091244698,9.23981666564941,12.4690809249878,11.5416221618652,3.05454540252686,6.04363632202148,5,10,0.869565188884735,0.876811623573303,1,1,53,1.04999995231628,54.5999975204468
09,2003-09-20,23080760,0,Definitivo,SAN ROQUE [23080760],Pluviométrica,Convencional,Activa,Antioquia,San Roque,6.4875,-75.017,820,5/15/1975,,Monchia,Magdalena Cauca,Medio Magdalena,Río Nare,2003,20,Andes,Definitivo,0,0,0,19.5032787322998,19.5032787322998,23.2910499572754,16.5778350830078,37.4857482910156,3.05454540252686,6.04363632202148,5,10,0.869565188884735,0.876811623573303,1,1,52,1.04999995231628,0
09,2004-09-17,23080760,6,Definitivo,SAN ROQUE [23080760],Pluviométrica,Convencional,Activa,Antioquia,San Roque,6.4875,-75.017,820,5/15/1975,,Monchia,Magdalena Cauca,Medio Magdalena,Río Nare,2004,17,Andes,Definitivo,6,6,0,1.83970642089844,1.83970642089844,21.6879863739014,13.214864730835,23.0541210174561,3.05454540252686,6.04363632202148,5,10,0.869565188884735,0.876811623573303,1,1,52,1.04999995231628,6.29999971389771
09,2003-09-17,23080760,2,Definitivo,SAN ROQUE [23080760],Pluviométrica,Convencional,Activa,Antioquia,San Roque,6.4875,-75.017,820,5/15/1975,,Monchia,Magdalena Cauca,Medio Magdalena,Río Nare,2003,17,Andes,Definitivo,2,2,0,5.79615640640259,5.79615640640259,4.65821075439453,7.51800489425659,3.3739070892334,3.05454540252686,6.04363632202148,5,10,0.869565188884735,0.876811623573303,1,1,52,1.04999995231628,2.09999990463257
09,2003-09-14,23080760,4,Definitivo,SAN ROQUE [23080760],Pluviométrica,Convencional,Activa,Antioquia,San Roque,6.4875,-75.017,820,5/15/1975,,Monchia,Magdalena Cauca,Medio Magdalena,Río Nare,2003,14,Andes,Definitivo,4,4,0,0,0,4.52029705047607,0.528454959392548,0.922785103321075,3.05454540252686,6.04363632202148,5,10,0.869565188884735,0.876811623573303,1,1,51,1.04999995231628,4.19999980926514
09,2004-09-12,23080760,3,Definitivo,SAN ROQUE [23080760],Pluviométrica,Convencional,Activa,Antioquia,San Roque,6.4875,-75.017,820,5/15/1975,,Monchia,Magdalena Cauca,Medio Magdalena,Río Nare,2004,12,Andes,Definitivo,3,3,0,0,0,0,7.544997215271,2.10222005844116,3.05454540252686,6.04363632202148,5,10,0.869565188884735,0.876811623573303,1,1,51,1.04999995231628,3.14999985694885
09,2006-09-09,23080760,1,Definitivo,SAN ROQUE [23080760],Pluviométrica,Convencional,Activa,Antioquia,San Roque,6.4875,-75.017,820,5/15/1975,,Monchia,Magdalena Cauca,Medio Magdalena,Río Nare,2006,09,Andes,Definitivo,1,1,0,4.48717737197876,4.48717737197876,36.1288108825684,29.5526275634766,7.87576293945313,3.05454540252686,6.04363632202148,5,10,0.869565188884735,0.876811623573303,1,1,50,1.04999995231628,1.04999995231628
09,2002-09-11,23080760,,"",SAN ROQUE [23080760],Pluviométrica,Convencional,Activa,Antioquia,San Roque,6.4875,-75.017,820,5/15/1975,,Monchia,Magdalena Cauca,Medio Magdalena,Río Nare,2002,11,Andes,Preliminar,0,0,0,0,0,20.7759571075439,22.5865325927734,4.62935066223145,3.05454540252686,6.04363632202148,5,10,0.869565188884735,0.876811623573303,1,1,51,1.04999995231628,0
09,2004-09-07,23080760,21,Definitivo,SAN ROQUE [23080760],Pluviométrica,Convencional,Activa,Antioquia,San Roque,6.4875,-75.017,820,5/15/1975,,Monchia,Magdalena Cauca,Medio Magdalena,Río Nare,2004,07,Andes,Definitivo,21,21,0,12.4299001693726,12.4299001693726,14.5944986343384,16.3958759307861,5.82982492446899,3.05454540252686,6.04363632202148,5,10,0.869565188884735,0.876811623573303,1,1,50,1.04999995231628,22.049998998642
09,2006-09-08,23080760,30,Definitivo,SAN ROQUE [23080760],Pluviométrica,Convencional,Activa,Antioquia,San Roque,6.4875,-75.017,820,5/15/1975,,Monchia,Magdalena Cauca,Medio Magdalena,Río Nare,2006,08,Andes,Definitivo,30,30,0,4.12820339202881,4.12820339202881,12.0429372787476,7.31999206542969,24.989049911499,3.05454540252686,6.04363632202148,5,10,0.869565188884735,0.876811623573303,1,1,50,1.04999995231628,31.4999985694885
09,2009-09-06,23080760,,"",SAN ROQUE [23080760],Pluviométrica,Convencional,Activa,Antioquia,San Roque,6.4875,-75.017,820,5/15/1975,,Monchia,Magdalena Cauca,Medio Magdalena,Río Nare,2009,06,Andes,Preliminar,0,0,0,0.416312903165817,0.416312903165817,0,0.656734168529511,0.436913698911667,3.05454540252686,6.04363632202148,5,10,0.869565188884735,0.876811623573303,1,1,50,1.04999995231628,0
09,2008-09-09,23080760,,"",SAN ROQUE [23080760],Pluviométrica,Convencional,Activa,Antioquia,San Roque,6.4875,-75.017,820,5/15/1975,,Monchia,Magdalena Cauca,Medio Magdalena,Río Nare,2008,09,Andes,Preliminar,0,0,0,4.1593222618103,4.1593222618103,0,2.05697154998779,0.280903041362762,3.05454540252686,6.04363632202148,5,10,0.869565188884735,0.876811623573303,1,1,50,1.04999995231628,0
09,2008-09-10,23080760,,"",SAN ROQUE [23080760],Pluviométrica,Convencional,Activa,Antioquia,San Roque,6.4875,-75.017,820,5/15/1975,,Monchia,Magdalena Cauca,Medio Magdalena,Río Nare,2008,10,Andes,Preliminar,0,0,0,0,0,0,0.453861147165299,0.292937636375427,3.05454540252686,6.04363632202148,5,10,0.869565188884735,0.876811623573303,1,1,50,1.04999995231628,0
09,2008-09-11,23080760,,"",SAN ROQUE [23080760],Pluviométrica,Convencional,Activa,Antioquia,San Roque,6.4875,-75.017,820,5/15/1975,,Monchia,Magdalena Cauca,Medio Magdalena,Río Nare,2008,11,Andes,Preliminar,0,0,0,0.596071064472199,0.596071064472199,0,0.564909160137177,0,3.05454540252686,6.04363632202148,5,10,0.869565188884735,0.876811623573303,1,1,51,1.04999995231628,0
09,2013-09-09,23080760,12,Definitivo,SAN ROQUE [23080760],Pluviométrica,Convencional,Activa,Antioquia,San Roque,6.4875,-75.017,820,5/15/1975,,Monchia,Magdalena Cauca,Medio Magdalena,Río Nare,2013,09,Andes,Definitivo,12,12,0,3.69274592399597,3.69274592399597,18.5932998657227,24.0545387268066,24.5639514923096,3.05454540252686,6.04363632202148,5,10,0.869565188884735,0.876811623573303,1,1,50,1.04999995231628,12.5999994277954
09,2011-09-16,23080760,0,Definitivo,SAN ROQUE [23080760],Pluviométrica,Convencional,Activa,Antioquia,San Roque,6.4875,-75.017,820,5/15/1975,,Monchia,Magdalena Cauca,Medio Magdalena,Río Nare,2011,16,Andes,Definitivo,0,0,0,8.33778858184815,8.33778858184815,32.2051887512207,10.3215579986572,35.8566627502441,3.05454540252686,6.04363632202148,5,10,0.869565188884735,0.876811623573303,1,1,52,1.04999995231628,0
09,2011-09-17,23080760,62,Definitivo,SAN ROQUE [23080760],Pluviométrica,Convencional,Activa,Antioquia,San Roque,6.4875,-75.017,820,5/15/1975,,Monchia,Magdalena Cauca,Medio Magdalena,Río Nare,2011,17,Andes,Definitivo,62,62,0,5.63028764724731,5.63028764724731,0,11.0888118743896,0,3.05454540252686,6.04363632202148,5,10,0.869565188884735,0.876811623573303,1,1,52,1.04999995231628,65.0999970436096
09,2010-09-20,23080760,18,Definitivo,SAN ROQUE [23080760],Pluviométrica,Convencional,Activa,Antioquia,San Roque,6.4875,-75.017,820,5/15/1975,,Monchia,Magdalena Cauca,Medio Magdalena,Río Nare,2010,20,Andes,Definitivo,18,18,0,4.49788331985474,4.49788331985474,23.5462512969971,58.5661201477051,37.7433433532715,3.05454540252686,6.04363632202148,5,10,0.869565188884735,0.876811623573303,1,1,52,1.04999995231628,18.8999991416931
09,2011-09-24,23080760,0,Definitivo,SAN ROQUE [23080760],Pluviométrica,Convencional,Activa,Antioquia,San Roque,6.4875,-75.017,820,5/15/1975,,Monchia,Magdalena Cauca,Medio Magdalena,Río Nare,2011,24,Andes,Definitivo,0,0,0,7.69680118560791,7.69680118560791,16.7635593414307,8.95186138153076,15.7878360748291,3.05454540252686,6.04363632202148,5,10,0.869565188884735,0.876811623573303,1,1,53,1.04999995231628,0
09,2011-09-25,23080760,4,Definitivo,SAN ROQUE [23080760],Pluviométrica,Convencional,Activa,Antioquia,San Roque,6.4875,-75.017,820,5/15/1975,,Monchia,Magdalena Cauca,Medio Magdalena,Río Nare,2011,25,Andes,Definitivo,4,4,0,2.56173920631409,2.56173920631409,0,10.5822153091431,0.517496407032013,3.05454540252686,6.04363632202148,5,10,0.869565188884735,0.876811623573303,1,1,53,1.04999995231628,4.19999980926514
09,2014-09-23,23080760,2,Definitivo,SAN ROQUE [23080760],Pluviométrica,Convencional,Activa,Antioquia,San Roque,6.4875,-75.017,820,5/15/1975,,Monchia,Magdalena Cauca,Medio Magdalena,Río Nare,2014,23,Andes,Definitivo,2,2,0,24.5041656494141,24.5041656494141,15.1762895584106,38.9151268005371,22.6392478942871,3.05454540252686,6.04363632202148,5,10,0.869565188884735,0.876811623573303,1,1,53,1.04999995231628,2.09999990463257
09,2015-09-27,23080760,0,Definitivo,SAN ROQUE [23080760],Pluviométrica,Convencional,Activa,Antioquia,San Roque,6.4875,-75.017,820,5/15/1975,,Monchia,Magdalena Cauca,Medio Magdalena,Río Nare,2015,27,Andes,Definitivo,0,0,0,0,0,0,3.11490345001221,0,3.05454540252686,6.04363632202148,5,10,0.869565188884735,0.876811623573303,1,1,54,1.04999995231628,0
09,2017-09-27,23080760,3,Definitivo,SAN ROQUE [23080760],Pluviométrica,Convencional,Activa,Antioquia,San Roque,6.4875,-75.017,820,5/15/1975,,Monchia,Magdalena Cauca,Medio Magdalena,Río Nare,2017,27,Andes,Definitivo,3,3,0,2.61814546585083,2.61814546585083,0,1.42769956588745,0.0168347451835871,3.05454540252686,6.04363632202148,5,10,0.869565188884735,0.876811623573303,1,1,54,1.04999995231628,3.14999985694885
09,2020-09-25,23080760,0,Definitivo,SAN ROQUE [23080760],Pluviométrica,Convencional,Activa,Antioquia,San Roque,6.4875,-75.017,820,5/15/1975,,Monchia,Magdalena Cauca,Medio Magdalena,Río Nare,2020,25,Andes,Definitivo,0,0,0,20.4750518798828,20.4750518798828,15.6702737808228,13.7267417907715,11.0910310745239,3.05454540252686,6.04363632202148,5,10,0.869565188884735,0.876811623573303,1,1,53,1.04999995231628,0
09,2022-09-26,23080760,6,Definitivo,SAN ROQUE [23080760],Pluviométrica,Convencional,Activa,Antioquia,San Roque,6.4875,-75.017,820,5/15/1975,,Monchia,Magdalena Cauca,Medio Magdalena,Río Nare,2022,26,Andes,Definitivo,6,6,0,0.197979912161827,0.197979912161827,0.359497785568237,3.67536759376526,0,3.05454540252686,6.04363632202148,5,10,0.869565188884735,0.876811623573303,1,1,54,1.04999995231628,6.29999971389771
09,2023-09-26,23080760,0,Definitivo,SAN ROQUE [23080760],Pluviométrica,Convencional,Activa,Antioquia,San Roque,6.4875,-75.017,820,5/15/1975,,Monchia,Magdalena Cauca,Medio Magdalena,Río Nare,2023,26,Andes,Definitivo,0,0,0,0,0,26.4845428466797,15.7495441436768,40.3010139465332,3.05454540252686,6.04363632202148,5,10,0.869565188884735,0.876811623573303,1,1,54,1.04999995231628,0
09,2022-09-25,23080760,1,Definitivo,SAN ROQUE [23080760],Pluviométrica,Convencional,Activa,Antioquia,San Roque,6.4875,-75.017,820,5/15/1975,,Monchia,Magdalena Cauca,Medio Magdalena,Río Nare,2022,25,Andes,Definitivo,1,1,0,1.81295442581177,1.81295442581177,39.976936340332,8.03158950805664,24.7026901245117,3.05454540252686,6.04363632202148,5,10,0.869565188884735,0.876811623573303,1,1,53,1.04999995231628,1.04999995231628
09,2021-09-24,23080760,14,Definitivo,SAN ROQUE [23080760],Pluviométrica,Convencional,Activa,Antioquia,San Roque,6.4875,-75.017,820,5/15/1975,,Monchia,Magdalena Cauca,Medio Magdalena,Río Nare,2021,24,Andes,Definitivo,14,14,0,3.18008351325989,3.18008351325989,10.1471605300903,13.5132923126221,10.676326751709,3.05454540252686,6.04363632202148,5,10,0.869565188884735,0.876811623573303,1,1,53,1.04999995231628,14.699999332428
09,2023-09-19,23080760,0,Definitivo,SAN ROQUE [23080760],Pluviométrica,Convencional,Activa,Antioquia,San Roque,6.4875,-75.017,820,5/15/1975,,Monchia,Magdalena Cauca,Medio Magdalena,Río Nare,2023,19,Andes,Definitivo,0,0,0,0,0,7.23900365829468,4.31600379943848,15.4444036483765,3.05454540252686,6.04363632202148,5,10,0.869565188884735,0.876811623573303,1,1,52,1.04999995231628,0
09,2023-09-16,23080760,4,Definitivo,SAN ROQUE [23080760],Pluviométrica,Convencional,Activa,Antioquia,San Roque,6.4875,-75.017,820,5/15/1975,,Monchia,Magdalena Cauca,Medio Magdalena,Río Nare,2023,16,Andes,Definitivo,4,4,0,0,0,3.61950182914734,3.08790445327759,2.27974939346314,3.05454540252686,6.04363632202148,5,10,0.869565188884735,0.876811623573303,1,1,52,1.04999995231628,4.19999980926514
09,2021-09-16,23080760,0,Definitivo,SAN ROQUE [23080760],Pluviométrica,Convencional,Activa,Antioquia,San Roque,6.4875,-75.017,820,5/15/1975,,Monchia,Magdalena Cauca,Medio Magdalena,Río Nare,2021,16,Andes,Definitivo,0,0,0,1.12301623821259,1.12301623821259,12.1099805831909,5.59875202178955,4.57677841186523,3.05454540252686,6.04363632202148,5,10,0.869565188884735,0.876811623573303,1,1,52,1.04999995231628,0
09,2023-09-11,23080760,29,Definitivo,SAN ROQUE [23080760],Pluviométrica,Convencional,Activa,Antioquia,San Roque,6.4875,-75.017,820,5/15/1975,,Monchia,Magdalena Cauca,Medio Magdalena,Río Nare,2023,11,Andes,Definitivo,29,29,0,17.6778011322022,17.6778011322022,19.5071067810059,6.07106161117554,29.2548294067383,3.05454540252686,6.04363632202148,5,10,0.869565188884735,0.876811623573303,1,1,51,1.04999995231628,30.4499986171722
09,2023-09-10,23080760,14,Definitivo,SAN ROQUE [23080760],Pluviométrica,Convencional,Activa,Antioquia,San Roque,6.4875,-75.017,820,5/15/1975,,Monchia,Magdalena Cauca,Medio Magdalena,Río Nare,2023,10,Andes,Definitivo,14,14,0,8.85660457611084,8.85660457611084,30.9110622406006,51.7077369689941,32.3554954528809,3.05454540252686,6.04363632202148,5,10,0.869565188884735,0.876811623573303,1,1,50,1.04999995231628,14.699999332428
09,2022-09-11,23080760,7,Definitivo,SAN ROQUE [23080760],Pluviométrica,Convencional,Activa,Antioquia,San Roque,6.4875,-75.017,820,5/15/1975,,Monchia,Magdalena Cauca,Medio Magdalena,Río Nare,2022,11,Andes,Definitivo,7,7,0,0,0,39.3801422119141,0.401314675807953,56.1781997680664,3.05454540252686,6.04363632202148,5,10,0.869565188884735,0.876811623573303,1,1,51,1.04999995231628,7.34999966621399
09,2001-09-29,23080760,8,Definitivo,SAN ROQUE [23080760],Pluviométrica,Convencional,Activa,Antioquia,San Roque,6.4875,-75.017,820,5/15/1975,,Monchia,Magdalena Cauca,Medio Magdalena,Río Nare,2001,29,Andes,Definitivo,8,8,0,0.645085453987122,0.645085453987122,0,7.0681004524231,0.0124872280284762,3.05454540252686,6.04363632202148,5,10,0.869565188884735,0.876811623573303,1,1,54,1.04999995231628,8.39999961853027
09,2001-09-28,23080760,0.7,Definitivo,SAN ROQUE [23080760],Pluviométrica,Convencional,Activa,Antioquia,San Roque,6.4875,-75.017,820,5/15/1975,,Monchia,Magdalena Cauca,Medio Magdalena,Río Nare,2001,28,Andes,Definitivo,0.7,0.7,0,9.5988712310791,9.5988712310791,0,14.7012968063355,1.04112660884857,3.05454540252686,6.04363632202148,5,10,0.869565188884735,0.876811623573303,1,1,54,1.04999995231628,0.734999966621399
09,2001-09-26,23080760,,"",SAN ROQUE [23080760],Pluviométrica,Convencional,Activa,Antioquia,San Roque,6.4875,-75.017,820,5/15/1975,,Monchia,Magdalena Cauca,Medio Magdalena,Río Nare,2001,26,Andes,Preliminar,0,0,0,10.3987760543823,10.3987760543823,4.31076049804688,3.09695267677307,0.502966105937958,3.05454540252686,6.04363632202148,5,10,0.869565188884735,0.876811623573303,1,1,54,1.04999995231628,0
09,2002-09-24,23080760,17,Definitivo,SAN ROQUE [23080760],Pluviométrica,Convencional,Activa,Antioquia,San Roque,6.4875,-75.017,820,5/15/1975,,Monchia,Magdalena Cauca,Medio Magdalena,Río Nare,2002,24,Andes,Definitivo,17,17,0,6.56563234329224,6.56563234329224,5.81874084472656,15.898549079895,1.44214761257172,3.05454540252686,6.04363632202148,5,10,0.869565188884735,0.876811623573303,1,1,53,1.04999995231628,17.8499991893768
09,2003-09-22,23080760,4,Definitivo,SAN ROQUE [23080760],Pluviométrica,Convencional,Activa,Antioquia,San Roque,6.4875,-75.017,820,5/15/1975,,Monchia,Magdalena Cauca,Medio Magdalena,Río Nare,2003,22,Andes,Definitivo,4,4,0,10.0300045013428,10.0300045013428,18.4796333312988,6.7714262008667,33.5369186401367,3.05454540252686,6.04363632202148,5,10,0.869565188884735,0.876811623573303,1,1,53,1.04999995231628,4.19999980926514
09,2002-09-23,23080760,,"",SAN ROQUE [23080760],Pluviométrica,Convencional,Activa,Antioquia,San Roque,6.4875,-75.017,820,5/15/1975,,Monchia,Magdalena Cauca,Medio Magdalena,Río Nare,2002,23,Andes,Preliminar,0,0,0,0,0,11.6374816894531,8.70217704772949,9.67081165313721,3.05454540252686,6.04363632202148,5,10,0.869565188884735,0.876811623573303,1,1,53,1.04999995231628,0
09,2002-09-22,23080760,13,Definitivo,SAN ROQUE [23080760],Pluviométrica,Convencional,Activa,Antioquia,San Roque,6.4875,-75.017,820,5/15/1975,,Monchia,Magdalena Cauca,Medio Magdalena,Río Nare,2002,22,Andes,Definitivo,13,13,0,0,0,0,3.23892188072205,0,3.05454540252686,6.04363632202148,5,10,0.869565188884735,0.876811623573303,1,1,53,1.04999995231628,13.6499993801117
09,2002-09-21,23080760,,"",SAN ROQUE [23080760],Pluviométrica,Convencional,Activa,Antioquia,San Roque,6.4875,-75.017,820,5/15/1975,,Monchia,Magdalena Cauca,Medio Magdalena,Río Nare,2002,21,Andes,Preliminar,0,0,0,13.0646085739136,13.0646085739136,5.81874084472656,8.23219585418701,23.6123638153076,3.05454540252686,6.04363632202148,5,10,0.869565188884735,0.876811623573303,1,1,53,1.04999995231628,0
09,2003-09-19,23080760,16,Definitivo,SAN ROQUE [23080760],Pluviométrica,Convencional,Activa,Antioquia,San Roque,6.4875,-75.017,820,5/15/1975,,Monchia,Magdalena Cauca,Medio Magdalena,Río Nare,2003,19,Andes,Definitivo,16,16,0,7.83264207839966,7.83264207839966,0,17.7404479980469,2.03204846382141,3.05454540252686,6.04363632202148,5,10,0.869565188884735,0.876811623573303,1,1,52,1.04999995231628,16.7999992370605
09,2002-09-18,23080760,8,Definitivo,SAN ROQUE [23080760],Pluviométrica,Convencional,Activa,Antioquia,San Roque,6.4875,-75.017,820,5/15/1975,,Monchia,Magdalena Cauca,Medio Magdalena,Río Nare,2002,18,Andes,Definitivo,8,8,0,40.0691757202149,40.0691757202149,7.73337459564209,21.7552680969238,7.08434438705444,3.05454540252686,6.04363632202148,5,10,0.869565188884735,0.876811623573303,1,1,52,1.04999995231628,8.39999961853027
09,2004-09-14,23080760,,"",SAN ROQUE [23080760],Pluviométrica,Convencional,Activa,Antioquia,San Roque,6.4875,-75.017,820,5/15/1975,,Monchia,Magdalena Cauca,Medio Magdalena,Río Nare,2004,14,Andes,Preliminar,0,0,0,0.489701062440872,0.489701062440872,19.8180465698242,4.75741338729858,29.3740425109863,3.05454540252686,6.04363632202148,5,10,0.869565188884735,0.876811623573303,1,1,51,1.04999995231628,0
09,2001-09-14,23080760,10,Definitivo,SAN ROQUE [23080760],Pluviométrica,Convencional,Activa,Antioquia,San Roque,6.4875,-75.017,820,5/15/1975,,Monchia,Magdalena Cauca,Medio Magdalena,Río Nare,2001,14,Andes,Definitivo,10,10,0,7.98611927032471,7.98611927032471,11.9941568374634,20.382905960083,3.25387620925903,3.05454540252686,6.04363632202148,5,10,0.869565188884735,0.876811623573303,1,1,51,1.04999995231628,10.4999995231628
09,2002-09-13,23080760,18,Definitivo,SAN ROQUE [23080760],Pluviométrica,Convencional,Activa,Antioquia,San Roque,6.4875,-75.017,820,5/15/1975,,Monchia,Magdalena Cauca,Medio Magdalena,Río Nare,2002,13,Andes,Definitivo,18,18,0,7.32150983810425,7.32150983810425,0,19.2096824645996,36.9046859741211,3.05454540252686,6.04363632202148,5,10,0.869565188884735,0.876811623573303,1,1,51,1.04999995231628,18.8999991416931
09,2004-09-09,23080760,10,Definitivo,SAN ROQUE [23080760],Pluviométrica,Convencional,Activa,Antioquia,San Roque,6.4875,-75.017,820,5/15/1975,,Monchia,Magdalena Cauca,Medio Magdalena,Río Nare,2004,09,Andes,Definitivo,10,10,0,29.935884475708,29.935884475708,21.8917465209961,24.0217361450195,42.2746925354004,3.05454540252686,6.04363632202148,5,10,0.869565188884735,0.876811623573303,1,1,50,1.04999995231628,10.4999995231628
09,2003-09-09,23080760,9,Definitivo,SAN ROQUE [23080760],Pluviométrica,Convencional,Activa,Antioquia,San Roque,6.4875,-75.017,820,5/15/1975,,Monchia,Magdalena Cauca,Medio Magdalena,Río Nare,2003,09,Andes,Definitivo,9,9,0,11.6388731002808,11.6388731002808,6.18620014190674,8.19866371154785,2.89206862449646,3.05454540252686,6.04363632202148,5,10,0.869565188884735,0.876811623573303,1,1,50,1.04999995231628,9.44999957084656
09,2002-09-08,23080760,9,Definitivo,SAN ROQUE [23080760],Pluviométrica,Convencional,Activa,Antioquia,San Roque,6.4875,-75.017,820,5/15/1975,,Monchia,Magdalena Cauca,Medio Magdalena,Río Nare,2002,08,Andes,Definitivo,9,9,0,0,0,0,5.90755891799927,0.121493346989155,3.05454540252686,6.04363632202148,5,10,0.869565188884735,0.876811623573303,1,1,50,1.04999995231628,9.44999957084656
09,2004-09-08,23080760,56,Definitivo,SAN ROQUE [23080760],Pluviométrica,Convencional,Activa,Antioquia,San Roque,6.4875,-75.017,820,5/15/1975,,Monchia,Magdalena Cauca,Medio Magdalena,Río Nare,2004,08,Andes,Definitivo,56,56,0,20.4995727539063,20.4995727539063,0,23.1869659423828,4.3646183013916,3.05454540252686,6.04363632202148,5,10,0.869565188884735,0.876811623573303,1,1,50,1.04999995231628,58.7999973297119
09,2007-09-07,23080760,11,Definitivo,SAN ROQUE [23080760],Pluviométrica,Convencional,Activa,Antioquia,San Roque,6.4875,-75.017,820,5/15/1975,,Monchia,Magdalena Cauca,Medio Magdalena,Río Nare,2007,07,Andes,Definitivo,11,11,0,21.7562026977539,21.7562026977539,24.9903602600098,38.0163688659668,54.6743316650391,3.05454540252686,6.04363632202148,5,10,0.869565188884735,0.876811623573303,1,1,50,1.04999995231628,11.5499994754791
09,2009-09-07,23080760,,"",SAN ROQUE [23080760],Pluviométrica,Convencional,Activa,Antioquia,San Roque,6.4875,-75.017,820,5/15/1975,,Monchia,Magdalena Cauca,Medio Magdalena,Río Nare,2009,07,Andes,Preliminar,0,0,0,1.37703502178192,1.37703502178192,0,8.50395393371582,0,3.05454540252686,6.04363632202148,5,10,0.869565188884735,0.876811623573303,1,1,50,1.04999995231628,0
09,2009-09-08,23080760,6,Definitivo,SAN ROQUE [23080760],Pluviométrica,Convencional,Activa,Antioquia,San Roque,6.4875,-75.017,820,5/15/1975,,Monchia,Magdalena Cauca,Medio Magdalena,Río Nare,2009,08,Andes,Definitivo,6,6,0,8.93471527099609,8.93471527099609,0,8.51183032989502,1.31741178035736,3.05454540252686,6.04363632202148,5,10,0.869565188884735,0.876811623573303,1,1,50,1.04999995231628,6.29999971389771
09,2012-09-06,23080760,4,Definitivo,SAN ROQUE [23080760],Pluviométrica,Convencional,Activa,Antioquia,San Roque,6.4875,-75.017,820,5/15/1975,,Monchia,Magdalena Cauca,Medio Magdalena,Río Nare,2012,06,Andes,Definitivo,4,4,0,11.2907543182373,11.2907543182373,0,2.05083847045898,0,3.05454540252686,6.04363632202148,5,10,0.869565188884735,0.876811623573303,1,1,50,1.04999995231628,4.19999980926514
09,2013-09-10,23080760,20,Definitivo,SAN ROQUE [23080760],Pluviométrica,Convencional,Activa,Antioquia,San Roque,6.4875,-75.017,820,5/15/1975,,Monchia,Magdalena Cauca,Medio Magdalena,Río Nare,2013,10,Andes,Definitivo,20,20,0,3.21598482131958,3.21598482131958,0,12.0243167877197,0.91455066204071,3.05454540252686,6.04363632202148,5,10,0.869565188884735,0.876811623573303,1,1,50,1.04999995231628,20.9999990463257
09,2012-09-13,23080760,,"",SAN ROQUE [23080760],Pluviométrica,Convencional,Activa,Antioquia,San Roque,6.4875,-75.017,820,5/15/1975,,Monchia,Magdalena Cauca,Medio Magdalena,Río Nare,2012,13,Andes,Preliminar,0,0,0,2.75592398643494,2.75592398643494,9.90724182128906,6.18467950820923,14.2817707061768,3.05454540252686,6.04363632202148,5,10,0.869565188884735,0.876811623573303,1,1,51,1.04999995231628,0
09,2012-09-14,23080760,,"",SAN ROQUE [23080760],Pluviométrica,Convencional,Activa,Antioquia,San Roque,6.4875,-75.017,820,5/15/1975,,Monchia,Magdalena Cauca,Medio Magdalena,Río Nare,2012,14,Andes,Preliminar,0,0,0,0,0,3.30241394042969,1.01997065544128,0,3.05454540252686,6.04363632202148,5,10,0.869565188884735,0.876811623573303,1,1,51,1.04999995231628,0
09,2010-09-21,23080760,3,Definitivo,SAN ROQUE [23080760],Pluviométrica,Convencional,Activa,Antioquia,San Roque,6.4875,-75.017,820,5/15/1975,,Monchia,Magdalena Cauca,Medio Magdalena,Río Nare,2010,21,Andes,Definitivo,3,3,0,3.31789255142212,3.31789255142212,16.1606159210205,37.0759162902832,22.3237171173096,3.05454540252686,6.04363632202148,5,10,0.869565188884735,0.876811623573303,1,1,53,1.04999995231628,3.14999985694885
09,2009-09-24,23080760,,"",SAN ROQUE [23080760],Pluviométrica,Convencional,Activa,Antioquia,San Roque,6.4875,-75.017,820,5/15/1975,,Monchia,Magdalena Cauca,Medio Magdalena,Río Nare,2009,24,Andes,Preliminar,0,0,0,5.2556586265564,5.2556586265564,0,1.99243295192719,0.230283915996552,3.05454540252686,6.04363632202148,5,10,0.869565188884735,0.876811623573303,1,1,53,1.04999995231628,0
09,2012-09-22,23080760,4,Definitivo,SAN ROQUE [23080760],Pluviométrica,Convencional,Activa,Antioquia,San Roque,6.4875,-75.017,820,5/15/1975,,Monchia,Magdalena Cauca,Medio Magdalena,Río Nare,2012,22,Andes,Definitivo,4,4,0,5.18120765686035,5.18120765686035,0,10.4257164001465,0.99787575006485,3.05454540252686,6.04363632202148,5,10,0.869565188884735,0.876811623573303,1,1,53,1.04999995231628,4.19999980926514
09,2016-09-23,23080760,22,Definitivo,SAN ROQUE [23080760],Pluviométrica,Convencional,Activa,Antioquia,San Roque,6.4875,-75.017,820,5/15/1975,,Monchia,Magdalena Cauca,Medio Magdalena,Río Nare,2016,23,Andes,Definitivo,22,22,0,3.50245976448059,3.50245976448059,11.1291151046753,18.5829544067383,4.89025640487671,3.05454540252686,6.04363632202148,5,10,0.869565188884735,0.876811623573303,1,1,53,1.04999995231628,23.0999989509583
09,2016-09-24,23080760,56,Definitivo,SAN ROQUE [23080760],Pluviométrica,Convencional,Activa,Antioquia,San Roque,6.4875,-75.017,820,5/15/1975,,Monchia,Magdalena Cauca,Medio Magdalena,Río Nare,2016,24,Andes,Definitivo,56,56,0,5.79185342788696,5.79185342788696,44.5164604187012,27.3650131225586,29.4849510192871,3.05454540252686,6.04363632202148,5,10,0.869565188884735,0.876811623573303,1,1,53,1.04999995231628,58.7999973297119
09,2015-09-28,23080760,0,Definitivo,SAN ROQUE [23080760],Pluviométrica,Convencional,Activa,Antioquia,San Roque,6.4875,-75.017,820,5/15/1975,,Monchia,Magdalena Cauca,Medio Magdalena,Río Nare,2015,28,Andes,Definitivo,0,0,0,0,0,10.5258369445801,0.711720049381256,4.20049667358398,3.05454540252686,6.04363632202148,5,10,0.869565188884735,0.876811623573303,1,1,54,1.04999995231628,0
09,2018-09-26,23080760,97,Definitivo,SAN ROQUE [23080760],Pluviométrica,Convencional,Activa,Antioquia,San Roque,6.4875,-75.017,820,5/15/1975,,Monchia,Magdalena Cauca,Medio Magdalena,Río Nare,2018,26,Andes,Definitivo,97,97,0,6.54855060577393,6.54855060577393,11.1497011184692,29.4239711761475,2.06095004081726,3.05454540252686,6.04363632202148,5,10,0.869565188884735,0.876811623573303,1,1,54,1.04999995231628,101.84999537468
09,2022-09-27,23080760,0,Definitivo,SAN ROQUE [23080760],Pluviométrica,Convencional,Activa,Antioquia,San Roque,6.4875,-75.017,820,5/15/1975,,Monchia,Magdalena Cauca,Medio Magdalena,Río Nare,2022,27,Andes,Definitivo,0,0,0,0,0,0,5.14646768569946,52.2555274963379,3.05454540252686,6.04363632202148,5,10,0.869565188884735,0.876811623573303,1,1,54,1.04999995231628,0
09,2021-09-26,23080760,0,Definitivo,SAN ROQUE [23080760],Pluviométrica,Convencional,Activa,Antioquia,San Roque,6.4875,-75.017,820,5/15/1975,,Monchia,Magdalena Cauca,Medio Magdalena,Río Nare,2021,26,Andes,Definitivo,0,0,0,1.4999805688858,1.4999805688858,0,14.4977693557739,0,3.05454540252686,6.04363632202148,5,10,0.869565188884735,0.876811623573303,1,1,54,1.04999995231628,0
09,2023-09-23,23080760,5,Definitivo,SAN ROQUE [23080760],Pluviométrica,Convencional,Activa,Antioquia,San Roque,6.4875,-75.017,820,5/15/1975,,Monchia,Magdalena Cauca,Medio Magdalena,Río Nare,2023,23,Andes,Definitivo,5,5,0,0,0,14.3136434555054,4.90559720993042,18.5758266448975,3.05454540252686,6.04363632202148,5,10,0.869565188884735,0.876811623573303,1,1,53,1.04999995231628,5.24999976158142
09,2021-09-21,23080760,0,Definitivo,SAN ROQUE [23080760],Pluviométrica,Convencional,Activa,Antioquia,San Roque,6.4875,-75.017,820,5/15/1975,,Monchia,Magdalena Cauca,Medio Magdalena,Río Nare,2021,21,Andes,Definitivo,0,0,0,19.8814144134522,19.8814144134522,5.07358026504517,13.5132923126221,6.14179515838623,3.05454540252686,6.04363632202148,5,10,0.869565188884735,0.876811623573303,1,1,53,1.04999995231628,0
09,2023-09-18,23080760,8,Definitivo,SAN ROQUE [23080760],Pluviométrica,Convencional,Activa,Antioquia,San Roque,6.4875,-75.017,820,5/15/1975,,Monchia,Magdalena Cauca,Medio Magdalena,Río Nare,2023,18,Andes,Definitivo,8,8,0,12.9942378997803,12.9942378997803,0,4.6395058631897,0.0250442810356617,3.05454540252686,6.04363632202148,5,10,0.869565188884735,0.876811623573303,1,1,52,1.04999995231628,8.39999961853027
09,2023-09-15,23080760,0,Definitivo,SAN ROQUE [23080760],Pluviométrica,Convencional,Activa,Antioquia,San Roque,6.4875,-75.017,820,5/15/1975,,Monchia,Magdalena Cauca,Medio Magdalena,Río Nare,2023,15,Andes,Definitivo,0,0,0,18.4037036895752,18.4037036895752,9.75355339050293,14.3820886611938,11.22190284729,3.05454540252686,6.04363632202148,5,10,0.869565188884735,0.876811623573303,1,1,51,1.04999995231628,0
09,2023-09-13,23080760,30,Definitivo,SAN ROQUE [23080760],Pluviométrica,Convencional,Activa,Antioquia,San Roque,6.4875,-75.017,820,5/15/1975,,Monchia,Magdalena Cauca,Medio Magdalena,Río Nare,2023,13,Andes,Definitivo,30,30,0,11.7665014266968,11.7665014266968,9.75355339050293,21.8646049499512,14.0712203979492,3.05454540252686,6.04363632202148,5,10,0.869565188884735,0.876811623573303,1,1,51,1.04999995231628,31.4999985694885
09,2021-09-13,23080760,19,Definitivo,SAN ROQUE [23080760],Pluviométrica,Convencional,Activa,Antioquia,San Roque,6.4875,-75.017,820,5/15/1975,,Monchia,Magdalena Cauca,Medio Magdalena,Río Nare,2021,13,Andes,Definitivo,19,19,0,17.0125541687012,17.0125541687012,0,11.9290370941162,5.11732244491577,3.05454540252686,6.04363632202148,5,10,0.869565188884735,0.876811623573303,1,1,51,1.04999995231628,19.9499990940094
09,2021-09-12,23080760,2,Definitivo,SAN ROQUE [23080760],Pluviométrica,Convencional,Activa,Antioquia,San Roque,6.4875,-75.017,820,5/15/1975,,Monchia,Magdalena Cauca,Medio Magdalena,Río Nare,2021,12,Andes,Definitivo,2,2,0,2.1720404624939,2.1720404624939,12.9848566055298,11.9290370941162,13.6989612579346,3.05454540252686,6.04363632202148,5,10,0.869565188884735,0.876811623573303,1,1,51,1.04999995231628,2.09999990463257
09,2023-09-09,23080760,11,Definitivo,SAN ROQUE [23080760],Pluviométrica,Convencional,Activa,Antioquia,San Roque,6.4875,-75.017,820,5/15/1975,,Monchia,Magdalena Cauca,Medio Magdalena,Río Nare,2023,09,Andes,Definitivo,11,11,0,20.6473236083984,20.6473236083984,0,8.01002788543701,14.5744562149048,3.05454540252686,6.04363632202148,5,10,0.869565188884735,0.876811623573303,1,1,50,1.04999995231628,11.5499994754791
09,2023-09-08,23080760,0,Definitivo,SAN ROQUE [23080760],Pluviométrica,Convencional,Activa,Antioquia,San Roque,6.4875,-75.017,820,5/15/1975,,Monchia,Magdalena Cauca,Medio Magdalena,Río Nare,2023,08,Andes,Definitivo,0,0,0,4.63350009918213,4.63350009918213,0,7.06643867492676,0.534461319446564,3.05454540252686,6.04363632202148,5,10,0.869565188884735,0.876811623573303,1,1,50,1.04999995231628,0
09,2023-09-07,23080760,0,Definitivo,SAN ROQUE [23080760],Pluviométrica,Convencional,Activa,Antioquia,San Roque,6.4875,-75.017,820,5/15/1975,,Monchia,Magdalena Cauca,Medio Magdalena,Río Nare,2023,07,Andes,Definitivo,0,0,0,0,0,30.9110622406006,2.38786721229553,23.66330909729,3.05454540252686,6.04363632202148,5,10,0.869565188884735,0.876811623573303,1,1,50,1.04999995231628,0
09,2022-09-08,23080760,8,Definitivo,SAN ROQUE [23080760],Pluviométrica,Convencional,Activa,Antioquia,San Roque,6.4875,-75.017,820,5/15/1975,,Monchia,Magdalena Cauca,Medio Magdalena,Río Nare,2022,08,Andes,Definitivo,8,8,0,0,0,24.7032947540283,12.5333290100098,22.9267234802246,3.05454540252686,6.04363632202148,5,10,0.869565188884735,0.876811623573303,1,1,50,1.04999995231628,8.39999961853027
09,2001-09-25,23080760,,"",SAN ROQUE [23080760],Pluviométrica,Convencional,Activa,Antioquia,San Roque,6.4875,-75.017,820,5/15/1975,,Monchia,Magdalena Cauca,Medio Magdalena,Río Nare,2001,25,Andes,Preliminar,0,0,0,35.084342956543,35.084342956543,17.4647693634033,20.445837020874,1.54962849617004,3.05454540252686,6.04363632202148,5,10,0.869565188884735,0.876811623573303,1,1,53,1.04999995231628,0
09,2001-09-24,23080760,0,Definitivo,SAN ROQUE [23080760],Pluviométrica,Convencional,Activa,Antioquia,San Roque,6.4875,-75.017,820,5/15/1975,,Monchia,Magdalena Cauca,Medio Magdalena,Río Nare,2001,24,Andes,Definitivo,0,0,0,8.78835201263428,8.78835201263428,26.197151184082,21.5799770355225,55.4371376037598,3.05454540252686,6.04363632202148,5,10,0.869565188884735,0.876811623573303,1,1,53,1.04999995231628,0
09,2001-09-23,23080760,47,Definitivo,SAN ROQUE [23080760],Pluviométrica,Convencional,Activa,Antioquia,San Roque,6.4875,-75.017,820,5/15/1975,,Monchia,Magdalena Cauca,Medio Magdalena,Río Nare,2001,23,Andes,Definitivo,47,47,0,2.17550563812256,2.17550563812256,17.4647693634033,36.9108734130859,23.0746307373047,3.05454540252686,6.04363632202148,5,10,0.869565188884735,0.876811623573303,1,1,53,1.04999995231628,49.3499977588654
09,2001-09-22,23080760,38,Definitivo,SAN ROQUE [23080760],Pluviométrica,Convencional,Activa,Antioquia,San Roque,6.4875,-75.017,820,5/15/1975,,Monchia,Magdalena Cauca,Medio Magdalena,Río Nare,2001,22,Andes,Definitivo,38,38,0,0.0345318354666233,0.0345318354666233,26.197151184082,33.4147033691406,39.1605567932129,3.05454540252686,6.04363632202148,5,10,0.869565188884735,0.876811623573303,1,1,53,1.04999995231628,39.8999981880188
09,2002-09-20,23080760,34,Definitivo,SAN ROQUE [23080760],Pluviométrica,Convencional,Activa,Antioquia,San Roque,6.4875,-75.017,820,5/15/1975,,Monchia,Magdalena Cauca,Medio Magdalena,Río Nare,2002,20,Andes,Definitivo,34,34,0,5.08644580841065,5.08644580841065,7.73337459564209,7.2425594329834,1.55933666229248,3.05454540252686,6.04363632202148,5,10,0.869565188884735,0.876811623573303,1,1,52,1.04999995231628,35.6999983787537
09,2001-09-19,23080760,25,Definitivo,SAN ROQUE [23080760],Pluviométrica,Convencional,Activa,Antioquia,San Roque,6.4875,-75.017,820,5/15/1975,,Monchia,Magdalena Cauca,Medio Magdalena,Río Nare,2001,19,Andes,Definitivo,25,25,0,5.94633674621582,5.94633674621582,0,17.9721717834473,13.2773847579956,3.05454540252686,6.04363632202148,5,10,0.869565188884735,0.876811623573303,1,1,52,1.04999995231628,26.2499988079071
09,2003-09-16,23080760,9,Definitivo,SAN ROQUE [23080760],Pluviométrica,Convencional,Activa,Antioquia,San Roque,6.4875,-75.017,820,5/15/1975,,Monchia,Magdalena Cauca,Medio Magdalena,Río Nare,2003,16,Andes,Definitivo,9,9,0,0,0,4.65821075439453,7.06257581710815,13.2198972702026,3.05454540252686,6.04363632202148,5,10,0.869565188884735,0.876811623573303,1,1,52,1.04999995231628,9.44999957084656
09,2002-09-15,23080760,36,Definitivo,SAN ROQUE [23080760],Pluviométrica,Convencional,Activa,Antioquia,San Roque,6.4875,-75.017,820,5/15/1975,,Monchia,Magdalena Cauca,Medio Magdalena,Río Nare,2002,15,Andes,Definitivo,36,36,0,19.0234107971191,19.0234107971191,20.7759571075439,14.1563892364502,34.6673393249512,3.05454540252686,6.04363632202148,5,10,0.869565188884735,0.876811623573303,1,1,51,1.04999995231628,37.7999982833862
09,2002-09-12,23080760,4,Definitivo,SAN ROQUE [23080760],Pluviométrica,Convencional,Activa,Antioquia,San Roque,6.4875,-75.017,820,5/15/1975,,Monchia,Magdalena Cauca,Medio Magdalena,Río Nare,2002,12,Andes,Definitivo,4,4,0,0.312885016202927,0.312885016202927,0,13.6759157180786,0.213985726237297,3.05454540252686,6.04363632202148,5,10,0.869565188884735,0.876811623573303,1,1,51,1.04999995231628,4.19999980926514
09,2003-09-11,23080760,5,Definitivo,SAN ROQUE [23080760],Pluviométrica,Convencional,Activa,Antioquia,San Roque,6.4875,-75.017,820,5/15/1975,,Monchia,Magdalena Cauca,Medio Magdalena,Río Nare,2003,11,Andes,Definitivo,5,5,0,8.15831756591797,8.15831756591797,13.5608911514282,27.2246341705322,37.2963523864746,3.05454540252686,6.04363632202148,5,10,0.869565188884735,0.876811623573303,1,1,51,1.04999995231628,5.24999976158142
09,2002-09-10,23080760,5,Definitivo,SAN ROQUE [23080760],Pluviométrica,Convencional,Activa,Antioquia,San Roque,6.4875,-75.017,820,5/15/1975,,Monchia,Magdalena Cauca,Medio Magdalena,Río Nare,2002,10,Andes,Definitivo,5,5,0,1.48845875263214,1.48845875263214,36.1033172607422,18.1283111572266,39.9241371154785,3.05454540252686,6.04363632202148,5,10,0.869565188884735,0.876811623573303,1,1,50,1.04999995231628,5.24999976158142
09,2004-09-06,23080760,,"",SAN ROQUE [23080760],Pluviométrica,Convencional,Activa,Antioquia,San Roque,6.4875,-75.017,820,5/15/1975,,Monchia,Magdalena Cauca,Medio Magdalena,Río Nare,2004,06,Andes,Preliminar,0,0,0,3.37475919723511,3.37475919723511,29.1889972686768,5.97185564041138,27.4146709442139,3.05454540252686,6.04363632202148,5,10,0.869565188884735,0.876811623573303,1,1,50,1.04999995231628,0
09,2003-09-06,23080760,11,Definitivo,SAN ROQUE [23080760],Pluviométrica,Convencional,Activa,Antioquia,San Roque,6.4875,-75.017,820,5/15/1975,,Monchia,Magdalena Cauca,Medio Magdalena,Río Nare,2003,06,Andes,Definitivo,11,11,0,0.167332038283348,0.167332038283348,12.3724002838135,6.37054824829102,20.234525680542,3.05454540252686,6.04363632202148,5,10,0.869565188884735,0.876811623573303,1,1,50,1.04999995231628,11.5499994754791
09,2005-09-06,23080760,39,Definitivo,SAN ROQUE [23080760],Pluviométrica,Convencional,Activa,Antioquia,San Roque,6.4875,-75.017,820,5/15/1975,,Monchia,Magdalena Cauca,Medio Magdalena,Río Nare,2005,06,Andes,Definitivo,39,39,0,8.22404289245606,8.22404289245606,14.213770866394,26.9245929718018,7.33090829849243,3.05454540252686,6.04363632202148,5,10,0.869565188884735,0.876811623573303,1,1,50,1.04999995231628,40.9499981403351
09,2005-09-07,23080760,,"",SAN ROQUE [23080760],Pluviométrica,Convencional,Activa,Antioquia,San Roque,6.4875,-75.017,820,5/15/1975,,Monchia,Magdalena Cauca,Medio Magdalena,Río Nare,2005,07,Andes,Preliminar,0,0,0,31.9398918151856,31.9398918151856,4.73792362213135,18.4048042297363,28.6450672149658,3.05454540252686,6.04363632202148,5,10,0.869565188884735,0.876811623573303,1,1,50,1.04999995231628,0
09,2007-09-08,23080760,4,Definitivo,SAN ROQUE [23080760],Pluviométrica,Convencional,Activa,Antioquia,San Roque,6.4875,-75.017,820,5/15/1975,,Monchia,Magdalena Cauca,Medio Magdalena,Río Nare,2007,08,Andes,Definitivo,4,4,0,0.184374630451202,0.184374630451202,12.4951801300049,15.3794317245483,25.5117950439453,3.05454540252686,6.04363632202148,5,10,0.869565188884735,0.876811623573303,1,1,50,1.04999995231628,4.19999980926514
09,2007-09-09,23080760,24,Definitivo,SAN ROQUE [23080760],Pluviométrica,Convencional,Activa,Antioquia,San Roque,6.4875,-75.017,820,5/15/1975,,Monchia,Magdalena Cauca,Medio Magdalena,Río Nare,2007,09,Andes,Definitivo,24,24,0,0.553123891353607,0.553123891353607,37.4855422973633,19.5028591156006,11.5344257354736,3.05454540252686,6.04363632202148,5,10,0.869565188884735,0.876811623573303,1,1,50,1.04999995231628,25.1999988555908
09,2011-09-10,23080760,84,Definitivo,SAN ROQUE [23080760],Pluviométrica,Convencional,Activa,Antioquia,San Roque,6.4875,-75.017,820,5/15/1975,,Monchia,Magdalena Cauca,Medio Magdalena,Río Nare,2011,10,Andes,Definitivo,84,84,0,25.6856994628906,25.6856994628906,12.1974210739136,31.8817024230957,9.09161281585693,3.05454540252686,6.04363632202148,5,10,0.869565188884735,0.876811623573303,1,1,50,1.04999995231628,88.1999959945679
09,2011-09-11,23080760,0.5,Definitivo,SAN ROQUE [23080760],Pluviométrica,Convencional,Activa,Antioquia,San Roque,6.4875,-75.017,820,5/15/1975,,Monchia,Magdalena Cauca,Medio Magdalena,Río Nare,2011,11,Andes,Definitivo,0.5,0.5,0,25.2053241729736,25.2053241729736,41.3586845397949,56.4105644226074,44.7638702392578,3.05454540252686,6.04363632202148,5,10,0.869565188884735,0.876811623573303,1,1,51,1.04999995231628,0.524999976158142
09,2013-09-11,23080760,18,Definitivo,SAN ROQUE [23080760],Pluviométrica,Convencional,Activa,Antioquia,San Roque,6.4875,-75.017,820,5/15/1975,,Monchia,Magdalena Cauca,Medio Magdalena,Río Nare,2013,11,Andes,Definitivo,18,18,0,8.92513847351074,8.92513847351074,17.3968505859375,8.00932598114014,36.3688011169434,3.05454540252686,6.04363632202148,5,10,0.869565188884735,0.876811623573303,1,1,51,1.04999995231628,18.8999991416931
09,2011-09-18,23080760,5,Definitivo,SAN ROQUE [23080760],Pluviométrica,Convencional,Activa,Antioquia,San Roque,6.4875,-75.017,820,5/15/1975,,Monchia,Magdalena Cauca,Medio Magdalena,Río Nare,2011,18,Andes,Definitivo,5,5,0,13.2714529037476,13.2714529037476,0,43.5839614868164,6.89587783813477,3.05454540252686,6.04363632202148,5,10,0.869565188884735,0.876811623573303,1,1,52,1.04999995231628,5.24999976158142
09,2011-09-19,23080760,70,Definitivo,SAN ROQUE [23080760],Pluviométrica,Convencional,Activa,Antioquia,San Roque,6.4875,-75.017,820,5/15/1975,,Monchia,Magdalena Cauca,Medio Magdalena,Río Nare,2011,19,Andes,Definitivo,70,70,0,3.50219917297363,3.50219917297363,0,8.75119018554688,0.068466030061245,3.05454540252686,6.04363632202148,5,10,0.869565188884735,0.876811623573303,1,1,52,1.04999995231628,73.4999966621399
09,2010-09-22,23080760,21,Definitivo,SAN ROQUE [23080760],Pluviométrica,Convencional,Activa,Antioquia,San Roque,6.4875,-75.017,820,5/15/1975,,Monchia,Magdalena Cauca,Medio Magdalena,Río Nare,2010,22,Andes,Definitivo,21,21,0,7.71701526641846,7.71701526641846,8.08030796051025,15.9079666137695,5.58089351654053,3.05454540252686,6.04363632202148,5,10,0.869565188884735,0.876811623573303,1,1,53,1.04999995231628,22.049998998642
09,2012-09-23,23080760,,"",SAN ROQUE [23080760],Pluviométrica,Convencional,Activa,Antioquia,San Roque,6.4875,-75.017,820,5/15/1975,,Monchia,Magdalena Cauca,Medio Magdalena,Río Nare,2012,23,Andes,Preliminar,0,0,0,2.33672618865967,2.33672618865967,5.87685394287109,12.2621212005615,1.27613294124603,3.05454540252686,6.04363632202148,5,10,0.869565188884735,0.876811623573303,1,1,53,1.04999995231628,0
09,2014-09-24,23080760,37,Definitivo,SAN ROQUE [23080760],Pluviométrica,Convencional,Activa,Antioquia,San Roque,6.4875,-75.017,820,5/15/1975,,Monchia,Magdalena Cauca,Medio Magdalena,Río Nare,2014,24,Andes,Definitivo,37,37,0,1.17490136623383,1.17490136623383,0,11.8390703201294,0,3.05454540252686,6.04363632202148,5,10,0.869565188884735,0.876811623573303,1,1,53,1.04999995231628,38.8499982357025
09,2014-09-25,23080760,21,Definitivo,SAN ROQUE [23080760],Pluviométrica,Convencional,Activa,Antioquia,San Roque,6.4875,-75.017,820,5/15/1975,,Monchia,Magdalena Cauca,Medio Magdalena,Río Nare,2014,25,Andes,Definitivo,21,21,0,3.1251015663147,3.1251015663147,15.1762895584106,10.1109523773193,15.4051933288574,3.05454540252686,6.04363632202148,5,10,0.869565188884735,0.876811623573303,1,1,53,1.04999995231628,22.049998998642
09,2019-09-23,23080760,3,Definitivo,SAN ROQUE [23080760],Pluviométrica,Convencional,Activa,Antioquia,San Roque,6.4875,-75.017,820,5/15/1975,,Monchia,Magdalena Cauca,Medio Magdalena,Río Nare,2019,23,Andes,Definitivo,3,3,0,13.7949419021606,13.7949419021606,30.1921634674072,11.2225198745728,18.8424587249756,3.05454540252686,6.04363632202148,5,10,0.869565188884735,0.876811623573303,1,1,53,1.04999995231628,3.14999985694885
09,2020-09-26,23080760,24,Definitivo,SAN ROQUE [23080760],Pluviométrica,Convencional,Activa,Antioquia,San Roque,6.4875,-75.017,820,5/15/1975,,Monchia,Magdalena Cauca,Medio Magdalena,Río Nare,2020,26,Andes,Definitivo,24,24,0,1.34025776386261,1.34025776386261,0,17.6921501159668,1.03658902645111,3.05454540252686,6.04363632202148,5,10,0.869565188884735,0.876811623573303,1,1,54,1.04999995231628,25.1999988555908
09,2020-09-27,23080760,0,Definitivo,SAN ROQUE [23080760],Pluviométrica,Convencional,Activa,Antioquia,San Roque,6.4875,-75.017,820,5/15/1975,,Monchia,Magdalena Cauca,Medio Magdalena,Río Nare,2020,27,Andes,Definitivo,0,0,0,32.3242263793945,32.3242263793945,38.2871856689453,32.2519073486328,20.3065204620361,3.05454540252686,6.04363632202148,5,10,0.869565188884735,0.876811623573303,1,1,54,1.04999995231628,0
09,2022-09-24,23080760,50,Definitivo,SAN ROQUE [23080760],Pluviométrica,Convencional,Activa,Antioquia,San Roque,6.4875,-75.017,820,5/15/1975,,Monchia,Magdalena Cauca,Medio Magdalena,Río Nare,2022,24,Andes,Definitivo,50,50,0,2.02645826339722,2.02645826339722,0,10.0985698699951,24.9354553222656,3.05454540252686,6.04363632202148,5,10,0.869565188884735,0.876811623573303,1,1,53,1.04999995231628,52.4999976158142
09,2022-09-22,23080760,17,Definitivo,SAN ROQUE [23080760],Pluviométrica,Convencional,Activa,Antioquia,San Roque,6.4875,-75.017,820,5/15/1975,,Monchia,Magdalena Cauca,Medio Magdalena,Río Nare,2022,22,Andes,Definitivo,17,17,0,22.201042175293,22.201042175293,13.3256454467773,32.025505065918,9.96494674682617,3.05454540252686,6.04363632202148,5,10,0.869565188884735,0.876811623573303,1,1,53,1.04999995231628,17.8499991893768
09,2022-09-19,23080760,2,Definitivo,SAN ROQUE [23080760],Pluviométrica,Convencional,Activa,Antioquia,San Roque,6.4875,-75.017,820,5/15/1975,,Monchia,Magdalena Cauca,Medio Magdalena,Río Nare,2022,19,Andes,Definitivo,2,2,0,11.399245262146,11.399245262146,24.4398498535156,23.4253120422363,49.443775177002,3.05454540252686,6.04363632202148,5,10,0.869565188884735,0.876811623573303,1,1,52,1.04999995231628,2.09999990463257
09,2021-09-18,23080760,22,Definitivo,SAN ROQUE [23080760],Pluviométrica,Convencional,Activa,Antioquia,San Roque,6.4875,-75.017,820,5/15/1975,,Monchia,Magdalena Cauca,Medio Magdalena,Río Nare,2021,18,Andes,Definitivo,22,22,0,0.699636816978455,0.699636816978455,0,5.59875202178955,0,3.05454540252686,6.04363632202148,5,10,0.869565188884735,0.876811623573303,1,1,52,1.04999995231628,23.0999989509583
09,2022-09-14,23080760,0,Definitivo,SAN ROQUE [23080760],Pluviométrica,Convencional,Activa,Antioquia,San Roque,6.4875,-75.017,820,5/15/1975,,Monchia,Magdalena Cauca,Medio Magdalena,Río Nare,2022,14,Andes,Definitivo,0,0,0,18.0753288269043,18.0753288269043,13.1267137527466,61.6708221435547,47.2104454040527,3.05454540252686,6.04363632202148,5,10,0.869565188884735,0.876811623573303,1,1,51,1.04999995231628,0
09,2023-09-12,23080760,22,Definitivo,SAN ROQUE [23080760],Pluviométrica,Convencional,Activa,Antioquia,San Roque,6.4875,-75.017,820,5/15/1975,,Monchia,Magdalena Cauca,Medio Magdalena,Río Nare,2023,12,Andes,Definitivo,22,22,0,0,0,0,25.6690902709961,2.76879549026489,3.05454540252686,6.04363632202148,5,10,0.869565188884735,0.876811623573303,1,1,51,1.04999995231628,23.0999989509583
09,2020-09-13,23080760,4,Definitivo,SAN ROQUE [23080760],Pluviométrica,Convencional,Activa,Antioquia,San Roque,6.4875,-75.017,820,5/15/1975,,Monchia,Magdalena Cauca,Medio Magdalena,Río Nare,2020,13,Andes,Definitivo,4,4,0,1.4395352602005,1.4395352602005,0,6.11619853973389,2.09209990501404,3.05454540252686,6.04363632202148,5,10,0.869565188884735,0.876811623573303,1,1,51,1.04999995231628,4.19999980926514
09,2022-09-10,23080760,3,Definitivo,SAN ROQUE [23080760],Pluviométrica,Convencional,Activa,Antioquia,San Roque,6.4875,-75.017,820,5/15/1975,,Monchia,Magdalena Cauca,Medio Magdalena,Río Nare,2022,10,Andes,Definitivo,3,3,0,38.1852722167969,38.1852722167969,0,2.9680380821228,3.53636240959168,3.05454540252686,6.04363632202148,5,10,0.869565188884735,0.876811623573303,1,1,50,1.04999995231628,3.14999985694885
09,2022-09-09,23080760,0,Definitivo,SAN ROQUE [23080760],Pluviométrica,Convencional,Activa,Antioquia,San Roque,6.4875,-75.017,820,5/15/1975,,Monchia,Magdalena Cauca,Medio Magdalena,Río Nare,2022,09,Andes,Definitivo,0,0,0,8.60103607177734,8.60103607177734,16.4688625335693,40.2197151184082,12.2412261962891,3.05454540252686,6.04363632202148,5,10,0.869565188884735,0.876811623573303,1,1,50,1.04999995231628,0
09,2021-09-10,23080760,25,Definitivo,SAN ROQUE [23080760],Pluviométrica,Convencional,Activa,Antioquia,San Roque,6.4875,-75.017,820,5/15/1975,,Monchia,Magdalena Cauca,Medio Magdalena,Río Nare,2021,10,Andes,Definitivo,25,25,0,0.88459974527359,0.88459974527359,5.72070932388306,6.73155832290649,9.08203983306885,3.05454540252686,6.04363632202148,5,10,0.869565188884735,0.876811623573303,1,1,50,1.04999995231628,26.2499988079071
09,2021-09-09,23080760,15,Definitivo,SAN ROQUE [23080760],Pluviométrica,Convencional,Activa,Antioquia,San Roque,6.4875,-75.017,820,5/15/1975,,Monchia,Magdalena Cauca,Medio Magdalena,Río Nare,2021,09,Andes,Definitivo,15,15,0,2.5800838470459,2.5800838470459,5.72070932388306,6.73155832290649,0.660257875919342,3.05454540252686,6.04363632202148,5,10,0.869565188884735,0.876811623573303,1,1,50,1.04999995231628,15.7499992847443
09,2023-09-06,23080760,0,Definitivo,SAN ROQUE [23080760],Pluviométrica,Convencional,Activa,Antioquia,San Roque,6.4875,-75.017,820,5/15/1975,,Monchia,Magdalena Cauca,Medio Magdalena,Río Nare,2023,06,Andes,Definitivo,0,0,0,0,0,0,1.95566046237946,0,3.05454540252686,6.04363632202148,5,10,0.869565188884735,0.876811623573303,1,1,50,1.04999995231628,0
09,2023-09-05,23080760,0,Definitivo,SAN ROQUE [23080760],Pluviométrica,Convencional,Activa,Antioquia,San Roque,6.4875,-75.017,820,5/15/1975,,Monchia,Magdalena Cauca,Medio Magdalena,Río Nare,2023,05,Andes,Definitivo,0,0,0,7.95291328430176,7.95291328430176,0,0.92912232875824,0.0852317214012146,3.05454540252686,6.04363632202148,5,10,0.869565188884735,0.876811623573303,1,1,49,1.04999995231628,0
09,2022-09-06,23080760,12,Definitivo,SAN ROQUE [23080760],Pluviométrica,Convencional,Activa,Antioquia,San Roque,6.4875,-75.017,820,5/15/1975,,Monchia,Magdalena Cauca,Medio Magdalena,Río Nare,2022,06,Andes,Definitivo,12,12,0,0,0,16.4688625335693,0.798876166343689,21.4088344573975,3.05454540252686,6.04363632202148,5,10,0.869565188884735,0.876811623573303,1,1,50,1.04999995231628,12.5999994277954
09,2001-09-21,23080760,22,Definitivo,SAN ROQUE [23080760],Pluviométrica,Convencional,Activa,Antioquia,San Roque,6.4875,-75.017,820,5/15/1975,,Monchia,Magdalena Cauca,Medio Magdalena,Río Nare,2001,21,Andes,Definitivo,22,22,0,7.57973766326904,7.57973766326904,0,9.76426124572754,2.89370346069336,3.05454540252686,6.04363632202148,5,10,0.869565188884735,0.876811623573303,1,1,53,1.04999995231628,23.0999989509583
09,2001-09-20,23080760,,"",SAN ROQUE [23080760],Pluviométrica,Convencional,Activa,Antioquia,San Roque,6.4875,-75.017,820,5/15/1975,,Monchia,Magdalena Cauca,Medio Magdalena,Río Nare,2001,20,Andes,Preliminar,0.3,0.3,0,16.2493934631348,16.2493934631348,26.0282020568848,26.8118667602539,51.2547798156738,3.05454540252686,6.04363632202148,5,10,0.869565188884735,0.876811623573303,1,1,52,1.04999995231628,0.314999985694885
09,2003-09-18,23080760,0,Definitivo,SAN ROQUE [23080760],Pluviométrica,Convencional,Activa,Antioquia,San Roque,6.4875,-75.017,820,5/15/1975,,Monchia,Magdalena Cauca,Medio Magdalena,Río Nare,2003,18,Andes,Definitivo,0,0,0,17.5451183319092,17.5451183319092,18.6328430175781,20.5670986175537,13.3543577194214,3.05454540252686,6.04363632202148,5,10,0.869565188884735,0.876811623573303,1,1,52,1.04999995231628,0
09,2001-09-18,23080760,7,Definitivo,SAN ROQUE [23080760],Pluviométrica,Convencional,Activa,Antioquia,San Roque,6.4875,-75.017,820,5/15/1975,,Monchia,Magdalena Cauca,Medio Magdalena,Río Nare,2001,18,Andes,Definitivo,7,7,0,0,0,26.0282020568848,38.21923828125,6.67565774917603,3.05454540252686,6.04363632202148,5,10,0.869565188884735,0.876811623573303,1,1,52,1.04999995231628,7.34999966621399
09,2001-09-16,23080760,2,Definitivo,SAN ROQUE [23080760],Pluviométrica,Convencional,Activa,Antioquia,San Roque,6.4875,-75.017,820,5/15/1975,,Monchia,Magdalena Cauca,Medio Magdalena,Río Nare,2001,16,Andes,Definitivo,2,2,0,19.3108730316162,19.3108730316162,0,4.96432733535767,0.900916635990143,3.05454540252686,6.04363632202148,5,10,0.869565188884735,0.876811623573303,1,1,52,1.04999995231628,2.09999990463257
09,2003-09-13,23080760,0,Definitivo,SAN ROQUE [23080760],Pluviométrica,Convencional,Activa,Antioquia,San Roque,6.4875,-75.017,820,5/15/1975,,Monchia,Magdalena Cauca,Medio Magdalena,Río Nare,2003,13,Andes,Definitivo,0,0,0,19.5984516143799,19.5984516143799,4.52029705047607,14.1794309616089,1.66833317279816,3.05454540252686,6.04363632202148,5,10,0.869565188884735,0.876811623573303,1,1,51,1.04999995231628,0
09,2003-09-10,23080760,21,Definitivo,SAN ROQUE [23080760],Pluviométrica,Convencional,Activa,Antioquia,San Roque,6.4875,-75.017,820,5/15/1975,,Monchia,Magdalena Cauca,Medio Magdalena,Río Nare,2003,10,Andes,Definitivo,21,21,0,1.15273177623749,1.15273177623749,18.5585994720459,18.9866466522217,28.2868995666504,3.05454540252686,6.04363632202148,5,10,0.869565188884735,0.876811623573303,1,1,50,1.04999995231628,22.049998998642
09,2001-09-11,23080760,4,Definitivo,SAN ROQUE [23080760],Pluviométrica,Convencional,Activa,Antioquia,San Roque,6.4875,-75.017,820,5/15/1975,,Monchia,Magdalena Cauca,Medio Magdalena,Río Nare,2001,11,Andes,Definitivo,4,4,0,19.6194438934326,19.6194438934326,6.85380411148071,7.93559122085571,16.049976348877,3.05454540252686,6.04363632202148,5,10,0.869565188884735,0.876811623573303,1,1,51,1.04999995231628,4.19999980926514
09,2003-09-08,23080760,0,Definitivo,SAN ROQUE [23080760],Pluviométrica,Convencional,Activa,Antioquia,San Roque,6.4875,-75.017,820,5/15/1975,,Monchia,Magdalena Cauca,Medio Magdalena,Río Nare,2003,08,Andes,Definitivo,0,0,0,15.4689159393311,15.4689159393311,6.18620014190674,11.3747911453247,1.58100092411041,3.05454540252686,6.04363632202148,5,10,0.869565188884735,0.876811623573303,1,1,50,1.04999995231628,0
09,2002-09-07,23080760,,"",SAN ROQUE [23080760],Pluviométrica,Convencional,Activa,Antioquia,San Roque,6.4875,-75.017,820,5/15/1975,,Monchia,Magdalena Cauca,Medio Magdalena,Río Nare,2002,07,Andes,Preliminar,0,0,0,30.3645553588867,30.3645553588867,27.077486038208,18.8986549377441,40.0488815307617,3.05454540252686,6.04363632202148,5,10,0.869565188884735,0.876811623573303,1,1,50,1.04999995231628,0
09,2004-09-03,23080760,31,Definitivo,SAN ROQUE [23080760],Pluviométrica,Convencional,Activa,Antioquia,San Roque,6.4875,-75.017,820,5/15/1975,,Monchia,Magdalena Cauca,Medio Magdalena,Río Nare,2004,03,Andes,Definitivo,31,31,0,0.107313886284828,0.107313886284828,0,5.82056999206543,0.0085107171908021,3.05454540252686,6.04363632202148,5,10,0.869565188884735,0.876811623573303,1,1,49,1.04999995231628,32.5499985218048
09,2006-09-04,23080760,14,Definitivo,SAN ROQUE [23080760],Pluviométrica,Convencional,Activa,Antioquia,San Roque,6.4875,-75.017,820,5/15/1975,,Monchia,Magdalena Cauca,Medio Magdalena,Río Nare,2006,04,Andes,Definitivo,14,14,0,9.53312492370605,9.53312492370605,19.5747985839844,9.45359134674072,23.629810333252,3.05454540252686,6.04363632202148,5,10,0.869565188884735,0.876811623573303,1,1,49,1.04999995231628,14.699999332428
09,2006-09-05,23080760,9,Definitivo,SAN ROQUE [23080760],Pluviométrica,Convencional,Activa,Antioquia,San Roque,6.4875,-75.017,820,5/15/1975,,Monchia,Magdalena Cauca,Medio Magdalena,Río Nare,2006,05,Andes,Definitivo,9,9,0,8.41065216064453,8.41065216064453,0,10.1982145309448,0.915872395038605,3.05454540252686,6.04363632202148,5,10,0.869565188884735,0.876811623573303,1,1,49,1.04999995231628,9.44999957084656
09,2005-09-08,23080760,4,Definitivo,SAN ROQUE [23080760],Pluviométrica,Convencional,Activa,Antioquia,San Roque,6.4875,-75.017,820,5/15/1975,,Monchia,Magdalena Cauca,Medio Magdalena,Río Nare,2005,08,Andes,Definitivo,4,4,0,0.191256821155548,0.191256821155548,9.4758472442627,3.29272699356079,0.245494812726975,3.05454540252686,6.04363632202148,5,10,0.869565188884735,0.876811623573303,1,1,50,1.04999995231628,4.19999980926514
09,2010-09-07,23080760,1,Definitivo,SAN ROQUE [23080760],Pluviométrica,Convencional,Activa,Antioquia,San Roque,6.4875,-75.017,820,5/15/1975,,Monchia,Magdalena Cauca,Medio Magdalena,Río Nare,2010,07,Andes,Definitivo,1,1,0,28.2403945922852,28.2403945922852,26.3632907867432,15.9943790435791,56.4469795227051,3.05454540252686,6.04363632202148,5,10,0.869565188884735,0.876811623573303,1,1,50,1.04999995231628,1.04999995231628
09,2012-09-07,23080760,0,Definitivo,SAN ROQUE [23080760],Pluviométrica,Convencional,Activa,Antioquia,San Roque,6.4875,-75.017,820,5/15/1975,,Monchia,Magdalena Cauca,Medio Magdalena,Río Nare,2012,07,Andes,Definitivo,0,0,0,0,0,0,7.74411058425903,7.83666038513184,3.05454540252686,6.04363632202148,5,10,0.869565188884735,0.876811623573303,1,1,50,1.04999995231628,0
09,2012-09-08,23080760,5,Definitivo,SAN ROQUE [23080760],Pluviométrica,Convencional,Activa,Antioquia,San Roque,6.4875,-75.017,820,5/15/1975,,Monchia,Magdalena Cauca,Medio Magdalena,Río Nare,2012,08,Andes,Definitivo,5,5,0,6.46712350845337,6.46712350845337,0,21.3488159179688,0.581986546516419,3.05454540252686,6.04363632202148,5,10,0.869565188884735,0.876811623573303,1,1,50,1.04999995231628,5.24999976158142
09,2013-09-12,23080760,15,Definitivo,SAN ROQUE [23080760],Pluviométrica,Convencional,Activa,Antioquia,San Roque,6.4875,-75.017,820,5/15/1975,,Monchia,Magdalena Cauca,Medio Magdalena,Río Nare,2013,12,Andes,Definitivo,15,15,0,4.78671360015869,4.78671360015869,0,14.3734579086304,5.54014921188355,3.05454540252686,6.04363632202148,5,10,0.869565188884735,0.876811623573303,1,1,51,1.04999995231628,15.7499992847443
09,2012-09-15,23080760,,"",SAN ROQUE [23080760],Pluviométrica,Convencional,Activa,Antioquia,San Roque,6.4875,-75.017,820,5/15/1975,,Monchia,Magdalena Cauca,Medio Magdalena,Río Nare,2012,15,Andes,Preliminar,0,0,0,3.51456737518311,3.51456737518311,0,0.435279041528702,0.0790176168084145,3.05454540252686,6.04363632202148,5,10,0.869565188884735,0.876811623573303,1,1,51,1.04999995231628,0
09,2012-09-16,23080760,7,Definitivo,SAN ROQUE [23080760],Pluviométrica,Convencional,Activa,Antioquia,San Roque,6.4875,-75.017,820,5/15/1975,,Monchia,Magdalena Cauca,Medio Magdalena,Río Nare,2012,16,Andes,Definitivo,7,7,0,0,0,0,10.4210710525513,0.0412896052002907,3.05454540252686,6.04363632202148,5,10,0.869565188884735,0.876811623573303,1,1,52,1.04999995231628,7.34999966621399
09,2013-09-20,23080760,15,Definitivo,SAN ROQUE [23080760],Pluviométrica,Convencional,Activa,Antioquia,San Roque,6.4875,-75.017,820,5/15/1975,,Monchia,Magdalena Cauca,Medio Magdalena,Río Nare,2013,20,Andes,Definitivo,15,15,0,4.44075679779053,4.44075679779053,0,0.810457587242127,0.159412920475006,3.05454540252686,6.04363632202148,5,10,0.869565188884735,0.876811623573303,1,1,52,1.04999995231628,15.7499992847443
09,2013-09-21,23080760,,"",SAN ROQUE [23080760],Pluviométrica,Convencional,Activa,Antioquia,San Roque,6.4875,-75.017,820,5/15/1975,,Monchia,Magdalena Cauca,Medio Magdalena,Río Nare,2013,21,Andes,Preliminar,0,0,0,8.66329097747803,8.66329097747803,0,6.85691642761231,0.395239800214767,3.05454540252686,6.04363632202148,5,10,0.869565188884735,0.876811623573303,1,1,53,1.04999995231628,0
09,2012-09-24,23080760,25,Definitivo,SAN ROQUE [23080760],Pluviométrica,Convencional,Activa,Antioquia,San Roque,6.4875,-75.017,820,5/15/1975,,Monchia,Magdalena Cauca,Medio Magdalena,Río Nare,2012,24,Andes,Definitivo,25,25,0,3.84954261779785,3.84954261779785,3.36548805236816,8.44597148895264,3.18854737281799,3.05454540252686,6.04363632202148,5,10,0.869565188884735,0.876811623573303,1,1,53,1.04999995231628,26.2499988079071
09,2015-09-23,23080760,37,Definitivo,SAN ROQUE [23080760],Pluviométrica,Convencional,Activa,Antioquia,San Roque,6.4875,-75.017,820,5/15/1975,,Monchia,Magdalena Cauca,Medio Magdalena,Río Nare,2015,23,Andes,Definitivo,37,37,0,10.9864463806152,10.9864463806152,0,8.48783302307129,0.206944271922112,3.05454540252686,6.04363632202148,5,10,0.869565188884735,0.876811623573303,1,1,53,1.04999995231628,38.8499982357025
09,2019-09-24,23080760,1,Definitivo,SAN ROQUE [23080760],Pluviométrica,Convencional,Activa,Antioquia,San Roque,6.4875,-75.017,820,5/15/1975,,Monchia,Magdalena Cauca,Medio Magdalena,Río Nare,2019,24,Andes,Definitivo,1,1,0,4.41972589492798,4.41972589492798,20.1281108856201,10.5241794586182,27.5523471832275,3.05454540252686,6.04363632202148,5,10,0.869565188884735,0.876811623573303,1,1,53,1.04999995231628,1.04999995231628
09,2018-09-27,23080760,30,Definitivo,SAN ROQUE [23080760],Pluviométrica,Convencional,Activa,Antioquia,San Roque,6.4875,-75.017,820,5/15/1975,,Monchia,Magdalena Cauca,Medio Magdalena,Río Nare,2018,27,Andes,Definitivo,30,30,0,4.40052604675293,4.40052604675293,33.4491081237793,55.9928398132324,46.4383964538574,3.05454540252686,6.04363632202148,5,10,0.869565188884735,0.876811623573303,1,1,54,1.04999995231628,31.4999985694885
09,2021-09-25,23080760,0,Definitivo,SAN ROQUE [23080760],Pluviométrica,Convencional,Activa,Antioquia,San Roque,6.4875,-75.017,820,5/15/1975,,Monchia,Magdalena Cauca,Medio Magdalena,Río Nare,2021,25,Andes,Definitivo,0,0,0,3.64182138442993,3.64182138442993,5.07358026504517,13.5132923126221,2.29743266105652,3.05454540252686,6.04363632202148,5,10,0.869565188884735,0.876811623573303,1,1,53,1.04999995231628,0
09,2021-09-23,23080760,49,Definitivo,SAN ROQUE [23080760],Pluviométrica,Convencional,Activa,Antioquia,San Roque,6.4875,-75.017,820,5/15/1975,,Monchia,Magdalena Cauca,Medio Magdalena,Río Nare,2021,23,Andes,Definitivo,49,49,0,12.1599521636963,12.1599521636963,20.2943210601807,13.5132923126221,43.4689559936523,3.05454540252686,6.04363632202148,5,10,0.869565188884735,0.876811623573303,1,1,53,1.04999995231628,51.4499976634979
09,2023-09-20,23080760,0,Definitivo,SAN ROQUE [23080760],Pluviométrica,Convencional,Activa,Antioquia,San Roque,6.4875,-75.017,820,5/15/1975,,Monchia,Magdalena Cauca,Medio Magdalena,Río Nare,2023,20,Andes,Definitivo,0,0,0,0,0,3.61950182914734,5.11823272705078,0.0691536217927933,3.05454540252686,6.04363632202148,5,10,0.869565188884735,0.876811623573303,1,1,52,1.04999995231628,0
09,2020-09-19,23080760,2,Definitivo,SAN ROQUE [23080760],Pluviométrica,Convencional,Activa,Antioquia,San Roque,6.4875,-75.017,820,5/15/1975,,Monchia,Magdalena Cauca,Medio Magdalena,Río Nare,2020,19,Andes,Definitivo,2,2,0,10.3983459472656,10.3983459472656,16.2907657623291,14.4237298965454,41.7767028808594,3.05454540252686,6.04363632202148,5,10,0.869565188884735,0.876811623573303,1,1,52,1.04999995231628,2.09999990463257
09,2021-09-15,23080760,2,Definitivo,SAN ROQUE [23080760],Pluviométrica,Convencional,Activa,Antioquia,San Roque,6.4875,-75.017,820,5/15/1975,,Monchia,Magdalena Cauca,Medio Magdalena,Río Nare,2021,15,Andes,Definitivo,2,2,0,4.60343742370606,4.60343742370606,6.49242830276489,11.9290370941162,3.40320634841919,3.05454540252686,6.04363632202148,5,10,0.869565188884735,0.876811623573303,1,1,51,1.04999995231628,2.09999990463257
09,2022-09-13,23080760,78,Definitivo,SAN ROQUE [23080760],Pluviométrica,Convencional,Activa,Antioquia,San Roque,6.4875,-75.017,820,5/15/1975,,Monchia,Magdalena Cauca,Medio Magdalena,Río Nare,2022,13,Andes,Definitivo,78,78,0,29.3187046051025,29.3187046051025,39.3801422119141,47.2380294799805,13.2351531982422,3.05454540252686,6.04363632202148,5,10,0.869565188884735,0.876811623573303,1,1,51,1.04999995231628,81.8999962806702
09,2021-09-14,23080760,6,Definitivo,SAN ROQUE [23080760],Pluviométrica,Convencional,Activa,Antioquia,San Roque,6.4875,-75.017,820,5/15/1975,,Monchia,Magdalena Cauca,Medio Magdalena,Río Nare,2021,14,Andes,Definitivo,6,6,0,14.0815229415894,14.0815229415894,6.49242830276489,11.9290370941162,10.078516960144,3.05454540252686,6.04363632202148,5,10,0.869565188884735,0.876811623573303,1,1,51,1.04999995231628,6.29999971389771
09,2021-09-11,23080760,12,Definitivo,SAN ROQUE [23080760],Pluviométrica,Convencional,Activa,Antioquia,San Roque,6.4875,-75.017,820,5/15/1975,,Monchia,Magdalena Cauca,Medio Magdalena,Río Nare,2021,11,Andes,Definitivo,12,12,0,1.08501398563385,1.08501398563385,12.9848566055298,11.9290370941162,27.3471832275391,3.05454540252686,6.04363632202148,5,10,0.869565188884735,0.876811623573303,1,1,51,1.04999995231628,12.5999994277954
09,2020-09-12,23080760,0,Definitivo,SAN ROQUE [23080760],Pluviométrica,Convencional,Activa,Antioquia,San Roque,6.4875,-75.017,820,5/15/1975,,Monchia,Magdalena Cauca,Medio Magdalena,Río Nare,2020,12,Andes,Definitivo,0,0,0,16.8950309753418,16.8950309753418,19.1203231811523,30.5370063781738,31.2884960174561,3.05454540252686,6.04363632202148,5,10,0.869565188884735,0.876811623573303,1,1,51,1.04999995231628,0
09,2020-09-11,23080760,53,Definitivo,SAN ROQUE [23080760],Pluviométrica,Convencional,Activa,Antioquia,San Roque,6.4875,-75.017,820,5/15/1975,,Monchia,Magdalena Cauca,Medio Magdalena,Río Nare,2020,11,Andes,Definitivo,53,53,0,7.47189855575562,7.47189855575562,19.1203231811523,12.0287895202637,18.9427814483643,3.05454540252686,6.04363632202148,5,10,0.869565188884735,0.876811623573303,1,1,51,1.04999995231628,55.6499974727631
09,2019-09-13,23080760,5,Definitivo,SAN ROQUE [23080760],Pluviométrica,Convencional,Activa,Antioquia,San Roque,6.4875,-75.017,820,5/15/1975,,Monchia,Magdalena Cauca,Medio Magdalena,Río Nare,2019,13,Andes,Definitivo,5,5,0,5.51440572738648,5.51440572738648,15.415620803833,7.86205863952637,60.303897857666,3.05454540252686,6.04363632202148,5,10,0.869565188884735,0.876811623573303,1,1,51,1.04999995231628,5.24999976158142
09,2022-09-07,23080760,3,Definitivo,SAN ROQUE [23080760],Pluviométrica,Convencional,Activa,Antioquia,San Roque,6.4875,-75.017,820,5/15/1975,,Monchia,Magdalena Cauca,Medio Magdalena,Río Nare,2022,07,Andes,Definitivo,3,3,0,0,0,0,5.42776823043823,1.83458542823792,3.05454540252686,6.04363632202148,5,10,0.869565188884735,0.876811623573303,1,1,50,1.04999995231628,3.14999985694885
09,2021-09-08,23080760,6,Definitivo,SAN ROQUE [23080760],Pluviométrica,Convencional,Activa,Antioquia,San Roque,6.4875,-75.017,820,5/15/1975,,Monchia,Magdalena Cauca,Medio Magdalena,Río Nare,2021,08,Andes,Definitivo,6,6,0,3.55065846443176,3.55065846443176,0,6.73155832290649,9.93148040771484,3.05454540252686,6.04363632202148,5,10,0.869565188884735,0.876811623573303,1,1,50,1.04999995231628,6.29999971389771
09,2021-09-07,23080760,0,Definitivo,SAN ROQUE [23080760],Pluviométrica,Convencional,Activa,Antioquia,San Roque,6.4875,-75.017,820,5/15/1975,,Monchia,Magdalena Cauca,Medio Magdalena,Río Nare,2021,07,Andes,Definitivo,0,0,0,14.4808807373047,14.4808807373047,17.1621265411377,6.73155832290649,8.37554550170898,3.05454540252686,6.04363632202148,5,10,0.869565188884735,0.876811623573303,1,1,50,1.04999995231628,0
09,2023-09-04,23080760,0,Definitivo,SAN ROQUE [23080760],Pluviométrica,Convencional,Activa,Antioquia,San Roque,6.4875,-75.017,820,5/15/1975,,Monchia,Magdalena Cauca,Medio Magdalena,Río Nare,2023,04,Andes,Definitivo,0,0,0,0,0,15.7673664093018,11.6846590042114,28.0089263916016,3.05454540252686,6.04363632202148,5,10,0.869565188884735,0.876811623573303,1,1,49,1.04999995231628,0
09,2023-09-03,23080760,0,Definitivo,SAN ROQUE [23080760],Pluviométrica,Convencional,Activa,Antioquia,San Roque,6.4875,-75.017,820,5/15/1975,,Monchia,Magdalena Cauca,Medio Magdalena,Río Nare,2023,03,Andes,Definitivo,0,0,0,19.7272129058838,19.7272129058838,0,23.3110523223877,0.567766666412354,3.05454540252686,6.04363632202148,5,10,0.869565188884735,0.876811623573303,1,1,49,1.04999995231628,0
09,2023-09-02,23080760,42,Definitivo,SAN ROQUE [23080760],Pluviométrica,Convencional,Activa,Antioquia,San Roque,6.4875,-75.017,820,5/15/1975,,Monchia,Magdalena Cauca,Medio Magdalena,Río Nare,2023,02,Andes,Definitivo,42,42,0,6.25715827941895,6.25715827941895,23.651050567627,10.4176197052002,17.6242237091064,3.05454540252686,6.04363632202148,5,10,0.869565188884735,0.876811623573303,1,1,49,1.04999995231628,44.0999979972839
09,2001-09-17,23080760,66,Definitivo,SAN ROQUE [23080760],Pluviométrica,Convencional,Activa,Antioquia,San Roque,6.4875,-75.017,820,5/15/1975,,Monchia,Magdalena Cauca,Medio Magdalena,Río Nare,2001,17,Andes,Definitivo,66,66,0,1.61905205249786,1.61905205249786,13.0141010284424,0.91435706615448,16.7732200622559,3.05454540252686,6.04363632202148,5,10,0.869565188884735,0.876811623573303,1,1,52,1.04999995231628,69.2999968528748
09,2003-09-15,23080760,32,Definitivo,SAN ROQUE [23080760],Pluviométrica,Convencional,Activa,Antioquia,San Roque,6.4875,-75.017,820,5/15/1975,,Monchia,Magdalena Cauca,Medio Magdalena,Río Nare,2003,15,Andes,Definitivo,32,32,0,0.161779657006264,0.161779657006264,9.04059410095215,0.744918942451477,6.86224174499512,3.05454540252686,6.04363632202148,5,10,0.869565188884735,0.876811623573303,1,1,51,1.04999995231628,33.5999984741211
09,2001-09-15,23080760,0.3,Definitivo,SAN ROQUE [23080760],Pluviométrica,Convencional,Activa,Antioquia,San Roque,6.4875,-75.017,820,5/15/1975,,Monchia,Magdalena Cauca,Medio Magdalena,Río Nare,2001,15,Andes,Definitivo,0.3,0.3,0,17.5023860931397,17.5023860931397,0,6.75348329544067,0.161083981394768,3.05454540252686,6.04363632202148,5,10,0.869565188884735,0.876811623573303,1,1,51,1.04999995231628,0.314999985694885
09,2001-09-13,23080760,11,Definitivo,SAN ROQUE [23080760],Pluviométrica,Convencional,Activa,Antioquia,San Roque,6.4875,-75.017,820,5/15/1975,,Monchia,Magdalena Cauca,Medio Magdalena,Río Nare,2001,13,Andes,Definitivo,11,11,0,0.125765651464462,0.125765651464462,11.9941568374634,19.1876468658447,12.0241661071777,3.05454540252686,6.04363632202148,5,10,0.869565188884735,0.876811623573303,1,1,51,1.04999995231628,11.5499994754791
09,2001-09-10,23080760,14,Definitivo,SAN ROQUE [23080760],Pluviométrica,Convencional,Activa,Antioquia,San Roque,6.4875,-75.017,820,5/15/1975,,Monchia,Magdalena Cauca,Medio Magdalena,Río Nare,2001,10,Andes,Definitivo,14,14,0,12.0713415145874,12.0713415145874,0,17.9793376922607,0.0121761383488774,3.05454540252686,6.04363632202148,5,10,0.869565188884735,0.876811623573303,1,1,50,1.04999995231628,14.699999332428
09,2002-09-09,23080760,7,Definitivo,SAN ROQUE [23080760],Pluviométrica,Convencional,Activa,Antioquia,San Roque,6.4875,-75.017,820,5/15/1975,,Monchia,Magdalena Cauca,Medio Magdalena,Río Nare,2002,09,Andes,Definitivo,7,7,0,0,0,0,15.2701597213745,2.8363630771637,3.05454540252686,6.04363632202148,5,10,0.869565188884735,0.876811623573303,1,1,50,1.04999995231628,7.34999966621399
09,2001-09-08,23080760,60,Definitivo,SAN ROQUE [23080760],Pluviométrica,Convencional,Activa,Antioquia,San Roque,6.4875,-75.017,820,5/15/1975,,Monchia,Magdalena Cauca,Medio Magdalena,Río Nare,2001,08,Andes,Definitivo,60,60,0,11.1758918762207,11.1758918762207,23.216121673584,17.6354694366455,16.6506977081299,3.05454540252686,6.04363632202148,5,10,0.869565188884735,0.876811623573303,1,1,50,1.04999995231628,62.9999971389771
09,2003-09-05,23080760,8,Definitivo,SAN ROQUE [23080760],Pluviométrica,Convencional,Activa,Antioquia,San Roque,6.4875,-75.017,820,5/15/1975,,Monchia,Magdalena Cauca,Medio Magdalena,Río Nare,2003,05,Andes,Definitivo,8,8,0,0,0,20.1651649475098,36.365650177002,33.1398429870606,3.05454540252686,6.04363632202148,5,10,0.869565188884735,0.876811623573303,1,1,49,1.04999995231628,8.39999961853027
09,2002-09-04,23080760,15,Definitivo,SAN ROQUE [23080760],Pluviométrica,Convencional,Activa,Antioquia,San Roque,6.4875,-75.017,820,5/15/1975,,Monchia,Magdalena Cauca,Medio Magdalena,Río Nare,2002,04,Andes,Definitivo,15,15,0,1.32101655006409,1.32101655006409,0,5.77977132797241,1.27838850021362,3.05454540252686,6.04363632202148,5,10,0.869565188884735,0.876811623573303,1,1,49,1.04999995231628,15.7499992847443
09,2004-09-04,23080760,59,Definitivo,SAN ROQUE [23080760],Pluviométrica,Convencional,Activa,Antioquia,San Roque,6.4875,-75.017,820,5/15/1975,,Monchia,Magdalena Cauca,Medio Magdalena,Río Nare,2004,04,Andes,Definitivo,59,59,0,9.76556396484375,9.76556396484375,28.7925796508789,48.0435676574707,74.0273818969727,3.05454540252686,6.04363632202148,5,10,0.869565188884735,0.876811623573303,1,1,49,1.04999995231628,61.9499971866608
09,2004-09-05,23080760,12,Definitivo,SAN ROQUE [23080760],Pluviométrica,Convencional,Activa,Antioquia,San Roque,6.4875,-75.017,820,5/15/1975,,Monchia,Magdalena Cauca,Medio Magdalena,Río Nare,2004,05,Andes,Definitivo,12,12,0,31.2283420562744,31.2283420562744,14.3962898254395,17.8780250549316,15.1591281890869,3.05454540252686,6.04363632202148,5,10,0.869565188884735,0.876811623573303,1,1,49,1.04999995231628,12.5999994277954
09,2008-09-06,23080760,0,Definitivo,SAN ROQUE [23080760],Pluviométrica,Convencional,Activa,Antioquia,San Roque,6.4875,-75.017,820,5/15/1975,,Monchia,Magdalena Cauca,Medio Magdalena,Río Nare,2008,06,Andes,Definitivo,0,0,0,13.1553821563721,13.1553821563721,0,5.50845527648926,2.14558982849121,3.05454540252686,6.04363632202148,5,10,0.869565188884735,0.876811623573303,1,1,50,1.04999995231628,0
09,2008-09-07,23080760,3,Definitivo,SAN ROQUE [23080760],Pluviométrica,Convencional,Activa,Antioquia,San Roque,6.4875,-75.017,820,5/15/1975,,Monchia,Magdalena Cauca,Medio Magdalena,Río Nare,2008,07,Andes,Definitivo,3,3,0,12.030873298645,12.030873298645,0,4.13476800918579,1.88423931598663,3.05454540252686,6.04363632202148,5,10,0.869565188884735,0.876811623573303,1,1,50,1.04999995231628,3.14999985694885
09,2010-09-08,23080760,25,Definitivo,SAN ROQUE [23080760],Pluviométrica,Convencional,Activa,Antioquia,San Roque,6.4875,-75.017,820,5/15/1975,,Monchia,Magdalena Cauca,Medio Magdalena,Río Nare,2010,08,Andes,Definitivo,25,25,0,10.3035869598389,10.3035869598389,6.59082269668579,24.306619644165,0.843197703361511,3.05454540252686,6.04363632202148,5,10,0.869565188884735,0.876811623573303,1,1,50,1.04999995231628,26.2499988079071
09,2014-09-09,23080760,4,Definitivo,SAN ROQUE [23080760],Pluviométrica,Convencional,Activa,Antioquia,San Roque,6.4875,-75.017,820,5/15/1975,,Monchia,Magdalena Cauca,Medio Magdalena,Río Nare,2014,09,Andes,Definitivo,4,4,0,3.57902884483337,3.57902884483337,0,1.72037971019745,0.286865741014481,3.05454540252686,6.04363632202148,5,10,0.869565188884735,0.876811623573303,1,1,50,1.04999995231628,4.19999980926514
09,2014-09-10,23080760,10,Definitivo,SAN ROQUE [23080760],Pluviométrica,Convencional,Activa,Antioquia,San Roque,6.4875,-75.017,820,5/15/1975,,Monchia,Magdalena Cauca,Medio Magdalena,Río Nare,2014,10,Andes,Definitivo,10,10,0,11.3425798416138,11.3425798416138,10.6417932510376,33.6983108520508,36.1735420227051,3.05454540252686,6.04363632202148,5,10,0.869565188884735,0.876811623573303,1,1,50,1.04999995231628,10.4999995231628
09,2013-09-13,23080760,0,Definitivo,SAN ROQUE [23080760],Pluviométrica,Convencional,Activa,Antioquia,San Roque,6.4875,-75.017,820,5/15/1975,,Monchia,Magdalena Cauca,Medio Magdalena,Río Nare,2013,13,Andes,Definitivo,0,0,0,30.6385879516602,30.6385879516602,5.7989501953125,15.5040435791016,3.39897751808167,3.05454540252686,6.04363632202148,5,10,0.869565188884735,0.876811623573303,1,1,51,1.04999995231628,0
09,2011-09-20,23080760,1,Definitivo,SAN ROQUE [23080760],Pluviométrica,Convencional,Activa,Antioquia,San Roque,6.4875,-75.017,820,5/15/1975,,Monchia,Magdalena Cauca,Medio Magdalena,Río Nare,2011,20,Andes,Definitivo,1,1,0,19.7442474365234,19.7442474365234,42.9402503967285,26.3518829345703,57.2763977050781,3.05454540252686,6.04363632202148,5,10,0.869565188884735,0.876811623573303,1,1,52,1.04999995231628,1.04999995231628
09,2011-09-21,23080760,19,Definitivo,SAN ROQUE [23080760],Pluviométrica,Convencional,Activa,Antioquia,San Roque,6.4875,-75.017,820,5/15/1975,,Monchia,Magdalena Cauca,Medio Magdalena,Río Nare,2011,21,Andes,Definitivo,19,19,0,0.545432329177856,0.545432329177856,5.5878529548645,2.22065877914429,5.11779546737671,3.05454540252686,6.04363632202148,5,10,0.869565188884735,0.876811623573303,1,1,53,1.04999995231628,19.9499990940094
09,2011-09-22,23080760,,"",SAN ROQUE [23080760],Pluviométrica,Convencional,Activa,Antioquia,San Roque,6.4875,-75.017,820,5/15/1975,,Monchia,Magdalena Cauca,Medio Magdalena,Río Nare,2011,22,Andes,Preliminar,0,0,0,19.7063694000244,19.7063694000244,5.5878529548645,6.30946016311646,14.7796669006348,3.05454540252686,6.04363632202148,5,10,0.869565188884735,0.876811623573303,1,1,53,1.04999995231628,0
09,2013-09-22,23080760,6,Definitivo,SAN ROQUE [23080760],Pluviométrica,Convencional,Activa,Antioquia,San Roque,6.4875,-75.017,820,5/15/1975,,Monchia,Magdalena Cauca,Medio Magdalena,Río Nare,2013,22,Andes,Definitivo,6,6,0,0,0,0,3.67070126533508,0,3.05454540252686,6.04363632202148,5,10,0.869565188884735,0.876811623573303,1,1,53,1.04999995231628,6.29999971389771
09,2017-09-23,23080760,0,Definitivo,SAN ROQUE [23080760],Pluviométrica,Convencional,Activa,Antioquia,San Roque,6.4875,-75.017,820,5/15/1975,,Monchia,Magdalena Cauca,Medio Magdalena,Río Nare,2017,23,Andes,Definitivo,0,0,0,7.4019660949707,7.4019660949707,27.9402828216553,24.4394302368164,51.6241302490234,3.05454540252686,6.04363632202148,5,10,0.869565188884735,0.876811623573303,1,1,53,1.04999995231628,0
09,2017-09-24,23080760,0,Definitivo,SAN ROQUE [23080760],Pluviométrica,Convencional,Activa,Antioquia,San Roque,6.4875,-75.017,820,5/15/1975,,Monchia,Magdalena Cauca,Medio Magdalena,Río Nare,2017,24,Andes,Definitivo,0,0,0,5.41636085510254,5.41636085510254,0,8.52299022674561,0.077862448990345,3.05454540252686,6.04363632202148,5,10,0.869565188884735,0.876811623573303,1,1,53,1.04999995231628,0
09,2019-09-25,23080760,68,Definitivo,SAN ROQUE [23080760],Pluviométrica,Convencional,Activa,Antioquia,San Roque,6.4875,-75.017,820,5/15/1975,,Monchia,Magdalena Cauca,Medio Magdalena,Río Nare,2019,25,Andes,Definitivo,68,68,0,6.53282451629639,6.53282451629639,10.0640554428101,36.4086647033691,16.0184707641602,3.05454540252686,6.04363632202148,5,10,0.869565188884735,0.876811623573303,1,1,53,1.04999995231628,71.3999967575073
09,2020-09-24,23080760,0,Definitivo,SAN ROQUE [23080760],Pluviométrica,Convencional,Activa,Antioquia,San Roque,6.4875,-75.017,820,5/15/1975,,Monchia,Magdalena Cauca,Medio Magdalena,Río Nare,2020,24,Andes,Definitivo,0,0,0,2.47528719902039,2.47528719902039,10.4468479156494,6.15213680267334,14.5057544708252,3.05454540252686,6.04363632202148,5,10,0.869565188884735,0.876811623573303,1,1,53,1.04999995231628,0
09,2022-09-21,23080760,7,Definitivo,SAN ROQUE [23080760],Pluviométrica,Convencional,Activa,Antioquia,San Roque,6.4875,-75.017,820,5/15/1975,,Monchia,Magdalena Cauca,Medio Magdalena,Río Nare,2022,21,Andes,Definitivo,7,7,0,7.55717658996582,7.55717658996582,13.3256454467773,20.9244804382324,2.5540976524353,3.05454540252686,6.04363632202148,5,10,0.869565188884735,0.876811623573303,1,1,53,1.04999995231628,7.34999966621399
09,2021-09-20,23080760,19,Definitivo,SAN ROQUE [23080760],Pluviométrica,Convencional,Activa,Antioquia,San Roque,6.4875,-75.017,820,5/15/1975,,Monchia,Magdalena Cauca,Medio Magdalena,Río Nare,2021,20,Andes,Definitivo,19,19,0,16.3443794250488,16.3443794250488,0,5.59875202178955,1.42497098445892,3.05454540252686,6.04363632202148,5,10,0.869565188884735,0.876811623573303,1,1,52,1.04999995231628,19.9499990940094
09,2022-09-16,23080760,0,Definitivo,SAN ROQUE [23080760],Pluviométrica,Convencional,Activa,Antioquia,San Roque,6.4875,-75.017,820,5/15/1975,,Monchia,Magdalena Cauca,Medio Magdalena,Río Nare,2022,16,Andes,Definitivo,0,0,0,6.48808336257935,6.48808336257935,24.4398498535156,18.7161083221436,28.2644119262695,3.05454540252686,6.04363632202148,5,10,0.869565188884735,0.876811623573303,1,1,52,1.04999995231628,0
09,2020-09-16,23080760,9,Definitivo,SAN ROQUE [23080760],Pluviométrica,Convencional,Activa,Antioquia,San Roque,6.4875,-75.017,820,5/15/1975,,Monchia,Magdalena Cauca,Medio Magdalena,Río Nare,2020,16,Andes,Definitivo,9,9,0,0.980420231819153,0.980420231819153,1.53599405288696,18.6966419219971,17.3764533996582,3.05454540252686,6.04363632202148,5,10,0.869565188884735,0.876811623573303,1,1,52,1.04999995231628,9.44999957084656
09,2020-09-15,23080760,30,Definitivo,SAN ROQUE [23080760],Pluviométrica,Convencional,Activa,Antioquia,San Roque,6.4875,-75.017,820,5/15/1975,,Monchia,Magdalena Cauca,Medio Magdalena,Río Nare,2020,15,Andes,Definitivo,30,30,0,11.5311117172241,11.5311117172241,9.56016159057617,1.93806052207947,4.64772653579712,3.05454540252686,6.04363632202148,5,10,0.869565188884735,0.876811623573303,1,1,51,1.04999995231628,31.4999985694885
09,2022-09-12,23080760,3,Definitivo,SAN ROQUE [23080760],Pluviométrica,Convencional,Activa,Antioquia,San Roque,6.4875,-75.017,820,5/15/1975,,Monchia,Magdalena Cauca,Medio Magdalena,Río Nare,2022,12,Andes,Definitivo,3,3,0,4.41938304901123,4.41938304901123,13.1267137527466,19.0486946105957,20.3258304595947,3.05454540252686,6.04363632202148,5,10,0.869565188884735,0.876811623573303,1,1,51,1.04999995231628,3.14999985694885
09,2019-09-14,23080760,0,Definitivo,SAN ROQUE [23080760],Pluviométrica,Convencional,Activa,Antioquia,San Roque,6.4875,-75.017,820,5/15/1975,,Monchia,Magdalena Cauca,Medio Magdalena,Río Nare,2019,14,Andes,Definitivo,0,0,0,0,0,15.415620803833,31.5011711120606,16.0209941864014,3.05454540252686,6.04363632202148,5,10,0.869565188884735,0.876811623573303,1,1,51,1.04999995231628,0
09,2018-09-15,23080760,28,Definitivo,SAN ROQUE [23080760],Pluviométrica,Convencional,Activa,Antioquia,San Roque,6.4875,-75.017,820,5/15/1975,,Monchia,Magdalena Cauca,Medio Magdalena,Río Nare,2018,15,Andes,Definitivo,28,28,0,22.0201454162598,22.0201454162598,10.0778923034668,44.313102722168,17.5940608978271,3.05454540252686,6.04363632202148,5,10,0.869565188884735,0.876811623573303,1,1,51,1.04999995231628,29.399998664856
09,2018-09-14,23080760,14,Definitivo,SAN ROQUE [23080760],Pluviométrica,Convencional,Activa,Antioquia,San Roque,6.4875,-75.017,820,5/15/1975,,Monchia,Magdalena Cauca,Medio Magdalena,Río Nare,2018,14,Andes,Definitivo,14,14,0,9.14375114440918,9.14375114440918,10.0778923034668,25.9246063232422,23.7284126281738,3.05454540252686,6.04363632202148,5,10,0.869565188884735,0.876811623573303,1,1,51,1.04999995231628,14.699999332428
09,2020-09-10,23080760,10,Definitivo,SAN ROQUE [23080760],Pluviométrica,Convencional,Activa,Antioquia,San Roque,6.4875,-75.017,820,5/15/1975,,Monchia,Magdalena Cauca,Medio Magdalena,Río Nare,2020,10,Andes,Definitivo,10,10,0,3.23744797706604,3.23744797706604,9.81841850280762,7.45745086669922,13.7110795974731,3.05454540252686,6.04363632202148,5,10,0.869565188884735,0.876811623573303,1,1,50,1.04999995231628,10.4999995231628
09,2020-09-09,23080760,22,Definitivo,SAN ROQUE [23080760],Pluviométrica,Convencional,Activa,Antioquia,San Roque,6.4875,-75.017,820,5/15/1975,,Monchia,Magdalena Cauca,Medio Magdalena,Río Nare,2020,09,Andes,Definitivo,22,22,0,5.59898281097412,5.59898281097412,0,3.15057969093323,0.106341987848282,3.05454540252686,6.04363632202148,5,10,0.869565188884735,0.876811623573303,1,1,50,1.04999995231628,23.0999989509583
09,2020-09-08,23080760,24,Definitivo,SAN ROQUE [23080760],Pluviométrica,Convencional,Activa,Antioquia,San Roque,6.4875,-75.017,820,5/15/1975,,Monchia,Magdalena Cauca,Medio Magdalena,Río Nare,2020,08,Andes,Definitivo,24,24,0,27.65305519104,27.65305519104,39.2736740112305,44.2313194274902,31.9211292266846,3.05454540252686,6.04363632202148,5,10,0.869565188884735,0.876811623573303,1,1,50,1.04999995231628,25.1999988555908
09,2022-09-05,23080760,26,Definitivo,SAN ROQUE [23080760],Pluviométrica,Convencional,Activa,Antioquia,San Roque,6.4875,-75.017,820,5/15/1975,,Monchia,Magdalena Cauca,Medio Magdalena,Río Nare,2022,05,Andes,Definitivo,26,26,0,0,0,0,1.81723999977112,0,3.05454540252686,6.04363632202148,5,10,0.869565188884735,0.876811623573303,1,1,49,1.04999995231628,27.2999987602234
09,2022-09-04,23080760,0,Definitivo,SAN ROQUE [23080760],Pluviométrica,Convencional,Activa,Antioquia,San Roque,6.4875,-75.017,820,5/15/1975,,Monchia,Magdalena Cauca,Medio Magdalena,Río Nare,2022,04,Andes,Definitivo,0,0,0,0,0,36.3143844604492,9.57609844207764,29.9545001983643,3.05454540252686,6.04363632202148,5,10,0.869565188884735,0.876811623573303,1,1,49,1.04999995231628,0
09,2022-09-03,23080760,9,Definitivo,SAN ROQUE [23080760],Pluviométrica,Convencional,Activa,Antioquia,San Roque,6.4875,-75.017,820,5/15/1975,,Monchia,Magdalena Cauca,Medio Magdalena,Río Nare,2022,03,Andes,Definitivo,9,9,0,15.150637626648,15.150637626648,0,3.02860260009766,3.34911775588989,3.05454540252686,6.04363632202148,5,10,0.869565188884735,0.876811623573303,1,1,49,1.04999995231628,9.44999957084656
09,2023-09-01,23080760,4,Definitivo,SAN ROQUE [23080760],Pluviométrica,Convencional,Activa,Antioquia,San Roque,6.4875,-75.017,820,5/15/1975,,Monchia,Magdalena Cauca,Medio Magdalena,Río Nare,2023,01,Andes,Definitivo,4,4,0,0,0,0,0.087527260184288,0.143828511238098,3.05454540252686,6.04363632202148,5,10,0.869565188884735,0.876811623573303,1,1,49,1.04999995231628,4.19999980926514
09,2013-09-06,23080760,40,Definitivo,SAN ROQUE [23080760],Pluviométrica,Convencional,Activa,Antioquia,San Roque,6.4875,-75.017,820,5/15/1975,,Monchia,Magdalena Cauca,Medio Magdalena,Río Nare,2013,06,Andes,Definitivo,40,40,0,4.67470932006836,4.67470932006836,27.889949798584,15.370964050293,46.1523208618164,3.05454540252686,6.04363632202148,5,10,0.869565188884735,0.876811623573303,1,1,50,1.04999995231628,41.9999980926514
09,2015-09-07,23080760,7,Definitivo,SAN ROQUE [23080760],Pluviométrica,Convencional,Activa,Antioquia,San Roque,6.4875,-75.017,820,5/15/1975,,Monchia,Magdalena Cauca,Medio Magdalena,Río Nare,2015,07,Andes,Definitivo,7,7,0,6.28008222579956,6.28008222579956,4.72704410552979,3.38686513900757,1.30703115463257,3.05454540252686,6.04363632202148,5,10,0.869565188884735,0.876811623573303,1,1,50,1.04999995231628,7.34999966621399
09,2003-09-12,23080760,0,Definitivo,SAN ROQUE [23080760],Pluviométrica,Convencional,Activa,Antioquia,San Roque,6.4875,-75.017,820,5/15/1975,,Monchia,Magdalena Cauca,Medio Magdalena,Río Nare,2003,12,Andes,Definitivo,0,0,0,12.5494775772095,12.5494775772095,0,4.65549087524414,0.583218991756439,3.05454540252686,6.04363632202148,5,10,0.869565188884735,0.876811623573303,1,1,51,1.04999995231628,0
09,2001-09-12,23080760,20,Definitivo,SAN ROQUE [23080760],Pluviométrica,Convencional,Activa,Antioquia,San Roque,6.4875,-75.017,820,5/15/1975,,Monchia,Magdalena Cauca,Medio Magdalena,Río Nare,2001,12,Andes,Definitivo,20,20,0,21.8622646331787,21.8622646331787,20.5614109039307,20.1750640869141,42.9455909729004,3.05454540252686,6.04363632202148,5,10,0.869565188884735,0.876811623573303,1,1,51,1.04999995231628,20.9999990463257
09,2001-09-09,23080760,0,Definitivo,SAN ROQUE [23080760],Pluviométrica,Convencional,Activa,Antioquia,San Roque,6.4875,-75.017,820,5/15/1975,,Monchia,Magdalena Cauca,Medio Magdalena,Río Nare,2001,09,Andes,Definitivo,0,0,0,11.726936340332,11.726936340332,11.608060836792,14.2315130233765,12.4007177352905,3.05454540252686,6.04363632202148,5,10,0.869565188884735,0.876811623573303,1,1,50,1.04999995231628,0
09,2003-09-07,23080760,2,Definitivo,SAN ROQUE [23080760],Pluviométrica,Convencional,Activa,Antioquia,San Roque,6.4875,-75.017,820,5/15/1975,,Monchia,Magdalena Cauca,Medio Magdalena,Río Nare,2003,07,Andes,Definitivo,2,2,0,17.0492763519287,17.0492763519287,0,12.1366472244263,4.07279586791992,3.05454540252686,6.04363632202148,5,10,0.869565188884735,0.876811623573303,1,1,50,1.04999995231628,2.09999990463257
09,2001-09-07,23080760,3,Definitivo,SAN ROQUE [23080760],Pluviométrica,Convencional,Activa,Antioquia,San Roque,6.4875,-75.017,820,5/15/1975,,Monchia,Magdalena Cauca,Medio Magdalena,Río Nare,2001,07,Andes,Definitivo,3,3,0,0.602706015110016,0.602706015110016,11.608060836792,22.9474258422852,38.1364097595215,3.05454540252686,6.04363632202148,5,10,0.869565188884735,0.876811623573303,1,1,50,1.04999995231628,3.14999985694885
09,2001-09-05,23080760,19,Definitivo,SAN ROQUE [23080760],Pluviométrica,Convencional,Activa,Antioquia,San Roque,6.4875,-75.017,820,5/15/1975,,Monchia,Magdalena Cauca,Medio Magdalena,Río Nare,2001,05,Andes,Definitivo,19,19,0,23.1606616973877,23.1606616973877,12.4383411407471,27.4399509429932,9.23672485351562,3.05454540252686,6.04363632202148,5,10,0.869565188884735,0.876811623573303,1,1,49,1.04999995231628,19.9499990940094
09,2003-09-02,23080760,0,Definitivo,SAN ROQUE [23080760],Pluviométrica,Convencional,Activa,Antioquia,San Roque,6.4875,-75.017,820,5/15/1975,,Monchia,Magdalena Cauca,Medio Magdalena,Río Nare,2003,02,Andes,Definitivo,0,0,0,15.4508991241455,15.4508991241455,11.5229511260986,3.19852018356323,1.01890814304352,3.05454540252686,6.04363632202148,5,10,0.869565188884735,0.876811623573303,1,1,49,1.04999995231628,0
09,2002-09-05,23080760,0,Definitivo,SAN ROQUE [23080760],Pluviométrica,Convencional,Activa,Antioquia,San Roque,6.4875,-75.017,820,5/15/1975,,Monchia,Magdalena Cauca,Medio Magdalena,Río Nare,2002,05,Andes,Definitivo,0,0,0,6.81095504760742,6.81095504760742,27.0241966247559,21.7871570587158,16.7766208648682,3.05454540252686,6.04363632202148,5,10,0.869565188884735,0.876811623573303,1,1,49,1.04999995231628,0
09,2006-09-06,23080760,25,Definitivo,SAN ROQUE [23080760],Pluviométrica,Convencional,Activa,Antioquia,San Roque,6.4875,-75.017,820,5/15/1975,,Monchia,Magdalena Cauca,Medio Magdalena,Río Nare,2006,06,Andes,Definitivo,25,25,0,0,0,12.0429372787476,15.5856552124023,12.4330167770386,3.05454540252686,6.04363632202148,5,10,0.869565188884735,0.876811623573303,1,1,50,1.04999995231628,26.2499988079071
09,2009-09-04,23080760,0,Definitivo,SAN ROQUE [23080760],Pluviométrica,Convencional,Activa,Antioquia,San Roque,6.4875,-75.017,820,5/15/1975,,Monchia,Magdalena Cauca,Medio Magdalena,Río Nare,2009,04,Andes,Definitivo,0,0,0,4.13247013092041,4.13247013092041,19.8382625579834,13.0020799636841,39.5356101989746,3.05454540252686,6.04363632202148,5,10,0.869565188884735,0.876811623573303,1,1,49,1.04999995231628,0
09,2009-09-05,23080760,,"",SAN ROQUE [23080760],Pluviométrica,Convencional,Activa,Antioquia,San Roque,6.4875,-75.017,820,5/15/1975,,Monchia,Magdalena Cauca,Medio Magdalena,Río Nare,2009,05,Andes,Preliminar,0,0,0,5.46944665908814,5.46944665908814,0,7.00403833389282,0.442947953939438,3.05454540252686,6.04363632202148,5,10,0.869565188884735,0.876811623573303,1,1,49,1.04999995231628,0
09,2021-09-17,23080760,0,Definitivo,SAN ROQUE [23080760],Pluviométrica,Convencional,Activa,Antioquia,San Roque,6.4875,-75.017,820,5/15/1975,,Monchia,Magdalena Cauca,Medio Magdalena,Río Nare,2021,17,Andes,Definitivo,0,0,0,3.39611434936523,3.39611434936523,0,5.59875202178955,0,3.05454540252686,6.04363632202148,5,10,0.869565188884735,0.876811623573303,1,1,52,1.04999995231628,0
09,2022-09-15,23080760,68,Definitivo,SAN ROQUE [23080760],Pluviométrica,Convencional,Activa,Antioquia,San Roque,6.4875,-75.017,820,5/15/1975,,Monchia,Magdalena Cauca,Medio Magdalena,Río Nare,2022,15,Andes,Definitivo,68,68,0,5.73652219772339,5.73652219772339,13.1267137527466,10.5303916931152,1.93963074684143,3.05454540252686,6.04363632202148,5,10,0.869565188884735,0.876811623573303,1,1,51,1.04999995231628,71.3999967575073
09,2015-09-08,23080760,,"",SAN ROQUE [23080760],Pluviométrica,Convencional,Activa,Antioquia,San Roque,6.4875,-75.017,820,5/15/1975,,Monchia,Magdalena Cauca,Medio Magdalena,Río Nare,2015,08,Andes,Preliminar,0,0,0,22.2700958251953,22.2700958251953,9.45408821105957,1.23971343040466,26.0260143280029,3.05454540252686,6.04363632202148,5,10,0.869565188884735,0.876811623573303,1,1,50,1.04999995231628,0
09,2013-09-14,23080760,14,Definitivo,SAN ROQUE [23080760],Pluviométrica,Convencional,Activa,Antioquia,San Roque,6.4875,-75.017,820,5/15/1975,,Monchia,Magdalena Cauca,Medio Magdalena,Río Nare,2013,14,Andes,Definitivo,14,14,0,4.21819972991943,4.21819972991943,5.7989501953125,8.71547222137451,0.206370666623116,3.05454540252686,6.04363632202148,5,10,0.869565188884735,0.876811623573303,1,1,51,1.04999995231628,14.699999332428
09,2012-09-17,23080760,33,Definitivo,SAN ROQUE [23080760],Pluviométrica,Convencional,Activa,Antioquia,San Roque,6.4875,-75.017,820,5/15/1975,,Monchia,Magdalena Cauca,Medio Magdalena,Río Nare,2012,17,Andes,Definitivo,33,33,0,10.075608253479,10.075608253479,23.6232376098633,10.0330362319946,30.9748706817627,3.05454540252686,6.04363632202148,5,10,0.869565188884735,0.876811623573303,1,1,52,1.04999995231628,34.6499984264374
09,2012-09-18,23080760,37,Definitivo,SAN ROQUE [23080760],Pluviométrica,Convencional,Activa,Antioquia,San Roque,6.4875,-75.017,820,5/15/1975,,Monchia,Magdalena Cauca,Medio Magdalena,Río Nare,2012,18,Andes,Definitivo,37,37,0,9.61232280731201,9.61232280731201,23.6232376098633,57.2673263549805,19.9854698181152,3.05454540252686,6.04363632202148,5,10,0.869565188884735,0.876811623573303,1,1,52,1.04999995231628,38.8499982357025
09,2012-09-19,23080760,5,Definitivo,SAN ROQUE [23080760],Pluviométrica,Convencional,Activa,Antioquia,San Roque,6.4875,-75.017,820,5/15/1975,,Monchia,Magdalena Cauca,Medio Magdalena,Río Nare,2012,19,Andes,Definitivo,5,5,0,9.87910556793213,9.87910556793213,15.7488260269165,12.3457870483398,48.0074043273926,3.05454540252686,6.04363632202148,5,10,0.869565188884735,0.876811623573303,1,1,52,1.04999995231628,5.24999976158142
09,2016-09-20,23080760,71,Definitivo,SAN ROQUE [23080760],Pluviométrica,Convencional,Activa,Antioquia,San Roque,6.4875,-75.017,820,5/15/1975,,Monchia,Magdalena Cauca,Medio Magdalena,Río Nare,2016,20,Andes,Definitivo,71,71,0,0,0,0,0.512014865875244,0.0197669230401516,3.05454540252686,6.04363632202148,5,10,0.869565188884735,0.876811623573303,1,1,52,1.04999995231628,74.5499966144562
09,2015-09-24,23080760,0,Definitivo,SAN ROQUE [23080760],Pluviométrica,Convencional,Activa,Antioquia,San Roque,6.4875,-75.017,820,5/15/1975,,Monchia,Magdalena Cauca,Medio Magdalena,Río Nare,2015,24,Andes,Definitivo,0,0,0,0,0,11.2808027267456,9.23197269439697,20.625358581543,3.05454540252686,6.04363632202148,5,10,0.869565188884735,0.876811623573303,1,1,53,1.04999995231628,0
09,2015-09-25,23080760,0,Definitivo,SAN ROQUE [23080760],Pluviométrica,Convencional,Activa,Antioquia,San Roque,6.4875,-75.017,820,5/15/1975,,Monchia,Magdalena Cauca,Medio Magdalena,Río Nare,2015,25,Andes,Definitivo,0,0,0,0,0,3.76026749610901,7.13865756988525,0.167314007878304,3.05454540252686,6.04363632202148,5,10,0.869565188884735,0.876811623573303,1,1,53,1.04999995231628,0
09,2022-09-23,23080760,37,Definitivo,SAN ROQUE [23080760],Pluviométrica,Convencional,Activa,Antioquia,San Roque,6.4875,-75.017,820,5/15/1975,,Monchia,Magdalena Cauca,Medio Magdalena,Río Nare,2022,23,Andes,Definitivo,37,37,0,8.07184886932373,8.07184886932373,0,8.68159484863281,17.6045532226563,3.05454540252686,6.04363632202148,5,10,0.869565188884735,0.876811623573303,1,1,53,1.04999995231628,38.8499982357025
09,2018-09-25,23080760,4,Definitivo,SAN ROQUE [23080760],Pluviométrica,Convencional,Activa,Antioquia,San Roque,6.4875,-75.017,820,5/15/1975,,Monchia,Magdalena Cauca,Medio Magdalena,Río Nare,2018,25,Andes,Definitivo,4,4,0,0,0,0,1.97685098648071,0.0284257978200913,3.05454540252686,6.04363632202148,5,10,0.869565188884735,0.876811623573303,1,1,53,1.04999995231628,4.19999980926514
09,2020-09-21,23080760,15,Definitivo,SAN ROQUE [23080760],Pluviométrica,Convencional,Activa,Antioquia,San Roque,6.4875,-75.017,820,5/15/1975,,Monchia,Magdalena Cauca,Medio Magdalena,Río Nare,2020,21,Andes,Definitivo,15,15,0,32.561164855957,32.561164855957,5.22342395782471,14.02161693573,11.2961750030518,3.05454540252686,6.04363632202148,5,10,0.869565188884735,0.876811623573303,1,1,53,1.04999995231628,15.7499992847443
09,2007-09-05,23080760,,"",SAN ROQUE [23080760],Pluviométrica,Convencional,Activa,Antioquia,San Roque,6.4875,-75.017,820,5/15/1975,,Monchia,Magdalena Cauca,Medio Magdalena,Río Nare,2007,05,Andes,Preliminar,0,0,0,9.74209117889404,9.74209117889404,5.98317241668701,14.6931295394897,0.795530617237091,3.05454540252686,6.04363632202148,5,10,0.869565188884735,0.876811623573303,1,1,49,1.04999995231628,0
09,2008-09-08,23080760,,"",SAN ROQUE [23080760],Pluviométrica,Convencional,Activa,Antioquia,San Roque,6.4875,-75.017,820,5/15/1975,,Monchia,Magdalena Cauca,Medio Magdalena,Río Nare,2008,08,Andes,Preliminar,0,0,0,8.80638217926025,8.80638217926025,11.358359336853,3.32455706596375,10.874942779541,3.05454540252686,6.04363632202148,5,10,0.869565188884735,0.876811623573303,1,1,50,1.04999995231628,0
09,2018-09-19,23080760,16,Definitivo,SAN ROQUE [23080760],Pluviométrica,Convencional,Activa,Antioquia,San Roque,6.4875,-75.017,820,5/15/1975,,Monchia,Magdalena Cauca,Medio Magdalena,Río Nare,2018,19,Andes,Definitivo,16,16,0,0,0,18.241340637207,18.942907333374,14.846715927124,3.05454540252686,6.04363632202148,5,10,0.869565188884735,0.876811623573303,1,1,52,1.04999995231628,16.7999992370605
09,2018-09-16,23080760,0,Definitivo,SAN ROQUE [23080760],Pluviométrica,Convencional,Activa,Antioquia,San Roque,6.4875,-75.017,820,5/15/1975,,Monchia,Magdalena Cauca,Medio Magdalena,Río Nare,2018,16,Andes,Definitivo,0,0,0,27.3265419006348,27.3265419006348,18.241340637207,35.9378395080566,15.6877365112305,3.05454540252686,6.04363632202148,5,10,0.869565188884735,0.876811623573303,1,1,52,1.04999995231628,0
09,2020-09-14,23080760,1,Definitivo,SAN ROQUE [23080760],Pluviométrica,Convencional,Activa,Antioquia,San Roque,6.4875,-75.017,820,5/15/1975,,Monchia,Magdalena Cauca,Medio Magdalena,Río Nare,2020,14,Andes,Definitivo,1,1,0,0,0,0,6.36099290847778,0.00994493067264557,3.05454540252686,6.04363632202148,5,10,0.869565188884735,0.876811623573303,1,1,51,1.04999995231628,1.04999995231628
09,2017-09-16,23080760,16,Definitivo,SAN ROQUE [23080760],Pluviométrica,Convencional,Activa,Antioquia,San Roque,6.4875,-75.017,820,5/15/1975,,Monchia,Magdalena Cauca,Medio Magdalena,Río Nare,2017,16,Andes,Definitivo,16,16,0,18.4990730285645,18.4990730285645,12.4442510604858,19.7443084716797,14.8195867538452,3.05454540252686,6.04363632202148,5,10,0.869565188884735,0.876811623573303,1,1,52,1.04999995231628,16.7999992370605
09,2017-09-15,23080760,19,Definitivo,SAN ROQUE [23080760],Pluviométrica,Convencional,Activa,Antioquia,San Roque,6.4875,-75.017,820,5/15/1975,,Monchia,Magdalena Cauca,Medio Magdalena,Río Nare,2017,15,Andes,Definitivo,19,19,0,2.01639032363892,2.01639032363892,42.1766090393066,34.4096908569336,54.1162528991699,3.05454540252686,6.04363632202148,5,10,0.869565188884735,0.876811623573303,1,1,51,1.04999995231628,19.9499990940094
09,2019-09-12,23080760,36,Definitivo,SAN ROQUE [23080760],Pluviométrica,Convencional,Activa,Antioquia,San Roque,6.4875,-75.017,820,5/15/1975,,Monchia,Magdalena Cauca,Medio Magdalena,Río Nare,2019,12,Andes,Definitivo,36,36,0,27.936222076416,27.936222076416,15.415620803833,38.2610740661621,0.703898072242737,3.05454540252686,6.04363632202148,5,10,0.869565188884735,0.876811623573303,1,1,51,1.04999995231628,37.7999982833862
09,2019-09-11,23080760,12,Definitivo,SAN ROQUE [23080760],Pluviométrica,Convencional,Activa,Antioquia,San Roque,6.4875,-75.017,820,5/15/1975,,Monchia,Magdalena Cauca,Medio Magdalena,Río Nare,2019,11,Andes,Definitivo,12,12,0,19.4519863128662,19.4519863128662,23.1234321594238,7.00050926208496,8.40031719207764,3.05454540252686,6.04363632202148,5,10,0.869565188884735,0.876811623573303,1,1,51,1.04999995231628,12.5999994277954
09,2019-09-10,23080760,1,Definitivo,SAN ROQUE [23080760],Pluviométrica,Convencional,Activa,Antioquia,San Roque,6.4875,-75.017,820,5/15/1975,,Monchia,Magdalena Cauca,Medio Magdalena,Río Nare,2019,10,Andes,Definitivo,1,1,0,30.0412483215332,30.0412483215332,3.57731103897095,12.905933380127,2.41710901260376,3.05454540252686,6.04363632202148,5,10,0.869565188884735,0.876811623573303,1,1,50,1.04999995231628,1.04999995231628
09,2021-09-06,23080760,65,Definitivo,SAN ROQUE [23080760],Pluviométrica,Convencional,Activa,Antioquia,San Roque,6.4875,-75.017,820,5/15/1975,,Monchia,Magdalena Cauca,Medio Magdalena,Río Nare,2021,06,Andes,Definitivo,65,65,0,7.10731887817383,7.10731887817383,0,6.73155832290649,5.6084680557251,3.05454540252686,6.04363632202148,5,10,0.869565188884735,0.876811623573303,1,1,50,1.04999995231628,68.2499969005585
09,2021-09-05,23080760,20,Definitivo,SAN ROQUE [23080760],Pluviométrica,Convencional,Activa,Antioquia,San Roque,6.4875,-75.017,820,5/15/1975,,Monchia,Magdalena Cauca,Medio Magdalena,Río Nare,2021,05,Andes,Definitivo,20,20,0,2.92591953277588,2.92591953277588,10.7377138137817,14.5457763671875,36.5530014038086,3.05454540252686,6.04363632202148,5,10,0.869565188884735,0.876811623573303,1,1,49,1.04999995231628,20.9999990463257
09,2020-09-02,23080760,0,Definitivo,SAN ROQUE [23080760],Pluviométrica,Convencional,Activa,Antioquia,San Roque,6.4875,-75.017,820,5/15/1975,,Monchia,Magdalena Cauca,Medio Magdalena,Río Nare,2020,02,Andes,Definitivo,0,0,0,18.7231006622314,18.7231006622314,48.2521095275879,48.4451522827149,47.4296760559082,3.05454540252686,6.04363632202148,5,10,0.869565188884735,0.876811623573303,1,1,49,1.04999995231628,0
09,2022-09-20,23080760,16,Definitivo,SAN ROQUE [23080760],Pluviométrica,Convencional,Activa,Antioquia,San Roque,6.4875,-75.017,820,5/15/1975,,Monchia,Magdalena Cauca,Medio Magdalena,Río Nare,2022,20,Andes,Definitivo,16,16,0,33.8453941345215,33.8453941345215,0,15.8446884155273,1.46883237361908,3.05454540252686,6.04363632202148,5,10,0.869565188884735,0.876811623573303,1,1,52,1.04999995231628,16.7999992370605
09,2022-09-18,23080760,74,Definitivo,SAN ROQUE [23080760],Pluviométrica,Convencional,Activa,Antioquia,San Roque,6.4875,-75.017,820,5/15/1975,,Monchia,Magdalena Cauca,Medio Magdalena,Río Nare,2022,18,Andes,Definitivo,74,74,0,5.31021070480347,5.31021070480347,8.14661693572998,15.1970119476318,2.52030062675476,3.05454540252686,6.04363632202148,5,10,0.869565188884735,0.876811623573303,1,1,52,1.04999995231628,77.699996471405
09,2011-09-07,23080760,0,Definitivo,SAN ROQUE [23080760],Pluviométrica,Convencional,Activa,Antioquia,San Roque,6.4875,-75.017,820,5/15/1975,,Monchia,Magdalena Cauca,Medio Magdalena,Río Nare,2011,07,Andes,Definitivo,0,0,0,5.38289880752564,5.38289880752564,24.3948421478272,3.23441672325134,41.5207443237305,3.05454540252686,6.04363632202148,5,10,0.869565188884735,0.876811623573303,1,1,50,1.04999995231628,0
09,2013-09-07,23080760,,"",SAN ROQUE [23080760],Pluviométrica,Convencional,Activa,Antioquia,San Roque,6.4875,-75.017,820,5/15/1975,,Monchia,Magdalena Cauca,Medio Magdalena,Río Nare,2013,07,Andes,Preliminar,0,0,0,26.5706443786621,26.5706443786621,27.889949798584,33.9770126342773,18.6562824249268,3.05454540252686,6.04363632202148,5,10,0.869565188884735,0.876811623573303,1,1,50,1.04999995231628,0
09,2014-09-11,23080760,5,Definitivo,SAN ROQUE [23080760],Pluviométrica,Convencional,Activa,Antioquia,San Roque,6.4875,-75.017,820,5/15/1975,,Monchia,Magdalena Cauca,Medio Magdalena,Río Nare,2014,11,Andes,Definitivo,5,5,0,5.91644906997681,5.91644906997681,10.1705636978149,16.7011337280273,20.8820533752441,3.05454540252686,6.04363632202148,5,10,0.869565188884735,0.876811623573303,1,1,51,1.04999995231628,5.24999976158142
09,2014-09-12,23080760,26,Definitivo,SAN ROQUE [23080760],Pluviométrica,Convencional,Activa,Antioquia,San Roque,6.4875,-75.017,820,5/15/1975,,Monchia,Magdalena Cauca,Medio Magdalena,Río Nare,2014,12,Andes,Definitivo,26,26,0,41.5497589111328,41.5497589111328,20.3411273956299,49.9150695800781,8.74021816253662,3.05454540252686,6.04363632202148,5,10,0.869565188884735,0.876811623573303,1,1,51,1.04999995231628,27.2999987602234
09,2013-09-15,23080760,0,Definitivo,SAN ROQUE [23080760],Pluviométrica,Convencional,Activa,Antioquia,San Roque,6.4875,-75.017,820,5/15/1975,,Monchia,Magdalena Cauca,Medio Magdalena,Río Nare,2013,15,Andes,Definitivo,0,0,0,2.83946132659912,2.83946132659912,11.597900390625,6.26832246780396,7.35632038116455,3.05454540252686,6.04363632202148,5,10,0.869565188884735,0.876811623573303,1,1,51,1.04999995231628,0
09,2001-09-06,23080760,14,Definitivo,SAN ROQUE [23080760],Pluviométrica,Convencional,Activa,Antioquia,San Roque,6.4875,-75.017,820,5/15/1975,,Monchia,Magdalena Cauca,Medio Magdalena,Río Nare,2001,06,Andes,Definitivo,14,14,0,0,0,11.608060836792,5.99399042129517,11.5877256393433,3.05454540252686,6.04363632202148,5,10,0.869565188884735,0.876811623573303,1,1,50,1.04999995231628,14.699999332428
09,2003-09-04,23080760,26,Definitivo,SAN ROQUE [23080760],Pluviométrica,Convencional,Activa,Antioquia,San Roque,6.4875,-75.017,820,5/15/1975,,Monchia,Magdalena Cauca,Medio Magdalena,Río Nare,2003,04,Andes,Definitivo,26,26,0,0,0,10.0825824737549,26.3256607055664,25.2501525878906,3.05454540252686,6.04363632202148,5,10,0.869565188884735,0.876811623573303,1,1,49,1.04999995231628,27.2999987602234
09,2001-09-04,23080760,8,Definitivo,SAN ROQUE [23080760],Pluviométrica,Convencional,Activa,Antioquia,San Roque,6.4875,-75.017,820,5/15/1975,,Monchia,Magdalena Cauca,Medio Magdalena,Río Nare,2001,04,Andes,Definitivo,8,8,0,14.6553316116333,14.6553316116333,18.6575107574463,11.8590230941772,1.17607188224792,3.05454540252686,6.04363632202148,5,10,0.869565188884735,0.876811623573303,1,1,49,1.04999995231628,8.39999961853027
09,2001-09-02,23080760,10,Definitivo,SAN ROQUE [23080760],Pluviométrica,Convencional,Activa,Antioquia,San Roque,6.4875,-75.017,820,5/15/1975,,Monchia,Magdalena Cauca,Medio Magdalena,Río Nare,2001,02,Andes,Definitivo,10,10,0,0.348936527967453,0.348936527967453,24.8766822814941,27.8484210968018,51.6841888427734,3.05454540252686,6.04363632202148,5,10,0.869565188884735,0.876811623573303,1,1,49,1.04999995231628,10.4999995231628
09,2002-09-06,23080760,32,Definitivo,SAN ROQUE [23080760],Pluviométrica,Convencional,Activa,Antioquia,San Roque,6.4875,-75.017,820,5/15/1975,,Monchia,Magdalena Cauca,Medio Magdalena,Río Nare,2002,06,Andes,Definitivo,32,32,0,0,0,0,25.4429035186768,0.716714978218079,3.05454540252686,6.04363632202148,5,10,0.869565188884735,0.876811623573303,1,1,50,1.04999995231628,33.5999984741211
09,2007-09-04,23080760,,"",SAN ROQUE [23080760],Pluviométrica,Convencional,Activa,Antioquia,San Roque,6.4875,-75.017,820,5/15/1975,,Monchia,Magdalena Cauca,Medio Magdalena,Río Nare,2007,04,Andes,Preliminar,0,0,0,3.30383992195129,3.30383992195129,0,10.6118879318237,11.0714292526245,3.05454540252686,6.04363632202148,5,10,0.869565188884735,0.876811623573303,1,1,49,1.04999995231628,0
09,2006-09-01,23080760,0,Definitivo,SAN ROQUE [23080760],Pluviométrica,Convencional,Activa,Antioquia,San Roque,6.4875,-75.017,820,5/15/1975,,Monchia,Magdalena Cauca,Medio Magdalena,Río Nare,2006,01,Andes,Definitivo,0,0,0,4.03142166137695,4.03142166137695,6.52493286132813,6.19823932647705,3.50306963920593,3.05454540252686,6.04363632202148,5,10,0.869565188884735,0.876811623573303,1,1,49,1.04999995231628,0
09,2005-09-04,23080760,,"",SAN ROQUE [23080760],Pluviométrica,Convencional,Activa,Antioquia,San Roque,6.4875,-75.017,820,5/15/1975,,Monchia,Magdalena Cauca,Medio Magdalena,Río Nare,2005,04,Andes,Preliminar,0,0,0,0.824842095375061,0.824842095375061,0,11.8938455581665,0.697397768497467,3.05454540252686,6.04363632202148,5,10,0.869565188884735,0.876811623573303,1,1,49,1.04999995231628,0
09,2020-09-18,23080760,101,Definitivo,SAN ROQUE [23080760],Pluviométrica,Convencional,Activa,Antioquia,San Roque,6.4875,-75.017,820,5/15/1975,,Monchia,Magdalena Cauca,Medio Magdalena,Río Nare,2020,18,Andes,Definitivo,101,101,0,13.3220129013062,13.3220129013062,20.8711853027344,24.8997211456299,15.6888446807861,3.05454540252686,6.04363632202148,5,10,0.869565188884735,0.876811623573303,1,1,52,1.04999995231628,106.049995183945
09,2020-09-17,23080760,20,Definitivo,SAN ROQUE [23080760],Pluviométrica,Convencional,Activa,Antioquia,San Roque,6.4875,-75.017,820,5/15/1975,,Monchia,Magdalena Cauca,Medio Magdalena,Río Nare,2020,17,Andes,Definitivo,20,20,0,6.40949535369873,6.40949535369873,10.041558265686,9.02372264862061,1.53092885017395,3.05454540252686,6.04363632202148,5,10,0.869565188884735,0.876811623573303,1,1,52,1.04999995231628,20.9999990463257
09,2019-09-17,23080760,4,Definitivo,SAN ROQUE [23080760],Pluviométrica,Convencional,Activa,Antioquia,San Roque,6.4875,-75.017,820,5/15/1975,,Monchia,Magdalena Cauca,Medio Magdalena,Río Nare,2019,17,Andes,Definitivo,4,4,0,11.4870738983154,11.4870738983154,6.06947565078735,2.20203828811646,1.56913888454437,3.05454540252686,6.04363632202148,5,10,0.869565188884735,0.876811623573303,1,1,52,1.04999995231628,4.19999980926514
09,2019-09-16,23080760,0,Definitivo,SAN ROQUE [23080760],Pluviométrica,Convencional,Activa,Antioquia,San Roque,6.4875,-75.017,820,5/15/1975,,Monchia,Magdalena Cauca,Medio Magdalena,Río Nare,2019,16,Andes,Definitivo,0,0,0,2.01858448982239,2.01858448982239,18.2084274291992,2.44839477539063,19.9019203186035,3.05454540252686,6.04363632202148,5,10,0.869565188884735,0.876811623573303,1,1,52,1.04999995231628,0
09,2019-09-15,23080760,16,Definitivo,SAN ROQUE [23080760],Pluviométrica,Convencional,Activa,Antioquia,San Roque,6.4875,-75.017,820,5/15/1975,,Monchia,Magdalena Cauca,Medio Magdalena,Río Nare,2019,15,Andes,Definitivo,16,16,0,9.498291015625,9.498291015625,7.7078104019165,4.02079391479492,3.21648955345154,3.05454540252686,6.04363632202148,5,10,0.869565188884735,0.876811623573303,1,1,51,1.04999995231628,16.7999992370605
09,2013-09-16,23080760,,"",SAN ROQUE [23080760],Pluviométrica,Convencional,Activa,Antioquia,San Roque,6.4875,-75.017,820,5/15/1975,,Monchia,Magdalena Cauca,Medio Magdalena,Río Nare,2013,16,Andes,Preliminar,0,0,0,1.3313205242157,1.3313205242157,8.50817680358887,6.15574645996094,19.0565643310547,3.05454540252686,6.04363632202148,5,10,0.869565188884735,0.876811623573303,1,1,52,1.04999995231628,0
09,2014-09-20,23080760,62,Definitivo,SAN ROQUE [23080760],Pluviométrica,Convencional,Activa,Antioquia,San Roque,6.4875,-75.017,820,5/15/1975,,Monchia,Magdalena Cauca,Medio Magdalena,Río Nare,2014,20,Andes,Definitivo,62,62,0,17.179536819458,17.179536819458,17.8534736633301,29.0501728057861,51.6277122497559,3.05454540252686,6.04363632202148,5,10,0.869565188884735,0.876811623573303,1,1,52,1.04999995231628,65.0999970436096
09,2014-09-21,23080760,6,Definitivo,SAN ROQUE [23080760],Pluviométrica,Convencional,Activa,Antioquia,San Roque,6.4875,-75.017,820,5/15/1975,,Monchia,Magdalena Cauca,Medio Magdalena,Río Nare,2014,21,Andes,Definitivo,6,6,0,7.26168251037598,7.26168251037598,20.2350521087646,20.364538192749,29.3969612121582,3.05454540252686,6.04363632202148,5,10,0.869565188884735,0.876811623573303,1,1,53,1.04999995231628,6.29999971389771
09,2016-09-21,23080760,5,Definitivo,SAN ROQUE [23080760],Pluviométrica,Convencional,Activa,Antioquia,San Roque,6.4875,-75.017,820,5/15/1975,,Monchia,Magdalena Cauca,Medio Magdalena,Río Nare,2016,21,Andes,Definitivo,5,5,0,0,0,22.2582302093506,38.180477142334,20.5017490386963,3.05454540252686,6.04363632202148,5,10,0.869565188884735,0.876811623573303,1,1,53,1.04999995231628,5.24999976158142
09,2020-09-22,23080760,19,Definitivo,SAN ROQUE [23080760],Pluviométrica,Convencional,Activa,Antioquia,San Roque,6.4875,-75.017,820,5/15/1975,,Monchia,Magdalena Cauca,Medio Magdalena,Río Nare,2020,22,Andes,Definitivo,19,19,0,0.995365798473358,0.995365798473358,10.4468479156494,13.4849004745483,7.8394627571106,3.05454540252686,6.04363632202148,5,10,0.869565188884735,0.876811623573303,1,1,53,1.04999995231628,19.9499990940094
09,2020-09-23,23080760,16,Definitivo,SAN ROQUE [23080760],Pluviométrica,Convencional,Activa,Antioquia,San Roque,6.4875,-75.017,820,5/15/1975,,Monchia,Magdalena Cauca,Medio Magdalena,Río Nare,2020,23,Andes,Definitivo,16,16,0,6.72338199615479,6.72338199615479,10.4468479156494,19.2918472290039,21.9448223114014,3.05454540252686,6.04363632202148,5,10,0.869565188884735,0.876811623573303,1,1,53,1.04999995231628,16.7999992370605
09,2018-09-23,23080760,0,Definitivo,SAN ROQUE [23080760],Pluviométrica,Convencional,Activa,Antioquia,San Roque,6.4875,-75.017,820,5/15/1975,,Monchia,Magdalena Cauca,Medio Magdalena,Río Nare,2018,23,Andes,Definitivo,0,0,0,0,0,0,18.453893661499,0,3.05454540252686,6.04363632202148,5,10,0.869565188884735,0.876811623573303,1,1,53,1.04999995231628,0
09,2018-09-24,23080760,0,Definitivo,SAN ROQUE [23080760],Pluviométrica,Convencional,Activa,Antioquia,San Roque,6.4875,-75.017,820,5/15/1975,,Monchia,Magdalena Cauca,Medio Magdalena,Río Nare,2018,24,Andes,Definitivo,0,0,0,0.147545203566551,0.147545203566551,12.8256120681763,10.9852523803711,12.0544967651367,3.05454540252686,6.04363632202148,5,10,0.869565188884735,0.876811623573303,1,1,53,1.04999995231628,0
09,2007-09-06,23080760,42,Definitivo,SAN ROQUE [23080760],Pluviométrica,Convencional,Activa,Antioquia,San Roque,6.4875,-75.017,820,5/15/1975,,Monchia,Magdalena Cauca,Medio Magdalena,Río Nare,2007,06,Andes,Definitivo,42,42,0,0,0,0,6.57687091827393,0.561370074748993,3.05454540252686,6.04363632202148,5,10,0.869565188884735,0.876811623573303,1,1,50,1.04999995231628,44.0999979972839
09,2012-09-03,23080760,0,Definitivo,SAN ROQUE [23080760],Pluviométrica,Convencional,Activa,Antioquia,San Roque,6.4875,-75.017,820,5/15/1975,,Monchia,Magdalena Cauca,Medio Magdalena,Río Nare,2012,03,Andes,Definitivo,0,0,0,4.9223575592041,4.9223575592041,12.7185802459717,4.98175811767578,20.4341373443604,3.05454540252686,6.04363632202148,5,10,0.869565188884735,0.876811623573303,1,1,49,1.04999995231628,0
09,2012-09-04,23080760,53,Definitivo,SAN ROQUE [23080760],Pluviométrica,Convencional,Activa,Antioquia,San Roque,6.4875,-75.017,820,5/15/1975,,Monchia,Magdalena Cauca,Medio Magdalena,Río Nare,2012,04,Andes,Definitivo,53,53,0,3.31552505493164,3.31552505493164,0,8.40581130981445,0.0707817673683167,3.05454540252686,6.04363632202148,5,10,0.869565188884735,0.876811623573303,1,1,49,1.04999995231628,55.6499974727631
09,2013-09-08,23080760,6,Definitivo,SAN ROQUE [23080760],Pluviométrica,Convencional,Activa,Antioquia,San Roque,6.4875,-75.017,820,5/15/1975,,Monchia,Magdalena Cauca,Medio Magdalena,Río Nare,2013,08,Andes,Definitivo,6,6,0,1.86747610569,1.86747610569,0,5.33811807632446,0.477853506803513,3.05454540252686,6.04363632202148,5,10,0.869565188884735,0.876811623573303,1,1,50,1.04999995231628,6.29999971389771
09,2015-09-09,23080760,2,Definitivo,SAN ROQUE [23080760],Pluviométrica,Convencional,Activa,Antioquia,San Roque,6.4875,-75.017,820,5/15/1975,,Monchia,Magdalena Cauca,Medio Magdalena,Río Nare,2015,09,Andes,Definitivo,2,2,0,19.1909847259522,19.1909847259522,0,6.78296709060669,0.234430477023125,3.05454540252686,6.04363632202148,5,10,0.869565188884735,0.876811623573303,1,1,50,1.04999995231628,2.09999990463257
09,2016-09-16,23080760,9,Definitivo,SAN ROQUE [23080760],Pluviométrica,Convencional,Activa,Antioquia,San Roque,6.4875,-75.017,820,5/15/1975,,Monchia,Magdalena Cauca,Medio Magdalena,Río Nare,2016,16,Andes,Definitivo,9,9,0,9.71300506591797,9.71300506591797,0,34.1368865966797,0.0244910474866629,3.05454540252686,6.04363632202148,5,10,0.869565188884735,0.876811623573303,1,1,52,1.04999995231628,9.44999957084656
09,2018-09-13,23080760,30,Definitivo,SAN ROQUE [23080760],Pluviométrica,Convencional,Activa,Antioquia,San Roque,6.4875,-75.017,820,5/15/1975,,Monchia,Magdalena Cauca,Medio Magdalena,Río Nare,2018,13,Andes,Definitivo,30,30,0,13.5636463165283,13.5636463165283,20.1557846069336,17.1340942382813,37.1280899047852,3.05454540252686,6.04363632202148,5,10,0.869565188884735,0.876811623573303,1,1,51,1.04999995231628,31.4999985694885
09,2018-09-12,23080760,25,Definitivo,SAN ROQUE [23080760],Pluviométrica,Convencional,Activa,Antioquia,San Roque,6.4875,-75.017,820,5/15/1975,,Monchia,Magdalena Cauca,Medio Magdalena,Río Nare,2018,12,Andes,Definitivo,25,25,0,5.76193046569824,5.76193046569824,20.1557846069336,13.9858427047729,5.01627016067505,3.05454540252686,6.04363632202148,5,10,0.869565188884735,0.876811623573303,1,1,51,1.04999995231628,26.2499988079071
09,2020-09-06,23080760,0,Definitivo,SAN ROQUE [23080760],Pluviométrica,Convencional,Activa,Antioquia,San Roque,6.4875,-75.017,820,5/15/1975,,Monchia,Magdalena Cauca,Medio Magdalena,Río Nare,2020,06,Andes,Definitivo,0,0,0,4.13064861297607,4.13064861297607,19.6368370056152,12.869010925293,32.8343658447266,3.05454540252686,6.04363632202148,5,10,0.869565188884735,0.876811623573303,1,1,50,1.04999995231628,0
09,2020-09-07,23080760,60,Definitivo,SAN ROQUE [23080760],Pluviométrica,Convencional,Activa,Antioquia,San Roque,6.4875,-75.017,820,5/15/1975,,Monchia,Magdalena Cauca,Medio Magdalena,Río Nare,2020,07,Andes,Definitivo,60,60,0,10.1189413070679,10.1189413070679,0,13.0180654525757,2.15352463722229,3.05454540252686,6.04363632202148,5,10,0.869565188884735,0.876811623573303,1,1,50,1.04999995231628,62.9999971389771
09,2022-09-02,23080760,3,Definitivo,SAN ROQUE [23080760],Pluviométrica,Convencional,Activa,Antioquia,San Roque,6.4875,-75.017,820,5/15/1975,,Monchia,Magdalena Cauca,Medio Magdalena,Río Nare,2022,02,Andes,Definitivo,3,3,0,17.6102485656738,17.6102485656738,12.1047954559326,13.736011505127,0.814318895339966,3.05454540252686,6.04363632202148,5,10,0.869565188884735,0.876811623573303,1,1,49,1.04999995231628,3.14999985694885
09,2001-09-01,23080760,71,Definitivo,SAN ROQUE [23080760],Pluviométrica,Convencional,Activa,Antioquia,San Roque,6.4875,-75.017,820,5/15/1975,,Monchia,Magdalena Cauca,Medio Magdalena,Río Nare,2001,01,Andes,Definitivo,71,71,0,0,0,18.6575107574463,19.5918884277344,20.0031414031982,3.05454540252686,6.04363632202148,5,10,0.869565188884735,0.876811623573303,1,1,49,1.04999995231628,74.5499966144562
09,2001-09-03,23080760,20,Definitivo,SAN ROQUE [23080760],Pluviométrica,Convencional,Activa,Antioquia,San Roque,6.4875,-75.017,820,5/15/1975,,Monchia,Magdalena Cauca,Medio Magdalena,Río Nare,2001,03,Andes,Definitivo,20,20,0,5.53936672210693,5.53936672210693,0,15.5555086135864,20.194673538208,3.05454540252686,6.04363632202148,5,10,0.869565188884735,0.876811623573303,1,1,49,1.04999995231628,20.9999990463257
09,2018-09-22,23080760,0,Definitivo,SAN ROQUE [23080760],Pluviométrica,Convencional,Activa,Antioquia,San Roque,6.4875,-75.017,820,5/15/1975,,Monchia,Magdalena Cauca,Medio Magdalena,Río Nare,2018,22,Andes,Definitivo,0,0,0,4.74790954589844,4.74790954589844,12.8256120681763,14.9700984954834,35.6771507263184,3.05454540252686,6.04363632202148,5,10,0.869565188884735,0.876811623573303,1,1,53,1.04999995231628,0
09,2022-09-17,23080760,5,Definitivo,SAN ROQUE [23080760],Pluviométrica,Convencional,Activa,Antioquia,San Roque,6.4875,-75.017,820,5/15/1975,,Monchia,Magdalena Cauca,Medio Magdalena,Río Nare,2022,17,Andes,Definitivo,5,5,0,3.28835582733154,3.28835582733154,16.29323387146,13.043309211731,4.52910995483398,3.05454540252686,6.04363632202148,5,10,0.869565188884735,0.876811623573303,1,1,52,1.04999995231628,5.24999976158142
09,2019-09-19,23080760,3,Definitivo,SAN ROQUE [23080760],Pluviométrica,Convencional,Activa,Antioquia,San Roque,6.4875,-75.017,820,5/15/1975,,Monchia,Magdalena Cauca,Medio Magdalena,Río Nare,2019,19,Andes,Definitivo,3,3,0,17.3507652282715,17.3507652282715,18.2084274291992,38.5554237365723,36.9418258666992,3.05454540252686,6.04363632202148,5,10,0.869565188884735,0.876811623573303,1,1,52,1.04999995231628,3.14999985694885
09,2018-09-18,23080760,35,Definitivo,SAN ROQUE [23080760],Pluviométrica,Convencional,Activa,Antioquia,San Roque,6.4875,-75.017,820,5/15/1975,,Monchia,Magdalena Cauca,Medio Magdalena,Río Nare,2018,18,Andes,Definitivo,35,35,0,12.4741659164429,12.4741659164429,0,12.5619268417358,9.33467960357666,3.05454540252686,6.04363632202148,5,10,0.869565188884735,0.876811623573303,1,1,52,1.04999995231628,36.7499983310699
09,2018-09-17,23080760,0,Definitivo,SAN ROQUE [23080760],Pluviométrica,Convencional,Activa,Antioquia,San Roque,6.4875,-75.017,820,5/15/1975,,Monchia,Magdalena Cauca,Medio Magdalena,Río Nare,2018,17,Andes,Definitivo,0,0,0,10.5848617553711,10.5848617553711,0,2.30446004867554,0,3.05454540252686,6.04363632202148,5,10,0.869565188884735,0.876811623573303,1,1,52,1.04999995231628,0
09,2015-09-10,23080760,,"",SAN ROQUE [23080760],Pluviométrica,Convencional,Activa,Antioquia,San Roque,6.4875,-75.017,820,5/15/1975,,Monchia,Magdalena Cauca,Medio Magdalena,Río Nare,2015,10,Andes,Preliminar,9,9,0,11.6940183639526,11.6940183639526,4.72704410552979,26.356523513794,7.43296194076538,3.05454540252686,6.04363632202148,5,10,0.869565188884735,0.876811623573303,1,1,50,1.04999995231628,9.44999957084656
09,2014-09-13,23080760,22,Definitivo,SAN ROQUE [23080760],Pluviométrica,Convencional,Activa,Antioquia,San Roque,6.4875,-75.017,820,5/15/1975,,Monchia,Magdalena Cauca,Medio Magdalena,Río Nare,2014,13,Andes,Definitivo,22,22,0,4.03264379501343,4.03264379501343,20.3411273956299,21.3011531829834,20.2076301574707,3.05454540252686,6.04363632202148,5,10,0.869565188884735,0.876811623573303,1,1,51,1.04999995231628,23.0999989509583
09,2013-09-17,23080760,4,Definitivo,SAN ROQUE [23080760],Pluviométrica,Convencional,Activa,Antioquia,San Roque,6.4875,-75.017,820,5/15/1975,,Monchia,Magdalena Cauca,Medio Magdalena,Río Nare,2013,17,Andes,Definitivo,4,4,0,7.78260278701782,7.78260278701782,0,16.3000793457031,0.754024505615234,3.05454540252686,6.04363632202148,5,10,0.869565188884735,0.876811623573303,1,1,52,1.04999995231628,4.19999980926514
09,2012-09-20,23080760,75,Definitivo,SAN ROQUE [23080760],Pluviométrica,Convencional,Activa,Antioquia,San Roque,6.4875,-75.017,820,5/15/1975,,Monchia,Magdalena Cauca,Medio Magdalena,Río Nare,2012,20,Andes,Definitivo,75,75,0,12.8332481384277,12.8332481384277,7.87441301345825,13.0014533996582,4.05965948104858,3.05454540252686,6.04363632202148,5,10,0.869565188884735,0.876811623573303,1,1,52,1.04999995231628,78.7499964237213
09,2003-09-01,23080760,0,Definitivo,SAN ROQUE [23080760],Pluviométrica,Convencional,Activa,Antioquia,San Roque,6.4875,-75.017,820,5/15/1975,,Monchia,Magdalena Cauca,Medio Magdalena,Río Nare,2003,01,Andes,Definitivo,0,0,0,0,0,11.5229511260986,0.204088017344475,8.00495147705078,3.05454540252686,6.04363632202148,5,10,0.869565188884735,0.876811623573303,1,1,49,1.04999995231628,0
09,2003-09-03,23080760,14,Definitivo,SAN ROQUE [23080760],Pluviométrica,Convencional,Activa,Antioquia,San Roque,6.4875,-75.017,820,5/15/1975,,Monchia,Magdalena Cauca,Medio Magdalena,Río Nare,2003,03,Andes,Definitivo,14,14,0,9.27054023742676,9.27054023742676,0,1.40014600753784,0.0802017599344254,3.05454540252686,6.04363632202148,5,10,0.869565188884735,0.876811623573303,1,1,49,1.04999995231628,14.699999332428
09,2014-09-22,23080760,24,Definitivo,SAN ROQUE [23080760],Pluviométrica,Convencional,Activa,Antioquia,San Roque,6.4875,-75.017,820,5/15/1975,,Monchia,Magdalena Cauca,Medio Magdalena,Río Nare,2014,22,Andes,Definitivo,24,24,0,18.3803939819336,18.3803939819336,10.1175260543823,10.1086540222168,23.8969421386719,3.05454540252686,6.04363632202148,5,10,0.869565188884735,0.876811623573303,1,1,53,1.04999995231628,25.1999988555908
09,2017-09-20,23080760,4,Definitivo,SAN ROQUE [23080760],Pluviométrica,Convencional,Activa,Antioquia,San Roque,6.4875,-75.017,820,5/15/1975,,Monchia,Magdalena Cauca,Medio Magdalena,Río Nare,2017,20,Andes,Definitivo,4,4,0,22.23756980896,22.23756980896,6.22212553024292,23.5508041381836,17.8042373657227,3.05454540252686,6.04363632202148,5,10,0.869565188884735,0.876811623573303,1,1,52,1.04999995231628,4.19999980926514
09,2004-09-01,23080760,,"",SAN ROQUE [23080760],Pluviométrica,Convencional,Activa,Antioquia,San Roque,6.4875,-75.017,820,5/15/1975,,Monchia,Magdalena Cauca,Medio Magdalena,Río Nare,2004,01,Andes,Preliminar,0,0,0,2.52187633514404,2.52187633514404,28.7925796508789,16.9923400878906,2.69944024085999,3.05454540252686,6.04363632202148,5,10,0.869565188884735,0.876811623573303,1,1,49,1.04999995231628,0
09,2005-09-05,23080760,34,Definitivo,SAN ROQUE [23080760],Pluviométrica,Convencional,Activa,Antioquia,San Roque,6.4875,-75.017,820,5/15/1975,,Monchia,Magdalena Cauca,Medio Magdalena,Río Nare,2005,05,Andes,Definitivo,34,34,0,16.6515026092529,16.6515026092529,0,17.512825012207,3.34132623672485,3.05454540252686,6.04363632202148,5,10,0.869565188884735,0.876811623573303,1,1,49,1.04999995231628,35.6999983787537
09,2008-09-03,23080760,39,Definitivo,SAN ROQUE [23080760],Pluviométrica,Convencional,Activa,Antioquia,San Roque,6.4875,-75.017,820,5/15/1975,,Monchia,Magdalena Cauca,Medio Magdalena,Río Nare,2008,03,Andes,Definitivo,39,39,0,47.7108497619629,47.7108497619629,22.9558753967285,31.3674945831299,28.6011066436768,3.05454540252686,6.04363632202148,5,10,0.869565188884735,0.876811623573303,1,1,49,1.04999995231628,40.9499981403351
09,2010-09-04,23080760,14,Definitivo,SAN ROQUE [23080760],Pluviométrica,Convencional,Activa,Antioquia,San Roque,6.4875,-75.017,820,5/15/1975,,Monchia,Magdalena Cauca,Medio Magdalena,Río Nare,2010,04,Andes,Definitivo,14,14,0,2.23105978965759,2.23105978965759,0,11.735107421875,14.9411706924438,3.05454540252686,6.04363632202148,5,10,0.869565188884735,0.876811623573303,1,1,49,1.04999995231628,14.699999332428
09,2011-09-08,23080760,17,Definitivo,SAN ROQUE [23080760],Pluviométrica,Convencional,Activa,Antioquia,San Roque,6.4875,-75.017,820,5/15/1975,,Monchia,Magdalena Cauca,Medio Magdalena,Río Nare,2011,08,Andes,Definitivo,17,17,0,11.656343460083,11.656343460083,24.3948421478272,16.6369915008545,14.3420000076294,3.05454540252686,6.04363632202148,5,10,0.869565188884735,0.876811623573303,1,1,50,1.04999995231628,17.8499991893768
09,2015-09-19,23080760,24,Definitivo,SAN ROQUE [23080760],Pluviométrica,Convencional,Activa,Antioquia,San Roque,6.4875,-75.017,820,5/15/1975,,Monchia,Magdalena Cauca,Medio Magdalena,Río Nare,2015,19,Andes,Definitivo,24,24,0,40.0782127380371,40.0782127380371,22.7444591522217,23.3274345397949,11.6598920822144,3.05454540252686,6.04363632202148,5,10,0.869565188884735,0.876811623573303,1,1,52,1.04999995231628,25.1999988555908
09,2017-09-13,23080760,0,Definitivo,SAN ROQUE [23080760],Pluviométrica,Convencional,Activa,Antioquia,San Roque,6.4875,-75.017,820,5/15/1975,,Monchia,Magdalena Cauca,Medio Magdalena,Río Nare,2017,13,Andes,Definitivo,0,0,0,7.51555919647217,7.51555919647217,28.1177387237549,32.8794097900391,31.0875053405762,3.05454540252686,6.04363632202148,5,10,0.869565188884735,0.876811623573303,1,1,51,1.04999995231628,0
09,2017-09-14,23080760,9,Definitivo,SAN ROQUE [23080760],Pluviométrica,Convencional,Activa,Antioquia,San Roque,6.4875,-75.017,820,5/15/1975,,Monchia,Magdalena Cauca,Medio Magdalena,Río Nare,2017,14,Andes,Definitivo,9,9,0,0.749763011932373,0.749763011932373,0,9.50974464416504,4.4869704246521,3.05454540252686,6.04363632202148,5,10,0.869565188884735,0.876811623573303,1,1,51,1.04999995231628,9.44999957084656
09,2019-09-09,23080760,16,Definitivo,SAN ROQUE [23080760],Pluviométrica,Convencional,Activa,Antioquia,San Roque,6.4875,-75.017,820,5/15/1975,,Monchia,Magdalena Cauca,Medio Magdalena,Río Nare,2019,09,Andes,Definitivo,16,16,0,0,0,0,0.976254880428314,0,3.05454540252686,6.04363632202148,5,10,0.869565188884735,0.876811623573303,1,1,50,1.04999995231628,16.7999992370605
09,2012-09-21,23080760,5,Definitivo,SAN ROQUE [23080760],Pluviométrica,Convencional,Activa,Antioquia,San Roque,6.4875,-75.017,820,5/15/1975,,Monchia,Magdalena Cauca,Medio Magdalena,Río Nare,2012,21,Andes,Definitivo,5,5,0,22.8873195648193,22.8873195648193,23.5074157714844,11.114764213562,12.7330360412598,3.05454540252686,6.04363632202148,5,10,0.869565188884735,0.876811623573303,1,1,53,1.04999995231628,5.24999976158142
09,2019-09-20,23080760,2,Definitivo,SAN ROQUE [23080760],Pluviométrica,Convencional,Activa,Antioquia,San Roque,6.4875,-75.017,820,5/15/1975,,Monchia,Magdalena Cauca,Medio Magdalena,Río Nare,2019,20,Andes,Definitivo,2,2,0,27.4373569488525,27.4373569488525,6.06947565078735,19.8486194610596,4.56033658981323,3.05454540252686,6.04363632202148,5,10,0.869565188884735,0.876811623573303,1,1,52,1.04999995231628,2.09999990463257
09,2020-09-01,23080760,44,Definitivo,SAN ROQUE [23080760],Pluviométrica,Convencional,Activa,Antioquia,San Roque,6.4875,-75.017,820,5/15/1975,,Monchia,Magdalena Cauca,Medio Magdalena,Río Nare,2020,01,Andes,Definitivo,44,44,0,6.22570753097534,6.22570753097534,0,6.66281318664551,0.195397600531578,3.05454540252686,6.04363632202148,5,10,0.869565188884735,0.876811623573303,1,1,49,1.04999995231628,46.1999979019165
09,2013-09-19,23080760,,"",SAN ROQUE [23080760],Pluviométrica,Convencional,Activa,Antioquia,San Roque,6.4875,-75.017,820,5/15/1975,,Monchia,Magdalena Cauca,Medio Magdalena,Río Nare,2013,19,Andes,Preliminar,0,0,0,4.10531663894653,4.10531663894653,4.25408840179443,8.26003170013428,5.62451076507568,3.05454540252686,6.04363632202148,5,10,0.869565188884735,0.876811623573303,1,1,52,1.04999995231628,0
09,2019-09-21,23080760,0,Definitivo,SAN ROQUE [23080760],Pluviométrica,Convencional,Activa,Antioquia,San Roque,6.4875,-75.017,820,5/15/1975,,Monchia,Magdalena Cauca,Medio Magdalena,Río Nare,2019,21,Andes,Definitivo,0,0,0,9.74594402313232,9.74594402313232,10.0640554428101,19.892557144165,19.3956680297852,3.05454540252686,6.04363632202148,5,10,0.869565188884735,0.876811623573303,1,1,53,1.04999995231628,0
09,2020-09-20,23080760,8,Definitivo,SAN ROQUE [23080760],Pluviométrica,Convencional,Activa,Antioquia,San Roque,6.4875,-75.017,820,5/15/1975,,Monchia,Magdalena Cauca,Medio Magdalena,Río Nare,2020,20,Andes,Definitivo,8,8,0,14.7764854431152,14.7764854431152,23.1498603820801,13.8257522583008,4.49663829803467,3.05454540252686,6.04363632202148,5,10,0.869565188884735,0.876811623573303,1,1,52,1.04999995231628,8.39999961853027
09,2018-09-21,23080760,13,Definitivo,SAN ROQUE [23080760],Pluviométrica,Convencional,Activa,Antioquia,San Roque,6.4875,-75.017,820,5/15/1975,,Monchia,Magdalena Cauca,Medio Magdalena,Río Nare,2018,21,Andes,Definitivo,13,13,0,35.293872833252,35.293872833252,0,1.37397623062134,0,3.05454540252686,6.04363632202148,5,10,0.869565188884735,0.876811623573303,1,1,53,1.04999995231628,13.6499993801117
09,2018-09-20,23080760,0,Definitivo,SAN ROQUE [23080760],Pluviométrica,Convencional,Activa,Antioquia,San Roque,6.4875,-75.017,820,5/15/1975,,Monchia,Magdalena Cauca,Medio Magdalena,Río Nare,2018,20,Andes,Definitivo,0,0,0,0.316038310527802,0.316038310527802,18.241340637207,0.60808527469635,30.4860858917236,3.05454540252686,6.04363632202148,5,10,0.869565188884735,0.876811623573303,1,1,52,1.04999995231628,0
09,2017-09-19,23080760,10,Definitivo,SAN ROQUE [23080760],Pluviométrica,Convencional,Activa,Antioquia,San Roque,6.4875,-75.017,820,5/15/1975,,Monchia,Magdalena Cauca,Medio Magdalena,Río Nare,2017,19,Andes,Definitivo,10,10,0,0,0,24.8885021209717,21.7608833312988,15.1462736129761,3.05454540252686,6.04363632202148,5,10,0.869565188884735,0.876811623573303,1,1,52,1.04999995231628,10.4999995231628
09,2011-09-09,23080760,3,Definitivo,SAN ROQUE [23080760],Pluviométrica,Convencional,Activa,Antioquia,San Roque,6.4875,-75.017,820,5/15/1975,,Monchia,Magdalena Cauca,Medio Magdalena,Río Nare,2011,09,Andes,Definitivo,3,3,0,12.2560529708862,12.2560529708862,12.1974210739136,37.9558525085449,20.5223331451416,3.05454540252686,6.04363632202148,5,10,0.869565188884735,0.876811623573303,1,1,50,1.04999995231628,3.14999985694885
09,2016-09-06,23080760,10,Definitivo,SAN ROQUE [23080760],Pluviométrica,Convencional,Activa,Antioquia,San Roque,6.4875,-75.017,820,5/15/1975,,Monchia,Magdalena Cauca,Medio Magdalena,Río Nare,2016,06,Andes,Definitivo,10,10,0,16.4351005554199,16.4351005554199,20.0615882873535,31.0076370239258,32.2887802124023,3.05454540252686,6.04363632202148,5,10,0.869565188884735,0.876811623573303,1,1,50,1.04999995231628,10.4999995231628
09,2016-09-07,23080760,0,Definitivo,SAN ROQUE [23080760],Pluviométrica,Convencional,Activa,Antioquia,San Roque,6.4875,-75.017,820,5/15/1975,,Monchia,Magdalena Cauca,Medio Magdalena,Río Nare,2016,07,Andes,Definitivo,0,0,0,27.2177562713623,27.2177562713623,40.123176574707,54.804084777832,29.833044052124,3.05454540252686,6.04363632202148,5,10,0.869565188884735,0.876811623573303,1,1,50,1.04999995231628,0
09,2014-09-14,23080760,60,Definitivo,SAN ROQUE [23080760],Pluviométrica,Convencional,Activa,Antioquia,San Roque,6.4875,-75.017,820,5/15/1975,,Monchia,Magdalena Cauca,Medio Magdalena,Río Nare,2014,14,Andes,Definitivo,60,60,0,18.1850185394287,18.1850185394287,10.1705636978149,23.0868110656738,35.4502449035645,3.05454540252686,6.04363632202148,5,10,0.869565188884735,0.876811623573303,1,1,51,1.04999995231628,62.9999971389771
09,2022-09-01,23080760,3,Definitivo,SAN ROQUE [23080760],Pluviométrica,Convencional,Activa,Antioquia,San Roque,6.4875,-75.017,820,5/15/1975,,Monchia,Magdalena Cauca,Medio Magdalena,Río Nare,2022,01,Andes,Definitivo,3,3,0,4.18092107772827,4.18092107772827,12.1047954559326,40.9468116760254,34.9868240356445,3.05454540252686,6.04363632202148,5,10,0.869565188884735,0.876811623573303,1,1,49,1.04999995231628,3.14999985694885
09,2021-09-04,23080760,14,Definitivo,SAN ROQUE [23080760],Pluviométrica,Convencional,Activa,Antioquia,San Roque,6.4875,-75.017,820,5/15/1975,,Monchia,Magdalena Cauca,Medio Magdalena,Río Nare,2021,04,Andes,Definitivo,14,14,0,1.01112937927246,1.01112937927246,16.1065711975098,14.5457763671875,12.3689203262329,3.05454540252686,6.04363632202148,5,10,0.869565188884735,0.876811623573303,1,1,49,1.04999995231628,14.699999332428
09,2015-09-13,23080760,,"",SAN ROQUE [23080760],Pluviométrica,Convencional,Activa,Antioquia,San Roque,6.4875,-75.017,820,5/15/1975,,Monchia,Magdalena Cauca,Medio Magdalena,Río Nare,2015,13,Andes,Preliminar,0,0,0,0,0,0,0.000134679328766651,0.0093072447925806,3.05454540252686,6.04363632202148,5,10,0.869565188884735,0.876811623573303,1,1,51,1.04999995231628,0
09,2016-09-09,23080760,10,Definitivo,SAN ROQUE [23080760],Pluviométrica,Convencional,Activa,Antioquia,San Roque,6.4875,-75.017,820,5/15/1975,,Monchia,Magdalena Cauca,Medio Magdalena,Río Nare,2016,09,Andes,Definitivo,10,10,0,3.71335887908936,3.71335887908936,0,12.209098815918,0,3.05454540252686,6.04363632202148,5,10,0.869565188884735,0.876811623573303,1,1,50,1.04999995231628,10.4999995231628
09,2015-09-20,23080760,33,Definitivo,SAN ROQUE [23080760],Pluviométrica,Convencional,Activa,Antioquia,San Roque,6.4875,-75.017,820,5/15/1975,,Monchia,Magdalena Cauca,Medio Magdalena,Río Nare,2015,20,Andes,Definitivo,33,33,0,17.9812030792236,17.9812030792236,22.7444591522217,39.1140518188477,50.0741844177246,3.05454540252686,6.04363632202148,5,10,0.869565188884735,0.876811623573303,1,1,52,1.04999995231628,34.6499984264374
09,2002-09-01,23080760,59,Definitivo,SAN ROQUE [23080760],Pluviométrica,Convencional,Activa,Antioquia,San Roque,6.4875,-75.017,820,5/15/1975,,Monchia,Magdalena Cauca,Medio Magdalena,Río Nare,2002,01,Andes,Definitivo,59,59,0,11.2715301513672,11.2715301513672,0,14.0767593383789,25.1524391174316,3.05454540252686,6.04363632202148,5,10,0.869565188884735,0.876811623573303,1,1,49,1.04999995231628,61.9499971866608
09,2006-09-02,23080760,4,Definitivo,SAN ROQUE [23080760],Pluviométrica,Convencional,Activa,Antioquia,San Roque,6.4875,-75.017,820,5/15/1975,,Monchia,Magdalena Cauca,Medio Magdalena,Río Nare,2006,02,Andes,Definitivo,4,4,0,3.5255172252655,3.5255172252655,0,11.880744934082,3.03867077827454,3.05454540252686,6.04363632202148,5,10,0.869565188884735,0.876811623573303,1,1,49,1.04999995231628,4.19999980926514
09,2006-09-03,23080760,,"",SAN ROQUE [23080760],Pluviométrica,Convencional,Activa,Antioquia,San Roque,6.4875,-75.017,820,5/15/1975,,Monchia,Magdalena Cauca,Medio Magdalena,Río Nare,2006,03,Andes,Preliminar,0,0,0,18.323205947876,18.323205947876,13.0498657226563,13.1120920181274,19.7554588317871,3.05454540252686,6.04363632202148,5,10,0.869565188884735,0.876811623573303,1,1,49,1.04999995231628,0
09,2009-09-01,23080760,,"",SAN ROQUE [23080760],Pluviométrica,Convencional,Activa,Antioquia,San Roque,6.4875,-75.017,820,5/15/1975,,Monchia,Magdalena Cauca,Medio Magdalena,Río Nare,2009,01,Andes,Preliminar,0,0,0,5.97771787643433,5.97771787643433,0,9.94820690155029,0,3.05454540252686,6.04363632202148,5,10,0.869565188884735,0.876811623573303,1,1,49,1.04999995231628,0
09,2017-09-18,23080760,10,Definitivo,SAN ROQUE [23080760],Pluviométrica,Convencional,Activa,Antioquia,San Roque,6.4875,-75.017,820,5/15/1975,,Monchia,Magdalena Cauca,Medio Magdalena,Río Nare,2017,18,Andes,Definitivo,10,10,0,9.40302276611328,9.40302276611328,0,2.54477477073669,0.0925686955451965,3.05454540252686,6.04363632202148,5,10,0.869565188884735,0.876811623573303,1,1,52,1.04999995231628,10.4999995231628
09,2016-09-15,23080760,,"",SAN ROQUE [23080760],Pluviométrica,Convencional,Activa,Antioquia,San Roque,6.4875,-75.017,820,5/15/1975,,Monchia,Magdalena Cauca,Medio Magdalena,Río Nare,2016,15,Andes,Preliminar,0,0,0,0.913851499557495,0.913851499557495,30.2206764221191,19.2456912994385,62.7984313964844,3.05454540252686,6.04363632202148,5,10,0.869565188884735,0.876811623573303,1,1,51,1.04999995231628,0
09,2019-09-08,23080760,0,Definitivo,SAN ROQUE [23080760],Pluviométrica,Convencional,Activa,Antioquia,San Roque,6.4875,-75.017,820,5/15/1975,,Monchia,Magdalena Cauca,Medio Magdalena,Río Nare,2019,08,Andes,Definitivo,0,0,0,0,0,14.3092441558838,0,1.91962671279907,3.05454540252686,6.04363632202148,5,10,0.869565188884735,0.876811623573303,1,1,50,1.04999995231628,0
09,2018-09-11,23080760,1,Definitivo,SAN ROQUE [23080760],Pluviométrica,Convencional,Activa,Antioquia,San Roque,6.4875,-75.017,820,5/15/1975,,Monchia,Magdalena Cauca,Medio Magdalena,Río Nare,2018,11,Andes,Definitivo,1,1,0,2.20949935913086,2.20949935913086,30.233678817749,11.2661743164063,29.156982421875,3.05454540252686,6.04363632202148,5,10,0.869565188884735,0.876811623573303,1,1,51,1.04999995231628,1.04999995231628
09,2014-09-15,23080760,0,Definitivo,SAN ROQUE [23080760],Pluviométrica,Convencional,Activa,Antioquia,San Roque,6.4875,-75.017,820,5/15/1975,,Monchia,Magdalena Cauca,Medio Magdalena,Río Nare,2014,15,Andes,Definitivo,0,0,0,2.41896963119507,2.41896963119507,40.6822547912598,23.5280303955078,49.2520408630371,3.05454540252686,6.04363632202148,5,10,0.869565188884735,0.876811623573303,1,1,51,1.04999995231628,0
09,2013-09-18,23080760,20,Definitivo,SAN ROQUE [23080760],Pluviométrica,Convencional,Activa,Antioquia,San Roque,6.4875,-75.017,820,5/15/1975,,Monchia,Magdalena Cauca,Medio Magdalena,Río Nare,2013,18,Andes,Definitivo,20,20,0,32.3969383239746,32.3969383239746,17.0163536071777,8.84500217437744,14.7768049240112,3.05454540252686,6.04363632202148,5,10,0.869565188884735,0.876811623573303,1,1,52,1.04999995231628,20.9999990463257
09,2016-09-08,23080760,0,Definitivo,SAN ROQUE [23080760],Pluviométrica,Convencional,Activa,Antioquia,San Roque,6.4875,-75.017,820,5/15/1975,,Monchia,Magdalena Cauca,Medio Magdalena,Río Nare,2016,08,Andes,Definitivo,0,0,0,3.46457648277283,3.46457648277283,0,10.4272937774658,0.713415920734406,3.05454540252686,6.04363632202148,5,10,0.869565188884735,0.876811623573303,1,1,50,1.04999995231628,0
09,2015-09-06,23080760,,"",SAN ROQUE [23080760],Pluviométrica,Convencional,Activa,Antioquia,San Roque,6.4875,-75.017,820,5/15/1975,,Monchia,Magdalena Cauca,Medio Magdalena,Río Nare,2015,06,Andes,Preliminar,0,0,0,0,0,23.6352195739746,23.0498008728027,25.8154335021973,3.05454540252686,6.04363632202148,5,10,0.869565188884735,0.876811623573303,1,1,50,1.04999995231628,0
09,2014-09-16,23080760,15,Definitivo,SAN ROQUE [23080760],Pluviométrica,Convencional,Activa,Antioquia,San Roque,6.4875,-75.017,820,5/15/1975,,Monchia,Magdalena Cauca,Medio Magdalena,Río Nare,2014,16,Andes,Definitivo,15,15,0,1.24127948284149,1.24127948284149,0,6.96269989013672,4.11248540878296,3.05454540252686,6.04363632202148,5,10,0.869565188884735,0.876811623573303,1,1,52,1.04999995231628,15.7499992847443
09,2015-09-21,23080760,,"",SAN ROQUE [23080760],Pluviométrica,Convencional,Activa,Antioquia,San Roque,6.4875,-75.017,820,5/15/1975,,Monchia,Magdalena Cauca,Medio Magdalena,Río Nare,2015,21,Andes,Preliminar,0,0,0,27.4888477325439,27.4888477325439,7.52053499221802,3.13677883148193,13.9644212722778,3.05454540252686,6.04363632202148,5,10,0.869565188884735,0.876811623573303,1,1,53,1.04999995231628,0
09,2019-09-22,23080760,12,Definitivo,SAN ROQUE [23080760],Pluviométrica,Convencional,Activa,Antioquia,San Roque,6.4875,-75.017,820,5/15/1975,,Monchia,Magdalena Cauca,Medio Magdalena,Río Nare,2019,22,Andes,Definitivo,12,12,0,7.1760458946228,7.1760458946228,0,3.77501368522644,0.0139896972104907,3.05454540252686,6.04363632202148,5,10,0.869565188884735,0.876811623573303,1,1,53,1.04999995231628,12.5999994277954
09,2017-09-22,23080760,23,Definitivo,SAN ROQUE [23080760],Pluviométrica,Convencional,Activa,Antioquia,San Roque,6.4875,-75.017,820,5/15/1975,,Monchia,Magdalena Cauca,Medio Magdalena,Río Nare,2017,22,Andes,Definitivo,23,23,0,6.51387357711792,6.51387357711792,0,4.94498014450073,0.317627042531967,3.05454540252686,6.04363632202148,5,10,0.869565188884735,0.876811623573303,1,1,53,1.04999995231628,24.1499989032745
09,2016-09-19,23080760,0,Definitivo,SAN ROQUE [23080760],Pluviométrica,Convencional,Activa,Antioquia,San Roque,6.4875,-75.017,820,5/15/1975,,Monchia,Magdalena Cauca,Medio Magdalena,Río Nare,2016,19,Andes,Definitivo,0,0,0,0.188225477933884,0.188225477933884,31.5994644165039,18.8839569091797,45.1459121704102,3.05454540252686,6.04363632202148,5,10,0.869565188884735,0.876811623573303,1,1,52,1.04999995231628,0
09,2010-09-05,23080760,,"",SAN ROQUE [23080760],Pluviométrica,Convencional,Activa,Antioquia,San Roque,6.4875,-75.017,820,5/15/1975,,Monchia,Magdalena Cauca,Medio Magdalena,Río Nare,2010,05,Andes,Preliminar,0,0,0,8.3209924697876,8.3209924697876,12.3735647201538,41.3785285949707,37.2198905944824,3.05454540252686,6.04363632202148,5,10,0.869565188884735,0.876811623573303,1,1,49,1.04999995231628,0
09,2012-09-05,23080760,2,Definitivo,SAN ROQUE [23080760],Pluviométrica,Convencional,Activa,Antioquia,San Roque,6.4875,-75.017,820,5/15/1975,,Monchia,Magdalena Cauca,Medio Magdalena,Río Nare,2012,05,Andes,Definitivo,2,2,0,9.48653411865234,9.48653411865234,6.35929012298584,20.6494426727295,16.559814453125,3.05454540252686,6.04363632202148,5,10,0.869565188884735,0.876811623573303,1,1,49,1.04999995231628,2.09999990463257
09,2015-09-04,23080760,,"",SAN ROQUE [23080760],Pluviométrica,Convencional,Activa,Antioquia,San Roque,6.4875,-75.017,820,5/15/1975,,Monchia,Magdalena Cauca,Medio Magdalena,Río Nare,2015,04,Andes,Preliminar,0,0,0,0,0,0,9.16604614257812,1.19706988334656,3.05454540252686,6.04363632202148,5,10,0.869565188884735,0.876811623573303,1,1,49,1.04999995231628,0
09,2014-09-07,23080760,2,Definitivo,SAN ROQUE [23080760],Pluviométrica,Convencional,Activa,Antioquia,San Roque,6.4875,-75.017,820,5/15/1975,,Monchia,Magdalena Cauca,Medio Magdalena,Río Nare,2014,07,Andes,Definitivo,2,2,0,14.5918779373169,14.5918779373169,0,0.651918530464172,3.32936310768127,3.05454540252686,6.04363632202148,5,10,0.869565188884735,0.876811623573303,1,1,50,1.04999995231628,2.09999990463257
09,2021-09-03,23080760,18,Definitivo,SAN ROQUE [23080760],Pluviométrica,Convencional,Activa,Antioquia,San Roque,6.4875,-75.017,820,5/15/1975,,Monchia,Magdalena Cauca,Medio Magdalena,Río Nare,2021,03,Andes,Definitivo,18,18,0,1.0256415605545,1.0256415605545,0,14.5457763671875,0.255917727947235,3.05454540252686,6.04363632202148,5,10,0.869565188884735,0.876811623573303,1,1,49,1.04999995231628,18.8999991416931
09,2017-09-03,23080760,0,Definitivo,SAN ROQUE [23080760],Pluviométrica,Convencional,Activa,Antioquia,San Roque,6.4875,-75.017,820,5/15/1975,,Monchia,Magdalena Cauca,Medio Magdalena,Río Nare,2017,03,Andes,Definitivo,0,0,0,0,0,12.1923837661743,2.36574769020081,21.6338691711426,3.05454540252686,6.04363632202148,5,10,0.869565188884735,0.876811623573303,1,1,49,1.04999995231628,0
09,2015-09-05,23080760,14,Definitivo,SAN ROQUE [23080760],Pluviométrica,Convencional,Activa,Antioquia,San Roque,6.4875,-75.017,820,5/15/1975,,Monchia,Magdalena Cauca,Medio Magdalena,Río Nare,2015,05,Andes,Definitivo,14,14,0,0,0,0,4.8135085105896,0.750321567058563,3.05454540252686,6.04363632202148,5,10,0.869565188884735,0.876811623573303,1,1,49,1.04999995231628,14.699999332428
09,2011-09-05,23080760,,"",SAN ROQUE [23080760],Pluviométrica,Convencional,Activa,Antioquia,San Roque,6.4875,-75.017,820,5/15/1975,,Monchia,Magdalena Cauca,Medio Magdalena,Río Nare,2011,05,Andes,Preliminar,0,0,0,4.72928667068481,4.72928667068481,0,9.49099445343018,0.136800959706306,3.05454540252686,6.04363632202148,5,10,0.869565188884735,0.876811623573303,1,1,49,1.04999995231628,0
09,2017-09-06,23080760,88,Definitivo,SAN ROQUE [23080760],Pluviométrica,Convencional,Activa,Antioquia,San Roque,6.4875,-75.017,820,5/15/1975,,Monchia,Magdalena Cauca,Medio Magdalena,Río Nare,2017,06,Andes,Definitivo,88,88,0,2.42597556114197,2.42597556114197,24.7445278167725,9.88393688201904,11.1812601089478,3.05454540252686,6.04363632202148,5,10,0.869565188884735,0.876811623573303,1,1,50,1.04999995231628,92.399995803833
09,2014-09-17,23080760,4,Definitivo,SAN ROQUE [23080760],Pluviométrica,Convencional,Activa,Antioquia,San Roque,6.4875,-75.017,820,5/15/1975,,Monchia,Magdalena Cauca,Medio Magdalena,Río Nare,2014,17,Andes,Definitivo,4,4,0,5.44474649429321,5.44474649429321,26.7802085876465,15.0704669952393,25.8890514373779,3.05454540252686,6.04363632202148,5,10,0.869565188884735,0.876811623573303,1,1,52,1.04999995231628,4.19999980926514
09,2016-09-17,23080760,1,Definitivo,SAN ROQUE [23080760],Pluviométrica,Convencional,Activa,Antioquia,San Roque,6.4875,-75.017,820,5/15/1975,,Monchia,Magdalena Cauca,Medio Magdalena,Río Nare,2016,17,Andes,Definitivo,1,1,0,24.2581939697266,24.2581939697266,10.5331554412842,1.98483574390411,3.11017870903015,3.05454540252686,6.04363632202148,5,10,0.869565188884735,0.876811623573303,1,1,52,1.04999995231628,1.04999995231628
09,2002-09-02,23080760,4,Definitivo,SAN ROQUE [23080760],Pluviométrica,Convencional,Activa,Antioquia,San Roque,6.4875,-75.017,820,5/15/1975,,Monchia,Magdalena Cauca,Medio Magdalena,Río Nare,2002,02,Andes,Definitivo,4,4,0,10.3965711593628,10.3965711593628,18.0161323547363,27.3252868652344,30.4391040802002,3.05454540252686,6.04363632202148,5,10,0.869565188884735,0.876811623573303,1,1,49,1.04999995231628,4.19999980926514
09,2004-09-02,23080760,,"",SAN ROQUE [23080760],Pluviométrica,Convencional,Activa,Antioquia,San Roque,6.4875,-75.017,820,5/15/1975,,Monchia,Magdalena Cauca,Medio Magdalena,Río Nare,2004,02,Andes,Preliminar,0,0,0,2.68284678459168,2.68284678459168,0,3.15993666648865,0,3.05454540252686,6.04363632202148,5,10,0.869565188884735,0.876811623573303,1,1,49,1.04999995231628,0
09,2019-09-18,23080760,17,Definitivo,SAN ROQUE [23080760],Pluviométrica,Convencional,Activa,Antioquia,San Roque,6.4875,-75.017,820,5/15/1975,,Monchia,Magdalena Cauca,Medio Magdalena,Río Nare,2019,18,Andes,Definitivo,17,17,0,6.85235452651978,6.85235452651978,24.2779026031494,21.2447395324707,21.3259944915772,3.05454540252686,6.04363632202148,5,10,0.869565188884735,0.876811623573303,1,1,52,1.04999995231628,17.8499991893768
09,2015-09-18,23080760,35,Definitivo,SAN ROQUE [23080760],Pluviométrica,Convencional,Activa,Antioquia,San Roque,6.4875,-75.017,820,5/15/1975,,Monchia,Magdalena Cauca,Medio Magdalena,Río Nare,2015,18,Andes,Definitivo,35,35,0,7.08672571182251,7.08672571182251,7.58148670196533,29.9500217437744,2.20938372612,3.05454540252686,6.04363632202148,5,10,0.869565188884735,0.876811623573303,1,1,52,1.04999995231628,36.7499983310699
09,2018-09-10,23080760,18,Definitivo,SAN ROQUE [23080760],Pluviométrica,Convencional,Activa,Antioquia,San Roque,6.4875,-75.017,820,5/15/1975,,Monchia,Magdalena Cauca,Medio Magdalena,Río Nare,2018,10,Andes,Definitivo,18,18,0,0.642450571060181,0.642450571060181,4.9053840637207,0.172430366277695,0.00829033181071281,3.05454540252686,6.04363632202148,5,10,0.869565188884735,0.876811623573303,1,1,50,1.04999995231628,18.8999991416931
09,2020-09-04,23080760,15,Definitivo,SAN ROQUE [23080760],Pluviométrica,Convencional,Activa,Antioquia,San Roque,6.4875,-75.017,820,5/15/1975,,Monchia,Magdalena Cauca,Medio Magdalena,Río Nare,2020,04,Andes,Definitivo,15,15,0,7.8109278678894,7.8109278678894,0,6.59836196899414,11.2516899108887,3.05454540252686,6.04363632202148,5,10,0.869565188884735,0.876811623573303,1,1,49,1.04999995231628,15.7499992847443
09,2015-09-11,23080760,0,Definitivo,SAN ROQUE [23080760],Pluviométrica,Convencional,Activa,Antioquia,San Roque,6.4875,-75.017,820,5/15/1975,,Monchia,Magdalena Cauca,Medio Magdalena,Río Nare,2015,11,Andes,Definitivo,0,0,0,31.5190486907959,31.5190486907959,9.85890102386475,24.9562282562256,10.7424802780151,3.05454540252686,6.04363632202148,5,10,0.869565188884735,0.876811623573303,1,1,51,1.04999995231628,0
09,2015-09-12,23080760,,"",SAN ROQUE [23080760],Pluviométrica,Convencional,Activa,Antioquia,San Roque,6.4875,-75.017,820,5/15/1975,,Monchia,Magdalena Cauca,Medio Magdalena,Río Nare,2015,12,Andes,Preliminar,0,0,0,0.831795156002045,0.831795156002045,0,0.0136080449447036,0,3.05454540252686,6.04363632202148,5,10,0.869565188884735,0.876811623573303,1,1,51,1.04999995231628,0
09,2017-09-02,23080760,21,Definitivo,SAN ROQUE [23080760],Pluviométrica,Convencional,Activa,Antioquia,San Roque,6.4875,-75.017,820,5/15/1975,,Monchia,Magdalena Cauca,Medio Magdalena,Río Nare,2017,02,Andes,Definitivo,21,21,0,12.8141822814941,12.8141822814941,12.1923837661743,4.43884468078613,9.39399909973145,3.05454540252686,6.04363632202148,5,10,0.869565188884735,0.876811623573303,1,1,49,1.04999995231628,22.049998998642
09,2005-09-03,23080760,,"",SAN ROQUE [23080760],Pluviométrica,Convencional,Activa,Antioquia,San Roque,6.4875,-75.017,820,5/15/1975,,Monchia,Magdalena Cauca,Medio Magdalena,Río Nare,2005,03,Andes,Preliminar,0,0,0,0.0515526384115219,0.0515526384115219,15.1630744934082,20.0891799926758,2.08323526382446,3.05454540252686,6.04363632202148,5,10,0.869565188884735,0.876811623573303,1,1,49,1.04999995231628,0
09,2013-09-05,23080760,19,Definitivo,SAN ROQUE [23080760],Pluviométrica,Convencional,Activa,Antioquia,San Roque,6.4875,-75.017,820,5/15/1975,,Monchia,Magdalena Cauca,Medio Magdalena,Río Nare,2013,05,Andes,Definitivo,19,19,0,3.8844268321991,3.8844268321991,0,3.15872049331665,0.471172511577606,3.05454540252686,6.04363632202148,5,10,0.869565188884735,0.876811623573303,1,1,49,1.04999995231628,19.9499990940094
09,2016-09-10,23080760,102,Definitivo,SAN ROQUE [23080760],Pluviométrica,Convencional,Activa,Antioquia,San Roque,6.4875,-75.017,820,5/15/1975,,Monchia,Magdalena Cauca,Medio Magdalena,Río Nare,2016,10,Andes,Definitivo,102,102,0,5.44217157363892,5.44217157363892,30.0923805236816,8.67216777801514,54.285041809082,3.05454540252686,6.04363632202148,5,10,0.869565188884735,0.876811623573303,1,1,50,1.04999995231628,107.099995136261
09,2015-09-14,23080760,17,Definitivo,SAN ROQUE [23080760],Pluviométrica,Convencional,Activa,Antioquia,San Roque,6.4875,-75.017,820,5/15/1975,,Monchia,Magdalena Cauca,Medio Magdalena,Río Nare,2015,14,Andes,Definitivo,17,17,0,2.21457552909851,2.21457552909851,0,0.244362384080887,0.0129106836393476,3.05454540252686,6.04363632202148,5,10,0.869565188884735,0.876811623573303,1,1,51,1.04999995231628,17.8499991893768
09,2017-09-21,23080760,0,Definitivo,SAN ROQUE [23080760],Pluviométrica,Convencional,Activa,Antioquia,San Roque,6.4875,-75.017,820,5/15/1975,,Monchia,Magdalena Cauca,Medio Magdalena,Río Nare,2017,21,Andes,Definitivo,0,0,0,6.6557879447937,6.6557879447937,0,7.71437454223633,0.0753467828035355,3.05454540252686,6.04363632202148,5,10,0.869565188884735,0.876811623573303,1,1,53,1.04999995231628,0
09,2015-09-22,23080760,2,Definitivo,SAN ROQUE [23080760],Pluviométrica,Convencional,Activa,Antioquia,San Roque,6.4875,-75.017,820,5/15/1975,,Monchia,Magdalena Cauca,Medio Magdalena,Río Nare,2015,22,Andes,Definitivo,2,2,0,0,0,0,7.81736183166504,0.848569452762604,3.05454540252686,6.04363632202148,5,10,0.869565188884735,0.876811623573303,1,1,53,1.04999995231628,2.09999990463257
09,2007-09-01,23080760,2,Definitivo,SAN ROQUE [23080760],Pluviométrica,Convencional,Activa,Antioquia,San Roque,6.4875,-75.017,820,5/15/1975,,Monchia,Magdalena Cauca,Medio Magdalena,Río Nare,2007,01,Andes,Definitivo,2,2,0,6.18410968780518,6.18410968780518,17.9495182037354,9.51674175262451,15.5063428878784,3.05454540252686,6.04363632202148,5,10,0.869565188884735,0.876811623573303,1,1,49,1.04999995231628,2.09999990463257
09,2008-09-04,23080760,,"",SAN ROQUE [23080760],Pluviométrica,Convencional,Activa,Antioquia,San Roque,6.4875,-75.017,820,5/15/1975,,Monchia,Magdalena Cauca,Medio Magdalena,Río Nare,2008,04,Andes,Preliminar,0,0,0,4.99239635467529,4.99239635467529,18.3647003173828,20.4622192382813,29.1960430145264,3.05454540252686,6.04363632202148,5,10,0.869565188884735,0.876811623573303,1,1,49,1.04999995231628,0
09,2008-09-05,23080760,,"",SAN ROQUE [23080760],Pluviométrica,Convencional,Activa,Antioquia,San Roque,6.4875,-75.017,820,5/15/1975,,Monchia,Magdalena Cauca,Medio Magdalena,Río Nare,2008,05,Andes,Preliminar,0,0,0,3.75716495513916,3.75716495513916,4.5911750793457,7.6887903213501,4.43126392364502,3.05454540252686,6.04363632202148,5,10,0.869565188884735,0.876811623573303,1,1,49,1.04999995231628,0
09,2010-09-06,23080760,43,Definitivo,SAN ROQUE [23080760],Pluviométrica,Convencional,Activa,Antioquia,San Roque,6.4875,-75.017,820,5/15/1975,,Monchia,Magdalena Cauca,Medio Magdalena,Río Nare,2010,06,Andes,Definitivo,43,43,0,3.80401420593262,3.80401420593262,0,11.9052248001099,4.50487661361694,3.05454540252686,6.04363632202148,5,10,0.869565188884735,0.876811623573303,1,1,50,1.04999995231628,45.1499979496002
09,2020-09-05,23080760,4,Definitivo,SAN ROQUE [23080760],Pluviométrica,Convencional,Activa,Antioquia,San Roque,6.4875,-75.017,820,5/15/1975,,Monchia,Magdalena Cauca,Medio Magdalena,Río Nare,2020,05,Andes,Definitivo,4,4,0,0,0,16.0840358734131,9.08153247833252,15.1437892913818,3.05454540252686,6.04363632202148,5,10,0.869565188884735,0.876811623573303,1,1,49,1.04999995231628,4.19999980926514
09,2019-09-03,23080760,4,Definitivo,SAN ROQUE [23080760],Pluviométrica,Convencional,Activa,Antioquia,San Roque,6.4875,-75.017,820,5/15/1975,,Monchia,Magdalena Cauca,Medio Magdalena,Río Nare,2019,03,Andes,Definitivo,4,4,0,0,0,7.50734949111939,1.05493974685669,0.642575025558472,3.05454540252686,6.04363632202148,5,10,0.869565188884735,0.876811623573303,1,1,49,1.04999995231628,4.19999980926514
09,2010-09-01,23080760,42,Definitivo,SAN ROQUE [23080760],Pluviométrica,Convencional,Activa,Antioquia,San Roque,6.4875,-75.017,820,5/15/1975,,Monchia,Magdalena Cauca,Medio Magdalena,Río Nare,2010,01,Andes,Definitivo,42,42,0,14.3438968658447,14.3438968658447,24.7471294403076,23.4170360565186,19.0422019958496,3.05454540252686,6.04363632202148,5,10,0.869565188884735,0.876811623573303,1,1,49,1.04999995231628,44.0999979972839
09,2014-09-02,23080760,0,Definitivo,SAN ROQUE [23080760],Pluviométrica,Convencional,Activa,Antioquia,San Roque,6.4875,-75.017,820,5/15/1975,,Monchia,Magdalena Cauca,Medio Magdalena,Río Nare,2014,02,Andes,Definitivo,0,0,0,11.3726224899292,11.3726224899292,5.19001388549805,5.70183277130127,18.4885673522949,3.05454540252686,6.04363632202148,5,10,0.869565188884735,0.876811623573303,1,1,49,1.04999995231628,0
09,2012-09-01,23080760,,"",SAN ROQUE [23080760],Pluviométrica,Convencional,Activa,Antioquia,San Roque,6.4875,-75.017,820,5/15/1975,,Monchia,Magdalena Cauca,Medio Magdalena,Río Nare,2012,01,Andes,Preliminar,0,0,0,1.84046375751495,1.84046375751495,0,1.00371122360229,0.206148251891136,3.05454540252686,6.04363632202148,5,10,0.869565188884735,0.876811623573303,1,1,49,1.04999995231628,0
09,2016-09-03,23080760,,"",SAN ROQUE [23080760],Pluviométrica,Convencional,Activa,Antioquia,San Roque,6.4875,-75.017,820,5/15/1975,,Monchia,Magdalena Cauca,Medio Magdalena,Río Nare,2016,03,Andes,Preliminar,0,0,0,10.7404804229736,10.7404804229736,6.37513017654419,1.86240172386169,0.313898056745529,3.05454540252686,6.04363632202148,5,10,0.869565188884735,0.876811623573303,1,1,49,1.04999995231628,0
09,2017-09-07,23080760,4,Definitivo,SAN ROQUE [23080760],Pluviométrica,Convencional,Activa,Antioquia,San Roque,6.4875,-75.017,820,5/15/1975,,Monchia,Magdalena Cauca,Medio Magdalena,Río Nare,2017,07,Andes,Definitivo,4,4,0,5.50359010696411,5.50359010696411,16.4963512420654,16.8993549346924,55.1691513061524,3.05454540252686,6.04363632202148,5,10,0.869565188884735,0.876811623573303,1,1,50,1.04999995231628,4.19999980926514
09,2015-09-15,23080760,,"",SAN ROQUE [23080760],Pluviométrica,Convencional,Activa,Antioquia,San Roque,6.4875,-75.017,820,5/15/1975,,Monchia,Magdalena Cauca,Medio Magdalena,Río Nare,2015,15,Andes,Preliminar,0,0,0,1.96366441249847,1.96366441249847,14.78835105896,0.383245289325714,14.8328809738159,3.05454540252686,6.04363632202148,5,10,0.869565188884735,0.876811623573303,1,1,51,1.04999995231628,0
09,2016-09-18,23080760,10,Definitivo,SAN ROQUE [23080760],Pluviométrica,Convencional,Activa,Antioquia,San Roque,6.4875,-75.017,820,5/15/1975,,Monchia,Magdalena Cauca,Medio Magdalena,Río Nare,2016,18,Andes,Definitivo,10,10,0,9.31990814208984,9.31990814208984,21.0663108825684,24.541654586792,31.7589931488037,3.05454540252686,6.04363632202148,5,10,0.869565188884735,0.876811623573303,1,1,52,1.04999995231628,10.4999995231628
09,2015-09-17,23080760,0,Definitivo,SAN ROQUE [23080760],Pluviométrica,Convencional,Activa,Antioquia,San Roque,6.4875,-75.017,820,5/15/1975,,Monchia,Magdalena Cauca,Medio Magdalena,Río Nare,2015,17,Andes,Definitivo,0,0,0,0,0,22.7444591522217,6.88609838485718,38.9888381958008,3.05454540252686,6.04363632202148,5,10,0.869565188884735,0.876811623573303,1,1,52,1.04999995231628,0
09,2017-09-17,23080760,0,Definitivo,SAN ROQUE [23080760],Pluviométrica,Convencional,Activa,Antioquia,San Roque,6.4875,-75.017,820,5/15/1975,,Monchia,Magdalena Cauca,Medio Magdalena,Río Nare,2017,17,Andes,Definitivo,0,0,0,8.58667469024658,8.58667469024658,24.8885021209717,10.0767269134521,29.8148326873779,3.05454540252686,6.04363632202148,5,10,0.869565188884735,0.876811623573303,1,1,52,1.04999995231628,0
09,2017-09-12,23080760,93,Definitivo,SAN ROQUE [23080760],Pluviométrica,Convencional,Activa,Antioquia,San Roque,6.4875,-75.017,820,5/15/1975,,Monchia,Magdalena Cauca,Medio Magdalena,Río Nare,2017,12,Andes,Definitivo,93,93,0,25.8981323242188,25.8981323242188,0,23.5361366271973,12.6220350265503,3.05454540252686,6.04363632202148,5,10,0.869565188884735,0.876811623573303,1,1,51,1.04999995231628,97.6499955654144
09,2019-09-07,23080760,9,Definitivo,SAN ROQUE [23080760],Pluviométrica,Convencional,Activa,Antioquia,San Roque,6.4875,-75.017,820,5/15/1975,,Monchia,Magdalena Cauca,Medio Magdalena,Río Nare,2019,07,Andes,Definitivo,9,9,0,0,0,0,2.97375154495239,0,3.05454540252686,6.04363632202148,5,10,0.869565188884735,0.876811623573303,1,1,50,1.04999995231628,9.44999957084656
09,2013-09-04,23080760,12,Definitivo,SAN ROQUE [23080760],Pluviométrica,Convencional,Activa,Antioquia,San Roque,6.4875,-75.017,820,5/15/1975,,Monchia,Magdalena Cauca,Medio Magdalena,Río Nare,2013,04,Andes,Definitivo,12,12,0,16.1283702850342,16.1283702850342,7.555100440979,31.9109039306641,26.5720481872559,3.05454540252686,6.04363632202148,5,10,0.869565188884735,0.876811623573303,1,1,49,1.04999995231628,12.5999994277954
09,2014-09-08,23080760,,"",SAN ROQUE [23080760],Pluviométrica,Convencional,Activa,Antioquia,San Roque,6.4875,-75.017,820,5/15/1975,,Monchia,Magdalena Cauca,Medio Magdalena,Río Nare,2014,08,Andes,Preliminar,0,0,0,0,0,21.2835865020752,18.2266845703125,1.12588214874268,3.05454540252686,6.04363632202148,5,10,0.869565188884735,0.876811623573303,1,1,50,1.04999995231628,0
09,2014-09-03,23080760,4,Definitivo,SAN ROQUE [23080760],Pluviométrica,Convencional,Activa,Antioquia,San Roque,6.4875,-75.017,820,5/15/1975,,Monchia,Magdalena Cauca,Medio Magdalena,Río Nare,2014,03,Andes,Definitivo,4,4,0,16.382080078125,16.382080078125,5.19001388549805,6.13520860671997,4.12099266052246,3.05454540252686,6.04363632202148,5,10,0.869565188884735,0.876811623573303,1,1,49,1.04999995231628,4.19999980926514
09,2017-09-08,23080760,40,Definitivo,SAN ROQUE [23080760],Pluviométrica,Convencional,Activa,Antioquia,San Roque,6.4875,-75.017,820,5/15/1975,,Monchia,Magdalena Cauca,Medio Magdalena,Río Nare,2017,08,Andes,Definitivo,40,40,0,36.7891540527344,36.7891540527344,16.4963512420654,25.109209060669,4.88468503952026,3.05454540252686,6.04363632202148,5,10,0.869565188884735,0.876811623573303,1,1,50,1.04999995231628,41.9999980926514
09,2016-09-11,23080760,50,Definitivo,SAN ROQUE [23080760],Pluviométrica,Convencional,Activa,Antioquia,San Roque,6.4875,-75.017,820,5/15/1975,,Monchia,Magdalena Cauca,Medio Magdalena,Río Nare,2016,11,Andes,Definitivo,50,50,0,4.66387367248535,4.66387367248535,15.1103382110596,17.2291297912598,19.1039352416992,3.05454540252686,6.04363632202148,5,10,0.869565188884735,0.876811623573303,1,1,51,1.04999995231628,52.4999976158142
09,2012-09-02,23080760,3,Definitivo,SAN ROQUE [23080760],Pluviométrica,Convencional,Activa,Antioquia,San Roque,6.4875,-75.017,820,5/15/1975,,Monchia,Magdalena Cauca,Medio Magdalena,Río Nare,2012,02,Andes,Definitivo,3,3,0,1.08826196193695,1.08826196193695,6.35929012298584,3.5076379776001,1.27747428417206,3.05454540252686,6.04363632202148,5,10,0.869565188884735,0.876811623573303,1,1,49,1.04999995231628,3.14999985694885
09,2011-09-06,23080760,2,Definitivo,SAN ROQUE [23080760],Pluviométrica,Convencional,Activa,Antioquia,San Roque,6.4875,-75.017,820,5/15/1975,,Monchia,Magdalena Cauca,Medio Magdalena,Río Nare,2011,06,Andes,Definitivo,2,2,0,0.799239873886108,0.799239873886108,0,2.45490503311157,6.68718576431274,3.05454540252686,6.04363632202148,5,10,0.869565188884735,0.876811623573303,1,1,50,1.04999995231628,2.09999990463257
09,2007-09-02,23080760,9,Definitivo,SAN ROQUE [23080760],Pluviométrica,Convencional,Activa,Antioquia,San Roque,6.4875,-75.017,820,5/15/1975,,Monchia,Magdalena Cauca,Medio Magdalena,Río Nare,2007,02,Andes,Definitivo,9,9,0,5.50639915466309,5.50639915466309,0,3.21368765830994,0.0181622710078955,3.05454540252686,6.04363632202148,5,10,0.869565188884735,0.876811623573303,1,1,49,1.04999995231628,9.44999957084656
09,2009-09-02,23080760,20,Definitivo,SAN ROQUE [23080760],Pluviométrica,Convencional,Activa,Antioquia,San Roque,6.4875,-75.017,820,5/15/1975,,Monchia,Magdalena Cauca,Medio Magdalena,Río Nare,2009,02,Andes,Definitivo,20,20,0,7.55777978897095,7.55777978897095,0,1.91720330715179,0.167171731591225,3.05454540252686,6.04363632202148,5,10,0.869565188884735,0.876811623573303,1,1,49,1.04999995231628,20.9999990463257
09,2014-09-19,23080760,66,Definitivo,SAN ROQUE [23080760],Pluviométrica,Convencional,Activa,Antioquia,San Roque,6.4875,-75.017,820,5/15/1975,,Monchia,Magdalena Cauca,Medio Magdalena,Río Nare,2014,19,Andes,Definitivo,66,66,0,5.99883317947388,5.99883317947388,0,44.2702255249024,0.46294167637825,3.05454540252686,6.04363632202148,5,10,0.869565188884735,0.876811623573303,1,1,52,1.04999995231628,69.2999968528748
09,2002-09-03,23080760,0,Definitivo,SAN ROQUE [23080760],Pluviométrica,Convencional,Activa,Antioquia,San Roque,6.4875,-75.017,820,5/15/1975,,Monchia,Magdalena Cauca,Medio Magdalena,Río Nare,2002,03,Andes,Definitivo,0,0,0,7.15407609939575,7.15407609939575,9.00806617736816,4.92751693725586,0.249942675232887,3.05454540252686,6.04363632202148,5,10,0.869565188884735,0.876811623573303,1,1,49,1.04999995231628,0
09,2016-09-02,23080760,0,Definitivo,SAN ROQUE [23080760],Pluviométrica,Convencional,Activa,Antioquia,San Roque,6.4875,-75.017,820,5/15/1975,,Monchia,Magdalena Cauca,Medio Magdalena,Río Nare,2016,02,Andes,Definitivo,0,0,0,3.57087516784668,3.57087516784668,6.37513017654419,9.48064231872559,4.24212646484375,3.05454540252686,6.04363632202148,5,10,0.869565188884735,0.876811623573303,1,1,49,1.04999995231628,0
09,2018-09-04,23080760,0,Definitivo,SAN ROQUE [23080760],Pluviométrica,Convencional,Activa,Antioquia,San Roque,6.4875,-75.017,820,5/15/1975,,Monchia,Magdalena Cauca,Medio Magdalena,Río Nare,2018,04,Andes,Definitivo,0,0,0,3.50003123283386,3.50003123283386,27.8278255462647,30.5274391174316,55.1856079101563,3.05454540252686,6.04363632202148,5,10,0.869565188884735,0.876811623573303,1,1,49,1.04999995231628,0
09,2019-09-02,23080760,9,Definitivo,SAN ROQUE [23080760],Pluviométrica,Convencional,Activa,Antioquia,San Roque,6.4875,-75.017,820,5/15/1975,,Monchia,Magdalena Cauca,Medio Magdalena,Río Nare,2019,02,Andes,Definitivo,9,9,0,27.1064300537109,27.1064300537109,15.0146989822388,55.6184005737305,32.516284942627,3.05454540252686,6.04363632202148,5,10,0.869565188884735,0.876811623573303,1,1,49,1.04999995231628,9.44999957084656
09,2021-09-02,23080760,0,Definitivo,SAN ROQUE [23080760],Pluviométrica,Convencional,Activa,Antioquia,San Roque,6.4875,-75.017,820,5/15/1975,,Monchia,Magdalena Cauca,Medio Magdalena,Río Nare,2021,02,Andes,Definitivo,0,0,0,29.6914157867432,29.6914157867432,16.1065711975098,14.5457763671875,14.4237365722656,3.05454540252686,6.04363632202148,5,10,0.869565188884735,0.876811623573303,1,1,49,1.04999995231628,0
09,2010-09-02,23080760,36,Definitivo,SAN ROQUE [23080760],Pluviométrica,Convencional,Activa,Antioquia,San Roque,6.4875,-75.017,820,5/15/1975,,Monchia,Magdalena Cauca,Medio Magdalena,Río Nare,2010,02,Andes,Definitivo,36,36,0,42.974235534668,42.974235534668,49.4942588806152,26.4797496795654,37.7784233093262,3.05454540252686,6.04363632202148,5,10,0.869565188884735,0.876811623573303,1,1,49,1.04999995231628,37.7999982833862
09,2016-09-14,23080760,26,Definitivo,SAN ROQUE [23080760],Pluviométrica,Convencional,Activa,Antioquia,San Roque,6.4875,-75.017,820,5/15/1975,,Monchia,Magdalena Cauca,Medio Magdalena,Río Nare,2016,14,Andes,Definitivo,26,26,0,8.57323837280273,8.57323837280273,15.1103382110596,36.0217018127441,3.33776259422302,3.05454540252686,6.04363632202148,5,10,0.869565188884735,0.876811623573303,1,1,51,1.04999995231628,27.2999987602234
09,2018-09-05,23080760,25,Definitivo,SAN ROQUE [23080760],Pluviométrica,Convencional,Activa,Antioquia,San Roque,6.4875,-75.017,820,5/15/1975,,Monchia,Magdalena Cauca,Medio Magdalena,Río Nare,2018,05,Andes,Definitivo,25,25,0,6.30197811126709,6.30197811126709,0,11.1549463272095,0.149302527308464,3.05454540252686,6.04363632202148,5,10,0.869565188884735,0.876811623573303,1,1,49,1.04999995231628,26.2499988079071
09,2008-09-01,23080760,9,Definitivo,SAN ROQUE [23080760],Pluviométrica,Convencional,Activa,Antioquia,San Roque,6.4875,-75.017,820,5/15/1975,,Monchia,Magdalena Cauca,Medio Magdalena,Río Nare,2008,01,Andes,Definitivo,9,9,0,1.54404020309448,1.54404020309448,4.5911750793457,7.3158392906189,7.30060625076294,3.05454540252686,6.04363632202148,5,10,0.869565188884735,0.876811623573303,1,1,49,1.04999995231628,9.44999957084656
09,2016-09-13,23080760,10,Definitivo,SAN ROQUE [23080760],Pluviométrica,Convencional,Activa,Antioquia,San Roque,6.4875,-75.017,820,5/15/1975,,Monchia,Magdalena Cauca,Medio Magdalena,Río Nare,2016,13,Andes,Definitivo,10,10,0,45.1799354553223,45.1799354553223,0,18.2464847564697,0.0750370398163796,3.05454540252686,6.04363632202148,5,10,0.869565188884735,0.876811623573303,1,1,51,1.04999995231628,10.4999995231628
09,2014-09-01,23080760,0,Definitivo,SAN ROQUE [23080760],Pluviométrica,Convencional,Activa,Antioquia,San Roque,6.4875,-75.017,820,5/15/1975,,Monchia,Magdalena Cauca,Medio Magdalena,Río Nare,2014,01,Andes,Definitivo,0,0,0,0,0,0,0.326111793518066,0,3.05454540252686,6.04363632202148,5,10,0.869565188884735,0.876811623573303,1,1,49,1.04999995231628,0
09,2018-09-09,23080760,2,Definitivo,SAN ROQUE [23080760],Pluviométrica,Convencional,Activa,Antioquia,San Roque,6.4875,-75.017,820,5/15/1975,,Monchia,Magdalena Cauca,Medio Magdalena,Río Nare,2018,09,Andes,Definitivo,2,2,0,0.846241354942322,0.846241354942322,9.81076812744141,2.70422768592834,18.9657344818115,3.05454540252686,6.04363632202148,5,10,0.869565188884735,0.876811623573303,1,1,50,1.04999995231628,2.09999990463257
09,2014-09-18,23080760,12,Definitivo,SAN ROQUE [23080760],Pluviométrica,Convencional,Activa,Antioquia,San Roque,6.4875,-75.017,820,5/15/1975,,Monchia,Magdalena Cauca,Medio Magdalena,Río Nare,2014,18,Andes,Definitivo,12,12,0,17.627311706543,17.627311706543,26.7802085876465,25.5237426757813,38.7850952148438,3.05454540252686,6.04363632202148,5,10,0.869565188884735,0.876811623573303,1,1,52,1.04999995231628,12.5999994277954
09,2011-09-04,23080760,,"",SAN ROQUE [23080760],Pluviométrica,Convencional,Activa,Antioquia,San Roque,6.4875,-75.017,820,5/15/1975,,Monchia,Magdalena Cauca,Medio Magdalena,Río Nare,2011,04,Andes,Preliminar,0,0,0,10.5574283599854,10.5574283599854,0,7.8774151802063,0.296166628599167,3.05454540252686,6.04363632202148,5,10,0.869565188884735,0.876811623573303,1,1,49,1.04999995231628,0
09,2015-09-16,23080760,10,Definitivo,SAN ROQUE [23080760],Pluviométrica,Convencional,Activa,Antioquia,San Roque,6.4875,-75.017,820,5/15/1975,,Monchia,Magdalena Cauca,Medio Magdalena,Río Nare,2015,16,Andes,Definitivo,10,10,0,0,0,0,3.70033717155457,0.0456355027854443,3.05454540252686,6.04363632202148,5,10,0.869565188884735,0.876811623573303,1,1,52,1.04999995231628,10.4999995231628
09,2010-09-03,23080760,27,Definitivo,SAN ROQUE [23080760],Pluviométrica,Convencional,Activa,Antioquia,San Roque,6.4875,-75.017,820,5/15/1975,,Monchia,Magdalena Cauca,Medio Magdalena,Río Nare,2010,03,Andes,Definitivo,27,27,0,21.5924472808838,21.5924472808838,0,18.1456050872803,12.1743402481079,3.05454540252686,6.04363632202148,5,10,0.869565188884735,0.876811623573303,1,1,49,1.04999995231628,28.3499987125397
09,2009-09-03,23080760,39,Definitivo,SAN ROQUE [23080760],Pluviométrica,Convencional,Activa,Antioquia,San Roque,6.4875,-75.017,820,5/15/1975,,Monchia,Magdalena Cauca,Medio Magdalena,Río Nare,2009,03,Andes,Definitivo,39,39,0,16.7287693023682,16.7287693023682,19.8382625579834,18.8858013153076,10.6116018295288,3.05454540252686,6.04363632202148,5,10,0.869565188884735,0.876811623573303,1,1,49,1.04999995231628,40.9499981403351
09,2018-09-06,23080760,9,Definitivo,SAN ROQUE [23080760],Pluviométrica,Convencional,Activa,Antioquia,San Roque,6.4875,-75.017,820,5/15/1975,,Monchia,Magdalena Cauca,Medio Magdalena,Río Nare,2018,06,Andes,Definitivo,9,9,0,4.56450891494751,4.56450891494751,24.5269203186035,51.1685943603516,32.2753448486328,3.05454540252686,6.04363632202148,5,10,0.869565188884735,0.876811623573303,1,1,50,1.04999995231628,9.44999957084656
09,2017-09-01,23080760,0,Definitivo,SAN ROQUE [23080760],Pluviométrica,Convencional,Activa,Antioquia,San Roque,6.4875,-75.017,820,5/15/1975,,Monchia,Magdalena Cauca,Medio Magdalena,Río Nare,2017,01,Andes,Definitivo,0,0,0,0,0,0,0.0762958228588104,0,3.05454540252686,6.04363632202148,5,10,0.869565188884735,0.876811623573303,1,1,49,1.04999995231628,0
09,2018-09-08,23080760,29,Definitivo,SAN ROQUE [23080760],Pluviométrica,Convencional,Activa,Antioquia,San Roque,6.4875,-75.017,820,5/15/1975,,Monchia,Magdalena Cauca,Medio Magdalena,Río Nare,2018,08,Andes,Definitivo,29,29,0,32.8602981567383,32.8602981567383,14.7161521911621,4.28185319900513,6.46875619888306,3.05454540252686,6.04363632202148,5,10,0.869565188884735,0.876811623573303,1,1,50,1.04999995231628,30.4499986171722
09,2014-09-04,23080760,0,Definitivo,SAN ROQUE [23080760],Pluviométrica,Convencional,Activa,Antioquia,San Roque,6.4875,-75.017,820,5/15/1975,,Monchia,Magdalena Cauca,Medio Magdalena,Río Nare,2014,04,Andes,Definitivo,0,0,0,6.0435905456543,6.0435905456543,15.5700407028198,14.7338237762451,2.54007339477539,3.05454540252686,6.04363632202148,5,10,0.869565188884735,0.876811623573303,1,1,49,1.04999995231628,0
09,2021-09-01,23080760,4,Definitivo,SAN ROQUE [23080760],Pluviométrica,Convencional,Activa,Antioquia,San Roque,6.4875,-75.017,820,5/15/1975,,Monchia,Magdalena Cauca,Medio Magdalena,Río Nare,2021,01,Andes,Definitivo,4,4,0,8.29674243927002,8.29674243927002,0,14.5457763671875,9.12730693817139,3.05454540252686,6.04363632202148,5,10,0.869565188884735,0.876811623573303,1,1,49,1.04999995231628,4.19999980926514
09,2016-09-04,23080760,32,Definitivo,SAN ROQUE [23080760],Pluviométrica,Convencional,Activa,Antioquia,San Roque,6.4875,-75.017,820,5/15/1975,,Monchia,Magdalena Cauca,Medio Magdalena,Río Nare,2016,04,Andes,Definitivo,32,32,0,20.6407661437988,20.6407661437988,6.37513017654419,12.3678894042969,4.37433815002441,3.05454540252686,6.04363632202148,5,10,0.869565188884735,0.876811623573303,1,1,49,1.04999995231628,33.5999984741211
09,2013-09-03,23080760,30,Definitivo,SAN ROQUE [23080760],Pluviométrica,Convencional,Activa,Antioquia,San Roque,6.4875,-75.017,820,5/15/1975,,Monchia,Magdalena Cauca,Medio Magdalena,Río Nare,2013,03,Andes,Definitivo,30,30,0,21.1927127838135,21.1927127838135,7.555100440979,20.9459552764893,31.4861488342285,3.05454540252686,6.04363632202148,5,10,0.869565188884735,0.876811623573303,1,1,49,1.04999995231628,31.4999985694885
09,2005-09-01,23080760,23,Definitivo,SAN ROQUE [23080760],Pluviométrica,Convencional,Activa,Antioquia,San Roque,6.4875,-75.017,820,5/15/1975,,Monchia,Magdalena Cauca,Medio Magdalena,Río Nare,2005,01,Andes,Definitivo,23,23,0,6.65029001235962,6.65029001235962,0,16.8163948059082,29.4136295318604,3.05454540252686,6.04363632202148,5,10,0.869565188884735,0.876811623573303,1,1,49,1.04999995231628,24.1499989032745
09,2008-09-02,23080760,22,Definitivo,SAN ROQUE [23080760],Pluviométrica,Convencional,Activa,Antioquia,San Roque,6.4875,-75.017,820,5/15/1975,,Monchia,Magdalena Cauca,Medio Magdalena,Río Nare,2008,02,Andes,Definitivo,22,22,0,11.1428241729736,11.1428241729736,9.18235015869141,19.4582328796387,16.7635555267334,3.05454540252686,6.04363632202148,5,10,0.869565188884735,0.876811623573303,1,1,49,1.04999995231628,23.0999989509583
09,2005-09-02,23080760,31,Definitivo,SAN ROQUE [23080760],Pluviométrica,Convencional,Activa,Antioquia,San Roque,6.4875,-75.017,820,5/15/1975,,Monchia,Magdalena Cauca,Medio Magdalena,Río Nare,2005,02,Andes,Definitivo,31,31,0,4.79439544677734,4.79439544677734,45.4892234802246,17.4288673400879,48.2055053710938,3.05454540252686,6.04363632202148,5,10,0.869565188884735,0.876811623573303,1,1,49,1.04999995231628,32.5499985218048
09,2016-09-12,23080760,0,Definitivo,SAN ROQUE [23080760],Pluviométrica,Convencional,Activa,Antioquia,San Roque,6.4875,-75.017,820,5/15/1975,,Monchia,Magdalena Cauca,Medio Magdalena,Río Nare,2016,12,Andes,Definitivo,0,0,0,11.9634494781494,11.9634494781494,30.2206764221191,19.8311157226563,25.2589645385742,3.05454540252686,6.04363632202148,5,10,0.869565188884735,0.876811623573303,1,1,51,1.04999995231628,0
09,2017-09-10,23080760,2,Definitivo,SAN ROQUE [23080760],Pluviométrica,Convencional,Activa,Antioquia,San Roque,6.4875,-75.017,820,5/15/1975,,Monchia,Magdalena Cauca,Medio Magdalena,Río Nare,2017,10,Andes,Definitivo,2,2,0,16.1883678436279,16.1883678436279,41.2408828735352,36.1288528442383,8.38102626800537,3.05454540252686,6.04363632202148,5,10,0.869565188884735,0.876811623573303,1,1,50,1.04999995231628,2.09999990463257
09,2017-09-11,23080760,0,Definitivo,SAN ROQUE [23080760],Pluviométrica,Convencional,Activa,Antioquia,San Roque,6.4875,-75.017,820,5/15/1975,,Monchia,Magdalena Cauca,Medio Magdalena,Río Nare,2017,11,Andes,Definitivo,0,0,0,3.58321452140808,3.58321452140808,14.0588693618774,2.10568523406982,0.12790422141552,3.05454540252686,6.04363632202148,5,10,0.869565188884735,0.876811623573303,1,1,51,1.04999995231628,0
09,2019-09-05,23080760,60,Definitivo,SAN ROQUE [23080760],Pluviométrica,Convencional,Activa,Antioquia,San Roque,6.4875,-75.017,820,5/15/1975,,Monchia,Magdalena Cauca,Medio Magdalena,Río Nare,2019,05,Andes,Definitivo,60,60,0,0,0,7.50734949111939,4.86819314956665,0.285428196191788,3.05454540252686,6.04363632202148,5,10,0.869565188884735,0.876811623573303,1,1,49,1.04999995231628,62.9999971389771
09,2007-09-03,23080760,5,Definitivo,SAN ROQUE [23080760],Pluviométrica,Convencional,Activa,Antioquia,San Roque,6.4875,-75.017,820,5/15/1975,,Monchia,Magdalena Cauca,Medio Magdalena,Río Nare,2007,03,Andes,Definitivo,5,5,0,12.3258638381958,12.3258638381958,11.966344833374,7.38922595977783,18.0332088470459,3.05454540252686,6.04363632202148,5,10,0.869565188884735,0.876811623573303,1,1,49,1.04999995231628,5.24999976158142
09,2011-09-03,23080760,19,Definitivo,SAN ROQUE [23080760],Pluviométrica,Convencional,Activa,Antioquia,San Roque,6.4875,-75.017,820,5/15/1975,,Monchia,Magdalena Cauca,Medio Magdalena,Río Nare,2011,03,Andes,Definitivo,19,19,0,1.96094596385956,1.96094596385956,12.179515838623,14.1001539230347,29.9948329925537,3.05454540252686,6.04363632202148,5,10,0.869565188884735,0.876811623573303,1,1,49,1.04999995231628,19.9499990940094
09,2017-09-09,23080760,56,Definitivo,SAN ROQUE [23080760],Pluviométrica,Convencional,Activa,Antioquia,San Roque,6.4875,-75.017,820,5/15/1975,,Monchia,Magdalena Cauca,Medio Magdalena,Río Nare,2017,09,Andes,Definitivo,56,56,0,13.0160846710205,13.0160846710205,8.24817562103272,45.0326766967773,53.4379043579102,3.05454540252686,6.04363632202148,5,10,0.869565188884735,0.876811623573303,1,1,50,1.04999995231628,58.7999973297119
09,2014-09-05,23080760,0,Definitivo,SAN ROQUE [23080760],Pluviométrica,Convencional,Activa,Antioquia,San Roque,6.4875,-75.017,820,5/15/1975,,Monchia,Magdalena Cauca,Medio Magdalena,Río Nare,2014,05,Andes,Definitivo,0,0,0,2.39238452911377,2.39238452911377,0,2.11136627197266,3.8587121963501,3.05454540252686,6.04363632202148,5,10,0.869565188884735,0.876811623573303,1,1,49,1.04999995231628,0
09,2015-09-01,23080760,0,Definitivo,SAN ROQUE [23080760],Pluviométrica,Convencional,Activa,Antioquia,San Roque,6.4875,-75.017,820,5/15/1975,,Monchia,Magdalena Cauca,Medio Magdalena,Río Nare,2015,01,Andes,Definitivo,0,0,0,0,0,9.30909538269043,14.0109481811523,16.471378326416,3.05454540252686,6.04363632202148,5,10,0.869565188884735,0.876811623573303,1,1,49,1.04999995231628,0
09,2016-09-05,23080760,,"",SAN ROQUE [23080760],Pluviométrica,Convencional,Activa,Antioquia,San Roque,6.4875,-75.017,820,5/15/1975,,Monchia,Magdalena Cauca,Medio Magdalena,Río Nare,2016,05,Andes,Preliminar,12,12,0,12.9463176727295,12.9463176727295,25.5005207061768,27.4011459350586,52.2895660400391,3.05454540252686,6.04363632202148,5,10,0.869565188884735,0.876811623573303,1,1,49,1.04999995231628,12.5999994277954
09,2015-09-02,23080760,0,Definitivo,SAN ROQUE [23080760],Pluviométrica,Convencional,Activa,Antioquia,San Roque,6.4875,-75.017,820,5/15/1975,,Monchia,Magdalena Cauca,Medio Magdalena,Río Nare,2015,02,Andes,Definitivo,0,0,0,35.5401153564453,35.5401153564453,9.30909538269043,3.50399327278137,15.938138961792,3.05454540252686,6.04363632202148,5,10,0.869565188884735,0.876811623573303,1,1,49,1.04999995231628,0
09,2011-09-01,23080760,,"",SAN ROQUE [23080760],Pluviométrica,Convencional,Activa,Antioquia,San Roque,6.4875,-75.017,820,5/15/1975,,Monchia,Magdalena Cauca,Medio Magdalena,Río Nare,2011,01,Andes,Preliminar,0,0,0,0,0,0,0.0108387274667621,0.103534504771233,3.05454540252686,6.04363632202148,5,10,0.869565188884735,0.876811623573303,1,1,49,1.04999995231628,0
09,2020-09-03,23080760,38,Definitivo,SAN ROQUE [23080760],Pluviométrica,Convencional,Activa,Antioquia,San Roque,6.4875,-75.017,820,5/15/1975,,Monchia,Magdalena Cauca,Medio Magdalena,Río Nare,2020,03,Andes,Definitivo,38,38,0,4.93320322036743,4.93320322036743,0,3.23269724845886,0,3.05454540252686,6.04363632202148,5,10,0.869565188884735,0.876811623573303,1,1,49,1.04999995231628,39.8999981880188
09,2019-09-01,23080760,28,Definitivo,SAN ROQUE [23080760],Pluviométrica,Convencional,Activa,Antioquia,San Roque,6.4875,-75.017,820,5/15/1975,,Monchia,Magdalena Cauca,Medio Magdalena,Río Nare,2019,01,Andes,Definitivo,28,28,0,17.5862331390381,17.5862331390381,15.0146989822388,0.337151974439621,25.8670330047607,3.05454540252686,6.04363632202148,5,10,0.869565188884735,0.876811623573303,1,1,49,1.04999995231628,29.399998664856
09,2018-09-03,23080760,26,Definitivo,SAN ROQUE [23080760],Pluviométrica,Convencional,Activa,Antioquia,San Roque,6.4875,-75.017,820,5/15/1975,,Monchia,Magdalena Cauca,Medio Magdalena,Río Nare,2018,03,Andes,Definitivo,26,26,0,1.77377736568451,1.77377736568451,18.5518817901611,26.287769317627,0.618898749351502,3.05454540252686,6.04363632202148,5,10,0.869565188884735,0.876811623573303,1,1,49,1.04999995231628,27.2999987602234
09,2017-09-05,23080760,10,Definitivo,SAN ROQUE [23080760],Pluviométrica,Convencional,Activa,Antioquia,San Roque,6.4875,-75.017,820,5/15/1975,,Monchia,Magdalena Cauca,Medio Magdalena,Río Nare,2017,05,Andes,Definitivo,10,10,0,18.4979820251465,18.4979820251465,24.3847675323486,37.6536331176758,21.9333610534668,3.05454540252686,6.04363632202148,5,10,0.869565188884735,0.876811623573303,1,1,49,1.04999995231628,10.4999995231628
09,2018-09-07,23080760,0,Definitivo,SAN ROQUE [23080760],Pluviométrica,Convencional,Activa,Antioquia,San Roque,6.4875,-75.017,820,5/15/1975,,Monchia,Magdalena Cauca,Medio Magdalena,Río Nare,2018,07,Andes,Definitivo,0,0,0,11.8255767822266,11.8255767822266,9.81076812744141,15.4457788467407,16.0547733306885,3.05454540252686,6.04363632202148,5,10,0.869565188884735,0.876811623573303,1,1,50,1.04999995231628,0
09,2019-09-06,23080760,0,Definitivo,SAN ROQUE [23080760],Pluviométrica,Convencional,Activa,Antioquia,San Roque,6.4875,-75.017,820,5/15/1975,,Monchia,Magdalena Cauca,Medio Magdalena,Río Nare,2019,06,Andes,Definitivo,0,0,0,16.745059967041,16.745059967041,7.1546220779419,17.1294326782227,29.6486377716064,3.05454540252686,6.04363632202148,5,10,0.869565188884735,0.876811623573303,1,1,50,1.04999995231628,0
09,2018-09-02,23080760,0,Definitivo,SAN ROQUE [23080760],Pluviométrica,Convencional,Activa,Antioquia,San Roque,6.4875,-75.017,820,5/15/1975,,Monchia,Magdalena Cauca,Medio Magdalena,Río Nare,2018,02,Andes,Definitivo,0,0,0,19.8840522766113,19.8840522766113,0,9.02780723571777,0.0233082957565784,3.05454540252686,6.04363632202148,5,10,0.869565188884735,0.876811623573303,1,1,49,1.04999995231628,0
09,2017-09-04,23080760,0,Definitivo,SAN ROQUE [23080760],Pluviométrica,Convencional,Activa,Antioquia,San Roque,6.4875,-75.017,820,5/15/1975,,Monchia,Magdalena Cauca,Medio Magdalena,Río Nare,2017,04,Andes,Definitivo,0,0,0,2.14972066879272,2.14972066879272,0,8.42671394348145,0,3.05454540252686,6.04363632202148,5,10,0.869565188884735,0.876811623573303,1,1,49,1.04999995231628,0
09,2013-09-01,23080760,0,Definitivo,SAN ROQUE [23080760],Pluviométrica,Convencional,Activa,Antioquia,San Roque,6.4875,-75.017,820,5/15/1975,,Monchia,Magdalena Cauca,Medio Magdalena,Río Nare,2013,01,Andes,Definitivo,0,0,0,0,0,30.220401763916,2.21825575828552,9.57688903808594,3.05454540252686,6.04363632202148,5,10,0.869565188884735,0.876811623573303,1,1,49,1.04999995231628,0
09,2019-09-04,23080760,0,Definitivo,SAN ROQUE [23080760],Pluviométrica,Convencional,Activa,Antioquia,San Roque,6.4875,-75.017,820,5/15/1975,,Monchia,Magdalena Cauca,Medio Magdalena,Río Nare,2019,04,Andes,Definitivo,0,0,0,8.02288818359375,8.02288818359375,15.0146989822388,12.0103225708008,14.5776882171631,3.05454540252686,6.04363632202148,5,10,0.869565188884735,0.876811623573303,1,1,49,1.04999995231628,0
09,2013-09-02,23080760,19,Definitivo,SAN ROQUE [23080760],Pluviométrica,Convencional,Activa,Antioquia,San Roque,6.4875,-75.017,820,5/15/1975,,Monchia,Magdalena Cauca,Medio Magdalena,Río Nare,2013,02,Andes,Definitivo,19,19,0,3.52533173561096,3.52533173561096,15.110200881958,16.4275493621826,6.5551233291626,3.05454540252686,6.04363632202148,5,10,0.869565188884735,0.876811623573303,1,1,49,1.04999995231628,19.9499990940094
09,2016-09-01,23080760,8,Definitivo,SAN ROQUE [23080760],Pluviométrica,Convencional,Activa,Antioquia,San Roque,6.4875,-75.017,820,5/15/1975,,Monchia,Magdalena Cauca,Medio Magdalena,Río Nare,2016,01,Andes,Definitivo,8,8,0,7.0450496673584,7.0450496673584,19.1253890991211,25.6534767150879,15.5456371307373,3.05454540252686,6.04363632202148,5,10,0.869565188884735,0.876811623573303,1,1,49,1.04999995231628,8.39999961853027
09,2018-09-01,23080760,0,Definitivo,SAN ROQUE [23080760],Pluviométrica,Convencional,Activa,Antioquia,San Roque,6.4875,-75.017,820,5/15/1975,,Monchia,Magdalena Cauca,Medio Magdalena,Río Nare,2018,01,Andes,Definitivo,0,0,0,9.23761749267578,9.23761749267578,27.8278255462647,12.9090881347656,33.9299392700195,3.05454540252686,6.04363632202148,5,10,0.869565188884735,0.876811623573303,1,1,49,1.04999995231628,0
09,2015-09-03,23080760,0,Definitivo,SAN ROQUE [23080760],Pluviométrica,Convencional,Activa,Antioquia,San Roque,6.4875,-75.017,820,5/15/1975,,Monchia,Magdalena Cauca,Medio Magdalena,Río Nare,2015,03,Andes,Definitivo,0,0,0,0,0,4.65454769134522,7.92412567138672,5.06170654296875,3.05454540252686,6.04363632202148,5,10,0.869565188884735,0.876811623573303,1,1,49,1.04999995231628,0
09,2014-09-06,23080760,,"",SAN ROQUE [23080760],Pluviométrica,Convencional,Activa,Antioquia,San Roque,6.4875,-75.017,820,5/15/1975,,Monchia,Magdalena Cauca,Medio Magdalena,Río Nare,2014,06,Andes,Preliminar,0,0,0,27.5500335693359,27.5500335693359,15.9626893997192,6.91405487060547,20.2957000732422,3.05454540252686,6.04363632202148,5,10,0.869565188884735,0.876811623573303,1,1,50,1.04999995231628,0
09,2011-09-02,23080760,20,Definitivo,SAN ROQUE [23080760],Pluviométrica,Convencional,Activa,Antioquia,San Roque,6.4875,-75.017,820,5/15/1975,,Monchia,Magdalena Cauca,Medio Magdalena,Río Nare,2011,02,Andes,Definitivo,20,20,0,0,0,12.179515838623,0.525036931037903,1.4731080532074,3.05454540252686,6.04363632202148,5,10,0.869565188884735,0.876811623573303,1,1,49,1.04999995231628,20.9999990463257
10,2014-10-30,23080760,55,Definitivo,SAN ROQUE [23080760],Pluviométrica,Convencional,Activa,Antioquia,San Roque,6.4875,-75.017,820,5/15/1975,,Monchia,Magdalena Cauca,Medio Magdalena,Río Nare,2014,30,Andes,Definitivo,55,55,0,17.5818042755127,17.5818042755127,31.42702293396,21.2565574645996,10.6385650634766,3.05454540252686,6.04363632202148,5,10,0.869565188884735,0.876811623573303,1,1,60,1.05999994277954,58.2999968528748
10,2014-10-29,23080760,4,Definitivo,SAN ROQUE [23080760],Pluviométrica,Convencional,Activa,Antioquia,San Roque,6.4875,-75.017,820,5/15/1975,,Monchia,Magdalena Cauca,Medio Magdalena,Río Nare,2014,29,Andes,Definitivo,4,4,0,16.0254402160645,16.0254402160645,15.71351146698,12.604531288147,6.05212688446045,3.05454540252686,6.04363632202148,5,10,0.869565188884735,0.876811623573303,1,1,60,1.05999994277954,4.23999977111816
10,2016-10-30,23080760,0,Definitivo,SAN ROQUE [23080760],Pluviométrica,Convencional,Activa,Antioquia,San Roque,6.4875,-75.017,820,5/15/1975,,Monchia,Magdalena Cauca,Medio Magdalena,Río Nare,2016,30,Andes,Definitivo,0,0,0,0.426559925079346,0.426559925079346,0,1.75135719776154,0,3.05454540252686,6.04363632202148,5,10,0.869565188884735,0.876811623573303,1,1,60,1.05999994277954,0
10,2019-10-30,23080760,0,Definitivo,SAN ROQUE [23080760],Pluviométrica,Convencional,Activa,Antioquia,San Roque,6.4875,-75.017,820,5/15/1975,,Monchia,Magdalena Cauca,Medio Magdalena,Río Nare,2019,30,Andes,Definitivo,0,0,0,6.87476015090942,6.87476015090942,26.8917579650879,17.5358180999756,39.652717590332,3.05454540252686,6.04363632202148,5,10,0.869565188884735,0.876811623573303,1,1,60,1.05999994277954,0
10,2009-10-31,23080760,4,Definitivo,SAN ROQUE [23080760],Pluviométrica,Convencional,Activa,Antioquia,San Roque,6.4875,-75.017,820,5/15/1975,,Monchia,Magdalena Cauca,Medio Magdalena,Río Nare,2009,31,Andes,Definitivo,4,4,0,11.3151397705078,11.3151397705078,0,31.7041187286377,7.91824388504028,3.05454540252686,6.04363632202148,5,10,0.869565188884735,0.876811623573303,1,1,60,1.05999994277954,4.23999977111816
10,2009-10-30,23080760,,"",SAN ROQUE [23080760],Pluviométrica,Convencional,Activa,Antioquia,San Roque,6.4875,-75.017,820,5/15/1975,,Monchia,Magdalena Cauca,Medio Magdalena,Río Nare,2009,30,Andes,Preliminar,0,0,0,28.4878063201904,28.4878063201904,32.8372802734375,16.4079704284668,60.2103080749512,3.05454540252686,6.04363632202148,5,10,0.869565188884735,0.876811623573303,1,1,60,1.05999994277954,0
10,2016-10-31,23080760,57,Definitivo,SAN ROQUE [23080760],Pluviométrica,Convencional,Activa,Antioquia,San Roque,6.4875,-75.017,820,5/15/1975,,Monchia,Magdalena Cauca,Medio Magdalena,Río Nare,2016,31,Andes,Definitivo,57,57,0,3.06669092178345,3.06669092178345,0,11.8807744979858,13.0450859069824,3.05454540252686,6.04363632202148,5,10,0.869565188884735,0.876811623573303,1,1,60,1.05999994277954,60.4199967384338
10,2012-10-29,23080760,29,Definitivo,SAN ROQUE [23080760],Pluviométrica,Convencional,Activa,Antioquia,San Roque,6.4875,-75.017,820,5/15/1975,,Monchia,Magdalena Cauca,Medio Magdalena,Río Nare,2012,29,Andes,Definitivo,29,29,0,5.66900014877319,5.66900014877319,17.8701343536377,10.4042930603027,2.54982376098633,3.05454540252686,6.04363632202148,5,10,0.869565188884735,0.876811623573303,1,1,60,1.05999994277954,30.7399983406067
10,2011-10-31,23080760,,"",SAN ROQUE [23080760],Pluviométrica,Convencional,Activa,Antioquia,San Roque,6.4875,-75.017,820,5/15/1975,,Monchia,Magdalena Cauca,Medio Magdalena,Río Nare,2011,31,Andes,Preliminar,0,0,0,2.07549619674683,2.07549619674683,0,4.19371509552002,7.57107925415039,3.05454540252686,6.04363632202148,5,10,0.869565188884735,0.876811623573303,1,1,60,1.05999994277954,0
10,2011-10-30,23080760,28,Definitivo,SAN ROQUE [23080760],Pluviométrica,Convencional,Activa,Antioquia,San Roque,6.4875,-75.017,820,5/15/1975,,Monchia,Magdalena Cauca,Medio Magdalena,Río Nare,2011,30,Andes,Definitivo,28,28,0,32.5279006958008,32.5279006958008,51.9684219360352,51.2452011108399,46.5347061157227,3.05454540252686,6.04363632202148,5,10,0.869565188884735,0.876811623573303,1,1,60,1.05999994277954,29.6799983978272
10,2009-10-29,23080760,31,Definitivo,SAN ROQUE [23080760],Pluviométrica,Convencional,Activa,Antioquia,San Roque,6.4875,-75.017,820,5/15/1975,,Monchia,Magdalena Cauca,Medio Magdalena,Río Nare,2009,29,Andes,Definitivo,31,31,0,11.7385768890381,11.7385768890381,21.8915195465088,10.6315460205078,3.7329204082489,3.05454540252686,6.04363632202148,5,10,0.869565188884735,0.876811623573303,1,1,60,1.05999994277954,32.8599982261658
10,2023-10-26,23080760,7,Definitivo,SAN ROQUE [23080760],Pluviométrica,Convencional,Activa,Antioquia,San Roque,6.4875,-75.017,820,5/15/1975,,Monchia,Magdalena Cauca,Medio Magdalena,Río Nare,2023,26,Andes,Definitivo,7,7,0,8.15916156768799,8.15916156768799,21.4114437103272,17.0372467041016,30.5065498352051,3.05454540252686,6.04363632202148,5,10,0.869565188884735,0.876811623573303,1,1,60,1.05999994277954,7.41999959945679
10,2014-10-31,23080760,46,Definitivo,SAN ROQUE [23080760],Pluviométrica,Convencional,Activa,Antioquia,San Roque,6.4875,-75.017,820,5/15/1975,,Monchia,Magdalena Cauca,Medio Magdalena,Río Nare,2014,31,Andes,Definitivo,46,46,0,14.7837705612183,14.7837705612183,47.1405334472656,19.5202541351318,55.4837989807129,3.05454540252686,6.04363632202148,5,10,0.869565188884735,0.876811623573303,1,1,60,1.05999994277954,48.7599973678589
10,2019-10-31,23080760,0,Definitivo,SAN ROQUE [23080760],Pluviométrica,Convencional,Activa,Antioquia,San Roque,6.4875,-75.017,820,5/15/1975,,Monchia,Magdalena Cauca,Medio Magdalena,Río Nare,2019,31,Andes,Definitivo,0,0,0,5.73924016952515,5.73924016952515,0,5.13098192214966,3.54361534118652,3.05454540252686,6.04363632202148,5,10,0.869565188884735,0.876811623573303,1,1,60,1.05999994277954,0
10,2008-10-31,23080760,35,Definitivo,SAN ROQUE [23080760],Pluviométrica,Convencional,Activa,Antioquia,San Roque,6.4875,-75.017,820,5/15/1975,,Monchia,Magdalena Cauca,Medio Magdalena,Río Nare,2008,31,Andes,Definitivo,35,35,0,8.56559944152832,8.56559944152832,44.068977355957,14.0567455291748,13.0929040908813,3.05454540252686,6.04363632202148,5,10,0.869565188884735,0.876811623573303,1,1,60,1.05999994277954,37.0999979972839
10,2022-10-29,23080760,2,Definitivo,SAN ROQUE [23080760],Pluviométrica,Convencional,Activa,Antioquia,San Roque,6.4875,-75.017,820,5/15/1975,,Monchia,Magdalena Cauca,Medio Magdalena,Río Nare,2022,29,Andes,Definitivo,2,2,0,1.35807323455811,1.35807323455811,0,30.2331733703613,5.17331600189209,3.05454540252686,6.04363632202148,5,10,0.869565188884735,0.876811623573303,1,1,60,1.05999994277954,2.11999988555908
10,2010-10-28,23080760,0,Definitivo,SAN ROQUE [23080760],Pluviométrica,Convencional,Activa,Antioquia,San Roque,6.4875,-75.017,820,5/15/1975,,Monchia,Magdalena Cauca,Medio Magdalena,Río Nare,2010,28,Andes,Definitivo,0,0,0,27.383768081665,27.383768081665,0,12.118501663208,2.52661108970642,3.05454540252686,6.04363632202148,5,10,0.869565188884735,0.876811623573303,1,1,60,1.05999994277954,0
10,2013-10-26,23080760,0,Definitivo,SAN ROQUE [23080760],Pluviométrica,Convencional,Activa,Antioquia,San Roque,6.4875,-75.017,820,5/15/1975,,Monchia,Magdalena Cauca,Medio Magdalena,Río Nare,2013,26,Andes,Definitivo,0,0,0,0.514962315559387,0.514962315559387,14.4845628738403,1.91038227081299,12.2359704971313,3.05454540252686,6.04363632202148,5,10,0.869565188884735,0.876811623573303,1,1,60,1.05999994277954,0
10,2017-10-29,23080760,7,Definitivo,SAN ROQUE [23080760],Pluviométrica,Convencional,Activa,Antioquia,San Roque,6.4875,-75.017,820,5/15/1975,,Monchia,Magdalena Cauca,Medio Magdalena,Río Nare,2017,29,Andes,Definitivo,7,7,0,6.95481252670288,6.95481252670288,37.0041656494141,35.3763313293457,34.6977767944336,3.05454540252686,6.04363632202148,5,10,0.869565188884735,0.876811623573303,1,1,60,1.05999994277954,7.41999959945679
10,2023-10-29,23080760,2,Definitivo,SAN ROQUE [23080760],Pluviométrica,Convencional,Activa,Antioquia,San Roque,6.4875,-75.017,820,5/15/1975,,Monchia,Magdalena Cauca,Medio Magdalena,Río Nare,2023,29,Andes,Definitivo,2,2,0,3.12884259223938,3.12884259223938,21.4114437103272,17.0372467041016,11.2460269927979,3.05454540252686,6.04363632202148,5,10,0.869565188884735,0.876811623573303,1,1,60,1.05999994277954,2.11999988555908
10,2006-10-31,23080760,0,Definitivo,SAN ROQUE [23080760],Pluviométrica,Convencional,Activa,Antioquia,San Roque,6.4875,-75.017,820,5/15/1975,,Monchia,Magdalena Cauca,Medio Magdalena,Río Nare,2006,31,Andes,Definitivo,0,0,0,31.4689922332764,31.4689922332764,36.2109832763672,29.5359916687012,22.2461700439453,3.05454540252686,6.04363632202148,5,10,0.869565188884735,0.876811623573303,1,1,60,1.05999994277954,0
10,2010-10-27,23080760,0,Definitivo,SAN ROQUE [23080760],Pluviométrica,Convencional,Activa,Antioquia,San Roque,6.4875,-75.017,820,5/15/1975,,Monchia,Magdalena Cauca,Medio Magdalena,Río Nare,2010,27,Andes,Definitivo,0,0,0,7.86405611038208,7.86405611038208,25.0478706359863,8.68938541412354,12.5245981216431,3.05454540252686,6.04363632202148,5,10,0.869565188884735,0.876811623573303,1,1,60,1.05999994277954,0
10,2016-10-29,23080760,2,Definitivo,SAN ROQUE [23080760],Pluviométrica,Convencional,Activa,Antioquia,San Roque,6.4875,-75.017,820,5/15/1975,,Monchia,Magdalena Cauca,Medio Magdalena,Río Nare,2016,29,Andes,Definitivo,2,2,0,11.0745391845703,11.0745391845703,37.8346710205078,37.1731948852539,47.2234268188477,3.05454540252686,6.04363632202148,5,10,0.869565188884735,0.876811623573303,1,1,60,1.05999994277954,2.11999988555908
10,2012-10-30,23080760,54,Definitivo,SAN ROQUE [23080760],Pluviométrica,Convencional,Activa,Antioquia,San Roque,6.4875,-75.017,820,5/15/1975,,Monchia,Magdalena Cauca,Medio Magdalena,Río Nare,2012,30,Andes,Definitivo,54,54,0,13.571418762207,13.571418762207,8.93506717681885,40.1786308288574,33.4201545715332,3.05454540252686,6.04363632202148,5,10,0.869565188884735,0.876811623573303,1,1,60,1.05999994277954,57.2399969100952
10,2017-10-30,23080760,14,Definitivo,SAN ROQUE [23080760],Pluviométrica,Convencional,Activa,Antioquia,San Roque,6.4875,-75.017,820,5/15/1975,,Monchia,Magdalena Cauca,Medio Magdalena,Río Nare,2017,30,Andes,Definitivo,14,14,0,6.47256994247437,6.47256994247437,0,6.76435327529907,10.2207736968994,3.05454540252686,6.04363632202148,5,10,0.869565188884735,0.876811623573303,1,1,60,1.05999994277954,14.8399991989136
10,2017-10-31,23080760,4,Definitivo,SAN ROQUE [23080760],Pluviométrica,Convencional,Activa,Antioquia,San Roque,6.4875,-75.017,820,5/15/1975,,Monchia,Magdalena Cauca,Medio Magdalena,Río Nare,2017,31,Andes,Definitivo,4,4,0,6.72372007369995,6.72372007369995,0,5.27566194534302,0.752016961574554,3.05454540252686,6.04363632202148,5,10,0.869565188884735,0.876811623573303,1,1,60,1.05999994277954,4.23999977111816
10,2008-10-27,23080760,20,Definitivo,SAN ROQUE [23080760],Pluviométrica,Convencional,Activa,Antioquia,San Roque,6.4875,-75.017,820,5/15/1975,,Monchia,Magdalena Cauca,Medio Magdalena,Río Nare,2008,27,Andes,Definitivo,20,20,0,6.02978563308716,6.02978563308716,14.6896600723267,26.9288196563721,15.6146764755249,3.05454540252686,6.04363632202148,5,10,0.869565188884735,0.876811623573303,1,1,60,1.05999994277954,21.1999988555908
10,2013-10-31,23080760,,"",SAN ROQUE [23080760],Pluviométrica,Convencional,Activa,Antioquia,San Roque,6.4875,-75.017,820,5/15/1975,,Monchia,Magdalena Cauca,Medio Magdalena,Río Nare,2013,31,Andes,Preliminar,0,0,0,22.1403980255127,22.1403980255127,0,7.74302768707275,0.181075945496559,3.05454540252686,6.04363632202148,5,10,0.869565188884735,0.876811623573303,1,1,60,1.05999994277954,0
10,2010-10-31,23080760,5,Definitivo,SAN ROQUE [23080760],Pluviométrica,Convencional,Activa,Antioquia,San Roque,6.4875,-75.017,820,5/15/1975,,Monchia,Magdalena Cauca,Medio Magdalena,Río Nare,2010,31,Andes,Definitivo,5,5,0,7.98288154602051,7.98288154602051,0,10.1994867324829,15.6186227798462,3.05454540252686,6.04363632202148,5,10,0.869565188884735,0.876811623573303,1,1,60,1.05999994277954,5.29999971389771
10,2023-10-28,23080760,0,Definitivo,SAN ROQUE [23080760],Pluviométrica,Convencional,Activa,Antioquia,San Roque,6.4875,-75.017,820,5/15/1975,,Monchia,Magdalena Cauca,Medio Magdalena,Río Nare,2023,28,Andes,Definitivo,0,0,0,5.83199834823608,5.83199834823608,21.4114437103272,17.0372467041016,8.64545631408691,3.05454540252686,6.04363632202148,5,10,0.869565188884735,0.876811623573303,1,1,60,1.05999994277954,0
10,2007-10-29,23080760,7,Definitivo,SAN ROQUE [23080760],Pluviométrica,Convencional,Activa,Antioquia,San Roque,6.4875,-75.017,820,5/15/1975,,Monchia,Magdalena Cauca,Medio Magdalena,Río Nare,2007,29,Andes,Definitivo,7,7,0,9.98351764678955,9.98351764678955,15.3943700790405,17.4885005950928,26.8070507049561,3.05454540252686,6.04363632202148,5,10,0.869565188884735,0.876811623573303,1,1,60,1.05999994277954,7.41999959945679
10,2008-10-26,23080760,0,Definitivo,SAN ROQUE [23080760],Pluviométrica,Convencional,Activa,Antioquia,San Roque,6.4875,-75.017,820,5/15/1975,,Monchia,Magdalena Cauca,Medio Magdalena,Río Nare,2008,26,Andes,Definitivo,0,0,0,3.03967261314392,3.03967261314392,0,9.41273498535156,0.0593601576983929,3.05454540252686,6.04363632202148,5,10,0.869565188884735,0.876811623573303,1,1,60,1.05999994277954,0
10,2008-10-28,23080760,11,Definitivo,SAN ROQUE [23080760],Pluviométrica,Convencional,Activa,Antioquia,San Roque,6.4875,-75.017,820,5/15/1975,,Monchia,Magdalena Cauca,Medio Magdalena,Río Nare,2008,28,Andes,Definitivo,11,11,0,38.1198120117188,38.1198120117188,44.068977355957,21.6762084960938,78.130973815918,3.05454540252686,6.04363632202148,5,10,0.869565188884735,0.876811623573303,1,1,60,1.05999994277954,11.659999370575
10,2012-10-31,23080760,14,Definitivo,SAN ROQUE [23080760],Pluviométrica,Convencional,Activa,Antioquia,San Roque,6.4875,-75.017,820,5/15/1975,,Monchia,Magdalena Cauca,Medio Magdalena,Río Nare,2012,31,Andes,Definitivo,14,14,0,34.2680435180664,34.2680435180664,26.8052005767822,32.0515403747559,38.3327598571777,3.05454540252686,6.04363632202148,5,10,0.869565188884735,0.876811623573303,1,1,60,1.05999994277954,14.8399991989136
10,2015-10-30,23080760,,"",SAN ROQUE [23080760],Pluviométrica,Convencional,Activa,Antioquia,San Roque,6.4875,-75.017,820,5/15/1975,,Monchia,Magdalena Cauca,Medio Magdalena,Río Nare,2015,30,Andes,Preliminar,0,0,0,21.9517116546631,21.9517116546631,18.4241046905518,6.53949689865112,4.26873445510864,3.05454540252686,6.04363632202148,5,10,0.869565188884735,0.876811623573303,1,1,60,1.05999994277954,0
10,2021-10-28,23080760,59,Definitivo,SAN ROQUE [23080760],Pluviométrica,Convencional,Activa,Antioquia,San Roque,6.4875,-75.017,820,5/15/1975,,Monchia,Magdalena Cauca,Medio Magdalena,Río Nare,2021,28,Andes,Definitivo,59,59,0,20.6350269317627,20.6350269317627,0,17.2045269012451,22.4118785858154,3.05454540252686,6.04363632202148,5,10,0.869565188884735,0.876811623573303,1,1,60,1.05999994277954,62.5399966239929
10,2013-10-30,23080760,1,Definitivo,SAN ROQUE [23080760],Pluviométrica,Convencional,Activa,Antioquia,San Roque,6.4875,-75.017,820,5/15/1975,,Monchia,Magdalena Cauca,Medio Magdalena,Río Nare,2013,30,Andes,Definitivo,1,1,0,11.3721199035645,11.3721199035645,14.4845628738403,7.24810314178467,10.3590116500855,3.05454540252686,6.04363632202148,5,10,0.869565188884735,0.876811623573303,1,1,60,1.05999994277954,1.05999994277954
10,2021-10-29,23080760,3,Definitivo,SAN ROQUE [23080760],Pluviométrica,Convencional,Activa,Antioquia,San Roque,6.4875,-75.017,820,5/15/1975,,Monchia,Magdalena Cauca,Medio Magdalena,Río Nare,2021,29,Andes,Definitivo,3,3,0,16.1295375823975,16.1295375823975,46.6015014648438,50.0475616455078,26.8190879821777,3.05454540252686,6.04363632202148,5,10,0.869565188884735,0.876811623573303,1,1,60,1.05999994277954,3.17999982833862
10,2008-10-30,23080760,5,Definitivo,SAN ROQUE [23080760],Pluviométrica,Convencional,Activa,Antioquia,San Roque,6.4875,-75.017,820,5/15/1975,,Monchia,Magdalena Cauca,Medio Magdalena,Río Nare,2008,30,Andes,Definitivo,5,5,0,0.132159680128098,0.132159680128098,0,13.7672891616821,7.12936639785767,3.05454540252686,6.04363632202148,5,10,0.869565188884735,0.876811623573303,1,1,60,1.05999994277954,5.29999971389771
10,2013-10-28,23080760,4,Definitivo,SAN ROQUE [23080760],Pluviométrica,Convencional,Activa,Antioquia,San Roque,6.4875,-75.017,820,5/15/1975,,Monchia,Magdalena Cauca,Medio Magdalena,Río Nare,2013,28,Andes,Definitivo,4,4,0,5.61152076721191,5.61152076721191,0,5.21314144134522,9.23209381103516,3.05454540252686,6.04363632202148,5,10,0.869565188884735,0.876811623573303,1,1,60,1.05999994277954,4.23999977111816
10,2023-10-23,23080760,19,Definitivo,SAN ROQUE [23080760],Pluviométrica,Convencional,Activa,Antioquia,San Roque,6.4875,-75.017,820,5/15/1975,,Monchia,Magdalena Cauca,Medio Magdalena,Río Nare,2023,23,Andes,Definitivo,19,19,0,0,0,16.1461944580078,22.6673717498779,8.17629337310791,3.05454540252686,6.04363632202148,5,10,0.869565188884735,0.876811623573303,1,1,59,1.05999994277954,20.1399989128113
10,2006-10-27,23080760,40,Definitivo,SAN ROQUE [23080760],Pluviométrica,Convencional,Activa,Antioquia,San Roque,6.4875,-75.017,820,5/15/1975,,Monchia,Magdalena Cauca,Medio Magdalena,Río Nare,2006,27,Andes,Definitivo,40,40,0,10.3925676345825,10.3925676345825,0,8.69050312042236,1.85380685329437,3.05454540252686,6.04363632202148,5,10,0.869565188884735,0.876811623573303,1,1,60,1.05999994277954,42.3999977111816
10,2013-10-27,23080760,,"",SAN ROQUE [23080760],Pluviométrica,Convencional,Activa,Antioquia,San Roque,6.4875,-75.017,820,5/15/1975,,Monchia,Magdalena Cauca,Medio Magdalena,Río Nare,2013,27,Andes,Preliminar,0,0,0,0.479889392852783,0.479889392852783,0,7.78814554214478,3.40550971031189,3.05454540252686,6.04363632202148,5,10,0.869565188884735,0.876811623573303,1,1,60,1.05999994277954,0
10,2019-10-29,23080760,21,Definitivo,SAN ROQUE [23080760],Pluviométrica,Convencional,Activa,Antioquia,San Roque,6.4875,-75.017,820,5/15/1975,,Monchia,Magdalena Cauca,Medio Magdalena,Río Nare,2019,29,Andes,Definitivo,21,21,0,11.9804859161377,11.9804859161377,13.4458789825439,38.9529228210449,10.8290433883667,3.05454540252686,6.04363632202148,5,10,0.869565188884735,0.876811623573303,1,1,60,1.05999994277954,22.2599987983704
10,2022-10-30,23080760,1,Definitivo,SAN ROQUE [23080760],Pluviométrica,Convencional,Activa,Antioquia,San Roque,6.4875,-75.017,820,5/15/1975,,Monchia,Magdalena Cauca,Medio Magdalena,Río Nare,2022,30,Andes,Definitivo,1,1,0,0.295885890722275,0.295885890722275,0,30.2331733703613,10.0430421829224,3.05454540252686,6.04363632202148,5,10,0.869565188884735,0.876811623573303,1,1,60,1.05999994277954,1.05999994277954
10,2022-10-31,23080760,0,Definitivo,SAN ROQUE [23080760],Pluviométrica,Convencional,Activa,Antioquia,San Roque,6.4875,-75.017,820,5/15/1975,,Monchia,Magdalena Cauca,Medio Magdalena,Río Nare,2022,31,Andes,Definitivo,0,0,0,0.403110057115555,0.403110057115555,0,30.2331733703613,0,3.05454540252686,6.04363632202148,5,10,0.869565188884735,0.876811623573303,1,1,60,1.05999994277954,0
10,2008-10-29,23080760,1,Definitivo,SAN ROQUE [23080760],Pluviométrica,Convencional,Activa,Antioquia,San Roque,6.4875,-75.017,820,5/15/1975,,Monchia,Magdalena Cauca,Medio Magdalena,Río Nare,2008,29,Andes,Definitivo,1,1,0,31.3961811065674,31.3961811065674,0,29.8962497711182,1.71076655387878,3.05454540252686,6.04363632202148,5,10,0.869565188884735,0.876811623573303,1,1,60,1.05999994277954,1.05999994277954
10,2006-10-28,23080760,16,Definitivo,SAN ROQUE [23080760],Pluviométrica,Convencional,Activa,Antioquia,San Roque,6.4875,-75.017,820,5/15/1975,,Monchia,Magdalena Cauca,Medio Magdalena,Río Nare,2006,28,Andes,Definitivo,16,16,0,21.602632522583,21.602632522583,18.1054916381836,17.4274044036865,55.8535003662109,3.05454540252686,6.04363632202148,5,10,0.869565188884735,0.876811623573303,1,1,60,1.05999994277954,16.9599990844727
10,2007-10-28,23080760,113,Definitivo,SAN ROQUE [23080760],Pluviométrica,Convencional,Activa,Antioquia,San Roque,6.4875,-75.017,820,5/15/1975,,Monchia,Magdalena Cauca,Medio Magdalena,Río Nare,2007,28,Andes,Definitivo,113,113,0,17.1324119567871,17.1324119567871,15.3943700790405,39.9417037963867,45.5220565795899,3.05454540252686,6.04363632202148,5,10,0.869565188884735,0.876811623573303,1,1,60,1.05999994277954,119.779993534088
10,2013-10-29,23080760,,"",SAN ROQUE [23080760],Pluviométrica,Convencional,Activa,Antioquia,San Roque,6.4875,-75.017,820,5/15/1975,,Monchia,Magdalena Cauca,Medio Magdalena,Río Nare,2013,29,Andes,Preliminar,0,0,0,7.76036214828491,7.76036214828491,0,6.74589061737061,1.23502683639526,3.05454540252686,6.04363632202148,5,10,0.869565188884735,0.876811623573303,1,1,60,1.05999994277954,0
10,2006-10-26,23080760,28,Definitivo,SAN ROQUE [23080760],Pluviométrica,Convencional,Activa,Antioquia,San Roque,6.4875,-75.017,820,5/15/1975,,Monchia,Magdalena Cauca,Medio Magdalena,Río Nare,2006,26,Andes,Definitivo,28,28,0,18.0977249145508,18.0977249145508,18.1054916381836,25.4816226959229,19.0230808258057,3.05454540252686,6.04363632202148,5,10,0.869565188884735,0.876811623573303,1,1,60,1.05999994277954,29.6799983978272
10,2023-10-31,23080760,30,Definitivo,SAN ROQUE [23080760],Pluviométrica,Convencional,Activa,Antioquia,San Roque,6.4875,-75.017,820,5/15/1975,,Monchia,Magdalena Cauca,Medio Magdalena,Río Nare,2023,31,Andes,Definitivo,30,30,0,13.7839431762695,13.7839431762695,21.4114437103272,17.0372467041016,41.1119194030762,3.05454540252686,6.04363632202148,5,10,0.869565188884735,0.876811623573303,1,1,60,1.05999994277954,31.7999982833862
10,2011-10-27,23080760,25,Definitivo,SAN ROQUE [23080760],Pluviométrica,Convencional,Activa,Antioquia,San Roque,6.4875,-75.017,820,5/15/1975,,Monchia,Magdalena Cauca,Medio Magdalena,Río Nare,2011,27,Andes,Definitivo,25,25,0,13.5733814239502,13.5733814239502,0,5.82630157470703,0.049456998705864,3.05454540252686,6.04363632202148,5,10,0.869565188884735,0.876811623573303,1,1,60,1.05999994277954,26.4999985694885
10,2005-10-28,23080760,25,Definitivo,SAN ROQUE [23080760],Pluviométrica,Convencional,Activa,Antioquia,San Roque,6.4875,-75.017,820,5/15/1975,,Monchia,Magdalena Cauca,Medio Magdalena,Río Nare,2005,28,Andes,Definitivo,25,25,0,29.1511383056641,29.1511383056641,43.8828392028809,25.7397232055664,20.9702892303467,3.05454540252686,6.04363632202148,5,10,0.869565188884735,0.876811623573303,1,1,60,1.05999994277954,26.4999985694885
10,2020-10-29,23080760,0,Definitivo,SAN ROQUE [23080760],Pluviométrica,Convencional,Activa,Antioquia,San Roque,6.4875,-75.017,820,5/15/1975,,Monchia,Magdalena Cauca,Medio Magdalena,Río Nare,2020,29,Andes,Definitivo,0,0,0,12.8377599716187,12.8377599716187,17.1630611419678,16.18971824646,4.7586841583252,3.05454540252686,6.04363632202148,5,10,0.869565188884735,0.876811623573303,1,1,60,1.05999994277954,0
10,2017-10-27,23080760,21,Definitivo,SAN ROQUE [23080760],Pluviométrica,Convencional,Activa,Antioquia,San Roque,6.4875,-75.017,820,5/15/1975,,Monchia,Magdalena Cauca,Medio Magdalena,Río Nare,2017,27,Andes,Definitivo,21,21,0,2.97453117370605,2.97453117370605,0,2.00322914123535,0.570722937583923,3.05454540252686,6.04363632202148,5,10,0.869565188884735,0.876811623573303,1,1,60,1.05999994277954,22.2599987983704
10,2006-10-29,23080760,42,Definitivo,SAN ROQUE [23080760],Pluviométrica,Convencional,Activa,Antioquia,San Roque,6.4875,-75.017,820,5/15/1975,,Monchia,Magdalena Cauca,Medio Magdalena,Río Nare,2006,29,Andes,Definitivo,42,42,0,2.71559858322144,2.71559858322144,0,22.8337802886963,6.47056531906128,3.05454540252686,6.04363632202148,5,10,0.869565188884735,0.876811623573303,1,1,60,1.05999994277954,44.5199975967407
10,2015-10-31,23080760,,"",SAN ROQUE [23080760],Pluviométrica,Convencional,Activa,Antioquia,San Roque,6.4875,-75.017,820,5/15/1975,,Monchia,Magdalena Cauca,Medio Magdalena,Río Nare,2015,31,Andes,Preliminar,0,0,0,2.15298795700073,2.15298795700073,0,7.68285274505615,1.53065919876099,3.05454540252686,6.04363632202148,5,10,0.869565188884735,0.876811623573303,1,1,60,1.05999994277954,0
10,2023-10-30,23080760,45,Definitivo,SAN ROQUE [23080760],Pluviométrica,Convencional,Activa,Antioquia,San Roque,6.4875,-75.017,820,5/15/1975,,Monchia,Magdalena Cauca,Medio Magdalena,Río Nare,2023,30,Andes,Definitivo,45,45,0,14.2701740264893,14.2701740264893,0,17.0372467041016,6.55979013442993,3.05454540252686,6.04363632202148,5,10,0.869565188884735,0.876811623573303,1,1,60,1.05999994277954,47.6999974250794
10,2023-10-25,23080760,35,Definitivo,SAN ROQUE [23080760],Pluviométrica,Convencional,Activa,Antioquia,San Roque,6.4875,-75.017,820,5/15/1975,,Monchia,Magdalena Cauca,Medio Magdalena,Río Nare,2023,25,Andes,Definitivo,35,35,0,39.0553169250488,39.0553169250488,0,22.6673717498779,49.7775611877442,3.05454540252686,6.04363632202148,5,10,0.869565188884735,0.876811623573303,1,1,59,1.05999994277954,37.0999979972839
10,2007-10-24,23080760,2,Definitivo,SAN ROQUE [23080760],Pluviométrica,Convencional,Activa,Antioquia,San Roque,6.4875,-75.017,820,5/15/1975,,Monchia,Magdalena Cauca,Medio Magdalena,Río Nare,2007,24,Andes,Definitivo,2,2,0,17.6105556488037,17.6105556488037,9.32178115844727,16.7005748748779,8.79088497161865,3.05454540252686,6.04363632202148,5,10,0.869565188884735,0.876811623573303,1,1,59,1.05999994277954,2.11999988555908
10,2021-10-30,23080760,23,Definitivo,SAN ROQUE [23080760],Pluviométrica,Convencional,Activa,Antioquia,San Roque,6.4875,-75.017,820,5/15/1975,,Monchia,Magdalena Cauca,Medio Magdalena,Río Nare,2021,30,Andes,Definitivo,23,23,0,5.90717887878418,5.90717887878418,0,23.1282768249512,9.34310245513916,3.05454540252686,6.04363632202148,5,10,0.869565188884735,0.876811623573303,1,1,60,1.05999994277954,24.3799986839294
10,2023-10-27,23080760,8,Definitivo,SAN ROQUE [23080760],Pluviométrica,Convencional,Activa,Antioquia,San Roque,6.4875,-75.017,820,5/15/1975,,Monchia,Magdalena Cauca,Medio Magdalena,Río Nare,2023,27,Andes,Definitivo,8,8,0,17.9624900817871,17.9624900817871,0,17.0372467041016,4.15373373031616,3.05454540252686,6.04363632202148,5,10,0.869565188884735,0.876811623573303,1,1,60,1.05999994277954,8.47999954223633
10,2016-10-27,23080760,37,Definitivo,SAN ROQUE [23080760],Pluviométrica,Convencional,Activa,Antioquia,San Roque,6.4875,-75.017,820,5/15/1975,,Monchia,Magdalena Cauca,Medio Magdalena,Río Nare,2016,27,Andes,Definitivo,37,37,0,18.2403907775879,18.2403907775879,25.2231140136719,26.6733665466309,37.4429092407227,3.05454540252686,6.04363632202148,5,10,0.869565188884735,0.876811623573303,1,1,60,1.05999994277954,39.219997882843
10,2020-10-30,23080760,36,Definitivo,SAN ROQUE [23080760],Pluviométrica,Convencional,Activa,Antioquia,San Roque,6.4875,-75.017,820,5/15/1975,,Monchia,Magdalena Cauca,Medio Magdalena,Río Nare,2020,30,Andes,Definitivo,36,36,0,8.44572257995606,8.44572257995606,11.2912578582764,11.6652860641479,0.940492630004883,3.05454540252686,6.04363632202148,5,10,0.869565188884735,0.876811623573303,1,1,60,1.05999994277954,38.1599979400635
10,2007-10-25,23080760,41,Definitivo,SAN ROQUE [23080760],Pluviométrica,Convencional,Activa,Antioquia,San Roque,6.4875,-75.017,820,5/15/1975,,Monchia,Magdalena Cauca,Medio Magdalena,Río Nare,2007,25,Andes,Definitivo,41,41,0,7.9386157989502,7.9386157989502,9.32178115844727,22.2297382354736,36.4500923156738,3.05454540252686,6.04363632202148,5,10,0.869565188884735,0.876811623573303,1,1,59,1.05999994277954,43.4599976539612
10,2016-10-26,23080760,72,Definitivo,SAN ROQUE [23080760],Pluviométrica,Convencional,Activa,Antioquia,San Roque,6.4875,-75.017,820,5/15/1975,,Monchia,Magdalena Cauca,Medio Magdalena,Río Nare,2016,26,Andes,Definitivo,72,72,0,34.6077079772949,34.6077079772949,37.8346710205078,53.2527885437012,26.15159034729,3.05454540252686,6.04363632202148,5,10,0.869565188884735,0.876811623573303,1,1,60,1.05999994277954,76.319995880127
10,2010-10-30,23080760,,"",SAN ROQUE [23080760],Pluviométrica,Convencional,Activa,Antioquia,San Roque,6.4875,-75.017,820,5/15/1975,,Monchia,Magdalena Cauca,Medio Magdalena,Río Nare,2010,30,Andes,Preliminar,0,0,0,13.2111825942993,13.2111825942993,8.349289894104,22.7534790039063,11.8862705230713,3.05454540252686,6.04363632202148,5,10,0.869565188884735,0.876811623573303,1,1,60,1.05999994277954,0
10,2005-10-31,23080760,23,Definitivo,SAN ROQUE [23080760],Pluviométrica,Convencional,Activa,Antioquia,San Roque,6.4875,-75.017,820,5/15/1975,,Monchia,Magdalena Cauca,Medio Magdalena,Río Nare,2005,31,Andes,Definitivo,23,23,0,4.38737058639526,4.38737058639526,0,7.88034057617188,0.3456209897995,3.05454540252686,6.04363632202148,5,10,0.869565188884735,0.876811623573303,1,1,60,1.05999994277954,24.3799986839294
10,2015-10-27,23080760,10,Definitivo,SAN ROQUE [23080760],Pluviométrica,Convencional,Activa,Antioquia,San Roque,6.4875,-75.017,820,5/15/1975,,Monchia,Magdalena Cauca,Medio Magdalena,Río Nare,2015,27,Andes,Definitivo,10,10,0,7.37004089355469,7.37004089355469,0,11.3332614898682,12.7539501190186,3.05454540252686,6.04363632202148,5,10,0.869565188884735,0.876811623573303,1,1,60,1.05999994277954,10.5999994277954
10,2006-10-30,23080760,4,Definitivo,SAN ROQUE [23080760],Pluviométrica,Convencional,Activa,Antioquia,San Roque,6.4875,-75.017,820,5/15/1975,,Monchia,Magdalena Cauca,Medio Magdalena,Río Nare,2006,30,Andes,Definitivo,4,4,0,11.2382555007935,11.2382555007935,36.2109832763672,31.1115684509277,29.6337375640869,3.05454540252686,6.04363632202148,5,10,0.869565188884735,0.876811623573303,1,1,60,1.05999994277954,4.23999977111816
10,2005-10-27,23080760,40,Definitivo,SAN ROQUE [23080760],Pluviométrica,Convencional,Activa,Antioquia,San Roque,6.4875,-75.017,820,5/15/1975,,Monchia,Magdalena Cauca,Medio Magdalena,Río Nare,2005,27,Andes,Definitivo,40,40,0,9.47581577301025,9.47581577301025,0,13.3522901535034,48.7144737243652,3.05454540252686,6.04363632202148,5,10,0.869565188884735,0.876811623573303,1,1,60,1.05999994277954,42.3999977111816
10,2006-10-25,23080760,30,Definitivo,SAN ROQUE [23080760],Pluviométrica,Convencional,Activa,Antioquia,San Roque,6.4875,-75.017,820,5/15/1975,,Monchia,Magdalena Cauca,Medio Magdalena,Río Nare,2006,25,Andes,Definitivo,30,30,0,7.93374919891357,7.93374919891357,21.1686115264893,7.43547248840332,15.7969617843628,3.05454540252686,6.04363632202148,5,10,0.869565188884735,0.876811623573303,1,1,59,1.05999994277954,31.7999982833862
10,2021-10-23,23080760,5,Definitivo,SAN ROQUE [23080760],Pluviométrica,Convencional,Activa,Antioquia,San Roque,6.4875,-75.017,820,5/15/1975,,Monchia,Magdalena Cauca,Medio Magdalena,Río Nare,2021,23,Andes,Definitivo,5,5,0,7.04873943328857,7.04873943328857,4.39584398269653,2.80992436408997,5.30660486221314,3.05454540252686,6.04363632202148,5,10,0.869565188884735,0.876811623573303,1,1,59,1.05999994277954,5.29999971389771
10,2021-10-20,23080760,1,Definitivo,SAN ROQUE [23080760],Pluviométrica,Convencional,Activa,Antioquia,San Roque,6.4875,-75.017,820,5/15/1975,,Monchia,Magdalena Cauca,Medio Magdalena,Río Nare,2021,20,Andes,Definitivo,1,1,0,10.3577737808228,10.3577737808228,0,12.6248731613159,10.3125114440918,3.05454540252686,6.04363632202148,5,10,0.869565188884735,0.876811623573303,1,1,58,1.05999994277954,1.05999994277954
10,2011-10-28,23080760,0,Definitivo,SAN ROQUE [23080760],Pluviométrica,Convencional,Activa,Antioquia,San Roque,6.4875,-75.017,820,5/15/1975,,Monchia,Magdalena Cauca,Medio Magdalena,Río Nare,2011,28,Andes,Definitivo,0,0,0,20.5976142883301,20.5976142883301,34.6456108093262,13.5057220458984,50.5174598693848,3.05454540252686,6.04363632202148,5,10,0.869565188884735,0.876811623573303,1,1,60,1.05999994277954,0
10,2011-10-29,23080760,28,Definitivo,SAN ROQUE [23080760],Pluviométrica,Convencional,Activa,Antioquia,San Roque,6.4875,-75.017,820,5/15/1975,,Monchia,Magdalena Cauca,Medio Magdalena,Río Nare,2011,29,Andes,Definitivo,28,28,0,4.66094255447388,4.66094255447388,8.66140270233154,24.4039649963379,4.01387166976929,3.05454540252686,6.04363632202148,5,10,0.869565188884735,0.876811623573303,1,1,60,1.05999994277954,29.6799983978272
10,2018-10-29,23080760,12,Definitivo,SAN ROQUE [23080760],Pluviométrica,Convencional,Activa,Antioquia,San Roque,6.4875,-75.017,820,5/15/1975,,Monchia,Magdalena Cauca,Medio Magdalena,Río Nare,2018,29,Andes,Definitivo,12,12,0,4.23183870315552,4.23183870315552,8.91317749023438,10.7077341079712,18.5329418182373,3.05454540252686,6.04363632202148,5,10,0.869565188884735,0.876811623573303,1,1,60,1.05999994277954,12.7199993133545
10,2020-10-31,23080760,60,Definitivo,SAN ROQUE [23080760],Pluviométrica,Convencional,Activa,Antioquia,San Roque,6.4875,-75.017,820,5/15/1975,,Monchia,Magdalena Cauca,Medio Magdalena,Río Nare,2020,31,Andes,Definitivo,60,60,0,11.6330156326294,11.6330156326294,15.5524139404297,45.5037269592285,79.5110473632813,3.05454540252686,6.04363632202148,5,10,0.869565188884735,0.876811623573303,1,1,60,1.05999994277954,63.5999965667725
10,2021-10-31,23080760,12,Definitivo,SAN ROQUE [23080760],Pluviométrica,Convencional,Activa,Antioquia,San Roque,6.4875,-75.017,820,5/15/1975,,Monchia,Magdalena Cauca,Medio Magdalena,Río Nare,2021,31,Andes,Definitivo,12,12,0,16.2122116088867,16.2122116088867,11.6503753662109,19.3528232574463,12.449390411377,3.05454540252686,6.04363632202148,5,10,0.869565188884735,0.876811623573303,1,1,60,1.05999994277954,12.7199993133545
10,2019-10-28,23080760,22,Definitivo,SAN ROQUE [23080760],Pluviométrica,Convencional,Activa,Antioquia,San Roque,6.4875,-75.017,820,5/15/1975,,Monchia,Magdalena Cauca,Medio Magdalena,Río Nare,2019,28,Andes,Definitivo,22,22,0,4.2285361289978,4.2285361289978,0,3.08603119850159,0,3.05454540252686,6.04363632202148,5,10,0.869565188884735,0.876811623573303,1,1,60,1.05999994277954,23.3199987411499
10,2012-10-28,23080760,15,Definitivo,SAN ROQUE [23080760],Pluviométrica,Convencional,Activa,Antioquia,San Roque,6.4875,-75.017,820,5/15/1975,,Monchia,Magdalena Cauca,Medio Magdalena,Río Nare,2012,28,Andes,Definitivo,15,15,0,6.15569829940796,6.15569829940796,0,2.46353793144226,0,3.05454540252686,6.04363632202148,5,10,0.869565188884735,0.876811623573303,1,1,60,1.05999994277954,15.8999991416931
10,2003-10-31,23080760,16,Definitivo,SAN ROQUE [23080760],Pluviométrica,Convencional,Activa,Antioquia,San Roque,6.4875,-75.017,820,5/15/1975,,Monchia,Magdalena Cauca,Medio Magdalena,Río Nare,2003,31,Andes,Definitivo,16,16,0,30.4543952941895,30.4543952941895,9.67840099334717,16.7211112976074,15.946457862854,3.05454540252686,6.04363632202148,5,10,0.869565188884735,0.876811623573303,1,1,60,1.05999994277954,16.9599990844727
10,2017-10-28,23080760,24,Definitivo,SAN ROQUE [23080760],Pluviométrica,Convencional,Activa,Antioquia,San Roque,6.4875,-75.017,820,5/15/1975,,Monchia,Magdalena Cauca,Medio Magdalena,Río Nare,2017,28,Andes,Definitivo,24,24,0,20.7934951782227,20.7934951782227,49.3388938903809,24.7308750152588,31.0973529815674,3.05454540252686,6.04363632202148,5,10,0.869565188884735,0.876811623573303,1,1,60,1.05999994277954,25.439998626709
10,2022-10-27,23080760,5,Definitivo,SAN ROQUE [23080760],Pluviométrica,Convencional,Activa,Antioquia,San Roque,6.4875,-75.017,820,5/15/1975,,Monchia,Magdalena Cauca,Medio Magdalena,Río Nare,2022,27,Andes,Definitivo,5,5,0,16.5060710906982,16.5060710906982,19.0478439331055,30.2331733703613,22.7895088195801,3.05454540252686,6.04363632202148,5,10,0.869565188884735,0.876811623573303,1,1,60,1.05999994277954,5.29999971389771
10,2022-10-28,23080760,31,Definitivo,SAN ROQUE [23080760],Pluviométrica,Convencional,Activa,Antioquia,San Roque,6.4875,-75.017,820,5/15/1975,,Monchia,Magdalena Cauca,Medio Magdalena,Río Nare,2022,28,Andes,Definitivo,31,31,0,8.38577175140381,8.38577175140381,0,30.2331733703613,69.7547302246094,3.05454540252686,6.04363632202148,5,10,0.869565188884735,0.876811623573303,1,1,60,1.05999994277954,32.8599982261658
10,2007-10-23,23080760,13,Definitivo,SAN ROQUE [23080760],Pluviométrica,Convencional,Activa,Antioquia,San Roque,6.4875,-75.017,820,5/15/1975,,Monchia,Magdalena Cauca,Medio Magdalena,Río Nare,2007,23,Andes,Definitivo,13,13,0,10.3306016921997,10.3306016921997,18.6435623168945,5.45886850357056,15.1513957977295,3.05454540252686,6.04363632202148,5,10,0.869565188884735,0.876811623573303,1,1,59,1.05999994277954,13.779999256134
10,2008-10-20,23080760,5,Definitivo,SAN ROQUE [23080760],Pluviométrica,Convencional,Activa,Antioquia,San Roque,6.4875,-75.017,820,5/15/1975,,Monchia,Magdalena Cauca,Medio Magdalena,Río Nare,2008,20,Andes,Definitivo,5,5,0,30.9201736450195,30.9201736450195,0,7.67132711410523,0.00745091494172812,3.05454540252686,6.04363632202148,5,10,0.869565188884735,0.876811623573303,1,1,58,1.05999994277954,5.29999971389771
10,2009-10-26,23080760,,"",SAN ROQUE [23080760],Pluviométrica,Convencional,Activa,Antioquia,San Roque,6.4875,-75.017,820,5/15/1975,,Monchia,Magdalena Cauca,Medio Magdalena,Río Nare,2009,26,Andes,Preliminar,0,0,0,1.64669418334961,1.64669418334961,0,0.779424905776978,0,3.05454540252686,6.04363632202148,5,10,0.869565188884735,0.876811623573303,1,1,60,1.05999994277954,0
10,2009-10-27,23080760,0,Definitivo,SAN ROQUE [23080760],Pluviométrica,Convencional,Activa,Antioquia,San Roque,6.4875,-75.017,820,5/15/1975,,Monchia,Magdalena Cauca,Medio Magdalena,Río Nare,2009,27,Andes,Definitivo,0,0,0,11.6444797515869,11.6444797515869,0,5.29716777801514,0.0399223938584328,3.05454540252686,6.04363632202148,5,10,0.869565188884735,0.876811623573303,1,1,60,1.05999994277954,0
10,2014-10-27,23080760,,"",SAN ROQUE [23080760],Pluviométrica,Convencional,Activa,Antioquia,San Roque,6.4875,-75.017,820,5/15/1975,,Monchia,Magdalena Cauca,Medio Magdalena,Río Nare,2014,27,Andes,Preliminar,0,0,0,10.3291797637939,10.3291797637939,0,35.8505592346191,2.99806714057922,3.05454540252686,6.04363632202148,5,10,0.869565188884735,0.876811623573303,1,1,60,1.05999994277954,0
10,2018-10-30,23080760,4,Definitivo,SAN ROQUE [23080760],Pluviométrica,Convencional,Activa,Antioquia,San Roque,6.4875,-75.017,820,5/15/1975,,Monchia,Magdalena Cauca,Medio Magdalena,Río Nare,2018,30,Andes,Definitivo,4,4,0,2.87961077690125,2.87961077690125,0,5.81722068786621,2.05481314659119,3.05454540252686,6.04363632202148,5,10,0.869565188884735,0.876811623573303,1,1,60,1.05999994277954,4.23999977111816
10,2018-10-31,23080760,0,Definitivo,SAN ROQUE [23080760],Pluviométrica,Convencional,Activa,Antioquia,San Roque,6.4875,-75.017,820,5/15/1975,,Monchia,Magdalena Cauca,Medio Magdalena,Río Nare,2018,31,Andes,Definitivo,0,0,0,6.31274318695068,6.31274318695068,8.91317749023438,7.27675008773804,18.8413124084473,3.05454540252686,6.04363632202148,5,10,0.869565188884735,0.876811623573303,1,1,60,1.05999994277954,0
10,2010-10-29,23080760,25,Definitivo,SAN ROQUE [23080760],Pluviométrica,Convencional,Activa,Antioquia,San Roque,6.4875,-75.017,820,5/15/1975,,Monchia,Magdalena Cauca,Medio Magdalena,Río Nare,2010,29,Andes,Definitivo,25,25,0,19.5845241546631,19.5845241546631,25.0478706359863,11.4110956192017,30.1624851226807,3.05454540252686,6.04363632202148,5,10,0.869565188884735,0.876811623573303,1,1,60,1.05999994277954,26.4999985694885
10,2007-10-31,23080760,5,Definitivo,SAN ROQUE [23080760],Pluviométrica,Convencional,Activa,Antioquia,San Roque,6.4875,-75.017,820,5/15/1975,,Monchia,Magdalena Cauca,Medio Magdalena,Río Nare,2007,31,Andes,Definitivo,5,5,0,9.02755928039551,9.02755928039551,0,16.654016494751,7.98277997970581,3.05454540252686,6.04363632202148,5,10,0.869565188884735,0.876811623573303,1,1,60,1.05999994277954,5.29999971389771
10,2013-10-25,23080760,11,Definitivo,SAN ROQUE [23080760],Pluviométrica,Convencional,Activa,Antioquia,San Roque,6.4875,-75.017,820,5/15/1975,,Monchia,Magdalena Cauca,Medio Magdalena,Río Nare,2013,25,Andes,Definitivo,11,11,0,0.0588850677013397,0.0588850677013397,15.7959089279175,1.5803142786026,17.0424118041992,3.05454540252686,6.04363632202148,5,10,0.869565188884735,0.876811623573303,1,1,59,1.05999994277954,11.659999370575
10,2004-10-28,23080760,13,Definitivo,SAN ROQUE [23080760],Pluviométrica,Convencional,Activa,Antioquia,San Roque,6.4875,-75.017,820,5/15/1975,,Monchia,Magdalena Cauca,Medio Magdalena,Río Nare,2004,28,Andes,Definitivo,13,13,0,11.2452363967896,11.2452363967896,21.2027492523193,12.2738084793091,17.5355072021484,3.05454540252686,6.04363632202148,5,10,0.869565188884735,0.876811623573303,1,1,60,1.05999994277954,13.779999256134
10,2007-10-27,23080760,31,Definitivo,SAN ROQUE [23080760],Pluviométrica,Convencional,Activa,Antioquia,San Roque,6.4875,-75.017,820,5/15/1975,,Monchia,Magdalena Cauca,Medio Magdalena,Río Nare,2007,27,Andes,Definitivo,31,31,0,22.9762191772461,22.9762191772461,30.7887401580811,61.0815734863281,31.6970024108887,3.05454540252686,6.04363632202148,5,10,0.869565188884735,0.876811623573303,1,1,60,1.05999994277954,32.8599982261658
10,2006-10-24,23080760,20,Definitivo,SAN ROQUE [23080760],Pluviométrica,Convencional,Activa,Antioquia,San Roque,6.4875,-75.017,820,5/15/1975,,Monchia,Magdalena Cauca,Medio Magdalena,Río Nare,2006,24,Andes,Definitivo,20,20,0,5.24784469604492,5.24784469604492,21.1686115264893,3.70589804649353,0.383449673652649,3.05454540252686,6.04363632202148,5,10,0.869565188884735,0.876811623573303,1,1,59,1.05999994277954,21.1999988555908
10,2022-10-26,23080760,12,Definitivo,SAN ROQUE [23080760],Pluviométrica,Convencional,Activa,Antioquia,San Roque,6.4875,-75.017,820,5/15/1975,,Monchia,Magdalena Cauca,Medio Magdalena,Río Nare,2022,26,Andes,Definitivo,12,12,0,7.19872522354126,7.19872522354126,38.0956878662109,30.2331733703613,73.6384353637695,3.05454540252686,6.04363632202148,5,10,0.869565188884735,0.876811623573303,1,1,60,1.05999994277954,12.7199993133545
10,2023-10-22,23080760,9,Definitivo,SAN ROQUE [23080760],Pluviométrica,Convencional,Activa,Antioquia,San Roque,6.4875,-75.017,820,5/15/1975,,Monchia,Magdalena Cauca,Medio Magdalena,Río Nare,2023,22,Andes,Definitivo,9,9,0,6.54563665390015,6.54563665390015,0,22.6673717498779,7.9415922164917,3.05454540252686,6.04363632202148,5,10,0.869565188884735,0.876811623573303,1,1,59,1.05999994277954,9.53999948501587
10,2008-10-21,23080760,19,Definitivo,SAN ROQUE [23080760],Pluviométrica,Convencional,Activa,Antioquia,San Roque,6.4875,-75.017,820,5/15/1975,,Monchia,Magdalena Cauca,Medio Magdalena,Río Nare,2008,21,Andes,Definitivo,19,19,0,6.31423425674439,6.31423425674439,0,11.9942836761475,0.603257894515991,3.05454540252686,6.04363632202148,5,10,0.869565188884735,0.876811623573303,1,1,59,1.05999994277954,20.1399989128113
10,2007-10-26,23080760,46,Definitivo,SAN ROQUE [23080760],Pluviométrica,Convencional,Activa,Antioquia,San Roque,6.4875,-75.017,820,5/15/1975,,Monchia,Magdalena Cauca,Medio Magdalena,Río Nare,2007,26,Andes,Definitivo,46,46,0,10.7482824325562,10.7482824325562,46.1831130981445,24.4840145111084,56.0416488647461,3.05454540252686,6.04363632202148,5,10,0.869565188884735,0.876811623573303,1,1,60,1.05999994277954,48.7599973678589
10,2009-10-28,23080760,18,Definitivo,SAN ROQUE [23080760],Pluviométrica,Convencional,Activa,Antioquia,San Roque,6.4875,-75.017,820,5/15/1975,,Monchia,Magdalena Cauca,Medio Magdalena,Río Nare,2009,28,Andes,Definitivo,18,18,0,5.97514820098877,5.97514820098877,10.9457597732544,11.736946105957,4.6557765007019,3.05454540252686,6.04363632202148,5,10,0.869565188884735,0.876811623573303,1,1,60,1.05999994277954,19.0799989700317
10,2016-10-28,23080760,68,Definitivo,SAN ROQUE [23080760],Pluviométrica,Convencional,Activa,Antioquia,San Roque,6.4875,-75.017,820,5/15/1975,,Monchia,Magdalena Cauca,Medio Magdalena,Río Nare,2016,28,Andes,Definitivo,68,68,0,38.4413223266602,38.4413223266602,25.2231140136719,42.9683341979981,49.8367919921875,3.05454540252686,6.04363632202148,5,10,0.869565188884735,0.876811623573303,1,1,60,1.05999994277954,72.0799961090088
10,2019-10-27,23080760,0,Definitivo,SAN ROQUE [23080760],Pluviométrica,Convencional,Activa,Antioquia,San Roque,6.4875,-75.017,820,5/15/1975,,Monchia,Magdalena Cauca,Medio Magdalena,Río Nare,2019,27,Andes,Definitivo,0,0,0,45.2866706848145,45.2866706848145,13.4458789825439,12.5707597732544,13.8245878219605,3.05454540252686,6.04363632202148,5,10,0.869565188884735,0.876811623573303,1,1,60,1.05999994277954,0
10,2017-10-26,23080760,0,Definitivo,SAN ROQUE [23080760],Pluviométrica,Convencional,Activa,Antioquia,San Roque,6.4875,-75.017,820,5/15/1975,,Monchia,Magdalena Cauca,Medio Magdalena,Río Nare,2017,26,Andes,Definitivo,0,0,0,14.6402740478516,14.6402740478516,0,7.15880441665649,3.97060823440552,3.05454540252686,6.04363632202148,5,10,0.869565188884735,0.876811623573303,1,1,60,1.05999994277954,0
10,2013-10-24,23080760,1,Definitivo,SAN ROQUE [23080760],Pluviométrica,Convencional,Activa,Antioquia,San Roque,6.4875,-75.017,820,5/15/1975,,Monchia,Magdalena Cauca,Medio Magdalena,Río Nare,2013,24,Andes,Definitivo,1,1,0,4.85225820541382,4.85225820541382,0,2.57502913475037,0.703783750534058,3.05454540252686,6.04363632202148,5,10,0.869565188884735,0.876811623573303,1,1,59,1.05999994277954,1.05999994277954
10,2005-10-30,23080760,0,Definitivo,SAN ROQUE [23080760],Pluviométrica,Convencional,Activa,Antioquia,San Roque,6.4875,-75.017,820,5/15/1975,,Monchia,Magdalena Cauca,Medio Magdalena,Río Nare,2005,30,Andes,Definitivo,0,0,0,6.54336309432983,6.54336309432983,0,17.0057792663574,0.34145799279213,3.05454540252686,6.04363632202148,5,10,0.869565188884735,0.876811623573303,1,1,60,1.05999994277954,0
10,2016-10-23,23080760,0,Definitivo,SAN ROQUE [23080760],Pluviométrica,Convencional,Activa,Antioquia,San Roque,6.4875,-75.017,820,5/15/1975,,Monchia,Magdalena Cauca,Medio Magdalena,Río Nare,2016,23,Andes,Definitivo,0,0,0,1.75698053836823,1.75698053836823,29.531343460083,1.96877038478851,13.6046028137207,3.05454540252686,6.04363632202148,5,10,0.869565188884735,0.876811623573303,1,1,59,1.05999994277954,0
10,2015-10-28,23080760,0,Definitivo,SAN ROQUE [23080760],Pluviométrica,Convencional,Activa,Antioquia,San Roque,6.4875,-75.017,820,5/15/1975,,Monchia,Magdalena Cauca,Medio Magdalena,Río Nare,2015,28,Andes,Definitivo,0,0,0,2.2062201499939,2.2062201499939,0,1.86438357830048,1.34126973152161,3.05454540252686,6.04363632202148,5,10,0.869565188884735,0.876811623573303,1,1,60,1.05999994277954,0
10,2020-10-26,23080760,0,Definitivo,SAN ROQUE [23080760],Pluviométrica,Convencional,Activa,Antioquia,San Roque,6.4875,-75.017,820,5/15/1975,,Monchia,Magdalena Cauca,Medio Magdalena,Río Nare,2020,26,Andes,Definitivo,0,0,0,2.25887537002564,2.25887537002564,3.01993656158447,4.82712650299072,0.0286089386790991,3.05454540252686,6.04363632202148,5,10,0.869565188884735,0.876811623573303,1,1,60,1.05999994277954,0
10,2007-10-22,23080760,1,Definitivo,SAN ROQUE [23080760],Pluviométrica,Convencional,Activa,Antioquia,San Roque,6.4875,-75.017,820,5/15/1975,,Monchia,Magdalena Cauca,Medio Magdalena,Río Nare,2007,22,Andes,Definitivo,1,1,0,15.3312358856201,15.3312358856201,18.6435623168945,6.93628692626953,1.96755170822144,3.05454540252686,6.04363632202148,5,10,0.869565188884735,0.876811623573303,1,1,59,1.05999994277954,1.05999994277954
10,2008-10-19,23080760,1,Definitivo,SAN ROQUE [23080760],Pluviométrica,Convencional,Activa,Antioquia,San Roque,6.4875,-75.017,820,5/15/1975,,Monchia,Magdalena Cauca,Medio Magdalena,Río Nare,2008,19,Andes,Definitivo,1,1,0,31.5150279998779,31.5150279998779,13.8722352981567,11.9750089645386,57.5296020507813,3.05454540252686,6.04363632202148,5,10,0.869565188884735,0.876811623573303,1,1,58,1.05999994277954,1.05999994277954
10,2023-10-20,23080760,5,Definitivo,SAN ROQUE [23080760],Pluviométrica,Convencional,Activa,Antioquia,San Roque,6.4875,-75.017,820,5/15/1975,,Monchia,Magdalena Cauca,Medio Magdalena,Río Nare,2023,20,Andes,Definitivo,5,5,0,0,0,9.67795276641846,6.22841215133667,5.36169242858887,3.05454540252686,6.04363632202148,5,10,0.869565188884735,0.876811623573303,1,1,58,1.05999994277954,5.29999971389771
10,2023-10-18,23080760,1,Definitivo,SAN ROQUE [23080760],Pluviométrica,Convencional,Activa,Antioquia,San Roque,6.4875,-75.017,820,5/15/1975,,Monchia,Magdalena Cauca,Medio Magdalena,Río Nare,2023,18,Andes,Definitivo,1,1,0,62.859977722168,62.859977722168,0,6.22841215133667,0,3.05454540252686,6.04363632202148,5,10,0.869565188884735,0.876811623573303,1,1,58,1.05999994277954,1.05999994277954
10,2010-10-24,23080760,0,Definitivo,SAN ROQUE [23080760],Pluviométrica,Convencional,Activa,Antioquia,San Roque,6.4875,-75.017,820,5/15/1975,,Monchia,Magdalena Cauca,Medio Magdalena,Río Nare,2010,24,Andes,Definitivo,0,0,0,10.0419731140137,10.0419731140137,0,7.37770891189575,8.91025066375732,3.05454540252686,6.04363632202148,5,10,0.869565188884735,0.876811623573303,1,1,59,1.05999994277954,0
10,2012-10-26,23080760,,"",SAN ROQUE [23080760],Pluviométrica,Convencional,Activa,Antioquia,San Roque,6.4875,-75.017,820,5/15/1975,,Monchia,Magdalena Cauca,Medio Magdalena,Río Nare,2012,26,Andes,Preliminar,0,0,0,5.60815763473511,5.60815763473511,26.8052005767822,9.25624084472656,27.2237548828125,3.05454540252686,6.04363632202148,5,10,0.869565188884735,0.876811623573303,1,1,60,1.05999994277954,0
10,2014-10-28,23080760,12,Definitivo,SAN ROQUE [23080760],Pluviométrica,Convencional,Activa,Antioquia,San Roque,6.4875,-75.017,820,5/15/1975,,Monchia,Magdalena Cauca,Medio Magdalena,Río Nare,2014,28,Andes,Definitivo,12,12,0,5.02322912216187,5.02322912216187,0,6.93338632583618,8.85542964935303,3.05454540252686,6.04363632202148,5,10,0.869565188884735,0.876811623573303,1,1,60,1.05999994277954,12.7199993133545
10,2012-10-27,23080760,3,Definitivo,SAN ROQUE [23080760],Pluviométrica,Convencional,Activa,Antioquia,San Roque,6.4875,-75.017,820,5/15/1975,,Monchia,Magdalena Cauca,Medio Magdalena,Río Nare,2012,27,Andes,Definitivo,3,3,0,6.9787802696228,6.9787802696228,0,7.1722469329834,0,3.05454540252686,6.04363632202148,5,10,0.869565188884735,0.876811623573303,1,1,60,1.05999994277954,3.17999982833862
10,2005-10-29,23080760,,"",SAN ROQUE [23080760],Pluviométrica,Convencional,Activa,Antioquia,San Roque,6.4875,-75.017,820,5/15/1975,,Monchia,Magdalena Cauca,Medio Magdalena,Río Nare,2005,29,Andes,Preliminar,0,0,0,10.9608879089355,10.9608879089355,21.9414196014404,28.0652656555176,13.9360198974609,3.05454540252686,6.04363632202148,5,10,0.869565188884735,0.876811623573303,1,1,60,1.05999994277954,0
10,2011-10-24,23080760,3,Definitivo,SAN ROQUE [23080760],Pluviométrica,Convencional,Activa,Antioquia,San Roque,6.4875,-75.017,820,5/15/1975,,Monchia,Magdalena Cauca,Medio Magdalena,Río Nare,2011,24,Andes,Definitivo,3,3,0,4.29354810714722,4.29354810714722,0,2.32061648368835,0.0918280109763145,3.05454540252686,6.04363632202148,5,10,0.869565188884735,0.876811623573303,1,1,59,1.05999994277954,3.17999982833862
10,2004-10-27,23080760,14,Definitivo,SAN ROQUE [23080760],Pluviométrica,Convencional,Activa,Antioquia,San Roque,6.4875,-75.017,820,5/15/1975,,Monchia,Magdalena Cauca,Medio Magdalena,Río Nare,2004,27,Andes,Definitivo,14,14,0,30.8140087127686,30.8140087127686,21.2027492523193,8.43014144897461,16.3376712799072,3.05454540252686,6.04363632202148,5,10,0.869565188884735,0.876811623573303,1,1,60,1.05999994277954,14.8399991989136
10,2005-10-25,23080760,1,Definitivo,SAN ROQUE [23080760],Pluviométrica,Convencional,Activa,Antioquia,San Roque,6.4875,-75.017,820,5/15/1975,,Monchia,Magdalena Cauca,Medio Magdalena,Río Nare,2005,25,Andes,Definitivo,1,1,0,20.2620449066162,20.2620449066162,0,12.3445014953613,23.5040512084961,3.05454540252686,6.04363632202148,5,10,0.869565188884735,0.876811623573303,1,1,59,1.05999994277954,1.05999994277954
10,2005-10-26,23080760,22,Definitivo,SAN ROQUE [23080760],Pluviométrica,Convencional,Activa,Antioquia,San Roque,6.4875,-75.017,820,5/15/1975,,Monchia,Magdalena Cauca,Medio Magdalena,Río Nare,2005,26,Andes,Definitivo,22,22,0,4.54567766189575,4.54567766189575,21.9414196014404,5.6800594329834,13.4155941009521,3.05454540252686,6.04363632202148,5,10,0.869565188884735,0.876811623573303,1,1,60,1.05999994277954,23.3199987411499
10,2020-10-27,23080760,0,Definitivo,SAN ROQUE [23080760],Pluviométrica,Convencional,Activa,Antioquia,San Roque,6.4875,-75.017,820,5/15/1975,,Monchia,Magdalena Cauca,Medio Magdalena,Río Nare,2020,27,Andes,Definitivo,0,0,0,8.51738834381104,8.51738834381104,11.3870687484741,7.35932683944702,2.58130645751953,3.05454540252686,6.04363632202148,5,10,0.869565188884735,0.876811623573303,1,1,60,1.05999994277954,0
10,2021-10-27,23080760,4,Definitivo,SAN ROQUE [23080760],Pluviométrica,Convencional,Activa,Antioquia,San Roque,6.4875,-75.017,820,5/15/1975,,Monchia,Magdalena Cauca,Medio Magdalena,Río Nare,2021,27,Andes,Definitivo,4,4,0,20.5096073150635,20.5096073150635,46.6015014648438,15.2669477462769,57.4659233093262,3.05454540252686,6.04363632202148,5,10,0.869565188884735,0.876811623573303,1,1,60,1.05999994277954,4.23999977111816
10,2009-10-17,23080760,26,Definitivo,SAN ROQUE [23080760],Pluviométrica,Convencional,Activa,Antioquia,San Roque,6.4875,-75.017,820,5/15/1975,,Monchia,Magdalena Cauca,Medio Magdalena,Río Nare,2009,17,Andes,Definitivo,26,26,0,0.847953021526337,0.847953021526337,0,2.93343997001648,0.236215606331825,3.05454540252686,6.04363632202148,5,10,0.869565188884735,0.876811623573303,1,1,58,1.05999994277954,27.5599985122681
10,2009-10-18,23080760,,"",SAN ROQUE [23080760],Pluviométrica,Convencional,Activa,Antioquia,San Roque,6.4875,-75.017,820,5/15/1975,,Monchia,Magdalena Cauca,Medio Magdalena,Río Nare,2009,18,Andes,Preliminar,0,0,0,14.8444118499756,14.8444118499756,23.7193851470947,14.0186672210693,54.8431663513184,3.05454540252686,6.04363632202148,5,10,0.869565188884735,0.876811623573303,1,1,58,1.05999994277954,0
10,2008-10-22,23080760,5,Definitivo,SAN ROQUE [23080760],Pluviométrica,Convencional,Activa,Antioquia,San Roque,6.4875,-75.017,820,5/15/1975,,Monchia,Magdalena Cauca,Medio Magdalena,Río Nare,2008,22,Andes,Definitivo,5,5,0,20.1024608612061,20.1024608612061,25.1789703369141,14.4890565872192,39.5050392150879,3.05454540252686,6.04363632202148,5,10,0.869565188884735,0.876811623573303,1,1,59,1.05999994277954,5.29999971389771
10,2010-10-25,23080760,,"",SAN ROQUE [23080760],Pluviométrica,Convencional,Activa,Antioquia,San Roque,6.4875,-75.017,820,5/15/1975,,Monchia,Magdalena Cauca,Medio Magdalena,Río Nare,2010,25,Andes,Preliminar,0,0,0,9.14536762237549,9.14536762237549,0,8.94276428222656,5.69565773010254,3.05454540252686,6.04363632202148,5,10,0.869565188884735,0.876811623573303,1,1,59,1.05999994277954,0
10,2010-10-26,23080760,1,Definitivo,SAN ROQUE [23080760],Pluviométrica,Convencional,Activa,Antioquia,San Roque,6.4875,-75.017,820,5/15/1975,,Monchia,Magdalena Cauca,Medio Magdalena,Río Nare,2010,26,Andes,Definitivo,1,1,0,9.61402416229248,9.61402416229248,0,8.35363578796387,0.806991279125214,3.05454540252686,6.04363632202148,5,10,0.869565188884735,0.876811623573303,1,1,60,1.05999994277954,1.05999994277954
10,2007-10-30,23080760,10,Definitivo,SAN ROQUE [23080760],Pluviométrica,Convencional,Activa,Antioquia,San Roque,6.4875,-75.017,820,5/15/1975,,Monchia,Magdalena Cauca,Medio Magdalena,Río Nare,2007,30,Andes,Definitivo,10,10,0,29.726110458374,29.726110458374,30.7887401580811,15.485053062439,7.08433771133423,3.05454540252686,6.04363632202148,5,10,0.869565188884735,0.876811623573303,1,1,60,1.05999994277954,10.5999994277954
10,2009-10-22,23080760,2,Definitivo,SAN ROQUE [23080760],Pluviométrica,Convencional,Activa,Antioquia,San Roque,6.4875,-75.017,820,5/15/1975,,Monchia,Magdalena Cauca,Medio Magdalena,Río Nare,2009,22,Andes,Definitivo,2,2,0,6.44981288909912,6.44981288909912,12.1342134475708,10.6453084945679,1.14773094654083,3.05454540252686,6.04363632202148,5,10,0.869565188884735,0.876811623573303,1,1,59,1.05999994277954,2.11999988555908
10,2022-10-12,23080760,11,Definitivo,SAN ROQUE [23080760],Pluviométrica,Convencional,Activa,Antioquia,San Roque,6.4875,-75.017,820,5/15/1975,,Monchia,Magdalena Cauca,Medio Magdalena,Río Nare,2022,12,Andes,Definitivo,11,11,0,1.38295698165894,1.38295698165894,0,21.2535362243652,0,3.05454540252686,6.04363632202148,5,10,0.869565188884735,0.876811623573303,1,1,57,1.05999994277954,11.659999370575
10,2011-10-25,23080760,,"",SAN ROQUE [23080760],Pluviométrica,Convencional,Activa,Antioquia,San Roque,6.4875,-75.017,820,5/15/1975,,Monchia,Magdalena Cauca,Medio Magdalena,Río Nare,2011,25,Andes,Preliminar,0,0,0,7.7465763092041,7.7465763092041,0,2.8713173866272,3.89871191978455,3.05454540252686,6.04363632202148,5,10,0.869565188884735,0.876811623573303,1,1,59,1.05999994277954,0
10,2011-10-26,23080760,,"",SAN ROQUE [23080760],Pluviométrica,Convencional,Activa,Antioquia,San Roque,6.4875,-75.017,820,5/15/1975,,Monchia,Magdalena Cauca,Medio Magdalena,Río Nare,2011,26,Andes,Preliminar,0,0,0,13.2169713973999,13.2169713973999,0,9.55239486694336,0.0407406836748123,3.05454540252686,6.04363632202148,5,10,0.869565188884735,0.876811623573303,1,1,60,1.05999994277954,0
10,2016-10-24,23080760,0,Definitivo,SAN ROQUE [23080760],Pluviométrica,Convencional,Activa,Antioquia,San Roque,6.4875,-75.017,820,5/15/1975,,Monchia,Magdalena Cauca,Medio Magdalena,Río Nare,2016,24,Andes,Definitivo,0,0,0,6.42138910293579,6.42138910293579,0,3.4767279624939,1.5422523021698,3.05454540252686,6.04363632202148,5,10,0.869565188884735,0.876811623573303,1,1,59,1.05999994277954,0
10,2007-10-21,23080760,,"",SAN ROQUE [23080760],Pluviométrica,Convencional,Activa,Antioquia,San Roque,6.4875,-75.017,820,5/15/1975,,Monchia,Magdalena Cauca,Medio Magdalena,Río Nare,2007,21,Andes,Preliminar,0,0,0,6.11862802505493,6.11862802505493,0,16.6046142578125,5.57016181945801,3.05454540252686,6.04363632202148,5,10,0.869565188884735,0.876811623573303,1,1,59,1.05999994277954,0
10,2008-10-18,23080760,15,Definitivo,SAN ROQUE [23080760],Pluviométrica,Convencional,Activa,Antioquia,San Roque,6.4875,-75.017,820,5/15/1975,,Monchia,Magdalena Cauca,Medio Magdalena,Río Nare,2008,18,Andes,Definitivo,15,15,0,4.9571418762207,4.9571418762207,13.8722352981567,6.26328706741333,10.4581174850464,3.05454540252686,6.04363632202148,5,10,0.869565188884735,0.876811623573303,1,1,58,1.05999994277954,15.8999991416931
10,2021-10-25,23080760,0,Definitivo,SAN ROQUE [23080760],Pluviométrica,Convencional,Activa,Antioquia,San Roque,6.4875,-75.017,820,5/15/1975,,Monchia,Magdalena Cauca,Medio Magdalena,Río Nare,2021,25,Andes,Definitivo,0,0,0,8.55055236816406,8.55055236816406,0,3.33482527732849,0,3.05454540252686,6.04363632202148,5,10,0.869565188884735,0.876811623573303,1,1,59,1.05999994277954,0
10,2021-10-22,23080760,0,Definitivo,SAN ROQUE [23080760],Pluviométrica,Convencional,Activa,Antioquia,San Roque,6.4875,-75.017,820,5/15/1975,,Monchia,Magdalena Cauca,Medio Magdalena,Río Nare,2021,22,Andes,Definitivo,0,0,0,7.65095138549805,7.65095138549805,8.79168796539307,4.99684047698975,11.5479755401611,3.05454540252686,6.04363632202148,5,10,0.869565188884735,0.876811623573303,1,1,59,1.05999994277954,0
10,2023-10-17,23080760,0,Definitivo,SAN ROQUE [23080760],Pluviométrica,Convencional,Activa,Antioquia,San Roque,6.4875,-75.017,820,5/15/1975,,Monchia,Magdalena Cauca,Medio Magdalena,Río Nare,2023,17,Andes,Definitivo,0,0,0,6.9261622428894,6.9261622428894,0,6.22841215133667,0,3.05454540252686,6.04363632202148,5,10,0.869565188884735,0.876811623573303,1,1,58,1.05999994277954,0
10,2008-10-23,23080760,5,Definitivo,SAN ROQUE [23080760],Pluviométrica,Convencional,Activa,Antioquia,San Roque,6.4875,-75.017,820,5/15/1975,,Monchia,Magdalena Cauca,Medio Magdalena,Río Nare,2008,23,Andes,Definitivo,5,5,0,5.11420822143555,5.11420822143555,0,11.7147998809814,0.705000400543213,3.05454540252686,6.04363632202148,5,10,0.869565188884735,0.876811623573303,1,1,59,1.05999994277954,5.29999971389771
10,2008-10-24,23080760,7,Definitivo,SAN ROQUE [23080760],Pluviométrica,Convencional,Activa,Antioquia,San Roque,6.4875,-75.017,820,5/15/1975,,Monchia,Magdalena Cauca,Medio Magdalena,Río Nare,2008,24,Andes,Definitivo,7,7,0,11.2593097686768,11.2593097686768,0,4.76754903793335,6.88359642028809,3.05454540252686,6.04363632202148,5,10,0.869565188884735,0.876811623573303,1,1,59,1.05999994277954,7.41999959945679
10,2008-10-25,23080760,,"",SAN ROQUE [23080760],Pluviométrica,Convencional,Activa,Antioquia,San Roque,6.4875,-75.017,820,5/15/1975,,Monchia,Magdalena Cauca,Medio Magdalena,Río Nare,2008,25,Andes,Preliminar,0,0,0,8.00554847717285,8.00554847717285,22.0316009521484,11.1843032836914,6.45310211181641,3.05454540252686,6.04363632202148,5,10,0.869565188884735,0.876811623573303,1,1,59,1.05999994277954,0
10,2021-10-14,23080760,24,Definitivo,SAN ROQUE [23080760],Pluviométrica,Convencional,Activa,Antioquia,San Roque,6.4875,-75.017,820,5/15/1975,,Monchia,Magdalena Cauca,Medio Magdalena,Río Nare,2021,14,Andes,Definitivo,24,24,0,3.40886807441711,3.40886807441711,7.55336761474609,10.7021932601929,15.7100982666016,3.05454540252686,6.04363632202148,5,10,0.869565188884735,0.876811623573303,1,1,57,1.05999994277954,25.439998626709
10,2003-10-29,23080760,54,Definitivo,SAN ROQUE [23080760],Pluviométrica,Convencional,Activa,Antioquia,San Roque,6.4875,-75.017,820,5/15/1975,,Monchia,Magdalena Cauca,Medio Magdalena,Río Nare,2003,29,Andes,Definitivo,54,54,0,23.1848430633545,23.1848430633545,9.67840099334717,32.8756866455078,7.46413278579712,3.05454540252686,6.04363632202148,5,10,0.869565188884735,0.876811623573303,1,1,60,1.05999994277954,57.2399969100952
10,2003-10-30,23080760,25,Definitivo,SAN ROQUE [23080760],Pluviométrica,Convencional,Activa,Antioquia,San Roque,6.4875,-75.017,820,5/15/1975,,Monchia,Magdalena Cauca,Medio Magdalena,Río Nare,2003,30,Andes,Definitivo,25,25,0,2.28286504745483,2.28286504745483,19.3568019866943,15.5213527679443,32.8375091552734,3.05454540252686,6.04363632202148,5,10,0.869565188884735,0.876811623573303,1,1,60,1.05999994277954,26.4999985694885
10,2005-10-24,23080760,10,Definitivo,SAN ROQUE [23080760],Pluviométrica,Convencional,Activa,Antioquia,San Roque,6.4875,-75.017,820,5/15/1975,,Monchia,Magdalena Cauca,Medio Magdalena,Río Nare,2005,24,Andes,Definitivo,10,10,0,10.8393440246582,10.8393440246582,15.1824111938477,35.7050437927246,25.9044761657715,3.05454540252686,6.04363632202148,5,10,0.869565188884735,0.876811623573303,1,1,59,1.05999994277954,10.5999994277954
10,2006-10-22,23080760,2,Definitivo,SAN ROQUE [23080760],Pluviométrica,Convencional,Activa,Antioquia,San Roque,6.4875,-75.017,820,5/15/1975,,Monchia,Magdalena Cauca,Medio Magdalena,Río Nare,2006,22,Andes,Definitivo,2,2,0,7.91013813018799,7.91013813018799,0,20.2356376647949,6.59428119659424,3.05454540252686,6.04363632202148,5,10,0.869565188884735,0.876811623573303,1,1,59,1.05999994277954,2.11999988555908
10,2015-10-29,23080760,8,Definitivo,SAN ROQUE [23080760],Pluviométrica,Convencional,Activa,Antioquia,San Roque,6.4875,-75.017,820,5/15/1975,,Monchia,Magdalena Cauca,Medio Magdalena,Río Nare,2015,29,Andes,Definitivo,8,8,0,7.08119869232178,7.08119869232178,36.8482093811035,7.98257493972778,19.0273361206055,3.05454540252686,6.04363632202148,5,10,0.869565188884735,0.876811623573303,1,1,60,1.05999994277954,8.47999954223633
10,2018-10-27,23080760,0,Definitivo,SAN ROQUE [23080760],Pluviométrica,Convencional,Activa,Antioquia,San Roque,6.4875,-75.017,820,5/15/1975,,Monchia,Magdalena Cauca,Medio Magdalena,Río Nare,2018,27,Andes,Definitivo,0,0,0,12.1828308105469,12.1828308105469,0,5.02523708343506,0.179400727152824,3.05454540252686,6.04363632202148,5,10,0.869565188884735,0.876811623573303,1,1,60,1.05999994277954,0
10,2009-10-16,23080760,2,Definitivo,SAN ROQUE [23080760],Pluviométrica,Convencional,Activa,Antioquia,San Roque,6.4875,-75.017,820,5/15/1975,,Monchia,Magdalena Cauca,Medio Magdalena,Río Nare,2009,16,Andes,Definitivo,2,2,0,1.62262630462646,1.62262630462646,0,1.57370114326477,0.304955512285233,3.05454540252686,6.04363632202148,5,10,0.869565188884735,0.876811623573303,1,1,58,1.05999994277954,2.11999988555908
10,2010-10-14,23080760,0,Definitivo,SAN ROQUE [23080760],Pluviométrica,Convencional,Activa,Antioquia,San Roque,6.4875,-75.017,820,5/15/1975,,Monchia,Magdalena Cauca,Medio Magdalena,Río Nare,2010,14,Andes,Definitivo,0,0,0,41.1588287353516,41.1588287353516,36.4604187011719,17.2479953765869,20.1601505279541,3.05454540252686,6.04363632202148,5,10,0.869565188884735,0.876811623573303,1,1,57,1.05999994277954,0
10,2010-10-15,23080760,56,Definitivo,SAN ROQUE [23080760],Pluviométrica,Convencional,Activa,Antioquia,San Roque,6.4875,-75.017,820,5/15/1975,,Monchia,Magdalena Cauca,Medio Magdalena,Río Nare,2010,15,Andes,Definitivo,56,56,0,11.8230600357056,11.8230600357056,24.3069458007813,66.0110855102539,55.3443603515625,3.05454540252686,6.04363632202148,5,10,0.869565188884735,0.876811623573303,1,1,57,1.05999994277954,59.3599967956543
10,2023-10-15,23080760,17,Definitivo,SAN ROQUE [23080760],Pluviométrica,Convencional,Activa,Antioquia,San Roque,6.4875,-75.017,820,5/15/1975,,Monchia,Magdalena Cauca,Medio Magdalena,Río Nare,2023,15,Andes,Definitivo,17,17,0,27.2608299255371,27.2608299255371,0,10.0512914657593,0,3.05454540252686,6.04363632202148,5,10,0.869565188884735,0.876811623573303,1,1,57,1.05999994277954,18.0199990272522
10,2023-10-12,23080760,8,Definitivo,SAN ROQUE [23080760],Pluviométrica,Convencional,Activa,Antioquia,San Roque,6.4875,-75.017,820,5/15/1975,,Monchia,Magdalena Cauca,Medio Magdalena,Río Nare,2023,12,Andes,Definitivo,8,8,0,0.845459759235382,0.845459759235382,0,10.0512914657593,0,3.05454540252686,6.04363632202148,5,10,0.869565188884735,0.876811623573303,1,1,57,1.05999994277954,8.47999954223633
10,2023-10-11,23080760,0,Definitivo,SAN ROQUE [23080760],Pluviométrica,Convencional,Activa,Antioquia,San Roque,6.4875,-75.017,820,5/15/1975,,Monchia,Magdalena Cauca,Medio Magdalena,Río Nare,2023,11,Andes,Definitivo,0,0,0,0,0,11.145975112915,10.0512914657593,12.6651592254639,3.05454540252686,6.04363632202148,5,10,0.869565188884735,0.876811623573303,1,1,57,1.05999994277954,0
10,2002-10-31,23080760,0,Definitivo,SAN ROQUE [23080760],Pluviométrica,Convencional,Activa,Antioquia,San Roque,6.4875,-75.017,820,5/15/1975,,Monchia,Magdalena Cauca,Medio Magdalena,Río Nare,2002,31,Andes,Definitivo,0,0,0,7.4549355506897,7.4549355506897,0,8.06420707702637,0.801678657531738,3.05454540252686,6.04363632202148,5,10,0.869565188884735,0.876811623573303,1,1,60,1.05999994277954,0
10,2010-10-19,23080760,13,Definitivo,SAN ROQUE [23080760],Pluviométrica,Convencional,Activa,Antioquia,San Roque,6.4875,-75.017,820,5/15/1975,,Monchia,Magdalena Cauca,Medio Magdalena,Río Nare,2010,19,Andes,Definitivo,13,13,0,11.94886302948,11.94886302948,0,2.94109010696411,0.0774998664855957,3.05454540252686,6.04363632202148,5,10,0.869565188884735,0.876811623573303,1,1,58,1.05999994277954,13.779999256134
10,2009-10-23,23080760,62,Definitivo,SAN ROQUE [23080760],Pluviométrica,Convencional,Activa,Antioquia,San Roque,6.4875,-75.017,820,5/15/1975,,Monchia,Magdalena Cauca,Medio Magdalena,Río Nare,2009,23,Andes,Definitivo,62,62,0,5.56085443496704,5.56085443496704,0,18.0565624237061,13.5576438903809,3.05454540252686,6.04363632202148,5,10,0.869565188884735,0.876811623573303,1,1,59,1.05999994277954,65.7199964523316
10,2009-10-24,23080760,6,Definitivo,SAN ROQUE [23080760],Pluviométrica,Convencional,Activa,Antioquia,San Roque,6.4875,-75.017,820,5/15/1975,,Monchia,Magdalena Cauca,Medio Magdalena,Río Nare,2009,24,Andes,Definitivo,6,6,0,12.4064807891846,12.4064807891846,36.4026412963867,4.81365823745728,43.0756950378418,3.05454540252686,6.04363632202148,5,10,0.869565188884735,0.876811623573303,1,1,59,1.05999994277954,6.35999965667725
10,2009-10-25,23080760,,"",SAN ROQUE [23080760],Pluviométrica,Convencional,Activa,Antioquia,San Roque,6.4875,-75.017,820,5/15/1975,,Monchia,Magdalena Cauca,Medio Magdalena,Río Nare,2009,25,Andes,Preliminar,0,0,0,16.0336894989014,16.0336894989014,0,11.0381278991699,0.142950594425201,3.05454540252686,6.04363632202148,5,10,0.869565188884735,0.876811623573303,1,1,59,1.05999994277954,0
10,2006-10-23,23080760,0,Definitivo,SAN ROQUE [23080760],Pluviométrica,Convencional,Activa,Antioquia,San Roque,6.4875,-75.017,820,5/15/1975,,Monchia,Magdalena Cauca,Medio Magdalena,Río Nare,2006,23,Andes,Definitivo,0,0,0,3.17586135864258,3.17586135864258,0,10.2228498458862,20.95436668396,3.05454540252686,6.04363632202148,5,10,0.869565188884735,0.876811623573303,1,1,59,1.05999994277954,0
10,2008-10-17,23080760,4,Definitivo,SAN ROQUE [23080760],Pluviométrica,Convencional,Activa,Antioquia,San Roque,6.4875,-75.017,820,5/15/1975,,Monchia,Magdalena Cauca,Medio Magdalena,Río Nare,2008,17,Andes,Definitivo,4,4,0,2.1067852973938,2.1067852973938,13.8722352981567,8.66589832305908,4.61748552322388,3.05454540252686,6.04363632202148,5,10,0.869565188884735,0.876811623573303,1,1,58,1.05999994277954,4.23999977111816
10,2020-10-28,23080760,4,Definitivo,SAN ROQUE [23080760],Pluviométrica,Convencional,Activa,Antioquia,San Roque,6.4875,-75.017,820,5/15/1975,,Monchia,Magdalena Cauca,Medio Magdalena,Río Nare,2020,28,Andes,Definitivo,4,4,0,17.9181137084961,17.9181137084961,23.9550876617432,6.8960223197937,4.62107706069946,3.05454540252686,6.04363632202148,5,10,0.869565188884735,0.876811623573303,1,1,60,1.05999994277954,4.23999977111816
10,2023-10-24,23080760,30,Definitivo,SAN ROQUE [23080760],Pluviométrica,Convencional,Activa,Antioquia,San Roque,6.4875,-75.017,820,5/15/1975,,Monchia,Magdalena Cauca,Medio Magdalena,Río Nare,2023,24,Andes,Definitivo,30,30,0,5.39002847671509,5.39002847671509,80.7309646606445,22.6673717498779,41.532958984375,3.05454540252686,6.04363632202148,5,10,0.869565188884735,0.876811623573303,1,1,59,1.05999994277954,31.7999982833862
10,2022-10-23,23080760,9,Definitivo,SAN ROQUE [23080760],Pluviométrica,Convencional,Activa,Antioquia,San Roque,6.4875,-75.017,820,5/15/1975,,Monchia,Magdalena Cauca,Medio Magdalena,Río Nare,2022,23,Andes,Definitivo,9,9,0,40.2159309387207,40.2159309387207,26.5107517242432,25.6543769836426,25.586503982544,3.05454540252686,6.04363632202148,5,10,0.869565188884735,0.876811623573303,1,1,59,1.05999994277954,9.53999948501587
10,2009-10-19,23080760,27,Definitivo,SAN ROQUE [23080760],Pluviométrica,Convencional,Activa,Antioquia,San Roque,6.4875,-75.017,820,5/15/1975,,Monchia,Magdalena Cauca,Medio Magdalena,Río Nare,2009,19,Andes,Definitivo,27,27,0,29.5736713409424,29.5736713409424,7.90646123886108,16.3459720611572,4.11946535110474,3.05454540252686,6.04363632202148,5,10,0.869565188884735,0.876811623573303,1,1,58,1.05999994277954,28.6199984550476
10,2009-10-20,23080760,0,Definitivo,SAN ROQUE [23080760],Pluviométrica,Convencional,Activa,Antioquia,San Roque,6.4875,-75.017,820,5/15/1975,,Monchia,Magdalena Cauca,Medio Magdalena,Río Nare,2009,20,Andes,Definitivo,0,0,0,7.55829763412476,7.55829763412476,23.7193851470947,26.1205005645752,1.48847949504852,3.05454540252686,6.04363632202148,5,10,0.869565188884735,0.876811623573303,1,1,58,1.05999994277954,0
10,2004-10-31,23080760,2,Definitivo,SAN ROQUE [23080760],Pluviométrica,Convencional,Activa,Antioquia,San Roque,6.4875,-75.017,820,5/15/1975,,Monchia,Magdalena Cauca,Medio Magdalena,Río Nare,2004,31,Andes,Definitivo,2,2,0,15.9612846374512,15.9612846374512,10.6013746261597,19.0552654266357,13.3381032943726,3.05454540252686,6.04363632202148,5,10,0.869565188884735,0.876811623573303,1,1,60,1.05999994277954,2.11999988555908
10,2010-10-18,23080760,32,Definitivo,SAN ROQUE [23080760],Pluviométrica,Convencional,Activa,Antioquia,San Roque,6.4875,-75.017,820,5/15/1975,,Monchia,Magdalena Cauca,Medio Magdalena,Río Nare,2010,18,Andes,Definitivo,32,32,0,31.8114700317383,31.8114700317383,16.3543605804443,17.7050533294678,7.578444480896,3.05454540252686,6.04363632202148,5,10,0.869565188884735,0.876811623573303,1,1,58,1.05999994277954,33.9199981689453
10,2023-10-13,23080760,60,Definitivo,SAN ROQUE [23080760],Pluviométrica,Convencional,Activa,Antioquia,San Roque,6.4875,-75.017,820,5/15/1975,,Monchia,Magdalena Cauca,Medio Magdalena,Río Nare,2023,13,Andes,Definitivo,60,60,0,13.1295213699341,13.1295213699341,11.145975112915,10.0512914657593,14.7584495544434,3.05454540252686,6.04363632202148,5,10,0.869565188884735,0.876811623573303,1,1,57,1.05999994277954,63.5999965667725
10,2021-10-13,23080760,2,Definitivo,SAN ROQUE [23080760],Pluviométrica,Convencional,Activa,Antioquia,San Roque,6.4875,-75.017,820,5/15/1975,,Monchia,Magdalena Cauca,Medio Magdalena,Río Nare,2021,13,Andes,Definitivo,2,2,0,0.601934969425201,0.601934969425201,22.660099029541,14.9072828292847,28.8462028503418,3.05454540252686,6.04363632202148,5,10,0.869565188884735,0.876811623573303,1,1,57,1.05999994277954,2.11999988555908
10,2023-10-10,23080760,0,Definitivo,SAN ROQUE [23080760],Pluviométrica,Convencional,Activa,Antioquia,San Roque,6.4875,-75.017,820,5/15/1975,,Monchia,Magdalena Cauca,Medio Magdalena,Río Nare,2023,10,Andes,Definitivo,0,0,0,0.820821583271027,0.820821583271027,33.0098190307617,13.5957860946655,2.53645825386047,3.05454540252686,6.04363632202148,5,10,0.869565188884735,0.876811623573303,1,1,56,1.05999994277954,0
10,2023-10-09,23080760,22,Definitivo,SAN ROQUE [23080760],Pluviométrica,Convencional,Activa,Antioquia,San Roque,6.4875,-75.017,820,5/15/1975,,Monchia,Magdalena Cauca,Medio Magdalena,Río Nare,2023,09,Andes,Definitivo,22,22,0,0.0505863092839718,0.0505863092839718,0,13.5957860946655,16.6414432525635,3.05454540252686,6.04363632202148,5,10,0.869565188884735,0.876811623573303,1,1,56,1.05999994277954,23.3199987411499
10,2014-10-24,23080760,0,Definitivo,SAN ROQUE [23080760],Pluviométrica,Convencional,Activa,Antioquia,San Roque,6.4875,-75.017,820,5/15/1975,,Monchia,Magdalena Cauca,Medio Magdalena,Río Nare,2014,24,Andes,Definitivo,0,0,0,19.1996059417725,19.1996059417725,21.2613544464111,8.29040431976318,20.1563949584961,3.05454540252686,6.04363632202148,5,10,0.869565188884735,0.876811623573303,1,1,59,1.05999994277954,0
10,2016-10-25,23080760,10,Definitivo,SAN ROQUE [23080760],Pluviométrica,Convencional,Activa,Antioquia,San Roque,6.4875,-75.017,820,5/15/1975,,Monchia,Magdalena Cauca,Medio Magdalena,Río Nare,2016,25,Andes,Definitivo,10,10,0,12.8812131881714,12.8812131881714,0,9.08857440948486,1.62114131450653,3.05454540252686,6.04363632202148,5,10,0.869565188884735,0.876811623573303,1,1,59,1.05999994277954,10.5999994277954
10,2009-10-15,23080760,0,Definitivo,SAN ROQUE [23080760],Pluviométrica,Convencional,Activa,Antioquia,San Roque,6.4875,-75.017,820,5/15/1975,,Monchia,Magdalena Cauca,Medio Magdalena,Río Nare,2009,15,Andes,Definitivo,0,0,0,21.9506397247314,21.9506397247314,20.4866371154785,31.2383708953857,14.5141572952271,3.05454540252686,6.04363632202148,5,10,0.869565188884735,0.876811623573303,1,1,57,1.05999994277954,0
10,2010-10-13,23080760,0,Definitivo,SAN ROQUE [23080760],Pluviométrica,Convencional,Activa,Antioquia,San Roque,6.4875,-75.017,820,5/15/1975,,Monchia,Magdalena Cauca,Medio Magdalena,Río Nare,2010,13,Andes,Definitivo,0,0,0,6.68811178207398,6.68811178207398,0,1.61980068683624,0.0199882946908474,3.05454540252686,6.04363632202148,5,10,0.869565188884735,0.876811623573303,1,1,57,1.05999994277954,0
10,2008-10-13,23080760,46,Definitivo,SAN ROQUE [23080760],Pluviométrica,Convencional,Activa,Antioquia,San Roque,6.4875,-75.017,820,5/15/1975,,Monchia,Magdalena Cauca,Medio Magdalena,Río Nare,2008,13,Andes,Definitivo,46,46,0,7.33164644241333,7.33164644241333,40.7855606079102,29.3660755157471,13.1441125869751,3.05454540252686,6.04363632202148,5,10,0.869565188884735,0.876811623573303,1,1,57,1.05999994277954,48.7599973678589
10,2023-10-19,23080760,0,Definitivo,SAN ROQUE [23080760],Pluviométrica,Convencional,Activa,Antioquia,San Roque,6.4875,-75.017,820,5/15/1975,,Monchia,Magdalena Cauca,Medio Magdalena,Río Nare,2023,19,Andes,Definitivo,0,0,0,0,0,3.22598433494568,6.22841215133667,0.0407231263816357,3.05454540252686,6.04363632202148,5,10,0.869565188884735,0.876811623573303,1,1,58,1.05999994277954,0
10,2021-10-17,23080760,0,Definitivo,SAN ROQUE [23080760],Pluviométrica,Convencional,Activa,Antioquia,San Roque,6.4875,-75.017,820,5/15/1975,,Monchia,Magdalena Cauca,Medio Magdalena,Río Nare,2021,17,Andes,Definitivo,0,0,0,8.64311981201172,8.64311981201172,53.9308776855469,11.4093809127808,39.1943969726563,3.05454540252686,6.04363632202148,5,10,0.869565188884735,0.876811623573303,1,1,58,1.05999994277954,0
10,2009-10-21,23080760,19,Definitivo,SAN ROQUE [23080760],Pluviométrica,Convencional,Activa,Antioquia,San Roque,6.4875,-75.017,820,5/15/1975,,Monchia,Magdalena Cauca,Medio Magdalena,Río Nare,2009,21,Andes,Definitivo,19,19,0,22.2823486328125,22.2823486328125,0,16.2902145385742,2.91984415054321,3.05454540252686,6.04363632202148,5,10,0.869565188884735,0.876811623573303,1,1,59,1.05999994277954,20.1399989128113
10,2022-10-15,23080760,17,Definitivo,SAN ROQUE [23080760],Pluviométrica,Convencional,Activa,Antioquia,San Roque,6.4875,-75.017,820,5/15/1975,,Monchia,Magdalena Cauca,Medio Magdalena,Río Nare,2022,15,Andes,Definitivo,17,17,0,18.5144824981689,18.5144824981689,0,21.2535362243652,6.61379146575928,3.05454540252686,6.04363632202148,5,10,0.869565188884735,0.876811623573303,1,1,57,1.05999994277954,18.0199990272522
10,2003-10-28,23080760,5,Definitivo,SAN ROQUE [23080760],Pluviométrica,Convencional,Activa,Antioquia,San Roque,6.4875,-75.017,820,5/15/1975,,Monchia,Magdalena Cauca,Medio Magdalena,Río Nare,2003,28,Andes,Definitivo,5,5,0,12.4829025268555,12.4829025268555,19.3568019866943,18.9758911132813,33.4281730651855,3.05454540252686,6.04363632202148,5,10,0.869565188884735,0.876811623573303,1,1,60,1.05999994277954,5.29999971389771
10,2004-10-25,23080760,2,Definitivo,SAN ROQUE [23080760],Pluviométrica,Convencional,Activa,Antioquia,San Roque,6.4875,-75.017,820,5/15/1975,,Monchia,Magdalena Cauca,Medio Magdalena,Río Nare,2004,25,Andes,Definitivo,2,2,0,9.45159912109375,9.45159912109375,0,10.5048217773437,17.5845603942871,3.05454540252686,6.04363632202148,5,10,0.869565188884735,0.876811623573303,1,1,59,1.05999994277954,2.11999988555908
10,2004-10-26,23080760,13,Definitivo,SAN ROQUE [23080760],Pluviométrica,Convencional,Activa,Antioquia,San Roque,6.4875,-75.017,820,5/15/1975,,Monchia,Magdalena Cauca,Medio Magdalena,Río Nare,2004,26,Andes,Definitivo,13,13,0,7.111647605896,7.111647605896,0,16.4916095733643,1.05126547813416,3.05454540252686,6.04363632202148,5,10,0.869565188884735,0.876811623573303,1,1,60,1.05999994277954,13.779999256134
10,2006-10-21,23080760,0,Definitivo,SAN ROQUE [23080760],Pluviométrica,Convencional,Activa,Antioquia,San Roque,6.4875,-75.017,820,5/15/1975,,Monchia,Magdalena Cauca,Medio Magdalena,Río Nare,2006,21,Andes,Definitivo,0,0,0,6.38714075088501,6.38714075088501,0,6.71094989776611,4.58175563812256,3.05454540252686,6.04363632202148,5,10,0.869565188884735,0.876811623573303,1,1,59,1.05999994277954,0
10,2007-10-19,23080760,0,Definitivo,SAN ROQUE [23080760],Pluviométrica,Convencional,Activa,Antioquia,San Roque,6.4875,-75.017,820,5/15/1975,,Monchia,Magdalena Cauca,Medio Magdalena,Río Nare,2007,19,Andes,Definitivo,0,0,0,12.9878387451172,12.9878387451172,14.5156736373901,26.237771987915,3.73351311683655,3.05454540252686,6.04363632202148,5,10,0.869565188884735,0.876811623573303,1,1,58,1.05999994277954,0
10,2007-10-20,23080760,2,Definitivo,SAN ROQUE [23080760],Pluviométrica,Convencional,Activa,Antioquia,San Roque,6.4875,-75.017,820,5/15/1975,,Monchia,Magdalena Cauca,Medio Magdalena,Río Nare,2007,20,Andes,Definitivo,2,2,0,39.1431694030762,39.1431694030762,14.5156736373901,26.5524997711182,4.75449657440186,3.05454540252686,6.04363632202148,5,10,0.869565188884735,0.876811623573303,1,1,58,1.05999994277954,2.11999988555908
10,2019-10-24,23080760,15,Definitivo,SAN ROQUE [23080760],Pluviométrica,Convencional,Activa,Antioquia,San Roque,6.4875,-75.017,820,5/15/1975,,Monchia,Magdalena Cauca,Medio Magdalena,Río Nare,2019,24,Andes,Definitivo,15,15,0,22.3156299591064,22.3156299591064,30.2213935852051,41.2023544311523,55.9498863220215,3.05454540252686,6.04363632202148,5,10,0.869565188884735,0.876811623573303,1,1,59,1.05999994277954,15.8999991416931
10,2018-10-28,23080760,10,Definitivo,SAN ROQUE [23080760],Pluviométrica,Convencional,Activa,Antioquia,San Roque,6.4875,-75.017,820,5/15/1975,,Monchia,Magdalena Cauca,Medio Magdalena,Río Nare,2018,28,Andes,Definitivo,10,10,0,1.13997948169708,1.13997948169708,17.8263549804688,14.4861259460449,2.71958756446838,3.05454540252686,6.04363632202148,5,10,0.869565188884735,0.876811623573303,1,1,60,1.05999994277954,10.5999994277954
10,2022-10-25,23080760,0,Definitivo,SAN ROQUE [23080760],Pluviométrica,Convencional,Activa,Antioquia,San Roque,6.4875,-75.017,820,5/15/1975,,Monchia,Magdalena Cauca,Medio Magdalena,Río Nare,2022,25,Andes,Definitivo,0,0,0,12.2996416091919,12.2996416091919,53.0215034484863,25.6543769836426,32.7946701049805,3.05454540252686,6.04363632202148,5,10,0.869565188884735,0.876811623573303,1,1,59,1.05999994277954,0
10,2011-10-12,23080760,5,Definitivo,SAN ROQUE [23080760],Pluviométrica,Convencional,Activa,Antioquia,San Roque,6.4875,-75.017,820,5/15/1975,,Monchia,Magdalena Cauca,Medio Magdalena,Río Nare,2011,12,Andes,Definitivo,5,5,0,13.1096096038818,13.1096096038818,17.370189666748,13.2425804138184,32.725643157959,3.05454540252686,6.04363632202148,5,10,0.869565188884735,0.876811623573303,1,1,57,1.05999994277954,5.29999971389771
10,2010-10-16,23080760,0,Definitivo,SAN ROQUE [23080760],Pluviométrica,Convencional,Activa,Antioquia,San Roque,6.4875,-75.017,820,5/15/1975,,Monchia,Magdalena Cauca,Medio Magdalena,Río Nare,2010,16,Andes,Definitivo,0,0,0,24.6019172668457,24.6019172668457,20.4429492950439,9.59544658660889,42.8460426330566,3.05454540252686,6.04363632202148,5,10,0.869565188884735,0.876811623573303,1,1,58,1.05999994277954,0
10,2023-10-14,23080760,0,Definitivo,SAN ROQUE [23080760],Pluviométrica,Convencional,Activa,Antioquia,San Roque,6.4875,-75.017,820,5/15/1975,,Monchia,Magdalena Cauca,Medio Magdalena,Río Nare,2023,14,Andes,Definitivo,0,0,0,0,0,22.2919502258301,10.0512914657593,22.8328475952148,3.05454540252686,6.04363632202148,5,10,0.869565188884735,0.876811623573303,1,1,57,1.05999994277954,0
10,2004-10-30,23080760,22,Definitivo,SAN ROQUE [23080760],Pluviométrica,Convencional,Activa,Antioquia,San Roque,6.4875,-75.017,820,5/15/1975,,Monchia,Magdalena Cauca,Medio Magdalena,Río Nare,2004,30,Andes,Definitivo,22,22,0,13.4717350006104,13.4717350006104,10.6013746261597,10.9319610595703,23.887809753418,3.05454540252686,6.04363632202148,5,10,0.869565188884735,0.876811623573303,1,1,60,1.05999994277954,23.3199987411499
10,2011-10-15,23080760,3,Definitivo,SAN ROQUE [23080760],Pluviométrica,Convencional,Activa,Antioquia,San Roque,6.4875,-75.017,820,5/15/1975,,Monchia,Magdalena Cauca,Medio Magdalena,Río Nare,2011,15,Andes,Definitivo,3,3,0,35.7750205993652,35.7750205993652,43.4254760742188,16.9686374664307,21.4344844818115,3.05454540252686,6.04363632202148,5,10,0.869565188884735,0.876811623573303,1,1,57,1.05999994277954,3.17999982833862
10,2011-10-16,23080760,33,Definitivo,SAN ROQUE [23080760],Pluviométrica,Convencional,Activa,Antioquia,San Roque,6.4875,-75.017,820,5/15/1975,,Monchia,Magdalena Cauca,Medio Magdalena,Río Nare,2011,16,Andes,Definitivo,33,33,0,10.1716995239258,10.1716995239258,24.408130645752,12.3783235549927,15.1449956893921,3.05454540252686,6.04363632202148,5,10,0.869565188884735,0.876811623573303,1,1,58,1.05999994277954,34.9799981117249
10,2010-10-20,23080760,0,Definitivo,SAN ROQUE [23080760],Pluviométrica,Convencional,Activa,Antioquia,San Roque,6.4875,-75.017,820,5/15/1975,,Monchia,Magdalena Cauca,Medio Magdalena,Río Nare,2010,20,Andes,Definitivo,0,0,0,13.3795957565308,13.3795957565308,4.08859014511108,12.2063083648682,3.81248116493225,3.05454540252686,6.04363632202148,5,10,0.869565188884735,0.876811623573303,1,1,58,1.05999994277954,0
10,2010-10-21,23080760,2,Definitivo,SAN ROQUE [23080760],Pluviométrica,Convencional,Activa,Antioquia,San Roque,6.4875,-75.017,820,5/15/1975,,Monchia,Magdalena Cauca,Medio Magdalena,Río Nare,2010,21,Andes,Definitivo,2,2,0,2.72100019454956,2.72100019454956,0,4.60444116592407,2.35292172431946,3.05454540252686,6.04363632202148,5,10,0.869565188884735,0.876811623573303,1,1,59,1.05999994277954,2.11999988555908
10,2010-10-22,23080760,,"",SAN ROQUE [23080760],Pluviométrica,Convencional,Activa,Antioquia,San Roque,6.4875,-75.017,820,5/15/1975,,Monchia,Magdalena Cauca,Medio Magdalena,Río Nare,2010,22,Andes,Preliminar,0,0,0,6.71284103393555,6.71284103393555,25.3003349304199,6.15655279159546,11.9660472869873,3.05454540252686,6.04363632202148,5,10,0.869565188884735,0.876811623573303,1,1,59,1.05999994277954,0
10,2012-10-23,23080760,3,Definitivo,SAN ROQUE [23080760],Pluviométrica,Convencional,Activa,Antioquia,San Roque,6.4875,-75.017,820,5/15/1975,,Monchia,Magdalena Cauca,Medio Magdalena,Río Nare,2012,23,Andes,Definitivo,3,3,0,18.1243362426758,18.1243362426758,30.8464984893799,7.46024417877197,17.7073364257813,3.05454540252686,6.04363632202148,5,10,0.869565188884735,0.876811623573303,1,1,59,1.05999994277954,3.17999982833862
10,2009-10-14,23080760,6,Definitivo,SAN ROQUE [23080760],Pluviométrica,Convencional,Activa,Antioquia,San Roque,6.4875,-75.017,820,5/15/1975,,Monchia,Magdalena Cauca,Medio Magdalena,Río Nare,2009,14,Andes,Definitivo,6,6,0,15.8388938903809,15.8388938903809,0,16.1311130523682,12.8867444992065,3.05454540252686,6.04363632202148,5,10,0.869565188884735,0.876811623573303,1,1,57,1.05999994277954,6.35999965667725
10,2010-10-12,23080760,,"",SAN ROQUE [23080760],Pluviométrica,Convencional,Activa,Antioquia,San Roque,6.4875,-75.017,820,5/15/1975,,Monchia,Magdalena Cauca,Medio Magdalena,Río Nare,2010,12,Andes,Preliminar,0,0,0,0.190183281898499,0.190183281898499,12.1534729003906,0.761986494064331,4.67845010757446,3.05454540252686,6.04363632202148,5,10,0.869565188884735,0.876811623573303,1,1,57,1.05999994277954,0
10,2008-10-12,23080760,30,Definitivo,SAN ROQUE [23080760],Pluviométrica,Convencional,Activa,Antioquia,San Roque,6.4875,-75.017,820,5/15/1975,,Monchia,Magdalena Cauca,Medio Magdalena,Río Nare,2008,12,Andes,Definitivo,30,30,0,34.2868881225586,34.2868881225586,27.1903743743897,29.2239418029785,25.7840061187744,3.05454540252686,6.04363632202148,5,10,0.869565188884735,0.876811623573303,1,1,57,1.05999994277954,31.7999982833862
10,2021-10-24,23080760,0,Definitivo,SAN ROQUE [23080760],Pluviométrica,Convencional,Activa,Antioquia,San Roque,6.4875,-75.017,820,5/15/1975,,Monchia,Magdalena Cauca,Medio Magdalena,Río Nare,2021,24,Andes,Definitivo,0,0,0,7.10387420654297,7.10387420654297,0,3.39012956619263,0.531632900238037,3.05454540252686,6.04363632202148,5,10,0.869565188884735,0.876811623573303,1,1,59,1.05999994277954,0
10,2022-10-20,23080760,8,Definitivo,SAN ROQUE [23080760],Pluviométrica,Convencional,Activa,Antioquia,San Roque,6.4875,-75.017,820,5/15/1975,,Monchia,Magdalena Cauca,Medio Magdalena,Río Nare,2022,20,Andes,Definitivo,8,8,0,13.4531478881836,13.4531478881836,0,0,11.9143314361572,3.05454540252686,6.04363632202148,5,10,0.869565188884735,0.876811623573303,1,1,58,1.05999994277954,8.47999954223633
10,2010-10-17,23080760,0,Definitivo,SAN ROQUE [23080760],Pluviométrica,Convencional,Activa,Antioquia,San Roque,6.4875,-75.017,820,5/15/1975,,Monchia,Magdalena Cauca,Medio Magdalena,Río Nare,2010,17,Andes,Definitivo,0,0,0,12.4183235168457,12.4183235168457,8.17718029022217,17.0526885986328,5.18612098693848,3.05454540252686,6.04363632202148,5,10,0.869565188884735,0.876811623573303,1,1,58,1.05999994277954,0
10,2011-10-14,23080760,28,Definitivo,SAN ROQUE [23080760],Pluviométrica,Convencional,Activa,Antioquia,San Roque,6.4875,-75.017,820,5/15/1975,,Monchia,Magdalena Cauca,Medio Magdalena,Río Nare,2011,14,Andes,Definitivo,28,28,0,9.32833290100098,9.32833290100098,0,9.16844272613525,13.9961309432983,3.05454540252686,6.04363632202148,5,10,0.869565188884735,0.876811623573303,1,1,57,1.05999994277954,29.6799983978272
10,2021-10-16,23080760,14,Definitivo,SAN ROQUE [23080760],Pluviométrica,Convencional,Activa,Antioquia,San Roque,6.4875,-75.017,820,5/15/1975,,Monchia,Magdalena Cauca,Medio Magdalena,Río Nare,2021,16,Andes,Definitivo,14,14,0,8.63357257843018,8.63357257843018,0,23.8527755737305,3.20098948478699,3.05454540252686,6.04363632202148,5,10,0.869565188884735,0.876811623573303,1,1,58,1.05999994277954,14.8399991989136
10,2022-10-14,23080760,2,Definitivo,SAN ROQUE [23080760],Pluviométrica,Convencional,Activa,Antioquia,San Roque,6.4875,-75.017,820,5/15/1975,,Monchia,Magdalena Cauca,Medio Magdalena,Río Nare,2022,14,Andes,Definitivo,2,2,0,21.689359664917,21.689359664917,0,21.2535362243652,6.62727165222168,3.05454540252686,6.04363632202148,5,10,0.869565188884735,0.876811623573303,1,1,57,1.05999994277954,2.11999988555908
10,2020-10-14,23080760,3,Definitivo,SAN ROQUE [23080760],Pluviométrica,Convencional,Activa,Antioquia,San Roque,6.4875,-75.017,820,5/15/1975,,Monchia,Magdalena Cauca,Medio Magdalena,Río Nare,2020,14,Andes,Definitivo,3,3,0,26.1865253448486,26.1865253448486,20.1861953735352,22.3514137268066,17.2375068664551,3.05454540252686,6.04363632202148,5,10,0.869565188884735,0.876811623573303,1,1,57,1.05999994277954,3.17999982833862
10,2022-10-11,23080760,0,Definitivo,SAN ROQUE [23080760],Pluviométrica,Convencional,Activa,Antioquia,San Roque,6.4875,-75.017,820,5/15/1975,,Monchia,Magdalena Cauca,Medio Magdalena,Río Nare,2022,11,Andes,Definitivo,0,0,0,0.20980267226696,0.20980267226696,0,21.2535362243652,13.7902154922485,3.05454540252686,6.04363632202148,5,10,0.869565188884735,0.876811623573303,1,1,57,1.05999994277954,0
10,2022-10-10,23080760,20,Definitivo,SAN ROQUE [23080760],Pluviométrica,Convencional,Activa,Antioquia,San Roque,6.4875,-75.017,820,5/15/1975,,Monchia,Magdalena Cauca,Medio Magdalena,Río Nare,2022,10,Andes,Definitivo,20,20,0,4.93319606781006,4.93319606781006,0,18.1293640136719,1.94082009792328,3.05454540252686,6.04363632202148,5,10,0.869565188884735,0.876811623573303,1,1,56,1.05999994277954,21.1999988555908
10,2023-10-08,23080760,4,Definitivo,SAN ROQUE [23080760],Pluviométrica,Convencional,Activa,Antioquia,San Roque,6.4875,-75.017,820,5/15/1975,,Monchia,Magdalena Cauca,Medio Magdalena,Río Nare,2023,08,Andes,Definitivo,4,4,0,5.53996467590332,5.53996467590332,16.5049095153809,13.5957860946655,29.3326606750488,3.05454540252686,6.04363632202148,5,10,0.869565188884735,0.876811623573303,1,1,56,1.05999994277954,4.23999977111816
10,2014-10-25,23080760,3,Definitivo,SAN ROQUE [23080760],Pluviométrica,Convencional,Activa,Antioquia,San Roque,6.4875,-75.017,820,5/15/1975,,Monchia,Magdalena Cauca,Medio Magdalena,Río Nare,2014,25,Andes,Definitivo,3,3,0,15.9174375534058,15.9174375534058,0,18.9856967926025,10.2902841567993,3.05454540252686,6.04363632202148,5,10,0.869565188884735,0.876811623573303,1,1,59,1.05999994277954,3.17999982833862
10,2014-10-26,23080760,28,Definitivo,SAN ROQUE [23080760],Pluviométrica,Convencional,Activa,Antioquia,San Roque,6.4875,-75.017,820,5/15/1975,,Monchia,Magdalena Cauca,Medio Magdalena,Río Nare,2014,26,Andes,Definitivo,28,28,0,3.97040677070618,3.97040677070618,15.71351146698,24.0930080413818,36.2303123474121,3.05454540252686,6.04363632202148,5,10,0.869565188884735,0.876811623573303,1,1,60,1.05999994277954,29.6799983978272
10,2019-10-25,23080760,32,Definitivo,SAN ROQUE [23080760],Pluviométrica,Convencional,Activa,Antioquia,San Roque,6.4875,-75.017,820,5/15/1975,,Monchia,Magdalena Cauca,Medio Magdalena,Río Nare,2019,25,Andes,Definitivo,32,32,0,4.71579790115356,4.71579790115356,15.1106967926025,19.143913269043,24.4436702728272,3.05454540252686,6.04363632202148,5,10,0.869565188884735,0.876811623573303,1,1,59,1.05999994277954,33.9199981689453
10,2009-10-10,23080760,9,Definitivo,SAN ROQUE [23080760],Pluviométrica,Convencional,Activa,Antioquia,San Roque,6.4875,-75.017,820,5/15/1975,,Monchia,Magdalena Cauca,Medio Magdalena,Río Nare,2009,10,Andes,Definitivo,9,9,0,4.64362716674805,4.64362716674805,0,5.93345451354981,1.36821615695953,3.05454540252686,6.04363632202148,5,10,0.869565188884735,0.876811623573303,1,1,56,1.05999994277954,9.53999948501587
10,2009-10-11,23080760,17,Definitivo,SAN ROQUE [23080760],Pluviométrica,Convencional,Activa,Antioquia,San Roque,6.4875,-75.017,820,5/15/1975,,Monchia,Magdalena Cauca,Medio Magdalena,Río Nare,2009,11,Andes,Definitivo,17,17,0,31.6003170013428,31.6003170013428,20.4866371154785,11.4574794769287,20.8407344818115,3.05454540252686,6.04363632202148,5,10,0.869565188884735,0.876811623573303,1,1,57,1.05999994277954,18.0199990272522
10,2023-10-16,23080760,0,Definitivo,SAN ROQUE [23080760],Pluviométrica,Convencional,Activa,Antioquia,San Roque,6.4875,-75.017,820,5/15/1975,,Monchia,Magdalena Cauca,Medio Magdalena,Río Nare,2023,16,Andes,Definitivo,0,0,0,0,0,12.9039373397827,6.22841215133667,25.7396469116211,3.05454540252686,6.04363632202148,5,10,0.869565188884735,0.876811623573303,1,1,58,1.05999994277954,0
10,2021-10-19,23080760,18,Definitivo,SAN ROQUE [23080760],Pluviométrica,Convencional,Activa,Antioquia,San Roque,6.4875,-75.017,820,5/15/1975,,Monchia,Magdalena Cauca,Medio Magdalena,Río Nare,2021,19,Andes,Definitivo,18,18,0,7.21581363677979,7.21581363677979,0,7.860426902771,9.26325130462646,3.05454540252686,6.04363632202148,5,10,0.869565188884735,0.876811623573303,1,1,58,1.05999994277954,19.0799989700317
10,2002-10-30,23080760,6,Definitivo,SAN ROQUE [23080760],Pluviométrica,Convencional,Activa,Antioquia,San Roque,6.4875,-75.017,820,5/15/1975,,Monchia,Magdalena Cauca,Medio Magdalena,Río Nare,2002,30,Andes,Definitivo,6,6,0,30.5301704406738,30.5301704406738,38.5461845397949,23.375057220459,16.0525569915772,3.05454540252686,6.04363632202148,5,10,0.869565188884735,0.876811623573303,1,1,60,1.05999994277954,6.35999965667725
10,2004-10-24,23080760,16,Definitivo,SAN ROQUE [23080760],Pluviométrica,Convencional,Activa,Antioquia,San Roque,6.4875,-75.017,820,5/15/1975,,Monchia,Magdalena Cauca,Medio Magdalena,Río Nare,2004,24,Andes,Definitivo,16,16,0,38.4021339416504,38.4021339416504,20.2781276702881,19.6471214294434,7.75817584991455,3.05454540252686,6.04363632202148,5,10,0.869565188884735,0.876811623573303,1,1,59,1.05999994277954,16.9599990844727
10,2005-10-22,23080760,6,Definitivo,SAN ROQUE [23080760],Pluviométrica,Convencional,Activa,Antioquia,San Roque,6.4875,-75.017,820,5/15/1975,,Monchia,Magdalena Cauca,Medio Magdalena,Río Nare,2005,22,Andes,Definitivo,6,6,0,10.8798198699951,10.8798198699951,30.3648223876953,9.48780918121338,6.75336980819702,3.05454540252686,6.04363632202148,5,10,0.869565188884735,0.876811623573303,1,1,59,1.05999994277954,6.35999965667725
10,2005-10-23,23080760,6,Definitivo,SAN ROQUE [23080760],Pluviométrica,Convencional,Activa,Antioquia,San Roque,6.4875,-75.017,820,5/15/1975,,Monchia,Magdalena Cauca,Medio Magdalena,Río Nare,2005,23,Andes,Definitivo,6,6,0,17.2263832092285,17.2263832092285,30.3648223876953,25.4694061279297,26.096227645874,3.05454540252686,6.04363632202148,5,10,0.869565188884735,0.876811623573303,1,1,59,1.05999994277954,6.35999965667725
10,2007-10-18,23080760,31,Definitivo,SAN ROQUE [23080760],Pluviométrica,Convencional,Activa,Antioquia,San Roque,6.4875,-75.017,820,5/15/1975,,Monchia,Magdalena Cauca,Medio Magdalena,Río Nare,2007,18,Andes,Definitivo,31,31,0,5.88626909255981,5.88626909255981,58.0626945495606,24.2937965393066,93.0688781738281,3.05454540252686,6.04363632202148,5,10,0.869565188884735,0.876811623573303,1,1,58,1.05999994277954,32.8599982261658
10,2008-10-15,23080760,6,Definitivo,SAN ROQUE [23080760],Pluviométrica,Convencional,Activa,Antioquia,San Roque,6.4875,-75.017,820,5/15/1975,,Monchia,Magdalena Cauca,Medio Magdalena,Río Nare,2008,15,Andes,Definitivo,6,6,0,14.7458400726318,14.7458400726318,27.1903743743897,27.3877849578857,30.1246147155762,3.05454540252686,6.04363632202148,5,10,0.869565188884735,0.876811623573303,1,1,57,1.05999994277954,6.35999965667725
10,2008-10-16,23080760,20,Definitivo,SAN ROQUE [23080760],Pluviométrica,Convencional,Activa,Antioquia,San Roque,6.4875,-75.017,820,5/15/1975,,Monchia,Magdalena Cauca,Medio Magdalena,Río Nare,2008,16,Andes,Definitivo,20,20,0,12.814211845398,12.814211845398,27.7444705963135,52.5107688903809,14.4736289978027,3.05454540252686,6.04363632202148,5,10,0.869565188884735,0.876811623573303,1,1,58,1.05999994277954,21.1999988555908
10,2007-10-14,23080760,13,Definitivo,SAN ROQUE [23080760],Pluviométrica,Convencional,Activa,Antioquia,San Roque,6.4875,-75.017,820,5/15/1975,,Monchia,Magdalena Cauca,Medio Magdalena,Río Nare,2007,14,Andes,Definitivo,13,13,0,4.68263053894043,4.68263053894043,21.9611911773682,9.11555671691895,10.345513343811,3.05454540252686,6.04363632202148,5,10,0.869565188884735,0.876811623573303,1,1,57,1.05999994277954,13.779999256134
10,2005-10-14,23080760,17,Definitivo,SAN ROQUE [23080760],Pluviométrica,Convencional,Activa,Antioquia,San Roque,6.4875,-75.017,820,5/15/1975,,Monchia,Magdalena Cauca,Medio Magdalena,Río Nare,2005,14,Andes,Definitivo,17,17,0,24.1938648223877,24.1938648223877,0,10.9086456298828,9.28375720977783,3.05454540252686,6.04363632202148,5,10,0.869565188884735,0.876811623573303,1,1,57,1.05999994277954,18.0199990272522
10,2021-10-26,23080760,20,Definitivo,SAN ROQUE [23080760],Pluviométrica,Convencional,Activa,Antioquia,San Roque,6.4875,-75.017,820,5/15/1975,,Monchia,Magdalena Cauca,Medio Magdalena,Río Nare,2021,26,Andes,Definitivo,20,20,0,31.0408573150635,31.0408573150635,11.6503753662109,10.7270736694336,7.23782062530518,3.05454540252686,6.04363632202148,5,10,0.869565188884735,0.876811623573303,1,1,60,1.05999994277954,21.1999988555908
10,2020-10-25,23080760,0,Definitivo,SAN ROQUE [23080760],Pluviométrica,Convencional,Activa,Antioquia,San Roque,6.4875,-75.017,820,5/15/1975,,Monchia,Magdalena Cauca,Medio Magdalena,Río Nare,2020,25,Andes,Definitivo,0,0,0,45.6110992431641,45.6110992431641,0,13.2402572631836,0,3.05454540252686,6.04363632202148,5,10,0.869565188884735,0.876811623573303,1,1,59,1.05999994277954,0
10,2011-10-13,23080760,2,Definitivo,SAN ROQUE [23080760],Pluviométrica,Convencional,Activa,Antioquia,San Roque,6.4875,-75.017,820,5/15/1975,,Monchia,Magdalena Cauca,Medio Magdalena,Río Nare,2011,13,Andes,Definitivo,2,2,0,14.5296630859375,14.5296630859375,8.68509483337402,34.0982322692871,2.582848072052,3.05454540252686,6.04363632202148,5,10,0.869565188884735,0.876811623573303,1,1,57,1.05999994277954,2.11999988555908
10,2012-10-09,23080760,2,Definitivo,SAN ROQUE [23080760],Pluviométrica,Convencional,Activa,Antioquia,San Roque,6.4875,-75.017,820,5/15/1975,,Monchia,Magdalena Cauca,Medio Magdalena,Río Nare,2012,09,Andes,Definitivo,2,2,0,2.98944973945618,2.98944973945618,0,2.53060102462769,0.162162363529205,3.05454540252686,6.04363632202148,5,10,0.869565188884735,0.876811623573303,1,1,56,1.05999994277954,2.11999988555908
10,2012-10-10,23080760,0,Definitivo,SAN ROQUE [23080760],Pluviométrica,Convencional,Activa,Antioquia,San Roque,6.4875,-75.017,820,5/15/1975,,Monchia,Magdalena Cauca,Medio Magdalena,Río Nare,2012,10,Andes,Definitivo,0,0,0,15.9108247756958,15.9108247756958,22.4579620361328,4.14531564712524,9.11301040649414,3.05454540252686,6.04363632202148,5,10,0.869565188884735,0.876811623573303,1,1,56,1.05999994277954,0
10,2012-10-11,23080760,,"",SAN ROQUE [23080760],Pluviométrica,Convencional,Activa,Antioquia,San Roque,6.4875,-75.017,820,5/15/1975,,Monchia,Magdalena Cauca,Medio Magdalena,Río Nare,2012,11,Andes,Preliminar,0,0,0,6.16949796676636,6.16949796676636,0,6.43419647216797,0.00424939766526222,3.05454540252686,6.04363632202148,5,10,0.869565188884735,0.876811623573303,1,1,57,1.05999994277954,0
10,2012-10-12,23080760,17,Definitivo,SAN ROQUE [23080760],Pluviométrica,Convencional,Activa,Antioquia,San Roque,6.4875,-75.017,820,5/15/1975,,Monchia,Magdalena Cauca,Medio Magdalena,Río Nare,2012,12,Andes,Definitivo,17,17,0,8.45763206481934,8.45763206481934,0,16.6838855743408,6.96857261657715,3.05454540252686,6.04363632202148,5,10,0.869565188884735,0.876811623573303,1,1,57,1.05999994277954,18.0199990272522
10,2011-10-17,23080760,55,Definitivo,SAN ROQUE [23080760],Pluviométrica,Convencional,Activa,Antioquia,San Roque,6.4875,-75.017,820,5/15/1975,,Monchia,Magdalena Cauca,Medio Magdalena,Río Nare,2011,17,Andes,Definitivo,55,55,0,16.8420486450195,16.8420486450195,0,20.3036651611328,15.3989210128784,3.05454540252686,6.04363632202148,5,10,0.869565188884735,0.876811623573303,1,1,58,1.05999994277954,58.2999968528748
10,2011-10-18,23080760,20,Definitivo,SAN ROQUE [23080760],Pluviométrica,Convencional,Activa,Antioquia,San Roque,6.4875,-75.017,820,5/15/1975,,Monchia,Magdalena Cauca,Medio Magdalena,Río Nare,2011,18,Andes,Definitivo,20,20,0,18.6963405609131,18.6963405609131,61.0203285217285,25.9642448425293,29.6595077514648,3.05454540252686,6.04363632202148,5,10,0.869565188884735,0.876811623573303,1,1,58,1.05999994277954,21.1999988555908
10,2011-10-19,23080760,0,Definitivo,SAN ROQUE [23080760],Pluviométrica,Convencional,Activa,Antioquia,San Roque,6.4875,-75.017,820,5/15/1975,,Monchia,Magdalena Cauca,Medio Magdalena,Río Nare,2011,19,Andes,Definitivo,0,0,0,16.9533271789551,16.9533271789551,12.204065322876,49.3839340209961,42.7089233398438,3.05454540252686,6.04363632202148,5,10,0.869565188884735,0.876811623573303,1,1,58,1.05999994277954,0
10,2010-10-23,23080760,,"",SAN ROQUE [23080760],Pluviométrica,Convencional,Activa,Antioquia,San Roque,6.4875,-75.017,820,5/15/1975,,Monchia,Magdalena Cauca,Medio Magdalena,Río Nare,2010,23,Andes,Preliminar,6,6,0,6.22945404052734,6.22945404052734,0,3.68328285217285,1.83987259864807,3.05454540252686,6.04363632202148,5,10,0.869565188884735,0.876811623573303,1,1,59,1.05999994277954,6.35999965667725
10,2012-10-24,23080760,30,Definitivo,SAN ROQUE [23080760],Pluviométrica,Convencional,Activa,Antioquia,San Roque,6.4875,-75.017,820,5/15/1975,,Monchia,Magdalena Cauca,Medio Magdalena,Río Nare,2012,24,Andes,Definitivo,30,30,0,16.2813911437988,16.2813911437988,10.2821655273438,24.020959854126,5.94968557357788,3.05454540252686,6.04363632202148,5,10,0.869565188884735,0.876811623573303,1,1,59,1.05999994277954,31.7999982833862
10,2012-10-25,23080760,10,Definitivo,SAN ROQUE [23080760],Pluviométrica,Convencional,Activa,Antioquia,San Roque,6.4875,-75.017,820,5/15/1975,,Monchia,Magdalena Cauca,Medio Magdalena,Río Nare,2012,25,Andes,Definitivo,10,10,0,4.36936473846436,4.36936473846436,30.8464984893799,17.4908008575439,51.336727142334,3.05454540252686,6.04363632202148,5,10,0.869565188884735,0.876811623573303,1,1,59,1.05999994277954,10.5999994277954
10,2009-10-09,23080760,,"",SAN ROQUE [23080760],Pluviométrica,Convencional,Activa,Antioquia,San Roque,6.4875,-75.017,820,5/15/1975,,Monchia,Magdalena Cauca,Medio Magdalena,Río Nare,2009,09,Andes,Preliminar,0,0,0,0,0,0,0.0480082333087921,0.0392407961189747,3.05454540252686,6.04363632202148,5,10,0.869565188884735,0.876811623573303,1,1,56,1.05999994277954,0
10,2007-10-10,23080760,1,Definitivo,SAN ROQUE [23080760],Pluviométrica,Convencional,Activa,Antioquia,San Roque,6.4875,-75.017,820,5/15/1975,,Monchia,Magdalena Cauca,Medio Magdalena,Río Nare,2007,10,Andes,Definitivo,1,1,0,7.24531364440918,7.24531364440918,9.55356979370117,6.44686317443848,2.41071224212647,3.05454540252686,6.04363632202148,5,10,0.869565188884735,0.876811623573303,1,1,56,1.05999994277954,1.05999994277954
10,2023-10-21,23080760,7,Definitivo,SAN ROQUE [23080760],Pluviométrica,Convencional,Activa,Antioquia,San Roque,6.4875,-75.017,820,5/15/1975,,Monchia,Magdalena Cauca,Medio Magdalena,Río Nare,2023,21,Andes,Definitivo,7,7,0,9.96838855743408,9.96838855743408,0,22.6673717498779,5.90845346450806,3.05454540252686,6.04363632202148,5,10,0.869565188884735,0.876811623573303,1,1,59,1.05999994277954,7.41999959945679
10,2022-10-22,23080760,12,Definitivo,SAN ROQUE [23080760],Pluviométrica,Convencional,Activa,Antioquia,San Roque,6.4875,-75.017,820,5/15/1975,,Monchia,Magdalena Cauca,Medio Magdalena,Río Nare,2022,22,Andes,Definitivo,12,12,0,16.8905258178711,16.8905258178711,13.2553758621216,25.6543769836426,20.3988361358643,3.05454540252686,6.04363632202148,5,10,0.869565188884735,0.876811623573303,1,1,59,1.05999994277954,12.7199993133545
10,2020-10-20,23080760,12,Definitivo,SAN ROQUE [23080760],Pluviométrica,Convencional,Activa,Antioquia,San Roque,6.4875,-75.017,820,5/15/1975,,Monchia,Magdalena Cauca,Medio Magdalena,Río Nare,2020,20,Andes,Definitivo,12,12,0,5.27016973495483,5.27016973495483,0,9.74149703979492,0.268863767385483,3.05454540252686,6.04363632202148,5,10,0.869565188884735,0.876811623573303,1,1,58,1.05999994277954,12.7199993133545
10,2022-10-17,23080760,12,Definitivo,SAN ROQUE [23080760],Pluviométrica,Convencional,Activa,Antioquia,San Roque,6.4875,-75.017,820,5/15/1975,,Monchia,Magdalena Cauca,Medio Magdalena,Río Nare,2022,17,Andes,Definitivo,12,12,0,3.99947452545166,3.99947452545166,21.4080200195313,0,30.7162666320801,3.05454540252686,6.04363632202148,5,10,0.869565188884735,0.876811623573303,1,1,58,1.05999994277954,12.7199993133545
10,2020-10-17,23080760,2,Definitivo,SAN ROQUE [23080760],Pluviométrica,Convencional,Activa,Antioquia,San Roque,6.4875,-75.017,820,5/15/1975,,Monchia,Magdalena Cauca,Medio Magdalena,Río Nare,2020,17,Andes,Definitivo,2,2,0,0.0958740264177322,0.0958740264177322,0,0.196544319391251,0.931937873363495,3.05454540252686,6.04363632202148,5,10,0.869565188884735,0.876811623573303,1,1,58,1.05999994277954,2.11999988555908
10,2021-10-15,23080760,13,Definitivo,SAN ROQUE [23080760],Pluviométrica,Convencional,Activa,Antioquia,San Roque,6.4875,-75.017,820,5/15/1975,,Monchia,Magdalena Cauca,Medio Magdalena,Río Nare,2021,15,Andes,Definitivo,13,13,0,35.0821304321289,35.0821304321289,22.660099029541,6.05237627029419,13.9940376281738,3.05454540252686,6.04363632202148,5,10,0.869565188884735,0.876811623573303,1,1,57,1.05999994277954,13.779999256134
10,2021-10-12,23080760,16,Definitivo,SAN ROQUE [23080760],Pluviométrica,Convencional,Activa,Antioquia,San Roque,6.4875,-75.017,820,5/15/1975,,Monchia,Magdalena Cauca,Medio Magdalena,Río Nare,2021,12,Andes,Definitivo,16,16,0,1.39764320850372,1.39764320850372,0,3.75376105308533,0.498206615447998,3.05454540252686,6.04363632202148,5,10,0.869565188884735,0.876811623573303,1,1,57,1.05999994277954,16.9599990844727
10,2020-10-13,23080760,16,Definitivo,SAN ROQUE [23080760],Pluviométrica,Convencional,Activa,Antioquia,San Roque,6.4875,-75.017,820,5/15/1975,,Monchia,Magdalena Cauca,Medio Magdalena,Río Nare,2020,13,Andes,Definitivo,16,16,0,0,0,20.1861953735352,50.2997703552246,39.8706741333008,3.05454540252686,6.04363632202148,5,10,0.869565188884735,0.876811623573303,1,1,57,1.05999994277954,16.9599990844727
10,2021-10-11,23080760,25,Definitivo,SAN ROQUE [23080760],Pluviométrica,Convencional,Activa,Antioquia,San Roque,6.4875,-75.017,820,5/15/1975,,Monchia,Magdalena Cauca,Medio Magdalena,Río Nare,2021,11,Andes,Definitivo,25,25,0,22.9977436065674,22.9977436065674,7.55336761474609,32.1436424255371,8.51070594787598,3.05454540252686,6.04363632202148,5,10,0.869565188884735,0.876811623573303,1,1,57,1.05999994277954,26.4999985694885
10,2022-10-09,23080760,0,Definitivo,SAN ROQUE [23080760],Pluviométrica,Convencional,Activa,Antioquia,San Roque,6.4875,-75.017,820,5/15/1975,,Monchia,Magdalena Cauca,Medio Magdalena,Río Nare,2022,09,Andes,Definitivo,0,0,0,5.42978143692017,5.42978143692017,12.272255897522,18.1293640136719,35.9779052734375,3.05454540252686,6.04363632202148,5,10,0.869565188884735,0.876811623573303,1,1,56,1.05999994277954,0
10,2023-10-07,23080760,8,Definitivo,SAN ROQUE [23080760],Pluviométrica,Convencional,Activa,Antioquia,San Roque,6.4875,-75.017,820,5/15/1975,,Monchia,Magdalena Cauca,Medio Magdalena,Río Nare,2023,07,Andes,Definitivo,8,8,0,14.2307291030884,14.2307291030884,0,13.5957860946655,12.9253873825073,3.05454540252686,6.04363632202148,5,10,0.869565188884735,0.876811623573303,1,1,56,1.05999994277954,8.47999954223633
10,2017-10-24,23080760,0,Definitivo,SAN ROQUE [23080760],Pluviométrica,Convencional,Activa,Antioquia,San Roque,6.4875,-75.017,820,5/15/1975,,Monchia,Magdalena Cauca,Medio Magdalena,Río Nare,2017,24,Andes,Definitivo,0,0,0,21.0821418762207,21.0821418762207,16.6046848297119,2.80801177024841,22.209098815918,3.05454540252686,6.04363632202148,5,10,0.869565188884735,0.876811623573303,1,1,59,1.05999994277954,0
10,2019-10-26,23080760,39,Definitivo,SAN ROQUE [23080760],Pluviométrica,Convencional,Activa,Antioquia,San Roque,6.4875,-75.017,820,5/15/1975,,Monchia,Magdalena Cauca,Medio Magdalena,Río Nare,2019,26,Andes,Definitivo,39,39,0,22.5930995941162,22.5930995941162,13.4458789825439,9.61644744873047,19.0430030822754,3.05454540252686,6.04363632202148,5,10,0.869565188884735,0.876811623573303,1,1,60,1.05999994277954,41.3399977684021
10,2007-10-11,23080760,6,Definitivo,SAN ROQUE [23080760],Pluviométrica,Convencional,Activa,Antioquia,San Roque,6.4875,-75.017,820,5/15/1975,,Monchia,Magdalena Cauca,Medio Magdalena,Río Nare,2007,11,Andes,Definitivo,6,6,0,6.10777950286865,6.10777950286865,10.9805955886841,10.6427917480469,4.57500505447388,3.05454540252686,6.04363632202148,5,10,0.869565188884735,0.876811623573303,1,1,57,1.05999994277954,6.35999965667725
10,2001-10-31,23080760,29,Definitivo,SAN ROQUE [23080760],Pluviométrica,Convencional,Activa,Antioquia,San Roque,6.4875,-75.017,820,5/15/1975,,Monchia,Magdalena Cauca,Medio Magdalena,Río Nare,2001,31,Andes,Definitivo,29,29,0,27.0711345672607,27.0711345672607,11.6433267593384,42.3068580627441,71.8123397827149,3.05454540252686,6.04363632202148,5,10,0.869565188884735,0.876811623573303,1,1,60,1.05999994277954,30.7399983406067
10,2004-10-29,23080760,15,Definitivo,SAN ROQUE [23080760],Pluviométrica,Convencional,Activa,Antioquia,San Roque,6.4875,-75.017,820,5/15/1975,,Monchia,Magdalena Cauca,Medio Magdalena,Río Nare,2004,29,Andes,Definitivo,15,15,0,12.7671461105347,12.7671461105347,21.2027492523193,36.6477432250977,31.6801776885986,3.05454540252686,6.04363632202148,5,10,0.869565188884735,0.876811623573303,1,1,60,1.05999994277954,15.8999991416931
10,2003-10-27,23080760,42,Definitivo,SAN ROQUE [23080760],Pluviométrica,Convencional,Activa,Antioquia,San Roque,6.4875,-75.017,820,5/15/1975,,Monchia,Magdalena Cauca,Medio Magdalena,Río Nare,2003,27,Andes,Definitivo,42,42,0,14.4743375778198,14.4743375778198,19.3568019866943,16.8826866149902,16.2818908691406,3.05454540252686,6.04363632202148,5,10,0.869565188884735,0.876811623573303,1,1,60,1.05999994277954,44.5199975967407
10,2005-10-21,23080760,49,Definitivo,SAN ROQUE [23080760],Pluviométrica,Convencional,Activa,Antioquia,San Roque,6.4875,-75.017,820,5/15/1975,,Monchia,Magdalena Cauca,Medio Magdalena,Río Nare,2005,21,Andes,Definitivo,49,49,0,8.72652244567871,8.72652244567871,0,6.4485764503479,7.19721364974976,3.05454540252686,6.04363632202148,5,10,0.869565188884735,0.876811623573303,1,1,59,1.05999994277954,51.9399971961975
10,2006-10-19,23080760,17,Definitivo,SAN ROQUE [23080760],Pluviométrica,Convencional,Activa,Antioquia,San Roque,6.4875,-75.017,820,5/15/1975,,Monchia,Magdalena Cauca,Medio Magdalena,Río Nare,2006,19,Andes,Definitivo,17,17,0,9.07302379608154,9.07302379608154,21.7960948944092,30.4022445678711,13.981951713562,3.05454540252686,6.04363632202148,5,10,0.869565188884735,0.876811623573303,1,1,58,1.05999994277954,18.0199990272522
10,2006-10-20,23080760,3,Definitivo,SAN ROQUE [23080760],Pluviométrica,Convencional,Activa,Antioquia,San Roque,6.4875,-75.017,820,5/15/1975,,Monchia,Magdalena Cauca,Medio Magdalena,Río Nare,2006,20,Andes,Definitivo,3,3,0,13.05295753479,13.05295753479,21.7960948944092,24.3517322540283,1.94570922851563,3.05454540252686,6.04363632202148,5,10,0.869565188884735,0.876811623573303,1,1,58,1.05999994277954,3.17999982833862
10,2008-10-14,23080760,18,Definitivo,SAN ROQUE [23080760],Pluviométrica,Convencional,Activa,Antioquia,San Roque,6.4875,-75.017,820,5/15/1975,,Monchia,Magdalena Cauca,Medio Magdalena,Río Nare,2008,14,Andes,Definitivo,18,18,0,17.3498115539551,17.3498115539551,27.1903743743897,18.3914356231689,38.580810546875,3.05454540252686,6.04363632202148,5,10,0.869565188884735,0.876811623573303,1,1,57,1.05999994277954,19.0799989700317
10,2009-10-12,23080760,,"",SAN ROQUE [23080760],Pluviométrica,Convencional,Activa,Antioquia,San Roque,6.4875,-75.017,820,5/15/1975,,Monchia,Magdalena Cauca,Medio Magdalena,Río Nare,2009,12,Andes,Preliminar,0,0,0,5.500572681427,5.500572681427,30.7299537658691,15.9759120941162,33.8000755310059,3.05454540252686,6.04363632202148,5,10,0.869565188884735,0.876811623573303,1,1,57,1.05999994277954,0
10,2009-10-13,23080760,22,Definitivo,SAN ROQUE [23080760],Pluviométrica,Convencional,Activa,Antioquia,San Roque,6.4875,-75.017,820,5/15/1975,,Monchia,Magdalena Cauca,Medio Magdalena,Río Nare,2009,13,Andes,Definitivo,22,22,0,7.20497608184815,7.20497608184815,0,7.98414134979248,0.745315968990326,3.05454540252686,6.04363632202148,5,10,0.869565188884735,0.876811623573303,1,1,57,1.05999994277954,23.3199987411499
10,2005-10-13,23080760,,"",SAN ROQUE [23080760],Pluviométrica,Convencional,Activa,Antioquia,San Roque,6.4875,-75.017,820,5/15/1975,,Monchia,Magdalena Cauca,Medio Magdalena,Río Nare,2005,13,Andes,Preliminar,0,0,0,7.7951397895813,7.7951397895813,0,9.92175102233887,3.20359683036804,3.05454540252686,6.04363632202148,5,10,0.869565188884735,0.876811623573303,1,1,57,1.05999994277954,0
10,2006-10-11,23080760,0,Definitivo,SAN ROQUE [23080760],Pluviométrica,Convencional,Activa,Antioquia,San Roque,6.4875,-75.017,820,5/15/1975,,Monchia,Magdalena Cauca,Medio Magdalena,Río Nare,2006,11,Andes,Definitivo,0,0,0,6.59354972839356,6.59354972839356,15.8332557678223,18.225040435791,17.1445751190186,3.05454540252686,6.04363632202148,5,10,0.869565188884735,0.876811623573303,1,1,57,1.05999994277954,0
10,2004-10-11,23080760,1,Definitivo,SAN ROQUE [23080760],Pluviométrica,Convencional,Activa,Antioquia,San Roque,6.4875,-75.017,820,5/15/1975,,Monchia,Magdalena Cauca,Medio Magdalena,Río Nare,2004,11,Andes,Definitivo,1,1,0,2.07097220420837,2.07097220420837,0,7.11396789550781,0,3.05454540252686,6.04363632202148,5,10,0.869565188884735,0.876811623573303,1,1,57,1.05999994277954,1.05999994277954
10,2022-10-24,23080760,11,Definitivo,SAN ROQUE [23080760],Pluviométrica,Convencional,Activa,Antioquia,San Roque,6.4875,-75.017,820,5/15/1975,,Monchia,Magdalena Cauca,Medio Magdalena,Río Nare,2022,24,Andes,Definitivo,11,11,0,4.2399206161499,4.2399206161499,0,25.6543769836426,8.24281311035156,3.05454540252686,6.04363632202148,5,10,0.869565188884735,0.876811623573303,1,1,59,1.05999994277954,11.659999370575
10,2005-10-10,23080760,7,Definitivo,SAN ROQUE [23080760],Pluviométrica,Convencional,Activa,Antioquia,San Roque,6.4875,-75.017,820,5/15/1975,,Monchia,Magdalena Cauca,Medio Magdalena,Río Nare,2005,10,Andes,Definitivo,7,7,0,10.6417808532715,10.6417808532715,0,20.2331981658936,2.42258977890015,3.05454540252686,6.04363632202148,5,10,0.869565188884735,0.876811623573303,1,1,56,1.05999994277954,7.41999959945679
10,2010-10-09,23080760,6,Definitivo,SAN ROQUE [23080760],Pluviométrica,Convencional,Activa,Antioquia,San Roque,6.4875,-75.017,820,5/15/1975,,Monchia,Magdalena Cauca,Medio Magdalena,Río Nare,2010,09,Andes,Definitivo,6,6,0,8.27553367614746,8.27553367614746,0,5.47050666809082,0.139123395085335,3.05454540252686,6.04363632202148,5,10,0.869565188884735,0.876811623573303,1,1,56,1.05999994277954,6.35999965667725
10,2010-10-10,23080760,16,Definitivo,SAN ROQUE [23080760],Pluviométrica,Convencional,Activa,Antioquia,San Roque,6.4875,-75.017,820,5/15/1975,,Monchia,Magdalena Cauca,Medio Magdalena,Río Nare,2010,10,Andes,Definitivo,16,16,0,2.44316482543945,2.44316482543945,0,1.98029494285584,0,3.05454540252686,6.04363632202148,5,10,0.869565188884735,0.876811623573303,1,1,56,1.05999994277954,16.9599990844727
10,2010-10-11,23080760,,"",SAN ROQUE [23080760],Pluviométrica,Convencional,Activa,Antioquia,San Roque,6.4875,-75.017,820,5/15/1975,,Monchia,Magdalena Cauca,Medio Magdalena,Río Nare,2010,11,Andes,Preliminar,0,0,0,4.833824634552,4.833824634552,0,3.41363549232483,8.85156154632568,3.05454540252686,6.04363632202148,5,10,0.869565188884735,0.876811623573303,1,1,57,1.05999994277954,0
10,2013-10-09,23080760,20,Definitivo,SAN ROQUE [23080760],Pluviométrica,Convencional,Activa,Antioquia,San Roque,6.4875,-75.017,820,5/15/1975,,Monchia,Magdalena Cauca,Medio Magdalena,Río Nare,2013,09,Andes,Definitivo,20,20,0,1.02419829368591,1.02419829368591,8.9876766204834,9.18507099151611,1.12599074840546,3.05454540252686,6.04363632202148,5,10,0.869565188884735,0.876811623573303,1,1,56,1.05999994277954,21.1999988555908
10,2012-10-13,23080760,,"",SAN ROQUE [23080760],Pluviométrica,Convencional,Activa,Antioquia,San Roque,6.4875,-75.017,820,5/15/1975,,Monchia,Magdalena Cauca,Medio Magdalena,Río Nare,2012,13,Andes,Preliminar,0,0,0,14.1494493484497,14.1494493484497,35.4251747131348,31.2181644439697,8.70947074890137,3.05454540252686,6.04363632202148,5,10,0.869565188884735,0.876811623573303,1,1,57,1.05999994277954,0
10,2012-10-14,23080760,72,Definitivo,SAN ROQUE [23080760],Pluviométrica,Convencional,Activa,Antioquia,San Roque,6.4875,-75.017,820,5/15/1975,,Monchia,Magdalena Cauca,Medio Magdalena,Río Nare,2012,14,Andes,Definitivo,72,72,0,31.2025947570801,31.2025947570801,8.85629367828369,18.8075733184814,43.1312294006348,3.05454540252686,6.04363632202148,5,10,0.869565188884735,0.876811623573303,1,1,57,1.05999994277954,76.319995880127
10,2012-10-15,23080760,10,Definitivo,SAN ROQUE [23080760],Pluviométrica,Convencional,Activa,Antioquia,San Roque,6.4875,-75.017,820,5/15/1975,,Monchia,Magdalena Cauca,Medio Magdalena,Río Nare,2012,15,Andes,Definitivo,10,10,0,18.9153385162354,18.9153385162354,26.5688819885254,17.9406070709229,32.2709045410156,3.05454540252686,6.04363632202148,5,10,0.869565188884735,0.876811623573303,1,1,57,1.05999994277954,10.5999994277954
10,2011-10-20,23080760,7,Definitivo,SAN ROQUE [23080760],Pluviométrica,Convencional,Activa,Antioquia,San Roque,6.4875,-75.017,820,5/15/1975,,Monchia,Magdalena Cauca,Medio Magdalena,Río Nare,2011,20,Andes,Definitivo,7,7,0,11.7307596206665,11.7307596206665,0,9.85268688201904,14.970516204834,3.05454540252686,6.04363632202148,5,10,0.869565188884735,0.876811623573303,1,1,58,1.05999994277954,7.41999959945679
10,2013-10-21,23080760,24,Definitivo,SAN ROQUE [23080760],Pluviométrica,Convencional,Activa,Antioquia,San Roque,6.4875,-75.017,820,5/15/1975,,Monchia,Magdalena Cauca,Medio Magdalena,Río Nare,2013,21,Andes,Definitivo,24,24,0,4.74875354766846,4.74875354766846,7.89795446395874,5.55406093597412,3.35088467597961,3.05454540252686,6.04363632202148,5,10,0.869565188884735,0.876811623573303,1,1,59,1.05999994277954,25.439998626709
10,2013-10-22,23080760,3,Definitivo,SAN ROQUE [23080760],Pluviométrica,Convencional,Activa,Antioquia,San Roque,6.4875,-75.017,820,5/15/1975,,Monchia,Magdalena Cauca,Medio Magdalena,Río Nare,2013,22,Andes,Definitivo,3,3,0,21.7931842803955,21.7931842803955,0,14.8365345001221,4.08167791366577,3.05454540252686,6.04363632202148,5,10,0.869565188884735,0.876811623573303,1,1,59,1.05999994277954,3.17999982833862
10,2015-10-24,23080760,13,Definitivo,SAN ROQUE [23080760],Pluviométrica,Convencional,Activa,Antioquia,San Roque,6.4875,-75.017,820,5/15/1975,,Monchia,Magdalena Cauca,Medio Magdalena,Río Nare,2015,24,Andes,Definitivo,13,13,0,17.846565246582,17.846565246582,0,21.8575706481934,23.7918491363525,3.05454540252686,6.04363632202148,5,10,0.869565188884735,0.876811623573303,1,1,59,1.05999994277954,13.779999256134
10,2005-10-09,23080760,12,Definitivo,SAN ROQUE [23080760],Pluviométrica,Convencional,Activa,Antioquia,San Roque,6.4875,-75.017,820,5/15/1975,,Monchia,Magdalena Cauca,Medio Magdalena,Río Nare,2005,09,Andes,Definitivo,12,12,0,6.03993034362793,6.03993034362793,27.1396198272705,14.7600879669189,23.9797306060791,3.05454540252686,6.04363632202148,5,10,0.869565188884735,0.876811623573303,1,1,56,1.05999994277954,12.7199993133545
10,2020-10-23,23080760,73,Definitivo,SAN ROQUE [23080760],Pluviométrica,Convencional,Activa,Antioquia,San Roque,6.4875,-75.017,820,5/15/1975,,Monchia,Magdalena Cauca,Medio Magdalena,Río Nare,2020,23,Andes,Definitivo,73,73,0,7.59302234649658,7.59302234649658,10.2725992202759,1.486896276474,24.390193939209,3.05454540252686,6.04363632202148,5,10,0.869565188884735,0.876811623573303,1,1,59,1.05999994277954,77.3799958229065
10,2018-10-26,23080760,0,Definitivo,SAN ROQUE [23080760],Pluviométrica,Convencional,Activa,Antioquia,San Roque,6.4875,-75.017,820,5/15/1975,,Monchia,Magdalena Cauca,Medio Magdalena,Río Nare,2018,26,Andes,Definitivo,0,0,0,44.0183067321777,44.0183067321777,35.6527099609375,16.2337207794189,17.2187442779541,3.05454540252686,6.04363632202148,5,10,0.869565188884735,0.876811623573303,1,1,60,1.05999994277954,0
10,2021-10-21,23080760,8,Definitivo,SAN ROQUE [23080760],Pluviométrica,Convencional,Activa,Antioquia,San Roque,6.4875,-75.017,820,5/15/1975,,Monchia,Magdalena Cauca,Medio Magdalena,Río Nare,2021,21,Andes,Definitivo,8,8,0,5.15106296539307,5.15106296539307,4.39584398269653,3.92140078544617,1.06690645217896,3.05454540252686,6.04363632202148,5,10,0.869565188884735,0.876811623573303,1,1,59,1.05999994277954,8.47999954223633
10,2021-10-18,23080760,78,Definitivo,SAN ROQUE [23080760],Pluviométrica,Convencional,Activa,Antioquia,San Roque,6.4875,-75.017,820,5/15/1975,,Monchia,Magdalena Cauca,Medio Magdalena,Río Nare,2021,18,Andes,Definitivo,78,78,0,1.70591998100281,1.70591998100281,0,6.99441194534302,0.770725190639496,3.05454540252686,6.04363632202148,5,10,0.869565188884735,0.876811623573303,1,1,58,1.05999994277954,82.6799955368042
10,2022-10-16,23080760,8,Definitivo,SAN ROQUE [23080760],Pluviométrica,Convencional,Activa,Antioquia,San Roque,6.4875,-75.017,820,5/15/1975,,Monchia,Magdalena Cauca,Medio Magdalena,Río Nare,2022,16,Andes,Definitivo,8,8,0,6.96812105178833,6.96812105178833,10.7040100097656,112.162117004395,1.51861011981964,3.05454540252686,6.04363632202148,5,10,0.869565188884735,0.876811623573303,1,1,58,1.05999994277954,8.47999954223633
10,2020-10-16,23080760,0,Definitivo,SAN ROQUE [23080760],Pluviométrica,Convencional,Activa,Antioquia,San Roque,6.4875,-75.017,820,5/15/1975,,Monchia,Magdalena Cauca,Medio Magdalena,Río Nare,2020,16,Andes,Definitivo,0,0,0,0,0,0,8.68300533294678,9.96892547607422,3.05454540252686,6.04363632202148,5,10,0.869565188884735,0.876811623573303,1,1,58,1.05999994277954,0
10,2022-10-13,23080760,5,Definitivo,SAN ROQUE [23080760],Pluviométrica,Convencional,Activa,Antioquia,San Roque,6.4875,-75.017,820,5/15/1975,,Monchia,Magdalena Cauca,Medio Magdalena,Río Nare,2022,13,Andes,Definitivo,5,5,0,9.91098594665527,9.91098594665527,47.1517333984375,21.2535362243652,79.2363967895508,3.05454540252686,6.04363632202148,5,10,0.869565188884735,0.876811623573303,1,1,57,1.05999994277954,5.29999971389771
10,2019-10-15,23080760,2,Definitivo,SAN ROQUE [23080760],Pluviométrica,Convencional,Activa,Antioquia,San Roque,6.4875,-75.017,820,5/15/1975,,Monchia,Magdalena Cauca,Medio Magdalena,Río Nare,2019,15,Andes,Definitivo,2,2,0,1.27383708953857,1.27383708953857,0,5.67816638946533,0.370807886123657,3.05454540252686,6.04363632202148,5,10,0.869565188884735,0.876811623573303,1,1,57,1.05999994277954,2.11999988555908
10,2020-10-12,23080760,30,Definitivo,SAN ROQUE [23080760],Pluviométrica,Convencional,Activa,Antioquia,San Roque,6.4875,-75.017,820,5/15/1975,,Monchia,Magdalena Cauca,Medio Magdalena,Río Nare,2020,12,Andes,Definitivo,30,30,0,16.0116691589355,16.0116691589355,20.1861953735352,21.8899250030518,37.4494018554688,3.05454540252686,6.04363632202148,5,10,0.869565188884735,0.876811623573303,1,1,57,1.05999994277954,31.7999982833862
10,2021-10-10,23080760,44,Definitivo,SAN ROQUE [23080760],Pluviométrica,Convencional,Activa,Antioquia,San Roque,6.4875,-75.017,820,5/15/1975,,Monchia,Magdalena Cauca,Medio Magdalena,Río Nare,2021,10,Andes,Definitivo,44,44,0,29.7812633514404,29.7812633514404,0,17.5969409942627,19.0885601043701,3.05454540252686,6.04363632202148,5,10,0.869565188884735,0.876811623573303,1,1,56,1.05999994277954,46.6399974822998
10,2022-10-08,23080760,17,Definitivo,SAN ROQUE [23080760],Pluviométrica,Convencional,Activa,Antioquia,San Roque,6.4875,-75.017,820,5/15/1975,,Monchia,Magdalena Cauca,Medio Magdalena,Río Nare,2022,08,Andes,Definitivo,17,17,0,8.93975734710693,8.93975734710693,24.5445117950439,18.1293640136719,14.4222898483276,3.05454540252686,6.04363632202148,5,10,0.869565188884735,0.876811623573303,1,1,56,1.05999994277954,18.0199990272522
10,2023-10-06,23080760,50,Definitivo,SAN ROQUE [23080760],Pluviométrica,Convencional,Activa,Antioquia,San Roque,6.4875,-75.017,820,5/15/1975,,Monchia,Magdalena Cauca,Medio Magdalena,Río Nare,2023,06,Andes,Definitivo,50,50,0,27.5769004821777,27.5769004821777,16.5049095153809,13.5957860946655,6.54297685623169,3.05454540252686,6.04363632202148,5,10,0.869565188884735,0.876811623573303,1,1,56,1.05999994277954,52.9999971389771
10,2017-10-25,23080760,6,Definitivo,SAN ROQUE [23080760],Pluviométrica,Convencional,Activa,Antioquia,San Roque,6.4875,-75.017,820,5/15/1975,,Monchia,Magdalena Cauca,Medio Magdalena,Río Nare,2017,25,Andes,Definitivo,6,6,0,19.6942234039307,19.6942234039307,4.15117120742798,5.78232574462891,2.47643446922302,3.05454540252686,6.04363632202148,5,10,0.869565188884735,0.876811623573303,1,1,59,1.05999994277954,6.35999965667725
10,2001-10-30,23080760,27,Definitivo,SAN ROQUE [23080760],Pluviométrica,Convencional,Activa,Antioquia,San Roque,6.4875,-75.017,820,5/15/1975,,Monchia,Magdalena Cauca,Medio Magdalena,Río Nare,2001,30,Andes,Definitivo,27,27,0,30.2270641326904,30.2270641326904,11.6433267593384,37.3664512634277,23.3077659606934,3.05454540252686,6.04363632202148,5,10,0.869565188884735,0.876811623573303,1,1,60,1.05999994277954,28.6199984550476
10,2002-10-28,23080760,30,Definitivo,SAN ROQUE [23080760],Pluviométrica,Convencional,Activa,Antioquia,San Roque,6.4875,-75.017,820,5/15/1975,,Monchia,Magdalena Cauca,Medio Magdalena,Río Nare,2002,28,Andes,Definitivo,30,30,0,13.9206771850586,13.9206771850586,0,13.1386709213257,6.75582027435303,3.05454540252686,6.04363632202148,5,10,0.869565188884735,0.876811623573303,1,1,60,1.05999994277954,31.7999982833862
10,2002-10-29,23080760,23,Definitivo,SAN ROQUE [23080760],Pluviométrica,Convencional,Activa,Antioquia,San Roque,6.4875,-75.017,820,5/15/1975,,Monchia,Magdalena Cauca,Medio Magdalena,Río Nare,2002,29,Andes,Definitivo,23,23,0,6.03409194946289,6.03409194946289,38.5461845397949,26.7782878875732,55.0739440917969,3.05454540252686,6.04363632202148,5,10,0.869565188884735,0.876811623573303,1,1,60,1.05999994277954,24.3799986839294
10,2004-10-23,23080760,10,Definitivo,SAN ROQUE [23080760],Pluviométrica,Convencional,Activa,Antioquia,San Roque,6.4875,-75.017,820,5/15/1975,,Monchia,Magdalena Cauca,Medio Magdalena,Río Nare,2004,23,Andes,Definitivo,10,10,0,10.4826822280884,10.4826822280884,20.2781276702881,13.0535840988159,16.7955513000488,3.05454540252686,6.04363632202148,5,10,0.869565188884735,0.876811623573303,1,1,59,1.05999994277954,10.5999994277954
10,2004-10-22,23080760,18,Definitivo,SAN ROQUE [23080760],Pluviométrica,Convencional,Activa,Antioquia,San Roque,6.4875,-75.017,820,5/15/1975,,Monchia,Magdalena Cauca,Medio Magdalena,Río Nare,2004,22,Andes,Definitivo,18,18,0,9.13081741333008,9.13081741333008,13.5187520980835,17.8929328918457,9.66387939453125,3.05454540252686,6.04363632202148,5,10,0.869565188884735,0.876811623573303,1,1,59,1.05999994277954,19.0799989700317
10,2005-10-20,23080760,2,Definitivo,SAN ROQUE [23080760],Pluviométrica,Convencional,Activa,Antioquia,San Roque,6.4875,-75.017,820,5/15/1975,,Monchia,Magdalena Cauca,Medio Magdalena,Río Nare,2005,20,Andes,Definitivo,2,2,0,18.6811141967773,18.6811141967773,21.7328147888184,20.43772315979,61.9075584411621,3.05454540252686,6.04363632202148,5,10,0.869565188884735,0.876811623573303,1,1,58,1.05999994277954,2.11999988555908
10,2007-10-17,23080760,25,Definitivo,SAN ROQUE [23080760],Pluviométrica,Convencional,Activa,Antioquia,San Roque,6.4875,-75.017,820,5/15/1975,,Monchia,Magdalena Cauca,Medio Magdalena,Río Nare,2007,17,Andes,Definitivo,25,25,0,4.03690338134766,4.03690338134766,0,9.99725532531738,0.424274027347565,3.05454540252686,6.04363632202148,5,10,0.869565188884735,0.876811623573303,1,1,58,1.05999994277954,26.4999985694885
10,2007-10-16,23080760,0.8,Definitivo,SAN ROQUE [23080760],Pluviométrica,Convencional,Activa,Antioquia,San Roque,6.4875,-75.017,820,5/15/1975,,Monchia,Magdalena Cauca,Medio Magdalena,Río Nare,2007,16,Andes,Definitivo,0.8,0.8,0,4.94573545455933,4.94573545455933,0,15.2488832473755,0.349044948816299,3.05454540252686,6.04363632202148,5,10,0.869565188884735,0.876811623573303,1,1,58,1.05999994277954,0.847999954223633
10,2005-10-16,23080760,35,Definitivo,SAN ROQUE [23080760],Pluviométrica,Convencional,Activa,Antioquia,San Roque,6.4875,-75.017,820,5/15/1975,,Monchia,Magdalena Cauca,Medio Magdalena,Río Nare,2005,16,Andes,Definitivo,35,35,0,33.2969093322754,33.2969093322754,0,24.7446269989014,4.92210912704468,3.05454540252686,6.04363632202148,5,10,0.869565188884735,0.876811623573303,1,1,58,1.05999994277954,37.0999979972839
10,2007-10-13,23080760,,"",SAN ROQUE [23080760],Pluviométrica,Convencional,Activa,Antioquia,San Roque,6.4875,-75.017,820,5/15/1975,,Monchia,Magdalena Cauca,Medio Magdalena,Río Nare,2007,13,Andes,Preliminar,0,0,0,5.20615386962891,5.20615386962891,10.9805955886841,42.4400520324707,12.3082590103149,3.05454540252686,6.04363632202148,5,10,0.869565188884735,0.876811623573303,1,1,57,1.05999994277954,0
10,2007-10-12,23080760,30,Definitivo,SAN ROQUE [23080760],Pluviométrica,Convencional,Activa,Antioquia,San Roque,6.4875,-75.017,820,5/15/1975,,Monchia,Magdalena Cauca,Medio Magdalena,Río Nare,2007,12,Andes,Definitivo,30,30,0,36.8866195678711,36.8866195678711,21.9611911773682,10.8606023788452,47.4709320068359,3.05454540252686,6.04363632202148,5,10,0.869565188884735,0.876811623573303,1,1,57,1.05999994277954,31.7999982833862
10,2005-10-12,23080760,19,Definitivo,SAN ROQUE [23080760],Pluviométrica,Convencional,Activa,Antioquia,San Roque,6.4875,-75.017,820,5/15/1975,,Monchia,Magdalena Cauca,Medio Magdalena,Río Nare,2005,12,Andes,Definitivo,19,19,0,11.1991300582886,11.1991300582886,22.0282764434814,14.0356779098511,26.7360610961914,3.05454540252686,6.04363632202148,5,10,0.869565188884735,0.876811623573303,1,1,57,1.05999994277954,20.1399989128113
10,2006-10-10,23080760,8,Definitivo,SAN ROQUE [23080760],Pluviométrica,Convencional,Activa,Antioquia,San Roque,6.4875,-75.017,820,5/15/1975,,Monchia,Magdalena Cauca,Medio Magdalena,Río Nare,2006,10,Andes,Definitivo,8,8,0,15.5017433166504,15.5017433166504,35.859546661377,49.0475959777832,62.1260719299317,3.05454540252686,6.04363632202148,5,10,0.869565188884735,0.876811623573303,1,1,56,1.05999994277954,8.47999954223633
10,2004-10-10,23080760,,"",SAN ROQUE [23080760],Pluviométrica,Convencional,Activa,Antioquia,San Roque,6.4875,-75.017,820,5/15/1975,,Monchia,Magdalena Cauca,Medio Magdalena,Río Nare,2004,10,Andes,Preliminar,0,0,0,9.44779968261719,9.44779968261719,0,4.29171085357666,0.398584365844727,3.05454540252686,6.04363632202148,5,10,0.869565188884735,0.876811623573303,1,1,56,1.05999994277954,0
10,2006-10-07,23080760,9,Definitivo,SAN ROQUE [23080760],Pluviométrica,Convencional,Activa,Antioquia,San Roque,6.4875,-75.017,820,5/15/1975,,Monchia,Magdalena Cauca,Medio Magdalena,Río Nare,2006,07,Andes,Definitivo,9,9,0,9.94070911407471,9.94070911407471,0,14.9011821746826,0.677075088024139,3.05454540252686,6.04363632202148,5,10,0.869565188884735,0.876811623573303,1,1,56,1.05999994277954,9.53999948501587
10,2005-10-11,23080760,16,Definitivo,SAN ROQUE [23080760],Pluviométrica,Convencional,Activa,Antioquia,San Roque,6.4875,-75.017,820,5/15/1975,,Monchia,Magdalena Cauca,Medio Magdalena,Río Nare,2005,11,Andes,Definitivo,16,16,0,8.0844783782959,8.0844783782959,11.0141382217407,11.8335752487183,15.0657472610474,3.05454540252686,6.04363632202148,5,10,0.869565188884735,0.876811623573303,1,1,57,1.05999994277954,16.9599990844727
10,2008-10-09,23080760,68,Definitivo,SAN ROQUE [23080760],Pluviométrica,Convencional,Activa,Antioquia,San Roque,6.4875,-75.017,820,5/15/1975,,Monchia,Magdalena Cauca,Medio Magdalena,Río Nare,2008,09,Andes,Definitivo,68,68,0,4.37599039077759,4.37599039077759,9.45294380187988,5.1743016242981,13.413200378418,3.05454540252686,6.04363632202148,5,10,0.869565188884735,0.876811623573303,1,1,56,1.05999994277954,72.0799961090088
10,2008-10-10,23080760,1,Definitivo,SAN ROQUE [23080760],Pluviométrica,Convencional,Activa,Antioquia,San Roque,6.4875,-75.017,820,5/15/1975,,Monchia,Magdalena Cauca,Medio Magdalena,Río Nare,2008,10,Andes,Definitivo,1,1,0,22.0589694976807,22.0589694976807,32.4100914001465,31.7760734558106,50.3973159790039,3.05454540252686,6.04363632202148,5,10,0.869565188884735,0.876811623573303,1,1,56,1.05999994277954,1.05999994277954
10,2008-10-11,23080760,99,Definitivo,SAN ROQUE [23080760],Pluviométrica,Convencional,Activa,Antioquia,San Roque,6.4875,-75.017,820,5/15/1975,,Monchia,Magdalena Cauca,Medio Magdalena,Río Nare,2008,11,Andes,Definitivo,99,99,0,17.327299118042,17.327299118042,0,43.1798553466797,39.9155654907227,3.05454540252686,6.04363632202148,5,10,0.869565188884735,0.876811623573303,1,1,57,1.05999994277954,104.939994335175
10,2013-10-10,23080760,2,Definitivo,SAN ROQUE [23080760],Pluviométrica,Convencional,Activa,Antioquia,San Roque,6.4875,-75.017,820,5/15/1975,,Monchia,Magdalena Cauca,Medio Magdalena,Río Nare,2013,10,Andes,Definitivo,2,2,0,48.35498046875,48.35498046875,26.9630298614502,17.0194969177246,51.8761253356934,3.05454540252686,6.04363632202148,5,10,0.869565188884735,0.876811623573303,1,1,56,1.05999994277954,2.11999988555908
10,2013-10-11,23080760,,"",SAN ROQUE [23080760],Pluviométrica,Convencional,Activa,Antioquia,San Roque,6.4875,-75.017,820,5/15/1975,,Monchia,Magdalena Cauca,Medio Magdalena,Río Nare,2013,11,Andes,Preliminar,0,0,0,2.2129909992218,2.2129909992218,23.5242538452148,11.213812828064,16.4508514404297,3.05454540252686,6.04363632202148,5,10,0.869565188884735,0.876811623573303,1,1,57,1.05999994277954,0
10,2013-10-12,23080760,33,Definitivo,SAN ROQUE [23080760],Pluviométrica,Convencional,Activa,Antioquia,San Roque,6.4875,-75.017,820,5/15/1975,,Monchia,Magdalena Cauca,Medio Magdalena,Río Nare,2013,12,Andes,Definitivo,33,33,0,10.8541774749756,10.8541774749756,0,15.5394458770752,3.98691725730896,3.05454540252686,6.04363632202148,5,10,0.869565188884735,0.876811623573303,1,1,57,1.05999994277954,34.9799981117249
10,2012-10-16,23080760,6,Definitivo,SAN ROQUE [23080760],Pluviométrica,Convencional,Activa,Antioquia,San Roque,6.4875,-75.017,820,5/15/1975,,Monchia,Magdalena Cauca,Medio Magdalena,Río Nare,2012,16,Andes,Definitivo,6,6,0,14.9371252059937,14.9371252059937,18.4462776184082,53.1323623657227,23.9353637695313,3.05454540252686,6.04363632202148,5,10,0.869565188884735,0.876811623573303,1,1,58,1.05999994277954,6.35999965667725
10,2011-10-21,23080760,0,Definitivo,SAN ROQUE [23080760],Pluviométrica,Convencional,Activa,Antioquia,San Roque,6.4875,-75.017,820,5/15/1975,,Monchia,Magdalena Cauca,Medio Magdalena,Río Nare,2011,21,Andes,Definitivo,0,0,0,2.90263962745667,2.90263962745667,0,3.76323628425598,2.14260101318359,3.05454540252686,6.04363632202148,5,10,0.869565188884735,0.876811623573303,1,1,59,1.05999994277954,0
10,2011-10-22,23080760,,"",SAN ROQUE [23080760],Pluviométrica,Convencional,Activa,Antioquia,San Roque,6.4875,-75.017,820,5/15/1975,,Monchia,Magdalena Cauca,Medio Magdalena,Río Nare,2011,22,Andes,Preliminar,0,0,0,1.87906932830811,1.87906932830811,0,1.00414967536926,4.74921703338623,3.05454540252686,6.04363632202148,5,10,0.869565188884735,0.876811623573303,1,1,59,1.05999994277954,0
10,2013-10-23,23080760,,"",SAN ROQUE [23080760],Pluviométrica,Convencional,Activa,Antioquia,San Roque,6.4875,-75.017,820,5/15/1975,,Monchia,Magdalena Cauca,Medio Magdalena,Río Nare,2013,23,Andes,Preliminar,0,0,0,2.71240496635437,2.71240496635437,0,2.36502504348755,1.73220789432526,3.05454540252686,6.04363632202148,5,10,0.869565188884735,0.876811623573303,1,1,59,1.05999994277954,0
10,2015-10-25,23080760,20,Definitivo,SAN ROQUE [23080760],Pluviométrica,Convencional,Activa,Antioquia,San Roque,6.4875,-75.017,820,5/15/1975,,Monchia,Magdalena Cauca,Medio Magdalena,Río Nare,2015,25,Andes,Definitivo,20,20,0,30.4739685058594,30.4739685058594,35.151798248291,5.18581056594849,10.5183362960815,3.05454540252686,6.04363632202148,5,10,0.869565188884735,0.876811623573303,1,1,59,1.05999994277954,21.1999988555908
10,2015-10-26,23080760,2,Definitivo,SAN ROQUE [23080760],Pluviométrica,Convencional,Activa,Antioquia,San Roque,6.4875,-75.017,820,5/15/1975,,Monchia,Magdalena Cauca,Medio Magdalena,Río Nare,2015,26,Andes,Definitivo,2,2,0,10.1685695648193,10.1685695648193,0,9.6816873550415,6.1623067855835,3.05454540252686,6.04363632202148,5,10,0.869565188884735,0.876811623573303,1,1,60,1.05999994277954,2.11999988555908
10,2020-10-24,23080760,11,Definitivo,SAN ROQUE [23080760],Pluviométrica,Convencional,Activa,Antioquia,San Roque,6.4875,-75.017,820,5/15/1975,,Monchia,Magdalena Cauca,Medio Magdalena,Río Nare,2020,24,Andes,Definitivo,11,11,0,5.76337432861328,5.76337432861328,30.817798614502,54.0897445678711,45.6414604187012,3.05454540252686,6.04363632202148,5,10,0.869565188884735,0.876811623573303,1,1,59,1.05999994277954,11.659999370575
10,2020-10-22,23080760,39,Definitivo,SAN ROQUE [23080760],Pluviométrica,Convencional,Activa,Antioquia,San Roque,6.4875,-75.017,820,5/15/1975,,Monchia,Magdalena Cauca,Medio Magdalena,Río Nare,2020,22,Andes,Definitivo,39,39,0,15.0308513641357,15.0308513641357,30.817798614502,5.36211729049683,23.8925857543945,3.05454540252686,6.04363632202148,5,10,0.869565188884735,0.876811623573303,1,1,59,1.05999994277954,41.3399977684021
10,2022-10-19,23080760,0,Definitivo,SAN ROQUE [23080760],Pluviométrica,Convencional,Activa,Antioquia,San Roque,6.4875,-75.017,820,5/15/1975,,Monchia,Magdalena Cauca,Medio Magdalena,Río Nare,2022,19,Andes,Definitivo,0,0,0,3.78879070281982,3.78879070281982,10.7040100097656,0,19.9016628265381,3.05454540252686,6.04363632202148,5,10,0.869565188884735,0.876811623573303,1,1,58,1.05999994277954,0
10,2020-10-19,23080760,0,Definitivo,SAN ROQUE [23080760],Pluviométrica,Convencional,Activa,Antioquia,San Roque,6.4875,-75.017,820,5/15/1975,,Monchia,Magdalena Cauca,Medio Magdalena,Río Nare,2020,19,Andes,Definitivo,0,0,0,42.1632308959961,42.1632308959961,28.5512580871582,20.6265659332275,31.6130867004395,3.05454540252686,6.04363632202148,5,10,0.869565188884735,0.876811623573303,1,1,58,1.05999994277954,0
10,2018-10-20,23080760,5,Definitivo,SAN ROQUE [23080760],Pluviométrica,Convencional,Activa,Antioquia,San Roque,6.4875,-75.017,820,5/15/1975,,Monchia,Magdalena Cauca,Medio Magdalena,Río Nare,2018,20,Andes,Definitivo,5,5,0,13.8431253433228,13.8431253433228,0,19.7320766448975,10.9491395950317,3.05454540252686,6.04363632202148,5,10,0.869565188884735,0.876811623573303,1,1,58,1.05999994277954,5.29999971389771
10,2018-10-17,23080760,5,Definitivo,SAN ROQUE [23080760],Pluviométrica,Convencional,Activa,Antioquia,San Roque,6.4875,-75.017,820,5/15/1975,,Monchia,Magdalena Cauca,Medio Magdalena,Río Nare,2018,17,Andes,Definitivo,5,5,0,10.4066333770752,10.4066333770752,8.14117813110352,15.2768106460571,8.30918121337891,3.05454540252686,6.04363632202148,5,10,0.869565188884735,0.876811623573303,1,1,58,1.05999994277954,5.29999971389771
10,2020-10-15,23080760,7,Definitivo,SAN ROQUE [23080760],Pluviométrica,Convencional,Activa,Antioquia,San Roque,6.4875,-75.017,820,5/15/1975,,Monchia,Magdalena Cauca,Medio Magdalena,Río Nare,2020,15,Andes,Definitivo,7,7,0,23.5593776702881,23.5593776702881,10.0930976867676,7.92654895782471,7.33130693435669,3.05454540252686,6.04363632202148,5,10,0.869565188884735,0.876811623573303,1,1,57,1.05999994277954,7.41999959945679
10,2018-10-16,23080760,30,Definitivo,SAN ROQUE [23080760],Pluviométrica,Convencional,Activa,Antioquia,San Roque,6.4875,-75.017,820,5/15/1975,,Monchia,Magdalena Cauca,Medio Magdalena,Río Nare,2018,16,Andes,Definitivo,30,30,0,6.06454038619995,6.06454038619995,32.5647125244141,12.6362504959106,29.4224681854248,3.05454540252686,6.04363632202148,5,10,0.869565188884735,0.876811623573303,1,1,58,1.05999994277954,31.7999982833862
10,2019-10-14,23080760,7,Definitivo,SAN ROQUE [23080760],Pluviométrica,Convencional,Activa,Antioquia,San Roque,6.4875,-75.017,820,5/15/1975,,Monchia,Magdalena Cauca,Medio Magdalena,Río Nare,2019,14,Andes,Definitivo,7,7,0,3.75937175750732,3.75937175750732,25.1557445526123,19.1450366973877,47.852108001709,3.05454540252686,6.04363632202148,5,10,0.869565188884735,0.876811623573303,1,1,57,1.05999994277954,7.41999959945679
10,2020-10-11,23080760,20,Definitivo,SAN ROQUE [23080760],Pluviométrica,Convencional,Activa,Antioquia,San Roque,6.4875,-75.017,820,5/15/1975,,Monchia,Magdalena Cauca,Medio Magdalena,Río Nare,2020,11,Andes,Definitivo,20,20,0,12.1294422149658,12.1294422149658,20.1861953735352,0.279117703437805,0.857900142669678,3.05454540252686,6.04363632202148,5,10,0.869565188884735,0.876811623573303,1,1,57,1.05999994277954,21.1999988555908
10,2021-10-09,23080760,7,Definitivo,SAN ROQUE [23080760],Pluviométrica,Convencional,Activa,Antioquia,San Roque,6.4875,-75.017,820,5/15/1975,,Monchia,Magdalena Cauca,Medio Magdalena,Río Nare,2021,09,Andes,Definitivo,7,7,0,10.6174116134644,10.6174116134644,0,12.5338411331177,3.7523341178894,3.05454540252686,6.04363632202148,5,10,0.869565188884735,0.876811623573303,1,1,56,1.05999994277954,7.41999959945679
10,2022-10-07,23080760,14,Definitivo,SAN ROQUE [23080760],Pluviométrica,Convencional,Activa,Antioquia,San Roque,6.4875,-75.017,820,5/15/1975,,Monchia,Magdalena Cauca,Medio Magdalena,Río Nare,2022,07,Andes,Definitivo,14,14,0,20.1221942901611,20.1221942901611,6.13612794876099,18.1293640136719,11.4763250350952,3.05454540252686,6.04363632202148,5,10,0.869565188884735,0.876811623573303,1,1,56,1.05999994277954,14.8399991989136
10,2023-10-05,23080760,2,Definitivo,SAN ROQUE [23080760],Pluviométrica,Convencional,Activa,Antioquia,San Roque,6.4875,-75.017,820,5/15/1975,,Monchia,Magdalena Cauca,Medio Magdalena,Río Nare,2023,05,Andes,Definitivo,2,2,0,35.5612373352051,35.5612373352051,0,11.6449356079102,0.122862435877323,3.05454540252686,6.04363632202148,5,10,0.869565188884735,0.876811623573303,1,1,55,1.05999994277954,2.11999988555908
10,2001-10-29,23080760,47,Definitivo,SAN ROQUE [23080760],Pluviométrica,Convencional,Activa,Antioquia,San Roque,6.4875,-75.017,820,5/15/1975,,Monchia,Magdalena Cauca,Medio Magdalena,Río Nare,2001,29,Andes,Definitivo,47,47,0,25.4673004150391,25.4673004150391,11.6433267593384,16.4646396636963,2.04308438301086,3.05454540252686,6.04363632202148,5,10,0.869565188884735,0.876811623573303,1,1,60,1.05999994277954,49.8199973106384
10,2003-10-26,23080760,3,Definitivo,SAN ROQUE [23080760],Pluviométrica,Convencional,Activa,Antioquia,San Roque,6.4875,-75.017,820,5/15/1975,,Monchia,Magdalena Cauca,Medio Magdalena,Río Nare,2003,26,Andes,Definitivo,3,3,0,7.08335876464844,7.08335876464844,9.67840099334717,6.65458202362061,1.67314457893372,3.05454540252686,6.04363632202148,5,10,0.869565188884735,0.876811623573303,1,1,60,1.05999994277954,3.17999982833862
10,2003-10-25,23080760,48,Definitivo,SAN ROQUE [23080760],Pluviométrica,Convencional,Activa,Antioquia,San Roque,6.4875,-75.017,820,5/15/1975,,Monchia,Magdalena Cauca,Medio Magdalena,Río Nare,2003,25,Andes,Definitivo,48,48,0,8.00679588317871,8.00679588317871,21.8562450408936,20.9985408782959,41.7042083740234,3.05454540252686,6.04363632202148,5,10,0.869565188884735,0.876811623573303,1,1,59,1.05999994277954,50.879997253418
10,2002-10-26,23080760,10,Definitivo,SAN ROQUE [23080760],Pluviométrica,Convencional,Activa,Antioquia,San Roque,6.4875,-75.017,820,5/15/1975,,Monchia,Magdalena Cauca,Medio Magdalena,Río Nare,2002,26,Andes,Definitivo,10,10,0,4.31648921966553,4.31648921966553,0,9.9668550491333,5.89793014526367,3.05454540252686,6.04363632202148,5,10,0.869565188884735,0.876811623573303,1,1,60,1.05999994277954,10.5999994277954
10,2003-10-24,23080760,74,Definitivo,SAN ROQUE [23080760],Pluviométrica,Convencional,Activa,Antioquia,San Roque,6.4875,-75.017,820,5/15/1975,,Monchia,Magdalena Cauca,Medio Magdalena,Río Nare,2003,24,Andes,Definitivo,74,74,0,5.55394887924194,5.55394887924194,21.8562450408936,9.84960651397705,14.412693977356,3.05454540252686,6.04363632202148,5,10,0.869565188884735,0.876811623573303,1,1,59,1.05999994277954,78.439995765686
10,2006-10-18,23080760,10,Definitivo,SAN ROQUE [23080760],Pluviométrica,Convencional,Activa,Antioquia,San Roque,6.4875,-75.017,820,5/15/1975,,Monchia,Magdalena Cauca,Medio Magdalena,Río Nare,2006,18,Andes,Definitivo,10,10,0,12.969087600708,12.969087600708,0,4.02271461486816,5.94630908966065,3.05454540252686,6.04363632202148,5,10,0.869565188884735,0.876811623573303,1,1,58,1.05999994277954,10.5999994277954
10,2005-10-19,23080760,66,Definitivo,SAN ROQUE [23080760],Pluviométrica,Convencional,Activa,Antioquia,San Roque,6.4875,-75.017,820,5/15/1975,,Monchia,Magdalena Cauca,Medio Magdalena,Río Nare,2005,19,Andes,Definitivo,66,66,0,6.43675565719605,6.43675565719605,10.8664073944092,17.0377979278564,0.628737807273865,3.05454540252686,6.04363632202148,5,10,0.869565188884735,0.876811623573303,1,1,58,1.05999994277954,69.9599962234497
10,2006-10-17,23080760,6,Definitivo,SAN ROQUE [23080760],Pluviométrica,Convencional,Activa,Antioquia,San Roque,6.4875,-75.017,820,5/15/1975,,Monchia,Magdalena Cauca,Medio Magdalena,Río Nare,2006,17,Andes,Definitivo,6,6,0,13.3274335861206,13.3274335861206,21.7960948944092,10.2229080200195,41.9861755371094,3.05454540252686,6.04363632202148,5,10,0.869565188884735,0.876811623573303,1,1,58,1.05999994277954,6.35999965667725
10,2006-10-14,23080760,10,Definitivo,SAN ROQUE [23080760],Pluviométrica,Convencional,Activa,Antioquia,San Roque,6.4875,-75.017,820,5/15/1975,,Monchia,Magdalena Cauca,Medio Magdalena,Río Nare,2006,14,Andes,Definitivo,10,10,0,13.3613214492798,13.3613214492798,7.91662788391113,13.7453708648682,6.67671871185303,3.05454540252686,6.04363632202148,5,10,0.869565188884735,0.876811623573303,1,1,57,1.05999994277954,10.5999994277954
10,2005-10-15,23080760,4,Definitivo,SAN ROQUE [23080760],Pluviométrica,Convencional,Activa,Antioquia,San Roque,6.4875,-75.017,820,5/15/1975,,Monchia,Magdalena Cauca,Medio Magdalena,Río Nare,2005,15,Andes,Definitivo,4,4,0,7.80364990234375,7.80364990234375,22.0282764434814,20.4710102081299,12.8814964294434,3.05454540252686,6.04363632202148,5,10,0.869565188884735,0.876811623573303,1,1,57,1.05999994277954,4.23999977111816
10,2006-10-13,23080760,3,Definitivo,SAN ROQUE [23080760],Pluviométrica,Convencional,Activa,Antioquia,San Roque,6.4875,-75.017,820,5/15/1975,,Monchia,Magdalena Cauca,Medio Magdalena,Río Nare,2006,13,Andes,Definitivo,3,3,0,1.44736468791962,1.44736468791962,23.7498836517334,15.3275775909424,15.5041809082031,3.05454540252686,6.04363632202148,5,10,0.869565188884735,0.876811623573303,1,1,57,1.05999994277954,3.17999982833862
10,2004-10-13,23080760,8,Definitivo,SAN ROQUE [23080760],Pluviométrica,Convencional,Activa,Antioquia,San Roque,6.4875,-75.017,820,5/15/1975,,Monchia,Magdalena Cauca,Medio Magdalena,Río Nare,2004,13,Andes,Definitivo,8,8,0,1.93451309204102,1.93451309204102,0,5.14687061309815,0.0422261655330658,3.05454540252686,6.04363632202148,5,10,0.869565188884735,0.876811623573303,1,1,57,1.05999994277954,8.47999954223633
10,2002-10-14,23080760,,"",SAN ROQUE [23080760],Pluviométrica,Convencional,Activa,Antioquia,San Roque,6.4875,-75.017,820,5/15/1975,,Monchia,Magdalena Cauca,Medio Magdalena,Río Nare,2002,14,Andes,Preliminar,0,0,0,9.78528118133545,9.78528118133545,0,1.835728764534,0.0239016506820917,3.05454540252686,6.04363632202148,5,10,0.869565188884735,0.876811623573303,1,1,57,1.05999994277954,0
10,2002-10-11,23080760,0,Definitivo,SAN ROQUE [23080760],Pluviométrica,Convencional,Activa,Antioquia,San Roque,6.4875,-75.017,820,5/15/1975,,Monchia,Magdalena Cauca,Medio Magdalena,Río Nare,2002,11,Andes,Definitivo,0,0,0,15.5588693618774,15.5588693618774,11.0116777420044,5.95278644561768,16.8317966461182,3.05454540252686,6.04363632202148,5,10,0.869565188884735,0.876811623573303,1,1,57,1.05999994277954,0
10,2006-10-08,23080760,2,Definitivo,SAN ROQUE [23080760],Pluviométrica,Convencional,Activa,Antioquia,San Roque,6.4875,-75.017,820,5/15/1975,,Monchia,Magdalena Cauca,Medio Magdalena,Río Nare,2006,08,Andes,Definitivo,2,2,0,15.5881843566895,15.5881843566895,35.859546661377,7.40310478210449,40.7866630554199,3.05454540252686,6.04363632202148,5,10,0.869565188884735,0.876811623573303,1,1,56,1.05999994277954,2.11999988555908
10,2009-10-06,23080760,10,Definitivo,SAN ROQUE [23080760],Pluviométrica,Convencional,Activa,Antioquia,San Roque,6.4875,-75.017,820,5/15/1975,,Monchia,Magdalena Cauca,Medio Magdalena,Río Nare,2009,06,Andes,Definitivo,10,10,0,6.77630424499512,6.77630424499512,0,6.11635255813599,0,3.05454540252686,6.04363632202148,5,10,0.869565188884735,0.876811623573303,1,1,56,1.05999994277954,10.5999994277954
10,2009-10-07,23080760,7,Definitivo,SAN ROQUE [23080760],Pluviométrica,Convencional,Activa,Antioquia,San Roque,6.4875,-75.017,820,5/15/1975,,Monchia,Magdalena Cauca,Medio Magdalena,Río Nare,2009,07,Andes,Definitivo,7,7,0,16.683141708374,16.683141708374,28.3036441802979,23.0122261047363,23.1089248657227,3.05454540252686,6.04363632202148,5,10,0.869565188884735,0.876811623573303,1,1,56,1.05999994277954,7.41999959945679
10,2009-10-08,23080760,,"",SAN ROQUE [23080760],Pluviométrica,Convencional,Activa,Antioquia,San Roque,6.4875,-75.017,820,5/15/1975,,Monchia,Magdalena Cauca,Medio Magdalena,Río Nare,2009,08,Andes,Preliminar,0,0,0,4.73493385314941,4.73493385314941,0,2.92752385139465,13.5211820602417,3.05454540252686,6.04363632202148,5,10,0.869565188884735,0.876811623573303,1,1,56,1.05999994277954,0
10,2011-10-10,23080760,0,Definitivo,SAN ROQUE [23080760],Pluviométrica,Convencional,Activa,Antioquia,San Roque,6.4875,-75.017,820,5/15/1975,,Monchia,Magdalena Cauca,Medio Magdalena,Río Nare,2011,10,Andes,Definitivo,0,0,0,10.0142364501953,10.0142364501953,33.466194152832,12.2473039627075,23.3475360870361,3.05454540252686,6.04363632202148,5,10,0.869565188884735,0.876811623573303,1,1,56,1.05999994277954,0
10,2011-10-11,23080760,0,Definitivo,SAN ROQUE [23080760],Pluviométrica,Convencional,Activa,Antioquia,San Roque,6.4875,-75.017,820,5/15/1975,,Monchia,Magdalena Cauca,Medio Magdalena,Río Nare,2011,11,Andes,Definitivo,0,0,0,12.9740142822266,12.9740142822266,0,6.74652194976807,9.4853048324585,3.05454540252686,6.04363632202148,5,10,0.869565188884735,0.876811623573303,1,1,57,1.05999994277954,0
10,2014-10-09,23080760,20,Definitivo,SAN ROQUE [23080760],Pluviométrica,Convencional,Activa,Antioquia,San Roque,6.4875,-75.017,820,5/15/1975,,Monchia,Magdalena Cauca,Medio Magdalena,Río Nare,2014,09,Andes,Definitivo,20,20,0,55.294605255127,55.294605255127,13.6528472900391,47.4398880004883,23.0309314727783,3.05454540252686,6.04363632202148,5,10,0.869565188884735,0.876811623573303,1,1,56,1.05999994277954,21.1999988555908
10,2013-10-13,23080760,0,Definitivo,SAN ROQUE [23080760],Pluviométrica,Convencional,Activa,Antioquia,San Roque,6.4875,-75.017,820,5/15/1975,,Monchia,Magdalena Cauca,Medio Magdalena,Río Nare,2013,13,Andes,Definitivo,0,0,0,25.8948402404785,25.8948402404785,47.0485076904297,25.6220226287842,64.1990661621094,3.05454540252686,6.04363632202148,5,10,0.869565188884735,0.876811623573303,1,1,57,1.05999994277954,0
10,2012-10-17,23080760,43,Definitivo,SAN ROQUE [23080760],Pluviométrica,Convencional,Activa,Antioquia,San Roque,6.4875,-75.017,820,5/15/1975,,Monchia,Magdalena Cauca,Medio Magdalena,Río Nare,2012,17,Andes,Definitivo,43,43,0,12.6710643768311,12.6710643768311,0,7.71991109848023,4.80757904052734,3.05454540252686,6.04363632202148,5,10,0.869565188884735,0.876811623573303,1,1,58,1.05999994277954,45.5799975395203
10,2012-10-18,23080760,28,Definitivo,SAN ROQUE [23080760],Pluviométrica,Convencional,Activa,Antioquia,San Roque,6.4875,-75.017,820,5/15/1975,,Monchia,Magdalena Cauca,Medio Magdalena,Río Nare,2012,18,Andes,Definitivo,28,28,0,11.4589157104492,11.4589157104492,46.1156959533691,13.2977724075317,16.5512237548828,3.05454540252686,6.04363632202148,5,10,0.869565188884735,0.876811623573303,1,1,58,1.05999994277954,29.6799983978272
10,2011-10-23,23080760,,"",SAN ROQUE [23080760],Pluviométrica,Convencional,Activa,Antioquia,San Roque,6.4875,-75.017,820,5/15/1975,,Monchia,Magdalena Cauca,Medio Magdalena,Río Nare,2011,23,Andes,Preliminar,0,0,0,3.01315116882324,3.01315116882324,0,1.09496212005615,0.171923771500587,3.05454540252686,6.04363632202148,5,10,0.869565188884735,0.876811623573303,1,1,59,1.05999994277954,0
10,2016-10-21,23080760,13,Definitivo,SAN ROQUE [23080760],Pluviométrica,Convencional,Activa,Antioquia,San Roque,6.4875,-75.017,820,5/15/1975,,Monchia,Magdalena Cauca,Medio Magdalena,Río Nare,2016,21,Andes,Definitivo,13,13,0,0.945155918598175,0.945155918598175,0,3.44695854187012,2.38217973709106,3.05454540252686,6.04363632202148,5,10,0.869565188884735,0.876811623573303,1,1,59,1.05999994277954,13.779999256134
10,2016-10-22,23080760,0,Definitivo,SAN ROQUE [23080760],Pluviométrica,Convencional,Activa,Antioquia,San Roque,6.4875,-75.017,820,5/15/1975,,Monchia,Magdalena Cauca,Medio Magdalena,Río Nare,2016,22,Andes,Definitivo,0,0,0,2.78288722038269,2.78288722038269,0,4.70594930648804,3.53680968284607,3.05454540252686,6.04363632202148,5,10,0.869565188884735,0.876811623573303,1,1,59,1.05999994277954,0
10,2018-10-24,23080760,2,Definitivo,SAN ROQUE [23080760],Pluviométrica,Convencional,Activa,Antioquia,San Roque,6.4875,-75.017,820,5/15/1975,,Monchia,Magdalena Cauca,Medio Magdalena,Río Nare,2018,24,Andes,Definitivo,2,2,0,15.7119522094727,15.7119522094727,34.9884796142578,9.70976448059082,3.31611752510071,3.05454540252686,6.04363632202148,5,10,0.869565188884735,0.876811623573303,1,1,59,1.05999994277954,2.11999988555908
10,2022-10-21,23080760,40,Definitivo,SAN ROQUE [23080760],Pluviométrica,Convencional,Activa,Antioquia,San Roque,6.4875,-75.017,820,5/15/1975,,Monchia,Magdalena Cauca,Medio Magdalena,Río Nare,2022,21,Andes,Definitivo,40,40,0,15.4469261169434,15.4469261169434,39.7661323547363,25.6543769836426,41.2490577697754,3.05454540252686,6.04363632202148,5,10,0.869565188884735,0.876811623573303,1,1,59,1.05999994277954,42.3999977111816
10,2018-10-23,23080760,4,Definitivo,SAN ROQUE [23080760],Pluviométrica,Convencional,Activa,Antioquia,San Roque,6.4875,-75.017,820,5/15/1975,,Monchia,Magdalena Cauca,Medio Magdalena,Río Nare,2018,23,Andes,Definitivo,4,4,0,10.7040548324585,10.7040548324585,11.6628255844116,10.3785533905029,22.713960647583,3.05454540252686,6.04363632202148,5,10,0.869565188884735,0.876811623573303,1,1,59,1.05999994277954,4.23999977111816
10,2022-10-18,23080760,11,Definitivo,SAN ROQUE [23080760],Pluviométrica,Convencional,Activa,Antioquia,San Roque,6.4875,-75.017,820,5/15/1975,,Monchia,Magdalena Cauca,Medio Magdalena,Río Nare,2022,18,Andes,Definitivo,11,11,0,30.9430255889893,30.9430255889893,32.1120300292969,0,48.1112480163574,3.05454540252686,6.04363632202148,5,10,0.869565188884735,0.876811623573303,1,1,58,1.05999994277954,11.659999370575
10,2020-10-18,23080760,13,Definitivo,SAN ROQUE [23080760],Pluviométrica,Convencional,Activa,Antioquia,San Roque,6.4875,-75.017,820,5/15/1975,,Monchia,Magdalena Cauca,Medio Magdalena,Río Nare,2020,18,Andes,Definitivo,13,13,0,3.64809846878052,3.64809846878052,7.13781452178955,4.14733219146729,0.612132966518402,3.05454540252686,6.04363632202148,5,10,0.869565188884735,0.876811623573303,1,1,58,1.05999994277954,13.779999256134
10,2019-10-18,23080760,34,Definitivo,SAN ROQUE [23080760],Pluviométrica,Convencional,Activa,Antioquia,San Roque,6.4875,-75.017,820,5/15/1975,,Monchia,Magdalena Cauca,Medio Magdalena,Río Nare,2019,18,Andes,Definitivo,34,34,0,44.647346496582,44.647346496582,37.3122024536133,37.636589050293,42.3517951965332,3.05454540252686,6.04363632202148,5,10,0.869565188884735,0.876811623573303,1,1,58,1.05999994277954,36.0399980545044
10,2019-10-17,23080760,48,Definitivo,SAN ROQUE [23080760],Pluviométrica,Convencional,Activa,Antioquia,San Roque,6.4875,-75.017,820,5/15/1975,,Monchia,Magdalena Cauca,Medio Magdalena,Río Nare,2019,17,Andes,Definitivo,48,48,0,0.0873166471719742,0.0873166471719742,0,13.7712478637695,4.73849773406982,3.05454540252686,6.04363632202148,5,10,0.869565188884735,0.876811623573303,1,1,58,1.05999994277954,50.879997253418
10,2017-10-17,23080760,0,Definitivo,SAN ROQUE [23080760],Pluviométrica,Convencional,Activa,Antioquia,San Roque,6.4875,-75.017,820,5/15/1975,,Monchia,Magdalena Cauca,Medio Magdalena,Río Nare,2017,17,Andes,Definitivo,0,0,0,0,0,0,0.183039039373398,0,3.05454540252686,6.04363632202148,5,10,0.869565188884735,0.876811623573303,1,1,58,1.05999994277954,0
10,2018-10-15,23080760,6,Definitivo,SAN ROQUE [23080760],Pluviométrica,Convencional,Activa,Antioquia,San Roque,6.4875,-75.017,820,5/15/1975,,Monchia,Magdalena Cauca,Medio Magdalena,Río Nare,2018,15,Andes,Definitivo,6,6,0,9.8406286239624,9.8406286239624,10.5953035354614,14.2584648132324,1.74249637126923,3.05454540252686,6.04363632202148,5,10,0.869565188884735,0.876811623573303,1,1,57,1.05999994277954,6.35999965667725
10,2019-10-13,23080760,33,Definitivo,SAN ROQUE [23080760],Pluviométrica,Convencional,Activa,Antioquia,San Roque,6.4875,-75.017,820,5/15/1975,,Monchia,Magdalena Cauca,Medio Magdalena,Río Nare,2019,13,Andes,Definitivo,33,33,0,3.98731660842896,3.98731660842896,25.1557445526123,15.0588073730469,26.466459274292,3.05454540252686,6.04363632202148,5,10,0.869565188884735,0.876811623573303,1,1,57,1.05999994277954,34.9799981117249
10,2020-10-10,23080760,0,Definitivo,SAN ROQUE [23080760],Pluviométrica,Convencional,Activa,Antioquia,San Roque,6.4875,-75.017,820,5/15/1975,,Monchia,Magdalena Cauca,Medio Magdalena,Río Nare,2020,10,Andes,Definitivo,0,0,0,15.466311454773,15.466311454773,0,0.968468368053436,0.0243057832121849,3.05454540252686,6.04363632202148,5,10,0.869565188884735,0.876811623573303,1,1,56,1.05999994277954,0
10,2021-10-08,23080760,0,Definitivo,SAN ROQUE [23080760],Pluviométrica,Convencional,Activa,Antioquia,San Roque,6.4875,-75.017,820,5/15/1975,,Monchia,Magdalena Cauca,Medio Magdalena,Río Nare,2021,08,Andes,Definitivo,0,0,0,2.48537516593933,2.48537516593933,31.2175331115723,14.652174949646,21.6723327636719,3.05454540252686,6.04363632202148,5,10,0.869565188884735,0.876811623573303,1,1,56,1.05999994277954,0
10,2022-10-06,23080760,34,Definitivo,SAN ROQUE [23080760],Pluviométrica,Convencional,Activa,Antioquia,San Roque,6.4875,-75.017,820,5/15/1975,,Monchia,Magdalena Cauca,Medio Magdalena,Río Nare,2022,06,Andes,Definitivo,34,34,0,16.5086097717285,16.5086097717285,6.13612794876099,18.1293640136719,26.8294792175293,3.05454540252686,6.04363632202148,5,10,0.869565188884735,0.876811623573303,1,1,56,1.05999994277954,36.0399980545044
10,2023-10-04,23080760,0,Definitivo,SAN ROQUE [23080760],Pluviométrica,Convencional,Activa,Antioquia,San Roque,6.4875,-75.017,820,5/15/1975,,Monchia,Magdalena Cauca,Medio Magdalena,Río Nare,2023,04,Andes,Definitivo,0,0,0,20.340274810791,20.340274810791,14.9562730789185,11.6449356079102,15.3218431472778,3.05454540252686,6.04363632202148,5,10,0.869565188884735,0.876811623573303,1,1,55,1.05999994277954,0
10,2002-10-27,23080760,,"",SAN ROQUE [23080760],Pluviométrica,Convencional,Activa,Antioquia,San Roque,6.4875,-75.017,820,5/15/1975,,Monchia,Magdalena Cauca,Medio Magdalena,Río Nare,2002,27,Andes,Preliminar,5,5,0,8.42614650726318,8.42614650726318,0,8.35917568206787,5.10032320022583,3.05454540252686,6.04363632202148,5,10,0.869565188884735,0.876811623573303,1,1,60,1.05999994277954,5.29999971389771
10,2001-10-28,23080760,0,Definitivo,SAN ROQUE [23080760],Pluviométrica,Convencional,Activa,Antioquia,San Roque,6.4875,-75.017,820,5/15/1975,,Monchia,Magdalena Cauca,Medio Magdalena,Río Nare,2001,28,Andes,Definitivo,0,0,0,6.59640598297119,6.59640598297119,23.2866535186768,33.1753311157227,3.14736104011536,3.05454540252686,6.04363632202148,5,10,0.869565188884735,0.876811623573303,1,1,60,1.05999994277954,0
10,2001-10-27,23080760,16,Definitivo,SAN ROQUE [23080760],Pluviométrica,Convencional,Activa,Antioquia,San Roque,6.4875,-75.017,820,5/15/1975,,Monchia,Magdalena Cauca,Medio Magdalena,Río Nare,2001,27,Andes,Definitivo,16,16,0,8.53652572631836,8.53652572631836,34.9299850463867,25.0081233978272,49.2017402648926,3.05454540252686,6.04363632202148,5,10,0.869565188884735,0.876811623573303,1,1,60,1.05999994277954,16.9599990844727
10,2002-10-25,23080760,8,Definitivo,SAN ROQUE [23080760],Pluviométrica,Convencional,Activa,Antioquia,San Roque,6.4875,-75.017,820,5/15/1975,,Monchia,Magdalena Cauca,Medio Magdalena,Río Nare,2002,25,Andes,Definitivo,8,8,0,20.8941974639893,20.8941974639893,6.96866703033447,20.8555564880371,21.7605133056641,3.05454540252686,6.04363632202148,5,10,0.869565188884735,0.876811623573303,1,1,59,1.05999994277954,8.47999954223633
10,2004-10-21,23080760,14,Definitivo,SAN ROQUE [23080760],Pluviométrica,Convencional,Activa,Antioquia,San Roque,6.4875,-75.017,820,5/15/1975,,Monchia,Magdalena Cauca,Medio Magdalena,Río Nare,2004,21,Andes,Definitivo,14,14,0,9.33703422546387,9.33703422546387,27.037504196167,35.470142364502,44.7664299011231,3.05454540252686,6.04363632202148,5,10,0.869565188884735,0.876811623573303,1,1,59,1.05999994277954,14.8399991989136
10,2004-10-20,23080760,24,Definitivo,SAN ROQUE [23080760],Pluviométrica,Convencional,Activa,Antioquia,San Roque,6.4875,-75.017,820,5/15/1975,,Monchia,Magdalena Cauca,Medio Magdalena,Río Nare,2004,20,Andes,Definitivo,24,24,0,4.62164354324341,4.62164354324341,0,32.6037712097168,3.01539731025696,3.05454540252686,6.04363632202148,5,10,0.869565188884735,0.876811623573303,1,1,58,1.05999994277954,25.439998626709
10,2005-10-18,23080760,,"",SAN ROQUE [23080760],Pluviométrica,Convencional,Activa,Antioquia,San Roque,6.4875,-75.017,820,5/15/1975,,Monchia,Magdalena Cauca,Medio Magdalena,Río Nare,2005,18,Andes,Preliminar,0,0,0,0,0,32.5992202758789,18.4637928009033,20.3377227783203,3.05454540252686,6.04363632202148,5,10,0.869565188884735,0.876811623573303,1,1,58,1.05999994277954,0
10,2007-10-15,23080760,33,Definitivo,SAN ROQUE [23080760],Pluviométrica,Convencional,Activa,Antioquia,San Roque,6.4875,-75.017,820,5/15/1975,,Monchia,Magdalena Cauca,Medio Magdalena,Río Nare,2007,15,Andes,Definitivo,33,33,0,18.1197452545166,18.1197452545166,0,5.79872131347656,4.15801239013672,3.05454540252686,6.04363632202148,5,10,0.869565188884735,0.876811623573303,1,1,57,1.05999994277954,34.9799981117249
10,2004-10-16,23080760,28,Definitivo,SAN ROQUE [23080760],Pluviométrica,Convencional,Activa,Antioquia,San Roque,6.4875,-75.017,820,5/15/1975,,Monchia,Magdalena Cauca,Medio Magdalena,Río Nare,2004,16,Andes,Definitivo,28,28,0,5.12437868118286,5.12437868118286,20.524845123291,18.6678676605225,1.28825032711029,3.05454540252686,6.04363632202148,5,10,0.869565188884735,0.876811623573303,1,1,58,1.05999994277954,29.6799983978272
10,2002-10-17,23080760,,"",SAN ROQUE [23080760],Pluviométrica,Convencional,Activa,Antioquia,San Roque,6.4875,-75.017,820,5/15/1975,,Monchia,Magdalena Cauca,Medio Magdalena,Río Nare,2002,17,Andes,Preliminar,0,0,0,9.48007678985596,9.48007678985596,19.2831211090088,20.1512126922607,13.861536026001,3.05454540252686,6.04363632202148,5,10,0.869565188884735,0.876811623573303,1,1,58,1.05999994277954,0
10,2006-10-12,23080760,17,Definitivo,SAN ROQUE [23080760],Pluviométrica,Convencional,Activa,Antioquia,San Roque,6.4875,-75.017,820,5/15/1975,,Monchia,Magdalena Cauca,Medio Magdalena,Río Nare,2006,12,Andes,Definitivo,17,17,0,26.762845993042,26.762845993042,7.91662788391113,13.105188369751,29.5319480895996,3.05454540252686,6.04363632202148,5,10,0.869565188884735,0.876811623573303,1,1,57,1.05999994277954,18.0199990272522
10,2004-10-12,23080760,,"",SAN ROQUE [23080760],Pluviométrica,Convencional,Activa,Antioquia,San Roque,6.4875,-75.017,820,5/15/1975,,Monchia,Magdalena Cauca,Medio Magdalena,Río Nare,2004,12,Andes,Preliminar,0,0,0,18.670862197876,18.670862197876,25.1459484100342,7.42472887039185,10.242618560791,3.05454540252686,6.04363632202148,5,10,0.869565188884735,0.876811623573303,1,1,57,1.05999994277954,0
10,2006-10-09,23080760,78,Definitivo,SAN ROQUE [23080760],Pluviométrica,Convencional,Activa,Antioquia,San Roque,6.4875,-75.017,820,5/15/1975,,Monchia,Magdalena Cauca,Medio Magdalena,Río Nare,2006,09,Andes,Definitivo,78,78,0,22.6475276947022,22.6475276947022,17.9297733306885,31.3186016082764,9.31378173828125,3.05454540252686,6.04363632202148,5,10,0.869565188884735,0.876811623573303,1,1,56,1.05999994277954,82.6799955368042
10,2004-10-07,23080760,16,Definitivo,SAN ROQUE [23080760],Pluviométrica,Convencional,Activa,Antioquia,San Roque,6.4875,-75.017,820,5/15/1975,,Monchia,Magdalena Cauca,Medio Magdalena,Río Nare,2004,07,Andes,Definitivo,16,16,0,9.00050163269043,9.00050163269043,15.0843954086304,15.7473154067993,9.33895111083984,3.05454540252686,6.04363632202148,5,10,0.869565188884735,0.876811623573303,1,1,56,1.05999994277954,16.9599990844727
10,2004-10-08,23080760,0,Definitivo,SAN ROQUE [23080760],Pluviométrica,Convencional,Activa,Antioquia,San Roque,6.4875,-75.017,820,5/15/1975,,Monchia,Magdalena Cauca,Medio Magdalena,Río Nare,2004,08,Andes,Definitivo,0,0,0,41.936882019043,41.936882019043,7.54219770431519,9.75136184692383,20.842004776001,3.05454540252686,6.04363632202148,5,10,0.869565188884735,0.876811623573303,1,1,56,1.05999994277954,0
10,2007-10-07,23080760,0.5,Definitivo,SAN ROQUE [23080760],Pluviométrica,Convencional,Activa,Antioquia,San Roque,6.4875,-75.017,820,5/15/1975,,Monchia,Magdalena Cauca,Medio Magdalena,Río Nare,2007,07,Andes,Definitivo,0.5,0.5,0,3.46514987945557,3.46514987945557,9.55356979370117,26.6032314300537,11.322811126709,3.05454540252686,6.04363632202148,5,10,0.869565188884735,0.876811623573303,1,1,56,1.05999994277954,0.529999971389771
10,2007-10-08,23080760,45,Definitivo,SAN ROQUE [23080760],Pluviométrica,Convencional,Activa,Antioquia,San Roque,6.4875,-75.017,820,5/15/1975,,Monchia,Magdalena Cauca,Medio Magdalena,Río Nare,2007,08,Andes,Definitivo,45,45,0,9.87042713165283,9.87042713165283,9.55356979370117,17.0122966766357,12.2236623764038,3.05454540252686,6.04363632202148,5,10,0.869565188884735,0.876811623573303,1,1,56,1.05999994277954,47.6999974250794
10,2012-10-06,23080760,6,Definitivo,SAN ROQUE [23080760],Pluviométrica,Convencional,Activa,Antioquia,San Roque,6.4875,-75.017,820,5/15/1975,,Monchia,Magdalena Cauca,Medio Magdalena,Río Nare,2012,06,Andes,Definitivo,6,6,0,13.2401123046875,13.2401123046875,5.6144905090332,13.3931531906128,2.49269652366638,3.05454540252686,6.04363632202148,5,10,0.869565188884735,0.876811623573303,1,1,56,1.05999994277954,6.35999965667725
10,2012-10-07,23080760,15,Definitivo,SAN ROQUE [23080760],Pluviométrica,Convencional,Activa,Antioquia,San Roque,6.4875,-75.017,820,5/15/1975,,Monchia,Magdalena Cauca,Medio Magdalena,Río Nare,2012,07,Andes,Definitivo,15,15,0,14.4395036697388,14.4395036697388,5.6144905090332,13.9768152236938,25.1058177947998,3.05454540252686,6.04363632202148,5,10,0.869565188884735,0.876811623573303,1,1,56,1.05999994277954,15.8999991416931
10,2012-10-08,23080760,0,Definitivo,SAN ROQUE [23080760],Pluviométrica,Convencional,Activa,Antioquia,San Roque,6.4875,-75.017,820,5/15/1975,,Monchia,Magdalena Cauca,Medio Magdalena,Río Nare,2012,08,Andes,Definitivo,0,0,0,3.34609532356262,3.34609532356262,0,2.90010237693787,0.0723043903708458,3.05454540252686,6.04363632202148,5,10,0.869565188884735,0.876811623573303,1,1,56,1.05999994277954,0
10,2014-10-10,23080760,26,Definitivo,SAN ROQUE [23080760],Pluviométrica,Convencional,Activa,Antioquia,San Roque,6.4875,-75.017,820,5/15/1975,,Monchia,Magdalena Cauca,Medio Magdalena,Río Nare,2014,10,Andes,Definitivo,26,26,0,10.04407787323,10.04407787323,0,25.0053424835205,3.76299810409546,3.05454540252686,6.04363632202148,5,10,0.869565188884735,0.876811623573303,1,1,56,1.05999994277954,27.5599985122681
10,2013-10-14,23080760,14,Definitivo,SAN ROQUE [23080760],Pluviométrica,Convencional,Activa,Antioquia,San Roque,6.4875,-75.017,820,5/15/1975,,Monchia,Magdalena Cauca,Medio Magdalena,Río Nare,2013,14,Andes,Definitivo,14,14,0,8.00523471832275,8.00523471832275,11.7621269226074,21.8755760192871,5.89196491241455,3.05454540252686,6.04363632202148,5,10,0.869565188884735,0.876811623573303,1,1,57,1.05999994277954,14.8399991989136
10,2013-10-15,23080760,58,Definitivo,SAN ROQUE [23080760],Pluviométrica,Convencional,Activa,Antioquia,San Roque,6.4875,-75.017,820,5/15/1975,,Monchia,Magdalena Cauca,Medio Magdalena,Río Nare,2013,15,Andes,Definitivo,58,58,0,24.3749103546143,24.3749103546143,0,21.969596862793,5.69163799285889,3.05454540252686,6.04363632202148,5,10,0.869565188884735,0.876811623573303,1,1,57,1.05999994277954,61.4799966812134
10,2012-10-19,23080760,3,Definitivo,SAN ROQUE [23080760],Pluviométrica,Convencional,Activa,Antioquia,San Roque,6.4875,-75.017,820,5/15/1975,,Monchia,Magdalena Cauca,Medio Magdalena,Río Nare,2012,19,Andes,Definitivo,3,3,0,34.5610046386719,34.5610046386719,0,9.81564998626709,24.0855770111084,3.05454540252686,6.04363632202148,5,10,0.869565188884735,0.876811623573303,1,1,58,1.05999994277954,3.17999982833862
10,2014-10-21,23080760,2,Definitivo,SAN ROQUE [23080760],Pluviométrica,Convencional,Activa,Antioquia,San Roque,6.4875,-75.017,820,5/15/1975,,Monchia,Magdalena Cauca,Medio Magdalena,Río Nare,2014,21,Andes,Definitivo,2,2,0,7.8100061416626,7.8100061416626,5.31533861160278,7.1896858215332,0.475231051445007,3.05454540252686,6.04363632202148,5,10,0.869565188884735,0.876811623573303,1,1,59,1.05999994277954,2.11999988555908
10,2014-10-22,23080760,,"",SAN ROQUE [23080760],Pluviométrica,Convencional,Activa,Antioquia,San Roque,6.4875,-75.017,820,5/15/1975,,Monchia,Magdalena Cauca,Medio Magdalena,Río Nare,2014,22,Andes,Preliminar,0,0,0,0.802982151508331,0.802982151508331,10.6306772232056,8.93579769134522,16.9510269165039,3.05454540252686,6.04363632202148,5,10,0.869565188884735,0.876811623573303,1,1,59,1.05999994277954,0
10,2019-10-21,23080760,22,Definitivo,SAN ROQUE [23080760],Pluviométrica,Convencional,Activa,Antioquia,San Roque,6.4875,-75.017,820,5/15/1975,,Monchia,Magdalena Cauca,Medio Magdalena,Río Nare,2019,21,Andes,Definitivo,22,22,0,6.59636735916138,6.59636735916138,15.1106967926025,23.5467491149902,18.539270401001,3.05454540252686,6.04363632202148,5,10,0.869565188884735,0.876811623573303,1,1,59,1.05999994277954,23.3199987411499
10,2018-10-25,23080760,22,Definitivo,SAN ROQUE [23080760],Pluviométrica,Convencional,Activa,Antioquia,San Roque,6.4875,-75.017,820,5/15/1975,,Monchia,Magdalena Cauca,Medio Magdalena,Río Nare,2018,25,Andes,Definitivo,22,22,0,11.536413192749,11.536413192749,11.6628255844116,6.48572111129761,9.65423679351807,3.05454540252686,6.04363632202148,5,10,0.869565188884735,0.876811623573303,1,1,59,1.05999994277954,23.3199987411499
10,2020-10-21,23080760,61,Definitivo,SAN ROQUE [23080760],Pluviométrica,Convencional,Activa,Antioquia,San Roque,6.4875,-75.017,820,5/15/1975,,Monchia,Magdalena Cauca,Medio Magdalena,Río Nare,2020,21,Andes,Definitivo,61,61,0,1.69766628742218,1.69766628742218,10.2725992202759,19.9382228851318,0.192998185753822,3.05454540252686,6.04363632202148,5,10,0.869565188884735,0.876811623573303,1,1,59,1.05999994277954,64.659996509552
10,2018-10-22,23080760,40,Definitivo,SAN ROQUE [23080760],Pluviométrica,Convencional,Activa,Antioquia,San Roque,6.4875,-75.017,820,5/15/1975,,Monchia,Magdalena Cauca,Medio Magdalena,Río Nare,2018,22,Andes,Definitivo,40,40,0,20.6836814880371,20.6836814880371,11.6628255844116,34.3278923034668,23.111780166626,3.05454540252686,6.04363632202148,5,10,0.869565188884735,0.876811623573303,1,1,59,1.05999994277954,42.3999977111816
10,2019-10-20,23080760,50,Definitivo,SAN ROQUE [23080760],Pluviométrica,Convencional,Activa,Antioquia,San Roque,6.4875,-75.017,820,5/15/1975,,Monchia,Magdalena Cauca,Medio Magdalena,Río Nare,2019,20,Andes,Definitivo,50,50,0,11.2041244506836,11.2041244506836,12.4374008178711,29.2237148284912,2.60006451606751,3.05454540252686,6.04363632202148,5,10,0.869565188884735,0.876811623573303,1,1,58,1.05999994277954,52.9999971389771
10,2018-10-19,23080760,30,Definitivo,SAN ROQUE [23080760],Pluviométrica,Convencional,Activa,Antioquia,San Roque,6.4875,-75.017,820,5/15/1975,,Monchia,Magdalena Cauca,Medio Magdalena,Río Nare,2018,19,Andes,Definitivo,30,30,0,9.66214942932129,9.66214942932129,8.14117813110352,18.9868259429932,15.2475719451904,3.05454540252686,6.04363632202148,5,10,0.869565188884735,0.876811623573303,1,1,58,1.05999994277954,31.7999982833862
10,2018-10-18,23080760,1,Definitivo,SAN ROQUE [23080760],Pluviométrica,Convencional,Activa,Antioquia,San Roque,6.4875,-75.017,820,5/15/1975,,Monchia,Magdalena Cauca,Medio Magdalena,Río Nare,2018,18,Andes,Definitivo,1,1,0,20.5053081512451,20.5053081512451,8.14117813110352,8.75987052917481,11.4634666442871,3.05454540252686,6.04363632202148,5,10,0.869565188884735,0.876811623573303,1,1,58,1.05999994277954,1.05999994277954
10,2019-10-16,23080760,0,Definitivo,SAN ROQUE [23080760],Pluviométrica,Convencional,Activa,Antioquia,San Roque,6.4875,-75.017,820,5/15/1975,,Monchia,Magdalena Cauca,Medio Magdalena,Río Nare,2019,16,Andes,Definitivo,0,0,0,9.22720241546631,9.22720241546631,37.3122024536133,14.0278120040894,36.001106262207,3.05454540252686,6.04363632202148,5,10,0.869565188884735,0.876811623573303,1,1,58,1.05999994277954,0
10,2017-10-16,23080760,0,Definitivo,SAN ROQUE [23080760],Pluviométrica,Convencional,Activa,Antioquia,San Roque,6.4875,-75.017,820,5/15/1975,,Monchia,Magdalena Cauca,Medio Magdalena,Río Nare,2017,16,Andes,Definitivo,0,0,0,0.427735269069672,0.427735269069672,0,0.193718507885933,0,3.05454540252686,6.04363632202148,5,10,0.869565188884735,0.876811623573303,1,1,58,1.05999994277954,0
10,2018-10-14,23080760,0,Definitivo,SAN ROQUE [23080760],Pluviométrica,Convencional,Activa,Antioquia,San Roque,6.4875,-75.017,820,5/15/1975,,Monchia,Magdalena Cauca,Medio Magdalena,Río Nare,2018,14,Andes,Definitivo,0,0,0,7.65820646286011,7.65820646286011,10.5953035354614,7.65357398986816,4.90268182754517,3.05454540252686,6.04363632202148,5,10,0.869565188884735,0.876811623573303,1,1,57,1.05999994277954,0
10,2019-10-12,23080760,44,Definitivo,SAN ROQUE [23080760],Pluviométrica,Convencional,Activa,Antioquia,San Roque,6.4875,-75.017,820,5/15/1975,,Monchia,Magdalena Cauca,Medio Magdalena,Río Nare,2019,12,Andes,Definitivo,44,44,0,21.4220695495606,21.4220695495606,12.5778722763062,35.708137512207,9.87459564208984,3.05454540252686,6.04363632202148,5,10,0.869565188884735,0.876811623573303,1,1,57,1.05999994277954,46.6399974822998
10,2020-10-09,23080760,0,Definitivo,SAN ROQUE [23080760],Pluviométrica,Convencional,Activa,Antioquia,San Roque,6.4875,-75.017,820,5/15/1975,,Monchia,Magdalena Cauca,Medio Magdalena,Río Nare,2020,09,Andes,Definitivo,0,0,0,13.7801961898804,13.7801961898804,7.3119215965271,3.8469135761261,9.79566097259521,3.05454540252686,6.04363632202148,5,10,0.869565188884735,0.876811623573303,1,1,56,1.05999994277954,0
10,2021-10-07,23080760,5,Definitivo,SAN ROQUE [23080760],Pluviométrica,Convencional,Activa,Antioquia,San Roque,6.4875,-75.017,820,5/15/1975,,Monchia,Magdalena Cauca,Medio Magdalena,Río Nare,2021,07,Andes,Definitivo,5,5,0,5.69470691680908,5.69470691680908,10.4058446884155,4.79176378250122,12.0778656005859,3.05454540252686,6.04363632202148,5,10,0.869565188884735,0.876811623573303,1,1,56,1.05999994277954,5.29999971389771
10,2022-10-05,23080760,3,Definitivo,SAN ROQUE [23080760],Pluviométrica,Convencional,Activa,Antioquia,San Roque,6.4875,-75.017,820,5/15/1975,,Monchia,Magdalena Cauca,Medio Magdalena,Río Nare,2022,05,Andes,Definitivo,3,3,0,23.1075611114502,23.1075611114502,31.6662654876709,19.9565238952637,46.4476432800293,3.05454540252686,6.04363632202148,5,10,0.869565188884735,0.876811623573303,1,1,55,1.05999994277954,3.17999982833862
10,2023-10-03,23080760,26,Definitivo,SAN ROQUE [23080760],Pluviométrica,Convencional,Activa,Antioquia,San Roque,6.4875,-75.017,820,5/15/1975,,Monchia,Magdalena Cauca,Medio Magdalena,Río Nare,2023,03,Andes,Definitivo,26,26,0,11.4411697387695,11.4411697387695,9.97084903717041,11.6449356079102,5.51052951812744,3.05454540252686,6.04363632202148,5,10,0.869565188884735,0.876811623573303,1,1,55,1.05999994277954,27.5599985122681
10,2023-10-02,23080760,0,Definitivo,SAN ROQUE [23080760],Pluviométrica,Convencional,Activa,Antioquia,San Roque,6.4875,-75.017,820,5/15/1975,,Monchia,Magdalena Cauca,Medio Magdalena,Río Nare,2023,02,Andes,Definitivo,0,0,0,0.212274342775345,0.212274342775345,4.98542451858521,11.6449356079102,6.33338165283203,3.05454540252686,6.04363632202148,5,10,0.869565188884735,0.876811623573303,1,1,55,1.05999994277954,0
10,2005-10-06,23080760,35,Definitivo,SAN ROQUE [23080760],Pluviométrica,Convencional,Activa,Antioquia,San Roque,6.4875,-75.017,820,5/15/1975,,Monchia,Magdalena Cauca,Medio Magdalena,Río Nare,2005,06,Andes,Definitivo,35,35,0,15.0998258590698,15.0998258590698,0,8.46442985534668,0.278144657611847,3.05454540252686,6.04363632202148,5,10,0.869565188884735,0.876811623573303,1,1,56,1.05999994277954,37.0999979972839
10,2001-10-26,23080760,0.6,Definitivo,SAN ROQUE [23080760],Pluviométrica,Convencional,Activa,Antioquia,San Roque,6.4875,-75.017,820,5/15/1975,,Monchia,Magdalena Cauca,Medio Magdalena,Río Nare,2001,26,Andes,Definitivo,0.6,0.6,0,1.83664643764496,1.83664643764496,34.9299850463867,3.19834280014038,8.00744342803955,3.05454540252686,6.04363632202148,5,10,0.869565188884735,0.876811623573303,1,1,60,1.05999994277954,0.635999965667725
10,2003-10-23,23080760,3,Definitivo,SAN ROQUE [23080760],Pluviométrica,Convencional,Activa,Antioquia,San Roque,6.4875,-75.017,820,5/15/1975,,Monchia,Magdalena Cauca,Medio Magdalena,Río Nare,2003,23,Andes,Definitivo,3,3,0,6.55260753631592,6.55260753631592,0,5.87932682037354,0,3.05454540252686,6.04363632202148,5,10,0.869565188884735,0.876811623573303,1,1,59,1.05999994277954,3.17999982833862
10,2003-10-22,23080760,0,Definitivo,SAN ROQUE [23080760],Pluviométrica,Convencional,Activa,Antioquia,San Roque,6.4875,-75.017,820,5/15/1975,,Monchia,Magdalena Cauca,Medio Magdalena,Río Nare,2003,22,Andes,Definitivo,0,0,0,13.3505010604858,13.3505010604858,0,8.55298042297363,0.496859550476074,3.05454540252686,6.04363632202148,5,10,0.869565188884735,0.876811623573303,1,1,59,1.05999994277954,0
10,2004-10-19,23080760,6,Definitivo,SAN ROQUE [23080760],Pluviométrica,Convencional,Activa,Antioquia,San Roque,6.4875,-75.017,820,5/15/1975,,Monchia,Magdalena Cauca,Medio Magdalena,Río Nare,2004,19,Andes,Definitivo,6,6,0,31.1519889831543,31.1519889831543,20.524845123291,31.3213977813721,22.4484691619873,3.05454540252686,6.04363632202148,5,10,0.869565188884735,0.876811623573303,1,1,58,1.05999994277954,6.35999965667725
10,2006-10-16,23080760,12,Definitivo,SAN ROQUE [23080760],Pluviométrica,Convencional,Activa,Antioquia,San Roque,6.4875,-75.017,820,5/15/1975,,Monchia,Magdalena Cauca,Medio Magdalena,Río Nare,2006,16,Andes,Definitivo,12,12,0,4.87961006164551,4.87961006164551,0,10.0431880950928,15.1826410293579,3.05454540252686,6.04363632202148,5,10,0.869565188884735,0.876811623573303,1,1,58,1.05999994277954,12.7199993133545
10,2006-10-15,23080760,9,Definitivo,SAN ROQUE [23080760],Pluviométrica,Convencional,Activa,Antioquia,San Roque,6.4875,-75.017,820,5/15/1975,,Monchia,Magdalena Cauca,Medio Magdalena,Río Nare,2006,15,Andes,Definitivo,9,9,0,22.5279674530029,22.5279674530029,15.8332557678223,18.0033416748047,9.54910087585449,3.05454540252686,6.04363632202148,5,10,0.869565188884735,0.876811623573303,1,1,57,1.05999994277954,9.53999948501587
10,2004-10-15,23080760,18,Definitivo,SAN ROQUE [23080760],Pluviométrica,Convencional,Activa,Antioquia,San Roque,6.4875,-75.017,820,5/15/1975,,Monchia,Magdalena Cauca,Medio Magdalena,Río Nare,2004,15,Andes,Definitivo,18,18,0,2.26362109184265,2.26362109184265,0,3.71346354484558,0.0604729317128658,3.05454540252686,6.04363632202148,5,10,0.869565188884735,0.876811623573303,1,1,57,1.05999994277954,19.0799989700317
10,2002-10-16,23080760,30,Definitivo,SAN ROQUE [23080760],Pluviométrica,Convencional,Activa,Antioquia,San Roque,6.4875,-75.017,820,5/15/1975,,Monchia,Magdalena Cauca,Medio Magdalena,Río Nare,2002,16,Andes,Definitivo,30,30,0,12.5759143829346,12.5759143829346,0,16.8539276123047,0.0649151802062988,3.05454540252686,6.04363632202148,5,10,0.869565188884735,0.876811623573303,1,1,58,1.05999994277954,31.7999982833862
10,2003-10-14,23080760,14,Definitivo,SAN ROQUE [23080760],Pluviométrica,Convencional,Activa,Antioquia,San Roque,6.4875,-75.017,820,5/15/1975,,Monchia,Magdalena Cauca,Medio Magdalena,Río Nare,2003,14,Andes,Definitivo,14,14,0,0.857603788375855,0.857603788375855,18.7392520904541,18.5948696136475,17.4033870697022,3.05454540252686,6.04363632202148,5,10,0.869565188884735,0.876811623573303,1,1,57,1.05999994277954,14.8399991989136
10,2002-10-13,23080760,,"",SAN ROQUE [23080760],Pluviométrica,Convencional,Activa,Antioquia,San Roque,6.4875,-75.017,820,5/15/1975,,Monchia,Magdalena Cauca,Medio Magdalena,Río Nare,2002,13,Andes,Preliminar,0,0,0,0.813181281089783,0.813181281089783,0,3.3544774055481,0.497429043054581,3.05454540252686,6.04363632202148,5,10,0.869565188884735,0.876811623573303,1,1,57,1.05999994277954,0
10,2003-10-09,23080760,9,Definitivo,SAN ROQUE [23080760],Pluviométrica,Convencional,Activa,Antioquia,San Roque,6.4875,-75.017,820,5/15/1975,,Monchia,Magdalena Cauca,Medio Magdalena,Río Nare,2003,09,Andes,Definitivo,9,9,0,7.46683788299561,7.46683788299561,0,17.5341377258301,35.2902755737305,3.05454540252686,6.04363632202148,5,10,0.869565188884735,0.876811623573303,1,1,56,1.05999994277954,9.53999948501587
10,2002-10-08,23080760,0,Definitivo,SAN ROQUE [23080760],Pluviométrica,Convencional,Activa,Antioquia,San Roque,6.4875,-75.017,820,5/15/1975,,Monchia,Magdalena Cauca,Medio Magdalena,Río Nare,2002,08,Andes,Definitivo,0,0,0,4.17219495773315,4.17219495773315,18.0096302032471,17.1223926544189,15.7197208404541,3.05454540252686,6.04363632202148,5,10,0.869565188884735,0.876811623573303,1,1,56,1.05999994277954,0
10,2019-10-23,23080760,78,Definitivo,SAN ROQUE [23080760],Pluviométrica,Convencional,Activa,Antioquia,San Roque,6.4875,-75.017,820,5/15/1975,,Monchia,Magdalena Cauca,Medio Magdalena,Río Nare,2019,23,Andes,Definitivo,78,78,0,12.8052082061768,12.8052082061768,15.1106967926025,21.6180877685547,23.0102462768555,3.05454540252686,6.04363632202148,5,10,0.869565188884735,0.876811623573303,1,1,59,1.05999994277954,82.6799955368042
10,2005-10-07,23080760,3,Definitivo,SAN ROQUE [23080760],Pluviométrica,Convencional,Activa,Antioquia,San Roque,6.4875,-75.017,820,5/15/1975,,Monchia,Magdalena Cauca,Medio Magdalena,Río Nare,2005,07,Andes,Definitivo,3,3,0,7.38213634490967,7.38213634490967,27.1396198272705,15.8719539642334,37.0961036682129,3.05454540252686,6.04363632202148,5,10,0.869565188884735,0.876811623573303,1,1,56,1.05999994277954,3.17999982833862
10,2007-10-09,23080760,6,Definitivo,SAN ROQUE [23080760],Pluviométrica,Convencional,Activa,Antioquia,San Roque,6.4875,-75.017,820,5/15/1975,,Monchia,Magdalena Cauca,Medio Magdalena,Río Nare,2007,09,Andes,Definitivo,6,6,0,32.3563995361328,32.3563995361328,38.2142791748047,17.980396270752,43.5162696838379,3.05454540252686,6.04363632202148,5,10,0.869565188884735,0.876811623573303,1,1,56,1.05999994277954,6.35999965667725
10,2010-10-07,23080760,6,Definitivo,SAN ROQUE [23080760],Pluviométrica,Convencional,Activa,Antioquia,San Roque,6.4875,-75.017,820,5/15/1975,,Monchia,Magdalena Cauca,Medio Magdalena,Río Nare,2010,07,Andes,Definitivo,6,6,0,33.2490882873535,33.2490882873535,23.8099613189697,17.3552989959717,35.1859893798828,3.05454540252686,6.04363632202148,5,10,0.869565188884735,0.876811623573303,1,1,56,1.05999994277954,6.35999965667725
10,2010-10-08,23080760,,"",SAN ROQUE [23080760],Pluviométrica,Convencional,Activa,Antioquia,San Roque,6.4875,-75.017,820,5/15/1975,,Monchia,Magdalena Cauca,Medio Magdalena,Río Nare,2010,08,Andes,Preliminar,0,0,0,0.0275544933974743,0.0275544933974743,35.7149391174316,14.1811294555664,8.73170471191406,3.05454540252686,6.04363632202148,5,10,0.869565188884735,0.876811623573303,1,1,56,1.05999994277954,0
10,2015-10-07,23080760,0,Definitivo,SAN ROQUE [23080760],Pluviométrica,Convencional,Activa,Antioquia,San Roque,6.4875,-75.017,820,5/15/1975,,Monchia,Magdalena Cauca,Medio Magdalena,Río Nare,2015,07,Andes,Definitivo,0,0,0,0,0,47.3397674560547,3.71709585189819,30.3464241027832,3.05454540252686,6.04363632202148,5,10,0.869565188884735,0.876811623573303,1,1,56,1.05999994277954,0
10,2014-10-11,23080760,36,Definitivo,SAN ROQUE [23080760],Pluviométrica,Convencional,Activa,Antioquia,San Roque,6.4875,-75.017,820,5/15/1975,,Monchia,Magdalena Cauca,Medio Magdalena,Río Nare,2014,11,Andes,Definitivo,36,36,0,65.6068420410156,65.6068420410156,0,67.9973983764648,6.17920732498169,3.05454540252686,6.04363632202148,5,10,0.869565188884735,0.876811623573303,1,1,57,1.05999994277954,38.1599979400635
10,2014-10-12,23080760,25,Definitivo,SAN ROQUE [23080760],Pluviométrica,Convencional,Activa,Antioquia,San Roque,6.4875,-75.017,820,5/15/1975,,Monchia,Magdalena Cauca,Medio Magdalena,Río Nare,2014,12,Andes,Definitivo,25,25,0,10.1098232269287,10.1098232269287,37.1333389282227,24.0779438018799,71.7963714599609,3.05454540252686,6.04363632202148,5,10,0.869565188884735,0.876811623573303,1,1,57,1.05999994277954,26.4999985694885
10,2013-10-16,23080760,55,Definitivo,SAN ROQUE [23080760],Pluviométrica,Convencional,Activa,Antioquia,San Roque,6.4875,-75.017,820,5/15/1975,,Monchia,Magdalena Cauca,Medio Magdalena,Río Nare,2013,16,Andes,Definitivo,55,55,0,29.0655097961426,29.0655097961426,21.0220603942871,20.4589557647705,18.4268627166748,3.05454540252686,6.04363632202148,5,10,0.869565188884735,0.876811623573303,1,1,58,1.05999994277954,58.2999968528748
10,2012-10-20,23080760,25,Definitivo,SAN ROQUE [23080760],Pluviométrica,Convencional,Activa,Antioquia,San Roque,6.4875,-75.017,820,5/15/1975,,Monchia,Magdalena Cauca,Medio Magdalena,Río Nare,2012,20,Andes,Definitivo,25,25,0,20.4928188323975,20.4928188323975,27.6694202423096,22.3991184234619,36.9850654602051,3.05454540252686,6.04363632202148,5,10,0.869565188884735,0.876811623573303,1,1,58,1.05999994277954,26.4999985694885
10,2012-10-21,23080760,38,Definitivo,SAN ROQUE [23080760],Pluviométrica,Convencional,Activa,Antioquia,San Roque,6.4875,-75.017,820,5/15/1975,,Monchia,Magdalena Cauca,Medio Magdalena,Río Nare,2012,21,Andes,Definitivo,38,38,0,39.4349327087402,39.4349327087402,10.2821655273438,19.5202350616455,29.8937072753906,3.05454540252686,6.04363632202148,5,10,0.869565188884735,0.876811623573303,1,1,59,1.05999994277954,40.2799978256226
10,2014-10-23,23080760,2,Definitivo,SAN ROQUE [23080760],Pluviométrica,Convencional,Activa,Antioquia,San Roque,6.4875,-75.017,820,5/15/1975,,Monchia,Magdalena Cauca,Medio Magdalena,Río Nare,2014,23,Andes,Definitivo,2,2,0,3.83239698410034,3.83239698410034,0,4.88361024856567,0.412263214588165,3.05454540252686,6.04363632202148,5,10,0.869565188884735,0.876811623573303,1,1,59,1.05999994277954,2.11999988555908
10,2019-10-22,23080760,8,Definitivo,SAN ROQUE [23080760],Pluviométrica,Convencional,Activa,Antioquia,San Roque,6.4875,-75.017,820,5/15/1975,,Monchia,Magdalena Cauca,Medio Magdalena,Río Nare,2019,22,Andes,Definitivo,8,8,0,10.5072937011719,10.5072937011719,15.1106967926025,20.3125591278076,3.88057899475098,3.05454540252686,6.04363632202148,5,10,0.869565188884735,0.876811623573303,1,1,59,1.05999994277954,8.47999954223633
10,2004-10-06,23080760,4,Definitivo,SAN ROQUE [23080760],Pluviométrica,Convencional,Activa,Antioquia,San Roque,6.4875,-75.017,820,5/15/1975,,Monchia,Magdalena Cauca,Medio Magdalena,Río Nare,2004,06,Andes,Definitivo,4,4,0,4.8984546661377,4.8984546661377,7.54219770431519,2.84331154823303,5.52821779251099,3.05454540252686,6.04363632202148,5,10,0.869565188884735,0.876811623573303,1,1,56,1.05999994277954,4.23999977111816
10,2017-10-23,23080760,0,Definitivo,SAN ROQUE [23080760],Pluviométrica,Convencional,Activa,Antioquia,San Roque,6.4875,-75.017,820,5/15/1975,,Monchia,Magdalena Cauca,Medio Magdalena,Río Nare,2017,23,Andes,Definitivo,0,0,0,0.90249365568161,0.90249365568161,0,9.41504287719727,1.48573696613312,3.05454540252686,6.04363632202148,5,10,0.869565188884735,0.876811623573303,1,1,59,1.05999994277954,0
10,2018-10-21,23080760,1,Definitivo,SAN ROQUE [23080760],Pluviométrica,Convencional,Activa,Antioquia,San Roque,6.4875,-75.017,820,5/15/1975,,Monchia,Magdalena Cauca,Medio Magdalena,Río Nare,2018,21,Andes,Definitivo,1,1,0,15.7202062606812,15.7202062606812,34.9884796142578,23.7406749725342,25.8465213775635,3.05454540252686,6.04363632202148,5,10,0.869565188884735,0.876811623573303,1,1,59,1.05999994277954,1.05999994277954
10,2017-10-20,23080760,0,Definitivo,SAN ROQUE [23080760],Pluviométrica,Convencional,Activa,Antioquia,San Roque,6.4875,-75.017,820,5/15/1975,,Monchia,Magdalena Cauca,Medio Magdalena,Río Nare,2017,20,Andes,Definitivo,0,0,0,41.445255279541,41.445255279541,0,29.4408092498779,5.48944044113159,3.05454540252686,6.04363632202148,5,10,0.869565188884735,0.876811623573303,1,1,58,1.05999994277954,0
10,2017-10-19,23080760,0,Definitivo,SAN ROQUE [23080760],Pluviométrica,Convencional,Activa,Antioquia,San Roque,6.4875,-75.017,820,5/15/1975,,Monchia,Magdalena Cauca,Medio Magdalena,Río Nare,2017,19,Andes,Definitivo,0,0,0,0,0,18.0287952423096,0.0496977642178536,22.8266983032227,3.05454540252686,6.04363632202148,5,10,0.869565188884735,0.876811623573303,1,1,58,1.05999994277954,0
10,2015-10-20,23080760,0,Definitivo,SAN ROQUE [23080760],Pluviométrica,Convencional,Activa,Antioquia,San Roque,6.4875,-75.017,820,5/15/1975,,Monchia,Magdalena Cauca,Medio Magdalena,Río Nare,2015,20,Andes,Definitivo,0,0,0,2.17921900749207,2.17921900749207,0,1.86458027362823,0.43993079662323,3.05454540252686,6.04363632202148,5,10,0.869565188884735,0.876811623573303,1,1,58,1.05999994277954,0
10,2016-10-17,23080760,50,Definitivo,SAN ROQUE [23080760],Pluviométrica,Convencional,Activa,Antioquia,San Roque,6.4875,-75.017,820,5/15/1975,,Monchia,Magdalena Cauca,Medio Magdalena,Río Nare,2016,17,Andes,Definitivo,50,50,0,10.5617303848267,10.5617303848267,0,8.61863327026367,1.03698217868805,3.05454540252686,6.04363632202148,5,10,0.869565188884735,0.876811623573303,1,1,58,1.05999994277954,52.9999971389771
10,2017-10-15,23080760,0,Definitivo,SAN ROQUE [23080760],Pluviométrica,Convencional,Activa,Antioquia,San Roque,6.4875,-75.017,820,5/15/1975,,Monchia,Magdalena Cauca,Medio Magdalena,Río Nare,2017,15,Andes,Definitivo,0,0,0,17.4291000366211,17.4291000366211,7.50718307495117,9.09612274169922,6.03432655334473,3.05454540252686,6.04363632202148,5,10,0.869565188884735,0.876811623573303,1,1,57,1.05999994277954,0
10,2018-10-13,23080760,49,Definitivo,SAN ROQUE [23080760],Pluviométrica,Convencional,Activa,Antioquia,San Roque,6.4875,-75.017,820,5/15/1975,,Monchia,Magdalena Cauca,Medio Magdalena,Río Nare,2018,13,Andes,Definitivo,49,49,0,7.34964990615845,7.34964990615845,0,11.0178699493408,4.71505117416382,3.05454540252686,6.04363632202148,5,10,0.869565188884735,0.876811623573303,1,1,57,1.05999994277954,51.9399971961975
10,2019-10-11,23080760,15,Definitivo,SAN ROQUE [23080760],Pluviométrica,Convencional,Activa,Antioquia,San Roque,6.4875,-75.017,820,5/15/1975,,Monchia,Magdalena Cauca,Medio Magdalena,Río Nare,2019,11,Andes,Definitivo,15,15,0,44.826473236084,44.826473236084,25.1557445526123,27.900016784668,18.9261856079102,3.05454540252686,6.04363632202148,5,10,0.869565188884735,0.876811623573303,1,1,57,1.05999994277954,15.8999991416931
10,2020-10-08,23080760,14,Definitivo,SAN ROQUE [23080760],Pluviométrica,Convencional,Activa,Antioquia,San Roque,6.4875,-75.017,820,5/15/1975,,Monchia,Magdalena Cauca,Medio Magdalena,Río Nare,2020,08,Andes,Definitivo,14,14,0,12.9872131347656,12.9872131347656,3.65596079826355,15.9375457763672,2.58409714698792,3.05454540252686,6.04363632202148,5,10,0.869565188884735,0.876811623573303,1,1,56,1.05999994277954,14.8399991989136
10,2021-10-06,23080760,7,Definitivo,SAN ROQUE [23080760],Pluviométrica,Convencional,Activa,Antioquia,San Roque,6.4875,-75.017,820,5/15/1975,,Monchia,Magdalena Cauca,Medio Magdalena,Río Nare,2021,06,Andes,Definitivo,7,7,0,9.92629241943359,9.92629241943359,20.8116893768311,19.2071590423584,12.1907863616943,3.05454540252686,6.04363632202148,5,10,0.869565188884735,0.876811623573303,1,1,56,1.05999994277954,7.41999959945679
10,2022-10-04,23080760,26,Definitivo,SAN ROQUE [23080760],Pluviométrica,Convencional,Activa,Antioquia,San Roque,6.4875,-75.017,820,5/15/1975,,Monchia,Magdalena Cauca,Medio Magdalena,Río Nare,2022,04,Andes,Definitivo,26,26,0,5.62654733657837,5.62654733657837,21.1108417510986,19.9565238952637,12.2844209671021,3.05454540252686,6.04363632202148,5,10,0.869565188884735,0.876811623573303,1,1,55,1.05999994277954,27.5599985122681
10,2017-10-21,23080760,17,Definitivo,SAN ROQUE [23080760],Pluviométrica,Convencional,Activa,Antioquia,San Roque,6.4875,-75.017,820,5/15/1975,,Monchia,Magdalena Cauca,Medio Magdalena,Río Nare,2017,21,Andes,Definitivo,17,17,0,19.7287864685059,19.7287864685059,8.30234241485596,22.2058010101318,22.7006130218506,3.05454540252686,6.04363632202148,5,10,0.869565188884735,0.876811623573303,1,1,59,1.05999994277954,18.0199990272522
10,2003-10-06,23080760,4,Definitivo,SAN ROQUE [23080760],Pluviométrica,Convencional,Activa,Antioquia,San Roque,6.4875,-75.017,820,5/15/1975,,Monchia,Magdalena Cauca,Medio Magdalena,Río Nare,2003,06,Andes,Definitivo,4,4,0,53.9579467773438,53.9579467773438,41.018238067627,13.9505395889282,5.88565731048584,3.05454540252686,6.04363632202148,5,10,0.869565188884735,0.876811623573303,1,1,56,1.05999994277954,4.23999977111816
10,2006-10-04,23080760,71,Definitivo,SAN ROQUE [23080760],Pluviométrica,Convencional,Activa,Antioquia,San Roque,6.4875,-75.017,820,5/15/1975,,Monchia,Magdalena Cauca,Medio Magdalena,Río Nare,2006,04,Andes,Definitivo,71,71,0,23.9094638824463,23.9094638824463,26.0409088134766,23.5793418884277,13.3061046600342,3.05454540252686,6.04363632202148,5,10,0.869565188884735,0.876811623573303,1,1,55,1.05999994277954,75.2599959373474
10,2002-10-24,23080760,30,Definitivo,SAN ROQUE [23080760],Pluviométrica,Convencional,Activa,Antioquia,San Roque,6.4875,-75.017,820,5/15/1975,,Monchia,Magdalena Cauca,Medio Magdalena,Río Nare,2002,24,Andes,Definitivo,30,30,0,19.5250625610352,19.5250625610352,20.9060001373291,17.3215847015381,28.3176651000977,3.05454540252686,6.04363632202148,5,10,0.869565188884735,0.876811623573303,1,1,59,1.05999994277954,31.7999982833862
10,2001-10-25,23080760,0,Definitivo,SAN ROQUE [23080760],Pluviométrica,Convencional,Activa,Antioquia,San Roque,6.4875,-75.017,820,5/15/1975,,Monchia,Magdalena Cauca,Medio Magdalena,Río Nare,2001,25,Andes,Definitivo,0,0,0,1.94534075260162,1.94534075260162,8.68850326538086,3.7983512878418,8.19151782989502,3.05454540252686,6.04363632202148,5,10,0.869565188884735,0.876811623573303,1,1,59,1.05999994277954,0
10,2002-10-23,23080760,10,Definitivo,SAN ROQUE [23080760],Pluviométrica,Convencional,Activa,Antioquia,San Roque,6.4875,-75.017,820,5/15/1975,,Monchia,Magdalena Cauca,Medio Magdalena,Río Nare,2002,23,Andes,Definitivo,10,10,0,1.75606513023376,1.75606513023376,13.9373340606689,22.4860820770264,17.538480758667,3.05454540252686,6.04363632202148,5,10,0.869565188884735,0.876811623573303,1,1,59,1.05999994277954,10.5999994277954
10,2005-10-17,23080760,22,Definitivo,SAN ROQUE [23080760],Pluviométrica,Convencional,Activa,Antioquia,San Roque,6.4875,-75.017,820,5/15/1975,,Monchia,Magdalena Cauca,Medio Magdalena,Río Nare,2005,17,Andes,Definitivo,22,22,0,2.40773415565491,2.40773415565491,10.8664073944092,12.394847869873,5.28267002105713,3.05454540252686,6.04363632202148,5,10,0.869565188884735,0.876811623573303,1,1,58,1.05999994277954,23.3199987411499
10,2004-10-18,23080760,27,Definitivo,SAN ROQUE [23080760],Pluviométrica,Convencional,Activa,Antioquia,San Roque,6.4875,-75.017,820,5/15/1975,,Monchia,Magdalena Cauca,Medio Magdalena,Río Nare,2004,18,Andes,Definitivo,27,27,0,9.77248191833496,9.77248191833496,20.524845123291,15.3647050857544,36.7271575927734,3.05454540252686,6.04363632202148,5,10,0.869565188884735,0.876811623573303,1,1,58,1.05999994277954,28.6199984550476
10,2002-10-19,23080760,2,Definitivo,SAN ROQUE [23080760],Pluviométrica,Convencional,Activa,Antioquia,San Roque,6.4875,-75.017,820,5/15/1975,,Monchia,Magdalena Cauca,Medio Magdalena,Río Nare,2002,19,Andes,Definitivo,2,2,0,0.207376688718796,0.207376688718796,19.2831211090088,5.35987615585327,20.5958576202393,3.05454540252686,6.04363632202148,5,10,0.869565188884735,0.876811623573303,1,1,58,1.05999994277954,2.11999988555908
10,2003-10-17,23080760,5,Definitivo,SAN ROQUE [23080760],Pluviométrica,Convencional,Activa,Antioquia,San Roque,6.4875,-75.017,820,5/15/1975,,Monchia,Magdalena Cauca,Medio Magdalena,Río Nare,2003,17,Andes,Definitivo,5,5,0,0.184423699975014,0.184423699975014,0,13.4466457366943,1.08839750289917,3.05454540252686,6.04363632202148,5,10,0.869565188884735,0.876811623573303,1,1,58,1.05999994277954,5.29999971389771
10,2004-10-14,23080760,,"",SAN ROQUE [23080760],Pluviométrica,Convencional,Activa,Antioquia,San Roque,6.4875,-75.017,820,5/15/1975,,Monchia,Magdalena Cauca,Medio Magdalena,Río Nare,2004,14,Andes,Preliminar,0,0,0,7.2403769493103,7.2403769493103,0,3.78165888786316,16.8353729248047,3.05454540252686,6.04363632202148,5,10,0.869565188884735,0.876811623573303,1,1,57,1.05999994277954,0
10,2001-10-14,23080760,44,Definitivo,SAN ROQUE [23080760],Pluviométrica,Convencional,Activa,Antioquia,San Roque,6.4875,-75.017,820,5/15/1975,,Monchia,Magdalena Cauca,Medio Magdalena,Río Nare,2001,14,Andes,Definitivo,44,44,0,7.4250602722168,7.4250602722168,6.94606018066406,10.7053060531616,13.1104755401611,3.05454540252686,6.04363632202148,5,10,0.869565188884735,0.876811623573303,1,1,57,1.05999994277954,46.6399974822998
10,2004-10-09,23080760,,"",SAN ROQUE [23080760],Pluviométrica,Convencional,Activa,Antioquia,San Roque,6.4875,-75.017,820,5/15/1975,,Monchia,Magdalena Cauca,Medio Magdalena,Río Nare,2004,09,Andes,Preliminar,0,0,0,6.63309764862061,6.63309764862061,0,3.47405862808228,0,3.05454540252686,6.04363632202148,5,10,0.869565188884735,0.876811623573303,1,1,56,1.05999994277954,0
10,2023-10-01,23080760,4,Definitivo,SAN ROQUE [23080760],Pluviométrica,Convencional,Activa,Antioquia,San Roque,6.4875,-75.017,820,5/15/1975,,Monchia,Magdalena Cauca,Medio Magdalena,Río Nare,2023,01,Andes,Definitivo,4,4,0,2.04624485969543,2.04624485969543,19.9416980743408,11.6449356079102,30.9360637664795,3.05454540252686,6.04363632202148,5,10,0.869565188884735,0.876811623573303,1,1,55,1.05999994277954,4.23999977111816
10,2017-10-22,23080760,0,Definitivo,SAN ROQUE [23080760],Pluviométrica,Convencional,Activa,Antioquia,San Roque,6.4875,-75.017,820,5/15/1975,,Monchia,Magdalena Cauca,Medio Magdalena,Río Nare,2017,22,Andes,Definitivo,0,0,0,26.3456134796143,26.3456134796143,12.4535140991211,13.9548091888428,5.29410886764526,3.05454540252686,6.04363632202148,5,10,0.869565188884735,0.876811623573303,1,1,59,1.05999994277954,0
10,2015-10-23,23080760,,"",SAN ROQUE [23080760],Pluviométrica,Convencional,Activa,Antioquia,San Roque,6.4875,-75.017,820,5/15/1975,,Monchia,Magdalena Cauca,Medio Magdalena,Río Nare,2015,23,Andes,Preliminar,0,0,0,4.82327795028687,4.82327795028687,0,9.08779716491699,0.025892810896039,3.05454540252686,6.04363632202148,5,10,0.869565188884735,0.876811623573303,1,1,59,1.05999994277954,0
10,2005-10-08,23080760,5,Definitivo,SAN ROQUE [23080760],Pluviométrica,Convencional,Activa,Antioquia,San Roque,6.4875,-75.017,820,5/15/1975,,Monchia,Magdalena Cauca,Medio Magdalena,Río Nare,2005,08,Andes,Definitivo,5,5,0,9.01195907592773,9.01195907592773,0,4.5417366027832,0.0948315858840942,3.05454540252686,6.04363632202148,5,10,0.869565188884735,0.876811623573303,1,1,56,1.05999994277954,5.29999971389771
10,2008-10-06,23080760,41,Definitivo,SAN ROQUE [23080760],Pluviométrica,Convencional,Activa,Antioquia,San Roque,6.4875,-75.017,820,5/15/1975,,Monchia,Magdalena Cauca,Medio Magdalena,Río Nare,2008,06,Andes,Definitivo,41,41,0,11.8748474121094,11.8748474121094,9.45294380187988,16.3872528076172,9.45385074615479,3.05454540252686,6.04363632202148,5,10,0.869565188884735,0.876811623573303,1,1,56,1.05999994277954,43.4599976539612
10,2008-10-07,23080760,6,Definitivo,SAN ROQUE [23080760],Pluviométrica,Convencional,Activa,Antioquia,San Roque,6.4875,-75.017,820,5/15/1975,,Monchia,Magdalena Cauca,Medio Magdalena,Río Nare,2008,07,Andes,Definitivo,6,6,0,35.7836685180664,35.7836685180664,28.3588256835938,33.4112243652344,22.8718185424805,3.05454540252686,6.04363632202148,5,10,0.869565188884735,0.876811623573303,1,1,56,1.05999994277954,6.35999965667725
10,2013-10-06,23080760,,"",SAN ROQUE [23080760],Pluviométrica,Convencional,Activa,Antioquia,San Roque,6.4875,-75.017,820,5/15/1975,,Monchia,Magdalena Cauca,Medio Magdalena,Río Nare,2013,06,Andes,Preliminar,0,0,0,0.882591307163239,0.882591307163239,0,0.244869217276573,0,3.05454540252686,6.04363632202148,5,10,0.869565188884735,0.876811623573303,1,1,56,1.05999994277954,0
10,2015-10-08,23080760,5,Definitivo,SAN ROQUE [23080760],Pluviométrica,Convencional,Activa,Antioquia,San Roque,6.4875,-75.017,820,5/15/1975,,Monchia,Magdalena Cauca,Medio Magdalena,Río Nare,2015,08,Andes,Definitivo,5,5,0,12.6223964691162,12.6223964691162,0,15.4788017272949,5.07153558731079,3.05454540252686,6.04363632202148,5,10,0.869565188884735,0.876811623573303,1,1,56,1.05999994277954,5.29999971389771
10,2015-10-09,23080760,2,Definitivo,SAN ROQUE [23080760],Pluviométrica,Convencional,Activa,Antioquia,San Roque,6.4875,-75.017,820,5/15/1975,,Monchia,Magdalena Cauca,Medio Magdalena,Río Nare,2015,09,Andes,Definitivo,2,2,0,11.0330200195313,11.0330200195313,47.3397674560547,30.993745803833,37.6634407043457,3.05454540252686,6.04363632202148,5,10,0.869565188884735,0.876811623573303,1,1,56,1.05999994277954,2.11999988555908
10,2014-10-13,23080760,10,Definitivo,SAN ROQUE [23080760],Pluviométrica,Convencional,Activa,Antioquia,San Roque,6.4875,-75.017,820,5/15/1975,,Monchia,Magdalena Cauca,Medio Magdalena,Río Nare,2014,13,Andes,Definitivo,10,10,0,6.30101633071899,6.30101633071899,18.5666694641113,20.0390148162842,30.0798282623291,3.05454540252686,6.04363632202148,5,10,0.869565188884735,0.876811623573303,1,1,57,1.05999994277954,10.5999994277954
10,2013-10-17,23080760,,"",SAN ROQUE [23080760],Pluviométrica,Convencional,Activa,Antioquia,San Roque,6.4875,-75.017,820,5/15/1975,,Monchia,Magdalena Cauca,Medio Magdalena,Río Nare,2013,17,Andes,Preliminar,0,0,0,6.25515604019165,6.25515604019165,7.00735378265381,12.1287660598755,14.8188734054565,3.05454540252686,6.04363632202148,5,10,0.869565188884735,0.876811623573303,1,1,58,1.05999994277954,0
10,2013-10-18,23080760,2,Definitivo,SAN ROQUE [23080760],Pluviométrica,Convencional,Activa,Antioquia,San Roque,6.4875,-75.017,820,5/15/1975,,Monchia,Magdalena Cauca,Medio Magdalena,Río Nare,2013,18,Andes,Definitivo,2,2,0,3.74958801269531,3.74958801269531,0,1.10648047924042,0.142809614539146,3.05454540252686,6.04363632202148,5,10,0.869565188884735,0.876811623573303,1,1,58,1.05999994277954,2.11999988555908
10,2012-10-22,23080760,6,Definitivo,SAN ROQUE [23080760],Pluviométrica,Convencional,Activa,Antioquia,San Roque,6.4875,-75.017,820,5/15/1975,,Monchia,Magdalena Cauca,Medio Magdalena,Río Nare,2012,22,Andes,Definitivo,6,6,0,16.7003059387207,16.7003059387207,20.5643310546875,58.5402717590332,22.1450424194336,3.05454540252686,6.04363632202148,5,10,0.869565188884735,0.876811623573303,1,1,59,1.05999994277954,6.35999965667725
10,2003-10-11,23080760,0,Definitivo,SAN ROQUE [23080760],Pluviométrica,Convencional,Activa,Antioquia,San Roque,6.4875,-75.017,820,5/15/1975,,Monchia,Magdalena Cauca,Medio Magdalena,Río Nare,2003,11,Andes,Definitivo,0,0,0,48.7200698852539,48.7200698852539,12.4928350448608,16.36110496521,6.83559131622315,3.05454540252686,6.04363632202148,5,10,0.869565188884735,0.876811623573303,1,1,57,1.05999994277954,0
10,2002-10-10,23080760,5,Definitivo,SAN ROQUE [23080760],Pluviométrica,Convencional,Activa,Antioquia,San Roque,6.4875,-75.017,820,5/15/1975,,Monchia,Magdalena Cauca,Medio Magdalena,Río Nare,2002,10,Andes,Definitivo,5,5,0,15.9207630157471,15.9207630157471,9.00481510162354,10.1333160400391,0.43860125541687,3.05454540252686,6.04363632202148,5,10,0.869565188884735,0.876811623573303,1,1,56,1.05999994277954,5.29999971389771
10,2002-10-07,23080760,10,Definitivo,SAN ROQUE [23080760],Pluviométrica,Convencional,Activa,Antioquia,San Roque,6.4875,-75.017,820,5/15/1975,,Monchia,Magdalena Cauca,Medio Magdalena,Río Nare,2002,07,Andes,Definitivo,10,10,0,2.26253342628479,2.26253342628479,9.00481510162354,12.8493928909302,38.5395088195801,3.05454540252686,6.04363632202148,5,10,0.869565188884735,0.876811623573303,1,1,56,1.05999994277954,10.5999994277954
10,2016-10-20,23080760,2,Definitivo,SAN ROQUE [23080760],Pluviométrica,Convencional,Activa,Antioquia,San Roque,6.4875,-75.017,820,5/15/1975,,Monchia,Magdalena Cauca,Medio Magdalena,Río Nare,2016,20,Andes,Definitivo,2,2,0,2.97048830986023,2.97048830986023,7.85902738571167,11.5156574249268,2.09304451942444,3.05454540252686,6.04363632202148,5,10,0.869565188884735,0.876811623573303,1,1,58,1.05999994277954,2.11999988555908
10,2019-10-19,23080760,2,Definitivo,SAN ROQUE [23080760],Pluviométrica,Convencional,Activa,Antioquia,San Roque,6.4875,-75.017,820,5/15/1975,,Monchia,Magdalena Cauca,Medio Magdalena,Río Nare,2019,19,Andes,Definitivo,2,2,0,16.8943729400635,16.8943729400635,24.8748016357422,28.2131423950195,37.1810340881348,3.05454540252686,6.04363632202148,5,10,0.869565188884735,0.876811623573303,1,1,58,1.05999994277954,2.11999988555908
10,2015-10-19,23080760,0,Definitivo,SAN ROQUE [23080760],Pluviométrica,Convencional,Activa,Antioquia,San Roque,6.4875,-75.017,820,5/15/1975,,Monchia,Magdalena Cauca,Medio Magdalena,Río Nare,2015,19,Andes,Definitivo,0,0,0,4.08533000946045,4.08533000946045,0,2.03462314605713,0.0589190796017647,3.05454540252686,6.04363632202148,5,10,0.869565188884735,0.876811623573303,1,1,58,1.05999994277954,0
10,2016-10-16,23080760,1,Definitivo,SAN ROQUE [23080760],Pluviométrica,Convencional,Activa,Antioquia,San Roque,6.4875,-75.017,820,5/15/1975,,Monchia,Magdalena Cauca,Medio Magdalena,Río Nare,2016,16,Andes,Definitivo,1,1,0,4.9795560836792,4.9795560836792,23.5770816802979,10.3182249069214,44.2921905517578,3.05454540252686,6.04363632202148,5,10,0.869565188884735,0.876811623573303,1,1,58,1.05999994277954,1.05999994277954
10,2017-10-14,23080760,14,Definitivo,SAN ROQUE [23080760],Pluviométrica,Convencional,Activa,Antioquia,San Roque,6.4875,-75.017,820,5/15/1975,,Monchia,Magdalena Cauca,Medio Magdalena,Río Nare,2017,14,Andes,Definitivo,14,14,0,16.4672966003418,16.4672966003418,7.50718307495117,1.47009789943695,6.35528230667114,3.05454540252686,6.04363632202148,5,10,0.869565188884735,0.876811623573303,1,1,57,1.05999994277954,14.8399991989136
10,2018-10-12,23080760,24,Definitivo,SAN ROQUE [23080760],Pluviométrica,Convencional,Activa,Antioquia,San Roque,6.4875,-75.017,820,5/15/1975,,Monchia,Magdalena Cauca,Medio Magdalena,Río Nare,2018,12,Andes,Definitivo,24,24,0,14.6324272155762,14.6324272155762,21.1906070709229,16.9160861968994,9.20183563232422,3.05454540252686,6.04363632202148,5,10,0.869565188884735,0.876811623573303,1,1,57,1.05999994277954,25.439998626709
10,2019-10-10,23080760,45,Definitivo,SAN ROQUE [23080760],Pluviométrica,Convencional,Activa,Antioquia,San Roque,6.4875,-75.017,820,5/15/1975,,Monchia,Magdalena Cauca,Medio Magdalena,Río Nare,2019,10,Andes,Definitivo,45,45,0,6.42807579040527,6.42807579040527,27.7291889190674,13.1423454284668,53.3137016296387,3.05454540252686,6.04363632202148,5,10,0.869565188884735,0.876811623573303,1,1,56,1.05999994277954,47.6999974250794
10,2020-10-07,23080760,2,Definitivo,SAN ROQUE [23080760],Pluviométrica,Convencional,Activa,Antioquia,San Roque,6.4875,-75.017,820,5/15/1975,,Monchia,Magdalena Cauca,Medio Magdalena,Río Nare,2020,07,Andes,Definitivo,2,2,0,0,0,0,1.76638388633728,0.292769819498062,3.05454540252686,6.04363632202148,5,10,0.869565188884735,0.876811623573303,1,1,56,1.05999994277954,2.11999988555908
10,2021-10-05,23080760,3,Definitivo,SAN ROQUE [23080760],Pluviométrica,Convencional,Activa,Antioquia,San Roque,6.4875,-75.017,820,5/15/1975,,Monchia,Magdalena Cauca,Medio Magdalena,Río Nare,2021,05,Andes,Definitivo,3,3,0,29.5359039306641,29.5359039306641,31.3665981292725,24.6184806823731,24.3359031677246,3.05454540252686,6.04363632202148,5,10,0.869565188884735,0.876811623573303,1,1,55,1.05999994277954,3.17999982833862
10,2022-10-03,23080760,1,Definitivo,SAN ROQUE [23080760],Pluviométrica,Convencional,Activa,Antioquia,San Roque,6.4875,-75.017,820,5/15/1975,,Monchia,Magdalena Cauca,Medio Magdalena,Río Nare,2022,03,Andes,Definitivo,1,1,0,0,0,0,19.9565238952637,0,3.05454540252686,6.04363632202148,5,10,0.869565188884735,0.876811623573303,1,1,55,1.05999994277954,1.05999994277954
10,2013-10-19,23080760,4,Definitivo,SAN ROQUE [23080760],Pluviométrica,Convencional,Activa,Antioquia,San Roque,6.4875,-75.017,820,5/15/1975,,Monchia,Magdalena Cauca,Medio Magdalena,Río Nare,2013,19,Andes,Definitivo,4,4,0,2.49479627609253,2.49479627609253,7.00735378265381,1.30196309089661,7.17659759521484,3.05454540252686,6.04363632202148,5,10,0.869565188884735,0.876811623573303,1,1,58,1.05999994277954,4.23999977111816
10,2015-10-21,23080760,0,Definitivo,SAN ROQUE [23080760],Pluviométrica,Convencional,Activa,Antioquia,San Roque,6.4875,-75.017,820,5/15/1975,,Monchia,Magdalena Cauca,Medio Magdalena,Río Nare,2015,21,Andes,Definitivo,0,0,0,0.0574164465069771,0.0574164465069771,52.7277069091797,4.58699417114258,12.6099472045898,3.05454540252686,6.04363632202148,5,10,0.869565188884735,0.876811623573303,1,1,59,1.05999994277954,0
10,2015-10-22,23080760,,"",SAN ROQUE [23080760],Pluviométrica,Convencional,Activa,Antioquia,San Roque,6.4875,-75.017,820,5/15/1975,,Monchia,Magdalena Cauca,Medio Magdalena,Río Nare,2015,22,Andes,Preliminar,0,0,0,1.05966806411743,1.05966806411743,0,6.22784996032715,0,3.05454540252686,6.04363632202148,5,10,0.869565188884735,0.876811623573303,1,1,59,1.05999994277954,0
10,2004-10-03,23080760,4,Definitivo,SAN ROQUE [23080760],Pluviométrica,Convencional,Activa,Antioquia,San Roque,6.4875,-75.017,820,5/15/1975,,Monchia,Magdalena Cauca,Medio Magdalena,Río Nare,2004,03,Andes,Definitivo,4,4,0,7.77022504806519,7.77022504806519,0,6.09817361831665,1.34555995464325,3.05454540252686,6.04363632202148,5,10,0.869565188884735,0.876811623573303,1,1,55,1.05999994277954,4.23999977111816
10,2006-10-05,23080760,,"",SAN ROQUE [23080760],Pluviométrica,Convencional,Activa,Antioquia,San Roque,6.4875,-75.017,820,5/15/1975,,Monchia,Magdalena Cauca,Medio Magdalena,Río Nare,2006,05,Andes,Preliminar,0,0,0,27.8229598999023,27.8229598999023,13.0204544067383,11.9056196212769,49.3242530822754,3.05454540252686,6.04363632202148,5,10,0.869565188884735,0.876811623573303,1,1,55,1.05999994277954,0
10,2006-10-06,23080760,6,Definitivo,SAN ROQUE [23080760],Pluviométrica,Convencional,Activa,Antioquia,San Roque,6.4875,-75.017,820,5/15/1975,,Monchia,Magdalena Cauca,Medio Magdalena,Río Nare,2006,06,Andes,Definitivo,6,6,0,2.07458305358887,2.07458305358887,0,10.233118057251,0,3.05454540252686,6.04363632202148,5,10,0.869565188884735,0.876811623573303,1,1,56,1.05999994277954,6.35999965667725
10,2001-10-24,23080760,4,Definitivo,SAN ROQUE [23080760],Pluviométrica,Convencional,Activa,Antioquia,San Roque,6.4875,-75.017,820,5/15/1975,,Monchia,Magdalena Cauca,Medio Magdalena,Río Nare,2001,24,Andes,Definitivo,4,4,0,0.256931781768799,0.256931781768799,17.3770065307617,13.4457054138184,24.0008029937744,3.05454540252686,6.04363632202148,5,10,0.869565188884735,0.876811623573303,1,1,59,1.05999994277954,4.23999977111816
10,2003-10-21,23080760,0,Definitivo,SAN ROQUE [23080760],Pluviométrica,Convencional,Activa,Antioquia,San Roque,6.4875,-75.017,820,5/15/1975,,Monchia,Magdalena Cauca,Medio Magdalena,Río Nare,2003,21,Andes,Definitivo,0,0,0,16.6968879699707,16.6968879699707,21.8562450408936,35.6516265869141,24.3183116912842,3.05454540252686,6.04363632202148,5,10,0.869565188884735,0.876811623573303,1,1,59,1.05999994277954,0
10,2003-10-20,23080760,20,Definitivo,SAN ROQUE [23080760],Pluviométrica,Convencional,Activa,Antioquia,San Roque,6.4875,-75.017,820,5/15/1975,,Monchia,Magdalena Cauca,Medio Magdalena,Río Nare,2003,20,Andes,Definitivo,20,20,0,10.5736246109009,10.5736246109009,34.7668533325195,24.7271499633789,14.0025119781494,3.05454540252686,6.04363632202148,5,10,0.869565188884735,0.876811623573303,1,1,58,1.05999994277954,21.1999988555908
10,2004-10-17,23080760,5,Definitivo,SAN ROQUE [23080760],Pluviométrica,Convencional,Activa,Antioquia,San Roque,6.4875,-75.017,820,5/15/1975,,Monchia,Magdalena Cauca,Medio Magdalena,Río Nare,2004,17,Andes,Definitivo,5,5,0,8.69645023345947,8.69645023345947,41.049690246582,28.1245899200439,62.6030578613281,3.05454540252686,6.04363632202148,5,10,0.869565188884735,0.876811623573303,1,1,58,1.05999994277954,5.29999971389771
10,2002-10-18,23080760,33,Definitivo,SAN ROQUE [23080760],Pluviométrica,Convencional,Activa,Antioquia,San Roque,6.4875,-75.017,820,5/15/1975,,Monchia,Magdalena Cauca,Medio Magdalena,Río Nare,2002,18,Andes,Definitivo,33,33,0,20.7672958374023,20.7672958374023,6.42770671844482,9.82975196838379,4.93465709686279,3.05454540252686,6.04363632202148,5,10,0.869565188884735,0.876811623573303,1,1,58,1.05999994277954,34.9799981117249
10,2003-10-16,23080760,26,Definitivo,SAN ROQUE [23080760],Pluviométrica,Convencional,Activa,Antioquia,San Roque,6.4875,-75.017,820,5/15/1975,,Monchia,Magdalena Cauca,Medio Magdalena,Río Nare,2003,16,Andes,Definitivo,26,26,0,3.92412686347961,3.92412686347961,34.7668533325195,15.7555465698242,5.38396549224854,3.05454540252686,6.04363632202148,5,10,0.869565188884735,0.876811623573303,1,1,58,1.05999994277954,27.5599985122681
10,2002-10-15,23080760,,"",SAN ROQUE [23080760],Pluviométrica,Convencional,Activa,Antioquia,San Roque,6.4875,-75.017,820,5/15/1975,,Monchia,Magdalena Cauca,Medio Magdalena,Río Nare,2002,15,Andes,Preliminar,0,0,0,9.37869071960449,9.37869071960449,5.5058388710022,4.24600791931152,0.238248109817505,3.05454540252686,6.04363632202148,5,10,0.869565188884735,0.876811623573303,1,1,57,1.05999994277954,0
10,2020-10-02,23080760,0,Definitivo,SAN ROQUE [23080760],Pluviométrica,Convencional,Activa,Antioquia,San Roque,6.4875,-75.017,820,5/15/1975,,Monchia,Magdalena Cauca,Medio Magdalena,Río Nare,2020,02,Andes,Definitivo,0,0,0,21.2304000854492,21.2304000854492,34.8030242919922,24.7600059509277,30.5872058868408,3.05454540252686,6.04363632202148,5,10,0.869565188884735,0.876811623573303,1,1,55,1.05999994277954,0
10,2002-10-12,23080760,3,Definitivo,SAN ROQUE [23080760],Pluviométrica,Convencional,Activa,Antioquia,San Roque,6.4875,-75.017,820,5/15/1975,,Monchia,Magdalena Cauca,Medio Magdalena,Río Nare,2002,12,Andes,Definitivo,3,3,0,2.412437915802,2.412437915802,0,2.36958622932434,0.167213678359985,3.05454540252686,6.04363632202148,5,10,0.869565188884735,0.876811623573303,1,1,57,1.05999994277954,3.17999982833862
10,2001-10-11,23080760,0.7,Definitivo,SAN ROQUE [23080760],Pluviométrica,Convencional,Activa,Antioquia,San Roque,6.4875,-75.017,820,5/15/1975,,Monchia,Magdalena Cauca,Medio Magdalena,Río Nare,2001,11,Andes,Definitivo,0.7,0.7,0,2.67706251144409,2.67706251144409,13.8921203613281,10.5516986846924,22.3076152801514,3.05454540252686,6.04363632202148,5,10,0.869565188884735,0.876811623573303,1,1,57,1.05999994277954,0.741999959945679
10,2016-10-19,23080760,7,Definitivo,SAN ROQUE [23080760],Pluviométrica,Convencional,Activa,Antioquia,San Roque,6.4875,-75.017,820,5/15/1975,,Monchia,Magdalena Cauca,Medio Magdalena,Río Nare,2016,19,Andes,Definitivo,7,7,0,3.19341278076172,3.19341278076172,0,11.5963087081909,0,3.05454540252686,6.04363632202148,5,10,0.869565188884735,0.876811623573303,1,1,58,1.05999994277954,7.41999959945679
10,2014-10-20,23080760,,"",SAN ROQUE [23080760],Pluviométrica,Convencional,Activa,Antioquia,San Roque,6.4875,-75.017,820,5/15/1975,,Monchia,Magdalena Cauca,Medio Magdalena,Río Nare,2014,20,Andes,Preliminar,0,0,0,16.6456069946289,16.6456069946289,0,14.0622882843018,2.70024919509888,3.05454540252686,6.04363632202148,5,10,0.869565188884735,0.876811623573303,1,1,58,1.05999994277954,0
10,2017-10-18,23080760,0,Definitivo,SAN ROQUE [23080760],Pluviométrica,Convencional,Activa,Antioquia,San Roque,6.4875,-75.017,820,5/15/1975,,Monchia,Magdalena Cauca,Medio Magdalena,Río Nare,2017,18,Andes,Definitivo,0,0,0,0,0,9.01439762115479,0,1.55112338066101,3.05454540252686,6.04363632202148,5,10,0.869565188884735,0.876811623573303,1,1,58,1.05999994277954,0
10,2009-10-04,23080760,2,Definitivo,SAN ROQUE [23080760],Pluviométrica,Convencional,Activa,Antioquia,San Roque,6.4875,-75.017,820,5/15/1975,,Monchia,Magdalena Cauca,Medio Magdalena,Río Nare,2009,04,Andes,Definitivo,2,2,0,25.4188022613525,25.4188022613525,16.7820587158203,9.38654327392578,21.3771953582764,3.05454540252686,6.04363632202148,5,10,0.869565188884735,0.876811623573303,1,1,55,1.05999994277954,2.11999988555908
10,2008-10-08,23080760,27,Definitivo,SAN ROQUE [23080760],Pluviométrica,Convencional,Activa,Antioquia,San Roque,6.4875,-75.017,820,5/15/1975,,Monchia,Magdalena Cauca,Medio Magdalena,Río Nare,2008,08,Andes,Definitivo,27,27,0,1.07410669326782,1.07410669326782,0,10.453164100647,1.06582939624786,3.05454540252686,6.04363632202148,5,10,0.869565188884735,0.876811623573303,1,1,56,1.05999994277954,28.6199984550476
10,2013-10-07,23080760,4,Definitivo,SAN ROQUE [23080760],Pluviométrica,Convencional,Activa,Antioquia,San Roque,6.4875,-75.017,820,5/15/1975,,Monchia,Magdalena Cauca,Medio Magdalena,Río Nare,2013,07,Andes,Definitivo,4,4,0,1.60202932357788,1.60202932357788,0,18.4031944274902,0.0257709808647633,3.05454540252686,6.04363632202148,5,10,0.869565188884735,0.876811623573303,1,1,56,1.05999994277954,4.23999977111816
10,2013-10-08,23080760,18,Definitivo,SAN ROQUE [23080760],Pluviométrica,Convencional,Activa,Antioquia,San Roque,6.4875,-75.017,820,5/15/1975,,Monchia,Magdalena Cauca,Medio Magdalena,Río Nare,2013,08,Andes,Definitivo,18,18,0,7.29226589202881,7.29226589202881,17.9753532409668,16.5739326477051,8.39868354797363,3.05454540252686,6.04363632202148,5,10,0.869565188884735,0.876811623573303,1,1,56,1.05999994277954,19.0799989700317
10,2015-10-10,23080760,21,Definitivo,SAN ROQUE [23080760],Pluviométrica,Convencional,Activa,Antioquia,San Roque,6.4875,-75.017,820,5/15/1975,,Monchia,Magdalena Cauca,Medio Magdalena,Río Nare,2015,10,Andes,Definitivo,21,21,0,21.9678592681885,21.9678592681885,0,22.3967342376709,0.318785637617111,3.05454540252686,6.04363632202148,5,10,0.869565188884735,0.876811623573303,1,1,56,1.05999994277954,22.2599987983704
10,2014-10-14,23080760,16,Definitivo,SAN ROQUE [23080760],Pluviométrica,Convencional,Activa,Antioquia,San Roque,6.4875,-75.017,820,5/15/1975,,Monchia,Magdalena Cauca,Medio Magdalena,Río Nare,2014,14,Andes,Definitivo,16,16,0,3.57913947105408,3.57913947105408,37.1333389282227,12.165530204773,21.8387470245361,3.05454540252686,6.04363632202148,5,10,0.869565188884735,0.876811623573303,1,1,57,1.05999994277954,16.9599990844727
10,2014-10-15,23080760,10,Definitivo,SAN ROQUE [23080760],Pluviométrica,Convencional,Activa,Antioquia,San Roque,6.4875,-75.017,820,5/15/1975,,Monchia,Magdalena Cauca,Medio Magdalena,Río Nare,2014,15,Andes,Definitivo,10,10,0,2.76196074485779,2.76196074485779,9.28333473205566,10.188006401062,4.57375144958496,3.05454540252686,6.04363632202148,5,10,0.869565188884735,0.876811623573303,1,1,57,1.05999994277954,10.5999994277954
10,2001-10-16,23080760,6,Definitivo,SAN ROQUE [23080760],Pluviométrica,Convencional,Activa,Antioquia,San Roque,6.4875,-75.017,820,5/15/1975,,Monchia,Magdalena Cauca,Medio Magdalena,Río Nare,2001,16,Andes,Definitivo,6,6,0,10.910548210144,10.910548210144,29.0126304626465,10.9109764099121,7.73263263702393,3.05454540252686,6.04363632202148,5,10,0.869565188884735,0.876811623573303,1,1,58,1.05999994277954,6.35999965667725
10,2014-10-16,23080760,22,Definitivo,SAN ROQUE [23080760],Pluviométrica,Convencional,Activa,Antioquia,San Roque,6.4875,-75.017,820,5/15/1975,,Monchia,Magdalena Cauca,Medio Magdalena,Río Nare,2014,16,Andes,Definitivo,22,22,0,2.54437327384949,2.54437327384949,21.8163738250732,5.48434209823608,21.8841724395752,3.05454540252686,6.04363632202148,5,10,0.869565188884735,0.876811623573303,1,1,58,1.05999994277954,23.3199987411499
10,2013-10-20,23080760,16,Definitivo,SAN ROQUE [23080760],Pluviométrica,Convencional,Activa,Antioquia,San Roque,6.4875,-75.017,820,5/15/1975,,Monchia,Magdalena Cauca,Medio Magdalena,Río Nare,2013,20,Andes,Definitivo,16,16,0,2.96632957458496,2.96632957458496,0,5.84902954101563,0.280048847198486,3.05454540252686,6.04363632202148,5,10,0.869565188884735,0.876811623573303,1,1,58,1.05999994277954,16.9599990844727
10,2003-10-08,23080760,6,Definitivo,SAN ROQUE [23080760],Pluviométrica,Convencional,Activa,Antioquia,San Roque,6.4875,-75.017,820,5/15/1975,,Monchia,Magdalena Cauca,Medio Magdalena,Río Nare,2003,08,Andes,Definitivo,6,6,0,4.90400886535645,4.90400886535645,0,17.7750625610352,3.74739480018616,3.05454540252686,6.04363632202148,5,10,0.869565188884735,0.876811623573303,1,1,56,1.05999994277954,6.35999965667725
10,2003-10-05,23080760,11,Definitivo,SAN ROQUE [23080760],Pluviométrica,Convencional,Activa,Antioquia,San Roque,6.4875,-75.017,820,5/15/1975,,Monchia,Magdalena Cauca,Medio Magdalena,Río Nare,2003,05,Andes,Definitivo,11,11,0,12.0982446670532,12.0982446670532,27.1545181274414,16.4034461975098,49.5110664367676,3.05454540252686,6.04363632202148,5,10,0.869565188884735,0.876811623573303,1,1,55,1.05999994277954,11.659999370575
10,2004-10-04,23080760,0,Definitivo,SAN ROQUE [23080760],Pluviométrica,Convencional,Activa,Antioquia,San Roque,6.4875,-75.017,820,5/15/1975,,Monchia,Magdalena Cauca,Medio Magdalena,Río Nare,2004,04,Andes,Definitivo,0,0,0,11.4922590255737,11.4922590255737,16.5733814239502,15.0882358551025,38.4157028198242,3.05454540252686,6.04363632202148,5,10,0.869565188884735,0.876811623573303,1,1,55,1.05999994277954,0
10,2016-10-15,23080760,35,Definitivo,SAN ROQUE [23080760],Pluviométrica,Convencional,Activa,Antioquia,San Roque,6.4875,-75.017,820,5/15/1975,,Monchia,Magdalena Cauca,Medio Magdalena,Río Nare,2016,15,Andes,Definitivo,35,35,0,2.25827956199646,2.25827956199646,0,5.70106315612793,1.23340976238251,3.05454540252686,6.04363632202148,5,10,0.869565188884735,0.876811623573303,1,1,57,1.05999994277954,37.0999979972839
10,2017-10-13,23080760,8,Definitivo,SAN ROQUE [23080760],Pluviométrica,Convencional,Activa,Antioquia,San Roque,6.4875,-75.017,820,5/15/1975,,Monchia,Magdalena Cauca,Medio Magdalena,Río Nare,2017,13,Andes,Definitivo,8,8,0,7.88179969787598,7.88179969787598,0,5.91474533081055,2.53850388526917,3.05454540252686,6.04363632202148,5,10,0.869565188884735,0.876811623573303,1,1,57,1.05999994277954,8.47999954223633
10,2018-10-11,23080760,50,Definitivo,SAN ROQUE [23080760],Pluviométrica,Convencional,Activa,Antioquia,San Roque,6.4875,-75.017,820,5/15/1975,,Monchia,Magdalena Cauca,Medio Magdalena,Río Nare,2018,11,Andes,Definitivo,50,50,0,27.9343242645264,27.9343242645264,42.3812141418457,55.8619041442871,85.1458511352539,3.05454540252686,6.04363632202148,5,10,0.869565188884735,0.876811623573303,1,1,57,1.05999994277954,52.9999971389771
10,2019-10-09,23080760,23,Definitivo,SAN ROQUE [23080760],Pluviométrica,Convencional,Activa,Antioquia,San Roque,6.4875,-75.017,820,5/15/1975,,Monchia,Magdalena Cauca,Medio Magdalena,Río Nare,2019,09,Andes,Definitivo,23,23,0,3.10288834571838,3.10288834571838,9.24306297302246,19.3949775695801,0.978276550769806,3.05454540252686,6.04363632202148,5,10,0.869565188884735,0.876811623573303,1,1,56,1.05999994277954,24.3799986839294
10,2020-10-06,23080760,0,Definitivo,SAN ROQUE [23080760],Pluviométrica,Convencional,Activa,Antioquia,San Roque,6.4875,-75.017,820,5/15/1975,,Monchia,Magdalena Cauca,Medio Magdalena,Río Nare,2020,06,Andes,Definitivo,0,0,0,9.84254741668701,9.84254741668701,10.9678821563721,3.56005644798279,13.3825340270996,3.05454540252686,6.04363632202148,5,10,0.869565188884735,0.876811623573303,1,1,56,1.05999994277954,0
10,2021-10-04,23080760,6,Definitivo,SAN ROQUE [23080760],Pluviométrica,Convencional,Activa,Antioquia,San Roque,6.4875,-75.017,820,5/15/1975,,Monchia,Magdalena Cauca,Medio Magdalena,Río Nare,2021,04,Andes,Definitivo,6,6,0,20.4198417663574,20.4198417663574,10.4555320739746,14.4393339157104,14.8945188522339,3.05454540252686,6.04363632202148,5,10,0.869565188884735,0.876811623573303,1,1,55,1.05999994277954,6.35999965667725
10,2022-10-02,23080760,0,Definitivo,SAN ROQUE [23080760],Pluviométrica,Convencional,Activa,Antioquia,San Roque,6.4875,-75.017,820,5/15/1975,,Monchia,Magdalena Cauca,Medio Magdalena,Río Nare,2022,02,Andes,Definitivo,0,0,0,0,0,0,19.9565238952637,7.32035207748413,3.05454540252686,6.04363632202148,5,10,0.869565188884735,0.876811623573303,1,1,55,1.05999994277954,0
10,2015-10-12,23080760,7,Definitivo,SAN ROQUE [23080760],Pluviométrica,Convencional,Activa,Antioquia,San Roque,6.4875,-75.017,820,5/15/1975,,Monchia,Magdalena Cauca,Medio Magdalena,Río Nare,2015,12,Andes,Definitivo,7,7,0,22.2905979156494,22.2905979156494,0,32.9191398620605,0.57204407453537,3.05454540252686,6.04363632202148,5,10,0.869565188884735,0.876811623573303,1,1,57,1.05999994277954,7.41999959945679
10,2001-10-18,23080760,9,Definitivo,SAN ROQUE [23080760],Pluviométrica,Convencional,Activa,Antioquia,San Roque,6.4875,-75.017,820,5/15/1975,,Monchia,Magdalena Cauca,Medio Magdalena,Río Nare,2001,18,Andes,Definitivo,9,9,0,5.07122325897217,5.07122325897217,0,38.6827011108398,27.9394187927246,3.05454540252686,6.04363632202148,5,10,0.869565188884735,0.876811623573303,1,1,58,1.05999994277954,9.53999948501587
10,2003-10-13,23080760,50,Definitivo,SAN ROQUE [23080760],Pluviométrica,Convencional,Activa,Antioquia,San Roque,6.4875,-75.017,820,5/15/1975,,Monchia,Magdalena Cauca,Medio Magdalena,Río Nare,2003,13,Andes,Definitivo,50,50,0,14.1913022994995,14.1913022994995,18.7392520904541,3.96989059448242,15.2739496231079,3.05454540252686,6.04363632202148,5,10,0.869565188884735,0.876811623573303,1,1,57,1.05999994277954,52.9999971389771
10,2016-10-18,23080760,6,Definitivo,SAN ROQUE [23080760],Pluviométrica,Convencional,Activa,Antioquia,San Roque,6.4875,-75.017,820,5/15/1975,,Monchia,Magdalena Cauca,Medio Magdalena,Río Nare,2016,18,Andes,Definitivo,6,6,0,37.6642684936523,37.6642684936523,39.2951393127441,29.1493892669678,23.7759952545166,3.05454540252686,6.04363632202148,5,10,0.869565188884735,0.876811623573303,1,1,58,1.05999994277954,6.35999965667725
10,2014-10-19,23080760,13,Definitivo,SAN ROQUE [23080760],Pluviométrica,Convencional,Activa,Antioquia,San Roque,6.4875,-75.017,820,5/15/1975,,Monchia,Magdalena Cauca,Medio Magdalena,Río Nare,2014,19,Andes,Definitivo,13,13,0,29.0898056030273,29.0898056030273,21.8163738250732,45.7692680358887,38.7229804992676,3.05454540252686,6.04363632202148,5,10,0.869565188884735,0.876811623573303,1,1,58,1.05999994277954,13.779999256134
10,2015-10-17,23080760,4,Definitivo,SAN ROQUE [23080760],Pluviométrica,Convencional,Activa,Antioquia,San Roque,6.4875,-75.017,820,5/15/1975,,Monchia,Magdalena Cauca,Medio Magdalena,Río Nare,2015,17,Andes,Definitivo,4,4,0,1.45814788341522,1.45814788341522,0,5.99131917953491,0.0678160488605499,3.05454540252686,6.04363632202148,5,10,0.869565188884735,0.876811623573303,1,1,58,1.05999994277954,4.23999977111816
10,2004-10-05,23080760,1,Definitivo,SAN ROQUE [23080760],Pluviométrica,Convencional,Activa,Antioquia,San Roque,6.4875,-75.017,820,5/15/1975,,Monchia,Magdalena Cauca,Medio Magdalena,Río Nare,2004,05,Andes,Definitivo,1,1,0,6.83012342453003,6.83012342453003,8.2866907119751,13.0160293579102,0.0316277630627155,3.05454540252686,6.04363632202148,5,10,0.869565188884735,0.876811623573303,1,1,55,1.05999994277954,1.05999994277954
10,2007-10-04,23080760,32,Definitivo,SAN ROQUE [23080760],Pluviométrica,Convencional,Activa,Antioquia,San Roque,6.4875,-75.017,820,5/15/1975,,Monchia,Magdalena Cauca,Medio Magdalena,Río Nare,2007,04,Andes,Definitivo,32,32,0,9.18844032287598,9.18844032287598,19.0698223114014,18.196647644043,1.1997377872467,3.05454540252686,6.04363632202148,5,10,0.869565188884735,0.876811623573303,1,1,55,1.05999994277954,33.9199981689453
10,2002-10-22,23080760,23,Definitivo,SAN ROQUE [23080760],Pluviométrica,Convencional,Activa,Antioquia,San Roque,6.4875,-75.017,820,5/15/1975,,Monchia,Magdalena Cauca,Medio Magdalena,Río Nare,2002,22,Andes,Definitivo,23,23,0,5.92299890518189,5.92299890518189,6.96866703033447,10.5189800262451,6.16936349868774,3.05454540252686,6.04363632202148,5,10,0.869565188884735,0.876811623573303,1,1,59,1.05999994277954,24.3799986839294
10,2001-10-23,23080760,24,Definitivo,SAN ROQUE [23080760],Pluviométrica,Convencional,Activa,Antioquia,San Roque,6.4875,-75.017,820,5/15/1975,,Monchia,Magdalena Cauca,Medio Magdalena,Río Nare,2001,23,Andes,Definitivo,24,24,0,4.6431245803833,4.6431245803833,17.3770065307617,23.0538711547852,18.6459903717041,3.05454540252686,6.04363632202148,5,10,0.869565188884735,0.876811623573303,1,1,59,1.05999994277954,25.439998626709
10,2002-10-21,23080760,3,Definitivo,SAN ROQUE [23080760],Pluviométrica,Convencional,Activa,Antioquia,San Roque,6.4875,-75.017,820,5/15/1975,,Monchia,Magdalena Cauca,Medio Magdalena,Río Nare,2002,21,Andes,Definitivo,3,3,0,23.4985313415527,23.4985313415527,13.9373340606689,10.7131624221802,8.10933780670166,3.05454540252686,6.04363632202148,5,10,0.869565188884735,0.876811623573303,1,1,59,1.05999994277954,3.17999982833862
10,2003-10-19,23080760,3,Definitivo,SAN ROQUE [23080760],Pluviométrica,Convencional,Activa,Antioquia,San Roque,6.4875,-75.017,820,5/15/1975,,Monchia,Magdalena Cauca,Medio Magdalena,Río Nare,2003,19,Andes,Definitivo,3,3,0,11.9158210754395,11.9158210754395,17.3834266662598,26.4850101470947,84.9466323852539,3.05454540252686,6.04363632202148,5,10,0.869565188884735,0.876811623573303,1,1,58,1.05999994277954,3.17999982833862
10,2001-10-19,23080760,56,Definitivo,SAN ROQUE [23080760],Pluviométrica,Convencional,Activa,Antioquia,San Roque,6.4875,-75.017,820,5/15/1975,,Monchia,Magdalena Cauca,Medio Magdalena,Río Nare,2001,19,Andes,Definitivo,56,56,0,4.38167667388916,4.38167667388916,0,3.34430646896362,16.7439804077148,3.05454540252686,6.04363632202148,5,10,0.869565188884735,0.876811623573303,1,1,58,1.05999994277954,59.3599967956543
10,2020-10-01,23080760,15,Definitivo,SAN ROQUE [23080760],Pluviométrica,Convencional,Activa,Antioquia,San Roque,6.4875,-75.017,820,5/15/1975,,Monchia,Magdalena Cauca,Medio Magdalena,Río Nare,2020,01,Andes,Definitivo,15,15,0,4.34345102310181,4.34345102310181,17.4015121459961,6.06117725372315,10.9717292785645,3.05454540252686,6.04363632202148,5,10,0.869565188884735,0.876811623573303,1,1,55,1.05999994277954,15.8999991416931
10,2016-10-08,23080760,12,Definitivo,SAN ROQUE [23080760],Pluviométrica,Convencional,Activa,Antioquia,San Roque,6.4875,-75.017,820,5/15/1975,,Monchia,Magdalena Cauca,Medio Magdalena,Río Nare,2016,08,Andes,Definitivo,12,12,0,4.5372748374939,4.5372748374939,9.70611381530762,22.1701202392578,11.2983741760254,3.05454540252686,6.04363632202148,5,10,0.869565188884735,0.876811623573303,1,1,56,1.05999994277954,12.7199993133545
10,2015-10-13,23080760,28,Definitivo,SAN ROQUE [23080760],Pluviométrica,Convencional,Activa,Antioquia,San Roque,6.4875,-75.017,820,5/15/1975,,Monchia,Magdalena Cauca,Medio Magdalena,Río Nare,2015,13,Andes,Definitivo,28,28,0,4.12569427490234,4.12569427490234,15.4478340148926,20.0731182098389,5.99562406539917,3.05454540252686,6.04363632202148,5,10,0.869565188884735,0.876811623573303,1,1,57,1.05999994277954,29.6799983978272
10,2003-10-10,23080760,26,Definitivo,SAN ROQUE [23080760],Pluviométrica,Convencional,Activa,Antioquia,San Roque,6.4875,-75.017,820,5/15/1975,,Monchia,Magdalena Cauca,Medio Magdalena,Río Nare,2003,10,Andes,Definitivo,26,26,0,14.393404006958,14.393404006958,0,27.2957649230957,24.4578742980957,3.05454540252686,6.04363632202148,5,10,0.869565188884735,0.876811623573303,1,1,56,1.05999994277954,27.5599985122681
10,2002-10-09,23080760,6,Definitivo,SAN ROQUE [23080760],Pluviométrica,Convencional,Activa,Antioquia,San Roque,6.4875,-75.017,820,5/15/1975,,Monchia,Magdalena Cauca,Medio Magdalena,Río Nare,2002,09,Andes,Definitivo,6,6,0,15.3810758590698,15.3810758590698,0,10.3312368392944,3.43864178657532,3.05454540252686,6.04363632202148,5,10,0.869565188884735,0.876811623573303,1,1,56,1.05999994277954,6.35999965667725
10,2001-10-08,23080760,0,Definitivo,SAN ROQUE [23080760],Pluviométrica,Convencional,Activa,Antioquia,San Roque,6.4875,-75.017,820,5/15/1975,,Monchia,Magdalena Cauca,Medio Magdalena,Río Nare,2001,08,Andes,Definitivo,0,0,0,26.3237171173096,26.3237171173096,0,16.3078994750977,0.781687736511231,3.05454540252686,6.04363632202148,5,10,0.869565188884735,0.876811623573303,1,1,56,1.05999994277954,0
10,2015-10-18,23080760,0,Definitivo,SAN ROQUE [23080760],Pluviométrica,Convencional,Activa,Antioquia,San Roque,6.4875,-75.017,820,5/15/1975,,Monchia,Magdalena Cauca,Medio Magdalena,Río Nare,2015,18,Andes,Definitivo,0,0,0,4.73156929016113,4.73156929016113,33.5938453674316,9.11374187469482,6.32685041427612,3.05454540252686,6.04363632202148,5,10,0.869565188884735,0.876811623573303,1,1,58,1.05999994277954,0
10,2017-10-12,23080760,1,Definitivo,SAN ROQUE [23080760],Pluviométrica,Convencional,Activa,Antioquia,San Roque,6.4875,-75.017,820,5/15/1975,,Monchia,Magdalena Cauca,Medio Magdalena,Río Nare,2017,12,Andes,Definitivo,1,1,0,4.22611474990845,4.22611474990845,0,0.609280526638031,0.0268419068306685,3.05454540252686,6.04363632202148,5,10,0.869565188884735,0.876811623573303,1,1,57,1.05999994277954,1.05999994277954
10,2009-10-05,23080760,0,Definitivo,SAN ROQUE [23080760],Pluviométrica,Convencional,Activa,Antioquia,San Roque,6.4875,-75.017,820,5/15/1975,,Monchia,Magdalena Cauca,Medio Magdalena,Río Nare,2009,05,Andes,Definitivo,0,0,0,5.26862478256226,5.26862478256226,5.59401941299439,12.9095039367676,0.294742941856384,3.05454540252686,6.04363632202148,5,10,0.869565188884735,0.876811623573303,1,1,55,1.05999994277954,0
10,2011-10-07,23080760,16,Definitivo,SAN ROQUE [23080760],Pluviométrica,Convencional,Activa,Antioquia,San Roque,6.4875,-75.017,820,5/15/1975,,Monchia,Magdalena Cauca,Medio Magdalena,Río Nare,2011,07,Andes,Definitivo,16,16,0,17.1455097198486,17.1455097198486,33.466194152832,16.7151584625244,45.041446685791,3.05454540252686,6.04363632202148,5,10,0.869565188884735,0.876811623573303,1,1,56,1.05999994277954,16.9599990844727
10,2011-10-08,23080760,3,Definitivo,SAN ROQUE [23080760],Pluviométrica,Convencional,Activa,Antioquia,San Roque,6.4875,-75.017,820,5/15/1975,,Monchia,Magdalena Cauca,Medio Magdalena,Río Nare,2011,08,Andes,Definitivo,3,3,0,28.5171718597412,28.5171718597412,22.3107948303223,9.95628261566162,49.7116394042969,3.05454540252686,6.04363632202148,5,10,0.869565188884735,0.876811623573303,1,1,56,1.05999994277954,3.17999982833862
10,2016-10-06,23080760,26,Definitivo,SAN ROQUE [23080760],Pluviométrica,Convencional,Activa,Antioquia,San Roque,6.4875,-75.017,820,5/15/1975,,Monchia,Magdalena Cauca,Medio Magdalena,Río Nare,2016,06,Andes,Definitivo,26,26,0,11.0453615188599,11.0453615188599,9.70611381530762,16.1911792755127,8.58754825592041,3.05454540252686,6.04363632202148,5,10,0.869565188884735,0.876811623573303,1,1,56,1.05999994277954,27.5599985122681
10,2015-10-11,23080760,8,Definitivo,SAN ROQUE [23080760],Pluviométrica,Convencional,Activa,Antioquia,San Roque,6.4875,-75.017,820,5/15/1975,,Monchia,Magdalena Cauca,Medio Magdalena,Río Nare,2015,11,Andes,Definitivo,8,8,0,2.88051390647888,2.88051390647888,61.7913360595703,16.7690086364746,35.9267692565918,3.05454540252686,6.04363632202148,5,10,0.869565188884735,0.876811623573303,1,1,57,1.05999994277954,8.47999954223633
10,2003-10-18,23080760,75,Definitivo,SAN ROQUE [23080760],Pluviométrica,Convencional,Activa,Antioquia,San Roque,6.4875,-75.017,820,5/15/1975,,Monchia,Magdalena Cauca,Medio Magdalena,Río Nare,2003,18,Andes,Definitivo,75,75,0,18.0530319213867,18.0530319213867,0,29.9245986938477,4.91743326187134,3.05454540252686,6.04363632202148,5,10,0.869565188884735,0.876811623573303,1,1,58,1.05999994277954,79.4999957084656
10,2001-10-20,23080760,9,Definitivo,SAN ROQUE [23080760],Pluviométrica,Convencional,Activa,Antioquia,San Roque,6.4875,-75.017,820,5/15/1975,,Monchia,Magdalena Cauca,Medio Magdalena,Río Nare,2001,20,Andes,Definitivo,9,9,0,6.72962665557861,6.72962665557861,29.0126304626465,7.19457530975342,9.82507610321045,3.05454540252686,6.04363632202148,5,10,0.869565188884735,0.876811623573303,1,1,58,1.05999994277954,9.53999948501587
10,2001-10-17,23080760,16,Definitivo,SAN ROQUE [23080760],Pluviométrica,Convencional,Activa,Antioquia,San Roque,6.4875,-75.017,820,5/15/1975,,Monchia,Magdalena Cauca,Medio Magdalena,Río Nare,2001,17,Andes,Definitivo,16,16,0,13.3719682693481,13.3719682693481,0,12.7886514663696,10.6801090240479,3.05454540252686,6.04363632202148,5,10,0.869565188884735,0.876811623573303,1,1,58,1.05999994277954,16.9599990844727
10,2014-10-17,23080760,24,Definitivo,SAN ROQUE [23080760],Pluviométrica,Convencional,Activa,Antioquia,San Roque,6.4875,-75.017,820,5/15/1975,,Monchia,Magdalena Cauca,Medio Magdalena,Río Nare,2014,17,Andes,Definitivo,24,24,0,6.04078912734985,6.04078912734985,32.7245635986328,12.7651014328003,19.1454200744629,3.05454540252686,6.04363632202148,5,10,0.869565188884735,0.876811623573303,1,1,58,1.05999994277954,25.439998626709
10,2014-10-18,23080760,62,Definitivo,SAN ROQUE [23080760],Pluviométrica,Convencional,Activa,Antioquia,San Roque,6.4875,-75.017,820,5/15/1975,,Monchia,Magdalena Cauca,Medio Magdalena,Río Nare,2014,18,Andes,Definitivo,62,62,0,11.4779787063599,11.4779787063599,21.8163738250732,27.4690322875977,23.0972290039063,3.05454540252686,6.04363632202148,5,10,0.869565188884735,0.876811623573303,1,1,58,1.05999994277954,65.7199964523316
10,2015-10-16,23080760,0,Definitivo,SAN ROQUE [23080760],Pluviométrica,Convencional,Activa,Antioquia,San Roque,6.4875,-75.017,820,5/15/1975,,Monchia,Magdalena Cauca,Medio Magdalena,Río Nare,2015,16,Andes,Definitivo,0,0,0,53.3442878723145,53.3442878723145,44.7917938232422,13.1776437759399,25.2883930206299,3.05454540252686,6.04363632202148,5,10,0.869565188884735,0.876811623573303,1,1,58,1.05999994277954,0
10,2002-10-04,23080760,,"",SAN ROQUE [23080760],Pluviométrica,Convencional,Activa,Antioquia,San Roque,6.4875,-75.017,820,5/15/1975,,Monchia,Magdalena Cauca,Medio Magdalena,Río Nare,2002,04,Andes,Preliminar,0,0,0,0,0,0,1.19444620609283,0.261290371417999,3.05454540252686,6.04363632202148,5,10,0.869565188884735,0.876811623573303,1,1,55,1.05999994277954,0
10,2002-10-05,23080760,0,Definitivo,SAN ROQUE [23080760],Pluviométrica,Convencional,Activa,Antioquia,San Roque,6.4875,-75.017,820,5/15/1975,,Monchia,Magdalena Cauca,Medio Magdalena,Río Nare,2002,05,Andes,Definitivo,0,0,0,2.08038401603699,2.08038401603699,0,6.07184791564941,0.115553751587868,3.05454540252686,6.04363632202148,5,10,0.869565188884735,0.876811623573303,1,1,55,1.05999994277954,0
10,2018-10-10,23080760,84,Definitivo,SAN ROQUE [23080760],Pluviométrica,Convencional,Activa,Antioquia,San Roque,6.4875,-75.017,820,5/15/1975,,Monchia,Magdalena Cauca,Medio Magdalena,Río Nare,2018,10,Andes,Definitivo,84,84,0,17.4249629974365,17.4249629974365,7.26525020599365,45.2268981933594,61.6667518615723,3.05454540252686,6.04363632202148,5,10,0.869565188884735,0.876811623573303,1,1,56,1.05999994277954,89.0399951934815
10,2019-10-08,23080760,0,Definitivo,SAN ROQUE [23080760],Pluviométrica,Convencional,Activa,Antioquia,San Roque,6.4875,-75.017,820,5/15/1975,,Monchia,Magdalena Cauca,Medio Magdalena,Río Nare,2019,08,Andes,Definitivo,0,0,0,7.08971452713013,7.08971452713013,9.24306297302246,6.98974084854126,15.996190071106,3.05454540252686,6.04363632202148,5,10,0.869565188884735,0.876811623573303,1,1,56,1.05999994277954,0
10,2020-10-05,23080760,33,Definitivo,SAN ROQUE [23080760],Pluviométrica,Convencional,Activa,Antioquia,San Roque,6.4875,-75.017,820,5/15/1975,,Monchia,Magdalena Cauca,Medio Magdalena,Río Nare,2020,05,Andes,Definitivo,33,33,0,6.20748662948608,6.20748662948608,17.4015121459961,42.6768646240234,11.9595127105713,3.05454540252686,6.04363632202148,5,10,0.869565188884735,0.876811623573303,1,1,55,1.05999994277954,34.9799981117249
10,2021-10-03,23080760,2,Definitivo,SAN ROQUE [23080760],Pluviométrica,Convencional,Activa,Antioquia,San Roque,6.4875,-75.017,820,5/15/1975,,Monchia,Magdalena Cauca,Medio Magdalena,Río Nare,2021,03,Andes,Definitivo,2,2,0,9.0739631652832,9.0739631652832,10.4555320739746,18.0768337249756,12.0879001617432,3.05454540252686,6.04363632202148,5,10,0.869565188884735,0.876811623573303,1,1,55,1.05999994277954,2.11999988555908
10,2022-10-01,23080760,3,Definitivo,SAN ROQUE [23080760],Pluviométrica,Convencional,Activa,Antioquia,San Roque,6.4875,-75.017,820,5/15/1975,,Monchia,Magdalena Cauca,Medio Magdalena,Río Nare,2022,01,Andes,Definitivo,3,3,0,32.2443008422852,32.2443008422852,10.5554208755493,19.9565238952637,33.7301979064941,3.05454540252686,6.04363632202148,5,10,0.869565188884735,0.876811623573303,1,1,55,1.05999994277954,3.17999982833862
10,2016-10-07,23080760,6,Definitivo,SAN ROQUE [23080760],Pluviométrica,Convencional,Activa,Antioquia,San Roque,6.4875,-75.017,820,5/15/1975,,Monchia,Magdalena Cauca,Medio Magdalena,Río Nare,2016,07,Andes,Definitivo,6,6,0,27.1118907928467,27.1118907928467,0,20.6023807525635,9.84595775604248,3.05454540252686,6.04363632202148,5,10,0.869565188884735,0.876811623573303,1,1,56,1.05999994277954,6.35999965667725
10,2014-10-07,23080760,38,Definitivo,SAN ROQUE [23080760],Pluviométrica,Convencional,Activa,Antioquia,San Roque,6.4875,-75.017,820,5/15/1975,,Monchia,Magdalena Cauca,Medio Magdalena,Río Nare,2014,07,Andes,Definitivo,38,38,0,2.424147605896,2.424147605896,40.9585418701172,17.6097640991211,57.3952369689942,3.05454540252686,6.04363632202148,5,10,0.869565188884735,0.876811623573303,1,1,56,1.05999994277954,40.2799978256226
10,2014-10-08,23080760,90,Definitivo,SAN ROQUE [23080760],Pluviométrica,Convencional,Activa,Antioquia,San Roque,6.4875,-75.017,820,5/15/1975,,Monchia,Magdalena Cauca,Medio Magdalena,Río Nare,2014,08,Andes,Definitivo,90,90,0,11.7866220474243,11.7866220474243,13.6528472900391,30.6610450744629,14.6966667175293,3.05454540252686,6.04363632202148,5,10,0.869565188884735,0.876811623573303,1,1,56,1.05999994277954,95.3999948501587
10,2001-10-15,23080760,20,Definitivo,SAN ROQUE [23080760],Pluviométrica,Convencional,Activa,Antioquia,San Roque,6.4875,-75.017,820,5/15/1975,,Monchia,Magdalena Cauca,Medio Magdalena,Río Nare,2001,15,Andes,Definitivo,20,20,0,28.7405395507813,28.7405395507813,13.8921203613281,31.8814163208008,13.7982816696167,3.05454540252686,6.04363632202148,5,10,0.869565188884735,0.876811623573303,1,1,57,1.05999994277954,21.1999988555908
10,2001-10-13,23080760,0,Definitivo,SAN ROQUE [23080760],Pluviométrica,Convencional,Activa,Antioquia,San Roque,6.4875,-75.017,820,5/15/1975,,Monchia,Magdalena Cauca,Medio Magdalena,Río Nare,2001,13,Andes,Definitivo,0,0,0,7.22301721572876,7.22301721572876,13.8921203613281,5.58042573928833,9.07269096374512,3.05454540252686,6.04363632202148,5,10,0.869565188884735,0.876811623573303,1,1,57,1.05999994277954,0
10,2001-10-10,23080760,22,Definitivo,SAN ROQUE [23080760],Pluviométrica,Convencional,Activa,Antioquia,San Roque,6.4875,-75.017,820,5/15/1975,,Monchia,Magdalena Cauca,Medio Magdalena,Río Nare,2001,10,Andes,Definitivo,22,22,0,19.9395561218262,19.9395561218262,66.543342590332,48.4831695556641,66.4425048828125,3.05454540252686,6.04363632202148,5,10,0.869565188884735,0.876811623573303,1,1,56,1.05999994277954,23.3199987411499
10,2016-10-13,23080760,2,Definitivo,SAN ROQUE [23080760],Pluviométrica,Convencional,Activa,Antioquia,San Roque,6.4875,-75.017,820,5/15/1975,,Monchia,Magdalena Cauca,Medio Magdalena,Río Nare,2016,13,Andes,Definitivo,2,2,0,3.47121286392212,3.47121286392212,0,13.3593349456787,1.55147349834442,3.05454540252686,6.04363632202148,5,10,0.869565188884735,0.876811623573303,1,1,57,1.05999994277954,2.11999988555908
10,2016-10-14,23080760,32,Definitivo,SAN ROQUE [23080760],Pluviométrica,Convencional,Activa,Antioquia,San Roque,6.4875,-75.017,820,5/15/1975,,Monchia,Magdalena Cauca,Medio Magdalena,Río Nare,2016,14,Andes,Definitivo,32,32,0,7.94961881637573,7.94961881637573,26.5126094818115,18.4731254577637,50.9522514343262,3.05454540252686,6.04363632202148,5,10,0.869565188884735,0.876811623573303,1,1,57,1.05999994277954,33.9199981689453
10,2002-10-06,23080760,25,Definitivo,SAN ROQUE [23080760],Pluviométrica,Convencional,Activa,Antioquia,San Roque,6.4875,-75.017,820,5/15/1975,,Monchia,Magdalena Cauca,Medio Magdalena,Río Nare,2002,06,Andes,Definitivo,25,25,0,0.228329092264175,0.228329092264175,18.0096302032471,13.1663579940796,5.46622371673584,3.05454540252686,6.04363632202148,5,10,0.869565188884735,0.876811623573303,1,1,56,1.05999994277954,26.4999985694885
10,2007-10-05,23080760,20,Definitivo,SAN ROQUE [23080760],Pluviométrica,Convencional,Activa,Antioquia,San Roque,6.4875,-75.017,820,5/15/1975,,Monchia,Magdalena Cauca,Medio Magdalena,Río Nare,2007,05,Andes,Definitivo,20,20,0,21.3035697937012,21.3035697937012,28.6047344207764,24.0195407867432,17.340425491333,3.05454540252686,6.04363632202148,5,10,0.869565188884735,0.876811623573303,1,1,55,1.05999994277954,21.1999988555908
10,2012-10-03,23080760,2,Definitivo,SAN ROQUE [23080760],Pluviométrica,Convencional,Activa,Antioquia,San Roque,6.4875,-75.017,820,5/15/1975,,Monchia,Magdalena Cauca,Medio Magdalena,Río Nare,2012,03,Andes,Definitivo,2,2,0,44.0175590515137,44.0175590515137,4.81530237197876,10.5574216842651,16.6432323455811,3.05454540252686,6.04363632202148,5,10,0.869565188884735,0.876811623573303,1,1,55,1.05999994277954,2.11999988555908
10,2001-10-22,23080760,55,Definitivo,SAN ROQUE [23080760],Pluviométrica,Convencional,Activa,Antioquia,San Roque,6.4875,-75.017,820,5/15/1975,,Monchia,Magdalena Cauca,Medio Magdalena,Río Nare,2001,22,Andes,Definitivo,55,55,0,30.1160755157471,30.1160755157471,17.3770065307617,21.0395393371582,26.5518932342529,3.05454540252686,6.04363632202148,5,10,0.869565188884735,0.876811623573303,1,1,59,1.05999994277954,58.2999968528748
10,2002-10-20,23080760,46,Definitivo,SAN ROQUE [23080760],Pluviométrica,Convencional,Activa,Antioquia,San Roque,6.4875,-75.017,820,5/15/1975,,Monchia,Magdalena Cauca,Medio Magdalena,Río Nare,2002,20,Andes,Definitivo,46,46,0,14.8126211166382,14.8126211166382,12.8554134368897,18.7839488983154,31.5217475891113,3.05454540252686,6.04363632202148,5,10,0.869565188884735,0.876811623573303,1,1,58,1.05999994277954,48.7599973678589
10,2017-10-03,23080760,12,Definitivo,SAN ROQUE [23080760],Pluviométrica,Convencional,Activa,Antioquia,San Roque,6.4875,-75.017,820,5/15/1975,,Monchia,Magdalena Cauca,Medio Magdalena,Río Nare,2017,03,Andes,Definitivo,12,12,0,14.3983058929443,14.3983058929443,22.0301170349121,12.8808403015137,5.29788112640381,3.05454540252686,6.04363632202148,5,10,0.869565188884735,0.876811623573303,1,1,55,1.05999994277954,12.7199993133545
10,2010-10-05,23080760,34,Definitivo,SAN ROQUE [23080760],Pluviométrica,Convencional,Activa,Antioquia,San Roque,6.4875,-75.017,820,5/15/1975,,Monchia,Magdalena Cauca,Medio Magdalena,Río Nare,2010,05,Andes,Definitivo,34,34,0,15.7283344268799,15.7283344268799,16.0622291564941,8.29688549041748,25.6926612854004,3.05454540252686,6.04363632202148,5,10,0.869565188884735,0.876811623573303,1,1,55,1.05999994277954,36.0399980545044
10,2015-10-04,23080760,6,Definitivo,SAN ROQUE [23080760],Pluviométrica,Convencional,Activa,Antioquia,San Roque,6.4875,-75.017,820,5/15/1975,,Monchia,Magdalena Cauca,Medio Magdalena,Río Nare,2015,04,Andes,Definitivo,6,6,0,0.770809769630432,0.770809769630432,0,2.64497971534729,0,3.05454540252686,6.04363632202148,5,10,0.869565188884735,0.876811623573303,1,1,55,1.05999994277954,6.35999965667725
10,2016-10-09,23080760,30,Definitivo,SAN ROQUE [23080760],Pluviométrica,Convencional,Activa,Antioquia,San Roque,6.4875,-75.017,820,5/15/1975,,Monchia,Magdalena Cauca,Medio Magdalena,Río Nare,2016,09,Andes,Definitivo,30,30,0,19.619779586792,19.619779586792,19.4122276306152,15.44873046875,4.99651336669922,3.05454540252686,6.04363632202148,5,10,0.869565188884735,0.876811623573303,1,1,56,1.05999994277954,31.7999982833862
10,2015-10-14,23080760,2,Definitivo,SAN ROQUE [23080760],Pluviométrica,Convencional,Activa,Antioquia,San Roque,6.4875,-75.017,820,5/15/1975,,Monchia,Magdalena Cauca,Medio Magdalena,Río Nare,2015,14,Andes,Definitivo,2,2,0,15.799617767334,15.799617767334,30.8956680297852,25.2260990142822,28.9033184051514,3.05454540252686,6.04363632202148,5,10,0.869565188884735,0.876811623573303,1,1,57,1.05999994277954,2.11999988555908
10,2015-10-15,23080760,80,Definitivo,SAN ROQUE [23080760],Pluviométrica,Convencional,Activa,Antioquia,San Roque,6.4875,-75.017,820,5/15/1975,,Monchia,Magdalena Cauca,Medio Magdalena,Río Nare,2015,15,Andes,Definitivo,80,80,0,17.544921875,17.544921875,0,22.2326507568359,45.8222618103027,3.05454540252686,6.04363632202148,5,10,0.869565188884735,0.876811623573303,1,1,57,1.05999994277954,84.7999954223633
10,2003-10-07,23080760,12,Definitivo,SAN ROQUE [23080760],Pluviométrica,Convencional,Activa,Antioquia,San Roque,6.4875,-75.017,820,5/15/1975,,Monchia,Magdalena Cauca,Medio Magdalena,Río Nare,2003,07,Andes,Definitivo,12,12,0,2.6459481716156,2.6459481716156,41.018238067627,14.6125316619873,21.7868309020996,3.05454540252686,6.04363632202148,5,10,0.869565188884735,0.876811623573303,1,1,56,1.05999994277954,12.7199993133545
10,2001-10-05,23080760,28,Definitivo,SAN ROQUE [23080760],Pluviométrica,Convencional,Activa,Antioquia,San Roque,6.4875,-75.017,820,5/15/1975,,Monchia,Magdalena Cauca,Medio Magdalena,Río Nare,2001,05,Andes,Definitivo,28,28,0,0,0,42.4567108154297,16.3454494476318,66.720329284668,3.05454540252686,6.04363632202148,5,10,0.869565188884735,0.876811623573303,1,1,55,1.05999994277954,29.6799983978272
10,2018-10-09,23080760,42,Definitivo,SAN ROQUE [23080760],Pluviométrica,Convencional,Activa,Antioquia,San Roque,6.4875,-75.017,820,5/15/1975,,Monchia,Magdalena Cauca,Medio Magdalena,Río Nare,2018,09,Andes,Definitivo,42,42,0,3.45059370994568,3.45059370994568,29.0610008239746,21.5013313293457,39.5971794128418,3.05454540252686,6.04363632202148,5,10,0.869565188884735,0.876811623573303,1,1,56,1.05999994277954,44.5199975967407
10,2019-10-07,23080760,15,Definitivo,SAN ROQUE [23080760],Pluviométrica,Convencional,Activa,Antioquia,San Roque,6.4875,-75.017,820,5/15/1975,,Monchia,Magdalena Cauca,Medio Magdalena,Río Nare,2019,07,Andes,Definitivo,15,15,0,16.5652904510498,16.5652904510498,9.24306297302246,11.5435009002686,4.19662618637085,3.05454540252686,6.04363632202148,5,10,0.869565188884735,0.876811623573303,1,1,56,1.05999994277954,15.8999991416931
10,2020-10-04,23080760,9,Definitivo,SAN ROQUE [23080760],Pluviométrica,Convencional,Activa,Antioquia,San Roque,6.4875,-75.017,820,5/15/1975,,Monchia,Magdalena Cauca,Medio Magdalena,Río Nare,2020,04,Andes,Definitivo,9,9,0,13.9203042984009,13.9203042984009,17.4015121459961,29.7317924499512,52.2730522155762,3.05454540252686,6.04363632202148,5,10,0.869565188884735,0.876811623573303,1,1,55,1.05999994277954,9.53999948501587
10,2012-10-04,23080760,0,Definitivo,SAN ROQUE [23080760],Pluviométrica,Convencional,Activa,Antioquia,San Roque,6.4875,-75.017,820,5/15/1975,,Monchia,Magdalena Cauca,Medio Magdalena,Río Nare,2012,04,Andes,Definitivo,0,0,0,8.2628059387207,8.2628059387207,4.81530237197876,14.8399391174316,7.96905851364136,3.05454540252686,6.04363632202148,5,10,0.869565188884735,0.876811623573303,1,1,55,1.05999994277954,0
10,2011-10-09,23080760,16,Definitivo,SAN ROQUE [23080760],Pluviométrica,Convencional,Activa,Antioquia,San Roque,6.4875,-75.017,820,5/15/1975,,Monchia,Magdalena Cauca,Medio Magdalena,Río Nare,2011,09,Andes,Definitivo,16,16,0,16.2997531890869,16.2997531890869,11.1553974151611,84.2024002075195,6.70489740371704,3.05454540252686,6.04363632202148,5,10,0.869565188884735,0.876811623573303,1,1,56,1.05999994277954,16.9599990844727
10,2001-10-21,23080760,20,Definitivo,SAN ROQUE [23080760],Pluviométrica,Convencional,Activa,Antioquia,San Roque,6.4875,-75.017,820,5/15/1975,,Monchia,Magdalena Cauca,Medio Magdalena,Río Nare,2001,21,Andes,Definitivo,20,20,0,22.7384605407715,22.7384605407715,8.68850326538086,19.3650779724121,3.31234407424927,3.05454540252686,6.04363632202148,5,10,0.869565188884735,0.876811623573303,1,1,59,1.05999994277954,21.1999988555908
10,2006-10-03,23080760,16,Definitivo,SAN ROQUE [23080760],Pluviométrica,Convencional,Activa,Antioquia,San Roque,6.4875,-75.017,820,5/15/1975,,Monchia,Magdalena Cauca,Medio Magdalena,Río Nare,2006,03,Andes,Definitivo,16,16,0,3.19935441017151,3.19935441017151,14.8805208206177,21.571310043335,6.05760431289673,3.05454540252686,6.04363632202148,5,10,0.869565188884735,0.876811623573303,1,1,55,1.05999994277954,16.9599990844727
10,2008-10-04,23080760,6,Definitivo,SAN ROQUE [23080760],Pluviométrica,Convencional,Activa,Antioquia,San Roque,6.4875,-75.017,820,5/15/1975,,Monchia,Magdalena Cauca,Medio Magdalena,Río Nare,2008,04,Andes,Definitivo,6,6,0,40.3264923095703,40.3264923095703,14.0759201049805,11.6998767852783,8.72461318969727,3.05454540252686,6.04363632202148,5,10,0.869565188884735,0.876811623573303,1,1,55,1.05999994277954,6.35999965667725
10,2015-10-05,23080760,2,Definitivo,SAN ROQUE [23080760],Pluviométrica,Convencional,Activa,Antioquia,San Roque,6.4875,-75.017,820,5/15/1975,,Monchia,Magdalena Cauca,Medio Magdalena,Río Nare,2015,05,Andes,Definitivo,2,2,0,0.661339998245239,0.661339998245239,29.3773612976074,2.2401750087738,6.23457765579224,3.05454540252686,6.04363632202148,5,10,0.869565188884735,0.876811623573303,1,1,55,1.05999994277954,2.11999988555908
10,2003-10-15,23080760,0.2,Definitivo,SAN ROQUE [23080760],Pluviométrica,Convencional,Activa,Antioquia,San Roque,6.4875,-75.017,820,5/15/1975,,Monchia,Magdalena Cauca,Medio Magdalena,Río Nare,2003,15,Andes,Definitivo,0.2,0.2,0,3.2058048248291,3.2058048248291,24.9856700897217,40.0091896057129,46.0198402404785,3.05454540252686,6.04363632202148,5,10,0.869565188884735,0.876811623573303,1,1,57,1.05999994277954,0.211999988555908
10,2003-10-12,23080760,11,Definitivo,SAN ROQUE [23080760],Pluviométrica,Convencional,Activa,Antioquia,San Roque,6.4875,-75.017,820,5/15/1975,,Monchia,Magdalena Cauca,Medio Magdalena,Río Nare,2003,12,Andes,Definitivo,11,11,0,4.4105339050293,4.4105339050293,0,7.15288591384888,0.555167853832245,3.05454540252686,6.04363632202148,5,10,0.869565188884735,0.876811623573303,1,1,57,1.05999994277954,11.659999370575
10,2016-10-12,23080760,28,Definitivo,SAN ROQUE [23080760],Pluviométrica,Convencional,Activa,Antioquia,San Roque,6.4875,-75.017,820,5/15/1975,,Monchia,Magdalena Cauca,Medio Magdalena,Río Nare,2016,12,Andes,Definitivo,28,28,0,38.4599494934082,38.4599494934082,39.768913269043,50.8060417175293,38.9296188354492,3.05454540252686,6.04363632202148,5,10,0.869565188884735,0.876811623573303,1,1,57,1.05999994277954,29.6799983978272
10,2017-10-10,23080760,28,Definitivo,SAN ROQUE [23080760],Pluviométrica,Convencional,Activa,Antioquia,San Roque,6.4875,-75.017,820,5/15/1975,,Monchia,Magdalena Cauca,Medio Magdalena,Río Nare,2017,10,Andes,Definitivo,28,28,0,3.35590767860413,3.35590767860413,9.33708381652832,6.15977048873901,18.3747882843018,3.05454540252686,6.04363632202148,5,10,0.869565188884735,0.876811623573303,1,1,56,1.05999994277954,29.6799983978272
10,2003-10-02,23080760,0,Definitivo,SAN ROQUE [23080760],Pluviométrica,Convencional,Activa,Antioquia,San Roque,6.4875,-75.017,820,5/15/1975,,Monchia,Magdalena Cauca,Medio Magdalena,Río Nare,2003,02,Andes,Definitivo,0,0,0,2.00170946121216,2.00170946121216,0,10.8027276992798,0.0941762998700142,3.05454540252686,6.04363632202148,5,10,0.869565188884735,0.876811623573303,1,1,55,1.05999994277954,0
10,2003-10-03,23080760,0,Definitivo,SAN ROQUE [23080760],Pluviométrica,Convencional,Activa,Antioquia,San Roque,6.4875,-75.017,820,5/15/1975,,Monchia,Magdalena Cauca,Medio Magdalena,Río Nare,2003,03,Andes,Definitivo,0,0,0,21.5348739624023,21.5348739624023,13.5772590637207,8.64773559570313,6.5139045715332,3.05454540252686,6.04363632202148,5,10,0.869565188884735,0.876811623573303,1,1,55,1.05999994277954,0
10,2005-10-04,23080760,0,Definitivo,SAN ROQUE [23080760],Pluviométrica,Convencional,Activa,Antioquia,San Roque,6.4875,-75.017,820,5/15/1975,,Monchia,Magdalena Cauca,Medio Magdalena,Río Nare,2005,04,Andes,Definitivo,0,0,0,26.3276481628418,26.3276481628418,23.4273452758789,12.2948589324951,32.1562652587891,3.05454540252686,6.04363632202148,5,10,0.869565188884735,0.876811623573303,1,1,55,1.05999994277954,0
10,2021-10-02,23080760,16,Definitivo,SAN ROQUE [23080760],Pluviométrica,Convencional,Activa,Antioquia,San Roque,6.4875,-75.017,820,5/15/1975,,Monchia,Magdalena Cauca,Medio Magdalena,Río Nare,2021,02,Andes,Definitivo,16,16,0,4.75353002548218,4.75353002548218,20.9110641479492,8.02260112762451,24.0110263824463,3.05454540252686,6.04363632202148,5,10,0.869565188884735,0.876811623573303,1,1,55,1.05999994277954,16.9599990844727
10,2019-10-03,23080760,0,Definitivo,SAN ROQUE [23080760],Pluviométrica,Convencional,Activa,Antioquia,San Roque,6.4875,-75.017,820,5/15/1975,,Monchia,Magdalena Cauca,Medio Magdalena,Río Nare,2019,03,Andes,Definitivo,0,0,0,19.8176002502441,19.8176002502441,22.979829788208,11.1264371871948,14.9073276519775,3.05454540252686,6.04363632202148,5,10,0.869565188884735,0.876811623573303,1,1,55,1.05999994277954,0
10,2012-10-05,23080760,0,Definitivo,SAN ROQUE [23080760],Pluviométrica,Convencional,Activa,Antioquia,San Roque,6.4875,-75.017,820,5/15/1975,,Monchia,Magdalena Cauca,Medio Magdalena,Río Nare,2012,05,Andes,Definitivo,0,0,0,48.2760200500488,48.2760200500488,24.0765113830566,42.359489440918,19.0040149688721,3.05454540252686,6.04363632202148,5,10,0.869565188884735,0.876811623573303,1,1,55,1.05999994277954,0
10,2004-10-01,23080760,,"",SAN ROQUE [23080760],Pluviométrica,Convencional,Activa,Antioquia,San Roque,6.4875,-75.017,820,5/15/1975,,Monchia,Magdalena Cauca,Medio Magdalena,Río Nare,2004,01,Andes,Preliminar,0,0,0,12.298059463501,12.298059463501,16.5733814239502,12.2340879440308,6.93124961853027,3.05454540252686,6.04363632202148,5,10,0.869565188884735,0.876811623573303,1,1,55,1.05999994277954,0
10,2004-10-02,23080760,,"",SAN ROQUE [23080760],Pluviométrica,Convencional,Activa,Antioquia,San Roque,6.4875,-75.017,820,5/15/1975,,Monchia,Magdalena Cauca,Medio Magdalena,Río Nare,2004,02,Andes,Preliminar,0,0,0,13.123046875,13.123046875,0,0.301394373178482,0.0137764224782586,3.05454540252686,6.04363632202148,5,10,0.869565188884735,0.876811623573303,1,1,55,1.05999994277954,0
10,2010-10-06,23080760,68,Definitivo,SAN ROQUE [23080760],Pluviométrica,Convencional,Activa,Antioquia,San Roque,6.4875,-75.017,820,5/15/1975,,Monchia,Magdalena Cauca,Medio Magdalena,Río Nare,2010,06,Andes,Definitivo,68,68,0,19.1136341094971,19.1136341094971,0,24.7688407897949,19.699254989624,3.05454540252686,6.04363632202148,5,10,0.869565188884735,0.876811623573303,1,1,56,1.05999994277954,72.0799961090088
10,2017-10-06,23080760,0,Definitivo,SAN ROQUE [23080760],Pluviométrica,Convencional,Activa,Antioquia,San Roque,6.4875,-75.017,820,5/15/1975,,Monchia,Magdalena Cauca,Medio Magdalena,Río Nare,2017,06,Andes,Definitivo,0,0,0,45.8008041381836,45.8008041381836,14.0056247711182,39.0800552368164,13.2830610275269,3.05454540252686,6.04363632202148,5,10,0.869565188884735,0.876811623573303,1,1,56,1.05999994277954,0
10,2016-10-10,23080760,50,Definitivo,SAN ROQUE [23080760],Pluviométrica,Convencional,Activa,Antioquia,San Roque,6.4875,-75.017,820,5/15/1975,,Monchia,Magdalena Cauca,Medio Magdalena,Río Nare,2016,10,Andes,Definitivo,50,50,0,2.86160659790039,2.86160659790039,38.8244552612305,15.7007846832275,55.3848152160645,3.05454540252686,6.04363632202148,5,10,0.869565188884735,0.876811623573303,1,1,56,1.05999994277954,52.9999971389771
10,2001-10-12,23080760,,"",SAN ROQUE [23080760],Pluviométrica,Convencional,Activa,Antioquia,San Roque,6.4875,-75.017,820,5/15/1975,,Monchia,Magdalena Cauca,Medio Magdalena,Río Nare,2001,12,Andes,Preliminar,0,0,0,11.314377784729,11.314377784729,6.94606018066406,6.69270753860474,7.12248420715332,3.05454540252686,6.04363632202148,5,10,0.869565188884735,0.876811623573303,1,1,57,1.05999994277954,0
10,2001-10-09,23080760,38,Definitivo,SAN ROQUE [23080760],Pluviométrica,Convencional,Activa,Antioquia,San Roque,6.4875,-75.017,820,5/15/1975,,Monchia,Magdalena Cauca,Medio Magdalena,Río Nare,2001,09,Andes,Definitivo,38,38,0,10.7131385803223,10.7131385803223,0,8.11039543151856,12.4139995574951,3.05454540252686,6.04363632202148,5,10,0.869565188884735,0.876811623573303,1,1,56,1.05999994277954,40.2799978256226
10,2017-10-11,23080760,10,Definitivo,SAN ROQUE [23080760],Pluviométrica,Convencional,Activa,Antioquia,San Roque,6.4875,-75.017,820,5/15/1975,,Monchia,Magdalena Cauca,Medio Magdalena,Río Nare,2017,11,Andes,Definitivo,10,10,0,7.01223707199097,7.01223707199097,22.5215492248535,24.0192775726318,26.1545696258545,3.05454540252686,6.04363632202148,5,10,0.869565188884735,0.876811623573303,1,1,57,1.05999994277954,10.5999994277954
10,2019-10-06,23080760,8,Definitivo,SAN ROQUE [23080760],Pluviométrica,Convencional,Activa,Antioquia,San Roque,6.4875,-75.017,820,5/15/1975,,Monchia,Magdalena Cauca,Medio Magdalena,Río Nare,2019,06,Andes,Definitivo,8,8,0,38.176643371582,38.176643371582,9.24306297302246,26.2410335540772,2.82681322097778,3.05454540252686,6.04363632202148,5,10,0.869565188884735,0.876811623573303,1,1,56,1.05999994277954,8.47999954223633
10,2020-10-03,23080760,55,Definitivo,SAN ROQUE [23080760],Pluviométrica,Convencional,Activa,Antioquia,San Roque,6.4875,-75.017,820,5/15/1975,,Monchia,Magdalena Cauca,Medio Magdalena,Río Nare,2020,03,Andes,Definitivo,55,55,0,17.7404098510742,17.7404098510742,17.4015121459961,14.8713064193726,12.3096418380737,3.05454540252686,6.04363632202148,5,10,0.869565188884735,0.876811623573303,1,1,55,1.05999994277954,58.2999968528748
10,2007-10-06,23080760,7,Definitivo,SAN ROQUE [23080760],Pluviométrica,Convencional,Activa,Antioquia,San Roque,6.4875,-75.017,820,5/15/1975,,Monchia,Magdalena Cauca,Medio Magdalena,Río Nare,2007,06,Andes,Definitivo,7,7,0,18.9758205413818,18.9758205413818,9.55356979370117,24.4018058776856,22.9711475372314,3.05454540252686,6.04363632202148,5,10,0.869565188884735,0.876811623573303,1,1,56,1.05999994277954,7.41999959945679
10,2010-10-04,23080760,35,Definitivo,SAN ROQUE [23080760],Pluviométrica,Convencional,Activa,Antioquia,San Roque,6.4875,-75.017,820,5/15/1975,,Monchia,Magdalena Cauca,Medio Magdalena,Río Nare,2010,04,Andes,Definitivo,35,35,0,30.7271385192871,30.7271385192871,16.0622291564941,48.774715423584,19.8525657653809,3.05454540252686,6.04363632202148,5,10,0.869565188884735,0.876811623573303,1,1,55,1.05999994277954,37.0999979972839
10,2017-10-02,23080760,0,Definitivo,SAN ROQUE [23080760],Pluviométrica,Convencional,Activa,Antioquia,San Roque,6.4875,-75.017,820,5/15/1975,,Monchia,Magdalena Cauca,Medio Magdalena,Río Nare,2017,02,Andes,Definitivo,0,0,0,24.7294178009033,24.7294178009033,11.0150585174561,16.6877365112305,31.7134780883789,3.05454540252686,6.04363632202148,5,10,0.869565188884735,0.876811623573303,1,1,55,1.05999994277954,0
10,2011-10-03,23080760,0,Definitivo,SAN ROQUE [23080760],Pluviométrica,Convencional,Activa,Antioquia,San Roque,6.4875,-75.017,820,5/15/1975,,Monchia,Magdalena Cauca,Medio Magdalena,Río Nare,2011,03,Andes,Definitivo,0,0,0,9.34383010864258,9.34383010864258,9.05913543701172,7.95436143875122,13.0302648544312,3.05454540252686,6.04363632202148,5,10,0.869565188884735,0.876811623573303,1,1,55,1.05999994277954,0
10,2002-10-01,23080760,,"",SAN ROQUE [23080760],Pluviométrica,Convencional,Activa,Antioquia,San Roque,6.4875,-75.017,820,5/15/1975,,Monchia,Magdalena Cauca,Medio Magdalena,Río Nare,2002,01,Andes,Preliminar,0,0,0,31.2057571411133,31.2057571411133,16.8542747497559,17.2456684112549,13.1343441009522,3.05454540252686,6.04363632202148,5,10,0.869565188884735,0.876811623573303,1,1,55,1.05999994277954,0
10,2009-10-01,23080760,,"",SAN ROQUE [23080760],Pluviométrica,Convencional,Activa,Antioquia,San Roque,6.4875,-75.017,820,5/15/1975,,Monchia,Magdalena Cauca,Medio Magdalena,Río Nare,2009,01,Andes,Preliminar,0,0,0,1.34026420116425,1.34026420116425,5.59401941299439,0.51034677028656,0.403329819440842,3.05454540252686,6.04363632202148,5,10,0.869565188884735,0.876811623573303,1,1,55,1.05999994277954,0
10,2013-10-04,23080760,8,Definitivo,SAN ROQUE [23080760],Pluviométrica,Convencional,Activa,Antioquia,San Roque,6.4875,-75.017,820,5/15/1975,,Monchia,Magdalena Cauca,Medio Magdalena,Río Nare,2013,04,Andes,Definitivo,8,8,0,25.8595104217529,25.8595104217529,45.4850730895996,39.8995170593262,58.9483871459961,3.05454540252686,6.04363632202148,5,10,0.869565188884735,0.876811623573303,1,1,55,1.05999994277954,8.47999954223633
10,2015-10-06,23080760,17,Definitivo,SAN ROQUE [23080760],Pluviométrica,Convencional,Activa,Antioquia,San Roque,6.4875,-75.017,820,5/15/1975,,Monchia,Magdalena Cauca,Medio Magdalena,Río Nare,2015,06,Andes,Definitivo,17,17,0,9.22355175018311,9.22355175018311,0,0.813810646533966,0,3.05454540252686,6.04363632202148,5,10,0.869565188884735,0.876811623573303,1,1,56,1.05999994277954,18.0199990272522
10,2016-10-11,23080760,30,Definitivo,SAN ROQUE [23080760],Pluviométrica,Convencional,Activa,Antioquia,San Roque,6.4875,-75.017,820,5/15/1975,,Monchia,Magdalena Cauca,Medio Magdalena,Río Nare,2016,11,Andes,Definitivo,30,30,0,3.49543738365173,3.49543738365173,0,11.9960069656372,7.66881322860718,3.05454540252686,6.04363632202148,5,10,0.869565188884735,0.876811623573303,1,1,57,1.05999994277954,31.7999982833862
10,2017-10-09,23080760,22,Definitivo,SAN ROQUE [23080760],Pluviométrica,Convencional,Activa,Antioquia,San Roque,6.4875,-75.017,820,5/15/1975,,Monchia,Magdalena Cauca,Medio Magdalena,Río Nare,2017,09,Andes,Definitivo,22,22,0,6.83857297897339,6.83857297897339,18.6741676330566,11.7355604171753,23.5108776092529,3.05454540252686,6.04363632202148,5,10,0.869565188884735,0.876811623573303,1,1,56,1.05999994277954,23.3199987411499
10,2001-10-07,23080760,6,Definitivo,SAN ROQUE [23080760],Pluviométrica,Convencional,Activa,Antioquia,San Roque,6.4875,-75.017,820,5/15/1975,,Monchia,Magdalena Cauca,Medio Magdalena,Río Nare,2001,07,Andes,Definitivo,6,6,0,7.87087821960449,7.87087821960449,44.3622283935547,49.6017379760742,31.8438739776611,3.05454540252686,6.04363632202148,5,10,0.869565188884735,0.876811623573303,1,1,56,1.05999994277954,6.35999965667725
10,2001-10-04,23080760,18,Definitivo,SAN ROQUE [23080760],Pluviométrica,Convencional,Activa,Antioquia,San Roque,6.4875,-75.017,820,5/15/1975,,Monchia,Magdalena Cauca,Medio Magdalena,Río Nare,2001,04,Andes,Definitivo,18,18,0,3.93692708015442,3.93692708015442,0,23.5504817962647,3.98897361755371,3.05454540252686,6.04363632202148,5,10,0.869565188884735,0.876811623573303,1,1,55,1.05999994277954,19.0799989700317
10,2001-10-02,23080760,105,Definitivo,SAN ROQUE [23080760],Pluviométrica,Convencional,Activa,Antioquia,San Roque,6.4875,-75.017,820,5/15/1975,,Monchia,Magdalena Cauca,Medio Magdalena,Río Nare,2001,02,Andes,Definitivo,105,105,0,31.4954166412354,31.4954166412354,0,15.9043121337891,2.06552124023438,3.05454540252686,6.04363632202148,5,10,0.869565188884735,0.876811623573303,1,1,55,1.05999994277954,111.299993991852
10,2021-10-01,23080760,23,Definitivo,SAN ROQUE [23080760],Pluviométrica,Convencional,Activa,Antioquia,San Roque,6.4875,-75.017,820,5/15/1975,,Monchia,Magdalena Cauca,Medio Magdalena,Río Nare,2021,01,Andes,Definitivo,23,23,0,3.35430073738098,3.35430073738098,0,10.1721096038818,0,3.05454540252686,6.04363632202148,5,10,0.869565188884735,0.876811623573303,1,1,55,1.05999994277954,24.3799986839294
10,2019-10-02,23080760,0,Definitivo,SAN ROQUE [23080760],Pluviométrica,Convencional,Activa,Antioquia,San Roque,6.4875,-75.017,820,5/15/1975,,Monchia,Magdalena Cauca,Medio Magdalena,Río Nare,2019,02,Andes,Definitivo,0,0,0,37.0119094848633,37.0119094848633,7.65994310379028,10.4833154678345,0.2801893055439,3.05454540252686,6.04363632202148,5,10,0.869565188884735,0.876811623573303,1,1,55,1.05999994277954,0
10,2008-10-03,23080760,0,Definitivo,SAN ROQUE [23080760],Pluviométrica,Convencional,Activa,Antioquia,San Roque,6.4875,-75.017,820,5/15/1975,,Monchia,Magdalena Cauca,Medio Magdalena,Río Nare,2008,03,Andes,Definitivo,0,0,0,9.28720760345459,9.28720760345459,16.0867671966553,8.1356201171875,16.3113269805908,3.05454540252686,6.04363632202148,5,10,0.869565188884735,0.876811623573303,1,1,55,1.05999994277954,0
10,2011-10-04,23080760,2,Definitivo,SAN ROQUE [23080760],Pluviométrica,Convencional,Activa,Antioquia,San Roque,6.4875,-75.017,820,5/15/1975,,Monchia,Magdalena Cauca,Medio Magdalena,Río Nare,2011,04,Andes,Definitivo,2,2,0,12.9842529296875,12.9842529296875,18.1182708740234,12.1107006072998,1.29304492473602,3.05454540252686,6.04363632202148,5,10,0.869565188884735,0.876811623573303,1,1,55,1.05999994277954,2.11999988555908
10,2017-10-07,23080760,0,Definitivo,SAN ROQUE [23080760],Pluviométrica,Convencional,Activa,Antioquia,San Roque,6.4875,-75.017,820,5/15/1975,,Monchia,Magdalena Cauca,Medio Magdalena,Río Nare,2017,07,Andes,Definitivo,0,0,0,4.66186714172363,4.66186714172363,0,7.13643980026245,8.52252197265625,3.05454540252686,6.04363632202148,5,10,0.869565188884735,0.876811623573303,1,1,56,1.05999994277954,0
10,2002-10-02,23080760,,"",SAN ROQUE [23080760],Pluviométrica,Convencional,Activa,Antioquia,San Roque,6.4875,-75.017,820,5/15/1975,,Monchia,Magdalena Cauca,Medio Magdalena,Río Nare,2002,02,Andes,Preliminar,0,0,0,3.75811290740967,3.75811290740967,0,7.3117938041687,2.69209957122803,3.05454540252686,6.04363632202148,5,10,0.869565188884735,0.876811623573303,1,1,55,1.05999994277954,0
10,2008-10-05,23080760,15,Definitivo,SAN ROQUE [23080760],Pluviométrica,Convencional,Activa,Antioquia,San Roque,6.4875,-75.017,820,5/15/1975,,Monchia,Magdalena Cauca,Medio Magdalena,Río Nare,2008,05,Andes,Definitivo,15,15,0,9.10286712646484,9.10286712646484,7.03796005249023,14.4371738433838,10.8275537490845,3.05454540252686,6.04363632202148,5,10,0.869565188884735,0.876811623573303,1,1,55,1.05999994277954,15.8999991416931
10,2018-10-08,23080760,7,Definitivo,SAN ROQUE [23080760],Pluviométrica,Convencional,Activa,Antioquia,San Roque,6.4875,-75.017,820,5/15/1975,,Monchia,Magdalena Cauca,Medio Magdalena,Río Nare,2018,08,Andes,Definitivo,7,7,0,1.64532744884491,1.64532744884491,0,14.4623851776123,0.636326193809509,3.05454540252686,6.04363632202148,5,10,0.869565188884735,0.876811623573303,1,1,56,1.05999994277954,7.41999959945679
10,2017-10-05,23080760,4,Definitivo,SAN ROQUE [23080760],Pluviométrica,Convencional,Activa,Antioquia,San Roque,6.4875,-75.017,820,5/15/1975,,Monchia,Magdalena Cauca,Medio Magdalena,Río Nare,2017,05,Andes,Definitivo,4,4,0,10.0909004211426,10.0909004211426,22.0301170349121,7.06089353561401,15.9498691558838,3.05454540252686,6.04363632202148,5,10,0.869565188884735,0.876811623573303,1,1,55,1.05999994277954,4.23999977111816
10,2017-10-08,23080760,0,Definitivo,SAN ROQUE [23080760],Pluviométrica,Convencional,Activa,Antioquia,San Roque,6.4875,-75.017,820,5/15/1975,,Monchia,Magdalena Cauca,Medio Magdalena,Río Nare,2017,08,Andes,Definitivo,0,0,0,3.70704078674316,3.70704078674316,0,0.40227410197258,0.822851419448853,3.05454540252686,6.04363632202148,5,10,0.869565188884735,0.876811623573303,1,1,56,1.05999994277954,0
10,2018-10-07,23080760,0,Definitivo,SAN ROQUE [23080760],Pluviométrica,Convencional,Activa,Antioquia,San Roque,6.4875,-75.017,820,5/15/1975,,Monchia,Magdalena Cauca,Medio Magdalena,Río Nare,2018,07,Andes,Definitivo,0,0,0,2.6689019203186,2.6689019203186,0,4.14960670471191,0.887079417705536,3.05454540252686,6.04363632202148,5,10,0.869565188884735,0.876811623573303,1,1,56,1.05999994277954,0
10,2017-10-01,23080760,25,Definitivo,SAN ROQUE [23080760],Pluviométrica,Convencional,Activa,Antioquia,San Roque,6.4875,-75.017,820,5/15/1975,,Monchia,Magdalena Cauca,Medio Magdalena,Río Nare,2017,01,Andes,Definitivo,25,25,0,9.82828903198242,9.82828903198242,0,15.8542032241821,5.54962205886841,3.05454540252686,6.04363632202148,5,10,0.869565188884735,0.876811623573303,1,1,55,1.05999994277954,26.4999985694885
10,2009-10-02,23080760,8,Definitivo,SAN ROQUE [23080760],Pluviométrica,Convencional,Activa,Antioquia,San Roque,6.4875,-75.017,820,5/15/1975,,Monchia,Magdalena Cauca,Medio Magdalena,Río Nare,2009,02,Andes,Definitivo,8,8,0,4.66781663894653,4.66781663894653,0,3.03760147094727,0.313295006752014,3.05454540252686,6.04363632202148,5,10,0.869565188884735,0.876811623573303,1,1,55,1.05999994277954,8.47999954223633
10,2006-10-01,23080760,9,Definitivo,SAN ROQUE [23080760],Pluviométrica,Convencional,Activa,Antioquia,San Roque,6.4875,-75.017,820,5/15/1975,,Monchia,Magdalena Cauca,Medio Magdalena,Río Nare,2006,01,Andes,Definitivo,9,9,0,1.771071434021,1.771071434021,6.51022720336914,14.7403402328491,14.3775663375855,3.05454540252686,6.04363632202148,5,10,0.869565188884735,0.876811623573303,1,1,55,1.05999994277954,9.53999948501587
10,2005-10-05,23080760,0,Definitivo,SAN ROQUE [23080760],Pluviométrica,Convencional,Activa,Antioquia,San Roque,6.4875,-75.017,820,5/15/1975,,Monchia,Magdalena Cauca,Medio Magdalena,Río Nare,2005,05,Andes,Definitivo,0,0,0,13.9689521789551,13.9689521789551,0,8.56208038330078,0,3.05454540252686,6.04363632202148,5,10,0.869565188884735,0.876811623573303,1,1,55,1.05999994277954,0
10,2007-10-01,23080760,5,Definitivo,SAN ROQUE [23080760],Pluviométrica,Convencional,Activa,Antioquia,San Roque,6.4875,-75.017,820,5/15/1975,,Monchia,Magdalena Cauca,Medio Magdalena,Río Nare,2007,01,Andes,Definitivo,5,5,0,11.1962852478027,11.1962852478027,19.0698223114014,28.7381229400635,48.608039855957,3.05454540252686,6.04363632202148,5,10,0.869565188884735,0.876811623573303,1,1,55,1.05999994277954,5.29999971389771
10,2001-10-06,23080760,45,Definitivo,SAN ROQUE [23080760],Pluviométrica,Convencional,Activa,Antioquia,San Roque,6.4875,-75.017,820,5/15/1975,,Monchia,Magdalena Cauca,Medio Magdalena,Río Nare,2001,06,Andes,Definitivo,45,45,0,2.18635487556458,2.18635487556458,0,10.1176605224609,21.1388034820557,3.05454540252686,6.04363632202148,5,10,0.869565188884735,0.876811623573303,1,1,56,1.05999994277954,47.6999974250794
10,2013-10-05,23080760,,"",SAN ROQUE [23080760],Pluviométrica,Convencional,Activa,Antioquia,San Roque,6.4875,-75.017,820,5/15/1975,,Monchia,Magdalena Cauca,Medio Magdalena,Río Nare,2013,05,Andes,Preliminar,0,0,0,0.955598711967468,0.955598711967468,9.09701538085938,1.72469902038574,1.08171987533569,3.05454540252686,6.04363632202148,5,10,0.869565188884735,0.876811623573303,1,1,55,1.05999994277954,0
10,2018-10-04,23080760,5,Definitivo,SAN ROQUE [23080760],Pluviométrica,Convencional,Activa,Antioquia,San Roque,6.4875,-75.017,820,5/15/1975,,Monchia,Magdalena Cauca,Medio Magdalena,Río Nare,2018,04,Andes,Definitivo,5,5,0,16.6795253753662,16.6795253753662,20.7204303741455,35.7668991088867,11.8591508865356,3.05454540252686,6.04363632202148,5,10,0.869565188884735,0.876811623573303,1,1,55,1.05999994277954,5.29999971389771
10,2018-10-06,23080760,2,Definitivo,SAN ROQUE [23080760],Pluviométrica,Convencional,Activa,Antioquia,San Roque,6.4875,-75.017,820,5/15/1975,,Monchia,Magdalena Cauca,Medio Magdalena,Río Nare,2018,06,Andes,Definitivo,2,2,0,19.3279552459717,19.3279552459717,0,22.8265705108643,5.37946081161499,3.05454540252686,6.04363632202148,5,10,0.869565188884735,0.876811623573303,1,1,56,1.05999994277954,2.11999988555908
10,2006-10-02,23080760,,"",SAN ROQUE [23080760],Pluviométrica,Convencional,Activa,Antioquia,San Roque,6.4875,-75.017,820,5/15/1975,,Monchia,Magdalena Cauca,Medio Magdalena,Río Nare,2006,02,Andes,Preliminar,0,0,0,13.682954788208,13.682954788208,13.0204544067383,17.5207233428955,6.25180768966675,3.05454540252686,6.04363632202148,5,10,0.869565188884735,0.876811623573303,1,1,55,1.05999994277954,0
10,2003-10-04,23080760,12,Definitivo,SAN ROQUE [23080760],Pluviométrica,Convencional,Activa,Antioquia,San Roque,6.4875,-75.017,820,5/15/1975,,Monchia,Magdalena Cauca,Medio Magdalena,Río Nare,2003,04,Andes,Definitivo,12,12,0,12.0982446670532,12.0982446670532,6.78862953186035,9.18095111846924,0.330381751060486,3.05454540252686,6.04363632202148,5,10,0.869565188884735,0.876811623573303,1,1,55,1.05999994277954,12.7199993133545
10,2018-10-03,23080760,10,Definitivo,SAN ROQUE [23080760],Pluviométrica,Convencional,Activa,Antioquia,San Roque,6.4875,-75.017,820,5/15/1975,,Monchia,Magdalena Cauca,Medio Magdalena,Río Nare,2018,03,Andes,Definitivo,10,10,0,15.8386735916138,15.8386735916138,0,4.6643328666687,20.4958744049072,3.05454540252686,6.04363632202148,5,10,0.869565188884735,0.876811623573303,1,1,55,1.05999994277954,10.5999994277954
10,2019-10-01,23080760,4,Definitivo,SAN ROQUE [23080760],Pluviométrica,Convencional,Activa,Antioquia,San Roque,6.4875,-75.017,820,5/15/1975,,Monchia,Magdalena Cauca,Medio Magdalena,Río Nare,2019,01,Andes,Definitivo,4,4,0,25.7490310668945,25.7490310668945,11.489914894104,28.4767169952393,35.4809494018555,3.05454540252686,6.04363632202148,5,10,0.869565188884735,0.876811623573303,1,1,55,1.05999994277954,4.23999977111816
10,2018-10-05,23080760,3,Definitivo,SAN ROQUE [23080760],Pluviométrica,Convencional,Activa,Antioquia,San Roque,6.4875,-75.017,820,5/15/1975,,Monchia,Magdalena Cauca,Medio Magdalena,Río Nare,2018,05,Andes,Definitivo,3,3,0,9.29122352600098,9.29122352600098,0,16.2821235656738,6.51118278503418,3.05454540252686,6.04363632202148,5,10,0.869565188884735,0.876811623573303,1,1,55,1.05999994277954,3.17999982833862
10,2002-10-03,23080760,10,Definitivo,SAN ROQUE [23080760],Pluviométrica,Convencional,Activa,Antioquia,San Roque,6.4875,-75.017,820,5/15/1975,,Monchia,Magdalena Cauca,Medio Magdalena,Río Nare,2002,03,Andes,Definitivo,10,10,0,2.08038401603699,2.08038401603699,11.2361822128296,2.0547559261322,17.6752223968506,3.05454540252686,6.04363632202148,5,10,0.869565188884735,0.876811623573303,1,1,55,1.05999994277954,10.5999994277954
10,2009-10-03,23080760,50,Definitivo,SAN ROQUE [23080760],Pluviométrica,Convencional,Activa,Antioquia,San Roque,6.4875,-75.017,820,5/15/1975,,Monchia,Magdalena Cauca,Medio Magdalena,Río Nare,2009,03,Andes,Definitivo,50,50,0,18.4401874542236,18.4401874542236,22.3760776519775,36.3713722229004,39.8268089294434,3.05454540252686,6.04363632202148,5,10,0.869565188884735,0.876811623573303,1,1,55,1.05999994277954,52.9999971389771
10,2011-10-05,23080760,36,Definitivo,SAN ROQUE [23080760],Pluviométrica,Convencional,Activa,Antioquia,San Roque,6.4875,-75.017,820,5/15/1975,,Monchia,Magdalena Cauca,Medio Magdalena,Río Nare,2011,05,Andes,Definitivo,36,36,0,29.231538772583,29.231538772583,27.1774063110352,26.8312702178955,29.6449584960938,3.05454540252686,6.04363632202148,5,10,0.869565188884735,0.876811623573303,1,1,55,1.05999994277954,38.1599979400635
10,2001-10-03,23080760,17,Definitivo,SAN ROQUE [23080760],Pluviométrica,Convencional,Activa,Antioquia,San Roque,6.4875,-75.017,820,5/15/1975,,Monchia,Magdalena Cauca,Medio Magdalena,Río Nare,2001,03,Andes,Definitivo,17,17,0,2.03634142875671,2.03634142875671,42.4567108154297,41.9029197692871,29.5587406158447,3.05454540252686,6.04363632202148,5,10,0.869565188884735,0.876811623573303,1,1,55,1.05999994277954,18.0199990272522
10,2019-10-04,23080760,8,Definitivo,SAN ROQUE [23080760],Pluviométrica,Convencional,Activa,Antioquia,San Roque,6.4875,-75.017,820,5/15/1975,,Monchia,Magdalena Cauca,Medio Magdalena,Río Nare,2019,04,Andes,Definitivo,8,8,0,0,0,0,0.0722900629043579,0.439036250114441,3.05454540252686,6.04363632202148,5,10,0.869565188884735,0.876811623573303,1,1,55,1.05999994277954,8.47999954223633
10,2019-10-05,23080760,0,Definitivo,SAN ROQUE [23080760],Pluviométrica,Convencional,Activa,Antioquia,San Roque,6.4875,-75.017,820,5/15/1975,,Monchia,Magdalena Cauca,Medio Magdalena,Río Nare,2019,05,Andes,Definitivo,0,0,0,1.80455982685089,1.80455982685089,0,1.00087773799896,0.0521330684423447,3.05454540252686,6.04363632202148,5,10,0.869565188884735,0.876811623573303,1,1,55,1.05999994277954,0
10,2003-10-01,23080760,1,Definitivo,SAN ROQUE [23080760],Pluviométrica,Convencional,Activa,Antioquia,San Roque,6.4875,-75.017,820,5/15/1975,,Monchia,Magdalena Cauca,Medio Magdalena,Río Nare,2003,01,Andes,Definitivo,1,1,0,7.85285997390747,7.85285997390747,0,11.4146699905396,0,3.05454540252686,6.04363632202148,5,10,0.869565188884735,0.876811623573303,1,1,55,1.05999994277954,1.05999994277954
10,2007-10-03,23080760,16,Definitivo,SAN ROQUE [23080760],Pluviométrica,Convencional,Activa,Antioquia,San Roque,6.4875,-75.017,820,5/15/1975,,Monchia,Magdalena Cauca,Medio Magdalena,Río Nare,2007,03,Andes,Definitivo,16,16,0,12.5575361251831,12.5575361251831,19.0698223114014,30.3272075653076,37.7759780883789,3.05454540252686,6.04363632202148,5,10,0.869565188884735,0.876811623573303,1,1,55,1.05999994277954,16.9599990844727
10,2014-10-03,23080760,0,Definitivo,SAN ROQUE [23080760],Pluviométrica,Convencional,Activa,Antioquia,San Roque,6.4875,-75.017,820,5/15/1975,,Monchia,Magdalena Cauca,Medio Magdalena,Río Nare,2014,03,Andes,Definitivo,0,0,0,12.2795753479004,12.2795753479004,0,0.344464749097824,0.219741210341454,3.05454540252686,6.04363632202148,5,10,0.869565188884735,0.876811623573303,1,1,55,1.05999994277954,0
10,2016-10-05,23080760,0,Definitivo,SAN ROQUE [23080760],Pluviométrica,Convencional,Activa,Antioquia,San Roque,6.4875,-75.017,820,5/15/1975,,Monchia,Magdalena Cauca,Medio Magdalena,Río Nare,2016,05,Andes,Definitivo,0,0,0,25.8943843841553,25.8943843841553,37.6175079345703,3.17721915245056,7.39755201339722,3.05454540252686,6.04363632202148,5,10,0.869565188884735,0.876811623573303,1,1,55,1.05999994277954,0
10,2007-10-02,23080760,32,Definitivo,SAN ROQUE [23080760],Pluviométrica,Convencional,Activa,Antioquia,San Roque,6.4875,-75.017,820,5/15/1975,,Monchia,Magdalena Cauca,Medio Magdalena,Río Nare,2007,02,Andes,Definitivo,32,32,0,8.0313777923584,8.0313777923584,9.53491115570068,9.75881576538086,6.11615562438965,3.05454540252686,6.04363632202148,5,10,0.869565188884735,0.876811623573303,1,1,55,1.05999994277954,33.9199981689453
10,2018-10-02,23080760,0,Definitivo,SAN ROQUE [23080760],Pluviométrica,Convencional,Activa,Antioquia,San Roque,6.4875,-75.017,820,5/15/1975,,Monchia,Magdalena Cauca,Medio Magdalena,Río Nare,2018,02,Andes,Definitivo,0,0,0,5.15034818649292,5.15034818649292,51.8010711669922,2.96656727790833,29.8337650299072,3.05454540252686,6.04363632202148,5,10,0.869565188884735,0.876811623573303,1,1,55,1.05999994277954,0
10,2016-10-03,23080760,0,Definitivo,SAN ROQUE [23080760],Pluviométrica,Convencional,Activa,Antioquia,San Roque,6.4875,-75.017,820,5/15/1975,,Monchia,Magdalena Cauca,Medio Magdalena,Río Nare,2016,03,Andes,Definitivo,0,0,0,3.1316704750061,3.1316704750061,12.5391702651978,10.8090257644653,4.9601583480835,3.05454540252686,6.04363632202148,5,10,0.869565188884735,0.876811623573303,1,1,55,1.05999994277954,0
10,2001-10-01,23080760,,"",SAN ROQUE [23080760],Pluviométrica,Convencional,Activa,Antioquia,San Roque,6.4875,-75.017,820,5/15/1975,,Monchia,Magdalena Cauca,Medio Magdalena,Río Nare,2001,01,Andes,Preliminar,0,0,0,2.78300046920776,2.78300046920776,0,4.69683027267456,0.0664390102028847,3.05454540252686,6.04363632202148,5,10,0.869565188884735,0.876811623573303,1,1,55,1.05999994277954,0
10,2014-10-06,23080760,40,Definitivo,SAN ROQUE [23080760],Pluviométrica,Convencional,Activa,Antioquia,San Roque,6.4875,-75.017,820,5/15/1975,,Monchia,Magdalena Cauca,Medio Magdalena,Río Nare,2014,06,Andes,Definitivo,40,40,0,1.42932295799255,1.42932295799255,54.6113891601563,29.0016765594482,50.8318862915039,3.05454540252686,6.04363632202148,5,10,0.869565188884735,0.876811623573303,1,1,56,1.05999994277954,42.3999977111816
10,2014-10-05,23080760,3,Definitivo,SAN ROQUE [23080760],Pluviométrica,Convencional,Activa,Antioquia,San Roque,6.4875,-75.017,820,5/15/1975,,Monchia,Magdalena Cauca,Medio Magdalena,Río Nare,2014,05,Andes,Definitivo,3,3,0,3.56640911102295,3.56640911102295,0,14.9436168670654,20.4641494750977,3.05454540252686,6.04363632202148,5,10,0.869565188884735,0.876811623573303,1,1,55,1.05999994277954,3.17999982833862
10,2016-10-02,23080760,15,Definitivo,SAN ROQUE [23080760],Pluviométrica,Convencional,Activa,Antioquia,San Roque,6.4875,-75.017,820,5/15/1975,,Monchia,Magdalena Cauca,Medio Magdalena,Río Nare,2016,02,Andes,Definitivo,15,15,0,1.8394033908844,1.8394033908844,0,8.9017972946167,12.4071359634399,3.05454540252686,6.04363632202148,5,10,0.869565188884735,0.876811623573303,1,1,55,1.05999994277954,15.8999991416931
10,2012-10-01,23080760,21,Definitivo,SAN ROQUE [23080760],Pluviométrica,Convencional,Activa,Antioquia,San Roque,6.4875,-75.017,820,5/15/1975,,Monchia,Magdalena Cauca,Medio Magdalena,Río Nare,2012,01,Andes,Definitivo,21,21,0,0,0,19.261209487915,7.58110761642456,24.1590538024902,3.05454540252686,6.04363632202148,5,10,0.869565188884735,0.876811623573303,1,1,55,1.05999994277954,22.2599987983704
10,2016-10-04,23080760,0,Definitivo,SAN ROQUE [23080760],Pluviométrica,Convencional,Activa,Antioquia,San Roque,6.4875,-75.017,820,5/15/1975,,Monchia,Magdalena Cauca,Medio Magdalena,Río Nare,2016,04,Andes,Definitivo,0,0,0,7.45300722122192,7.45300722122192,0,4.63078594207764,0.584567904472351,3.05454540252686,6.04363632202148,5,10,0.869565188884735,0.876811623573303,1,1,55,1.05999994277954,0
10,2011-10-06,23080760,63,Definitivo,SAN ROQUE [23080760],Pluviométrica,Convencional,Activa,Antioquia,San Roque,6.4875,-75.017,820,5/15/1975,,Monchia,Magdalena Cauca,Medio Magdalena,Río Nare,2011,06,Andes,Definitivo,63,63,0,27.6658058166504,27.6658058166504,22.3107948303223,17.7003135681152,16.0159606933594,3.05454540252686,6.04363632202148,5,10,0.869565188884735,0.876811623573303,1,1,56,1.05999994277954,66.7799963951111
10,2005-10-01,23080760,3,Definitivo,SAN ROQUE [23080760],Pluviométrica,Convencional,Activa,Antioquia,San Roque,6.4875,-75.017,820,5/15/1975,,Monchia,Magdalena Cauca,Medio Magdalena,Río Nare,2005,01,Andes,Definitivo,3,3,0,0.0805126875638962,0.0805126875638962,29.2841873168945,26.6605243682861,24.0864810943604,3.05454540252686,6.04363632202148,5,10,0.869565188884735,0.876811623573303,1,1,55,1.05999994277954,3.17999982833862
10,2016-10-01,23080760,0,Definitivo,SAN ROQUE [23080760],Pluviométrica,Convencional,Activa,Antioquia,San Roque,6.4875,-75.017,820,5/15/1975,,Monchia,Magdalena Cauca,Medio Magdalena,Río Nare,2016,01,Andes,Definitivo,0,0,0,24.8312969207764,24.8312969207764,25.0783405303955,14.7501449584961,16.9195575714111,3.05454540252686,6.04363632202148,5,10,0.869565188884735,0.876811623573303,1,1,55,1.05999994277954,0
10,2014-10-02,23080760,,"",SAN ROQUE [23080760],Pluviométrica,Convencional,Activa,Antioquia,San Roque,6.4875,-75.017,820,5/15/1975,,Monchia,Magdalena Cauca,Medio Magdalena,Río Nare,2014,02,Andes,Preliminar,0,0,0,0.388547092676163,0.388547092676163,21.9081363677979,0.0813087746500969,1.8916609287262,3.05454540252686,6.04363632202148,5,10,0.869565188884735,0.876811623573303,1,1,55,1.05999994277954,0
10,2014-10-01,23080760,,"",SAN ROQUE [23080760],Pluviométrica,Convencional,Activa,Antioquia,San Roque,6.4875,-75.017,820,5/15/1975,,Monchia,Magdalena Cauca,Medio Magdalena,Río Nare,2014,01,Andes,Preliminar,0,0,0,2.34757685661316,2.34757685661316,0,0.60418689250946,0.637067794799805,3.05454540252686,6.04363632202148,5,10,0.869565188884735,0.876811623573303,1,1,55,1.05999994277954,0
10,2017-10-04,23080760,0,Definitivo,SAN ROQUE [23080760],Pluviométrica,Convencional,Activa,Antioquia,San Roque,6.4875,-75.017,820,5/15/1975,,Monchia,Magdalena Cauca,Medio Magdalena,Río Nare,2017,04,Andes,Definitivo,0,0,0,45.8631896972656,45.8631896972656,11.0150585174561,35.6564750671387,29.6292858123779,3.05454540252686,6.04363632202148,5,10,0.869565188884735,0.876811623573303,1,1,55,1.05999994277954,0
10,2015-10-03,23080760,0,Definitivo,SAN ROQUE [23080760],Pluviométrica,Convencional,Activa,Antioquia,San Roque,6.4875,-75.017,820,5/15/1975,,Monchia,Magdalena Cauca,Medio Magdalena,Río Nare,2015,03,Andes,Definitivo,0,0,0,12.3849353790283,12.3849353790283,39.1698150634766,10.061635017395,47.0654602050781,3.05454540252686,6.04363632202148,5,10,0.869565188884735,0.876811623573303,1,1,55,1.05999994277954,0
10,2005-10-02,23080760,0,Definitivo,SAN ROQUE [23080760],Pluviométrica,Convencional,Activa,Antioquia,San Roque,6.4875,-75.017,820,5/15/1975,,Monchia,Magdalena Cauca,Medio Magdalena,Río Nare,2005,02,Andes,Definitivo,0,0,0,2.29461169242859,2.29461169242859,5.85683631896973,11.0543642044067,9.74585151672363,3.05454540252686,6.04363632202148,5,10,0.869565188884735,0.876811623573303,1,1,55,1.05999994277954,0
10,2013-10-02,23080760,0,Definitivo,SAN ROQUE [23080760],Pluviométrica,Convencional,Activa,Antioquia,San Roque,6.4875,-75.017,820,5/15/1975,,Monchia,Magdalena Cauca,Medio Magdalena,Río Nare,2013,02,Andes,Definitivo,0,0,0,9.75524616241455,9.75524616241455,0,5.97791862487793,0,3.05454540252686,6.04363632202148,5,10,0.869565188884735,0.876811623573303,1,1,55,1.05999994277954,0
10,2014-10-04,23080760,,"",SAN ROQUE [23080760],Pluviométrica,Convencional,Activa,Antioquia,San Roque,6.4875,-75.017,820,5/15/1975,,Monchia,Magdalena Cauca,Medio Magdalena,Río Nare,2014,04,Andes,Preliminar,0,0,0,10.461594581604,10.461594581604,0,9.23816013336182,1.99910938739777,3.05454540252686,6.04363632202148,5,10,0.869565188884735,0.876811623573303,1,1,55,1.05999994277954,0
10,2012-10-02,23080760,35,Definitivo,SAN ROQUE [23080760],Pluviométrica,Convencional,Activa,Antioquia,San Roque,6.4875,-75.017,820,5/15/1975,,Monchia,Magdalena Cauca,Medio Magdalena,Río Nare,2012,02,Andes,Definitivo,35,35,0,6.00438690185547,6.00438690185547,14.4459056854248,6.73800325393677,14.3005876541138,3.05454540252686,6.04363632202148,5,10,0.869565188884735,0.876811623573303,1,1,55,1.05999994277954,37.0999979972839
10,2018-10-01,23080760,29,Definitivo,SAN ROQUE [23080760],Pluviométrica,Convencional,Activa,Antioquia,San Roque,6.4875,-75.017,820,5/15/1975,,Monchia,Magdalena Cauca,Medio Magdalena,Río Nare,2018,01,Andes,Definitivo,29,29,0,9.09133529663086,9.09133529663086,0,9.04669284820557,0.0266413111239672,3.05454540252686,6.04363632202148,5,10,0.869565188884735,0.876811623573303,1,1,55,1.05999994277954,30.7399983406067
10,2015-10-01,23080760,0,Definitivo,SAN ROQUE [23080760],Pluviométrica,Convencional,Activa,Antioquia,San Roque,6.4875,-75.017,820,5/15/1975,,Monchia,Magdalena Cauca,Medio Magdalena,Río Nare,2015,01,Andes,Definitivo,0,0,0,13.2280445098877,13.2280445098877,0,34.1475296020508,0.41605743765831,3.05454540252686,6.04363632202148,5,10,0.869565188884735,0.876811623573303,1,1,55,1.05999994277954,0
10,2010-10-01,23080760,36,Definitivo,SAN ROQUE [23080760],Pluviométrica,Convencional,Activa,Antioquia,San Roque,6.4875,-75.017,820,5/15/1975,,Monchia,Magdalena Cauca,Medio Magdalena,Río Nare,2010,01,Andes,Definitivo,36,36,0,6.97396564483643,6.97396564483643,8.03111457824707,12.654953956604,3.79470539093018,3.05454540252686,6.04363632202148,5,10,0.869565188884735,0.876811623573303,1,1,55,1.05999994277954,38.1599979400635
10,2011-10-02,23080760,3,Definitivo,SAN ROQUE [23080760],Pluviométrica,Convencional,Activa,Antioquia,San Roque,6.4875,-75.017,820,5/15/1975,,Monchia,Magdalena Cauca,Medio Magdalena,Río Nare,2011,02,Andes,Definitivo,3,3,0,5.22576236724854,5.22576236724854,0,8.46036338806152,4.87541389465332,3.05454540252686,6.04363632202148,5,10,0.869565188884735,0.876811623573303,1,1,55,1.05999994277954,3.17999982833862
10,2015-10-02,23080760,89,Definitivo,SAN ROQUE [23080760],Pluviométrica,Convencional,Activa,Antioquia,San Roque,6.4875,-75.017,820,5/15/1975,,Monchia,Magdalena Cauca,Medio Magdalena,Río Nare,2015,02,Andes,Definitivo,89,89,0,30.2378005981445,30.2378005981445,9.79245376586914,14.1558609008789,9.53408241271973,3.05454540252686,6.04363632202148,5,10,0.869565188884735,0.876811623573303,1,1,55,1.05999994277954,94.3399949073792
10,2008-10-02,23080760,23,Definitivo,SAN ROQUE [23080760],Pluviométrica,Convencional,Activa,Antioquia,San Roque,6.4875,-75.017,820,5/15/1975,,Monchia,Magdalena Cauca,Medio Magdalena,Río Nare,2008,02,Andes,Definitivo,23,23,0,1.45716083049774,1.45716083049774,0,4.43288707733154,2.68183040618897,3.05454540252686,6.04363632202148,5,10,0.869565188884735,0.876811623573303,1,1,55,1.05999994277954,24.3799986839294
10,2013-10-03,23080760,40,Definitivo,SAN ROQUE [23080760],Pluviométrica,Convencional,Activa,Antioquia,San Roque,6.4875,-75.017,820,5/15/1975,,Monchia,Magdalena Cauca,Medio Magdalena,Río Nare,2013,03,Andes,Definitivo,40,40,0,6.83323240280151,6.83323240280151,0,13.6415596008301,0.0160928331315517,3.05454540252686,6.04363632202148,5,10,0.869565188884735,0.876811623573303,1,1,55,1.05999994277954,42.3999977111816
10,2010-10-03,23080760,13,Definitivo,SAN ROQUE [23080760],Pluviométrica,Convencional,Activa,Antioquia,San Roque,6.4875,-75.017,820,5/15/1975,,Monchia,Magdalena Cauca,Medio Magdalena,Río Nare,2010,03,Andes,Definitivo,13,13,0,14.8859004974365,14.8859004974365,0,15.4710626602173,13.2250785827637,3.05454540252686,6.04363632202148,5,10,0.869565188884735,0.876811623573303,1,1,55,1.05999994277954,13.779999256134
10,2005-10-03,23080760,55,Definitivo,SAN ROQUE [23080760],Pluviométrica,Convencional,Activa,Antioquia,San Roque,6.4875,-75.017,820,5/15/1975,,Monchia,Magdalena Cauca,Medio Magdalena,Río Nare,2005,03,Andes,Definitivo,55,55,0,18.6789436340332,18.6789436340332,0,9.04481887817383,1.62804973125458,3.05454540252686,6.04363632202148,5,10,0.869565188884735,0.876811623573303,1,1,55,1.05999994277954,58.2999968528748
10,2013-10-01,23080760,29,Definitivo,SAN ROQUE [23080760],Pluviométrica,Convencional,Activa,Antioquia,San Roque,6.4875,-75.017,820,5/15/1975,,Monchia,Magdalena Cauca,Medio Magdalena,Río Nare,2013,01,Andes,Definitivo,29,29,0,33.588565826416,33.588565826416,12.129355430603,13.9310131072998,15.1285076141357,3.05454540252686,6.04363632202148,5,10,0.869565188884735,0.876811623573303,1,1,55,1.05999994277954,30.7399983406067
10,2011-10-01,23080760,25,Definitivo,SAN ROQUE [23080760],Pluviométrica,Convencional,Activa,Antioquia,San Roque,6.4875,-75.017,820,5/15/1975,,Monchia,Magdalena Cauca,Medio Magdalena,Río Nare,2011,01,Andes,Definitivo,25,25,0,3.01520442962647,3.01520442962647,0,7.38758850097656,13.9006004333496,3.05454540252686,6.04363632202148,5,10,0.869565188884735,0.876811623573303,1,1,55,1.05999994277954,26.4999985694885
10,2010-10-02,23080760,2,Definitivo,SAN ROQUE [23080760],Pluviométrica,Convencional,Activa,Antioquia,San Roque,6.4875,-75.017,820,5/15/1975,,Monchia,Magdalena Cauca,Medio Magdalena,Río Nare,2010,02,Andes,Definitivo,2,2,0,31.2656021118164,31.2656021118164,48.186695098877,23.0677738189697,45.7003898620606,3.05454540252686,6.04363632202148,5,10,0.869565188884735,0.876811623573303,1,1,55,1.05999994277954,2.11999988555908
10,2008-10-01,23080760,,"",SAN ROQUE [23080760],Pluviométrica,Convencional,Activa,Antioquia,San Roque,6.4875,-75.017,820,5/15/1975,,Monchia,Magdalena Cauca,Medio Magdalena,Río Nare,2008,01,Andes,Preliminar,0,0,0,20.3212490081787,20.3212490081787,7.03796005249023,13.4650897979736,13.6253223419189,3.05454540252686,6.04363632202148,5,10,0.869565188884735,0.876811623573303,1,1,55,1.05999994277954,0
11,2016-11-30,23080760,0,Definitivo,SAN ROQUE [23080760],Pluviométrica,Convencional,Activa,Antioquia,San Roque,6.4875,-75.017,820,5/15/1975,,Monchia,Magdalena Cauca,Medio Magdalena,Río Nare,2016,30,Andes,Definitivo,0,0,0,1.20731925964355,1.20731925964355,13.2538270950317,2.93383288383484,0,3.05454540252686,6.04363632202148,5,10,0.869565188884735,0.876811623573303,1,1,66,1.04999995231628,0
11,2014-11-30,23080760,22,Definitivo,SAN ROQUE [23080760],Pluviométrica,Convencional,Activa,Antioquia,San Roque,6.4875,-75.017,820,5/15/1975,,Monchia,Magdalena Cauca,Medio Magdalena,Río Nare,2014,30,Andes,Definitivo,22,22,0,1.89141118526459,1.89141118526459,41.3469772338867,9.17959499359131,27.6303977966309,3.05454540252686,6.04363632202148,5,10,0.869565188884735,0.876811623573303,1,1,66,1.04999995231628,23.0999989509583
11,2014-11-28,23080760,,"",SAN ROQUE [23080760],Pluviométrica,Convencional,Activa,Antioquia,San Roque,6.4875,-75.017,820,5/15/1975,,Monchia,Magdalena Cauca,Medio Magdalena,Río Nare,2014,28,Andes,Preliminar,0,0,0,1.68272066116333,1.68272066116333,0,0.99066823720932,2.05899500846863,3.05454540252686,6.04363632202148,5,10,0.869565188884735,0.876811623573303,1,1,66,1.04999995231628,0
11,2009-11-30,23080760,,"",SAN ROQUE [23080760],Pluviométrica,Convencional,Activa,Antioquia,San Roque,6.4875,-75.017,820,5/15/1975,,Monchia,Magdalena Cauca,Medio Magdalena,Río Nare,2009,30,Andes,Preliminar,0,0,0,2.81325626373291,2.81325626373291,0,3.09128952026367,0.412057608366013,3.05454540252686,6.04363632202148,5,10,0.869565188884735,0.876811623573303,1,1,66,1.04999995231628,0
11,2019-11-29,23080760,11,Definitivo,SAN ROQUE [23080760],Pluviométrica,Convencional,Activa,Antioquia,San Roque,6.4875,-75.017,820,5/15/1975,,Monchia,Magdalena Cauca,Medio Magdalena,Río Nare,2019,29,Andes,Definitivo,11,11,0,4.58699798583984,4.58699798583984,14.2042503356934,33.6566925048828,7.86421298980713,3.05454540252686,6.04363632202148,5,10,0.869565188884735,0.876811623573303,1,1,66,1.04999995231628,11.5499994754791
11,2012-11-28,23080760,0,Definitivo,SAN ROQUE [23080760],Pluviométrica,Convencional,Activa,Antioquia,San Roque,6.4875,-75.017,820,5/15/1975,,Monchia,Magdalena Cauca,Medio Magdalena,Río Nare,2012,28,Andes,Definitivo,0,0,0,6.88986396789551,6.88986396789551,9.98109149932861,9.03593826293945,10.0220146179199,3.05454540252686,6.04363632202148,5,10,0.869565188884735,0.876811623573303,1,1,66,1.04999995231628,0
11,2013-11-29,23080760,,"",SAN ROQUE [23080760],Pluviométrica,Convencional,Activa,Antioquia,San Roque,6.4875,-75.017,820,5/15/1975,,Monchia,Magdalena Cauca,Medio Magdalena,Río Nare,2013,29,Andes,Preliminar,0,0,0,1.03306543827057,1.03306543827057,0,3.91252708435059,4.16701459884644,3.05454540252686,6.04363632202148,5,10,0.869565188884735,0.876811623573303,1,1,66,1.04999995231628,0
11,2014-11-29,23080760,2,Definitivo,SAN ROQUE [23080760],Pluviométrica,Convencional,Activa,Antioquia,San Roque,6.4875,-75.017,820,5/15/1975,,Monchia,Magdalena Cauca,Medio Magdalena,Río Nare,2014,29,Andes,Definitivo,2,2,0,1.07509505748749,1.07509505748749,0,2.30579328536987,0.617629110813141,3.05454540252686,6.04363632202148,5,10,0.869565188884735,0.876811623573303,1,1,66,1.04999995231628,2.09999990463257
11,2010-11-27,23080760,1,Definitivo,SAN ROQUE [23080760],Pluviométrica,Convencional,Activa,Antioquia,San Roque,6.4875,-75.017,820,5/15/1975,,Monchia,Magdalena Cauca,Medio Magdalena,Río Nare,2010,27,Andes,Definitivo,1,1,0,6.95576667785645,6.95576667785645,0,15.0167932510376,4.5955867767334,3.05454540252686,6.04363632202148,5,10,0.869565188884735,0.876811623573303,1,1,66,1.04999995231628,1.04999995231628
11,2013-11-30,23080760,3,Definitivo,SAN ROQUE [23080760],Pluviométrica,Convencional,Activa,Antioquia,San Roque,6.4875,-75.017,820,5/15/1975,,Monchia,Magdalena Cauca,Medio Magdalena,Río Nare,2013,30,Andes,Definitivo,3,3,0,6.39727878570557,6.39727878570557,0,4.97556829452515,5.89521312713623,3.05454540252686,6.04363632202148,5,10,0.869565188884735,0.876811623573303,1,1,66,1.04999995231628,3.14999985694885
11,2019-11-30,23080760,0,Definitivo,SAN ROQUE [23080760],Pluviométrica,Convencional,Activa,Antioquia,San Roque,6.4875,-75.017,820,5/15/1975,,Monchia,Magdalena Cauca,Medio Magdalena,Río Nare,2019,30,Andes,Definitivo,0,0,0,31.2260322570801,31.2260322570801,0,36.5878067016602,0.450212866067886,3.05454540252686,6.04363632202148,5,10,0.869565188884735,0.876811623573303,1,1,66,1.04999995231628,0
11,2013-11-25,23080760,0,Definitivo,SAN ROQUE [23080760],Pluviométrica,Convencional,Activa,Antioquia,San Roque,6.4875,-75.017,820,5/15/1975,,Monchia,Magdalena Cauca,Medio Magdalena,Río Nare,2013,25,Andes,Definitivo,0,0,0,8.16242980957031,8.16242980957031,0,9.67040920257568,0.698179423809052,3.05454540252686,6.04363632202148,5,10,0.869565188884735,0.876811623573303,1,1,65,1.04999995231628,0
11,2011-11-29,23080760,4,Definitivo,SAN ROQUE [23080760],Pluviométrica,Convencional,Activa,Antioquia,San Roque,6.4875,-75.017,820,5/15/1975,,Monchia,Magdalena Cauca,Medio Magdalena,Río Nare,2011,29,Andes,Definitivo,4,4,0,21.07985496521,21.07985496521,30.0033874511719,30.3529415130615,17.101842880249,3.05454540252686,6.04363632202148,5,10,0.869565188884735,0.876811623573303,1,1,66,1.04999995231628,4.19999980926514
11,2012-11-29,23080760,0,Definitivo,SAN ROQUE [23080760],Pluviométrica,Convencional,Activa,Antioquia,San Roque,6.4875,-75.017,820,5/15/1975,,Monchia,Magdalena Cauca,Medio Magdalena,Río Nare,2012,29,Andes,Definitivo,0,0,0,12.5806140899658,12.5806140899658,9.98109149932861,9.6334981918335,0.810583531856537,3.05454540252686,6.04363632202148,5,10,0.869565188884735,0.876811623573303,1,1,66,1.04999995231628,0
11,2008-11-27,23080760,32,Definitivo,SAN ROQUE [23080760],Pluviométrica,Convencional,Activa,Antioquia,San Roque,6.4875,-75.017,820,5/15/1975,,Monchia,Magdalena Cauca,Medio Magdalena,Río Nare,2008,27,Andes,Definitivo,32,32,0,6.45949745178223,6.45949745178223,66.3700256347656,15.2755537033081,31.3552436828613,3.05454540252686,6.04363632202148,5,10,0.869565188884735,0.876811623573303,1,1,66,1.04999995231628,33.5999984741211
11,2011-11-30,23080760,18,Definitivo,SAN ROQUE [23080760],Pluviométrica,Convencional,Activa,Antioquia,San Roque,6.4875,-75.017,820,5/15/1975,,Monchia,Magdalena Cauca,Medio Magdalena,Río Nare,2011,30,Andes,Definitivo,18,18,0,2.95619130134583,2.95619130134583,0,9.05828475952148,3.46024656295776,3.05454540252686,6.04363632202148,5,10,0.869565188884735,0.876811623573303,1,1,66,1.04999995231628,18.8999991416931
11,2017-11-29,23080760,24,Definitivo,SAN ROQUE [23080760],Pluviométrica,Convencional,Activa,Antioquia,San Roque,6.4875,-75.017,820,5/15/1975,,Monchia,Magdalena Cauca,Medio Magdalena,Río Nare,2017,29,Andes,Definitivo,24,24,0,4.71619081497192,4.71619081497192,0,5.89092397689819,10.4956655502319,3.05454540252686,6.04363632202148,5,10,0.869565188884735,0.876811623573303,1,1,66,1.04999995231628,25.1999988555908
11,2009-11-29,23080760,,"",SAN ROQUE [23080760],Pluviométrica,Convencional,Activa,Antioquia,San Roque,6.4875,-75.017,820,5/15/1975,,Monchia,Magdalena Cauca,Medio Magdalena,Río Nare,2009,29,Andes,Preliminar,0,0,0,11.5004873275757,11.5004873275757,0,4.97595310211182,1.38896822929382,3.05454540252686,6.04363632202148,5,10,0.869565188884735,0.876811623573303,1,1,66,1.04999995231628,0
11,2009-11-28,23080760,0,Definitivo,SAN ROQUE [23080760],Pluviométrica,Convencional,Activa,Antioquia,San Roque,6.4875,-75.017,820,5/15/1975,,Monchia,Magdalena Cauca,Medio Magdalena,Río Nare,2009,28,Andes,Definitivo,0,0,0,6.62938642501831,6.62938642501831,4.51192903518677,5.64231014251709,2.79252982139587,3.05454540252686,6.04363632202148,5,10,0.869565188884735,0.876811623573303,1,1,66,1.04999995231628,0
11,2013-11-28,23080760,5,Definitivo,SAN ROQUE [23080760],Pluviométrica,Convencional,Activa,Antioquia,San Roque,6.4875,-75.017,820,5/15/1975,,Monchia,Magdalena Cauca,Medio Magdalena,Río Nare,2013,28,Andes,Definitivo,5,5,0,3.36960530281067,3.36960530281067,0,2.65449643135071,0,3.05454540252686,6.04363632202148,5,10,0.869565188884735,0.876811623573303,1,1,66,1.04999995231628,5.24999976158142
11,2010-11-30,23080760,,"",SAN ROQUE [23080760],Pluviométrica,Convencional,Activa,Antioquia,San Roque,6.4875,-75.017,820,5/15/1975,,Monchia,Magdalena Cauca,Medio Magdalena,Río Nare,2010,30,Andes,Preliminar,0,0,0,7.74392032623291,7.74392032623291,15.6500692367554,13.3166370391846,35.7446136474609,3.05454540252686,6.04363632202148,5,10,0.869565188884735,0.876811623573303,1,1,66,1.04999995231628,0
11,2008-11-30,23080760,2,Definitivo,SAN ROQUE [23080760],Pluviométrica,Convencional,Activa,Antioquia,San Roque,6.4875,-75.017,820,5/15/1975,,Monchia,Magdalena Cauca,Medio Magdalena,Río Nare,2008,30,Andes,Definitivo,2,2,0,1.71176695823669,1.71176695823669,0,9.34252643585205,0.290800839662552,3.05454540252686,6.04363632202148,5,10,0.869565188884735,0.876811623573303,1,1,66,1.04999995231628,2.09999990463257
11,2022-11-28,23080760,12,Definitivo,SAN ROQUE [23080760],Pluviométrica,Convencional,Activa,Antioquia,San Roque,6.4875,-75.017,820,5/15/1975,,Monchia,Magdalena Cauca,Medio Magdalena,Río Nare,2022,28,Andes,Definitivo,12,12,0,26.7509670257568,26.7509670257568,34.6567611694336,29.2429218292236,34.3484115600586,3.05454540252686,6.04363632202148,5,10,0.869565188884735,0.876811623573303,1,1,66,1.04999995231628,12.5999994277954
11,2017-11-28,23080760,4,Definitivo,SAN ROQUE [23080760],Pluviométrica,Convencional,Activa,Antioquia,San Roque,6.4875,-75.017,820,5/15/1975,,Monchia,Magdalena Cauca,Medio Magdalena,Río Nare,2017,28,Andes,Definitivo,4,4,0,3.37111639976501,3.37111639976501,34.4407234191895,4.02211713790894,25.0319938659668,3.05454540252686,6.04363632202148,5,10,0.869565188884735,0.876811623573303,1,1,66,1.04999995231628,4.19999980926514
11,2013-11-26,23080760,0,Definitivo,SAN ROQUE [23080760],Pluviométrica,Convencional,Activa,Antioquia,San Roque,6.4875,-75.017,820,5/15/1975,,Monchia,Magdalena Cauca,Medio Magdalena,Río Nare,2013,26,Andes,Definitivo,0,0,0,3.31097793579102,3.31097793579102,16.5487365722656,4.78423070907593,10.3910751342773,3.05454540252686,6.04363632202148,5,10,0.869565188884735,0.876811623573303,1,1,66,1.04999995231628,0
11,2012-11-30,23080760,0,Definitivo,SAN ROQUE [23080760],Pluviométrica,Convencional,Activa,Antioquia,San Roque,6.4875,-75.017,820,5/15/1975,,Monchia,Magdalena Cauca,Medio Magdalena,Río Nare,2012,30,Andes,Definitivo,0,0,0,11.1001033782959,11.1001033782959,0,11.3017997741699,0.418624341487885,3.05454540252686,6.04363632202148,5,10,0.869565188884735,0.876811623573303,1,1,66,1.04999995231628,0
11,2023-11-28,23080760,2,Definitivo,SAN ROQUE [23080760],Pluviométrica,Convencional,Activa,Antioquia,San Roque,6.4875,-75.017,820,5/15/1975,,Monchia,Magdalena Cauca,Medio Magdalena,Río Nare,2023,28,Andes,Definitivo,2,2,0,0,0,0,2.99467611312866,0.129380062222481,3.05454540252686,6.04363632202148,5,10,0.869565188884735,0.876811623573303,1,1,66,1.04999995231628,2.09999990463257
11,2008-11-26,23080760,58,Definitivo,SAN ROQUE [23080760],Pluviométrica,Convencional,Activa,Antioquia,San Roque,6.4875,-75.017,820,5/15/1975,,Monchia,Magdalena Cauca,Medio Magdalena,Río Nare,2008,26,Andes,Definitivo,58,58,0,7.49301767349243,7.49301767349243,0,18.7807083129883,36.7242660522461,3.05454540252686,6.04363632202148,5,10,0.869565188884735,0.876811623573303,1,1,66,1.04999995231628,60.8999972343445
11,2010-11-26,23080760,2,Definitivo,SAN ROQUE [23080760],Pluviométrica,Convencional,Activa,Antioquia,San Roque,6.4875,-75.017,820,5/15/1975,,Monchia,Magdalena Cauca,Medio Magdalena,Río Nare,2010,26,Andes,Definitivo,2,2,0,7.60630655288696,7.60630655288696,0,9.04580116271973,0.863681674003601,3.05454540252686,6.04363632202148,5,10,0.869565188884735,0.876811623573303,1,1,66,1.04999995231628,2.09999990463257
11,2021-11-30,23080760,33,Definitivo,SAN ROQUE [23080760],Pluviométrica,Convencional,Activa,Antioquia,San Roque,6.4875,-75.017,820,5/15/1975,,Monchia,Magdalena Cauca,Medio Magdalena,Río Nare,2021,30,Andes,Definitivo,33,33,0,11.5519208908081,11.5519208908081,10.3788394927979,15.7364206314087,5.96331262588501,3.05454540252686,6.04363632202148,5,10,0.869565188884735,0.876811623573303,1,1,66,1.04999995231628,34.6499984264374
11,2011-11-26,23080760,16,Definitivo,SAN ROQUE [23080760],Pluviométrica,Convencional,Activa,Antioquia,San Roque,6.4875,-75.017,820,5/15/1975,,Monchia,Magdalena Cauca,Medio Magdalena,Río Nare,2011,26,Andes,Definitivo,16,16,0,9.62091255187988,9.62091255187988,0,7.7488169670105,0.121159099042416,3.05454540252686,6.04363632202148,5,10,0.869565188884735,0.876811623573303,1,1,66,1.04999995231628,16.7999992370605
11,2023-11-25,23080760,4,Definitivo,SAN ROQUE [23080760],Pluviométrica,Convencional,Activa,Antioquia,San Roque,6.4875,-75.017,820,5/15/1975,,Monchia,Magdalena Cauca,Medio Magdalena,Río Nare,2023,25,Andes,Definitivo,4,4,0,1.62957763671875,1.62957763671875,7.61688613891602,5.16973686218262,8.47213840484619,3.05454540252686,6.04363632202148,5,10,0.869565188884735,0.876811623573303,1,1,65,1.04999995231628,4.19999980926514
11,2017-11-30,23080760,10,Definitivo,SAN ROQUE [23080760],Pluviométrica,Convencional,Activa,Antioquia,San Roque,6.4875,-75.017,820,5/15/1975,,Monchia,Magdalena Cauca,Medio Magdalena,Río Nare,2017,30,Andes,Definitivo,10,10,0,5.02919864654541,5.02919864654541,0,15.7231998443604,9.13870620727539,3.05454540252686,6.04363632202148,5,10,0.869565188884735,0.876811623573303,1,1,66,1.04999995231628,10.4999995231628
11,2006-11-27,23080760,,"",SAN ROQUE [23080760],Pluviométrica,Convencional,Activa,Antioquia,San Roque,6.4875,-75.017,820,5/15/1975,,Monchia,Magdalena Cauca,Medio Magdalena,Río Nare,2006,27,Andes,Preliminar,0,0,0,6.21629476547241,6.21629476547241,7.8064227104187,9.90925121307373,4.52702522277832,3.05454540252686,6.04363632202148,5,10,0.869565188884735,0.876811623573303,1,1,66,1.04999995231628,0
11,2010-11-29,23080760,6,Definitivo,SAN ROQUE [23080760],Pluviométrica,Convencional,Activa,Antioquia,San Roque,6.4875,-75.017,820,5/15/1975,,Monchia,Magdalena Cauca,Medio Magdalena,Río Nare,2010,29,Andes,Definitivo,6,6,0,20.8110046386719,20.8110046386719,31.3001384735107,23.421932220459,33.5490608215332,3.05454540252686,6.04363632202148,5,10,0.869565188884735,0.876811623573303,1,1,66,1.04999995231628,6.29999971389771
11,2015-11-29,23080760,,"",SAN ROQUE [23080760],Pluviométrica,Convencional,Activa,Antioquia,San Roque,6.4875,-75.017,820,5/15/1975,,Monchia,Magdalena Cauca,Medio Magdalena,Río Nare,2015,29,Andes,Preliminar,0,0,0,5.48788022994995,5.48788022994995,0,2.84034156799316,0.337704300880432,3.05454540252686,6.04363632202148,5,10,0.869565188884735,0.876811623573303,1,1,66,1.04999995231628,0
11,2006-11-30,23080760,18,Definitivo,SAN ROQUE [23080760],Pluviométrica,Convencional,Activa,Antioquia,San Roque,6.4875,-75.017,820,5/15/1975,,Monchia,Magdalena Cauca,Medio Magdalena,Río Nare,2006,30,Andes,Definitivo,18,18,0,0.864090800285339,0.864090800285339,0,3.58388423919678,3.54691648483276,3.05454540252686,6.04363632202148,5,10,0.869565188884735,0.876811623573303,1,1,66,1.04999995231628,18.8999991416931
11,2007-11-28,23080760,3,Definitivo,SAN ROQUE [23080760],Pluviométrica,Convencional,Activa,Antioquia,San Roque,6.4875,-75.017,820,5/15/1975,,Monchia,Magdalena Cauca,Medio Magdalena,Río Nare,2007,28,Andes,Definitivo,3,3,0,6.84910297393799,6.84910297393799,0,6.11491775512695,0.143674120306969,3.05454540252686,6.04363632202148,5,10,0.869565188884735,0.876811623573303,1,1,66,1.04999995231628,3.14999985694885
11,2006-11-26,23080760,11,Definitivo,SAN ROQUE [23080760],Pluviométrica,Convencional,Activa,Antioquia,San Roque,6.4875,-75.017,820,5/15/1975,,Monchia,Magdalena Cauca,Medio Magdalena,Río Nare,2006,26,Andes,Definitivo,11,11,0,6.5838565826416,6.5838565826416,23.4192657470703,14.7223253250122,33.7845497131348,3.05454540252686,6.04363632202148,5,10,0.869565188884735,0.876811623573303,1,1,66,1.04999995231628,11.5499994754791
11,2008-11-29,23080760,1,Definitivo,SAN ROQUE [23080760],Pluviométrica,Convencional,Activa,Antioquia,San Roque,6.4875,-75.017,820,5/15/1975,,Monchia,Magdalena Cauca,Medio Magdalena,Río Nare,2008,29,Andes,Definitivo,1,1,0,15.212119102478,15.212119102478,0,16.4216575622559,7.91819715499878,3.05454540252686,6.04363632202148,5,10,0.869565188884735,0.876811623573303,1,1,66,1.04999995231628,1.04999995231628
11,2013-11-27,23080760,1,Definitivo,SAN ROQUE [23080760],Pluviométrica,Convencional,Activa,Antioquia,San Roque,6.4875,-75.017,820,5/15/1975,,Monchia,Magdalena Cauca,Medio Magdalena,Río Nare,2013,27,Andes,Definitivo,1,1,0,4.7031512260437,4.7031512260437,0,4.32037687301636,0.193896114826202,3.05454540252686,6.04363632202148,5,10,0.869565188884735,0.876811623573303,1,1,66,1.04999995231628,1.04999995231628
11,2016-11-25,23080760,0,Definitivo,SAN ROQUE [23080760],Pluviométrica,Convencional,Activa,Antioquia,San Roque,6.4875,-75.017,820,5/15/1975,,Monchia,Magdalena Cauca,Medio Magdalena,Río Nare,2016,25,Andes,Definitivo,0,0,0,12.8803901672363,12.8803901672363,0,15.1965770721436,23.3575096130371,3.05454540252686,6.04363632202148,5,10,0.869565188884735,0.876811623573303,1,1,65,1.04999995231628,0
11,2022-11-29,23080760,3,Definitivo,SAN ROQUE [23080760],Pluviométrica,Convencional,Activa,Antioquia,San Roque,6.4875,-75.017,820,5/15/1975,,Monchia,Magdalena Cauca,Medio Magdalena,Río Nare,2022,29,Andes,Definitivo,3,3,0,18.0166397094727,18.0166397094727,6.93135213851929,21.2029361724854,18.8600006103516,3.05454540252686,6.04363632202148,5,10,0.869565188884735,0.876811623573303,1,1,66,1.04999995231628,3.14999985694885
11,2007-11-24,23080760,28,Definitivo,SAN ROQUE [23080760],Pluviométrica,Convencional,Activa,Antioquia,San Roque,6.4875,-75.017,820,5/15/1975,,Monchia,Magdalena Cauca,Medio Magdalena,Río Nare,2007,24,Andes,Definitivo,28,28,0,5.19645404815674,5.19645404815674,0,29.1326293945313,9.62166690826416,3.05454540252686,6.04363632202148,5,10,0.869565188884735,0.876811623573303,1,1,65,1.04999995231628,29.399998664856
11,2023-11-29,23080760,0,Definitivo,SAN ROQUE [23080760],Pluviométrica,Convencional,Activa,Antioquia,San Roque,6.4875,-75.017,820,5/15/1975,,Monchia,Magdalena Cauca,Medio Magdalena,Río Nare,2023,29,Andes,Definitivo,0,0,0,0,0,14.70716381073,4.51403474807739,16.6583824157715,3.05454540252686,6.04363632202148,5,10,0.869565188884735,0.876811623573303,1,1,66,1.04999995231628,0
11,2023-11-27,23080760,0,Definitivo,SAN ROQUE [23080760],Pluviométrica,Convencional,Activa,Antioquia,San Roque,6.4875,-75.017,820,5/15/1975,,Monchia,Magdalena Cauca,Medio Magdalena,Río Nare,2023,27,Andes,Definitivo,0,0,0,0,0,0,0.147750437259674,0,3.05454540252686,6.04363632202148,5,10,0.869565188884735,0.876811623573303,1,1,66,1.04999995231628,0
11,2021-11-27,23080760,0,Definitivo,SAN ROQUE [23080760],Pluviométrica,Convencional,Activa,Antioquia,San Roque,6.4875,-75.017,820,5/15/1975,,Monchia,Magdalena Cauca,Medio Magdalena,Río Nare,2021,27,Andes,Definitivo,0,0,0,16.1042861938477,16.1042861938477,0,6.50079202651978,0.536218822002411,3.05454540252686,6.04363632202148,5,10,0.869565188884735,0.876811623573303,1,1,66,1.04999995231628,0
11,2018-11-30,23080760,0,Definitivo,SAN ROQUE [23080760],Pluviométrica,Convencional,Activa,Antioquia,San Roque,6.4875,-75.017,820,5/15/1975,,Monchia,Magdalena Cauca,Medio Magdalena,Río Nare,2018,30,Andes,Definitivo,0,0,0,12.6346750259399,12.6346750259399,0,5.64377403259277,0.761491715908051,3.05454540252686,6.04363632202148,5,10,0.869565188884735,0.876811623573303,1,1,66,1.04999995231628,0
11,2007-11-23,23080760,,"",SAN ROQUE [23080760],Pluviométrica,Convencional,Activa,Antioquia,San Roque,6.4875,-75.017,820,5/15/1975,,Monchia,Magdalena Cauca,Medio Magdalena,Río Nare,2007,23,Andes,Preliminar,0,0,0,26.3489551544189,26.3489551544189,17.7641162872314,13.216911315918,7.1814661026001,3.05454540252686,6.04363632202148,5,10,0.869565188884735,0.876811623573303,1,1,65,1.04999995231628,0
11,2009-11-25,23080760,58,Definitivo,SAN ROQUE [23080760],Pluviométrica,Convencional,Activa,Antioquia,San Roque,6.4875,-75.017,820,5/15/1975,,Monchia,Magdalena Cauca,Medio Magdalena,Río Nare,2009,25,Andes,Definitivo,58,58,0,0.80687427520752,0.80687427520752,0,11.2980842590332,1.04744601249695,3.05454540252686,6.04363632202148,5,10,0.869565188884735,0.876811623573303,1,1,65,1.04999995231628,60.8999972343445
11,2011-11-27,23080760,18,Definitivo,SAN ROQUE [23080760],Pluviométrica,Convencional,Activa,Antioquia,San Roque,6.4875,-75.017,820,5/15/1975,,Monchia,Magdalena Cauca,Medio Magdalena,Río Nare,2011,27,Andes,Definitivo,18,18,0,13.8606958389282,13.8606958389282,20.0022583007813,19.8207454681397,28.5829963684082,3.05454540252686,6.04363632202148,5,10,0.869565188884735,0.876811623573303,1,1,66,1.04999995231628,18.8999991416931
11,2008-11-25,23080760,25,Definitivo,SAN ROQUE [23080760],Pluviométrica,Convencional,Activa,Antioquia,San Roque,6.4875,-75.017,820,5/15/1975,,Monchia,Magdalena Cauca,Medio Magdalena,Río Nare,2008,25,Andes,Definitivo,25,25,0,16.8055877685547,16.8055877685547,0,33.5661010742188,21.7749156951904,3.05454540252686,6.04363632202148,5,10,0.869565188884735,0.876811623573303,1,1,65,1.04999995231628,26.2499988079071
11,2022-11-30,23080760,12,Definitivo,SAN ROQUE [23080760],Pluviométrica,Convencional,Activa,Antioquia,San Roque,6.4875,-75.017,820,5/15/1975,,Monchia,Magdalena Cauca,Medio Magdalena,Río Nare,2022,30,Andes,Definitivo,12,12,0,41.0316162109375,41.0316162109375,6.93135213851929,7.15838718414307,2.84083604812622,3.05454540252686,6.04363632202148,5,10,0.869565188884735,0.876811623573303,1,1,66,1.04999995231628,12.5999994277954
11,2008-11-28,23080760,27,Definitivo,SAN ROQUE [23080760],Pluviométrica,Convencional,Activa,Antioquia,San Roque,6.4875,-75.017,820,5/15/1975,,Monchia,Magdalena Cauca,Medio Magdalena,Río Nare,2008,28,Andes,Definitivo,27,27,0,7.91288423538208,7.91288423538208,0,37.4111633300781,20.9430904388428,3.05454540252686,6.04363632202148,5,10,0.869565188884735,0.876811623573303,1,1,66,1.04999995231628,28.3499987125397
11,2006-11-29,23080760,4,Definitivo,SAN ROQUE [23080760],Pluviométrica,Convencional,Activa,Antioquia,San Roque,6.4875,-75.017,820,5/15/1975,,Monchia,Magdalena Cauca,Medio Magdalena,Río Nare,2006,29,Andes,Definitivo,4,4,0,13.6126546859741,13.6126546859741,0,13.8917331695557,6.65176486968994,3.05454540252686,6.04363632202148,5,10,0.869565188884735,0.876811623573303,1,1,66,1.04999995231628,4.19999980926514
11,2015-11-30,23080760,18,Definitivo,SAN ROQUE [23080760],Pluviométrica,Convencional,Activa,Antioquia,San Roque,6.4875,-75.017,820,5/15/1975,,Monchia,Magdalena Cauca,Medio Magdalena,Río Nare,2015,30,Andes,Definitivo,18,18,0,1.73202621936798,1.73202621936798,0,1.22896361351013,0,3.05454540252686,6.04363632202148,5,10,0.869565188884735,0.876811623573303,1,1,66,1.04999995231628,18.8999991416931
11,2010-11-28,23080760,44,Definitivo,SAN ROQUE [23080760],Pluviométrica,Convencional,Activa,Antioquia,San Roque,6.4875,-75.017,820,5/15/1975,,Monchia,Magdalena Cauca,Medio Magdalena,Río Nare,2010,28,Andes,Definitivo,44,44,0,12.4415655136108,12.4415655136108,15.6500692367554,23.4078407287598,9.45605659484863,3.05454540252686,6.04363632202148,5,10,0.869565188884735,0.876811623573303,1,1,66,1.04999995231628,46.1999979019165
11,2021-11-22,23080760,29,Definitivo,SAN ROQUE [23080760],Pluviométrica,Convencional,Activa,Antioquia,San Roque,6.4875,-75.017,820,5/15/1975,,Monchia,Magdalena Cauca,Medio Magdalena,Río Nare,2021,22,Andes,Definitivo,29,29,0,5.90842962265015,5.90842962265015,0,25.5222473144531,1.50524151325226,3.05454540252686,6.04363632202148,5,10,0.869565188884735,0.876811623573303,1,1,65,1.04999995231628,30.4499986171722
11,2008-11-20,23080760,70,Definitivo,SAN ROQUE [23080760],Pluviométrica,Convencional,Activa,Antioquia,San Roque,6.4875,-75.017,820,5/15/1975,,Monchia,Magdalena Cauca,Medio Magdalena,Río Nare,2008,20,Andes,Definitivo,70,70,0,16.7362384796143,16.7362384796143,61.8528594970703,43.5210838317871,51.7941780090332,3.05454540252686,6.04363632202148,5,10,0.869565188884735,0.876811623573303,1,1,64,1.04999995231628,73.4999966621399
11,2007-11-27,23080760,,"",SAN ROQUE [23080760],Pluviométrica,Convencional,Activa,Antioquia,San Roque,6.4875,-75.017,820,5/15/1975,,Monchia,Magdalena Cauca,Medio Magdalena,Río Nare,2007,27,Andes,Preliminar,0,0,0,3.60119915008545,3.60119915008545,0,4.2624044418335,12.0868339538574,3.05454540252686,6.04363632202148,5,10,0.869565188884735,0.876811623573303,1,1,66,1.04999995231628,0
11,2023-11-22,23080760,0,Definitivo,SAN ROQUE [23080760],Pluviométrica,Convencional,Activa,Antioquia,San Roque,6.4875,-75.017,820,5/15/1975,,Monchia,Magdalena Cauca,Medio Magdalena,Río Nare,2023,22,Andes,Definitivo,0,0,0,5.21995306015015,5.21995306015015,0,2.75782799720764,0,3.05454540252686,6.04363632202148,5,10,0.869565188884735,0.876811623573303,1,1,65,1.04999995231628,0
11,2020-11-28,23080760,0,Definitivo,SAN ROQUE [23080760],Pluviométrica,Convencional,Activa,Antioquia,San Roque,6.4875,-75.017,820,5/15/1975,,Monchia,Magdalena Cauca,Medio Magdalena,Río Nare,2020,28,Andes,Definitivo,0,0,0,17.146728515625,17.146728515625,25.1958751678467,13.4018363952637,36.5897407531738,3.05454540252686,6.04363632202148,5,10,0.869565188884735,0.876811623573303,1,1,66,1.04999995231628,0
11,2020-11-29,23080760,0,Definitivo,SAN ROQUE [23080760],Pluviométrica,Convencional,Activa,Antioquia,San Roque,6.4875,-75.017,820,5/15/1975,,Monchia,Magdalena Cauca,Medio Magdalena,Río Nare,2020,29,Andes,Definitivo,0,0,0,4.48466682434082,4.48466682434082,8.39862442016602,3.8640718460083,12.1336154937744,3.05454540252686,6.04363632202148,5,10,0.869565188884735,0.876811623573303,1,1,66,1.04999995231628,0
11,2007-11-25,23080760,,"",SAN ROQUE [23080760],Pluviométrica,Convencional,Activa,Antioquia,San Roque,6.4875,-75.017,820,5/15/1975,,Monchia,Magdalena Cauca,Medio Magdalena,Río Nare,2007,25,Andes,Preliminar,0,0,0,12.3311023712158,12.3311023712158,11.8427438735962,5.83034467697144,16.143009185791,3.05454540252686,6.04363632202148,5,10,0.869565188884735,0.876811623573303,1,1,65,1.04999995231628,0
11,2011-11-28,23080760,,"",SAN ROQUE [23080760],Pluviométrica,Convencional,Activa,Antioquia,San Roque,6.4875,-75.017,820,5/15/1975,,Monchia,Magdalena Cauca,Medio Magdalena,Río Nare,2011,28,Andes,Preliminar,21,21,0,14.2645692825317,14.2645692825317,20.0022583007813,25.2663097381592,42.9808540344238,3.05454540252686,6.04363632202148,5,10,0.869565188884735,0.876811623573303,1,1,66,1.04999995231628,22.049998998642
11,2017-11-25,23080760,19,Definitivo,SAN ROQUE [23080760],Pluviométrica,Convencional,Activa,Antioquia,San Roque,6.4875,-75.017,820,5/15/1975,,Monchia,Magdalena Cauca,Medio Magdalena,Río Nare,2017,25,Andes,Definitivo,19,19,0,1.04616320133209,1.04616320133209,0,4.06253671646118,4.56310939788818,3.05454540252686,6.04363632202148,5,10,0.869565188884735,0.876811623573303,1,1,65,1.04999995231628,19.9499990940094
11,2019-11-27,23080760,105,Definitivo,SAN ROQUE [23080760],Pluviométrica,Convencional,Activa,Antioquia,San Roque,6.4875,-75.017,820,5/15/1975,,Monchia,Magdalena Cauca,Medio Magdalena,Río Nare,2019,27,Andes,Definitivo,105,105,0,1.43099653720856,1.43099653720856,0,0.108213551342487,5.00489950180054,3.05454540252686,6.04363632202148,5,10,0.869565188884735,0.876811623573303,1,1,66,1.04999995231628,110.24999499321
11,2021-11-28,23080760,8,Definitivo,SAN ROQUE [23080760],Pluviométrica,Convencional,Activa,Antioquia,San Roque,6.4875,-75.017,820,5/15/1975,,Monchia,Magdalena Cauca,Medio Magdalena,Río Nare,2021,28,Andes,Definitivo,8,8,0,8.13234519958496,8.13234519958496,0,7.34921979904175,0.244526460766792,3.05454540252686,6.04363632202148,5,10,0.869565188884735,0.876811623573303,1,1,66,1.04999995231628,8.39999961853027
11,2021-11-29,23080760,7,Definitivo,SAN ROQUE [23080760],Pluviométrica,Convencional,Activa,Antioquia,San Roque,6.4875,-75.017,820,5/15/1975,,Monchia,Magdalena Cauca,Medio Magdalena,Río Nare,2021,29,Andes,Definitivo,7,7,0,10.1508474349976,10.1508474349976,10.3788394927979,12.1305513381958,1.42535972595215,3.05454540252686,6.04363632202148,5,10,0.869565188884735,0.876811623573303,1,1,66,1.04999995231628,7.34999966621399
11,2005-11-27,23080760,,"",SAN ROQUE [23080760],Pluviométrica,Convencional,Activa,Antioquia,San Roque,6.4875,-75.017,820,5/15/1975,,Monchia,Magdalena Cauca,Medio Magdalena,Río Nare,2005,27,Andes,Preliminar,0,0,0,1.65306735038757,1.65306735038757,0,0.501863896846771,1.04884207248688,3.05454540252686,6.04363632202148,5,10,0.869565188884735,0.876811623573303,1,1,66,1.04999995231628,0
11,2006-11-25,23080760,16,Definitivo,SAN ROQUE [23080760],Pluviométrica,Convencional,Activa,Antioquia,San Roque,6.4875,-75.017,820,5/15/1975,,Monchia,Magdalena Cauca,Medio Magdalena,Río Nare,2006,25,Andes,Definitivo,16,16,0,20.6007423400879,20.6007423400879,37.1922988891602,17.3177967071533,37.8072395324707,3.05454540252686,6.04363632202148,5,10,0.869565188884735,0.876811623573303,1,1,65,1.04999995231628,16.7999992370605
11,2021-11-19,23080760,0,Definitivo,SAN ROQUE [23080760],Pluviométrica,Convencional,Activa,Antioquia,San Roque,6.4875,-75.017,820,5/15/1975,,Monchia,Magdalena Cauca,Medio Magdalena,Río Nare,2021,19,Andes,Definitivo,0,0,0,1.75255727767944,1.75255727767944,0,0,0,3.05454540252686,6.04363632202148,5,10,0.869565188884735,0.876811623573303,1,1,64,1.04999995231628,0
11,2023-11-17,23080760,60,Definitivo,SAN ROQUE [23080760],Pluviométrica,Convencional,Activa,Antioquia,San Roque,6.4875,-75.017,820,5/15/1975,,Monchia,Magdalena Cauca,Medio Magdalena,Río Nare,2023,17,Andes,Definitivo,60,60,0,2.05086851119995,2.05086851119995,0,5.23812580108643,11.1947641372681,3.05454540252686,6.04363632202148,5,10,0.869565188884735,0.876811623573303,1,1,64,1.04999995231628,62.9999971389771
11,2009-11-26,23080760,,"",SAN ROQUE [23080760],Pluviométrica,Convencional,Activa,Antioquia,San Roque,6.4875,-75.017,820,5/15/1975,,Monchia,Magdalena Cauca,Medio Magdalena,Río Nare,2009,26,Andes,Preliminar,0,0,0,5.14461183547974,5.14461183547974,4.51192903518677,2.82885098457336,1.60130345821381,3.05454540252686,6.04363632202148,5,10,0.869565188884735,0.876811623573303,1,1,66,1.04999995231628,0
11,2016-11-26,23080760,1,Definitivo,SAN ROQUE [23080760],Pluviométrica,Convencional,Activa,Antioquia,San Roque,6.4875,-75.017,820,5/15/1975,,Monchia,Magdalena Cauca,Medio Magdalena,Río Nare,2016,26,Andes,Definitivo,1,1,0,14.791654586792,14.791654586792,0,6.60190439224243,13.2911720275879,3.05454540252686,6.04363632202148,5,10,0.869565188884735,0.876811623573303,1,1,66,1.04999995231628,1.04999995231628
11,2018-11-28,23080760,10,Definitivo,SAN ROQUE [23080760],Pluviométrica,Convencional,Activa,Antioquia,San Roque,6.4875,-75.017,820,5/15/1975,,Monchia,Magdalena Cauca,Medio Magdalena,Río Nare,2018,28,Andes,Definitivo,10,10,0,14.4459257125855,14.4459257125855,0,8.16417026519775,8.11699104309082,3.05454540252686,6.04363632202148,5,10,0.869565188884735,0.876811623573303,1,1,66,1.04999995231628,10.4999995231628
11,2023-11-30,23080760,0,Definitivo,SAN ROQUE [23080760],Pluviométrica,Convencional,Activa,Antioquia,San Roque,6.4875,-75.017,820,5/15/1975,,Monchia,Magdalena Cauca,Medio Magdalena,Río Nare,2023,30,Andes,Definitivo,0,0,0,30.8091087341309,30.8091087341309,0,9.03247737884521,2.37296581268311,3.05454540252686,6.04363632202148,5,10,0.869565188884735,0.876811623573303,1,1,66,1.04999995231628,0
11,2016-11-29,23080760,1,Definitivo,SAN ROQUE [23080760],Pluviométrica,Convencional,Activa,Antioquia,San Roque,6.4875,-75.017,820,5/15/1975,,Monchia,Magdalena Cauca,Medio Magdalena,Río Nare,2016,29,Andes,Definitivo,1,1,0,7.87453269958496,7.87453269958496,13.2538270950317,29.6573371887207,8.61848068237305,3.05454540252686,6.04363632202148,5,10,0.869565188884735,0.876811623573303,1,1,66,1.04999995231628,1.04999995231628
11,2007-11-30,23080760,,"",SAN ROQUE [23080760],Pluviométrica,Convencional,Activa,Antioquia,San Roque,6.4875,-75.017,820,5/15/1975,,Monchia,Magdalena Cauca,Medio Magdalena,Río Nare,2007,30,Andes,Preliminar,0,0,0,3.55302214622498,3.55302214622498,0,2.25433349609375,0,3.05454540252686,6.04363632202148,5,10,0.869565188884735,0.876811623573303,1,1,66,1.04999995231628,0
11,2005-11-30,23080760,,"",SAN ROQUE [23080760],Pluviométrica,Convencional,Activa,Antioquia,San Roque,6.4875,-75.017,820,5/15/1975,,Monchia,Magdalena Cauca,Medio Magdalena,Río Nare,2005,30,Andes,Preliminar,0,0,0,1.58026385307312,1.58026385307312,0,1.00004136562347,0.561250746250153,3.05454540252686,6.04363632202148,5,10,0.869565188884735,0.876811623573303,1,1,66,1.04999995231628,0
11,2006-11-28,23080760,0,Definitivo,SAN ROQUE [23080760],Pluviométrica,Convencional,Activa,Antioquia,San Roque,6.4875,-75.017,820,5/15/1975,,Monchia,Magdalena Cauca,Medio Magdalena,Río Nare,2006,28,Andes,Definitivo,0,0,0,7.86709499359131,7.86709499359131,7.8064227104187,15.7674121856689,9.36434841156006,3.05454540252686,6.04363632202148,5,10,0.869565188884735,0.876811623573303,1,1,66,1.04999995231628,0
11,2007-11-26,23080760,29,Definitivo,SAN ROQUE [23080760],Pluviométrica,Convencional,Activa,Antioquia,San Roque,6.4875,-75.017,820,5/15/1975,,Monchia,Magdalena Cauca,Medio Magdalena,Río Nare,2007,26,Andes,Definitivo,29,29,0,2.85847687721252,2.85847687721252,0,2.67330455780029,0.248365461826324,3.05454540252686,6.04363632202148,5,10,0.869565188884735,0.876811623573303,1,1,66,1.04999995231628,30.4499986171722
11,2023-11-26,23080760,0,Definitivo,SAN ROQUE [23080760],Pluviométrica,Convencional,Activa,Antioquia,San Roque,6.4875,-75.017,820,5/15/1975,,Monchia,Magdalena Cauca,Medio Magdalena,Río Nare,2023,26,Andes,Definitivo,0,0,0,1.94076645374298,1.94076645374298,0,2.86166977882385,0.3898786008358,3.05454540252686,6.04363632202148,5,10,0.869565188884735,0.876811623573303,1,1,66,1.04999995231628,0
11,2023-11-24,23080760,2,Definitivo,SAN ROQUE [23080760],Pluviométrica,Convencional,Activa,Antioquia,San Roque,6.4875,-75.017,820,5/15/1975,,Monchia,Magdalena Cauca,Medio Magdalena,Río Nare,2023,24,Andes,Definitivo,2,2,0,4.0095419883728,4.0095419883728,7.61688613891602,4.45879888534546,11.2253322601318,3.05454540252686,6.04363632202148,5,10,0.869565188884735,0.876811623573303,1,1,65,1.04999995231628,2.09999990463257
11,2008-11-19,23080760,137,Definitivo,SAN ROQUE [23080760],Pluviométrica,Convencional,Activa,Antioquia,San Roque,6.4875,-75.017,820,5/15/1975,,Monchia,Magdalena Cauca,Medio Magdalena,Río Nare,2008,19,Andes,Definitivo,137,137,0,4.71252155303955,4.71252155303955,20.617618560791,31.2983474731445,47.1272659301758,3.05454540252686,6.04363632202148,5,10,0.869565188884735,0.876811623573303,1,1,64,1.04999995231628,143.849993467331
11,2009-11-17,23080760,,"",SAN ROQUE [23080760],Pluviométrica,Convencional,Activa,Antioquia,San Roque,6.4875,-75.017,820,5/15/1975,,Monchia,Magdalena Cauca,Medio Magdalena,Río Nare,2009,17,Andes,Preliminar,0,0,0,21.4018535614014,21.4018535614014,8.83106231689453,15.0770492553711,10.2205791473389,3.05454540252686,6.04363632202148,5,10,0.869565188884735,0.876811623573303,1,1,64,1.04999995231628,0
11,2008-11-21,23080760,2,Definitivo,SAN ROQUE [23080760],Pluviométrica,Convencional,Activa,Antioquia,San Roque,6.4875,-75.017,820,5/15/1975,,Monchia,Magdalena Cauca,Medio Magdalena,Río Nare,2008,21,Andes,Definitivo,2,2,0,7.91542482376099,7.91542482376099,32.4133377075195,38.2121047973633,50.7170104980469,3.05454540252686,6.04363632202148,5,10,0.869565188884735,0.876811623573303,1,1,65,1.04999995231628,2.09999990463257
11,2009-11-27,23080760,11,Definitivo,SAN ROQUE [23080760],Pluviométrica,Convencional,Activa,Antioquia,San Roque,6.4875,-75.017,820,5/15/1975,,Monchia,Magdalena Cauca,Medio Magdalena,Río Nare,2009,27,Andes,Definitivo,11,11,0,1.51082289218903,1.51082289218903,4.51192903518677,1.93912553787231,12.2826700210571,3.05454540252686,6.04363632202148,5,10,0.869565188884735,0.876811623573303,1,1,66,1.04999995231628,11.5499994754791
11,2014-11-26,23080760,10,Definitivo,SAN ROQUE [23080760],Pluviométrica,Convencional,Activa,Antioquia,San Roque,6.4875,-75.017,820,5/15/1975,,Monchia,Magdalena Cauca,Medio Magdalena,Río Nare,2014,26,Andes,Definitivo,10,10,0,7.7056941986084,7.7056941986084,0,30.4811820983887,17.1864776611328,3.05454540252686,6.04363632202148,5,10,0.869565188884735,0.876811623573303,1,1,66,1.04999995231628,10.4999995231628
11,2018-11-29,23080760,0,Definitivo,SAN ROQUE [23080760],Pluviométrica,Convencional,Activa,Antioquia,San Roque,6.4875,-75.017,820,5/15/1975,,Monchia,Magdalena Cauca,Medio Magdalena,Río Nare,2018,29,Andes,Definitivo,0,0,0,5.7868185043335,5.7868185043335,0,1.91254317760468,2.81434893608093,3.05454540252686,6.04363632202148,5,10,0.869565188884735,0.876811623573303,1,1,66,1.04999995231628,0
11,2016-11-28,23080760,35,Definitivo,SAN ROQUE [23080760],Pluviométrica,Convencional,Activa,Antioquia,San Roque,6.4875,-75.017,820,5/15/1975,,Monchia,Magdalena Cauca,Medio Magdalena,Río Nare,2016,28,Andes,Definitivo,35,35,0,17.9629650115967,17.9629650115967,26.5076541900635,19.5105133056641,37.8335647583008,3.05454540252686,6.04363632202148,5,10,0.869565188884735,0.876811623573303,1,1,66,1.04999995231628,36.7499983310699
11,2012-11-26,23080760,1,Definitivo,SAN ROQUE [23080760],Pluviométrica,Convencional,Activa,Antioquia,San Roque,6.4875,-75.017,820,5/15/1975,,Monchia,Magdalena Cauca,Medio Magdalena,Río Nare,2012,26,Andes,Definitivo,1,1,0,3.93291544914246,3.93291544914246,0,3.75441122055054,0.197173997759819,3.05454540252686,6.04363632202148,5,10,0.869565188884735,0.876811623573303,1,1,66,1.04999995231628,1.04999995231628
11,2012-11-27,23080760,16,Definitivo,SAN ROQUE [23080760],Pluviométrica,Convencional,Activa,Antioquia,San Roque,6.4875,-75.017,820,5/15/1975,,Monchia,Magdalena Cauca,Medio Magdalena,Río Nare,2012,27,Andes,Definitivo,16,16,0,5.92367219924927,5.92367219924927,9.98109149932861,5.10203647613525,27.3792915344238,3.05454540252686,6.04363632202148,5,10,0.869565188884735,0.876811623573303,1,1,66,1.04999995231628,16.7999992370605
11,2017-11-26,23080760,8,Definitivo,SAN ROQUE [23080760],Pluviométrica,Convencional,Activa,Antioquia,San Roque,6.4875,-75.017,820,5/15/1975,,Monchia,Magdalena Cauca,Medio Magdalena,Río Nare,2017,26,Andes,Definitivo,8,8,0,3.5491635799408,3.5491635799408,0,4.99998474121094,0,3.05454540252686,6.04363632202148,5,10,0.869565188884735,0.876811623573303,1,1,66,1.04999995231628,8.39999961853027
11,2019-11-28,23080760,0,Definitivo,SAN ROQUE [23080760],Pluviométrica,Convencional,Activa,Antioquia,San Roque,6.4875,-75.017,820,5/15/1975,,Monchia,Magdalena Cauca,Medio Magdalena,Río Nare,2019,28,Andes,Definitivo,0,0,0,2.16637277603149,2.16637277603149,42.6127510070801,0.744048476219177,54.2000236511231,3.05454540252686,6.04363632202148,5,10,0.869565188884735,0.876811623573303,1,1,66,1.04999995231628,0
11,2005-11-26,23080760,,"",SAN ROQUE [23080760],Pluviométrica,Convencional,Activa,Antioquia,San Roque,6.4875,-75.017,820,5/15/1975,,Monchia,Magdalena Cauca,Medio Magdalena,Río Nare,2005,26,Andes,Preliminar,0,0,0,4.13695096969605,4.13695096969605,0,2.06142067909241,1.94562494754791,3.05454540252686,6.04363632202148,5,10,0.869565188884735,0.876811623573303,1,1,66,1.04999995231628,0
11,2006-11-24,23080760,82,Definitivo,SAN ROQUE [23080760],Pluviométrica,Convencional,Activa,Antioquia,San Roque,6.4875,-75.017,820,5/15/1975,,Monchia,Magdalena Cauca,Medio Magdalena,Río Nare,2006,24,Andes,Definitivo,82,82,0,20.1446380615234,20.1446380615234,0,26.2682476043701,38.1978797912598,3.05454540252686,6.04363632202148,5,10,0.869565188884735,0.876811623573303,1,1,65,1.04999995231628,86.0999960899353
11,2023-11-21,23080760,0,Definitivo,SAN ROQUE [23080760],Pluviométrica,Convencional,Activa,Antioquia,San Roque,6.4875,-75.017,820,5/15/1975,,Monchia,Magdalena Cauca,Medio Magdalena,Río Nare,2023,21,Andes,Definitivo,0,0,0,7.1411623954773,7.1411623954773,0,6.16501140594482,0,3.05454540252686,6.04363632202148,5,10,0.869565188884735,0.876811623573303,1,1,65,1.04999995231628,0
11,2023-11-19,23080760,23,Definitivo,SAN ROQUE [23080760],Pluviométrica,Convencional,Activa,Antioquia,San Roque,6.4875,-75.017,820,5/15/1975,,Monchia,Magdalena Cauca,Medio Magdalena,Río Nare,2023,19,Andes,Definitivo,23,23,0,15.8350763320923,15.8350763320923,27.6056518554688,16.2152824401855,9.68737697601318,3.05454540252686,6.04363632202148,5,10,0.869565188884735,0.876811623573303,1,1,64,1.04999995231628,24.1499989032745
11,2023-11-16,23080760,22,Definitivo,SAN ROQUE [23080760],Pluviométrica,Convencional,Activa,Antioquia,San Roque,6.4875,-75.017,820,5/15/1975,,Monchia,Magdalena Cauca,Medio Magdalena,Río Nare,2023,16,Andes,Definitivo,22,22,0,0.936636447906494,0.936636447906494,0,6.9513726234436,9.48113059997559,3.05454540252686,6.04363632202148,5,10,0.869565188884735,0.876811623573303,1,1,64,1.04999995231628,23.0999989509583
11,2010-11-23,23080760,9,Definitivo,SAN ROQUE [23080760],Pluviométrica,Convencional,Activa,Antioquia,San Roque,6.4875,-75.017,820,5/15/1975,,Monchia,Magdalena Cauca,Medio Magdalena,Río Nare,2010,23,Andes,Definitivo,9,9,0,9.34796333312988,9.34796333312988,0,7.82205629348755,6.54896402359009,3.05454540252686,6.04363632202148,5,10,0.869565188884735,0.876811623573303,1,1,65,1.04999995231628,9.44999957084656
11,2010-11-24,23080760,1,Definitivo,SAN ROQUE [23080760],Pluviométrica,Convencional,Activa,Antioquia,San Roque,6.4875,-75.017,820,5/15/1975,,Monchia,Magdalena Cauca,Medio Magdalena,Río Nare,2010,24,Andes,Definitivo,1,1,0,16.1991806030273,16.1991806030273,8.15682411193848,8.51320838928223,13.8326225280762,3.05454540252686,6.04363632202148,5,10,0.869565188884735,0.876811623573303,1,1,65,1.04999995231628,1.04999995231628
11,2016-11-27,23080760,8,Definitivo,SAN ROQUE [23080760],Pluviométrica,Convencional,Activa,Antioquia,San Roque,6.4875,-75.017,820,5/15/1975,,Monchia,Magdalena Cauca,Medio Magdalena,Río Nare,2016,27,Andes,Definitivo,8,8,0,14.6042594909668,14.6042594909668,26.5076541900635,34.0871696472168,33.0475425720215,3.05454540252686,6.04363632202148,5,10,0.869565188884735,0.876811623573303,1,1,66,1.04999995231628,8.39999961853027
11,2020-11-30,23080760,27,Definitivo,SAN ROQUE [23080760],Pluviométrica,Convencional,Activa,Antioquia,San Roque,6.4875,-75.017,820,5/15/1975,,Monchia,Magdalena Cauca,Medio Magdalena,Río Nare,2020,30,Andes,Definitivo,27,27,0,1.1512702703476,1.1512702703476,8.39862442016602,16.1662731170654,1.723020195961,3.05454540252686,6.04363632202148,5,10,0.869565188884735,0.876811623573303,1,1,66,1.04999995231628,28.3499987125397
11,2022-11-11,23080760,4,Definitivo,SAN ROQUE [23080760],Pluviométrica,Convencional,Activa,Antioquia,San Roque,6.4875,-75.017,820,5/15/1975,,Monchia,Magdalena Cauca,Medio Magdalena,Río Nare,2022,11,Andes,Definitivo,4,4,0,10.484881401062,10.484881401062,33.6607284545898,8.4207706451416,20.2199535369873,3.05454540252686,6.04363632202148,5,10,0.869565188884735,0.876811623573303,1,1,63,1.04999995231628,4.19999980926514
11,2005-11-29,23080760,,"",SAN ROQUE [23080760],Pluviométrica,Convencional,Activa,Antioquia,San Roque,6.4875,-75.017,820,5/15/1975,,Monchia,Magdalena Cauca,Medio Magdalena,Río Nare,2005,29,Andes,Preliminar,0,0,0,0.441103488206863,0.441103488206863,0,0.623026192188263,0.51703679561615,3.05454540252686,6.04363632202148,5,10,0.869565188884735,0.876811623573303,1,1,66,1.04999995231628,0
11,2003-11-30,23080760,30,Definitivo,SAN ROQUE [23080760],Pluviométrica,Convencional,Activa,Antioquia,San Roque,6.4875,-75.017,820,5/15/1975,,Monchia,Magdalena Cauca,Medio Magdalena,Río Nare,2003,30,Andes,Definitivo,30,30,0,14.9684638977051,14.9684638977051,0,59.8076019287109,28.2874794006348,3.05454540252686,6.04363632202148,5,10,0.869565188884735,0.876811623573303,1,1,66,1.04999995231628,31.4999985694885
11,2004-11-27,23080760,0,Definitivo,SAN ROQUE [23080760],Pluviométrica,Convencional,Activa,Antioquia,San Roque,6.4875,-75.017,820,5/15/1975,,Monchia,Magdalena Cauca,Medio Magdalena,Río Nare,2004,27,Andes,Definitivo,0,0,0,7.68876457214356,7.68876457214356,0,3.84566783905029,0.115435183048248,3.05454540252686,6.04363632202148,5,10,0.869565188884735,0.876811623573303,1,1,66,1.04999995231628,0
11,2022-11-26,23080760,26,Definitivo,SAN ROQUE [23080760],Pluviométrica,Convencional,Activa,Antioquia,San Roque,6.4875,-75.017,820,5/15/1975,,Monchia,Magdalena Cauca,Medio Magdalena,Río Nare,2022,26,Andes,Definitivo,26,26,0,3.88713264465332,3.88713264465332,20.7940578460693,13.7579669952393,26.9160308837891,3.05454540252686,6.04363632202148,5,10,0.869565188884735,0.876811623573303,1,1,66,1.04999995231628,27.2999987602234
11,2022-11-27,23080760,25,Definitivo,SAN ROQUE [23080760],Pluviométrica,Convencional,Activa,Antioquia,San Roque,6.4875,-75.017,820,5/15/1975,,Monchia,Magdalena Cauca,Medio Magdalena,Río Nare,2022,27,Andes,Definitivo,25,25,0,11.3489379882813,11.3489379882813,0,25.7685871124268,14.1655235290527,3.05454540252686,6.04363632202148,5,10,0.869565188884735,0.876811623573303,1,1,66,1.04999995231628,26.2499988079071
11,2007-11-22,23080760,1,Definitivo,SAN ROQUE [23080760],Pluviométrica,Convencional,Activa,Antioquia,San Roque,6.4875,-75.017,820,5/15/1975,,Monchia,Magdalena Cauca,Medio Magdalena,Río Nare,2007,22,Andes,Definitivo,1,1,0,10.7491159439087,10.7491159439087,17.7641162872314,15.0672941207886,30.7734432220459,3.05454540252686,6.04363632202148,5,10,0.869565188884735,0.876811623573303,1,1,65,1.04999995231628,1.04999995231628
11,2009-11-16,23080760,11,Definitivo,SAN ROQUE [23080760],Pluviométrica,Convencional,Activa,Antioquia,San Roque,6.4875,-75.017,820,5/15/1975,,Monchia,Magdalena Cauca,Medio Magdalena,Río Nare,2009,16,Andes,Definitivo,11,11,0,9.85340785980225,9.85340785980225,17.6621246337891,12.4935922622681,21.8054027557373,3.05454540252686,6.04363632202148,5,10,0.869565188884735,0.876811623573303,1,1,64,1.04999995231628,11.5499994754791
11,2010-11-14,23080760,30,Definitivo,SAN ROQUE [23080760],Pluviométrica,Convencional,Activa,Antioquia,San Roque,6.4875,-75.017,820,5/15/1975,,Monchia,Magdalena Cauca,Medio Magdalena,Río Nare,2010,14,Andes,Definitivo,30,30,0,11.7034511566162,11.7034511566162,32.7095146179199,53.0931434631348,31.0227165222168,3.05454540252686,6.04363632202148,5,10,0.869565188884735,0.876811623573303,1,1,63,1.04999995231628,31.4999985694885
11,2023-11-14,23080760,0,Definitivo,SAN ROQUE [23080760],Pluviométrica,Convencional,Activa,Antioquia,San Roque,6.4875,-75.017,820,5/15/1975,,Monchia,Magdalena Cauca,Medio Magdalena,Río Nare,2023,14,Andes,Definitivo,0,0,0,15.5438871383667,15.5438871383667,16.2865810394287,10.57053565979,18.0700855255127,3.05454540252686,6.04363632202148,5,10,0.869565188884735,0.876811623573303,1,1,63,1.04999995231628,0
11,2023-11-11,23080760,3,Definitivo,SAN ROQUE [23080760],Pluviométrica,Convencional,Activa,Antioquia,San Roque,6.4875,-75.017,820,5/15/1975,,Monchia,Magdalena Cauca,Medio Magdalena,Río Nare,2023,11,Andes,Definitivo,3,3,0,7.59074354171753,7.59074354171753,16.2865810394287,18.4172916412354,27.5525798797607,3.05454540252686,6.04363632202148,5,10,0.869565188884735,0.876811623573303,1,1,63,1.04999995231628,3.14999985694885
11,2012-11-25,23080760,0,Definitivo,SAN ROQUE [23080760],Pluviométrica,Convencional,Activa,Antioquia,San Roque,6.4875,-75.017,820,5/15/1975,,Monchia,Magdalena Cauca,Medio Magdalena,Río Nare,2012,25,Andes,Definitivo,0,0,0,8.75580024719238,8.75580024719238,0,1.2675713300705,0,3.05454540252686,6.04363632202148,5,10,0.869565188884735,0.876811623573303,1,1,65,1.04999995231628,0
11,2019-11-26,23080760,0,Definitivo,SAN ROQUE [23080760],Pluviométrica,Convencional,Activa,Antioquia,San Roque,6.4875,-75.017,820,5/15/1975,,Monchia,Magdalena Cauca,Medio Magdalena,Río Nare,2019,26,Andes,Definitivo,0,0,0,1.70095336437225,1.70095336437225,0,12.8032159805298,16.3806343078613,3.05454540252686,6.04363632202148,5,10,0.869565188884735,0.876811623573303,1,1,66,1.04999995231628,0
11,2007-11-29,23080760,,"",SAN ROQUE [23080760],Pluviométrica,Convencional,Activa,Antioquia,San Roque,6.4875,-75.017,820,5/15/1975,,Monchia,Magdalena Cauca,Medio Magdalena,Río Nare,2007,29,Andes,Preliminar,0,0,0,5.23518800735474,5.23518800735474,17.1026153564453,8.8319616317749,11.6580495834351,3.05454540252686,6.04363632202148,5,10,0.869565188884735,0.876811623573303,1,1,66,1.04999995231628,0
11,2013-11-23,23080760,0,Definitivo,SAN ROQUE [23080760],Pluviométrica,Convencional,Activa,Antioquia,San Roque,6.4875,-75.017,820,5/15/1975,,Monchia,Magdalena Cauca,Medio Magdalena,Río Nare,2013,23,Andes,Definitivo,0,0,0,4.56295442581177,4.56295442581177,17.9776210784912,3.50917291641235,17.5530815124512,3.05454540252686,6.04363632202148,5,10,0.869565188884735,0.876811623573303,1,1,65,1.04999995231628,0
11,2013-11-24,23080760,0,Definitivo,SAN ROQUE [23080760],Pluviométrica,Convencional,Activa,Antioquia,San Roque,6.4875,-75.017,820,5/15/1975,,Monchia,Magdalena Cauca,Medio Magdalena,Río Nare,2013,24,Andes,Definitivo,0,0,0,2.73112034797668,2.73112034797668,11.9850807189941,15.3158617019653,12.3882656097412,3.05454540252686,6.04363632202148,5,10,0.869565188884735,0.876811623573303,1,1,65,1.04999995231628,0
11,2015-11-26,23080760,9,Definitivo,SAN ROQUE [23080760],Pluviométrica,Convencional,Activa,Antioquia,San Roque,6.4875,-75.017,820,5/15/1975,,Monchia,Magdalena Cauca,Medio Magdalena,Río Nare,2015,26,Andes,Definitivo,9,9,0,1.14529693126678,1.14529693126678,0,2.5839159488678,0.118797592818737,3.05454540252686,6.04363632202148,5,10,0.869565188884735,0.876811623573303,1,1,66,1.04999995231628,9.44999957084656
11,2005-11-25,23080760,,"",SAN ROQUE [23080760],Pluviométrica,Convencional,Activa,Antioquia,San Roque,6.4875,-75.017,820,5/15/1975,,Monchia,Magdalena Cauca,Medio Magdalena,Río Nare,2005,25,Andes,Preliminar,0,0,0,6.77841281890869,6.77841281890869,0,1.94978106021881,4.74307203292847,3.05454540252686,6.04363632202148,5,10,0.869565188884735,0.876811623573303,1,1,65,1.04999995231628,0
11,2006-11-23,23080760,42,Definitivo,SAN ROQUE [23080760],Pluviométrica,Convencional,Activa,Antioquia,San Roque,6.4875,-75.017,820,5/15/1975,,Monchia,Magdalena Cauca,Medio Magdalena,Río Nare,2006,23,Andes,Definitivo,42,42,0,9.77367877960205,9.77367877960205,12.3974323272705,17.0299205780029,2.66708397865295,3.05454540252686,6.04363632202148,5,10,0.869565188884735,0.876811623573303,1,1,65,1.04999995231628,44.0999979972839
11,2022-11-25,23080760,11,Definitivo,SAN ROQUE [23080760],Pluviométrica,Convencional,Activa,Antioquia,San Roque,6.4875,-75.017,820,5/15/1975,,Monchia,Magdalena Cauca,Medio Magdalena,Río Nare,2022,25,Andes,Definitivo,11,11,0,5.90109539031982,5.90109539031982,0,6.62300729751587,6.50905179977417,3.05454540252686,6.04363632202148,5,10,0.869565188884735,0.876811623573303,1,1,65,1.04999995231628,11.5499994754791
11,2021-11-24,23080760,4,Definitivo,SAN ROQUE [23080760],Pluviométrica,Convencional,Activa,Antioquia,San Roque,6.4875,-75.017,820,5/15/1975,,Monchia,Magdalena Cauca,Medio Magdalena,Río Nare,2021,24,Andes,Definitivo,4,4,0,7.75838470458984,7.75838470458984,63.782096862793,15.8321466445923,68.7390289306641,3.05454540252686,6.04363632202148,5,10,0.869565188884735,0.876811623573303,1,1,65,1.04999995231628,4.19999980926514
11,2021-11-21,23080760,4,Definitivo,SAN ROQUE [23080760],Pluviométrica,Convencional,Activa,Antioquia,San Roque,6.4875,-75.017,820,5/15/1975,,Monchia,Magdalena Cauca,Medio Magdalena,Río Nare,2021,21,Andes,Definitivo,4,4,0,6.96832084655762,6.96832084655762,0,9.52420234680176,1.24374866485596,3.05454540252686,6.04363632202148,5,10,0.869565188884735,0.876811623573303,1,1,65,1.04999995231628,4.19999980926514
11,2009-11-18,23080760,7,Definitivo,SAN ROQUE [23080760],Pluviométrica,Convencional,Activa,Antioquia,San Roque,6.4875,-75.017,820,5/15/1975,,Monchia,Magdalena Cauca,Medio Magdalena,Río Nare,2009,18,Andes,Definitivo,7,7,0,4.99006938934326,4.99006938934326,0,12.7968101501465,0.201024100184441,3.05454540252686,6.04363632202148,5,10,0.869565188884735,0.876811623573303,1,1,64,1.04999995231628,7.34999966621399
11,2008-11-22,23080760,7,Definitivo,SAN ROQUE [23080760],Pluviométrica,Convencional,Activa,Antioquia,San Roque,6.4875,-75.017,820,5/15/1975,,Monchia,Magdalena Cauca,Medio Magdalena,Río Nare,2008,22,Andes,Definitivo,7,7,0,20.4280185699463,20.4280185699463,0,38.5396766662598,15.1818695068359,3.05454540252686,6.04363632202148,5,10,0.869565188884735,0.876811623573303,1,1,65,1.04999995231628,7.34999966621399
11,2023-11-10,23080760,27,Definitivo,SAN ROQUE [23080760],Pluviométrica,Convencional,Activa,Antioquia,San Roque,6.4875,-75.017,820,5/15/1975,,Monchia,Magdalena Cauca,Medio Magdalena,Río Nare,2023,10,Andes,Definitivo,27,27,0,3.63165950775147,3.63165950775147,19.2286281585693,5.57698631286621,42.4865798950195,3.05454540252686,6.04363632202148,5,10,0.869565188884735,0.876811623573303,1,1,62,1.04999995231628,28.3499987125397
11,2014-11-27,23080760,22,Definitivo,SAN ROQUE [23080760],Pluviométrica,Convencional,Activa,Antioquia,San Roque,6.4875,-75.017,820,5/15/1975,,Monchia,Magdalena Cauca,Medio Magdalena,Río Nare,2014,27,Andes,Definitivo,22,22,0,6.45915746688843,6.45915746688843,0,9.04002094268799,4.50375843048096,3.05454540252686,6.04363632202148,5,10,0.869565188884735,0.876811623573303,1,1,66,1.04999995231628,23.0999989509583
11,2008-11-24,23080760,20,Definitivo,SAN ROQUE [23080760],Pluviométrica,Convencional,Activa,Antioquia,San Roque,6.4875,-75.017,820,5/15/1975,,Monchia,Magdalena Cauca,Medio Magdalena,Río Nare,2008,24,Andes,Definitivo,20,20,0,20.6976280212402,20.6976280212402,64.8266754150391,20.2970809936523,43.8884086608887,3.05454540252686,6.04363632202148,5,10,0.869565188884735,0.876811623573303,1,1,65,1.04999995231628,20.9999990463257
11,2021-11-12,23080760,0,Definitivo,SAN ROQUE [23080760],Pluviométrica,Convencional,Activa,Antioquia,San Roque,6.4875,-75.017,820,5/15/1975,,Monchia,Magdalena Cauca,Medio Magdalena,Río Nare,2021,12,Andes,Definitivo,0,0,0,0.707198441028595,0.707198441028595,0,0.147179558873177,0,3.05454540252686,6.04363632202148,5,10,0.869565188884735,0.876811623573303,1,1,63,1.04999995231628,0
11,2023-11-09,23080760,18,Definitivo,SAN ROQUE [23080760],Pluviométrica,Convencional,Activa,Antioquia,San Roque,6.4875,-75.017,820,5/15/1975,,Monchia,Magdalena Cauca,Medio Magdalena,Río Nare,2023,09,Andes,Definitivo,18,18,0,0.812683165073395,0.812683165073395,0,5.74410581588745,0,3.05454540252686,6.04363632202148,5,10,0.869565188884735,0.876811623573303,1,1,62,1.04999995231628,18.8999991416931
11,2023-11-08,23080760,0,Definitivo,SAN ROQUE [23080760],Pluviométrica,Convencional,Activa,Antioquia,San Roque,6.4875,-75.017,820,5/15/1975,,Monchia,Magdalena Cauca,Medio Magdalena,Río Nare,2023,08,Andes,Definitivo,0,0,0,6.20977020263672,6.20977020263672,0,3.4590117931366,0.0140321012586355,3.05454540252686,6.04363632202148,5,10,0.869565188884735,0.876811623573303,1,1,62,1.04999995231628,0
11,2017-11-27,23080760,45,Definitivo,SAN ROQUE [23080760],Pluviométrica,Convencional,Activa,Antioquia,San Roque,6.4875,-75.017,820,5/15/1975,,Monchia,Magdalena Cauca,Medio Magdalena,Río Nare,2017,27,Andes,Definitivo,45,45,0,4.93556880950928,4.93556880950928,0,18.2384796142578,4.20834541320801,3.05454540252686,6.04363632202148,5,10,0.869565188884735,0.876811623573303,1,1,66,1.04999995231628,47.2499978542328
11,2020-11-25,23080760,4,Definitivo,SAN ROQUE [23080760],Pluviométrica,Convencional,Activa,Antioquia,San Roque,6.4875,-75.017,820,5/15/1975,,Monchia,Magdalena Cauca,Medio Magdalena,Río Nare,2020,25,Andes,Definitivo,4,4,0,0.718294262886047,0.718294262886047,0,2.84012246131897,0.0400112047791481,3.05454540252686,6.04363632202148,5,10,0.869565188884735,0.876811623573303,1,1,65,1.04999995231628,4.19999980926514
11,2007-11-21,23080760,5,Definitivo,SAN ROQUE [23080760],Pluviométrica,Convencional,Activa,Antioquia,San Roque,6.4875,-75.017,820,5/15/1975,,Monchia,Magdalena Cauca,Medio Magdalena,Río Nare,2007,21,Andes,Definitivo,5,5,0,1.91723990440369,1.91723990440369,0,8.86700248718262,8.39458847045898,3.05454540252686,6.04363632202148,5,10,0.869565188884735,0.876811623573303,1,1,65,1.04999995231628,5.24999976158142
11,2008-11-18,23080760,1,Definitivo,SAN ROQUE [23080760],Pluviométrica,Convencional,Activa,Antioquia,San Roque,6.4875,-75.017,820,5/15/1975,,Monchia,Magdalena Cauca,Medio Magdalena,Río Nare,2008,18,Andes,Definitivo,1,1,0,20.2334594726563,20.2334594726563,20.617618560791,31.127368927002,35.4381408691406,3.05454540252686,6.04363632202148,5,10,0.869565188884735,0.876811623573303,1,1,64,1.04999995231628,1.04999995231628
11,2010-11-13,23080760,25,Definitivo,SAN ROQUE [23080760],Pluviométrica,Convencional,Activa,Antioquia,San Roque,6.4875,-75.017,820,5/15/1975,,Monchia,Magdalena Cauca,Medio Magdalena,Río Nare,2010,13,Andes,Definitivo,25,25,0,30.7680511474609,30.7680511474609,8.17737865447998,17.7871284484863,19.1726932525635,3.05454540252686,6.04363632202148,5,10,0.869565188884735,0.876811623573303,1,1,63,1.04999995231628,26.2499988079071
11,2023-11-18,23080760,9,Definitivo,SAN ROQUE [23080760],Pluviométrica,Convencional,Activa,Antioquia,San Roque,6.4875,-75.017,820,5/15/1975,,Monchia,Magdalena Cauca,Medio Magdalena,Río Nare,2023,18,Andes,Definitivo,9,9,0,7.19277429580689,7.19277429580689,41.4084815979004,41.5781707763672,54.4216651916504,3.05454540252686,6.04363632202148,5,10,0.869565188884735,0.876811623573303,1,1,64,1.04999995231628,9.44999957084656
11,2021-11-16,23080760,0,Definitivo,SAN ROQUE [23080760],Pluviométrica,Convencional,Activa,Antioquia,San Roque,6.4875,-75.017,820,5/15/1975,,Monchia,Magdalena Cauca,Medio Magdalena,Río Nare,2021,16,Andes,Definitivo,0,0,0,1.88846909999847,1.88846909999847,0,0,0,3.05454540252686,6.04363632202148,5,10,0.869565188884735,0.876811623573303,1,1,64,1.04999995231628,0
11,2008-11-23,23080760,85,Definitivo,SAN ROQUE [23080760],Pluviométrica,Convencional,Activa,Antioquia,San Roque,6.4875,-75.017,820,5/15/1975,,Monchia,Magdalena Cauca,Medio Magdalena,Río Nare,2008,23,Andes,Definitivo,85,85,0,4.29299449920654,4.29299449920654,16.2066688537598,7.80968427658081,6.86243343353272,3.05454540252686,6.04363632202148,5,10,0.869565188884735,0.876811623573303,1,1,65,1.04999995231628,89.2499959468842
11,2010-11-25,23080760,0,Definitivo,SAN ROQUE [23080760],Pluviométrica,Convencional,Activa,Antioquia,San Roque,6.4875,-75.017,820,5/15/1975,,Monchia,Magdalena Cauca,Medio Magdalena,Río Nare,2010,25,Andes,Definitivo,0,0,0,2.32329750061035,2.32329750061035,16.313648223877,3.84228253364563,7.50778818130493,3.05454540252686,6.04363632202148,5,10,0.869565188884735,0.876811623573303,1,1,65,1.04999995231628,0
11,2023-11-12,23080760,17,Definitivo,SAN ROQUE [23080760],Pluviométrica,Convencional,Activa,Antioquia,San Roque,6.4875,-75.017,820,5/15/1975,,Monchia,Magdalena Cauca,Medio Magdalena,Río Nare,2023,12,Andes,Definitivo,17,17,0,15.5140342712402,15.5140342712402,8.14329051971436,11.4594774246216,2.80149555206299,3.05454540252686,6.04363632202148,5,10,0.869565188884735,0.876811623573303,1,1,63,1.04999995231628,17.8499991893768
11,2005-11-28,23080760,,"",SAN ROQUE [23080760],Pluviométrica,Convencional,Activa,Antioquia,San Roque,6.4875,-75.017,820,5/15/1975,,Monchia,Magdalena Cauca,Medio Magdalena,Río Nare,2005,28,Andes,Preliminar,0,0,0,0.0599558129906654,0.0599558129906654,0,0.263134062290192,0.376731306314468,3.05454540252686,6.04363632202148,5,10,0.869565188884735,0.876811623573303,1,1,66,1.04999995231628,0
11,2003-11-29,23080760,37,Definitivo,SAN ROQUE [23080760],Pluviométrica,Convencional,Activa,Antioquia,San Roque,6.4875,-75.017,820,5/15/1975,,Monchia,Magdalena Cauca,Medio Magdalena,Río Nare,2003,29,Andes,Definitivo,37,37,0,12.1070127487183,12.1070127487183,52.5443840026856,26.0526142120361,80.2458114624024,3.05454540252686,6.04363632202148,5,10,0.869565188884735,0.876811623573303,1,1,66,1.04999995231628,38.8499982357025
11,2004-11-26,23080760,,"",SAN ROQUE [23080760],Pluviométrica,Convencional,Activa,Antioquia,San Roque,6.4875,-75.017,820,5/15/1975,,Monchia,Magdalena Cauca,Medio Magdalena,Río Nare,2004,26,Andes,Preliminar,0,0,0,6.12066125869751,6.12066125869751,12.2005214691162,5.67938995361328,15.0543384552002,3.05454540252686,6.04363632202148,5,10,0.869565188884735,0.876811623573303,1,1,66,1.04999995231628,0
11,2005-11-24,23080760,0,Definitivo,SAN ROQUE [23080760],Pluviométrica,Convencional,Activa,Antioquia,San Roque,6.4875,-75.017,820,5/15/1975,,Monchia,Magdalena Cauca,Medio Magdalena,Río Nare,2005,24,Andes,Definitivo,0,0,0,19.2389430999756,19.2389430999756,7.49357461929321,24.1211662292481,9.4425802230835,3.05454540252686,6.04363632202148,5,10,0.869565188884735,0.876811623573303,1,1,65,1.04999995231628,0
11,2006-11-22,23080760,24,Definitivo,SAN ROQUE [23080760],Pluviométrica,Convencional,Activa,Antioquia,San Roque,6.4875,-75.017,820,5/15/1975,,Monchia,Magdalena Cauca,Medio Magdalena,Río Nare,2006,22,Andes,Definitivo,24,24,0,1.39003431797028,1.39003431797028,0,17.5554256439209,1.14041244983673,3.05454540252686,6.04363632202148,5,10,0.869565188884735,0.876811623573303,1,1,65,1.04999995231628,25.1999988555908
11,2020-11-26,23080760,3,Definitivo,SAN ROQUE [23080760],Pluviométrica,Convencional,Activa,Antioquia,San Roque,6.4875,-75.017,820,5/15/1975,,Monchia,Magdalena Cauca,Medio Magdalena,Río Nare,2020,26,Andes,Definitivo,3,3,0,9.96548557281494,9.96548557281494,0,12.5838832855225,0.0652052834630013,3.05454540252686,6.04363632202148,5,10,0.869565188884735,0.876811623573303,1,1,66,1.04999995231628,3.14999985694885
11,2021-11-26,23080760,4,Definitivo,SAN ROQUE [23080760],Pluviométrica,Convencional,Activa,Antioquia,San Roque,6.4875,-75.017,820,5/15/1975,,Monchia,Magdalena Cauca,Medio Magdalena,Río Nare,2021,26,Andes,Definitivo,4,4,0,7.71418237686157,7.71418237686157,41.5153579711914,36.6322135925293,70.1797790527344,3.05454540252686,6.04363632202148,5,10,0.869565188884735,0.876811623573303,1,1,66,1.04999995231628,4.19999980926514
11,2023-11-23,23080760,0,Definitivo,SAN ROQUE [23080760],Pluviométrica,Convencional,Activa,Antioquia,San Roque,6.4875,-75.017,820,5/15/1975,,Monchia,Magdalena Cauca,Medio Magdalena,Río Nare,2023,23,Andes,Definitivo,0,0,0,4.47952222824097,4.47952222824097,0,1.14609861373901,0,3.05454540252686,6.04363632202148,5,10,0.869565188884735,0.876811623573303,1,1,65,1.04999995231628,0
11,2008-11-13,23080760,22,Definitivo,SAN ROQUE [23080760],Pluviométrica,Convencional,Activa,Antioquia,San Roque,6.4875,-75.017,820,5/15/1975,,Monchia,Magdalena Cauca,Medio Magdalena,Río Nare,2008,13,Andes,Definitivo,22,22,0,1.8517986536026,1.8517986536026,0,9.60122203826904,26.7308692932129,3.05454540252686,6.04363632202148,5,10,0.869565188884735,0.876811623573303,1,1,63,1.04999995231628,23.0999989509583
11,2010-11-15,23080760,23,Definitivo,SAN ROQUE [23080760],Pluviométrica,Convencional,Activa,Antioquia,San Roque,6.4875,-75.017,820,5/15/1975,,Monchia,Magdalena Cauca,Medio Magdalena,Río Nare,2010,15,Andes,Definitivo,23,23,0,32.0915031433105,32.0915031433105,24.5321388244629,37.3849906921387,24.0423851013184,3.05454540252686,6.04363632202148,5,10,0.869565188884735,0.876811623573303,1,1,63,1.04999995231628,24.1499989032745
11,2023-11-13,23080760,7,Definitivo,SAN ROQUE [23080760],Pluviométrica,Convencional,Activa,Antioquia,San Roque,6.4875,-75.017,820,5/15/1975,,Monchia,Magdalena Cauca,Medio Magdalena,Río Nare,2023,13,Andes,Definitivo,7,7,0,5.01736783981323,5.01736783981323,0,17.8256778717041,0.287191867828369,3.05454540252686,6.04363632202148,5,10,0.869565188884735,0.876811623573303,1,1,63,1.04999995231628,7.34999966621399
11,2021-11-13,23080760,12,Definitivo,SAN ROQUE [23080760],Pluviométrica,Convencional,Activa,Antioquia,San Roque,6.4875,-75.017,820,5/15/1975,,Monchia,Magdalena Cauca,Medio Magdalena,Río Nare,2021,13,Andes,Definitivo,12,12,0,0.429202884435654,0.429202884435654,0,1.22736644744873,3.03506422042847,3.05454540252686,6.04363632202148,5,10,0.869565188884735,0.876811623573303,1,1,63,1.04999995231628,12.5999994277954
11,2004-11-30,23080760,,"",SAN ROQUE [23080760],Pluviométrica,Convencional,Activa,Antioquia,San Roque,6.4875,-75.017,820,5/15/1975,,Monchia,Magdalena Cauca,Medio Magdalena,Río Nare,2004,30,Andes,Preliminar,0,0,0,3.93290400505066,3.93290400505066,0,3.06042647361755,1.40947473049164,3.05454540252686,6.04363632202148,5,10,0.869565188884735,0.876811623573303,1,1,66,1.04999995231628,0
11,2009-11-21,23080760,2,Definitivo,SAN ROQUE [23080760],Pluviométrica,Convencional,Activa,Antioquia,San Roque,6.4875,-75.017,820,5/15/1975,,Monchia,Magdalena Cauca,Medio Magdalena,Río Nare,2009,21,Andes,Definitivo,2,2,0,4.50056552886963,4.50056552886963,0,12.6086597442627,3.26053738594055,3.05454540252686,6.04363632202148,5,10,0.869565188884735,0.876811623573303,1,1,65,1.04999995231628,2.09999990463257
11,2011-11-23,23080760,1,Definitivo,SAN ROQUE [23080760],Pluviométrica,Convencional,Activa,Antioquia,San Roque,6.4875,-75.017,820,5/15/1975,,Monchia,Magdalena Cauca,Medio Magdalena,Río Nare,2011,23,Andes,Definitivo,1,1,0,7.32508850097656,7.32508850097656,23.182186126709,17.6645812988281,27.6429767608643,3.05454540252686,6.04363632202148,5,10,0.869565188884735,0.876811623573303,1,1,65,1.04999995231628,1.04999995231628
11,2011-11-24,23080760,75,Definitivo,SAN ROQUE [23080760],Pluviométrica,Convencional,Activa,Antioquia,San Roque,6.4875,-75.017,820,5/15/1975,,Monchia,Magdalena Cauca,Medio Magdalena,Río Nare,2011,24,Andes,Definitivo,75,75,0,11.1287670135498,11.1287670135498,11.5910930633545,16.8853607177734,8.65256023406982,3.05454540252686,6.04363632202148,5,10,0.869565188884735,0.876811623573303,1,1,65,1.04999995231628,78.7499964237213
11,2016-11-22,23080760,10,Definitivo,SAN ROQUE [23080760],Pluviométrica,Convencional,Activa,Antioquia,San Roque,6.4875,-75.017,820,5/15/1975,,Monchia,Magdalena Cauca,Medio Magdalena,Río Nare,2016,22,Andes,Definitivo,10,10,0,1.91358876228333,1.91358876228333,0,4.04979848861694,0.0897722169756889,3.05454540252686,6.04363632202148,5,10,0.869565188884735,0.876811623573303,1,1,65,1.04999995231628,10.4999995231628
11,2015-11-27,23080760,2,Definitivo,SAN ROQUE [23080760],Pluviométrica,Convencional,Activa,Antioquia,San Roque,6.4875,-75.017,820,5/15/1975,,Monchia,Magdalena Cauca,Medio Magdalena,Río Nare,2015,27,Andes,Definitivo,2,2,0,1.33976030349731,1.33976030349731,0,3.18193888664246,6.81441974639893,3.05454540252686,6.04363632202148,5,10,0.869565188884735,0.876811623573303,1,1,66,1.04999995231628,2.09999990463257
11,2007-11-20,23080760,,"",SAN ROQUE [23080760],Pluviométrica,Convencional,Activa,Antioquia,San Roque,6.4875,-75.017,820,5/15/1975,,Monchia,Magdalena Cauca,Medio Magdalena,Río Nare,2007,20,Andes,Preliminar,0,0,0,0.0162776410579681,0.0162776410579681,4.73595666885376,2.88874483108521,0.208873957395554,3.05454540252686,6.04363632202148,5,10,0.869565188884735,0.876811623573303,1,1,64,1.04999995231628,0
11,2008-11-17,23080760,5,Definitivo,SAN ROQUE [23080760],Pluviométrica,Convencional,Activa,Antioquia,San Roque,6.4875,-75.017,820,5/15/1975,,Monchia,Magdalena Cauca,Medio Magdalena,Río Nare,2008,17,Andes,Definitivo,5,5,0,5.54642534255981,5.54642534255981,0,22.3857765197754,7.04957246780396,3.05454540252686,6.04363632202148,5,10,0.869565188884735,0.876811623573303,1,1,64,1.04999995231628,5.24999976158142
11,2009-11-15,23080760,6,Definitivo,SAN ROQUE [23080760],Pluviométrica,Convencional,Activa,Antioquia,San Roque,6.4875,-75.017,820,5/15/1975,,Monchia,Magdalena Cauca,Medio Magdalena,Río Nare,2009,15,Andes,Definitivo,6,6,0,2.03709626197815,2.03709626197815,0,2.35992050170898,0.97213339805603,3.05454540252686,6.04363632202148,5,10,0.869565188884735,0.876811623573303,1,1,63,1.04999995231628,6.29999971389771
11,2022-11-22,23080760,2,Definitivo,SAN ROQUE [23080760],Pluviométrica,Convencional,Activa,Antioquia,San Roque,6.4875,-75.017,820,5/15/1975,,Monchia,Magdalena Cauca,Medio Magdalena,Río Nare,2022,22,Andes,Definitivo,2,2,0,9.73097610473633,9.73097610473633,0,5.89671421051025,1.23739838600159,3.05454540252686,6.04363632202148,5,10,0.869565188884735,0.876811623573303,1,1,65,1.04999995231628,2.09999990463257
11,2022-11-19,23080760,3,Definitivo,SAN ROQUE [23080760],Pluviométrica,Convencional,Activa,Antioquia,San Roque,6.4875,-75.017,820,5/15/1975,,Monchia,Magdalena Cauca,Medio Magdalena,Río Nare,2022,19,Andes,Definitivo,3,3,0,4.20526647567749,4.20526647567749,0,9.42757606506348,0.0682444125413895,3.05454540252686,6.04363632202148,5,10,0.869565188884735,0.876811623573303,1,1,64,1.04999995231628,3.14999985694885
11,2009-11-19,23080760,1,Definitivo,SAN ROQUE [23080760],Pluviométrica,Convencional,Activa,Antioquia,San Roque,6.4875,-75.017,820,5/15/1975,,Monchia,Magdalena Cauca,Medio Magdalena,Río Nare,2009,19,Andes,Definitivo,1,1,0,2.97820043563843,2.97820043563843,8.83106231689453,8.1363639831543,10.9830884933472,3.05454540252686,6.04363632202148,5,10,0.869565188884735,0.876811623573303,1,1,64,1.04999995231628,1.04999995231628
11,2009-11-20,23080760,17,Definitivo,SAN ROQUE [23080760],Pluviométrica,Convencional,Activa,Antioquia,San Roque,6.4875,-75.017,820,5/15/1975,,Monchia,Magdalena Cauca,Medio Magdalena,Río Nare,2009,20,Andes,Definitivo,17,17,0,3.6910674571991,3.6910674571991,0,1.95951116085053,7.25322103500366,3.05454540252686,6.04363632202148,5,10,0.869565188884735,0.876811623573303,1,1,64,1.04999995231628,17.8499991893768
11,2010-11-17,23080760,9,Definitivo,SAN ROQUE [23080760],Pluviométrica,Convencional,Activa,Antioquia,San Roque,6.4875,-75.017,820,5/15/1975,,Monchia,Magdalena Cauca,Medio Magdalena,Río Nare,2010,17,Andes,Definitivo,9,9,0,8.66941070556641,8.66941070556641,12.9471063613892,9.38217544555664,14.114387512207,3.05454540252686,6.04363632202148,5,10,0.869565188884735,0.876811623573303,1,1,64,1.04999995231628,9.44999957084656
11,2022-11-13,23080760,9,Definitivo,SAN ROQUE [23080760],Pluviométrica,Convencional,Activa,Antioquia,San Roque,6.4875,-75.017,820,5/15/1975,,Monchia,Magdalena Cauca,Medio Magdalena,Río Nare,2022,13,Andes,Definitivo,9,9,0,10.3895349502563,10.3895349502563,11.2202425003052,34.1574096679688,28.7409172058106,3.05454540252686,6.04363632202148,5,10,0.869565188884735,0.876811623573303,1,1,63,1.04999995231628,9.44999957084656
11,2020-11-13,23080760,45,Definitivo,SAN ROQUE [23080760],Pluviométrica,Convencional,Activa,Antioquia,San Roque,6.4875,-75.017,820,5/15/1975,,Monchia,Magdalena Cauca,Medio Magdalena,Río Nare,2020,13,Andes,Definitivo,45,45,0,27.4686393737793,27.4686393737793,49.5502853393555,37.5499382019043,56.9169883728027,3.05454540252686,6.04363632202148,5,10,0.869565188884735,0.876811623573303,1,1,63,1.04999995231628,47.2499978542328
11,2022-11-10,23080760,29,Definitivo,SAN ROQUE [23080760],Pluviométrica,Convencional,Activa,Antioquia,San Roque,6.4875,-75.017,820,5/15/1975,,Monchia,Magdalena Cauca,Medio Magdalena,Río Nare,2022,10,Andes,Definitivo,29,29,0,37.582218170166,37.582218170166,20.3842792510986,24.8236827850342,46.8170509338379,3.05454540252686,6.04363632202148,5,10,0.869565188884735,0.876811623573303,1,1,62,1.04999995231628,30.4499986171722
11,2022-11-09,23080760,19,Definitivo,SAN ROQUE [23080760],Pluviométrica,Convencional,Activa,Antioquia,San Roque,6.4875,-75.017,820,5/15/1975,,Monchia,Magdalena Cauca,Medio Magdalena,Río Nare,2022,09,Andes,Definitivo,19,19,0,34.972225189209,34.972225189209,20.3842792510986,39.6121139526367,17.6318473815918,3.05454540252686,6.04363632202148,5,10,0.869565188884735,0.876811623573303,1,1,62,1.04999995231628,19.9499990940094
11,2023-11-07,23080760,0,Definitivo,SAN ROQUE [23080760],Pluviométrica,Convencional,Activa,Antioquia,San Roque,6.4875,-75.017,820,5/15/1975,,Monchia,Magdalena Cauca,Medio Magdalena,Río Nare,2023,07,Andes,Definitivo,0,0,0,9.63229751586914,9.63229751586914,0,15.8573369979858,0.0533219799399376,3.05454540252686,6.04363632202148,5,10,0.869565188884735,0.876811623573303,1,1,62,1.04999995231628,0
11,2015-11-28,23080760,29,Definitivo,SAN ROQUE [23080760],Pluviométrica,Convencional,Activa,Antioquia,San Roque,6.4875,-75.017,820,5/15/1975,,Monchia,Magdalena Cauca,Medio Magdalena,Río Nare,2015,28,Andes,Definitivo,29,29,0,2.14121770858765,2.14121770858765,0,14.3954153060913,16.9596557617188,3.05454540252686,6.04363632202148,5,10,0.869565188884735,0.876811623573303,1,1,66,1.04999995231628,30.4499986171722
11,2018-11-26,23080760,2,Definitivo,SAN ROQUE [23080760],Pluviométrica,Convencional,Activa,Antioquia,San Roque,6.4875,-75.017,820,5/15/1975,,Monchia,Magdalena Cauca,Medio Magdalena,Río Nare,2018,26,Andes,Definitivo,2,2,0,4.10957098007202,4.10957098007202,14.2315559387207,7.56444215774536,11.9410104751587,3.05454540252686,6.04363632202148,5,10,0.869565188884735,0.876811623573303,1,1,66,1.04999995231628,2.09999990463257
11,2020-11-27,23080760,5,Definitivo,SAN ROQUE [23080760],Pluviométrica,Convencional,Activa,Antioquia,San Roque,6.4875,-75.017,820,5/15/1975,,Monchia,Magdalena Cauca,Medio Magdalena,Río Nare,2020,27,Andes,Definitivo,5,5,0,9.75678539276123,9.75678539276123,0,9.62896347045898,5.13344764709473,3.05454540252686,6.04363632202148,5,10,0.869565188884735,0.876811623573303,1,1,66,1.04999995231628,5.24999976158142
11,2008-11-12,23080760,0,Definitivo,SAN ROQUE [23080760],Pluviométrica,Convencional,Activa,Antioquia,San Roque,6.4875,-75.017,820,5/15/1975,,Monchia,Magdalena Cauca,Medio Magdalena,Río Nare,2008,12,Andes,Definitivo,0,0,0,2.22467255592346,2.22467255592346,0,5.45570993423462,0.446307480335236,3.05454540252686,6.04363632202148,5,10,0.869565188884735,0.876811623573303,1,1,63,1.04999995231628,0
11,2009-11-10,23080760,6,Definitivo,SAN ROQUE [23080760],Pluviométrica,Convencional,Activa,Antioquia,San Roque,6.4875,-75.017,820,5/15/1975,,Monchia,Magdalena Cauca,Medio Magdalena,Río Nare,2009,10,Andes,Definitivo,6,6,0,5.2878270149231,5.2878270149231,0,5.42241954803467,0,3.05454540252686,6.04363632202148,5,10,0.869565188884735,0.876811623573303,1,1,62,1.04999995231628,6.29999971389771
11,2023-11-15,23080760,40,Definitivo,SAN ROQUE [23080760],Pluviométrica,Convencional,Activa,Antioquia,San Roque,6.4875,-75.017,820,5/15/1975,,Monchia,Magdalena Cauca,Medio Magdalena,Río Nare,2023,15,Andes,Definitivo,40,40,0,14.3291997909546,14.3291997909546,16.2865810394287,13.5002746582031,23.0619049072266,3.05454540252686,6.04363632202148,5,10,0.869565188884735,0.876811623573303,1,1,63,1.04999995231628,41.9999980926514
11,2022-11-14,23080760,5,Definitivo,SAN ROQUE [23080760],Pluviométrica,Convencional,Activa,Antioquia,San Roque,6.4875,-75.017,820,5/15/1975,,Monchia,Magdalena Cauca,Medio Magdalena,Río Nare,2022,14,Andes,Definitivo,5,5,0,10.3770923614502,10.3770923614502,11.2202425003052,14.327465057373,13.0430450439453,3.05454540252686,6.04363632202148,5,10,0.869565188884735,0.876811623573303,1,1,63,1.04999995231628,5.24999976158142
11,2021-11-15,23080760,3,Definitivo,SAN ROQUE [23080760],Pluviométrica,Convencional,Activa,Antioquia,San Roque,6.4875,-75.017,820,5/15/1975,,Monchia,Magdalena Cauca,Medio Magdalena,Río Nare,2021,15,Andes,Definitivo,3,3,0,3.03138208389282,3.03138208389282,9.48948574066162,3.10775542259216,0.888254463672638,3.05454540252686,6.04363632202148,5,10,0.869565188884735,0.876811623573303,1,1,63,1.04999995231628,3.14999985694885
11,2002-11-30,23080760,12,Definitivo,SAN ROQUE [23080760],Pluviométrica,Convencional,Activa,Antioquia,San Roque,6.4875,-75.017,820,5/15/1975,,Monchia,Magdalena Cauca,Medio Magdalena,Río Nare,2002,30,Andes,Definitivo,12,12,0,4.46277093887329,4.46277093887329,0,22.2617416381836,11.4685430526733,3.05454540252686,6.04363632202148,5,10,0.869565188884735,0.876811623573303,1,1,66,1.04999995231628,12.5999994277954
11,2003-11-28,23080760,62,Definitivo,SAN ROQUE [23080760],Pluviométrica,Convencional,Activa,Antioquia,San Roque,6.4875,-75.017,820,5/15/1975,,Monchia,Magdalena Cauca,Medio Magdalena,Río Nare,2003,28,Andes,Definitivo,62,62,0,8.98335933685303,8.98335933685303,26.2721920013428,6.83775949478149,3.28872680664063,3.05454540252686,6.04363632202148,5,10,0.869565188884735,0.876811623573303,1,1,66,1.04999995231628,65.0999970436096
11,2004-11-25,23080760,5,Definitivo,SAN ROQUE [23080760],Pluviométrica,Convencional,Activa,Antioquia,San Roque,6.4875,-75.017,820,5/15/1975,,Monchia,Magdalena Cauca,Medio Magdalena,Río Nare,2004,25,Andes,Definitivo,5,5,0,23.1562252044678,23.1562252044678,0,11.3760414123535,0.985200762748718,3.05454540252686,6.04363632202148,5,10,0.869565188884735,0.876811623573303,1,1,65,1.04999995231628,5.24999976158142
11,2005-11-23,23080760,16,Definitivo,SAN ROQUE [23080760],Pluviométrica,Convencional,Activa,Antioquia,San Roque,6.4875,-75.017,820,5/15/1975,,Monchia,Magdalena Cauca,Medio Magdalena,Río Nare,2005,23,Andes,Definitivo,16,16,0,15.7780838012695,15.7780838012695,7.49357461929321,39.2084617614746,24.4956817626953,3.05454540252686,6.04363632202148,5,10,0.869565188884735,0.876811623573303,1,1,65,1.04999995231628,16.7999992370605
11,2006-11-21,23080760,4,Definitivo,SAN ROQUE [23080760],Pluviométrica,Convencional,Activa,Antioquia,San Roque,6.4875,-75.017,820,5/15/1975,,Monchia,Magdalena Cauca,Medio Magdalena,Río Nare,2006,21,Andes,Definitivo,4,4,0,14.1501140594482,14.1501140594482,37.1922988891602,31.1119422912598,29.4707069396973,3.05454540252686,6.04363632202148,5,10,0.869565188884735,0.876811623573303,1,1,65,1.04999995231628,4.19999980926514
11,2007-11-19,23080760,,"",SAN ROQUE [23080760],Pluviométrica,Convencional,Activa,Antioquia,San Roque,6.4875,-75.017,820,5/15/1975,,Monchia,Magdalena Cauca,Medio Magdalena,Río Nare,2007,19,Andes,Preliminar,0,0,0,0.244164600968361,0.244164600968361,0,1.14020311832428,0.405287861824036,3.05454540252686,6.04363632202148,5,10,0.869565188884735,0.876811623573303,1,1,64,1.04999995231628,0
11,2008-11-16,23080760,5,Definitivo,SAN ROQUE [23080760],Pluviométrica,Convencional,Activa,Antioquia,San Roque,6.4875,-75.017,820,5/15/1975,,Monchia,Magdalena Cauca,Medio Magdalena,Río Nare,2008,16,Andes,Definitivo,5,5,0,7.459876537323,7.459876537323,0,22.0231018066406,8.94651794433594,3.05454540252686,6.04363632202148,5,10,0.869565188884735,0.876811623573303,1,1,64,1.04999995231628,5.24999976158142
11,2009-11-14,23080760,,"",SAN ROQUE [23080760],Pluviométrica,Convencional,Activa,Antioquia,San Roque,6.4875,-75.017,820,5/15/1975,,Monchia,Magdalena Cauca,Medio Magdalena,Río Nare,2009,14,Andes,Preliminar,0,0,0,0.272055208683014,0.272055208683014,23.9850597381592,5.43172788619995,14.504222869873,3.05454540252686,6.04363632202148,5,10,0.869565188884735,0.876811623573303,1,1,63,1.04999995231628,0
11,2022-11-24,23080760,4,Definitivo,SAN ROQUE [23080760],Pluviométrica,Convencional,Activa,Antioquia,San Roque,6.4875,-75.017,820,5/15/1975,,Monchia,Magdalena Cauca,Medio Magdalena,Río Nare,2022,24,Andes,Definitivo,4,4,0,9.43167495727539,9.43167495727539,0,9.44031143188477,3.85533118247986,3.05454540252686,6.04363632202148,5,10,0.869565188884735,0.876811623573303,1,1,65,1.04999995231628,4.19999980926514
11,2021-11-23,23080760,40,Definitivo,SAN ROQUE [23080760],Pluviométrica,Convencional,Activa,Antioquia,San Roque,6.4875,-75.017,820,5/15/1975,,Monchia,Magdalena Cauca,Medio Magdalena,Río Nare,2021,23,Andes,Definitivo,40,40,0,9.81149196624756,9.81149196624756,0,23.6450996398926,6.82175397872925,3.05454540252686,6.04363632202148,5,10,0.869565188884735,0.876811623573303,1,1,65,1.04999995231628,41.9999980926514
11,2011-11-12,23080760,24,Definitivo,SAN ROQUE [23080760],Pluviométrica,Convencional,Activa,Antioquia,San Roque,6.4875,-75.017,820,5/15/1975,,Monchia,Magdalena Cauca,Medio Magdalena,Río Nare,2011,12,Andes,Definitivo,24,24,0,11.3994121551514,11.3994121551514,13.6741914749146,15.5121631622314,17.3758144378662,3.05454540252686,6.04363632202148,5,10,0.869565188884735,0.876811623573303,1,1,63,1.04999995231628,25.1999988555908
11,2010-11-16,23080760,13,Definitivo,SAN ROQUE [23080760],Pluviométrica,Convencional,Activa,Antioquia,San Roque,6.4875,-75.017,820,5/15/1975,,Monchia,Magdalena Cauca,Medio Magdalena,Río Nare,2010,16,Andes,Definitivo,13,13,0,11.7795352935791,11.7795352935791,0,8.75785541534424,6.57400751113892,3.05454540252686,6.04363632202148,5,10,0.869565188884735,0.876811623573303,1,1,64,1.04999995231628,13.6499993801117
11,2011-11-13,23080760,0,Definitivo,SAN ROQUE [23080760],Pluviométrica,Convencional,Activa,Antioquia,San Roque,6.4875,-75.017,820,5/15/1975,,Monchia,Magdalena Cauca,Medio Magdalena,Río Nare,2011,13,Andes,Definitivo,0,0,0,12.672324180603,12.672324180603,41.022575378418,35.9655303955078,10.7424468994141,3.05454540252686,6.04363632202148,5,10,0.869565188884735,0.876811623573303,1,1,63,1.04999995231628,0
11,2011-11-14,23080760,32,Definitivo,SAN ROQUE [23080760],Pluviométrica,Convencional,Activa,Antioquia,San Roque,6.4875,-75.017,820,5/15/1975,,Monchia,Magdalena Cauca,Medio Magdalena,Río Nare,2011,14,Andes,Definitivo,32,32,0,7.54391765594482,7.54391765594482,0,15.9717750549316,39.0963287353516,3.05454540252686,6.04363632202148,5,10,0.869565188884735,0.876811623573303,1,1,63,1.04999995231628,33.5999984741211
11,2010-11-18,23080760,0,Definitivo,SAN ROQUE [23080760],Pluviométrica,Convencional,Activa,Antioquia,San Roque,6.4875,-75.017,820,5/15/1975,,Monchia,Magdalena Cauca,Medio Magdalena,Río Nare,2010,18,Andes,Definitivo,0,0,0,2.18272376060486,2.18272376060486,12.9471063613892,4.65909957885742,10.1172761917114,3.05454540252686,6.04363632202148,5,10,0.869565188884735,0.876811623573303,1,1,64,1.04999995231628,0
11,2009-11-22,23080760,23,Definitivo,SAN ROQUE [23080760],Pluviométrica,Convencional,Activa,Antioquia,San Roque,6.4875,-75.017,820,5/15/1975,,Monchia,Magdalena Cauca,Medio Magdalena,Río Nare,2009,22,Andes,Definitivo,23,23,0,11.2872762680054,11.2872762680054,0,14.0627107620239,0.096943661570549,3.05454540252686,6.04363632202148,5,10,0.869565188884735,0.876811623573303,1,1,65,1.04999995231628,24.1499989032745
11,2009-11-23,23080760,3,Definitivo,SAN ROQUE [23080760],Pluviométrica,Convencional,Activa,Antioquia,San Roque,6.4875,-75.017,820,5/15/1975,,Monchia,Magdalena Cauca,Medio Magdalena,Río Nare,2009,23,Andes,Definitivo,3,3,0,1.62271404266357,1.62271404266357,39.3715591430664,12.375391960144,51.0479774475098,3.05454540252686,6.04363632202148,5,10,0.869565188884735,0.876811623573303,1,1,65,1.04999995231628,3.14999985694885
11,2011-11-25,23080760,9,Definitivo,SAN ROQUE [23080760],Pluviométrica,Convencional,Activa,Antioquia,San Roque,6.4875,-75.017,820,5/15/1975,,Monchia,Magdalena Cauca,Medio Magdalena,Río Nare,2011,25,Andes,Definitivo,9,9,0,8.8906831741333,8.8906831741333,0,9.45175266265869,15.8774709701538,3.05454540252686,6.04363632202148,5,10,0.869565188884735,0.876811623573303,1,1,65,1.04999995231628,9.44999957084656
11,2016-11-23,23080760,30,Definitivo,SAN ROQUE [23080760],Pluviométrica,Convencional,Activa,Antioquia,San Roque,6.4875,-75.017,820,5/15/1975,,Monchia,Magdalena Cauca,Medio Magdalena,Río Nare,2016,23,Andes,Definitivo,30,30,0,3.07225584983826,3.07225584983826,0,3.46019053459168,0.279679894447327,3.05454540252686,6.04363632202148,5,10,0.869565188884735,0.876811623573303,1,1,65,1.04999995231628,31.4999985694885
11,2016-11-24,23080760,0,Definitivo,SAN ROQUE [23080760],Pluviométrica,Convencional,Activa,Antioquia,San Roque,6.4875,-75.017,820,5/15/1975,,Monchia,Magdalena Cauca,Medio Magdalena,Río Nare,2016,24,Andes,Definitivo,0,0,0,7.84415721893311,7.84415721893311,37.7225646972656,21.2404136657715,23.8936328887939,3.05454540252686,6.04363632202148,5,10,0.869565188884735,0.876811623573303,1,1,65,1.04999995231628,0
11,2019-11-23,23080760,3,Definitivo,SAN ROQUE [23080760],Pluviométrica,Convencional,Activa,Antioquia,San Roque,6.4875,-75.017,820,5/15/1975,,Monchia,Magdalena Cauca,Medio Magdalena,Río Nare,2019,23,Andes,Definitivo,3,3,0,7.88529825210571,7.88529825210571,12.56032371521,23.5380821228027,10.5890026092529,3.05454540252686,6.04363632202148,5,10,0.869565188884735,0.876811623573303,1,1,65,1.04999995231628,3.14999985694885
11,2010-11-12,23080760,31,Definitivo,SAN ROQUE [23080760],Pluviométrica,Convencional,Activa,Antioquia,San Roque,6.4875,-75.017,820,5/15/1975,,Monchia,Magdalena Cauca,Medio Magdalena,Río Nare,2010,12,Andes,Definitivo,31,31,0,8.0791015625,8.0791015625,32.7095146179199,10.0111522674561,49.7315826416016,3.05454540252686,6.04363632202148,5,10,0.869565188884735,0.876811623573303,1,1,63,1.04999995231628,32.5499985218048
11,2009-11-09,23080760,,"",SAN ROQUE [23080760],Pluviométrica,Convencional,Activa,Antioquia,San Roque,6.4875,-75.017,820,5/15/1975,,Monchia,Magdalena Cauca,Medio Magdalena,Río Nare,2009,09,Andes,Preliminar,0,0,0,4.31723642349243,4.31723642349243,20.450044631958,4.77952384948731,10.097375869751,3.05454540252686,6.04363632202148,5,10,0.869565188884735,0.876811623573303,1,1,62,1.04999995231628,0
11,2023-11-20,23080760,10,Definitivo,SAN ROQUE [23080760],Pluviométrica,Convencional,Activa,Antioquia,San Roque,6.4875,-75.017,820,5/15/1975,,Monchia,Magdalena Cauca,Medio Magdalena,Río Nare,2023,20,Andes,Definitivo,10,10,0,12.9067010879517,12.9067010879517,0,14.8551750183105,0.053189892321825,3.05454540252686,6.04363632202148,5,10,0.869565188884735,0.876811623573303,1,1,64,1.04999995231628,10.4999995231628
11,2021-11-18,23080760,0,Definitivo,SAN ROQUE [23080760],Pluviométrica,Convencional,Activa,Antioquia,San Roque,6.4875,-75.017,820,5/15/1975,,Monchia,Magdalena Cauca,Medio Magdalena,Río Nare,2021,18,Andes,Definitivo,0,0,0,0.758841276168823,0.758841276168823,0,0,0,3.05454540252686,6.04363632202148,5,10,0.869565188884735,0.876811623573303,1,1,64,1.04999995231628,0
11,2020-11-19,23080760,0,Definitivo,SAN ROQUE [23080760],Pluviométrica,Convencional,Activa,Antioquia,San Roque,6.4875,-75.017,820,5/15/1975,,Monchia,Magdalena Cauca,Medio Magdalena,Río Nare,2020,19,Andes,Definitivo,0,0,0,7.31449794769287,7.31449794769287,0,4.27118921279907,0.216902792453766,3.05454540252686,6.04363632202148,5,10,0.869565188884735,0.876811623573303,1,1,64,1.04999995231628,0
11,2022-11-16,23080760,7,Definitivo,SAN ROQUE [23080760],Pluviométrica,Convencional,Activa,Antioquia,San Roque,6.4875,-75.017,820,5/15/1975,,Monchia,Magdalena Cauca,Medio Magdalena,Río Nare,2022,16,Andes,Definitivo,7,7,0,16.2224960327148,16.2224960327148,14.7905597686768,5.66838264465332,10.4601993560791,3.05454540252686,6.04363632202148,5,10,0.869565188884735,0.876811623573303,1,1,64,1.04999995231628,7.34999966621399
11,2020-11-16,23080760,9,Definitivo,SAN ROQUE [23080760],Pluviométrica,Convencional,Activa,Antioquia,San Roque,6.4875,-75.017,820,5/15/1975,,Monchia,Magdalena Cauca,Medio Magdalena,Río Nare,2020,16,Andes,Definitivo,9,9,0,4.73227834701538,4.73227834701538,19.5214939117432,21.8782081604004,28.2916622161865,3.05454540252686,6.04363632202148,5,10,0.869565188884735,0.876811623573303,1,1,64,1.04999995231628,9.44999957084656
11,2021-11-14,23080760,0,Definitivo,SAN ROQUE [23080760],Pluviométrica,Convencional,Activa,Antioquia,San Roque,6.4875,-75.017,820,5/15/1975,,Monchia,Magdalena Cauca,Medio Magdalena,Río Nare,2021,14,Andes,Definitivo,0,0,0,4.10447120666504,4.10447120666504,0,3.02387690544128,2.6681854724884,3.05454540252686,6.04363632202148,5,10,0.869565188884735,0.876811623573303,1,1,63,1.04999995231628,0
11,2021-11-11,23080760,0,Definitivo,SAN ROQUE [23080760],Pluviométrica,Convencional,Activa,Antioquia,San Roque,6.4875,-75.017,820,5/15/1975,,Monchia,Magdalena Cauca,Medio Magdalena,Río Nare,2021,11,Andes,Definitivo,0,0,0,0.696625709533691,0.696625709533691,9.48948574066162,0.185384780168533,1.10005867481232,3.05454540252686,6.04363632202148,5,10,0.869565188884735,0.876811623573303,1,1,63,1.04999995231628,0
11,2020-11-12,23080760,75,Definitivo,SAN ROQUE [23080760],Pluviométrica,Convencional,Activa,Antioquia,San Roque,6.4875,-75.017,820,5/15/1975,,Monchia,Magdalena Cauca,Medio Magdalena,Río Nare,2020,12,Andes,Definitivo,75,75,0,12.2511348724365,12.2511348724365,0,22.8957195281982,7.63327026367188,3.05454540252686,6.04363632202148,5,10,0.869565188884735,0.876811623573303,1,1,63,1.04999995231628,78.7499964237213
11,2021-11-10,23080760,18,Definitivo,SAN ROQUE [23080760],Pluviométrica,Convencional,Activa,Antioquia,San Roque,6.4875,-75.017,820,5/15/1975,,Monchia,Magdalena Cauca,Medio Magdalena,Río Nare,2021,10,Andes,Definitivo,18,18,0,20.3281364440918,20.3281364440918,11.9028606414795,5.06237411499023,10.5727214813232,3.05454540252686,6.04363632202148,5,10,0.869565188884735,0.876811623573303,1,1,62,1.04999995231628,18.8999991416931
11,2022-11-08,23080760,22,Definitivo,SAN ROQUE [23080760],Pluviométrica,Convencional,Activa,Antioquia,San Roque,6.4875,-75.017,820,5/15/1975,,Monchia,Magdalena Cauca,Medio Magdalena,Río Nare,2022,08,Andes,Definitivo,22,22,0,7.63464164733887,7.63464164733887,20.3842792510986,39.2858123779297,43.8736343383789,3.05454540252686,6.04363632202148,5,10,0.869565188884735,0.876811623573303,1,1,62,1.04999995231628,23.0999989509583
11,2023-11-06,23080760,0,Definitivo,SAN ROQUE [23080760],Pluviométrica,Convencional,Activa,Antioquia,San Roque,6.4875,-75.017,820,5/15/1975,,Monchia,Magdalena Cauca,Medio Magdalena,Río Nare,2023,06,Andes,Definitivo,0,0,0,25.4709930419922,25.4709930419922,19.2286281585693,21.4609470367432,9.54444694519043,3.05454540252686,6.04363632202148,5,10,0.869565188884735,0.876811623573303,1,1,62,1.04999995231628,0
11,2018-11-27,23080760,9,Definitivo,SAN ROQUE [23080760],Pluviométrica,Convencional,Activa,Antioquia,San Roque,6.4875,-75.017,820,5/15/1975,,Monchia,Magdalena Cauca,Medio Magdalena,Río Nare,2018,27,Andes,Definitivo,9,9,0,5.52794361114502,5.52794361114502,14.2315559387207,11.8410778045654,11.4921646118164,3.05454540252686,6.04363632202148,5,10,0.869565188884735,0.876811623573303,1,1,66,1.04999995231628,9.44999957084656
11,2021-11-25,23080760,38,Definitivo,SAN ROQUE [23080760],Pluviométrica,Convencional,Activa,Antioquia,San Roque,6.4875,-75.017,820,5/15/1975,,Monchia,Magdalena Cauca,Medio Magdalena,Río Nare,2021,25,Andes,Definitivo,38,38,0,7.01914358139038,7.01914358139038,0,12.5026807785034,8.71660041809082,3.05454540252686,6.04363632202148,5,10,0.869565188884735,0.876811623573303,1,1,65,1.04999995231628,39.8999981880188
11,2007-11-10,23080760,5,Definitivo,SAN ROQUE [23080760],Pluviométrica,Convencional,Activa,Antioquia,San Roque,6.4875,-75.017,820,5/15/1975,,Monchia,Magdalena Cauca,Medio Magdalena,Río Nare,2007,10,Andes,Definitivo,5,5,0,3.44009780883789,3.44009780883789,0,5.38907146453857,4.55277490615845,3.05454540252686,6.04363632202148,5,10,0.869565188884735,0.876811623573303,1,1,62,1.04999995231628,5.24999976158142
11,2009-11-11,23080760,1,Definitivo,SAN ROQUE [23080760],Pluviométrica,Convencional,Activa,Antioquia,San Roque,6.4875,-75.017,820,5/15/1975,,Monchia,Magdalena Cauca,Medio Magdalena,Río Nare,2009,11,Andes,Definitivo,1,1,0,7.29240608215332,7.29240608215332,0,4.17967176437378,0.7803995013237,3.05454540252686,6.04363632202148,5,10,0.869565188884735,0.876811623573303,1,1,63,1.04999995231628,1.04999995231628
11,2004-11-28,23080760,,"",SAN ROQUE [23080760],Pluviométrica,Convencional,Activa,Antioquia,San Roque,6.4875,-75.017,820,5/15/1975,,Monchia,Magdalena Cauca,Medio Magdalena,Río Nare,2004,28,Andes,Preliminar,0,0,0,5.77289581298828,5.77289581298828,0,2.84898376464844,0.163825154304504,3.05454540252686,6.04363632202148,5,10,0.869565188884735,0.876811623573303,1,1,66,1.04999995231628,0
11,2004-11-29,23080760,,"",SAN ROQUE [23080760],Pluviométrica,Convencional,Activa,Antioquia,San Roque,6.4875,-75.017,820,5/15/1975,,Monchia,Magdalena Cauca,Medio Magdalena,Río Nare,2004,29,Andes,Preliminar,0,0,0,2.44067668914795,2.44067668914795,0,1.6487535238266,0.340148657560349,3.05454540252686,6.04363632202148,5,10,0.869565188884735,0.876811623573303,1,1,66,1.04999995231628,0
11,2003-11-27,23080760,0,Definitivo,SAN ROQUE [23080760],Pluviométrica,Convencional,Activa,Antioquia,San Roque,6.4875,-75.017,820,5/15/1975,,Monchia,Magdalena Cauca,Medio Magdalena,Río Nare,2003,27,Andes,Definitivo,0,0,0,8.43614864349365,8.43614864349365,0,14.8338603973389,0.019160708412528,3.05454540252686,6.04363632202148,5,10,0.869565188884735,0.876811623573303,1,1,66,1.04999995231628,0
11,2004-11-24,23080760,0.6,Definitivo,SAN ROQUE [23080760],Pluviométrica,Convencional,Activa,Antioquia,San Roque,6.4875,-75.017,820,5/15/1975,,Monchia,Magdalena Cauca,Medio Magdalena,Río Nare,2004,24,Andes,Definitivo,0.6,0.6,0,4.00378561019897,4.00378561019897,15.6245412826538,15.7866773605347,4.24401903152466,3.05454540252686,6.04363632202148,5,10,0.869565188884735,0.876811623573303,1,1,65,1.04999995231628,0.629999971389771
11,2005-11-22,23080760,15,Definitivo,SAN ROQUE [23080760],Pluviométrica,Convencional,Activa,Antioquia,San Roque,6.4875,-75.017,820,5/15/1975,,Monchia,Magdalena Cauca,Medio Magdalena,Río Nare,2005,22,Andes,Definitivo,15,15,0,6.45597267150879,6.45597267150879,44.9614524841309,10.392035484314,35.1569175720215,3.05454540252686,6.04363632202148,5,10,0.869565188884735,0.876811623573303,1,1,65,1.04999995231628,15.7499992847443
11,2006-11-20,23080760,5,Definitivo,SAN ROQUE [23080760],Pluviométrica,Convencional,Activa,Antioquia,San Roque,6.4875,-75.017,820,5/15/1975,,Monchia,Magdalena Cauca,Medio Magdalena,Río Nare,2006,20,Andes,Definitivo,5,5,0,4.7191858291626,4.7191858291626,33.2150382995606,6.47740459442139,32.0963096618652,3.05454540252686,6.04363632202148,5,10,0.869565188884735,0.876811623573303,1,1,64,1.04999995231628,5.24999976158142
11,2007-11-18,23080760,,"",SAN ROQUE [23080760],Pluviométrica,Convencional,Activa,Antioquia,San Roque,6.4875,-75.017,820,5/15/1975,,Monchia,Magdalena Cauca,Medio Magdalena,Río Nare,2007,18,Andes,Preliminar,0,0,0,0.276719897985458,0.276719897985458,4.73595666885376,4.99020147323608,3.28377890586853,3.05454540252686,6.04363632202148,5,10,0.869565188884735,0.876811623573303,1,1,64,1.04999995231628,0
11,2008-11-15,23080760,9,Definitivo,SAN ROQUE [23080760],Pluviométrica,Convencional,Activa,Antioquia,San Roque,6.4875,-75.017,820,5/15/1975,,Monchia,Magdalena Cauca,Medio Magdalena,Río Nare,2008,15,Andes,Definitivo,9,9,0,13.0631427764893,13.0631427764893,0,12.4311141967773,11.5614337921143,3.05454540252686,6.04363632202148,5,10,0.869565188884735,0.876811623573303,1,1,63,1.04999995231628,9.44999957084656
11,2009-11-13,23080760,26,Definitivo,SAN ROQUE [23080760],Pluviométrica,Convencional,Activa,Antioquia,San Roque,6.4875,-75.017,820,5/15/1975,,Monchia,Magdalena Cauca,Medio Magdalena,Río Nare,2009,13,Andes,Definitivo,26,26,0,0,0,0,6.41026544570923,4.7394323348999,3.05454540252686,6.04363632202148,5,10,0.869565188884735,0.876811623573303,1,1,63,1.04999995231628,27.2999987602234
11,2007-11-14,23080760,4,Definitivo,SAN ROQUE [23080760],Pluviométrica,Convencional,Activa,Antioquia,San Roque,6.4875,-75.017,820,5/15/1975,,Monchia,Magdalena Cauca,Medio Magdalena,Río Nare,2007,14,Andes,Definitivo,4,4,0,11.1343955993652,11.1343955993652,0,13.2321434020996,6.29740142822266,3.05454540252686,6.04363632202148,5,10,0.869565188884735,0.876811623573303,1,1,63,1.04999995231628,4.19999980926514
11,2005-11-14,23080760,5,Definitivo,SAN ROQUE [23080760],Pluviométrica,Convencional,Activa,Antioquia,San Roque,6.4875,-75.017,820,5/15/1975,,Monchia,Magdalena Cauca,Medio Magdalena,Río Nare,2005,14,Andes,Definitivo,5,5,0,3.8229513168335,3.8229513168335,41.2801284790039,10.2405290603638,22.0853824615479,3.05454540252686,6.04363632202148,5,10,0.869565188884735,0.876811623573303,1,1,63,1.04999995231628,5.24999976158142
11,2020-11-24,23080760,0,Definitivo,SAN ROQUE [23080760],Pluviométrica,Convencional,Activa,Antioquia,San Roque,6.4875,-75.017,820,5/15/1975,,Monchia,Magdalena Cauca,Medio Magdalena,Río Nare,2020,24,Andes,Definitivo,0,0,0,2.86424541473389,2.86424541473389,0,1.25894153118134,2.26723504066467,3.05454540252686,6.04363632202148,5,10,0.869565188884735,0.876811623573303,1,1,65,1.04999995231628,0
11,2022-11-21,23080760,11,Definitivo,SAN ROQUE [23080760],Pluviométrica,Convencional,Activa,Antioquia,San Roque,6.4875,-75.017,820,5/15/1975,,Monchia,Magdalena Cauca,Medio Magdalena,Río Nare,2022,21,Andes,Definitivo,11,11,0,5.69912481307983,5.69912481307983,35.1953964233398,18.8066120147705,30.460355758667,3.05454540252686,6.04363632202148,5,10,0.869565188884735,0.876811623573303,1,1,65,1.04999995231628,11.5499994754791
11,2007-11-11,23080760,6,Definitivo,SAN ROQUE [23080760],Pluviométrica,Convencional,Activa,Antioquia,San Roque,6.4875,-75.017,820,5/15/1975,,Monchia,Magdalena Cauca,Medio Magdalena,Río Nare,2007,11,Andes,Definitivo,6,6,0,7.4722785949707,7.4722785949707,0,15.6125898361206,6.71383142471314,3.05454540252686,6.04363632202148,5,10,0.869565188884735,0.876811623573303,1,1,63,1.04999995231628,6.29999971389771
11,2012-11-09,23080760,35,Definitivo,SAN ROQUE [23080760],Pluviométrica,Convencional,Activa,Antioquia,San Roque,6.4875,-75.017,820,5/15/1975,,Monchia,Magdalena Cauca,Medio Magdalena,Río Nare,2012,09,Andes,Definitivo,35,35,0,7.59696626663208,7.59696626663208,0,7.04225635528565,2.48321104049683,3.05454540252686,6.04363632202148,5,10,0.869565188884735,0.876811623573303,1,1,62,1.04999995231628,36.7499983310699
11,2012-11-10,23080760,4,Definitivo,SAN ROQUE [23080760],Pluviométrica,Convencional,Activa,Antioquia,San Roque,6.4875,-75.017,820,5/15/1975,,Monchia,Magdalena Cauca,Medio Magdalena,Río Nare,2012,10,Andes,Definitivo,4,4,0,5.18440771102905,5.18440771102905,36.1828765869141,12.9688520431519,28.3112297058106,3.05454540252686,6.04363632202148,5,10,0.869565188884735,0.876811623573303,1,1,62,1.04999995231628,4.19999980926514
11,2011-11-15,23080760,10,Definitivo,SAN ROQUE [23080760],Pluviométrica,Convencional,Activa,Antioquia,San Roque,6.4875,-75.017,820,5/15/1975,,Monchia,Magdalena Cauca,Medio Magdalena,Río Nare,2011,15,Andes,Definitivo,10,10,0,9.01028347015381,9.01028347015381,13.6741914749146,11.1482982635498,18.4741363525391,3.05454540252686,6.04363632202148,5,10,0.869565188884735,0.876811623573303,1,1,63,1.04999995231628,10.4999995231628
11,2010-11-19,23080760,,"",SAN ROQUE [23080760],Pluviométrica,Convencional,Activa,Antioquia,San Roque,6.4875,-75.017,820,5/15/1975,,Monchia,Magdalena Cauca,Medio Magdalena,Río Nare,2010,19,Andes,Preliminar,0,0,0,2.42866444587708,2.42866444587708,0,5.71215486526489,0,3.05454540252686,6.04363632202148,5,10,0.869565188884735,0.876811623573303,1,1,64,1.04999995231628,0
11,2010-11-20,23080760,2,Definitivo,SAN ROQUE [23080760],Pluviométrica,Convencional,Activa,Antioquia,San Roque,6.4875,-75.017,820,5/15/1975,,Monchia,Magdalena Cauca,Medio Magdalena,Río Nare,2010,20,Andes,Definitivo,2,2,0,5.14938402175903,5.14938402175903,0,5.39415121078491,3.09976816177368,3.05454540252686,6.04363632202148,5,10,0.869565188884735,0.876811623573303,1,1,64,1.04999995231628,2.09999990463257
11,2009-11-24,23080760,7,Definitivo,SAN ROQUE [23080760],Pluviométrica,Convencional,Activa,Antioquia,San Roque,6.4875,-75.017,820,5/15/1975,,Monchia,Magdalena Cauca,Medio Magdalena,Río Nare,2009,24,Andes,Definitivo,7,7,0,9.03699207305908,9.03699207305908,0,6.23871326446533,1.13065838813782,3.05454540252686,6.04363632202148,5,10,0.869565188884735,0.876811623573303,1,1,65,1.04999995231628,7.34999966621399
11,2014-11-23,23080760,,"",SAN ROQUE [23080760],Pluviométrica,Convencional,Activa,Antioquia,San Roque,6.4875,-75.017,820,5/15/1975,,Monchia,Magdalena Cauca,Medio Magdalena,Río Nare,2014,23,Andes,Preliminar,0,0,0,4.45352602005005,4.45352602005005,0,1.60898017883301,1.28571116924286,3.05454540252686,6.04363632202148,5,10,0.869565188884735,0.876811623573303,1,1,65,1.04999995231628,0
11,2014-11-24,23080760,,"",SAN ROQUE [23080760],Pluviométrica,Convencional,Activa,Antioquia,San Roque,6.4875,-75.017,820,5/15/1975,,Monchia,Magdalena Cauca,Medio Magdalena,Río Nare,2014,24,Andes,Preliminar,0,0,0,1.13075125217438,1.13075125217438,12.1633234024048,1.85850238800049,0.0577056929469109,3.05454540252686,6.04363632202148,5,10,0.869565188884735,0.876811623573303,1,1,65,1.04999995231628,0
11,2014-11-25,23080760,,"",SAN ROQUE [23080760],Pluviométrica,Convencional,Activa,Antioquia,San Roque,6.4875,-75.017,820,5/15/1975,,Monchia,Magdalena Cauca,Medio Magdalena,Río Nare,2014,25,Andes,Preliminar,0,0,0,3.07943558692932,3.07943558692932,0,1.23352837562561,0.206313714385033,3.05454540252686,6.04363632202148,5,10,0.869565188884735,0.876811623573303,1,1,65,1.04999995231628,0
11,2019-11-24,23080760,0,Definitivo,SAN ROQUE [23080760],Pluviométrica,Convencional,Activa,Antioquia,San Roque,6.4875,-75.017,820,5/15/1975,,Monchia,Magdalena Cauca,Medio Magdalena,Río Nare,2019,24,Andes,Definitivo,0,0,0,7.00227880477905,7.00227880477905,12.56032371521,3.03786373138428,0.691017031669617,3.05454540252686,6.04363632202148,5,10,0.869565188884735,0.876811623573303,1,1,65,1.04999995231628,0
11,2004-11-11,23080760,4,Definitivo,SAN ROQUE [23080760],Pluviométrica,Convencional,Activa,Antioquia,San Roque,6.4875,-75.017,820,5/15/1975,,Monchia,Magdalena Cauca,Medio Magdalena,Río Nare,2004,11,Andes,Definitivo,4,4,0,1.93430173397064,1.93430173397064,0,6.5985860824585,9.34171867370605,3.05454540252686,6.04363632202148,5,10,0.869565188884735,0.876811623573303,1,1,63,1.04999995231628,4.19999980926514
11,2005-11-09,23080760,15,Definitivo,SAN ROQUE [23080760],Pluviométrica,Convencional,Activa,Antioquia,San Roque,6.4875,-75.017,820,5/15/1975,,Monchia,Magdalena Cauca,Medio Magdalena,Río Nare,2005,09,Andes,Definitivo,15,15,0,0.500732719898224,0.500732719898224,66.6562194824219,18.1527557373047,103.381683349609,3.05454540252686,6.04363632202148,5,10,0.869565188884735,0.876811623573303,1,1,62,1.04999995231628,15.7499992847443
11,2018-11-25,23080760,10,Definitivo,SAN ROQUE [23080760],Pluviométrica,Convencional,Activa,Antioquia,San Roque,6.4875,-75.017,820,5/15/1975,,Monchia,Magdalena Cauca,Medio Magdalena,Río Nare,2018,25,Andes,Definitivo,10,10,0,8.46922016143799,8.46922016143799,18.158182144165,10.4338064193726,26.4098262786865,3.05454540252686,6.04363632202148,5,10,0.869565188884735,0.876811623573303,1,1,65,1.04999995231628,10.4999995231628
11,2021-11-20,23080760,0,Definitivo,SAN ROQUE [23080760],Pluviométrica,Convencional,Activa,Antioquia,San Roque,6.4875,-75.017,820,5/15/1975,,Monchia,Magdalena Cauca,Medio Magdalena,Río Nare,2021,20,Andes,Definitivo,0,0,0,2.21064305305481,2.21064305305481,0,0,0,3.05454540252686,6.04363632202148,5,10,0.869565188884735,0.876811623573303,1,1,64,1.04999995231628,0
11,2021-11-17,23080760,0,Definitivo,SAN ROQUE [23080760],Pluviométrica,Convencional,Activa,Antioquia,San Roque,6.4875,-75.017,820,5/15/1975,,Monchia,Magdalena Cauca,Medio Magdalena,Río Nare,2021,17,Andes,Definitivo,0,0,0,1.68489563465118,1.68489563465118,0,0,0,3.05454540252686,6.04363632202148,5,10,0.869565188884735,0.876811623573303,1,1,64,1.04999995231628,0
11,2022-11-15,23080760,10,Definitivo,SAN ROQUE [23080760],Pluviométrica,Convencional,Activa,Antioquia,San Roque,6.4875,-75.017,820,5/15/1975,,Monchia,Magdalena Cauca,Medio Magdalena,Río Nare,2022,15,Andes,Definitivo,10,10,0,9.52410888671875,9.52410888671875,11.2202425003052,4.10750865936279,2.30433249473572,3.05454540252686,6.04363632202148,5,10,0.869565188884735,0.876811623573303,1,1,63,1.04999995231628,10.4999995231628
11,2020-11-15,23080760,8,Definitivo,SAN ROQUE [23080760],Pluviométrica,Convencional,Activa,Antioquia,San Roque,6.4875,-75.017,820,5/15/1975,,Monchia,Magdalena Cauca,Medio Magdalena,Río Nare,2020,15,Andes,Definitivo,8,8,0,7.01174402236939,7.01174402236939,12.3875713348389,14.3490371704102,28.9174098968506,3.05454540252686,6.04363632202148,5,10,0.869565188884735,0.876811623573303,1,1,63,1.04999995231628,8.39999961853027
11,2022-11-12,23080760,0,Definitivo,SAN ROQUE [23080760],Pluviométrica,Convencional,Activa,Antioquia,San Roque,6.4875,-75.017,820,5/15/1975,,Monchia,Magdalena Cauca,Medio Magdalena,Río Nare,2022,12,Andes,Definitivo,0,0,0,8.84925556182861,8.84925556182861,0,22.6881351470947,19.393045425415,3.05454540252686,6.04363632202148,5,10,0.869565188884735,0.876811623573303,1,1,63,1.04999995231628,0
11,2019-11-14,23080760,2,Definitivo,SAN ROQUE [23080760],Pluviométrica,Convencional,Activa,Antioquia,San Roque,6.4875,-75.017,820,5/15/1975,,Monchia,Magdalena Cauca,Medio Magdalena,Río Nare,2019,14,Andes,Definitivo,2,2,0,14.6844615936279,14.6844615936279,10.1567525863647,25.1105918884277,25.3272762298584,3.05454540252686,6.04363632202148,5,10,0.869565188884735,0.876811623573303,1,1,63,1.04999995231628,2.09999990463257
11,2020-11-11,23080760,3,Definitivo,SAN ROQUE [23080760],Pluviométrica,Convencional,Activa,Antioquia,San Roque,6.4875,-75.017,820,5/15/1975,,Monchia,Magdalena Cauca,Medio Magdalena,Río Nare,2020,11,Andes,Definitivo,3,3,0,5.70996046066284,5.70996046066284,24.7751426696777,27.991081237793,20.684211730957,3.05454540252686,6.04363632202148,5,10,0.869565188884735,0.876811623573303,1,1,63,1.04999995231628,3.14999985694885
11,2021-11-09,23080760,2,Definitivo,SAN ROQUE [23080760],Pluviométrica,Convencional,Activa,Antioquia,San Roque,6.4875,-75.017,820,5/15/1975,,Monchia,Magdalena Cauca,Medio Magdalena,Río Nare,2021,09,Andes,Definitivo,2,2,0,18.2722930908203,18.2722930908203,23.805721282959,9.59644985198975,35.4673500061035,3.05454540252686,6.04363632202148,5,10,0.869565188884735,0.876811623573303,1,1,62,1.04999995231628,2.09999990463257
11,2022-11-07,23080760,16,Definitivo,SAN ROQUE [23080760],Pluviométrica,Convencional,Activa,Antioquia,San Roque,6.4875,-75.017,820,5/15/1975,,Monchia,Magdalena Cauca,Medio Magdalena,Río Nare,2022,07,Andes,Definitivo,16,16,0,20.1279621124268,20.1279621124268,30.5764217376709,21.495153427124,20.9110984802246,3.05454540252686,6.04363632202148,5,10,0.869565188884735,0.876811623573303,1,1,62,1.04999995231628,16.7999992370605
11,2023-11-05,23080760,72,Definitivo,SAN ROQUE [23080760],Pluviométrica,Convencional,Activa,Antioquia,San Roque,6.4875,-75.017,820,5/15/1975,,Monchia,Magdalena Cauca,Medio Magdalena,Río Nare,2023,05,Andes,Definitivo,72,72,0,4.69188499450684,4.69188499450684,0,2.33399868011475,11.2928228378296,3.05454540252686,6.04363632202148,5,10,0.869565188884735,0.876811623573303,1,1,61,1.04999995231628,75.5999965667725
11,2019-11-25,23080760,15,Definitivo,SAN ROQUE [23080760],Pluviométrica,Convencional,Activa,Antioquia,San Roque,6.4875,-75.017,820,5/15/1975,,Monchia,Magdalena Cauca,Medio Magdalena,Río Nare,2019,25,Andes,Definitivo,15,15,0,1.09892821311951,1.09892821311951,0,1.8014497756958,0,3.05454540252686,6.04363632202148,5,10,0.869565188884735,0.876811623573303,1,1,65,1.04999995231628,15.7499992847443
11,2022-11-23,23080760,0,Definitivo,SAN ROQUE [23080760],Pluviométrica,Convencional,Activa,Antioquia,San Roque,6.4875,-75.017,820,5/15/1975,,Monchia,Magdalena Cauca,Medio Magdalena,Río Nare,2022,23,Andes,Definitivo,0,0,0,5.34053564071655,5.34053564071655,0,3.21552085876465,1.92003154754639,3.05454540252686,6.04363632202148,5,10,0.869565188884735,0.876811623573303,1,1,65,1.04999995231628,0
11,2001-11-30,23080760,0,Definitivo,SAN ROQUE [23080760],Pluviométrica,Convencional,Activa,Antioquia,San Roque,6.4875,-75.017,820,5/15/1975,,Monchia,Magdalena Cauca,Medio Magdalena,Río Nare,2001,30,Andes,Definitivo,0,0,0,1.36709356307983,1.36709356307983,0,0.710080564022064,0.410709619522095,3.05454540252686,6.04363632202148,5,10,0.869565188884735,0.876811623573303,1,1,66,1.04999995231628,0
11,2002-11-28,23080760,10,Definitivo,SAN ROQUE [23080760],Pluviométrica,Convencional,Activa,Antioquia,San Roque,6.4875,-75.017,820,5/15/1975,,Monchia,Magdalena Cauca,Medio Magdalena,Río Nare,2002,28,Andes,Definitivo,10,10,0,0.78213506937027,0.78213506937027,0,7.44471883773804,33.1842079162598,3.05454540252686,6.04363632202148,5,10,0.869565188884735,0.876811623573303,1,1,66,1.04999995231628,10.4999995231628
11,2002-11-29,23080760,0,Definitivo,SAN ROQUE [23080760],Pluviométrica,Convencional,Activa,Antioquia,San Roque,6.4875,-75.017,820,5/15/1975,,Monchia,Magdalena Cauca,Medio Magdalena,Río Nare,2002,29,Andes,Definitivo,0,0,0,7.22324752807617,7.22324752807617,13.6443405151367,35.769962310791,20.1915760040283,3.05454540252686,6.04363632202148,5,10,0.869565188884735,0.876811623573303,1,1,66,1.04999995231628,0
11,2004-11-23,23080760,7,Definitivo,SAN ROQUE [23080760],Pluviométrica,Convencional,Activa,Antioquia,San Roque,6.4875,-75.017,820,5/15/1975,,Monchia,Magdalena Cauca,Medio Magdalena,Río Nare,2004,23,Andes,Definitivo,7,7,0,2.15128803253174,2.15128803253174,0,3.14922285079956,0.0150049822404981,3.05454540252686,6.04363632202148,5,10,0.869565188884735,0.876811623573303,1,1,65,1.04999995231628,7.34999966621399
11,2005-11-21,23080760,37,Definitivo,SAN ROQUE [23080760],Pluviométrica,Convencional,Activa,Antioquia,San Roque,6.4875,-75.017,820,5/15/1975,,Monchia,Magdalena Cauca,Medio Magdalena,Río Nare,2005,21,Andes,Definitivo,37,37,0,5.70361185073853,5.70361185073853,0,4.63941144943237,6.47259759902954,3.05454540252686,6.04363632202148,5,10,0.869565188884735,0.876811623573303,1,1,65,1.04999995231628,38.8499982357025
11,2006-11-19,23080760,17,Definitivo,SAN ROQUE [23080760],Pluviométrica,Convencional,Activa,Antioquia,San Roque,6.4875,-75.017,820,5/15/1975,,Monchia,Magdalena Cauca,Medio Magdalena,Río Nare,2006,19,Andes,Definitivo,17,17,0,9.31889820098877,9.31889820098877,0,25.7759857177734,1.49843144416809,3.05454540252686,6.04363632202148,5,10,0.869565188884735,0.876811623573303,1,1,64,1.04999995231628,17.8499991893768
11,2007-11-17,23080760,,"",SAN ROQUE [23080760],Pluviométrica,Convencional,Activa,Antioquia,San Roque,6.4875,-75.017,820,5/15/1975,,Monchia,Magdalena Cauca,Medio Magdalena,Río Nare,2007,17,Andes,Preliminar,0,0,0,28.5184268951416,28.5184268951416,23.6797828674316,12.2948188781738,42.2440795898438,3.05454540252686,6.04363632202148,5,10,0.869565188884735,0.876811623573303,1,1,64,1.04999995231628,0
11,2008-11-14,23080760,26,Definitivo,SAN ROQUE [23080760],Pluviométrica,Convencional,Activa,Antioquia,San Roque,6.4875,-75.017,820,5/15/1975,,Monchia,Magdalena Cauca,Medio Magdalena,Río Nare,2008,14,Andes,Definitivo,26,26,0,13.2726202011108,13.2726202011108,0,9.67959022521973,0.861249208450317,3.05454540252686,6.04363632202148,5,10,0.869565188884735,0.876811623573303,1,1,63,1.04999995231628,27.2999987602234
11,2009-11-12,23080760,0,Definitivo,SAN ROQUE [23080760],Pluviométrica,Convencional,Activa,Antioquia,San Roque,6.4875,-75.017,820,5/15/1975,,Monchia,Magdalena Cauca,Medio Magdalena,Río Nare,2009,12,Andes,Definitivo,0,0,0,13.6624794006348,13.6624794006348,0,4.63757276535034,2.02296876907349,3.05454540252686,6.04363632202148,5,10,0.869565188884735,0.876811623573303,1,1,63,1.04999995231628,0
11,2007-11-13,23080760,11,Definitivo,SAN ROQUE [23080760],Pluviométrica,Convencional,Activa,Antioquia,San Roque,6.4875,-75.017,820,5/15/1975,,Monchia,Magdalena Cauca,Medio Magdalena,Río Nare,2007,13,Andes,Definitivo,11,11,0,4.41402053833008,4.41402053833008,28.8686237335205,9.79615306854248,23.0688323974609,3.05454540252686,6.04363632202148,5,10,0.869565188884735,0.876811623573303,1,1,63,1.04999995231628,11.5499994754791
11,2005-11-13,23080760,4,Definitivo,SAN ROQUE [23080760],Pluviométrica,Convencional,Activa,Antioquia,San Roque,6.4875,-75.017,820,5/15/1975,,Monchia,Magdalena Cauca,Medio Magdalena,Río Nare,2005,13,Andes,Definitivo,4,4,0,19.5516624450684,19.5516624450684,30.9600944519043,59.2805557250977,40.4599647521973,3.05454540252686,6.04363632202148,5,10,0.869565188884735,0.876811623573303,1,1,63,1.04999995231628,4.19999980926514
11,2006-11-11,23080760,43,Definitivo,SAN ROQUE [23080760],Pluviométrica,Convencional,Activa,Antioquia,San Roque,6.4875,-75.017,820,5/15/1975,,Monchia,Magdalena Cauca,Medio Magdalena,Río Nare,2006,11,Andes,Definitivo,43,43,0,14.3663396835327,14.3663396835327,14.2999448776245,3.04203081130981,10.0651807785034,3.05454540252686,6.04363632202148,5,10,0.869565188884735,0.876811623573303,1,1,63,1.04999995231628,45.1499979496002
11,2006-11-10,23080760,,"",SAN ROQUE [23080760],Pluviométrica,Convencional,Activa,Antioquia,San Roque,6.4875,-75.017,820,5/15/1975,,Monchia,Magdalena Cauca,Medio Magdalena,Río Nare,2006,10,Andes,Preliminar,0,0,0,4.39048099517822,4.39048099517822,0,2.98124098777771,1.19190526008606,3.05454540252686,6.04363632202148,5,10,0.869565188884735,0.876811623573303,1,1,62,1.04999995231628,0
11,2004-11-10,23080760,3,Definitivo,SAN ROQUE [23080760],Pluviométrica,Convencional,Activa,Antioquia,San Roque,6.4875,-75.017,820,5/15/1975,,Monchia,Magdalena Cauca,Medio Magdalena,Río Nare,2004,10,Andes,Definitivo,3,3,0,25.8019828796387,25.8019828796387,9.20708751678467,26.7250423431397,6.0786280632019,3.05454540252686,6.04363632202148,5,10,0.869565188884735,0.876811623573303,1,1,62,1.04999995231628,3.14999985694885
11,2005-11-10,23080760,52,Definitivo,SAN ROQUE [23080760],Pluviométrica,Convencional,Activa,Antioquia,San Roque,6.4875,-75.017,820,5/15/1975,,Monchia,Magdalena Cauca,Medio Magdalena,Río Nare,2005,10,Andes,Definitivo,52,52,0,3.83895111083984,3.83895111083984,26.6624908447266,80.4549713134766,17.4651031494141,3.05454540252686,6.04363632202148,5,10,0.869565188884735,0.876811623573303,1,1,62,1.04999995231628,54.5999975204468
11,2010-11-09,23080760,4,Definitivo,SAN ROQUE [23080760],Pluviométrica,Convencional,Activa,Antioquia,San Roque,6.4875,-75.017,820,5/15/1975,,Monchia,Magdalena Cauca,Medio Magdalena,Río Nare,2010,09,Andes,Definitivo,4,4,0,18.8789482116699,18.8789482116699,18.6555137634277,12.2263288497925,17.326042175293,3.05454540252686,6.04363632202148,5,10,0.869565188884735,0.876811623573303,1,1,62,1.04999995231628,4.19999980926514
11,2010-11-10,23080760,11,Definitivo,SAN ROQUE [23080760],Pluviométrica,Convencional,Activa,Antioquia,San Roque,6.4875,-75.017,820,5/15/1975,,Monchia,Magdalena Cauca,Medio Magdalena,Río Nare,2010,10,Andes,Definitivo,11,11,0,1.86810779571533,1.86810779571533,0,7.02347421646118,0.424475342035294,3.05454540252686,6.04363632202148,5,10,0.869565188884735,0.876811623573303,1,1,62,1.04999995231628,11.5499994754791
11,2012-11-11,23080760,0,Definitivo,SAN ROQUE [23080760],Pluviométrica,Convencional,Activa,Antioquia,San Roque,6.4875,-75.017,820,5/15/1975,,Monchia,Magdalena Cauca,Medio Magdalena,Río Nare,2012,11,Andes,Definitivo,0,0,0,3.00672793388367,3.00672793388367,0,6.50369834899902,0.519079744815826,3.05454540252686,6.04363632202148,5,10,0.869565188884735,0.876811623573303,1,1,63,1.04999995231628,0
11,2011-11-16,23080760,11,Definitivo,SAN ROQUE [23080760],Pluviométrica,Convencional,Activa,Antioquia,San Roque,6.4875,-75.017,820,5/15/1975,,Monchia,Magdalena Cauca,Medio Magdalena,Río Nare,2011,16,Andes,Definitivo,11,11,0,11.0271263122559,11.0271263122559,34.2483367919922,11.4037590026855,11.7419300079346,3.05454540252686,6.04363632202148,5,10,0.869565188884735,0.876811623573303,1,1,64,1.04999995231628,11.5499994754791
11,2011-11-17,23080760,57,Definitivo,SAN ROQUE [23080760],Pluviométrica,Convencional,Activa,Antioquia,San Roque,6.4875,-75.017,820,5/15/1975,,Monchia,Magdalena Cauca,Medio Magdalena,Río Nare,2011,17,Andes,Definitivo,57,57,0,9.84553241729736,9.84553241729736,11.416111946106,32.6752624511719,9.85273933410645,3.05454540252686,6.04363632202148,5,10,0.869565188884735,0.876811623573303,1,1,64,1.04999995231628,59.8499972820282
11,2010-11-21,23080760,10,Definitivo,SAN ROQUE [23080760],Pluviométrica,Convencional,Activa,Antioquia,San Roque,6.4875,-75.017,820,5/15/1975,,Monchia,Magdalena Cauca,Medio Magdalena,Río Nare,2010,21,Andes,Definitivo,10,10,0,5.52753019332886,5.52753019332886,0,6.27544498443604,5.27095651626587,3.05454540252686,6.04363632202148,5,10,0.869565188884735,0.876811623573303,1,1,65,1.04999995231628,10.4999995231628
11,2012-11-22,23080760,8,Definitivo,SAN ROQUE [23080760],Pluviométrica,Convencional,Activa,Antioquia,San Roque,6.4875,-75.017,820,5/15/1975,,Monchia,Magdalena Cauca,Medio Magdalena,Río Nare,2012,22,Andes,Definitivo,8,8,0,6.1200270652771,6.1200270652771,0,5.36725473403931,8.43634700775147,3.05454540252686,6.04363632202148,5,10,0.869565188884735,0.876811623573303,1,1,65,1.04999995231628,8.39999961853027
11,2012-11-23,23080760,0,Definitivo,SAN ROQUE [23080760],Pluviométrica,Convencional,Activa,Antioquia,San Roque,6.4875,-75.017,820,5/15/1975,,Monchia,Magdalena Cauca,Medio Magdalena,Río Nare,2012,23,Andes,Definitivo,0,0,0,4.90844678878784,4.90844678878784,0,3.09560656547546,3.00529026985168,3.05454540252686,6.04363632202148,5,10,0.869565188884735,0.876811623573303,1,1,65,1.04999995231628,0
11,2012-11-24,23080760,0,Definitivo,SAN ROQUE [23080760],Pluviométrica,Convencional,Activa,Antioquia,San Roque,6.4875,-75.017,820,5/15/1975,,Monchia,Magdalena Cauca,Medio Magdalena,Río Nare,2012,24,Andes,Definitivo,0,0,0,5.59696435928345,5.59696435928345,0,1.99409306049347,0,3.05454540252686,6.04363632202148,5,10,0.869565188884735,0.876811623573303,1,1,65,1.04999995231628,0
11,2017-11-23,23080760,0,Definitivo,SAN ROQUE [23080760],Pluviométrica,Convencional,Activa,Antioquia,San Roque,6.4875,-75.017,820,5/15/1975,,Monchia,Magdalena Cauca,Medio Magdalena,Río Nare,2017,23,Andes,Definitivo,0,0,0,2.67354702949524,2.67354702949524,0,5.77097845077515,0,3.05454540252686,6.04363632202148,5,10,0.869565188884735,0.876811623573303,1,1,65,1.04999995231628,0
11,2017-11-24,23080760,0,Definitivo,SAN ROQUE [23080760],Pluviométrica,Convencional,Activa,Antioquia,San Roque,6.4875,-75.017,820,5/15/1975,,Monchia,Magdalena Cauca,Medio Magdalena,Río Nare,2017,24,Andes,Definitivo,0,0,0,4.93222236633301,4.93222236633301,29.9246921539307,6.60818862915039,27.8909969329834,3.05454540252686,6.04363632202148,5,10,0.869565188884735,0.876811623573303,1,1,65,1.04999995231628,0
11,2020-11-22,23080760,0,Definitivo,SAN ROQUE [23080760],Pluviométrica,Convencional,Activa,Antioquia,San Roque,6.4875,-75.017,820,5/15/1975,,Monchia,Magdalena Cauca,Medio Magdalena,Río Nare,2020,22,Andes,Definitivo,0,0,0,5.57176876068115,5.57176876068115,0,2.7190477848053,0.116168715059757,3.05454540252686,6.04363632202148,5,10,0.869565188884735,0.876811623573303,1,1,65,1.04999995231628,0
11,2020-11-23,23080760,0,Definitivo,SAN ROQUE [23080760],Pluviométrica,Convencional,Activa,Antioquia,San Roque,6.4875,-75.017,820,5/15/1975,,Monchia,Magdalena Cauca,Medio Magdalena,Río Nare,2020,23,Andes,Definitivo,0,0,0,4.52775812149048,4.52775812149048,0,2.20606064796448,0,3.05454540252686,6.04363632202148,5,10,0.869565188884735,0.876811623573303,1,1,65,1.04999995231628,0
11,2020-11-21,23080760,0,Definitivo,SAN ROQUE [23080760],Pluviométrica,Convencional,Activa,Antioquia,San Roque,6.4875,-75.017,820,5/15/1975,,Monchia,Magdalena Cauca,Medio Magdalena,Río Nare,2020,21,Andes,Definitivo,0,0,0,12.8847856521606,12.8847856521606,13.1570100784302,6.47631597518921,13.077073097229,3.05454540252686,6.04363632202148,5,10,0.869565188884735,0.876811623573303,1,1,65,1.04999995231628,0
11,2022-11-18,23080760,26,Definitivo,SAN ROQUE [23080760],Pluviométrica,Convencional,Activa,Antioquia,San Roque,6.4875,-75.017,820,5/15/1975,,Monchia,Magdalena Cauca,Medio Magdalena,Río Nare,2022,18,Andes,Definitivo,26,26,0,3.01407527923584,3.01407527923584,14.7905597686768,22.7628936767578,24.0265464782715,3.05454540252686,6.04363632202148,5,10,0.869565188884735,0.876811623573303,1,1,64,1.04999995231628,27.2999987602234
11,2020-11-18,23080760,0,Definitivo,SAN ROQUE [23080760],Pluviométrica,Convencional,Activa,Antioquia,San Roque,6.4875,-75.017,820,5/15/1975,,Monchia,Magdalena Cauca,Medio Magdalena,Río Nare,2020,18,Andes,Definitivo,0,0,0,8.25852775573731,8.25852775573731,13.0143299102783,10.7209644317627,17.4422645568848,3.05454540252686,6.04363632202148,5,10,0.869565188884735,0.876811623573303,1,1,64,1.04999995231628,0
11,2018-11-19,23080760,5,Definitivo,SAN ROQUE [23080760],Pluviométrica,Convencional,Activa,Antioquia,San Roque,6.4875,-75.017,820,5/15/1975,,Monchia,Magdalena Cauca,Medio Magdalena,Río Nare,2018,19,Andes,Definitivo,5,5,0,8.36805152893066,8.36805152893066,51.0566673278809,31.3026752471924,41.9620170593262,3.05454540252686,6.04363632202148,5,10,0.869565188884735,0.876811623573303,1,1,64,1.04999995231628,5.24999976158142
11,2018-11-16,23080760,0,Definitivo,SAN ROQUE [23080760],Pluviométrica,Convencional,Activa,Antioquia,San Roque,6.4875,-75.017,820,5/15/1975,,Monchia,Magdalena Cauca,Medio Magdalena,Río Nare,2018,16,Andes,Definitivo,0,0,0,10.223030090332,10.223030090332,0,9.06581020355225,3.85656833648682,3.05454540252686,6.04363632202148,5,10,0.869565188884735,0.876811623573303,1,1,64,1.04999995231628,0
11,2020-11-14,23080760,0,Definitivo,SAN ROQUE [23080760],Pluviométrica,Convencional,Activa,Antioquia,San Roque,6.4875,-75.017,820,5/15/1975,,Monchia,Magdalena Cauca,Medio Magdalena,Río Nare,2020,14,Andes,Definitivo,0,0,0,17.511402130127,17.511402130127,24.7751426696777,41.6014633178711,30.2353610992432,3.05454540252686,6.04363632202148,5,10,0.869565188884735,0.876811623573303,1,1,63,1.04999995231628,0
11,2018-11-15,23080760,2,Definitivo,SAN ROQUE [23080760],Pluviométrica,Convencional,Activa,Antioquia,San Roque,6.4875,-75.017,820,5/15/1975,,Monchia,Magdalena Cauca,Medio Magdalena,Río Nare,2018,15,Andes,Definitivo,2,2,0,1.75709593296051,1.75709593296051,0,2.50834035873413,0,3.05454540252686,6.04363632202148,5,10,0.869565188884735,0.876811623573303,1,1,63,1.04999995231628,2.09999990463257
11,2019-11-13,23080760,25,Definitivo,SAN ROQUE [23080760],Pluviométrica,Convencional,Activa,Antioquia,San Roque,6.4875,-75.017,820,5/15/1975,,Monchia,Magdalena Cauca,Medio Magdalena,Río Nare,2019,13,Andes,Definitivo,25,25,0,21.7650966644287,21.7650966644287,15.0541915893555,28.2224216461182,29.0984954833984,3.05454540252686,6.04363632202148,5,10,0.869565188884735,0.876811623573303,1,1,63,1.04999995231628,26.2499988079071
11,2020-11-10,23080760,6,Definitivo,SAN ROQUE [23080760],Pluviométrica,Convencional,Activa,Antioquia,San Roque,6.4875,-75.017,820,5/15/1975,,Monchia,Magdalena Cauca,Medio Magdalena,Río Nare,2020,10,Andes,Definitivo,6,6,0,0.609569907188416,0.609569907188416,0,12.0178194046021,0.00563510227948427,3.05454540252686,6.04363632202148,5,10,0.869565188884735,0.876811623573303,1,1,62,1.04999995231628,6.29999971389771
11,2021-11-08,23080760,17,Definitivo,SAN ROQUE [23080760],Pluviométrica,Convencional,Activa,Antioquia,San Roque,6.4875,-75.017,820,5/15/1975,,Monchia,Magdalena Cauca,Medio Magdalena,Río Nare,2021,08,Andes,Definitivo,17,17,0,11.3652877807617,11.3652877807617,11.9028606414795,36.6115417480469,14.1814937591553,3.05454540252686,6.04363632202148,5,10,0.869565188884735,0.876811623573303,1,1,62,1.04999995231628,17.8499991893768
11,2022-11-06,23080760,68,Definitivo,SAN ROQUE [23080760],Pluviométrica,Convencional,Activa,Antioquia,San Roque,6.4875,-75.017,820,5/15/1975,,Monchia,Magdalena Cauca,Medio Magdalena,Río Nare,2022,06,Andes,Definitivo,68,68,0,7.24167633056641,7.24167633056641,30.5764217376709,35.3626556396484,31.3457851409912,3.05454540252686,6.04363632202148,5,10,0.869565188884735,0.876811623573303,1,1,62,1.04999995231628,71.3999967575073
11,2023-11-04,23080760,0,Definitivo,SAN ROQUE [23080760],Pluviométrica,Convencional,Activa,Antioquia,San Roque,6.4875,-75.017,820,5/15/1975,,Monchia,Magdalena Cauca,Medio Magdalena,Río Nare,2023,04,Andes,Definitivo,0,0,0,3.31273341178894,3.31273341178894,15.9158535003662,41.670482635498,23.9359073638916,3.05454540252686,6.04363632202148,5,10,0.869565188884735,0.876811623573303,1,1,61,1.04999995231628,0
11,2023-11-03,23080760,12,Definitivo,SAN ROQUE [23080760],Pluviométrica,Convencional,Activa,Antioquia,San Roque,6.4875,-75.017,820,5/15/1975,,Monchia,Magdalena Cauca,Medio Magdalena,Río Nare,2023,03,Andes,Definitivo,12,12,0,17.131217956543,17.131217956543,31.8317070007324,25.693733215332,30.1102352142334,3.05454540252686,6.04363632202148,5,10,0.869565188884735,0.876811623573303,1,1,61,1.04999995231628,12.5999994277954
11,2001-11-29,23080760,,"",SAN ROQUE [23080760],Pluviométrica,Convencional,Activa,Antioquia,San Roque,6.4875,-75.017,820,5/15/1975,,Monchia,Magdalena Cauca,Medio Magdalena,Río Nare,2001,29,Andes,Preliminar,0,0,0,3.02373266220093,3.02373266220093,0,3.07614660263062,0.0901651978492737,3.05454540252686,6.04363632202148,5,10,0.869565188884735,0.876811623573303,1,1,66,1.04999995231628,0
11,2003-11-26,23080760,0,Definitivo,SAN ROQUE [23080760],Pluviométrica,Convencional,Activa,Antioquia,San Roque,6.4875,-75.017,820,5/15/1975,,Monchia,Magdalena Cauca,Medio Magdalena,Río Nare,2003,26,Andes,Definitivo,0,0,0,14.4896554946899,14.4896554946899,0,4.59660768508911,0.28727599978447,3.05454540252686,6.04363632202148,5,10,0.869565188884735,0.876811623573303,1,1,66,1.04999995231628,0
11,2003-11-25,23080760,1,Definitivo,SAN ROQUE [23080760],Pluviométrica,Convencional,Activa,Antioquia,San Roque,6.4875,-75.017,820,5/15/1975,,Monchia,Magdalena Cauca,Medio Magdalena,Río Nare,2003,25,Andes,Definitivo,1,1,0,4.96814203262329,4.96814203262329,10.739688873291,16.8224544525147,15.3231477737427,3.05454540252686,6.04363632202148,5,10,0.869565188884735,0.876811623573303,1,1,65,1.04999995231628,1.04999995231628
11,2004-11-22,23080760,,"",SAN ROQUE [23080760],Pluviométrica,Convencional,Activa,Antioquia,San Roque,6.4875,-75.017,820,5/15/1975,,Monchia,Magdalena Cauca,Medio Magdalena,Río Nare,2004,22,Andes,Preliminar,0,0,0,3.64523792266846,3.64523792266846,10.4163608551025,0.593891739845276,28.8469676971436,3.05454540252686,6.04363632202148,5,10,0.869565188884735,0.876811623573303,1,1,65,1.04999995231628,0
11,2005-11-20,23080760,,"",SAN ROQUE [23080760],Pluviométrica,Convencional,Activa,Antioquia,San Roque,6.4875,-75.017,820,5/15/1975,,Monchia,Magdalena Cauca,Medio Magdalena,Río Nare,2005,20,Andes,Preliminar,0,0,0,5.15019941329956,5.15019941329956,0,6.18925428390503,0.425423234701157,3.05454540252686,6.04363632202148,5,10,0.869565188884735,0.876811623573303,1,1,64,1.04999995231628,0
11,2006-11-18,23080760,6,Definitivo,SAN ROQUE [23080760],Pluviométrica,Convencional,Activa,Antioquia,San Roque,6.4875,-75.017,820,5/15/1975,,Monchia,Magdalena Cauca,Medio Magdalena,Río Nare,2006,18,Andes,Definitivo,6,6,0,9.97600078582764,9.97600078582764,0,9.57164001464844,17.8564357757568,3.05454540252686,6.04363632202148,5,10,0.869565188884735,0.876811623573303,1,1,64,1.04999995231628,6.29999971389771
11,2007-11-16,23080760,55,Definitivo,SAN ROQUE [23080760],Pluviométrica,Convencional,Activa,Antioquia,San Roque,6.4875,-75.017,820,5/15/1975,,Monchia,Magdalena Cauca,Medio Magdalena,Río Nare,2007,16,Andes,Definitivo,55,55,0,11.8582620620728,11.8582620620728,0,24.8280544281006,0,3.05454540252686,6.04363632202148,5,10,0.869565188884735,0.876811623573303,1,1,64,1.04999995231628,57.7499973773956
11,2005-11-16,23080760,40,Definitivo,SAN ROQUE [23080760],Pluviométrica,Convencional,Activa,Antioquia,San Roque,6.4875,-75.017,820,5/15/1975,,Monchia,Magdalena Cauca,Medio Magdalena,Río Nare,2005,16,Andes,Definitivo,40,40,0,17.3356399536133,17.3356399536133,43.5505905151367,15.2506484985352,30.9427967071533,3.05454540252686,6.04363632202148,5,10,0.869565188884735,0.876811623573303,1,1,64,1.04999995231628,41.9999980926514
11,2006-11-14,23080760,69,Definitivo,SAN ROQUE [23080760],Pluviométrica,Convencional,Activa,Antioquia,San Roque,6.4875,-75.017,820,5/15/1975,,Monchia,Magdalena Cauca,Medio Magdalena,Río Nare,2006,14,Andes,Definitivo,69,69,0,12.3212366104126,12.3212366104126,42.8998336791992,41.8477401733399,27.5782718658447,3.05454540252686,6.04363632202148,5,10,0.869565188884735,0.876811623573303,1,1,63,1.04999995231628,72.4499967098236
11,2007-11-12,23080760,10,Definitivo,SAN ROQUE [23080760],Pluviométrica,Convencional,Activa,Antioquia,San Roque,6.4875,-75.017,820,5/15/1975,,Monchia,Magdalena Cauca,Medio Magdalena,Río Nare,2007,12,Andes,Definitivo,10,10,0,1.34407508373261,1.34407508373261,0,5.00326919555664,12.2532215118408,3.05454540252686,6.04363632202148,5,10,0.869565188884735,0.876811623573303,1,1,63,1.04999995231628,10.4999995231628
11,2005-11-12,23080760,54,Definitivo,SAN ROQUE [23080760],Pluviométrica,Convencional,Activa,Antioquia,San Roque,6.4875,-75.017,820,5/15/1975,,Monchia,Magdalena Cauca,Medio Magdalena,Río Nare,2005,12,Andes,Definitivo,54,54,0,17.5400638580322,17.5400638580322,10.320032119751,18.2161598205566,30.4070568084717,3.05454540252686,6.04363632202148,5,10,0.869565188884735,0.876811623573303,1,1,63,1.04999995231628,56.6999974250794
11,2004-11-13,23080760,10,Definitivo,SAN ROQUE [23080760],Pluviométrica,Convencional,Activa,Antioquia,San Roque,6.4875,-75.017,820,5/15/1975,,Monchia,Magdalena Cauca,Medio Magdalena,Río Nare,2004,13,Andes,Definitivo,10,10,0,6.31797170639038,6.31797170639038,0,4.84876251220703,0.625156819820404,3.05454540252686,6.04363632202148,5,10,0.869565188884735,0.876811623573303,1,1,63,1.04999995231628,10.4999995231628
11,2002-11-14,23080760,0,Definitivo,SAN ROQUE [23080760],Pluviométrica,Convencional,Activa,Antioquia,San Roque,6.4875,-75.017,820,5/15/1975,,Monchia,Magdalena Cauca,Medio Magdalena,Río Nare,2002,14,Andes,Definitivo,0,0,0,19.2400188446045,19.2400188446045,0,25.4563179016113,0.199119210243225,3.05454540252686,6.04363632202148,5,10,0.869565188884735,0.876811623573303,1,1,63,1.04999995231628,0
11,2006-11-07,23080760,2,Definitivo,SAN ROQUE [23080760],Pluviométrica,Convencional,Activa,Antioquia,San Roque,6.4875,-75.017,820,5/15/1975,,Monchia,Magdalena Cauca,Medio Magdalena,Río Nare,2006,07,Andes,Definitivo,2,2,0,10.7429733276367,10.7429733276367,0,6.84241724014282,0.299890130758286,3.05454540252686,6.04363632202148,5,10,0.869565188884735,0.876811623573303,1,1,62,1.04999995231628,2.09999990463257
11,2005-11-11,23080760,8,Definitivo,SAN ROQUE [23080760],Pluviométrica,Convencional,Activa,Antioquia,San Roque,6.4875,-75.017,820,5/15/1975,,Monchia,Magdalena Cauca,Medio Magdalena,Río Nare,2005,11,Andes,Definitivo,8,8,0,16.4022808074951,16.4022808074951,10.320032119751,20.7027359008789,27.3090839385986,3.05454540252686,6.04363632202148,5,10,0.869565188884735,0.876811623573303,1,1,63,1.04999995231628,8.39999961853027
11,2008-11-09,23080760,,"",SAN ROQUE [23080760],Pluviométrica,Convencional,Activa,Antioquia,San Roque,6.4875,-75.017,820,5/15/1975,,Monchia,Magdalena Cauca,Medio Magdalena,Río Nare,2008,09,Andes,Preliminar,0,0,0,0.957614004611969,0.957614004611969,0,3.90059876441956,0,3.05454540252686,6.04363632202148,5,10,0.869565188884735,0.876811623573303,1,1,62,1.04999995231628,0
11,2010-11-11,23080760,51,Definitivo,SAN ROQUE [23080760],Pluviométrica,Convencional,Activa,Antioquia,San Roque,6.4875,-75.017,820,5/15/1975,,Monchia,Magdalena Cauca,Medio Magdalena,Río Nare,2010,11,Andes,Definitivo,51,51,0,1.30615019798279,1.30615019798279,0,13.3107242584229,7.61778163909912,3.05454540252686,6.04363632202148,5,10,0.869565188884735,0.876811623573303,1,1,63,1.04999995231628,53.5499975681305
11,2012-11-12,23080760,8,Definitivo,SAN ROQUE [23080760],Pluviométrica,Convencional,Activa,Antioquia,San Roque,6.4875,-75.017,820,5/15/1975,,Monchia,Magdalena Cauca,Medio Magdalena,Río Nare,2012,12,Andes,Definitivo,8,8,0,1.15280628204346,1.15280628204346,0,12.3579416275024,3.99013471603394,3.05454540252686,6.04363632202148,5,10,0.869565188884735,0.876811623573303,1,1,63,1.04999995231628,8.39999961853027
11,2012-11-13,23080760,25,Definitivo,SAN ROQUE [23080760],Pluviométrica,Convencional,Activa,Antioquia,San Roque,6.4875,-75.017,820,5/15/1975,,Monchia,Magdalena Cauca,Medio Magdalena,Río Nare,2012,13,Andes,Definitivo,25,25,0,14.2104368209839,14.2104368209839,0,15.4468793869019,4.933030128479,3.05454540252686,6.04363632202148,5,10,0.869565188884735,0.876811623573303,1,1,63,1.04999995231628,26.2499988079071
11,2011-11-18,23080760,20,Definitivo,SAN ROQUE [23080760],Pluviométrica,Convencional,Activa,Antioquia,San Roque,6.4875,-75.017,820,5/15/1975,,Monchia,Magdalena Cauca,Medio Magdalena,Río Nare,2011,18,Andes,Definitivo,20,20,0,9.8709135055542,9.8709135055542,11.416111946106,17.8021793365479,36.0918235778809,3.05454540252686,6.04363632202148,5,10,0.869565188884735,0.876811623573303,1,1,64,1.04999995231628,20.9999990463257
11,2010-11-22,23080760,1,Definitivo,SAN ROQUE [23080760],Pluviométrica,Convencional,Activa,Antioquia,San Roque,6.4875,-75.017,820,5/15/1975,,Monchia,Magdalena Cauca,Medio Magdalena,Río Nare,2010,22,Andes,Definitivo,1,1,0,11.7762422561646,11.7762422561646,0,8.486891746521,1.77955234050751,3.05454540252686,6.04363632202148,5,10,0.869565188884735,0.876811623573303,1,1,65,1.04999995231628,1.04999995231628
11,2013-11-20,23080760,0,Definitivo,SAN ROQUE [23080760],Pluviométrica,Convencional,Activa,Antioquia,San Roque,6.4875,-75.017,820,5/15/1975,,Monchia,Magdalena Cauca,Medio Magdalena,Río Nare,2013,20,Andes,Definitivo,0,0,0,3.86317014694214,3.86317014694214,0,0,0,3.05454540252686,6.04363632202148,5,10,0.869565188884735,0.876811623573303,1,1,64,1.04999995231628,0
11,2013-11-21,23080760,2,Definitivo,SAN ROQUE [23080760],Pluviométrica,Convencional,Activa,Antioquia,San Roque,6.4875,-75.017,820,5/15/1975,,Monchia,Magdalena Cauca,Medio Magdalena,Río Nare,2013,21,Andes,Definitivo,2,2,0,6.84516191482544,6.84516191482544,0,2.89438605308533,0.183431148529053,3.05454540252686,6.04363632202148,5,10,0.869565188884735,0.876811623573303,1,1,65,1.04999995231628,2.09999990463257
11,2015-11-23,23080760,12,Definitivo,SAN ROQUE [23080760],Pluviométrica,Convencional,Activa,Antioquia,San Roque,6.4875,-75.017,820,5/15/1975,,Monchia,Magdalena Cauca,Medio Magdalena,Río Nare,2015,23,Andes,Definitivo,12,12,0,0.88251930475235,0.88251930475235,0,2.46873688697815,5.69231367111206,3.05454540252686,6.04363632202148,5,10,0.869565188884735,0.876811623573303,1,1,65,1.04999995231628,12.5999994277954
11,2015-11-24,23080760,2,Definitivo,SAN ROQUE [23080760],Pluviométrica,Convencional,Activa,Antioquia,San Roque,6.4875,-75.017,820,5/15/1975,,Monchia,Magdalena Cauca,Medio Magdalena,Río Nare,2015,24,Andes,Definitivo,2,2,0,2.38389348983765,2.38389348983765,0,1.78281247615814,0.459618121385574,3.05454540252686,6.04363632202148,5,10,0.869565188884735,0.876811623573303,1,1,65,1.04999995231628,2.09999990463257
11,2015-11-25,23080760,0,Definitivo,SAN ROQUE [23080760],Pluviométrica,Convencional,Activa,Antioquia,San Roque,6.4875,-75.017,820,5/15/1975,,Monchia,Magdalena Cauca,Medio Magdalena,Río Nare,2015,25,Andes,Definitivo,0,0,0,1.60786640644073,1.60786640644073,0,0.960712432861328,0.536626756191254,3.05454540252686,6.04363632202148,5,10,0.869565188884735,0.876811623573303,1,1,65,1.04999995231628,0
11,2018-11-23,23080760,6,Definitivo,SAN ROQUE [23080760],Pluviométrica,Convencional,Activa,Antioquia,San Roque,6.4875,-75.017,820,5/15/1975,,Monchia,Magdalena Cauca,Medio Magdalena,Río Nare,2018,23,Andes,Definitivo,6,6,0,12.3951234817505,12.3951234817505,9.07909107208252,33.0826072692871,13.1621971130371,3.05454540252686,6.04363632202148,5,10,0.869565188884735,0.876811623573303,1,1,65,1.04999995231628,6.29999971389771
11,2022-11-20,23080760,33,Definitivo,SAN ROQUE [23080760],Pluviométrica,Convencional,Activa,Antioquia,San Roque,6.4875,-75.017,820,5/15/1975,,Monchia,Magdalena Cauca,Medio Magdalena,Río Nare,2022,20,Andes,Definitivo,33,33,0,14.5300817489624,14.5300817489624,14.7905597686768,13.4727268218994,26.2660903930664,3.05454540252686,6.04363632202148,5,10,0.869565188884735,0.876811623573303,1,1,64,1.04999995231628,34.6499984264374
11,2018-11-22,23080760,3,Definitivo,SAN ROQUE [23080760],Pluviométrica,Convencional,Activa,Antioquia,San Roque,6.4875,-75.017,820,5/15/1975,,Monchia,Magdalena Cauca,Medio Magdalena,Río Nare,2018,22,Andes,Definitivo,3,3,0,14.8414688110352,14.8414688110352,9.07909107208252,9.31710720062256,21.454626083374,3.05454540252686,6.04363632202148,5,10,0.869565188884735,0.876811623573303,1,1,65,1.04999995231628,3.14999985694885
11,2022-11-17,23080760,7,Definitivo,SAN ROQUE [23080760],Pluviométrica,Convencional,Activa,Antioquia,San Roque,6.4875,-75.017,820,5/15/1975,,Monchia,Magdalena Cauca,Medio Magdalena,Río Nare,2022,17,Andes,Definitivo,7,7,0,0.950136363506317,0.950136363506317,0,9.98254489898682,0.49304524064064,3.05454540252686,6.04363632202148,5,10,0.869565188884735,0.876811623573303,1,1,64,1.04999995231628,7.34999966621399
11,2020-11-17,23080760,13,Definitivo,SAN ROQUE [23080760],Pluviométrica,Convencional,Activa,Antioquia,San Roque,6.4875,-75.017,820,5/15/1975,,Monchia,Magdalena Cauca,Medio Magdalena,Río Nare,2020,17,Andes,Definitivo,13,13,0,18.2913341522217,18.2913341522217,6.50716495513916,8.70553112030029,2.535236120224,3.05454540252686,6.04363632202148,5,10,0.869565188884735,0.876811623573303,1,1,64,1.04999995231628,13.6499993801117
11,2019-11-17,23080760,3,Definitivo,SAN ROQUE [23080760],Pluviométrica,Convencional,Activa,Antioquia,San Roque,6.4875,-75.017,820,5/15/1975,,Monchia,Magdalena Cauca,Medio Magdalena,Río Nare,2019,17,Andes,Definitivo,3,3,0,2.64633989334106,2.64633989334106,0,2.06226539611816,1.12949657440186,3.05454540252686,6.04363632202148,5,10,0.869565188884735,0.876811623573303,1,1,64,1.04999995231628,3.14999985694885
11,2019-11-16,23080760,0,Definitivo,SAN ROQUE [23080760],Pluviométrica,Convencional,Activa,Antioquia,San Roque,6.4875,-75.017,820,5/15/1975,,Monchia,Magdalena Cauca,Medio Magdalena,Río Nare,2019,16,Andes,Definitivo,0,0,0,1.69569361209869,1.69569361209869,17.8386039733887,7.17548561096191,16.2764949798584,3.05454540252686,6.04363632202148,5,10,0.869565188884735,0.876811623573303,1,1,64,1.04999995231628,0
11,2017-11-16,23080760,34,Definitivo,SAN ROQUE [23080760],Pluviométrica,Convencional,Activa,Antioquia,San Roque,6.4875,-75.017,820,5/15/1975,,Monchia,Magdalena Cauca,Medio Magdalena,Río Nare,2017,16,Andes,Definitivo,34,34,0,15.9357528686523,15.9357528686523,25.7838153839111,79.6122741699219,32.9813537597656,3.05454540252686,6.04363632202148,5,10,0.869565188884735,0.876811623573303,1,1,64,1.04999995231628,35.6999983787537
11,2018-11-14,23080760,0,Definitivo,SAN ROQUE [23080760],Pluviométrica,Convencional,Activa,Antioquia,San Roque,6.4875,-75.017,820,5/15/1975,,Monchia,Magdalena Cauca,Medio Magdalena,Río Nare,2018,14,Andes,Definitivo,0,0,0,6.34692859649658,6.34692859649658,0,2.33807373046875,3.1664731502533,3.05454540252686,6.04363632202148,5,10,0.869565188884735,0.876811623573303,1,1,63,1.04999995231628,0
11,2019-11-12,23080760,53,Definitivo,SAN ROQUE [23080760],Pluviométrica,Convencional,Activa,Antioquia,San Roque,6.4875,-75.017,820,5/15/1975,,Monchia,Magdalena Cauca,Medio Magdalena,Río Nare,2019,12,Andes,Definitivo,53,53,0,14.8365049362183,14.8365049362183,10.2619161605835,12.0035200119019,4.33035659790039,3.05454540252686,6.04363632202148,5,10,0.869565188884735,0.876811623573303,1,1,63,1.04999995231628,55.6499974727631
11,2020-11-09,23080760,0,Definitivo,SAN ROQUE [23080760],Pluviométrica,Convencional,Activa,Antioquia,San Roque,6.4875,-75.017,820,5/15/1975,,Monchia,Magdalena Cauca,Medio Magdalena,Río Nare,2020,09,Andes,Definitivo,0,0,0,1.65033996105194,1.65033996105194,32.9545631408691,6.78332281112671,4.52905416488648,3.05454540252686,6.04363632202148,5,10,0.869565188884735,0.876811623573303,1,1,62,1.04999995231628,0
11,2021-11-07,23080760,3,Definitivo,SAN ROQUE [23080760],Pluviométrica,Convencional,Activa,Antioquia,San Roque,6.4875,-75.017,820,5/15/1975,,Monchia,Magdalena Cauca,Medio Magdalena,Río Nare,2021,07,Andes,Definitivo,3,3,0,3.14990496635437,3.14990496635437,0,3.98802638053894,0,3.05454540252686,6.04363632202148,5,10,0.869565188884735,0.876811623573303,1,1,62,1.04999995231628,3.14999985694885
11,2022-11-05,23080760,29,Definitivo,SAN ROQUE [23080760],Pluviométrica,Convencional,Activa,Antioquia,San Roque,6.4875,-75.017,820,5/15/1975,,Monchia,Magdalena Cauca,Medio Magdalena,Río Nare,2022,05,Andes,Definitivo,29,29,0,26.7488079071045,26.7488079071045,15.7543468475342,47.9567947387695,41.2226142883301,3.05454540252686,6.04363632202148,5,10,0.869565188884735,0.876811623573303,1,1,61,1.04999995231628,30.4499986171722
11,2022-11-04,23080760,3,Definitivo,SAN ROQUE [23080760],Pluviométrica,Convencional,Activa,Antioquia,San Roque,6.4875,-75.017,820,5/15/1975,,Monchia,Magdalena Cauca,Medio Magdalena,Río Nare,2022,04,Andes,Definitivo,3,3,0,25.1031169891357,25.1031169891357,23.6315212249756,22.9800720214844,17.4493541717529,3.05454540252686,6.04363632202148,5,10,0.869565188884735,0.876811623573303,1,1,61,1.04999995231628,3.14999985694885
11,2023-11-02,23080760,22,Definitivo,SAN ROQUE [23080760],Pluviométrica,Convencional,Activa,Antioquia,San Roque,6.4875,-75.017,820,5/15/1975,,Monchia,Magdalena Cauca,Medio Magdalena,Río Nare,2023,02,Andes,Definitivo,22,22,0,18.3313121795654,18.3313121795654,15.9158535003662,29.8777694702148,28.770414352417,3.05454540252686,6.04363632202148,5,10,0.869565188884735,0.876811623573303,1,1,61,1.04999995231628,23.0999989509583
11,2002-11-27,23080760,12,Definitivo,SAN ROQUE [23080760],Pluviométrica,Convencional,Activa,Antioquia,San Roque,6.4875,-75.017,820,5/15/1975,,Monchia,Magdalena Cauca,Medio Magdalena,Río Nare,2002,27,Andes,Definitivo,12,12,0,1.74830198287964,1.74830198287964,40.9330253601074,16.3735523223877,22.6707553863525,3.05454540252686,6.04363632202148,5,10,0.869565188884735,0.876811623573303,1,1,66,1.04999995231628,12.5999994277954
11,2001-11-28,23080760,6,Definitivo,SAN ROQUE [23080760],Pluviométrica,Convencional,Activa,Antioquia,San Roque,6.4875,-75.017,820,5/15/1975,,Monchia,Magdalena Cauca,Medio Magdalena,Río Nare,2001,28,Andes,Definitivo,6,6,0,1.09953904151917,1.09953904151917,0,5.33954477310181,6.64684820175171,3.05454540252686,6.04363632202148,5,10,0.869565188884735,0.876811623573303,1,1,66,1.04999995231628,6.29999971389771
11,2002-11-26,23080760,6,Definitivo,SAN ROQUE [23080760],Pluviométrica,Convencional,Activa,Antioquia,San Roque,6.4875,-75.017,820,5/15/1975,,Monchia,Magdalena Cauca,Medio Magdalena,Río Nare,2002,26,Andes,Definitivo,6,6,0,4.92285013198853,4.92285013198853,0,5.67046403884888,0.00535620888695121,3.05454540252686,6.04363632202148,5,10,0.869565188884735,0.876811623573303,1,1,66,1.04999995231628,6.29999971389771
11,2003-11-24,23080760,5,Definitivo,SAN ROQUE [23080760],Pluviométrica,Convencional,Activa,Antioquia,San Roque,6.4875,-75.017,820,5/15/1975,,Monchia,Magdalena Cauca,Medio Magdalena,Río Nare,2003,24,Andes,Definitivo,5,5,0,11.8848276138306,11.8848276138306,0,11.3827524185181,5.95919895172119,3.05454540252686,6.04363632202148,5,10,0.869565188884735,0.876811623573303,1,1,65,1.04999995231628,5.24999976158142
11,2004-11-21,23080760,5,Definitivo,SAN ROQUE [23080760],Pluviométrica,Convencional,Activa,Antioquia,San Roque,6.4875,-75.017,820,5/15/1975,,Monchia,Magdalena Cauca,Medio Magdalena,Río Nare,2004,21,Andes,Definitivo,5,5,0,5.04955101013184,5.04955101013184,0,3.39555048942566,0.210196018218994,3.05454540252686,6.04363632202148,5,10,0.869565188884735,0.876811623573303,1,1,65,1.04999995231628,5.24999976158142
11,2005-11-19,23080760,6,Definitivo,SAN ROQUE [23080760],Pluviométrica,Convencional,Activa,Antioquia,San Roque,6.4875,-75.017,820,5/15/1975,,Monchia,Magdalena Cauca,Medio Magdalena,Río Nare,2005,19,Andes,Definitivo,6,6,0,4.05620288848877,4.05620288848877,0,19.8722724914551,7.01465559005737,3.05454540252686,6.04363632202148,5,10,0.869565188884735,0.876811623573303,1,1,64,1.04999995231628,6.29999971389771
11,2006-11-17,23080760,5,Definitivo,SAN ROQUE [23080760],Pluviométrica,Convencional,Activa,Antioquia,San Roque,6.4875,-75.017,820,5/15/1975,,Monchia,Magdalena Cauca,Medio Magdalena,Río Nare,2006,17,Andes,Definitivo,5,5,0,8.46267414093018,8.46267414093018,11.0716800689697,8.80533218383789,5.34522294998169,3.05454540252686,6.04363632202148,5,10,0.869565188884735,0.876811623573303,1,1,64,1.04999995231628,5.24999976158142
11,2007-11-15,23080760,7,Definitivo,SAN ROQUE [23080760],Pluviométrica,Convencional,Activa,Antioquia,San Roque,6.4875,-75.017,820,5/15/1975,,Monchia,Magdalena Cauca,Medio Magdalena,Río Nare,2007,15,Andes,Definitivo,7,7,0,1.65964066982269,1.65964066982269,0,4.6891303062439,0,3.05454540252686,6.04363632202148,5,10,0.869565188884735,0.876811623573303,1,1,63,1.04999995231628,7.34999966621399
11,2005-11-15,23080760,18,Definitivo,SAN ROQUE [23080760],Pluviométrica,Convencional,Activa,Antioquia,San Roque,6.4875,-75.017,820,5/15/1975,,Monchia,Magdalena Cauca,Medio Magdalena,Río Nare,2005,15,Andes,Definitivo,18,18,0,23.2653903961182,23.2653903961182,0,22.0812606811523,10.259744644165,3.05454540252686,6.04363632202148,5,10,0.869565188884735,0.876811623573303,1,1,63,1.04999995231628,18.8999991416931
11,2006-11-13,23080760,71,Definitivo,SAN ROQUE [23080760],Pluviométrica,Convencional,Activa,Antioquia,San Roque,6.4875,-75.017,820,5/15/1975,,Monchia,Magdalena Cauca,Medio Magdalena,Río Nare,2006,13,Andes,Definitivo,71,71,0,5.6594672203064,5.6594672203064,0,40.203498840332,7.79853868484497,3.05454540252686,6.04363632202148,5,10,0.869565188884735,0.876811623573303,1,1,63,1.04999995231628,74.5499966144562
11,2006-11-12,23080760,,"",SAN ROQUE [23080760],Pluviométrica,Convencional,Activa,Antioquia,San Roque,6.4875,-75.017,820,5/15/1975,,Monchia,Magdalena Cauca,Medio Magdalena,Río Nare,2006,12,Andes,Preliminar,0,0,0,33.6024513244629,33.6024513244629,42.8998336791992,18.5988998413086,74.7138214111328,3.05454540252686,6.04363632202148,5,10,0.869565188884735,0.876811623573303,1,1,63,1.04999995231628,0
11,2004-11-12,23080760,13,Definitivo,SAN ROQUE [23080760],Pluviométrica,Convencional,Activa,Antioquia,San Roque,6.4875,-75.017,820,5/15/1975,,Monchia,Magdalena Cauca,Medio Magdalena,Río Nare,2004,12,Andes,Definitivo,13,13,0,2.59773063659668,2.59773063659668,0,3.72106099128723,0.412281334400177,3.05454540252686,6.04363632202148,5,10,0.869565188884735,0.876811623573303,1,1,63,1.04999995231628,13.6499993801117
11,2002-11-11,23080760,,"",SAN ROQUE [23080760],Pluviométrica,Convencional,Activa,Antioquia,San Roque,6.4875,-75.017,820,5/15/1975,,Monchia,Magdalena Cauca,Medio Magdalena,Río Nare,2002,11,Andes,Preliminar,0,0,0,4.31034231185913,4.31034231185913,12.5445117950439,1.5201370716095,13.8762454986572,3.05454540252686,6.04363632202148,5,10,0.869565188884735,0.876811623573303,1,1,63,1.04999995231628,0
11,2006-11-08,23080760,8,Definitivo,SAN ROQUE [23080760],Pluviométrica,Convencional,Activa,Antioquia,San Roque,6.4875,-75.017,820,5/15/1975,,Monchia,Magdalena Cauca,Medio Magdalena,Río Nare,2006,08,Andes,Definitivo,8,8,0,8.73287391662598,8.73287391662598,35.0629043579102,11.8148288726807,25.1002445220947,3.05454540252686,6.04363632202148,5,10,0.869565188884735,0.876811623573303,1,1,62,1.04999995231628,8.39999961853027
11,2009-11-06,23080760,73,Definitivo,SAN ROQUE [23080760],Pluviométrica,Convencional,Activa,Antioquia,San Roque,6.4875,-75.017,820,5/15/1975,,Monchia,Magdalena Cauca,Medio Magdalena,Río Nare,2009,06,Andes,Definitivo,73,73,0,13.5315418243408,13.5315418243408,40.900089263916,83.6948318481445,34.7920303344727,3.05454540252686,6.04363632202148,5,10,0.869565188884735,0.876811623573303,1,1,62,1.04999995231628,76.6499965190888
11,2008-11-10,23080760,,"",SAN ROQUE [23080760],Pluviométrica,Convencional,Activa,Antioquia,San Roque,6.4875,-75.017,820,5/15/1975,,Monchia,Magdalena Cauca,Medio Magdalena,Río Nare,2008,10,Andes,Preliminar,0,0,0,3.02282977104187,3.02282977104187,0,1.33332169055939,0,3.05454540252686,6.04363632202148,5,10,0.869565188884735,0.876811623573303,1,1,62,1.04999995231628,0
11,2013-11-09,23080760,,"",SAN ROQUE [23080760],Pluviométrica,Convencional,Activa,Antioquia,San Roque,6.4875,-75.017,820,5/15/1975,,Monchia,Magdalena Cauca,Medio Magdalena,Río Nare,2013,09,Andes,Preliminar,0,0,0,9.81821346282959,9.81821346282959,26.4946441650391,13.3823375701904,11.9093360900879,3.05454540252686,6.04363632202148,5,10,0.869565188884735,0.876811623573303,1,1,62,1.04999995231628,0
11,2013-11-10,23080760,17,Definitivo,SAN ROQUE [23080760],Pluviométrica,Convencional,Activa,Antioquia,San Roque,6.4875,-75.017,820,5/15/1975,,Monchia,Magdalena Cauca,Medio Magdalena,Río Nare,2013,10,Andes,Definitivo,17,17,0,11.6122779846191,11.6122779846191,13.2473220825195,11.1456108093262,2.50607228279114,3.05454540252686,6.04363632202148,5,10,0.869565188884735,0.876811623573303,1,1,62,1.04999995231628,17.8499991893768
11,2012-11-14,23080760,44,Definitivo,SAN ROQUE [23080760],Pluviométrica,Convencional,Activa,Antioquia,San Roque,6.4875,-75.017,820,5/15/1975,,Monchia,Magdalena Cauca,Medio Magdalena,Río Nare,2012,14,Andes,Definitivo,44,44,0,9.3846378326416,9.3846378326416,22.2833461761475,21.4854049682617,59.4704704284668,3.05454540252686,6.04363632202148,5,10,0.869565188884735,0.876811623573303,1,1,63,1.04999995231628,46.1999979019165
11,2011-11-19,23080760,14,Definitivo,SAN ROQUE [23080760],Pluviométrica,Convencional,Activa,Antioquia,San Roque,6.4875,-75.017,820,5/15/1975,,Monchia,Magdalena Cauca,Medio Magdalena,Río Nare,2011,19,Andes,Definitivo,14,14,0,10.1068162918091,10.1068162918091,0,15.7716875076294,27.906400680542,3.05454540252686,6.04363632202148,5,10,0.869565188884735,0.876811623573303,1,1,64,1.04999995231628,14.699999332428
11,2011-11-20,23080760,4,Definitivo,SAN ROQUE [23080760],Pluviométrica,Convencional,Activa,Antioquia,San Roque,6.4875,-75.017,820,5/15/1975,,Monchia,Magdalena Cauca,Medio Magdalena,Río Nare,2011,20,Andes,Definitivo,4,4,0,2.01225256919861,2.01225256919861,11.416111946106,15.021201133728,7.08118915557861,3.05454540252686,6.04363632202148,5,10,0.869565188884735,0.876811623573303,1,1,64,1.04999995231628,4.19999980926514
11,2011-11-21,23080760,0,Definitivo,SAN ROQUE [23080760],Pluviométrica,Convencional,Activa,Antioquia,San Roque,6.4875,-75.017,820,5/15/1975,,Monchia,Magdalena Cauca,Medio Magdalena,Río Nare,2011,21,Andes,Definitivo,0,0,0,7.28762006759644,7.28762006759644,11.5910930633545,14.1651077270508,10.5175523757935,3.05454540252686,6.04363632202148,5,10,0.869565188884735,0.876811623573303,1,1,65,1.04999995231628,0
11,2013-11-22,23080760,72,Definitivo,SAN ROQUE [23080760],Pluviométrica,Convencional,Activa,Antioquia,San Roque,6.4875,-75.017,820,5/15/1975,,Monchia,Magdalena Cauca,Medio Magdalena,Río Nare,2013,22,Andes,Definitivo,72,72,0,8.35227966308594,8.35227966308594,0,5.31030082702637,5.87717151641846,3.05454540252686,6.04363632202148,5,10,0.869565188884735,0.876811623573303,1,1,65,1.04999995231628,75.5999965667725
11,2016-11-20,23080760,3,Definitivo,SAN ROQUE [23080760],Pluviométrica,Convencional,Activa,Antioquia,San Roque,6.4875,-75.017,820,5/15/1975,,Monchia,Magdalena Cauca,Medio Magdalena,Río Nare,2016,20,Andes,Definitivo,3,3,0,9.03748798370361,9.03748798370361,12.9375867843628,45.2471160888672,8.87655067443848,3.05454540252686,6.04363632202148,5,10,0.869565188884735,0.876811623573303,1,1,64,1.04999995231628,3.14999985694885
11,2016-11-21,23080760,0,Definitivo,SAN ROQUE [23080760],Pluviométrica,Convencional,Activa,Antioquia,San Roque,6.4875,-75.017,820,5/15/1975,,Monchia,Magdalena Cauca,Medio Magdalena,Río Nare,2016,21,Andes,Definitivo,0,0,0,0.856457054615021,0.856457054615021,0,4.40433263778687,0.730717778205872,3.05454540252686,6.04363632202148,5,10,0.869565188884735,0.876811623573303,1,1,65,1.04999995231628,0
11,2019-11-20,23080760,0,Definitivo,SAN ROQUE [23080760],Pluviométrica,Convencional,Activa,Antioquia,San Roque,6.4875,-75.017,820,5/15/1975,,Monchia,Magdalena Cauca,Medio Magdalena,Río Nare,2019,20,Andes,Definitivo,0,0,0,4.13115310668945,4.13115310668945,0,2.30881929397583,0,3.05454540252686,6.04363632202148,5,10,0.869565188884735,0.876811623573303,1,1,64,1.04999995231628,0
11,2018-11-24,23080760,3,Definitivo,SAN ROQUE [23080760],Pluviométrica,Convencional,Activa,Antioquia,San Roque,6.4875,-75.017,820,5/15/1975,,Monchia,Magdalena Cauca,Medio Magdalena,Río Nare,2018,24,Andes,Definitivo,3,3,0,20.552433013916,20.552433013916,9.07909107208252,8.1747989654541,2.08302545547485,3.05454540252686,6.04363632202148,5,10,0.869565188884735,0.876811623573303,1,1,65,1.04999995231628,3.14999985694885
11,2020-11-20,23080760,41,Definitivo,SAN ROQUE [23080760],Pluviométrica,Convencional,Activa,Antioquia,San Roque,6.4875,-75.017,820,5/15/1975,,Monchia,Magdalena Cauca,Medio Magdalena,Río Nare,2020,20,Andes,Definitivo,41,41,0,7.98208284378052,7.98208284378052,0,4.71959495544434,1.80943536758423,3.05454540252686,6.04363632202148,5,10,0.869565188884735,0.876811623573303,1,1,64,1.04999995231628,43.0499980449677
11,2018-11-21,23080760,4,Definitivo,SAN ROQUE [23080760],Pluviométrica,Convencional,Activa,Antioquia,San Roque,6.4875,-75.017,820,5/15/1975,,Monchia,Magdalena Cauca,Medio Magdalena,Río Nare,2018,21,Andes,Definitivo,4,4,0,8.45481967926025,8.45481967926025,9.07909107208252,6.60314321517944,4.50178670883179,3.05454540252686,6.04363632202148,5,10,0.869565188884735,0.876811623573303,1,1,65,1.04999995231628,4.19999980926514
11,2019-11-19,23080760,0,Definitivo,SAN ROQUE [23080760],Pluviométrica,Convencional,Activa,Antioquia,San Roque,6.4875,-75.017,820,5/15/1975,,Monchia,Magdalena Cauca,Medio Magdalena,Río Nare,2019,19,Andes,Definitivo,0,0,0,3.84975147247314,3.84975147247314,0,7.11986303329468,3.48221373558044,3.05454540252686,6.04363632202148,5,10,0.869565188884735,0.876811623573303,1,1,64,1.04999995231628,0
11,2018-11-18,23080760,52,Definitivo,SAN ROQUE [23080760],Pluviométrica,Convencional,Activa,Antioquia,San Roque,6.4875,-75.017,820,5/15/1975,,Monchia,Magdalena Cauca,Medio Magdalena,Río Nare,2018,18,Andes,Definitivo,52,52,0,17.6740398406982,17.6740398406982,12.7641668319702,19.8306694030762,21.2954235076904,3.05454540252686,6.04363632202148,5,10,0.869565188884735,0.876811623573303,1,1,64,1.04999995231628,54.5999975204468
11,2018-11-17,23080760,30,Definitivo,SAN ROQUE [23080760],Pluviométrica,Convencional,Activa,Antioquia,San Roque,6.4875,-75.017,820,5/15/1975,,Monchia,Magdalena Cauca,Medio Magdalena,Río Nare,2018,17,Andes,Definitivo,30,30,0,18.602668762207,18.602668762207,0,5.05868196487427,5.43551111221314,3.05454540252686,6.04363632202148,5,10,0.869565188884735,0.876811623573303,1,1,64,1.04999995231628,31.4999985694885
11,2019-11-15,23080760,0,Definitivo,SAN ROQUE [23080760],Pluviométrica,Convencional,Activa,Antioquia,San Roque,6.4875,-75.017,820,5/15/1975,,Monchia,Magdalena Cauca,Medio Magdalena,Río Nare,2019,15,Andes,Definitivo,0,0,0,8.2235689163208,8.2235689163208,5.68796825408936,10.9931964874268,0.466690182685852,3.05454540252686,6.04363632202148,5,10,0.869565188884735,0.876811623573303,1,1,63,1.04999995231628,0
11,2017-11-15,23080760,80,Definitivo,SAN ROQUE [23080760],Pluviométrica,Convencional,Activa,Antioquia,San Roque,6.4875,-75.017,820,5/15/1975,,Monchia,Magdalena Cauca,Medio Magdalena,Río Nare,2017,15,Andes,Definitivo,80,80,0,23.2655963897705,23.2655963897705,42.6271820068359,109.072326660156,79.6149063110352,3.05454540252686,6.04363632202148,5,10,0.869565188884735,0.876811623573303,1,1,63,1.04999995231628,83.9999961853027
11,2018-11-13,23080760,3,Definitivo,SAN ROQUE [23080760],Pluviométrica,Convencional,Activa,Antioquia,San Roque,6.4875,-75.017,820,5/15/1975,,Monchia,Magdalena Cauca,Medio Magdalena,Río Nare,2018,13,Andes,Definitivo,3,3,0,1.00781226158142,1.00781226158142,12.1467628479004,5.94984245300293,13.6761016845703,3.05454540252686,6.04363632202148,5,10,0.869565188884735,0.876811623573303,1,1,63,1.04999995231628,3.14999985694885
11,2019-11-11,23080760,0,Definitivo,SAN ROQUE [23080760],Pluviométrica,Convencional,Activa,Antioquia,San Roque,6.4875,-75.017,820,5/15/1975,,Monchia,Magdalena Cauca,Medio Magdalena,Río Nare,2019,11,Andes,Definitivo,0,0,0,27.1839427947998,27.1839427947998,18.8022270202637,8.0651330947876,25.1720523834229,3.05454540252686,6.04363632202148,5,10,0.869565188884735,0.876811623573303,1,1,63,1.04999995231628,0
11,2020-11-08,23080760,8,Definitivo,SAN ROQUE [23080760],Pluviométrica,Convencional,Activa,Antioquia,San Roque,6.4875,-75.017,820,5/15/1975,,Monchia,Magdalena Cauca,Medio Magdalena,Río Nare,2020,08,Andes,Definitivo,8,8,0,4.44334506988525,4.44334506988525,0,4.62725496292114,3.99312496185303,3.05454540252686,6.04363632202148,5,10,0.869565188884735,0.876811623573303,1,1,62,1.04999995231628,8.39999961853027
11,2021-11-06,23080760,0,Definitivo,SAN ROQUE [23080760],Pluviométrica,Convencional,Activa,Antioquia,San Roque,6.4875,-75.017,820,5/15/1975,,Monchia,Magdalena Cauca,Medio Magdalena,Río Nare,2021,06,Andes,Definitivo,0,0,0,6.90362548828125,6.90362548828125,0,4.96317577362061,0,3.05454540252686,6.04363632202148,5,10,0.869565188884735,0.876811623573303,1,1,62,1.04999995231628,0
11,2021-11-05,23080760,0,Definitivo,SAN ROQUE [23080760],Pluviométrica,Convencional,Activa,Antioquia,San Roque,6.4875,-75.017,820,5/15/1975,,Monchia,Magdalena Cauca,Medio Magdalena,Río Nare,2021,05,Andes,Definitivo,0,0,0,0.568280220031738,0.568280220031738,0,8.26565265655518,0,3.05454540252686,6.04363632202148,5,10,0.869565188884735,0.876811623573303,1,1,61,1.04999995231628,0
11,2022-11-03,23080760,4,Definitivo,SAN ROQUE [23080760],Pluviométrica,Convencional,Activa,Antioquia,San Roque,6.4875,-75.017,820,5/15/1975,,Monchia,Magdalena Cauca,Medio Magdalena,Río Nare,2022,03,Andes,Definitivo,4,4,0,3.91114330291748,3.91114330291748,23.6315212249756,4.46361494064331,20.3617343902588,3.05454540252686,6.04363632202148,5,10,0.869565188884735,0.876811623573303,1,1,61,1.04999995231628,4.19999980926514
11,2023-11-01,23080760,34,Definitivo,SAN ROQUE [23080760],Pluviométrica,Convencional,Activa,Antioquia,San Roque,6.4875,-75.017,820,5/15/1975,,Monchia,Magdalena Cauca,Medio Magdalena,Río Nare,2023,01,Andes,Definitivo,34,34,0,9.54160690307617,9.54160690307617,31.8317070007324,5.50128030776978,10.9678888320923,3.05454540252686,6.04363632202148,5,10,0.869565188884735,0.876811623573303,1,1,61,1.04999995231628,35.6999983787537
11,2004-11-08,23080760,5,Definitivo,SAN ROQUE [23080760],Pluviométrica,Convencional,Activa,Antioquia,San Roque,6.4875,-75.017,820,5/15/1975,,Monchia,Magdalena Cauca,Medio Magdalena,Río Nare,2004,08,Andes,Definitivo,5,5,0,10.9625854492187,10.9625854492187,55.2425231933594,18.7633056640625,28.0531120300293,3.05454540252686,6.04363632202148,5,10,0.869565188884735,0.876811623573303,1,1,62,1.04999995231628,5.24999976158142
11,2001-11-27,23080760,0.5,Definitivo,SAN ROQUE [23080760],Pluviométrica,Convencional,Activa,Antioquia,San Roque,6.4875,-75.017,820,5/15/1975,,Monchia,Magdalena Cauca,Medio Magdalena,Río Nare,2001,27,Andes,Definitivo,0.5,0.5,0,14.8217868804932,14.8217868804932,0,11.8044662475586,9.16874980926514,3.05454540252686,6.04363632202148,5,10,0.869565188884735,0.876811623573303,1,1,66,1.04999995231628,0.524999976158142
11,2002-11-25,23080760,12,Definitivo,SAN ROQUE [23080760],Pluviométrica,Convencional,Activa,Antioquia,San Roque,6.4875,-75.017,820,5/15/1975,,Monchia,Magdalena Cauca,Medio Magdalena,Río Nare,2002,25,Andes,Definitivo,12,12,0,1.01202547550201,1.01202547550201,0,2.98118901252747,0,3.05454540252686,6.04363632202148,5,10,0.869565188884735,0.876811623573303,1,1,65,1.04999995231628,12.5999994277954
11,2003-11-23,23080760,5,Definitivo,SAN ROQUE [23080760],Pluviométrica,Convencional,Activa,Antioquia,San Roque,6.4875,-75.017,820,5/15/1975,,Monchia,Magdalena Cauca,Medio Magdalena,Río Nare,2003,23,Andes,Definitivo,5,5,0,4.52939701080322,4.52939701080322,0,11.0108308792114,2.63410019874573,3.05454540252686,6.04363632202148,5,10,0.869565188884735,0.876811623573303,1,1,65,1.04999995231628,5.24999976158142
11,2004-11-20,23080760,,"",SAN ROQUE [23080760],Pluviométrica,Convencional,Activa,Antioquia,San Roque,6.4875,-75.017,820,5/15/1975,,Monchia,Magdalena Cauca,Medio Magdalena,Río Nare,2004,20,Andes,Preliminar,0,0,0,10.6163682937622,10.6163682937622,10.3297758102417,6.93115520477295,5.94871711730957,3.05454540252686,6.04363632202148,5,10,0.869565188884735,0.876811623573303,1,1,64,1.04999995231628,0
11,2005-11-18,23080760,4,Definitivo,SAN ROQUE [23080760],Pluviométrica,Convencional,Activa,Antioquia,San Roque,6.4875,-75.017,820,5/15/1975,,Monchia,Magdalena Cauca,Medio Magdalena,Río Nare,2005,18,Andes,Definitivo,4,4,0,5.65512037277222,5.65512037277222,14.516863822937,14.4765529632568,15.7186012268066,3.05454540252686,6.04363632202148,5,10,0.869565188884735,0.876811623573303,1,1,64,1.04999995231628,4.19999980926514
11,2006-11-16,23080760,39,Definitivo,SAN ROQUE [23080760],Pluviométrica,Convencional,Activa,Antioquia,San Roque,6.4875,-75.017,820,5/15/1975,,Monchia,Magdalena Cauca,Medio Magdalena,Río Nare,2006,16,Andes,Definitivo,39,39,0,14.8345708847046,14.8345708847046,22.1433601379395,44.0067710876465,37.8407363891602,3.05454540252686,6.04363632202148,5,10,0.869565188884735,0.876811623573303,1,1,64,1.04999995231628,40.9499981403351
11,2004-11-16,23080760,6,Definitivo,SAN ROQUE [23080760],Pluviométrica,Convencional,Activa,Antioquia,San Roque,6.4875,-75.017,820,5/15/1975,,Monchia,Magdalena Cauca,Medio Magdalena,Río Nare,2004,16,Andes,Definitivo,6,6,0,8.74800300598145,8.74800300598145,5.16488790512085,11.2236309051514,6.93640279769898,3.05454540252686,6.04363632202148,5,10,0.869565188884735,0.876811623573303,1,1,64,1.04999995231628,6.29999971389771
11,2002-11-17,23080760,,"",SAN ROQUE [23080760],Pluviométrica,Convencional,Activa,Antioquia,San Roque,6.4875,-75.017,820,5/15/1975,,Monchia,Magdalena Cauca,Medio Magdalena,Río Nare,2002,17,Andes,Preliminar,0,0,0,0,0,9.13357734680176,0.126761972904205,6.81800270080566,3.05454540252686,6.04363632202148,5,10,0.869565188884735,0.876811623573303,1,1,64,1.04999995231628,0
11,2002-11-16,23080760,,"",SAN ROQUE [23080760],Pluviométrica,Convencional,Activa,Antioquia,San Roque,6.4875,-75.017,820,5/15/1975,,Monchia,Magdalena Cauca,Medio Magdalena,Río Nare,2002,16,Andes,Preliminar,0,0,0,1.31641685962677,1.31641685962677,4.56678867340088,0.375590234994888,8.95777416229248,3.05454540252686,6.04363632202148,5,10,0.869565188884735,0.876811623573303,1,1,64,1.04999995231628,0
11,2003-11-14,23080760,2,Definitivo,SAN ROQUE [23080760],Pluviométrica,Convencional,Activa,Antioquia,San Roque,6.4875,-75.017,820,5/15/1975,,Monchia,Magdalena Cauca,Medio Magdalena,Río Nare,2003,14,Andes,Definitivo,2,2,0,2.40102601051331,2.40102601051331,0,5.37139081954956,0.433503091335297,3.05454540252686,6.04363632202148,5,10,0.869565188884735,0.876811623573303,1,1,63,1.04999995231628,2.09999990463257
11,2006-11-09,23080760,0,Definitivo,SAN ROQUE [23080760],Pluviométrica,Convencional,Activa,Antioquia,San Roque,6.4875,-75.017,820,5/15/1975,,Monchia,Magdalena Cauca,Medio Magdalena,Río Nare,2006,09,Andes,Definitivo,0,0,0,3.77013921737671,3.77013921737671,0,13.2055339813232,5.32933235168457,3.05454540252686,6.04363632202148,5,10,0.869565188884735,0.876811623573303,1,1,62,1.04999995231628,0
11,2004-11-07,23080760,14,Definitivo,SAN ROQUE [23080760],Pluviométrica,Convencional,Activa,Antioquia,San Roque,6.4875,-75.017,820,5/15/1975,,Monchia,Magdalena Cauca,Medio Magdalena,Río Nare,2004,07,Andes,Definitivo,14,14,0,30.4606800079346,30.4606800079346,18.4141750335693,19.8348140716553,38.7189178466797,3.05454540252686,6.04363632202148,5,10,0.869565188884735,0.876811623573303,1,1,62,1.04999995231628,14.699999332428
11,2019-11-22,23080760,26,Definitivo,SAN ROQUE [23080760],Pluviométrica,Convencional,Activa,Antioquia,San Roque,6.4875,-75.017,820,5/15/1975,,Monchia,Magdalena Cauca,Medio Magdalena,Río Nare,2019,22,Andes,Definitivo,26,26,0,17.9773006439209,17.9773006439209,12.56032371521,7.3472204208374,32.6761512756348,3.05454540252686,6.04363632202148,5,10,0.869565188884735,0.876811623573303,1,1,65,1.04999995231628,27.2999987602234
11,2009-11-07,23080760,2,Definitivo,SAN ROQUE [23080760],Pluviométrica,Convencional,Activa,Antioquia,San Roque,6.4875,-75.017,820,5/15/1975,,Monchia,Magdalena Cauca,Medio Magdalena,Río Nare,2009,07,Andes,Definitivo,2,2,0,13.102970123291,13.102970123291,23.3714790344238,13.8955955505371,65.6848068237305,3.05454540252686,6.04363632202148,5,10,0.869565188884735,0.876811623573303,1,1,62,1.04999995231628,2.09999990463257
11,2008-11-11,23080760,,"",SAN ROQUE [23080760],Pluviométrica,Convencional,Activa,Antioquia,San Roque,6.4875,-75.017,820,5/15/1975,,Monchia,Magdalena Cauca,Medio Magdalena,Río Nare,2008,11,Andes,Preliminar,0,0,0,1.59204423427582,1.59204423427582,0,2.46337080001831,0.0311499238014221,3.05454540252686,6.04363632202148,5,10,0.869565188884735,0.876811623573303,1,1,63,1.04999995231628,0
11,2011-11-10,23080760,0,Definitivo,SAN ROQUE [23080760],Pluviométrica,Convencional,Activa,Antioquia,San Roque,6.4875,-75.017,820,5/15/1975,,Monchia,Magdalena Cauca,Medio Magdalena,Río Nare,2011,10,Andes,Definitivo,0,0,0,20.5821151733398,20.5821151733398,7.92025947570801,10.5237226486206,11.0558681488037,3.05454540252686,6.04363632202148,5,10,0.869565188884735,0.876811623573303,1,1,62,1.04999995231628,0
11,2013-11-11,23080760,5,Definitivo,SAN ROQUE [23080760],Pluviométrica,Convencional,Activa,Antioquia,San Roque,6.4875,-75.017,820,5/15/1975,,Monchia,Magdalena Cauca,Medio Magdalena,Río Nare,2013,11,Andes,Definitivo,5,5,0,16.416446685791,16.416446685791,0,16.7788619995117,0,3.05454540252686,6.04363632202148,5,10,0.869565188884735,0.876811623573303,1,1,63,1.04999995231628,5.24999976158142
11,2012-11-15,23080760,39,Definitivo,SAN ROQUE [23080760],Pluviométrica,Convencional,Activa,Antioquia,San Roque,6.4875,-75.017,820,5/15/1975,,Monchia,Magdalena Cauca,Medio Magdalena,Río Nare,2012,15,Andes,Definitivo,39,39,0,24.1323623657227,24.1323623657227,44.5666923522949,30.6476802825928,17.5288925170898,3.05454540252686,6.04363632202148,5,10,0.869565188884735,0.876811623573303,1,1,63,1.04999995231628,40.9499981403351
11,2012-11-16,23080760,30,Definitivo,SAN ROQUE [23080760],Pluviométrica,Convencional,Activa,Antioquia,San Roque,6.4875,-75.017,820,5/15/1975,,Monchia,Magdalena Cauca,Medio Magdalena,Río Nare,2012,16,Andes,Definitivo,30,30,0,17.519702911377,17.519702911377,30.381929397583,38.4236030578613,43.5539360046387,3.05454540252686,6.04363632202148,5,10,0.869565188884735,0.876811623573303,1,1,64,1.04999995231628,31.4999985694885
11,2012-11-17,23080760,28,Definitivo,SAN ROQUE [23080760],Pluviométrica,Convencional,Activa,Antioquia,San Roque,6.4875,-75.017,820,5/15/1975,,Monchia,Magdalena Cauca,Medio Magdalena,Río Nare,2012,17,Andes,Definitivo,28,28,0,20.3509006500244,20.3509006500244,30.381929397583,26.9794101715088,20.7787742614746,3.05454540252686,6.04363632202148,5,10,0.869565188884735,0.876811623573303,1,1,64,1.04999995231628,29.399998664856
11,2011-11-22,23080760,18,Definitivo,SAN ROQUE [23080760],Pluviométrica,Convencional,Activa,Antioquia,San Roque,6.4875,-75.017,820,5/15/1975,,Monchia,Magdalena Cauca,Medio Magdalena,Río Nare,2011,22,Andes,Definitivo,18,18,0,14.8213262557983,14.8213262557983,11.5910930633545,20.6075096130371,16.0837516784668,3.05454540252686,6.04363632202148,5,10,0.869565188884735,0.876811623573303,1,1,65,1.04999995231628,18.8999991416931
11,2014-11-20,23080760,0,Definitivo,SAN ROQUE [23080760],Pluviométrica,Convencional,Activa,Antioquia,San Roque,6.4875,-75.017,820,5/15/1975,,Monchia,Magdalena Cauca,Medio Magdalena,Río Nare,2014,20,Andes,Definitivo,0,0,0,3.82186031341553,3.82186031341553,0,1.79431331157684,3.85360050201416,3.05454540252686,6.04363632202148,5,10,0.869565188884735,0.876811623573303,1,1,64,1.04999995231628,0
11,2014-11-21,23080760,,"",SAN ROQUE [23080760],Pluviométrica,Convencional,Activa,Antioquia,San Roque,6.4875,-75.017,820,5/15/1975,,Monchia,Magdalena Cauca,Medio Magdalena,Río Nare,2014,21,Andes,Preliminar,0,0,0,3.62567472457886,3.62567472457886,0,2.6427628993988,1.96997976303101,3.05454540252686,6.04363632202148,5,10,0.869565188884735,0.876811623573303,1,1,65,1.04999995231628,0
11,2014-11-22,23080760,,"",SAN ROQUE [23080760],Pluviométrica,Convencional,Activa,Antioquia,San Roque,6.4875,-75.017,820,5/15/1975,,Monchia,Magdalena Cauca,Medio Magdalena,Río Nare,2014,22,Andes,Preliminar,0,0,0,3.37854433059692,3.37854433059692,0,2.22040152549744,6.04446506500244,3.05454540252686,6.04363632202148,5,10,0.869565188884735,0.876811623573303,1,1,65,1.04999995231628,0
11,2019-11-21,23080760,4,Definitivo,SAN ROQUE [23080760],Pluviométrica,Convencional,Activa,Antioquia,San Roque,6.4875,-75.017,820,5/15/1975,,Monchia,Magdalena Cauca,Medio Magdalena,Río Nare,2019,21,Andes,Definitivo,4,4,0,8.95141887664795,8.95141887664795,0,8.23155975341797,0,3.05454540252686,6.04363632202148,5,10,0.869565188884735,0.876811623573303,1,1,65,1.04999995231628,4.19999980926514
11,2003-11-09,23080760,0,Definitivo,SAN ROQUE [23080760],Pluviométrica,Convencional,Activa,Antioquia,San Roque,6.4875,-75.017,820,5/15/1975,,Monchia,Magdalena Cauca,Medio Magdalena,Río Nare,2003,09,Andes,Definitivo,0,0,0,1.02167463302612,1.02167463302612,0,4.33261489868164,0.633406043052673,3.05454540252686,6.04363632202148,5,10,0.869565188884735,0.876811623573303,1,1,62,1.04999995231628,0
11,2017-11-22,23080760,0,Definitivo,SAN ROQUE [23080760],Pluviométrica,Convencional,Activa,Antioquia,San Roque,6.4875,-75.017,820,5/15/1975,,Monchia,Magdalena Cauca,Medio Magdalena,Río Nare,2017,22,Andes,Definitivo,0,0,0,6.06556940078735,6.06556940078735,0,9.32619094848633,0,3.05454540252686,6.04363632202148,5,10,0.869565188884735,0.876811623573303,1,1,65,1.04999995231628,0
11,2018-11-20,23080760,0,Definitivo,SAN ROQUE [23080760],Pluviométrica,Convencional,Activa,Antioquia,San Roque,6.4875,-75.017,820,5/15/1975,,Monchia,Magdalena Cauca,Medio Magdalena,Río Nare,2018,20,Andes,Definitivo,0,0,0,3.19592881202698,3.19592881202698,0,8.75204849243164,1.46035397052765,3.05454540252686,6.04363632202148,5,10,0.869565188884735,0.876811623573303,1,1,64,1.04999995231628,0
11,2017-11-19,23080760,0,Definitivo,SAN ROQUE [23080760],Pluviométrica,Convencional,Activa,Antioquia,San Roque,6.4875,-75.017,820,5/15/1975,,Monchia,Magdalena Cauca,Medio Magdalena,Río Nare,2017,19,Andes,Definitivo,0,0,0,9.82658767700195,9.82658767700195,12.8919076919556,8.62711334228516,0.0254756715148687,3.05454540252686,6.04363632202148,5,10,0.869565188884735,0.876811623573303,1,1,64,1.04999995231628,0
11,2017-11-18,23080760,67,Definitivo,SAN ROQUE [23080760],Pluviométrica,Convencional,Activa,Antioquia,San Roque,6.4875,-75.017,820,5/15/1975,,Monchia,Magdalena Cauca,Medio Magdalena,Río Nare,2017,18,Andes,Definitivo,67,67,0,12.2654066085815,12.2654066085815,38.675724029541,26.4974670410156,80.2367477416992,3.05454540252686,6.04363632202148,5,10,0.869565188884735,0.876811623573303,1,1,64,1.04999995231628,70.349996805191
11,2015-11-19,23080760,,"",SAN ROQUE [23080760],Pluviométrica,Convencional,Activa,Antioquia,San Roque,6.4875,-75.017,820,5/15/1975,,Monchia,Magdalena Cauca,Medio Magdalena,Río Nare,2015,19,Andes,Preliminar,0,0,0,22.6612548828125,22.6612548828125,0,15.144492149353,14.7361688613892,3.05454540252686,6.04363632202148,5,10,0.869565188884735,0.876811623573303,1,1,64,1.04999995231628,0
11,2016-11-16,23080760,62,Definitivo,SAN ROQUE [23080760],Pluviométrica,Convencional,Activa,Antioquia,San Roque,6.4875,-75.017,820,5/15/1975,,Monchia,Magdalena Cauca,Medio Magdalena,Río Nare,2016,16,Andes,Definitivo,62,62,0,4.8012900352478,4.8012900352478,0,7.41742420196533,54.7592430114746,3.05454540252686,6.04363632202148,5,10,0.869565188884735,0.876811623573303,1,1,64,1.04999995231628,65.0999970436096
11,2017-11-14,23080760,49,Definitivo,SAN ROQUE [23080760],Pluviométrica,Convencional,Activa,Antioquia,San Roque,6.4875,-75.017,820,5/15/1975,,Monchia,Magdalena Cauca,Medio Magdalena,Río Nare,2017,14,Andes,Definitivo,49,49,0,3.02373194694519,3.02373194694519,56.836238861084,22.4654159545898,56.5640830993652,3.05454540252686,6.04363632202148,5,10,0.869565188884735,0.876811623573303,1,1,63,1.04999995231628,51.4499976634979
11,2018-11-12,23080760,11,Definitivo,SAN ROQUE [23080760],Pluviométrica,Convencional,Activa,Antioquia,San Roque,6.4875,-75.017,820,5/15/1975,,Monchia,Magdalena Cauca,Medio Magdalena,Río Nare,2018,12,Andes,Definitivo,11,11,0,11.4243612289429,11.4243612289429,0,6.05010032653809,0.710205078125,3.05454540252686,6.04363632202148,5,10,0.869565188884735,0.876811623573303,1,1,63,1.04999995231628,11.5499994754791
11,2019-11-10,23080760,15,Definitivo,SAN ROQUE [23080760],Pluviométrica,Convencional,Activa,Antioquia,San Roque,6.4875,-75.017,820,5/15/1975,,Monchia,Magdalena Cauca,Medio Magdalena,Río Nare,2019,10,Andes,Definitivo,15,15,0,38.5909233093262,38.5909233093262,9.14678955078125,24.0554218292236,16.2646865844727,3.05454540252686,6.04363632202148,5,10,0.869565188884735,0.876811623573303,1,1,62,1.04999995231628,15.7499992847443
11,2020-11-07,23080760,0,Definitivo,SAN ROQUE [23080760],Pluviométrica,Convencional,Activa,Antioquia,San Roque,6.4875,-75.017,820,5/15/1975,,Monchia,Magdalena Cauca,Medio Magdalena,Río Nare,2020,07,Andes,Definitivo,0,0,0,11.8270998001099,11.8270998001099,0,5.52570962905884,16.8272323608398,3.05454540252686,6.04363632202148,5,10,0.869565188884735,0.876811623573303,1,1,62,1.04999995231628,0
11,2022-11-02,23080760,8,Definitivo,SAN ROQUE [23080760],Pluviométrica,Convencional,Activa,Antioquia,San Roque,6.4875,-75.017,820,5/15/1975,,Monchia,Magdalena Cauca,Medio Magdalena,Río Nare,2022,02,Andes,Definitivo,8,8,0,7.35961723327637,7.35961723327637,0,2.23427796363831,0.589067339897156,3.05454540252686,6.04363632202148,5,10,0.869565188884735,0.876811623573303,1,1,61,1.04999995231628,8.39999961853027
11,2020-11-02,23080760,76,Definitivo,SAN ROQUE [23080760],Pluviométrica,Convencional,Activa,Antioquia,San Roque,6.4875,-75.017,820,5/15/1975,,Monchia,Magdalena Cauca,Medio Magdalena,Río Nare,2020,02,Andes,Definitivo,76,76,0,9.13704490661621,9.13704490661621,0,24.9217586517334,7.29062557220459,3.05454540252686,6.04363632202148,5,10,0.869565188884735,0.876811623573303,1,1,61,1.04999995231628,79.7999963760376
11,2017-11-20,23080760,30,Definitivo,SAN ROQUE [23080760],Pluviométrica,Convencional,Activa,Antioquia,San Roque,6.4875,-75.017,820,5/15/1975,,Monchia,Magdalena Cauca,Medio Magdalena,Río Nare,2017,20,Andes,Definitivo,30,30,0,9.97732067108154,9.97732067108154,0,4.86936521530151,5.23924350738525,3.05454540252686,6.04363632202148,5,10,0.869565188884735,0.876811623573303,1,1,64,1.04999995231628,31.4999985694885
11,2002-11-08,23080760,44,Definitivo,SAN ROQUE [23080760],Pluviométrica,Convencional,Activa,Antioquia,San Roque,6.4875,-75.017,820,5/15/1975,,Monchia,Magdalena Cauca,Medio Magdalena,Río Nare,2002,08,Andes,Definitivo,44,44,0,23.9758186340332,23.9758186340332,42.620792388916,39.2434844970703,53.9889869689942,3.05454540252686,6.04363632202148,5,10,0.869565188884735,0.876811623573303,1,1,62,1.04999995231628,46.1999979019165
11,2007-11-07,23080760,36,Definitivo,SAN ROQUE [23080760],Pluviométrica,Convencional,Activa,Antioquia,San Roque,6.4875,-75.017,820,5/15/1975,,Monchia,Magdalena Cauca,Medio Magdalena,Río Nare,2007,07,Andes,Definitivo,36,36,0,6.36449480056763,6.36449480056763,0,3.1058497428894,3.83290219306946,3.05454540252686,6.04363632202148,5,10,0.869565188884735,0.876811623573303,1,1,62,1.04999995231628,37.7999982833862
11,2001-11-26,23080760,5,Definitivo,SAN ROQUE [23080760],Pluviométrica,Convencional,Activa,Antioquia,San Roque,6.4875,-75.017,820,5/15/1975,,Monchia,Magdalena Cauca,Medio Magdalena,Río Nare,2001,26,Andes,Definitivo,5,5,0,6.84646368026733,6.84646368026733,0,3.95535492897034,8.56911945343018,3.05454540252686,6.04363632202148,5,10,0.869565188884735,0.876811623573303,1,1,66,1.04999995231628,5.24999976158142
11,2002-11-24,23080760,28,Definitivo,SAN ROQUE [23080760],Pluviométrica,Convencional,Activa,Antioquia,San Roque,6.4875,-75.017,820,5/15/1975,,Monchia,Magdalena Cauca,Medio Magdalena,Río Nare,2002,24,Andes,Definitivo,28,28,0,0.557646751403809,0.557646751403809,0,3.81952118873596,8.24094963073731,3.05454540252686,6.04363632202148,5,10,0.869565188884735,0.876811623573303,1,1,65,1.04999995231628,29.399998664856
11,2003-11-22,23080760,0,Definitivo,SAN ROQUE [23080760],Pluviométrica,Convencional,Activa,Antioquia,San Roque,6.4875,-75.017,820,5/15/1975,,Monchia,Magdalena Cauca,Medio Magdalena,Río Nare,2003,22,Andes,Definitivo,0,0,0,12.5945625305176,12.5945625305176,21.479377746582,12.9281730651855,13.4519262313843,3.05454540252686,6.04363632202148,5,10,0.869565188884735,0.876811623573303,1,1,65,1.04999995231628,0
11,2004-11-19,23080760,24,Definitivo,SAN ROQUE [23080760],Pluviométrica,Convencional,Activa,Antioquia,San Roque,6.4875,-75.017,820,5/15/1975,,Monchia,Magdalena Cauca,Medio Magdalena,Río Nare,2004,19,Andes,Definitivo,24,24,0,22.594181060791,22.594181060791,15.4946622848511,25.1947956085205,19.6322860717773,3.05454540252686,6.04363632202148,5,10,0.869565188884735,0.876811623573303,1,1,64,1.04999995231628,25.1999988555908
11,2005-11-17,23080760,5,Definitivo,SAN ROQUE [23080760],Pluviométrica,Convencional,Activa,Antioquia,San Roque,6.4875,-75.017,820,5/15/1975,,Monchia,Magdalena Cauca,Medio Magdalena,Río Nare,2005,17,Andes,Definitivo,5,5,0,10.0226926803589,10.0226926803589,0,29.0815086364746,30.7687549591065,3.05454540252686,6.04363632202148,5,10,0.869565188884735,0.876811623573303,1,1,64,1.04999995231628,5.24999976158142
11,2006-11-15,23080760,102,Definitivo,SAN ROQUE [23080760],Pluviométrica,Convencional,Activa,Antioquia,San Roque,6.4875,-75.017,820,5/15/1975,,Monchia,Magdalena Cauca,Medio Magdalena,Río Nare,2006,15,Andes,Definitivo,102,102,0,15.9052295684814,15.9052295684814,42.8998336791992,91.3466567993164,74.8830032348633,3.05454540252686,6.04363632202148,5,10,0.869565188884735,0.876811623573303,1,1,63,1.04999995231628,107.099995136261
11,2004-11-15,23080760,,"",SAN ROQUE [23080760],Pluviométrica,Convencional,Activa,Antioquia,San Roque,6.4875,-75.017,820,5/15/1975,,Monchia,Magdalena Cauca,Medio Magdalena,Río Nare,2004,15,Andes,Preliminar,0,0,0,3.38992667198181,3.38992667198181,0,1.76605486869812,3.61714005470276,3.05454540252686,6.04363632202148,5,10,0.869565188884735,0.876811623573303,1,1,63,1.04999995231628,0
11,2003-11-17,23080760,0,Definitivo,SAN ROQUE [23080760],Pluviométrica,Convencional,Activa,Antioquia,San Roque,6.4875,-75.017,820,5/15/1975,,Monchia,Magdalena Cauca,Medio Magdalena,Río Nare,2003,17,Andes,Definitivo,0,0,0,7.30751991271973,7.30751991271973,0,1.77488279342651,11.1798114776611,3.05454540252686,6.04363632202148,5,10,0.869565188884735,0.876811623573303,1,1,64,1.04999995231628,0
11,2004-11-14,23080760,25,Definitivo,SAN ROQUE [23080760],Pluviométrica,Convencional,Activa,Antioquia,San Roque,6.4875,-75.017,820,5/15/1975,,Monchia,Magdalena Cauca,Medio Magdalena,Río Nare,2004,14,Andes,Definitivo,25,25,0,4.35007905960083,4.35007905960083,0,6.59799766540527,9.53616809844971,3.05454540252686,6.04363632202148,5,10,0.869565188884735,0.876811623573303,1,1,63,1.04999995231628,26.2499988079071
11,2002-11-13,23080760,35,Definitivo,SAN ROQUE [23080760],Pluviométrica,Convencional,Activa,Antioquia,San Roque,6.4875,-75.017,820,5/15/1975,,Monchia,Magdalena Cauca,Medio Magdalena,Río Nare,2002,13,Andes,Definitivo,35,35,0,2.75717425346375,2.75717425346375,37.6335334777832,25.4383850097656,36.3676071166992,3.05454540252686,6.04363632202148,5,10,0.869565188884735,0.876811623573303,1,1,63,1.04999995231628,36.7499983310699
11,2001-11-14,23080760,,"",SAN ROQUE [23080760],Pluviométrica,Convencional,Activa,Antioquia,San Roque,6.4875,-75.017,820,5/15/1975,,Monchia,Magdalena Cauca,Medio Magdalena,Río Nare,2001,14,Andes,Preliminar,0,0,0,33.3465995788574,33.3465995788574,19.9804401397705,17.672435760498,28.8851490020752,3.05454540252686,6.04363632202148,5,10,0.869565188884735,0.876811623573303,1,1,63,1.04999995231628,0
11,2017-11-21,23080760,5,Definitivo,SAN ROQUE [23080760],Pluviométrica,Convencional,Activa,Antioquia,San Roque,6.4875,-75.017,820,5/15/1975,,Monchia,Magdalena Cauca,Medio Magdalena,Río Nare,2017,21,Andes,Definitivo,5,5,0,2.31279587745667,2.31279587745667,0,7.88288068771362,1.19666755199432,3.05454540252686,6.04363632202148,5,10,0.869565188884735,0.876811623573303,1,1,65,1.04999995231628,5.24999976158142
11,2015-11-22,23080760,0,Definitivo,SAN ROQUE [23080760],Pluviométrica,Convencional,Activa,Antioquia,San Roque,6.4875,-75.017,820,5/15/1975,,Monchia,Magdalena Cauca,Medio Magdalena,Río Nare,2015,22,Andes,Definitivo,0,0,0,1.48639035224915,1.48639035224915,0,1.54954266548157,0.789999008178711,3.05454540252686,6.04363632202148,5,10,0.869565188884735,0.876811623573303,1,1,65,1.04999995231628,0
11,2009-11-08,23080760,43,Definitivo,SAN ROQUE [23080760],Pluviométrica,Convencional,Activa,Antioquia,San Roque,6.4875,-75.017,820,5/15/1975,,Monchia,Magdalena Cauca,Medio Magdalena,Río Nare,2009,08,Andes,Definitivo,43,43,0,8.70380020141602,8.70380020141602,0,11.6631813049316,8.88135433197022,3.05454540252686,6.04363632202148,5,10,0.869565188884735,0.876811623573303,1,1,62,1.04999995231628,45.1499979496002
11,2012-11-06,23080760,0,Definitivo,SAN ROQUE [23080760],Pluviométrica,Convencional,Activa,Antioquia,San Roque,6.4875,-75.017,820,5/15/1975,,Monchia,Magdalena Cauca,Medio Magdalena,Río Nare,2012,06,Andes,Definitivo,0,0,0,2.4908664226532,2.4908664226532,0,6.98343563079834,0,3.05454540252686,6.04363632202148,5,10,0.869565188884735,0.876811623573303,1,1,62,1.04999995231628,0
11,2011-11-11,23080760,19,Definitivo,SAN ROQUE [23080760],Pluviométrica,Convencional,Activa,Antioquia,San Roque,6.4875,-75.017,820,5/15/1975,,Monchia,Magdalena Cauca,Medio Magdalena,Río Nare,2011,11,Andes,Definitivo,19,19,0,12.5083913803101,12.5083913803101,0,10.2390184402466,3.14805746078491,3.05454540252686,6.04363632202148,5,10,0.869565188884735,0.876811623573303,1,1,63,1.04999995231628,19.9499990940094
11,2013-11-12,23080760,19,Definitivo,SAN ROQUE [23080760],Pluviométrica,Convencional,Activa,Antioquia,San Roque,6.4875,-75.017,820,5/15/1975,,Monchia,Magdalena Cauca,Medio Magdalena,Río Nare,2013,12,Andes,Definitivo,19,19,0,8.17933082580566,8.17933082580566,0,15.4325428009033,31.9859619140625,3.05454540252686,6.04363632202148,5,10,0.869565188884735,0.876811623573303,1,1,63,1.04999995231628,19.9499990940094
11,2013-11-13,23080760,4,Definitivo,SAN ROQUE [23080760],Pluviométrica,Convencional,Activa,Antioquia,San Roque,6.4875,-75.017,820,5/15/1975,,Monchia,Magdalena Cauca,Medio Magdalena,Río Nare,2013,13,Andes,Definitivo,4,4,0,11.1109380722046,11.1109380722046,26.8617572784424,22.5114479064941,7.89115619659424,3.05454540252686,6.04363632202148,5,10,0.869565188884735,0.876811623573303,1,1,63,1.04999995231628,4.19999980926514
11,2013-11-14,23080760,83,Definitivo,SAN ROQUE [23080760],Pluviométrica,Convencional,Activa,Antioquia,San Roque,6.4875,-75.017,820,5/15/1975,,Monchia,Magdalena Cauca,Medio Magdalena,Río Nare,2013,14,Andes,Definitivo,83,83,0,6.39652061462402,6.39652061462402,26.8617572784424,27.1613426208496,31.8274040222168,3.05454540252686,6.04363632202148,5,10,0.869565188884735,0.876811623573303,1,1,63,1.04999995231628,87.1499960422516
11,2012-11-18,23080760,0,Definitivo,SAN ROQUE [23080760],Pluviométrica,Convencional,Activa,Antioquia,San Roque,6.4875,-75.017,820,5/15/1975,,Monchia,Magdalena Cauca,Medio Magdalena,Río Nare,2012,18,Andes,Definitivo,0,0,0,8.96238708496094,8.96238708496094,10.1273097991943,13.9718790054321,18.802698135376,3.05454540252686,6.04363632202148,5,10,0.869565188884735,0.876811623573303,1,1,64,1.04999995231628,0
11,2012-11-19,23080760,0,Definitivo,SAN ROQUE [23080760],Pluviométrica,Convencional,Activa,Antioquia,San Roque,6.4875,-75.017,820,5/15/1975,,Monchia,Magdalena Cauca,Medio Magdalena,Río Nare,2012,19,Andes,Definitivo,0,0,0,4.73176431655884,4.73176431655884,0,2.15840172767639,0.0417594164609909,3.05454540252686,6.04363632202148,5,10,0.869565188884735,0.876811623573303,1,1,64,1.04999995231628,0
11,2012-11-20,23080760,0,Definitivo,SAN ROQUE [23080760],Pluviométrica,Convencional,Activa,Antioquia,San Roque,6.4875,-75.017,820,5/15/1975,,Monchia,Magdalena Cauca,Medio Magdalena,Río Nare,2012,20,Andes,Definitivo,0,0,0,5.637864112854,5.637864112854,0,1.76284074783325,0.118957601487637,3.05454540252686,6.04363632202148,5,10,0.869565188884735,0.876811623573303,1,1,64,1.04999995231628,0
11,2012-11-21,23080760,0,Definitivo,SAN ROQUE [23080760],Pluviométrica,Convencional,Activa,Antioquia,San Roque,6.4875,-75.017,820,5/15/1975,,Monchia,Magdalena Cauca,Medio Magdalena,Río Nare,2012,21,Andes,Definitivo,0,0,0,3.79852867126465,3.79852867126465,0,1.28364515304565,1.56653296947479,3.05454540252686,6.04363632202148,5,10,0.869565188884735,0.876811623573303,1,1,65,1.04999995231628,0
11,2013-11-18,23080760,22,Definitivo,SAN ROQUE [23080760],Pluviométrica,Convencional,Activa,Antioquia,San Roque,6.4875,-75.017,820,5/15/1975,,Monchia,Magdalena Cauca,Medio Magdalena,Río Nare,2013,18,Andes,Definitivo,22,22,0,1.95034515857697,1.95034515857697,0,0,0,3.05454540252686,6.04363632202148,5,10,0.869565188884735,0.876811623573303,1,1,64,1.04999995231628,23.0999989509583
11,2004-11-09,23080760,42,Definitivo,SAN ROQUE [23080760],Pluviométrica,Convencional,Activa,Antioquia,San Roque,6.4875,-75.017,820,5/15/1975,,Monchia,Magdalena Cauca,Medio Magdalena,Río Nare,2004,09,Andes,Definitivo,42,42,0,16.5008907318115,16.5008907318115,18.4141750335693,34.0679702758789,48.0210723876953,3.05454540252686,6.04363632202148,5,10,0.869565188884735,0.876811623573303,1,1,62,1.04999995231628,44.0999979972839
11,2004-11-06,23080760,62,Definitivo,SAN ROQUE [23080760],Pluviométrica,Convencional,Activa,Antioquia,San Roque,6.4875,-75.017,820,5/15/1975,,Monchia,Magdalena Cauca,Medio Magdalena,Río Nare,2004,06,Andes,Definitivo,62,62,0,0.651565313339233,0.651565313339233,9.20708751678467,37.3787651062012,15.8981456756592,3.05454540252686,6.04363632202148,5,10,0.869565188884735,0.876811623573303,1,1,62,1.04999995231628,65.0999970436096
11,2016-11-19,23080760,21,Definitivo,SAN ROQUE [23080760],Pluviométrica,Convencional,Activa,Antioquia,San Roque,6.4875,-75.017,820,5/15/1975,,Monchia,Magdalena Cauca,Medio Magdalena,Río Nare,2016,19,Andes,Definitivo,21,21,0,11.885178565979,11.885178565979,51.7503471374512,40.0902633666992,7.72091245651245,3.05454540252686,6.04363632202148,5,10,0.869565188884735,0.876811623573303,1,1,64,1.04999995231628,22.049998998642
11,2019-11-18,23080760,0,Definitivo,SAN ROQUE [23080760],Pluviométrica,Convencional,Activa,Antioquia,San Roque,6.4875,-75.017,820,5/15/1975,,Monchia,Magdalena Cauca,Medio Magdalena,Río Nare,2019,18,Andes,Definitivo,0,0,0,2.35302066802979,2.35302066802979,0,2.28281331062317,0.0610409267246723,3.05454540252686,6.04363632202148,5,10,0.869565188884735,0.876811623573303,1,1,64,1.04999995231628,0
11,2015-11-18,23080760,4,Definitivo,SAN ROQUE [23080760],Pluviométrica,Convencional,Activa,Antioquia,San Roque,6.4875,-75.017,820,5/15/1975,,Monchia,Magdalena Cauca,Medio Magdalena,Río Nare,2015,18,Andes,Definitivo,4,4,0,11.8795366287231,11.8795366287231,11.5501108169556,38.7028541564941,11.4659824371338,3.05454540252686,6.04363632202148,5,10,0.869565188884735,0.876811623573303,1,1,64,1.04999995231628,4.19999980926514
11,2016-11-15,23080760,0,Definitivo,SAN ROQUE [23080760],Pluviométrica,Convencional,Activa,Antioquia,San Roque,6.4875,-75.017,820,5/15/1975,,Monchia,Magdalena Cauca,Medio Magdalena,Río Nare,2016,15,Andes,Definitivo,0,0,0,16.4943313598633,16.4943313598633,6.20038795471191,24.0886325836182,19.2539463043213,3.05454540252686,6.04363632202148,5,10,0.869565188884735,0.876811623573303,1,1,63,1.04999995231628,0
11,2017-11-13,23080760,12,Definitivo,SAN ROQUE [23080760],Pluviométrica,Convencional,Activa,Antioquia,San Roque,6.4875,-75.017,820,5/15/1975,,Monchia,Magdalena Cauca,Medio Magdalena,Río Nare,2017,13,Andes,Definitivo,12,12,0,7.3251223564148,7.3251223564148,28.418119430542,3.57232046127319,2.28165626525879,3.05454540252686,6.04363632202148,5,10,0.869565188884735,0.876811623573303,1,1,63,1.04999995231628,12.5999994277954
11,2018-11-11,23080760,10,Definitivo,SAN ROQUE [23080760],Pluviométrica,Convencional,Activa,Antioquia,San Roque,6.4875,-75.017,820,5/15/1975,,Monchia,Magdalena Cauca,Medio Magdalena,Río Nare,2018,11,Andes,Definitivo,10,10,0,1.58609366416931,1.58609366416931,6.0733814239502,5.7063798904419,4.99995756149292,3.05454540252686,6.04363632202148,5,10,0.869565188884735,0.876811623573303,1,1,63,1.04999995231628,10.4999995231628
11,2019-11-09,23080760,0,Definitivo,SAN ROQUE [23080760],Pluviométrica,Convencional,Activa,Antioquia,San Roque,6.4875,-75.017,820,5/15/1975,,Monchia,Magdalena Cauca,Medio Magdalena,Río Nare,2019,09,Andes,Definitivo,0,0,0,32.5968475341797,32.5968475341797,22.8669738769531,20.3037528991699,36.9587326049805,3.05454540252686,6.04363632202148,5,10,0.869565188884735,0.876811623573303,1,1,62,1.04999995231628,0
11,2020-11-06,23080760,30,Definitivo,SAN ROQUE [23080760],Pluviométrica,Convencional,Activa,Antioquia,San Roque,6.4875,-75.017,820,5/15/1975,,Monchia,Magdalena Cauca,Medio Magdalena,Río Nare,2020,06,Andes,Definitivo,30,30,0,8.21125316619873,8.21125316619873,0,9.76653671264648,13.3655967712402,3.05454540252686,6.04363632202148,5,10,0.869565188884735,0.876811623573303,1,1,62,1.04999995231628,31.4999985694885
11,2021-11-04,23080760,2,Definitivo,SAN ROQUE [23080760],Pluviométrica,Convencional,Activa,Antioquia,San Roque,6.4875,-75.017,820,5/15/1975,,Monchia,Magdalena Cauca,Medio Magdalena,Río Nare,2021,04,Andes,Definitivo,2,2,0,5.85475158691406,5.85475158691406,14.1524391174316,22.1591739654541,12.8381280899048,3.05454540252686,6.04363632202148,5,10,0.869565188884735,0.876811623573303,1,1,61,1.04999995231628,2.09999990463257
11,2020-11-01,23080760,26,Definitivo,SAN ROQUE [23080760],Pluviométrica,Convencional,Activa,Antioquia,San Roque,6.4875,-75.017,820,5/15/1975,,Monchia,Magdalena Cauca,Medio Magdalena,Río Nare,2020,01,Andes,Definitivo,26,26,0,28.7193164825439,28.7193164825439,54.5399513244629,73.9841384887695,82.9049453735352,3.05454540252686,6.04363632202148,5,10,0.869565188884735,0.876811623573303,1,1,61,1.04999995231628,27.2999987602234
11,2001-11-19,23080760,23,Definitivo,SAN ROQUE [23080760],Pluviométrica,Convencional,Activa,Antioquia,San Roque,6.4875,-75.017,820,5/15/1975,,Monchia,Magdalena Cauca,Medio Magdalena,Río Nare,2001,19,Andes,Definitivo,23,23,0,11.5485458374023,11.5485458374023,0,35.7720031738281,2.03422665596008,3.05454540252686,6.04363632202148,5,10,0.869565188884735,0.876811623573303,1,1,64,1.04999995231628,24.1499989032745
11,2015-11-20,23080760,,"",SAN ROQUE [23080760],Pluviométrica,Convencional,Activa,Antioquia,San Roque,6.4875,-75.017,820,5/15/1975,,Monchia,Magdalena Cauca,Medio Magdalena,Río Nare,2015,20,Andes,Preliminar,0,0,0,7.80781173706055,7.80781173706055,0,4.44048070907593,5.97423839569092,3.05454540252686,6.04363632202148,5,10,0.869565188884735,0.876811623573303,1,1,64,1.04999995231628,0
11,2015-11-21,23080760,,"",SAN ROQUE [23080760],Pluviométrica,Convencional,Activa,Antioquia,San Roque,6.4875,-75.017,820,5/15/1975,,Monchia,Magdalena Cauca,Medio Magdalena,Río Nare,2015,21,Andes,Preliminar,0,0,0,2.49543714523315,2.49543714523315,0,2.25670647621155,1.53995335102081,3.05454540252686,6.04363632202148,5,10,0.869565188884735,0.876811623573303,1,1,65,1.04999995231628,0
11,2005-11-06,23080760,26,Definitivo,SAN ROQUE [23080760],Pluviométrica,Convencional,Activa,Antioquia,San Roque,6.4875,-75.017,820,5/15/1975,,Monchia,Magdalena Cauca,Medio Magdalena,Río Nare,2005,06,Andes,Definitivo,26,26,0,15.4750261306763,15.4750261306763,0,24.8457183837891,0.677937626838684,3.05454540252686,6.04363632202148,5,10,0.869565188884735,0.876811623573303,1,1,62,1.04999995231628,27.2999987602234
11,2007-11-08,23080760,,"",SAN ROQUE [23080760],Pluviométrica,Convencional,Activa,Antioquia,San Roque,6.4875,-75.017,820,5/15/1975,,Monchia,Magdalena Cauca,Medio Magdalena,Río Nare,2007,08,Andes,Preliminar,0,0,0,3.79228281974793,3.79228281974793,0,5.92885828018189,6.69955635070801,3.05454540252686,6.04363632202148,5,10,0.869565188884735,0.876811623573303,1,1,62,1.04999995231628,0
11,2007-11-09,23080760,0,Definitivo,SAN ROQUE [23080760],Pluviométrica,Convencional,Activa,Antioquia,San Roque,6.4875,-75.017,820,5/15/1975,,Monchia,Magdalena Cauca,Medio Magdalena,Río Nare,2007,09,Andes,Definitivo,0,0,0,4.71048069000244,4.71048069000244,12.6132345199585,11.8641834259033,6.99589967727661,3.05454540252686,6.04363632202148,5,10,0.869565188884735,0.876811623573303,1,1,62,1.04999995231628,0
11,2001-11-25,23080760,,"",SAN ROQUE [23080760],Pluviométrica,Convencional,Activa,Antioquia,San Roque,6.4875,-75.017,820,5/15/1975,,Monchia,Magdalena Cauca,Medio Magdalena,Río Nare,2001,25,Andes,Preliminar,0,0,0,9.91532135009766,9.91532135009766,7.60416173934937,6.00228214263916,4.83278322219849,3.05454540252686,6.04363632202148,5,10,0.869565188884735,0.876811623573303,1,1,65,1.04999995231628,0
11,2002-11-23,23080760,10,Definitivo,SAN ROQUE [23080760],Pluviométrica,Convencional,Activa,Antioquia,San Roque,6.4875,-75.017,820,5/15/1975,,Monchia,Magdalena Cauca,Medio Magdalena,Río Nare,2002,23,Andes,Definitivo,10,10,0,2.62300539016724,2.62300539016724,0,5.24830198287964,13.0690364837647,3.05454540252686,6.04363632202148,5,10,0.869565188884735,0.876811623573303,1,1,65,1.04999995231628,10.4999995231628
11,2003-11-21,23080760,0.6,Definitivo,SAN ROQUE [23080760],Pluviométrica,Convencional,Activa,Antioquia,San Roque,6.4875,-75.017,820,5/15/1975,,Monchia,Magdalena Cauca,Medio Magdalena,Río Nare,2003,21,Andes,Definitivo,0.6,0.6,0,12.5687532424927,12.5687532424927,10.739688873291,13.867790222168,28.6436195373535,3.05454540252686,6.04363632202148,5,10,0.869565188884735,0.876811623573303,1,1,65,1.04999995231628,0.629999971389771
11,2004-11-18,23080760,52,Definitivo,SAN ROQUE [23080760],Pluviométrica,Convencional,Activa,Antioquia,San Roque,6.4875,-75.017,820,5/15/1975,,Monchia,Magdalena Cauca,Medio Magdalena,Río Nare,2004,18,Andes,Definitivo,52,52,0,25.3315505981445,25.3315505981445,20.6595516204834,31.6368007659912,35.8469467163086,3.05454540252686,6.04363632202148,5,10,0.869565188884735,0.876811623573303,1,1,64,1.04999995231628,54.5999975204468
11,2002-11-19,23080760,,"",SAN ROQUE [23080760],Pluviométrica,Convencional,Activa,Antioquia,San Roque,6.4875,-75.017,820,5/15/1975,,Monchia,Magdalena Cauca,Medio Magdalena,Río Nare,2002,19,Andes,Preliminar,0,0,0,5.16131734848023,5.16131734848023,0,5.3726863861084,0.4337999522686,3.05454540252686,6.04363632202148,5,10,0.869565188884735,0.876811623573303,1,1,64,1.04999995231628,0
11,2002-11-18,23080760,19,Definitivo,SAN ROQUE [23080760],Pluviométrica,Convencional,Activa,Antioquia,San Roque,6.4875,-75.017,820,5/15/1975,,Monchia,Magdalena Cauca,Medio Magdalena,Río Nare,2002,18,Andes,Definitivo,19,19,0,12.0403995513916,12.0403995513916,0,8.41925811767578,2.26436829566956,3.05454540252686,6.04363632202148,5,10,0.869565188884735,0.876811623573303,1,1,64,1.04999995231628,19.9499990940094
11,2003-11-16,23080760,0.2,Definitivo,SAN ROQUE [23080760],Pluviométrica,Convencional,Activa,Antioquia,San Roque,6.4875,-75.017,820,5/15/1975,,Monchia,Magdalena Cauca,Medio Magdalena,Río Nare,2003,16,Andes,Definitivo,0.2,0.2,0,14.1382026672363,14.1382026672363,6.07506799697876,4.60731077194214,2.58820652961731,3.05454540252686,6.04363632202148,5,10,0.869565188884735,0.876811623573303,1,1,64,1.04999995231628,0.209999990463257
11,2014-11-14,23080760,0,Definitivo,SAN ROQUE [23080760],Pluviométrica,Convencional,Activa,Antioquia,San Roque,6.4875,-75.017,820,5/15/1975,,Monchia,Magdalena Cauca,Medio Magdalena,Río Nare,2014,14,Andes,Definitivo,0,0,0,8.40590381622315,8.40590381622315,0,14.0100336074829,6.98891401290894,3.05454540252686,6.04363632202148,5,10,0.869565188884735,0.876811623573303,1,1,63,1.04999995231628,0
11,2002-11-15,23080760,9,Definitivo,SAN ROQUE [23080760],Pluviométrica,Convencional,Activa,Antioquia,San Roque,6.4875,-75.017,820,5/15/1975,,Monchia,Magdalena Cauca,Medio Magdalena,Río Nare,2002,15,Andes,Definitivo,9,9,0,0,0,0,0.770177602767944,1.56704068183899,3.05454540252686,6.04363632202148,5,10,0.869565188884735,0.876811623573303,1,1,63,1.04999995231628,9.44999957084656
11,2003-11-11,23080760,19,Definitivo,SAN ROQUE [23080760],Pluviométrica,Convencional,Activa,Antioquia,San Roque,6.4875,-75.017,820,5/15/1975,,Monchia,Magdalena Cauca,Medio Magdalena,Río Nare,2003,11,Andes,Definitivo,19,19,0,2.59014797210693,2.59014797210693,28.1989555358887,13.6452617645264,37.3622627258301,3.05454540252686,6.04363632202148,5,10,0.869565188884735,0.876811623573303,1,1,63,1.04999995231628,19.9499990940094
11,2016-11-18,23080760,15,Definitivo,SAN ROQUE [23080760],Pluviométrica,Convencional,Activa,Antioquia,San Roque,6.4875,-75.017,820,5/15/1975,,Monchia,Magdalena Cauca,Medio Magdalena,Río Nare,2016,18,Andes,Definitivo,15,15,0,11.6071481704712,11.6071481704712,0,10.0190162658691,3.32988858222961,3.05454540252686,6.04363632202148,5,10,0.869565188884735,0.876811623573303,1,1,64,1.04999995231628,15.7499992847443
11,2014-11-19,23080760,,"",SAN ROQUE [23080760],Pluviométrica,Convencional,Activa,Antioquia,San Roque,6.4875,-75.017,820,5/15/1975,,Monchia,Magdalena Cauca,Medio Magdalena,Río Nare,2014,19,Andes,Preliminar,0,0,0,2.69879961013794,2.69879961013794,0,3.10422539710999,0.800787448883057,3.05454540252686,6.04363632202148,5,10,0.869565188884735,0.876811623573303,1,1,64,1.04999995231628,0
11,2017-11-17,23080760,80,Definitivo,SAN ROQUE [23080760],Pluviométrica,Convencional,Activa,Antioquia,San Roque,6.4875,-75.017,820,5/15/1975,,Monchia,Magdalena Cauca,Medio Magdalena,Río Nare,2017,17,Andes,Definitivo,80,80,0,15.3926877975464,15.3926877975464,38.675724029541,33.4808082580566,34.6041831970215,3.05454540252686,6.04363632202148,5,10,0.869565188884735,0.876811623573303,1,1,64,1.04999995231628,83.9999961853027
11,2012-11-07,23080760,0,Definitivo,SAN ROQUE [23080760],Pluviométrica,Convencional,Activa,Antioquia,San Roque,6.4875,-75.017,820,5/15/1975,,Monchia,Magdalena Cauca,Medio Magdalena,Río Nare,2012,07,Andes,Definitivo,0,0,0,6.02480220794678,6.02480220794678,0,6.2785816192627,8.9176836013794,3.05454540252686,6.04363632202148,5,10,0.869565188884735,0.876811623573303,1,1,62,1.04999995231628,0
11,2014-11-09,23080760,,"",SAN ROQUE [23080760],Pluviométrica,Convencional,Activa,Antioquia,San Roque,6.4875,-75.017,820,5/15/1975,,Monchia,Magdalena Cauca,Medio Magdalena,Río Nare,2014,09,Andes,Preliminar,0,0,0,9.426025390625,9.426025390625,16.7532501220703,8.7755823135376,8.08880519866943,3.05454540252686,6.04363632202148,5,10,0.869565188884735,0.876811623573303,1,1,62,1.04999995231628,0
11,2014-11-10,23080760,0,Definitivo,SAN ROQUE [23080760],Pluviométrica,Convencional,Activa,Antioquia,San Roque,6.4875,-75.017,820,5/15/1975,,Monchia,Magdalena Cauca,Medio Magdalena,Río Nare,2014,10,Andes,Definitivo,0,0,0,9.21031761169434,9.21031761169434,0,12.4387168884277,9.33836364746094,3.05454540252686,6.04363632202148,5,10,0.869565188884735,0.876811623573303,1,1,62,1.04999995231628,0
11,2014-11-11,23080760,16,Definitivo,SAN ROQUE [23080760],Pluviométrica,Convencional,Activa,Antioquia,San Roque,6.4875,-75.017,820,5/15/1975,,Monchia,Magdalena Cauca,Medio Magdalena,Río Nare,2014,11,Andes,Definitivo,16,16,0,7.63547563552856,7.63547563552856,39.9190902709961,9.28807544708252,30.5136280059815,3.05454540252686,6.04363632202148,5,10,0.869565188884735,0.876811623573303,1,1,63,1.04999995231628,16.7999992370605
11,2013-11-15,23080760,2,Definitivo,SAN ROQUE [23080760],Pluviométrica,Convencional,Activa,Antioquia,San Roque,6.4875,-75.017,820,5/15/1975,,Monchia,Magdalena Cauca,Medio Magdalena,Río Nare,2013,15,Andes,Definitivo,2,2,0,15.8919925689697,15.8919925689697,26.8617572784424,18.495267868042,28.6749305725098,3.05454540252686,6.04363632202148,5,10,0.869565188884735,0.876811623573303,1,1,63,1.04999995231628,2.09999990463257
11,2013-11-16,23080760,0,Definitivo,SAN ROQUE [23080760],Pluviométrica,Convencional,Activa,Antioquia,San Roque,6.4875,-75.017,820,5/15/1975,,Monchia,Magdalena Cauca,Medio Magdalena,Río Nare,2013,16,Andes,Definitivo,0,0,0,1.26517987251282,1.26517987251282,0,0,0,3.05454540252686,6.04363632202148,5,10,0.869565188884735,0.876811623573303,1,1,64,1.04999995231628,0
11,2013-11-17,23080760,,"",SAN ROQUE [23080760],Pluviométrica,Convencional,Activa,Antioquia,San Roque,6.4875,-75.017,820,5/15/1975,,Monchia,Magdalena Cauca,Medio Magdalena,Río Nare,2013,17,Andes,Preliminar,0,0,0,1.02540254592896,1.02540254592896,0,0,0,3.05454540252686,6.04363632202148,5,10,0.869565188884735,0.876811623573303,1,1,64,1.04999995231628,0
11,2017-11-03,23080760,10,Definitivo,SAN ROQUE [23080760],Pluviométrica,Convencional,Activa,Antioquia,San Roque,6.4875,-75.017,820,5/15/1975,,Monchia,Magdalena Cauca,Medio Magdalena,Río Nare,2017,03,Andes,Definitivo,10,10,0,11.873363494873,11.873363494873,4.08196258544922,8.18862819671631,6.72460746765137,3.05454540252686,6.04363632202148,5,10,0.869565188884735,0.876811623573303,1,1,61,1.04999995231628,10.4999995231628
11,2014-11-15,23080760,,"",SAN ROQUE [23080760],Pluviométrica,Convencional,Activa,Antioquia,San Roque,6.4875,-75.017,820,5/15/1975,,Monchia,Magdalena Cauca,Medio Magdalena,Río Nare,2014,15,Andes,Preliminar,0,0,0,5.80458354949951,5.80458354949951,0,4.46746206283569,0,3.05454540252686,6.04363632202148,5,10,0.869565188884735,0.876811623573303,1,1,63,1.04999995231628,0
11,2013-11-19,23080760,16,Definitivo,SAN ROQUE [23080760],Pluviométrica,Convencional,Activa,Antioquia,San Roque,6.4875,-75.017,820,5/15/1975,,Monchia,Magdalena Cauca,Medio Magdalena,Río Nare,2013,19,Andes,Definitivo,16,16,0,2.74353003501892,2.74353003501892,0,0,0,3.05454540252686,6.04363632202148,5,10,0.869565188884735,0.876811623573303,1,1,64,1.04999995231628,16.7999992370605
11,2002-11-10,23080760,12,Definitivo,SAN ROQUE [23080760],Pluviométrica,Convencional,Activa,Antioquia,San Roque,6.4875,-75.017,820,5/15/1975,,Monchia,Magdalena Cauca,Medio Magdalena,Río Nare,2002,10,Andes,Definitivo,12,12,0,1.77665817737579,1.77665817737579,0,6.02848958969116,0,3.05454540252686,6.04363632202148,5,10,0.869565188884735,0.876811623573303,1,1,62,1.04999995231628,12.5999994277954
11,2003-11-06,23080760,14,Definitivo,SAN ROQUE [23080760],Pluviométrica,Convencional,Activa,Antioquia,San Roque,6.4875,-75.017,820,5/15/1975,,Monchia,Magdalena Cauca,Medio Magdalena,Río Nare,2003,06,Andes,Definitivo,14,14,0,11.5190992355347,11.5190992355347,6.41044855117798,2.59809279441834,6.52291679382324,3.05454540252686,6.04363632202148,5,10,0.869565188884735,0.876811623573303,1,1,62,1.04999995231628,14.699999332428
11,2005-11-07,23080760,52,Definitivo,SAN ROQUE [23080760],Pluviométrica,Convencional,Activa,Antioquia,San Roque,6.4875,-75.017,820,5/15/1975,,Monchia,Magdalena Cauca,Medio Magdalena,Río Nare,2005,07,Andes,Definitivo,52,52,0,26.9203491210938,26.9203491210938,26.6624908447266,19.8153285980225,34.0373916625977,3.05454540252686,6.04363632202148,5,10,0.869565188884735,0.876811623573303,1,1,62,1.04999995231628,54.5999975204468
11,2016-11-14,23080760,47,Definitivo,SAN ROQUE [23080760],Pluviométrica,Convencional,Activa,Antioquia,San Roque,6.4875,-75.017,820,5/15/1975,,Monchia,Magdalena Cauca,Medio Magdalena,Río Nare,2016,14,Andes,Definitivo,47,47,0,16.6204700469971,16.6204700469971,6.20038795471191,11.0082941055298,10.3706579208374,3.05454540252686,6.04363632202148,5,10,0.869565188884735,0.876811623573303,1,1,63,1.04999995231628,49.3499977588654
11,2017-11-12,23080760,1,Definitivo,SAN ROQUE [23080760],Pluviométrica,Convencional,Activa,Antioquia,San Roque,6.4875,-75.017,820,5/15/1975,,Monchia,Magdalena Cauca,Medio Magdalena,Río Nare,2017,12,Andes,Definitivo,1,1,0,3.01562833786011,3.01562833786011,0,2.64418458938599,0,3.05454540252686,6.04363632202148,5,10,0.869565188884735,0.876811623573303,1,1,63,1.04999995231628,1.04999995231628
11,2018-11-10,23080760,0,Definitivo,SAN ROQUE [23080760],Pluviométrica,Convencional,Activa,Antioquia,San Roque,6.4875,-75.017,820,5/15/1975,,Monchia,Magdalena Cauca,Medio Magdalena,Río Nare,2018,10,Andes,Definitivo,0,0,0,4.83339881896973,4.83339881896973,16.2696075439453,25.73193359375,7.43908882141113,3.05454540252686,6.04363632202148,5,10,0.869565188884735,0.876811623573303,1,1,62,1.04999995231628,0
11,2019-11-08,23080760,29,Definitivo,SAN ROQUE [23080760],Pluviométrica,Convencional,Activa,Antioquia,San Roque,6.4875,-75.017,820,5/15/1975,,Monchia,Magdalena Cauca,Medio Magdalena,Río Nare,2019,08,Andes,Definitivo,29,29,0,6.28899955749512,6.28899955749512,4.57339477539063,6.64744138717651,0.427704393863678,3.05454540252686,6.04363632202148,5,10,0.869565188884735,0.876811623573303,1,1,62,1.04999995231628,30.4499986171722
11,2020-11-05,23080760,0,Definitivo,SAN ROQUE [23080760],Pluviométrica,Convencional,Activa,Antioquia,San Roque,6.4875,-75.017,820,5/15/1975,,Monchia,Magdalena Cauca,Medio Magdalena,Río Nare,2020,05,Andes,Definitivo,0,0,0,10.4956016540527,10.4956016540527,40.9049644470215,10.4717845916748,6.56043291091919,3.05454540252686,6.04363632202148,5,10,0.869565188884735,0.876811623573303,1,1,61,1.04999995231628,0
11,2021-11-03,23080760,98,Definitivo,SAN ROQUE [23080760],Pluviométrica,Convencional,Activa,Antioquia,San Roque,6.4875,-75.017,820,5/15/1975,,Monchia,Magdalena Cauca,Medio Magdalena,Río Nare,2021,03,Andes,Definitivo,98,98,0,6.13751029968262,6.13751029968262,0,26.9175586700439,20.4668712615967,3.05454540252686,6.04363632202148,5,10,0.869565188884735,0.876811623573303,1,1,61,1.04999995231628,102.899995326996
11,2022-11-01,23080760,0,Definitivo,SAN ROQUE [23080760],Pluviométrica,Convencional,Activa,Antioquia,San Roque,6.4875,-75.017,820,5/15/1975,,Monchia,Magdalena Cauca,Medio Magdalena,Río Nare,2022,01,Andes,Definitivo,0,0,0,5.85583829879761,5.85583829879761,0,1.98801326751709,0,3.05454540252686,6.04363632202148,5,10,0.869565188884735,0.876811623573303,1,1,61,1.04999995231628,0
11,2002-11-20,23080760,2,Definitivo,SAN ROQUE [23080760],Pluviométrica,Convencional,Activa,Antioquia,San Roque,6.4875,-75.017,820,5/15/1975,,Monchia,Magdalena Cauca,Medio Magdalena,Río Nare,2002,20,Andes,Definitivo,2,2,0,2.50440311431885,2.50440311431885,0,4.27495002746582,0.0953029319643974,3.05454540252686,6.04363632202148,5,10,0.869565188884735,0.876811623573303,1,1,64,1.04999995231628,2.09999990463257
11,2003-11-18,23080760,0,Definitivo,SAN ROQUE [23080760],Pluviométrica,Convencional,Activa,Antioquia,San Roque,6.4875,-75.017,820,5/15/1975,,Monchia,Magdalena Cauca,Medio Magdalena,Río Nare,2003,18,Andes,Definitivo,0,0,0,11.9805173873901,11.9805173873901,24.300271987915,8.64377212524414,21.2524814605713,3.05454540252686,6.04363632202148,5,10,0.869565188884735,0.876811623573303,1,1,64,1.04999995231628,0
11,2001-11-16,23080760,18,Definitivo,SAN ROQUE [23080760],Pluviométrica,Convencional,Activa,Antioquia,San Roque,6.4875,-75.017,820,5/15/1975,,Monchia,Magdalena Cauca,Medio Magdalena,Río Nare,2001,16,Andes,Definitivo,18,18,0,5.92622756958008,5.92622756958008,8.91221237182617,6.25620174407959,2.7218189239502,3.05454540252686,6.04363632202148,5,10,0.869565188884735,0.876811623573303,1,1,64,1.04999995231628,18.8999991416931
11,2016-11-17,23080760,1,Definitivo,SAN ROQUE [23080760],Pluviométrica,Convencional,Activa,Antioquia,San Roque,6.4875,-75.017,820,5/15/1975,,Monchia,Magdalena Cauca,Medio Magdalena,Río Nare,2016,17,Andes,Definitivo,1,1,0,7.97150611877441,7.97150611877441,25.8751735687256,9.24247550964355,37.3296928405762,3.05454540252686,6.04363632202148,5,10,0.869565188884735,0.876811623573303,1,1,64,1.04999995231628,1.04999995231628
11,2014-11-18,23080760,6,Definitivo,SAN ROQUE [23080760],Pluviométrica,Convencional,Activa,Antioquia,San Roque,6.4875,-75.017,820,5/15/1975,,Monchia,Magdalena Cauca,Medio Magdalena,Río Nare,2014,18,Andes,Definitivo,6,6,0,0.386907905340195,0.386907905340195,5.72719097137451,1.15170168876648,2.52179455757141,3.05454540252686,6.04363632202148,5,10,0.869565188884735,0.876811623573303,1,1,64,1.04999995231628,6.29999971389771
11,2015-11-16,23080760,72,Definitivo,SAN ROQUE [23080760],Pluviométrica,Convencional,Activa,Antioquia,San Roque,6.4875,-75.017,820,5/15/1975,,Monchia,Magdalena Cauca,Medio Magdalena,Río Nare,2015,16,Andes,Definitivo,72,72,0,2.83487272262573,2.83487272262573,23.1002216339111,2.47844099998474,28.7965888977051,3.05454540252686,6.04363632202148,5,10,0.869565188884735,0.876811623573303,1,1,64,1.04999995231628,75.5999965667725
11,2005-11-08,23080760,87,Definitivo,SAN ROQUE [23080760],Pluviométrica,Convencional,Activa,Antioquia,San Roque,6.4875,-75.017,820,5/15/1975,,Monchia,Magdalena Cauca,Medio Magdalena,Río Nare,2005,08,Andes,Definitivo,87,87,0,18.5986480712891,18.5986480712891,13.3312454223633,28.5184020996094,16.2250633239746,3.05454540252686,6.04363632202148,5,10,0.869565188884735,0.876811623573303,1,1,62,1.04999995231628,91.3499958515167
11,2010-11-07,23080760,34,Definitivo,SAN ROQUE [23080760],Pluviométrica,Convencional,Activa,Antioquia,San Roque,6.4875,-75.017,820,5/15/1975,,Monchia,Magdalena Cauca,Medio Magdalena,Río Nare,2010,07,Andes,Definitivo,34,34,0,4.12031269073486,4.12031269073486,18.6555137634277,13.60302734375,9.99778175354004,3.05454540252686,6.04363632202148,5,10,0.869565188884735,0.876811623573303,1,1,62,1.04999995231628,35.6999983787537
11,2001-11-24,23080760,6,Definitivo,SAN ROQUE [23080760],Pluviométrica,Convencional,Activa,Antioquia,San Roque,6.4875,-75.017,820,5/15/1975,,Monchia,Magdalena Cauca,Medio Magdalena,Río Nare,2001,24,Andes,Definitivo,6,6,0,3.13452124595642,3.13452124595642,7.60416173934937,5.65513944625855,8.45767498016357,3.05454540252686,6.04363632202148,5,10,0.869565188884735,0.876811623573303,1,1,65,1.04999995231628,6.29999971389771
11,2002-11-22,23080760,10,Definitivo,SAN ROQUE [23080760],Pluviométrica,Convencional,Activa,Antioquia,San Roque,6.4875,-75.017,820,5/15/1975,,Monchia,Magdalena Cauca,Medio Magdalena,Río Nare,2002,22,Andes,Definitivo,10,10,0,3.09803748130798,3.09803748130798,0,9.13576221466064,0.223864629864693,3.05454540252686,6.04363632202148,5,10,0.869565188884735,0.876811623573303,1,1,65,1.04999995231628,10.4999995231628
11,2003-11-20,23080760,0,Definitivo,SAN ROQUE [23080760],Pluviométrica,Convencional,Activa,Antioquia,San Roque,6.4875,-75.017,820,5/15/1975,,Monchia,Magdalena Cauca,Medio Magdalena,Río Nare,2003,20,Andes,Definitivo,0,0,0,3.40938115119934,3.40938115119934,0,22.0486850738525,7.18721389770508,3.05454540252686,6.04363632202148,5,10,0.869565188884735,0.876811623573303,1,1,64,1.04999995231628,0
11,2004-11-17,23080760,12,Definitivo,SAN ROQUE [23080760],Pluviométrica,Convencional,Activa,Antioquia,San Roque,6.4875,-75.017,820,5/15/1975,,Monchia,Magdalena Cauca,Medio Magdalena,Río Nare,2004,17,Andes,Definitivo,12,12,0,10.8191366195679,10.8191366195679,20.6595516204834,20.541524887085,27.1635608673096,3.05454540252686,6.04363632202148,5,10,0.869565188884735,0.876811623573303,1,1,64,1.04999995231628,12.5999994277954
11,2003-11-19,23080760,0,Definitivo,SAN ROQUE [23080760],Pluviométrica,Convencional,Activa,Antioquia,San Roque,6.4875,-75.017,820,5/15/1975,,Monchia,Magdalena Cauca,Medio Magdalena,Río Nare,2003,19,Andes,Definitivo,0,0,0,6.78299951553345,6.78299951553345,0,5.98859262466431,0.855534553527832,3.05454540252686,6.04363632202148,5,10,0.869565188884735,0.876811623573303,1,1,64,1.04999995231628,0
11,2015-11-10,23080760,20,Definitivo,SAN ROQUE [23080760],Pluviométrica,Convencional,Activa,Antioquia,San Roque,6.4875,-75.017,820,5/15/1975,,Monchia,Magdalena Cauca,Medio Magdalena,Río Nare,2015,10,Andes,Definitivo,20,20,0,2.69582009315491,2.69582009315491,23.5407009124756,2.58776998519897,61.3471488952637,3.05454540252686,6.04363632202148,5,10,0.869565188884735,0.876811623573303,1,1,62,1.04999995231628,20.9999990463257
11,2015-11-11,23080760,,"",SAN ROQUE [23080760],Pluviométrica,Convencional,Activa,Antioquia,San Roque,6.4875,-75.017,820,5/15/1975,,Monchia,Magdalena Cauca,Medio Magdalena,Río Nare,2015,11,Andes,Preliminar,0,0,0,3.16789078712463,3.16789078712463,14.9105958938599,7.57849550247192,21.904712677002,3.05454540252686,6.04363632202148,5,10,0.869565188884735,0.876811623573303,1,1,63,1.04999995231628,0
11,2015-11-12,23080760,,"",SAN ROQUE [23080760],Pluviométrica,Convencional,Activa,Antioquia,San Roque,6.4875,-75.017,820,5/15/1975,,Monchia,Magdalena Cauca,Medio Magdalena,Río Nare,2015,12,Andes,Preliminar,0,0,0,5.82850027084351,5.82850027084351,0,1.42925906181335,0,3.05454540252686,6.04363632202148,5,10,0.869565188884735,0.876811623573303,1,1,63,1.04999995231628,0
11,2002-11-12,23080760,8,Definitivo,SAN ROQUE [23080760],Pluviométrica,Convencional,Activa,Antioquia,San Roque,6.4875,-75.017,820,5/15/1975,,Monchia,Magdalena Cauca,Medio Magdalena,Río Nare,2002,12,Andes,Definitivo,8,8,0,6.32103252410889,6.32103252410889,0,8.4632158279419,9.63823127746582,3.05454540252686,6.04363632202148,5,10,0.869565188884735,0.876811623573303,1,1,63,1.04999995231628,8.39999961853027
11,2001-11-11,23080760,2,Definitivo,SAN ROQUE [23080760],Pluviométrica,Convencional,Activa,Antioquia,San Roque,6.4875,-75.017,820,5/15/1975,,Monchia,Magdalena Cauca,Medio Magdalena,Río Nare,2001,11,Andes,Definitivo,2,2,0,5.46894454956055,5.46894454956055,13.3202934265137,8.4004430770874,6.38623332977295,3.05454540252686,6.04363632202148,5,10,0.869565188884735,0.876811623573303,1,1,63,1.04999995231628,2.09999990463257
11,2002-11-07,23080760,107,Definitivo,SAN ROQUE [23080760],Pluviométrica,Convencional,Activa,Antioquia,San Roque,6.4875,-75.017,820,5/15/1975,,Monchia,Magdalena Cauca,Medio Magdalena,Río Nare,2002,07,Andes,Definitivo,107,107,0,14.8840417861938,14.8840417861938,42.620792388916,30.4501628875732,46.4949073791504,3.05454540252686,6.04363632202148,5,10,0.869565188884735,0.876811623573303,1,1,62,1.04999995231628,112.349994897842
11,2015-11-17,23080760,34,Definitivo,SAN ROQUE [23080760],Pluviométrica,Convencional,Activa,Antioquia,San Roque,6.4875,-75.017,820,5/15/1975,,Monchia,Magdalena Cauca,Medio Magdalena,Río Nare,2015,17,Andes,Definitivo,34,34,0,6.49969148635864,6.49969148635864,11.5501108169556,19.5347862243652,19.3280696868896,3.05454540252686,6.04363632202148,5,10,0.869565188884735,0.876811623573303,1,1,64,1.04999995231628,35.6999983787537
11,2017-11-11,23080760,2,Definitivo,SAN ROQUE [23080760],Pluviométrica,Convencional,Activa,Antioquia,San Roque,6.4875,-75.017,820,5/15/1975,,Monchia,Magdalena Cauca,Medio Magdalena,Río Nare,2017,11,Andes,Definitivo,2,2,0,27.3439788818359,27.3439788818359,0,8.27397155761719,7.56757020950317,3.05454540252686,6.04363632202148,5,10,0.869565188884735,0.876811623573303,1,1,63,1.04999995231628,2.09999990463257
11,2012-11-08,23080760,0,Definitivo,SAN ROQUE [23080760],Pluviométrica,Convencional,Activa,Antioquia,San Roque,6.4875,-75.017,820,5/15/1975,,Monchia,Magdalena Cauca,Medio Magdalena,Río Nare,2012,08,Andes,Definitivo,0,0,0,4.95874500274658,4.95874500274658,0,6.4389967918396,0,3.05454540252686,6.04363632202148,5,10,0.869565188884735,0.876811623573303,1,1,62,1.04999995231628,0
11,2015-11-07,23080760,48,Definitivo,SAN ROQUE [23080760],Pluviométrica,Convencional,Activa,Antioquia,San Roque,6.4875,-75.017,820,5/15/1975,,Monchia,Magdalena Cauca,Medio Magdalena,Río Nare,2015,07,Andes,Definitivo,48,48,0,10.121054649353,10.121054649353,0,28.1767024993897,14.3589200973511,3.05454540252686,6.04363632202148,5,10,0.869565188884735,0.876811623573303,1,1,62,1.04999995231628,50.3999977111817
11,2015-11-08,23080760,,"",SAN ROQUE [23080760],Pluviométrica,Convencional,Activa,Antioquia,San Roque,6.4875,-75.017,820,5/15/1975,,Monchia,Magdalena Cauca,Medio Magdalena,Río Nare,2015,08,Andes,Preliminar,0,0,0,6.54818868637085,6.54818868637085,17.6555252075195,14.7235059738159,24.0149955749512,3.05454540252686,6.04363632202148,5,10,0.869565188884735,0.876811623573303,1,1,62,1.04999995231628,0
11,2014-11-12,23080760,21,Definitivo,SAN ROQUE [23080760],Pluviométrica,Convencional,Activa,Antioquia,San Roque,6.4875,-75.017,820,5/15/1975,,Monchia,Magdalena Cauca,Medio Magdalena,Río Nare,2014,12,Andes,Definitivo,21,21,0,14.7122077941895,14.7122077941895,9.97977256774902,22.5892009735107,5.14992141723633,3.05454540252686,6.04363632202148,5,10,0.869565188884735,0.876811623573303,1,1,63,1.04999995231628,22.049998998642
11,2014-11-13,23080760,7,Definitivo,SAN ROQUE [23080760],Pluviométrica,Convencional,Activa,Antioquia,San Roque,6.4875,-75.017,820,5/15/1975,,Monchia,Magdalena Cauca,Medio Magdalena,Río Nare,2014,13,Andes,Definitivo,7,7,0,9.47941303253174,9.47941303253174,0,11.7535467147827,19.4558620452881,3.05454540252686,6.04363632202148,5,10,0.869565188884735,0.876811623573303,1,1,63,1.04999995231628,7.34999966621399
11,2017-11-02,23080760,3,Definitivo,SAN ROQUE [23080760],Pluviométrica,Convencional,Activa,Antioquia,San Roque,6.4875,-75.017,820,5/15/1975,,Monchia,Magdalena Cauca,Medio Magdalena,Río Nare,2017,02,Andes,Definitivo,3,3,0,9.0626049041748,9.0626049041748,0,3.80367207527161,0.347906351089478,3.05454540252686,6.04363632202148,5,10,0.869565188884735,0.876811623573303,1,1,61,1.04999995231628,3.14999985694885
11,2001-11-21,23080760,0.5,Definitivo,SAN ROQUE [23080760],Pluviométrica,Convencional,Activa,Antioquia,San Roque,6.4875,-75.017,820,5/15/1975,,Monchia,Magdalena Cauca,Medio Magdalena,Río Nare,2001,21,Andes,Definitivo,0.5,0.5,0,14.2439451217651,14.2439451217651,7.60416173934937,13.0733957290649,9.95707225799561,3.05454540252686,6.04363632202148,5,10,0.869565188884735,0.876811623573303,1,1,65,1.04999995231628,0.524999976158142
11,2001-11-20,23080760,10,Definitivo,SAN ROQUE [23080760],Pluviométrica,Convencional,Activa,Antioquia,San Roque,6.4875,-75.017,820,5/15/1975,,Monchia,Magdalena Cauca,Medio Magdalena,Río Nare,2001,20,Andes,Definitivo,10,10,0,17.5507507324219,17.5507507324219,26.7366390228272,22.0456981658936,12.9545631408691,3.05454540252686,6.04363632202148,5,10,0.869565188884735,0.876811623573303,1,1,64,1.04999995231628,10.4999995231628
11,2014-11-16,23080760,,"",SAN ROQUE [23080760],Pluviométrica,Convencional,Activa,Antioquia,San Roque,6.4875,-75.017,820,5/15/1975,,Monchia,Magdalena Cauca,Medio Magdalena,Río Nare,2014,16,Andes,Preliminar,0,0,0,2.23040866851807,2.23040866851807,0,1.21959841251373,0.286437809467316,3.05454540252686,6.04363632202148,5,10,0.869565188884735,0.876811623573303,1,1,64,1.04999995231628,0
11,2014-11-17,23080760,0,Definitivo,SAN ROQUE [23080760],Pluviométrica,Convencional,Activa,Antioquia,San Roque,6.4875,-75.017,820,5/15/1975,,Monchia,Magdalena Cauca,Medio Magdalena,Río Nare,2014,17,Andes,Definitivo,0,0,0,0.438880503177643,0.438880503177643,0,0.192782804369926,0,3.05454540252686,6.04363632202148,5,10,0.869565188884735,0.876811623573303,1,1,64,1.04999995231628,0
11,2015-11-15,23080760,0,Definitivo,SAN ROQUE [23080760],Pluviométrica,Convencional,Activa,Antioquia,San Roque,6.4875,-75.017,820,5/15/1975,,Monchia,Magdalena Cauca,Medio Magdalena,Río Nare,2015,15,Andes,Definitivo,0,0,0,11.7238426208496,11.7238426208496,9.94039630889893,7.7118067741394,11.9341888427734,3.05454540252686,6.04363632202148,5,10,0.869565188884735,0.876811623573303,1,1,63,1.04999995231628,0
11,2006-11-04,23080760,0,Definitivo,SAN ROQUE [23080760],Pluviométrica,Convencional,Activa,Antioquia,San Roque,6.4875,-75.017,820,5/15/1975,,Monchia,Magdalena Cauca,Medio Magdalena,Río Nare,2006,04,Andes,Definitivo,0,0,0,2.19802069664001,2.19802069664001,0,1.33032214641571,0,3.05454540252686,6.04363632202148,5,10,0.869565188884735,0.876811623573303,1,1,61,1.04999995231628,0
11,2006-11-05,23080760,6,Definitivo,SAN ROQUE [23080760],Pluviométrica,Convencional,Activa,Antioquia,San Roque,6.4875,-75.017,820,5/15/1975,,Monchia,Magdalena Cauca,Medio Magdalena,Río Nare,2006,05,Andes,Definitivo,6,6,0,3.60080218315125,3.60080218315125,0,2.70219492912293,7.30597257614136,3.05454540252686,6.04363632202148,5,10,0.869565188884735,0.876811623573303,1,1,61,1.04999995231628,6.29999971389771
11,2018-11-09,23080760,2,Definitivo,SAN ROQUE [23080760],Pluviométrica,Convencional,Activa,Antioquia,San Roque,6.4875,-75.017,820,5/15/1975,,Monchia,Magdalena Cauca,Medio Magdalena,Río Nare,2018,09,Andes,Definitivo,2,2,0,6.65083646774292,6.65083646774292,32.5392150878906,30.4844226837158,52.2384071350098,3.05454540252686,6.04363632202148,5,10,0.869565188884735,0.876811623573303,1,1,62,1.04999995231628,2.09999990463257
11,2019-11-07,23080760,0,Definitivo,SAN ROQUE [23080760],Pluviométrica,Convencional,Activa,Antioquia,San Roque,6.4875,-75.017,820,5/15/1975,,Monchia,Magdalena Cauca,Medio Magdalena,Río Nare,2019,07,Andes,Definitivo,0,0,0,5.82140684127808,5.82140684127808,4.57339477539063,1.99704790115356,2.19138717651367,3.05454540252686,6.04363632202148,5,10,0.869565188884735,0.876811623573303,1,1,62,1.04999995231628,0
11,2020-11-04,23080760,0,Definitivo,SAN ROQUE [23080760],Pluviométrica,Convencional,Activa,Antioquia,San Roque,6.4875,-75.017,820,5/15/1975,,Monchia,Magdalena Cauca,Medio Magdalena,Río Nare,2020,04,Andes,Definitivo,0,0,0,2.21569442749023,2.21569442749023,0,3.66745734214783,1.25980710983276,3.05454540252686,6.04363632202148,5,10,0.869565188884735,0.876811623573303,1,1,61,1.04999995231628,0
11,2021-11-02,23080760,44,Definitivo,SAN ROQUE [23080760],Pluviométrica,Convencional,Activa,Antioquia,San Roque,6.4875,-75.017,820,5/15/1975,,Monchia,Magdalena Cauca,Medio Magdalena,Río Nare,2021,02,Andes,Definitivo,44,44,0,5.55081176757813,5.55081176757813,0,14.707293510437,13.0791816711426,3.05454540252686,6.04363632202148,5,10,0.869565188884735,0.876811623573303,1,1,61,1.04999995231628,46.1999979019165
11,2019-11-03,23080760,9,Definitivo,SAN ROQUE [23080760],Pluviométrica,Convencional,Activa,Antioquia,San Roque,6.4875,-75.017,820,5/15/1975,,Monchia,Magdalena Cauca,Medio Magdalena,Río Nare,2019,03,Andes,Definitivo,9,9,0,17.4171352386475,17.4171352386475,0,14.605414390564,11.5552158355713,3.05454540252686,6.04363632202148,5,10,0.869565188884735,0.876811623573303,1,1,61,1.04999995231628,9.44999957084656
11,2001-11-22,23080760,0,Definitivo,SAN ROQUE [23080760],Pluviométrica,Convencional,Activa,Antioquia,San Roque,6.4875,-75.017,820,5/15/1975,,Monchia,Magdalena Cauca,Medio Magdalena,Río Nare,2001,22,Andes,Definitivo,0,0,0,0.838715314865112,0.838715314865112,0,3.40443754196167,7.91412878036499,3.05454540252686,6.04363632202148,5,10,0.869565188884735,0.876811623573303,1,1,65,1.04999995231628,0
11,2016-11-06,23080760,19,Definitivo,SAN ROQUE [23080760],Pluviométrica,Convencional,Activa,Antioquia,San Roque,6.4875,-75.017,820,5/15/1975,,Monchia,Magdalena Cauca,Medio Magdalena,Río Nare,2016,06,Andes,Definitivo,19,19,0,1.43527293205261,1.43527293205261,0,8.02617168426514,3.82141470909119,3.05454540252686,6.04363632202148,5,10,0.869565188884735,0.876811623573303,1,1,62,1.04999995231628,19.9499990940094
11,2016-11-07,23080760,4,Definitivo,SAN ROQUE [23080760],Pluviométrica,Convencional,Activa,Antioquia,San Roque,6.4875,-75.017,820,5/15/1975,,Monchia,Magdalena Cauca,Medio Magdalena,Río Nare,2016,07,Andes,Definitivo,4,4,0,6.4078221321106,6.4078221321106,20.5670890808105,22.1711311340332,32.9738922119141,3.05454540252686,6.04363632202148,5,10,0.869565188884735,0.876811623573303,1,1,62,1.04999995231628,4.19999980926514
11,2001-11-18,23080760,,"",SAN ROQUE [23080760],Pluviométrica,Convencional,Activa,Antioquia,San Roque,6.4875,-75.017,820,5/15/1975,,Monchia,Magdalena Cauca,Medio Magdalena,Río Nare,2001,18,Andes,Preliminar,0,0,0,10.8140993118286,10.8140993118286,17.8244247436523,14.311206817627,39.6187896728516,3.05454540252686,6.04363632202148,5,10,0.869565188884735,0.876811623573303,1,1,64,1.04999995231628,0
11,2003-11-13,23080760,0,Definitivo,SAN ROQUE [23080760],Pluviométrica,Convencional,Activa,Antioquia,San Roque,6.4875,-75.017,820,5/15/1975,,Monchia,Magdalena Cauca,Medio Magdalena,Río Nare,2003,13,Andes,Definitivo,0,0,0,9.63699531555176,9.63699531555176,0,6.25662469863892,1.3532806634903,3.05454540252686,6.04363632202148,5,10,0.869565188884735,0.876811623573303,1,1,63,1.04999995231628,0
11,2003-11-10,23080760,33,Definitivo,SAN ROQUE [23080760],Pluviométrica,Convencional,Activa,Antioquia,San Roque,6.4875,-75.017,820,5/15/1975,,Monchia,Magdalena Cauca,Medio Magdalena,Río Nare,2003,10,Andes,Definitivo,33,33,0,6.65772533416748,6.65772533416748,6.41044855117798,14.1914625167847,1.82693696022034,3.05454540252686,6.04363632202148,5,10,0.869565188884735,0.876811623573303,1,1,62,1.04999995231628,34.6499984264374
11,2016-11-12,23080760,0,Definitivo,SAN ROQUE [23080760],Pluviométrica,Convencional,Activa,Antioquia,San Roque,6.4875,-75.017,820,5/15/1975,,Monchia,Magdalena Cauca,Medio Magdalena,Río Nare,2016,12,Andes,Definitivo,0,0,0,2.63693499565125,2.63693499565125,0,3.34965586662293,1.89782822132111,3.05454540252686,6.04363632202148,5,10,0.869565188884735,0.876811623573303,1,1,63,1.04999995231628,0
11,2016-11-13,23080760,2,Definitivo,SAN ROQUE [23080760],Pluviométrica,Convencional,Activa,Antioquia,San Roque,6.4875,-75.017,820,5/15/1975,,Monchia,Magdalena Cauca,Medio Magdalena,Río Nare,2016,13,Andes,Definitivo,2,2,0,11.8774547576904,11.8774547576904,0,10.919075012207,0.470763117074966,3.05454540252686,6.04363632202148,5,10,0.869565188884735,0.876811623573303,1,1,63,1.04999995231628,2.09999990463257
11,2008-11-06,23080760,13,Definitivo,SAN ROQUE [23080760],Pluviométrica,Convencional,Activa,Antioquia,San Roque,6.4875,-75.017,820,5/15/1975,,Monchia,Magdalena Cauca,Medio Magdalena,Río Nare,2008,06,Andes,Definitivo,13,13,0,0.623026013374329,0.623026013374329,0,5.37646341323853,9.83706378936768,3.05454540252686,6.04363632202148,5,10,0.869565188884735,0.876811623573303,1,1,62,1.04999995231628,13.6499993801117
11,2010-11-08,23080760,13,Definitivo,SAN ROQUE [23080760],Pluviométrica,Convencional,Activa,Antioquia,San Roque,6.4875,-75.017,820,5/15/1975,,Monchia,Magdalena Cauca,Medio Magdalena,Río Nare,2010,08,Andes,Definitivo,13,13,0,17.1505088806152,17.1505088806152,0,19.8972835540772,23.2787952423096,3.05454540252686,6.04363632202148,5,10,0.869565188884735,0.876811623573303,1,1,62,1.04999995231628,13.6499993801117
11,2013-11-06,23080760,58,Definitivo,SAN ROQUE [23080760],Pluviométrica,Convencional,Activa,Antioquia,San Roque,6.4875,-75.017,820,5/15/1975,,Monchia,Magdalena Cauca,Medio Magdalena,Río Nare,2013,06,Andes,Definitivo,58,58,0,17.7702789306641,17.7702789306641,13.2473220825195,13.724925994873,36.5866966247559,3.05454540252686,6.04363632202148,5,10,0.869565188884735,0.876811623573303,1,1,62,1.04999995231628,60.8999972343445
11,2001-11-23,23080760,,"",SAN ROQUE [23080760],Pluviométrica,Convencional,Activa,Antioquia,San Roque,6.4875,-75.017,820,5/15/1975,,Monchia,Magdalena Cauca,Medio Magdalena,Río Nare,2001,23,Andes,Preliminar,0,0,0,2.54457688331604,2.54457688331604,0,3.02641010284424,0,3.05454540252686,6.04363632202148,5,10,0.869565188884735,0.876811623573303,1,1,65,1.04999995231628,0
11,2002-11-21,23080760,0,Definitivo,SAN ROQUE [23080760],Pluviométrica,Convencional,Activa,Antioquia,San Roque,6.4875,-75.017,820,5/15/1975,,Monchia,Magdalena Cauca,Medio Magdalena,Río Nare,2002,21,Andes,Definitivo,0,0,0,2.78823375701904,2.78823375701904,0,3.10509204864502,2.75601768493652,3.05454540252686,6.04363632202148,5,10,0.869565188884735,0.876811623573303,1,1,65,1.04999995231628,0
11,2013-11-08,23080760,0,Definitivo,SAN ROQUE [23080760],Pluviométrica,Convencional,Activa,Antioquia,San Roque,6.4875,-75.017,820,5/15/1975,,Monchia,Magdalena Cauca,Medio Magdalena,Río Nare,2013,08,Andes,Definitivo,0,0,0,1.73123943805695,1.73123943805695,13.2473220825195,42.1852416992188,38.4597892761231,3.05454540252686,6.04363632202148,5,10,0.869565188884735,0.876811623573303,1,1,62,1.04999995231628,0
11,2011-11-08,23080760,7,Definitivo,SAN ROQUE [23080760],Pluviométrica,Convencional,Activa,Antioquia,San Roque,6.4875,-75.017,820,5/15/1975,,Monchia,Magdalena Cauca,Medio Magdalena,Río Nare,2011,08,Andes,Definitivo,7,7,0,21.6440906524658,21.6440906524658,15.840518951416,19.9289722442627,17.2244873046875,3.05454540252686,6.04363632202148,5,10,0.869565188884735,0.876811623573303,1,1,62,1.04999995231628,7.34999966621399
11,2011-11-09,23080760,10,Definitivo,SAN ROQUE [23080760],Pluviométrica,Convencional,Activa,Antioquia,San Roque,6.4875,-75.017,820,5/15/1975,,Monchia,Magdalena Cauca,Medio Magdalena,Río Nare,2011,09,Andes,Definitivo,10,10,0,3.51915049552918,3.51915049552918,15.840518951416,27.3685436248779,33.557071685791,3.05454540252686,6.04363632202148,5,10,0.869565188884735,0.876811623573303,1,1,62,1.04999995231628,10.4999995231628
11,2016-11-08,23080760,1,Definitivo,SAN ROQUE [23080760],Pluviométrica,Convencional,Activa,Antioquia,San Roque,6.4875,-75.017,820,5/15/1975,,Monchia,Magdalena Cauca,Medio Magdalena,Río Nare,2016,08,Andes,Definitivo,1,1,0,8.50186061859131,8.50186061859131,0,8.49584197998047,0.816874563694,3.05454540252686,6.04363632202148,5,10,0.869565188884735,0.876811623573303,1,1,62,1.04999995231628,1.04999995231628
11,2015-11-13,23080760,,"",SAN ROQUE [23080760],Pluviométrica,Convencional,Activa,Antioquia,San Roque,6.4875,-75.017,820,5/15/1975,,Monchia,Magdalena Cauca,Medio Magdalena,Río Nare,2015,13,Andes,Preliminar,0,0,0,18.3359527587891,18.3359527587891,0,16.0256404876709,0.21450012922287,3.05454540252686,6.04363632202148,5,10,0.869565188884735,0.876811623573303,1,1,63,1.04999995231628,0
11,2015-11-14,23080760,19,Definitivo,SAN ROQUE [23080760],Pluviométrica,Convencional,Activa,Antioquia,San Roque,6.4875,-75.017,820,5/15/1975,,Monchia,Magdalena Cauca,Medio Magdalena,Río Nare,2015,14,Andes,Definitivo,19,19,0,5.78563213348389,5.78563213348389,0,1.30820274353027,0,3.05454540252686,6.04363632202148,5,10,0.869565188884735,0.876811623573303,1,1,63,1.04999995231628,19.9499990940094
11,2003-11-08,23080760,0.5,Definitivo,SAN ROQUE [23080760],Pluviométrica,Convencional,Activa,Antioquia,San Roque,6.4875,-75.017,820,5/15/1975,,Monchia,Magdalena Cauca,Medio Magdalena,Río Nare,2003,08,Andes,Definitivo,0.5,0.5,0,14.3820333480835,14.3820333480835,6.41044855117798,16.8831920623779,7.83591079711914,3.05454540252686,6.04363632202148,5,10,0.869565188884735,0.876811623573303,1,1,62,1.04999995231628,0.524999976158142
11,2004-11-03,23080760,16,Definitivo,SAN ROQUE [23080760],Pluviométrica,Convencional,Activa,Antioquia,San Roque,6.4875,-75.017,820,5/15/1975,,Monchia,Magdalena Cauca,Medio Magdalena,Río Nare,2004,03,Andes,Definitivo,16,16,0,6.56101655960083,6.56101655960083,30.0749969482422,37.0710639953613,7.506432056427,3.05454540252686,6.04363632202148,5,10,0.869565188884735,0.876811623573303,1,1,61,1.04999995231628,16.7999992370605
11,2018-11-08,23080760,40,Definitivo,SAN ROQUE [23080760],Pluviométrica,Convencional,Activa,Antioquia,San Roque,6.4875,-75.017,820,5/15/1975,,Monchia,Magdalena Cauca,Medio Magdalena,Río Nare,2018,08,Andes,Definitivo,40,40,0,3.62507200241089,3.62507200241089,0,2.75772881507874,0.803092300891876,3.05454540252686,6.04363632202148,5,10,0.869565188884735,0.876811623573303,1,1,62,1.04999995231628,41.9999980926514
11,2019-11-06,23080760,3,Definitivo,SAN ROQUE [23080760],Pluviométrica,Convencional,Activa,Antioquia,San Roque,6.4875,-75.017,820,5/15/1975,,Monchia,Magdalena Cauca,Medio Magdalena,Río Nare,2019,06,Andes,Definitivo,3,3,0,6.43324565887451,6.43324565887451,4.57339477539063,8.04454898834229,5.20569849014282,3.05454540252686,6.04363632202148,5,10,0.869565188884735,0.876811623573303,1,1,62,1.04999995231628,3.14999985694885
11,2020-11-03,23080760,9,Definitivo,SAN ROQUE [23080760],Pluviométrica,Convencional,Activa,Antioquia,San Roque,6.4875,-75.017,820,5/15/1975,,Monchia,Magdalena Cauca,Medio Magdalena,Río Nare,2020,03,Andes,Definitivo,9,9,0,5.98242998123169,5.98242998123169,0,5.87382173538208,20.9031467437744,3.05454540252686,6.04363632202148,5,10,0.869565188884735,0.876811623573303,1,1,61,1.04999995231628,9.44999957084656
11,2013-11-07,23080760,59,Definitivo,SAN ROQUE [23080760],Pluviométrica,Convencional,Activa,Antioquia,San Roque,6.4875,-75.017,820,5/15/1975,,Monchia,Magdalena Cauca,Medio Magdalena,Río Nare,2013,07,Andes,Definitivo,59,59,0,17.898738861084,17.898738861084,26.4946441650391,36.1962890625,27.1725063323975,3.05454540252686,6.04363632202148,5,10,0.869565188884735,0.876811623573303,1,1,62,1.04999995231628,61.9499971866608
11,2015-11-09,23080760,15,Definitivo,SAN ROQUE [23080760],Pluviométrica,Convencional,Activa,Antioquia,San Roque,6.4875,-75.017,820,5/15/1975,,Monchia,Magdalena Cauca,Medio Magdalena,Río Nare,2015,09,Andes,Definitivo,15,15,0,1.78595447540283,1.78595447540283,0,7.76855182647705,0.355597138404846,3.05454540252686,6.04363632202148,5,10,0.869565188884735,0.876811623573303,1,1,62,1.04999995231628,15.7499992847443
11,2017-11-01,23080760,0,Definitivo,SAN ROQUE [23080760],Pluviométrica,Convencional,Activa,Antioquia,San Roque,6.4875,-75.017,820,5/15/1975,,Monchia,Magdalena Cauca,Medio Magdalena,Río Nare,2017,01,Andes,Definitivo,0,0,0,16.0162143707275,16.0162143707275,4.08196258544922,6.89356565475464,3.78593301773071,3.05454540252686,6.04363632202148,5,10,0.869565188884735,0.876811623573303,1,1,61,1.04999995231628,0
11,2007-11-06,23080760,10,Definitivo,SAN ROQUE [23080760],Pluviométrica,Convencional,Activa,Antioquia,San Roque,6.4875,-75.017,820,5/15/1975,,Monchia,Magdalena Cauca,Medio Magdalena,Río Nare,2007,06,Andes,Definitivo,10,10,0,8.12542247772217,8.12542247772217,12.6132345199585,4.79301691055298,8.99984359741211,3.05454540252686,6.04363632202148,5,10,0.869565188884735,0.876811623573303,1,1,62,1.04999995231628,10.4999995231628
11,2012-11-04,23080760,0,Definitivo,SAN ROQUE [23080760],Pluviométrica,Convencional,Activa,Antioquia,San Roque,6.4875,-75.017,820,5/15/1975,,Monchia,Magdalena Cauca,Medio Magdalena,Río Nare,2012,04,Andes,Definitivo,0,0,0,13.010648727417,13.010648727417,0,11.4127635955811,0.151404336094856,3.05454540252686,6.04363632202148,5,10,0.869565188884735,0.876811623573303,1,1,61,1.04999995231628,0
11,2014-11-07,23080760,12,Definitivo,SAN ROQUE [23080760],Pluviométrica,Convencional,Activa,Antioquia,San Roque,6.4875,-75.017,820,5/15/1975,,Monchia,Magdalena Cauca,Medio Magdalena,Río Nare,2014,07,Andes,Definitivo,12,12,0,13.8307409286499,13.8307409286499,16.7532501220703,6.0074348449707,29.4878349304199,3.05454540252686,6.04363632202148,5,10,0.869565188884735,0.876811623573303,1,1,62,1.04999995231628,12.5999994277954
11,2001-11-17,23080760,13,Definitivo,SAN ROQUE [23080760],Pluviométrica,Convencional,Activa,Antioquia,San Roque,6.4875,-75.017,820,5/15/1975,,Monchia,Magdalena Cauca,Medio Magdalena,Río Nare,2001,17,Andes,Definitivo,13,13,0,11.1053447723389,11.1053447723389,17.8244247436523,14.7642478942871,35.819953918457,3.05454540252686,6.04363632202148,5,10,0.869565188884735,0.876811623573303,1,1,64,1.04999995231628,13.6499993801117
11,2001-11-15,23080760,,"",SAN ROQUE [23080760],Pluviométrica,Convencional,Activa,Antioquia,San Roque,6.4875,-75.017,820,5/15/1975,,Monchia,Magdalena Cauca,Medio Magdalena,Río Nare,2001,15,Andes,Preliminar,0,0,0,3.04535150527954,3.04535150527954,0,18.036563873291,0.152164489030838,3.05454540252686,6.04363632202148,5,10,0.869565188884735,0.876811623573303,1,1,63,1.04999995231628,0
11,2016-11-11,23080760,9,Definitivo,SAN ROQUE [23080760],Pluviométrica,Convencional,Activa,Antioquia,San Roque,6.4875,-75.017,820,5/15/1975,,Monchia,Magdalena Cauca,Medio Magdalena,Río Nare,2016,11,Andes,Definitivo,9,9,0,15.1490869522095,15.1490869522095,31.0019378662109,8.21964263916016,25.5921020507813,3.05454540252686,6.04363632202148,5,10,0.869565188884735,0.876811623573303,1,1,63,1.04999995231628,9.44999957084656
11,2017-11-09,23080760,0,Definitivo,SAN ROQUE [23080760],Pluviométrica,Convencional,Activa,Antioquia,San Roque,6.4875,-75.017,820,5/15/1975,,Monchia,Magdalena Cauca,Medio Magdalena,Río Nare,2017,09,Andes,Definitivo,0,0,0,6.79953956604004,6.79953956604004,11.0766105651855,19.9301471710205,8.21916198730469,3.05454540252686,6.04363632202148,5,10,0.869565188884735,0.876811623573303,1,1,62,1.04999995231628,0
11,2004-11-04,23080760,,"",SAN ROQUE [23080760],Pluviométrica,Convencional,Activa,Antioquia,San Roque,6.4875,-75.017,820,5/15/1975,,Monchia,Magdalena Cauca,Medio Magdalena,Río Nare,2004,04,Andes,Preliminar,0,0,0,17.7092971801758,17.7092971801758,15.0374984741211,9.15286540985107,10.9594306945801,3.05454540252686,6.04363632202148,5,10,0.869565188884735,0.876811623573303,1,1,61,1.04999995231628,0
11,2006-11-06,23080760,15,Definitivo,SAN ROQUE [23080760],Pluviométrica,Convencional,Activa,Antioquia,San Roque,6.4875,-75.017,820,5/15/1975,,Monchia,Magdalena Cauca,Medio Magdalena,Río Nare,2006,06,Andes,Definitivo,15,15,0,7.72301530838013,7.72301530838013,0,8.32144260406494,11.2440795898438,3.05454540252686,6.04363632202148,5,10,0.869565188884735,0.876811623573303,1,1,62,1.04999995231628,15.7499992847443
11,2008-11-07,23080760,5,Definitivo,SAN ROQUE [23080760],Pluviométrica,Convencional,Activa,Antioquia,San Roque,6.4875,-75.017,820,5/15/1975,,Monchia,Magdalena Cauca,Medio Magdalena,Río Nare,2008,07,Andes,Definitivo,5,5,0,6.47254800796509,6.47254800796509,0,4.29190349578857,0.0517682358622551,3.05454540252686,6.04363632202148,5,10,0.869565188884735,0.876811623573303,1,1,62,1.04999995231628,5.24999976158142
11,2021-11-01,23080760,14,Definitivo,SAN ROQUE [23080760],Pluviométrica,Convencional,Activa,Antioquia,San Roque,6.4875,-75.017,820,5/15/1975,,Monchia,Magdalena Cauca,Medio Magdalena,Río Nare,2021,01,Andes,Definitivo,14,14,0,1.15340209007263,1.15340209007263,28.3048782348633,15.9926166534424,41.6581153869629,3.05454540252686,6.04363632202148,5,10,0.869565188884735,0.876811623573303,1,1,61,1.04999995231628,14.699999332428
11,2019-11-02,23080760,0,Definitivo,SAN ROQUE [23080760],Pluviométrica,Convencional,Activa,Antioquia,San Roque,6.4875,-75.017,820,5/15/1975,,Monchia,Magdalena Cauca,Medio Magdalena,Río Nare,2019,02,Andes,Definitivo,0,0,0,6.89567947387695,6.89567947387695,18.0856494903564,19.833215713501,27.2709980010986,3.05454540252686,6.04363632202148,5,10,0.869565188884735,0.876811623573303,1,1,61,1.04999995231628,0
11,2012-11-03,23080760,0,Definitivo,SAN ROQUE [23080760],Pluviométrica,Convencional,Activa,Antioquia,San Roque,6.4875,-75.017,820,5/15/1975,,Monchia,Magdalena Cauca,Medio Magdalena,Río Nare,2012,03,Andes,Definitivo,0,0,0,5.32008647918701,5.32008647918701,10.7073307037354,4.61735057830811,39.4134864807129,3.05454540252686,6.04363632202148,5,10,0.869565188884735,0.876811623573303,1,1,61,1.04999995231628,0
11,2005-11-04,23080760,0,Definitivo,SAN ROQUE [23080760],Pluviométrica,Convencional,Activa,Antioquia,San Roque,6.4875,-75.017,820,5/15/1975,,Monchia,Magdalena Cauca,Medio Magdalena,Río Nare,2005,04,Andes,Definitivo,0,0,0,2.46949338912964,2.46949338912964,23.4195232391357,22.4983196258545,19.3611965179443,3.05454540252686,6.04363632202148,5,10,0.869565188884735,0.876811623573303,1,1,61,1.04999995231628,0
11,2005-11-05,23080760,0,Definitivo,SAN ROQUE [23080760],Pluviométrica,Convencional,Activa,Antioquia,San Roque,6.4875,-75.017,820,5/15/1975,,Monchia,Magdalena Cauca,Medio Magdalena,Río Nare,2005,05,Andes,Definitivo,0,0,0,7.57190275192261,7.57190275192261,0,17.6952724456787,2.19623112678528,3.05454540252686,6.04363632202148,5,10,0.869565188884735,0.876811623573303,1,1,61,1.04999995231628,0
11,2012-11-05,23080760,0,Definitivo,SAN ROQUE [23080760],Pluviométrica,Convencional,Activa,Antioquia,San Roque,6.4875,-75.017,820,5/15/1975,,Monchia,Magdalena Cauca,Medio Magdalena,Río Nare,2012,05,Andes,Definitivo,0,0,0,9.00973987579346,9.00973987579346,21.4146614074707,11.1766691207886,2.93143796920776,3.05454540252686,6.04363632202148,5,10,0.869565188884735,0.876811623573303,1,1,61,1.04999995231628,0
11,2014-11-08,23080760,10,Definitivo,SAN ROQUE [23080760],Pluviométrica,Convencional,Activa,Antioquia,San Roque,6.4875,-75.017,820,5/15/1975,,Monchia,Magdalena Cauca,Medio Magdalena,Río Nare,2014,08,Andes,Definitivo,10,10,0,10.5706415176392,10.5706415176392,25.1298751831055,11.5150880813599,11.2645635604858,3.05454540252686,6.04363632202148,5,10,0.869565188884735,0.876811623573303,1,1,62,1.04999995231628,10.4999995231628
11,2016-11-09,23080760,0,Definitivo,SAN ROQUE [23080760],Pluviométrica,Convencional,Activa,Antioquia,San Roque,6.4875,-75.017,820,5/15/1975,,Monchia,Magdalena Cauca,Medio Magdalena,Río Nare,2016,09,Andes,Definitivo,0,0,0,18.8783550262451,18.8783550262451,5.14177227020264,9.578857421875,0.25285667181015,3.05454540252686,6.04363632202148,5,10,0.869565188884735,0.876811623573303,1,1,62,1.04999995231628,0
11,2001-11-13,23080760,8,Definitivo,SAN ROQUE [23080760],Pluviométrica,Convencional,Activa,Antioquia,San Roque,6.4875,-75.017,820,5/15/1975,,Monchia,Magdalena Cauca,Medio Magdalena,Río Nare,2001,13,Andes,Definitivo,8,8,0,18.690845489502,18.690845489502,0,32.7384986877441,4.21012210845947,3.05454540252686,6.04363632202148,5,10,0.869565188884735,0.876811623573303,1,1,63,1.04999995231628,8.39999961853027
11,2002-11-09,23080760,,"",SAN ROQUE [23080760],Pluviométrica,Convencional,Activa,Antioquia,San Roque,6.4875,-75.017,820,5/15/1975,,Monchia,Magdalena Cauca,Medio Magdalena,Río Nare,2002,09,Andes,Preliminar,0,0,0,0.389777004718781,0.389777004718781,0,11.5240468978882,0.620072543621063,3.05454540252686,6.04363632202148,5,10,0.869565188884735,0.876811623573303,1,1,62,1.04999995231628,0
11,2017-11-10,23080760,12,Definitivo,SAN ROQUE [23080760],Pluviométrica,Convencional,Activa,Antioquia,San Roque,6.4875,-75.017,820,5/15/1975,,Monchia,Magdalena Cauca,Medio Magdalena,Río Nare,2017,10,Andes,Definitivo,12,12,0,8.88692092895508,8.88692092895508,0,9.6931848526001,20.5014820098877,3.05454540252686,6.04363632202148,5,10,0.869565188884735,0.876811623573303,1,1,62,1.04999995231628,12.5999994277954
11,2019-11-05,23080760,4,Definitivo,SAN ROQUE [23080760],Pluviométrica,Convencional,Activa,Antioquia,San Roque,6.4875,-75.017,820,5/15/1975,,Monchia,Magdalena Cauca,Medio Magdalena,Río Nare,2019,05,Andes,Definitivo,4,4,0,4.22475814819336,4.22475814819336,9.04282474517822,8.86127281188965,18.5084247589111,3.05454540252686,6.04363632202148,5,10,0.869565188884735,0.876811623573303,1,1,61,1.04999995231628,4.19999980926514
11,2017-11-05,23080760,15,Definitivo,SAN ROQUE [23080760],Pluviométrica,Convencional,Activa,Antioquia,San Roque,6.4875,-75.017,820,5/15/1975,,Monchia,Magdalena Cauca,Medio Magdalena,Río Nare,2017,05,Andes,Definitivo,15,15,0,11.2606573104858,11.2606573104858,8.16392517089844,19.3111019134522,12.6538610458374,3.05454540252686,6.04363632202148,5,10,0.869565188884735,0.876811623573303,1,1,61,1.04999995231628,15.7499992847443
11,2008-11-08,23080760,10,Definitivo,SAN ROQUE [23080760],Pluviométrica,Convencional,Activa,Antioquia,San Roque,6.4875,-75.017,820,5/15/1975,,Monchia,Magdalena Cauca,Medio Magdalena,Río Nare,2008,08,Andes,Definitivo,10,10,0,2.87284231185913,2.87284231185913,0,6.40321826934815,11.4166717529297,3.05454540252686,6.04363632202148,5,10,0.869565188884735,0.876811623573303,1,1,62,1.04999995231628,10.4999995231628
11,2011-11-07,23080760,22,Definitivo,SAN ROQUE [23080760],Pluviométrica,Convencional,Activa,Antioquia,San Roque,6.4875,-75.017,820,5/15/1975,,Monchia,Magdalena Cauca,Medio Magdalena,Río Nare,2011,07,Andes,Definitivo,22,22,0,11.0068807601929,11.0068807601929,7.92025947570801,12.8250579833984,15.5051565170288,3.05454540252686,6.04363632202148,5,10,0.869565188884735,0.876811623573303,1,1,62,1.04999995231628,23.0999989509583
11,2014-11-03,23080760,,"",SAN ROQUE [23080760],Pluviométrica,Convencional,Activa,Antioquia,San Roque,6.4875,-75.017,820,5/15/1975,,Monchia,Magdalena Cauca,Medio Magdalena,Río Nare,2014,03,Andes,Preliminar,0,0,0,1.88535630702972,1.88535630702972,0,0.828221559524536,0,3.05454540252686,6.04363632202148,5,10,0.869565188884735,0.876811623573303,1,1,61,1.04999995231628,0
11,2003-11-03,23080760,0,Definitivo,SAN ROQUE [23080760],Pluviométrica,Convencional,Activa,Antioquia,San Roque,6.4875,-75.017,820,5/15/1975,,Monchia,Magdalena Cauca,Medio Magdalena,Río Nare,2003,03,Andes,Definitivo,0,0,0,22.2205410003662,22.2205410003662,32.2095489501953,13.0610256195068,27.4629821777344,3.05454540252686,6.04363632202148,5,10,0.869565188884735,0.876811623573303,1,1,61,1.04999995231628,0
11,2006-11-01,23080760,2,Definitivo,SAN ROQUE [23080760],Pluviométrica,Convencional,Activa,Antioquia,San Roque,6.4875,-75.017,820,5/15/1975,,Monchia,Magdalena Cauca,Medio Magdalena,Río Nare,2006,01,Andes,Definitivo,2,2,0,3.5365903377533,3.5365903377533,0,6.58482027053833,6.8042573928833,3.05454540252686,6.04363632202148,5,10,0.869565188884735,0.876811623573303,1,1,61,1.04999995231628,2.09999990463257
11,2010-11-04,23080760,3,Definitivo,SAN ROQUE [23080760],Pluviométrica,Convencional,Activa,Antioquia,San Roque,6.4875,-75.017,820,5/15/1975,,Monchia,Magdalena Cauca,Medio Magdalena,Río Nare,2010,04,Andes,Definitivo,3,3,0,17.9590759277344,17.9590759277344,25.6474552154541,14.96107006073,31.6817321777344,3.05454540252686,6.04363632202148,5,10,0.869565188884735,0.876811623573303,1,1,61,1.04999995231628,3.14999985694885
11,2015-11-04,23080760,35,Definitivo,SAN ROQUE [23080760],Pluviométrica,Convencional,Activa,Antioquia,San Roque,6.4875,-75.017,820,5/15/1975,,Monchia,Magdalena Cauca,Medio Magdalena,Río Nare,2015,04,Andes,Definitivo,35,35,0,11.8312721252441,11.8312721252441,0,15.8544864654541,17.2764205932617,3.05454540252686,6.04363632202148,5,10,0.869565188884735,0.876811623573303,1,1,61,1.04999995231628,36.7499983310699
11,2015-11-05,23080760,2,Definitivo,SAN ROQUE [23080760],Pluviométrica,Convencional,Activa,Antioquia,San Roque,6.4875,-75.017,820,5/15/1975,,Monchia,Magdalena Cauca,Medio Magdalena,Río Nare,2015,05,Andes,Definitivo,2,2,0,10.5890951156616,10.5890951156616,47.6826057434082,18.6647987365723,10.4347438812256,3.05454540252686,6.04363632202148,5,10,0.869565188884735,0.876811623573303,1,1,61,1.04999995231628,2.09999990463257
11,2016-11-10,23080760,3,Definitivo,SAN ROQUE [23080760],Pluviométrica,Convencional,Activa,Antioquia,San Roque,6.4875,-75.017,820,5/15/1975,,Monchia,Magdalena Cauca,Medio Magdalena,Río Nare,2016,10,Andes,Definitivo,3,3,0,29.5498867034912,29.5498867034912,20.5670890808105,10.1704053878784,20.5773639678955,3.05454540252686,6.04363632202148,5,10,0.869565188884735,0.876811623573303,1,1,62,1.04999995231628,3.14999985694885
11,2017-11-08,23080760,0,Definitivo,SAN ROQUE [23080760],Pluviométrica,Convencional,Activa,Antioquia,San Roque,6.4875,-75.017,820,5/15/1975,,Monchia,Magdalena Cauca,Medio Magdalena,Río Nare,2017,08,Andes,Definitivo,0,0,0,5.29862785339356,5.29862785339356,22.1532211303711,10.1571063995361,14.944052696228,3.05454540252686,6.04363632202148,5,10,0.869565188884735,0.876811623573303,1,1,62,1.04999995231628,0
11,2003-11-05,23080760,0,Definitivo,SAN ROQUE [23080760],Pluviométrica,Convencional,Activa,Antioquia,San Roque,6.4875,-75.017,820,5/15/1975,,Monchia,Magdalena Cauca,Medio Magdalena,Río Nare,2003,05,Andes,Definitivo,0,0,0,2.77380704879761,2.77380704879761,0,0.93955409526825,0.689900815486908,3.05454540252686,6.04363632202148,5,10,0.869565188884735,0.876811623573303,1,1,61,1.04999995231628,0
11,2002-11-04,23080760,27,Definitivo,SAN ROQUE [23080760],Pluviométrica,Convencional,Activa,Antioquia,San Roque,6.4875,-75.017,820,5/15/1975,,Monchia,Magdalena Cauca,Medio Magdalena,Río Nare,2002,04,Andes,Definitivo,27,27,0,18.5430202484131,18.5430202484131,0,5.57651710510254,6.80416393280029,3.05454540252686,6.04363632202148,5,10,0.869565188884735,0.876811623573303,1,1,61,1.04999995231628,28.3499987125397
11,2004-11-05,23080760,45,Definitivo,SAN ROQUE [23080760],Pluviométrica,Convencional,Activa,Antioquia,San Roque,6.4875,-75.017,820,5/15/1975,,Monchia,Magdalena Cauca,Medio Magdalena,Río Nare,2004,05,Andes,Definitivo,45,45,0,41.5167999267578,41.5167999267578,0,25.5665664672852,9.03318691253662,3.05454540252686,6.04363632202148,5,10,0.869565188884735,0.876811623573303,1,1,61,1.04999995231628,47.2499978542328
11,2018-11-03,23080760,22,Definitivo,SAN ROQUE [23080760],Pluviométrica,Convencional,Activa,Antioquia,San Roque,6.4875,-75.017,820,5/15/1975,,Monchia,Magdalena Cauca,Medio Magdalena,Río Nare,2018,03,Andes,Definitivo,22,22,0,7.27624940872192,7.27624940872192,21.4562721252441,6.06247854232788,11.3388748168945,3.05454540252686,6.04363632202148,5,10,0.869565188884735,0.876811623573303,1,1,61,1.04999995231628,23.0999989509583
11,2019-11-01,23080760,34,Definitivo,SAN ROQUE [23080760],Pluviométrica,Convencional,Activa,Antioquia,San Roque,6.4875,-75.017,820,5/15/1975,,Monchia,Magdalena Cauca,Medio Magdalena,Río Nare,2019,01,Andes,Definitivo,34,34,0,2.26680445671082,2.26680445671082,9.04282474517822,10.773365020752,1.63084876537323,3.05454540252686,6.04363632202148,5,10,0.869565188884735,0.876811623573303,1,1,61,1.04999995231628,35.6999983787537
11,2007-11-05,23080760,5,Definitivo,SAN ROQUE [23080760],Pluviométrica,Convencional,Activa,Antioquia,San Roque,6.4875,-75.017,820,5/15/1975,,Monchia,Magdalena Cauca,Medio Magdalena,Río Nare,2007,05,Andes,Definitivo,5,5,0,2.7926607131958,2.7926607131958,0,3.63334178924561,0.0535650886595249,3.05454540252686,6.04363632202148,5,10,0.869565188884735,0.876811623573303,1,1,61,1.04999995231628,5.24999976158142
11,2003-11-04,23080760,0,Definitivo,SAN ROQUE [23080760],Pluviométrica,Convencional,Activa,Antioquia,San Roque,6.4875,-75.017,820,5/15/1975,,Monchia,Magdalena Cauca,Medio Magdalena,Río Nare,2003,04,Andes,Definitivo,0,0,0,4.01329565048218,4.01329565048218,0,3.29011392593384,2.95459914207459,3.05454540252686,6.04363632202148,5,10,0.869565188884735,0.876811623573303,1,1,61,1.04999995231628,0
11,2001-11-02,23080760,14,Definitivo,SAN ROQUE [23080760],Pluviométrica,Convencional,Activa,Antioquia,San Roque,6.4875,-75.017,820,5/15/1975,,Monchia,Magdalena Cauca,Medio Magdalena,Río Nare,2001,02,Andes,Definitivo,14,14,0,13.5579900741577,13.5579900741577,20.5524635314941,16.4211616516113,16.4215431213379,3.05454540252686,6.04363632202148,5,10,0.869565188884735,0.876811623573303,1,1,61,1.04999995231628,14.699999332428
11,2006-11-02,23080760,,"",SAN ROQUE [23080760],Pluviométrica,Convencional,Activa,Antioquia,San Roque,6.4875,-75.017,820,5/15/1975,,Monchia,Magdalena Cauca,Medio Magdalena,Río Nare,2006,02,Andes,Preliminar,0,0,0,2.52401900291443,2.52401900291443,0,3.07330942153931,1.17379176616669,3.05454540252686,6.04363632202148,5,10,0.869565188884735,0.876811623573303,1,1,61,1.04999995231628,0
11,2010-11-05,23080760,12,Definitivo,SAN ROQUE [23080760],Pluviométrica,Convencional,Activa,Antioquia,San Roque,6.4875,-75.017,820,5/15/1975,,Monchia,Magdalena Cauca,Medio Magdalena,Río Nare,2010,05,Andes,Definitivo,12,12,0,8.75662994384766,8.75662994384766,8.54914951324463,12.7901563644409,15.0355834960938,3.05454540252686,6.04363632202148,5,10,0.869565188884735,0.876811623573303,1,1,61,1.04999995231628,12.5999994277954
11,2010-11-06,23080760,2,Definitivo,SAN ROQUE [23080760],Pluviométrica,Convencional,Activa,Antioquia,San Roque,6.4875,-75.017,820,5/15/1975,,Monchia,Magdalena Cauca,Medio Magdalena,Río Nare,2010,06,Andes,Definitivo,2,2,0,8.75275421142578,8.75275421142578,18.6555137634277,29.1030712127686,30.8260879516602,3.05454540252686,6.04363632202148,5,10,0.869565188884735,0.876811623573303,1,1,62,1.04999995231628,2.09999990463257
11,2003-11-15,23080760,0,Definitivo,SAN ROQUE [23080760],Pluviométrica,Convencional,Activa,Antioquia,San Roque,6.4875,-75.017,820,5/15/1975,,Monchia,Magdalena Cauca,Medio Magdalena,Río Nare,2003,15,Andes,Definitivo,0,0,0,7.72110795974731,7.72110795974731,9.39965152740479,6.71017122268677,8.64766502380371,3.05454540252686,6.04363632202148,5,10,0.869565188884735,0.876811623573303,1,1,63,1.04999995231628,0
11,2003-11-12,23080760,0,Definitivo,SAN ROQUE [23080760],Pluviométrica,Convencional,Activa,Antioquia,San Roque,6.4875,-75.017,820,5/15/1975,,Monchia,Magdalena Cauca,Medio Magdalena,Río Nare,2003,12,Andes,Definitivo,0,0,0,14.4226036071777,14.4226036071777,0,16.3327789306641,0.519519925117493,3.05454540252686,6.04363632202148,5,10,0.869565188884735,0.876811623573303,1,1,63,1.04999995231628,0
11,2018-11-06,23080760,30,Definitivo,SAN ROQUE [23080760],Pluviométrica,Convencional,Activa,Antioquia,San Roque,6.4875,-75.017,820,5/15/1975,,Monchia,Magdalena Cauca,Medio Magdalena,Río Nare,2018,06,Andes,Definitivo,30,30,0,5.2175407409668,5.2175407409668,16.2696075439453,26.9537906646729,26.3032836914063,3.05454540252686,6.04363632202148,5,10,0.869565188884735,0.876811623573303,1,1,62,1.04999995231628,31.4999985694885
11,2018-11-07,23080760,32,Definitivo,SAN ROQUE [23080760],Pluviométrica,Convencional,Activa,Antioquia,San Roque,6.4875,-75.017,820,5/15/1975,,Monchia,Magdalena Cauca,Medio Magdalena,Río Nare,2018,07,Andes,Definitivo,32,32,0,10.0747003555298,10.0747003555298,0,7.69193506240845,6.83594751358032,3.05454540252686,6.04363632202148,5,10,0.869565188884735,0.876811623573303,1,1,62,1.04999995231628,33.5999984741211
11,2017-11-04,23080760,0,Definitivo,SAN ROQUE [23080760],Pluviométrica,Convencional,Activa,Antioquia,San Roque,6.4875,-75.017,820,5/15/1975,,Monchia,Magdalena Cauca,Medio Magdalena,Río Nare,2017,04,Andes,Definitivo,0,0,0,25.7370719909668,25.7370719909668,20.4098129272461,15.2055931091309,29.8902492523193,3.05454540252686,6.04363632202148,5,10,0.869565188884735,0.876811623573303,1,1,61,1.04999995231628,0
11,2009-11-04,23080760,0,Definitivo,SAN ROQUE [23080760],Pluviométrica,Convencional,Activa,Antioquia,San Roque,6.4875,-75.017,820,5/15/1975,,Monchia,Magdalena Cauca,Medio Magdalena,Río Nare,2009,04,Andes,Definitivo,0,0,0,5.1513090133667,5.1513090133667,0,6.17017507553101,0.470892429351807,3.05454540252686,6.04363632202148,5,10,0.869565188884735,0.876811623573303,1,1,61,1.04999995231628,0
11,2009-11-05,23080760,12,Definitivo,SAN ROQUE [23080760],Pluviométrica,Convencional,Activa,Antioquia,San Roque,6.4875,-75.017,820,5/15/1975,,Monchia,Magdalena Cauca,Medio Magdalena,Río Nare,2009,05,Andes,Definitivo,12,12,0,11.4696474075317,11.4696474075317,38.5721817016602,7.39642953872681,20.088098526001,3.05454540252686,6.04363632202148,5,10,0.869565188884735,0.876811623573303,1,1,61,1.04999995231628,12.5999994277954
11,2014-11-02,23080760,6,Definitivo,SAN ROQUE [23080760],Pluviométrica,Convencional,Activa,Antioquia,San Roque,6.4875,-75.017,820,5/15/1975,,Monchia,Magdalena Cauca,Medio Magdalena,Río Nare,2014,02,Andes,Definitivo,6,6,0,3.71775984764099,3.71775984764099,6.48343563079834,5.09791040420532,4.89892244338989,3.05454540252686,6.04363632202148,5,10,0.869565188884735,0.876811623573303,1,1,61,1.04999995231628,6.29999971389771
11,2011-11-02,23080760,0,Definitivo,SAN ROQUE [23080760],Pluviométrica,Convencional,Activa,Antioquia,San Roque,6.4875,-75.017,820,5/15/1975,,Monchia,Magdalena Cauca,Medio Magdalena,Río Nare,2011,02,Andes,Definitivo,0,0,0,2.29338932037354,2.29338932037354,0,7.11473941802979,0,3.05454540252686,6.04363632202148,5,10,0.869565188884735,0.876811623573303,1,1,61,1.04999995231628,0
11,2017-11-06,23080760,0,Definitivo,SAN ROQUE [23080760],Pluviométrica,Convencional,Activa,Antioquia,San Roque,6.4875,-75.017,820,5/15/1975,,Monchia,Magdalena Cauca,Medio Magdalena,Río Nare,2017,06,Andes,Definitivo,0,0,0,3.51377844810486,3.51377844810486,0,1.78874719142914,1.0381795167923,3.05454540252686,6.04363632202148,5,10,0.869565188884735,0.876811623573303,1,1,62,1.04999995231628,0
11,2001-11-03,23080760,,"",SAN ROQUE [23080760],Pluviométrica,Convencional,Activa,Antioquia,San Roque,6.4875,-75.017,820,5/15/1975,,Monchia,Magdalena Cauca,Medio Magdalena,Río Nare,2001,03,Andes,Preliminar,0,0,0,0.647563278675079,0.647563278675079,0,10.3333578109741,0.977794468402863,3.05454540252686,6.04363632202148,5,10,0.869565188884735,0.876811623573303,1,1,61,1.04999995231628,0
11,2008-11-03,23080760,125,Definitivo,SAN ROQUE [23080760],Pluviométrica,Convencional,Activa,Antioquia,San Roque,6.4875,-75.017,820,5/15/1975,,Monchia,Magdalena Cauca,Medio Magdalena,Río Nare,2008,03,Andes,Definitivo,125,125,0,29.5742073059082,29.5742073059082,23.2803173065186,59.1182060241699,41.3208045959473,3.05454540252686,6.04363632202148,5,10,0.869565188884735,0.876811623573303,1,1,61,1.04999995231628,131.249994039536
11,2008-11-04,23080760,15,Definitivo,SAN ROQUE [23080760],Pluviométrica,Convencional,Activa,Antioquia,San Roque,6.4875,-75.017,820,5/15/1975,,Monchia,Magdalena Cauca,Medio Magdalena,Río Nare,2008,04,Andes,Definitivo,15,15,0,13.047890663147,13.047890663147,46.5606346130371,27.45534324646,37.9981155395508,3.05454540252686,6.04363632202148,5,10,0.869565188884735,0.876811623573303,1,1,61,1.04999995231628,15.7499992847443
11,2001-11-05,23080760,2,Definitivo,SAN ROQUE [23080760],Pluviométrica,Convencional,Activa,Antioquia,San Roque,6.4875,-75.017,820,5/15/1975,,Monchia,Magdalena Cauca,Medio Magdalena,Río Nare,2001,05,Andes,Definitivo,2,2,0,1.63349270820618,1.63349270820618,0,1.26808261871338,0.0869495570659638,3.05454540252686,6.04363632202148,5,10,0.869565188884735,0.876811623573303,1,1,61,1.04999995231628,2.09999990463257
11,2017-11-07,23080760,2,Definitivo,SAN ROQUE [23080760],Pluviométrica,Convencional,Activa,Antioquia,San Roque,6.4875,-75.017,820,5/15/1975,,Monchia,Magdalena Cauca,Medio Magdalena,Río Nare,2017,07,Andes,Definitivo,2,2,0,4.70921993255615,4.70921993255615,0,3.4586226940155,0.324931293725967,3.05454540252686,6.04363632202148,5,10,0.869565188884735,0.876811623573303,1,1,62,1.04999995231628,2.09999990463257
11,2001-11-10,23080760,6,Definitivo,SAN ROQUE [23080760],Pluviométrica,Convencional,Activa,Antioquia,San Roque,6.4875,-75.017,820,5/15/1975,,Monchia,Magdalena Cauca,Medio Magdalena,Río Nare,2001,10,Andes,Definitivo,6,6,0,8.89505481719971,8.89505481719971,0,3.75237536430359,0.35053876042366,3.05454540252686,6.04363632202148,5,10,0.869565188884735,0.876811623573303,1,1,62,1.04999995231628,6.29999971389771
11,2001-11-08,23080760,3,Definitivo,SAN ROQUE [23080760],Pluviométrica,Convencional,Activa,Antioquia,San Roque,6.4875,-75.017,820,5/15/1975,,Monchia,Magdalena Cauca,Medio Magdalena,Río Nare,2001,08,Andes,Definitivo,3,3,0,3.70129799842834,3.70129799842834,0,1.33057117462158,18.1188297271729,3.05454540252686,6.04363632202148,5,10,0.869565188884735,0.876811623573303,1,1,62,1.04999995231628,3.14999985694885
11,2006-11-03,23080760,,"",SAN ROQUE [23080760],Pluviométrica,Convencional,Activa,Antioquia,San Roque,6.4875,-75.017,820,5/15/1975,,Monchia,Magdalena Cauca,Medio Magdalena,Río Nare,2006,03,Andes,Preliminar,0,0,0,2.82038116455078,2.82038116455078,0,2.02789235115051,0.434517443180084,3.05454540252686,6.04363632202148,5,10,0.869565188884735,0.876811623573303,1,1,61,1.04999995231628,0
11,2018-11-02,23080760,17,Definitivo,SAN ROQUE [23080760],Pluviométrica,Convencional,Activa,Antioquia,San Roque,6.4875,-75.017,820,5/15/1975,,Monchia,Magdalena Cauca,Medio Magdalena,Río Nare,2018,02,Andes,Definitivo,17,17,0,6.19776296615601,6.19776296615601,64.3688125610352,32.541259765625,60.2732963562012,3.05454540252686,6.04363632202148,5,10,0.869565188884735,0.876811623573303,1,1,61,1.04999995231628,17.8499991893768
11,2016-11-02,23080760,30,Definitivo,SAN ROQUE [23080760],Pluviométrica,Convencional,Activa,Antioquia,San Roque,6.4875,-75.017,820,5/15/1975,,Monchia,Magdalena Cauca,Medio Magdalena,Río Nare,2016,02,Andes,Definitivo,30,30,0,22.6769924163818,22.6769924163818,18.85715675354,24.4940490722656,25.9437732696533,3.05454540252686,6.04363632202148,5,10,0.869565188884735,0.876811623573303,1,1,61,1.04999995231628,31.4999985694885
11,2002-11-06,23080760,34,Definitivo,SAN ROQUE [23080760],Pluviométrica,Convencional,Activa,Antioquia,San Roque,6.4875,-75.017,820,5/15/1975,,Monchia,Magdalena Cauca,Medio Magdalena,Río Nare,2002,06,Andes,Definitivo,34,34,0,11.3941802978516,11.3941802978516,0,14.5728931427002,0.715100884437561,3.05454540252686,6.04363632202148,5,10,0.869565188884735,0.876811623573303,1,1,62,1.04999995231628,35.6999983787537
11,2016-11-05,23080760,0,Definitivo,SAN ROQUE [23080760],Pluviométrica,Convencional,Activa,Antioquia,San Roque,6.4875,-75.017,820,5/15/1975,,Monchia,Magdalena Cauca,Medio Magdalena,Río Nare,2016,05,Andes,Definitivo,0,0,0,0.417314350605011,0.417314350605011,0,1.64792585372925,0.0849963054060936,3.05454540252686,6.04363632202148,5,10,0.869565188884735,0.876811623573303,1,1,61,1.04999995231628,0
11,2013-11-04,23080760,4,Definitivo,SAN ROQUE [23080760],Pluviométrica,Convencional,Activa,Antioquia,San Roque,6.4875,-75.017,820,5/15/1975,,Monchia,Magdalena Cauca,Medio Magdalena,Río Nare,2013,04,Andes,Definitivo,4,4,0,12.3917551040649,12.3917551040649,15.1615467071533,9.08626461029053,6.68266105651856,3.05454540252686,6.04363632202148,5,10,0.869565188884735,0.876811623573303,1,1,61,1.04999995231628,4.19999980926514
11,2003-11-01,23080760,5,Definitivo,SAN ROQUE [23080760],Pluviométrica,Convencional,Activa,Antioquia,San Roque,6.4875,-75.017,820,5/15/1975,,Monchia,Magdalena Cauca,Medio Magdalena,Río Nare,2003,01,Andes,Definitivo,5,5,0,10.0242137908936,10.0242137908936,0,14.1163883209229,4.88090658187866,3.05454540252686,6.04363632202148,5,10,0.869565188884735,0.876811623573303,1,1,61,1.04999995231628,5.24999976158142
11,2004-11-01,23080760,23,Definitivo,SAN ROQUE [23080760],Pluviométrica,Convencional,Activa,Antioquia,San Roque,6.4875,-75.017,820,5/15/1975,,Monchia,Magdalena Cauca,Medio Magdalena,Río Nare,2004,01,Andes,Definitivo,23,23,0,0,0,15.0374984741211,9.01498126983643,6.83554458618164,3.05454540252686,6.04363632202148,5,10,0.869565188884735,0.876811623573303,1,1,61,1.04999995231628,24.1499989032745
11,2014-11-01,23080760,0,Definitivo,SAN ROQUE [23080760],Pluviométrica,Convencional,Activa,Antioquia,San Roque,6.4875,-75.017,820,5/15/1975,,Monchia,Magdalena Cauca,Medio Magdalena,Río Nare,2014,01,Andes,Definitivo,0,0,0,16.4244556427002,16.4244556427002,6.48343563079834,10.2540578842163,8.58179378509522,3.05454540252686,6.04363632202148,5,10,0.869565188884735,0.876811623573303,1,1,61,1.04999995231628,0
11,2019-11-04,23080760,1,Definitivo,SAN ROQUE [23080760],Pluviométrica,Convencional,Activa,Antioquia,San Roque,6.4875,-75.017,820,5/15/1975,,Monchia,Magdalena Cauca,Medio Magdalena,Río Nare,2019,04,Andes,Definitivo,1,1,0,10.831579208374,10.831579208374,9.04282474517822,9.21296215057373,4.32074451446533,3.05454540252686,6.04363632202148,5,10,0.869565188884735,0.876811623573303,1,1,61,1.04999995231628,1.04999995231628
11,2015-11-06,23080760,11,Definitivo,SAN ROQUE [23080760],Pluviométrica,Convencional,Activa,Antioquia,San Roque,6.4875,-75.017,820,5/15/1975,,Monchia,Magdalena Cauca,Medio Magdalena,Río Nare,2015,06,Andes,Definitivo,11,11,0,36.4912452697754,36.4912452697754,0,50.9641761779785,4.14405536651611,3.05454540252686,6.04363632202148,5,10,0.869565188884735,0.876811623573303,1,1,62,1.04999995231628,11.5499994754791
11,2018-11-05,23080760,9,Definitivo,SAN ROQUE [23080760],Pluviométrica,Convencional,Activa,Antioquia,San Roque,6.4875,-75.017,820,5/15/1975,,Monchia,Magdalena Cauca,Medio Magdalena,Río Nare,2018,05,Andes,Definitivo,9,9,0,22.9302978515625,22.9302978515625,0,33.1958503723145,4.76099967956543,3.05454540252686,6.04363632202148,5,10,0.869565188884735,0.876811623573303,1,1,61,1.04999995231628,9.44999957084656
11,2001-11-01,23080760,15,Definitivo,SAN ROQUE [23080760],Pluviométrica,Convencional,Activa,Antioquia,San Roque,6.4875,-75.017,820,5/15/1975,,Monchia,Magdalena Cauca,Medio Magdalena,Río Nare,2001,01,Andes,Definitivo,15,15,0,5.15133619308472,5.15133619308472,20.5524635314941,17.8158378601074,29.5055198669434,3.05454540252686,6.04363632202148,5,10,0.869565188884735,0.876811623573303,1,1,61,1.04999995231628,15.7499992847443
11,2002-11-01,23080760,0.5,Definitivo,SAN ROQUE [23080760],Pluviométrica,Convencional,Activa,Antioquia,San Roque,6.4875,-75.017,820,5/15/1975,,Monchia,Magdalena Cauca,Medio Magdalena,Río Nare,2002,01,Andes,Definitivo,0.5,0.5,0,6.89907789230347,6.89907789230347,0,4.46766567230225,0.348903447389603,3.05454540252686,6.04363632202148,5,10,0.869565188884735,0.876811623573303,1,1,61,1.04999995231628,0.524999976158142
11,2002-11-05,23080760,23,Definitivo,SAN ROQUE [23080760],Pluviométrica,Convencional,Activa,Antioquia,San Roque,6.4875,-75.017,820,5/15/1975,,Monchia,Magdalena Cauca,Medio Magdalena,Río Nare,2002,05,Andes,Definitivo,23,23,0,20.4790172576904,20.4790172576904,20.9873352050781,9.9650993347168,13.1179389953613,3.05454540252686,6.04363632202148,5,10,0.869565188884735,0.876811623573303,1,1,61,1.04999995231628,24.1499989032745
11,2007-11-04,23080760,2,Definitivo,SAN ROQUE [23080760],Pluviométrica,Convencional,Activa,Antioquia,San Roque,6.4875,-75.017,820,5/15/1975,,Monchia,Magdalena Cauca,Medio Magdalena,Río Nare,2007,04,Andes,Definitivo,2,2,0,1.8426194190979,1.8426194190979,12.4935398101807,6.5865912437439,4.00597143173218,3.05454540252686,6.04363632202148,5,10,0.869565188884735,0.876811623573303,1,1,61,1.04999995231628,2.09999990463257
11,2018-11-04,23080760,7,Definitivo,SAN ROQUE [23080760],Pluviométrica,Convencional,Activa,Antioquia,San Roque,6.4875,-75.017,820,5/15/1975,,Monchia,Magdalena Cauca,Medio Magdalena,Río Nare,2018,04,Andes,Definitivo,7,7,0,9.82557392120361,9.82557392120361,0,14.316876411438,12.9738101959229,3.05454540252686,6.04363632202148,5,10,0.869565188884735,0.876811623573303,1,1,61,1.04999995231628,7.34999966621399
11,2001-11-12,23080760,22,Definitivo,SAN ROQUE [23080760],Pluviométrica,Convencional,Activa,Antioquia,San Roque,6.4875,-75.017,820,5/15/1975,,Monchia,Magdalena Cauca,Medio Magdalena,Río Nare,2001,12,Andes,Definitivo,22,22,0,12.9046773910522,12.9046773910522,39.960880279541,17.304126739502,54.5183982849121,3.05454540252686,6.04363632202148,5,10,0.869565188884735,0.876811623573303,1,1,63,1.04999995231628,23.0999989509583
11,2008-11-05,23080760,4,Definitivo,SAN ROQUE [23080760],Pluviométrica,Convencional,Activa,Antioquia,San Roque,6.4875,-75.017,820,5/15/1975,,Monchia,Magdalena Cauca,Medio Magdalena,Río Nare,2008,05,Andes,Definitivo,4,4,0,1.22276520729065,1.22276520729065,0,8.62347793579102,5.03082799911499,3.05454540252686,6.04363632202148,5,10,0.869565188884735,0.876811623573303,1,1,61,1.04999995231628,4.19999980926514
11,2011-11-04,23080760,15,Definitivo,SAN ROQUE [23080760],Pluviométrica,Convencional,Activa,Antioquia,San Roque,6.4875,-75.017,820,5/15/1975,,Monchia,Magdalena Cauca,Medio Magdalena,Río Nare,2011,04,Andes,Definitivo,15,15,0,11.7058200836182,11.7058200836182,0,13.5521564483643,22.992618560791,3.05454540252686,6.04363632202148,5,10,0.869565188884735,0.876811623573303,1,1,61,1.04999995231628,15.7499992847443
11,2016-11-01,23080760,0,Definitivo,SAN ROQUE [23080760],Pluviométrica,Convencional,Activa,Antioquia,San Roque,6.4875,-75.017,820,5/15/1975,,Monchia,Magdalena Cauca,Medio Magdalena,Río Nare,2016,01,Andes,Definitivo,0,0,0,14.0853691101074,14.0853691101074,25.142879486084,18.4236373901367,23.9979572296143,3.05454540252686,6.04363632202148,5,10,0.869565188884735,0.876811623573303,1,1,61,1.04999995231628,0
11,2001-11-04,23080760,7,Definitivo,SAN ROQUE [23080760],Pluviométrica,Convencional,Activa,Antioquia,San Roque,6.4875,-75.017,820,5/15/1975,,Monchia,Magdalena Cauca,Medio Magdalena,Río Nare,2001,04,Andes,Definitivo,7,7,0,0.898421108722687,0.898421108722687,0,1.15336287021637,0,3.05454540252686,6.04363632202148,5,10,0.869565188884735,0.876811623573303,1,1,61,1.04999995231628,7.34999966621399
11,2003-11-07,23080760,16,Definitivo,SAN ROQUE [23080760],Pluviométrica,Convencional,Activa,Antioquia,San Roque,6.4875,-75.017,820,5/15/1975,,Monchia,Magdalena Cauca,Medio Magdalena,Río Nare,2003,07,Andes,Definitivo,16,16,0,19.838451385498,19.838451385498,25.6417942047119,21.683500289917,42.8696937561035,3.05454540252686,6.04363632202148,5,10,0.869565188884735,0.876811623573303,1,1,62,1.04999995231628,16.7999992370605
11,2018-11-01,23080760,26,Definitivo,SAN ROQUE [23080760],Pluviométrica,Convencional,Activa,Antioquia,San Roque,6.4875,-75.017,820,5/15/1975,,Monchia,Magdalena Cauca,Medio Magdalena,Río Nare,2018,01,Andes,Definitivo,26,26,0,0.377448946237564,0.377448946237564,0,3.34105372428894,0.110534094274044,3.05454540252686,6.04363632202148,5,10,0.869565188884735,0.876811623573303,1,1,61,1.04999995231628,27.2999987602234
11,2009-11-02,23080760,2,Definitivo,SAN ROQUE [23080760],Pluviométrica,Convencional,Activa,Antioquia,San Roque,6.4875,-75.017,820,5/15/1975,,Monchia,Magdalena Cauca,Medio Magdalena,Río Nare,2009,02,Andes,Definitivo,2,2,0,14.5366821289063,14.5366821289063,0,8.49855709075928,11.4906091690063,3.05454540252686,6.04363632202148,5,10,0.869565188884735,0.876811623573303,1,1,61,1.04999995231628,2.09999990463257
11,2013-11-05,23080760,2,Definitivo,SAN ROQUE [23080760],Pluviométrica,Convencional,Activa,Antioquia,San Roque,6.4875,-75.017,820,5/15/1975,,Monchia,Magdalena Cauca,Medio Magdalena,Río Nare,2013,05,Andes,Definitivo,2,2,0,5.05641222000122,5.05641222000122,15.1615467071533,8.11373424530029,35.1258125305176,3.05454540252686,6.04363632202148,5,10,0.869565188884735,0.876811623573303,1,1,61,1.04999995231628,2.09999990463257
11,2016-11-04,23080760,0,Definitivo,SAN ROQUE [23080760],Pluviométrica,Convencional,Activa,Antioquia,San Roque,6.4875,-75.017,820,5/15/1975,,Monchia,Magdalena Cauca,Medio Magdalena,Río Nare,2016,04,Andes,Definitivo,0,0,0,10.5686922073364,10.5686922073364,0,2.98265600204468,1.07242250442505,3.05454540252686,6.04363632202148,5,10,0.869565188884735,0.876811623573303,1,1,61,1.04999995231628,0
11,2009-11-01,23080760,9,Definitivo,SAN ROQUE [23080760],Pluviométrica,Convencional,Activa,Antioquia,San Roque,6.4875,-75.017,820,5/15/1975,,Monchia,Magdalena Cauca,Medio Magdalena,Río Nare,2009,01,Andes,Definitivo,9,9,0,5.34786081314087,5.34786081314087,0,9.4136848449707,11.2702550888062,3.05454540252686,6.04363632202148,5,10,0.869565188884735,0.876811623573303,1,1,61,1.04999995231628,9.44999957084656
11,2001-11-07,23080760,10,Definitivo,SAN ROQUE [23080760],Pluviométrica,Convencional,Activa,Antioquia,San Roque,6.4875,-75.017,820,5/15/1975,,Monchia,Magdalena Cauca,Medio Magdalena,Río Nare,2001,07,Andes,Definitivo,10,10,0,6.68621635437012,6.68621635437012,0,4.25300693511963,3.4234311580658,3.05454540252686,6.04363632202148,5,10,0.869565188884735,0.876811623573303,1,1,62,1.04999995231628,10.4999995231628
11,2003-11-02,23080760,2,Definitivo,SAN ROQUE [23080760],Pluviométrica,Convencional,Activa,Antioquia,San Roque,6.4875,-75.017,820,5/15/1975,,Monchia,Magdalena Cauca,Medio Magdalena,Río Nare,2003,02,Andes,Definitivo,2,2,0,5.99888515472412,5.99888515472412,0,13.6717395782471,9.09043216705322,3.05454540252686,6.04363632202148,5,10,0.869565188884735,0.876811623573303,1,1,61,1.04999995231628,2.09999990463257
11,2011-11-03,23080760,5,Definitivo,SAN ROQUE [23080760],Pluviométrica,Convencional,Activa,Antioquia,San Roque,6.4875,-75.017,820,5/15/1975,,Monchia,Magdalena Cauca,Medio Magdalena,Río Nare,2011,03,Andes,Definitivo,5,5,0,15.1198635101318,15.1198635101318,27.3042793273926,12.4888296127319,12.0503368377686,3.05454540252686,6.04363632202148,5,10,0.869565188884735,0.876811623573303,1,1,61,1.04999995231628,5.24999976158142
11,2014-11-05,23080760,9,Definitivo,SAN ROQUE [23080760],Pluviométrica,Convencional,Activa,Antioquia,San Roque,6.4875,-75.017,820,5/15/1975,,Monchia,Magdalena Cauca,Medio Magdalena,Río Nare,2014,05,Andes,Definitivo,9,9,0,11.7435111999512,11.7435111999512,19.4503059387207,30.8340454101563,30.1315937042236,3.05454540252686,6.04363632202148,5,10,0.869565188884735,0.876811623573303,1,1,61,1.04999995231628,9.44999957084656
11,2004-11-02,23080760,5,Definitivo,SAN ROQUE [23080760],Pluviométrica,Convencional,Activa,Antioquia,San Roque,6.4875,-75.017,820,5/15/1975,,Monchia,Magdalena Cauca,Medio Magdalena,Río Nare,2004,02,Andes,Definitivo,5,5,0,0.0408362001180649,0.0408362001180649,15.0374984741211,6.1389594078064,52.6098480224609,3.05454540252686,6.04363632202148,5,10,0.869565188884735,0.876811623573303,1,1,61,1.04999995231628,5.24999976158142
11,2007-11-01,23080760,22,Definitivo,SAN ROQUE [23080760],Pluviométrica,Convencional,Activa,Antioquia,San Roque,6.4875,-75.017,820,5/15/1975,,Monchia,Magdalena Cauca,Medio Magdalena,Río Nare,2007,01,Andes,Definitivo,22,22,0,14.9018516540527,14.9018516540527,12.4935398101807,4.44223213195801,12.6288719177246,3.05454540252686,6.04363632202148,5,10,0.869565188884735,0.876811623573303,1,1,61,1.04999995231628,23.0999989509583
11,2009-11-03,23080760,9,Definitivo,SAN ROQUE [23080760],Pluviométrica,Convencional,Activa,Antioquia,San Roque,6.4875,-75.017,820,5/15/1975,,Monchia,Magdalena Cauca,Medio Magdalena,Río Nare,2009,03,Andes,Definitivo,9,9,0,17.321174621582,17.321174621582,0,13.2237396240234,1.3827338218689,3.05454540252686,6.04363632202148,5,10,0.869565188884735,0.876811623573303,1,1,61,1.04999995231628,9.44999957084656
11,2016-11-03,23080760,4,Definitivo,SAN ROQUE [23080760],Pluviométrica,Convencional,Activa,Antioquia,San Roque,6.4875,-75.017,820,5/15/1975,,Monchia,Magdalena Cauca,Medio Magdalena,Río Nare,2016,03,Andes,Definitivo,4,4,0,11.2874069213867,11.2874069213867,0,3.59166097640991,0.0407814458012581,3.05454540252686,6.04363632202148,5,10,0.869565188884735,0.876811623573303,1,1,61,1.04999995231628,4.19999980926514
11,2014-11-04,23080760,27,Definitivo,SAN ROQUE [23080760],Pluviométrica,Convencional,Activa,Antioquia,San Roque,6.4875,-75.017,820,5/15/1975,,Monchia,Magdalena Cauca,Medio Magdalena,Río Nare,2014,04,Andes,Definitivo,27,27,0,4.13633394241333,4.13633394241333,6.48343563079834,9.28836154937744,12.6902828216553,3.05454540252686,6.04363632202148,5,10,0.869565188884735,0.876811623573303,1,1,61,1.04999995231628,28.3499987125397
11,2014-11-06,23080760,32,Definitivo,SAN ROQUE [23080760],Pluviométrica,Convencional,Activa,Antioquia,San Roque,6.4875,-75.017,820,5/15/1975,,Monchia,Magdalena Cauca,Medio Magdalena,Río Nare,2014,06,Andes,Definitivo,32,32,0,6.28513336181641,6.28513336181641,0,33.7510528564453,14.3083047866821,3.05454540252686,6.04363632202148,5,10,0.869565188884735,0.876811623573303,1,1,62,1.04999995231628,33.5999984741211
11,2013-11-03,23080760,0,Definitivo,SAN ROQUE [23080760],Pluviométrica,Convencional,Activa,Antioquia,San Roque,6.4875,-75.017,820,5/15/1975,,Monchia,Magdalena Cauca,Medio Magdalena,Río Nare,2013,03,Andes,Definitivo,0,0,0,7.11919355392456,7.11919355392456,30.3230934143066,28.1795845031738,9.52182865142822,3.05454540252686,6.04363632202148,5,10,0.869565188884735,0.876811623573303,1,1,61,1.04999995231628,0
11,2013-11-02,23080760,33,Definitivo,SAN ROQUE [23080760],Pluviométrica,Convencional,Activa,Antioquia,San Roque,6.4875,-75.017,820,5/15/1975,,Monchia,Magdalena Cauca,Medio Magdalena,Río Nare,2013,02,Andes,Definitivo,33,33,0,2.41942763328552,2.41942763328552,0,9.92815780639648,1.50111258029938,3.05454540252686,6.04363632202148,5,10,0.869565188884735,0.876811623573303,1,1,61,1.04999995231628,34.6499984264374
11,2011-11-05,23080760,2,Definitivo,SAN ROQUE [23080760],Pluviométrica,Convencional,Activa,Antioquia,San Roque,6.4875,-75.017,820,5/15/1975,,Monchia,Magdalena Cauca,Medio Magdalena,Río Nare,2011,05,Andes,Definitivo,2,2,0,11.6554107666016,11.6554107666016,13.6521396636963,8.45722579956055,13.8648538589478,3.05454540252686,6.04363632202148,5,10,0.869565188884735,0.876811623573303,1,1,61,1.04999995231628,2.09999990463257
11,2011-11-06,23080760,0,Definitivo,SAN ROQUE [23080760],Pluviométrica,Convencional,Activa,Antioquia,San Roque,6.4875,-75.017,820,5/15/1975,,Monchia,Magdalena Cauca,Medio Magdalena,Río Nare,2011,06,Andes,Definitivo,0,0,0,17.5618095397949,17.5618095397949,15.840518951416,14.0777969360352,7.38151407241821,3.05454540252686,6.04363632202148,5,10,0.869565188884735,0.876811623573303,1,1,62,1.04999995231628,0
11,2002-11-02,23080760,14,Definitivo,SAN ROQUE [23080760],Pluviométrica,Convencional,Activa,Antioquia,San Roque,6.4875,-75.017,820,5/15/1975,,Monchia,Magdalena Cauca,Medio Magdalena,Río Nare,2002,02,Andes,Definitivo,14,14,0,7.2571816444397,7.2571816444397,20.9873352050781,11.8583660125732,2.73126482963562,3.05454540252686,6.04363632202148,5,10,0.869565188884735,0.876811623573303,1,1,61,1.04999995231628,14.699999332428
11,2007-11-02,23080760,7,Definitivo,SAN ROQUE [23080760],Pluviométrica,Convencional,Activa,Antioquia,San Roque,6.4875,-75.017,820,5/15/1975,,Monchia,Magdalena Cauca,Medio Magdalena,Río Nare,2007,02,Andes,Definitivo,7,7,0,2.53599643707275,2.53599643707275,0,4.6175332069397,5.96550178527832,3.05454540252686,6.04363632202148,5,10,0.869565188884735,0.876811623573303,1,1,61,1.04999995231628,7.34999966621399
11,2011-11-01,23080760,,"",SAN ROQUE [23080760],Pluviométrica,Convencional,Activa,Antioquia,San Roque,6.4875,-75.017,820,5/15/1975,,Monchia,Magdalena Cauca,Medio Magdalena,Río Nare,2011,01,Andes,Preliminar,0,0,0,2.35366797447205,2.35366797447205,0,7.29485893249512,0,3.05454540252686,6.04363632202148,5,10,0.869565188884735,0.876811623573303,1,1,61,1.04999995231628,0
11,2007-11-03,23080760,0,Definitivo,SAN ROQUE [23080760],Pluviométrica,Convencional,Activa,Antioquia,San Roque,6.4875,-75.017,820,5/15/1975,,Monchia,Magdalena Cauca,Medio Magdalena,Río Nare,2007,03,Andes,Definitivo,0,0,0,6.14078903198242,6.14078903198242,0,3.58977389335632,0.215565055608749,3.05454540252686,6.04363632202148,5,10,0.869565188884735,0.876811623573303,1,1,61,1.04999995231628,0
11,2001-11-09,23080760,,"",SAN ROQUE [23080760],Pluviométrica,Convencional,Activa,Antioquia,San Roque,6.4875,-75.017,820,5/15/1975,,Monchia,Magdalena Cauca,Medio Magdalena,Río Nare,2001,09,Andes,Preliminar,0,0,0,2.14061260223389,2.14061260223389,27.0908107757568,8.68428993225098,3.20444345474243,3.05454540252686,6.04363632202148,5,10,0.869565188884735,0.876811623573303,1,1,62,1.04999995231628,0
11,2001-11-06,23080760,2,Definitivo,SAN ROQUE [23080760],Pluviométrica,Convencional,Activa,Antioquia,San Roque,6.4875,-75.017,820,5/15/1975,,Monchia,Magdalena Cauca,Medio Magdalena,Río Nare,2001,06,Andes,Definitivo,2,2,0,4.27269649505615,4.27269649505615,0,9.29184341430664,2.21484303474426,3.05454540252686,6.04363632202148,5,10,0.869565188884735,0.876811623573303,1,1,62,1.04999995231628,2.09999990463257
11,2002-11-03,23080760,1,Definitivo,SAN ROQUE [23080760],Pluviométrica,Convencional,Activa,Antioquia,San Roque,6.4875,-75.017,820,5/15/1975,,Monchia,Magdalena Cauca,Medio Magdalena,Río Nare,2002,03,Andes,Definitivo,1,1,0,6.33394718170166,6.33394718170166,0,13.0602321624756,21.9256153106689,3.05454540252686,6.04363632202148,5,10,0.869565188884735,0.876811623573303,1,1,61,1.04999995231628,1.04999995231628
11,2008-11-02,23080760,64,Definitivo,SAN ROQUE [23080760],Pluviométrica,Convencional,Activa,Antioquia,San Roque,6.4875,-75.017,820,5/15/1975,,Monchia,Magdalena Cauca,Medio Magdalena,Río Nare,2008,02,Andes,Definitivo,64,64,0,26.7261543273926,26.7261543273926,0,41.360424041748,34.117374420166,3.05454540252686,6.04363632202148,5,10,0.869565188884735,0.876811623573303,1,1,61,1.04999995231628,67.1999969482422
11,2012-11-01,23080760,0,Definitivo,SAN ROQUE [23080760],Pluviométrica,Convencional,Activa,Antioquia,San Roque,6.4875,-75.017,820,5/15/1975,,Monchia,Magdalena Cauca,Medio Magdalena,Río Nare,2012,01,Andes,Definitivo,0,0,0,15.5711603164673,15.5711603164673,0,7.74381303787231,0,3.05454540252686,6.04363632202148,5,10,0.869565188884735,0.876811623573303,1,1,61,1.04999995231628,0
11,2015-11-02,23080760,10,Definitivo,SAN ROQUE [23080760],Pluviométrica,Convencional,Activa,Antioquia,San Roque,6.4875,-75.017,820,5/15/1975,,Monchia,Magdalena Cauca,Medio Magdalena,Río Nare,2015,02,Andes,Definitivo,10,10,0,13.8215055465698,13.8215055465698,0,15.7849950790405,10.5946311950684,3.05454540252686,6.04363632202148,5,10,0.869565188884735,0.876811623573303,1,1,61,1.04999995231628,10.4999995231628
11,2015-11-03,23080760,4,Definitivo,SAN ROQUE [23080760],Pluviométrica,Convencional,Activa,Antioquia,San Roque,6.4875,-75.017,820,5/15/1975,,Monchia,Magdalena Cauca,Medio Magdalena,Río Nare,2015,03,Andes,Definitivo,4,4,0,4.7680344581604,4.7680344581604,0,10.7208547592163,2.71364450454712,3.05454540252686,6.04363632202148,5,10,0.869565188884735,0.876811623573303,1,1,61,1.04999995231628,4.19999980926514
11,2013-11-01,23080760,8,Definitivo,SAN ROQUE [23080760],Pluviométrica,Convencional,Activa,Antioquia,San Roque,6.4875,-75.017,820,5/15/1975,,Monchia,Magdalena Cauca,Medio Magdalena,Río Nare,2013,01,Andes,Definitivo,8,8,0,7.19210338592529,7.19210338592529,0,10.3808393478394,12.8571691513062,3.05454540252686,6.04363632202148,5,10,0.869565188884735,0.876811623573303,1,1,61,1.04999995231628,8.39999961853027
11,2005-11-01,23080760,35,Definitivo,SAN ROQUE [23080760],Pluviométrica,Convencional,Activa,Antioquia,San Roque,6.4875,-75.017,820,5/15/1975,,Monchia,Magdalena Cauca,Medio Magdalena,Río Nare,2005,01,Andes,Definitivo,35,35,0,20.5912189483643,20.5912189483643,11.7097616195679,4.90898609161377,16.2105808258057,3.05454540252686,6.04363632202148,5,10,0.869565188884735,0.876811623573303,1,1,61,1.04999995231628,36.7499983310699
11,2005-11-02,23080760,6,Definitivo,SAN ROQUE [23080760],Pluviométrica,Convencional,Activa,Antioquia,San Roque,6.4875,-75.017,820,5/15/1975,,Monchia,Magdalena Cauca,Medio Magdalena,Río Nare,2005,02,Andes,Definitivo,6,6,0,13.4914226531982,13.4914226531982,23.4195232391357,28.5646057128906,42.7084083557129,3.05454540252686,6.04363632202148,5,10,0.869565188884735,0.876811623573303,1,1,61,1.04999995231628,6.29999971389771
11,2015-11-01,23080760,14,Definitivo,SAN ROQUE [23080760],Pluviométrica,Convencional,Activa,Antioquia,San Roque,6.4875,-75.017,820,5/15/1975,,Monchia,Magdalena Cauca,Medio Magdalena,Río Nare,2015,01,Andes,Definitivo,14,14,0,5.59742832183838,5.59742832183838,47.6826057434082,13.4036798477173,33.4093856811523,3.05454540252686,6.04363632202148,5,10,0.869565188884735,0.876811623573303,1,1,61,1.04999995231628,14.699999332428
11,2012-11-02,23080760,17,Definitivo,SAN ROQUE [23080760],Pluviométrica,Convencional,Activa,Antioquia,San Roque,6.4875,-75.017,820,5/15/1975,,Monchia,Magdalena Cauca,Medio Magdalena,Río Nare,2012,02,Andes,Definitivo,17,17,0,1.24589776992798,1.24589776992798,5.35366535186768,7.64912939071655,0.103397384285927,3.05454540252686,6.04363632202148,5,10,0.869565188884735,0.876811623573303,1,1,61,1.04999995231628,17.8499991893768
11,2008-11-01,23080760,29,Definitivo,SAN ROQUE [23080760],Pluviométrica,Convencional,Activa,Antioquia,San Roque,6.4875,-75.017,820,5/15/1975,,Monchia,Magdalena Cauca,Medio Magdalena,Río Nare,2008,01,Andes,Definitivo,29,29,0,14.8858366012573,14.8858366012573,69.8409576416016,18.6872901916504,36.7776260375977,3.05454540252686,6.04363632202148,5,10,0.869565188884735,0.876811623573303,1,1,61,1.04999995231628,30.4499986171722
11,2010-11-02,23080760,10,Definitivo,SAN ROQUE [23080760],Pluviométrica,Convencional,Activa,Antioquia,San Roque,6.4875,-75.017,820,5/15/1975,,Monchia,Magdalena Cauca,Medio Magdalena,Río Nare,2010,02,Andes,Definitivo,10,10,0,8.71670627593994,8.71670627593994,17.0982990264893,15.9314575195313,12.6891851425171,3.05454540252686,6.04363632202148,5,10,0.869565188884735,0.876811623573303,1,1,61,1.04999995231628,10.4999995231628
11,2005-11-03,23080760,19,Definitivo,SAN ROQUE [23080760],Pluviométrica,Convencional,Activa,Antioquia,San Roque,6.4875,-75.017,820,5/15/1975,,Monchia,Magdalena Cauca,Medio Magdalena,Río Nare,2005,03,Andes,Definitivo,19,19,0,5.28398942947388,5.28398942947388,0,7.61433506011963,0.805108904838562,3.05454540252686,6.04363632202148,5,10,0.869565188884735,0.876811623573303,1,1,61,1.04999995231628,19.9499990940094
11,2010-11-03,23080760,6,Definitivo,SAN ROQUE [23080760],Pluviométrica,Convencional,Activa,Antioquia,San Roque,6.4875,-75.017,820,5/15/1975,,Monchia,Magdalena Cauca,Medio Magdalena,Río Nare,2010,03,Andes,Definitivo,6,6,0,32.3449668884277,32.3449668884277,0,20.6365814208984,11.2448110580444,3.05454540252686,6.04363632202148,5,10,0.869565188884735,0.876811623573303,1,1,61,1.04999995231628,6.29999971389771
11,2010-11-01,23080760,12,Definitivo,SAN ROQUE [23080760],Pluviométrica,Convencional,Activa,Antioquia,San Roque,6.4875,-75.017,820,5/15/1975,,Monchia,Magdalena Cauca,Medio Magdalena,Río Nare,2010,01,Andes,Definitivo,12,12,0,7.23952341079712,7.23952341079712,8.54914951324463,15.5068254470825,9.17477703094482,3.05454540252686,6.04363632202148,5,10,0.869565188884735,0.876811623573303,1,1,61,1.04999995231628,12.5999994277954
12,2007-12-24,23080760,0,Definitivo,SAN ROQUE [23080760],Pluviométrica,Convencional,Activa,Antioquia,San Roque,6.4875,-75.017,820,5/15/1975,,Monchia,Magdalena Cauca,Medio Magdalena,Río Nare,2007,24,Andes,Definitivo,0,0,0,14.7883653640747,14.7883653640747,68.3355026245117,34.4564361572266,83.4416351318359,3.05454540252686,6.04363632202148,5,10,0.869565188884735,0.876811623573303,1,1,71,1.08000004291534,0
12,2006-12-28,23080760,,"",SAN ROQUE [23080760],Pluviométrica,Convencional,Activa,Antioquia,San Roque,6.4875,-75.017,820,5/15/1975,,Monchia,Magdalena Cauca,Medio Magdalena,Río Nare,2006,28,Andes,Preliminar,0,0,0,1.19031298160553,1.19031298160553,0,7.39273738861084,0.532711923122406,3.05454540252686,6.04363632202148,5,10,0.869565188884735,0.876811623573303,1,1,72,1.08000004291534,0
12,2005-12-31,23080760,,"",SAN ROQUE [23080760],Pluviométrica,Convencional,Activa,Antioquia,San Roque,6.4875,-75.017,820,5/15/1975,,Monchia,Magdalena Cauca,Medio Magdalena,Río Nare,2005,31,Andes,Preliminar,0,0,0,0.00457114586606622,0.00457114586606622,0,0.176082268357277,0.350860625505447,3.05454540252686,6.04363632202148,5,10,0.869565188884735,0.876811623573303,1,1,72,1.08000004291534,0
12,2006-12-26,23080760,23,Definitivo,SAN ROQUE [23080760],Pluviométrica,Convencional,Activa,Antioquia,San Roque,6.4875,-75.017,820,5/15/1975,,Monchia,Magdalena Cauca,Medio Magdalena,Río Nare,2006,26,Andes,Definitivo,23,23,0,3.79921841621399,3.79921841621399,0,7.37828493118286,7.08687257766724,3.05454540252686,6.04363632202148,5,10,0.869565188884735,0.876811623573303,1,1,72,1.08000004291534,24.8400009870529
12,2006-12-25,23080760,15,Definitivo,SAN ROQUE [23080760],Pluviométrica,Convencional,Activa,Antioquia,San Roque,6.4875,-75.017,820,5/15/1975,,Monchia,Magdalena Cauca,Medio Magdalena,Río Nare,2006,25,Andes,Definitivo,15,15,0,4.45024871826172,4.45024871826172,21.874454498291,18.3729858398438,27.6069927215576,3.05454540252686,6.04363632202148,5,10,0.869565188884735,0.876811623573303,1,1,71,1.08000004291534,16.2000006437302
12,2006-12-27,23080760,3,Definitivo,SAN ROQUE [23080760],Pluviométrica,Convencional,Activa,Antioquia,San Roque,6.4875,-75.017,820,5/15/1975,,Monchia,Magdalena Cauca,Medio Magdalena,Río Nare,2006,27,Andes,Definitivo,3,3,0,5.35912609100342,5.35912609100342,0,8.25367736816406,17.0449714660645,3.05454540252686,6.04363632202148,5,10,0.869565188884735,0.876811623573303,1,1,72,1.08000004291534,3.24000012874603
12,2006-12-29,23080760,5,Definitivo,SAN ROQUE [23080760],Pluviométrica,Convencional,Activa,Antioquia,San Roque,6.4875,-75.017,820,5/15/1975,,Monchia,Magdalena Cauca,Medio Magdalena,Río Nare,2006,29,Andes,Definitivo,5,5,0,2.30453300476074,2.30453300476074,0,0.35968428850174,0,3.05454540252686,6.04363632202148,5,10,0.869565188884735,0.876811623573303,1,1,72,1.08000004291534,5.40000021457672
12,2007-12-23,23080760,72,Definitivo,SAN ROQUE [23080760],Pluviométrica,Convencional,Activa,Antioquia,San Roque,6.4875,-75.017,820,5/15/1975,,Monchia,Magdalena Cauca,Medio Magdalena,Río Nare,2007,23,Andes,Definitivo,72,72,0,5.76203966140747,5.76203966140747,0,17.2759552001953,15.3465099334717,3.05454540252686,6.04363632202148,5,10,0.869565188884735,0.876811623573303,1,1,71,1.08000004291534,77.7600030899048
12,2005-12-27,23080760,0,Definitivo,SAN ROQUE [23080760],Pluviométrica,Convencional,Activa,Antioquia,San Roque,6.4875,-75.017,820,5/15/1975,,Monchia,Magdalena Cauca,Medio Magdalena,Río Nare,2005,27,Andes,Definitivo,0,0,0,1.37591469287872,1.37591469287872,0,0.571879506111145,0.153139606118202,3.05454540252686,6.04363632202148,5,10,0.869565188884735,0.876811623573303,1,1,72,1.08000004291534,0
12,2008-12-20,23080760,0,Definitivo,SAN ROQUE [23080760],Pluviométrica,Convencional,Activa,Antioquia,San Roque,6.4875,-75.017,820,5/15/1975,,Monchia,Magdalena Cauca,Medio Magdalena,Río Nare,2008,20,Andes,Definitivo,0,0,0,4.47674608230591,4.47674608230591,0,0.93490993976593,0.134351417422295,3.05454540252686,6.04363632202148,5,10,0.869565188884735,0.876811623573303,1,1,70,1.08000004291534,0
12,2008-12-19,23080760,,"",SAN ROQUE [23080760],Pluviométrica,Convencional,Activa,Antioquia,San Roque,6.4875,-75.017,820,5/15/1975,,Monchia,Magdalena Cauca,Medio Magdalena,Río Nare,2008,19,Andes,Preliminar,0,0,0,3.53785395622253,3.53785395622253,0,0.5176020860672,0.540561318397522,3.05454540252686,6.04363632202148,5,10,0.869565188884735,0.876811623573303,1,1,70,1.08000004291534,0
12,2005-12-28,23080760,0,Definitivo,SAN ROQUE [23080760],Pluviométrica,Convencional,Activa,Antioquia,San Roque,6.4875,-75.017,820,5/15/1975,,Monchia,Magdalena Cauca,Medio Magdalena,Río Nare,2005,28,Andes,Definitivo,0,0,0,0.950798213481903,0.950798213481903,0,0.598751604557037,0.440858960151672,3.05454540252686,6.04363632202148,5,10,0.869565188884735,0.876811623573303,1,1,72,1.08000004291534,0
12,2007-12-26,23080760,85,Definitivo,SAN ROQUE [23080760],Pluviométrica,Convencional,Activa,Antioquia,San Roque,6.4875,-75.017,820,5/15/1975,,Monchia,Magdalena Cauca,Medio Magdalena,Río Nare,2007,26,Andes,Definitivo,85,85,0,18.7221508026123,18.7221508026123,12.2230739593506,26.9757022857666,19.7032318115234,3.05454540252686,6.04363632202148,5,10,0.869565188884735,0.876811623573303,1,1,72,1.08000004291534,91.8000036478043
12,2006-12-24,23080760,5,Definitivo,SAN ROQUE [23080760],Pluviométrica,Convencional,Activa,Antioquia,San Roque,6.4875,-75.017,820,5/15/1975,,Monchia,Magdalena Cauca,Medio Magdalena,Río Nare,2006,24,Andes,Definitivo,5,5,0,5.62848997116089,5.62848997116089,7.29148435592651,12.2939491271973,13.2518301010132,3.05454540252686,6.04363632202148,5,10,0.869565188884735,0.876811623573303,1,1,71,1.08000004291534,5.40000021457672
12,2005-12-26,23080760,0,Definitivo,SAN ROQUE [23080760],Pluviométrica,Convencional,Activa,Antioquia,San Roque,6.4875,-75.017,820,5/15/1975,,Monchia,Magdalena Cauca,Medio Magdalena,Río Nare,2005,26,Andes,Definitivo,0,0,0,16.7395362854004,16.7395362854004,0,3.66034865379334,1.3877671957016,3.05454540252686,6.04363632202148,5,10,0.869565188884735,0.876811623573303,1,1,72,1.08000004291534,0
12,2006-12-30,23080760,11,Definitivo,SAN ROQUE [23080760],Pluviométrica,Convencional,Activa,Antioquia,San Roque,6.4875,-75.017,820,5/15/1975,,Monchia,Magdalena Cauca,Medio Magdalena,Río Nare,2006,30,Andes,Definitivo,11,11,0,0.478299349546433,0.478299349546433,0,0.0320764556527138,0,3.05454540252686,6.04363632202148,5,10,0.869565188884735,0.876811623573303,1,1,72,1.08000004291534,11.8800004720688
12,2009-12-17,23080760,15,Definitivo,SAN ROQUE [23080760],Pluviométrica,Convencional,Activa,Antioquia,San Roque,6.4875,-75.017,820,5/15/1975,,Monchia,Magdalena Cauca,Medio Magdalena,Río Nare,2009,17,Andes,Definitivo,15,15,0,3.93331527709961,3.93331527709961,0,3.24468851089478,0.202561736106873,3.05454540252686,6.04363632202148,5,10,0.869565188884735,0.876811623573303,1,1,70,1.08000004291534,16.2000006437302
12,2004-12-29,23080760,0.1,Definitivo,SAN ROQUE [23080760],Pluviométrica,Convencional,Activa,Antioquia,San Roque,6.4875,-75.017,820,5/15/1975,,Monchia,Magdalena Cauca,Medio Magdalena,Río Nare,2004,29,Andes,Definitivo,0.1,0.1,0,4.44107007980347,4.44107007980347,0,1.16788756847382,2.51021957397461,3.05454540252686,6.04363632202148,5,10,0.869565188884735,0.876811623573303,1,1,72,1.08000004291534,0.108000004291534
12,2007-12-27,23080760,27,Definitivo,SAN ROQUE [23080760],Pluviométrica,Convencional,Activa,Antioquia,San Roque,6.4875,-75.017,820,5/15/1975,,Monchia,Magdalena Cauca,Medio Magdalena,Río Nare,2007,27,Andes,Definitivo,27,27,0,10.0343551635742,10.0343551635742,61.1153717041016,45.0820198059082,84.4745178222656,3.05454540252686,6.04363632202148,5,10,0.869565188884735,0.876811623573303,1,1,72,1.08000004291534,29.1600011587143
12,2007-12-25,23080760,10,Definitivo,SAN ROQUE [23080760],Pluviométrica,Convencional,Activa,Antioquia,San Roque,6.4875,-75.017,820,5/15/1975,,Monchia,Magdalena Cauca,Medio Magdalena,Río Nare,2007,25,Andes,Definitivo,10,10,0,6.46599864959717,6.46599864959717,17.0838756561279,19.381763458252,2.43819403648376,3.05454540252686,6.04363632202148,5,10,0.869565188884735,0.876811623573303,1,1,71,1.08000004291534,10.8000004291534
12,2007-12-21,23080760,0,Definitivo,SAN ROQUE [23080760],Pluviométrica,Convencional,Activa,Antioquia,San Roque,6.4875,-75.017,820,5/15/1975,,Monchia,Magdalena Cauca,Medio Magdalena,Río Nare,2007,21,Andes,Definitivo,0,0,0,5.81939888000488,5.81939888000488,0,21.8273773193359,0.863029956817627,3.05454540252686,6.04363632202148,5,10,0.869565188884735,0.876811623573303,1,1,71,1.08000004291534,0
12,2008-12-21,23080760,6,Definitivo,SAN ROQUE [23080760],Pluviométrica,Convencional,Activa,Antioquia,San Roque,6.4875,-75.017,820,5/15/1975,,Monchia,Magdalena Cauca,Medio Magdalena,Río Nare,2008,21,Andes,Definitivo,6,6,0,0.915555477142334,0.915555477142334,0,3.33848571777344,3.73458480834961,3.05454540252686,6.04363632202148,5,10,0.869565188884735,0.876811623573303,1,1,71,1.08000004291534,6.48000025749207
12,2004-12-28,23080760,,"",SAN ROQUE [23080760],Pluviométrica,Convencional,Activa,Antioquia,San Roque,6.4875,-75.017,820,5/15/1975,,Monchia,Magdalena Cauca,Medio Magdalena,Río Nare,2004,28,Andes,Preliminar,0,0,0,0.187891408801079,0.187891408801079,0,2.95726180076599,0.232497587800026,3.05454540252686,6.04363632202148,5,10,0.869565188884735,0.876811623573303,1,1,72,1.08000004291534,0
12,2007-12-22,23080760,7,Definitivo,SAN ROQUE [23080760],Pluviométrica,Convencional,Activa,Antioquia,San Roque,6.4875,-75.017,820,5/15/1975,,Monchia,Magdalena Cauca,Medio Magdalena,Río Nare,2007,22,Andes,Definitivo,7,7,0,2.85755443572998,2.85755443572998,0,12.1920700073242,3.04422926902771,3.05454540252686,6.04363632202148,5,10,0.869565188884735,0.876811623573303,1,1,71,1.08000004291534,7.56000030040741
12,2006-12-31,23080760,6,Definitivo,SAN ROQUE [23080760],Pluviométrica,Convencional,Activa,Antioquia,San Roque,6.4875,-75.017,820,5/15/1975,,Monchia,Magdalena Cauca,Medio Magdalena,Río Nare,2006,31,Andes,Definitivo,6,6,0,1.39685130119324,1.39685130119324,0,1.2480947971344,0,3.05454540252686,6.04363632202148,5,10,0.869565188884735,0.876811623573303,1,1,72,1.08000004291534,6.48000025749207
12,2009-12-16,23080760,,"",SAN ROQUE [23080760],Pluviométrica,Convencional,Activa,Antioquia,San Roque,6.4875,-75.017,820,5/15/1975,,Monchia,Magdalena Cauca,Medio Magdalena,Río Nare,2009,16,Andes,Preliminar,0,0,0,0.412928104400635,0.412928104400635,0,1.3223432302475,3.5689480304718,3.05454540252686,6.04363632202148,5,10,0.869565188884735,0.876811623573303,1,1,70,1.08000004291534,0
12,2010-12-14,23080760,5,Definitivo,SAN ROQUE [23080760],Pluviométrica,Convencional,Activa,Antioquia,San Roque,6.4875,-75.017,820,5/15/1975,,Monchia,Magdalena Cauca,Medio Magdalena,Río Nare,2010,14,Andes,Definitivo,5,5,0,5.48929071426392,5.48929071426392,16.6482257843018,18.4198398590088,13.3914632797241,3.05454540252686,6.04363632202148,5,10,0.869565188884735,0.876811623573303,1,1,69,1.08000004291534,5.40000021457672
12,2008-12-29,23080760,4,Definitivo,SAN ROQUE [23080760],Pluviométrica,Convencional,Activa,Antioquia,San Roque,6.4875,-75.017,820,5/15/1975,,Monchia,Magdalena Cauca,Medio Magdalena,Río Nare,2008,29,Andes,Definitivo,4,4,0,0.756811678409576,0.756811678409576,0,1.19896626472473,0.965055525302887,3.05454540252686,6.04363632202148,5,10,0.869565188884735,0.876811623573303,1,1,72,1.08000004291534,4.32000017166138
12,2005-12-25,23080760,2,Definitivo,SAN ROQUE [23080760],Pluviométrica,Convencional,Activa,Antioquia,San Roque,6.4875,-75.017,820,5/15/1975,,Monchia,Magdalena Cauca,Medio Magdalena,Río Nare,2005,25,Andes,Definitivo,2,2,0,9.0396900177002,9.0396900177002,24.0302562713623,12.1720504760742,39.4053153991699,3.05454540252686,6.04363632202148,5,10,0.869565188884735,0.876811623573303,1,1,71,1.08000004291534,2.16000008583069
12,2008-12-30,23080760,23,Definitivo,SAN ROQUE [23080760],Pluviométrica,Convencional,Activa,Antioquia,San Roque,6.4875,-75.017,820,5/15/1975,,Monchia,Magdalena Cauca,Medio Magdalena,Río Nare,2008,30,Andes,Definitivo,23,23,0,3.29256558418274,3.29256558418274,0,2.95701146125793,0,3.05454540252686,6.04363632202148,5,10,0.869565188884735,0.876811623573303,1,1,72,1.08000004291534,24.8400009870529
12,2008-12-18,23080760,,"",SAN ROQUE [23080760],Pluviométrica,Convencional,Activa,Antioquia,San Roque,6.4875,-75.017,820,5/15/1975,,Monchia,Magdalena Cauca,Medio Magdalena,Río Nare,2008,18,Andes,Preliminar,0,0,0,0.00340178306214511,0.00340178306214511,0,0.136332616209984,0.470229923725128,3.05454540252686,6.04363632202148,5,10,0.869565188884735,0.876811623573303,1,1,70,1.08000004291534,0
12,2008-12-22,23080760,,"",SAN ROQUE [23080760],Pluviométrica,Convencional,Activa,Antioquia,San Roque,6.4875,-75.017,820,5/15/1975,,Monchia,Magdalena Cauca,Medio Magdalena,Río Nare,2008,22,Andes,Preliminar,0,0,0,6.06592750549316,6.06592750549316,0,4.57036638259888,6.0751223564148,3.05454540252686,6.04363632202148,5,10,0.869565188884735,0.876811623573303,1,1,71,1.08000004291534,0
12,2009-12-18,23080760,,"",SAN ROQUE [23080760],Pluviométrica,Convencional,Activa,Antioquia,San Roque,6.4875,-75.017,820,5/15/1975,,Monchia,Magdalena Cauca,Medio Magdalena,Río Nare,2009,18,Andes,Preliminar,0,0,0,9.40636253356934,9.40636253356934,46.4351806640625,7.36308908462524,32.9931526184082,3.05454540252686,6.04363632202148,5,10,0.869565188884735,0.876811623573303,1,1,70,1.08000004291534,0
12,2008-12-23,23080760,0,Definitivo,SAN ROQUE [23080760],Pluviométrica,Convencional,Activa,Antioquia,San Roque,6.4875,-75.017,820,5/15/1975,,Monchia,Magdalena Cauca,Medio Magdalena,Río Nare,2008,23,Andes,Definitivo,0,0,0,0.745566368103027,0.745566368103027,0,2.09111881256104,0,3.05454540252686,6.04363632202148,5,10,0.869565188884735,0.876811623573303,1,1,71,1.08000004291534,0
12,2007-12-28,23080760,17,Definitivo,SAN ROQUE [23080760],Pluviométrica,Convencional,Activa,Antioquia,San Roque,6.4875,-75.017,820,5/15/1975,,Monchia,Magdalena Cauca,Medio Magdalena,Río Nare,2007,28,Andes,Definitivo,17,17,0,9.99445629119873,9.99445629119873,0,20.2747592926025,0.106449380517006,3.05454540252686,6.04363632202148,5,10,0.869565188884735,0.876811623573303,1,1,72,1.08000004291534,18.3600007295609
12,2008-12-28,23080760,0,Definitivo,SAN ROQUE [23080760],Pluviométrica,Convencional,Activa,Antioquia,San Roque,6.4875,-75.017,820,5/15/1975,,Monchia,Magdalena Cauca,Medio Magdalena,Río Nare,2008,28,Andes,Definitivo,0,0,0,0.826403379440308,0.826403379440308,0,0.570574104785919,0.390951871871948,3.05454540252686,6.04363632202148,5,10,0.869565188884735,0.876811623573303,1,1,72,1.08000004291534,0
12,2003-12-31,23080760,1,Definitivo,SAN ROQUE [23080760],Pluviométrica,Convencional,Activa,Antioquia,San Roque,6.4875,-75.017,820,5/15/1975,,Monchia,Magdalena Cauca,Medio Magdalena,Río Nare,2003,31,Andes,Definitivo,1,1,0,0.215316951274872,0.215316951274872,0,0.517385303974152,0.510175049304962,3.05454540252686,6.04363632202148,5,10,0.869565188884735,0.876811623573303,1,1,72,1.08000004291534,1.08000004291534
12,2009-12-25,23080760,1,Definitivo,SAN ROQUE [23080760],Pluviométrica,Convencional,Activa,Antioquia,San Roque,6.4875,-75.017,820,5/15/1975,,Monchia,Magdalena Cauca,Medio Magdalena,Río Nare,2009,25,Andes,Definitivo,1,1,0,4.99663591384888,4.99663591384888,15.1357202529907,15.7713241577148,32.6943740844727,3.05454540252686,6.04363632202148,5,10,0.869565188884735,0.876811623573303,1,1,71,1.08000004291534,1.08000004291534
12,2006-12-23,23080760,0,Definitivo,SAN ROQUE [23080760],Pluviométrica,Convencional,Activa,Antioquia,San Roque,6.4875,-75.017,820,5/15/1975,,Monchia,Magdalena Cauca,Medio Magdalena,Río Nare,2006,23,Andes,Definitivo,0,0,0,9.74437236785889,9.74437236785889,7.29148435592651,16.7861270904541,2.0017306804657,3.05454540252686,6.04363632202148,5,10,0.869565188884735,0.876811623573303,1,1,71,1.08000004291534,0
12,2010-12-13,23080760,0,Definitivo,SAN ROQUE [23080760],Pluviométrica,Convencional,Activa,Antioquia,San Roque,6.4875,-75.017,820,5/15/1975,,Monchia,Magdalena Cauca,Medio Magdalena,Río Nare,2010,13,Andes,Definitivo,0,0,0,6.02828121185303,6.02828121185303,8.32411289215088,14.324818611145,10.6054306030273,3.05454540252686,6.04363632202148,5,10,0.869565188884735,0.876811623573303,1,1,69,1.08000004291534,0
12,2009-12-15,23080760,,"",SAN ROQUE [23080760],Pluviométrica,Convencional,Activa,Antioquia,San Roque,6.4875,-75.017,820,5/15/1975,,Monchia,Magdalena Cauca,Medio Magdalena,Río Nare,2009,15,Andes,Preliminar,0,0,0,0.639740288257599,0.639740288257599,0,0.848182559013367,0.0696707665920258,3.05454540252686,6.04363632202148,5,10,0.869565188884735,0.876811623573303,1,1,69,1.08000004291534,0
12,2008-12-13,23080760,,"",SAN ROQUE [23080760],Pluviométrica,Convencional,Activa,Antioquia,San Roque,6.4875,-75.017,820,5/15/1975,,Monchia,Magdalena Cauca,Medio Magdalena,Río Nare,2008,13,Andes,Preliminar,0,0,0,5.56027173995972,5.56027173995972,0,3.71242189407349,0.113522194325924,3.05454540252686,6.04363632202148,5,10,0.869565188884735,0.876811623573303,1,1,69,1.08000004291534,0
12,2009-12-19,23080760,17,Definitivo,SAN ROQUE [23080760],Pluviométrica,Convencional,Activa,Antioquia,San Roque,6.4875,-75.017,820,5/15/1975,,Monchia,Magdalena Cauca,Medio Magdalena,Río Nare,2009,19,Andes,Definitivo,17,17,0,10.0572490692139,10.0572490692139,0,18.018217086792,9.50564575195312,3.05454540252686,6.04363632202148,5,10,0.869565188884735,0.876811623573303,1,1,70,1.08000004291534,18.3600007295609
12,2008-12-17,23080760,,"",SAN ROQUE [23080760],Pluviométrica,Convencional,Activa,Antioquia,San Roque,6.4875,-75.017,820,5/15/1975,,Monchia,Magdalena Cauca,Medio Magdalena,Río Nare,2008,17,Andes,Preliminar,0,0,0,0.0714374408125877,0.0714374408125877,0,0.34288364648819,1.40753400325775,3.05454540252686,6.04363632202148,5,10,0.869565188884735,0.876811623573303,1,1,70,1.08000004291534,0
12,2007-12-29,23080760,5,Definitivo,SAN ROQUE [23080760],Pluviométrica,Convencional,Activa,Antioquia,San Roque,6.4875,-75.017,820,5/15/1975,,Monchia,Magdalena Cauca,Medio Magdalena,Río Nare,2007,29,Andes,Definitivo,5,5,0,9.21644496917725,9.21644496917725,12.2230739593506,8.57653427124023,0.912396728992462,3.05454540252686,6.04363632202148,5,10,0.869565188884735,0.876811623573303,1,1,72,1.08000004291534,5.40000021457672
12,2007-12-30,23080760,0,Definitivo,SAN ROQUE [23080760],Pluviométrica,Convencional,Activa,Antioquia,San Roque,6.4875,-75.017,820,5/15/1975,,Monchia,Magdalena Cauca,Medio Magdalena,Río Nare,2007,30,Andes,Definitivo,0,0,0,2.33403491973877,2.33403491973877,12.2230739593506,4.5667896270752,6.06279802322388,3.05454540252686,6.04363632202148,5,10,0.869565188884735,0.876811623573303,1,1,72,1.08000004291534,0
12,2004-12-27,23080760,,"",SAN ROQUE [23080760],Pluviométrica,Convencional,Activa,Antioquia,San Roque,6.4875,-75.017,820,5/15/1975,,Monchia,Magdalena Cauca,Medio Magdalena,Río Nare,2004,27,Andes,Preliminar,0,0,0,1.98140048980713,1.98140048980713,0,0.472790122032166,1.71009993553162,3.05454540252686,6.04363632202148,5,10,0.869565188884735,0.876811623573303,1,1,72,1.08000004291534,0
12,2009-12-20,23080760,26,Definitivo,SAN ROQUE [23080760],Pluviométrica,Convencional,Activa,Antioquia,San Roque,6.4875,-75.017,820,5/15/1975,,Monchia,Magdalena Cauca,Medio Magdalena,Río Nare,2009,20,Andes,Definitivo,26,26,0,5.33307123184204,5.33307123184204,0,20.1717758178711,3.84980344772339,3.05454540252686,6.04363632202148,5,10,0.869565188884735,0.876811623573303,1,1,70,1.08000004291534,28.080001115799
12,2005-12-30,23080760,,"",SAN ROQUE [23080760],Pluviométrica,Convencional,Activa,Antioquia,San Roque,6.4875,-75.017,820,5/15/1975,,Monchia,Magdalena Cauca,Medio Magdalena,Río Nare,2005,30,Andes,Preliminar,0,0,0,0.516539514064789,0.516539514064789,0,0.0854116678237915,0.409984290599823,3.05454540252686,6.04363632202148,5,10,0.869565188884735,0.876811623573303,1,1,72,1.08000004291534,0
12,2009-12-24,23080760,,"",SAN ROQUE [23080760],Pluviométrica,Convencional,Activa,Antioquia,San Roque,6.4875,-75.017,820,5/15/1975,,Monchia,Magdalena Cauca,Medio Magdalena,Río Nare,2009,24,Andes,Preliminar,0,0,0,9.18736267089844,9.18736267089844,0,7.64357280731201,0.776080191135407,3.05454540252686,6.04363632202148,5,10,0.869565188884735,0.876811623573303,1,1,71,1.08000004291534,0
12,2008-12-12,23080760,2,Definitivo,SAN ROQUE [23080760],Pluviométrica,Convencional,Activa,Antioquia,San Roque,6.4875,-75.017,820,5/15/1975,,Monchia,Magdalena Cauca,Medio Magdalena,Río Nare,2008,12,Andes,Definitivo,2,2,0,8.01682949066162,8.01682949066162,0,7.72241258621216,12.2865543365479,3.05454540252686,6.04363632202148,5,10,0.869565188884735,0.876811623573303,1,1,69,1.08000004291534,2.16000008583069
12,2009-12-26,23080760,,"",SAN ROQUE [23080760],Pluviométrica,Convencional,Activa,Antioquia,San Roque,6.4875,-75.017,820,5/15/1975,,Monchia,Magdalena Cauca,Medio Magdalena,Río Nare,2009,26,Andes,Preliminar,0,0,0,6.69369316101074,6.69369316101074,0,2.14614200592041,3.82057023048401,3.05454540252686,6.04363632202148,5,10,0.869565188884735,0.876811623573303,1,1,72,1.08000004291534,0
12,2009-12-27,23080760,0,Definitivo,SAN ROQUE [23080760],Pluviométrica,Convencional,Activa,Antioquia,San Roque,6.4875,-75.017,820,5/15/1975,,Monchia,Magdalena Cauca,Medio Magdalena,Río Nare,2009,27,Andes,Definitivo,0,0,0,5.49357795715332,5.49357795715332,0,2.86679649353027,2.45568823814392,3.05454540252686,6.04363632202148,5,10,0.869565188884735,0.876811623573303,1,1,72,1.08000004291534,0
12,2008-12-31,23080760,3,Definitivo,SAN ROQUE [23080760],Pluviométrica,Convencional,Activa,Antioquia,San Roque,6.4875,-75.017,820,5/15/1975,,Monchia,Magdalena Cauca,Medio Magdalena,Río Nare,2008,31,Andes,Definitivo,3,3,0,6.47204446792603,6.47204446792603,0,3.2721164226532,5.40963172912598,3.05454540252686,6.04363632202148,5,10,0.869565188884735,0.876811623573303,1,1,72,1.08000004291534,3.24000012874603
12,2008-12-25,23080760,0,Definitivo,SAN ROQUE [23080760],Pluviométrica,Convencional,Activa,Antioquia,San Roque,6.4875,-75.017,820,5/15/1975,,Monchia,Magdalena Cauca,Medio Magdalena,Río Nare,2008,25,Andes,Definitivo,0,0,0,2.23371648788452,2.23371648788452,0,1.12576353549957,1.10253357887268,3.05454540252686,6.04363632202148,5,10,0.869565188884735,0.876811623573303,1,1,71,1.08000004291534,0
12,2010-12-15,23080760,7,Definitivo,SAN ROQUE [23080760],Pluviométrica,Convencional,Activa,Antioquia,San Roque,6.4875,-75.017,820,5/15/1975,,Monchia,Magdalena Cauca,Medio Magdalena,Río Nare,2010,15,Andes,Definitivo,7,7,0,9.92353630065918,9.92353630065918,8.32411289215088,11.3255348205566,23.9159030914307,3.05454540252686,6.04363632202148,5,10,0.869565188884735,0.876811623573303,1,1,69,1.08000004291534,7.56000030040741
12,2010-12-16,23080760,2,Definitivo,SAN ROQUE [23080760],Pluviométrica,Convencional,Activa,Antioquia,San Roque,6.4875,-75.017,820,5/15/1975,,Monchia,Magdalena Cauca,Medio Magdalena,Río Nare,2010,16,Andes,Definitivo,2,2,0,2.88373947143555,2.88373947143555,0,3.54603862762451,3.53069663047791,3.05454540252686,6.04363632202148,5,10,0.869565188884735,0.876811623573303,1,1,70,1.08000004291534,2.16000008583069
12,2008-12-24,23080760,0,Definitivo,SAN ROQUE [23080760],Pluviométrica,Convencional,Activa,Antioquia,San Roque,6.4875,-75.017,820,5/15/1975,,Monchia,Magdalena Cauca,Medio Magdalena,Río Nare,2008,24,Andes,Definitivo,0,0,0,1.47920358181,1.47920358181,0,0.898000180721283,1.11149370670319,3.05454540252686,6.04363632202148,5,10,0.869565188884735,0.876811623573303,1,1,71,1.08000004291534,0
12,2003-12-30,23080760,0,Definitivo,SAN ROQUE [23080760],Pluviométrica,Convencional,Activa,Antioquia,San Roque,6.4875,-75.017,820,5/15/1975,,Monchia,Magdalena Cauca,Medio Magdalena,Río Nare,2003,30,Andes,Definitivo,0,0,0,1.16061103343964,1.16061103343964,0,0.642835259437561,0.978466868400574,3.05454540252686,6.04363632202148,5,10,0.869565188884735,0.876811623573303,1,1,72,1.08000004291534,0
12,2010-12-21,23080760,3,Definitivo,SAN ROQUE [23080760],Pluviométrica,Convencional,Activa,Antioquia,San Roque,6.4875,-75.017,820,5/15/1975,,Monchia,Magdalena Cauca,Medio Magdalena,Río Nare,2010,21,Andes,Definitivo,3,3,0,0.0338342748582363,0.0338342748582363,0,1.48241436481476,4.76533603668213,3.05454540252686,6.04363632202148,5,10,0.869565188884735,0.876811623573303,1,1,71,1.08000004291534,3.24000012874603
12,2006-12-22,23080760,2,Definitivo,SAN ROQUE [23080760],Pluviométrica,Convencional,Activa,Antioquia,San Roque,6.4875,-75.017,820,5/15/1975,,Monchia,Magdalena Cauca,Medio Magdalena,Río Nare,2006,22,Andes,Definitivo,2,2,0,3.92481684684753,3.92481684684753,7.29148435592651,2.78771162033081,9.23871231079102,3.05454540252686,6.04363632202148,5,10,0.869565188884735,0.876811623573303,1,1,71,1.08000004291534,2.16000008583069
12,2005-12-29,23080760,0,Definitivo,SAN ROQUE [23080760],Pluviométrica,Convencional,Activa,Antioquia,San Roque,6.4875,-75.017,820,5/15/1975,,Monchia,Magdalena Cauca,Medio Magdalena,Río Nare,2005,29,Andes,Definitivo,0,0,0,2.97581577301025,2.97581577301025,0,1.15922594070435,3.50908780097961,3.05454540252686,6.04363632202148,5,10,0.869565188884735,0.876811623573303,1,1,72,1.08000004291534,0
12,2009-12-14,23080760,,"",SAN ROQUE [23080760],Pluviométrica,Convencional,Activa,Antioquia,San Roque,6.4875,-75.017,820,5/15/1975,,Monchia,Magdalena Cauca,Medio Magdalena,Río Nare,2009,14,Andes,Preliminar,0,0,0,0,0,0,1.95767641067505,0,3.05454540252686,6.04363632202148,5,10,0.869565188884735,0.876811623573303,1,1,69,1.08000004291534,0
12,2010-12-12,23080760,,"",SAN ROQUE [23080760],Pluviométrica,Convencional,Activa,Antioquia,San Roque,6.4875,-75.017,820,5/15/1975,,Monchia,Magdalena Cauca,Medio Magdalena,Río Nare,2010,12,Andes,Preliminar,0,0,0,3.76528668403626,3.76528668403626,0,3.20750713348389,0.426186323165894,3.05454540252686,6.04363632202148,5,10,0.869565188884735,0.876811623573303,1,1,69,1.08000004291534,0
12,2009-12-10,23080760,,"",SAN ROQUE [23080760],Pluviométrica,Convencional,Activa,Antioquia,San Roque,6.4875,-75.017,820,5/15/1975,,Monchia,Magdalena Cauca,Medio Magdalena,Río Nare,2009,10,Andes,Preliminar,0,0,0,1.7172132730484,1.7172132730484,0,1.59114825725555,0.376796454191208,3.05454540252686,6.04363632202148,5,10,0.869565188884735,0.876811623573303,1,1,68,1.08000004291534,0
12,2007-12-20,23080760,,"",SAN ROQUE [23080760],Pluviométrica,Convencional,Activa,Antioquia,San Roque,6.4875,-75.017,820,5/15/1975,,Monchia,Magdalena Cauca,Medio Magdalena,Río Nare,2007,20,Andes,Preliminar,0,0,0,0.863998711109161,0.863998711109161,0,0.277400612831116,0,3.05454540252686,6.04363632202148,5,10,0.869565188884735,0.876811623573303,1,1,70,1.08000004291534,0
12,2010-12-17,23080760,,"",SAN ROQUE [23080760],Pluviométrica,Convencional,Activa,Antioquia,San Roque,6.4875,-75.017,820,5/15/1975,,Monchia,Magdalena Cauca,Medio Magdalena,Río Nare,2010,17,Andes,Preliminar,0,0,0,0.826354563236237,0.826354563236237,0,0.815334498882294,1.93550908565521,3.05454540252686,6.04363632202148,5,10,0.869565188884735,0.876811623573303,1,1,70,1.08000004291534,0
12,2009-12-21,23080760,65,Definitivo,SAN ROQUE [23080760],Pluviométrica,Convencional,Activa,Antioquia,San Roque,6.4875,-75.017,820,5/15/1975,,Monchia,Magdalena Cauca,Medio Magdalena,Río Nare,2009,21,Andes,Definitivo,65,65,0,3.58995866775513,3.58995866775513,15.1357202529907,6.29525756835938,4.92596292495728,3.05454540252686,6.04363632202148,5,10,0.869565188884735,0.876811623573303,1,1,71,1.08000004291534,70.2000027894974
12,2008-12-26,23080760,0,Definitivo,SAN ROQUE [23080760],Pluviométrica,Convencional,Activa,Antioquia,San Roque,6.4875,-75.017,820,5/15/1975,,Monchia,Magdalena Cauca,Medio Magdalena,Río Nare,2008,26,Andes,Definitivo,0,0,0,2.40091943740845,2.40091943740845,0,1.86613738536835,4.52852582931519,3.05454540252686,6.04363632202148,5,10,0.869565188884735,0.876811623573303,1,1,72,1.08000004291534,0
12,2011-12-12,23080760,53,Definitivo,SAN ROQUE [23080760],Pluviométrica,Convencional,Activa,Antioquia,San Roque,6.4875,-75.017,820,5/15/1975,,Monchia,Magdalena Cauca,Medio Magdalena,Río Nare,2011,12,Andes,Definitivo,53,53,0,4.01714181900024,4.01714181900024,25.9012680053711,17.8732948303223,59.6411209106445,3.05454540252686,6.04363632202148,5,10,0.869565188884735,0.876811623573303,1,1,69,1.08000004291534,57.2400022745133
12,2004-12-31,23080760,,"",SAN ROQUE [23080760],Pluviométrica,Convencional,Activa,Antioquia,San Roque,6.4875,-75.017,820,5/15/1975,,Monchia,Magdalena Cauca,Medio Magdalena,Río Nare,2004,31,Andes,Preliminar,0,0,0,0.495350122451782,0.495350122451782,0,0.321273356676102,0.105434320867062,3.05454540252686,6.04363632202148,5,10,0.869565188884735,0.876811623573303,1,1,72,1.08000004291534,0
12,2011-12-17,23080760,26,Definitivo,SAN ROQUE [23080760],Pluviométrica,Convencional,Activa,Antioquia,San Roque,6.4875,-75.017,820,5/15/1975,,Monchia,Magdalena Cauca,Medio Magdalena,Río Nare,2011,17,Andes,Definitivo,26,26,0,7.30971050262451,7.30971050262451,0,16.0037422180176,6.45178413391113,3.05454540252686,6.04363632202148,5,10,0.869565188884735,0.876811623573303,1,1,70,1.08000004291534,28.080001115799
12,2004-12-26,23080760,,"",SAN ROQUE [23080760],Pluviométrica,Convencional,Activa,Antioquia,San Roque,6.4875,-75.017,820,5/15/1975,,Monchia,Magdalena Cauca,Medio Magdalena,Río Nare,2004,26,Andes,Preliminar,0,0,0,1.5714555978775,1.5714555978775,0,0.257100969552994,0.340134412050247,3.05454540252686,6.04363632202148,5,10,0.869565188884735,0.876811623573303,1,1,72,1.08000004291534,0
12,2010-12-22,23080760,,"",SAN ROQUE [23080760],Pluviométrica,Convencional,Activa,Antioquia,San Roque,6.4875,-75.017,820,5/15/1975,,Monchia,Magdalena Cauca,Medio Magdalena,Río Nare,2010,22,Andes,Preliminar,0,0,0,0.682324469089508,0.682324469089508,0,1.72102725505829,0.58492124080658,3.05454540252686,6.04363632202148,5,10,0.869565188884735,0.876811623573303,1,1,71,1.08000004291534,0
12,2010-12-23,23080760,17,Definitivo,SAN ROQUE [23080760],Pluviométrica,Convencional,Activa,Antioquia,San Roque,6.4875,-75.017,820,5/15/1975,,Monchia,Magdalena Cauca,Medio Magdalena,Río Nare,2010,23,Andes,Definitivo,17,17,0,3.28192448616028,3.28192448616028,0,1.68254256248474,7.12295389175415,3.05454540252686,6.04363632202148,5,10,0.869565188884735,0.876811623573303,1,1,71,1.08000004291534,18.3600007295609
12,2010-12-24,23080760,0,Definitivo,SAN ROQUE [23080760],Pluviométrica,Convencional,Activa,Antioquia,San Roque,6.4875,-75.017,820,5/15/1975,,Monchia,Magdalena Cauca,Medio Magdalena,Río Nare,2010,24,Andes,Definitivo,0,0,0,5.79129981994629,5.79129981994629,0,3.74899005889893,0.175892472267151,3.05454540252686,6.04363632202148,5,10,0.869565188884735,0.876811623573303,1,1,71,1.08000004291534,0
12,2009-12-28,23080760,9,Definitivo,SAN ROQUE [23080760],Pluviométrica,Convencional,Activa,Antioquia,San Roque,6.4875,-75.017,820,5/15/1975,,Monchia,Magdalena Cauca,Medio Magdalena,Río Nare,2009,28,Andes,Definitivo,9,9,0,0.770127713680267,0.770127713680267,0,0.973246812820435,0,3.05454540252686,6.04363632202148,5,10,0.869565188884735,0.876811623573303,1,1,72,1.08000004291534,9.7200003862381
12,2009-12-09,23080760,7,Definitivo,SAN ROQUE [23080760],Pluviométrica,Convencional,Activa,Antioquia,San Roque,6.4875,-75.017,820,5/15/1975,,Monchia,Magdalena Cauca,Medio Magdalena,Río Nare,2009,09,Andes,Definitivo,7,7,0,3.18507766723633,3.18507766723633,0,1.93368995189667,3.00442671775818,3.05454540252686,6.04363632202148,5,10,0.869565188884735,0.876811623573303,1,1,68,1.08000004291534,7.56000030040741
12,2007-12-10,23080760,10,Definitivo,SAN ROQUE [23080760],Pluviométrica,Convencional,Activa,Antioquia,San Roque,6.4875,-75.017,820,5/15/1975,,Monchia,Magdalena Cauca,Medio Magdalena,Río Nare,2007,10,Andes,Definitivo,10,10,0,0.964425444602966,0.964425444602966,0,1.79380071163178,0.310873866081238,3.05454540252686,6.04363632202148,5,10,0.869565188884735,0.876811623573303,1,1,68,1.08000004291534,10.8000004291534
12,2011-12-13,23080760,15,Definitivo,SAN ROQUE [23080760],Pluviométrica,Convencional,Activa,Antioquia,San Roque,6.4875,-75.017,820,5/15/1975,,Monchia,Magdalena Cauca,Medio Magdalena,Río Nare,2011,13,Andes,Definitivo,15,15,0,11.6421451568604,11.6421451568604,0,18.8779335021973,22.7021923065186,3.05454540252686,6.04363632202148,5,10,0.869565188884735,0.876811623573303,1,1,69,1.08000004291534,16.2000006437302
12,2011-12-14,23080760,22,Definitivo,SAN ROQUE [23080760],Pluviométrica,Convencional,Activa,Antioquia,San Roque,6.4875,-75.017,820,5/15/1975,,Monchia,Magdalena Cauca,Medio Magdalena,Río Nare,2011,14,Andes,Definitivo,22,22,0,11.6014013290405,11.6014013290405,25.9012680053711,15.9380044937134,5.9887490272522,3.05454540252686,6.04363632202148,5,10,0.869565188884735,0.876811623573303,1,1,69,1.08000004291534,23.7600009441376
12,2009-12-22,23080760,8,Definitivo,SAN ROQUE [23080760],Pluviométrica,Convencional,Activa,Antioquia,San Roque,6.4875,-75.017,820,5/15/1975,,Monchia,Magdalena Cauca,Medio Magdalena,Río Nare,2009,22,Andes,Definitivo,8,8,0,6.16886758804321,6.16886758804321,0,14.4461183547974,0.421518445014954,3.05454540252686,6.04363632202148,5,10,0.869565188884735,0.876811623573303,1,1,71,1.08000004291534,8.64000034332275
12,2007-12-31,23080760,0,Definitivo,SAN ROQUE [23080760],Pluviométrica,Convencional,Activa,Antioquia,San Roque,6.4875,-75.017,820,5/15/1975,,Monchia,Magdalena Cauca,Medio Magdalena,Río Nare,2007,31,Andes,Definitivo,0,0,0,1.81536054611206,1.81536054611206,0,7.1312780380249,1.34769582748413,3.05454540252686,6.04363632202148,5,10,0.869565188884735,0.876811623573303,1,1,72,1.08000004291534,0
12,2004-12-30,23080760,,"",SAN ROQUE [23080760],Pluviométrica,Convencional,Activa,Antioquia,San Roque,6.4875,-75.017,820,5/15/1975,,Monchia,Magdalena Cauca,Medio Magdalena,Río Nare,2004,30,Andes,Preliminar,0,0,0,1.52590620517731,1.52590620517731,0,0.384370476007462,0.662297964096069,3.05454540252686,6.04363632202148,5,10,0.869565188884735,0.876811623573303,1,1,72,1.08000004291534,0
12,2003-12-29,23080760,0.5,Definitivo,SAN ROQUE [23080760],Pluviométrica,Convencional,Activa,Antioquia,San Roque,6.4875,-75.017,820,5/15/1975,,Monchia,Magdalena Cauca,Medio Magdalena,Río Nare,2003,29,Andes,Definitivo,0.5,0.5,0,3.97548604011536,3.97548604011536,0,5.19183254241943,0,3.05454540252686,6.04363632202148,5,10,0.869565188884735,0.876811623573303,1,1,72,1.08000004291534,0.540000021457672
12,2012-12-13,23080760,,"",SAN ROQUE [23080760],Pluviométrica,Convencional,Activa,Antioquia,San Roque,6.4875,-75.017,820,5/15/1975,,Monchia,Magdalena Cauca,Medio Magdalena,Río Nare,2012,13,Andes,Preliminar,0,0,0,2.59184312820435,2.59184312820435,0,1.11121785640717,1.60587561130524,3.05454540252686,6.04363632202148,5,10,0.869565188884735,0.876811623573303,1,1,69,1.08000004291534,0
12,2005-12-24,23080760,8,Definitivo,SAN ROQUE [23080760],Pluviométrica,Convencional,Activa,Antioquia,San Roque,6.4875,-75.017,820,5/15/1975,,Monchia,Magdalena Cauca,Medio Magdalena,Río Nare,2005,24,Andes,Definitivo,8,8,0,5.4791464805603,5.4791464805603,12.0151281356812,10.9637622833252,3.79090738296509,3.05454540252686,6.04363632202148,5,10,0.869565188884735,0.876811623573303,1,1,71,1.08000004291534,8.64000034332275
12,2007-12-19,23080760,,"",SAN ROQUE [23080760],Pluviométrica,Convencional,Activa,Antioquia,San Roque,6.4875,-75.017,820,5/15/1975,,Monchia,Magdalena Cauca,Medio Magdalena,Río Nare,2007,19,Andes,Preliminar,0,0,0,2.76037931442261,2.76037931442261,0,0.51057755947113,0.179213866591454,3.05454540252686,6.04363632202148,5,10,0.869565188884735,0.876811623573303,1,1,70,1.08000004291534,0
12,2008-12-16,23080760,,"",SAN ROQUE [23080760],Pluviométrica,Convencional,Activa,Antioquia,San Roque,6.4875,-75.017,820,5/15/1975,,Monchia,Magdalena Cauca,Medio Magdalena,Río Nare,2008,16,Andes,Preliminar,0,0,0,0.574901282787323,0.574901282787323,0,0.755299627780914,0.134351417422295,3.05454540252686,6.04363632202148,5,10,0.869565188884735,0.876811623573303,1,1,70,1.08000004291534,0
12,2007-12-14,23080760,,"",SAN ROQUE [23080760],Pluviométrica,Convencional,Activa,Antioquia,San Roque,6.4875,-75.017,820,5/15/1975,,Monchia,Magdalena Cauca,Medio Magdalena,Río Nare,2007,14,Andes,Preliminar,0,0,0,1.88515269756317,1.88515269756317,0,1.94502484798431,1.35280847549438,3.05454540252686,6.04363632202148,5,10,0.869565188884735,0.876811623573303,1,1,69,1.08000004291534,0
12,2009-12-29,23080760,,"",SAN ROQUE [23080760],Pluviométrica,Convencional,Activa,Antioquia,San Roque,6.4875,-75.017,820,5/15/1975,,Monchia,Magdalena Cauca,Medio Magdalena,Río Nare,2009,29,Andes,Preliminar,0,0,0,0.795798659324646,0.795798659324646,0,0.35406032204628,0.527526497840881,3.05454540252686,6.04363632202148,5,10,0.869565188884735,0.876811623573303,1,1,72,1.08000004291534,0
12,2009-12-30,23080760,,"",SAN ROQUE [23080760],Pluviométrica,Convencional,Activa,Antioquia,San Roque,6.4875,-75.017,820,5/15/1975,,Monchia,Magdalena Cauca,Medio Magdalena,Río Nare,2009,30,Andes,Preliminar,0,0,0,0.962659537792206,0.962659537792206,0,0.442741364240646,0.357699751853943,3.05454540252686,6.04363632202148,5,10,0.869565188884735,0.876811623573303,1,1,72,1.08000004291534,0
12,2009-12-11,23080760,6,Definitivo,SAN ROQUE [23080760],Pluviométrica,Convencional,Activa,Antioquia,San Roque,6.4875,-75.017,820,5/15/1975,,Monchia,Magdalena Cauca,Medio Magdalena,Río Nare,2009,11,Andes,Definitivo,6,6,0,2.45969152450562,2.45969152450562,0,5.45004653930664,2.64878940582275,3.05454540252686,6.04363632202148,5,10,0.869565188884735,0.876811623573303,1,1,69,1.08000004291534,6.48000025749207
12,2012-12-09,23080760,,"",SAN ROQUE [23080760],Pluviométrica,Convencional,Activa,Antioquia,San Roque,6.4875,-75.017,820,5/15/1975,,Monchia,Magdalena Cauca,Medio Magdalena,Río Nare,2012,09,Andes,Preliminar,0,0,0,0.0782904252409935,0.0782904252409935,0,0.130729287862778,1.64282596111298,3.05454540252686,6.04363632202148,5,10,0.869565188884735,0.876811623573303,1,1,68,1.08000004291534,0
12,2010-12-18,23080760,10,Definitivo,SAN ROQUE [23080760],Pluviométrica,Convencional,Activa,Antioquia,San Roque,6.4875,-75.017,820,5/15/1975,,Monchia,Magdalena Cauca,Medio Magdalena,Río Nare,2010,18,Andes,Definitivo,10,10,0,2.90074300765991,2.90074300765991,0,2.5518581867218,0.895639479160309,3.05454540252686,6.04363632202148,5,10,0.869565188884735,0.876811623573303,1,1,70,1.08000004291534,10.8000004291534
12,2009-12-23,23080760,5,Definitivo,SAN ROQUE [23080760],Pluviométrica,Convencional,Activa,Antioquia,San Roque,6.4875,-75.017,820,5/15/1975,,Monchia,Magdalena Cauca,Medio Magdalena,Río Nare,2009,23,Andes,Definitivo,5,5,0,7.32644653320313,7.32644653320313,30.2714405059814,20.5459880828857,25.8843288421631,3.05454540252686,6.04363632202148,5,10,0.869565188884735,0.876811623573303,1,1,71,1.08000004291534,5.40000021457672
12,2008-12-27,23080760,0,Definitivo,SAN ROQUE [23080760],Pluviométrica,Convencional,Activa,Antioquia,San Roque,6.4875,-75.017,820,5/15/1975,,Monchia,Magdalena Cauca,Medio Magdalena,Río Nare,2008,27,Andes,Definitivo,0,0,0,1.17436289787292,1.17436289787292,0,1.42936062812805,0,3.05454540252686,6.04363632202148,5,10,0.869565188884735,0.876811623573303,1,1,72,1.08000004291534,0
12,2012-12-12,23080760,14,Definitivo,SAN ROQUE [23080760],Pluviométrica,Convencional,Activa,Antioquia,San Roque,6.4875,-75.017,820,5/15/1975,,Monchia,Magdalena Cauca,Medio Magdalena,Río Nare,2012,12,Andes,Definitivo,14,14,0,2.26200461387634,2.26200461387634,0,0.752416610717773,5.36893177032471,3.05454540252686,6.04363632202148,5,10,0.869565188884735,0.876811623573303,1,1,69,1.08000004291534,15.1200006008148
12,2004-12-25,23080760,,"",SAN ROQUE [23080760],Pluviométrica,Convencional,Activa,Antioquia,San Roque,6.4875,-75.017,820,5/15/1975,,Monchia,Magdalena Cauca,Medio Magdalena,Río Nare,2004,25,Andes,Preliminar,0,0,0,0.609062492847443,0.609062492847443,0,1.65750408172607,0.641008973121643,3.05454540252686,6.04363632202148,5,10,0.869565188884735,0.876811623573303,1,1,71,1.08000004291534,0
12,2011-12-18,23080760,31,Definitivo,SAN ROQUE [23080760],Pluviométrica,Convencional,Activa,Antioquia,San Roque,6.4875,-75.017,820,5/15/1975,,Monchia,Magdalena Cauca,Medio Magdalena,Río Nare,2011,18,Andes,Definitivo,31,31,0,6.16528797149658,6.16528797149658,0,6.60465478897095,2.60813331604004,3.05454540252686,6.04363632202148,5,10,0.869565188884735,0.876811623573303,1,1,70,1.08000004291534,33.4800013303757
12,2011-12-19,23080760,8,Definitivo,SAN ROQUE [23080760],Pluviométrica,Convencional,Activa,Antioquia,San Roque,6.4875,-75.017,820,5/15/1975,,Monchia,Magdalena Cauca,Medio Magdalena,Río Nare,2011,19,Andes,Definitivo,8,8,0,5.21694278717041,5.21694278717041,0,11.7836437225342,3.34979557991028,3.05454540252686,6.04363632202148,5,10,0.869565188884735,0.876811623573303,1,1,70,1.08000004291534,8.64000034332275
12,2011-12-20,23080760,,"",SAN ROQUE [23080760],Pluviométrica,Convencional,Activa,Antioquia,San Roque,6.4875,-75.017,820,5/15/1975,,Monchia,Magdalena Cauca,Medio Magdalena,Río Nare,2011,20,Andes,Preliminar,0,0,0,4.9046893119812,4.9046893119812,27.9418411254883,4.51805686950684,40.0519523620606,3.05454540252686,6.04363632202148,5,10,0.869565188884735,0.876811623573303,1,1,70,1.08000004291534,0
12,2011-12-21,23080760,10,Definitivo,SAN ROQUE [23080760],Pluviométrica,Convencional,Activa,Antioquia,San Roque,6.4875,-75.017,820,5/15/1975,,Monchia,Magdalena Cauca,Medio Magdalena,Río Nare,2011,21,Andes,Definitivo,10,10,0,5.19317197799683,5.19317197799683,0,6.40051078796387,0,3.05454540252686,6.04363632202148,5,10,0.869565188884735,0.876811623573303,1,1,71,1.08000004291534,10.8000004291534
12,2005-12-14,23080760,4,Definitivo,SAN ROQUE [23080760],Pluviométrica,Convencional,Activa,Antioquia,San Roque,6.4875,-75.017,820,5/15/1975,,Monchia,Magdalena Cauca,Medio Magdalena,Río Nare,2005,14,Andes,Definitivo,4,4,0,5.02063608169556,5.02063608169556,0,9.21526050567627,8.29373931884766,3.05454540252686,6.04363632202148,5,10,0.869565188884735,0.876811623573303,1,1,69,1.08000004291534,4.32000017166138
12,2004-12-11,23080760,5,Definitivo,SAN ROQUE [23080760],Pluviométrica,Convencional,Activa,Antioquia,San Roque,6.4875,-75.017,820,5/15/1975,,Monchia,Magdalena Cauca,Medio Magdalena,Río Nare,2004,11,Andes,Definitivo,5,5,0,1.42184710502625,1.42184710502625,0,12.5907297134399,7.41215705871582,3.05454540252686,6.04363632202148,5,10,0.869565188884735,0.876811623573303,1,1,69,1.08000004291534,5.40000021457672
12,2005-12-09,23080760,,"",SAN ROQUE [23080760],Pluviométrica,Convencional,Activa,Antioquia,San Roque,6.4875,-75.017,820,5/15/1975,,Monchia,Magdalena Cauca,Medio Magdalena,Río Nare,2005,09,Andes,Preliminar,0,0,0,2.49181342124939,2.49181342124939,0,0.674367368221283,0.638709247112274,3.05454540252686,6.04363632202148,5,10,0.869565188884735,0.876811623573303,1,1,68,1.08000004291534,0
12,2007-12-11,23080760,11,Definitivo,SAN ROQUE [23080760],Pluviométrica,Convencional,Activa,Antioquia,San Roque,6.4875,-75.017,820,5/15/1975,,Monchia,Magdalena Cauca,Medio Magdalena,Río Nare,2007,11,Andes,Definitivo,11,11,0,4.86959362030029,4.86959362030029,0,1.42177391052246,1.94458603858948,3.05454540252686,6.04363632202148,5,10,0.869565188884735,0.876811623573303,1,1,69,1.08000004291534,11.8800004720688
12,2012-12-10,23080760,,"",SAN ROQUE [23080760],Pluviométrica,Convencional,Activa,Antioquia,San Roque,6.4875,-75.017,820,5/15/1975,,Monchia,Magdalena Cauca,Medio Magdalena,Río Nare,2012,10,Andes,Preliminar,0,0,0,0.271950751543045,0.271950751543045,0,0.107434801757336,1.55065834522247,3.05454540252686,6.04363632202148,5,10,0.869565188884735,0.876811623573303,1,1,68,1.08000004291534,0
12,2010-12-19,23080760,1,Definitivo,SAN ROQUE [23080760],Pluviométrica,Convencional,Activa,Antioquia,San Roque,6.4875,-75.017,820,5/15/1975,,Monchia,Magdalena Cauca,Medio Magdalena,Río Nare,2010,19,Andes,Definitivo,1,1,0,5.68246221542358,5.68246221542358,0,3.90713739395142,4.81248950958252,3.05454540252686,6.04363632202148,5,10,0.869565188884735,0.876811623573303,1,1,70,1.08000004291534,1.08000004291534
12,2010-12-20,23080760,,"",SAN ROQUE [23080760],Pluviométrica,Convencional,Activa,Antioquia,San Roque,6.4875,-75.017,820,5/15/1975,,Monchia,Magdalena Cauca,Medio Magdalena,Río Nare,2010,20,Andes,Preliminar,0,0,0,1.48607778549194,1.48607778549194,0,0.789881825447083,0.435916781425476,3.05454540252686,6.04363632202148,5,10,0.869565188884735,0.876811623573303,1,1,70,1.08000004291534,0
12,2002-12-31,23080760,,"",SAN ROQUE [23080760],Pluviométrica,Convencional,Activa,Antioquia,San Roque,6.4875,-75.017,820,5/15/1975,,Monchia,Magdalena Cauca,Medio Magdalena,Río Nare,2002,31,Andes,Preliminar,0,0,0,0,0,0,1.12797868251801,1.47191023826599,3.05454540252686,6.04363632202148,5,10,0.869565188884735,0.876811623573303,1,1,72,1.08000004291534,0
12,2013-12-09,23080760,8,Definitivo,SAN ROQUE [23080760],Pluviométrica,Convencional,Activa,Antioquia,San Roque,6.4875,-75.017,820,5/15/1975,,Monchia,Magdalena Cauca,Medio Magdalena,Río Nare,2013,09,Andes,Definitivo,8,8,0,0.709767758846283,0.709767758846283,0,14.4237565994263,1.12087416648865,3.05454540252686,6.04363632202148,5,10,0.869565188884735,0.876811623573303,1,1,68,1.08000004291534,8.64000034332275
12,2005-12-23,23080760,4,Definitivo,SAN ROQUE [23080760],Pluviométrica,Convencional,Activa,Antioquia,San Roque,6.4875,-75.017,820,5/15/1975,,Monchia,Magdalena Cauca,Medio Magdalena,Río Nare,2005,23,Andes,Definitivo,4,4,0,7.47593832015991,7.47593832015991,0,12.5403184890747,1.04626333713532,3.05454540252686,6.04363632202148,5,10,0.869565188884735,0.876811623573303,1,1,71,1.08000004291534,4.32000017166138
12,2006-12-21,23080760,9,Definitivo,SAN ROQUE [23080760],Pluviométrica,Convencional,Activa,Antioquia,San Roque,6.4875,-75.017,820,5/15/1975,,Monchia,Magdalena Cauca,Medio Magdalena,Río Nare,2006,21,Andes,Definitivo,9,9,0,1.28969633579254,1.28969633579254,0,15.0715045928955,13.2130126953125,3.05454540252686,6.04363632202148,5,10,0.869565188884735,0.876811623573303,1,1,71,1.08000004291534,9.7200003862381
12,2008-12-15,23080760,,"",SAN ROQUE [23080760],Pluviométrica,Convencional,Activa,Antioquia,San Roque,6.4875,-75.017,820,5/15/1975,,Monchia,Magdalena Cauca,Medio Magdalena,Río Nare,2008,15,Andes,Preliminar,0,0,0,3.52634859085083,3.52634859085083,0,3.11724925041199,0.847228765487671,3.05454540252686,6.04363632202148,5,10,0.869565188884735,0.876811623573303,1,1,69,1.08000004291534,0
12,2009-12-13,23080760,,"",SAN ROQUE [23080760],Pluviométrica,Convencional,Activa,Antioquia,San Roque,6.4875,-75.017,820,5/15/1975,,Monchia,Magdalena Cauca,Medio Magdalena,Río Nare,2009,13,Andes,Preliminar,0,0,0,4.10316228866577,4.10316228866577,0,6.46363878250122,9.90519142150879,3.05454540252686,6.04363632202148,5,10,0.869565188884735,0.876811623573303,1,1,69,1.08000004291534,0
12,2010-12-25,23080760,5,Definitivo,SAN ROQUE [23080760],Pluviométrica,Convencional,Activa,Antioquia,San Roque,6.4875,-75.017,820,5/15/1975,,Monchia,Magdalena Cauca,Medio Magdalena,Río Nare,2010,25,Andes,Definitivo,5,5,0,1.11653101444244,1.11653101444244,0,4.36037492752075,0.34624719619751,3.05454540252686,6.04363632202148,5,10,0.869565188884735,0.876811623573303,1,1,71,1.08000004291534,5.40000021457672
12,2010-12-26,23080760,3,Definitivo,SAN ROQUE [23080760],Pluviométrica,Convencional,Activa,Antioquia,San Roque,6.4875,-75.017,820,5/15/1975,,Monchia,Magdalena Cauca,Medio Magdalena,Río Nare,2010,26,Andes,Definitivo,3,3,0,7.61231374740601,7.61231374740601,19.451042175293,5.15444993972778,19.6197681427002,3.05454540252686,6.04363632202148,5,10,0.869565188884735,0.876811623573303,1,1,72,1.08000004291534,3.24000012874603
12,2010-12-27,23080760,17,Definitivo,SAN ROQUE [23080760],Pluviométrica,Convencional,Activa,Antioquia,San Roque,6.4875,-75.017,820,5/15/1975,,Monchia,Magdalena Cauca,Medio Magdalena,Río Nare,2010,27,Andes,Definitivo,17,17,0,1.36968958377838,1.36968958377838,0,5.25425720214844,2.44093704223633,3.05454540252686,6.04363632202148,5,10,0.869565188884735,0.876811623573303,1,1,72,1.08000004291534,18.3600007295609
12,2009-12-31,23080760,,"",SAN ROQUE [23080760],Pluviométrica,Convencional,Activa,Antioquia,San Roque,6.4875,-75.017,820,5/15/1975,,Monchia,Magdalena Cauca,Medio Magdalena,Río Nare,2009,31,Andes,Preliminar,0,0,0,0.0320886522531509,0.0320886522531509,0,0.378498017787933,0,3.05454540252686,6.04363632202148,5,10,0.869565188884735,0.876811623573303,1,1,72,1.08000004291534,0
12,2010-12-09,23080760,1,Definitivo,SAN ROQUE [23080760],Pluviométrica,Convencional,Activa,Antioquia,San Roque,6.4875,-75.017,820,5/15/1975,,Monchia,Magdalena Cauca,Medio Magdalena,Río Nare,2010,09,Andes,Definitivo,1,1,0,5.59789133071899,5.59789133071899,38.6439323425293,13.1062440872192,21.1418304443359,3.05454540252686,6.04363632202148,5,10,0.869565188884735,0.876811623573303,1,1,68,1.08000004291534,1.08000004291534
12,2011-12-15,23080760,0,Definitivo,SAN ROQUE [23080760],Pluviométrica,Convencional,Activa,Antioquia,San Roque,6.4875,-75.017,820,5/15/1975,,Monchia,Magdalena Cauca,Medio Magdalena,Río Nare,2011,15,Andes,Definitivo,0,0,0,7.17904186248779,7.17904186248779,0,49.1023330688477,14.3317832946777,3.05454540252686,6.04363632202148,5,10,0.869565188884735,0.876811623573303,1,1,69,1.08000004291534,0
12,2011-12-16,23080760,5,Definitivo,SAN ROQUE [23080760],Pluviométrica,Convencional,Activa,Antioquia,San Roque,6.4875,-75.017,820,5/15/1975,,Monchia,Magdalena Cauca,Medio Magdalena,Río Nare,2011,16,Andes,Definitivo,5,5,0,7.45171356201172,7.45171356201172,13.9709205627441,18.42063331604,4.86906051635742,3.05454540252686,6.04363632202148,5,10,0.869565188884735,0.876811623573303,1,1,70,1.08000004291534,5.40000021457672
12,2010-12-11,23080760,,"",SAN ROQUE [23080760],Pluviométrica,Convencional,Activa,Antioquia,San Roque,6.4875,-75.017,820,5/15/1975,,Monchia,Magdalena Cauca,Medio Magdalena,Río Nare,2010,11,Andes,Preliminar,0,0,0,3.88378763198853,3.88378763198853,0,2.59596467018127,1.53467726707459,3.05454540252686,6.04363632202148,5,10,0.869565188884735,0.876811623573303,1,1,69,1.08000004291534,0
12,2003-12-28,23080760,0,Definitivo,SAN ROQUE [23080760],Pluviométrica,Convencional,Activa,Antioquia,San Roque,6.4875,-75.017,820,5/15/1975,,Monchia,Magdalena Cauca,Medio Magdalena,Río Nare,2003,28,Andes,Definitivo,0,0,0,9.89932918548584,9.89932918548584,0,19.721607208252,2.90001106262207,3.05454540252686,6.04363632202148,5,10,0.869565188884735,0.876811623573303,1,1,72,1.08000004291534,0
12,2013-12-10,23080760,0,Definitivo,SAN ROQUE [23080760],Pluviométrica,Convencional,Activa,Antioquia,San Roque,6.4875,-75.017,820,5/15/1975,,Monchia,Magdalena Cauca,Medio Magdalena,Río Nare,2013,10,Andes,Definitivo,0,0,0,1.92079424858093,1.92079424858093,0,5.39172554016113,10.4814434051514,3.05454540252686,6.04363632202148,5,10,0.869565188884735,0.876811623573303,1,1,68,1.08000004291534,0
12,2012-12-14,23080760,0,Definitivo,SAN ROQUE [23080760],Pluviométrica,Convencional,Activa,Antioquia,San Roque,6.4875,-75.017,820,5/15/1975,,Monchia,Magdalena Cauca,Medio Magdalena,Río Nare,2012,14,Andes,Definitivo,0,0,0,3.75436663627625,3.75436663627625,0,3.88085246086121,0.729317545890808,3.05454540252686,6.04363632202148,5,10,0.869565188884735,0.876811623573303,1,1,69,1.08000004291534,0
12,2012-12-15,23080760,0,Definitivo,SAN ROQUE [23080760],Pluviométrica,Convencional,Activa,Antioquia,San Roque,6.4875,-75.017,820,5/15/1975,,Monchia,Magdalena Cauca,Medio Magdalena,Río Nare,2012,15,Andes,Definitivo,0,0,0,10.1776580810547,10.1776580810547,0,2.07718706130981,0.271984457969666,3.05454540252686,6.04363632202148,5,10,0.869565188884735,0.876811623573303,1,1,69,1.08000004291534,0
12,2012-12-16,23080760,,"",SAN ROQUE [23080760],Pluviométrica,Convencional,Activa,Antioquia,San Roque,6.4875,-75.017,820,5/15/1975,,Monchia,Magdalena Cauca,Medio Magdalena,Río Nare,2012,16,Andes,Preliminar,0,0,0,2.53809237480164,2.53809237480164,0,1.44655382633209,0.239824950695038,3.05454540252686,6.04363632202148,5,10,0.869565188884735,0.876811623573303,1,1,70,1.08000004291534,0
12,2005-12-13,23080760,4,Definitivo,SAN ROQUE [23080760],Pluviométrica,Convencional,Activa,Antioquia,San Roque,6.4875,-75.017,820,5/15/1975,,Monchia,Magdalena Cauca,Medio Magdalena,Río Nare,2005,13,Andes,Definitivo,4,4,0,1.33094227313995,1.33094227313995,0,7.34996700286865,26.004487991333,3.05454540252686,6.04363632202148,5,10,0.869565188884735,0.876811623573303,1,1,69,1.08000004291534,4.32000017166138
12,2006-12-11,23080760,0,Definitivo,SAN ROQUE [23080760],Pluviométrica,Convencional,Activa,Antioquia,San Roque,6.4875,-75.017,820,5/15/1975,,Monchia,Magdalena Cauca,Medio Magdalena,Río Nare,2006,11,Andes,Definitivo,0,0,0,1.56872415542603,1.56872415542603,0,11.860330581665,0.347267210483551,3.05454540252686,6.04363632202148,5,10,0.869565188884735,0.876811623573303,1,1,69,1.08000004291534,0
12,2006-12-10,23080760,,"",SAN ROQUE [23080760],Pluviométrica,Convencional,Activa,Antioquia,San Roque,6.4875,-75.017,820,5/15/1975,,Monchia,Magdalena Cauca,Medio Magdalena,Río Nare,2006,10,Andes,Preliminar,0,0,0,13.0710935592651,13.0710935592651,0,21.6531581878662,2.16388726234436,3.05454540252686,6.04363632202148,5,10,0.869565188884735,0.876811623573303,1,1,68,1.08000004291534,0
12,2004-12-10,23080760,,"",SAN ROQUE [23080760],Pluviométrica,Convencional,Activa,Antioquia,San Roque,6.4875,-75.017,820,5/15/1975,,Monchia,Magdalena Cauca,Medio Magdalena,Río Nare,2004,10,Andes,Preliminar,0,0,0,0.827479898929596,0.827479898929596,0,8.48025321960449,0.173528760671616,3.05454540252686,6.04363632202148,5,10,0.869565188884735,0.876811623573303,1,1,68,1.08000004291534,0
12,2005-12-10,23080760,3,Definitivo,SAN ROQUE [23080760],Pluviométrica,Convencional,Activa,Antioquia,San Roque,6.4875,-75.017,820,5/15/1975,,Monchia,Magdalena Cauca,Medio Magdalena,Río Nare,2005,10,Andes,Definitivo,3,3,0,1.425910115242,1.425910115242,0,0.83951210975647,0.323339432477951,3.05454540252686,6.04363632202148,5,10,0.869565188884735,0.876811623573303,1,1,68,1.08000004291534,3.24000012874603
12,2010-12-10,23080760,0,Definitivo,SAN ROQUE [23080760],Pluviométrica,Convencional,Activa,Antioquia,San Roque,6.4875,-75.017,820,5/15/1975,,Monchia,Magdalena Cauca,Medio Magdalena,Río Nare,2010,10,Andes,Definitivo,0,0,0,3.38994288444519,3.38994288444519,0,11.0735349655151,14.6064281463623,3.05454540252686,6.04363632202148,5,10,0.869565188884735,0.876811623573303,1,1,68,1.08000004291534,0
12,2012-12-11,23080760,,"",SAN ROQUE [23080760],Pluviométrica,Convencional,Activa,Antioquia,San Roque,6.4875,-75.017,820,5/15/1975,,Monchia,Magdalena Cauca,Medio Magdalena,Río Nare,2012,11,Andes,Preliminar,0,0,0,1.44511353969574,1.44511353969574,0,0.187030464410782,0.032593559473753,3.05454540252686,6.04363632202148,5,10,0.869565188884735,0.876811623573303,1,1,69,1.08000004291534,0
12,2002-12-30,23080760,,"",SAN ROQUE [23080760],Pluviométrica,Convencional,Activa,Antioquia,San Roque,6.4875,-75.017,820,5/15/1975,,Monchia,Magdalena Cauca,Medio Magdalena,Río Nare,2002,30,Andes,Preliminar,0,0,0,0,0,0,1.86024188995361,0.367290169000626,3.05454540252686,6.04363632202148,5,10,0.869565188884735,0.876811623573303,1,1,72,1.08000004291534,0
12,2008-12-10,23080760,,"",SAN ROQUE [23080760],Pluviométrica,Convencional,Activa,Antioquia,San Roque,6.4875,-75.017,820,5/15/1975,,Monchia,Magdalena Cauca,Medio Magdalena,Río Nare,2008,10,Andes,Preliminar,0,0,0,4.47000360488892,4.47000360488892,0,2.18475461006165,0,3.05454540252686,6.04363632202148,5,10,0.869565188884735,0.876811623573303,1,1,68,1.08000004291534,0
12,2005-12-22,23080760,34,Definitivo,SAN ROQUE [23080760],Pluviométrica,Convencional,Activa,Antioquia,San Roque,6.4875,-75.017,820,5/15/1975,,Monchia,Magdalena Cauca,Medio Magdalena,Río Nare,2005,22,Andes,Definitivo,34,34,0,12.1551647186279,12.1551647186279,24.0302562713623,19.2472743988037,13.328932762146,3.05454540252686,6.04363632202148,5,10,0.869565188884735,0.876811623573303,1,1,71,1.08000004291534,36.7200014591217
12,2006-12-20,23080760,36,Definitivo,SAN ROQUE [23080760],Pluviométrica,Convencional,Activa,Antioquia,San Roque,6.4875,-75.017,820,5/15/1975,,Monchia,Magdalena Cauca,Medio Magdalena,Río Nare,2006,20,Andes,Definitivo,36,36,0,16.4510231018066,16.4510231018066,20.7489471435547,14.9450693130493,25.7548046112061,3.05454540252686,6.04363632202148,5,10,0.869565188884735,0.876811623573303,1,1,70,1.08000004291534,38.8800015449524
12,2007-12-18,23080760,,"",SAN ROQUE [23080760],Pluviométrica,Convencional,Activa,Antioquia,San Roque,6.4875,-75.017,820,5/15/1975,,Monchia,Magdalena Cauca,Medio Magdalena,Río Nare,2007,18,Andes,Preliminar,0,0,0,5.65877676010132,5.65877676010132,0,2.63850951194763,0.500626981258392,3.05454540252686,6.04363632202148,5,10,0.869565188884735,0.876811623573303,1,1,70,1.08000004291534,0
12,2009-12-12,23080760,2,Definitivo,SAN ROQUE [23080760],Pluviométrica,Convencional,Activa,Antioquia,San Roque,6.4875,-75.017,820,5/15/1975,,Monchia,Magdalena Cauca,Medio Magdalena,Río Nare,2009,12,Andes,Definitivo,2,2,0,2.72441148757935,2.72441148757935,0,7.94629096984863,10.0421848297119,3.05454540252686,6.04363632202148,5,10,0.869565188884735,0.876811623573303,1,1,69,1.08000004291534,2.16000008583069
12,2012-12-17,23080760,0,Definitivo,SAN ROQUE [23080760],Pluviométrica,Convencional,Activa,Antioquia,San Roque,6.4875,-75.017,820,5/15/1975,,Monchia,Magdalena Cauca,Medio Magdalena,Río Nare,2012,17,Andes,Definitivo,0,0,0,1.50602531433105,1.50602531433105,0,0.586337208747864,1.69781088829041,3.05454540252686,6.04363632202148,5,10,0.869565188884735,0.876811623573303,1,1,70,1.08000004291534,0
12,2011-12-22,23080760,,"",SAN ROQUE [23080760],Pluviométrica,Convencional,Activa,Antioquia,San Roque,6.4875,-75.017,820,5/15/1975,,Monchia,Magdalena Cauca,Medio Magdalena,Río Nare,2011,22,Andes,Preliminar,0,0,0,0.460410058498383,0.460410058498383,0,0.568830907344818,16.4991302490234,3.05454540252686,6.04363632202148,5,10,0.869565188884735,0.876811623573303,1,1,71,1.08000004291534,0
12,2011-12-23,23080760,3,Definitivo,SAN ROQUE [23080760],Pluviométrica,Convencional,Activa,Antioquia,San Roque,6.4875,-75.017,820,5/15/1975,,Monchia,Magdalena Cauca,Medio Magdalena,Río Nare,2011,23,Andes,Definitivo,3,3,0,3.53104948997498,3.53104948997498,0,11.5487251281738,2.08398294448853,3.05454540252686,6.04363632202148,5,10,0.869565188884735,0.876811623573303,1,1,71,1.08000004291534,3.24000012874603
12,2011-12-24,23080760,8,Definitivo,SAN ROQUE [23080760],Pluviométrica,Convencional,Activa,Antioquia,San Roque,6.4875,-75.017,820,5/15/1975,,Monchia,Magdalena Cauca,Medio Magdalena,Río Nare,2011,24,Andes,Definitivo,8,8,0,7.00940132141113,7.00940132141113,25.4968852996826,5.09284734725952,12.1075563430786,3.05454540252686,6.04363632202148,5,10,0.869565188884735,0.876811623573303,1,1,71,1.08000004291534,8.64000034332275
12,2010-12-28,23080760,,"",SAN ROQUE [23080760],Pluviométrica,Convencional,Activa,Antioquia,San Roque,6.4875,-75.017,820,5/15/1975,,Monchia,Magdalena Cauca,Medio Magdalena,Río Nare,2010,28,Andes,Preliminar,0,0,0,2.02819418907166,2.02819418907166,0,1.74748349189758,0.614504992961884,3.05454540252686,6.04363632202148,5,10,0.869565188884735,0.876811623573303,1,1,72,1.08000004291534,0
12,2005-12-11,23080760,11,Definitivo,SAN ROQUE [23080760],Pluviométrica,Convencional,Activa,Antioquia,San Roque,6.4875,-75.017,820,5/15/1975,,Monchia,Magdalena Cauca,Medio Magdalena,Río Nare,2005,11,Andes,Definitivo,11,11,0,2.04140973091126,2.04140973091126,0,4.77344703674316,0.489708870649338,3.05454540252686,6.04363632202148,5,10,0.869565188884735,0.876811623573303,1,1,69,1.08000004291534,11.8800004720688
12,2008-12-09,23080760,0,Definitivo,SAN ROQUE [23080760],Pluviométrica,Convencional,Activa,Antioquia,San Roque,6.4875,-75.017,820,5/15/1975,,Monchia,Magdalena Cauca,Medio Magdalena,Río Nare,2008,09,Andes,Definitivo,0,0,0,0.424650341272354,0.424650341272354,0,0.38527238368988,0.0507419481873512,3.05454540252686,6.04363632202148,5,10,0.869565188884735,0.876811623573303,1,1,68,1.08000004291534,0
12,2009-12-06,23080760,,"",SAN ROQUE [23080760],Pluviométrica,Convencional,Activa,Antioquia,San Roque,6.4875,-75.017,820,5/15/1975,,Monchia,Magdalena Cauca,Medio Magdalena,Río Nare,2009,06,Andes,Preliminar,0,0,0,1.20910632610321,1.20910632610321,0,1.1952897310257,2.24545645713806,3.05454540252686,6.04363632202148,5,10,0.869565188884735,0.876811623573303,1,1,68,1.08000004291534,0
12,2010-12-31,23080760,,"",SAN ROQUE [23080760],Pluviométrica,Convencional,Activa,Antioquia,San Roque,6.4875,-75.017,820,5/15/1975,,Monchia,Magdalena Cauca,Medio Magdalena,Río Nare,2010,31,Andes,Preliminar,0,0,0,3.92468738555908,3.92468738555908,0,1.82977247238159,0.233414933085442,3.05454540252686,6.04363632202148,5,10,0.869565188884735,0.876811623573303,1,1,72,1.08000004291534,0
12,2008-12-11,23080760,,"",SAN ROQUE [23080760],Pluviométrica,Convencional,Activa,Antioquia,San Roque,6.4875,-75.017,820,5/15/1975,,Monchia,Magdalena Cauca,Medio Magdalena,Río Nare,2008,11,Andes,Preliminar,0,0,0,6.00932025909424,6.00932025909424,18.9183292388916,2.22706031799316,10.3419399261475,3.05454540252686,6.04363632202148,5,10,0.869565188884735,0.876811623573303,1,1,69,1.08000004291534,0
12,2011-12-10,23080760,33,Definitivo,SAN ROQUE [23080760],Pluviométrica,Convencional,Activa,Antioquia,San Roque,6.4875,-75.017,820,5/15/1975,,Monchia,Magdalena Cauca,Medio Magdalena,Río Nare,2011,10,Andes,Definitivo,33,33,0,2.52433276176453,2.52433276176453,0,5.7928729057312,0.785005211830139,3.05454540252686,6.04363632202148,5,10,0.869565188884735,0.876811623573303,1,1,68,1.08000004291534,35.6400014162064
12,2013-12-11,23080760,4,Definitivo,SAN ROQUE [23080760],Pluviométrica,Convencional,Activa,Antioquia,San Roque,6.4875,-75.017,820,5/15/1975,,Monchia,Magdalena Cauca,Medio Magdalena,Río Nare,2013,11,Andes,Definitivo,4,4,0,4.78933668136597,4.78933668136597,0,8.58984661102295,1.8881059885025,3.05454540252686,6.04363632202148,5,10,0.869565188884735,0.876811623573303,1,1,69,1.08000004291534,4.32000017166138
12,2013-12-12,23080760,26,Definitivo,SAN ROQUE [23080760],Pluviométrica,Convencional,Activa,Antioquia,San Roque,6.4875,-75.017,820,5/15/1975,,Monchia,Magdalena Cauca,Medio Magdalena,Río Nare,2013,12,Andes,Definitivo,26,26,0,1.23586690425873,1.23586690425873,0,12.1765871047974,0.283479541540146,3.05454540252686,6.04363632202148,5,10,0.869565188884735,0.876811623573303,1,1,69,1.08000004291534,28.080001115799
12,2007-12-13,23080760,,"",SAN ROQUE [23080760],Pluviométrica,Convencional,Activa,Antioquia,San Roque,6.4875,-75.017,820,5/15/1975,,Monchia,Magdalena Cauca,Medio Magdalena,Río Nare,2007,13,Andes,Preliminar,0,0,0,1.94968068599701,1.94968068599701,0,1.02287709712982,2.77825689315796,3.05454540252686,6.04363632202148,5,10,0.869565188884735,0.876811623573303,1,1,69,1.08000004291534,0
12,2007-12-12,23080760,,"",SAN ROQUE [23080760],Pluviométrica,Convencional,Activa,Antioquia,San Roque,6.4875,-75.017,820,5/15/1975,,Monchia,Magdalena Cauca,Medio Magdalena,Río Nare,2007,12,Andes,Preliminar,0,0,0,1.81601500511169,1.81601500511169,0,1.08663403987885,0.0293175149708986,3.05454540252686,6.04363632202148,5,10,0.869565188884735,0.876811623573303,1,1,69,1.08000004291534,0
12,2005-12-12,23080760,11,Definitivo,SAN ROQUE [23080760],Pluviométrica,Convencional,Activa,Antioquia,San Roque,6.4875,-75.017,820,5/15/1975,,Monchia,Magdalena Cauca,Medio Magdalena,Río Nare,2005,12,Andes,Definitivo,11,11,0,10.5433359146118,10.5433359146118,28.8764209747314,8.43887233734131,1.75461280345917,3.05454540252686,6.04363632202148,5,10,0.869565188884735,0.876811623573303,1,1,69,1.08000004291534,11.8800004720688
12,2004-12-13,23080760,4,Definitivo,SAN ROQUE [23080760],Pluviométrica,Convencional,Activa,Antioquia,San Roque,6.4875,-75.017,820,5/15/1975,,Monchia,Magdalena Cauca,Medio Magdalena,Río Nare,2004,13,Andes,Definitivo,4,4,0,3.67940735816956,3.67940735816956,0,3.7375864982605,2.65974903106689,3.05454540252686,6.04363632202148,5,10,0.869565188884735,0.876811623573303,1,1,69,1.08000004291534,4.32000017166138
12,2002-12-14,23080760,16,Definitivo,SAN ROQUE [23080760],Pluviométrica,Convencional,Activa,Antioquia,San Roque,6.4875,-75.017,820,5/15/1975,,Monchia,Magdalena Cauca,Medio Magdalena,Río Nare,2002,14,Andes,Definitivo,16,16,0,1.73953986167908,1.73953986167908,0,4.43890762329102,1.00539779663086,3.05454540252686,6.04363632202148,5,10,0.869565188884735,0.876811623573303,1,1,69,1.08000004291534,17.2800006866455
12,2010-12-29,23080760,,"",SAN ROQUE [23080760],Pluviométrica,Convencional,Activa,Antioquia,San Roque,6.4875,-75.017,820,5/15/1975,,Monchia,Magdalena Cauca,Medio Magdalena,Río Nare,2010,29,Andes,Preliminar,0,0,0,2.6208484172821,2.6208484172821,0,5.47647333145142,0.310841411352158,3.05454540252686,6.04363632202148,5,10,0.869565188884735,0.876811623573303,1,1,72,1.08000004291534,0
12,2010-12-30,23080760,,"",SAN ROQUE [23080760],Pluviométrica,Convencional,Activa,Antioquia,San Roque,6.4875,-75.017,820,5/15/1975,,Monchia,Magdalena Cauca,Medio Magdalena,Río Nare,2010,30,Andes,Preliminar,0,0,0,7.32257127761841,7.32257127761841,0,3.90523791313171,0.14820696413517,3.05454540252686,6.04363632202148,5,10,0.869565188884735,0.876811623573303,1,1,72,1.08000004291534,0
12,2011-12-27,23080760,2,Definitivo,SAN ROQUE [23080760],Pluviométrica,Convencional,Activa,Antioquia,San Roque,6.4875,-75.017,820,5/15/1975,,Monchia,Magdalena Cauca,Medio Magdalena,Río Nare,2011,27,Andes,Definitivo,2,2,0,0.373884081840515,0.373884081840515,0,3.79760503768921,0.311242192983627,3.05454540252686,6.04363632202148,5,10,0.869565188884735,0.876811623573303,1,1,72,1.08000004291534,2.16000008583069
12,2003-12-27,23080760,44,Definitivo,SAN ROQUE [23080760],Pluviométrica,Convencional,Activa,Antioquia,San Roque,6.4875,-75.017,820,5/15/1975,,Monchia,Magdalena Cauca,Medio Magdalena,Río Nare,2003,27,Andes,Definitivo,44,44,0,4.11202907562256,4.11202907562256,0,4.8856692314148,5.10550594329834,3.05454540252686,6.04363632202148,5,10,0.869565188884735,0.876811623573303,1,1,72,1.08000004291534,47.5200018882752
12,2004-12-24,23080760,,"",SAN ROQUE [23080760],Pluviométrica,Convencional,Activa,Antioquia,San Roque,6.4875,-75.017,820,5/15/1975,,Monchia,Magdalena Cauca,Medio Magdalena,Río Nare,2004,24,Andes,Preliminar,0,0,0,0.849854707717896,0.849854707717896,0,0.699509978294373,0.211870327591896,3.05454540252686,6.04363632202148,5,10,0.869565188884735,0.876811623573303,1,1,71,1.08000004291534,0
12,2006-12-19,23080760,0,Definitivo,SAN ROQUE [23080760],Pluviométrica,Convencional,Activa,Antioquia,San Roque,6.4875,-75.017,820,5/15/1975,,Monchia,Magdalena Cauca,Medio Magdalena,Río Nare,2006,19,Andes,Definitivo,0,0,0,3.03352212905884,3.03352212905884,0,6.61801815032959,0.70097428560257,3.05454540252686,6.04363632202148,5,10,0.869565188884735,0.876811623573303,1,1,70,1.08000004291534,0
12,2007-12-17,23080760,2,Definitivo,SAN ROQUE [23080760],Pluviométrica,Convencional,Activa,Antioquia,San Roque,6.4875,-75.017,820,5/15/1975,,Monchia,Magdalena Cauca,Medio Magdalena,Río Nare,2007,17,Andes,Definitivo,2,2,0,2.37944722175598,2.37944722175598,0,1.3587167263031,3.95367813110352,3.05454540252686,6.04363632202148,5,10,0.869565188884735,0.876811623573303,1,1,70,1.08000004291534,2.16000008583069
12,2008-12-14,23080760,5,Definitivo,SAN ROQUE [23080760],Pluviométrica,Convencional,Activa,Antioquia,San Roque,6.4875,-75.017,820,5/15/1975,,Monchia,Magdalena Cauca,Medio Magdalena,Río Nare,2008,14,Andes,Definitivo,5,5,0,1.13582754135132,1.13582754135132,0,6.90024948120117,0.0901499837636948,3.05454540252686,6.04363632202148,5,10,0.869565188884735,0.876811623573303,1,1,69,1.08000004291534,5.40000021457672
12,2013-12-13,23080760,2,Definitivo,SAN ROQUE [23080760],Pluviométrica,Convencional,Activa,Antioquia,San Roque,6.4875,-75.017,820,5/15/1975,,Monchia,Magdalena Cauca,Medio Magdalena,Río Nare,2013,13,Andes,Definitivo,2,2,0,15.6437101364136,15.6437101364136,21.436128616333,15.1094064712524,15.6568307876587,3.05454540252686,6.04363632202148,5,10,0.869565188884735,0.876811623573303,1,1,69,1.08000004291534,2.16000008583069
12,2013-12-14,23080760,2,Definitivo,SAN ROQUE [23080760],Pluviométrica,Convencional,Activa,Antioquia,San Roque,6.4875,-75.017,820,5/15/1975,,Monchia,Magdalena Cauca,Medio Magdalena,Río Nare,2013,14,Andes,Definitivo,2,2,0,3.29842042922974,3.29842042922974,0,10.806396484375,2.03498530387878,3.05454540252686,6.04363632202148,5,10,0.869565188884735,0.876811623573303,1,1,69,1.08000004291534,2.16000008583069
12,2012-12-18,23080760,4,Definitivo,SAN ROQUE [23080760],Pluviométrica,Convencional,Activa,Antioquia,San Roque,6.4875,-75.017,820,5/15/1975,,Monchia,Magdalena Cauca,Medio Magdalena,Río Nare,2012,18,Andes,Definitivo,4,4,0,3.97436380386353,3.97436380386353,0,2.36334133148193,0.513067424297333,3.05454540252686,6.04363632202148,5,10,0.869565188884735,0.876811623573303,1,1,70,1.08000004291534,4.32000017166138
12,2012-12-19,23080760,,"",SAN ROQUE [23080760],Pluviométrica,Convencional,Activa,Antioquia,San Roque,6.4875,-75.017,820,5/15/1975,,Monchia,Magdalena Cauca,Medio Magdalena,Río Nare,2012,19,Andes,Preliminar,0,0,0,2.38654088973999,2.38654088973999,0,0.798835694789887,2.88468074798584,3.05454540252686,6.04363632202148,5,10,0.869565188884735,0.876811623573303,1,1,70,1.08000004291534,0
12,2012-12-20,23080760,0,Definitivo,SAN ROQUE [23080760],Pluviométrica,Convencional,Activa,Antioquia,San Roque,6.4875,-75.017,820,5/15/1975,,Monchia,Magdalena Cauca,Medio Magdalena,Río Nare,2012,20,Andes,Definitivo,0,0,0,2.95277142524719,2.95277142524719,0,1.20800459384918,1.06768953800201,3.05454540252686,6.04363632202148,5,10,0.869565188884735,0.876811623573303,1,1,70,1.08000004291534,0
12,2006-12-07,23080760,46,Definitivo,SAN ROQUE [23080760],Pluviométrica,Convencional,Activa,Antioquia,San Roque,6.4875,-75.017,820,5/15/1975,,Monchia,Magdalena Cauca,Medio Magdalena,Río Nare,2006,07,Andes,Definitivo,46,46,0,3.66574120521545,3.66574120521545,0,12.6939811706543,25.2245998382568,3.05454540252686,6.04363632202148,5,10,0.869565188884735,0.876811623573303,1,1,68,1.08000004291534,49.6800019741058
12,2006-12-08,23080760,3,Definitivo,SAN ROQUE [23080760],Pluviométrica,Convencional,Activa,Antioquia,San Roque,6.4875,-75.017,820,5/15/1975,,Monchia,Magdalena Cauca,Medio Magdalena,Río Nare,2006,08,Andes,Definitivo,3,3,0,7.17292928695679,7.17292928695679,55.5293579101563,15.0626697540283,19.9695930480957,3.05454540252686,6.04363632202148,5,10,0.869565188884735,0.876811623573303,1,1,68,1.08000004291534,3.24000012874603
12,2004-12-07,23080760,31,Definitivo,SAN ROQUE [23080760],Pluviométrica,Convencional,Activa,Antioquia,San Roque,6.4875,-75.017,820,5/15/1975,,Monchia,Magdalena Cauca,Medio Magdalena,Río Nare,2004,07,Andes,Definitivo,31,31,0,4.82696628570557,4.82696628570557,10.9296703338623,5.28069877624512,16.5564918518066,3.05454540252686,6.04363632202148,5,10,0.869565188884735,0.876811623573303,1,1,68,1.08000004291534,33.4800013303757
12,2004-12-08,23080760,,"",SAN ROQUE [23080760],Pluviométrica,Convencional,Activa,Antioquia,San Roque,6.4875,-75.017,820,5/15/1975,,Monchia,Magdalena Cauca,Medio Magdalena,Río Nare,2004,08,Andes,Preliminar,0,0,0,4.86719083786011,4.86719083786011,43.7186813354492,11.5547885894775,36.5648765563965,3.05454540252686,6.04363632202148,5,10,0.869565188884735,0.876811623573303,1,1,68,1.08000004291534,0
12,2009-12-07,23080760,,"",SAN ROQUE [23080760],Pluviométrica,Convencional,Activa,Antioquia,San Roque,6.4875,-75.017,820,5/15/1975,,Monchia,Magdalena Cauca,Medio Magdalena,Río Nare,2009,07,Andes,Preliminar,0,0,0,1.56195831298828,1.56195831298828,0,1.55493676662445,1.07670724391937,3.05454540252686,6.04363632202148,5,10,0.869565188884735,0.876811623573303,1,1,68,1.08000004291534,0
12,2009-12-08,23080760,,"",SAN ROQUE [23080760],Pluviométrica,Convencional,Activa,Antioquia,San Roque,6.4875,-75.017,820,5/15/1975,,Monchia,Magdalena Cauca,Medio Magdalena,Río Nare,2009,08,Andes,Preliminar,0,0,0,0.66336190700531,0.66336190700531,0,1.26086497306824,0.832541882991791,3.05454540252686,6.04363632202148,5,10,0.869565188884735,0.876811623573303,1,1,68,1.08000004291534,0
12,2012-12-06,23080760,,"",SAN ROQUE [23080760],Pluviométrica,Convencional,Activa,Antioquia,San Roque,6.4875,-75.017,820,5/15/1975,,Monchia,Magdalena Cauca,Medio Magdalena,Río Nare,2012,06,Andes,Preliminar,0,0,0,3.55672073364258,3.55672073364258,0,1.5445511341095,0.189209342002869,3.05454540252686,6.04363632202148,5,10,0.869565188884735,0.876811623573303,1,1,68,1.08000004291534,0
12,2011-12-11,23080760,35,Definitivo,SAN ROQUE [23080760],Pluviométrica,Convencional,Activa,Antioquia,San Roque,6.4875,-75.017,820,5/15/1975,,Monchia,Magdalena Cauca,Medio Magdalena,Río Nare,2011,11,Andes,Definitivo,35,35,0,5.68015956878662,5.68015956878662,25.9012680053711,9.9043083190918,9.03203105926514,3.05454540252686,6.04363632202148,5,10,0.869565188884735,0.876811623573303,1,1,69,1.08000004291534,37.8000015020371
12,2005-12-16,23080760,0,Definitivo,SAN ROQUE [23080760],Pluviométrica,Convencional,Activa,Antioquia,San Roque,6.4875,-75.017,820,5/15/1975,,Monchia,Magdalena Cauca,Medio Magdalena,Río Nare,2005,16,Andes,Definitivo,0,0,0,2.6236891746521,2.6236891746521,0,1.39850187301636,0.882286310195923,3.05454540252686,6.04363632202148,5,10,0.869565188884735,0.876811623573303,1,1,70,1.08000004291534,0
12,2006-12-14,23080760,,"",SAN ROQUE [23080760],Pluviométrica,Convencional,Activa,Antioquia,San Roque,6.4875,-75.017,820,5/15/1975,,Monchia,Magdalena Cauca,Medio Magdalena,Río Nare,2006,14,Andes,Preliminar,0,0,0,0.646896541118622,0.646896541118622,0,14.4184741973877,3.81682372093201,3.05454540252686,6.04363632202148,5,10,0.869565188884735,0.876811623573303,1,1,69,1.08000004291534,0
12,2005-12-15,23080760,0,Definitivo,SAN ROQUE [23080760],Pluviométrica,Convencional,Activa,Antioquia,San Roque,6.4875,-75.017,820,5/15/1975,,Monchia,Magdalena Cauca,Medio Magdalena,Río Nare,2005,15,Andes,Definitivo,0,0,0,3.57601928710938,3.57601928710938,0,8.63738632202148,1.87238848209381,3.05454540252686,6.04363632202148,5,10,0.869565188884735,0.876811623573303,1,1,69,1.08000004291534,0
12,2006-12-13,23080760,18,Definitivo,SAN ROQUE [23080760],Pluviométrica,Convencional,Activa,Antioquia,San Roque,6.4875,-75.017,820,5/15/1975,,Monchia,Magdalena Cauca,Medio Magdalena,Río Nare,2006,13,Andes,Definitivo,18,18,0,12.2263450622559,12.2263450622559,0,17.8997230529785,8.45716190338135,3.05454540252686,6.04363632202148,5,10,0.869565188884735,0.876811623573303,1,1,69,1.08000004291534,19.4400007724762
12,2006-12-12,23080760,33,Definitivo,SAN ROQUE [23080760],Pluviométrica,Convencional,Activa,Antioquia,San Roque,6.4875,-75.017,820,5/15/1975,,Monchia,Magdalena Cauca,Medio Magdalena,Río Nare,2006,12,Andes,Definitivo,33,33,0,10.1616668701172,10.1616668701172,40.7927856445313,14.8341054916382,47.9991798400879,3.05454540252686,6.04363632202148,5,10,0.869565188884735,0.876811623573303,1,1,69,1.08000004291534,35.6400014162064
12,2011-12-25,23080760,,"",SAN ROQUE [23080760],Pluviométrica,Convencional,Activa,Antioquia,San Roque,6.4875,-75.017,820,5/15/1975,,Monchia,Magdalena Cauca,Medio Magdalena,Río Nare,2011,25,Andes,Preliminar,0,0,0,1.16788733005524,1.16788733005524,0,7.10839128494263,0.0286346897482872,3.05454540252686,6.04363632202148,5,10,0.869565188884735,0.876811623573303,1,1,71,1.08000004291534,0
12,2011-12-26,23080760,,"",SAN ROQUE [23080760],Pluviométrica,Convencional,Activa,Antioquia,San Roque,6.4875,-75.017,820,5/15/1975,,Monchia,Magdalena Cauca,Medio Magdalena,Río Nare,2011,26,Andes,Preliminar,0,0,0,1.59206485748291,1.59206485748291,0,2.40587162971497,1.45155036449432,3.05454540252686,6.04363632202148,5,10,0.869565188884735,0.876811623573303,1,1,72,1.08000004291534,0
12,2012-12-22,23080760,,"",SAN ROQUE [23080760],Pluviométrica,Convencional,Activa,Antioquia,San Roque,6.4875,-75.017,820,5/15/1975,,Monchia,Magdalena Cauca,Medio Magdalena,Río Nare,2012,22,Andes,Preliminar,0,0,0,7.01378536224365,7.01378536224365,11.2581624984741,5.91845512390137,10.614236831665,3.05454540252686,6.04363632202148,5,10,0.869565188884735,0.876811623573303,1,1,71,1.08000004291534,0
12,2012-12-23,23080760,,"",SAN ROQUE [23080760],Pluviométrica,Convencional,Activa,Antioquia,San Roque,6.4875,-75.017,820,5/15/1975,,Monchia,Magdalena Cauca,Medio Magdalena,Río Nare,2012,23,Andes,Preliminar,0,0,0,4.31914472579956,4.31914472579956,0,5.69845676422119,10.1220569610596,3.05454540252686,6.04363632202148,5,10,0.869565188884735,0.876811623573303,1,1,71,1.08000004291534,0
12,2011-12-28,23080760,0,Definitivo,SAN ROQUE [23080760],Pluviométrica,Convencional,Activa,Antioquia,San Roque,6.4875,-75.017,820,5/15/1975,,Monchia,Magdalena Cauca,Medio Magdalena,Río Nare,2011,28,Andes,Definitivo,0,0,0,2.80742597579956,2.80742597579956,0,5.64279460906982,3.40861105918884,3.05454540252686,6.04363632202148,5,10,0.869565188884735,0.876811623573303,1,1,72,1.08000004291534,0
12,2011-12-29,23080760,1,Definitivo,SAN ROQUE [23080760],Pluviométrica,Convencional,Activa,Antioquia,San Roque,6.4875,-75.017,820,5/15/1975,,Monchia,Magdalena Cauca,Medio Magdalena,Río Nare,2011,29,Andes,Definitivo,1,1,0,2.89057040214539,2.89057040214539,0,3.71528673171997,1.65474057197571,3.05454540252686,6.04363632202148,5,10,0.869565188884735,0.876811623573303,1,1,72,1.08000004291534,1.08000004291534
12,2011-12-30,23080760,0,Definitivo,SAN ROQUE [23080760],Pluviométrica,Convencional,Activa,Antioquia,San Roque,6.4875,-75.017,820,5/15/1975,,Monchia,Magdalena Cauca,Medio Magdalena,Río Nare,2011,30,Andes,Definitivo,0,0,0,5.96424674987793,5.96424674987793,0,3.06640577316284,12.3051900863647,3.05454540252686,6.04363632202148,5,10,0.869565188884735,0.876811623573303,1,1,72,1.08000004291534,0
12,2011-12-31,23080760,0,Definitivo,SAN ROQUE [23080760],Pluviométrica,Convencional,Activa,Antioquia,San Roque,6.4875,-75.017,820,5/15/1975,,Monchia,Magdalena Cauca,Medio Magdalena,Río Nare,2011,31,Andes,Definitivo,0,0,0,2.57424521446228,2.57424521446228,0,2.90239095687866,2.39902067184448,3.05454540252686,6.04363632202148,5,10,0.869565188884735,0.876811623573303,1,1,72,1.08000004291534,0
12,2014-12-09,23080760,10,Definitivo,SAN ROQUE [23080760],Pluviométrica,Convencional,Activa,Antioquia,San Roque,6.4875,-75.017,820,5/15/1975,,Monchia,Magdalena Cauca,Medio Magdalena,Río Nare,2014,09,Andes,Definitivo,10,10,0,10.5369853973389,10.5369853973389,13.2529859542847,9.38286972045898,15.9846868515015,3.05454540252686,6.04363632202148,5,10,0.869565188884735,0.876811623573303,1,1,68,1.08000004291534,10.8000004291534
12,2014-12-10,23080760,17,Definitivo,SAN ROQUE [23080760],Pluviométrica,Convencional,Activa,Antioquia,San Roque,6.4875,-75.017,820,5/15/1975,,Monchia,Magdalena Cauca,Medio Magdalena,Río Nare,2014,10,Andes,Definitivo,17,17,0,10.2575511932373,10.2575511932373,13.2529859542847,15.3365888595581,15.8024864196777,3.05454540252686,6.04363632202148,5,10,0.869565188884735,0.876811623573303,1,1,68,1.08000004291534,18.3600007295609
12,2014-12-11,23080760,0,Definitivo,SAN ROQUE [23080760],Pluviométrica,Convencional,Activa,Antioquia,San Roque,6.4875,-75.017,820,5/15/1975,,Monchia,Magdalena Cauca,Medio Magdalena,Río Nare,2014,11,Andes,Definitivo,0,0,0,4.50275611877441,4.50275611877441,11.3570737838745,6.47474336624146,14.1429109573364,3.05454540252686,6.04363632202148,5,10,0.869565188884735,0.876811623573303,1,1,69,1.08000004291534,0
12,2013-12-15,23080760,,"",SAN ROQUE [23080760],Pluviométrica,Convencional,Activa,Antioquia,San Roque,6.4875,-75.017,820,5/15/1975,,Monchia,Magdalena Cauca,Medio Magdalena,Río Nare,2013,15,Andes,Preliminar,0,0,0,7.19127321243286,7.19127321243286,21.436128616333,9.3055419921875,36.1243705749512,3.05454540252686,6.04363632202148,5,10,0.869565188884735,0.876811623573303,1,1,69,1.08000004291534,0
12,2013-12-16,23080760,7,Definitivo,SAN ROQUE [23080760],Pluviométrica,Convencional,Activa,Antioquia,San Roque,6.4875,-75.017,820,5/15/1975,,Monchia,Magdalena Cauca,Medio Magdalena,Río Nare,2013,16,Andes,Definitivo,7,7,0,3.24203300476074,3.24203300476074,5.13022089004517,10.8547048568726,24.5452308654785,3.05454540252686,6.04363632202148,5,10,0.869565188884735,0.876811623573303,1,1,70,1.08000004291534,7.56000030040741
12,2004-12-12,23080760,4,Definitivo,SAN ROQUE [23080760],Pluviométrica,Convencional,Activa,Antioquia,San Roque,6.4875,-75.017,820,5/15/1975,,Monchia,Magdalena Cauca,Medio Magdalena,Río Nare,2004,12,Andes,Definitivo,4,4,0,2.38613176345825,2.38613176345825,0,7.18605804443359,10.116096496582,3.05454540252686,6.04363632202148,5,10,0.869565188884735,0.876811623573303,1,1,69,1.08000004291534,4.32000017166138
12,2002-12-11,23080760,,"",SAN ROQUE [23080760],Pluviométrica,Convencional,Activa,Antioquia,San Roque,6.4875,-75.017,820,5/15/1975,,Monchia,Magdalena Cauca,Medio Magdalena,Río Nare,2002,11,Andes,Preliminar,0,0,0,2.93445730209351,2.93445730209351,0,6.94308805465698,0.133587777614594,3.05454540252686,6.04363632202148,5,10,0.869565188884735,0.876811623573303,1,1,69,1.08000004291534,0
12,2001-12-31,23080760,,"",SAN ROQUE [23080760],Pluviométrica,Convencional,Activa,Antioquia,San Roque,6.4875,-75.017,820,5/15/1975,,Monchia,Magdalena Cauca,Medio Magdalena,Río Nare,2001,31,Andes,Preliminar,0,0,0,4.78051376342773,4.78051376342773,0,7.32555198669434,0,3.05454540252686,6.04363632202148,5,10,0.869565188884735,0.876811623573303,1,1,72,1.08000004291534,0
12,2002-12-29,23080760,,"",SAN ROQUE [23080760],Pluviométrica,Convencional,Activa,Antioquia,San Roque,6.4875,-75.017,820,5/15/1975,,Monchia,Magdalena Cauca,Medio Magdalena,Río Nare,2002,29,Andes,Preliminar,0,0,0,1.46538257598877,1.46538257598877,0,1.50864398479462,5.83083057403565,3.05454540252686,6.04363632202148,5,10,0.869565188884735,0.876811623573303,1,1,72,1.08000004291534,0
12,2004-12-23,23080760,,"",SAN ROQUE [23080760],Pluviométrica,Convencional,Activa,Antioquia,San Roque,6.4875,-75.017,820,5/15/1975,,Monchia,Magdalena Cauca,Medio Magdalena,Río Nare,2004,23,Andes,Preliminar,0,0,0,1.26769971847534,1.26769971847534,0,0.114176236093044,1.50539338588715,3.05454540252686,6.04363632202148,5,10,0.869565188884735,0.876811623573303,1,1,71,1.08000004291534,0
12,2005-12-21,23080760,5,Definitivo,SAN ROQUE [23080760],Pluviométrica,Convencional,Activa,Antioquia,San Roque,6.4875,-75.017,820,5/15/1975,,Monchia,Magdalena Cauca,Medio Magdalena,Río Nare,2005,21,Andes,Definitivo,5,5,0,6.28507947921753,6.28507947921753,12.0151281356812,10.8744516372681,8.22644424438477,3.05454540252686,6.04363632202148,5,10,0.869565188884735,0.876811623573303,1,1,71,1.08000004291534,5.40000021457672
12,2005-12-20,23080760,,"",SAN ROQUE [23080760],Pluviométrica,Convencional,Activa,Antioquia,San Roque,6.4875,-75.017,820,5/15/1975,,Monchia,Magdalena Cauca,Medio Magdalena,Río Nare,2005,20,Andes,Preliminar,0.4,0.4,0,1.3361679315567,1.3361679315567,0,1.96810495853424,0.626732289791107,3.05454540252686,6.04363632202148,5,10,0.869565188884735,0.876811623573303,1,1,70,1.08000004291534,0.432000017166138
12,2006-12-18,23080760,2,Definitivo,SAN ROQUE [23080760],Pluviométrica,Convencional,Activa,Antioquia,San Roque,6.4875,-75.017,820,5/15/1975,,Monchia,Magdalena Cauca,Medio Magdalena,Río Nare,2006,18,Andes,Definitivo,2,2,0,2.19224190711975,2.19224190711975,0,2.03170657157898,1.25472509860992,3.05454540252686,6.04363632202148,5,10,0.869565188884735,0.876811623573303,1,1,70,1.08000004291534,2.16000008583069
12,2007-12-16,23080760,6,Definitivo,SAN ROQUE [23080760],Pluviométrica,Convencional,Activa,Antioquia,San Roque,6.4875,-75.017,820,5/15/1975,,Monchia,Magdalena Cauca,Medio Magdalena,Río Nare,2007,16,Andes,Definitivo,6,6,0,5.62841320037842,5.62841320037842,0,2.0125629901886,2.1642484664917,3.05454540252686,6.04363632202148,5,10,0.869565188884735,0.876811623573303,1,1,70,1.08000004291534,6.48000025749207
12,2006-12-17,23080760,,"",SAN ROQUE [23080760],Pluviométrica,Convencional,Activa,Antioquia,San Roque,6.4875,-75.017,820,5/15/1975,,Monchia,Magdalena Cauca,Medio Magdalena,Río Nare,2006,17,Andes,Preliminar,0,0,0,0.50354015827179,0.50354015827179,0,0.33114892244339,0.252644509077072,3.05454540252686,6.04363632202148,5,10,0.869565188884735,0.876811623573303,1,1,70,1.08000004291534,0
12,2007-12-15,23080760,,"",SAN ROQUE [23080760],Pluviométrica,Convencional,Activa,Antioquia,San Roque,6.4875,-75.017,820,5/15/1975,,Monchia,Magdalena Cauca,Medio Magdalena,Río Nare,2007,15,Andes,Preliminar,0,0,0,3.81409192085266,3.81409192085266,0,2.32666039466858,1.69800114631653,3.05454540252686,6.04363632202148,5,10,0.869565188884735,0.876811623573303,1,1,69,1.08000004291534,0
12,2004-12-16,23080760,,"",SAN ROQUE [23080760],Pluviométrica,Convencional,Activa,Antioquia,San Roque,6.4875,-75.017,820,5/15/1975,,Monchia,Magdalena Cauca,Medio Magdalena,Río Nare,2004,16,Andes,Preliminar,0,0,0,4.31797742843628,4.31797742843628,15.0748195648193,5.16155385971069,11.6745109558105,3.05454540252686,6.04363632202148,5,10,0.869565188884735,0.876811623573303,1,1,70,1.08000004291534,0
12,2002-12-17,23080760,20,Definitivo,SAN ROQUE [23080760],Pluviométrica,Convencional,Activa,Antioquia,San Roque,6.4875,-75.017,820,5/15/1975,,Monchia,Magdalena Cauca,Medio Magdalena,Río Nare,2002,17,Andes,Definitivo,20,20,0,3.77087664604187,3.77087664604187,11.2361125946045,27.6995105743408,19.0052108764648,3.05454540252686,6.04363632202148,5,10,0.869565188884735,0.876811623573303,1,1,70,1.08000004291534,21.6000008583069
12,2013-12-17,23080760,,"",SAN ROQUE [23080760],Pluviométrica,Convencional,Activa,Antioquia,San Roque,6.4875,-75.017,820,5/15/1975,,Monchia,Magdalena Cauca,Medio Magdalena,Río Nare,2013,17,Andes,Preliminar,0,0,0,6.50559949874878,6.50559949874878,20.5208835601807,20.1462783813477,20.4914360046387,3.05454540252686,6.04363632202148,5,10,0.869565188884735,0.876811623573303,1,1,70,1.08000004291534,0
12,2012-12-21,23080760,3,Definitivo,SAN ROQUE [23080760],Pluviométrica,Convencional,Activa,Antioquia,San Roque,6.4875,-75.017,820,5/15/1975,,Monchia,Magdalena Cauca,Medio Magdalena,Río Nare,2012,21,Andes,Definitivo,3,3,0,11.7953834533691,11.7953834533691,0,5.82560539245606,2.02724432945251,3.05454540252686,6.04363632202148,5,10,0.869565188884735,0.876811623573303,1,1,71,1.08000004291534,3.24000012874603
12,2006-12-09,23080760,20,Definitivo,SAN ROQUE [23080760],Pluviométrica,Convencional,Activa,Antioquia,San Roque,6.4875,-75.017,820,5/15/1975,,Monchia,Magdalena Cauca,Medio Magdalena,Río Nare,2006,09,Andes,Definitivo,20,20,0,4.22701835632324,4.22701835632324,0,17.0541915893555,30.0842685699463,3.05454540252686,6.04363632202148,5,10,0.869565188884735,0.876811623573303,1,1,68,1.08000004291534,21.6000008583069
12,2003-12-09,23080760,0,Definitivo,SAN ROQUE [23080760],Pluviométrica,Convencional,Activa,Antioquia,San Roque,6.4875,-75.017,820,5/15/1975,,Monchia,Magdalena Cauca,Medio Magdalena,Río Nare,2003,09,Andes,Definitivo,0,0,0,1.11676466464996,1.11676466464996,0,1.08068084716797,0.933038294315338,3.05454540252686,6.04363632202148,5,10,0.869565188884735,0.876811623573303,1,1,68,1.08000004291534,0
12,2002-12-08,23080760,12,Definitivo,SAN ROQUE [23080760],Pluviométrica,Convencional,Activa,Antioquia,San Roque,6.4875,-75.017,820,5/15/1975,,Monchia,Magdalena Cauca,Medio Magdalena,Río Nare,2002,08,Andes,Definitivo,12,12,0,7.95776700973511,7.95776700973511,0,3.85051870346069,1.41778719425201,3.05454540252686,6.04363632202148,5,10,0.869565188884735,0.876811623573303,1,1,68,1.08000004291534,12.9600005149841
12,2007-12-07,23080760,,"",SAN ROQUE [23080760],Pluviométrica,Convencional,Activa,Antioquia,San Roque,6.4875,-75.017,820,5/15/1975,,Monchia,Magdalena Cauca,Medio Magdalena,Río Nare,2007,07,Andes,Preliminar,0,0,0,1.17199206352234,1.17199206352234,0,1.1735692024231,0.274654716253281,3.05454540252686,6.04363632202148,5,10,0.869565188884735,0.876811623573303,1,1,68,1.08000004291534,0
12,2007-12-08,23080760,,"",SAN ROQUE [23080760],Pluviométrica,Convencional,Activa,Antioquia,San Roque,6.4875,-75.017,820,5/15/1975,,Monchia,Magdalena Cauca,Medio Magdalena,Río Nare,2007,08,Andes,Preliminar,0,0,0,2.7565860748291,2.7565860748291,0,1.95189106464386,2.09231352806091,3.05454540252686,6.04363632202148,5,10,0.869565188884735,0.876811623573303,1,1,68,1.08000004291534,0
12,2007-12-09,23080760,,"",SAN ROQUE [23080760],Pluviométrica,Convencional,Activa,Antioquia,San Roque,6.4875,-75.017,820,5/15/1975,,Monchia,Magdalena Cauca,Medio Magdalena,Río Nare,2007,09,Andes,Preliminar,0,0,0,2.67305302619934,2.67305302619934,0,1.61968839168549,1.25093650817871,3.05454540252686,6.04363632202148,5,10,0.869565188884735,0.876811623573303,1,1,68,1.08000004291534,0
12,2012-12-07,23080760,,"",SAN ROQUE [23080760],Pluviométrica,Convencional,Activa,Antioquia,San Roque,6.4875,-75.017,820,5/15/1975,,Monchia,Magdalena Cauca,Medio Magdalena,Río Nare,2012,07,Andes,Preliminar,0,0,0,1.38723266124725,1.38723266124725,0,0.767190396785736,0.21228364109993,3.05454540252686,6.04363632202148,5,10,0.869565188884735,0.876811623573303,1,1,68,1.08000004291534,0
12,2012-12-08,23080760,,"",SAN ROQUE [23080760],Pluviométrica,Convencional,Activa,Antioquia,San Roque,6.4875,-75.017,820,5/15/1975,,Monchia,Magdalena Cauca,Medio Magdalena,Río Nare,2012,08,Andes,Preliminar,0,0,0,2.6453230381012,2.6453230381012,0,1.23428118228912,0.189209342002869,3.05454540252686,6.04363632202148,5,10,0.869565188884735,0.876811623573303,1,1,68,1.08000004291534,0
12,2015-12-07,23080760,19,Definitivo,SAN ROQUE [23080760],Pluviométrica,Convencional,Activa,Antioquia,San Roque,6.4875,-75.017,820,5/15/1975,,Monchia,Magdalena Cauca,Medio Magdalena,Río Nare,2015,07,Andes,Definitivo,19,19,0,9.59713077545166,9.59713077545166,0,12.6467390060425,1.67386221885681,3.05454540252686,6.04363632202148,5,10,0.869565188884735,0.876811623573303,1,1,68,1.08000004291534,20.5200008153915
12,2015-12-08,23080760,10,Definitivo,SAN ROQUE [23080760],Pluviométrica,Convencional,Activa,Antioquia,San Roque,6.4875,-75.017,820,5/15/1975,,Monchia,Magdalena Cauca,Medio Magdalena,Río Nare,2015,08,Andes,Definitivo,10,10,0,0,0,6.43014335632324,4.04754257202148,13.024320602417,3.05454540252686,6.04363632202148,5,10,0.869565188884735,0.876811623573303,1,1,68,1.08000004291534,10.8000004291534
12,2014-12-12,23080760,10,Definitivo,SAN ROQUE [23080760],Pluviométrica,Convencional,Activa,Antioquia,San Roque,6.4875,-75.017,820,5/15/1975,,Monchia,Magdalena Cauca,Medio Magdalena,Río Nare,2014,12,Andes,Definitivo,10,10,0,2.8265233039856,2.8265233039856,0,1.23270928859711,1.86292445659637,3.05454540252686,6.04363632202148,5,10,0.869565188884735,0.876811623573303,1,1,69,1.08000004291534,10.8000004291534
12,2002-12-16,23080760,21,Definitivo,SAN ROQUE [23080760],Pluviométrica,Convencional,Activa,Antioquia,San Roque,6.4875,-75.017,820,5/15/1975,,Monchia,Magdalena Cauca,Medio Magdalena,Río Nare,2002,16,Andes,Definitivo,21,21,0,2.77014350891113,2.77014350891113,0,15.1946058273315,13.5493545532227,3.05454540252686,6.04363632202148,5,10,0.869565188884735,0.876811623573303,1,1,70,1.08000004291534,22.6800009012222
12,2017-12-31,23080760,2,Definitivo,SAN ROQUE [23080760],Pluviométrica,Convencional,Activa,Antioquia,San Roque,6.4875,-75.017,820,5/15/1975,,Monchia,Magdalena Cauca,Medio Magdalena,Río Nare,2017,31,Andes,Definitivo,2,2,0,6.26939058303833,6.26939058303833,0,11.4211397171021,7.67139339447022,3.05454540252686,6.04363632202148,5,10,0.869565188884735,0.876811623573303,1,1,72,1.08000004291534,2.16000008583069
12,2013-12-18,23080760,1,Definitivo,SAN ROQUE [23080760],Pluviométrica,Convencional,Activa,Antioquia,San Roque,6.4875,-75.017,820,5/15/1975,,Monchia,Magdalena Cauca,Medio Magdalena,Río Nare,2013,18,Andes,Definitivo,1,1,0,13.6041479110718,13.6041479110718,15.390664100647,18.2555027008057,15.1881465911865,3.05454540252686,6.04363632202148,5,10,0.869565188884735,0.876811623573303,1,1,70,1.08000004291534,1.08000004291534
12,2013-12-19,23080760,,"",SAN ROQUE [23080760],Pluviométrica,Convencional,Activa,Antioquia,San Roque,6.4875,-75.017,820,5/15/1975,,Monchia,Magdalena Cauca,Medio Magdalena,Río Nare,2013,19,Andes,Preliminar,0,0,0,11.7186737060547,11.7186737060547,0,10.5551319122314,1.40815150737762,3.05454540252686,6.04363632202148,5,10,0.869565188884735,0.876811623573303,1,1,70,1.08000004291534,0
12,2013-12-20,23080760,,"",SAN ROQUE [23080760],Pluviométrica,Convencional,Activa,Antioquia,San Roque,6.4875,-75.017,820,5/15/1975,,Monchia,Magdalena Cauca,Medio Magdalena,Río Nare,2013,20,Andes,Preliminar,0,0,0,13.9456024169922,13.9456024169922,0,2.14312028884888,0.321768820285797,3.05454540252686,6.04363632202148,5,10,0.869565188884735,0.876811623573303,1,1,70,1.08000004291534,0
12,2012-12-24,23080760,,"",SAN ROQUE [23080760],Pluviométrica,Convencional,Activa,Antioquia,San Roque,6.4875,-75.017,820,5/15/1975,,Monchia,Magdalena Cauca,Medio Magdalena,Río Nare,2012,24,Andes,Preliminar,0,0,0,0.46857675909996,0.46857675909996,22.5163249969482,2.20924615859985,8.56381511688232,3.05454540252686,6.04363632202148,5,10,0.869565188884735,0.876811623573303,1,1,71,1.08000004291534,0
12,2012-12-25,23080760,30,Definitivo,SAN ROQUE [23080760],Pluviométrica,Convencional,Activa,Antioquia,San Roque,6.4875,-75.017,820,5/15/1975,,Monchia,Magdalena Cauca,Medio Magdalena,Río Nare,2012,25,Andes,Definitivo,30,30,0,1.45751428604126,1.45751428604126,0,12.2220439910889,0.546455681324005,3.05454540252686,6.04363632202148,5,10,0.869565188884735,0.876811623573303,1,1,71,1.08000004291534,32.4000012874603
12,2012-12-26,23080760,1,Definitivo,SAN ROQUE [23080760],Pluviométrica,Convencional,Activa,Antioquia,San Roque,6.4875,-75.017,820,5/15/1975,,Monchia,Magdalena Cauca,Medio Magdalena,Río Nare,2012,26,Andes,Definitivo,1,1,0,10.5105180740356,10.5105180740356,23.3086318969727,16.4866580963135,30.3472137451172,3.05454540252686,6.04363632202148,5,10,0.869565188884735,0.876811623573303,1,1,72,1.08000004291534,1.08000004291534
12,2012-12-27,23080760,5,Definitivo,SAN ROQUE [23080760],Pluviométrica,Convencional,Activa,Antioquia,San Roque,6.4875,-75.017,820,5/15/1975,,Monchia,Magdalena Cauca,Medio Magdalena,Río Nare,2012,27,Andes,Definitivo,5,5,0,8.34648418426514,8.34648418426514,7.76954412460327,6.21421766281128,2.35530614852905,3.05454540252686,6.04363632202148,5,10,0.869565188884735,0.876811623573303,1,1,72,1.08000004291534,5.40000021457672
12,2012-12-28,23080760,5,Definitivo,SAN ROQUE [23080760],Pluviométrica,Convencional,Activa,Antioquia,San Roque,6.4875,-75.017,820,5/15/1975,,Monchia,Magdalena Cauca,Medio Magdalena,Río Nare,2012,28,Andes,Definitivo,5,5,0,7.61703586578369,7.61703586578369,0,5.2755331993103,1.18160235881805,3.05454540252686,6.04363632202148,5,10,0.869565188884735,0.876811623573303,1,1,72,1.08000004291534,5.40000021457672
12,2012-12-29,23080760,0,Definitivo,SAN ROQUE [23080760],Pluviométrica,Convencional,Activa,Antioquia,San Roque,6.4875,-75.017,820,5/15/1975,,Monchia,Magdalena Cauca,Medio Magdalena,Río Nare,2012,29,Andes,Definitivo,0,0,0,0.0261800307780504,0.0261800307780504,0,1.62612271308899,2.14955449104309,3.05454540252686,6.04363632202148,5,10,0.869565188884735,0.876811623573303,1,1,72,1.08000004291534,0
12,2012-12-30,23080760,,"",SAN ROQUE [23080760],Pluviométrica,Convencional,Activa,Antioquia,San Roque,6.4875,-75.017,820,5/15/1975,,Monchia,Magdalena Cauca,Medio Magdalena,Río Nare,2012,30,Andes,Preliminar,0,0,0,0.531728148460388,0.531728148460388,7.76954412460327,4.46997451782227,0.0609835162758827,3.05454540252686,6.04363632202148,5,10,0.869565188884735,0.876811623573303,1,1,72,1.08000004291534,0
12,2012-12-31,23080760,,"",SAN ROQUE [23080760],Pluviométrica,Convencional,Activa,Antioquia,San Roque,6.4875,-75.017,820,5/15/1975,,Monchia,Magdalena Cauca,Medio Magdalena,Río Nare,2012,31,Andes,Preliminar,0,0,0,0.137250557541847,0.137250557541847,0,2.09627175331116,0.0741163492202759,3.05454540252686,6.04363632202148,5,10,0.869565188884735,0.876811623573303,1,1,72,1.08000004291534,0
12,2014-12-13,23080760,2,Definitivo,SAN ROQUE [23080760],Pluviométrica,Convencional,Activa,Antioquia,San Roque,6.4875,-75.017,820,5/15/1975,,Monchia,Magdalena Cauca,Medio Magdalena,Río Nare,2014,13,Andes,Definitivo,2,2,0,4.34388828277588,4.34388828277588,11.3570737838745,3.81666350364685,6.96488571166992,3.05454540252686,6.04363632202148,5,10,0.869565188884735,0.876811623573303,1,1,69,1.08000004291534,2.16000008583069
12,2014-12-14,23080760,2,Definitivo,SAN ROQUE [23080760],Pluviométrica,Convencional,Activa,Antioquia,San Roque,6.4875,-75.017,820,5/15/1975,,Monchia,Magdalena Cauca,Medio Magdalena,Río Nare,2014,14,Andes,Definitivo,2,2,0,1.58626627922058,1.58626627922058,0,6.91101932525635,0.7452672123909,3.05454540252686,6.04363632202148,5,10,0.869565188884735,0.876811623573303,1,1,69,1.08000004291534,2.16000008583069
12,2001-12-30,23080760,,"",SAN ROQUE [23080760],Pluviométrica,Convencional,Activa,Antioquia,San Roque,6.4875,-75.017,820,5/15/1975,,Monchia,Magdalena Cauca,Medio Magdalena,Río Nare,2001,30,Andes,Preliminar,0,0,0,4.00314426422119,4.00314426422119,0,6.30670642852783,11.8517141342163,3.05454540252686,6.04363632202148,5,10,0.869565188884735,0.876811623573303,1,1,72,1.08000004291534,0
12,2002-12-28,23080760,,"",SAN ROQUE [23080760],Pluviométrica,Convencional,Activa,Antioquia,San Roque,6.4875,-75.017,820,5/15/1975,,Monchia,Magdalena Cauca,Medio Magdalena,Río Nare,2002,28,Andes,Preliminar,0,0,0,1.97508120536804,1.97508120536804,0,2.22164845466614,0.887939035892487,3.05454540252686,6.04363632202148,5,10,0.869565188884735,0.876811623573303,1,1,72,1.08000004291534,0
12,2003-12-26,23080760,5,Definitivo,SAN ROQUE [23080760],Pluviométrica,Convencional,Activa,Antioquia,San Roque,6.4875,-75.017,820,5/15/1975,,Monchia,Magdalena Cauca,Medio Magdalena,Río Nare,2003,26,Andes,Definitivo,5,5,0,0.178555548191071,0.178555548191071,0,2.03540015220642,23.5005702972412,3.05454540252686,6.04363632202148,5,10,0.869565188884735,0.876811623573303,1,1,72,1.08000004291534,5.40000021457672
12,2003-12-25,23080760,0,Definitivo,SAN ROQUE [23080760],Pluviométrica,Convencional,Activa,Antioquia,San Roque,6.4875,-75.017,820,5/15/1975,,Monchia,Magdalena Cauca,Medio Magdalena,Río Nare,2003,25,Andes,Definitivo,0,0,0,8.3182315826416,8.3182315826416,23.1245746612549,19.2369289398193,12.8974561691284,3.05454540252686,6.04363632202148,5,10,0.869565188884735,0.876811623573303,1,1,71,1.08000004291534,0
12,2004-12-22,23080760,,"",SAN ROQUE [23080760],Pluviométrica,Convencional,Activa,Antioquia,San Roque,6.4875,-75.017,820,5/15/1975,,Monchia,Magdalena Cauca,Medio Magdalena,Río Nare,2004,22,Andes,Preliminar,0,0,0,2.22732734680176,2.22732734680176,0,0.671939611434937,0.278905987739563,3.05454540252686,6.04363632202148,5,10,0.869565188884735,0.876811623573303,1,1,71,1.08000004291534,0
12,2003-12-24,23080760,3,Definitivo,SAN ROQUE [23080760],Pluviométrica,Convencional,Activa,Antioquia,San Roque,6.4875,-75.017,820,5/15/1975,,Monchia,Magdalena Cauca,Medio Magdalena,Río Nare,2003,24,Andes,Definitivo,3,3,0,0,0,0,1.93811726570129,11.3773097991943,3.05454540252686,6.04363632202148,5,10,0.869565188884735,0.876811623573303,1,1,71,1.08000004291534,3.24000012874603
12,2004-12-21,23080760,,"",SAN ROQUE [23080760],Pluviométrica,Convencional,Activa,Antioquia,San Roque,6.4875,-75.017,820,5/15/1975,,Monchia,Magdalena Cauca,Medio Magdalena,Río Nare,2004,21,Andes,Preliminar,0,0,0,4.68128252029419,4.68128252029419,0,0.538608551025391,1.04455995559692,3.05454540252686,6.04363632202148,5,10,0.869565188884735,0.876811623573303,1,1,71,1.08000004291534,0
12,2005-12-19,23080760,10,Definitivo,SAN ROQUE [23080760],Pluviométrica,Convencional,Activa,Antioquia,San Roque,6.4875,-75.017,820,5/15/1975,,Monchia,Magdalena Cauca,Medio Magdalena,Río Nare,2005,19,Andes,Definitivo,10,10,0,2.60423016548157,2.60423016548157,0,1.50526487827301,4.71841621398926,3.05454540252686,6.04363632202148,5,10,0.869565188884735,0.876811623573303,1,1,70,1.08000004291534,10.8000004291534
12,2005-12-18,23080760,,"",SAN ROQUE [23080760],Pluviométrica,Convencional,Activa,Antioquia,San Roque,6.4875,-75.017,820,5/15/1975,,Monchia,Magdalena Cauca,Medio Magdalena,Río Nare,2005,18,Andes,Preliminar,0,0,0,2.01398110389709,2.01398110389709,0,0.861473858356476,0.173475995659828,3.05454540252686,6.04363632202148,5,10,0.869565188884735,0.876811623573303,1,1,70,1.08000004291534,0
12,2006-12-16,23080760,,"",SAN ROQUE [23080760],Pluviométrica,Convencional,Activa,Antioquia,San Roque,6.4875,-75.017,820,5/15/1975,,Monchia,Magdalena Cauca,Medio Magdalena,Río Nare,2006,16,Andes,Preliminar,0,0,0,1.34482061862946,1.34482061862946,0,4.03720331192017,0,3.05454540252686,6.04363632202148,5,10,0.869565188884735,0.876811623573303,1,1,70,1.08000004291534,0
12,2006-12-15,23080760,17,Definitivo,SAN ROQUE [23080760],Pluviométrica,Convencional,Activa,Antioquia,San Roque,6.4875,-75.017,820,5/15/1975,,Monchia,Magdalena Cauca,Medio Magdalena,Río Nare,2006,15,Andes,Definitivo,17,17,0,0.970344841480255,0.970344841480255,0,2.04024863243103,0.432444214820862,3.05454540252686,6.04363632202148,5,10,0.869565188884735,0.876811623573303,1,1,69,1.08000004291534,18.3600007295609
12,2004-12-15,23080760,2,Definitivo,SAN ROQUE [23080760],Pluviométrica,Convencional,Activa,Antioquia,San Roque,6.4875,-75.017,820,5/15/1975,,Monchia,Magdalena Cauca,Medio Magdalena,Río Nare,2004,15,Andes,Definitivo,2,2,0,4.05755853652954,4.05755853652954,28.9592666625977,3.09728050231934,7.9196572303772,3.05454540252686,6.04363632202148,5,10,0.869565188884735,0.876811623573303,1,1,69,1.08000004291534,2.16000008583069
12,2017-12-30,23080760,0,Definitivo,SAN ROQUE [23080760],Pluviométrica,Convencional,Activa,Antioquia,San Roque,6.4875,-75.017,820,5/15/1975,,Monchia,Magdalena Cauca,Medio Magdalena,Río Nare,2017,30,Andes,Definitivo,0,0,0,6.24802350997925,6.24802350997925,12.6112585067749,20.6084175109863,0.378626048564911,3.05454540252686,6.04363632202148,5,10,0.869565188884735,0.876811623573303,1,1,72,1.08000004291534,0
12,2003-12-14,23080760,0,Definitivo,SAN ROQUE [23080760],Pluviométrica,Convencional,Activa,Antioquia,San Roque,6.4875,-75.017,820,5/15/1975,,Monchia,Magdalena Cauca,Medio Magdalena,Río Nare,2003,14,Andes,Definitivo,0,0,0,2.20607948303223,2.20607948303223,0,4.47854995727539,3.78835606575012,3.05454540252686,6.04363632202148,5,10,0.869565188884735,0.876811623573303,1,1,69,1.08000004291534,0
12,2002-12-13,23080760,,"",SAN ROQUE [23080760],Pluviométrica,Convencional,Activa,Antioquia,San Roque,6.4875,-75.017,820,5/15/1975,,Monchia,Magdalena Cauca,Medio Magdalena,Río Nare,2002,13,Andes,Preliminar,0,0,0,0,0,0,1.4630172252655,6.15028095245361,3.05454540252686,6.04363632202148,5,10,0.869565188884735,0.876811623573303,1,1,69,1.08000004291534,0
12,2004-12-09,23080760,2,Definitivo,SAN ROQUE [23080760],Pluviométrica,Convencional,Activa,Antioquia,San Roque,6.4875,-75.017,820,5/15/1975,,Monchia,Magdalena Cauca,Medio Magdalena,Río Nare,2004,09,Andes,Definitivo,2,2,0,8.48166942596436,8.48166942596436,0,24.6626701354981,0.338992059230804,3.05454540252686,6.04363632202148,5,10,0.869565188884735,0.876811623573303,1,1,68,1.08000004291534,2.16000008583069
12,2004-12-06,23080760,,"",SAN ROQUE [23080760],Pluviométrica,Convencional,Activa,Antioquia,San Roque,6.4875,-75.017,820,5/15/1975,,Monchia,Magdalena Cauca,Medio Magdalena,Río Nare,2004,06,Andes,Preliminar,0,0,0,5.01659727096558,5.01659727096558,0,7.03498840332031,3.37951159477234,3.05454540252686,6.04363632202148,5,10,0.869565188884735,0.876811623573303,1,1,68,1.08000004291534,0
12,2005-12-06,23080760,14,Definitivo,SAN ROQUE [23080760],Pluviométrica,Convencional,Activa,Antioquia,San Roque,6.4875,-75.017,820,5/15/1975,,Monchia,Magdalena Cauca,Medio Magdalena,Río Nare,2005,06,Andes,Definitivo,14,14,0,5.26245546340942,5.26245546340942,0,7.57283735275269,12.4779968261719,3.05454540252686,6.04363632202148,5,10,0.869565188884735,0.876811623573303,1,1,68,1.08000004291534,15.1200006008148
12,2005-12-07,23080760,0,Definitivo,SAN ROQUE [23080760],Pluviométrica,Convencional,Activa,Antioquia,San Roque,6.4875,-75.017,820,5/15/1975,,Monchia,Magdalena Cauca,Medio Magdalena,Río Nare,2005,07,Andes,Definitivo,0,0,0,0.960018813610077,0.960018813610077,0,2.7609851360321,1.06280326843262,3.05454540252686,6.04363632202148,5,10,0.869565188884735,0.876811623573303,1,1,68,1.08000004291534,0
12,2005-12-08,23080760,22,Definitivo,SAN ROQUE [23080760],Pluviométrica,Convencional,Activa,Antioquia,San Roque,6.4875,-75.017,820,5/15/1975,,Monchia,Magdalena Cauca,Medio Magdalena,Río Nare,2005,08,Andes,Definitivo,22,22,0,2.82358407974243,2.82358407974243,0,2.77889347076416,0.123744428157806,3.05454540252686,6.04363632202148,5,10,0.869565188884735,0.876811623573303,1,1,68,1.08000004291534,23.7600009441376
12,2010-12-07,23080760,25,Definitivo,SAN ROQUE [23080760],Pluviométrica,Convencional,Activa,Antioquia,San Roque,6.4875,-75.017,820,5/15/1975,,Monchia,Magdalena Cauca,Medio Magdalena,Río Nare,2010,07,Andes,Definitivo,25,25,0,1.60329866409302,1.60329866409302,0,10.9832038879395,2.45360636711121,3.05454540252686,6.04363632202148,5,10,0.869565188884735,0.876811623573303,1,1,68,1.08000004291534,27.0000010728836
12,2010-12-08,23080760,2,Definitivo,SAN ROQUE [23080760],Pluviométrica,Convencional,Activa,Antioquia,San Roque,6.4875,-75.017,820,5/15/1975,,Monchia,Magdalena Cauca,Medio Magdalena,Río Nare,2010,08,Andes,Definitivo,2,2,0,18.1590118408203,18.1590118408203,0,15.2695236206055,17.0282764434814,3.05454540252686,6.04363632202148,5,10,0.869565188884735,0.876811623573303,1,1,68,1.08000004291534,2.16000008583069
12,2013-12-06,23080760,0,Definitivo,SAN ROQUE [23080760],Pluviométrica,Convencional,Activa,Antioquia,San Roque,6.4875,-75.017,820,5/15/1975,,Monchia,Magdalena Cauca,Medio Magdalena,Río Nare,2013,06,Andes,Definitivo,0,0,0,0.241161435842514,0.241161435842514,0,5.11505365371704,0,3.05454540252686,6.04363632202148,5,10,0.869565188884735,0.876811623573303,1,1,68,1.08000004291534,0
12,2013-12-07,23080760,28,Definitivo,SAN ROQUE [23080760],Pluviométrica,Convencional,Activa,Antioquia,San Roque,6.4875,-75.017,820,5/15/1975,,Monchia,Magdalena Cauca,Medio Magdalena,Río Nare,2013,07,Andes,Definitivo,28,28,0,2.12640452384949,2.12640452384949,31.7971820831299,8.09176445007324,4.33941268920898,3.05454540252686,6.04363632202148,5,10,0.869565188884735,0.876811623573303,1,1,68,1.08000004291534,30.2400012016296
12,2015-12-09,23080760,2,Definitivo,SAN ROQUE [23080760],Pluviométrica,Convencional,Activa,Antioquia,San Roque,6.4875,-75.017,820,5/15/1975,,Monchia,Magdalena Cauca,Medio Magdalena,Río Nare,2015,09,Andes,Definitivo,2,2,0,0.806778728961945,0.806778728961945,0,4.36688947677612,0.181080937385559,3.05454540252686,6.04363632202148,5,10,0.869565188884735,0.876811623573303,1,1,68,1.08000004291534,2.16000008583069
12,2015-12-10,23080760,1,Definitivo,SAN ROQUE [23080760],Pluviométrica,Convencional,Activa,Antioquia,San Roque,6.4875,-75.017,820,5/15/1975,,Monchia,Magdalena Cauca,Medio Magdalena,Río Nare,2015,10,Andes,Definitivo,1,1,0,6.67495632171631,6.67495632171631,12.8602867126465,6.58709812164307,13.1660718917847,3.05454540252686,6.04363632202148,5,10,0.869565188884735,0.876811623573303,1,1,68,1.08000004291534,1.08000004291534
12,2015-12-11,23080760,,"",SAN ROQUE [23080760],Pluviométrica,Convencional,Activa,Antioquia,San Roque,6.4875,-75.017,820,5/15/1975,,Monchia,Magdalena Cauca,Medio Magdalena,Río Nare,2015,11,Andes,Preliminar,0,0,0,0.82192850112915,0.82192850112915,0,1.6862850189209,0.698210299015045,3.05454540252686,6.04363632202148,5,10,0.869565188884735,0.876811623573303,1,1,69,1.08000004291534,0
12,2014-12-15,23080760,,"",SAN ROQUE [23080760],Pluviométrica,Convencional,Activa,Antioquia,San Roque,6.4875,-75.017,820,5/15/1975,,Monchia,Magdalena Cauca,Medio Magdalena,Río Nare,2014,15,Andes,Preliminar,0,0,0,3.1835823059082,3.1835823059082,0,8.88971138000488,3.60886168479919,3.05454540252686,6.04363632202148,5,10,0.869565188884735,0.876811623573303,1,1,69,1.08000004291534,0
12,2014-12-16,23080760,0,Definitivo,SAN ROQUE [23080760],Pluviométrica,Convencional,Activa,Antioquia,San Roque,6.4875,-75.017,820,5/15/1975,,Monchia,Magdalena Cauca,Medio Magdalena,Río Nare,2014,16,Andes,Definitivo,0,0,0,2.35545992851257,2.35545992851257,0,1.62207758426666,0,3.05454540252686,6.04363632202148,5,10,0.869565188884735,0.876811623573303,1,1,70,1.08000004291534,0
12,2014-12-17,23080760,0,Definitivo,SAN ROQUE [23080760],Pluviométrica,Convencional,Activa,Antioquia,San Roque,6.4875,-75.017,820,5/15/1975,,Monchia,Magdalena Cauca,Medio Magdalena,Río Nare,2014,17,Andes,Definitivo,0,0,0,2.46643614768982,2.46643614768982,0,3.5991530418396,3.62614250183105,3.05454540252686,6.04363632202148,5,10,0.869565188884735,0.876811623573303,1,1,70,1.08000004291534,0
12,2013-12-21,23080760,,"",SAN ROQUE [23080760],Pluviométrica,Convencional,Activa,Antioquia,San Roque,6.4875,-75.017,820,5/15/1975,,Monchia,Magdalena Cauca,Medio Magdalena,Río Nare,2013,21,Andes,Preliminar,0,0,0,1.63829255104065,1.63829255104065,0,0.556894242763519,0.201906010508537,3.05454540252686,6.04363632202148,5,10,0.869565188884735,0.876811623573303,1,1,71,1.08000004291534,0
12,2013-12-22,23080760,,"",SAN ROQUE [23080760],Pluviométrica,Convencional,Activa,Antioquia,San Roque,6.4875,-75.017,820,5/15/1975,,Monchia,Magdalena Cauca,Medio Magdalena,Río Nare,2013,22,Andes,Preliminar,0,0,0,0.585401594638825,0.585401594638825,0,0.883631348609924,0.513624668121338,3.05454540252686,6.04363632202148,5,10,0.869565188884735,0.876811623573303,1,1,71,1.08000004291534,0
12,2013-12-23,23080760,40,Definitivo,SAN ROQUE [23080760],Pluviométrica,Convencional,Activa,Antioquia,San Roque,6.4875,-75.017,820,5/15/1975,,Monchia,Magdalena Cauca,Medio Magdalena,Río Nare,2013,23,Andes,Definitivo,40,40,0,1.17025279998779,1.17025279998779,0,4.95794773101807,7.30078840255737,3.05454540252686,6.04363632202148,5,10,0.869565188884735,0.876811623573303,1,1,71,1.08000004291534,43.2000017166138
12,2013-12-24,23080760,15,Definitivo,SAN ROQUE [23080760],Pluviométrica,Convencional,Activa,Antioquia,San Roque,6.4875,-75.017,820,5/15/1975,,Monchia,Magdalena Cauca,Medio Magdalena,Río Nare,2013,24,Andes,Definitivo,15,15,0,1.97976648807526,1.97976648807526,0,7.942467212677,5.80426120758057,3.05454540252686,6.04363632202148,5,10,0.869565188884735,0.876811623573303,1,1,71,1.08000004291534,16.2000006437302
12,2013-12-25,23080760,,"",SAN ROQUE [23080760],Pluviométrica,Convencional,Activa,Antioquia,San Roque,6.4875,-75.017,820,5/15/1975,,Monchia,Magdalena Cauca,Medio Magdalena,Río Nare,2013,25,Andes,Preliminar,0,0,0,1.03698587417603,1.03698587417603,0,1.32277047634125,1.84312951564789,3.05454540252686,6.04363632202148,5,10,0.869565188884735,0.876811623573303,1,1,71,1.08000004291534,0
12,2013-12-26,23080760,,"",SAN ROQUE [23080760],Pluviométrica,Convencional,Activa,Antioquia,San Roque,6.4875,-75.017,820,5/15/1975,,Monchia,Magdalena Cauca,Medio Magdalena,Río Nare,2013,26,Andes,Preliminar,0,0,0,5.30071258544922,5.30071258544922,0,1.69249606132507,0.504255533218384,3.05454540252686,6.04363632202148,5,10,0.869565188884735,0.876811623573303,1,1,72,1.08000004291534,0
12,2013-12-27,23080760,,"",SAN ROQUE [23080760],Pluviométrica,Convencional,Activa,Antioquia,San Roque,6.4875,-75.017,820,5/15/1975,,Monchia,Magdalena Cauca,Medio Magdalena,Río Nare,2013,27,Andes,Preliminar,0,0,0,1.64255583286285,1.64255583286285,0,0.910281717777252,0.606733202934265,3.05454540252686,6.04363632202148,5,10,0.869565188884735,0.876811623573303,1,1,72,1.08000004291534,0
12,2013-12-28,23080760,,"",SAN ROQUE [23080760],Pluviométrica,Convencional,Activa,Antioquia,San Roque,6.4875,-75.017,820,5/15/1975,,Monchia,Magdalena Cauca,Medio Magdalena,Río Nare,2013,28,Andes,Preliminar,0,0,0,0.388013511896133,0.388013511896133,0,0.00511466525495052,0.504255533218384,3.05454540252686,6.04363632202148,5,10,0.869565188884735,0.876811623573303,1,1,72,1.08000004291534,0
12,2013-12-29,23080760,0,Definitivo,SAN ROQUE [23080760],Pluviométrica,Convencional,Activa,Antioquia,San Roque,6.4875,-75.017,820,5/15/1975,,Monchia,Magdalena Cauca,Medio Magdalena,Río Nare,2013,29,Andes,Definitivo,0,0,0,0,0,0,0.0031222109682858,2.31957530975342,3.05454540252686,6.04363632202148,5,10,0.869565188884735,0.876811623573303,1,1,72,1.08000004291534,0
12,2013-12-30,23080760,,"",SAN ROQUE [23080760],Pluviométrica,Convencional,Activa,Antioquia,San Roque,6.4875,-75.017,820,5/15/1975,,Monchia,Magdalena Cauca,Medio Magdalena,Río Nare,2013,30,Andes,Preliminar,0,0,0,0.23369874060154,0.23369874060154,0,1.42084205150604,1.61199116706848,3.05454540252686,6.04363632202148,5,10,0.869565188884735,0.876811623573303,1,1,72,1.08000004291534,0
12,2013-12-31,23080760,,"",SAN ROQUE [23080760],Pluviométrica,Convencional,Activa,Antioquia,San Roque,6.4875,-75.017,820,5/15/1975,,Monchia,Magdalena Cauca,Medio Magdalena,Río Nare,2013,31,Andes,Preliminar,0,0,0,1.21327829360962,1.21327829360962,0,2.01920962333679,0.504255533218384,3.05454540252686,6.04363632202148,5,10,0.869565188884735,0.876811623573303,1,1,72,1.08000004291534,0
12,2001-12-29,23080760,2,Definitivo,SAN ROQUE [23080760],Pluviométrica,Convencional,Activa,Antioquia,San Roque,6.4875,-75.017,820,5/15/1975,,Monchia,Magdalena Cauca,Medio Magdalena,Río Nare,2001,29,Andes,Definitivo,2,2,0,1.45680177211761,1.45680177211761,9.48498249053955,1.86898839473724,4.18137741088867,3.05454540252686,6.04363632202148,5,10,0.869565188884735,0.876811623573303,1,1,72,1.08000004291534,2.16000008583069
12,2002-12-27,23080760,0,Definitivo,SAN ROQUE [23080760],Pluviométrica,Convencional,Activa,Antioquia,San Roque,6.4875,-75.017,820,5/15/1975,,Monchia,Magdalena Cauca,Medio Magdalena,Río Nare,2002,27,Andes,Definitivo,0,0,0,5.60668087005615,5.60668087005615,0,1.37185943126678,0.498966604471207,3.05454540252686,6.04363632202148,5,10,0.869565188884735,0.876811623573303,1,1,72,1.08000004291534,0
12,2001-12-28,23080760,16,Definitivo,SAN ROQUE [23080760],Pluviométrica,Convencional,Activa,Antioquia,San Roque,6.4875,-75.017,820,5/15/1975,,Monchia,Magdalena Cauca,Medio Magdalena,Río Nare,2001,28,Andes,Definitivo,16,16,0,0.80797415971756,0.80797415971756,0,0.642562687397003,0.468497782945633,3.05454540252686,6.04363632202148,5,10,0.869565188884735,0.876811623573303,1,1,72,1.08000004291534,17.2800006866455
12,2002-12-26,23080760,0.5,Definitivo,SAN ROQUE [23080760],Pluviométrica,Convencional,Activa,Antioquia,San Roque,6.4875,-75.017,820,5/15/1975,,Monchia,Magdalena Cauca,Medio Magdalena,Río Nare,2002,26,Andes,Definitivo,0.5,0.5,0,1.2997305393219,1.2997305393219,0,1.11890065670013,0.152336597442627,3.05454540252686,6.04363632202148,5,10,0.869565188884735,0.876811623573303,1,1,72,1.08000004291534,0.540000021457672
12,2002-12-25,23080760,2,Definitivo,SAN ROQUE [23080760],Pluviométrica,Convencional,Activa,Antioquia,San Roque,6.4875,-75.017,820,5/15/1975,,Monchia,Magdalena Cauca,Medio Magdalena,Río Nare,2002,25,Andes,Definitivo,2,2,0,0.0289336182177067,0.0289336182177067,0,2.67600083351135,2.1328444480896,3.05454540252686,6.04363632202148,5,10,0.869565188884735,0.876811623573303,1,1,71,1.08000004291534,2.16000008583069
12,2003-12-23,23080760,0,Definitivo,SAN ROQUE [23080760],Pluviométrica,Convencional,Activa,Antioquia,San Roque,6.4875,-75.017,820,5/15/1975,,Monchia,Magdalena Cauca,Medio Magdalena,Río Nare,2003,23,Andes,Definitivo,0,0,0,0,0,0,3.32085108757019,1.29802548885345,3.05454540252686,6.04363632202148,5,10,0.869565188884735,0.876811623573303,1,1,71,1.08000004291534,0
12,2004-12-20,23080760,,"",SAN ROQUE [23080760],Pluviométrica,Convencional,Activa,Antioquia,San Roque,6.4875,-75.017,820,5/15/1975,,Monchia,Magdalena Cauca,Medio Magdalena,Río Nare,2004,20,Andes,Preliminar,0,0,0,2.62870073318481,2.62870073318481,0,1.95285952091217,1.39828681945801,3.05454540252686,6.04363632202148,5,10,0.869565188884735,0.876811623573303,1,1,70,1.08000004291534,0
12,2004-12-19,23080760,,"",SAN ROQUE [23080760],Pluviométrica,Convencional,Activa,Antioquia,San Roque,6.4875,-75.017,820,5/15/1975,,Monchia,Magdalena Cauca,Medio Magdalena,Río Nare,2004,19,Andes,Preliminar,0,0,0,1.71876585483551,1.71876585483551,0,2.00931429862976,0,3.05454540252686,6.04363632202148,5,10,0.869565188884735,0.876811623573303,1,1,70,1.08000004291534,0
12,2005-12-17,23080760,,"",SAN ROQUE [23080760],Pluviométrica,Convencional,Activa,Antioquia,San Roque,6.4875,-75.017,820,5/15/1975,,Monchia,Magdalena Cauca,Medio Magdalena,Río Nare,2005,17,Andes,Preliminar,0,0,0,0.862671494483948,0.862671494483948,0,0.66756546497345,0,3.05454540252686,6.04363632202148,5,10,0.869565188884735,0.876811623573303,1,1,70,1.08000004291534,0
12,2004-12-18,23080760,,"",SAN ROQUE [23080760],Pluviométrica,Convencional,Activa,Antioquia,San Roque,6.4875,-75.017,820,5/15/1975,,Monchia,Magdalena Cauca,Medio Magdalena,Río Nare,2004,18,Andes,Preliminar,0,0,0,3.53442287445068,3.53442287445068,0,4.10244989395142,2.6958703994751,3.05454540252686,6.04363632202148,5,10,0.869565188884735,0.876811623573303,1,1,70,1.08000004291534,0
12,2002-12-19,23080760,,"",SAN ROQUE [23080760],Pluviométrica,Convencional,Activa,Antioquia,San Roque,6.4875,-75.017,820,5/15/1975,,Monchia,Magdalena Cauca,Medio Magdalena,Río Nare,2002,19,Andes,Preliminar,0,0,0,3.85064506530762,3.85064506530762,0,1.21208834648132,1.05705845355988,3.05454540252686,6.04363632202148,5,10,0.869565188884735,0.876811623573303,1,1,70,1.08000004291534,0
12,2003-12-17,23080760,0,Definitivo,SAN ROQUE [23080760],Pluviométrica,Convencional,Activa,Antioquia,San Roque,6.4875,-75.017,820,5/15/1975,,Monchia,Magdalena Cauca,Medio Magdalena,Río Nare,2003,17,Andes,Definitivo,0,0,0,0,0,0,0,0,3.05454540252686,6.04363632202148,5,10,0.869565188884735,0.876811623573303,1,1,70,1.08000004291534,0
12,2018-12-28,23080760,5,Definitivo,SAN ROQUE [23080760],Pluviométrica,Convencional,Activa,Antioquia,San Roque,6.4875,-75.017,820,5/15/1975,,Monchia,Magdalena Cauca,Medio Magdalena,Río Nare,2018,28,Andes,Definitivo,5,5,0,0,0,0,0,0,3.05454540252686,6.04363632202148,5,10,0.869565188884735,0.876811623573303,1,1,72,1.08000004291534,5.40000021457672
12,2018-12-29,23080760,0,Definitivo,SAN ROQUE [23080760],Pluviométrica,Convencional,Activa,Antioquia,San Roque,6.4875,-75.017,820,5/15/1975,,Monchia,Magdalena Cauca,Medio Magdalena,Río Nare,2018,29,Andes,Definitivo,0,0,0,0,0,0,0,0,3.05454540252686,6.04363632202148,5,10,0.869565188884735,0.876811623573303,1,1,72,1.08000004291534,0
12,2018-12-30,23080760,4,Definitivo,SAN ROQUE [23080760],Pluviométrica,Convencional,Activa,Antioquia,San Roque,6.4875,-75.017,820,5/15/1975,,Monchia,Magdalena Cauca,Medio Magdalena,Río Nare,2018,30,Andes,Definitivo,4,4,0,4.88335609436035,4.88335609436035,0,0.435271739959717,6.24263143539429,3.05454540252686,6.04363632202148,5,10,0.869565188884735,0.876811623573303,1,1,72,1.08000004291534,4.32000017166138
12,2018-12-31,23080760,0,Definitivo,SAN ROQUE [23080760],Pluviométrica,Convencional,Activa,Antioquia,San Roque,6.4875,-75.017,820,5/15/1975,,Monchia,Magdalena Cauca,Medio Magdalena,Río Nare,2018,31,Andes,Definitivo,0,0,0,3.89490246772766,3.89490246772766,0,4.94646644592285,3.63183975219727,3.05454540252686,6.04363632202148,5,10,0.869565188884735,0.876811623573303,1,1,72,1.08000004291534,0
12,2003-12-06,23080760,2,Definitivo,SAN ROQUE [23080760],Pluviométrica,Convencional,Activa,Antioquia,San Roque,6.4875,-75.017,820,5/15/1975,,Monchia,Magdalena Cauca,Medio Magdalena,Río Nare,2003,06,Andes,Definitivo,2,2,0,13.4011764526367,13.4011764526367,20.8811359405518,11.5343780517578,29.6685314178467,3.05454540252686,6.04363632202148,5,10,0.869565188884735,0.876811623573303,1,1,68,1.08000004291534,2.16000008583069
12,2006-12-04,23080760,,"",SAN ROQUE [23080760],Pluviométrica,Convencional,Activa,Antioquia,San Roque,6.4875,-75.017,820,5/15/1975,,Monchia,Magdalena Cauca,Medio Magdalena,Río Nare,2006,04,Andes,Preliminar,0,0,0,4.63737201690674,4.63737201690674,0,12.2199954986572,4.84987354278565,3.05454540252686,6.04363632202148,5,10,0.869565188884735,0.876811623573303,1,1,67,1.08000004291534,0
12,2006-12-05,23080760,1,Definitivo,SAN ROQUE [23080760],Pluviométrica,Convencional,Activa,Antioquia,San Roque,6.4875,-75.017,820,5/15/1975,,Monchia,Magdalena Cauca,Medio Magdalena,Río Nare,2006,05,Andes,Definitivo,1,1,0,3.82237648963928,3.82237648963928,0,10.325798034668,1.54785597324371,3.05454540252686,6.04363632202148,5,10,0.869565188884735,0.876811623573303,1,1,67,1.08000004291534,1.08000004291534
12,2008-12-06,23080760,,"",SAN ROQUE [23080760],Pluviométrica,Convencional,Activa,Antioquia,San Roque,6.4875,-75.017,820,5/15/1975,,Monchia,Magdalena Cauca,Medio Magdalena,Río Nare,2008,06,Andes,Preliminar,0,0,0,4.2465033531189,4.2465033531189,0,15.6888723373413,1.66442334651947,3.05454540252686,6.04363632202148,5,10,0.869565188884735,0.876811623573303,1,1,68,1.08000004291534,0
12,2008-12-07,23080760,41,Definitivo,SAN ROQUE [23080760],Pluviométrica,Convencional,Activa,Antioquia,San Roque,6.4875,-75.017,820,5/15/1975,,Monchia,Magdalena Cauca,Medio Magdalena,Río Nare,2008,07,Andes,Definitivo,41,41,0,3.07312750816345,3.07312750816345,0,8.00586986541748,1.99405336380005,3.05454540252686,6.04363632202148,5,10,0.869565188884735,0.876811623573303,1,1,68,1.08000004291534,44.2800017595291
12,2008-12-08,23080760,,"",SAN ROQUE [23080760],Pluviométrica,Convencional,Activa,Antioquia,San Roque,6.4875,-75.017,820,5/15/1975,,Monchia,Magdalena Cauca,Medio Magdalena,Río Nare,2008,08,Andes,Preliminar,0,0,0,5.35282897949219,5.35282897949219,44.0956649780274,19.6736125946045,42.2291603088379,3.05454540252686,6.04363632202148,5,10,0.869565188884735,0.876811623573303,1,1,68,1.08000004291534,0
12,2011-12-07,23080760,47,Definitivo,SAN ROQUE [23080760],Pluviométrica,Convencional,Activa,Antioquia,San Roque,6.4875,-75.017,820,5/15/1975,,Monchia,Magdalena Cauca,Medio Magdalena,Río Nare,2011,07,Andes,Definitivo,47,47,0,11.0888032913208,11.0888032913208,0,31.1038761138916,19.7786235809326,3.05454540252686,6.04363632202148,5,10,0.869565188884735,0.876811623573303,1,1,68,1.08000004291534,50.7600020170212
12,2013-12-08,23080760,10,Definitivo,SAN ROQUE [23080760],Pluviométrica,Convencional,Activa,Antioquia,San Roque,6.4875,-75.017,820,5/15/1975,,Monchia,Magdalena Cauca,Medio Magdalena,Río Nare,2013,08,Andes,Definitivo,10,10,0,3.6767110824585,3.6767110824585,0,18.6127414703369,35.6933097839356,3.05454540252686,6.04363632202148,5,10,0.869565188884735,0.876811623573303,1,1,68,1.08000004291534,10.8000004291534
12,2016-12-06,23080760,0,Definitivo,SAN ROQUE [23080760],Pluviométrica,Convencional,Activa,Antioquia,San Roque,6.4875,-75.017,820,5/15/1975,,Monchia,Magdalena Cauca,Medio Magdalena,Río Nare,2016,06,Andes,Definitivo,0,0,0,1.89830350875855,1.89830350875855,25.2485256195068,11.8234558105469,7.07524919509888,3.05454540252686,6.04363632202148,5,10,0.869565188884735,0.876811623573303,1,1,68,1.08000004291534,0
12,2016-12-07,23080760,0,Definitivo,SAN ROQUE [23080760],Pluviométrica,Convencional,Activa,Antioquia,San Roque,6.4875,-75.017,820,5/15/1975,,Monchia,Magdalena Cauca,Medio Magdalena,Río Nare,2016,07,Andes,Definitivo,0,0,0,3.58168721199036,3.58168721199036,0,10.8522863388062,1.05313920974731,3.05454540252686,6.04363632202148,5,10,0.869565188884735,0.876811623573303,1,1,68,1.08000004291534,0
12,2015-12-12,23080760,,"",SAN ROQUE [23080760],Pluviométrica,Convencional,Activa,Antioquia,San Roque,6.4875,-75.017,820,5/15/1975,,Monchia,Magdalena Cauca,Medio Magdalena,Río Nare,2015,12,Andes,Preliminar,0,0,0,0,0,0,0.367191344499588,0.437660247087479,3.05454540252686,6.04363632202148,5,10,0.869565188884735,0.876811623573303,1,1,69,1.08000004291534,0
12,2015-12-13,23080760,7,Definitivo,SAN ROQUE [23080760],Pluviométrica,Convencional,Activa,Antioquia,San Roque,6.4875,-75.017,820,5/15/1975,,Monchia,Magdalena Cauca,Medio Magdalena,Río Nare,2015,13,Andes,Definitivo,7,7,0,1.25520479679108,1.25520479679108,0,3.30428791046143,0,3.05454540252686,6.04363632202148,5,10,0.869565188884735,0.876811623573303,1,1,69,1.08000004291534,7.56000030040741
12,2015-12-14,23080760,0,Definitivo,SAN ROQUE [23080760],Pluviométrica,Convencional,Activa,Antioquia,San Roque,6.4875,-75.017,820,5/15/1975,,Monchia,Magdalena Cauca,Medio Magdalena,Río Nare,2015,14,Andes,Definitivo,0,0,0,5.83670997619629,5.83670997619629,10.4590129852295,14.9522161483765,22.7813091278076,3.05454540252686,6.04363632202148,5,10,0.869565188884735,0.876811623573303,1,1,69,1.08000004291534,0
12,2014-12-18,23080760,,"",SAN ROQUE [23080760],Pluviométrica,Convencional,Activa,Antioquia,San Roque,6.4875,-75.017,820,5/15/1975,,Monchia,Magdalena Cauca,Medio Magdalena,Río Nare,2014,18,Andes,Preliminar,0,0,0,1.52470111846924,1.52470111846924,0,2.75755214691162,3.63534045219421,3.05454540252686,6.04363632202148,5,10,0.869565188884735,0.876811623573303,1,1,70,1.08000004291534,0
12,2014-12-19,23080760,,"",SAN ROQUE [23080760],Pluviométrica,Convencional,Activa,Antioquia,San Roque,6.4875,-75.017,820,5/15/1975,,Monchia,Magdalena Cauca,Medio Magdalena,Río Nare,2014,19,Andes,Preliminar,0,0,0,2.13839483261108,2.13839483261108,0,0.955162525177002,0.875275313854218,3.05454540252686,6.04363632202148,5,10,0.869565188884735,0.876811623573303,1,1,70,1.08000004291534,0
12,2014-12-20,23080760,,"",SAN ROQUE [23080760],Pluviométrica,Convencional,Activa,Antioquia,San Roque,6.4875,-75.017,820,5/15/1975,,Monchia,Magdalena Cauca,Medio Magdalena,Río Nare,2014,20,Andes,Preliminar,0,0,0,2.23691153526306,2.23691153526306,0,2.96522355079651,3.76241064071655,3.05454540252686,6.04363632202148,5,10,0.869565188884735,0.876811623573303,1,1,70,1.08000004291534,0
12,2014-12-21,23080760,,"",SAN ROQUE [23080760],Pluviométrica,Convencional,Activa,Antioquia,San Roque,6.4875,-75.017,820,5/15/1975,,Monchia,Magdalena Cauca,Medio Magdalena,Río Nare,2014,21,Andes,Preliminar,0,0,0,2.78052592277527,2.78052592277527,0,2.18031430244446,0.161319896578789,3.05454540252686,6.04363632202148,5,10,0.869565188884735,0.876811623573303,1,1,71,1.08000004291534,0
12,2014-12-22,23080760,,"",SAN ROQUE [23080760],Pluviométrica,Convencional,Activa,Antioquia,San Roque,6.4875,-75.017,820,5/15/1975,,Monchia,Magdalena Cauca,Medio Magdalena,Río Nare,2014,22,Andes,Preliminar,0,0,0,3.52322673797607,3.52322673797607,0,0.434680998325348,0.161319896578789,3.05454540252686,6.04363632202148,5,10,0.869565188884735,0.876811623573303,1,1,71,1.08000004291534,0
12,2014-12-23,23080760,,"",SAN ROQUE [23080760],Pluviométrica,Convencional,Activa,Antioquia,San Roque,6.4875,-75.017,820,5/15/1975,,Monchia,Magdalena Cauca,Medio Magdalena,Río Nare,2014,23,Andes,Preliminar,0,0,0,0,0,0,0.0153891937807202,0.161319896578789,3.05454540252686,6.04363632202148,5,10,0.869565188884735,0.876811623573303,1,1,71,1.08000004291534,0
12,2014-12-24,23080760,,"",SAN ROQUE [23080760],Pluviométrica,Convencional,Activa,Antioquia,San Roque,6.4875,-75.017,820,5/15/1975,,Monchia,Magdalena Cauca,Medio Magdalena,Río Nare,2014,24,Andes,Preliminar,0,0,0,0.0114036006852984,0.0114036006852984,0,0.16701140999794,2.58111834526062,3.05454540252686,6.04363632202148,5,10,0.869565188884735,0.876811623573303,1,1,71,1.08000004291534,0
12,2014-12-25,23080760,,"",SAN ROQUE [23080760],Pluviométrica,Convencional,Activa,Antioquia,San Roque,6.4875,-75.017,820,5/15/1975,,Monchia,Magdalena Cauca,Medio Magdalena,Río Nare,2014,25,Andes,Preliminar,0,0,0,0.0955429822206497,0.0955429822206497,0,0.429001837968826,0.161319896578789,3.05454540252686,6.04363632202148,5,10,0.869565188884735,0.876811623573303,1,1,71,1.08000004291534,0
12,2014-12-26,23080760,9,Definitivo,SAN ROQUE [23080760],Pluviométrica,Convencional,Activa,Antioquia,San Roque,6.4875,-75.017,820,5/15/1975,,Monchia,Magdalena Cauca,Medio Magdalena,Río Nare,2014,26,Andes,Definitivo,9,9,0,0.92361307144165,0.92361307144165,0,0.701070725917816,0,3.05454540252686,6.04363632202148,5,10,0.869565188884735,0.876811623573303,1,1,72,1.08000004291534,9.7200003862381
12,2014-12-27,23080760,,"",SAN ROQUE [23080760],Pluviométrica,Convencional,Activa,Antioquia,San Roque,6.4875,-75.017,820,5/15/1975,,Monchia,Magdalena Cauca,Medio Magdalena,Río Nare,2014,27,Andes,Preliminar,0,0,0,0,0,0,0.216858148574829,0,3.05454540252686,6.04363632202148,5,10,0.869565188884735,0.876811623573303,1,1,72,1.08000004291534,0
12,2014-12-28,23080760,,"",SAN ROQUE [23080760],Pluviométrica,Convencional,Activa,Antioquia,San Roque,6.4875,-75.017,820,5/15/1975,,Monchia,Magdalena Cauca,Medio Magdalena,Río Nare,2014,28,Andes,Preliminar,0,0,0,1.0411012172699,1.0411012172699,0,1.01056528091431,3.56779527664185,3.05454540252686,6.04363632202148,5,10,0.869565188884735,0.876811623573303,1,1,72,1.08000004291534,0
12,2014-12-29,23080760,,"",SAN ROQUE [23080760],Pluviométrica,Convencional,Activa,Antioquia,San Roque,6.4875,-75.017,820,5/15/1975,,Monchia,Magdalena Cauca,Medio Magdalena,Río Nare,2014,29,Andes,Preliminar,0,0,0,0.0571524724364281,0.0571524724364281,0,1.59856677055359,0,3.05454540252686,6.04363632202148,5,10,0.869565188884735,0.876811623573303,1,1,72,1.08000004291534,0
12,2014-12-30,23080760,,"",SAN ROQUE [23080760],Pluviométrica,Convencional,Activa,Antioquia,San Roque,6.4875,-75.017,820,5/15/1975,,Monchia,Magdalena Cauca,Medio Magdalena,Río Nare,2014,30,Andes,Preliminar,0,0,0,2.75858283042908,2.75858283042908,0,1.96013462543488,3.01590347290039,3.05454540252686,6.04363632202148,5,10,0.869565188884735,0.876811623573303,1,1,72,1.08000004291534,0
12,2014-12-31,23080760,0,Definitivo,SAN ROQUE [23080760],Pluviométrica,Convencional,Activa,Antioquia,San Roque,6.4875,-75.017,820,5/15/1975,,Monchia,Magdalena Cauca,Medio Magdalena,Río Nare,2014,31,Andes,Definitivo,0,0,0,3.99780869483948,3.99780869483948,0,1.09650313854218,0,3.05454540252686,6.04363632202148,5,10,0.869565188884735,0.876811623573303,1,1,72,1.08000004291534,0
12,2001-12-27,23080760,,"",SAN ROQUE [23080760],Pluviométrica,Convencional,Activa,Antioquia,San Roque,6.4875,-75.017,820,5/15/1975,,Monchia,Magdalena Cauca,Medio Magdalena,Río Nare,2001,27,Andes,Preliminar,0,0,0,19.4219856262207,19.4219856262207,18.9699649810791,16.8435230255127,3.84440541267395,3.05454540252686,6.04363632202148,5,10,0.869565188884735,0.876811623573303,1,1,72,1.08000004291534,0
12,2001-12-26,23080760,8,Definitivo,SAN ROQUE [23080760],Pluviométrica,Convencional,Activa,Antioquia,San Roque,6.4875,-75.017,820,5/15/1975,,Monchia,Magdalena Cauca,Medio Magdalena,Río Nare,2001,26,Andes,Definitivo,8,8,0,6.65966510772705,6.65966510772705,9.48498249053955,13.0781965255737,25.7195358276367,3.05454540252686,6.04363632202148,5,10,0.869565188884735,0.876811623573303,1,1,72,1.08000004291534,8.64000034332275
12,2002-12-24,23080760,0,Definitivo,SAN ROQUE [23080760],Pluviométrica,Convencional,Activa,Antioquia,San Roque,6.4875,-75.017,820,5/15/1975,,Monchia,Magdalena Cauca,Medio Magdalena,Río Nare,2002,24,Andes,Definitivo,0,0,0,1.70708334445953,1.70708334445953,0,0.27553603053093,0.201711192727089,3.05454540252686,6.04363632202148,5,10,0.869565188884735,0.876811623573303,1,1,71,1.08000004291534,0
12,2003-12-22,23080760,0,Definitivo,SAN ROQUE [23080760],Pluviométrica,Convencional,Activa,Antioquia,San Roque,6.4875,-75.017,820,5/15/1975,,Monchia,Magdalena Cauca,Medio Magdalena,Río Nare,2003,22,Andes,Definitivo,0,0,0,7.12991333007813,7.12991333007813,5.78114366531372,12.5147562026978,9.76493835449219,3.05454540252686,6.04363632202148,5,10,0.869565188884735,0.876811623573303,1,1,71,1.08000004291534,0
12,2002-12-23,23080760,,"",SAN ROQUE [23080760],Pluviométrica,Convencional,Activa,Antioquia,San Roque,6.4875,-75.017,820,5/15/1975,,Monchia,Magdalena Cauca,Medio Magdalena,Río Nare,2002,23,Andes,Preliminar,0,0,0,0.361670166254044,0.361670166254044,0,1.72158169746399,0.103371888399124,3.05454540252686,6.04363632202148,5,10,0.869565188884735,0.876811623573303,1,1,71,1.08000004291534,0
12,2003-12-21,23080760,18,Definitivo,SAN ROQUE [23080760],Pluviométrica,Convencional,Activa,Antioquia,San Roque,6.4875,-75.017,820,5/15/1975,,Monchia,Magdalena Cauca,Medio Magdalena,Río Nare,2003,21,Andes,Definitivo,18,18,0,17.3791599273682,17.3791599273682,0,8.5615930557251,10.2345123291016,3.05454540252686,6.04363632202148,5,10,0.869565188884735,0.876811623573303,1,1,71,1.08000004291534,19.4400007724762
12,2016-12-31,23080760,0,Definitivo,SAN ROQUE [23080760],Pluviométrica,Convencional,Activa,Antioquia,San Roque,6.4875,-75.017,820,5/15/1975,,Monchia,Magdalena Cauca,Medio Magdalena,Río Nare,2016,31,Andes,Definitivo,0,0,0,14.4885778427124,14.4885778427124,20.9804515838623,19.6446075439453,29.4174518585205,3.05454540252686,6.04363632202148,5,10,0.869565188884735,0.876811623573303,1,1,72,1.08000004291534,0
12,2017-12-29,23080760,4,Definitivo,SAN ROQUE [23080760],Pluviométrica,Convencional,Activa,Antioquia,San Roque,6.4875,-75.017,820,5/15/1975,,Monchia,Magdalena Cauca,Medio Magdalena,Río Nare,2017,29,Andes,Definitivo,4,4,0,3.13104796409607,3.13104796409607,25.2225170135498,16.871654510498,35.9090690612793,3.05454540252686,6.04363632202148,5,10,0.869565188884735,0.876811623573303,1,1,72,1.08000004291534,4.32000017166138
12,2018-12-27,23080760,0,Definitivo,SAN ROQUE [23080760],Pluviométrica,Convencional,Activa,Antioquia,San Roque,6.4875,-75.017,820,5/15/1975,,Monchia,Magdalena Cauca,Medio Magdalena,Río Nare,2018,27,Andes,Definitivo,0,0,0,0,0,0,1.6506838798523,0,3.05454540252686,6.04363632202148,5,10,0.869565188884735,0.876811623573303,1,1,72,1.08000004291534,0
12,2004-12-14,23080760,0,Definitivo,SAN ROQUE [23080760],Pluviométrica,Convencional,Activa,Antioquia,San Roque,6.4875,-75.017,820,5/15/1975,,Monchia,Magdalena Cauca,Medio Magdalena,Río Nare,2004,14,Andes,Definitivo,0,0,0,3.46764302253723,3.46764302253723,0,2.00677943229675,0.510770916938782,3.05454540252686,6.04363632202148,5,10,0.869565188884735,0.876811623573303,1,1,69,1.08000004291534,0
12,2001-12-14,23080760,3,Definitivo,SAN ROQUE [23080760],Pluviométrica,Convencional,Activa,Antioquia,San Roque,6.4875,-75.017,820,5/15/1975,,Monchia,Magdalena Cauca,Medio Magdalena,Río Nare,2001,14,Andes,Definitivo,3,3,0,12.2620639801025,12.2620639801025,0,9.99288558959961,0.0104445284232497,3.05454540252686,6.04363632202148,5,10,0.869565188884735,0.876811623573303,1,1,69,1.08000004291534,3.24000012874603
12,2003-12-11,23080760,0,Definitivo,SAN ROQUE [23080760],Pluviométrica,Convencional,Activa,Antioquia,San Roque,6.4875,-75.017,820,5/15/1975,,Monchia,Magdalena Cauca,Medio Magdalena,Río Nare,2003,11,Andes,Definitivo,0,0,0,4.42536878585815,4.42536878585815,24.5405330657959,5.66151094436646,20.3409461975098,3.05454540252686,6.04363632202148,5,10,0.869565188884735,0.876811623573303,1,1,69,1.08000004291534,0
12,2002-12-10,23080760,,"",SAN ROQUE [23080760],Pluviométrica,Convencional,Activa,Antioquia,San Roque,6.4875,-75.017,820,5/15/1975,,Monchia,Magdalena Cauca,Medio Magdalena,Río Nare,2002,10,Andes,Preliminar,0,0,0,4.81303071975708,4.81303071975708,0,6.41506242752075,0,3.05454540252686,6.04363632202148,5,10,0.869565188884735,0.876811623573303,1,1,68,1.08000004291534,0
12,2002-12-07,23080760,2,Definitivo,SAN ROQUE [23080760],Pluviométrica,Convencional,Activa,Antioquia,San Roque,6.4875,-75.017,820,5/15/1975,,Monchia,Magdalena Cauca,Medio Magdalena,Río Nare,2002,07,Andes,Definitivo,2,2,0,3.06132102012634,3.06132102012634,2.27276229858398,1.78053677082062,8.51670169830322,3.05454540252686,6.04363632202148,5,10,0.869565188884735,0.876811623573303,1,1,68,1.08000004291534,2.16000008583069
12,2004-12-03,23080760,41,Definitivo,SAN ROQUE [23080760],Pluviométrica,Convencional,Activa,Antioquia,San Roque,6.4875,-75.017,820,5/15/1975,,Monchia,Magdalena Cauca,Medio Magdalena,Río Nare,2004,03,Andes,Definitivo,41,41,0,2.28859186172485,2.28859186172485,0,4.36541271209717,7.59785032272339,3.05454540252686,6.04363632202148,5,10,0.869565188884735,0.876811623573303,1,1,67,1.08000004291534,44.2800017595291
12,2004-12-04,23080760,,"",SAN ROQUE [23080760],Pluviométrica,Convencional,Activa,Antioquia,San Roque,6.4875,-75.017,820,5/15/1975,,Monchia,Magdalena Cauca,Medio Magdalena,Río Nare,2004,04,Andes,Preliminar,0.5,0.5,0,2.52819180488586,2.52819180488586,0,2.95312762260437,0.158810302615166,3.05454540252686,6.04363632202148,5,10,0.869565188884735,0.876811623573303,1,1,67,1.08000004291534,0.540000021457672
12,2006-12-06,23080760,12,Definitivo,SAN ROQUE [23080760],Pluviométrica,Convencional,Activa,Antioquia,San Roque,6.4875,-75.017,820,5/15/1975,,Monchia,Magdalena Cauca,Medio Magdalena,Río Nare,2006,06,Andes,Definitivo,12,12,0,3.55158305168152,3.55158305168152,0,16.0307350158691,5.05238389968872,3.05454540252686,6.04363632202148,5,10,0.869565188884735,0.876811623573303,1,1,68,1.08000004291534,12.9600005149841
12,2009-12-04,23080760,,"",SAN ROQUE [23080760],Pluviométrica,Convencional,Activa,Antioquia,San Roque,6.4875,-75.017,820,5/15/1975,,Monchia,Magdalena Cauca,Medio Magdalena,Río Nare,2009,04,Andes,Preliminar,0,0,0,2.30869388580322,2.30869388580322,0,0.410257756710053,0.459496438503265,3.05454540252686,6.04363632202148,5,10,0.869565188884735,0.876811623573303,1,1,67,1.08000004291534,0
12,2009-12-05,23080760,,"",SAN ROQUE [23080760],Pluviométrica,Convencional,Activa,Antioquia,San Roque,6.4875,-75.017,820,5/15/1975,,Monchia,Magdalena Cauca,Medio Magdalena,Río Nare,2009,05,Andes,Preliminar,0,0,0,0.511585593223572,0.511585593223572,0,0.864338457584381,1.22532379627228,3.05454540252686,6.04363632202148,5,10,0.869565188884735,0.876811623573303,1,1,67,1.08000004291534,0
12,2012-12-03,23080760,0,Definitivo,SAN ROQUE [23080760],Pluviométrica,Convencional,Activa,Antioquia,San Roque,6.4875,-75.017,820,5/15/1975,,Monchia,Magdalena Cauca,Medio Magdalena,Río Nare,2012,03,Andes,Definitivo,0,0,0,2.6619598865509,2.6619598865509,0,3.14214301109314,0,3.05454540252686,6.04363632202148,5,10,0.869565188884735,0.876811623573303,1,1,67,1.08000004291534,0
12,2011-12-08,23080760,23,Definitivo,SAN ROQUE [23080760],Pluviométrica,Convencional,Activa,Antioquia,San Roque,6.4875,-75.017,820,5/15/1975,,Monchia,Magdalena Cauca,Medio Magdalena,Río Nare,2011,08,Andes,Definitivo,23,23,0,1.07435786724091,1.07435786724091,17.8658275604248,14.3154945373535,34.4534072875977,3.05454540252686,6.04363632202148,5,10,0.869565188884735,0.876811623573303,1,1,68,1.08000004291534,24.8400009870529
12,2011-12-09,23080760,,"",SAN ROQUE [23080760],Pluviométrica,Convencional,Activa,Antioquia,San Roque,6.4875,-75.017,820,5/15/1975,,Monchia,Magdalena Cauca,Medio Magdalena,Río Nare,2011,09,Andes,Preliminar,0,0,0,2.55143666267395,2.55143666267395,0,5.05731248855591,1.54414200782776,3.05454540252686,6.04363632202148,5,10,0.869565188884735,0.876811623573303,1,1,68,1.08000004291534,0
12,2014-12-07,23080760,5,Definitivo,SAN ROQUE [23080760],Pluviométrica,Convencional,Activa,Antioquia,San Roque,6.4875,-75.017,820,5/15/1975,,Monchia,Magdalena Cauca,Medio Magdalena,Río Nare,2014,07,Andes,Definitivo,5,5,0,2.52902722358704,2.52902722358704,26.5059719085693,9.27692413330078,14.4851455688477,3.05454540252686,6.04363632202148,5,10,0.869565188884735,0.876811623573303,1,1,68,1.08000004291534,5.40000021457672
12,2016-12-08,23080760,28,Definitivo,SAN ROQUE [23080760],Pluviométrica,Convencional,Activa,Antioquia,San Roque,6.4875,-75.017,820,5/15/1975,,Monchia,Magdalena Cauca,Medio Magdalena,Río Nare,2016,08,Andes,Definitivo,28,28,0,0.882360458374023,0.882360458374023,25.2485256195068,12.7271308898926,44.1676940917969,3.05454540252686,6.04363632202148,5,10,0.869565188884735,0.876811623573303,1,1,68,1.08000004291534,30.2400012016296
12,2016-12-09,23080760,5,Definitivo,SAN ROQUE [23080760],Pluviométrica,Convencional,Activa,Antioquia,San Roque,6.4875,-75.017,820,5/15/1975,,Monchia,Magdalena Cauca,Medio Magdalena,Río Nare,2016,09,Andes,Definitivo,5,5,0,3.95380735397339,3.95380735397339,0,11.4397878646851,9.98431205749512,3.05454540252686,6.04363632202148,5,10,0.869565188884735,0.876811623573303,1,1,68,1.08000004291534,5.40000021457672
12,2016-12-10,23080760,21,Definitivo,SAN ROQUE [23080760],Pluviométrica,Convencional,Activa,Antioquia,San Roque,6.4875,-75.017,820,5/15/1975,,Monchia,Magdalena Cauca,Medio Magdalena,Río Nare,2016,10,Andes,Definitivo,21,21,0,7.10973119735718,7.10973119735718,0,15.5503988265991,0.112663507461548,3.05454540252686,6.04363632202148,5,10,0.869565188884735,0.876811623573303,1,1,68,1.08000004291534,22.6800009012222
12,2015-12-15,23080760,,"",SAN ROQUE [23080760],Pluviométrica,Convencional,Activa,Antioquia,San Roque,6.4875,-75.017,820,5/15/1975,,Monchia,Magdalena Cauca,Medio Magdalena,Río Nare,2015,15,Andes,Preliminar,0,0,0,14.3191289901733,14.3191289901733,10.4590129852295,11.4263334274292,7.81913232803345,3.05454540252686,6.04363632202148,5,10,0.869565188884735,0.876811623573303,1,1,69,1.08000004291534,0
12,2015-12-16,23080760,3,Definitivo,SAN ROQUE [23080760],Pluviométrica,Convencional,Activa,Antioquia,San Roque,6.4875,-75.017,820,5/15/1975,,Monchia,Magdalena Cauca,Medio Magdalena,Río Nare,2015,16,Andes,Definitivo,3,3,0,2.23876547813416,2.23876547813416,0,2.16194772720337,0,3.05454540252686,6.04363632202148,5,10,0.869565188884735,0.876811623573303,1,1,70,1.08000004291534,3.24000012874603
12,2015-12-17,23080760,,"",SAN ROQUE [23080760],Pluviométrica,Convencional,Activa,Antioquia,San Roque,6.4875,-75.017,820,5/15/1975,,Monchia,Magdalena Cauca,Medio Magdalena,Río Nare,2015,17,Andes,Preliminar,0,0,0,2.95822691917419,2.95822691917419,0,4.56394958496094,1.11340415477753,3.05454540252686,6.04363632202148,5,10,0.869565188884735,0.876811623573303,1,1,70,1.08000004291534,0
12,2015-12-18,23080760,3,Definitivo,SAN ROQUE [23080760],Pluviométrica,Convencional,Activa,Antioquia,San Roque,6.4875,-75.017,820,5/15/1975,,Monchia,Magdalena Cauca,Medio Magdalena,Río Nare,2015,18,Andes,Definitivo,3,3,0,0,0,0,0.600043833255768,0,3.05454540252686,6.04363632202148,5,10,0.869565188884735,0.876811623573303,1,1,70,1.08000004291534,3.24000012874603
12,2015-12-19,23080760,5,Definitivo,SAN ROQUE [23080760],Pluviométrica,Convencional,Activa,Antioquia,San Roque,6.4875,-75.017,820,5/15/1975,,Monchia,Magdalena Cauca,Medio Magdalena,Río Nare,2015,19,Andes,Definitivo,5,5,0,1.36250126361847,1.36250126361847,0,3.17494678497314,8.97994327545166,3.05454540252686,6.04363632202148,5,10,0.869565188884735,0.876811623573303,1,1,70,1.08000004291534,5.40000021457672
12,2015-12-20,23080760,,"",SAN ROQUE [23080760],Pluviométrica,Convencional,Activa,Antioquia,San Roque,6.4875,-75.017,820,5/15/1975,,Monchia,Magdalena Cauca,Medio Magdalena,Río Nare,2015,20,Andes,Preliminar,0,0,0,0,0,0,0.028159948065877,0.435699194669724,3.05454540252686,6.04363632202148,5,10,0.869565188884735,0.876811623573303,1,1,70,1.08000004291534,0
12,2015-12-21,23080760,,"",SAN ROQUE [23080760],Pluviométrica,Convencional,Activa,Antioquia,San Roque,6.4875,-75.017,820,5/15/1975,,Monchia,Magdalena Cauca,Medio Magdalena,Río Nare,2015,21,Andes,Preliminar,0,0,0,0,0,15.7613611221313,0.285788804292679,2.88735914230347,3.05454540252686,6.04363632202148,5,10,0.869565188884735,0.876811623573303,1,1,71,1.08000004291534,0
12,2015-12-22,23080760,,"",SAN ROQUE [23080760],Pluviométrica,Convencional,Activa,Antioquia,San Roque,6.4875,-75.017,820,5/15/1975,,Monchia,Magdalena Cauca,Medio Magdalena,Río Nare,2015,22,Andes,Preliminar,0,0,0,0,0,0,0.306363314390183,4.37615251541138,3.05454540252686,6.04363632202148,5,10,0.869565188884735,0.876811623573303,1,1,71,1.08000004291534,0
12,2015-12-23,23080760,,"",SAN ROQUE [23080760],Pluviométrica,Convencional,Activa,Antioquia,San Roque,6.4875,-75.017,820,5/15/1975,,Monchia,Magdalena Cauca,Medio Magdalena,Río Nare,2015,23,Andes,Preliminar,0,0,0,12.9194822311401,12.9194822311401,0,3.36469078063965,0.798923194408417,3.05454540252686,6.04363632202148,5,10,0.869565188884735,0.876811623573303,1,1,71,1.08000004291534,0
12,2015-12-24,23080760,,"",SAN ROQUE [23080760],Pluviométrica,Convencional,Activa,Antioquia,San Roque,6.4875,-75.017,820,5/15/1975,,Monchia,Magdalena Cauca,Medio Magdalena,Río Nare,2015,24,Andes,Preliminar,0,0,0,0,0,0,4.05370855331421,0,3.05454540252686,6.04363632202148,5,10,0.869565188884735,0.876811623573303,1,1,71,1.08000004291534,0
12,2015-12-25,23080760,,"",SAN ROQUE [23080760],Pluviométrica,Convencional,Activa,Antioquia,San Roque,6.4875,-75.017,820,5/15/1975,,Monchia,Magdalena Cauca,Medio Magdalena,Río Nare,2015,25,Andes,Preliminar,0,0,0,0,0,0,0.0518833659589291,0,3.05454540252686,6.04363632202148,5,10,0.869565188884735,0.876811623573303,1,1,71,1.08000004291534,0
12,2015-12-26,23080760,,"",SAN ROQUE [23080760],Pluviométrica,Convencional,Activa,Antioquia,San Roque,6.4875,-75.017,820,5/15/1975,,Monchia,Magdalena Cauca,Medio Magdalena,Río Nare,2015,26,Andes,Preliminar,0,0,0,0,0,0,0.598021805286408,0,3.05454540252686,6.04363632202148,5,10,0.869565188884735,0.876811623573303,1,1,72,1.08000004291534,0
12,2015-12-27,23080760,,"",SAN ROQUE [23080760],Pluviométrica,Convencional,Activa,Antioquia,San Roque,6.4875,-75.017,820,5/15/1975,,Monchia,Magdalena Cauca,Medio Magdalena,Río Nare,2015,27,Andes,Preliminar,0,0,0,0,0,0,0.710036933422089,7.51769638061523,3.05454540252686,6.04363632202148,5,10,0.869565188884735,0.876811623573303,1,1,72,1.08000004291534,0
12,2015-12-28,23080760,,"",SAN ROQUE [23080760],Pluviométrica,Convencional,Activa,Antioquia,San Roque,6.4875,-75.017,820,5/15/1975,,Monchia,Magdalena Cauca,Medio Magdalena,Río Nare,2015,28,Andes,Preliminar,0,0,0,0,0,18.8812370300293,1.68138837814331,10.9553909301758,3.05454540252686,6.04363632202148,5,10,0.869565188884735,0.876811623573303,1,1,72,1.08000004291534,0
12,2015-12-29,23080760,,"",SAN ROQUE [23080760],Pluviométrica,Convencional,Activa,Antioquia,San Roque,6.4875,-75.017,820,5/15/1975,,Monchia,Magdalena Cauca,Medio Magdalena,Río Nare,2015,29,Andes,Preliminar,0,0,0,4.67385816574097,4.67385816574097,0,0.216525703668594,0,3.05454540252686,6.04363632202148,5,10,0.869565188884735,0.876811623573303,1,1,72,1.08000004291534,0
12,2015-12-30,23080760,,"",SAN ROQUE [23080760],Pluviométrica,Convencional,Activa,Antioquia,San Roque,6.4875,-75.017,820,5/15/1975,,Monchia,Magdalena Cauca,Medio Magdalena,Río Nare,2015,30,Andes,Preliminar,0,0,0,5.22006320953369,5.22006320953369,0,13.9950551986694,0,3.05454540252686,6.04363632202148,5,10,0.869565188884735,0.876811623573303,1,1,72,1.08000004291534,0
12,2015-12-31,23080760,13,Definitivo,SAN ROQUE [23080760],Pluviométrica,Convencional,Activa,Antioquia,San Roque,6.4875,-75.017,820,5/15/1975,,Monchia,Magdalena Cauca,Medio Magdalena,Río Nare,2015,31,Andes,Definitivo,13,13,0,5.5829029083252,5.5829029083252,0,1.27206027507782,0,3.05454540252686,6.04363632202148,5,10,0.869565188884735,0.876811623573303,1,1,72,1.08000004291534,14.0400005578995
12,2001-12-25,23080760,4,Definitivo,SAN ROQUE [23080760],Pluviométrica,Convencional,Activa,Antioquia,San Roque,6.4875,-75.017,820,5/15/1975,,Monchia,Magdalena Cauca,Medio Magdalena,Río Nare,2001,25,Andes,Definitivo,4,4,0,7.19315147399902,7.19315147399902,6.42278861999512,18.4742984771729,22.0624198913574,3.05454540252686,6.04363632202148,5,10,0.869565188884735,0.876811623573303,1,1,71,1.08000004291534,4.32000017166138
12,2001-12-24,23080760,7,Definitivo,SAN ROQUE [23080760],Pluviométrica,Convencional,Activa,Antioquia,San Roque,6.4875,-75.017,820,5/15/1975,,Monchia,Magdalena Cauca,Medio Magdalena,Río Nare,2001,24,Andes,Definitivo,7,7,0,4.28661632537842,4.28661632537842,12.8455772399902,13.5637340545654,1.84551393985748,3.05454540252686,6.04363632202148,5,10,0.869565188884735,0.876811623573303,1,1,71,1.08000004291534,7.56000030040741
12,2002-12-22,23080760,6,Definitivo,SAN ROQUE [23080760],Pluviométrica,Convencional,Activa,Antioquia,San Roque,6.4875,-75.017,820,5/15/1975,,Monchia,Magdalena Cauca,Medio Magdalena,Río Nare,2002,22,Andes,Definitivo,6,6,0,2.37255644798279,2.37255644798279,0,2.32630729675293,0.207302078604698,3.05454540252686,6.04363632202148,5,10,0.869565188884735,0.876811623573303,1,1,71,1.08000004291534,6.48000025749207
12,2003-12-20,23080760,14,Definitivo,SAN ROQUE [23080760],Pluviométrica,Convencional,Activa,Antioquia,San Roque,6.4875,-75.017,820,5/15/1975,,Monchia,Magdalena Cauca,Medio Magdalena,Río Nare,2003,20,Andes,Definitivo,14,14,0,0,0,0,13.6130590438843,6.27101707458496,3.05454540252686,6.04363632202148,5,10,0.869565188884735,0.876811623573303,1,1,70,1.08000004291534,15.1200006008148
12,2004-12-17,23080760,,"",SAN ROQUE [23080760],Pluviométrica,Convencional,Activa,Antioquia,San Roque,6.4875,-75.017,820,5/15/1975,,Monchia,Magdalena Cauca,Medio Magdalena,Río Nare,2004,17,Andes,Preliminar,0,0,0,2.64133858680725,2.64133858680725,0,4.29956865310669,1.75707936286926,3.05454540252686,6.04363632202148,5,10,0.869565188884735,0.876811623573303,1,1,70,1.08000004291534,0
12,2002-12-18,23080760,1,Definitivo,SAN ROQUE [23080760],Pluviométrica,Convencional,Activa,Antioquia,San Roque,6.4875,-75.017,820,5/15/1975,,Monchia,Magdalena Cauca,Medio Magdalena,Río Nare,2002,18,Andes,Definitivo,1,1,0,2.83540916442871,2.83540916442871,22.472225189209,3.86060833930969,10.1504878997803,3.05454540252686,6.04363632202148,5,10,0.869565188884735,0.876811623573303,1,1,70,1.08000004291534,1.08000004291534
12,2019-12-25,23080760,5,Definitivo,SAN ROQUE [23080760],Pluviométrica,Convencional,Activa,Antioquia,San Roque,6.4875,-75.017,820,5/15/1975,,Monchia,Magdalena Cauca,Medio Magdalena,Río Nare,2019,25,Andes,Definitivo,5,5,0,1.48752117156982,1.48752117156982,0,24.5135021209717,41.8269081115723,3.05454540252686,6.04363632202148,5,10,0.869565188884735,0.876811623573303,1,1,71,1.08000004291534,5.40000021457672
12,2019-12-26,23080760,0.5,Definitivo,SAN ROQUE [23080760],Pluviométrica,Convencional,Activa,Antioquia,San Roque,6.4875,-75.017,820,5/15/1975,,Monchia,Magdalena Cauca,Medio Magdalena,Río Nare,2019,26,Andes,Definitivo,0.5,0.5,0,0.174779534339905,0.174779534339905,10.904655456543,2.41110372543335,43.4039421081543,3.05454540252686,6.04363632202148,5,10,0.869565188884735,0.876811623573303,1,1,72,1.08000004291534,0.540000021457672
12,2019-12-27,23080760,6,Definitivo,SAN ROQUE [23080760],Pluviométrica,Convencional,Activa,Antioquia,San Roque,6.4875,-75.017,820,5/15/1975,,Monchia,Magdalena Cauca,Medio Magdalena,Río Nare,2019,27,Andes,Definitivo,6,6,0,0,0,16.3569831848145,10.1130857467651,1.86022853851318,3.05454540252686,6.04363632202148,5,10,0.869565188884735,0.876811623573303,1,1,72,1.08000004291534,6.48000025749207
12,2019-12-28,23080760,39,Definitivo,SAN ROQUE [23080760],Pluviométrica,Convencional,Activa,Antioquia,San Roque,6.4875,-75.017,820,5/15/1975,,Monchia,Magdalena Cauca,Medio Magdalena,Río Nare,2019,28,Andes,Definitivo,39,39,0,0.567572593688965,0.567572593688965,0,10.0353498458862,3.6741886138916,3.05454540252686,6.04363632202148,5,10,0.869565188884735,0.876811623573303,1,1,72,1.08000004291534,42.1200016736984
12,2019-12-29,23080760,2,Definitivo,SAN ROQUE [23080760],Pluviométrica,Convencional,Activa,Antioquia,San Roque,6.4875,-75.017,820,5/15/1975,,Monchia,Magdalena Cauca,Medio Magdalena,Río Nare,2019,29,Andes,Definitivo,2,2,0,0.625487089157105,0.625487089157105,0,4.04590082168579,0.461717993021011,3.05454540252686,6.04363632202148,5,10,0.869565188884735,0.876811623573303,1,1,72,1.08000004291534,2.16000008583069
12,2019-12-30,23080760,5,Definitivo,SAN ROQUE [23080760],Pluviométrica,Convencional,Activa,Antioquia,San Roque,6.4875,-75.017,820,5/15/1975,,Monchia,Magdalena Cauca,Medio Magdalena,Río Nare,2019,30,Andes,Definitivo,5,5,0,11.3466739654541,11.3466739654541,10.904655456543,7.96914005279541,0.903645694255829,3.05454540252686,6.04363632202148,5,10,0.869565188884735,0.876811623573303,1,1,72,1.08000004291534,5.40000021457672
12,2019-12-31,23080760,4,Definitivo,SAN ROQUE [23080760],Pluviométrica,Convencional,Activa,Antioquia,San Roque,6.4875,-75.017,820,5/15/1975,,Monchia,Magdalena Cauca,Medio Magdalena,Río Nare,2019,31,Andes,Definitivo,4,4,0,49.7695236206055,49.7695236206055,16.3569831848145,26.312349319458,10.5832014083862,3.05454540252686,6.04363632202148,5,10,0.869565188884735,0.876811623573303,1,1,72,1.08000004291534,4.32000017166138
12,2004-12-05,23080760,3,Definitivo,SAN ROQUE [23080760],Pluviométrica,Convencional,Activa,Antioquia,San Roque,6.4875,-75.017,820,5/15/1975,,Monchia,Magdalena Cauca,Medio Magdalena,Río Nare,2004,05,Andes,Definitivo,3,3,0,2.42904686927795,2.42904686927795,0,1.34862577915192,0.194631323218346,3.05454540252686,6.04363632202148,5,10,0.869565188884735,0.876811623573303,1,1,67,1.08000004291534,3.24000012874603
12,2007-12-04,23080760,10,Definitivo,SAN ROQUE [23080760],Pluviométrica,Convencional,Activa,Antioquia,San Roque,6.4875,-75.017,820,5/15/1975,,Monchia,Magdalena Cauca,Medio Magdalena,Río Nare,2007,04,Andes,Definitivo,10,10,0,8.22296524047852,8.22296524047852,0,14.3358640670776,14.1036138534546,3.05454540252686,6.04363632202148,5,10,0.869565188884735,0.876811623573303,1,1,67,1.08000004291534,10.8000004291534
12,2007-12-05,23080760,0,Definitivo,SAN ROQUE [23080760],Pluviométrica,Convencional,Activa,Antioquia,San Roque,6.4875,-75.017,820,5/15/1975,,Monchia,Magdalena Cauca,Medio Magdalena,Río Nare,2007,05,Andes,Definitivo,0,0,0,4.20652770996094,4.20652770996094,0,5.77239179611206,1.45104050636292,3.05454540252686,6.04363632202148,5,10,0.869565188884735,0.876811623573303,1,1,67,1.08000004291534,0
12,2007-12-06,23080760,7,Definitivo,SAN ROQUE [23080760],Pluviométrica,Convencional,Activa,Antioquia,San Roque,6.4875,-75.017,820,5/15/1975,,Monchia,Magdalena Cauca,Medio Magdalena,Río Nare,2007,06,Andes,Definitivo,7,7,0,1.63268864154816,1.63268864154816,0,2.9289231300354,5.53909397125244,3.05454540252686,6.04363632202148,5,10,0.869565188884735,0.876811623573303,1,1,68,1.08000004291534,7.56000030040741
12,2012-12-04,23080760,,"",SAN ROQUE [23080760],Pluviométrica,Convencional,Activa,Antioquia,San Roque,6.4875,-75.017,820,5/15/1975,,Monchia,Magdalena Cauca,Medio Magdalena,Río Nare,2012,04,Andes,Preliminar,0,0,0,1.74215519428253,1.74215519428253,0,0.811681509017944,0,3.05454540252686,6.04363632202148,5,10,0.869565188884735,0.876811623573303,1,1,67,1.08000004291534,0
12,2012-12-05,23080760,,"",SAN ROQUE [23080760],Pluviométrica,Convencional,Activa,Antioquia,San Roque,6.4875,-75.017,820,5/15/1975,,Monchia,Magdalena Cauca,Medio Magdalena,Río Nare,2012,05,Andes,Preliminar,0,0,0,2.63161373138428,2.63161373138428,0,0.874871373176575,0,3.05454540252686,6.04363632202148,5,10,0.869565188884735,0.876811623573303,1,1,67,1.08000004291534,0
12,2015-12-04,23080760,,"",SAN ROQUE [23080760],Pluviométrica,Convencional,Activa,Antioquia,San Roque,6.4875,-75.017,820,5/15/1975,,Monchia,Magdalena Cauca,Medio Magdalena,Río Nare,2015,04,Andes,Preliminar,0,0,0,0,0,24.9041156768799,28.9381656646729,14.7183599472046,3.05454540252686,6.04363632202148,5,10,0.869565188884735,0.876811623573303,1,1,67,1.08000004291534,0
12,2014-12-08,23080760,33,Definitivo,SAN ROQUE [23080760],Pluviométrica,Convencional,Activa,Antioquia,San Roque,6.4875,-75.017,820,5/15/1975,,Monchia,Magdalena Cauca,Medio Magdalena,Río Nare,2014,08,Andes,Definitivo,33,33,0,5.58110475540161,5.58110475540161,13.2529859542847,9.12438583374023,9.89376544952393,3.05454540252686,6.04363632202148,5,10,0.869565188884735,0.876811623573303,1,1,68,1.08000004291534,35.6400014162064
12,2017-12-06,23080760,53,Definitivo,SAN ROQUE [23080760],Pluviométrica,Convencional,Activa,Antioquia,San Roque,6.4875,-75.017,820,5/15/1975,,Monchia,Magdalena Cauca,Medio Magdalena,Río Nare,2017,06,Andes,Definitivo,53,53,0,0,0,0,0.336429744958878,1.13912189006805,3.05454540252686,6.04363632202148,5,10,0.869565188884735,0.876811623573303,1,1,68,1.08000004291534,57.2400022745133
12,2017-12-07,23080760,9,Definitivo,SAN ROQUE [23080760],Pluviométrica,Convencional,Activa,Antioquia,San Roque,6.4875,-75.017,820,5/15/1975,,Monchia,Magdalena Cauca,Medio Magdalena,Río Nare,2017,07,Andes,Definitivo,9,9,0,1.08963942527771,1.08963942527771,0,1.28798985481262,3.89473414421082,3.05454540252686,6.04363632202148,5,10,0.869565188884735,0.876811623573303,1,1,68,1.08000004291534,9.7200003862381
12,2016-12-11,23080760,0,Definitivo,SAN ROQUE [23080760],Pluviométrica,Convencional,Activa,Antioquia,San Roque,6.4875,-75.017,820,5/15/1975,,Monchia,Magdalena Cauca,Medio Magdalena,Río Nare,2016,11,Andes,Definitivo,0,0,0,8.0018424987793,8.0018424987793,10.7465915679932,8.30563735961914,26.4864196777344,3.05454540252686,6.04363632202148,5,10,0.869565188884735,0.876811623573303,1,1,69,1.08000004291534,0
12,2016-12-12,23080760,0,Definitivo,SAN ROQUE [23080760],Pluviométrica,Convencional,Activa,Antioquia,San Roque,6.4875,-75.017,820,5/15/1975,,Monchia,Magdalena Cauca,Medio Magdalena,Río Nare,2016,12,Andes,Definitivo,0,0,0,3.89741253852844,3.89741253852844,0,6.19863700866699,4.69170188903809,3.05454540252686,6.04363632202148,5,10,0.869565188884735,0.876811623573303,1,1,69,1.08000004291534,0
12,2016-12-13,23080760,7,Definitivo,SAN ROQUE [23080760],Pluviométrica,Convencional,Activa,Antioquia,San Roque,6.4875,-75.017,820,5/15/1975,,Monchia,Magdalena Cauca,Medio Magdalena,Río Nare,2016,13,Andes,Definitivo,7,7,0,4.22942209243774,4.22942209243774,16.1198883056641,4.34727954864502,0.902623236179352,3.05454540252686,6.04363632202148,5,10,0.869565188884735,0.876811623573303,1,1,69,1.08000004291534,7.56000030040741
12,2016-12-14,23080760,0,Definitivo,SAN ROQUE [23080760],Pluviométrica,Convencional,Activa,Antioquia,San Roque,6.4875,-75.017,820,5/15/1975,,Monchia,Magdalena Cauca,Medio Magdalena,Río Nare,2016,14,Andes,Definitivo,0,0,0,10.1455783843994,10.1455783843994,5.37329578399658,12.60569190979,3.28920483589172,3.05454540252686,6.04363632202148,5,10,0.869565188884735,0.876811623573303,1,1,69,1.08000004291534,0
12,2016-12-15,23080760,12,Definitivo,SAN ROQUE [23080760],Pluviométrica,Convencional,Activa,Antioquia,San Roque,6.4875,-75.017,820,5/15/1975,,Monchia,Magdalena Cauca,Medio Magdalena,Río Nare,2016,15,Andes,Definitivo,12,12,0,8.119384765625,8.119384765625,0,7.01074695587158,3.09804129600525,3.05454540252686,6.04363632202148,5,10,0.869565188884735,0.876811623573303,1,1,69,1.08000004291534,12.9600005149841
12,2016-12-16,23080760,4,Definitivo,SAN ROQUE [23080760],Pluviométrica,Convencional,Activa,Antioquia,San Roque,6.4875,-75.017,820,5/15/1975,,Monchia,Magdalena Cauca,Medio Magdalena,Río Nare,2016,16,Andes,Definitivo,4,4,0,4.16640186309814,4.16640186309814,14.4774808883667,6.93482303619385,16.5996150970459,3.05454540252686,6.04363632202148,5,10,0.869565188884735,0.876811623573303,1,1,70,1.08000004291534,4.32000017166138
12,2016-12-17,23080760,0,Definitivo,SAN ROQUE [23080760],Pluviométrica,Convencional,Activa,Antioquia,San Roque,6.4875,-75.017,820,5/15/1975,,Monchia,Magdalena Cauca,Medio Magdalena,Río Nare,2016,17,Andes,Definitivo,0,0,0,2.54490303993225,2.54490303993225,0,4.74696683883667,1.0354220867157,3.05454540252686,6.04363632202148,5,10,0.869565188884735,0.876811623573303,1,1,70,1.08000004291534,0
12,2016-12-18,23080760,0,Definitivo,SAN ROQUE [23080760],Pluviométrica,Convencional,Activa,Antioquia,San Roque,6.4875,-75.017,820,5/15/1975,,Monchia,Magdalena Cauca,Medio Magdalena,Río Nare,2016,18,Andes,Definitivo,0,0,0,2.58970785140991,2.58970785140991,0,1.2953976392746,0,3.05454540252686,6.04363632202148,5,10,0.869565188884735,0.876811623573303,1,1,70,1.08000004291534,0
12,2016-12-19,23080760,0,Definitivo,SAN ROQUE [23080760],Pluviométrica,Convencional,Activa,Antioquia,San Roque,6.4875,-75.017,820,5/15/1975,,Monchia,Magdalena Cauca,Medio Magdalena,Río Nare,2016,19,Andes,Definitivo,0,0,0,1.22396087646484,1.22396087646484,0,3.12368059158325,0.343716710805893,3.05454540252686,6.04363632202148,5,10,0.869565188884735,0.876811623573303,1,1,70,1.08000004291534,0
12,2016-12-20,23080760,14,Definitivo,SAN ROQUE [23080760],Pluviométrica,Convencional,Activa,Antioquia,San Roque,6.4875,-75.017,820,5/15/1975,,Monchia,Magdalena Cauca,Medio Magdalena,Río Nare,2016,20,Andes,Definitivo,14,14,0,1.02940952777863,1.02940952777863,0,3.47776484489441,1.59987854957581,3.05454540252686,6.04363632202148,5,10,0.869565188884735,0.876811623573303,1,1,70,1.08000004291534,15.1200006008148
12,2016-12-21,23080760,42,Definitivo,SAN ROQUE [23080760],Pluviométrica,Convencional,Activa,Antioquia,San Roque,6.4875,-75.017,820,5/15/1975,,Monchia,Magdalena Cauca,Medio Magdalena,Río Nare,2016,21,Andes,Definitivo,42,42,0,3.28450131416321,3.28450131416321,0,24.0116958618164,20.6241111755371,3.05454540252686,6.04363632202148,5,10,0.869565188884735,0.876811623573303,1,1,71,1.08000004291534,45.3600018024445
12,2016-12-22,23080760,5,Definitivo,SAN ROQUE [23080760],Pluviométrica,Convencional,Activa,Antioquia,San Roque,6.4875,-75.017,820,5/15/1975,,Monchia,Magdalena Cauca,Medio Magdalena,Río Nare,2016,22,Andes,Definitivo,5,5,0,1.56183636188507,1.56183636188507,0,19.9203586578369,34.2327308654785,3.05454540252686,6.04363632202148,5,10,0.869565188884735,0.876811623573303,1,1,71,1.08000004291534,5.40000021457672
12,2016-12-23,23080760,0,Definitivo,SAN ROQUE [23080760],Pluviométrica,Convencional,Activa,Antioquia,San Roque,6.4875,-75.017,820,5/15/1975,,Monchia,Magdalena Cauca,Medio Magdalena,Río Nare,2016,23,Andes,Definitivo,0,0,0,4.63141345977783,4.63141345977783,0,9.71475601196289,0,3.05454540252686,6.04363632202148,5,10,0.869565188884735,0.876811623573303,1,1,71,1.08000004291534,0
12,2016-12-24,23080760,3,Definitivo,SAN ROQUE [23080760],Pluviométrica,Convencional,Activa,Antioquia,San Roque,6.4875,-75.017,820,5/15/1975,,Monchia,Magdalena Cauca,Medio Magdalena,Río Nare,2016,24,Andes,Definitivo,3,3,0,1.61712229251862,1.61712229251862,0,4.44855642318726,3.05271530151367,3.05454540252686,6.04363632202148,5,10,0.869565188884735,0.876811623573303,1,1,71,1.08000004291534,3.24000012874603
12,2016-12-25,23080760,0,Definitivo,SAN ROQUE [23080760],Pluviométrica,Convencional,Activa,Antioquia,San Roque,6.4875,-75.017,820,5/15/1975,,Monchia,Magdalena Cauca,Medio Magdalena,Río Nare,2016,25,Andes,Definitivo,0,0,0,1.01101112365723,1.01101112365723,0,5.5996675491333,5.78548669815064,3.05454540252686,6.04363632202148,5,10,0.869565188884735,0.876811623573303,1,1,71,1.08000004291534,0
12,2016-12-26,23080760,0,Definitivo,SAN ROQUE [23080760],Pluviométrica,Convencional,Activa,Antioquia,San Roque,6.4875,-75.017,820,5/15/1975,,Monchia,Magdalena Cauca,Medio Magdalena,Río Nare,2016,26,Andes,Definitivo,0,0,0,13.3692617416382,13.3692617416382,13.9869689941406,14.8529195785522,15.3381595611572,3.05454540252686,6.04363632202148,5,10,0.869565188884735,0.876811623573303,1,1,72,1.08000004291534,0
12,2016-12-27,23080760,0,Definitivo,SAN ROQUE [23080760],Pluviométrica,Convencional,Activa,Antioquia,San Roque,6.4875,-75.017,820,5/15/1975,,Monchia,Magdalena Cauca,Medio Magdalena,Río Nare,2016,27,Andes,Definitivo,0,0,0,14.6216554641724,14.6216554641724,6.99348449707031,12.2483377456665,2.94568705558777,3.05454540252686,6.04363632202148,5,10,0.869565188884735,0.876811623573303,1,1,72,1.08000004291534,0
12,2016-12-28,23080760,0,Definitivo,SAN ROQUE [23080760],Pluviométrica,Convencional,Activa,Antioquia,San Roque,6.4875,-75.017,820,5/15/1975,,Monchia,Magdalena Cauca,Medio Magdalena,Río Nare,2016,28,Andes,Definitivo,0,0,0,8.80850028991699,8.80850028991699,20.9804515838623,3.48361086845398,15.3087739944458,3.05454540252686,6.04363632202148,5,10,0.869565188884735,0.876811623573303,1,1,72,1.08000004291534,0
12,2016-12-29,23080760,19,Definitivo,SAN ROQUE [23080760],Pluviométrica,Convencional,Activa,Antioquia,San Roque,6.4875,-75.017,820,5/15/1975,,Monchia,Magdalena Cauca,Medio Magdalena,Río Nare,2016,29,Andes,Definitivo,19,19,0,4.29259586334229,4.29259586334229,0,2.59448051452637,0.593179762363434,3.05454540252686,6.04363632202148,5,10,0.869565188884735,0.876811623573303,1,1,72,1.08000004291534,20.5200008153915
12,2016-12-30,23080760,12,Definitivo,SAN ROQUE [23080760],Pluviométrica,Convencional,Activa,Antioquia,San Roque,6.4875,-75.017,820,5/15/1975,,Monchia,Magdalena Cauca,Medio Magdalena,Río Nare,2016,30,Andes,Definitivo,12,12,0,2.95844984054565,2.95844984054565,0,13.8906364440918,3.11134195327759,3.05454540252686,6.04363632202148,5,10,0.869565188884735,0.876811623573303,1,1,72,1.08000004291534,12.9600005149841
12,2017-12-28,23080760,22,Definitivo,SAN ROQUE [23080760],Pluviométrica,Convencional,Activa,Antioquia,San Roque,6.4875,-75.017,820,5/15/1975,,Monchia,Magdalena Cauca,Medio Magdalena,Río Nare,2017,28,Andes,Definitivo,22,22,0,2.20279717445374,2.20279717445374,0,2.54927706718445,7.71839380264282,3.05454540252686,6.04363632202148,5,10,0.869565188884735,0.876811623573303,1,1,72,1.08000004291534,23.7600009441376
12,2018-12-26,23080760,3,Definitivo,SAN ROQUE [23080760],Pluviométrica,Convencional,Activa,Antioquia,San Roque,6.4875,-75.017,820,5/15/1975,,Monchia,Magdalena Cauca,Medio Magdalena,Río Nare,2018,26,Andes,Definitivo,3,3,0,0,0,0,2.84204983711243,0,3.05454540252686,6.04363632202148,5,10,0.869565188884735,0.876811623573303,1,1,72,1.08000004291534,3.24000012874603
12,2019-12-24,23080760,42,Definitivo,SAN ROQUE [23080760],Pluviométrica,Convencional,Activa,Antioquia,San Roque,6.4875,-75.017,820,5/15/1975,,Monchia,Magdalena Cauca,Medio Magdalena,Río Nare,2019,24,Andes,Definitivo,42,42,0,0.260518193244934,0.260518193244934,0,1.14108610153198,0.722109317779541,3.05454540252686,6.04363632202148,5,10,0.869565188884735,0.876811623573303,1,1,71,1.08000004291534,45.3600018024445
12,2003-12-16,23080760,0,Definitivo,SAN ROQUE [23080760],Pluviométrica,Convencional,Activa,Antioquia,San Roque,6.4875,-75.017,820,5/15/1975,,Monchia,Magdalena Cauca,Medio Magdalena,Río Nare,2003,16,Andes,Definitivo,0,0,0,4.24946451187134,4.24946451187134,0,7.13213968276978,0,3.05454540252686,6.04363632202148,5,10,0.869565188884735,0.876811623573303,1,1,70,1.08000004291534,0
12,2002-12-15,23080760,16,Definitivo,SAN ROQUE [23080760],Pluviométrica,Convencional,Activa,Antioquia,San Roque,6.4875,-75.017,820,5/15/1975,,Monchia,Magdalena Cauca,Medio Magdalena,Río Nare,2002,15,Andes,Definitivo,16,16,0,13.168478012085,13.168478012085,28.199836730957,23.6225414276123,29.8441829681397,3.05454540252686,6.04363632202148,5,10,0.869565188884735,0.876811623573303,1,1,69,1.08000004291534,17.2800006866455
12,2002-12-12,23080760,,"",SAN ROQUE [23080760],Pluviométrica,Convencional,Activa,Antioquia,San Roque,6.4875,-75.017,820,5/15/1975,,Monchia,Magdalena Cauca,Medio Magdalena,Río Nare,2002,12,Andes,Preliminar,0,0,0,0,0,0,1.41733455657959,0.75144100189209,3.05454540252686,6.04363632202148,5,10,0.869565188884735,0.876811623573303,1,1,69,1.08000004291534,0
12,2001-12-11,23080760,1,Definitivo,SAN ROQUE [23080760],Pluviométrica,Convencional,Activa,Antioquia,San Roque,6.4875,-75.017,820,5/15/1975,,Monchia,Magdalena Cauca,Medio Magdalena,Río Nare,2001,11,Andes,Definitivo,1,1,0,0.268828839063644,0.268828839063644,0,4.6480975151062,41.5311164855957,3.05454540252686,6.04363632202148,5,10,0.869565188884735,0.876811623573303,1,1,69,1.08000004291534,1.08000004291534
12,2003-12-08,23080760,0,Definitivo,SAN ROQUE [23080760],Pluviométrica,Convencional,Activa,Antioquia,San Roque,6.4875,-75.017,820,5/15/1975,,Monchia,Magdalena Cauca,Medio Magdalena,Río Nare,2003,08,Andes,Definitivo,0,0,0,2.25285077095032,2.25285077095032,0,6.59204244613648,0.111186191439629,3.05454540252686,6.04363632202148,5,10,0.869565188884735,0.876811623573303,1,1,68,1.08000004291534,0
12,2003-12-05,23080760,25,Definitivo,SAN ROQUE [23080760],Pluviométrica,Convencional,Activa,Antioquia,San Roque,6.4875,-75.017,820,5/15/1975,,Monchia,Magdalena Cauca,Medio Magdalena,Río Nare,2003,05,Andes,Definitivo,25,25,0,9.08149242401123,9.08149242401123,21.6891345977783,19.2118225097656,43.8349723815918,3.05454540252686,6.04363632202148,5,10,0.869565188884735,0.876811623573303,1,1,67,1.08000004291534,27.0000010728836
12,2002-12-04,23080760,1,Definitivo,SAN ROQUE [23080760],Pluviométrica,Convencional,Activa,Antioquia,San Roque,6.4875,-75.017,820,5/15/1975,,Monchia,Magdalena Cauca,Medio Magdalena,Río Nare,2002,04,Andes,Definitivo,1,1,0,0,0,4.11305999755859,4.31232595443726,8.21784591674805,3.05454540252686,6.04363632202148,5,10,0.869565188884735,0.876811623573303,1,1,67,1.08000004291534,1.08000004291534
12,2002-12-05,23080760,3,Definitivo,SAN ROQUE [23080760],Pluviométrica,Convencional,Activa,Antioquia,San Roque,6.4875,-75.017,820,5/15/1975,,Monchia,Magdalena Cauca,Medio Magdalena,Río Nare,2002,05,Andes,Definitivo,3,3,0,0,0,12.3391799926758,11.6053762435913,20.0665454864502,3.05454540252686,6.04363632202148,5,10,0.869565188884735,0.876811623573303,1,1,67,1.08000004291534,3.24000012874603
12,2002-12-06,23080760,0,Definitivo,SAN ROQUE [23080760],Pluviométrica,Convencional,Activa,Antioquia,San Roque,6.4875,-75.017,820,5/15/1975,,Monchia,Magdalena Cauca,Medio Magdalena,Río Nare,2002,06,Andes,Definitivo,0,0,0,0.742391288280487,0.742391288280487,6.81828737258911,3.20708012580872,9.72014617919922,3.05454540252686,6.04363632202148,5,10,0.869565188884735,0.876811623573303,1,1,68,1.08000004291534,0
12,2005-12-04,23080760,,"",SAN ROQUE [23080760],Pluviométrica,Convencional,Activa,Antioquia,San Roque,6.4875,-75.017,820,5/15/1975,,Monchia,Magdalena Cauca,Medio Magdalena,Río Nare,2005,04,Andes,Preliminar,0,0,0,3.85987901687622,3.85987901687622,0,2.10513424873352,2.78001737594605,3.05454540252686,6.04363632202148,5,10,0.869565188884735,0.876811623573303,1,1,67,1.08000004291534,0
12,2005-12-05,23080760,0,Definitivo,SAN ROQUE [23080760],Pluviométrica,Convencional,Activa,Antioquia,San Roque,6.4875,-75.017,820,5/15/1975,,Monchia,Magdalena Cauca,Medio Magdalena,Río Nare,2005,05,Andes,Definitivo,0,0,0,4.15103387832642,4.15103387832642,0,8.49943447113037,10.5398225784302,3.05454540252686,6.04363632202148,5,10,0.869565188884735,0.876811623573303,1,1,67,1.08000004291534,0
12,2010-12-04,23080760,5,Definitivo,SAN ROQUE [23080760],Pluviométrica,Convencional,Activa,Antioquia,San Roque,6.4875,-75.017,820,5/15/1975,,Monchia,Magdalena Cauca,Medio Magdalena,Río Nare,2010,04,Andes,Definitivo,5,5,0,15.6943674087524,15.6943674087524,34.5894622802734,39.5616149902344,24.760871887207,3.05454540252686,6.04363632202148,5,10,0.869565188884735,0.876811623573303,1,1,67,1.08000004291534,5.40000021457672
12,2010-12-05,23080760,,"",SAN ROQUE [23080760],Pluviométrica,Convencional,Activa,Antioquia,San Roque,6.4875,-75.017,820,5/15/1975,,Monchia,Magdalena Cauca,Medio Magdalena,Río Nare,2010,05,Andes,Preliminar,0,0,0,0.0366369858384132,0.0366369858384132,0,2.32503247261047,0.204542860388756,3.05454540252686,6.04363632202148,5,10,0.869565188884735,0.876811623573303,1,1,67,1.08000004291534,0
12,2010-12-06,23080760,,"",SAN ROQUE [23080760],Pluviométrica,Convencional,Activa,Antioquia,San Roque,6.4875,-75.017,820,5/15/1975,,Monchia,Magdalena Cauca,Medio Magdalena,Río Nare,2010,06,Andes,Preliminar,0,0,0,0,0,0,4.79763889312744,0,3.05454540252686,6.04363632202148,5,10,0.869565188884735,0.876811623573303,1,1,68,1.08000004291534,0
12,2015-12-05,23080760,8,Definitivo,SAN ROQUE [23080760],Pluviométrica,Convencional,Activa,Antioquia,San Roque,6.4875,-75.017,820,5/15/1975,,Monchia,Magdalena Cauca,Medio Magdalena,Río Nare,2015,05,Andes,Definitivo,8,8,0,5.28450679779053,5.28450679779053,0,4.28356742858887,0.90099835395813,3.05454540252686,6.04363632202148,5,10,0.869565188884735,0.876811623573303,1,1,67,1.08000004291534,8.64000034332275
12,2015-12-06,23080760,,"",SAN ROQUE [23080760],Pluviométrica,Convencional,Activa,Antioquia,San Roque,6.4875,-75.017,820,5/15/1975,,Monchia,Magdalena Cauca,Medio Magdalena,Río Nare,2015,06,Andes,Preliminar,0,0,0,9.27486419677734,9.27486419677734,12.8602867126465,4.03697347640991,3.63991212844849,3.05454540252686,6.04363632202148,5,10,0.869565188884735,0.876811623573303,1,1,68,1.08000004291534,0
12,2018-12-04,23080760,0,Definitivo,SAN ROQUE [23080760],Pluviométrica,Convencional,Activa,Antioquia,San Roque,6.4875,-75.017,820,5/15/1975,,Monchia,Magdalena Cauca,Medio Magdalena,Río Nare,2018,04,Andes,Definitivo,0,0,0,1.04184877872467,1.04184877872467,0,0.643022656440735,1.64790380001068,3.05454540252686,6.04363632202148,5,10,0.869565188884735,0.876811623573303,1,1,67,1.08000004291534,0
12,2017-12-08,23080760,0,Definitivo,SAN ROQUE [23080760],Pluviométrica,Convencional,Activa,Antioquia,San Roque,6.4875,-75.017,820,5/15/1975,,Monchia,Magdalena Cauca,Medio Magdalena,Río Nare,2017,08,Andes,Definitivo,0,0,0,4.38751316070557,4.38751316070557,17.2341232299805,18.3265705108643,52.5200691223145,3.05454540252686,6.04363632202148,5,10,0.869565188884735,0.876811623573303,1,1,68,1.08000004291534,0
12,2017-12-09,23080760,0,Definitivo,SAN ROQUE [23080760],Pluviométrica,Convencional,Activa,Antioquia,San Roque,6.4875,-75.017,820,5/15/1975,,Monchia,Magdalena Cauca,Medio Magdalena,Río Nare,2017,09,Andes,Definitivo,0,0,0,15.2751665115356,15.2751665115356,25.8511867523193,34.5166053771973,20.3044872283936,3.05454540252686,6.04363632202148,5,10,0.869565188884735,0.876811623573303,1,1,68,1.08000004291534,0
12,2017-12-10,23080760,0,Definitivo,SAN ROQUE [23080760],Pluviométrica,Convencional,Activa,Antioquia,San Roque,6.4875,-75.017,820,5/15/1975,,Monchia,Magdalena Cauca,Medio Magdalena,Río Nare,2017,10,Andes,Definitivo,0,0,0,12.672966003418,12.672966003418,8.61706161499023,25.4104270935059,2.01960897445679,3.05454540252686,6.04363632202148,5,10,0.869565188884735,0.876811623573303,1,1,68,1.08000004291534,0
12,2017-12-11,23080760,0,Definitivo,SAN ROQUE [23080760],Pluviométrica,Convencional,Activa,Antioquia,San Roque,6.4875,-75.017,820,5/15/1975,,Monchia,Magdalena Cauca,Medio Magdalena,Río Nare,2017,11,Andes,Definitivo,0,0,0,2.25657343864441,2.25657343864441,0,1.32577288150787,0.225886896252632,3.05454540252686,6.04363632202148,5,10,0.869565188884735,0.876811623573303,1,1,69,1.08000004291534,0
12,2017-12-12,23080760,8,Definitivo,SAN ROQUE [23080760],Pluviométrica,Convencional,Activa,Antioquia,San Roque,6.4875,-75.017,820,5/15/1975,,Monchia,Magdalena Cauca,Medio Magdalena,Río Nare,2017,12,Andes,Definitivo,8,8,0,2.9434494972229,2.9434494972229,0,4.46525001525879,3.65885591506958,3.05454540252686,6.04363632202148,5,10,0.869565188884735,0.876811623573303,1,1,69,1.08000004291534,8.64000034332275
12,2017-12-13,23080760,0,Definitivo,SAN ROQUE [23080760],Pluviométrica,Convencional,Activa,Antioquia,San Roque,6.4875,-75.017,820,5/15/1975,,Monchia,Magdalena Cauca,Medio Magdalena,Río Nare,2017,13,Andes,Definitivo,0,0,0,1.05550849437714,1.05550849437714,0,2.21112895011902,4.24718570709229,3.05454540252686,6.04363632202148,5,10,0.869565188884735,0.876811623573303,1,1,69,1.08000004291534,0
12,2017-12-14,23080760,0,Definitivo,SAN ROQUE [23080760],Pluviométrica,Convencional,Activa,Antioquia,San Roque,6.4875,-75.017,820,5/15/1975,,Monchia,Magdalena Cauca,Medio Magdalena,Río Nare,2017,14,Andes,Definitivo,0,0,0,0.189473405480385,0.189473405480385,0,0.123510889708996,0,3.05454540252686,6.04363632202148,5,10,0.869565188884735,0.876811623573303,1,1,69,1.08000004291534,0
12,2017-12-15,23080760,0,Definitivo,SAN ROQUE [23080760],Pluviométrica,Convencional,Activa,Antioquia,San Roque,6.4875,-75.017,820,5/15/1975,,Monchia,Magdalena Cauca,Medio Magdalena,Río Nare,2017,15,Andes,Definitivo,0,0,0,0.0723718330264092,0.0723718330264092,0,0.00626602862030268,0,3.05454540252686,6.04363632202148,5,10,0.869565188884735,0.876811623573303,1,1,69,1.08000004291534,0
12,2017-12-16,23080760,0,Definitivo,SAN ROQUE [23080760],Pluviométrica,Convencional,Activa,Antioquia,San Roque,6.4875,-75.017,820,5/15/1975,,Monchia,Magdalena Cauca,Medio Magdalena,Río Nare,2017,16,Andes,Definitivo,0,0,0,0,0,0,0.409702479839325,0.420649766921997,3.05454540252686,6.04363632202148,5,10,0.869565188884735,0.876811623573303,1,1,70,1.08000004291534,0
12,2017-12-17,23080760,0,Definitivo,SAN ROQUE [23080760],Pluviométrica,Convencional,Activa,Antioquia,San Roque,6.4875,-75.017,820,5/15/1975,,Monchia,Magdalena Cauca,Medio Magdalena,Río Nare,2017,17,Andes,Definitivo,0,0,0,5.89476251602173,5.89476251602173,0,1.60374116897583,0.420649766921997,3.05454540252686,6.04363632202148,5,10,0.869565188884735,0.876811623573303,1,1,70,1.08000004291534,0
12,2017-12-18,23080760,0,Definitivo,SAN ROQUE [23080760],Pluviométrica,Convencional,Activa,Antioquia,San Roque,6.4875,-75.017,820,5/15/1975,,Monchia,Magdalena Cauca,Medio Magdalena,Río Nare,2017,18,Andes,Definitivo,0,0,0,0.664731204509735,0.664731204509735,0,0.0898054763674736,0.420649766921997,3.05454540252686,6.04363632202148,5,10,0.869565188884735,0.876811623573303,1,1,70,1.08000004291534,0
12,2017-12-19,23080760,0,Definitivo,SAN ROQUE [23080760],Pluviométrica,Convencional,Activa,Antioquia,San Roque,6.4875,-75.017,820,5/15/1975,,Monchia,Magdalena Cauca,Medio Magdalena,Río Nare,2017,19,Andes,Definitivo,0,0,0,0,0,0,0,0.420649766921997,3.05454540252686,6.04363632202148,5,10,0.869565188884735,0.876811623573303,1,1,70,1.08000004291534,0
12,2017-12-20,23080760,0,Definitivo,SAN ROQUE [23080760],Pluviométrica,Convencional,Activa,Antioquia,San Roque,6.4875,-75.017,820,5/15/1975,,Monchia,Magdalena Cauca,Medio Magdalena,Río Nare,2017,20,Andes,Definitivo,0,0,0,0,0,0,0,0.420649766921997,3.05454540252686,6.04363632202148,5,10,0.869565188884735,0.876811623573303,1,1,70,1.08000004291534,0
12,2017-12-21,23080760,0,Definitivo,SAN ROQUE [23080760],Pluviométrica,Convencional,Activa,Antioquia,San Roque,6.4875,-75.017,820,5/15/1975,,Monchia,Magdalena Cauca,Medio Magdalena,Río Nare,2017,21,Andes,Definitivo,0,0,0,0.223277017474175,0.223277017474175,0,0.0688316822052002,0.0298385489732027,3.05454540252686,6.04363632202148,5,10,0.869565188884735,0.876811623573303,1,1,71,1.08000004291534,0
12,2017-12-22,23080760,0,Definitivo,SAN ROQUE [23080760],Pluviométrica,Convencional,Activa,Antioquia,San Roque,6.4875,-75.017,820,5/15/1975,,Monchia,Magdalena Cauca,Medio Magdalena,Río Nare,2017,22,Andes,Definitivo,0,0,0,0.417575240135193,0.417575240135193,0,0.410869508981705,0,3.05454540252686,6.04363632202148,5,10,0.869565188884735,0.876811623573303,1,1,71,1.08000004291534,0
12,2017-12-23,23080760,0,Definitivo,SAN ROQUE [23080760],Pluviométrica,Convencional,Activa,Antioquia,San Roque,6.4875,-75.017,820,5/15/1975,,Monchia,Magdalena Cauca,Medio Magdalena,Río Nare,2017,23,Andes,Definitivo,0,0,0,2.24889087677002,2.24889087677002,0,0.65245658159256,0.445049583911896,3.05454540252686,6.04363632202148,5,10,0.869565188884735,0.876811623573303,1,1,71,1.08000004291534,0
12,2017-12-24,23080760,15,Definitivo,SAN ROQUE [23080760],Pluviométrica,Convencional,Activa,Antioquia,San Roque,6.4875,-75.017,820,5/15/1975,,Monchia,Magdalena Cauca,Medio Magdalena,Río Nare,2017,24,Andes,Definitivo,15,15,0,2.70523190498352,2.70523190498352,0,1.10041928291321,0.0646501928567886,3.05454540252686,6.04363632202148,5,10,0.869565188884735,0.876811623573303,1,1,71,1.08000004291534,16.2000006437302
12,2017-12-25,23080760,0,Definitivo,SAN ROQUE [23080760],Pluviométrica,Convencional,Activa,Antioquia,San Roque,6.4875,-75.017,820,5/15/1975,,Monchia,Magdalena Cauca,Medio Magdalena,Río Nare,2017,25,Andes,Definitivo,0,0,0,4.0701150894165,4.0701150894165,0,6.52006483078003,8.21310329437256,3.05454540252686,6.04363632202148,5,10,0.869565188884735,0.876811623573303,1,1,71,1.08000004291534,0
12,2017-12-26,23080760,0,Definitivo,SAN ROQUE [23080760],Pluviométrica,Convencional,Activa,Antioquia,San Roque,6.4875,-75.017,820,5/15/1975,,Monchia,Magdalena Cauca,Medio Magdalena,Río Nare,2017,26,Andes,Definitivo,0,0,0,5.2111349105835,5.2111349105835,0,5.19617795944214,9.53098583221436,3.05454540252686,6.04363632202148,5,10,0.869565188884735,0.876811623573303,1,1,72,1.08000004291534,0
12,2017-12-27,23080760,0,Definitivo,SAN ROQUE [23080760],Pluviométrica,Convencional,Activa,Antioquia,San Roque,6.4875,-75.017,820,5/15/1975,,Monchia,Magdalena Cauca,Medio Magdalena,Río Nare,2017,27,Andes,Definitivo,0,0,0,1.98381578922272,1.98381578922272,0,7.5931510925293,3.03134727478027,3.05454540252686,6.04363632202148,5,10,0.869565188884735,0.876811623573303,1,1,72,1.08000004291534,0
12,2001-12-23,23080760,,"",SAN ROQUE [23080760],Pluviométrica,Convencional,Activa,Antioquia,San Roque,6.4875,-75.017,820,5/15/1975,,Monchia,Magdalena Cauca,Medio Magdalena,Río Nare,2001,23,Andes,Preliminar,0,0,0,4.91392660140991,4.91392660140991,6.42278861999512,7.8261866569519,0.165782690048218,3.05454540252686,6.04363632202148,5,10,0.869565188884735,0.876811623573303,1,1,71,1.08000004291534,0
12,2002-12-21,23080760,0,Definitivo,SAN ROQUE [23080760],Pluviométrica,Convencional,Activa,Antioquia,San Roque,6.4875,-75.017,820,5/15/1975,,Monchia,Magdalena Cauca,Medio Magdalena,Río Nare,2002,21,Andes,Definitivo,0,0,0,10.8718061447144,10.8718061447144,9.53678035736084,6.36343479156494,10.7176294326782,3.05454540252686,6.04363632202148,5,10,0.869565188884735,0.876811623573303,1,1,71,1.08000004291534,0
12,2003-12-19,23080760,10,Definitivo,SAN ROQUE [23080760],Pluviométrica,Convencional,Activa,Antioquia,San Roque,6.4875,-75.017,820,5/15/1975,,Monchia,Magdalena Cauca,Medio Magdalena,Río Nare,2003,19,Andes,Definitivo,10,10,0,6.05280828475952,6.05280828475952,25.4608936309814,2.3803026676178,25.5443229675293,3.05454540252686,6.04363632202148,5,10,0.869565188884735,0.876811623573303,1,1,70,1.08000004291534,10.8000004291534
12,2020-12-21,23080760,0,Definitivo,SAN ROQUE [23080760],Pluviométrica,Convencional,Activa,Antioquia,San Roque,6.4875,-75.017,820,5/15/1975,,Monchia,Magdalena Cauca,Medio Magdalena,Río Nare,2020,21,Andes,Definitivo,0,0,0,1.97049677371979,1.97049677371979,0,1.78724932670593,0,3.05454540252686,6.04363632202148,5,10,0.869565188884735,0.876811623573303,1,1,71,1.08000004291534,0
12,2020-12-22,23080760,0,Definitivo,SAN ROQUE [23080760],Pluviométrica,Convencional,Activa,Antioquia,San Roque,6.4875,-75.017,820,5/15/1975,,Monchia,Magdalena Cauca,Medio Magdalena,Río Nare,2020,22,Andes,Definitivo,0,0,0,0.665459275245667,0.665459275245667,0,2.21721506118774,0,3.05454540252686,6.04363632202148,5,10,0.869565188884735,0.876811623573303,1,1,71,1.08000004291534,0
12,2020-12-23,23080760,0,Definitivo,SAN ROQUE [23080760],Pluviométrica,Convencional,Activa,Antioquia,San Roque,6.4875,-75.017,820,5/15/1975,,Monchia,Magdalena Cauca,Medio Magdalena,Río Nare,2020,23,Andes,Definitivo,0,0,0,0.796289145946503,0.796289145946503,0,1.1834123134613,0,3.05454540252686,6.04363632202148,5,10,0.869565188884735,0.876811623573303,1,1,71,1.08000004291534,0
12,2020-12-24,23080760,0,Definitivo,SAN ROQUE [23080760],Pluviométrica,Convencional,Activa,Antioquia,San Roque,6.4875,-75.017,820,5/15/1975,,Monchia,Magdalena Cauca,Medio Magdalena,Río Nare,2020,24,Andes,Definitivo,0,0,0,3.30656695365906,3.30656695365906,0,2.23161435127258,0,3.05454540252686,6.04363632202148,5,10,0.869565188884735,0.876811623573303,1,1,71,1.08000004291534,0
12,2020-12-25,23080760,0,Definitivo,SAN ROQUE [23080760],Pluviométrica,Convencional,Activa,Antioquia,San Roque,6.4875,-75.017,820,5/15/1975,,Monchia,Magdalena Cauca,Medio Magdalena,Río Nare,2020,25,Andes,Definitivo,0,0,0,6.18067026138306,6.18067026138306,16.1191005706787,11.0780534744263,18.4975452423096,3.05454540252686,6.04363632202148,5,10,0.869565188884735,0.876811623573303,1,1,71,1.08000004291534,0
12,2020-12-26,23080760,5,Definitivo,SAN ROQUE [23080760],Pluviométrica,Convencional,Activa,Antioquia,San Roque,6.4875,-75.017,820,5/15/1975,,Monchia,Magdalena Cauca,Medio Magdalena,Río Nare,2020,26,Andes,Definitivo,5,5,0,2.07068562507629,2.07068562507629,0,1.3810795545578,1.31632125377655,3.05454540252686,6.04363632202148,5,10,0.869565188884735,0.876811623573303,1,1,72,1.08000004291534,5.40000021457672
12,2020-12-27,23080760,8,Definitivo,SAN ROQUE [23080760],Pluviométrica,Convencional,Activa,Antioquia,San Roque,6.4875,-75.017,820,5/15/1975,,Monchia,Magdalena Cauca,Medio Magdalena,Río Nare,2020,27,Andes,Definitivo,8,8,0,2.03929090499878,2.03929090499878,0,4.36440849304199,3.98356199264526,3.05454540252686,6.04363632202148,5,10,0.869565188884735,0.876811623573303,1,1,72,1.08000004291534,8.64000034332275
12,2020-12-28,23080760,0,Definitivo,SAN ROQUE [23080760],Pluviométrica,Convencional,Activa,Antioquia,San Roque,6.4875,-75.017,820,5/15/1975,,Monchia,Magdalena Cauca,Medio Magdalena,Río Nare,2020,28,Andes,Definitivo,0,0,0,1.37552392482758,1.37552392482758,0,0.773306012153626,0,3.05454540252686,6.04363632202148,5,10,0.869565188884735,0.876811623573303,1,1,72,1.08000004291534,0
12,2020-12-29,23080760,0,Definitivo,SAN ROQUE [23080760],Pluviométrica,Convencional,Activa,Antioquia,San Roque,6.4875,-75.017,820,5/15/1975,,Monchia,Magdalena Cauca,Medio Magdalena,Río Nare,2020,29,Andes,Definitivo,0,0,0,0.967698156833649,0.967698156833649,0,0.557093381881714,0,3.05454540252686,6.04363632202148,5,10,0.869565188884735,0.876811623573303,1,1,72,1.08000004291534,0
12,2020-12-30,23080760,0,Definitivo,SAN ROQUE [23080760],Pluviométrica,Convencional,Activa,Antioquia,San Roque,6.4875,-75.017,820,5/15/1975,,Monchia,Magdalena Cauca,Medio Magdalena,Río Nare,2020,30,Andes,Definitivo,0,0,0,1.851358294487,1.851358294487,0,0.558889091014862,1.94612216949463,3.05454540252686,6.04363632202148,5,10,0.869565188884735,0.876811623573303,1,1,72,1.08000004291534,0
12,2020-12-31,23080760,0,Definitivo,SAN ROQUE [23080760],Pluviométrica,Convencional,Activa,Antioquia,San Roque,6.4875,-75.017,820,5/15/1975,,Monchia,Magdalena Cauca,Medio Magdalena,Río Nare,2020,31,Andes,Definitivo,0,0,0,1.43064105510712,1.43064105510712,0,0.809014558792114,1.19778490066528,3.05454540252686,6.04363632202148,5,10,0.869565188884735,0.876811623573303,1,1,72,1.08000004291534,0
12,2008-12-03,23080760,0,Definitivo,SAN ROQUE [23080760],Pluviométrica,Convencional,Activa,Antioquia,San Roque,6.4875,-75.017,820,5/15/1975,,Monchia,Magdalena Cauca,Medio Magdalena,Río Nare,2008,03,Andes,Definitivo,0,0,0,2.40551733970642,2.40551733970642,0,5.62127780914307,0.346257567405701,3.05454540252686,6.04363632202148,5,10,0.869565188884735,0.876811623573303,1,1,67,1.08000004291534,0
12,2008-12-04,23080760,0,Definitivo,SAN ROQUE [23080760],Pluviométrica,Convencional,Activa,Antioquia,San Roque,6.4875,-75.017,820,5/15/1975,,Monchia,Magdalena Cauca,Medio Magdalena,Río Nare,2008,04,Andes,Definitivo,0,0,0,5.80924272537231,5.80924272537231,20.6695537567139,10.0156469345093,26.0095252990723,3.05454540252686,6.04363632202148,5,10,0.869565188884735,0.876811623573303,1,1,67,1.08000004291534,0
12,2008-12-05,23080760,,"",SAN ROQUE [23080760],Pluviométrica,Convencional,Activa,Antioquia,San Roque,6.4875,-75.017,820,5/15/1975,,Monchia,Magdalena Cauca,Medio Magdalena,Río Nare,2008,05,Andes,Preliminar,0,0,0,2.28687787055969,2.28687787055969,0,3.19621968269348,0.801007211208344,3.05454540252686,6.04363632202148,5,10,0.869565188884735,0.876811623573303,1,1,67,1.08000004291534,0
12,2013-12-04,23080760,5,Definitivo,SAN ROQUE [23080760],Pluviométrica,Convencional,Activa,Antioquia,San Roque,6.4875,-75.017,820,5/15/1975,,Monchia,Magdalena Cauca,Medio Magdalena,Río Nare,2013,04,Andes,Definitivo,5,5,0,1.95527791976929,1.95527791976929,0,11.5343351364136,2.91687536239624,3.05454540252686,6.04363632202148,5,10,0.869565188884735,0.876811623573303,1,1,67,1.08000004291534,5.40000021457672
12,2013-12-05,23080760,,"",SAN ROQUE [23080760],Pluviométrica,Convencional,Activa,Antioquia,San Roque,6.4875,-75.017,820,5/15/1975,,Monchia,Magdalena Cauca,Medio Magdalena,Río Nare,2013,05,Andes,Preliminar,0,0,0,4.79828882217407,4.79828882217407,29.439546585083,5.95507478713989,9.59596538543701,3.05454540252686,6.04363632202148,5,10,0.869565188884735,0.876811623573303,1,1,67,1.08000004291534,0
12,2016-12-03,23080760,4,Definitivo,SAN ROQUE [23080760],Pluviométrica,Convencional,Activa,Antioquia,San Roque,6.4875,-75.017,820,5/15/1975,,Monchia,Magdalena Cauca,Medio Magdalena,Río Nare,2016,03,Andes,Definitivo,4,4,0,10.4617481231689,10.4617481231689,20.1855583190918,36.9590301513672,45.5746459960938,3.05454540252686,6.04363632202148,5,10,0.869565188884735,0.876811623573303,1,1,67,1.08000004291534,4.32000017166138
12,2018-12-05,23080760,0,Definitivo,SAN ROQUE [23080760],Pluviométrica,Convencional,Activa,Antioquia,San Roque,6.4875,-75.017,820,5/15/1975,,Monchia,Magdalena Cauca,Medio Magdalena,Río Nare,2018,05,Andes,Definitivo,0,0,0,2.19522213935852,2.19522213935852,0,0.531856179237366,0.31894913315773,3.05454540252686,6.04363632202148,5,10,0.869565188884735,0.876811623573303,1,1,67,1.08000004291534,0
12,2018-12-06,23080760,7,Definitivo,SAN ROQUE [23080760],Pluviométrica,Convencional,Activa,Antioquia,San Roque,6.4875,-75.017,820,5/15/1975,,Monchia,Magdalena Cauca,Medio Magdalena,Río Nare,2018,06,Andes,Definitivo,7,7,0,5.70527362823486,5.70527362823486,0,4.09701633453369,0,3.05454540252686,6.04363632202148,5,10,0.869565188884735,0.876811623573303,1,1,68,1.08000004291534,7.56000030040741
12,2018-12-07,23080760,15,Definitivo,SAN ROQUE [23080760],Pluviométrica,Convencional,Activa,Antioquia,San Roque,6.4875,-75.017,820,5/15/1975,,Monchia,Magdalena Cauca,Medio Magdalena,Río Nare,2018,07,Andes,Definitivo,15,15,0,1.47293615341187,1.47293615341187,0,1.58045256137848,0,3.05454540252686,6.04363632202148,5,10,0.869565188884735,0.876811623573303,1,1,68,1.08000004291534,16.2000006437302
12,2018-12-08,23080760,6,Definitivo,SAN ROQUE [23080760],Pluviométrica,Convencional,Activa,Antioquia,San Roque,6.4875,-75.017,820,5/15/1975,,Monchia,Magdalena Cauca,Medio Magdalena,Río Nare,2018,08,Andes,Definitivo,6,6,0,0.647193014621735,0.647193014621735,0,5.70761489868164,15.3843793869019,3.05454540252686,6.04363632202148,5,10,0.869565188884735,0.876811623573303,1,1,68,1.08000004291534,6.48000025749207
12,2018-12-09,23080760,0,Definitivo,SAN ROQUE [23080760],Pluviométrica,Convencional,Activa,Antioquia,San Roque,6.4875,-75.017,820,5/15/1975,,Monchia,Magdalena Cauca,Medio Magdalena,Río Nare,2018,09,Andes,Definitivo,0,0,0,0.724000930786133,0.724000930786133,0,5.24635791778565,1.86945831775665,3.05454540252686,6.04363632202148,5,10,0.869565188884735,0.876811623573303,1,1,68,1.08000004291534,0
12,2018-12-10,23080760,6,Definitivo,SAN ROQUE [23080760],Pluviométrica,Convencional,Activa,Antioquia,San Roque,6.4875,-75.017,820,5/15/1975,,Monchia,Magdalena Cauca,Medio Magdalena,Río Nare,2018,10,Andes,Definitivo,6,6,0,0.110702447593212,0.110702447593212,0,0.622397243976593,0,3.05454540252686,6.04363632202148,5,10,0.869565188884735,0.876811623573303,1,1,68,1.08000004291534,6.48000025749207
12,2018-12-11,23080760,24,Definitivo,SAN ROQUE [23080760],Pluviométrica,Convencional,Activa,Antioquia,San Roque,6.4875,-75.017,820,5/15/1975,,Monchia,Magdalena Cauca,Medio Magdalena,Río Nare,2018,11,Andes,Definitivo,24,24,0,1.79648160934448,1.79648160934448,0,6.74257516860962,12.1508569717407,3.05454540252686,6.04363632202148,5,10,0.869565188884735,0.876811623573303,1,1,69,1.08000004291534,25.9200010299683
12,2018-12-12,23080760,10,Definitivo,SAN ROQUE [23080760],Pluviométrica,Convencional,Activa,Antioquia,San Roque,6.4875,-75.017,820,5/15/1975,,Monchia,Magdalena Cauca,Medio Magdalena,Río Nare,2018,12,Andes,Definitivo,10,10,0,0,0,24.3770923614502,9.72772979736328,6.20257091522217,3.05454540252686,6.04363632202148,5,10,0.869565188884735,0.876811623573303,1,1,69,1.08000004291534,10.8000004291534
12,2018-12-13,23080760,0,Definitivo,SAN ROQUE [23080760],Pluviométrica,Convencional,Activa,Antioquia,San Roque,6.4875,-75.017,820,5/15/1975,,Monchia,Magdalena Cauca,Medio Magdalena,Río Nare,2018,13,Andes,Definitivo,0,0,0,6.10364103317261,6.10364103317261,0,8.20217704772949,15.9936847686768,3.05454540252686,6.04363632202148,5,10,0.869565188884735,0.876811623573303,1,1,69,1.08000004291534,0
12,2018-12-14,23080760,10,Definitivo,SAN ROQUE [23080760],Pluviométrica,Convencional,Activa,Antioquia,San Roque,6.4875,-75.017,820,5/15/1975,,Monchia,Magdalena Cauca,Medio Magdalena,Río Nare,2018,14,Andes,Definitivo,10,10,0,2.9447648525238,2.9447648525238,0,14.1119947433472,8.0558557510376,3.05454540252686,6.04363632202148,5,10,0.869565188884735,0.876811623573303,1,1,69,1.08000004291534,10.8000004291534
12,2018-12-15,23080760,0,Definitivo,SAN ROQUE [23080760],Pluviométrica,Convencional,Activa,Antioquia,San Roque,6.4875,-75.017,820,5/15/1975,,Monchia,Magdalena Cauca,Medio Magdalena,Río Nare,2018,15,Andes,Definitivo,0,0,0,2.2895815372467,2.2895815372467,24.3770923614502,7.13527059555054,3.51677799224854,3.05454540252686,6.04363632202148,5,10,0.869565188884735,0.876811623573303,1,1,69,1.08000004291534,0
12,2018-12-16,23080760,0,Definitivo,SAN ROQUE [23080760],Pluviométrica,Convencional,Activa,Antioquia,San Roque,6.4875,-75.017,820,5/15/1975,,Monchia,Magdalena Cauca,Medio Magdalena,Río Nare,2018,16,Andes,Definitivo,0,0,0,6.63020849227905,6.63020849227905,0,2.0333240032196,0,3.05454540252686,6.04363632202148,5,10,0.869565188884735,0.876811623573303,1,1,70,1.08000004291534,0
12,2018-12-17,23080760,0,Definitivo,SAN ROQUE [23080760],Pluviométrica,Convencional,Activa,Antioquia,San Roque,6.4875,-75.017,820,5/15/1975,,Monchia,Magdalena Cauca,Medio Magdalena,Río Nare,2018,17,Andes,Definitivo,0,0,0,0.747947454452515,0.747947454452515,0,0.381557106971741,0.660206139087677,3.05454540252686,6.04363632202148,5,10,0.869565188884735,0.876811623573303,1,1,70,1.08000004291534,0
12,2018-12-18,23080760,9,Definitivo,SAN ROQUE [23080760],Pluviométrica,Convencional,Activa,Antioquia,San Roque,6.4875,-75.017,820,5/15/1975,,Monchia,Magdalena Cauca,Medio Magdalena,Río Nare,2018,18,Andes,Definitivo,9,9,0,1.01631188392639,1.01631188392639,0,10.0385046005249,3.14130330085754,3.05454540252686,6.04363632202148,5,10,0.869565188884735,0.876811623573303,1,1,70,1.08000004291534,9.7200003862381
12,2018-12-19,23080760,31,Definitivo,SAN ROQUE [23080760],Pluviométrica,Convencional,Activa,Antioquia,San Roque,6.4875,-75.017,820,5/15/1975,,Monchia,Magdalena Cauca,Medio Magdalena,Río Nare,2018,19,Andes,Definitivo,31,31,0,0.0537954159080982,0.0537954159080982,0,13.1976890563965,19.6563167572022,3.05454540252686,6.04363632202148,5,10,0.869565188884735,0.876811623573303,1,1,70,1.08000004291534,33.4800013303757
12,2018-12-20,23080760,0,Definitivo,SAN ROQUE [23080760],Pluviométrica,Convencional,Activa,Antioquia,San Roque,6.4875,-75.017,820,5/15/1975,,Monchia,Magdalena Cauca,Medio Magdalena,Río Nare,2018,20,Andes,Definitivo,0,0,0,3.10612106323242,3.10612106323242,33.3538551330566,10.7241554260254,12.9174041748047,3.05454540252686,6.04363632202148,5,10,0.869565188884735,0.876811623573303,1,1,70,1.08000004291534,0
12,2018-12-21,23080760,7,Definitivo,SAN ROQUE [23080760],Pluviométrica,Convencional,Activa,Antioquia,San Roque,6.4875,-75.017,820,5/15/1975,,Monchia,Magdalena Cauca,Medio Magdalena,Río Nare,2018,21,Andes,Definitivo,7,7,0,1.59955847263336,1.59955847263336,2.76881384849548,3.77922916412354,5.34784126281738,3.05454540252686,6.04363632202148,5,10,0.869565188884735,0.876811623573303,1,1,71,1.08000004291534,7.56000030040741
12,2018-12-22,23080760,0,Definitivo,SAN ROQUE [23080760],Pluviométrica,Convencional,Activa,Antioquia,San Roque,6.4875,-75.017,820,5/15/1975,,Monchia,Magdalena Cauca,Medio Magdalena,Río Nare,2018,22,Andes,Definitivo,0,0,0,4.9430742263794,4.9430742263794,8.55639457702637,1.14086639881134,0,3.05454540252686,6.04363632202148,5,10,0.869565188884735,0.876811623573303,1,1,71,1.08000004291534,0
12,2018-12-23,23080760,4,Definitivo,SAN ROQUE [23080760],Pluviométrica,Convencional,Activa,Antioquia,San Roque,6.4875,-75.017,820,5/15/1975,,Monchia,Magdalena Cauca,Medio Magdalena,Río Nare,2018,23,Andes,Definitivo,4,4,0,0.237660557031631,0.237660557031631,0.411387145519257,0.229295700788498,0,3.05454540252686,6.04363632202148,5,10,0.869565188884735,0.876811623573303,1,1,71,1.08000004291534,4.32000017166138
12,2018-12-24,23080760,0,Definitivo,SAN ROQUE [23080760],Pluviométrica,Convencional,Activa,Antioquia,San Roque,6.4875,-75.017,820,5/15/1975,,Monchia,Magdalena Cauca,Medio Magdalena,Río Nare,2018,24,Andes,Definitivo,0,0,0,0,0,0,0.275931775569916,0,3.05454540252686,6.04363632202148,5,10,0.869565188884735,0.876811623573303,1,1,71,1.08000004291534,0
12,2018-12-25,23080760,0,Definitivo,SAN ROQUE [23080760],Pluviométrica,Convencional,Activa,Antioquia,San Roque,6.4875,-75.017,820,5/15/1975,,Monchia,Magdalena Cauca,Medio Magdalena,Río Nare,2018,25,Andes,Definitivo,0,0,0,0.4440036714077,0.4440036714077,0.768564283847809,0.330990880727768,0.408472061157227,3.05454540252686,6.04363632202148,5,10,0.869565188884735,0.876811623573303,1,1,71,1.08000004291534,0
12,2019-12-23,23080760,3,Definitivo,SAN ROQUE [23080760],Pluviométrica,Convencional,Activa,Antioquia,San Roque,6.4875,-75.017,820,5/15/1975,,Monchia,Magdalena Cauca,Medio Magdalena,Río Nare,2019,23,Andes,Definitivo,3,3,0,8.10643672943115,8.10643672943115,0,24.2612495422363,5.34584617614746,3.05454540252686,6.04363632202148,5,10,0.869565188884735,0.876811623573303,1,1,71,1.08000004291534,3.24000012874603
12,2020-12-20,23080760,5,Definitivo,SAN ROQUE [23080760],Pluviométrica,Convencional,Activa,Antioquia,San Roque,6.4875,-75.017,820,5/15/1975,,Monchia,Magdalena Cauca,Medio Magdalena,Río Nare,2020,20,Andes,Definitivo,5,5,0,3.95020437240601,3.95020437240601,0,1.02342224121094,0,3.05454540252686,6.04363632202148,5,10,0.869565188884735,0.876811623573303,1,1,70,1.08000004291534,5.40000021457672
12,2001-12-19,23080760,0,Definitivo,SAN ROQUE [23080760],Pluviométrica,Convencional,Activa,Antioquia,San Roque,6.4875,-75.017,820,5/15/1975,,Monchia,Magdalena Cauca,Medio Magdalena,Río Nare,2001,19,Andes,Definitivo,0,0,0,7.22032308578491,7.22032308578491,15.3915586471558,8.12387943267822,18.335298538208,3.05454540252686,6.04363632202148,5,10,0.869565188884735,0.876811623573303,1,1,70,1.08000004291534,0
12,2001-12-16,23080760,12,Definitivo,SAN ROQUE [23080760],Pluviométrica,Convencional,Activa,Antioquia,San Roque,6.4875,-75.017,820,5/15/1975,,Monchia,Magdalena Cauca,Medio Magdalena,Río Nare,2001,16,Andes,Definitivo,12,12,0,4.33983516693115,4.33983516693115,0,12.6453647613525,0.0711544156074524,3.05454540252686,6.04363632202148,5,10,0.869565188884735,0.876811623573303,1,1,70,1.08000004291534,12.9600005149841
12,2003-12-13,23080760,2,Definitivo,SAN ROQUE [23080760],Pluviométrica,Convencional,Activa,Antioquia,San Roque,6.4875,-75.017,820,5/15/1975,,Monchia,Magdalena Cauca,Medio Magdalena,Río Nare,2003,13,Andes,Definitivo,2,2,0,2.39982676506043,2.39982676506043,0,5.09303045272827,2.52428793907166,3.05454540252686,6.04363632202148,5,10,0.869565188884735,0.876811623573303,1,1,69,1.08000004291534,2.16000008583069
12,2003-12-10,23080760,13,Definitivo,SAN ROQUE [23080760],Pluviométrica,Convencional,Activa,Antioquia,San Roque,6.4875,-75.017,820,5/15/1975,,Monchia,Magdalena Cauca,Medio Magdalena,Río Nare,2003,10,Andes,Definitivo,13,13,0,2.03645324707031,2.03645324707031,0,1.14578902721405,0,3.05454540252686,6.04363632202148,5,10,0.869565188884735,0.876811623573303,1,1,68,1.08000004291534,14.0400005578995
12,2002-12-09,23080760,3,Definitivo,SAN ROQUE [23080760],Pluviométrica,Convencional,Activa,Antioquia,San Roque,6.4875,-75.017,820,5/15/1975,,Monchia,Magdalena Cauca,Medio Magdalena,Río Nare,2002,09,Andes,Definitivo,3,3,0,6.9901556968689,6.9901556968689,6.81828737258911,8.19330787658691,3.7918713092804,3.05454540252686,6.04363632202148,5,10,0.869565188884735,0.876811623573303,1,1,68,1.08000004291534,3.24000012874603
12,2001-12-08,23080760,4,Definitivo,SAN ROQUE [23080760],Pluviométrica,Convencional,Activa,Antioquia,San Roque,6.4875,-75.017,820,5/15/1975,,Monchia,Magdalena Cauca,Medio Magdalena,Río Nare,2001,08,Andes,Definitivo,4,4,0,7.58579587936401,7.58579587936401,6.29340696334839,13.1399030685425,7.92709112167358,3.05454540252686,6.04363632202148,5,10,0.869565188884735,0.876811623573303,1,1,68,1.08000004291534,4.32000017166138
12,2001-12-05,23080760,,"",SAN ROQUE [23080760],Pluviométrica,Convencional,Activa,Antioquia,San Roque,6.4875,-75.017,820,5/15/1975,,Monchia,Magdalena Cauca,Medio Magdalena,Río Nare,2001,05,Andes,Preliminar,0,0,0,0.943566262722015,0.943566262722015,0,0.698323607444763,1.17940163612366,3.05454540252686,6.04363632202148,5,10,0.869565188884735,0.876811623573303,1,1,67,1.08000004291534,0
12,2003-12-02,23080760,8,Definitivo,SAN ROQUE [23080760],Pluviométrica,Convencional,Activa,Antioquia,San Roque,6.4875,-75.017,820,5/15/1975,,Monchia,Magdalena Cauca,Medio Magdalena,Río Nare,2003,02,Andes,Definitivo,8,8,0,5.182373046875,5.182373046875,14.4594240188599,22.9699268341064,8.82221031188965,3.05454540252686,6.04363632202148,5,10,0.869565188884735,0.876811623573303,1,1,67,1.08000004291534,8.64000034332275
12,2003-12-03,23080760,0,Definitivo,SAN ROQUE [23080760],Pluviométrica,Convencional,Activa,Antioquia,San Roque,6.4875,-75.017,820,5/15/1975,,Monchia,Magdalena Cauca,Medio Magdalena,Río Nare,2003,03,Andes,Definitivo,0,0,0,10.2801361083984,10.2801361083984,21.6891345977783,17.4556560516357,18.9768047332764,3.05454540252686,6.04363632202148,5,10,0.869565188884735,0.876811623573303,1,1,67,1.08000004291534,0
12,2006-12-01,23080760,,"",SAN ROQUE [23080760],Pluviométrica,Convencional,Activa,Antioquia,San Roque,6.4875,-75.017,820,5/15/1975,,Monchia,Magdalena Cauca,Medio Magdalena,Río Nare,2006,01,Andes,Preliminar,0,0,0,2.86916518211365,2.86916518211365,24.4797534942627,9.59693336486816,17.9476451873779,3.05454540252686,6.04363632202148,5,10,0.869565188884735,0.876811623573303,1,1,67,1.08000004291534,0
12,2006-12-02,23080760,34,Definitivo,SAN ROQUE [23080760],Pluviométrica,Convencional,Activa,Antioquia,San Roque,6.4875,-75.017,820,5/15/1975,,Monchia,Magdalena Cauca,Medio Magdalena,Río Nare,2006,02,Andes,Definitivo,34,34,0,6.02429389953613,6.02429389953613,0,5.36559677124023,4.62974500656128,3.05454540252686,6.04363632202148,5,10,0.869565188884735,0.876811623573303,1,1,67,1.08000004291534,36.7200014591217
12,2006-12-03,23080760,,"",SAN ROQUE [23080760],Pluviométrica,Convencional,Activa,Antioquia,San Roque,6.4875,-75.017,820,5/15/1975,,Monchia,Magdalena Cauca,Medio Magdalena,Río Nare,2006,03,Andes,Preliminar,0,0,0,4.1893630027771,4.1893630027771,12.2398767471313,12.8188533782959,21.3520545959473,3.05454540252686,6.04363632202148,5,10,0.869565188884735,0.876811623573303,1,1,67,1.08000004291534,0
12,2009-12-01,23080760,,"",SAN ROQUE [23080760],Pluviométrica,Convencional,Activa,Antioquia,San Roque,6.4875,-75.017,820,5/15/1975,,Monchia,Magdalena Cauca,Medio Magdalena,Río Nare,2009,01,Andes,Preliminar,0,0,0,1.5478743314743,1.5478743314743,0,1.13239324092865,0.459496438503265,3.05454540252686,6.04363632202148,5,10,0.869565188884735,0.876811623573303,1,1,67,1.08000004291534,0
12,2009-12-02,23080760,,"",SAN ROQUE [23080760],Pluviométrica,Convencional,Activa,Antioquia,San Roque,6.4875,-75.017,820,5/15/1975,,Monchia,Magdalena Cauca,Medio Magdalena,Río Nare,2009,02,Andes,Preliminar,0,0,0,2.63663339614868,2.63663339614868,0,0.28279247879982,0.459496438503265,3.05454540252686,6.04363632202148,5,10,0.869565188884735,0.876811623573303,1,1,67,1.08000004291534,0
12,2011-12-04,23080760,0,Definitivo,SAN ROQUE [23080760],Pluviométrica,Convencional,Activa,Antioquia,San Roque,6.4875,-75.017,820,5/15/1975,,Monchia,Magdalena Cauca,Medio Magdalena,Río Nare,2011,04,Andes,Definitivo,0,0,0,4.21511125564575,4.21511125564575,20.6654453277588,7.96926975250244,1.25610768795013,3.05454540252686,6.04363632202148,5,10,0.869565188884735,0.876811623573303,1,1,67,1.08000004291534,0
12,2011-12-05,23080760,0,Definitivo,SAN ROQUE [23080760],Pluviométrica,Convencional,Activa,Antioquia,San Roque,6.4875,-75.017,820,5/15/1975,,Monchia,Magdalena Cauca,Medio Magdalena,Río Nare,2011,05,Andes,Definitivo,0,0,0,5.02088689804077,5.02088689804077,0,7.14924764633179,18.4532718658447,3.05454540252686,6.04363632202148,5,10,0.869565188884735,0.876811623573303,1,1,67,1.08000004291534,0
12,2011-12-06,23080760,7,Definitivo,SAN ROQUE [23080760],Pluviométrica,Convencional,Activa,Antioquia,San Roque,6.4875,-75.017,820,5/15/1975,,Monchia,Magdalena Cauca,Medio Magdalena,Río Nare,2011,06,Andes,Definitivo,7,7,0,7.10290622711182,7.10290622711182,17.8658275604248,12.2530336380005,11.9614114761353,3.05454540252686,6.04363632202148,5,10,0.869565188884735,0.876811623573303,1,1,68,1.08000004291534,7.56000030040741
12,2016-12-04,23080760,40,Definitivo,SAN ROQUE [23080760],Pluviométrica,Convencional,Activa,Antioquia,San Roque,6.4875,-75.017,820,5/15/1975,,Monchia,Magdalena Cauca,Medio Magdalena,Río Nare,2016,04,Andes,Definitivo,40,40,0,5.89583158493042,5.89583158493042,20.1855583190918,18.0930213928223,6.73963022232056,3.05454540252686,6.04363632202148,5,10,0.869565188884735,0.876811623573303,1,1,67,1.08000004291534,43.2000017166138
12,2016-12-05,23080760,4,Definitivo,SAN ROQUE [23080760],Pluviométrica,Convencional,Activa,Antioquia,San Roque,6.4875,-75.017,820,5/15/1975,,Monchia,Magdalena Cauca,Medio Magdalena,Río Nare,2016,05,Andes,Definitivo,4,4,0,27.5318202972412,27.5318202972412,0,9.21857833862305,42.6094970703125,3.05454540252686,6.04363632202148,5,10,0.869565188884735,0.876811623573303,1,1,67,1.08000004291534,4.32000017166138
12,2019-12-04,23080760,0,Definitivo,SAN ROQUE [23080760],Pluviométrica,Convencional,Activa,Antioquia,San Roque,6.4875,-75.017,820,5/15/1975,,Monchia,Magdalena Cauca,Medio Magdalena,Río Nare,2019,04,Andes,Definitivo,0,0,0,1.11187851428986,1.11187851428986,0,1.8462221622467,0.0981916636228561,3.05454540252686,6.04363632202148,5,10,0.869565188884735,0.876811623573303,1,1,67,1.08000004291534,0
12,2019-12-05,23080760,0,Definitivo,SAN ROQUE [23080760],Pluviométrica,Convencional,Activa,Antioquia,San Roque,6.4875,-75.017,820,5/15/1975,,Monchia,Magdalena Cauca,Medio Magdalena,Río Nare,2019,05,Andes,Definitivo,0,0,0,1.98097956180573,1.98097956180573,0,2.56946992874146,0.433450073003769,3.05454540252686,6.04363632202148,5,10,0.869565188884735,0.876811623573303,1,1,67,1.08000004291534,0
12,2019-12-06,23080760,2,Definitivo,SAN ROQUE [23080760],Pluviométrica,Convencional,Activa,Antioquia,San Roque,6.4875,-75.017,820,5/15/1975,,Monchia,Magdalena Cauca,Medio Magdalena,Río Nare,2019,06,Andes,Definitivo,2,2,0,1.42060101032257,1.42060101032257,0,1.99344527721405,0.0162080805748701,3.05454540252686,6.04363632202148,5,10,0.869565188884735,0.876811623573303,1,1,68,1.08000004291534,2.16000008583069
12,2019-12-07,23080760,4,Definitivo,SAN ROQUE [23080760],Pluviométrica,Convencional,Activa,Antioquia,San Roque,6.4875,-75.017,820,5/15/1975,,Monchia,Magdalena Cauca,Medio Magdalena,Río Nare,2019,07,Andes,Definitivo,4,4,0,2.0828115940094,2.0828115940094,10.7556915283203,5.90184736251831,11.8532228469849,3.05454540252686,6.04363632202148,5,10,0.869565188884735,0.876811623573303,1,1,68,1.08000004291534,4.32000017166138
12,2019-12-08,23080760,0,Definitivo,SAN ROQUE [23080760],Pluviométrica,Convencional,Activa,Antioquia,San Roque,6.4875,-75.017,820,5/15/1975,,Monchia,Magdalena Cauca,Medio Magdalena,Río Nare,2019,08,Andes,Definitivo,0,0,0,7.39130735397339,7.39130735397339,0,2.63526010513306,0.0327024199068546,3.05454540252686,6.04363632202148,5,10,0.869565188884735,0.876811623573303,1,1,68,1.08000004291534,0
12,2019-12-09,23080760,0,Definitivo,SAN ROQUE [23080760],Pluviométrica,Convencional,Activa,Antioquia,San Roque,6.4875,-75.017,820,5/15/1975,,Monchia,Magdalena Cauca,Medio Magdalena,Río Nare,2019,09,Andes,Definitivo,0,0,0,1.99890434741974,1.99890434741974,0,0.425994068384171,0,3.05454540252686,6.04363632202148,5,10,0.869565188884735,0.876811623573303,1,1,68,1.08000004291534,0
12,2019-12-10,23080760,0,Definitivo,SAN ROQUE [23080760],Pluviométrica,Convencional,Activa,Antioquia,San Roque,6.4875,-75.017,820,5/15/1975,,Monchia,Magdalena Cauca,Medio Magdalena,Río Nare,2019,10,Andes,Definitivo,0,0,0,1.90253281593323,1.90253281593323,0,0.955311059951782,0.00972484890371561,3.05454540252686,6.04363632202148,5,10,0.869565188884735,0.876811623573303,1,1,68,1.08000004291534,0
12,2019-12-11,23080760,0,Definitivo,SAN ROQUE [23080760],Pluviométrica,Convencional,Activa,Antioquia,San Roque,6.4875,-75.017,820,5/15/1975,,Monchia,Magdalena Cauca,Medio Magdalena,Río Nare,2019,11,Andes,Definitivo,0,0,0,0.841924607753754,0.841924607753754,0,11.2688598632813,7.97222185134888,3.05454540252686,6.04363632202148,5,10,0.869565188884735,0.876811623573303,1,1,69,1.08000004291534,0
12,2019-12-12,23080760,0,Definitivo,SAN ROQUE [23080760],Pluviométrica,Convencional,Activa,Antioquia,San Roque,6.4875,-75.017,820,5/15/1975,,Monchia,Magdalena Cauca,Medio Magdalena,Río Nare,2019,12,Andes,Definitivo,0,0,0,3.1930091381073,3.1930091381073,14.0445775985718,8.28295516967773,1.25261235237122,3.05454540252686,6.04363632202148,5,10,0.869565188884735,0.876811623573303,1,1,69,1.08000004291534,0
12,2019-12-13,23080760,17,Definitivo,SAN ROQUE [23080760],Pluviométrica,Convencional,Activa,Antioquia,San Roque,6.4875,-75.017,820,5/15/1975,,Monchia,Magdalena Cauca,Medio Magdalena,Río Nare,2019,13,Andes,Definitivo,17,17,0,2.08298325538635,2.08298325538635,0,7.26069688796997,0,3.05454540252686,6.04363632202148,5,10,0.869565188884735,0.876811623573303,1,1,69,1.08000004291534,18.3600007295609
12,2019-12-14,23080760,75,Definitivo,SAN ROQUE [23080760],Pluviométrica,Convencional,Activa,Antioquia,San Roque,6.4875,-75.017,820,5/15/1975,,Monchia,Magdalena Cauca,Medio Magdalena,Río Nare,2019,14,Andes,Definitivo,75,75,0,10.7050609588623,10.7050609588623,42.133731842041,52.6972923278809,50.5688018798828,3.05454540252686,6.04363632202148,5,10,0.869565188884735,0.876811623573303,1,1,69,1.08000004291534,81.0000032186508
12,2019-12-15,23080760,5,Definitivo,SAN ROQUE [23080760],Pluviométrica,Convencional,Activa,Antioquia,San Roque,6.4875,-75.017,820,5/15/1975,,Monchia,Magdalena Cauca,Medio Magdalena,Río Nare,2019,15,Andes,Definitivo,5,5,0,7.06426811218262,7.06426811218262,14.0445775985718,8.20848846435547,27.9246673583984,3.05454540252686,6.04363632202148,5,10,0.869565188884735,0.876811623573303,1,1,69,1.08000004291534,5.40000021457672
12,2019-12-16,23080760,0,Definitivo,SAN ROQUE [23080760],Pluviométrica,Convencional,Activa,Antioquia,San Roque,6.4875,-75.017,820,5/15/1975,,Monchia,Magdalena Cauca,Medio Magdalena,Río Nare,2019,16,Andes,Definitivo,0,0,0,16.0960884094238,16.0960884094238,0,1.53424835205078,0,3.05454540252686,6.04363632202148,5,10,0.869565188884735,0.876811623573303,1,1,70,1.08000004291534,0
12,2019-12-17,23080760,7,Definitivo,SAN ROQUE [23080760],Pluviométrica,Convencional,Activa,Antioquia,San Roque,6.4875,-75.017,820,5/15/1975,,Monchia,Magdalena Cauca,Medio Magdalena,Río Nare,2019,17,Andes,Definitivo,7,7,0,7.27992725372315,7.27992725372315,3.69945406913757,2.95469927787781,3.08627128601074,3.05454540252686,6.04363632202148,5,10,0.869565188884735,0.876811623573303,1,1,70,1.08000004291534,7.56000030040741
12,2019-12-18,23080760,1,Definitivo,SAN ROQUE [23080760],Pluviométrica,Convencional,Activa,Antioquia,San Roque,6.4875,-75.017,820,5/15/1975,,Monchia,Magdalena Cauca,Medio Magdalena,Río Nare,2019,18,Andes,Definitivo,1,1,0,5.42801809310913,5.42801809310913,11.0983638763428,19.6962356567383,16.2463912963867,3.05454540252686,6.04363632202148,5,10,0.869565188884735,0.876811623573303,1,1,70,1.08000004291534,1.08000004291534
12,2019-12-19,23080760,7,Definitivo,SAN ROQUE [23080760],Pluviométrica,Convencional,Activa,Antioquia,San Roque,6.4875,-75.017,820,5/15/1975,,Monchia,Magdalena Cauca,Medio Magdalena,Río Nare,2019,19,Andes,Definitivo,7,7,0,3.61784863471985,3.61784863471985,0,2.03947234153748,0,3.05454540252686,6.04363632202148,5,10,0.869565188884735,0.876811623573303,1,1,70,1.08000004291534,7.56000030040741
12,2019-12-20,23080760,1,Definitivo,SAN ROQUE [23080760],Pluviométrica,Convencional,Activa,Antioquia,San Roque,6.4875,-75.017,820,5/15/1975,,Monchia,Magdalena Cauca,Medio Magdalena,Río Nare,2019,20,Andes,Definitivo,1,1,0,1.6095095872879,1.6095095872879,7.39890813827515,4.2213568687439,11.113353729248,3.05454540252686,6.04363632202148,5,10,0.869565188884735,0.876811623573303,1,1,70,1.08000004291534,1.08000004291534
12,2019-12-21,23080760,83,Definitivo,SAN ROQUE [23080760],Pluviométrica,Convencional,Activa,Antioquia,San Roque,6.4875,-75.017,820,5/15/1975,,Monchia,Magdalena Cauca,Medio Magdalena,Río Nare,2019,21,Andes,Definitivo,83,83,0,2.76791024208069,2.76791024208069,0,35.1068916320801,0.750829458236694,3.05454540252686,6.04363632202148,5,10,0.869565188884735,0.876811623573303,1,1,71,1.08000004291534,89.6400035619736
12,2019-12-22,23080760,28,Definitivo,SAN ROQUE [23080760],Pluviométrica,Convencional,Activa,Antioquia,San Roque,6.4875,-75.017,820,5/15/1975,,Monchia,Magdalena Cauca,Medio Magdalena,Río Nare,2019,22,Andes,Definitivo,28,28,0,6.80587959289551,6.80587959289551,48.9286231994629,13.9295434951782,50.3065872192383,3.05454540252686,6.04363632202148,5,10,0.869565188884735,0.876811623573303,1,1,71,1.08000004291534,30.2400012016296
12,2001-12-22,23080760,5,Definitivo,SAN ROQUE [23080760],Pluviométrica,Convencional,Activa,Antioquia,San Roque,6.4875,-75.017,820,5/15/1975,,Monchia,Magdalena Cauca,Medio Magdalena,Río Nare,2001,22,Andes,Definitivo,5,5,0,2.08057737350464,2.08057737350464,12.8455772399902,18.1290607452393,13.553991317749,3.05454540252686,6.04363632202148,5,10,0.869565188884735,0.876811623573303,1,1,71,1.08000004291534,5.40000021457672
12,2002-12-20,23080760,15,Definitivo,SAN ROQUE [23080760],Pluviométrica,Convencional,Activa,Antioquia,San Roque,6.4875,-75.017,820,5/15/1975,,Monchia,Magdalena Cauca,Medio Magdalena,Río Nare,2002,20,Andes,Definitivo,15,15,0,8.02036380767822,8.02036380767822,0,4.39942932128906,8.60412883758545,3.05454540252686,6.04363632202148,5,10,0.869565188884735,0.876811623573303,1,1,70,1.08000004291534,16.2000006437302
12,2021-12-18,23080760,2,Definitivo,SAN ROQUE [23080760],Pluviométrica,Convencional,Activa,Antioquia,San Roque,6.4875,-75.017,820,5/15/1975,,Monchia,Magdalena Cauca,Medio Magdalena,Río Nare,2021,18,Andes,Definitivo,2,2,0,1.41686594486237,1.41686594486237,0,3.67395186424255,7.57569980621338,3.05454540252686,6.04363632202148,5,10,0.869565188884735,0.876811623573303,1,1,70,1.08000004291534,2.16000008583069
12,2021-12-19,23080760,0,Definitivo,SAN ROQUE [23080760],Pluviométrica,Convencional,Activa,Antioquia,San Roque,6.4875,-75.017,820,5/15/1975,,Monchia,Magdalena Cauca,Medio Magdalena,Río Nare,2021,19,Andes,Definitivo,0,0,0,1.71542513370514,1.71542513370514,0,3.38656759262085,0,3.05454540252686,6.04363632202148,5,10,0.869565188884735,0.876811623573303,1,1,70,1.08000004291534,0
12,2021-12-20,23080760,0,Definitivo,SAN ROQUE [23080760],Pluviométrica,Convencional,Activa,Antioquia,San Roque,6.4875,-75.017,820,5/15/1975,,Monchia,Magdalena Cauca,Medio Magdalena,Río Nare,2021,20,Andes,Definitivo,0,0,0,2.61446952819824,2.61446952819824,0,3.24190831184387,0.00683416565880179,3.05454540252686,6.04363632202148,5,10,0.869565188884735,0.876811623573303,1,1,70,1.08000004291534,0
12,2021-12-21,23080760,2,Definitivo,SAN ROQUE [23080760],Pluviométrica,Convencional,Activa,Antioquia,San Roque,6.4875,-75.017,820,5/15/1975,,Monchia,Magdalena Cauca,Medio Magdalena,Río Nare,2021,21,Andes,Definitivo,2,2,0,0.978727757930756,0.978727757930756,0,2.58419394493103,0.78957587480545,3.05454540252686,6.04363632202148,5,10,0.869565188884735,0.876811623573303,1,1,71,1.08000004291534,2.16000008583069
12,2021-12-22,23080760,0,Definitivo,SAN ROQUE [23080760],Pluviométrica,Convencional,Activa,Antioquia,San Roque,6.4875,-75.017,820,5/15/1975,,Monchia,Magdalena Cauca,Medio Magdalena,Río Nare,2021,22,Andes,Definitivo,0,0,0,2.24518609046936,2.24518609046936,0,3.3964855670929,8.10116672515869,3.05454540252686,6.04363632202148,5,10,0.869565188884735,0.876811623573303,1,1,71,1.08000004291534,0
12,2021-12-23,23080760,0,Definitivo,SAN ROQUE [23080760],Pluviométrica,Convencional,Activa,Antioquia,San Roque,6.4875,-75.017,820,5/15/1975,,Monchia,Magdalena Cauca,Medio Magdalena,Río Nare,2021,23,Andes,Definitivo,0,0,0,1.23995530605316,1.23995530605316,0,1.04521799087524,0,3.05454540252686,6.04363632202148,5,10,0.869565188884735,0.876811623573303,1,1,71,1.08000004291534,0
12,2021-12-24,23080760,0,Definitivo,SAN ROQUE [23080760],Pluviométrica,Convencional,Activa,Antioquia,San Roque,6.4875,-75.017,820,5/15/1975,,Monchia,Magdalena Cauca,Medio Magdalena,Río Nare,2021,24,Andes,Definitivo,0,0,0,0.947211682796478,0.947211682796478,0,0.992197215557098,0,3.05454540252686,6.04363632202148,5,10,0.869565188884735,0.876811623573303,1,1,71,1.08000004291534,0
12,2021-12-25,23080760,0,Definitivo,SAN ROQUE [23080760],Pluviométrica,Convencional,Activa,Antioquia,San Roque,6.4875,-75.017,820,5/15/1975,,Monchia,Magdalena Cauca,Medio Magdalena,Río Nare,2021,25,Andes,Definitivo,0,0,0,0.999618530273438,0.999618530273438,0,0.872647821903229,0,3.05454540252686,6.04363632202148,5,10,0.869565188884735,0.876811623573303,1,1,71,1.08000004291534,0
12,2021-12-26,23080760,0,Definitivo,SAN ROQUE [23080760],Pluviométrica,Convencional,Activa,Antioquia,San Roque,6.4875,-75.017,820,5/15/1975,,Monchia,Magdalena Cauca,Medio Magdalena,Río Nare,2021,26,Andes,Definitivo,0,0,0,5.10488796234131,5.10488796234131,0,3.01576495170593,0.544167339801788,3.05454540252686,6.04363632202148,5,10,0.869565188884735,0.876811623573303,1,1,72,1.08000004291534,0
12,2021-12-27,23080760,8,Definitivo,SAN ROQUE [23080760],Pluviométrica,Convencional,Activa,Antioquia,San Roque,6.4875,-75.017,820,5/15/1975,,Monchia,Magdalena Cauca,Medio Magdalena,Río Nare,2021,27,Andes,Definitivo,8,8,0,2.8909318447113,2.8909318447113,0,3.55226635932922,0.317609846591949,3.05454540252686,6.04363632202148,5,10,0.869565188884735,0.876811623573303,1,1,72,1.08000004291534,8.64000034332275
12,2021-12-28,23080760,0,Definitivo,SAN ROQUE [23080760],Pluviométrica,Convencional,Activa,Antioquia,San Roque,6.4875,-75.017,820,5/15/1975,,Monchia,Magdalena Cauca,Medio Magdalena,Río Nare,2021,28,Andes,Definitivo,0,0,0,3.13814091682434,3.13814091682434,0,2.11474418640137,0,3.05454540252686,6.04363632202148,5,10,0.869565188884735,0.876811623573303,1,1,72,1.08000004291534,0
12,2021-12-29,23080760,11,Definitivo,SAN ROQUE [23080760],Pluviométrica,Convencional,Activa,Antioquia,San Roque,6.4875,-75.017,820,5/15/1975,,Monchia,Magdalena Cauca,Medio Magdalena,Río Nare,2021,29,Andes,Definitivo,11,11,0,6.01117134094238,6.01117134094238,0,4.01213979721069,0.650951206684113,3.05454540252686,6.04363632202148,5,10,0.869565188884735,0.876811623573303,1,1,72,1.08000004291534,11.8800004720688
12,2021-12-30,23080760,0,Definitivo,SAN ROQUE [23080760],Pluviométrica,Convencional,Activa,Antioquia,San Roque,6.4875,-75.017,820,5/15/1975,,Monchia,Magdalena Cauca,Medio Magdalena,Río Nare,2021,30,Andes,Definitivo,0,0,0,2.85692000389099,2.85692000389099,19.0976219177246,0.889096975326538,12.7165699005127,3.05454540252686,6.04363632202148,5,10,0.869565188884735,0.876811623573303,1,1,72,1.08000004291534,0
12,2021-12-31,23080760,3,Definitivo,SAN ROQUE [23080760],Pluviométrica,Convencional,Activa,Antioquia,San Roque,6.4875,-75.017,820,5/15/1975,,Monchia,Magdalena Cauca,Medio Magdalena,Río Nare,2021,31,Andes,Definitivo,3,3,0,1.21639955043793,1.21639955043793,0,0.64528614282608,0,3.05454540252686,6.04363632202148,5,10,0.869565188884735,0.876811623573303,1,1,72,1.08000004291534,3.24000012874603
12,2009-12-03,23080760,,"",SAN ROQUE [23080760],Pluviométrica,Convencional,Activa,Antioquia,San Roque,6.4875,-75.017,820,5/15/1975,,Monchia,Magdalena Cauca,Medio Magdalena,Río Nare,2009,03,Andes,Preliminar,0,0,0,1.08875906467438,1.08875906467438,0,0.373527020215988,0.459496438503265,3.05454540252686,6.04363632202148,5,10,0.869565188884735,0.876811623573303,1,1,67,1.08000004291534,0
12,2012-12-01,23080760,,"",SAN ROQUE [23080760],Pluviométrica,Convencional,Activa,Antioquia,San Roque,6.4875,-75.017,820,5/15/1975,,Monchia,Magdalena Cauca,Medio Magdalena,Río Nare,2012,01,Andes,Preliminar,0,0,0,2.7856879234314,2.7856879234314,0,3.22137832641602,9.02409172058105,3.05454540252686,6.04363632202148,5,10,0.869565188884735,0.876811623573303,1,1,67,1.08000004291534,0
12,2012-12-02,23080760,0,Definitivo,SAN ROQUE [23080760],Pluviométrica,Convencional,Activa,Antioquia,San Roque,6.4875,-75.017,820,5/15/1975,,Monchia,Magdalena Cauca,Medio Magdalena,Río Nare,2012,02,Andes,Definitivo,0,0,0,3.52357578277588,3.52357578277588,0,4.02188920974731,3.04787230491638,3.05454540252686,6.04363632202148,5,10,0.869565188884735,0.876811623573303,1,1,67,1.08000004291534,0
12,2014-12-04,23080760,1,Definitivo,SAN ROQUE [23080760],Pluviométrica,Convencional,Activa,Antioquia,San Roque,6.4875,-75.017,820,5/15/1975,,Monchia,Magdalena Cauca,Medio Magdalena,Río Nare,2014,04,Andes,Definitivo,1,1,0,5.73055219650269,5.73055219650269,0,12.2990217208862,0,3.05454540252686,6.04363632202148,5,10,0.869565188884735,0.876811623573303,1,1,67,1.08000004291534,1.08000004291534
12,2014-12-05,23080760,,"",SAN ROQUE [23080760],Pluviométrica,Convencional,Activa,Antioquia,San Roque,6.4875,-75.017,820,5/15/1975,,Monchia,Magdalena Cauca,Medio Magdalena,Río Nare,2014,05,Andes,Preliminar,0,0,0,25.5903701782227,25.5903701782227,8.02898120880127,17.4790096282959,4.55585908889771,3.05454540252686,6.04363632202148,5,10,0.869565188884735,0.876811623573303,1,1,67,1.08000004291534,0
12,2014-12-06,23080760,0,Definitivo,SAN ROQUE [23080760],Pluviométrica,Convencional,Activa,Antioquia,San Roque,6.4875,-75.017,820,5/15/1975,,Monchia,Magdalena Cauca,Medio Magdalena,Río Nare,2014,06,Andes,Definitivo,0,0,0,7.80594396591187,7.80594396591187,0,15.0891752243042,2.04385304450989,3.05454540252686,6.04363632202148,5,10,0.869565188884735,0.876811623573303,1,1,68,1.08000004291534,0
12,2017-12-04,23080760,2,Definitivo,SAN ROQUE [23080760],Pluviométrica,Convencional,Activa,Antioquia,San Roque,6.4875,-75.017,820,5/15/1975,,Monchia,Magdalena Cauca,Medio Magdalena,Río Nare,2017,04,Andes,Definitivo,2,2,0,0.649518489837647,0.649518489837647,0,2.83406972885132,0,3.05454540252686,6.04363632202148,5,10,0.869565188884735,0.876811623573303,1,1,67,1.08000004291534,2.16000008583069
12,2017-12-05,23080760,0,Definitivo,SAN ROQUE [23080760],Pluviométrica,Convencional,Activa,Antioquia,San Roque,6.4875,-75.017,820,5/15/1975,,Monchia,Magdalena Cauca,Medio Magdalena,Río Nare,2017,05,Andes,Definitivo,0,0,0,0.00654795207083225,0.00654795207083225,0,0.830730199813843,14.8133382797241,3.05454540252686,6.04363632202148,5,10,0.869565188884735,0.876811623573303,1,1,67,1.08000004291534,0
12,2020-12-03,23080760,0,Definitivo,SAN ROQUE [23080760],Pluviométrica,Convencional,Activa,Antioquia,San Roque,6.4875,-75.017,820,5/15/1975,,Monchia,Magdalena Cauca,Medio Magdalena,Río Nare,2020,03,Andes,Definitivo,0,0,0,12.4710607528687,12.4710607528687,27.5392932891846,13.9895143508911,12.8606796264648,3.05454540252686,6.04363632202148,5,10,0.869565188884735,0.876811623573303,1,1,67,1.08000004291534,0
12,2020-12-04,23080760,0,Definitivo,SAN ROQUE [23080760],Pluviométrica,Convencional,Activa,Antioquia,San Roque,6.4875,-75.017,820,5/15/1975,,Monchia,Magdalena Cauca,Medio Magdalena,Río Nare,2020,04,Andes,Definitivo,0,0,0,7.68813371658325,7.68813371658325,0,5.68063640594482,0,3.05454540252686,6.04363632202148,5,10,0.869565188884735,0.876811623573303,1,1,67,1.08000004291534,0
12,2020-12-05,23080760,9,Definitivo,SAN ROQUE [23080760],Pluviométrica,Convencional,Activa,Antioquia,San Roque,6.4875,-75.017,820,5/15/1975,,Monchia,Magdalena Cauca,Medio Magdalena,Río Nare,2020,05,Andes,Definitivo,9,9,0,2.66704273223877,2.66704273223877,0,4.74041366577148,0,3.05454540252686,6.04363632202148,5,10,0.869565188884735,0.876811623573303,1,1,67,1.08000004291534,9.7200003862381
12,2020-12-06,23080760,9,Definitivo,SAN ROQUE [23080760],Pluviométrica,Convencional,Activa,Antioquia,San Roque,6.4875,-75.017,820,5/15/1975,,Monchia,Magdalena Cauca,Medio Magdalena,Río Nare,2020,06,Andes,Definitivo,9,9,0,3.54846429824829,3.54846429824829,0,1.88966381549835,0.0493594259023666,3.05454540252686,6.04363632202148,5,10,0.869565188884735,0.876811623573303,1,1,68,1.08000004291534,9.7200003862381
12,2020-12-07,23080760,2,Definitivo,SAN ROQUE [23080760],Pluviométrica,Convencional,Activa,Antioquia,San Roque,6.4875,-75.017,820,5/15/1975,,Monchia,Magdalena Cauca,Medio Magdalena,Río Nare,2020,07,Andes,Definitivo,2,2,0,2.38878583908081,2.38878583908081,0,8.79218769073486,4.26734495162964,3.05454540252686,6.04363632202148,5,10,0.869565188884735,0.876811623573303,1,1,68,1.08000004291534,2.16000008583069
12,2020-12-08,23080760,3,Definitivo,SAN ROQUE [23080760],Pluviométrica,Convencional,Activa,Antioquia,San Roque,6.4875,-75.017,820,5/15/1975,,Monchia,Magdalena Cauca,Medio Magdalena,Río Nare,2020,08,Andes,Definitivo,3,3,0,3.47089695930481,3.47089695930481,0,9.52169418334961,4.29376268386841,3.05454540252686,6.04363632202148,5,10,0.869565188884735,0.876811623573303,1,1,68,1.08000004291534,3.24000012874603
12,2020-12-09,23080760,0,Definitivo,SAN ROQUE [23080760],Pluviométrica,Convencional,Activa,Antioquia,San Roque,6.4875,-75.017,820,5/15/1975,,Monchia,Magdalena Cauca,Medio Magdalena,Río Nare,2020,09,Andes,Definitivo,0,0,0,13.9486055374146,13.9486055374146,34.4952926635742,15.9190444946289,31.7248916625977,3.05454540252686,6.04363632202148,5,10,0.869565188884735,0.876811623573303,1,1,68,1.08000004291534,0
12,2020-12-10,23080760,0,Definitivo,SAN ROQUE [23080760],Pluviométrica,Convencional,Activa,Antioquia,San Roque,6.4875,-75.017,820,5/15/1975,,Monchia,Magdalena Cauca,Medio Magdalena,Río Nare,2020,10,Andes,Definitivo,0,0,0,5.46465349197388,5.46465349197388,0,4.21276807785034,0,3.05454540252686,6.04363632202148,5,10,0.869565188884735,0.876811623573303,1,1,68,1.08000004291534,0
12,2020-12-11,23080760,0,Definitivo,SAN ROQUE [23080760],Pluviométrica,Convencional,Activa,Antioquia,San Roque,6.4875,-75.017,820,5/15/1975,,Monchia,Magdalena Cauca,Medio Magdalena,Río Nare,2020,11,Andes,Definitivo,0,0,0,3.09980487823486,3.09980487823486,0,4.32369518280029,1.54930245876312,3.05454540252686,6.04363632202148,5,10,0.869565188884735,0.876811623573303,1,1,69,1.08000004291534,0
12,2020-12-12,23080760,0,Definitivo,SAN ROQUE [23080760],Pluviométrica,Convencional,Activa,Antioquia,San Roque,6.4875,-75.017,820,5/15/1975,,Monchia,Magdalena Cauca,Medio Magdalena,Río Nare,2020,12,Andes,Definitivo,0,0,0,3.73787713050842,3.73787713050842,0,4.07874202728272,5.8375506401062,3.05454540252686,6.04363632202148,5,10,0.869565188884735,0.876811623573303,1,1,69,1.08000004291534,0
12,2020-12-13,23080760,8,Definitivo,SAN ROQUE [23080760],Pluviométrica,Convencional,Activa,Antioquia,San Roque,6.4875,-75.017,820,5/15/1975,,Monchia,Magdalena Cauca,Medio Magdalena,Río Nare,2020,13,Andes,Definitivo,8,8,0,0.445385664701462,0.445385664701462,0,1.61038386821747,1.54930245876312,3.05454540252686,6.04363632202148,5,10,0.869565188884735,0.876811623573303,1,1,69,1.08000004291534,8.64000034332275
12,2020-12-14,23080760,0,Definitivo,SAN ROQUE [23080760],Pluviométrica,Convencional,Activa,Antioquia,San Roque,6.4875,-75.017,820,5/15/1975,,Monchia,Magdalena Cauca,Medio Magdalena,Río Nare,2020,14,Andes,Definitivo,0,0,0,0.104690536856651,0.104690536856651,0,0.488571673631668,1.54930245876312,3.05454540252686,6.04363632202148,5,10,0.869565188884735,0.876811623573303,1,1,69,1.08000004291534,0
12,2020-12-15,23080760,0,Definitivo,SAN ROQUE [23080760],Pluviométrica,Convencional,Activa,Antioquia,San Roque,6.4875,-75.017,820,5/15/1975,,Monchia,Magdalena Cauca,Medio Magdalena,Río Nare,2020,15,Andes,Definitivo,0,0,0,0.783891975879669,0.783891975879669,0,4.99163055419922,5.00756692886353,3.05454540252686,6.04363632202148,5,10,0.869565188884735,0.876811623573303,1,1,69,1.08000004291534,0
12,2020-12-16,23080760,1,Definitivo,SAN ROQUE [23080760],Pluviométrica,Convencional,Activa,Antioquia,San Roque,6.4875,-75.017,820,5/15/1975,,Monchia,Magdalena Cauca,Medio Magdalena,Río Nare,2020,16,Andes,Definitivo,1,1,0,0.684947729110718,0.684947729110718,0,1.7186553478241,0.480635643005371,3.05454540252686,6.04363632202148,5,10,0.869565188884735,0.876811623573303,1,1,70,1.08000004291534,1.08000004291534
12,2020-12-17,23080760,0,Definitivo,SAN ROQUE [23080760],Pluviométrica,Convencional,Activa,Antioquia,San Roque,6.4875,-75.017,820,5/15/1975,,Monchia,Magdalena Cauca,Medio Magdalena,Río Nare,2020,17,Andes,Definitivo,0,0,0,0.748687505722046,0.748687505722046,0,1.48011219501495,0,3.05454540252686,6.04363632202148,5,10,0.869565188884735,0.876811623573303,1,1,70,1.08000004291534,0
12,2020-12-18,23080760,2,Definitivo,SAN ROQUE [23080760],Pluviométrica,Convencional,Activa,Antioquia,San Roque,6.4875,-75.017,820,5/15/1975,,Monchia,Magdalena Cauca,Medio Magdalena,Río Nare,2020,18,Andes,Definitivo,2,2,0,0.530916929244995,0.530916929244995,0,1.02532112598419,5.0757794380188,3.05454540252686,6.04363632202148,5,10,0.869565188884735,0.876811623573303,1,1,70,1.08000004291534,2.16000008583069
12,2020-12-19,23080760,0,Definitivo,SAN ROQUE [23080760],Pluviométrica,Convencional,Activa,Antioquia,San Roque,6.4875,-75.017,820,5/15/1975,,Monchia,Magdalena Cauca,Medio Magdalena,Río Nare,2020,19,Andes,Definitivo,0,0,0,1.47721874713898,1.47721874713898,0,0.907605946063995,0.598702132701874,3.05454540252686,6.04363632202148,5,10,0.869565188884735,0.876811623573303,1,1,70,1.08000004291534,0
12,2021-12-17,23080760,28,Definitivo,SAN ROQUE [23080760],Pluviométrica,Convencional,Activa,Antioquia,San Roque,6.4875,-75.017,820,5/15/1975,,Monchia,Magdalena Cauca,Medio Magdalena,Río Nare,2021,17,Andes,Definitivo,28,28,0,2.60532259941101,2.60532259941101,14.0316276550293,5.05040168762207,10.6838254928589,3.05454540252686,6.04363632202148,5,10,0.869565188884735,0.876811623573303,1,1,70,1.08000004291534,30.2400012016296
12,2003-12-18,23080760,9,Definitivo,SAN ROQUE [23080760],Pluviométrica,Convencional,Activa,Antioquia,San Roque,6.4875,-75.017,820,5/15/1975,,Monchia,Magdalena Cauca,Medio Magdalena,Río Nare,2003,18,Andes,Definitivo,9,9,0,2.91034746170044,2.91034746170044,0,9.82604217529297,1.13620519638062,3.05454540252686,6.04363632202148,5,10,0.869565188884735,0.876811623573303,1,1,70,1.08000004291534,9.7200003862381
12,2001-12-18,23080760,2,Definitivo,SAN ROQUE [23080760],Pluviométrica,Convencional,Activa,Antioquia,San Roque,6.4875,-75.017,820,5/15/1975,,Monchia,Magdalena Cauca,Medio Magdalena,Río Nare,2001,18,Andes,Definitivo,2,2,0,9.5736141204834,9.5736141204834,15.3915586471558,16.2159767150879,23.6103210449219,3.05454540252686,6.04363632202148,5,10,0.869565188884735,0.876811623573303,1,1,70,1.08000004291534,2.16000008583069
12,2001-12-15,23080760,5,Definitivo,SAN ROQUE [23080760],Pluviométrica,Convencional,Activa,Antioquia,San Roque,6.4875,-75.017,820,5/15/1975,,Monchia,Magdalena Cauca,Medio Magdalena,Río Nare,2001,15,Andes,Definitivo,5,5,0,5.5326714515686,5.5326714515686,0,8.33511924743652,0.0776319056749344,3.05454540252686,6.04363632202148,5,10,0.869565188884735,0.876811623573303,1,1,69,1.08000004291534,5.40000021457672
12,2001-12-13,23080760,0.5,Definitivo,SAN ROQUE [23080760],Pluviométrica,Convencional,Activa,Antioquia,San Roque,6.4875,-75.017,820,5/15/1975,,Monchia,Magdalena Cauca,Medio Magdalena,Río Nare,2001,13,Andes,Definitivo,0.5,0.5,0,13.2333154678345,13.2333154678345,37.9994430541992,20.1627712249756,9.78682804107666,3.05454540252686,6.04363632202148,5,10,0.869565188884735,0.876811623573303,1,1,69,1.08000004291534,0.540000021457672
12,2001-12-10,23080760,2,Definitivo,SAN ROQUE [23080760],Pluviométrica,Convencional,Activa,Antioquia,San Roque,6.4875,-75.017,820,5/15/1975,,Monchia,Magdalena Cauca,Medio Magdalena,Río Nare,2001,10,Andes,Definitivo,2,2,0,3.11659646034241,3.11659646034241,0,7.77540159225464,11.9908103942871,3.05454540252686,6.04363632202148,5,10,0.869565188884735,0.876811623573303,1,1,68,1.08000004291534,2.16000008583069
12,2003-12-07,23080760,37,Definitivo,SAN ROQUE [23080760],Pluviométrica,Convencional,Activa,Antioquia,San Roque,6.4875,-75.017,820,5/15/1975,,Monchia,Magdalena Cauca,Medio Magdalena,Río Nare,2003,07,Andes,Definitivo,37,37,0,1.10130774974823,1.10130774974823,0,11.259711265564,0.899843275547028,3.05454540252686,6.04363632202148,5,10,0.869565188884735,0.876811623573303,1,1,68,1.08000004291534,39.9600015878677
12,2001-12-07,23080760,,"",SAN ROQUE [23080760],Pluviométrica,Convencional,Activa,Antioquia,San Roque,6.4875,-75.017,820,5/15/1975,,Monchia,Magdalena Cauca,Medio Magdalena,Río Nare,2001,07,Andes,Preliminar,0,0,0,6.28305864334106,6.28305864334106,12.5868139266968,8.14285755157471,16.3825511932373,3.05454540252686,6.04363632202148,5,10,0.869565188884735,0.876811623573303,1,1,68,1.08000004291534,0
12,2001-12-04,23080760,,"",SAN ROQUE [23080760],Pluviométrica,Convencional,Activa,Antioquia,San Roque,6.4875,-75.017,820,5/15/1975,,Monchia,Magdalena Cauca,Medio Magdalena,Río Nare,2001,04,Andes,Preliminar,0,0,0,1.05589556694031,1.05589556694031,0,0.612630665302277,0.917053878307343,3.05454540252686,6.04363632202148,5,10,0.869565188884735,0.876811623573303,1,1,67,1.08000004291534,0
12,2001-12-02,23080760,,"",SAN ROQUE [23080760],Pluviométrica,Convencional,Activa,Antioquia,San Roque,6.4875,-75.017,820,5/15/1975,,Monchia,Magdalena Cauca,Medio Magdalena,Río Nare,2001,02,Andes,Preliminar,0,0,0,2.64535546302795,2.64535546302795,0,7.78678798675537,2.5203640460968,3.05454540252686,6.04363632202148,5,10,0.869565188884735,0.876811623573303,1,1,67,1.08000004291534,0
12,2001-12-03,23080760,,"",SAN ROQUE [23080760],Pluviométrica,Convencional,Activa,Antioquia,San Roque,6.4875,-75.017,820,5/15/1975,,Monchia,Magdalena Cauca,Medio Magdalena,Río Nare,2001,03,Andes,Preliminar,0,0,0,0.432467848062515,0.432467848062515,0,0.828985929489136,0.64958119392395,3.05454540252686,6.04363632202148,5,10,0.869565188884735,0.876811623573303,1,1,67,1.08000004291534,0
12,2004-12-01,23080760,2,Definitivo,SAN ROQUE [23080760],Pluviométrica,Convencional,Activa,Antioquia,San Roque,6.4875,-75.017,820,5/15/1975,,Monchia,Magdalena Cauca,Medio Magdalena,Río Nare,2004,01,Andes,Definitivo,2,2,0,4.29214286804199,4.29214286804199,0,10.0979032516479,8.42862987518311,3.05454540252686,6.04363632202148,5,10,0.869565188884735,0.876811623573303,1,1,67,1.08000004291534,2.16000008583069
12,2004-12-02,23080760,29,Definitivo,SAN ROQUE [23080760],Pluviométrica,Convencional,Activa,Antioquia,San Roque,6.4875,-75.017,820,5/15/1975,,Monchia,Magdalena Cauca,Medio Magdalena,Río Nare,2004,02,Andes,Definitivo,29,29,0,2.93716359138489,2.93716359138489,0,16.1278209686279,18.5129661560059,3.05454540252686,6.04363632202148,5,10,0.869565188884735,0.876811623573303,1,1,67,1.08000004291534,31.320001244545
12,2007-12-01,23080760,,"",SAN ROQUE [23080760],Pluviométrica,Convencional,Activa,Antioquia,San Roque,6.4875,-75.017,820,5/15/1975,,Monchia,Magdalena Cauca,Medio Magdalena,Río Nare,2007,01,Andes,Preliminar,0,0,0,0.493623197078705,0.493623197078705,0,1.5734258890152,0.764859914779663,3.05454540252686,6.04363632202148,5,10,0.869565188884735,0.876811623573303,1,1,67,1.08000004291534,0
12,2007-12-02,23080760,,"",SAN ROQUE [23080760],Pluviométrica,Convencional,Activa,Antioquia,San Roque,6.4875,-75.017,820,5/15/1975,,Monchia,Magdalena Cauca,Medio Magdalena,Río Nare,2007,02,Andes,Preliminar,0,0,0,1.55445313453674,1.55445313453674,0,1.96711993217468,0.22734522819519,3.05454540252686,6.04363632202148,5,10,0.869565188884735,0.876811623573303,1,1,67,1.08000004291534,0
12,2007-12-03,23080760,22,Definitivo,SAN ROQUE [23080760],Pluviométrica,Convencional,Activa,Antioquia,San Roque,6.4875,-75.017,820,5/15/1975,,Monchia,Magdalena Cauca,Medio Magdalena,Río Nare,2007,03,Andes,Definitivo,22,22,0,1.37356007099152,1.37356007099152,0,4.77549982070923,11.87744140625,3.05454540252686,6.04363632202148,5,10,0.869565188884735,0.876811623573303,1,1,67,1.08000004291534,23.7600009441376
12,2010-12-01,23080760,20,Definitivo,SAN ROQUE [23080760],Pluviométrica,Convencional,Activa,Antioquia,San Roque,6.4875,-75.017,820,5/15/1975,,Monchia,Magdalena Cauca,Medio Magdalena,Río Nare,2010,01,Andes,Definitivo,20,20,0,10.2446165084839,10.2446165084839,11.5298194885254,5.77484321594238,11.2252540588379,3.05454540252686,6.04363632202148,5,10,0.869565188884735,0.876811623573303,1,1,67,1.08000004291534,21.6000008583069
12,2010-12-02,23080760,2,Definitivo,SAN ROQUE [23080760],Pluviométrica,Convencional,Activa,Antioquia,San Roque,6.4875,-75.017,820,5/15/1975,,Monchia,Magdalena Cauca,Medio Magdalena,Río Nare,2010,02,Andes,Definitivo,2,2,0,4.41475629806519,4.41475629806519,0,5.68608617782593,6.39363527297974,3.05454540252686,6.04363632202148,5,10,0.869565188884735,0.876811623573303,1,1,67,1.08000004291534,2.16000008583069
12,2015-12-01,23080760,0,Definitivo,SAN ROQUE [23080760],Pluviométrica,Convencional,Activa,Antioquia,San Roque,6.4875,-75.017,820,5/15/1975,,Monchia,Magdalena Cauca,Medio Magdalena,Río Nare,2015,01,Andes,Definitivo,0,0,0,22.9731044769287,22.9731044769287,0,13.1875171661377,27.5668430328369,3.05454540252686,6.04363632202148,5,10,0.869565188884735,0.876811623573303,1,1,67,1.08000004291534,0
12,2015-12-02,23080760,,"",SAN ROQUE [23080760],Pluviométrica,Convencional,Activa,Antioquia,San Roque,6.4875,-75.017,820,5/15/1975,,Monchia,Magdalena Cauca,Medio Magdalena,Río Nare,2015,02,Andes,Preliminar,0,0,0,0,0,0,0.0663496479392052,1.33532524108887,3.05454540252686,6.04363632202148,5,10,0.869565188884735,0.876811623573303,1,1,67,1.08000004291534,0
12,2015-12-03,23080760,26,Definitivo,SAN ROQUE [23080760],Pluviométrica,Convencional,Activa,Antioquia,San Roque,6.4875,-75.017,820,5/15/1975,,Monchia,Magdalena Cauca,Medio Magdalena,Río Nare,2015,03,Andes,Definitivo,26,26,0,0.815352439880371,0.815352439880371,0,2.97996091842651,4.93403482437134,3.05454540252686,6.04363632202148,5,10,0.869565188884735,0.876811623573303,1,1,67,1.08000004291534,28.080001115799
12,2018-12-01,23080760,0,Definitivo,SAN ROQUE [23080760],Pluviométrica,Convencional,Activa,Antioquia,San Roque,6.4875,-75.017,820,5/15/1975,,Monchia,Magdalena Cauca,Medio Magdalena,Río Nare,2018,01,Andes,Definitivo,0,0,0,2.25853490829468,2.25853490829468,0,1.58006548881531,0.31894913315773,3.05454540252686,6.04363632202148,5,10,0.869565188884735,0.876811623573303,1,1,67,1.08000004291534,0
12,2018-12-02,23080760,0,Definitivo,SAN ROQUE [23080760],Pluviométrica,Convencional,Activa,Antioquia,San Roque,6.4875,-75.017,820,5/15/1975,,Monchia,Magdalena Cauca,Medio Magdalena,Río Nare,2018,02,Andes,Definitivo,0,0,0,1.3821986913681,1.3821986913681,0,0.368487775325775,0.31894913315773,3.05454540252686,6.04363632202148,5,10,0.869565188884735,0.876811623573303,1,1,67,1.08000004291534,0
12,2018-12-03,23080760,0,Definitivo,SAN ROQUE [23080760],Pluviométrica,Convencional,Activa,Antioquia,San Roque,6.4875,-75.017,820,5/15/1975,,Monchia,Magdalena Cauca,Medio Magdalena,Río Nare,2018,03,Andes,Definitivo,0,0,0,0.517637252807617,0.517637252807617,0,0.0660588964819908,0.584740102291107,3.05454540252686,6.04363632202148,5,10,0.869565188884735,0.876811623573303,1,1,67,1.08000004291534,0
12,2021-12-01,23080760,0,Definitivo,SAN ROQUE [23080760],Pluviométrica,Convencional,Activa,Antioquia,San Roque,6.4875,-75.017,820,5/15/1975,,Monchia,Magdalena Cauca,Medio Magdalena,Río Nare,2021,01,Andes,Definitivo,0,0,0,14.1410102844238,14.1410102844238,12.8970241546631,18.2506694793701,32.1677322387695,3.05454540252686,6.04363632202148,5,10,0.869565188884735,0.876811623573303,1,1,67,1.08000004291534,0
12,2021-12-02,23080760,0,Definitivo,SAN ROQUE [23080760],Pluviométrica,Convencional,Activa,Antioquia,San Roque,6.4875,-75.017,820,5/15/1975,,Monchia,Magdalena Cauca,Medio Magdalena,Río Nare,2021,02,Andes,Definitivo,0,0,0,9.09935474395752,9.09935474395752,0,10.0031862258911,1.42601275444031,3.05454540252686,6.04363632202148,5,10,0.869565188884735,0.876811623573303,1,1,67,1.08000004291534,0
12,2021-12-03,23080760,14,Definitivo,SAN ROQUE [23080760],Pluviométrica,Convencional,Activa,Antioquia,San Roque,6.4875,-75.017,820,5/15/1975,,Monchia,Magdalena Cauca,Medio Magdalena,Río Nare,2021,03,Andes,Definitivo,14,14,0,6.16699695587158,6.16699695587158,0,10.4141473770142,5.09595823287964,3.05454540252686,6.04363632202148,5,10,0.869565188884735,0.876811623573303,1,1,67,1.08000004291534,15.1200006008148
12,2021-12-04,23080760,0,Definitivo,SAN ROQUE [23080760],Pluviométrica,Convencional,Activa,Antioquia,San Roque,6.4875,-75.017,820,5/15/1975,,Monchia,Magdalena Cauca,Medio Magdalena,Río Nare,2021,04,Andes,Definitivo,0,0,0,11.9381380081177,11.9381380081177,25.7940483093262,13.5709991455078,21.8338813781738,3.05454540252686,6.04363632202148,5,10,0.869565188884735,0.876811623573303,1,1,67,1.08000004291534,0
12,2021-12-05,23080760,0,Definitivo,SAN ROQUE [23080760],Pluviométrica,Convencional,Activa,Antioquia,San Roque,6.4875,-75.017,820,5/15/1975,,Monchia,Magdalena Cauca,Medio Magdalena,Río Nare,2021,05,Andes,Definitivo,0,0,0,2.65432238578796,2.65432238578796,6.44851207733154,9.45717716217041,1.17259407043457,3.05454540252686,6.04363632202148,5,10,0.869565188884735,0.876811623573303,1,1,67,1.08000004291534,0
12,2021-12-06,23080760,0,Definitivo,SAN ROQUE [23080760],Pluviométrica,Convencional,Activa,Antioquia,San Roque,6.4875,-75.017,820,5/15/1975,,Monchia,Magdalena Cauca,Medio Magdalena,Río Nare,2021,06,Andes,Definitivo,0,0,0,5.57437801361084,5.57437801361084,22.2986240386963,6.17850923538208,12.3467025756836,3.05454540252686,6.04363632202148,5,10,0.869565188884735,0.876811623573303,1,1,68,1.08000004291534,0
12,2021-12-07,23080760,0,Definitivo,SAN ROQUE [23080760],Pluviométrica,Convencional,Activa,Antioquia,San Roque,6.4875,-75.017,820,5/15/1975,,Monchia,Magdalena Cauca,Medio Magdalena,Río Nare,2021,07,Andes,Definitivo,0,0,0,3.01263332366943,3.01263332366943,0,0.956264913082123,0,3.05454540252686,6.04363632202148,5,10,0.869565188884735,0.876811623573303,1,1,68,1.08000004291534,0
12,2021-12-08,23080760,2,Definitivo,SAN ROQUE [23080760],Pluviométrica,Convencional,Activa,Antioquia,San Roque,6.4875,-75.017,820,5/15/1975,,Monchia,Magdalena Cauca,Medio Magdalena,Río Nare,2021,08,Andes,Definitivo,2,2,0,1.55790579319,1.55790579319,0,1.3541693687439,0.0472517460584641,3.05454540252686,6.04363632202148,5,10,0.869565188884735,0.876811623573303,1,1,68,1.08000004291534,2.16000008583069
12,2021-12-09,23080760,0,Definitivo,SAN ROQUE [23080760],Pluviométrica,Convencional,Activa,Antioquia,San Roque,6.4875,-75.017,820,5/15/1975,,Monchia,Magdalena Cauca,Medio Magdalena,Río Nare,2021,09,Andes,Definitivo,0,0,0,4.28293466567993,4.28293466567993,0,2.60966444015503,0.160087734460831,3.05454540252686,6.04363632202148,5,10,0.869565188884735,0.876811623573303,1,1,68,1.08000004291534,0
12,2021-12-10,23080760,0,Definitivo,SAN ROQUE [23080760],Pluviométrica,Convencional,Activa,Antioquia,San Roque,6.4875,-75.017,820,5/15/1975,,Monchia,Magdalena Cauca,Medio Magdalena,Río Nare,2021,10,Andes,Definitivo,0,0,0,5.62777042388916,5.62777042388916,0,1.45543420314789,0,3.05454540252686,6.04363632202148,5,10,0.869565188884735,0.876811623573303,1,1,68,1.08000004291534,0
12,2021-12-11,23080760,0,Definitivo,SAN ROQUE [23080760],Pluviométrica,Convencional,Activa,Antioquia,San Roque,6.4875,-75.017,820,5/15/1975,,Monchia,Magdalena Cauca,Medio Magdalena,Río Nare,2021,11,Andes,Definitivo,0,0,0,4.80871725082398,4.80871725082398,17.705846786499,8.07407855987549,9.48322772979736,3.05454540252686,6.04363632202148,5,10,0.869565188884735,0.876811623573303,1,1,69,1.08000004291534,0
12,2021-12-12,23080760,0,Definitivo,SAN ROQUE [23080760],Pluviométrica,Convencional,Activa,Antioquia,San Roque,6.4875,-75.017,820,5/15/1975,,Monchia,Magdalena Cauca,Medio Magdalena,Río Nare,2021,12,Andes,Definitivo,0,0,0,6.95239305496216,6.95239305496216,8.85292339324951,10.1169948577881,20.5350742340088,3.05454540252686,6.04363632202148,5,10,0.869565188884735,0.876811623573303,1,1,69,1.08000004291534,0
12,2021-12-13,23080760,0,Definitivo,SAN ROQUE [23080760],Pluviométrica,Convencional,Activa,Antioquia,San Roque,6.4875,-75.017,820,5/15/1975,,Monchia,Magdalena Cauca,Medio Magdalena,Río Nare,2021,13,Andes,Definitivo,0,0,0,2.86012077331543,2.86012077331543,0,1.11344861984253,0,3.05454540252686,6.04363632202148,5,10,0.869565188884735,0.876811623573303,1,1,69,1.08000004291534,0
12,2021-12-14,23080760,0,Definitivo,SAN ROQUE [23080760],Pluviométrica,Convencional,Activa,Antioquia,San Roque,6.4875,-75.017,820,5/15/1975,,Monchia,Magdalena Cauca,Medio Magdalena,Río Nare,2021,14,Andes,Definitivo,0,0,0,1.41335189342499,1.41335189342499,0,1.8864985704422,0,3.05454540252686,6.04363632202148,5,10,0.869565188884735,0.876811623573303,1,1,69,1.08000004291534,0
12,2021-12-15,23080760,0,Definitivo,SAN ROQUE [23080760],Pluviométrica,Convencional,Activa,Antioquia,San Roque,6.4875,-75.017,820,5/15/1975,,Monchia,Magdalena Cauca,Medio Magdalena,Río Nare,2021,15,Andes,Definitivo,0,0,0,7.85266304016113,7.85266304016113,0,8.82728099822998,0,3.05454540252686,6.04363632202148,5,10,0.869565188884735,0.876811623573303,1,1,69,1.08000004291534,0
12,2021-12-16,23080760,0,Definitivo,SAN ROQUE [23080760],Pluviométrica,Convencional,Activa,Antioquia,San Roque,6.4875,-75.017,820,5/15/1975,,Monchia,Magdalena Cauca,Medio Magdalena,Río Nare,2021,16,Andes,Definitivo,0,0,0,3.20229983329773,3.20229983329773,0,2.91352987289429,0,3.05454540252686,6.04363632202148,5,10,0.869565188884735,0.876811623573303,1,1,70,1.08000004291534,0
12,2001-12-21,23080760,9,Definitivo,SAN ROQUE [23080760],Pluviométrica,Convencional,Activa,Antioquia,San Roque,6.4875,-75.017,820,5/15/1975,,Monchia,Magdalena Cauca,Medio Magdalena,Río Nare,2001,21,Andes,Definitivo,9,9,0,19.2061347961426,19.2061347961426,12.8455772399902,17.836555480957,38.2021293640137,3.05454540252686,6.04363632202148,5,10,0.869565188884735,0.876811623573303,1,1,71,1.08000004291534,9.7200003862381
12,2022-12-15,23080760,0,Definitivo,SAN ROQUE [23080760],Pluviométrica,Convencional,Activa,Antioquia,San Roque,6.4875,-75.017,820,5/15/1975,,Monchia,Magdalena Cauca,Medio Magdalena,Río Nare,2022,15,Andes,Definitivo,0,0,0,0.254009246826172,0.254009246826172,16.3427696228027,0.572491943836212,19.8093357086182,3.05454540252686,6.04363632202148,5,10,0.869565188884735,0.876811623573303,1,1,69,1.08000004291534,0
12,2022-12-16,23080760,0,Definitivo,SAN ROQUE [23080760],Pluviométrica,Convencional,Activa,Antioquia,San Roque,6.4875,-75.017,820,5/15/1975,,Monchia,Magdalena Cauca,Medio Magdalena,Río Nare,2022,16,Andes,Definitivo,0,0,0,0.172044664621353,0.172044664621353,0,0.994383335113525,0,3.05454540252686,6.04363632202148,5,10,0.869565188884735,0.876811623573303,1,1,70,1.08000004291534,0
12,2022-12-17,23080760,0,Definitivo,SAN ROQUE [23080760],Pluviométrica,Convencional,Activa,Antioquia,San Roque,6.4875,-75.017,820,5/15/1975,,Monchia,Magdalena Cauca,Medio Magdalena,Río Nare,2022,17,Andes,Definitivo,0,0,0,1.06498336791992,1.06498336791992,0,1.53586316108704,3.35823941230774,3.05454540252686,6.04363632202148,5,10,0.869565188884735,0.876811623573303,1,1,70,1.08000004291534,0
12,2022-12-18,23080760,17,Definitivo,SAN ROQUE [23080760],Pluviométrica,Convencional,Activa,Antioquia,San Roque,6.4875,-75.017,820,5/15/1975,,Monchia,Magdalena Cauca,Medio Magdalena,Río Nare,2022,18,Andes,Definitivo,17,17,0,2.34556293487549,2.34556293487549,0,4.98589086532593,4.89299011230469,3.05454540252686,6.04363632202148,5,10,0.869565188884735,0.876811623573303,1,1,70,1.08000004291534,18.3600007295609
12,2022-12-19,23080760,0,Definitivo,SAN ROQUE [23080760],Pluviométrica,Convencional,Activa,Antioquia,San Roque,6.4875,-75.017,820,5/15/1975,,Monchia,Magdalena Cauca,Medio Magdalena,Río Nare,2022,19,Andes,Definitivo,0,0,0,1.90864026546478,1.90864026546478,0,0.489207297563553,0,3.05454540252686,6.04363632202148,5,10,0.869565188884735,0.876811623573303,1,1,70,1.08000004291534,0
12,2022-12-20,23080760,2,Definitivo,SAN ROQUE [23080760],Pluviométrica,Convencional,Activa,Antioquia,San Roque,6.4875,-75.017,820,5/15/1975,,Monchia,Magdalena Cauca,Medio Magdalena,Río Nare,2022,20,Andes,Definitivo,2,2,0,1.06826257705688,1.06826257705688,0,0.245883375406265,0,3.05454540252686,6.04363632202148,5,10,0.869565188884735,0.876811623573303,1,1,70,1.08000004291534,2.16000008583069
12,2022-12-21,23080760,0,Definitivo,SAN ROQUE [23080760],Pluviométrica,Convencional,Activa,Antioquia,San Roque,6.4875,-75.017,820,5/15/1975,,Monchia,Magdalena Cauca,Medio Magdalena,Río Nare,2022,21,Andes,Definitivo,0,0,0,0.747954845428467,0.747954845428467,0,1.50734055042267,0.747388064861298,3.05454540252686,6.04363632202148,5,10,0.869565188884735,0.876811623573303,1,1,71,1.08000004291534,0
12,2022-12-22,23080760,0,Definitivo,SAN ROQUE [23080760],Pluviométrica,Convencional,Activa,Antioquia,San Roque,6.4875,-75.017,820,5/15/1975,,Monchia,Magdalena Cauca,Medio Magdalena,Río Nare,2022,22,Andes,Definitivo,0,0,0,0.32473948597908,0.32473948597908,0,0.437560498714447,0.747388064861298,3.05454540252686,6.04363632202148,5,10,0.869565188884735,0.876811623573303,1,1,71,1.08000004291534,0
12,2022-12-23,23080760,0,Definitivo,SAN ROQUE [23080760],Pluviométrica,Convencional,Activa,Antioquia,San Roque,6.4875,-75.017,820,5/15/1975,,Monchia,Magdalena Cauca,Medio Magdalena,Río Nare,2022,23,Andes,Definitivo,0,0,0,0.519534528255463,0.519534528255463,0,0.655478537082672,0.747388064861298,3.05454540252686,6.04363632202148,5,10,0.869565188884735,0.876811623573303,1,1,71,1.08000004291534,0
12,2022-12-24,23080760,0,Definitivo,SAN ROQUE [23080760],Pluviométrica,Convencional,Activa,Antioquia,San Roque,6.4875,-75.017,820,5/15/1975,,Monchia,Magdalena Cauca,Medio Magdalena,Río Nare,2022,24,Andes,Definitivo,0,0,0,4.1780800819397,4.1780800819397,0,0.84651130437851,0.747388064861298,3.05454540252686,6.04363632202148,5,10,0.869565188884735,0.876811623573303,1,1,71,1.08000004291534,0
12,2022-12-25,23080760,0,Definitivo,SAN ROQUE [23080760],Pluviométrica,Convencional,Activa,Antioquia,San Roque,6.4875,-75.017,820,5/15/1975,,Monchia,Magdalena Cauca,Medio Magdalena,Río Nare,2022,25,Andes,Definitivo,0,0,0,0.640390157699585,0.640390157699585,0,0.290049433708191,0.747388064861298,3.05454540252686,6.04363632202148,5,10,0.869565188884735,0.876811623573303,1,1,71,1.08000004291534,0
12,2022-12-26,23080760,10,Definitivo,SAN ROQUE [23080760],Pluviométrica,Convencional,Activa,Antioquia,San Roque,6.4875,-75.017,820,5/15/1975,,Monchia,Magdalena Cauca,Medio Magdalena,Río Nare,2022,26,Andes,Definitivo,10,10,0,0.169638589024544,0.169638589024544,0,1.06660127639771,1.72357892990112,3.05454540252686,6.04363632202148,5,10,0.869565188884735,0.876811623573303,1,1,72,1.08000004291534,10.8000004291534
12,2022-12-27,23080760,0,Definitivo,SAN ROQUE [23080760],Pluviométrica,Convencional,Activa,Antioquia,San Roque,6.4875,-75.017,820,5/15/1975,,Monchia,Magdalena Cauca,Medio Magdalena,Río Nare,2022,27,Andes,Definitivo,0,0,0,0.907814145088196,0.907814145088196,26.6242542266846,4.05923128128052,12.4643278121948,3.05454540252686,6.04363632202148,5,10,0.869565188884735,0.876811623573303,1,1,72,1.08000004291534,0
12,2022-12-28,23080760,0,Definitivo,SAN ROQUE [23080760],Pluviométrica,Convencional,Activa,Antioquia,San Roque,6.4875,-75.017,820,5/15/1975,,Monchia,Magdalena Cauca,Medio Magdalena,Río Nare,2022,28,Andes,Definitivo,0,0,0,0.804386079311371,0.804386079311371,0,6.29324913024902,3.1331832408905,3.05454540252686,6.04363632202148,5,10,0.869565188884735,0.876811623573303,1,1,72,1.08000004291534,0
12,2022-12-29,23080760,0,Definitivo,SAN ROQUE [23080760],Pluviométrica,Convencional,Activa,Antioquia,San Roque,6.4875,-75.017,820,5/15/1975,,Monchia,Magdalena Cauca,Medio Magdalena,Río Nare,2022,29,Andes,Definitivo,0,0,0,4.24719572067261,4.24719572067261,0,10.308352470398,8.35218620300293,3.05454540252686,6.04363632202148,5,10,0.869565188884735,0.876811623573303,1,1,72,1.08000004291534,0
12,2022-12-30,23080760,0,Definitivo,SAN ROQUE [23080760],Pluviométrica,Convencional,Activa,Antioquia,San Roque,6.4875,-75.017,820,5/15/1975,,Monchia,Magdalena Cauca,Medio Magdalena,Río Nare,2022,30,Andes,Definitivo,0,0,0,1.39087975025177,1.39087975025177,0,1.84306061267853,0,3.05454540252686,6.04363632202148,5,10,0.869565188884735,0.876811623573303,1,1,72,1.08000004291534,0
12,2022-12-31,23080760,0,Definitivo,SAN ROQUE [23080760],Pluviométrica,Convencional,Activa,Antioquia,San Roque,6.4875,-75.017,820,5/15/1975,,Monchia,Magdalena Cauca,Medio Magdalena,Río Nare,2022,31,Andes,Definitivo,0,0,0,2.23564338684082,2.23564338684082,0,2.42916607856751,0.326384633779526,3.05454540252686,6.04363632202148,5,10,0.869565188884735,0.876811623573303,1,1,72,1.08000004291534,0
12,2010-12-03,23080760,44,Definitivo,SAN ROQUE [23080760],Pluviométrica,Convencional,Activa,Antioquia,San Roque,6.4875,-75.017,820,5/15/1975,,Monchia,Magdalena Cauca,Medio Magdalena,Río Nare,2010,03,Andes,Definitivo,44,44,0,7.52890110015869,7.52890110015869,11.5298194885254,14.3714818954468,25.1347637176514,3.05454540252686,6.04363632202148,5,10,0.869565188884735,0.876811623573303,1,1,67,1.08000004291534,47.5200018882752
12,2013-12-01,23080760,33,Definitivo,SAN ROQUE [23080760],Pluviométrica,Convencional,Activa,Antioquia,San Roque,6.4875,-75.017,820,5/15/1975,,Monchia,Magdalena Cauca,Medio Magdalena,Río Nare,2013,01,Andes,Definitivo,33,33,0,2.43740820884705,2.43740820884705,0,16.2580070495605,13.4128770828247,3.05454540252686,6.04363632202148,5,10,0.869565188884735,0.876811623573303,1,1,67,1.08000004291534,35.6400014162064
12,2013-12-02,23080760,,"",SAN ROQUE [23080760],Pluviométrica,Convencional,Activa,Antioquia,San Roque,6.4875,-75.017,820,5/15/1975,,Monchia,Magdalena Cauca,Medio Magdalena,Río Nare,2013,02,Andes,Preliminar,0,0,0,6.08785343170166,6.08785343170166,14.7197732925415,13.1385707855225,9.31302928924561,3.05454540252686,6.04363632202148,5,10,0.869565188884735,0.876811623573303,1,1,67,1.08000004291534,0
12,2013-12-03,23080760,27,Definitivo,SAN ROQUE [23080760],Pluviométrica,Convencional,Activa,Antioquia,San Roque,6.4875,-75.017,820,5/15/1975,,Monchia,Magdalena Cauca,Medio Magdalena,Río Nare,2013,03,Andes,Definitivo,27,27,0,6.19522190093994,6.19522190093994,0,9.88741588592529,21.5346546173096,3.05454540252686,6.04363632202148,5,10,0.869565188884735,0.876811623573303,1,1,67,1.08000004291534,29.1600011587143
12,2016-12-01,23080760,32,Definitivo,SAN ROQUE [23080760],Pluviométrica,Convencional,Activa,Antioquia,San Roque,6.4875,-75.017,820,5/15/1975,,Monchia,Magdalena Cauca,Medio Magdalena,Río Nare,2016,01,Andes,Definitivo,32,32,0,2.48403787612915,2.48403787612915,20.1855583190918,39.8828468322754,15.3544301986694,3.05454540252686,6.04363632202148,5,10,0.869565188884735,0.876811623573303,1,1,67,1.08000004291534,34.560001373291
12,2016-12-02,23080760,47,Definitivo,SAN ROQUE [23080760],Pluviométrica,Convencional,Activa,Antioquia,San Roque,6.4875,-75.017,820,5/15/1975,,Monchia,Magdalena Cauca,Medio Magdalena,Río Nare,2016,02,Andes,Definitivo,47,47,0,4.37704992294312,4.37704992294312,40.3711166381836,23.349235534668,17.2245197296143,3.05454540252686,6.04363632202148,5,10,0.869565188884735,0.876811623573303,1,1,67,1.08000004291534,50.7600020170212
12,2019-12-01,23080760,12,Definitivo,SAN ROQUE [23080760],Pluviométrica,Convencional,Activa,Antioquia,San Roque,6.4875,-75.017,820,5/15/1975,,Monchia,Magdalena Cauca,Medio Magdalena,Río Nare,2019,01,Andes,Definitivo,12,12,0,4.93098402023315,4.93098402023315,0,1.82996189594269,0.118518382310867,3.05454540252686,6.04363632202148,5,10,0.869565188884735,0.876811623573303,1,1,67,1.08000004291534,12.9600005149841
12,2019-12-02,23080760,7,Definitivo,SAN ROQUE [23080760],Pluviométrica,Convencional,Activa,Antioquia,San Roque,6.4875,-75.017,820,5/15/1975,,Monchia,Magdalena Cauca,Medio Magdalena,Río Nare,2019,02,Andes,Definitivo,7,7,0,0.304221153259277,0.304221153259277,0,1.90904951095581,0.501410186290741,3.05454540252686,6.04363632202148,5,10,0.869565188884735,0.876811623573303,1,1,67,1.08000004291534,7.56000030040741
12,2019-12-03,23080760,0,Definitivo,SAN ROQUE [23080760],Pluviométrica,Convencional,Activa,Antioquia,San Roque,6.4875,-75.017,820,5/15/1975,,Monchia,Magdalena Cauca,Medio Magdalena,Río Nare,2019,03,Andes,Definitivo,0,0,0,2.82167434692383,2.82167434692383,0,7.15110015869141,14.1542329788208,3.05454540252686,6.04363632202148,5,10,0.869565188884735,0.876811623573303,1,1,67,1.08000004291534,0
12,2022-12-01,23080760,0,Definitivo,SAN ROQUE [23080760],Pluviométrica,Convencional,Activa,Antioquia,San Roque,6.4875,-75.017,820,5/15/1975,,Monchia,Magdalena Cauca,Medio Magdalena,Río Nare,2022,01,Andes,Definitivo,0,0,0,2.38582348823547,2.38582348823547,13.9907960891724,0.574592709541321,6.08641338348389,3.05454540252686,6.04363632202148,5,10,0.869565188884735,0.876811623573303,1,1,67,1.08000004291534,0
12,2022-12-02,23080760,0,Definitivo,SAN ROQUE [23080760],Pluviométrica,Convencional,Activa,Antioquia,San Roque,6.4875,-75.017,820,5/15/1975,,Monchia,Magdalena Cauca,Medio Magdalena,Río Nare,2022,02,Andes,Definitivo,0,0,0,0.621254146099091,0.621254146099091,0,0.672083139419556,0,3.05454540252686,6.04363632202148,5,10,0.869565188884735,0.876811623573303,1,1,67,1.08000004291534,0
12,2022-12-03,23080760,0,Definitivo,SAN ROQUE [23080760],Pluviométrica,Convencional,Activa,Antioquia,San Roque,6.4875,-75.017,820,5/15/1975,,Monchia,Magdalena Cauca,Medio Magdalena,Río Nare,2022,03,Andes,Definitivo,0,0,0,1.46690607070923,1.46690607070923,0,0.985008716583252,0,3.05454540252686,6.04363632202148,5,10,0.869565188884735,0.876811623573303,1,1,67,1.08000004291534,0
12,2022-12-04,23080760,2,Definitivo,SAN ROQUE [23080760],Pluviométrica,Convencional,Activa,Antioquia,San Roque,6.4875,-75.017,820,5/15/1975,,Monchia,Magdalena Cauca,Medio Magdalena,Río Nare,2022,04,Andes,Definitivo,2,2,0,6.68928527832031,6.68928527832031,0,9.86407470703125,14.8453512191772,3.05454540252686,6.04363632202148,5,10,0.869565188884735,0.876811623573303,1,1,67,1.08000004291534,2.16000008583069
12,2022-12-05,23080760,0,Definitivo,SAN ROQUE [23080760],Pluviométrica,Convencional,Activa,Antioquia,San Roque,6.4875,-75.017,820,5/15/1975,,Monchia,Magdalena Cauca,Medio Magdalena,Río Nare,2022,05,Andes,Definitivo,0,0,0,2.80219054222107,2.80219054222107,0,12.8576278686523,4.02162551879883,3.05454540252686,6.04363632202148,5,10,0.869565188884735,0.876811623573303,1,1,67,1.08000004291534,0
12,2022-12-06,23080760,0,Definitivo,SAN ROQUE [23080760],Pluviométrica,Convencional,Activa,Antioquia,San Roque,6.4875,-75.017,820,5/15/1975,,Monchia,Magdalena Cauca,Medio Magdalena,Río Nare,2022,06,Andes,Definitivo,0,0,0,2.23898553848267,2.23898553848267,0,4.62857151031494,2.6933434009552,3.05454540252686,6.04363632202148,5,10,0.869565188884735,0.876811623573303,1,1,68,1.08000004291534,0
12,2022-12-07,23080760,0,Definitivo,SAN ROQUE [23080760],Pluviométrica,Convencional,Activa,Antioquia,San Roque,6.4875,-75.017,820,5/15/1975,,Monchia,Magdalena Cauca,Medio Magdalena,Río Nare,2022,07,Andes,Definitivo,0,0,0,1.34560477733612,1.34560477733612,0,0.497045159339905,4.63526296615601,3.05454540252686,6.04363632202148,5,10,0.869565188884735,0.876811623573303,1,1,68,1.08000004291534,0
12,2022-12-08,23080760,0,Definitivo,SAN ROQUE [23080760],Pluviométrica,Convencional,Activa,Antioquia,San Roque,6.4875,-75.017,820,5/15/1975,,Monchia,Magdalena Cauca,Medio Magdalena,Río Nare,2022,08,Andes,Definitivo,0,0,0,2.49059462547302,2.49059462547302,0,0.492810666561127,0.919443309307098,3.05454540252686,6.04363632202148,5,10,0.869565188884735,0.876811623573303,1,1,68,1.08000004291534,0
12,2022-12-09,23080760,0,Definitivo,SAN ROQUE [23080760],Pluviométrica,Convencional,Activa,Antioquia,San Roque,6.4875,-75.017,820,5/15/1975,,Monchia,Magdalena Cauca,Medio Magdalena,Río Nare,2022,09,Andes,Definitivo,0,0,0,0.390429586172104,0.390429586172104,0,1.38974416255951,0.54690158367157,3.05454540252686,6.04363632202148,5,10,0.869565188884735,0.876811623573303,1,1,68,1.08000004291534,0
12,2022-12-10,23080760,1,Definitivo,SAN ROQUE [23080760],Pluviométrica,Convencional,Activa,Antioquia,San Roque,6.4875,-75.017,820,5/15/1975,,Monchia,Magdalena Cauca,Medio Magdalena,Río Nare,2022,10,Andes,Definitivo,1,1,0,0.441335380077362,0.441335380077362,0,2.24967122077942,0.462892144918442,3.05454540252686,6.04363632202148,5,10,0.869565188884735,0.876811623573303,1,1,68,1.08000004291534,1.08000004291534
12,2022-12-11,23080760,2,Definitivo,SAN ROQUE [23080760],Pluviométrica,Convencional,Activa,Antioquia,San Roque,6.4875,-75.017,820,5/15/1975,,Monchia,Magdalena Cauca,Medio Magdalena,Río Nare,2022,11,Andes,Definitivo,2,2,0,1.93671655654907,1.93671655654907,16.3427696228027,7.90503931045532,0.384138733148575,3.05454540252686,6.04363632202148,5,10,0.869565188884735,0.876811623573303,1,1,69,1.08000004291534,2.16000008583069
12,2022-12-12,23080760,5,Definitivo,SAN ROQUE [23080760],Pluviométrica,Convencional,Activa,Antioquia,San Roque,6.4875,-75.017,820,5/15/1975,,Monchia,Magdalena Cauca,Medio Magdalena,Río Nare,2022,12,Andes,Definitivo,5,5,0,3.01668834686279,3.01668834686279,0,6.89096689224243,0,3.05454540252686,6.04363632202148,5,10,0.869565188884735,0.876811623573303,1,1,69,1.08000004291534,5.40000021457672
12,2022-12-13,23080760,2,Definitivo,SAN ROQUE [23080760],Pluviométrica,Convencional,Activa,Antioquia,San Roque,6.4875,-75.017,820,5/15/1975,,Monchia,Magdalena Cauca,Medio Magdalena,Río Nare,2022,13,Andes,Definitivo,2,2,0,3.98204255104065,3.98204255104065,0,14.523964881897,14.9922246932983,3.05454540252686,6.04363632202148,5,10,0.869565188884735,0.876811623573303,1,1,69,1.08000004291534,2.16000008583069
12,2022-12-14,23080760,4,Definitivo,SAN ROQUE [23080760],Pluviométrica,Convencional,Activa,Antioquia,San Roque,6.4875,-75.017,820,5/15/1975,,Monchia,Magdalena Cauca,Medio Magdalena,Río Nare,2022,14,Andes,Definitivo,4,4,0,2.29073929786682,2.29073929786682,0,5.29323768615723,0,3.05454540252686,6.04363632202148,5,10,0.869565188884735,0.876811623573303,1,1,69,1.08000004291534,4.32000017166138
12,2001-12-20,23080760,0.4,Definitivo,SAN ROQUE [23080760],Pluviométrica,Convencional,Activa,Antioquia,San Roque,6.4875,-75.017,820,5/15/1975,,Monchia,Magdalena Cauca,Medio Magdalena,Río Nare,2001,20,Andes,Definitivo,0.4,0.4,0,5.17265510559082,5.17265510559082,5.1305193901062,4.54372882843018,0.867153525352478,3.05454540252686,6.04363632202148,5,10,0.869565188884735,0.876811623573303,1,1,70,1.08000004291534,0.432000017166138
12,2001-12-17,23080760,22,Definitivo,SAN ROQUE [23080760],Pluviométrica,Convencional,Activa,Antioquia,San Roque,6.4875,-75.017,820,5/15/1975,,Monchia,Magdalena Cauca,Medio Magdalena,Río Nare,2001,17,Andes,Definitivo,22,22,0,5.69221210479736,5.69221210479736,0,10.0767183303833,8.72174739837647,3.05454540252686,6.04363632202148,5,10,0.869565188884735,0.876811623573303,1,1,70,1.08000004291534,23.7600009441376
12,2003-12-15,23080760,54,Definitivo,SAN ROQUE [23080760],Pluviométrica,Convencional,Activa,Antioquia,San Roque,6.4875,-75.017,820,5/15/1975,,Monchia,Magdalena Cauca,Medio Magdalena,Río Nare,2003,15,Andes,Definitivo,54,54,0,3.62395882606506,3.62395882606506,0,6.80087184906006,3.39344549179077,3.05454540252686,6.04363632202148,5,10,0.869565188884735,0.876811623573303,1,1,69,1.08000004291534,58.3200023174286
12,2003-12-12,23080760,0,Definitivo,SAN ROQUE [23080760],Pluviométrica,Convencional,Activa,Antioquia,San Roque,6.4875,-75.017,820,5/15/1975,,Monchia,Magdalena Cauca,Medio Magdalena,Río Nare,2003,12,Andes,Definitivo,0,0,0,5.66271066665649,5.66271066665649,0,8.54165077209473,0.528578698635101,3.05454540252686,6.04363632202148,5,10,0.869565188884735,0.876811623573303,1,1,69,1.08000004291534,0
12,2001-12-12,23080760,0.8,Definitivo,SAN ROQUE [23080760],Pluviométrica,Convencional,Activa,Antioquia,San Roque,6.4875,-75.017,820,5/15/1975,,Monchia,Magdalena Cauca,Medio Magdalena,Río Nare,2001,12,Andes,Definitivo,0.8,0.8,0,0.0693751871585846,0.0693751871585846,0,14.289963722229,6.02281856536865,3.05454540252686,6.04363632202148,5,10,0.869565188884735,0.876811623573303,1,1,69,1.08000004291534,0.864000034332275
12,2001-12-09,23080760,0.2,Definitivo,SAN ROQUE [23080760],Pluviométrica,Convencional,Activa,Antioquia,San Roque,6.4875,-75.017,820,5/15/1975,,Monchia,Magdalena Cauca,Medio Magdalena,Río Nare,2001,09,Andes,Definitivo,0.2,0.2,0,11.4690742492676,11.4690742492676,18.880220413208,21.1802158355713,20.6947040557861,3.05454540252686,6.04363632202148,5,10,0.869565188884735,0.876811623573303,1,1,68,1.08000004291534,0.216000008583069
12,2001-12-06,23080760,,"",SAN ROQUE [23080760],Pluviométrica,Convencional,Activa,Antioquia,San Roque,6.4875,-75.017,820,5/15/1975,,Monchia,Magdalena Cauca,Medio Magdalena,Río Nare,2001,06,Andes,Preliminar,0,0,0,4.63126134872437,4.63126134872437,0,7.44549942016602,0.688715577125549,3.05454540252686,6.04363632202148,5,10,0.869565188884735,0.876811623573303,1,1,68,1.08000004291534,0
12,2003-12-04,23080760,14,Definitivo,SAN ROQUE [23080760],Pluviométrica,Convencional,Activa,Antioquia,San Roque,6.4875,-75.017,820,5/15/1975,,Monchia,Magdalena Cauca,Medio Magdalena,Río Nare,2003,04,Andes,Definitivo,14,14,0,10.6467809677124,10.6467809677124,0,22.8997993469238,14.2881984710693,3.05454540252686,6.04363632202148,5,10,0.869565188884735,0.876811623573303,1,1,67,1.08000004291534,15.1200006008148
12,2003-12-01,23080760,15,Definitivo,SAN ROQUE [23080760],Pluviométrica,Convencional,Activa,Antioquia,San Roque,6.4875,-75.017,820,5/15/1975,,Monchia,Magdalena Cauca,Medio Magdalena,Río Nare,2003,01,Andes,Definitivo,15,15,0,20.7717990875244,20.7717990875244,7.22971200942993,9.64181709289551,6.25683975219727,3.05454540252686,6.04363632202148,5,10,0.869565188884735,0.876811623573303,1,1,67,1.08000004291534,16.2000006437302
12,2001-12-01,23080760,18,Definitivo,SAN ROQUE [23080760],Pluviométrica,Convencional,Activa,Antioquia,San Roque,6.4875,-75.017,820,5/15/1975,,Monchia,Magdalena Cauca,Medio Magdalena,Río Nare,2001,01,Andes,Definitivo,18,18,0,1.83096790313721,1.83096790313721,0,2.70155739784241,7.36188364028931,3.05454540252686,6.04363632202148,5,10,0.869565188884735,0.876811623573303,1,1,67,1.08000004291534,19.4400007724762
12,2002-12-01,23080760,,"",SAN ROQUE [23080760],Pluviométrica,Convencional,Activa,Antioquia,San Roque,6.4875,-75.017,820,5/15/1975,,Monchia,Magdalena Cauca,Medio Magdalena,Río Nare,2002,01,Andes,Preliminar,0,0,0,19.9642925262451,19.9642925262451,4.11305999755859,11.1234369277954,9.79722881317139,3.05454540252686,6.04363632202148,5,10,0.869565188884735,0.876811623573303,1,1,67,1.08000004291534,0
12,2002-12-02,23080760,0.8,Definitivo,SAN ROQUE [23080760],Pluviométrica,Convencional,Activa,Antioquia,San Roque,6.4875,-75.017,820,5/15/1975,,Monchia,Magdalena Cauca,Medio Magdalena,Río Nare,2002,02,Andes,Definitivo,0.8,0.8,0,9.28974342346191,9.28974342346191,0,4.5217661857605,0.00708783650770783,3.05454540252686,6.04363632202148,5,10,0.869565188884735,0.876811623573303,1,1,67,1.08000004291534,0.864000034332275
12,2002-12-03,23080760,10,Definitivo,SAN ROQUE [23080760],Pluviométrica,Convencional,Activa,Antioquia,San Roque,6.4875,-75.017,820,5/15/1975,,Monchia,Magdalena Cauca,Medio Magdalena,Río Nare,2002,03,Andes,Definitivo,10,10,0,0.346201628446579,0.346201628446579,8.22611999511719,13.6351099014282,7.10930776596069,3.05454540252686,6.04363632202148,5,10,0.869565188884735,0.876811623573303,1,1,67,1.08000004291534,10.8000004291534
12,2005-12-01,23080760,,"",SAN ROQUE [23080760],Pluviométrica,Convencional,Activa,Antioquia,San Roque,6.4875,-75.017,820,5/15/1975,,Monchia,Magdalena Cauca,Medio Magdalena,Río Nare,2005,01,Andes,Preliminar,0,0,0,0.998244524002075,0.998244524002075,0,1.95231819152832,1.02223205566406,3.05454540252686,6.04363632202148,5,10,0.869565188884735,0.876811623573303,1,1,67,1.08000004291534,0
12,2005-12-02,23080760,,"",SAN ROQUE [23080760],Pluviométrica,Convencional,Activa,Antioquia,San Roque,6.4875,-75.017,820,5/15/1975,,Monchia,Magdalena Cauca,Medio Magdalena,Río Nare,2005,02,Andes,Preliminar,0,0,0,1.91330230236053,1.91330230236053,0,0.717072725296021,0.358863711357117,3.05454540252686,6.04363632202148,5,10,0.869565188884735,0.876811623573303,1,1,67,1.08000004291534,0
12,2005-12-03,23080760,,"",SAN ROQUE [23080760],Pluviométrica,Convencional,Activa,Antioquia,San Roque,6.4875,-75.017,820,5/15/1975,,Monchia,Magdalena Cauca,Medio Magdalena,Río Nare,2005,03,Andes,Preliminar,0,0,0,1.2353276014328,1.2353276014328,0,1.42697560787201,0,3.05454540252686,6.04363632202148,5,10,0.869565188884735,0.876811623573303,1,1,67,1.08000004291534,0
12,2008-12-01,23080760,13,Definitivo,SAN ROQUE [23080760],Pluviométrica,Convencional,Activa,Antioquia,San Roque,6.4875,-75.017,820,5/15/1975,,Monchia,Magdalena Cauca,Medio Magdalena,Río Nare,2008,01,Andes,Definitivo,13,13,0,4.02146863937378,4.02146863937378,0,8.372971534729,2.92024803161621,3.05454540252686,6.04363632202148,5,10,0.869565188884735,0.876811623573303,1,1,67,1.08000004291534,14.0400005578995
12,2008-12-02,23080760,,"",SAN ROQUE [23080760],Pluviométrica,Convencional,Activa,Antioquia,San Roque,6.4875,-75.017,820,5/15/1975,,Monchia,Magdalena Cauca,Medio Magdalena,Río Nare,2008,02,Andes,Preliminar,0,0,0,5.00331258773804,5.00331258773804,0,2.91031980514526,0.0393964909017086,3.05454540252686,6.04363632202148,5,10,0.869565188884735,0.876811623573303,1,1,67,1.08000004291534,0
12,2011-12-01,23080760,3,Definitivo,SAN ROQUE [23080760],Pluviométrica,Convencional,Activa,Antioquia,San Roque,6.4875,-75.017,820,5/15/1975,,Monchia,Magdalena Cauca,Medio Magdalena,Río Nare,2011,01,Andes,Definitivo,3,3,0,3.53855514526367,3.53855514526367,0,2.94487380981445,1.28795111179352,3.05454540252686,6.04363632202148,5,10,0.869565188884735,0.876811623573303,1,1,67,1.08000004291534,3.24000012874603
12,2011-12-02,23080760,5,Definitivo,SAN ROQUE [23080760],Pluviométrica,Convencional,Activa,Antioquia,San Roque,6.4875,-75.017,820,5/15/1975,,Monchia,Magdalena Cauca,Medio Magdalena,Río Nare,2011,02,Andes,Definitivo,5,5,0,2.22108483314514,2.22108483314514,0,2.36455798149109,0.157542020082474,3.05454540252686,6.04363632202148,5,10,0.869565188884735,0.876811623573303,1,1,67,1.08000004291534,5.40000021457672
12,2011-12-03,23080760,40,Definitivo,SAN ROQUE [23080760],Pluviométrica,Convencional,Activa,Antioquia,San Roque,6.4875,-75.017,820,5/15/1975,,Monchia,Magdalena Cauca,Medio Magdalena,Río Nare,2011,03,Andes,Definitivo,40,40,0,4.04690456390381,4.04690456390381,0,2.72066283226013,1.99373638629913,3.05454540252686,6.04363632202148,5,10,0.869565188884735,0.876811623573303,1,1,67,1.08000004291534,43.2000017166138
12,2014-12-01,23080760,6,Definitivo,SAN ROQUE [23080760],Pluviométrica,Convencional,Activa,Antioquia,San Roque,6.4875,-75.017,820,5/15/1975,,Monchia,Magdalena Cauca,Medio Magdalena,Río Nare,2014,01,Andes,Definitivo,6,6,0,11.807354927063,11.807354927063,12.0434732437134,1.87557721138001,25.3289947509766,3.05454540252686,6.04363632202148,5,10,0.869565188884735,0.876811623573303,1,1,67,1.08000004291534,6.48000025749207
12,2014-12-02,23080760,,"",SAN ROQUE [23080760],Pluviométrica,Convencional,Activa,Antioquia,San Roque,6.4875,-75.017,820,5/15/1975,,Monchia,Magdalena Cauca,Medio Magdalena,Río Nare,2014,02,Andes,Preliminar,0,0,0,6.21099281311035,6.21099281311035,4.01449060440064,6.1551456451416,16.3143291473389,3.05454540252686,6.04363632202148,5,10,0.869565188884735,0.876811623573303,1,1,67,1.08000004291534,0
12,2014-12-03,23080760,,"",SAN ROQUE [23080760],Pluviométrica,Convencional,Activa,Antioquia,San Roque,6.4875,-75.017,820,5/15/1975,,Monchia,Magdalena Cauca,Medio Magdalena,Río Nare,2014,03,Andes,Preliminar,0,0,0,1.41121900081635,1.41121900081635,8.02898120880127,8.74014949798584,0.349724024534225,3.05454540252686,6.04363632202148,5,10,0.869565188884735,0.876811623573303,1,1,67,1.08000004291534,0
12,2017-12-01,23080760,0,Definitivo,SAN ROQUE [23080760],Pluviométrica,Convencional,Activa,Antioquia,San Roque,6.4875,-75.017,820,5/15/1975,,Monchia,Magdalena Cauca,Medio Magdalena,Río Nare,2017,01,Andes,Definitivo,0,0,0,3.03152179718018,3.03152179718018,15.6514453887939,14.8132648468018,29.714225769043,3.05454540252686,6.04363632202148,5,10,0.869565188884735,0.876811623573303,1,1,67,1.08000004291534,0
12,2017-12-02,23080760,21,Definitivo,SAN ROQUE [23080760],Pluviométrica,Convencional,Activa,Antioquia,San Roque,6.4875,-75.017,820,5/15/1975,,Monchia,Magdalena Cauca,Medio Magdalena,Río Nare,2017,02,Andes,Definitivo,21,21,0,5.26378870010376,5.26378870010376,0,26.5148944854736,4.55390739440918,3.05454540252686,6.04363632202148,5,10,0.869565188884735,0.876811623573303,1,1,67,1.08000004291534,22.6800009012222
12,2017-12-03,23080760,50,Definitivo,SAN ROQUE [23080760],Pluviométrica,Convencional,Activa,Antioquia,San Roque,6.4875,-75.017,820,5/15/1975,,Monchia,Magdalena Cauca,Medio Magdalena,Río Nare,2017,03,Andes,Definitivo,50,50,0,1.27156686782837,1.27156686782837,0,4.08851289749146,0,3.05454540252686,6.04363632202148,5,10,0.869565188884735,0.876811623573303,1,1,67,1.08000004291534,54.0000021457672
12,2020-12-01,23080760,0,Definitivo,SAN ROQUE [23080760],Pluviométrica,Convencional,Activa,Antioquia,San Roque,6.4875,-75.017,820,5/15/1975,,Monchia,Magdalena Cauca,Medio Magdalena,Río Nare,2020,01,Andes,Definitivo,0,0,0,2.17123532295227,2.17123532295227,27.5392932891846,21.3215942382813,46.017692565918,3.05454540252686,6.04363632202148,5,10,0.869565188884735,0.876811623573303,1,1,67,1.08000004291534,0
12,2020-12-02,23080760,20,Definitivo,SAN ROQUE [23080760],Pluviométrica,Convencional,Activa,Antioquia,San Roque,6.4875,-75.017,820,5/15/1975,,Monchia,Magdalena Cauca,Medio Magdalena,Río Nare,2020,02,Andes,Definitivo,20,20,0,4.92374277114868,4.92374277114868,0,13.7492265701294,0.60301023721695,3.05454540252686,6.04363632202148,5,10,0.869565188884735,0.876811623573303,1,1,67,1.08000004291534,21.6000008583069
12,2023-12-01,23080760,0,Definitivo,SAN ROQUE [23080760],Pluviométrica,Convencional,Activa,Antioquia,San Roque,6.4875,-75.017,820,5/15/1975,,Monchia,Magdalena Cauca,Medio Magdalena,Río Nare,2023,01,Andes,Definitivo,0,0,0,0.123892605304718,0.123892605304718,0,3.14109659194946,1.51761186122894,3.05454540252686,6.04363632202148,5,10,0.869565188884735,0.876811623573303,1,1,67,1.08000004291534,0
12,2023-12-02,23080760,0,Definitivo,SAN ROQUE [23080760],Pluviométrica,Convencional,Activa,Antioquia,San Roque,6.4875,-75.017,820,5/15/1975,,Monchia,Magdalena Cauca,Medio Magdalena,Río Nare,2023,02,Andes,Definitivo,0,0,0,0,0,0,0.70089203119278,1.51761186122894,3.05454540252686,6.04363632202148,5,10,0.869565188884735,0.876811623573303,1,1,67,1.08000004291534,0
12,2023-12-03,23080760,9,Definitivo,SAN ROQUE [23080760],Pluviométrica,Convencional,Activa,Antioquia,San Roque,6.4875,-75.017,820,5/15/1975,,Monchia,Magdalena Cauca,Medio Magdalena,Río Nare,2023,03,Andes,Definitivo,9,9,0,0,0,0,0.915139496326447,1.51761186122894,3.05454540252686,6.04363632202148,5,10,0.869565188884735,0.876811623573303,1,1,67,1.08000004291534,9.7200003862381
12,2023-12-04,23080760,0,Definitivo,SAN ROQUE [23080760],Pluviométrica,Convencional,Activa,Antioquia,San Roque,6.4875,-75.017,820,5/15/1975,,Monchia,Magdalena Cauca,Medio Magdalena,Río Nare,2023,04,Andes,Definitivo,0,0,0,6.02744865417481,6.02744865417481,0,2.45010924339294,1.51761186122894,3.05454540252686,6.04363632202148,5,10,0.869565188884735,0.876811623573303,1,1,67,1.08000004291534,0
12,2023-12-05,23080760,0,Definitivo,SAN ROQUE [23080760],Pluviométrica,Convencional,Activa,Antioquia,San Roque,6.4875,-75.017,820,5/15/1975,,Monchia,Magdalena Cauca,Medio Magdalena,Río Nare,2023,05,Andes,Definitivo,0,0,0,1.24409961700439,1.24409961700439,0,0.380821168422699,1.51761186122894,3.05454540252686,6.04363632202148,5,10,0.869565188884735,0.876811623573303,1,1,67,1.08000004291534,0
12,2023-12-06,23080760,0,Definitivo,SAN ROQUE [23080760],Pluviométrica,Convencional,Activa,Antioquia,San Roque,6.4875,-75.017,820,5/15/1975,,Monchia,Magdalena Cauca,Medio Magdalena,Río Nare,2023,06,Andes,Definitivo,0,0,0,4.01436996459961,4.01436996459961,6.8417272567749,5.07767915725708,1.05064797401428,3.05454540252686,6.04363632202148,5,10,0.869565188884735,0.876811623573303,1,1,68,1.08000004291534,0
12,2023-12-07,23080760,22,Definitivo,SAN ROQUE [23080760],Pluviométrica,Convencional,Activa,Antioquia,San Roque,6.4875,-75.017,820,5/15/1975,,Monchia,Magdalena Cauca,Medio Magdalena,Río Nare,2023,07,Andes,Definitivo,22,22,0,23.3250045776367,23.3250045776367,0,23.0199851989746,1.4654552936554,3.05454540252686,6.04363632202148,5,10,0.869565188884735,0.876811623573303,1,1,68,1.08000004291534,23.7600009441376
12,2023-12-08,23080760,0,Definitivo,SAN ROQUE [23080760],Pluviométrica,Convencional,Activa,Antioquia,San Roque,6.4875,-75.017,820,5/15/1975,,Monchia,Magdalena Cauca,Medio Magdalena,Río Nare,2023,08,Andes,Definitivo,0,0,0,1.2127012014389,1.2127012014389,20.525182723999,4.68146896362305,37.9984359741211,3.05454540252686,6.04363632202148,5,10,0.869565188884735,0.876811623573303,1,1,68,1.08000004291534,0
12,2023-12-09,23080760,0,Definitivo,SAN ROQUE [23080760],Pluviométrica,Convencional,Activa,Antioquia,San Roque,6.4875,-75.017,820,5/15/1975,,Monchia,Magdalena Cauca,Medio Magdalena,Río Nare,2023,09,Andes,Definitivo,0,0,0,0,0,0,3.28960585594177,0,3.05454540252686,6.04363632202148,5,10,0.869565188884735,0.876811623573303,1,1,68,1.08000004291534,0
12,2023-12-10,23080760,0,Definitivo,SAN ROQUE [23080760],Pluviométrica,Convencional,Activa,Antioquia,San Roque,6.4875,-75.017,820,5/15/1975,,Monchia,Magdalena Cauca,Medio Magdalena,Río Nare,2023,10,Andes,Definitivo,0,0,0,2.89906668663025,2.89906668663025,6.8417272567749,5.4232439994812,0.977438867092133,3.05454540252686,6.04363632202148,5,10,0.869565188884735,0.876811623573303,1,1,68,1.08000004291534,0
12,2023-12-11,23080760,9,Definitivo,SAN ROQUE [23080760],Pluviométrica,Convencional,Activa,Antioquia,San Roque,6.4875,-75.017,820,5/15/1975,,Monchia,Magdalena Cauca,Medio Magdalena,Río Nare,2023,11,Andes,Definitivo,9,9,0,0,0,14.4157953262329,0.438796907663345,2.36021018028259,3.05454540252686,6.04363632202148,5,10,0.869565188884735,0.876811623573303,1,1,69,1.08000004291534,9.7200003862381
12,2023-12-12,23080760,0,Definitivo,SAN ROQUE [23080760],Pluviométrica,Convencional,Activa,Antioquia,San Roque,6.4875,-75.017,820,5/15/1975,,Monchia,Magdalena Cauca,Medio Magdalena,Río Nare,2023,12,Andes,Definitivo,0,0,0,0,0,14.4157953262329,1.75437939167023,3.75197219848633,3.05454540252686,6.04363632202148,5,10,0.869565188884735,0.876811623573303,1,1,69,1.08000004291534,0
12,2023-12-13,23080760,0,Definitivo,SAN ROQUE [23080760],Pluviométrica,Convencional,Activa,Antioquia,San Roque,6.4875,-75.017,820,5/15/1975,,Monchia,Magdalena Cauca,Medio Magdalena,Río Nare,2023,13,Andes,Definitivo,0,0,0,0.0190701987594366,0.0190701987594366,0,2.49396705627441,0.00759534211829305,3.05454540252686,6.04363632202148,5,10,0.869565188884735,0.876811623573303,1,1,69,1.08000004291534,0
12,2023-12-14,23080760,13,Definitivo,SAN ROQUE [23080760],Pluviométrica,Convencional,Activa,Antioquia,San Roque,6.4875,-75.017,820,5/15/1975,,Monchia,Magdalena Cauca,Medio Magdalena,Río Nare,2023,14,Andes,Definitivo,13,13,0,7.50608968734741,7.50608968734741,0,4.06347560882568,0.535021245479584,3.05454540252686,6.04363632202148,5,10,0.869565188884735,0.876811623573303,1,1,69,1.08000004291534,14.0400005578995
12,2023-12-15,23080760,0,Definitivo,SAN ROQUE [23080760],Pluviométrica,Convencional,Activa,Antioquia,San Roque,6.4875,-75.017,820,5/15/1975,,Monchia,Magdalena Cauca,Medio Magdalena,Río Nare,2023,15,Andes,Definitivo,0,0,0,10.5721302032471,10.5721302032471,0,22.5725765228272,24.6683921813965,3.05454540252686,6.04363632202148,5,10,0.869565188884735,0.876811623573303,1,1,69,1.08000004291534,0
12,2023-12-16,23080760,60,Definitivo,SAN ROQUE [23080760],Pluviométrica,Convencional,Activa,Antioquia,San Roque,6.4875,-75.017,820,5/15/1975,,Monchia,Magdalena Cauca,Medio Magdalena,Río Nare,2023,16,Andes,Definitivo,60,60,0,2.61677718162537,2.61677718162537,20.2436714172363,15.0902223587036,48.7982444763184,3.05454540252686,6.04363632202148,5,10,0.869565188884735,0.876811623573303,1,1,70,1.08000004291534,64.8000025749207
12,2023-12-17,23080760,0,Definitivo,SAN ROQUE [23080760],Pluviométrica,Convencional,Activa,Antioquia,San Roque,6.4875,-75.017,820,5/15/1975,,Monchia,Magdalena Cauca,Medio Magdalena,Río Nare,2023,17,Andes,Definitivo,0,0,0,4.9594349861145,4.9594349861145,20.2436714172363,26.735767364502,19.1235237121582,3.05454540252686,6.04363632202148,5,10,0.869565188884735,0.876811623573303,1,1,70,1.08000004291534,0
12,2023-12-18,23080760,0,Definitivo,SAN ROQUE [23080760],Pluviométrica,Convencional,Activa,Antioquia,San Roque,6.4875,-75.017,820,5/15/1975,,Monchia,Magdalena Cauca,Medio Magdalena,Río Nare,2023,18,Andes,Definitivo,0,0,0,1.81723356246948,1.81723356246948,0,6.81884860992432,2.00911617279053,3.05454540252686,6.04363632202148,5,10,0.869565188884735,0.876811623573303,1,1,70,1.08000004291534,0
12,2023-12-19,23080760,2,Definitivo,SAN ROQUE [23080760],Pluviométrica,Convencional,Activa,Antioquia,San Roque,6.4875,-75.017,820,5/15/1975,,Monchia,Magdalena Cauca,Medio Magdalena,Río Nare,2023,19,Andes,Definitivo,2,2,0,3.01928019523621,3.01928019523621,0,6.98712635040283,0.448657929897308,3.05454540252686,6.04363632202148,5,10,0.869565188884735,0.876811623573303,1,1,70,1.08000004291534,2.16000008583069
12,2023-12-20,23080760,4,Definitivo,SAN ROQUE [23080760],Pluviométrica,Convencional,Activa,Antioquia,San Roque,6.4875,-75.017,820,5/15/1975,,Monchia,Magdalena Cauca,Medio Magdalena,Río Nare,2023,20,Andes,Definitivo,4,4,0,2.47158765792847,2.47158765792847,0,14.7475719451904,0,3.05454540252686,6.04363632202148,5,10,0.869565188884735,0.876811623573303,1,1,70,1.08000004291534,4.32000017166138
12,2023-12-21,23080760,15,Definitivo,SAN ROQUE [23080760],Pluviométrica,Convencional,Activa,Antioquia,San Roque,6.4875,-75.017,820,5/15/1975,,Monchia,Magdalena Cauca,Medio Magdalena,Río Nare,2023,21,Andes,Definitivo,15,15,0,4.46654987335205,4.46654987335205,0,1.51609301567078,0,3.05454540252686,6.04363632202148,5,10,0.869565188884735,0.876811623573303,1,1,71,1.08000004291534,16.2000006437302
12,2023-12-22,23080760,0,Definitivo,SAN ROQUE [23080760],Pluviométrica,Convencional,Activa,Antioquia,San Roque,6.4875,-75.017,820,5/15/1975,,Monchia,Magdalena Cauca,Medio Magdalena,Río Nare,2023,22,Andes,Definitivo,0,0,0,0.692117214202881,0.692117214202881,0,2.57305908203125,0,3.05454540252686,6.04363632202148,5,10,0.869565188884735,0.876811623573303,1,1,71,1.08000004291534,0
12,2023-12-23,23080760,15,Definitivo,SAN ROQUE [23080760],Pluviométrica,Convencional,Activa,Antioquia,San Roque,6.4875,-75.017,820,5/15/1975,,Monchia,Magdalena Cauca,Medio Magdalena,Río Nare,2023,23,Andes,Definitivo,15,15,0,1.39304721355438,1.39304721355438,0,6.60205078125,2.44646978378296,3.05454540252686,6.04363632202148,5,10,0.869565188884735,0.876811623573303,1,1,71,1.08000004291534,16.2000006437302
12,2023-12-24,23080760,4,Definitivo,SAN ROQUE [23080760],Pluviométrica,Convencional,Activa,Antioquia,San Roque,6.4875,-75.017,820,5/15/1975,,Monchia,Magdalena Cauca,Medio Magdalena,Río Nare,2023,24,Andes,Definitivo,4,4,0,1.00511407852173,1.00511407852173,0,7.91929912567139,5.89585590362549,3.05454540252686,6.04363632202148,5,10,0.869565188884735,0.876811623573303,1,1,71,1.08000004291534,4.32000017166138
12,2023-12-25,23080760,5,Definitivo,SAN ROQUE [23080760],Pluviométrica,Convencional,Activa,Antioquia,San Roque,6.4875,-75.017,820,5/15/1975,,Monchia,Magdalena Cauca,Medio Magdalena,Río Nare,2023,25,Andes,Definitivo,5,5,0,1.29466438293457,1.29466438293457,0,9.55427837371826,19.822452545166,3.05454540252686,6.04363632202148,5,10,0.869565188884735,0.876811623573303,1,1,71,1.08000004291534,5.40000021457672
12,2023-12-26,23080760,9,Definitivo,SAN ROQUE [23080760],Pluviométrica,Convencional,Activa,Antioquia,San Roque,6.4875,-75.017,820,5/15/1975,,Monchia,Magdalena Cauca,Medio Magdalena,Río Nare,2023,26,Andes,Definitivo,9,9,0,3.05453324317932,3.05453324317932,17.6190452575684,9.53511047363281,12.2187347412109,3.05454540252686,6.04363632202148,5,10,0.869565188884735,0.876811623573303,1,1,72,1.08000004291534,9.7200003862381
12,2023-12-27,23080760,6,Definitivo,SAN ROQUE [23080760],Pluviométrica,Convencional,Activa,Antioquia,San Roque,6.4875,-75.017,820,5/15/1975,,Monchia,Magdalena Cauca,Medio Magdalena,Río Nare,2023,27,Andes,Definitivo,6,6,0,4.008704662323,4.008704662323,0,7.69775629043579,0,3.05454540252686,6.04363632202148,5,10,0.869565188884735,0.876811623573303,1,1,72,1.08000004291534,6.48000025749207
12,2023-12-28,23080760,5,Definitivo,SAN ROQUE [23080760],Pluviométrica,Convencional,Activa,Antioquia,San Roque,6.4875,-75.017,820,5/15/1975,,Monchia,Magdalena Cauca,Medio Magdalena,Río Nare,2023,28,Andes,Definitivo,5,5,0,1.3700395822525,1.3700395822525,0,15.5367412567139,11.6234254837036,3.05454540252686,6.04363632202148,5,10,0.869565188884735,0.876811623573303,1,1,72,1.08000004291534,5.40000021457672
12,2023-12-29,23080760,3,Definitivo,SAN ROQUE [23080760],Pluviométrica,Convencional,Activa,Antioquia,San Roque,6.4875,-75.017,820,5/15/1975,,Monchia,Magdalena Cauca,Medio Magdalena,Río Nare,2023,29,Andes,Definitivo,3,3,0,4.34739255905151,4.34739255905151,35.2380905151367,12.6075572967529,23.192497253418,3.05454540252686,6.04363632202148,5,10,0.869565188884735,0.876811623573303,1,1,72,1.08000004291534,3.24000012874603
12,2023-12-30,23080760,1,Definitivo,SAN ROQUE [23080760],Pluviométrica,Convencional,Activa,Antioquia,San Roque,6.4875,-75.017,820,5/15/1975,,Monchia,Magdalena Cauca,Medio Magdalena,Río Nare,2023,30,Andes,Definitivo,1,1,0,8.25319576263428,8.25319576263428,0,3.33156704902649,3.79318976402283,3.05454540252686,6.04363632202148,5,10,0.869565188884735,0.876811623573303,1,1,72,1.08000004291534,1.08000004291534
12,2023-12-31,23080760,,"",SAN ROQUE [23080760],Pluviométrica,Convencional,Activa,Antioquia,San Roque,6.4875,-75.017,820,5/15/1975,,Monchia,Magdalena Cauca,Medio Magdalena,Río Nare,2023,31,Andes,Preliminar,0,0,0,3.05540299415588,3.05540299415588,0,2.11911296844482,0,3.05454540252686,6.04363632202148,5,10,0.869565188884735,0.876811623573303,1,1,72,1.08000004291534,0
