gauge_code,category,tecnology,state,municipality,latitude,longitude,elevation,instalation_date,suspention_date,nat_region,hidrographic_area,hidrographic_zone,hidrographic_subzone,mean_gauges_v2,mean_gauges_v3,max_gauges_v2,max_gauges_v3,mean_gauges_v2_005,mean_gauges_v3_005,max_gauges_v2_005,max_gauges_v3_005,factor,year,month,pcp_ideam,pcp_ideam_flag,pcp_ideam_flag_scale,na_count_ideam,chirpv2,date,chirpv3,chirpsv2,chirpsv3
6348,,,,Brazil,-3.3372,-67.4889,65,1994-01-01,2023-12-31,Amazonas,,,,0.490909099578857,0.490909099578857,1,1,0.489130437374115,0.489130437374115,1,1,1.02999997138977,2001,01,378.8066406,378.8066406,390.170828980255,0,286.545654296875,2001-01-01,253.45295715332,282.2333984375,271.758361816406
6348,,,,Brazil,-3.3372,-67.4889,65,1994-01-01,2023-12-31,Amazonas,,,,0.490909099578857,0.490909099578857,1,1,0.489130437374115,0.489130437374115,1,1,1.03999996185303,2001,02,373.50927754,373.50927754,388.449634393352,0,228.700790405273,2001-02-01,172.804138183594,306.109069824219,267.598449707031
6348,,,,Brazil,-3.3372,-67.4889,65,1994-01-01,2023-12-31,Amazonas,,,,0.490909099578857,0.490909099578857,1,1,0.489130437374115,0.489130437374115,1,1,1.03999996185303,2001,03,264.6132811,264.6132811,275.197802249804,0,312.210998535156,2001-03-01,208.976226806641,218.480758666992,189.346313476563
6348,,,,Brazil,-3.3372,-67.4889,65,1994-01-01,2023-12-31,Amazonas,,,,0.490909099578857,0.490909099578857,1,1,0.489130437374115,0.489130437374115,1,1,1.02999997138977,2001,04,138.3867188,138.3867188,142.538316404724,0,237.941833496094,2001-04-01,177.420608520508,185.459167480469,161.308578491211
6348,,,,Brazil,-3.3372,-67.4889,65,1994-01-01,2023-12-31,Amazonas,,,,0.490909099578857,0.490909099578857,1,1,0.489130437374115,0.489130437374115,1,1,1.02999997138977,2001,05,248.5,248.5,255.954992890358,0,245.423034667969,2001-05-01,184.601455688477,225.653961181641,208.231002807617
6348,,,,Brazil,-3.3372,-67.4889,65,1994-01-01,2023-12-31,Amazonas,,,,0.490909099578857,0.490909099578857,1,1,0.489130437374115,0.489130437374115,1,1,1.03999996185303,2001,06,187.984375,187.984375,195.503742828965,0,211.498641967773,2001-06-01,167.229553222656,179.568420410156,157.490570068359
6348,,,,Brazil,-3.3372,-67.4889,65,1994-01-01,2023-12-31,Amazonas,,,,0.490909099578857,0.490909099578857,1,1,0.489130437374115,0.489130437374115,1,1,1.04999995231628,2001,07,183.828125,183.828125,193.019522484392,0,162.444900512695,2001-07-01,146.020141601563,151.606719970703,142.381118774414
6348,,,,Brazil,-3.3372,-67.4889,65,1994-01-01,2023-12-31,Amazonas,,,,0.490909099578857,0.490909099578857,1,1,0.489130437374115,0.489130437374115,1,1,1.04999995231628,2001,08,170.303100586,170.303100586,178.818247494615,0,89.110710144043,2001-08-01,62.5140914916992,177.010375976563,162.342956542969
6348,,,,Brazil,-3.3372,-67.4889,65,1994-01-01,2023-12-31,Amazonas,,,,0.490909099578857,0.490909099578857,1,1,0.489130437374115,0.489130437374115,1,1,1.03999996185303,2001,09,106.3046875,106.3046875,110.556870944798,0,198.888534545898,2001-09-01,187.391967773438,168.899108886719,155.434814453125
6348,,,,Brazil,-3.3372,-67.4889,65,1994-01-01,2023-12-31,Amazonas,,,,0.490909099578857,0.490909099578857,1,1,0.489130437374115,0.489130437374115,1,1,1.03999996185303,2001,10,191.0878906,191.0878906,198.731398934575,0,198.022445678711,2001-10-01,176.622528076172,196.490631103516,171.750564575195
6348,,,,Brazil,-3.3372,-67.4889,65,1994-01-01,2023-12-31,Amazonas,,,,0.490909099578857,0.490909099578857,1,1,0.489130437374115,0.489130437374115,1,1,1.03999996185303,2001,11,77.1953124,77.1953124,80.2831219512325,0,192.240661621094,2001-11-01,167.777923583984,157.206695556641,140.010955810547
6348,,,,Brazil,-3.3372,-67.4889,65,1994-01-01,2023-12-31,Amazonas,,,,0.490909099578857,0.490909099578857,1,1,0.489130437374115,0.489130437374115,1,1,1.03999996185303,2001,12,50.2031249,50.2031249,52.2112479809028,0,351.5556640625,2001-12-01,307.047241210938,256.799102783203,225.357269287109
6348,,,,Brazil,-3.3372,-67.4889,65,1994-01-01,2023-12-31,Amazonas,,,,0.490909099578857,0.490909099578857,1,1,0.489130437374115,0.489130437374115,1,1,1.02999997138977,2002,01,19.5,19.5,20.0849994421005,0,284.556121826172,2002-01-01,248.329498291016,193.632125854492,175.129455566406
6348,,,,Brazil,-3.3372,-67.4889,65,1994-01-01,2023-12-31,Amazonas,,,,0.490909099578857,0.490909099578857,1,1,0.489130437374115,0.489130437374115,1,1,1.03999996185303,2002,02,159.478881886,159.478881886,165.858031077803,0,222.116577148438,2002-02-01,166.512802124023,206.721832275391,164.337051391602
6348,,,,Brazil,-3.3372,-67.4889,65,1994-01-01,2023-12-31,Amazonas,,,,0.490909099578857,0.490909099578857,1,1,0.489130437374115,0.489130437374115,1,1,1.03999996185303,2002,03,140.58911133,140.58911133,146.212670420151,0,337.627685546875,2002-03-01,241.447937011719,275.582000732422,231.775756835938
6348,,,,Brazil,-3.3372,-67.4889,65,1994-01-01,2023-12-31,Amazonas,,,,0.490909099578857,0.490909099578857,1,1,0.489130437374115,0.489130437374115,1,1,1.02999997138977,2002,04,226.79150396,226.79150396,233.595242590243,0,298.819122314453,2002-04-01,251.225738525391,242.655136108398,216.579971313477
6348,,,,Brazil,-3.3372,-67.4889,65,1994-01-01,2023-12-31,Amazonas,,,,0.490909099578857,0.490909099578857,1,1,0.489130437374115,0.489130437374115,1,1,1.02999997138977,2002,05,149.19677734,149.19677734,153.672676391646,0,351.87890625,2002-05-01,324.270324707031,266.141510009766,263.568603515625
6348,,,,Brazil,-3.3372,-67.4889,65,1994-01-01,2023-12-31,Amazonas,,,,0.490909099578857,0.490909099578857,1,1,0.489130437374115,0.489130437374115,1,1,1.03999996185303,2002,06,128.7851563,128.7851563,133.936557639236,0,121.296974182129,2002-06-01,56.3599166870117,122.67293548584,95.2938385009766
6348,,,,Brazil,-3.3372,-67.4889,65,1994-01-01,2023-12-31,Amazonas,,,,0.490909099578857,0.490909099578857,1,1,0.489130437374115,0.489130437374115,1,1,1.04999995231628,2002,07,154.4980469,154.4980469,162.222941877959,0,146.774612426758,2002-07-01,131.445053100586,169.606079101563,164.108642578125
6348,,,,Brazil,-3.3372,-67.4889,65,1994-01-01,2023-12-31,Amazonas,,,,0.490909099578857,0.490909099578857,1,1,0.489130437374115,0.489130437374115,1,1,1.04999995231628,2002,08,219.5917969,219.5917969,230.571376274047,0,153.055099487305,2002-08-01,172.51123046875,162.52360534668,180.39079284668
6348,,,,Brazil,-3.3372,-67.4889,65,1994-01-01,2023-12-31,Amazonas,,,,0.490909099578857,0.490909099578857,1,1,0.489130437374115,0.489130437374115,1,1,1.03999996185303,2002,09,152.3945312,152.3945312,158.49030663461,0,157.142135620117,2002-09-01,129.976470947266,156.083923339844,150.977691650391
6348,,,,Brazil,-3.3372,-67.4889,65,1994-01-01,2023-12-31,Amazonas,,,,0.490909099578857,0.490909099578857,1,1,0.489130437374115,0.489130437374115,1,1,1.03999996185303,2002,10,130.203125,130.203125,135.411245033145,0,190.823852539063,2002-10-01,161.861328125,229.671417236328,189.950408935547
6348,,,,Brazil,-3.3372,-67.4889,65,1994-01-01,2023-12-31,Amazonas,,,,0.490909099578857,0.490909099578857,1,1,0.489130437374115,0.489130437374115,1,1,1.03999996185303,2002,11,115.40625,115.40625,120.022495597601,0,172.424346923828,2002-11-01,144.757034301758,165.266906738281,146.150238037109
6348,,,,Brazil,-3.3372,-67.4889,65,1994-01-01,2023-12-31,Amazonas,,,,0.490909099578857,0.490909099578857,1,1,0.489130437374115,0.489130437374115,1,1,1.03999996185303,2002,12,194.9921874,194.9921874,202.791867457638,0,282.264343261719,2002-12-01,244.124969482422,237.589477539063,220.451690673828
6348,,,,Brazil,-3.3372,-67.4889,65,1994-01-01,2023-12-31,Amazonas,,,,0.490909099578857,0.490909099578857,1,1,0.489130437374115,0.489130437374115,1,1,1.02999997138977,2003,01,145.2929687,145.2929687,149.651753604135,0,241.14631652832,2003-01-01,196.164459228516,192.40217590332,192.023742675781
6348,,,,Brazil,-3.3372,-67.4889,65,1994-01-01,2023-12-31,Amazonas,,,,0.490909099578857,0.490909099578857,1,1,0.489130437374115,0.489130437374115,1,1,1.03999996185303,2003,02,211.1875,211.1875,219.634991943836,0,227.309646606445,2003-02-01,187.528106689453,226.13508605957,197.362564086914
6348,,,,Brazil,-3.3372,-67.4889,65,1994-01-01,2023-12-31,Amazonas,,,,0.490909099578857,0.490909099578857,1,1,0.489130437374115,0.489130437374115,1,1,1.03999996185303,2003,03,196.8125,196.8125,204.684992492199,0,358.599670410156,2003-03-01,264.450317382813,319.561187744141,284.763275146484
6348,,,,Brazil,-3.3372,-67.4889,65,1994-01-01,2023-12-31,Amazonas,,,,0.490909099578857,0.490909099578857,1,1,0.489130437374115,0.489130437374115,1,1,1.02999997138977,2003,04,148.6914063,148.6914063,153.152144234905,0,315.211975097656,2003-04-01,273.582946777344,253.112182617188,234.699768066406
6348,,,,Brazil,-3.3372,-67.4889,65,1994-01-01,2023-12-31,Amazonas,,,,0.490909099578857,0.490909099578857,1,1,0.489130437374115,0.489130437374115,1,1,1.02999997138977,2003,05,342.3046874,342.3046874,352.573818228584,0,372.975738525391,2003-05-01,346.109008789063,327.975250244141,341.571258544922
6348,,,,Brazil,-3.3372,-67.4889,65,1994-01-01,2023-12-31,Amazonas,,,,0.490909099578857,0.490909099578857,1,1,0.489130437374115,0.489130437374115,1,1,1.03999996185303,2003,06,147.203125,147.203125,153.091244384646,0,325.048706054688,2003-06-01,311.049072265625,207.940521240234,200.797119140625
6348,,,,Brazil,-3.3372,-67.4889,65,1994-01-01,2023-12-31,Amazonas,,,,0.490909099578857,0.490909099578857,1,1,0.489130437374115,0.489130437374115,1,1,1.04999995231628,2003,07,178.8867188,178.8867188,187.831046210017,0,154.128753662109,2003-07-01,140.554260253906,182.31298828125,179.427505493164
6348,,,,Brazil,-3.3372,-67.4889,65,1994-01-01,2023-12-31,Amazonas,,,,0.490909099578857,0.490909099578857,1,1,0.489130437374115,0.489130437374115,1,1,1.04999995231628,2003,08,126.8945312,126.8945312,133.239251709197,0,154.501541137695,2003-08-01,198.404449462891,171.229721069336,177.88916015625
6348,,,,Brazil,-3.3372,-67.4889,65,1994-01-01,2023-12-31,Amazonas,,,,0.490909099578857,0.490909099578857,1,1,0.489130437374115,0.489130437374115,1,1,1.03999996185303,2003,09,209.484375,209.484375,217.863742008805,0,178.716217041016,2003-09-01,153.959259033203,179.45588684082,164.405654907227
6348,,,,Brazil,-3.3372,-67.4889,65,1994-01-01,2023-12-31,Amazonas,,,,0.490909099578857,0.490909099578857,1,1,0.489130437374115,0.489130437374115,1,1,1.03999996185303,2003,10,144.9921875,144.9921875,150.791869468987,0,210.59797668457,2003-10-01,181.011901855469,198.122955322266,179.43798828125
6348,,,,Brazil,-3.3372,-67.4889,65,1994-01-01,2023-12-31,Amazonas,,,,0.490909099578857,0.490909099578857,1,1,0.489130437374115,0.489130437374115,1,1,1.03999996185303,2003,11,0,0,0,30,208.412139892578,2003-11-01,184.541656494141,183.339874267578,163.393676757813
6348,,,,Brazil,-3.3372,-67.4889,65,1994-01-01,2023-12-31,Amazonas,,,,0.490909099578857,0.490909099578857,1,1,0.489130437374115,0.489130437374115,1,1,1.03999996185303,2003,12,0,0,0,31,285.743835449219,2003-12-01,235.475036621094,219.888381958008,194.620071411133
6348,,,,Brazil,-3.3372,-67.4889,65,1994-01-01,2023-12-31,Amazonas,,,,0.490909099578857,0.490909099578857,1,1,0.489130437374115,0.489130437374115,1,1,1.02999997138977,2004,01,0,0,0,31,432.326782226563,2004-01-01,432.186676025391,312.340545654297,314.466644287109
6348,,,,Brazil,-3.3372,-67.4889,65,1994-01-01,2023-12-31,Amazonas,,,,0.490909099578857,0.490909099578857,1,1,0.489130437374115,0.489130437374115,1,1,1.03999996185303,2004,02,184.7070313,184.7070313,192.095305505986,0,219.693634033203,2004-02-01,152.090637207031,263.546539306641,215.870223999023
6348,,,,Brazil,-3.3372,-67.4889,65,1994-01-01,2023-12-31,Amazonas,,,,0.490909099578857,0.490909099578857,1,1,0.489130437374115,0.489130437374115,1,1,1.03999996185303,2004,03,331.9921875,331.9921875,345.271862335503,0,417.547027587891,2004-03-01,339.128509521484,384.415283203125,359.129089355469
6348,,,,Brazil,-3.3372,-67.4889,65,1994-01-01,2023-12-31,Amazonas,,,,0.490909099578857,0.490909099578857,1,1,0.489130437374115,0.489130437374115,1,1,1.02999997138977,2004,04,350.09228506,350.09228506,360.595043595579,0,287.291351318359,2004-04-01,234.02392578125,292.456420898438,274.765655517578
6348,,,,Brazil,-3.3372,-67.4889,65,1994-01-01,2023-12-31,Amazonas,,,,0.490909099578857,0.490909099578857,1,1,0.489130437374115,0.489130437374115,1,1,1.02999997138977,2004,05,269.4921875,269.4921875,277.576945414767,0,243.971878051758,2004-05-01,175.3720703125,230.199768066406,221.513427734375
6348,,,,Brazil,-3.3372,-67.4889,65,1994-01-01,2023-12-31,Amazonas,,,,0.490909099578857,0.490909099578857,1,1,0.489130437374115,0.489130437374115,1,1,1.03999996185303,2004,06,277.6171875,277.6171875,288.721864409745,0,217.51188659668,2004-06-01,186.593124389648,230.108169555664,223.68977355957
6348,,,,Brazil,-3.3372,-67.4889,65,1994-01-01,2023-12-31,Amazonas,,,,0.490909099578857,0.490909099578857,1,1,0.489130437374115,0.489130437374115,1,1,1.04999995231628,2004,07,229.8027343,229.8027343,241.292860057152,0,201.222564697266,2004-07-01,222.180389404297,195.839965820313,219.833297729492
6348,,,,Brazil,-3.3372,-67.4889,65,1994-01-01,2023-12-31,Amazonas,,,,0.490909099578857,0.490909099578857,1,1,0.489130437374115,0.489130437374115,1,1,1.04999995231628,2004,08,137.8867188,137.8867188,144.781048165049,0,122.685607910156,2004-08-01,111.06494140625,130.318283081055,121.39559173584
6348,,,,Brazil,-3.3372,-67.4889,65,1994-01-01,2023-12-31,Amazonas,,,,0.490909099578857,0.490909099578857,1,1,0.489130437374115,0.489130437374115,1,1,1.03999996185303,2004,09,308.4023438,308.4023438,320.738425787384,0,197.224807739258,2004-09-01,178.729049682617,210.852294921875,205.662521362305
6348,,,,Brazil,-3.3372,-67.4889,65,1994-01-01,2023-12-31,Amazonas,,,,0.490909099578857,0.490909099578857,1,1,0.489130437374115,0.489130437374115,1,1,1.03999996185303,2004,10,332.3203125,332.3203125,345.613112322986,0,198.0888671875,2004-10-01,174.21647644043,246.810958862305,228.640899658203
6348,,,,Brazil,-3.3372,-67.4889,65,1994-01-01,2023-12-31,Amazonas,,,,0.490909099578857,0.490909099578857,1,1,0.489130437374115,0.489130437374115,1,1,1.03999996185303,2004,11,117.80810546,117.80810546,122.520425184377,0,204.908279418945,2004-11-01,182.971054077148,135.181427001953,120.849342346191
6348,,,,Brazil,-3.3372,-67.4889,65,1994-01-01,2023-12-31,Amazonas,,,,0.490909099578857,0.490909099578857,1,1,0.489130437374115,0.489130437374115,1,1,1.03999996185303,2004,12,198.78540031,198.78540031,206.736808739339,0,313.243835449219,2004-12-01,273.99609375,259.145965576172,241.445495605469
6348,,,,Brazil,-3.3372,-67.4889,65,1994-01-01,2023-12-31,Amazonas,,,,0.490909099578857,0.490909099578857,1,1,0.489130437374115,0.489130437374115,1,1,1.02999997138977,2005,01,418.49316402,418.49316402,431.047946967415,0,323.757232666016,2005-01-01,284.437469482422,280.765686035156,274.795104980469
6348,,,,Brazil,-3.3372,-67.4889,65,1994-01-01,2023-12-31,Amazonas,,,,0.490909099578857,0.490909099578857,1,1,0.489130437374115,0.489130437374115,1,1,1.03999996185303,2005,02,236.119751096,236.119751096,245.564532132586,0,290.193054199219,2005-02-01,288.95458984375,307.206848144531,291.178192138672
6348,,,,Brazil,-3.3372,-67.4889,65,1994-01-01,2023-12-31,Amazonas,,,,0.490909099578857,0.490909099578857,1,1,0.489130437374115,0.489130437374115,1,1,1.03999996185303,2005,03,315.277221626,315.277221626,327.888298464168,0,296.693145751953,2005-03-01,199.564956665039,318.601135253906,273.500854492188
6348,,,,Brazil,-3.3372,-67.4889,65,1994-01-01,2023-12-31,Amazonas,,,,0.490909099578857,0.490909099578857,1,1,0.489130437374115,0.489130437374115,1,1,1.02999997138977,2005,04,357.5624999,357.5624999,368.289364667055,1,312.197265625,2005-04-01,268.408874511719,305.767211914063,292.871704101563
6348,,,,Brazil,-3.3372,-67.4889,65,1994-01-01,2023-12-31,Amazonas,,,,0.490909099578857,0.490909099578857,1,1,0.489130437374115,0.489130437374115,1,1,1.02999997138977,2005,05,308.58081057,308.58081057,317.838226058532,0,311.113983154297,2005-05-01,280.620025634766,278.030548095703,286.333129882813
6348,,,,Brazil,-3.3372,-67.4889,65,1994-01-01,2023-12-31,Amazonas,,,,0.490909099578857,0.490909099578857,1,1,0.489130437374115,0.489130437374115,1,1,1.03999996185303,2005,06,142.00610341,142.00610341,147.686342129297,0,208.128463745117,2005-06-01,169.235397338867,142.925109863281,144.519317626953
6348,,,,Brazil,-3.3372,-67.4889,65,1994-01-01,2023-12-31,Amazonas,,,,0.490909099578857,0.490909099578857,1,1,0.489130437374115,0.489130437374115,1,1,1.04999995231628,2005,07,71.50317401,71.50317401,75.078329300963,0,105.011428833008,2005-07-01,66.1238632202149,89.9633026123047,73.6390991210938
6348,,,,Brazil,-3.3372,-67.4889,65,1994-01-01,2023-12-31,Amazonas,,,,0.490909099578857,0.490909099578857,1,1,0.489130437374115,0.489130437374115,1,1,1.04999995231628,2005,08,91.408203,91.408203,95.9786087913172,0,100.44409942627,2005-08-01,89.1267471313477,87.1575698852539,78.4595031738281
6348,,,,Brazil,-3.3372,-67.4889,65,1994-01-01,2023-12-31,Amazonas,,,,0.490909099578857,0.490909099578857,1,1,0.489130437374115,0.489130437374115,1,1,1.03999996185303,2005,09,94.4023438,94.4023438,98.1784339508364,0,111.190032958984,2005-09-01,77.3784866333008,122.58366394043,106.758743286133
6348,,,,Brazil,-3.3372,-67.4889,65,1994-01-01,2023-12-31,Amazonas,,,,0.490909099578857,0.490909099578857,1,1,0.489130437374115,0.489130437374115,1,1,1.03999996185303,2005,10,110.20214848,110.20214848,114.610230215322,0,223.876159667969,2005-10-01,212.318298339844,202.807830810547,180.181915283203
6348,,,,Brazil,-3.3372,-67.4889,65,1994-01-01,2023-12-31,Amazonas,,,,0.490909099578857,0.490909099578857,1,1,0.489130437374115,0.489130437374115,1,1,1.03999996185303,2005,11,263.092162986,263.092162986,273.61583946927,0,224.46858215332,2005-11-01,193.903961181641,224.354080200195,197.72607421875
6348,,,,Brazil,-3.3372,-67.4889,65,1994-01-01,2023-12-31,Amazonas,,,,0.490909099578857,0.490909099578857,1,1,0.489130437374115,0.489130437374115,1,1,1.03999996185303,2005,12,388.29052736,388.29052736,403.822133642292,0,225.122039794922,2005-12-01,173.243240356445,317.611968994141,283.822784423828
6348,,,,Brazil,-3.3372,-67.4889,65,1994-01-01,2023-12-31,Amazonas,,,,0.490909099578857,0.490909099578857,1,1,0.489130437374115,0.489130437374115,1,1,1.02999997138977,2006,01,401.88012693,401.88012693,413.936519240017,0,297.929748535156,2006-01-01,269.949096679688,345.629241943359,332.892608642578
6348,,,,Brazil,-3.3372,-67.4889,65,1994-01-01,2023-12-31,Amazonas,,,,0.490909099578857,0.490909099578857,1,1,0.489130437374115,0.489130437374115,1,1,1.03999996185303,2006,02,216.12646484,216.12646484,224.77151518903,0,316.895935058594,2006-02-01,335.661254882813,262.724670410156,244.435333251953
6348,,,,Brazil,-3.3372,-67.4889,65,1994-01-01,2023-12-31,Amazonas,,,,0.490909099578857,0.490909099578857,1,1,0.489130437374115,0.489130437374115,1,1,1.03999996185303,2006,03,288.9062499,288.9062499,300.462488875101,0,318.245635986328,2006-03-01,214.712615966797,285.617767333984,240.763519287109
6348,,,,Brazil,-3.3372,-67.4889,65,1994-01-01,2023-12-31,Amazonas,,,,0.490909099578857,0.490909099578857,1,1,0.489130437374115,0.489130437374115,1,1,1.02999997138977,2006,04,159.8300781,159.8300781,164.624975870225,0,234.571517944336,2006-04-01,174.409896850586,223.357315063477,188.451934814453
6348,,,,Brazil,-3.3372,-67.4889,65,1994-01-01,2023-12-31,Amazonas,,,,0.490909099578857,0.490909099578857,1,1,0.489130437374115,0.489130437374115,1,1,1.02999997138977,2006,05,252.40478506,252.40478506,259.976921390441,0,263.345611572266,2006-05-01,203.135803222656,265.872924804688,247.408203125
6348,,,,Brazil,-3.3372,-67.4889,65,1994-01-01,2023-12-31,Amazonas,,,,0.490909099578857,0.490909099578857,1,1,0.489130437374115,0.489130437374115,1,1,1.03999996185303,2006,06,229.0878906,229.0878906,238.251397484991,0,316.880920410156,2006-06-01,308.90576171875,241.550979614258,230.665069580078
6348,,,,Brazil,-3.3372,-67.4889,65,1994-01-01,2023-12-31,Amazonas,,,,0.490909099578857,0.490909099578857,1,1,0.489130437374115,0.489130437374115,1,1,1.04999995231628,2006,07,159.7177734,159.7177734,167.703654454063,0,230.231231689453,2006-07-01,253.002716064453,176.172332763672,185.801147460938
6348,,,,Brazil,-3.3372,-67.4889,65,1994-01-01,2023-12-31,Amazonas,,,,0.490909099578857,0.490909099578857,1,1,0.489130437374115,0.489130437374115,1,1,1.04999995231628,2006,08,62.5898437,62.5898437,65.7193329004837,0,199.939270019531,2006-08-01,248.379486083984,111.778770446777,115.884712219238
6348,,,,Brazil,-3.3372,-67.4889,65,1994-01-01,2023-12-31,Amazonas,,,,0.490909099578857,0.490909099578857,1,1,0.489130437374115,0.489130437374115,1,1,1.03999996185303,2006,09,136.2890625,136.2890625,141.740619800985,0,213.338348388672,2006-09-01,197.330825805664,166.941757202148,169.61474609375
6348,,,,Brazil,-3.3372,-67.4889,65,1994-01-01,2023-12-31,Amazonas,,,,0.490909099578857,0.490909099578857,1,1,0.489130437374115,0.489130437374115,1,1,1.03999996185303,2006,10,124.9990234,124.9990234,129.998979567666,0,214.64616394043,2006-10-01,192.46842956543,206.815307617188,177.429397583008
6348,,,,Brazil,-3.3372,-67.4889,65,1994-01-01,2023-12-31,Amazonas,,,,0.490909099578857,0.490909099578857,1,1,0.489130437374115,0.489130437374115,1,1,1.03999996185303,2006,11,206.31567393,206.31567393,214.568293016882,0,257.609283447266,2006-11-01,226.298721313477,259.229797363281,234.886428833008
6348,,,,Brazil,-3.3372,-67.4889,65,1994-01-01,2023-12-31,Amazonas,,,,0.490909099578857,0.490909099578857,1,1,0.489130437374115,0.489130437374115,1,1,1.03999996185303,2006,12,196.60815427,196.60815427,204.472472940794,0,267.771667480469,2006-12-01,216.851791381836,223.643310546875,200.458084106445
6348,,,,Brazil,-3.3372,-67.4889,65,1994-01-01,2023-12-31,Amazonas,,,,0.490909099578857,0.490909099578857,1,1,0.489130437374115,0.489130437374115,1,1,1.02999997138977,2007,01,319.31176763,319.31176763,328.891111523317,0,313.111541748047,2007-01-01,289.608093261719,307.205932617188,298.335388183594
6348,,,,Brazil,-3.3372,-67.4889,65,1994-01-01,2023-12-31,Amazonas,,,,0.490909099578857,0.490909099578857,1,1,0.489130437374115,0.489130437374115,1,1,1.03999996185303,2007,02,75.01220704,75.01220704,78.0126924601114,0,203.654479980469,2007-02-01,129.645645141602,127.923980712891,101.732513427734
6348,,,,Brazil,-3.3372,-67.4889,65,1994-01-01,2023-12-31,Amazonas,,,,0.490909099578857,0.490909099578857,1,1,0.489130437374115,0.489130437374115,1,1,1.03999996185303,2007,03,261.78076164,261.78076164,272.251982119456,0,415.419616699219,2007-03-01,329.832946777344,346.536224365234,324.098083496094
6348,,,,Brazil,-3.3372,-67.4889,65,1994-01-01,2023-12-31,Amazonas,,,,0.490909099578857,0.490909099578857,1,1,0.489130437374115,0.489130437374115,1,1,1.02999997138977,2007,04,206.69873054,206.69873054,212.899686542502,0,425.668640136719,2007-04-01,421.274780273438,326.301147460938,322.117309570313
6348,,,,Brazil,-3.3372,-67.4889,65,1994-01-01,2023-12-31,Amazonas,,,,0.490909099578857,0.490909099578857,1,1,0.489130437374115,0.489130437374115,1,1,1.02999997138977,2007,05,443.37939454,443.37939454,456.680763691014,1,446.507141113281,2007-05-01,438.464202880859,362.032470703125,385.917297363281
6348,,,,Brazil,-3.3372,-67.4889,65,1994-01-01,2023-12-31,Amazonas,,,,0.490909099578857,0.490909099578857,1,1,0.489130437374115,0.489130437374115,1,1,1.03999996185303,2007,06,113.109741286,113.109741286,117.634126622646,0,221.195068359375,2007-06-01,186.691268920898,166.632690429688,132.412963867188
6348,,,,Brazil,-3.3372,-67.4889,65,1994-01-01,2023-12-31,Amazonas,,,,0.490909099578857,0.490909099578857,1,1,0.489130437374115,0.489130437374115,1,1,1.04999995231628,2007,07,204.5771485,204.5771485,214.805996170001,0,135.753479003906,2007-07-01,117.534049987793,138.499786376953,128.894409179688
6348,,,,Brazil,-3.3372,-67.4889,65,1994-01-01,2023-12-31,Amazonas,,,,0.490909099578857,0.490909099578857,1,1,0.489130437374115,0.489130437374115,1,1,1.04999995231628,2007,08,115.804077086,115.804077086,121.594275418331,0,156.900482177734,2007-08-01,175.117935180664,145.239776611328,144.933517456055
6348,,,,Brazil,-3.3372,-67.4889,65,1994-01-01,2023-12-31,Amazonas,,,,0.490909099578857,0.490909099578857,1,1,0.489130437374115,0.489130437374115,1,1,1.03999996185303,2007,09,137.47827147,137.47827147,142.97739708442,0,227.635162353516,2007-09-01,213.149429321289,229.343933105469,189.457229614258
6348,,,,Brazil,-3.3372,-67.4889,65,1994-01-01,2023-12-31,Amazonas,,,,0.490909099578857,0.490909099578857,1,1,0.489130437374115,0.489130437374115,1,1,1.03999996185303,2007,10,98.1953126,98.1953126,102.123121358146,0,250.047500610352,2007-10-01,255.673767089844,209.513137817383,191.128524780273
6348,,,,Brazil,-3.3372,-67.4889,65,1994-01-01,2023-12-31,Amazonas,,,,0.490909099578857,0.490909099578857,1,1,0.489130437374115,0.489130437374115,1,1,1.03999996185303,2007,11,147.98974606,147.98974606,153.909330257039,0,247.797088623047,2007-11-01,219.783645629883,256.343444824219,224.031097412109
6348,,,,Brazil,-3.3372,-67.4889,65,1994-01-01,2023-12-31,Amazonas,,,,0.490909099578857,0.490909099578857,1,1,0.489130437374115,0.489130437374115,1,1,1.03999996185303,2007,12,163.010131786,163.010131786,169.530530839097,0,319.034698486328,2007-12-01,275.040985107422,269.04150390625,244.966842651367
6348,,,,Brazil,-3.3372,-67.4889,65,1994-01-01,2023-12-31,Amazonas,,,,0.490909099578857,0.490909099578857,1,1,0.489130437374115,0.489130437374115,1,1,1.02999997138977,2008,01,311.473510726,311.473510726,320.817707136451,0,353.940246582031,2008-01-01,337.502716064453,418.010162353516,409.425872802734
6348,,,,Brazil,-3.3372,-67.4889,65,1994-01-01,2023-12-31,Amazonas,,,,0.490909099578857,0.490909099578857,1,1,0.489130437374115,0.489130437374115,1,1,1.03999996185303,2008,02,242.2275391,242.2275391,251.916631423753,0,284.031066894531,2008-02-01,263.990905761719,250.196487426758,235.480804443359
6348,,,,Brazil,-3.3372,-67.4889,65,1994-01-01,2023-12-31,Amazonas,,,,0.490909099578857,0.490909099578857,1,1,0.489130437374115,0.489130437374115,1,1,1.03999996185303,2008,03,235.0019532,235.0019532,244.402022363387,0,348.74169921875,2008-03-01,255.043640136719,259.419006347656,227.525115966797
6348,,,,Brazil,-3.3372,-67.4889,65,1994-01-01,2023-12-31,Amazonas,,,,0.490909099578857,0.490909099578857,1,1,0.489130437374115,0.489130437374115,1,1,1.02999997138977,2008,04,296.3027343,296.3027343,305.191807851711,0,301.573791503906,2008-04-01,267.582855224609,236.891906738281,233.485931396484
6348,,,,Brazil,-3.3372,-67.4889,65,1994-01-01,2023-12-31,Amazonas,,,,0.490909099578857,0.490909099578857,1,1,0.489130437374115,0.489130437374115,1,1,1.02999997138977,2008,05,177.03857404,177.03857404,182.349726196086,0,294.956359863281,2008-05-01,240.884170532227,246.37060546875,238.493453979492
6348,,,,Brazil,-3.3372,-67.4889,65,1994-01-01,2023-12-31,Amazonas,,,,0.490909099578857,0.490909099578857,1,1,0.489130437374115,0.489130437374115,1,1,1.03999996185303,2008,06,97.8925782,97.8925782,101.808277593695,0,154.463562011719,2008-06-01,85.2788314819336,117.135780334473,88.7664794921875
6348,,,,Brazil,-3.3372,-67.4889,65,1994-01-01,2023-12-31,Amazonas,,,,0.490909099578857,0.490909099578857,1,1,0.489130437374115,0.489130437374115,1,1,1.04999995231628,2008,07,51.7031251,51.7031251,54.2882788896029,0,181.35075378418,2008-07-01,184.7705078125,109.728454589844,116.00318145752
6348,,,,Brazil,-3.3372,-67.4889,65,1994-01-01,2023-12-31,Amazonas,,,,0.490909099578857,0.490909099578857,1,1,0.489130437374115,0.489130437374115,1,1,1.04999995231628,2008,08,142.1787109,142.1787109,149.287639665391,0,154.496047973633,2008-08-01,190.053482055664,129.938598632813,136.26042175293
6348,,,,Brazil,-3.3372,-67.4889,65,1994-01-01,2023-12-31,Amazonas,,,,0.490909099578857,0.490909099578857,1,1,0.489130437374115,0.489130437374115,1,1,1.03999996185303,2008,09,124.6972658,124.6972658,129.685151675177,0,150.205657958984,2008-09-01,115.082832336426,133.686996459961,119.973876953125
6348,,,,Brazil,-3.3372,-67.4889,65,1994-01-01,2023-12-31,Amazonas,,,,0.490909099578857,0.490909099578857,1,1,0.489130437374115,0.489130437374115,1,1,1.03999996185303,2008,10,189.47998044,189.47998044,197.059172429512,0,213.036529541016,2008-10-01,194.914306640625,228.034454345703,211.505844116211
6348,,,,Brazil,-3.3372,-67.4889,65,1994-01-01,2023-12-31,Amazonas,,,,0.490909099578857,0.490909099578857,1,1,0.489130437374115,0.489130437374115,1,1,1.03999996185303,2008,11,278.5078125,278.5078125,289.64811437577,0,247.129165649414,2008-11-01,214.68977355957,268.095123291016,230.224029541016
6348,,,,Brazil,-3.3372,-67.4889,65,1994-01-01,2023-12-31,Amazonas,,,,0.490909099578857,0.490909099578857,1,1,0.489130437374115,0.489130437374115,1,1,1.03999996185303,2008,12,190.1093751,190.1093751,197.713742851903,0,353.063812255859,2008-12-01,325.943176269531,243.390655517578,225.493072509766
6348,,,,Brazil,-3.3372,-67.4889,65,1994-01-01,2023-12-31,Amazonas,,,,0.490909099578857,0.490909099578857,1,1,0.489130437374115,0.489130437374115,1,1,1.02999997138977,2009,01,374.9980468,374.9980468,386.24797747522,0,439.439819335938,2009-01-01,428.5283203125,433.389495849609,411.35205078125
6348,,,,Brazil,-3.3372,-67.4889,65,1994-01-01,2023-12-31,Amazonas,,,,0.490909099578857,0.490909099578857,1,1,0.489130437374115,0.489130437374115,1,1,1.03999996185303,2009,02,172.2900391,172.2900391,179.181634091657,0,261.351989746094,2009-02-01,226.767150878906,242.880294799805,206.766082763672
6348,,,,Brazil,-3.3372,-67.4889,65,1994-01-01,2023-12-31,Amazonas,,,,0.490909099578857,0.490909099578857,1,1,0.489130437374115,0.489130437374115,1,1,1.03999996185303,2009,03,278.9921875,278.9921875,290.151864357293,0,371.368469238281,2009-03-01,286.565795898438,324.947570800781,283.424957275391
6348,,,,Brazil,-3.3372,-67.4889,65,1994-01-01,2023-12-31,Amazonas,,,,0.490909099578857,0.490909099578857,1,1,0.489130437374115,0.489130437374115,1,1,1.02999997138977,2009,04,303.0507813,303.0507813,312.142296068648,0,303.037231445313,2009-04-01,265.768493652344,327.394348144531,312.490570068359
6348,,,,Brazil,-3.3372,-67.4889,65,1994-01-01,2023-12-31,Amazonas,,,,0.490909099578857,0.490909099578857,1,1,0.489130437374115,0.489130437374115,1,1,1.02999997138977,2009,05,256.1982422,256.1982422,263.88418213611,0,306.298797607422,2009-05-01,276.456329345703,241.156997680664,245.487060546875
6348,,,,Brazil,-3.3372,-67.4889,65,1994-01-01,2023-12-31,Amazonas,,,,0.490909099578857,0.490909099578857,1,1,0.489130437374115,0.489130437374115,1,1,1.03999996185303,2009,06,167.6328125,167.6328125,174.338118605316,0,229.559066772461,2009-06-01,183.145233154297,209.653579711914,172.746292114258
6348,,,,Brazil,-3.3372,-67.4889,65,1994-01-01,2023-12-31,Amazonas,,,,0.490909099578857,0.490909099578857,1,1,0.489130437374115,0.489130437374115,1,1,1.04999995231628,2009,07,125.50537114,125.50537114,131.780633712438,0,140.30224609375,2009-07-01,129.691131591797,133.944305419922,137.302062988281
6348,,,,Brazil,-3.3372,-67.4889,65,1994-01-01,2023-12-31,Amazonas,,,,0.490909099578857,0.490909099578857,1,1,0.489130437374115,0.489130437374115,1,1,1.04999995231628,2009,08,85.488647486,85.488647486,89.7630757838836,0,152.194396972656,2009-08-01,168.344314575195,147.570404052734,138.301254272461
6348,,,,Brazil,-3.3372,-67.4889,65,1994-01-01,2023-12-31,Amazonas,,,,0.490909099578857,0.490909099578857,1,1,0.489130437374115,0.489130437374115,1,1,1.03999996185303,2009,09,41.6083984,41.6083984,43.2727327487656,0,137.145584106445,2009-09-01,96.9840698242188,84.6081619262695,64.8552856445313
6348,,,,Brazil,-3.3372,-67.4889,65,1994-01-01,2023-12-31,Amazonas,,,,0.490909099578857,0.490909099578857,1,1,0.489130437374115,0.489130437374115,1,1,1.03999996185303,2009,10,84.79223633,84.79223633,88.1839225486329,0,192.137969970703,2009-10-01,168.865142822266,134.001739501953,113.447570800781
6348,,,,Brazil,-3.3372,-67.4889,65,1994-01-01,2023-12-31,Amazonas,,,,0.490909099578857,0.490909099578857,1,1,0.489130437374115,0.489130437374115,1,1,1.03999996185303,2009,11,33.1992187,33.1992187,34.5271861815503,0,213.124160766602,2009-11-01,182.978805541992,163.985961914063,134.641326904297
6348,,,,Brazil,-3.3372,-67.4889,65,1994-01-01,2023-12-31,Amazonas,,,,0.490909099578857,0.490909099578857,1,1,0.489130437374115,0.489130437374115,1,1,1.03999996185303,2009,12,228.2910157,228.2910157,237.422647619389,0,266.521209716797,2009-12-01,230.103317260742,240.132400512695,217.128204345703
6348,,,,Brazil,-3.3372,-67.4889,65,1994-01-01,2023-12-31,Amazonas,,,,0.490909099578857,0.490909099578857,1,1,0.489130437374115,0.489130437374115,1,1,1.02999997138977,2010,01,62.9,62.9,64.7869982004166,0,235.742324829102,2010-01-01,186.323104858398,164.525650024414,140.408599853516
6348,,,,Brazil,-3.3372,-67.4889,65,1994-01-01,2023-12-31,Amazonas,,,,0.490909099578857,0.490909099578857,1,1,0.489130437374115,0.489130437374115,1,1,1.03999996185303,2010,02,226.3,226.3,235.35199136734,8,291.694213867188,2010-02-01,281.029510498047,176.486572265625,161.149475097656
6348,,,,Brazil,-3.3372,-67.4889,65,1994-01-01,2023-12-31,Amazonas,,,,0.490909099578857,0.490909099578857,1,1,0.489130437374115,0.489130437374115,1,1,1.03999996185303,2010,03,86.2,86.2,89.647996711731,0,379.4443359375,2010-03-01,284.965972900391,237.219604492188,196.981246948242
6348,,,,Brazil,-3.3372,-67.4889,65,1994-01-01,2023-12-31,Amazonas,,,,0.490909099578857,0.490909099578857,1,1,0.489130437374115,0.489130437374115,1,1,1.02999997138977,2010,04,274.8,274.8,283.043992137909,0,306.998779296875,2010-04-01,270.518737792969,293.947418212891,267.667755126953
6348,,,,Brazil,-3.3372,-67.4889,65,1994-01-01,2023-12-31,Amazonas,,,,0.490909099578857,0.490909099578857,1,1,0.489130437374115,0.489130437374115,1,1,1.02999997138977,2010,05,63.9,63.9,65.8169981718063,0,289.440643310547,2010-05-01,246.776092529297,156.651336669922,146.082443237305
6348,,,,Brazil,-3.3372,-67.4889,65,1994-01-01,2023-12-31,Amazonas,,,,0.490909099578857,0.490909099578857,1,1,0.489130437374115,0.489130437374115,1,1,1.03999996185303,2010,06,150.7,150.7,156.727994251251,0,228.643615722656,2010-06-01,192.779113769531,212.648529052734,178.317428588867
6348,,,,Brazil,-3.3372,-67.4889,65,1994-01-01,2023-12-31,Amazonas,,,,0.490909099578857,0.490909099578857,1,1,0.489130437374115,0.489130437374115,1,1,1.04999995231628,2010,07,53.8,53.8,56.4899974346161,0,157.600280761719,2010-07-01,143.057342529297,120.004623413086,125.935516357422
6348,,,,Brazil,-3.3372,-67.4889,65,1994-01-01,2023-12-31,Amazonas,,,,0.490909099578857,0.490909099578857,1,1,0.489130437374115,0.489130437374115,1,1,1.04999995231628,2010,08,27.7,27.7,29.0849986791611,0,130.220031738281,2010-08-01,129.601287841797,80.6049499511719,73.4328079223633
6348,,,,Brazil,-3.3372,-67.4889,65,1994-01-01,2023-12-31,Amazonas,,,,0.490909099578857,0.490909099578857,1,1,0.489130437374115,0.489130437374115,1,1,1.03999996185303,2010,09,86.9,86.9,90.3759966850281,0,194.139892578125,2010-09-01,181.220138549805,84.995231628418,82.7626495361328
6348,,,,Brazil,-3.3372,-67.4889,65,1994-01-01,2023-12-31,Amazonas,,,,0.490909099578857,0.490909099578857,1,1,0.489130437374115,0.489130437374115,1,1,1.03999996185303,2010,10,142.6,142.6,148.303994560242,0,216.685943603516,2010-10-01,203.538391113281,146.15690612793,129.888244628906
6348,,,,Brazil,-3.3372,-67.4889,65,1994-01-01,2023-12-31,Amazonas,,,,0.490909099578857,0.490909099578857,1,1,0.489130437374115,0.489130437374115,1,1,1.03999996185303,2010,11,225.7,225.7,234.727991390228,0,268.562622070313,2010-11-01,236.689880371094,245.496826171875,212.601684570313
6348,,,,Brazil,-3.3372,-67.4889,65,1994-01-01,2023-12-31,Amazonas,,,,0.490909099578857,0.490909099578857,1,1,0.489130437374115,0.489130437374115,1,1,1.03999996185303,2010,12,43.4,43.4,45.1359983444214,0,238.381134033203,2010-12-01,190.209594726563,159.517303466797,132.171829223633
6348,,,,Brazil,-3.3372,-67.4889,65,1994-01-01,2023-12-31,Amazonas,,,,0.490909099578857,0.490909099578857,1,1,0.489130437374115,0.489130437374115,1,1,1.02999997138977,2011,01,233.2,233.2,240.195993328095,0,386.01318359375,2011-01-01,356.254211425781,299.821655273438,282.799682617188
6348,,,,Brazil,-3.3372,-67.4889,65,1994-01-01,2023-12-31,Amazonas,,,,0.490909099578857,0.490909099578857,1,1,0.489130437374115,0.489130437374115,1,1,1.03999996185303,2011,02,264.1,264.1,274.663989925385,0,304.199676513672,2011-02-01,309.027648925781,248.47331237793,239.892883300781
6348,,,,Brazil,-3.3372,-67.4889,65,1994-01-01,2023-12-31,Amazonas,,,,0.490909099578857,0.490909099578857,1,1,0.489130437374115,0.489130437374115,1,1,1.03999996185303,2011,03,156.5,156.5,162.759994029999,0,346.756225585938,2011-03-01,253.526458740234,229.06884765625,192.807510375977
6348,,,,Brazil,-3.3372,-67.4889,65,1994-01-01,2023-12-31,Amazonas,,,,0.490909099578857,0.490909099578857,1,1,0.489130437374115,0.489130437374115,1,1,1.02999997138977,2011,04,149.5,149.5,153.984995722771,0,294.366943359375,2011-04-01,252.116775512695,186.727630615234,170.81755065918
6348,,,,Brazil,-3.3372,-67.4889,65,1994-01-01,2023-12-31,Amazonas,,,,0.490909099578857,0.490909099578857,1,1,0.489130437374115,0.489130437374115,1,1,1.02999997138977,2011,05,92.3,92.3,95.0689973592758,0,246.350738525391,2011-05-01,201.367492675781,163.855194091797,150.530242919922
6348,,,,Brazil,-3.3372,-67.4889,65,1994-01-01,2023-12-31,Amazonas,,,,0.490909099578857,0.490909099578857,1,1,0.489130437374115,0.489130437374115,1,1,1.03999996185303,2011,06,46.1,46.1,47.9439982414246,0,195.501937866211,2011-06-01,148.869659423828,131.414245605469,97.8045196533203
6348,,,,Brazil,-3.3372,-67.4889,65,1994-01-01,2023-12-31,Amazonas,,,,0.490909099578857,0.490909099578857,1,1,0.489130437374115,0.489130437374115,1,1,1.04999995231628,2011,07,78.4,78.4,82.3199962615967,0,140.250518798828,2011-07-01,119.078918457031,103.75439453125,96.8590545654297
6348,,,,Brazil,-3.3372,-67.4889,65,1994-01-01,2023-12-31,Amazonas,,,,0.490909099578857,0.490909099578857,1,1,0.489130437374115,0.489130437374115,1,1,1.04999995231628,2011,08,29.9,29.9,31.3949985742569,0,81.6043853759766,2011-08-01,53.7505760192871,52.3141098022461,42.3140983581543
6348,,,,Brazil,-3.3372,-67.4889,65,1994-01-01,2023-12-31,Amazonas,,,,0.490909099578857,0.490909099578857,1,1,0.489130437374115,0.489130437374115,1,1,1.03999996185303,2011,09,90.1,90.1,93.7039965629578,0,213.860809326172,2011-09-01,195.536560058594,156.607269287109,146.769058227539
6348,,,,Brazil,-3.3372,-67.4889,65,1994-01-01,2023-12-31,Amazonas,,,,0.490909099578857,0.490909099578857,1,1,0.489130437374115,0.489130437374115,1,1,1.03999996185303,2011,10,64.7,64.7,67.2879975318909,0,189.242736816406,2011-10-01,170.151489257813,126.517860412598,109.616546630859
6348,,,,Brazil,-3.3372,-67.4889,65,1994-01-01,2023-12-31,Amazonas,,,,0.490909099578857,0.490909099578857,1,1,0.489130437374115,0.489130437374115,1,1,1.03999996185303,2011,11,43.6,43.6,45.343998336792,0,236.393676757813,2011-11-01,201.494400024414,173.958251953125,140.576400756836
6348,,,,Brazil,-3.3372,-67.4889,65,1994-01-01,2023-12-31,Amazonas,,,,0.490909099578857,0.490909099578857,1,1,0.489130437374115,0.489130437374115,1,1,1.03999996185303,2011,12,203.4,203.4,211.535992240906,0,264.862060546875,2011-12-01,220.881744384766,277.152984619141,241.832138061523
6348,,,,Brazil,-3.3372,-67.4889,65,1994-01-01,2023-12-31,Amazonas,,,,0.490909099578857,0.490909099578857,1,1,0.489130437374115,0.489130437374115,1,1,1.02999997138977,2012,01,257.9,257.9,265.636992621422,0,363.832489013672,2012-01-01,347.982086181641,366.420379638672,335.269409179688
6348,,,,Brazil,-3.3372,-67.4889,65,1994-01-01,2023-12-31,Amazonas,,,,0.490909099578857,0.490909099578857,1,1,0.489130437374115,0.489130437374115,1,1,1.03999996185303,2012,02,310,310,322.399988174438,0,252.715682983398,2012-02-01,210.75520324707,284.399780273438,255.634552001953
6348,,,,Brazil,-3.3372,-67.4889,65,1994-01-01,2023-12-31,Amazonas,,,,0.490909099578857,0.490909099578857,1,1,0.489130437374115,0.489130437374115,1,1,1.03999996185303,2012,03,107,107,111.279995918274,0,338.632965087891,2012-03-01,241.800704956055,274.894653320313,225.544708251953
6348,,,,Brazil,-3.3372,-67.4889,65,1994-01-01,2023-12-31,Amazonas,,,,0.490909099578857,0.490909099578857,1,1,0.489130437374115,0.489130437374115,1,1,1.02999997138977,2012,04,185,185,190.549994707108,0,282.792877197266,2012-04-01,228.422744750977,201.602828979492,185.787902832031
6348,,,,Brazil,-3.3372,-67.4889,65,1994-01-01,2023-12-31,Amazonas,,,,0.490909099578857,0.490909099578857,1,1,0.489130437374115,0.489130437374115,1,1,1.02999997138977,2012,05,33.1,33.1,34.0929990530014,0,311.799407958984,2012-05-01,279.612457275391,194.690124511719,190.982879638672
6348,,,,Brazil,-3.3372,-67.4889,65,1994-01-01,2023-12-31,Amazonas,,,,0.490909099578857,0.490909099578857,1,1,0.489130437374115,0.489130437374115,1,1,1.03999996185303,2012,06,201.8,201.8,209.871992301941,0,177.857299804688,2012-06-01,122.437492370605,194.504592895508,154.287155151367
6348,,,,Brazil,-3.3372,-67.4889,65,1994-01-01,2023-12-31,Amazonas,,,,0.490909099578857,0.490909099578857,1,1,0.489130437374115,0.489130437374115,1,1,1.04999995231628,2012,07,193.2,193.2,202.859990787506,0,177.404098510742,2012-07-01,171.747589111328,146.183578491211,152.007766723633
6348,,,,Brazil,-3.3372,-67.4889,65,1994-01-01,2023-12-31,Amazonas,,,,0.490909099578857,0.490909099578857,1,1,0.489130437374115,0.489130437374115,1,1,1.04999995231628,2012,08,60.8,60.8,63.8399971008301,0,137.240051269531,2012-08-01,147.349334716797,162.026168823242,153.245483398438
6348,,,,Brazil,-3.3372,-67.4889,65,1994-01-01,2023-12-31,Amazonas,,,,0.490909099578857,0.490909099578857,1,1,0.489130437374115,0.489130437374115,1,1,1.03999996185303,2012,09,90.2,90.2,93.8079965591431,0,143.273986816406,2012-09-01,119.36018371582,105.605438232422,94.485107421875
6348,,,,Brazil,-3.3372,-67.4889,65,1994-01-01,2023-12-31,Amazonas,,,,0.490909099578857,0.490909099578857,1,1,0.489130437374115,0.489130437374115,1,1,1.03999996185303,2012,10,159.1,159.1,165.463993930817,0,276.641021728516,2012-10-01,279.100769042969,245.558685302734,227.554290771484
6348,,,,Brazil,-3.3372,-67.4889,65,1994-01-01,2023-12-31,Amazonas,,,,0.490909099578857,0.490909099578857,1,1,0.489130437374115,0.489130437374115,1,1,1.03999996185303,2012,11,183.5,183.5,190.839993000031,0,183.669464111328,2012-11-01,159.326354980469,175.551986694336,146.773544311523
6348,,,,Brazil,-3.3372,-67.4889,65,1994-01-01,2023-12-31,Amazonas,,,,0.490909099578857,0.490909099578857,1,1,0.489130437374115,0.489130437374115,1,1,1.03999996185303,2012,12,206.8,206.8,215.071992111206,0,324.705688476563,2012-12-01,292.345764160156,280.170288085938,266.771514892578
6348,,,,Brazil,-3.3372,-67.4889,65,1994-01-01,2023-12-31,Amazonas,,,,0.490909099578857,0.490909099578857,1,1,0.489130437374115,0.489130437374115,1,1,1.02999997138977,2013,01,273.2,273.2,281.395992183685,0,274.624389648438,2013-01-01,262.768218994141,317.365173339844,299.024658203125
6348,,,,Brazil,-3.3372,-67.4889,65,1994-01-01,2023-12-31,Amazonas,,,,0.490909099578857,0.490909099578857,1,1,0.489130437374115,0.489130437374115,1,1,1.03999996185303,2013,02,199.9,199.9,207.89599237442,0,256.960510253906,2013-02-01,228.931976318359,332.429016113281,249.575561523438
6348,,,,Brazil,-3.3372,-67.4889,65,1994-01-01,2023-12-31,Amazonas,,,,0.490909099578857,0.490909099578857,1,1,0.489130437374115,0.489130437374115,1,1,1.03999996185303,2013,03,162.9,162.9,169.415993785858,0,342.765869140625,2013-03-01,265.429931640625,342.627685546875,317.224914550781
6348,,,,Brazil,-3.3372,-67.4889,65,1994-01-01,2023-12-31,Amazonas,,,,0.490909099578857,0.490909099578857,1,1,0.489130437374115,0.489130437374115,1,1,1.02999997138977,2013,04,312.4,312.4,321.771991062164,0,267.604309082031,2013-04-01,216.70524597168,269.635192871094,244.02571105957
6348,,,,Brazil,-3.3372,-67.4889,65,1994-01-01,2023-12-31,Amazonas,,,,0.490909099578857,0.490909099578857,1,1,0.489130437374115,0.489130437374115,1,1,1.02999997138977,2013,05,115.7,115.7,119.170996689796,0,296.749969482422,2013-05-01,286.987152099609,328.839965820313,304.535614013672
6348,,,,Brazil,-3.3372,-67.4889,65,1994-01-01,2023-12-31,Amazonas,,,,0.490909099578857,0.490909099578857,1,1,0.489130437374115,0.489130437374115,1,1,1.03999996185303,2013,06,85.2,85.2,88.6079967498779,0,211.3466796875,2013-06-01,170.841384887695,210.063934326172,176.786437988281
6348,,,,Brazil,-3.3372,-67.4889,65,1994-01-01,2023-12-31,Amazonas,,,,0.490909099578857,0.490909099578857,1,1,0.489130437374115,0.489130437374115,1,1,1.04999995231628,2013,07,95.2,95.2,99.9599954605103,0,189.191131591797,2013-07-01,202.788497924805,218.392135620117,252.429077148438
6348,,,,Brazil,-3.3372,-67.4889,65,1994-01-01,2023-12-31,Amazonas,,,,0.490909099578857,0.490909099578857,1,1,0.489130437374115,0.489130437374115,1,1,1.04999995231628,2013,08,77.6,77.6,81.4799962997437,0,131.381759643555,2013-08-01,161.434158325195,152.332962036133,215.126052856445
6348,,,,Brazil,-3.3372,-67.4889,65,1994-01-01,2023-12-31,Amazonas,,,,0.490909099578857,0.490909099578857,1,1,0.489130437374115,0.489130437374115,1,1,1.03999996185303,2013,09,17.8,17.8,18.5119993209839,0,148.106628417969,2013-09-01,129.879898071289,139.984237670898,114.378433227539
6348,,,,Brazil,-3.3372,-67.4889,65,1994-01-01,2023-12-31,Amazonas,,,,0.490909099578857,0.490909099578857,1,1,0.489130437374115,0.489130437374115,1,1,1.03999996185303,2013,10,152.8,152.8,158.911994171143,0,195.969635009766,2013-10-01,182.074432373047,187.863586425781,166.550384521484
6348,,,,Brazil,-3.3372,-67.4889,65,1994-01-01,2023-12-31,Amazonas,,,,0.490909099578857,0.490909099578857,1,1,0.489130437374115,0.489130437374115,1,1,1.03999996185303,2013,11,90.9,90.9,94.5359965324402,0,200.89436340332,2013-11-01,180.966339111328,203.210403442383,170.069122314453
6348,,,,Brazil,-3.3372,-67.4889,65,1994-01-01,2023-12-31,Amazonas,,,,0.490909099578857,0.490909099578857,1,1,0.489130437374115,0.489130437374115,1,1,1.03999996185303,2013,12,16.5,16.5,17.159999370575,18,269.460876464844,2013-12-01,236.35481262207,283.673156738281,287.198120117188
6348,,,,Brazil,-3.3372,-67.4889,65,1994-01-01,2023-12-31,Amazonas,,,,0.490909099578857,0.490909099578857,1,1,0.489130437374115,0.489130437374115,1,1,1.02999997138977,2014,01,319.4,319.4,328.981990861893,0,254.921661376953,2014-01-01,236.010665893555,318.798736572266,266.071594238281
6348,,,,Brazil,-3.3372,-67.4889,65,1994-01-01,2023-12-31,Amazonas,,,,0.490909099578857,0.490909099578857,1,1,0.489130437374115,0.489130437374115,1,1,1.03999996185303,2014,02,124.7,124.7,129.687995243073,0,246.626724243164,2014-02-01,211.710235595703,276.582824707031,166.255828857422
6348,,,,Brazil,-3.3372,-67.4889,65,1994-01-01,2023-12-31,Amazonas,,,,0.490909099578857,0.490909099578857,1,1,0.489130437374115,0.489130437374115,1,1,1.03999996185303,2014,03,296,296,307.839988708496,0,394.236755371094,2014-03-01,325.156372070313,416.587951660156,388.509643554688
6348,,,,Brazil,-3.3372,-67.4889,65,1994-01-01,2023-12-31,Amazonas,,,,0.490909099578857,0.490909099578857,1,1,0.489130437374115,0.489130437374115,1,1,1.02999997138977,2014,04,92.6,92.6,95.3779973506927,0,284.026916503906,2014-04-01,241.413909912109,360.065185546875,261.331115722656
6348,,,,Brazil,-3.3372,-67.4889,65,1994-01-01,2023-12-31,Amazonas,,,,0.490909099578857,0.490909099578857,1,1,0.489130437374115,0.489130437374115,1,1,1.02999997138977,2014,05,199.4,199.4,205.38199429512,0,282.827850341797,2014-05-01,241.341781616211,316.843658447266,278.644195556641
6348,,,,Brazil,-3.3372,-67.4889,65,1994-01-01,2023-12-31,Amazonas,,,,0.490909099578857,0.490909099578857,1,1,0.489130437374115,0.489130437374115,1,1,1.03999996185303,2014,06,49.2,49.2,51.167998123169,0,180.422973632813,2014-06-01,131.786987304688,222.524597167969,185.870346069336
6348,,,,Brazil,-3.3372,-67.4889,65,1994-01-01,2023-12-31,Amazonas,,,,0.490909099578857,0.490909099578857,1,1,0.489130437374115,0.489130437374115,1,1,1.04999995231628,2014,07,116.2,116.2,122.009994459152,0,122.593322753906,2014-07-01,104.730209350586,185.509384155273,212.977111816406
6348,,,,Brazil,-3.3372,-67.4889,65,1994-01-01,2023-12-31,Amazonas,,,,0.490909099578857,0.490909099578857,1,1,0.489130437374115,0.489130437374115,1,1,1.04999995231628,2014,08,113.6,113.6,119.27999458313,0,107.808143615723,2014-08-01,121.633056640625,116.799011230469,130.729049682617
6348,,,,Brazil,-3.3372,-67.4889,65,1994-01-01,2023-12-31,Amazonas,,,,0.490909099578857,0.490909099578857,1,1,0.489130437374115,0.489130437374115,1,1,1.03999996185303,2014,09,57.4,57.4,59.6959978103638,0,150.603591918945,2014-09-01,120.247398376465,144.699813842773,114.029899597168
6348,,,,Brazil,-3.3372,-67.4889,65,1994-01-01,2023-12-31,Amazonas,,,,0.490909099578857,0.490909099578857,1,1,0.489130437374115,0.489130437374115,1,1,1.03999996185303,2014,10,105.8,105.8,110.03199596405,1,209.01628112793,2014-10-01,211.904907226563,182.781372070313,254.177444458008
6348,,,,Brazil,-3.3372,-67.4889,65,1994-01-01,2023-12-31,Amazonas,,,,0.490909099578857,0.490909099578857,1,1,0.489130437374115,0.489130437374115,1,1,1.03999996185303,2014,11,64.8,64.8,67.3919975280762,0,231.890670776367,2014-11-01,211.315002441406,197.892517089844,193.105316162109
6348,,,,Brazil,-3.3372,-67.4889,65,1994-01-01,2023-12-31,Amazonas,,,,0.490909099578857,0.490909099578857,1,1,0.489130437374115,0.489130437374115,1,1,1.03999996185303,2014,12,121.6,121.6,126.463995361328,1,209.038497924805,2014-12-01,166.439468383789,240.871734619141,202.736663818359
6348,,,,Brazil,-3.3372,-67.4889,65,1994-01-01,2023-12-31,Amazonas,,,,0.490909099578857,0.490909099578857,1,1,0.489130437374115,0.489130437374115,1,1,1.02999997138977,2015,01,172.8,172.8,177.983995056152,0,263.733032226563,2015-01-01,233.289916992188,354.475036621094,296.51220703125
6348,,,,Brazil,-3.3372,-67.4889,65,1994-01-01,2023-12-31,Amazonas,,,,0.490909099578857,0.490909099578857,1,1,0.489130437374115,0.489130437374115,1,1,1.03999996185303,2015,02,79.6,79.6,82.783996963501,0,250.140625,2015-02-01,218.375671386719,172.676330566406,217.447036743164
6348,,,,Brazil,-3.3372,-67.4889,65,1994-01-01,2023-12-31,Amazonas,,,,0.490909099578857,0.490909099578857,1,1,0.489130437374115,0.489130437374115,1,1,1.03999996185303,2015,03,164.4,164.4,170.975993728638,0,336.800262451172,2015-03-01,254.875259399414,298.572509765625,272.900512695313
6348,,,,Brazil,-3.3372,-67.4889,65,1994-01-01,2023-12-31,Amazonas,,,,0.490909099578857,0.490909099578857,1,1,0.489130437374115,0.489130437374115,1,1,1.02999997138977,2015,04,52.3,52.3,53.868998503685,0,271.334533691406,2015-04-01,215.646575927734,264.255737304688,228.171310424805
6348,,,,Brazil,-3.3372,-67.4889,65,1994-01-01,2023-12-31,Amazonas,,,,0.490909099578857,0.490909099578857,1,1,0.489130437374115,0.489130437374115,1,1,1.02999997138977,2015,05,217.4,217.4,223.921993780136,0,326.115417480469,2015-05-01,301.025207519531,280.346313476563,360.917572021484
6348,,,,Brazil,-3.3372,-67.4889,65,1994-01-01,2023-12-31,Amazonas,,,,0.490909099578857,0.490909099578857,1,1,0.489130437374115,0.489130437374115,1,1,1.03999996185303,2015,06,30.6,30.6,31.8239988327026,0,227.901443481445,2015-06-01,201.557342529297,237.098251342773,265.179382324219
6348,,,,Brazil,-3.3372,-67.4889,65,1994-01-01,2023-12-31,Amazonas,,,,0.490909099578857,0.490909099578857,1,1,0.489130437374115,0.489130437374115,1,1,1.04999995231628,2015,07,108.8,108.8,114.239994812012,0,106.808692932129,2015-07-01,82.3158111572266,102.466316223145,96.8416442871094
6348,,,,Brazil,-3.3372,-67.4889,65,1994-01-01,2023-12-31,Amazonas,,,,0.490909099578857,0.490909099578857,1,1,0.489130437374115,0.489130437374115,1,1,1.04999995231628,2015,08,10.2,10.2,10.7099995136261,0,119.552520751953,2015-08-01,121.478507995605,110.567962646484,103.398124694824
6348,,,,Brazil,-3.3372,-67.4889,65,1994-01-01,2023-12-31,Amazonas,,,,0.490909099578857,0.490909099578857,1,1,0.489130437374115,0.489130437374115,1,1,1.03999996185303,2015,09,3,3,3.11999988555908,0,125.959976196289,2015-09-01,106.720985412598,110.478485107422,81.6811981201172
6348,,,,Brazil,-3.3372,-67.4889,65,1994-01-01,2023-12-31,Amazonas,,,,0.490909099578857,0.490909099578857,1,1,0.489130437374115,0.489130437374115,1,1,1.03999996185303,2015,10,76.4,76.4,79.4559970855713,0,173.468566894531,2015-10-01,163.361190795898,155.772735595703,194.158340454102
6348,,,,Brazil,-3.3372,-67.4889,65,1994-01-01,2023-12-31,Amazonas,,,,0.490909099578857,0.490909099578857,1,1,0.489130437374115,0.489130437374115,1,1,1.03999996185303,2015,11,7.3,7.3,7.5919997215271,0,201.171249389648,2015-11-01,176.511901855469,199.117248535156,147.264556884766
6348,,,,Brazil,-3.3372,-67.4889,65,1994-01-01,2023-12-31,Amazonas,,,,0.490909099578857,0.490909099578857,1,1,0.489130437374115,0.489130437374115,1,1,1.03999996185303,2015,12,75.6,75.6,78.6239971160889,0,207.689178466797,2015-12-01,174.481674194336,263.501586914063,222.316497802734
6348,,,,Brazil,-3.3372,-67.4889,65,1994-01-01,2023-12-31,Amazonas,,,,0.490909099578857,0.490909099578857,1,1,0.489130437374115,0.489130437374115,1,1,1.02999997138977,2016,01,102,102,105.059997081757,0,231.192474365234,2016-01-01,207.930114746094,245.632904052734,234.308853149414
6348,,,,Brazil,-3.3372,-67.4889,65,1994-01-01,2023-12-31,Amazonas,,,,0.490909099578857,0.490909099578857,1,1,0.489130437374115,0.489130437374115,1,1,1.03999996185303,2016,02,129.8,129.8,134.991995048523,0,266.602386474609,2016-02-01,243.225021362305,276.714599609375,282.722808837891
6348,,,,Brazil,-3.3372,-67.4889,65,1994-01-01,2023-12-31,Amazonas,,,,0.490909099578857,0.490909099578857,1,1,0.489130437374115,0.489130437374115,1,1,1.03999996185303,2016,03,61.7,61.7,64.1679976463318,0,313.163208007813,2016-03-01,229.105819702148,294.441253662109,223.492721557617
6348,,,,Brazil,-3.3372,-67.4889,65,1994-01-01,2023-12-31,Amazonas,,,,0.490909099578857,0.490909099578857,1,1,0.489130437374115,0.489130437374115,1,1,1.02999997138977,2016,04,48.2,48.2,49.6459986209869,0,316.401275634766,2016-04-01,289.423706054688,288.415252685547,281.924926757813
6348,,,,Brazil,-3.3372,-67.4889,65,1994-01-01,2023-12-31,Amazonas,,,,0.490909099578857,0.490909099578857,1,1,0.489130437374115,0.489130437374115,1,1,1.02999997138977,2016,05,32,32,32.9599990844727,17,292.314910888672,2016-05-01,254.709655761719,256.828582763672,251.662368774414
6348,,,,Brazil,-3.3372,-67.4889,65,1994-01-01,2023-12-31,Amazonas,,,,0.490909099578857,0.490909099578857,1,1,0.489130437374115,0.489130437374115,1,1,1.03999996185303,2016,06,111,111,115.439995765686,0,212.950378417969,2016-06-01,172.41520690918,246.609649658203,178.59635925293
6348,,,,Brazil,-3.3372,-67.4889,65,1994-01-01,2023-12-31,Amazonas,,,,0.490909099578857,0.490909099578857,1,1,0.489130437374115,0.489130437374115,1,1,1.04999995231628,2016,07,45.8,45.8,48.0899978160858,1,211.077239990234,2016-07-01,236.608947753906,207.422424316406,211.654113769531
6348,,,,Brazil,-3.3372,-67.4889,65,1994-01-01,2023-12-31,Amazonas,,,,0.490909099578857,0.490909099578857,1,1,0.489130437374115,0.489130437374115,1,1,1.04999995231628,2016,08,71.6,71.6,75.179996585846,0,122.048942565918,2016-08-01,126.919654846191,105.083618164063,132.402984619141
6348,,,,Brazil,-3.3372,-67.4889,65,1994-01-01,2023-12-31,Amazonas,,,,0.490909099578857,0.490909099578857,1,1,0.489130437374115,0.489130437374115,1,1,1.03999996185303,2016,09,101,101,105.039996147156,0,138.336212158203,2016-09-01,109.352508544922,128.27001953125,145.184158325195
6348,,,,Brazil,-3.3372,-67.4889,65,1994-01-01,2023-12-31,Amazonas,,,,0.490909099578857,0.490909099578857,1,1,0.489130437374115,0.489130437374115,1,1,1.03999996185303,2016,10,121.1,121.1,125.943995380402,0,204.352386474609,2016-10-01,198.366104125977,169.78742980957,262.675262451172
6348,,,,Brazil,-3.3372,-67.4889,65,1994-01-01,2023-12-31,Amazonas,,,,0.490909099578857,0.490909099578857,1,1,0.489130437374115,0.489130437374115,1,1,1.03999996185303,2016,11,143.4,143.4,149.135994529724,0,224.938720703125,2016-11-01,196.928756713867,224.082504272461,127.856132507324
6348,,,,Brazil,-3.3372,-67.4889,65,1994-01-01,2023-12-31,Amazonas,,,,0.490909099578857,0.490909099578857,1,1,0.489130437374115,0.489130437374115,1,1,1.03999996185303,2016,12,105.4,105.4,109.615995979309,0,301.43408203125,2016-12-01,266.471221923828,312.499328613281,246.982711791992
6348,,,,Brazil,-3.3372,-67.4889,65,1994-01-01,2023-12-31,Amazonas,,,,0.490909099578857,0.490909099578857,1,1,0.489130437374115,0.489130437374115,1,1,1.02999997138977,2017,01,79.2,79.2,81.5759977340698,0,304.808227539063,2017-01-01,294.376098632813,350.438842773438,389.367370605469
6348,,,,Brazil,-3.3372,-67.4889,65,1994-01-01,2023-12-31,Amazonas,,,,0.490909099578857,0.490909099578857,1,1,0.489130437374115,0.489130437374115,1,1,1.03999996185303,2017,02,242.3,242.3,251.991990756989,0,253.47966003418,2017-02-01,242.035125732422,288.701538085938,314.375427246094
6348,,,,Brazil,-3.3372,-67.4889,65,1994-01-01,2023-12-31,Amazonas,,,,0.490909099578857,0.490909099578857,1,1,0.489130437374115,0.489130437374115,1,1,1.03999996185303,2017,03,256,256,266.239990234375,0,320.895050048828,2017-03-01,236.05891418457,308.715087890625,306.763244628906
6348,,,,Brazil,-3.3372,-67.4889,65,1994-01-01,2023-12-31,Amazonas,,,,0.490909099578857,0.490909099578857,1,1,0.489130437374115,0.489130437374115,1,1,1.02999997138977,2017,04,102.2,102.2,105.265997076035,0,237.796722412109,2017-04-01,188.448760986328,251.12565612793,167.714645385742
6348,,,,Brazil,-3.3372,-67.4889,65,1994-01-01,2023-12-31,Amazonas,,,,0.490909099578857,0.490909099578857,1,1,0.489130437374115,0.489130437374115,1,1,1.02999997138977,2017,05,157.6,157.6,162.327995491028,0,308.739562988281,2017-05-01,290.961822509766,290.171875,246.137969970703
6348,,,,Brazil,-3.3372,-67.4889,65,1994-01-01,2023-12-31,Amazonas,,,,0.490909099578857,0.490909099578857,1,1,0.489130437374115,0.489130437374115,1,1,1.03999996185303,2017,06,315.7,315.7,328.327987957001,0,149.680145263672,2017-06-01,100.874893188477,169.714935302734,114.534828186035
6348,,,,Brazil,-3.3372,-67.4889,65,1994-01-01,2023-12-31,Amazonas,,,,0.490909099578857,0.490909099578857,1,1,0.489130437374115,0.489130437374115,1,1,1.04999995231628,2017,07,80.1,80.1,84.1049961805344,0,79.8787002563477,2017-07-01,44.5361862182617,96.3026428222656,71.5048141479492
6348,,,,Brazil,-3.3372,-67.4889,65,1994-01-01,2023-12-31,Amazonas,,,,0.490909099578857,0.490909099578857,1,1,0.489130437374115,0.489130437374115,1,1,1.04999995231628,2017,08,97.6,97.6,102.479995346069,0,110.021179199219,2017-08-01,125.242279052734,95.0345077514648,102.891090393066
6348,,,,Brazil,-3.3372,-67.4889,65,1994-01-01,2023-12-31,Amazonas,,,,0.490909099578857,0.490909099578857,1,1,0.489130437374115,0.489130437374115,1,1,1.03999996185303,2017,09,217.9,217.9,226.615991687775,0,168.466567993164,2017-09-01,148.353759765625,164.295074462891,188.572967529297
6348,,,,Brazil,-3.3372,-67.4889,65,1994-01-01,2023-12-31,Amazonas,,,,0.490909099578857,0.490909099578857,1,1,0.489130437374115,0.489130437374115,1,1,1.03999996185303,2017,10,251.6,251.6,261.663990402222,0,204.031005859375,2017-10-01,200.263885498047,188.297180175781,166.532302856445
6348,,,,Brazil,-3.3372,-67.4889,65,1994-01-01,2023-12-31,Amazonas,,,,0.490909099578857,0.490909099578857,1,1,0.489130437374115,0.489130437374115,1,1,1.03999996185303,2017,11,208.9,208.9,217.255992031097,0,253.040512084961,2017-11-01,226.326950073242,251.175994873047,171.022308349609
6348,,,,Brazil,-3.3372,-67.4889,65,1994-01-01,2023-12-31,Amazonas,,,,0.490909099578857,0.490909099578857,1,1,0.489130437374115,0.489130437374115,1,1,1.03999996185303,2017,12,253.4,253.4,263.535990333557,0,273.947998046875,2017-12-01,249.365493774414,380.678863525391,275.546875
6348,,,,Brazil,-3.3372,-67.4889,65,1994-01-01,2023-12-31,Amazonas,,,,0.490909099578857,0.490909099578857,1,1,0.489130437374115,0.489130437374115,1,1,1.02999997138977,2018,01,221.2,221.2,227.835993671417,0,201.310638427734,2018-01-01,174.374664306641,234.845886230469,214.938613891602
6348,,,,Brazil,-3.3372,-67.4889,65,1994-01-01,2023-12-31,Amazonas,,,,0.490909099578857,0.490909099578857,1,1,0.489130437374115,0.489130437374115,1,1,1.03999996185303,2018,02,294.4,294.4,306.175988769531,0,272.172454833984,2018-02-01,248.773452758789,291.338348388672,272.981628417969
6348,,,,Brazil,-3.3372,-67.4889,65,1994-01-01,2023-12-31,Amazonas,,,,0.490909099578857,0.490909099578857,1,1,0.489130437374115,0.489130437374115,1,1,1.03999996185303,2018,03,227.2,227.2,236.287991333008,0,322.506652832031,2018-03-01,234.249526977539,289.675506591797,192.143264770508
6348,,,,Brazil,-3.3372,-67.4889,65,1994-01-01,2023-12-31,Amazonas,,,,0.490909099578857,0.490909099578857,1,1,0.489130437374115,0.489130437374115,1,1,1.02999997138977,2018,04,479.4,479.4,493.781986284256,0,305.502990722656,2018-04-01,267.573425292969,326.554290771484,293.279632568359
6348,,,,Brazil,-3.3372,-67.4889,65,1994-01-01,2023-12-31,Amazonas,,,,0.490909099578857,0.490909099578857,1,1,0.489130437374115,0.489130437374115,1,1,1.02999997138977,2018,05,162.1,162.1,166.962995362282,0,289.760070800781,2018-05-01,241.257949829102,313.693603515625,240.645401000977
6348,,,,Brazil,-3.3372,-67.4889,65,1994-01-01,2023-12-31,Amazonas,,,,0.490909099578857,0.490909099578857,1,1,0.489130437374115,0.489130437374115,1,1,1.03999996185303,2018,06,124,124,128.959995269775,0,135.920394897461,2018-06-01,74.0759429931641,123.487113952637,118.897232055664
6348,,,,Brazil,-3.3372,-67.4889,65,1994-01-01,2023-12-31,Amazonas,,,,0.490909099578857,0.490909099578857,1,1,0.489130437374115,0.489130437374115,1,1,1.04999995231628,2018,07,113.9,113.9,119.594994568825,6,131.302780151367,2018-07-01,111.548866271973,143.665649414063,134.565124511719
6348,,,,Brazil,-3.3372,-67.4889,65,1994-01-01,2023-12-31,Amazonas,,,,0.490909099578857,0.490909099578857,1,1,0.489130437374115,0.489130437374115,1,1,1.04999995231628,2018,08,159.4,159.4,167.369992399216,0,134.192031860352,2018-08-01,154.895233154297,147.315872192383,152.323577880859
6348,,,,Brazil,-3.3372,-67.4889,65,1994-01-01,2023-12-31,Amazonas,,,,0.490909099578857,0.490909099578857,1,1,0.489130437374115,0.489130437374115,1,1,1.03999996185303,2018,09,37.2,37.2,38.6879985809326,0,143.111892700195,2018-09-01,123.207489013672,136.399398803711,105.996856689453
6348,,,,Brazil,-3.3372,-67.4889,65,1994-01-01,2023-12-31,Amazonas,,,,0.490909099578857,0.490909099578857,1,1,0.489130437374115,0.489130437374115,1,1,1.03999996185303,2018,10,168.4,168.4,175.13599357605,0,198.850341796875,2018-10-01,193.83837890625,209.89306640625,197.508697509766
6348,,,,Brazil,-3.3372,-67.4889,65,1994-01-01,2023-12-31,Amazonas,,,,0.490909099578857,0.490909099578857,1,1,0.489130437374115,0.489130437374115,1,1,1.03999996185303,2018,11,179.4,179.4,186.575993156433,0,219.341995239258,2018-11-01,199.847854614258,260.99658203125,267.795837402344
6348,,,,Brazil,-3.3372,-67.4889,65,1994-01-01,2023-12-31,Amazonas,,,,0.490909099578857,0.490909099578857,1,1,0.489130437374115,0.489130437374115,1,1,1.03999996185303,2018,12,359.1,359.1,373.463986301422,0,237.084289550781,2018-12-01,195.953826904297,343.107116699219,237.750091552734
6348,,,,Brazil,-3.3372,-67.4889,65,1994-01-01,2023-12-31,Amazonas,,,,0.490909099578857,0.490909099578857,1,1,0.489130437374115,0.489130437374115,1,1,1.02999997138977,2019,01,336.9,336.9,347.006990361214,0,265.519500732422,2019-01-01,248.670104980469,298.828186035156,314.143920898438
6348,,,,Brazil,-3.3372,-67.4889,65,1994-01-01,2023-12-31,Amazonas,,,,0.490909099578857,0.490909099578857,1,1,0.489130437374115,0.489130437374115,1,1,1.03999996185303,2019,02,417.2,417.2,433.887984085083,0,243.820571899414,2019-02-01,207.270599365234,278.581939697266,290.229187011719
6348,,,,Brazil,-3.3372,-67.4889,65,1994-01-01,2023-12-31,Amazonas,,,,0.490909099578857,0.490909099578857,1,1,0.489130437374115,0.489130437374115,1,1,1.03999996185303,2019,03,204.9,204.9,213.095992183685,0,339.576477050781,2019-03-01,256.012451171875,352.937927246094,219.776794433594
6348,,,,Brazil,-3.3372,-67.4889,65,1994-01-01,2023-12-31,Amazonas,,,,0.490909099578857,0.490909099578857,1,1,0.489130437374115,0.489130437374115,1,1,1.02999997138977,2019,04,230.2,230.2,237.105993413925,0,260.126159667969,2019-04-01,214.30940246582,236.087921142578,228.858734130859
6348,,,,Brazil,-3.3372,-67.4889,65,1994-01-01,2023-12-31,Amazonas,,,,0.490909099578857,0.490909099578857,1,1,0.489130437374115,0.489130437374115,1,1,1.02999997138977,2019,05,315.8,315.8,325.27399096489,0,279.429992675781,2019-05-01,236.34880065918,262.737731933594,293.917877197266
6348,,,,Brazil,-3.3372,-67.4889,65,1994-01-01,2023-12-31,Amazonas,,,,0.490909099578857,0.490909099578857,1,1,0.489130437374115,0.489130437374115,1,1,1.03999996185303,2019,06,217.4,217.4,226.095991706848,0,238.780410766602,2019-06-01,209.100143432617,281.47705078125,222.302551269531
6348,,,,Brazil,-3.3372,-67.4889,65,1994-01-01,2023-12-31,Amazonas,,,,0.490909099578857,0.490909099578857,1,1,0.489130437374115,0.489130437374115,1,1,1.04999995231628,2019,07,141,141,148.049993276596,0,161.665084838867,2019-07-01,156.355392456055,206.370910644531,182.437744140625
6348,,,,Brazil,-3.3372,-67.4889,65,1994-01-01,2023-12-31,Amazonas,,,,0.490909099578857,0.490909099578857,1,1,0.489130437374115,0.489130437374115,1,1,1.04999995231628,2019,08,61.8,61.8,64.8899970531464,0,87.7920074462891,2019-08-01,73.9490585327149,85.400390625,94.8573455810547
6348,,,,Brazil,-3.3372,-67.4889,65,1994-01-01,2023-12-31,Amazonas,,,,0.490909099578857,0.490909099578857,1,1,0.489130437374115,0.489130437374115,1,1,1.03999996185303,2019,09,84.7,84.7,88.0879967689514,0,169.075119018555,2019-09-01,156.34489440918,145.012771606445,146.118377685547
6348,,,,Brazil,-3.3372,-67.4889,65,1994-01-01,2023-12-31,Amazonas,,,,0.490909099578857,0.490909099578857,1,1,0.489130437374115,0.489130437374115,1,1,1.03999996185303,2019,10,379.6,379.6,394.783985519409,0,181.223052978516,2019-10-01,171.223876953125,190.230819702148,216.8798828125
6348,,,,Brazil,-3.3372,-67.4889,65,1994-01-01,2023-12-31,Amazonas,,,,0.490909099578857,0.490909099578857,1,1,0.489130437374115,0.489130437374115,1,1,1.03999996185303,2019,11,409.8,409.8,426.191984367371,0,191.609786987305,2019-11-01,162.377807617188,211.717254638672,165.784637451172
6348,,,,Brazil,-3.3372,-67.4889,65,1994-01-01,2023-12-31,Amazonas,,,,0.490909099578857,0.490909099578857,1,1,0.489130437374115,0.489130437374115,1,1,1.03999996185303,2019,12,296.4,296.4,308.255988693237,0,298.380584716797,2019-12-01,263.40185546875,314.573669433594,276.678863525391
6348,,,,Brazil,-3.3372,-67.4889,65,1994-01-01,2023-12-31,Amazonas,,,,0.490909099578857,0.490909099578857,1,1,0.489130437374115,0.489130437374115,1,1,1.02999997138977,2020,01,290.2,290.2,298.905991697311,0,218.310974121094,2020-01-01,181.309432983398,218.705123901367,235.053344726563
6348,,,,Brazil,-3.3372,-67.4889,65,1994-01-01,2023-12-31,Amazonas,,,,0.490909099578857,0.490909099578857,1,1,0.489130437374115,0.489130437374115,1,1,1.03999996185303,2020,02,245.1,245.1,254.903990650177,0,210.648452758789,2020-02-01,157.996948242188,221.691009521484,159.084594726563
6348,,,,Brazil,-3.3372,-67.4889,65,1994-01-01,2023-12-31,Amazonas,,,,0.490909099578857,0.490909099578857,1,1,0.489130437374115,0.489130437374115,1,1,1.03999996185303,2020,03,333.6,333.6,346.94398727417,0,323.488800048828,2020-03-01,238.571319580078,270.835815429688,261.614807128906
6348,,,,Brazil,-3.3372,-67.4889,65,1994-01-01,2023-12-31,Amazonas,,,,0.490909099578857,0.490909099578857,1,1,0.489130437374115,0.489130437374115,1,1,1.02999997138977,2020,04,335.1,335.1,345.152990412712,0,297.514099121094,2020-04-01,257.805786132813,176.162185668945,320.671691894531
6348,,,,Brazil,-3.3372,-67.4889,65,1994-01-01,2023-12-31,Amazonas,,,,0.490909099578857,0.490909099578857,1,1,0.489130437374115,0.489130437374115,1,1,1.02999997138977,2020,05,394.38,394.38,406.211388716698,0,277.607696533203,2020-05-01,253.449081420898,298.497528076172,410.688934326172
6348,,,,Brazil,-3.3372,-67.4889,65,1994-01-01,2023-12-31,Amazonas,,,,0.490909099578857,0.490909099578857,1,1,0.489130437374115,0.489130437374115,1,1,1.03999996185303,2020,06,205.3,205.3,213.511992168427,0,250.149810791016,2020-06-01,228.153930664063,159.14387512207,174.570159912109
6348,,,,Brazil,-3.3372,-67.4889,65,1994-01-01,2023-12-31,Amazonas,,,,0.490909099578857,0.490909099578857,1,1,0.489130437374115,0.489130437374115,1,1,1.04999995231628,2020,07,260.2,260.2,273.209987592697,0,181.586120605469,2020-07-01,205.362594604492,168.179138183594,196.474227905273
6348,,,,Brazil,-3.3372,-67.4889,65,1994-01-01,2023-12-31,Amazonas,,,,0.490909099578857,0.490909099578857,1,1,0.489130437374115,0.489130437374115,1,1,1.04999995231628,2020,08,156.6,156.6,164.42999253273,0,116.448738098145,2020-08-01,123.594055175781,119.983505249023,113.61678314209
6348,,,,Brazil,-3.3372,-67.4889,65,1994-01-01,2023-12-31,Amazonas,,,,0.490909099578857,0.490909099578857,1,1,0.489130437374115,0.489130437374115,1,1,1.03999996185303,2020,09,114.6,114.6,119.183995628357,0,162.577239990234,2020-09-01,146.714721679688,158.012603759766,142.337341308594
6348,,,,Brazil,-3.3372,-67.4889,65,1994-01-01,2023-12-31,Amazonas,,,,0.490909099578857,0.490909099578857,1,1,0.489130437374115,0.489130437374115,1,1,1.03999996185303,2020,10,237.3,237.3,246.791990947723,5,171.498352050781,2020-10-01,151.848434448242,217.324737548828,237.992218017578
6348,,,,Brazil,-3.3372,-67.4889,65,1994-01-01,2023-12-31,Amazonas,,,,0.490909099578857,0.490909099578857,1,1,0.489130437374115,0.489130437374115,1,1,1.03999996185303,2020,11,190.5,190.5,198.119992733002,0,243.372253417969,2020-11-01,215.376937866211,259.102325439453,240.189529418945
6348,,,,Brazil,-3.3372,-67.4889,65,1994-01-01,2023-12-31,Amazonas,,,,0.490909099578857,0.490909099578857,1,1,0.489130437374115,0.489130437374115,1,1,1.03999996185303,2020,12,226,226,235.039991378784,0,239.686416625977,2020-12-01,205.867980957031,176.445343017578,202.355133056641
6348,,,,Brazil,-3.3372,-67.4889,65,1994-01-01,2023-12-31,Amazonas,,,,0.490909099578857,0.490909099578857,1,1,0.489130437374115,0.489130437374115,1,1,1.02999997138977,2021,01,398.7,398.7,410.660988593102,0,291.482788085938,2021-01-01,272.002593994141,394.577728271484,364.366973876953
6348,,,,Brazil,-3.3372,-67.4889,65,1994-01-01,2023-12-31,Amazonas,,,,0.490909099578857,0.490909099578857,1,1,0.489130437374115,0.489130437374115,1,1,1.03999996185303,2021,02,399.8,399.8,415.79198474884,0,282.259643554688,2021-02-01,276.389282226563,274.450286865234,246.917129516602
6348,,,,Brazil,-3.3372,-67.4889,65,1994-01-01,2023-12-31,Amazonas,,,,0.490909099578857,0.490909099578857,1,1,0.489130437374115,0.489130437374115,1,1,1.03999996185303,2021,03,319.8,319.8,332.591987800598,0,331.428039550781,2021-03-01,248.887130737305,385.883239746094,312.604858398438
6348,,,,Brazil,-3.3372,-67.4889,65,1994-01-01,2023-12-31,Amazonas,,,,0.490909099578857,0.490909099578857,1,1,0.489130437374115,0.489130437374115,1,1,1.02999997138977,2021,04,199.1,199.1,205.072994303703,0,305.623352050781,2021-04-01,271.619689941406,369.390502929688,361.166442871094
6348,,,,Brazil,-3.3372,-67.4889,65,1994-01-01,2023-12-31,Amazonas,,,,0.490909099578857,0.490909099578857,1,1,0.489130437374115,0.489130437374115,1,1,1.02999997138977,2021,05,226.5,226.5,233.294993519783,0,277.671173095703,2021-05-01,230.930389404297,260.883758544922,254.843719482422
6348,,,,Brazil,-3.3372,-67.4889,65,1994-01-01,2023-12-31,Amazonas,,,,0.490909099578857,0.490909099578857,1,1,0.489130437374115,0.489130437374115,1,1,1.03999996185303,2021,06,229.6,229.6,238.783991241455,0,273.862579345703,2021-06-01,277.630798339844,274.136138916016,277.372344970703
6348,,,,Brazil,-3.3372,-67.4889,65,1994-01-01,2023-12-31,Amazonas,,,,0.490909099578857,0.490909099578857,1,1,0.489130437374115,0.489130437374115,1,1,1.04999995231628,2021,07,309.7,309.7,325.184985232353,3,164.204406738281,2021-07-01,176.501083374023,207.248580932617,216.256500244141
6348,,,,Brazil,-3.3372,-67.4889,65,1994-01-01,2023-12-31,Amazonas,,,,0.490909099578857,0.490909099578857,1,1,0.489130437374115,0.489130437374115,1,1,1.04999995231628,2021,08,154.5,154.5,162.224992632866,0,124.14981842041,2021-08-01,131.239440917969,107.774452209473,90.6221771240234
6348,,,,Brazil,-3.3372,-67.4889,65,1994-01-01,2023-12-31,Amazonas,,,,0.490909099578857,0.490909099578857,1,1,0.489130437374115,0.489130437374115,1,1,1.03999996185303,2021,09,168.2,168.2,174.927993583679,0,172.313049316406,2021-09-01,153.396133422852,169.095306396484,172.855834960938
6348,,,,Brazil,-3.3372,-67.4889,65,1994-01-01,2023-12-31,Amazonas,,,,0.490909099578857,0.490909099578857,1,1,0.489130437374115,0.489130437374115,1,1,1.03999996185303,2021,10,185.3,185.3,192.711992931366,0,168.281860351563,2021-10-01,160.367614746094,191.273193359375,171.746643066406
6348,,,,Brazil,-3.3372,-67.4889,65,1994-01-01,2023-12-31,Amazonas,,,,0.490909099578857,0.490909099578857,1,1,0.489130437374115,0.489130437374115,1,1,1.03999996185303,2021,11,340.8,340.8,354.431986999512,0,224.338531494141,2021-11-01,195.620346069336,274.772338867188,225.909896850586
6348,,,,Brazil,-3.3372,-67.4889,65,1994-01-01,2023-12-31,Amazonas,,,,0.490909099578857,0.490909099578857,1,1,0.489130437374115,0.489130437374115,1,1,1.03999996185303,2021,12,405.6,405.6,421.823984527588,0,330.298461914063,2021-12-01,310.748992919922,371.250244140625,307.503570556641
6348,,,,Brazil,-3.3372,-67.4889,65,1994-01-01,2023-12-31,Amazonas,,,,0.490909099578857,0.490909099578857,1,1,0.489130437374115,0.489130437374115,1,1,1.02999997138977,2022,01,223.5,223.5,230.204993605614,0,249.886306762695,2022-01-01,227.019226074219,252.125061035156,245.16259765625
6348,,,,Brazil,-3.3372,-67.4889,65,1994-01-01,2023-12-31,Amazonas,,,,0.490909099578857,0.490909099578857,1,1,0.489130437374115,0.489130437374115,1,1,1.03999996185303,2022,02,184.4,184.4,191.775992965698,7,275.864532470703,2022-02-01,254.829299926758,303.263824462891,263.174377441406
6348,,,,Brazil,-3.3372,-67.4889,65,1994-01-01,2023-12-31,Amazonas,,,,0.490909099578857,0.490909099578857,1,1,0.489130437374115,0.489130437374115,1,1,1.03999996185303,2022,03,723.7,723.7,752.647972393036,0,326.919769287109,2022-03-01,240.674194335938,304.225128173828,267.057434082031
6348,,,,Brazil,-3.3372,-67.4889,65,1994-01-01,2023-12-31,Amazonas,,,,0.490909099578857,0.490909099578857,1,1,0.489130437374115,0.489130437374115,1,1,1.02999997138977,2022,04,503.5,503.5,518.60498559475,0,243.547912597656,2022-04-01,196.255798339844,256.629577636719,196.254821777344
6348,,,,Brazil,-3.3372,-67.4889,65,1994-01-01,2023-12-31,Amazonas,,,,0.490909099578857,0.490909099578857,1,1,0.489130437374115,0.489130437374115,1,1,1.02999997138977,2022,05,282.2,282.2,290.665991926193,0,331.646820068359,2022-05-01,309.861450195313,387.641693115234,329.444030761719
6348,,,,Brazil,-3.3372,-67.4889,65,1994-01-01,2023-12-31,Amazonas,,,,0.490909099578857,0.490909099578857,1,1,0.489130437374115,0.489130437374115,1,1,1.03999996185303,2022,06,129.2,129.2,134.367995071411,0,186.708038330078,2022-06-01,137.517044067383,184.554626464844,141.055511474609
6348,,,,Brazil,-3.3372,-67.4889,65,1994-01-01,2023-12-31,Amazonas,,,,0.490909099578857,0.490909099578857,1,1,0.489130437374115,0.489130437374115,1,1,1.04999995231628,2022,07,497.4,497.4,522.26997628212,0,201.025146484375,2022-07-01,228.751220703125,237.028381347656,239.043823242188
6348,,,,Brazil,-3.3372,-67.4889,65,1994-01-01,2023-12-31,Amazonas,,,,0.490909099578857,0.490909099578857,1,1,0.489130437374115,0.489130437374115,1,1,1.04999995231628,2022,08,186.6,186.6,195.929991102219,0,120.524154663086,2022-08-01,137.844711303711,87.3893966674805,120.988182067871
6348,,,,Brazil,-3.3372,-67.4889,65,1994-01-01,2023-12-31,Amazonas,,,,0.490909099578857,0.490909099578857,1,1,0.489130437374115,0.489130437374115,1,1,1.03999996185303,2022,09,117.3,117.3,121.99199552536,0,162.967498779297,2022-09-01,144.50634765625,108.779235839844,110.411033630371
6348,,,,Brazil,-3.3372,-67.4889,65,1994-01-01,2023-12-31,Amazonas,,,,0.490909099578857,0.490909099578857,1,1,0.489130437374115,0.489130437374115,1,1,1.03999996185303,2022,10,166.1,166.1,172.743993663788,0,184.638793945313,2022-10-01,177.176727294922,170.413665771484,138.983963012695
6348,,,,Brazil,-3.3372,-67.4889,65,1994-01-01,2023-12-31,Amazonas,,,,0.490909099578857,0.490909099578857,1,1,0.489130437374115,0.489130437374115,1,1,1.03999996185303,2022,11,604.4,604.4,628.57597694397,0,179.295837402344,2022-11-01,153.125671386719,224.663955688477,160.064971923828
6348,,,,Brazil,-3.3372,-67.4889,65,1994-01-01,2023-12-31,Amazonas,,,,0.490909099578857,0.490909099578857,1,1,0.489130437374115,0.489130437374115,1,1,1.03999996185303,2022,12,300.3,300.3,312.311988544464,0,205.31120300293,2022-12-01,171.218688964844,220.767028808594,180.687683105469
6348,,,,Brazil,-3.3372,-67.4889,65,1994-01-01,2023-12-31,Amazonas,,,,0.490909099578857,0.490909099578857,1,1,0.489130437374115,0.489130437374115,1,1,1.02999997138977,2023,01,369.9,369.9,380.996989417076,0,259.992218017578,2023-01-01,249.027923583984,325.055328369141,282.481628417969
6348,,,,Brazil,-3.3372,-67.4889,65,1994-01-01,2023-12-31,Amazonas,,,,0.490909099578857,0.490909099578857,1,1,0.489130437374115,0.489130437374115,1,1,1.03999996185303,2023,02,503.7,503.7,523.84798078537,0,244.343688964844,2023-02-01,203.892425537109,369.94580078125,256.203491210938
6348,,,,Brazil,-3.3372,-67.4889,65,1994-01-01,2023-12-31,Amazonas,,,,0.490909099578857,0.490909099578857,1,1,0.489130437374115,0.489130437374115,1,1,1.03999996185303,2023,03,616,616,640.639976501465,3,314.421478271484,2023-03-01,237.883560180664,337.494384765625,240.433654785156
6348,,,,Brazil,-3.3372,-67.4889,65,1994-01-01,2023-12-31,Amazonas,,,,0.490909099578857,0.490909099578857,1,1,0.489130437374115,0.489130437374115,1,1,1.02999997138977,2023,04,520.8,520.8,536.423985099793,0,310.980102539063,2023-04-01,274.358978271484,303.897674560547,269.081237792969
6348,,,,Brazil,-3.3372,-67.4889,65,1994-01-01,2023-12-31,Amazonas,,,,0.490909099578857,0.490909099578857,1,1,0.489130437374115,0.489130437374115,1,1,1.02999997138977,2023,05,584.2,584.2,601.725983285904,1,314.823944091797,2023-05-01,278.288391113281,313.746490478516,281.610992431641
6348,,,,Brazil,-3.3372,-67.4889,65,1994-01-01,2023-12-31,Amazonas,,,,0.490909099578857,0.490909099578857,1,1,0.489130437374115,0.489130437374115,1,1,1.03999996185303,2023,06,374.5,374.5,389.479985713959,0,243.596542358398,2023-06-01,228.389770507813,206.751876831055,249.918182373047
6348,,,,Brazil,-3.3372,-67.4889,65,1994-01-01,2023-12-31,Amazonas,,,,0.490909099578857,0.490909099578857,1,1,0.489130437374115,0.489130437374115,1,1,1.04999995231628,2023,07,189.4,189.4,198.869990968704,0,105.588279724121,2023-07-01,85.572509765625,96.606315612793,82.6364135742188
6348,,,,Brazil,-3.3372,-67.4889,65,1994-01-01,2023-12-31,Amazonas,,,,0.490909099578857,0.490909099578857,1,1,0.489130437374115,0.489130437374115,1,1,1.04999995231628,2023,08,115.2,115.2,120.959994506836,0,95.5797805786133,2023-08-01,95.8132400512695,71.5081634521484,104.962501525879
6348,,,,Brazil,-3.3372,-67.4889,65,1994-01-01,2023-12-31,Amazonas,,,,0.490909099578857,0.490909099578857,1,1,0.489130437374115,0.489130437374115,1,1,1.03999996185303,2023,09,31.8,31.8,33.0719987869263,0,124.630393981934,2023-09-01,94.710075378418,115.791320800781,99.2672271728516
6348,,,,Brazil,-3.3372,-67.4889,65,1994-01-01,2023-12-31,Amazonas,,,,0.490909099578857,0.490909099578857,1,1,0.489130437374115,0.489130437374115,1,1,1.03999996185303,2023,10,40.5,40.5,42.1199984550476,0,146.67936706543,2023-10-01,132.700607299805,137.394134521484,162.209808349609
6348,,,,Brazil,-3.3372,-67.4889,65,1994-01-01,2023-12-31,Amazonas,,,,0.490909099578857,0.490909099578857,1,1,0.489130437374115,0.489130437374115,1,1,1.03999996185303,2023,11,69,69,71.7599973678589,1,200.085754394531,2023-11-01,175.515899658203,219.689346313477,199.109634399414
6348,,,,Brazil,-3.3372,-67.4889,65,1994-01-01,2023-12-31,Amazonas,,,,0.490909099578857,0.490909099578857,1,1,0.489130437374115,0.489130437374115,1,1,1.03999996185303,2023,12,0,0,0,31,286.699676513672,2023-12-01,262.759674072266,365.759613037109,299.357849121094
